Tweet_ID,Sentiment_Label,Probability_pos
1329016500104142850,neutral,0.5892769733835495
1329016500120932355,negative,0.21286674465784702
1329016500133322755,negative,0.003122183625983157
1329016500670386176,negative,0.13808102696241528
1329016502314356736,negative,2.6527865416585608e-05
1329016503295946752,negative,0.010252925471313512
1329016505405759489,negative,2.4796976887912747e-06
1329016506567581696,negative,0.004508848818615867
1329016506630475776,negative,0.025500518992095916
1329016507360272384,neutral,0.5734576952979002
1329016510447280132,negative,1.966620014920963e-06
1329016511084843009,negative,7.909824734061349e-05
1329016511323910147,negative,0.0009872014330903
1329016513060343808,positive,0.7875191906046681
1329016513442025472,negative,1.4546292380122821e-05
1329016514629021697,positive,0.9646962455319017
1329016519234379778,negative,0.09038159571325613
1329016527832674305,negative,0.05514270382517322
1329016530189869064,neutral,0.6565886840407221
1329016533692116992,negative,1.2525308429308513e-08
1329016533956354048,negative,0.00652037104652512
1329016535743127553,negative,0.010320231446011024
1329016538460983298,negative,0.010320231446011024
1329016538771427328,negative,0.011926713455497813
1329016541048934400,negative,0.05749856600611423
1329016546266583041,negative,0.19876309578738297
1329016549932494851,negative,0.09038159571325613
1329016551043960832,neutral,0.4407197698842524
1329016552419680257,neutral,0.49789225920557484
1329016555917742081,negative,0.19621894418769167
1329016562343440384,negative,0.07017558431313203
1329016563538796545,negative,0.0005101745491126073
1329016564184657926,negative,0.04504307700845281
1329016565145210881,negative,0.1790074514940184
1329016566336327681,negative,0.24894669799628028
1329016567066222592,negative,3.47656828010805e-07
1329016568827834371,negative,0.0005187448922363349
1329016571914821632,negative,0.03781182808733874
1329016576012587010,negative,0.029094994177504198
1329016578420187136,negative,1.0019499177741165e-05
1329016585416286213,positive,0.7927861677482436
1329016592143880193,negative,0.0069933784849547835
1329016592726953984,negative,0.2577487476177158
1329016593716744194,neutral,0.5604565637934189
1329016597172924416,negative,0.003429991440277144
1329016597319704577,neutral,0.48231660337452886
1329016598758379520,negative,0.01555625833303413
1329016608946335746,positive,0.9932656182683107
1329016611861360641,negative,0.013410892155409066
1329016612658290688,negative,0.0003188869373675407
1329016612976988163,negative,0.000524208876221444
1329016619562110981,negative,0.00011857714900623938
1329016620124151808,negative,0.0796673260211509
1329016620157636609,negative,3.203800066998357e-05
1329016620275150848,negative,2.543021280272533e-08
1329016625694187520,negative,0.039192950852056915
1329016626457489410,negative,0.04326749920868208
1329016627048960004,neutral,0.4737554465528978
1329016627636137988,negative,0.00010698180352816951
1329016629817204737,neutral,0.4998893536432852
1329016629938810882,negative,9.142833546086646e-07
1329016630622425089,negative,0.017730905526551738
1329016630932860928,negative,0.04543880072666801
1329016633227169795,negative,1.2525308429308513e-08
1329016634980364294,negative,0.003976004591580608
1329016634988695552,negative,0.01897175086643638
1329016636225974285,neutral,0.402439665913452
1329016636825690112,neutral,0.47270093215051223
1329016637828325384,neutral,0.49789225920557484
1329016638159503360,negative,0.04988103493623848
1329016638222573569,negative,0.10037207444825176
1329016638692347905,negative,0.001697616967315045
1329016639602323458,neutral,0.47270093215051223
1329016640193835009,negative,0.2972261972844737
1329016640898363392,neutral,0.47270093215051223
1329016640898441217,neutral,0.47270093215051223
1329016641062047745,positive,0.9633894245446962
1329016641112449024,negative,0.07050800303720076
1329016643083776001,negative,0.001632769954016806
1329016643092090880,negative,0.09849089545692341
1329016645143068677,negative,0.050380553525019654
1329016645818474498,negative,7.846475487118122e-05
1329016647181623297,negative,0.0006075593849125953
1329016649807241216,negative,0.01332480379315507
1329016650146992128,negative,0.01398358122204414
1329016650230853634,negative,7.68105336294347e-05
1329016650482507778,negative,0.011320675846250447
1329016662079791104,positive,0.9998855691162638
1329016664344719362,negative,0.055822319448470395
1329016666311766017,negative,0.0011302621827079169
1329016666718613504,neutral,0.5618584211719544
1329016668396417025,negative,7.093863287997096e-14
1329016668673216512,negative,0.03137874323388573
1329016668924862465,negative,0.0011302621827079169
1329016669084192768,negative,0.02036554036742403
1329016669860204546,negative,4.018740830091467e-06
1329016672074731520,negative,0.0013544917527474178
1329016674683654145,negative,0.004932083514486586
1329016674952032257,negative,0.0011302621827079169
1329016675958714370,positive,0.7283308392342107
1329016678236237825,negative,0.07843087210660596
1329016685576204289,negative,0.20439966089722336
1329016690814939137,negative,0.010676345976978757
1329016691020476417,negative,0.07652993311053802
1329016691284713473,negative,4.400952937331378e-06
1329016691334983682,negative,0.22220324005576558
1329016692278702081,negative,8.666230785272969e-06
1329016695198019586,negative,0.0005101745491126073
1329016696875737088,neutral,0.5869567557510148
1329016698360442880,negative,0.28713055932472054
1329016700881276939,neutral,0.6337166907802338
1329016704526143490,neutral,0.49789225920557484
1329016706140954627,neutral,0.5533970533999424
1329016706153451520,positive,0.9932656182683107
1329016719722082305,negative,0.23547448214396235
1329016724457447428,positive,0.6612447498636594
1329016728106385412,negative,0.17443104084828098
1329016733877858304,positive,0.6890963448775574
1329016735559806976,negative,0.03137874323388573
1329016735618510850,negative,0.12287993661155802
1329016738642530305,negative,0.0018705596513242974
1329016747836534784,positive,0.9989062205911815
1329016748239187971,negative,0.015534706856638372
1329016750353096704,negative,0.01332480379315507
1329016751619792896,negative,0.24934167586728687
1329016752131346432,neutral,0.4378380624601255
1329016759316324354,negative,0.006777982803275198
1329016763741331456,negative,0.014335261269308881
1329016767138697218,negative,0.11561076203883044
1329016767826567171,negative,0.0003188869373675407
1329016772138242052,negative,0.09031254508943559
1329016773988012032,negative,0.0021657676073156746
1329016777494368258,negative,0.05519790868822098
1329016780652765184,negative,4.162974183027354e-05
1329016780791160832,negative,0.011563438058029937
1329016782829580289,negative,0.0017844350787494386
1329016784486338560,negative,4.852190881483485e-05
1329016791331385345,negative,0.024926882573320725
1329016798264614912,negative,0.0017844350787494386
1329016807173263362,positive,0.7130269419689166
1329016810528796672,negative,1.6043469044710388e-09
1329016811061456897,negative,0.006066169476471253
1329016814001676288,negative,0.0010702641168821656
1329016814567907329,negative,6.7286011385579355e-06
1329016816530763778,neutral,0.49789225920557484
1329016816983797761,negative,0.0033135509059011
1329016823715491841,negative,0.021448147201582588
1329016824151859200,negative,0.10257797504384468
1329016828086153216,negative,0.007037373806095824
1329016829201838086,negative,0.17206328267580015
1329016829277253634,negative,0.0018705596513242974
1329016829776367617,neutral,0.4496294498258171
1329016831017889793,negative,0.28713055932472054
1329016832074932224,negative,0.0010552832578876548
1329016834650218496,negative,4.1455616188208447e-07
1329016835484884992,positive,0.7523146746986145
1329016837506560003,negative,2.691796715259011e-07
1329016838634803202,positive,0.6791075244828367
1329016838827765765,negative,0.055822319448470395
1329016839167467520,positive,0.7105047480073482
1329016840526438401,negative,9.797067453705367e-05
1329016840878755840,negative,5.437163324733842e-07
1329016841411366912,negative,0.0011302621827079169
1329016844628451334,neutral,0.46127768308170247
1329016846507503626,negative,0.0007695484382718726
1329016849388990470,negative,0.17664456243371474
1329016849485475840,negative,0.17206328267580015
1329016851297300481,negative,0.09239239996174531
1329016855781052417,positive,0.8171341960417489
1329016856104099840,negative,0.019592285275944456
1329016856636690432,negative,0.00019044709812845315
1329016860029935617,neutral,0.49789225920557484
1329016860604592128,negative,4.622280235142688e-07
1329016861850218500,negative,0.06047798182785301
1329016862848454661,negative,0.12267736682181389
1329016862898872328,negative,0.01699442003720968
1329016863817396230,negative,0.17206328267580015
1329016869123141639,negative,1.7502922909163747e-05
1329016869169352705,negative,0.055822319448470395
1329016869853016064,neutral,0.49789225920557484
1329016872034062337,negative,0.0055931400344550125
1329016872923238400,negative,0.11561076203883044
1329016873506254848,negative,1.5729508986813242e-05
1329016874315567105,neutral,0.49789225920557484
1329016875578224642,negative,0.21336248031427016
1329016875829895176,negative,0.15297793932430379
1329016876354187264,neutral,0.5915975533471515
1329016877268525058,negative,0.0009522672437583836
1329016877906006018,negative,0.12267736682181389
1329016878375841814,negative,0.055822319448470395
1329016880988872707,positive,0.9439771941376915
1329016881861292034,negative,0.026584816354132807
1329016881898917888,neutral,0.49789225920557484
1329016882473656321,negative,7.257233560895218e-05
1329016883937497089,negative,0.0001978723516778656
1329016885350981632,negative,5.074958210683781e-07
1329016901947846658,negative,0.010320231446011024
1329016907291389954,negative,0.028652951496670704
1329016909103239169,negative,5.094667742371904e-05
1329016911267557376,negative,0.0334972344916082
1329016917693227008,negative,9.384811818546071e-05
1329016928292188160,negative,0.001697616967315045
1329016929944809472,negative,0.08125665289382872
1329016937029005312,negative,0.10167834319142321
1329016937569980417,neutral,0.5431265971725598
1329016940271120385,negative,0.001480931646548985
1329016946621296640,negative,0.0003006143293246886
1329016949729357825,negative,4.602840340540703e-09
1329016957014773760,negative,0.2585119045585261
1329016960743518212,neutral,0.49690642035613997
1329016965038542849,negative,0.12893440227492764
1329016966691123204,negative,0.031097201845351925
1329016970503712770,negative,0.1263606098581595
1329016977642418178,negative,0.014810622060026207
1329016980163137538,negative,0.011173857376705893
1329016980255469571,negative,0.07880717830953589
1329016986907586560,negative,0.07385462022947695
1329016998710284288,negative,0.0011302621827079169
1329016999738019840,negative,0.00011093827094173912
1329017001969332224,negative,0.0014004747296738867
1329017002632089607,negative,0.0011302621827079169
1329017003156369408,negative,0.21659070216520487
1329017004020297728,negative,0.04999217068726566
1329017009108094976,negative,0.21336248031427016
1329017010706145283,negative,0.00012416766634782613
1329017011381407744,negative,0.034781957510072486
1329017012975235072,negative,0.03486937155079833
1329017013893820419,negative,1.4132480690855884e-07
1329017013981773824,negative,0.09129947208529979
1329017015470845955,negative,0.0002345059546130958
1329017016179699712,negative,1.8663476414018242e-05
1329017018109014017,negative,0.004817375964375153
1329017019912609793,negative,0.0066230762157464765
1329017020009082886,negative,0.17206328267580015
1329017021267369984,negative,5.238453124108389e-11
1329017023716847620,negative,0.025905799984286368
1329017023842709504,neutral,0.4496294498258171
1329017025440649217,negative,1.722463137639689e-05
1329017028351586313,positive,0.6646393315409048
1329017035255320578,negative,0.090548151889487
1329017040968019969,positive,0.7105047480073482
1329017041567830018,negative,0.043875082704029164
1329017044856147968,neutral,0.3334685009297062
1329017044931653633,positive,0.7308903147544372
1329017045590159360,negative,0.12660087392396852
1329017046038966272,neutral,0.43670932905914556
1329017049176305665,neutral,0.49789225920557484
1329017049876664320,negative,0.22104343274064955
1329017050543558656,negative,0.001697616967315045
1329017051701260290,neutral,0.5046127946113611
1329017051936030721,negative,8.681410857355953e-09
1329017052674273286,negative,0.15297793932430379
1329017057506111488,negative,0.00590469503503764
1329017057594265600,negative,0.001697616967315045
1329017061683703809,positive,0.7105047480073482
1329017061746634752,positive,0.6962902167698924
1329017062790995968,negative,0.09324580415508611
1329017067123695617,negative,0.001632769954016806
1329017068302307329,negative,0.14451748646911744
1329017068486799361,negative,0.06020140840588272
1329017069103353856,negative,0.015438866360663377
1329017072685297665,negative,0.000524208876221444
1329017081724100608,negative,0.004502366712016334
1329017098304155654,negative,0.0002048559585343548
1329017101051437057,negative,4.79676149213267e-05
1329017103907651586,negative,0.00017753367665771403
1329017107271573505,negative,1.777929123880382e-06
1329017125403553792,negative,0.21336248031427016
1329017127089664001,negative,4.1595704576049243e-10
1329017131430711298,neutral,0.5948266839517855
1329017132814905345,negative,0.0022910513235489555
1329017133322342400,negative,0.0003188869373675407
1329017140482101253,negative,0.016907149865502465
1329017144118554624,negative,0.00013510979515973204
1329017150888140801,negative,0.059371854367166486
1329017158630842369,negative,0.0077577110339112805
1329017158639243265,negative,0.30524380005396273
1329017160417615872,negative,3.083324275673971e-07
1329017162133082113,negative,0.28713055932472054
1329017164632903681,positive,0.6890963448775574
1329017167937986562,negative,0.1153287992458921
1329017178100801536,positive,0.7492640488558922
1329017186065723393,negative,5.435406113670629e-10
1329017186581688321,negative,0.0354178104786727
1329017187785445377,negative,0.0005262588417699259
1329017190197190658,negative,3.717165392413998e-07
1329017193435181057,negative,1.0254176608335802e-05
1329017194110447616,negative,0.21336248031427016
1329017194580209669,negative,1.7666247368261886e-06
1329017195855220737,negative,2.4989564495489036e-05
1329017196727689225,negative,0.3214059990009577
1329017198682247168,positive,0.9999065156565229
1329017199298752513,neutral,0.3341375882806857
1329017199835623424,negative,0.0011302621827079169
1329017201416876034,neutral,0.40506534230917196
1329017204831113216,negative,0.0024914816287953693
1329017205149884416,neutral,0.5734576952979002
1329017206445907968,negative,0.014335261269308881
1329017208538886146,negative,0.08399416828928222
1329017210434707456,negative,0.0003188869373675407
1329017210946392064,neutral,0.4739607432362514
1329017211781083143,negative,0.0011302621827079169
1329017211814547456,positive,0.6646393315409048
1329017212934500353,negative,0.00030298016043396825
1329017212946980865,neutral,0.5427864876356633
1329017213190332418,negative,0.15644911168231368
1329017213211332608,negative,0.1373270595307553
1329017213760774145,negative,0.045137798430415405
1329017220765282305,positive,0.9883770503432491
1329017223722266625,negative,0.08992701696314397
1329017224208805888,negative,0.04326749920868208
1329017228600160258,positive,0.7298785237369736
1329017229183168512,negative,0.04326749920868208
1329017229720039426,negative,0.0017913726655155154
1329017230714163201,negative,0.0032475589225892765
1329017230743511040,positive,0.7298785237369736
1329017231410405378,negative,0.051808576745814336
1329017231762747392,negative,0.09038159571325613
1329017232240889858,positive,0.7298785237369736
1329017232471584771,negative,0.006562803751568687
1329017233155248129,positive,0.7298785237369736
1329017233293586438,neutral,0.3341375882806857
1329017234858143744,neutral,0.3981203052089851
1329017236091232261,negative,0.0011302621827079169
1329017236787433474,negative,0.0002191151687994146
1329017238326812672,negative,1.81046555685836e-07
1329017239291326464,positive,0.9000495747392039
1329017239698337793,neutral,0.3341375882806857
1329017241912942594,negative,0.18902284520182255
1329017243452272643,negative,6.214169336903135e-05
1329017247701078018,neutral,0.4898631585877994
1329017249101975553,neutral,0.4496294498258171
1329017249366208513,negative,0.043875082704029164
1329017249508810752,negative,0.27275611653668347
1329017250259546112,negative,1.8879908367634214e-05
1329017251815714820,negative,0.0003347740837345229
1329017251916345346,negative,1.9340425344245754e-05
1329017252058865664,negative,0.003924809744346715
1329017252478324736,positive,0.9983179794603851
1329017255598944258,negative,0.02036554036742403
1329017255812861959,negative,0.0954913487914579
1329017257071177728,negative,2.625357528334248e-15
1329017274540429312,neutral,0.49789225920557484
1329017275001810944,positive,0.7158024582056154
1329017281855303683,neutral,0.3917157760839249
1329017283902107651,negative,0.08751668499048246
1329017284254457857,positive,0.9801834106844258
1329017288973033474,negative,0.019757183904221418
1329017289186881537,negative,0.19815210764665753
1329017290587856898,neutral,0.4725355806949471
1329017293997793286,negative,0.0013310002038686877
1329017295797161986,negative,0.09031254508943559
1329017301212012556,neutral,0.49789225920557484
1329017310477242369,negative,0.0003188869373675407
1329017315934031874,neutral,0.4739607432362514
1329017319729876992,negative,0.011320675846250447
1329017326524641280,positive,0.7986293596859662
1329017330412695552,negative,4.852190881483485e-05
1329017341301174272,negative,0.20177052097649742
1329017341372473344,negative,0.16040992440200252
1329017344484646912,neutral,0.5315025225330297
1329017370975764480,negative,0.22104343274064955
1329017372531957761,positive,0.9971586386629508
1329017374025146370,neutral,0.410309816000581
1329017379263811584,negative,0.10257797504384468
1329017383298674694,neutral,0.5136446707795853
1329017386456985607,negative,8.666230785272969e-06
1329017387786625024,negative,0.00528782087425458
1329017394254270469,negative,0.055822319448470395
1329017395369947137,negative,0.02776575429183825
1329017397731274755,neutral,0.5135603542193533
1329017398461157376,negative,0.1651295858704051
1329017398800904192,negative,0.0009098419252843981
1329017398981222400,negative,0.007037373806095824
1329017402403811331,negative,0.055822319448470395
1329017405599838209,negative,0.005394229864455466
1329017408435216385,neutral,0.5734576952979002
1329017409051701248,negative,0.1583725611993583
1329017409139773440,negative,0.0004132433819036874
1329017410662313986,negative,1.205318847346486e-05
1329017410674941953,positive,0.9971586386629508
1329017411694190592,negative,6.29185244837713e-10
1329017411727724546,negative,0.0034431862438151183
1329017411966824449,negative,0.055822319448470395
1329017412310667264,neutral,0.49789225920557484
1329017412663062534,negative,0.0003285216184311525
1329017412906315778,negative,0.09746664798451772
1329017413711638529,negative,0.020015749962352305
1329017415297011713,negative,0.0011302621827079169
1329017417285169155,neutral,0.5734576952979002
1329017418077921280,negative,0.17206328267580015
1329017418354667522,positive,0.9971586386629508
1329017421487751170,negative,0.061508013983997765
1329017423337492480,negative,0.0027506158299476923
1329017424822349830,neutral,0.38966083377267685
1329017426411982856,negative,0.10257797504384468
1329017426814656517,negative,1.1836771679098248e-07
1329017428945285121,neutral,0.6448757593810837
1329017430350426120,negative,0.013337852284307403
1329017432518832129,negative,0.11526384599213464
1329017435916283909,negative,0.0029108674544030613
1329017438424477696,neutral,0.49789225920557484
1329017438462210048,negative,0.0018522805333611328
1329017441230479362,neutral,0.3341375882806857
1329017441729572867,negative,0.0011302621827079169
1329017442224529409,neutral,0.3892443721642639
1329017442794921987,negative,0.00021473624501733258
1329017453058416640,negative,6.430872817396539e-09
1329017453465231360,negative,0.011294106698988665
1329017461442826240,neutral,0.49789225920557484
1329017463938363393,positive,0.791071254922107
1329017464773103616,negative,0.12439529981347604
1329017466002018308,neutral,0.49789225920557484
1329017467809705986,negative,0.15074940908134762
1329017468359041024,neutral,0.49789225920557484
1329017470326366209,negative,4.162974183027354e-05
1329017475619549187,neutral,0.49789225920557484
1329017480359137281,negative,5.7024723325882834e-05
1329017482116538368,negative,0.01332480379315507
1329017487149715456,neutral,0.5505550505941735
1329017487657209856,negative,2.1628962660403615e-05
1329017489112576001,negative,0.019283283662314483
1329017489431388161,negative,0.0031625750806430555
1329017491201331203,positive,0.7286044470234366
1329017498512011267,negative,8.538193870326439e-05
1329017500269473792,negative,0.000524208876221444
1329017507651481600,negative,4.112052664013484e-05
1329017515385753600,neutral,0.332845910434192
1329017519798161409,negative,0.0069933784849547835
1329017519881990148,negative,2.5729168927829923e-05
1329017523753377798,negative,0.12459472777735704
1329017528912326656,negative,0.08301289864159057
1329017530250383366,negative,8.666230785272969e-06
1329017531730890752,neutral,0.49789225920557484
1329017540912230400,negative,0.004784109059703564
1329017548311031811,negative,8.464699566307961e-08
1329017551481868294,negative,1.0019499177741165e-05
1329017551892996098,negative,0.10089303142099276
1329017555592175616,negative,0.3230744654010312
1329017557165236227,negative,0.028652951496670704
1329017559027429378,positive,0.8382006648331833
1329017562328395776,negative,0.0011302621827079169
1329017563431522305,positive,0.707749064991494
1329017566749188099,negative,0.0002299745921781756
1329017567659388928,negative,0.012326887641325975
1329017568787640321,neutral,0.5088157607474225
1329017569110585344,negative,0.013723612441837807
1329017569261576193,neutral,0.4496294498258171
1329017570532487171,negative,1.5220132829238755e-05
1329017571274788865,negative,0.05289047534282518
1329017572373762048,positive,0.791071254922107
1329017573007122433,negative,4.852190881483485e-05
1329017574701617154,negative,0.03544366758856652
1329017576136040448,negative,0.2747130122637435
1329017578828800001,positive,0.6890963448775574
1329017580158332929,negative,0.0050462134605475575
1329017580628156416,neutral,0.5159843875630918
1329017580829495298,negative,5.015075766541868e-09
1329017582402330626,neutral,0.4507454498615163
1329017587624275969,negative,0.08278592923710822
1329017589264228352,negative,0.21791325868914926
1329017590728056832,negative,6.744223092228825e-07
1329017590904197121,negative,0.03198117681915195
1329017593861169158,negative,0.00022765872650344653
1329017593898872832,negative,0.0018610829919744815
1329017595480182784,neutral,0.3312027063160738
1329017595773718533,negative,8.729224537935129e-07
1329017596180574208,negative,3.07869005468007e-05
1329017597082427393,negative,0.2749772029125344
1329017598583967745,negative,0.0005165053183273804
1329017598877556736,negative,0.0011302621827079169
1329017599540277256,neutral,0.3917157760839249
1329017605529751554,negative,0.04326749920868208
1329017606649622528,negative,0.0069972898761330215
1329017608570630149,negative,0.000524208876221444
1329017610558713858,negative,0.028346702116044818
1329017611452026880,negative,0.0015948549029753019
1329017612949483520,neutral,0.4998883280779116
1329017615289905153,negative,1.7029631649081368e-07
1329017616460034048,positive,0.8346956284331795
1329017617680633857,negative,0.023886344326144535
1329017618716561408,negative,0.04776766894794969
1329017618951507968,negative,0.07808006269797102
1329017624014024704,negative,0.025871594747366097
1329017629646917633,negative,0.2049587965862609
1329017632469770241,negative,0.0008645166252063794
1329017634877222913,negative,0.11666462563678402
1329017635724554240,negative,8.666230785272969e-06
1329017635871350784,neutral,0.4260192924905043
1329017637322584066,negative,0.000524208876221444
1329017637368700929,negative,0.0005998074783107941
1329017641839648769,negative,0.11301079900902951
1329017642959724544,negative,9.891861584963448e-07
1329017650996015106,negative,0.05831742047794827
1329017653294489602,negative,0.010348887603305703
1329017654171099136,negative,0.1124344171664815
1329017654359838720,negative,0.0020065118196404513
1329017658365382658,negative,0.30057538383059657
1329017661532082178,negative,0.15433795248310594
1329017667605438470,negative,0.03277988332947329
1329017668205244419,negative,0.11420579571135546
1329017669123706880,negative,0.004352079633183309
1329017669983629312,neutral,0.49789225920557484
1329017673922043905,positive,0.9988911298668044
1329017679294963718,neutral,0.46511884455441777
1329017679412400128,negative,0.09031254508943559
1329017689369620480,negative,0.0006424744188790752
1329017689638100992,positive,0.9311745598701997
1329017692523810817,negative,0.25581042421126
1329017697410166784,negative,4.813052781475241e-06
1329017708772552704,negative,8.666230785272969e-06
1329017712669036544,negative,0.04332298309415376
1329017716167028736,negative,0.024334544992128726
1329017719128281089,negative,0.15644911168231368
1329017722454335489,negative,0.19815210764665753
1329017723565826049,negative,0.0031124535170650516
1329017732365488128,positive,0.9633894245446962
1329017733128843265,negative,3.7837463864898453e-06
1329017738900205569,negative,0.0002966763440132889
1329017739873226760,negative,0.1314988218949776
1329017740686987264,negative,0.00040500169167648203
1329017743300046850,negative,0.09038159571325613
1329017745892126723,negative,0.09084457373129026
1329017749650206722,negative,0.23547448214396235
1329017752129036289,negative,3.867374144007696e-05
1329017753877942279,negative,0.12267736682181389
1329017754779852800,negative,0.3029968537174699
1329017755086032896,positive,0.9971586386629508
1329017757191581696,neutral,0.4739607432362514
1329017758152011777,negative,0.12267736682181389
1329017758651179009,negative,0.005477611834560084
1329017758898671617,negative,0.00022000388105648718
1329017759708090368,negative,0.04767194703893529
1329017760614141953,negative,6.022687344975331e-09
1329017761285222400,negative,0.002000882781974946
1329017767429857281,negative,0.00018693026943957815
1329017767736074243,negative,0.0004271454893771762
1329017768344219651,negative,0.12267736682181389
1329017769610928129,negative,0.0011302621827079169
1329017769883361281,negative,0.0413059571793839
1329017774979608576,negative,0.0991912467163872
1329017776627965952,negative,0.04569009204762342
1329017777903038465,negative,0.2183417230134034
1329017778351828993,negative,1.7029631649081368e-07
1329017780243410945,negative,5.304195676011283e-05
1329017781589848066,negative,0.046216965480105184
1329017784584577025,negative,0.2747130122637435
1329017785398292481,negative,0.06360299211259483
1329017785868029953,negative,0.000302818630415166
1329017789676462080,neutral,0.3434654519723641
1329017790192365569,positive,0.7105047480073482
1329017792293711872,negative,0.014905224878583772
1329017794848026624,negative,0.000588885321664699
1329017797809229825,negative,0.013472843493424244
1329017800376152065,neutral,0.5631832988152319
1329017800980041733,neutral,0.6206400632284983
1329017801537884167,negative,0.05082780960352204
1329017802141757441,neutral,0.3383241684906929
1329017804176183296,negative,8.083729027821438e-08
1329017805493178368,negative,2.1359467316011257e-06
1329017806742962176,negative,0.08150074989788458
1329017808206913537,neutral,0.5734576952979002
1329017808416600066,negative,0.01824918069814439
1329017809477701632,neutral,0.49789225920557484
1329017809888751617,negative,0.0595547375193365
1329017811910397955,negative,1.4791359800328994e-07
1329017812514430978,negative,1.3233665577488257e-07
1329017813185536003,negative,0.043875082704029164
1329017817828618240,neutral,0.49789225920557484
1329017818575155200,negative,0.017169347116236324
1329017818772287490,negative,0.004587399057981048
1329017823109279744,negative,0.2782862802343872
1329017823365132288,negative,0.024152014270810603
1329017833397886978,neutral,0.4744275996218315
1329017846219874304,negative,0.007724251542995736
1329017848438591491,negative,0.049378752667792354
1329017852716838913,negative,0.004514034772795969
1329017862288248833,negative,0.22885138781357048
1329017864741851139,negative,0.008495861981606626
1329017865169743879,negative,0.00025945546729758525
1329017867573096448,negative,0.15433795248310594
1329017868705476608,negative,0.0003188869373675407
1329017873482780673,negative,7.538804141492624e-13
1329017875030552578,negative,0.14076669102506617
1329017881233920000,neutral,0.4739607432362514
1329017882618040320,negative,0.01332480379315507
1329017884752928774,negative,0.0021634999908174465
1329017887059795971,negative,0.001897099683722776
1329017889056231430,negative,0.11420579571135546
1329017889505021954,positive,0.8146072804678602
1329017912481493002,negative,2.5729168927829923e-05
1329017915736281088,negative,0.21336248031427016
1329017927983632384,negative,0.01766577510969771
1329017929028005889,negative,2.6376094025301867e-06
1329017930911162369,neutral,0.4719022231590683
1329017940889513984,negative,8.666230785272969e-06
1329017941686358018,negative,0.0001352295430816664
1329017945054470149,negative,0.03222170776279657
1329017945515839490,neutral,0.5502044500598909
1329017946967076865,negative,0.04326749920868208
1329017947298344960,negative,0.055822319448470395
1329017947642343429,negative,0.11150500586713978
1329017949349425152,negative,0.055822319448470395
1329017949722734593,positive,0.9618297540592411
1329017954978189314,negative,0.0005108079808303325
1329017956416806912,negative,0.1124344171664815
1329017956442009602,negative,0.06394615576782285
1329017957515743233,negative,0.11588463136989545
1329017959688400896,negative,0.0012637968640685658
1329017963702267904,negative,4.018740830091467e-06
1329017964264296448,negative,0.14708558949184208
1329017964377616385,negative,0.0016592618797180742
1329017964604035073,negative,0.0011302621827079169
1329017971860271104,negative,0.00931802001970171
1329017973231800320,negative,0.00012323738881212684
1329017977698717696,negative,0.12347832492591164
1329017980102045697,positive,0.9971586386629508
1329017981985296384,negative,0.033540081072062904
1329017983277084672,negative,0.01386442111230112
1329017984443179008,negative,0.0003638861053569279
1329017986536132608,positive,0.7105047480073482
1329017987672793090,negative,0.026289309206874074
1329017989287583746,negative,1.2525308429308513e-08
1329017990537302017,neutral,0.5734576952979002
1329017992315871232,neutral,0.5734576952979002
1329017996082372610,negative,0.05009771151645483
1329017996212318208,negative,0.008093988567735862
1329017997848162304,negative,0.14926759721832134
1329017998351462401,negative,0.0008193880276838447
1329017998519234562,negative,0.055822319448470395
1329017999794315266,negative,0.3189879193612644
1329018000398299139,negative,2.007170890900838e-06
1329018000830296066,negative,0.09031254508943559
1329018001551732737,positive,0.8045427557361596
1329018002197647366,negative,0.0016879662836144789
1329018002545799168,positive,0.7105047480073482
1329018003296559104,negative,0.000896986098230011
1329018004898795521,negative,1.7029631649081368e-07
1329018005402103809,negative,0.0016761918061187083
1329018005653757952,neutral,0.3341375882806857
1329018006123532291,negative,0.005927812330393185
1329018007247597569,neutral,0.5384617032025428
1329018009097297920,positive,0.7523146746986145
1329018009290223617,negative,0.028686511366686502
1329018011269931008,neutral,0.46127768308170247
1329018011366400000,neutral,0.3850748772223694
1329018011932643328,negative,0.0018169335015694613
1329018012918296576,negative,0.03143391365677704
1329018013169938432,negative,0.19912929911479155
1329018013434191872,negative,0.00024719573024330443
1329018014684106752,negative,0.00223389334735467
1329018015975944192,negative,0.008244396462125783
1329018016147927041,negative,0.0011302621827079169
1329018016475082752,neutral,0.36612452177058324
1329018018068836358,negative,5.514996401589296e-08
1329018020711329793,negative,0.10257797504384468
1329018021768278016,neutral,0.49789225920557484
1329018021902479366,negative,0.0073533469049119025
1329018021923401729,negative,4.269928858046271e-05
1329018023089467393,negative,0.0029108674544030613
1329018023815077888,negative,0.0018522805333611328
1329018025031462914,negative,0.3167804849999129
1329018025551523840,neutral,0.6293765078840271
1329018025803132929,negative,0.24972141392818747
1329018026604322816,negative,0.2894362111955275
1329018027199913992,negative,0.028335143864173643
1329018030454616065,negative,0.024152014270810603
1329018031230611457,negative,6.341353010860498e-06
1329018038163738625,negative,2.3325545865015995e-06
1329018040445440000,negative,4.018740830091467e-06
1329018040768401408,negative,0.01332480379315507
1329018042278436867,negative,0.07102785961641014
1329018042752376839,negative,0.0011302621827079169
1329018043226333185,negative,8.666230785272969e-06
1329018044228673536,negative,0.08301289864159057
1329018047630372865,negative,0.09016725050128345
1329018048301371393,negative,0.12267736682181389
1329018049232515072,neutral,0.3815677653199425
1329018051157700608,negative,0.12267736682181389
1329018051925250050,negative,0.2303936702124761
1329018060888563712,negative,0.055822319448470395
1329018069004464128,positive,0.7003551943044267
1329018069209985025,negative,0.00042884952166574047
1329018069377830912,neutral,0.35509496682161057
1329018070418010113,negative,0.0030588670386538334
1329018070585774082,negative,0.026584816354132807
1329018070782914560,negative,0.0004985690694269852
1329018072141852672,negative,0.0029108674544030613
1329018072515096577,negative,0.12267736682181389
1329018072674529282,negative,4.871868881325207e-07
1329018073379123203,negative,0.10257797504384468
1329018073505017859,negative,4.627024487244687e-13
1329018073647640578,neutral,0.4153373325707398
1329018075136585728,negative,0.0026252555010841485
1329018075316891649,negative,0.006417972765643367
1329018078789832704,neutral,0.3939947314811011
1329018079737643008,negative,0.2577487476177158
1329018084032729090,negative,0.05398464141693471
1329018085521698817,neutral,0.49789225920557484
1329018085827899393,neutral,0.5734576952979002
1329018086821859328,negative,0.0021634999908174465
1329018090059935747,neutral,0.5093266689637628
1329018090332565504,negative,0.2498102803409578
1329018090429042689,negative,0.02794827898921285
1329018090433163264,negative,0.055822319448470395
1329018091779592192,negative,0.03198276520026447
1329018091951583232,negative,0.00834725668398676
1329018096837910530,positive,0.8339027941356867
1329018097576108035,negative,0.003550650922141997
1329018097735495683,negative,2.08595410532087e-05
1329018097769066496,negative,0.006241471568161417
1329018098578550784,negative,0.003889986603558408
1329018100365336577,negative,2.1182210943501736e-05
1329018100587565056,negative,0.10273148141214242
1329018101124526082,negative,0.0017688613198236457
1329018102479204352,negative,0.06147663948477311
1329018102579949569,negative,0.00042884952166574047
1329018103670431747,negative,0.007928199708923792
1329018103871651840,negative,0.004502366712016334
1329018104446324736,negative,3.3913008341782355e-06
1329018104660303873,negative,7.682377516589213e-10
1329018107801837569,negative,0.06961573221952988
1329018110960136192,negative,0.2961663662164089
1329018114625970177,negative,0.049116881680582695
1329018115330617345,negative,0.212786246320313
1329018117704605696,negative,0.035069242621304876
1329018118543327232,negative,0.1401209066054638
1329018119281659904,negative,0.18607214643377978
1329018120959385600,negative,0.01412723162674056
1329018122280476674,negative,0.19151105241715685
1329018123106873346,neutral,0.5734576952979002
1329018125136879617,negative,0.006700365177600699
1329018127728971778,negative,0.0002213477648631832
1329018127791878145,negative,0.030792618634657282
1329018128475549696,neutral,0.3341375882806857
1329018128534294532,negative,0.014810787656672717
1329018128781733888,negative,0.04326749920868208
1329018130622984197,negative,0.1579976536138733
1329018131902328832,negative,2.3325545865015995e-06
1329018133554880512,negative,0.0005220085274703758
1329018134045618176,negative,0.053087148932461414
1329018134418874375,negative,0.21336248031427016
1329018134603370497,neutral,0.5462740525908015
1329018134733467650,neutral,0.3673019152089307
1329018137006714880,negative,0.005647323783587595
1329018137233285120,negative,0.014964232620630973
1329018139720486912,negative,0.0011302621827079169
1329018141062672388,negative,0.0011302621827079169
1329018141138186242,negative,0.21336248031427016
1329018141700132865,neutral,0.3398307959813537
1329018142295732227,positive,0.7903036910621056
1329018142341869568,positive,0.9946891180195289
1329018142631354368,positive,0.9971586386629508
1329018144992718848,negative,0.03174554724775216
1329018148364935176,negative,0.15644911168231368
1329018148381749248,negative,0.03174554724775216
1329018149543550977,negative,0.00042884952166574047
1329018152055803904,negative,0.09031254508943559
1329018152156618754,negative,0.0018522805333611328
1329018152315875329,negative,0.20392489627922936
1329018152634748931,positive,0.7105047480073482
1329018152664100864,negative,1.5079872821468988e-05
1329018152827686913,negative,0.15297793932430379
1329018153289076737,negative,0.019757183904221418
1329018154018893825,positive,0.7402998393157096
1329018154794815489,neutral,0.37238270605021445
1329018159827988480,negative,0.006657439436503856
1329018162092892162,negative,0.004751247881771345
1329018166228422657,negative,7.68105336294347e-05
1329018166975062018,negative,0.027480800155846846
1329018167923007490,positive,0.9971586386629508
1329018168149467136,negative,0.3214339532775902
1329018174805843968,negative,0.12267736682181389
1329018175569137665,negative,4.852190881483485e-05
1329018178651951104,negative,0.14981527722259394
1329018181516726274,negative,0.007396945175114821
1329018184071061507,positive,0.7105047480073482
1329018193768275969,neutral,0.4595831791891974
1329018194879778820,negative,0.21336248031427016
1329018196519694337,neutral,0.49789225920557484
1329018196888838144,negative,0.012733965306920133
1329018197681573893,negative,0.053566872165699574
1329018201053728768,negative,0.049116881680582695
1329018202966396930,negative,0.049116881680582695
1329018203658448898,negative,0.010635917114442279
1329018204925071361,neutral,0.3306342676431347
1329018205591965696,negative,0.05864961464594811
1329018207068450822,negative,0.005647323783587595
1329018208209211392,negative,0.17206328267580015
1329018208532172805,negative,0.012482243191724014
1329018210809745409,negative,1.0783635114241e-14
1329018211430506498,negative,1.2525308429308513e-08
1329018213280133123,negative,1.3066393679477527e-08
1329018214278451200,negative,0.0011302621827079169
1329018214576250885,negative,0.11526384599213464
1329018215993921539,neutral,0.5136446707795853
1329018217185112064,negative,0.052234293848764504
1329018217336090624,negative,0.049116881680582695
1329018219697491968,negative,0.0001430253740303686
1329018220368551936,negative,0.055822319448470395
1329018220938989569,negative,0.043875082704029164
1329018223254188032,negative,7.248800478083135e-07
1329018224692883457,negative,0.09167232348252184
1329018227284963328,negative,9.662053906122956e-07
1329018227867914241,neutral,0.433910159912446
1329018228526477315,neutral,0.49789225920557484
1329018229277282306,negative,0.049116881680582695
1329018229377863681,negative,0.10257797504384468
1329018231751892992,negative,0.049116881680582695
1329018232104230912,negative,0.09031254508943559
1329018233765163010,negative,0.27101586973007
1329018237569339393,positive,0.7105047480073482
1329018237879787525,negative,0.0006846006827151365
1329018238332792832,negative,0.08912911457164546
1329018240421535745,negative,0.10622421319651891
1329018241465929735,negative,0.055822319448470395
1329018241793011716,negative,0.07963196527576112
1329018241902108672,negative,0.008580830203234508
1329018242602590210,negative,3.07869005468007e-05
1329018243953123333,negative,0.3029968537174699
1329018245672808450,negative,0.03174554724775216
1329018246398406657,negative,0.03181267028691956
1329018248042516481,negative,0.19714878333315808
1329018249036574720,negative,0.011256479159114116
1329018249116315648,negative,5.976480826106428e-06
1329018249439285258,negative,0.0011302621827079169
1329018249816760323,neutral,0.3341375882806857
1329018250034876417,negative,1.5740445891155336e-05
1329018251079274497,negative,6.648403785907836e-05
1329018251221889024,negative,0.0014264252423709122
1329018252215906304,negative,0.22104343274064955
1329018256355696645,negative,0.015368548062097283
1329018256733204482,neutral,0.3525924416689671
1329018258763210752,negative,0.01676146255675044
1329018259123875843,neutral,0.49789225920557484
1329018260352798720,negative,0.0011302621827079169
1329018260537438209,negative,0.055822319448470395
1329018261250445314,neutral,0.3917157760839249
1329018262005440512,negative,0.00432101267071455
1329018264710766594,negative,0.006537220167758716
1329018265448947714,positive,0.7105047480073482
1329018273657139200,negative,0.012733965306920133
1329018273787240448,negative,5.37241230118075e-07
1329018274848399360,negative,0.010869576374157452
1329018275179663362,negative,0.16485772061452608
1329018276274343936,negative,0.11869856819294618
1329018276572246016,negative,0.049116881680582695
1329018278145110016,negative,0.00015620058511486032
1329018280464457733,negative,0.23123164247498618
1329018280598757376,negative,4.090882215808318e-05
1329018280733007873,negative,0.10207931567626338
1329018283304116225,negative,0.12267736682181389
1329018283715125254,negative,0.01699442003720968
1329018284524572676,neutral,0.41255628797487864
1329018284839202817,negative,0.0027933297296481793
1329018285212401664,negative,0.0069972898761330215
1329018285308964864,neutral,0.3306342676431347
1329018286466592770,negative,5.602924180549613e-07
1329018287414505473,negative,0.17778460049685282
1329018288739733505,neutral,0.47840844706262076
1329018288811237377,negative,0.10257797504384468
1329018290132426752,negative,0.024152014270810603
1329018293521440769,negative,8.666230785272969e-06
1329018293793984512,negative,0.049116881680582695
1329018295119392769,negative,0.17023081494602438
1329018296994304005,negative,0.14266760235158343
1329018298026090496,negative,0.2678522015190293
1329018298030239746,negative,0.00012416766634782613
1329018298990800896,negative,0.09239239996174531
1329018299305385989,negative,0.049116881680582695
1329018301117292546,negative,0.07792320674708807
1329018301700321282,negative,0.03174554724775216
1329018302623002624,negative,0.006074566217291727
1329018303357005824,positive,0.9904809603923981
1329018304078426113,neutral,0.5734576952979002
1329018305319997440,negative,0.051809993460444986
1329018307995979776,negative,0.03174554724775216
1329018308398637056,negative,0.0003076719501839988
1329018310747430912,positive,0.7283308392342107
1329018316640366595,negative,0.0011302621827079169
1329018319203168256,negative,0.058868416146982266
1329018319324798977,negative,6.432437039052388e-05
1329018320247541760,negative,3.0470745192041156e-05
1329018320364974080,negative,0.22029149990557106
1329018321841303552,negative,0.21336248031427016
1329018326039859201,negative,2.2387179692693228e-05
1329018326119485440,positive,0.9973707271122858
1329018327369457664,negative,0.024152014270810603
1329018328053059585,negative,0.09016725050128345
1329018329672134656,negative,0.00040946726773392607
1329018331261771776,negative,0.0655480156993775
1329018332822073346,negative,0.012733965306920133
1329018333023367168,neutral,0.49789225920557484
1329018334134870016,negative,0.0017688613198236457
1329018334692716544,negative,5.200105637692079e-05
1329018334784983040,neutral,0.375644913682984
1329018335221194753,negative,0.014810787656672717
1329018336659836929,negative,0.31820487300311295
1329018340757680128,neutral,0.4683830622225956
1329018341214859264,positive,0.9980892263803205
1329018342078885889,negative,0.10257797504384468
1329018342666104838,negative,0.0011302621827079169
1329018343815319555,positive,0.7382178901670257
1329018344306040837,negative,0.049116881680582695
1329018346445172736,neutral,0.3815677653199425
1329018346747154433,negative,0.03751159682452693
1329018347862814720,positive,0.8339027941356867
1329018348256911362,negative,1.1565295172341973e-06
1329018349087563776,negative,0.0018169139399195635
1329018349771251713,neutral,0.49789225920557484
1329018352111644673,negative,0.24086583129280506
1329018354653335553,negative,0.014419036650521615
1329018354733035520,negative,0.055822319448470395
1329018355576139776,negative,0.05496041536609281
1329018355580334080,negative,0.019311934297208247
1329018358541520897,negative,0.19484684482177014
1329018360001146883,negative,1.3808194444829445e-07
1329018360001146884,neutral,0.5248060834785685
1329018360500252672,negative,0.15772374071619596
1329018362052145153,negative,1.8344758499485777e-06
1329018362177982467,negative,0.011478583791399372
1329018362505154561,negative,0.03486937155079833
1329018364912603136,negative,0.004695821991319841
1329018365185323009,negative,0.01833816501333825
1329018365227229185,negative,0.29171456123451783
1329018368393945091,negative,0.05233019054932478
1329018371657117698,negative,0.17205457891810527
1329018372928004097,positive,0.7105047480073482
1329018375125700608,negative,0.14952402756530656
1329018376304390145,negative,0.010117476798126244
1329018376954531841,neutral,0.5734576952979002
1329018377579474944,negative,0.08042223072822186
1329018377608851459,negative,0.055822319448470395
1329018377759838209,negative,4.8784647730198266e-05
1329018379697532928,negative,0.002944834781331549
1329018381413085184,negative,0.051808576745814336
1329018382436478977,negative,0.2579894029253892
1329018385770876928,negative,0.051195478866073466
1329018387004076033,negative,0.030921894408746094
1329018388434313217,negative,0.08080750041251203
1329018388748922881,positive,0.9999287476288151
1329018388899835904,negative,0.010971873310986792
1329018390204264449,negative,2.294511989236678e-14
1329018395539492871,negative,0.043506742922953694
1329018395556241414,positive,0.7903036910621056
1329018396512542723,negative,0.0030870532178122155
1329018396856496131,negative,0.17206328267580015
1329018397661782017,negative,0.08790286191455522
1329018398030909440,negative,0.16231288722779685
1329018398831996928,negative,0.024152014270810603
1329018399272341509,negative,0.0011302621827079169
1329018399507230720,positive,0.7105047480073482
1329018404188135425,negative,0.006241471568161417
1329018405626769408,negative,1.8318629746801898e-07
1329018406222368770,negative,0.02539095268056244
1329018407568764932,negative,0.00248542855102667
1329018408080388100,negative,0.007679383593340497
1329018409514889222,negative,0.17205457891810527
1329018409930076163,positive,0.68740409711318
1329018411138113538,negative,0.20413232790620486
1329018414514450434,neutral,0.5659957626248074
1329018414732611585,neutral,0.4609990033007611
1329018414917177344,negative,0.048396158951589933
1329018414946508805,negative,4.162974183027354e-05
1329018415449780226,neutral,0.375644913682984
1329018416037031936,positive,0.6850948469771121
1329018417161113603,negative,0.009527432898825768
1329018419014938625,negative,0.05934446305362689
1329018420055203840,negative,0.2546916305421647
1329018421661593606,negative,8.833539260655373e-09
1329018421883887616,negative,0.01332480379315507
1329018425348415490,negative,6.166673499282255e-05
1329018425629401088,negative,2.778124508938001e-05
1329018428699660290,negative,0.0057799908687803745
1329018433191747584,negative,0.0012133974970554027
1329018434361970688,positive,0.7831646856026168
1329018435678969857,negative,0.22104343274064955
1329018436324823040,negative,8.808838076570957e-05
1329018436647870465,negative,0.055822319448470395
1329018438497554432,negative,0.023566752217672685
1329018439223177217,negative,4.852190881483485e-05
1329018439508299776,negative,0.012161915281136125
1329018439596437504,negative,0.0012133974970554027
1329018440963780612,positive,0.8954285674384966
1329018443786575878,negative,0.049116881680582695
1329018443937554434,negative,0.00331542140385803
1329018444495384578,negative,0.09192056069640865
1329018445653028864,neutral,0.49789225920557484
1329018448995897347,positive,0.7105047480073482
1329018451738898432,neutral,0.5734576952979002
1329018453823549441,negative,0.010311541706808517
1329018456507895808,negative,0.20378605730857446
1329018460932870146,negative,1.2525308429308513e-08
1329018461356486658,negative,0.2890993198556202
1329018463315259392,negative,0.006393684957116132
1329018464611098624,negative,0.016661654156570668
1329018466641334273,negative,0.10257797504384468
1329018467207491584,negative,2.677320683930717e-12
1329018469417963520,negative,0.10257797504384468
1329018469929676803,negative,0.244666375201068
1329018472253231104,negative,0.00042884952166574047
1329018477160624128,negative,0.0009250831394278929
1329018479438155776,negative,1.031522394050284e-05
1329018481241694209,neutral,0.49789225920557484
1329018483049426944,negative,0.049116881680582695
1329018484739764225,negative,0.005674636758478567
1329018485771526145,negative,0.00072578915591481
1329018487306661889,negative,4.705983494795439e-05
1329018492276920320,negative,8.736969280825529e-07
1329018492977373187,negative,0.072381341889718
1329018493338005505,neutral,0.5734576952979002
1329018497846964226,negative,0.00186044655920039
1329018499990253568,negative,0.0002798890814435886
1329018501558919169,negative,0.00345334924763276
1329018502762688512,negative,1.7029631649081368e-07
1329018502854881281,negative,0.22038256593593167
1329018503312138240,negative,1.2525308429308513e-08
1329018504662671362,negative,0.024459497652789385
1329018506310979586,positive,0.9867276947324606
1329018506462064641,positive,0.7105047480073482
1329018507212836865,negative,0.10537786113217175
1329018511407144962,negative,0.05384885330526493
1329018512384389120,positive,0.9932656182683107
1329018513965649927,negative,0.00017873736192670705
1329018516918431745,negative,0.0004620303852000761
1329018523587375106,negative,0.00042884952166574047
1329018524166217728,negative,0.001697616967315045
1329018524224905218,negative,5.708225028894806e-05
1329018524413648896,negative,0.061998125176157486
1329018526196228097,neutral,0.5721787253771576
1329018526208729088,neutral,0.4370660045796548
1329018526498172929,negative,0.0017356896964293605
1329018526842068992,negative,0.10421146611096076
1329018527051784192,negative,0.003329432036323754
1329018527194476545,negative,4.878448424437637e-05
1329018527270006786,negative,0.00040500169167648203
1329018527630692353,negative,0.12725058825060998
1329018528360443905,negative,0.02100457838070571
1329018529618726913,negative,0.049116881680582695
1329018529933369345,neutral,0.46127768308170247
1329018531044872193,negative,0.11385312057612092
1329018534572281856,neutral,0.4513605618894927
1329018537315344386,negative,0.05490560666412518
1329018538221318145,negative,0.0029405653326518466
1329018538628149248,negative,0.0004731375280480013
1329018541799051266,negative,0.07247944008606926
1329018541945860097,positive,0.9647973703071254
1329018541987803136,negative,0.03601080043312087
1329018544596594688,negative,2.3325545865015995e-06
1329018546416984064,negative,0.014577275704968156
1329018547348115457,neutral,0.41255628797487864
1329018547733934080,neutral,0.4739607432362514
1329018549713637378,negative,0.015144881598509338
1329018550439309314,negative,1.0507466204218301e-06
1329018550447726594,neutral,0.5651414892665091
1329018551454347264,negative,0.21336248031427016
1329018554365186054,positive,0.7105047480073482
1329018555954831360,negative,0.2743827887518434
1329018556495892480,negative,0.02318881716659218
1329018557607403520,negative,0.2782862802343872
1329018558098051078,negative,0.17347870191393963
1329018558324609025,negative,0.0011302621827079169
1329018558878265344,negative,0.00015346894623032123
1329018558911754241,negative,0.10857980433007809
1329018559591223296,negative,7.309437295839161e-06
1329018561050923015,negative,0.0011616607108033575
1329018562070056966,negative,0.049885209386923784
1329018563546521600,negative,1.10848910752508e-08
1329018563919831041,negative,0.08716490229824937
1329018568340623362,negative,1.2525308429308513e-08
1329018568386736128,negative,2.700358215245603e-05
1329018570869760000,negative,0.0006950760335939867
1329018571461193728,negative,0.014810787656672717
1329018572828499970,negative,0.03174554724775216
1329018574778798088,negative,0.29150453131543796
1329018575663869953,neutral,0.4739607432362514
1329018576657936390,neutral,0.3341375882806857
1329018579560370176,negative,1.0657733697680493e-06
1329018579644280833,negative,0.052626525163154976
1329018579853987841,negative,0.049116881680582695
1329018580172681216,negative,0.11919709727946037
1329018581271633920,negative,2.339540987654971e-05
1329018581389086720,negative,0.21336248031427016
1329018581561061377,neutral,0.36044802327589437
1329018584287367169,neutral,0.6180055859385447
1329018586061549570,negative,1.1729400228966891e-07
1329018586715869184,negative,0.12725058825060998
1329018589689556993,negative,2.7605475205655466e-06
1329018589823774723,negative,0.17206328267580015
1329018589890932738,negative,0.20618299871580503
1329018591480606721,negative,1.548784287319106e-05
1329018591874838534,negative,0.08005711543202301
1329018592327835650,negative,4.1455616188208447e-07
1329018594227851269,negative,0.08301289864159057
1329018594324324352,negative,5.532938496608605e-05
1329018595016372224,negative,0.061998125176157486
1329018595934875651,negative,1.7402875120348173e-05
1329018597067395073,negative,0.03174554724775216
1329018598044676097,negative,0.10803926889012322
1329018598166245378,negative,1.7029631649081368e-07
1329018600745791488,negative,0.10257797504384468
1329018602465488896,negative,0.0029108674544030613
1329018602809401344,negative,0.014807855061079326
1329018603136569344,neutral,0.4496294498258171
1329018603392339968,negative,0.03174554724775216
1329018603904012289,negative,0.043875082704029164
1329018604289986560,negative,0.019205174752782765
1329018605711847429,negative,0.11536610591453057
1329018606127095808,negative,0.007928199708923792
1329018606622035968,negative,0.0009872014330903
1329018606936596488,negative,0.08207269880895351
1329018608052211712,negative,0.005398417861508592
1329018608064876544,negative,0.22104343274064955
1329018608496807937,negative,0.00017352331210741782
1329018613555228673,negative,9.324777028667997e-10
1329018616289906688,positive,0.9632280144316299
1329018616625459200,negative,5.904960670560596e-06
1329018617149710336,negative,0.019102343430538883
1329018617413906433,neutral,0.49309734344879036
1329018617464287233,neutral,0.5734576952979002
1329018617967620096,negative,1.3254523714984556e-05
1329018620547129345,negative,0.28820479903039276
1329018621218021377,neutral,0.5370941862973679
1329018623625736197,negative,0.0002010966983549589
1329018624175190017,negative,0.08390137624274958
1329018627094425609,negative,0.02312814423556466
1329018628117770241,negative,0.16605839852321702
1329018628247875590,negative,0.005620820208972899
1329018628960903169,negative,0.16380477360075288
1329018630705700865,negative,0.27691522824827214
1329018630965780481,negative,0.024152014270810603
1329018632827854848,neutral,0.49789225920557484
1329018633700450310,negative,1.0019499177741165e-05
1329018634413502468,negative,0.2095588840315701
1329018634807734274,negative,0.0003145125239700642
1329018635365519361,positive,0.8503553789401006
1329018636921606144,negative,0.11382144303992113
1329018637152378881,positive,0.7903036910621056
1329018638591008768,negative,0.00020740335217510998
1329018639627005960,positive,0.9971586386629508
1329018639836729345,positive,0.771448479879036
1329018645226393601,negative,0.03473010679264294
1329018650221690880,negative,0.13861812857309747
1329018651282993152,negative,1.4546292380122821e-05
1329018651354271746,negative,0.31073640545683684
1329018653719879680,neutral,0.6293765078840271
1329018655254974466,negative,0.031934770504228216
1329018656467120128,negative,2.270962234389505e-05
1329018661143769088,negative,0.04768744527215479
1329018661835862016,negative,0.0003076719501839988
1329018663815548929,negative,0.26876675580584614
1329018665279348737,negative,0.13631746754443988
1329018665568768005,negative,0.008212241301406197
1329018668622225409,negative,0.30767605199425263
1329018668777316352,negative,0.0011302621827079169
1329018671512084482,negative,0.0011302621827079169
1329018671633666048,negative,0.00016757716458009337
1329018671885406209,negative,0.12725058825060998
1329018673114324992,positive,0.7105047480073482
1329018673785430016,negative,0.0001978723516778656
1329018683272925184,negative,0.051808576745814336
1329018683411329026,negative,0.0002499253635501612
1329018684162121730,negative,0.0808470090998826
1329018685726601216,negative,3.438314667293292e-05
1329018685927862272,negative,0.014400943834951205
1329018687614029825,negative,1.2702487818022812e-07
1329018687651782657,neutral,0.5734576952979002
1329018687878279168,negative,0.006382680382160508
1329018688113156097,positive,0.9971586386629508
1329018688725528577,negative,0.02036554036742403
1329018689941811206,negative,0.0006564947891039536
1329018690193469440,neutral,0.41314879774545077
1329018690461790208,negative,0.06270628339125038
1329018690776469509,neutral,0.37345382168832847
1329018691913191424,negative,0.03075476425039545
1329018694408806400,negative,0.2782862802343872
1329018696291987460,negative,0.019102343430538883
1329018696480813057,negative,0.13165842767952474
1329018697713938433,negative,0.022851680047793886
1329018698397573121,negative,0.03174554724775216
1329018701090328587,negative,1.2692718689873512e-07
1329018702461857792,negative,0.004073642719128745
1329018702658899968,negative,0.19151105241715685
1329018703246135299,negative,0.08638190624892425
1329018703334223877,negative,0.051808576745814336
1329018707138502658,negative,0.09031254508943559
1329018707788619777,negative,0.12267736682181389
1329018708086427648,negative,0.002860160076318266
1329018709739003905,negative,0.060128637476914784
1329018710066159616,negative,0.08440791892154297
1329018710154211328,negative,5.494255976025694e-07
1329018710665932800,negative,4.1606293084952244e-05
1329018710783389698,negative,0.05262041718524554
1329018710930165761,negative,0.015144881598509338
1329018713442557954,negative,0.005146977893889079
1329018713878761472,negative,0.025103210812826952
1329018715082547200,neutral,0.43143461162221
1329018715514474497,neutral,0.49789225920557484
1329018716017881089,negative,0.09176394699002502
1329018717653643264,negative,0.08812104067012912
1329018718588956674,negative,0.005546701899526981
1329018718727393280,negative,3.550815774173355e-05
1329018718735699970,negative,0.17629892331301014
1329018721948536834,negative,0.0793368357654946
1329018723349524480,negative,0.013070950307772906
1329018724121243649,positive,0.9622444741291102
1329018724704280576,negative,2.8503098933568637e-06
1329018725874405377,negative,0.008212241301406197
1329018726189064192,neutral,0.35142109413790434
1329018726218407937,positive,0.9946891180195289
1329018729435369472,negative,0.3107236699736002
1329018731247362050,negative,0.0005991009344532082
1329018731842908161,negative,0.055822319448470395
1329018733810118658,negative,0.0002390300169742333
1329018735135498242,negative,0.0019006629423476327
1329018735269728257,neutral,0.39846391252391167
1329018737173929985,negative,7.32146309319946e-05
1329018738193149953,negative,0.013070950307772906
1329018739094908931,negative,0.22104343274064955
1329018739745050632,negative,0.31816423410317546
1329018740210618372,negative,0.019986919740645166
1329018740953010176,negative,0.2752725123178594
1329018741317918722,negative,0.0011302621827079169
1329018743293423617,negative,0.21695263926669262
1329018743301738496,negative,2.654072323508192e-05
1329018743654141952,positive,0.9784225726819892
1329018746636279815,neutral,0.49789225920557484
1329018749916237825,negative,0.01091210409525463
1329018751216459782,negative,0.13861812857309747
1329018752650928130,negative,7.048332019455548e-06
1329018756132081664,negative,0.016379767777007094
1329018761169526786,negative,0.055822319448470395
1329018763392507906,negative,0.0003347740837345229
1329018766072684544,positive,0.8849259602965043
1329018771084898304,neutral,0.3554408440728526
1329018771881619459,negative,0.04326749920868208
1329018771881734148,negative,9.535669228448234e-10
1329018774566146048,negative,0.0808470090998826
1329018776420036608,negative,0.000524208876221444
1329018777367945216,negative,0.12267736682181389
1329018779192406016,negative,1.7029631649081368e-07
1329018780685635584,negative,0.12267736682181389
1329018781541216257,negative,0.01332480379315507
1329018781964890112,negative,0.0019852957586092286
1329018782707298305,negative,0.004465939100250833
1329018783831388163,negative,0.010543716066586491
1329018785022545920,negative,0.00013401057415641347
1329018786758893568,negative,0.014356015983817031
1329018789535641601,negative,0.008212241301406197
1329018790542254081,negative,0.004275600206833145
1329018791666257921,negative,0.12267736682181389
1329018794904260608,negative,0.04293719177780903
1329018795692855298,negative,4.7259876026847867e-07
1329018796057763840,neutral,0.3917157760839249
1329018796795957249,negative,0.037447756528408004
1329018796871479299,negative,9.251375056617415e-13
1329018798167519235,negative,0.04326749920868208
1329018800709267456,negative,0.09031254508943559
1329018801434857474,negative,0.14266760235158343
1329018801648701440,neutral,0.4863818070760463
1329018802386972672,negative,0.308199125160694
1329018802491842561,negative,0.1288638439754417
1329018803204853761,negative,0.17206328267580015
1329018804077273088,negative,0.0029108674544030613
1329018804303781888,neutral,0.3917157760839249
1329018806816137218,negative,0.014810787656672717
1329018811933192193,negative,0.015099089684706383
1329018812008632321,negative,0.08298605066429214
1329018812763660288,negative,0.21336248031427016
1329018813136969729,negative,1.0726075164766234e-06
1329018814189756416,neutral,0.49789225920557484
1329018816265932801,negative,0.014810787656672717
1329018818535055367,positive,0.9122351019647255
1329018819659051010,positive,0.8382006648331833
1329018821424910337,negative,0.055822319448470395
1329018825103257602,positive,0.7105047480073482
1329018825438793732,negative,3.9152051713920175e-05
1329018828198645760,neutral,0.49789225920557484
1329018828366475264,negative,0.020692716215973753
1329018829771509760,neutral,0.4739607432362514
1329018831130472452,negative,0.17206328267580015
1329018831541571585,negative,0.011926341014798567
1329018832707579904,neutral,0.5431265971725598
1329018833517080576,negative,0.09043558513056293
1329018833676492800,negative,0.01897175086643638
1329018836239134720,negative,3.948733171488422e-05
1329018836654452737,negative,2.788405500750106e-06
1329018836734062594,negative,0.22625005476510282
1329018838554472448,positive,0.7105047480073482
1329018839061983242,negative,2.3676689575104025e-09
1329018840542535681,negative,0.23123164247498618
1329018841582739463,negative,0.17206328267580015
1329018844631994369,negative,0.0011302621827079169
1329018845865140225,negative,0.00834725668398676
1329018846490091527,negative,0.012161915281136125
1329018846758506497,neutral,0.3341375882806857
1329018848364867585,neutral,0.4766795874967358
1329018849287688192,negative,0.0011249606588139976
1329018849656705026,positive,0.9971586386629508
1329018851112181763,negative,0.00016757716458009337
1329018852068499456,neutral,0.5734576952979002
1329018852202733570,negative,0.04723039414057318
1329018852655722498,negative,6.335560788045481e-05
1329018854215987202,positive,0.7105047480073482
1329018855637864450,negative,0.04326749920868208
1329018856657072128,negative,0.004195521376130034
1329018859563732992,negative,0.025537173856906646
1329018859735691264,negative,0.0032976468652981734
1329018861971238919,negative,0.08509389837746206
1329018863909007360,negative,0.0010002838759407028
1329018864475181056,negative,0.155224601725983
1329018864722710531,neutral,0.5230815640687068
1329018865091796993,negative,0.02312814423556466
1329018865242820610,neutral,0.3341375882806857
1329018867931287552,negative,3.301118165314849e-06
1329018868027830272,negative,0.0011302621827079169
1329018868954669057,positive,0.866197228789535
1329018869600628738,negative,0.00042884952166574047
1329018873916633090,negative,0.017485188333068714
1329018875808272384,negative,0.12406964657389939
1329018876919746562,negative,0.01897175086643638
1329018877217435648,negative,0.000524208876221444
1329018881772544002,positive,0.9165808692865519
1329018884070916098,negative,0.19151105241715685
1329018892287684610,negative,0.013070950307772906
1329018893508210688,positive,0.8827775140408535
1329018895978672131,negative,2.909721997243534e-11
1329018896020631553,negative,1.8663476414018242e-05
1329018896834293760,negative,0.1932598972067344
1329018897958395906,negative,0.017434872818203044
1329018898767876096,positive,0.7482918866315101
1329018901418582019,negative,0.014356015983817031
1329018901443784705,negative,0.055822319448470395
1329018901443858433,negative,0.2571133809726019
1329018901829742595,negative,3.1539723079583565e-05
1329018902626643968,negative,0.001487609133193092
1329018903150948352,negative,0.012090051422302633
1329018909178073088,neutral,0.45806818609295935
1329018912558739456,negative,0.06759101681428566
1329018913716383746,neutral,0.5097190058667704
1329018913838014464,negative,0.0011302621827079169
1329018913838030850,negative,0.3057856963123573
1329018914903351296,negative,0.007609878980045584
1329018916786597888,positive,0.7903036910621056
1329018917512237056,negative,0.10257797504384468
1329018917948420097,negative,0.022073648875151983
1329018918548221953,neutral,0.49789225920557484
1329018918795698178,negative,0.09795098022754925
1329018918938308608,negative,0.09038159571325613
1329018919105990658,positive,0.7945102884001408
1329018920896966656,negative,0.0030588670386538334
1329018920901210113,negative,0.000807275439115042
1329018923077996544,negative,3.631259057798471e-06
1329018923757559810,negative,0.03174554724775216
1329018924999053314,negative,0.21161514020153047
1329018926655819776,negative,0.21336248031427016
1329018927846977538,positive,0.9971586386629508
1329018930724220928,negative,0.12267736682181389
1329018933249191942,neutral,0.4496294498258171
1329018935187025920,negative,0.001153386992277037
1329018935338000384,negative,0.00038161706183982894
1329018935400869890,negative,0.0026718646847690027
1329018936348848130,negative,0.01699442003720968
1329018937368072196,negative,0.00032842252355484226
1329018937791680513,negative,0.008212241301406197
1329018940367003651,negative,1.2525308429308513e-08
1329018940555743233,negative,0.0013097675983507096
1329018940991877120,negative,0.0011302621827079169
1329018943017771008,negative,0.10257797504384468
1329018946352279552,negative,0.014577275704968156
1329018948445200385,negative,0.15805277633734116
1329018949929984002,negative,0.017788486126206027
1329018954971570177,negative,0.03607073359162608
1329018957471375360,negative,6.51203877684133e-08
1329018958234718210,negative,0.0039016130867236755
1329018960281530369,negative,0.025103210812826952
1329018960835190788,neutral,0.49385625511193415
1329018962684809216,negative,1.2525308429308513e-08
1329018963448172544,negative,0.005519118997903382
1329018964396175360,neutral,0.4260192924905043
1329018967634145285,negative,0.05175042829733473
1329018969248976896,negative,0.19714878333315808
1329018970230427650,neutral,0.5354479589038291
1329018972214321152,negative,0.0029108674544030613
1329018973602639878,negative,0.004502366712016334
1329018977411084289,neutral,0.48231660337452886
1329018978333757440,negative,0.0011302621827079169
1329018978900070401,negative,0.00010743601437489456
1329018982142259201,negative,2.2928275376668608e-07
1329018982406434816,negative,0.03174554724775216
1329018982591029248,negative,0.10257797504384468
1329018984067436544,negative,0.0011302621827079169
1329018984910499841,negative,0.2481580125040081
1329018985388646413,negative,0.017434872818203044
1329018985824792576,negative,2.3325545865015995e-06
1329018986995003393,neutral,0.33828595006904555
1329018987464822786,neutral,0.42595787632087023
1329018988437921792,negative,0.06784205783215574
1329018990975279104,negative,0.004502366712016334
1329018992787337216,negative,0.005322522267523161
1329018992804188160,negative,0.0069972898761330215
1329018993273925637,negative,0.0002376518527889226
1329018995706646528,negative,8.3870155467294e-05
1329019002514001920,negative,0.026482142713642406
1329019004678266880,negative,0.09038159571325613
1329019008746618880,negative,1.1139400995761643e-05
1329019008880955392,negative,0.13113458344235335
1329019009648504832,neutral,0.5826016318169452
1329019011556904960,negative,5.589288181095934e-05
1329019013691822081,negative,0.19151169014119152
1329019013855399939,negative,0.000524208876221444
1329019013918298112,negative,0.2782862802343872
1329019016757784576,negative,1.7743073912672183e-11
1329019018548801536,negative,0.10116023608336122
1329019019110846464,negative,0.0005108079808303325
1329019020276887559,neutral,0.5830718115014216
1329019020411101185,negative,0.12267736682181389
1329019021996548099,negative,0.0011302621827079169
1329019022705364998,negative,0.000524208876221444
1329019026228604928,neutral,0.5748573427884124
1329019027205844998,negative,0.21336248031427016
1329019027927281665,negative,0.008256616757381529
1329019029118480384,positive,0.998324564452846
1329019033753096194,negative,8.666230785272969e-06
1329019034663346177,neutral,0.49789225920557484
1329019034973638656,neutral,0.4739607432362514
1329019035078553600,negative,0.0003571973241511607
1329019036559093762,negative,0.014810787656672717
1329019039495155713,negative,0.0796673260211509
1329019039633596418,positive,0.8591331268785078
1329019041999155201,negative,3.3974183796477964e-08
1329019046365425664,negative,0.10257797504384468
1329019046839390209,negative,0.05076933059896961
1329019048567386114,negative,0.0011302621827079169
1329019051025240065,negative,0.033099160918687795
1329019051339821056,negative,0.024152014270810603
1329019054846316545,neutral,0.4894886660404289
1329019055639048199,negative,0.004760629559800008
1329019059984338946,negative,0.09031254508943559
1329019060776996866,negative,0.09016725050128345
1329019069325078532,negative,7.49335512745276e-05
1329019069492846593,negative,0.0016349951298609824
1329019074962022400,positive,0.8968012580261214
1329019076564414464,negative,3.554714559770771e-06
1329019076753154048,neutral,0.5734576952979002
1329019080276316163,negative,1.7359490547707306e-06
1329019081241092099,negative,0.051639584693133976
1329019082558087170,neutral,0.5734576952979002
1329019085288583172,negative,0.00012416766634782613
1329019089055059968,positive,0.8371683087811959
1329019089063383041,negative,1.7029631649081368e-07
1329019092406333441,positive,0.9318277241410535
1329019093849169921,negative,0.010647320183096403
1329019096114089986,neutral,0.4496294498258171
1329019096374108162,negative,0.051808576745814336
1329019097259126785,negative,0.12267736682181389
1329019097271709696,negative,0.12267736682181389
1329019099406544897,negative,0.015099089684706383
1329019099985403907,negative,5.043385254987347e-05
1329019100513886208,negative,0.0011302621827079169
1329019101277253632,negative,1.0658279643485696e-07
1329019101629571074,negative,3.460371169347271e-05
1329019101759606785,negative,0.0010552832578876548
1329019102887702529,negative,0.12267736682181389
1329019102934028288,negative,0.0011302621827079169
1329019104141971458,negative,0.2367184969683456
1329019106918608896,negative,0.004535659158318464
1329019107606454273,negative,0.21336248031427016
1329019108248137729,negative,0.01202651068147353
1329019110295007232,neutral,0.4496294498258171
1329019110617968640,negative,0.0007565563710810436
1329019110940962823,neutral,0.37626050540391176
1329019112882798593,negative,1.4546292380122821e-05
1329019116448047107,negative,4.039208347808238e-05
1329019117672816643,negative,0.0006433138661941621
1329019117798559745,neutral,0.5734576952979002
1329019117920264192,negative,1.7592623233618913e-06
1329019118293544962,negative,0.09031254508943559
1329019119300128769,negative,3.191067392699259e-06
1329019123054075904,negative,0.0011302621827079169
1329019123486101507,negative,0.00042884952166574047
1329019124094296066,negative,0.012570036308963653
1329019124194959362,positive,0.7105047480073482
1329019124274565120,negative,0.015125271881588116
1329019124459167747,positive,0.6890963448775574
1329019125331587072,neutral,0.4496294498258171
1329019126501810177,negative,0.2278088006673698
1329019127076368391,positive,0.7105047480073482
1329019127382552577,negative,0.0011302621827079169
1329019129387479041,negative,0.06961573221952988
1329019130880593921,negative,2.530211464386365e-07
1329019131178446849,negative,0.0011302621827079169
1329019131446824961,negative,1.39728053126051e-07
1329019132554207233,negative,0.11042178725430873
1329019134739410947,negative,0.12725058825060998
1329019136542957571,negative,0.0018889671416507335
1329019138325565440,neutral,0.49789225920557484
1329019141131526146,negative,0.00042884952166574047
1329019141542600705,negative,0.08301289864159057
1329019144352763907,negative,0.0009522672437583836
1329019144679911425,negative,4.7230793754827334e-08
1329019148760825856,neutral,0.4496294498258171
1329019149318754306,negative,0.001978937366984853
1329019149616640003,negative,6.095640321164097e-05
1329019149671145472,negative,7.906931343405328e-06
1329019149947834368,neutral,0.3371348131876588
1329019150681956355,negative,0.0011302621827079169
1329019151478829057,negative,1.0025449769641231e-07
1329019152833654785,negative,0.16167256707023125
1329019153181671425,negative,0.043875082704029164
1329019157770211328,negative,0.040918116170561104
1329019157778665472,negative,0.0011302621827079169
1329019158806233088,negative,4.852190881483485e-05
1329019159913635841,negative,1.9358027633370916e-09
1329019162899918849,negative,0.18239296636938454
1329019163315200002,negative,1.3898956975414372e-10
1329019164892295169,negative,0.08764594436508201
1329019166481915910,negative,0.002378780529341184
1329019168595845120,negative,0.00022403558592428655
1329019169514414080,positive,0.7935840186006637
1329019170701373442,neutral,0.34216012480786534
1329019175818432512,negative,0.04287907647399625
1329019175986212869,negative,2.5522174370077915e-09
1329019177496178689,negative,0.05832566526523772
1329019179492667392,negative,0.00010017528284930078
1329019182076342274,negative,0.10257797504384468
1329019184207065089,positive,0.8798571459395171
1329019184626470913,negative,0.0016761918061187083
1329019184626487298,negative,0.12725058825060998
1329019186690093058,negative,0.00035902283273750815
1329019191144419329,positive,0.7986293596859662
1329019200980054023,negative,9.175261813381918e-05
1329019206348771331,negative,0.04233155249459285
1329019212170481665,negative,0.0005403611755435374
1329019223092457472,negative,0.1237274758274807
1329019226250752002,negative,0.0003076719501839988
1329019226284314630,neutral,0.36163059973278244
1329019246014238722,negative,0.00016897825551191988
1329019263542235136,neutral,0.4153373325707398
1329019266616725505,neutral,0.37841362278767865
1329019268982337536,negative,0.0012637968640685658
1329019274585907203,negative,0.21336248031427016
1329019275374432256,positive,0.7499982135990548
1329019276133625858,negative,0.3230744654010312
1329019290390056961,negative,3.642373249955729e-05
1329019303404965890,negative,0.16875832056052112
1329019306370273280,positive,0.6890963448775574
1329019306420678657,neutral,0.5734576952979002
1329019307800596487,negative,0.0082915390988032
1329019308454850561,negative,1.2652178598601018e-08
1329019309021126658,negative,0.12267736682181389
1329019309255962624,neutral,0.33882329142327267
1329019310065512448,negative,0.12606334022294152
1329019317174874116,negative,0.3006553108680349
1329019317556490246,negative,0.12267736682181389
1329019319745966081,negative,0.0004132433819036874
1329019321054605321,negative,0.2210942814231012
1329019324703662080,positive,0.7492640488558922
1329019327580934147,negative,3.2344807113249194e-06
1329019327971024897,negative,0.12267736682181389
1329019329434836992,neutral,0.43143461162221
1329019329715769345,neutral,0.43143461162221
1329019330185613312,negative,1.0039501546060956e-06
1329019330797965312,negative,2.3273491783076072e-06
1329019331217420289,negative,0.04828670799970179
1329019333704622080,neutral,0.3580574400185567
1329019333931130881,neutral,0.46318326475361027
1329019336313495553,neutral,0.6348263547185127
1329019338188333056,neutral,0.47767126215885464
1329019338653904896,negative,0.17206328267580015
1329019341564678150,negative,0.18899894097013356
1329019345930948610,negative,0.1388165480771174
1329019347432595456,negative,0.0005101745491126073
1329019352797032449,negative,0.018750763980182758
1329019353023569921,negative,1.6417148292900338e-05
1329019353690411011,negative,1.7206105697113358e-07
1329019354470486017,negative,0.033280093885533685
1329019354474745860,negative,0.00022907614767916974
1329019354529357824,negative,0.05289047534282518
1329019354797764610,positive,0.8479829758183466
1329019355112361987,negative,0.00018702859843813965
1329019356836147205,negative,0.0011302621827079169
1329019357108850690,neutral,0.626565639763281
1329019357301760001,negative,0.12267736682181389
1329019359218561032,negative,1.0019499177741165e-05
1329019360053223425,negative,0.14266760235158343
1329019362305568769,negative,4.866413650669121e-06
1329019362351718400,neutral,0.42782955214900514
1329019365472301057,negative,0.01897175086643638
1329019369926635522,negative,1.4546292380122821e-05
1329019388637405186,negative,7.481494742794983e-05
1329019392705912833,negative,0.018108553817404827
1329019394245222401,negative,0.01603158998337491
1329019397592264704,negative,2.4066703051983934e-10
1329019398041047040,negative,0.001912703354251036
1329019405271928833,negative,0.11301079900902951
1329019413882875910,negative,0.0003287988179640756
1329019414893703168,positive,0.9956952660595357
1329019417192230917,negative,0.01332480379315507
1329019417645240328,negative,2.9152713359750507e-06
1329019420639961090,negative,3.5142123227452223e-06
1329019425274597378,negative,0.027513983148116348
1329019428428783616,neutral,0.4739607432362514
1329019430463004673,neutral,0.5822666353309245
1329019437370978304,negative,0.2138442114721011
1329019437496856576,negative,0.017998291658351435
1329019439162011653,negative,9.024182865339822e-10
1329019443389804544,negative,0.09016725050128345
1329019443389878273,negative,0.01332480379315507
1329019450721439747,neutral,0.45806818609295935
1329019450864103428,negative,1.4546292380122821e-05
1329019451048603650,negative,0.040023096893913986
1329019459399348224,negative,0.037803989032204145
1329019466114535425,neutral,0.49789225920557484
1329019468874457088,negative,0.05934446305362689
1329019473714667520,negative,0.2834861281962475
1329019476654706690,negative,0.0017688613198236457
1329019484506611714,neutral,0.49789225920557484
1329019486918291456,negative,0.09038159571325613
1329019488919023616,positive,0.7105047480073482
1329019489195790339,negative,0.10622421319651891
1329019489271361538,negative,0.0011302621827079169
1329019489309126656,negative,0.00020374934820976666
1329019489984327680,negative,0.023157710051351813
1329019490387038208,negative,4.939188636679333e-08
1329019491720847360,negative,0.008199013536512614
1329019492232536064,negative,0.29037549096134374
1329019497542512643,negative,7.459290922197732e-05
1329019498020687873,negative,0.29037549096134374
1329019502504390657,negative,0.055822319448470395
1329019503456481282,negative,0.03327031257292262
1329019506237321217,negative,0.04326749920868208
1329019506711203840,negative,0.24627051832766736
1329019511031390209,negative,0.12725058825060998
1329019511148843009,negative,0.04771727009716955
1329019511249522688,negative,0.03491766670458007
1329019512038060032,negative,0.010372300199952146
1329019512415514625,negative,0.16130878673851626
1329019512516190210,negative,0.042004108499756346
1329019516081360896,neutral,0.5734576952979002
1329019522037272576,negative,0.00019786342700960476
1329019523622703108,negative,0.1600247419989191
1329019525560479744,negative,0.033099160918687795
1329019525891842049,negative,0.12267736682181389
1329019526902546433,negative,0.003889986603558408
1329019527309398016,neutral,0.5282048910034005
1329019528169336833,negative,3.948733171488422e-05
1329019528500703232,negative,0.017178527556240664
1329019531222773760,negative,0.25184313989751195
1329019531952590849,negative,0.0029108674544030613
1329019536830500864,negative,0.004502366712016334
1329019537149214725,negative,2.677320683930717e-12
1329019537971408896,negative,8.511398588833966e-05
1329019539678433280,negative,6.692493262714307e-06
1329019540332797953,negative,2.693207825346778e-06
1329019541167493120,negative,0.00016757716458009337
1329019543549747202,negative,0.02695104935694291
1329019543788859394,negative,0.19815210764665753
1329019547089858560,neutral,0.5318834537628724
1329019547735777285,negative,1.038061375017032e-06
1329019548155191296,negative,0.017434872818203044
1329019548171980807,negative,0.0032475589225892765
1329019548381614080,negative,0.033280093885533685
1329019550730432512,negative,0.11733508760815156
1329019551045050369,positive,0.8932730930677092
1329019555000295424,negative,0.32975882686201696
1329019558288625664,neutral,0.5130932278611744
1329019559333031936,negative,0.0026094463084277925
1329019564315774977,negative,0.23005595194908804
1329019569055420419,negative,0.0031625750806430555
1329019574256361472,neutral,0.5425813081463247
1329019580384243713,negative,1.9886541538502354e-05
1329019589703954433,neutral,0.48439634580644964
1329019589825597445,negative,3.978913797315895e-06
1329019590131716096,neutral,0.48262878500929873
1329019590400225280,negative,0.01811303034776409
1329019596012138496,neutral,0.569718994436293
1329019600432996357,negative,0.0033730863786906634
1329019602710491138,negative,0.001697616967315045
1329019604279177217,negative,0.3048118746912618
1329019606820859904,negative,6.884724590002088e-06
1329019609362665473,negative,0.30921182601270725
1329019609899364352,negative,0.15585040364727296
1329019615071133698,negative,1.4546292380122821e-05
1329019615419265024,negative,0.3029968537174699
1329019615880638470,negative,0.04966258618793894
1329019622646030339,neutral,0.46127768308170247
1329019623447138304,positive,0.7986293596859662
1329019625766608896,negative,0.17812526090279557
1329019631705657347,positive,0.8332002009240079
1329019645995737088,negative,0.012397189643052342
1329019648008990721,negative,0.0555718730442944
1329019657320345600,positive,0.8432440516033756
1329019658498871296,negative,1.4546292380122821e-05
1329019661363646464,negative,1.2325481611777593e-05
1329019665704693760,negative,0.06936069091778946
1329019667848032256,negative,1.4546292380122821e-05
1329019671371280384,neutral,0.5734576952979002
1329019672143028226,positive,0.9971586386629508
1329019672918888451,negative,1.2508117492399483e-05
1329019677310390273,negative,0.11536610591453057
1329019682515525632,negative,6.667331551338882e-08
1329019682884554758,negative,0.055822319448470395
1329019684868460550,negative,1.1462755793030602e-05
1329019685506076672,negative,0.023824533231896657
1329019685841592322,negative,0.12267736682181389
1329019686160396289,negative,0.24872510181504967
1329019686684684293,negative,3.948733171488422e-05
1329019687661948928,negative,0.04836575051792814
1329019687758393344,negative,0.0011302621827079169
1329019689394122753,negative,0.10422803909469577
1329019690220478464,negative,0.055822319448470395
1329019691508113414,negative,0.009420609653521353
1329019694599327748,negative,0.15644911168231368
1329019696448987136,negative,0.14690743977270032
1329019698084802560,negative,0.04326749920868208
1329019698596474880,negative,0.006485820539806647
1329019698843881473,neutral,0.4739607432362514
1329019699091345409,negative,0.15644911168231368
1329019701691904000,negative,0.0003993644680897826
1329019704162172928,negative,0.11561076203883044
1329019707752669186,negative,0.32506685266967134
1329019708419559424,negative,0.22165941695083535
1329019708595724288,neutral,0.3312027063160738
1329019710306996224,negative,3.226446243901847e-07
1329019711615602688,negative,0.15540233172630602
1329019721732284418,negative,6.692493262714307e-06
1329019721954582531,negative,0.005784373614114874
1329019726119526400,neutral,0.4274047939449264
1329019729848266753,neutral,0.4739607432362514
1329019730045382657,negative,0.020204694205393295
1329019734126440448,negative,0.015438866360663377
1329019737255325698,negative,0.0005991009344532082
1329019739520311296,negative,0.016379767777007094
1329019740266897410,negative,0.04006195630799977
1329019742624083969,negative,0.0002387912145720936
1329019744847089664,negative,0.004309168378308152
1329019745564233728,negative,0.05525231984304584
1329019746222804993,negative,0.17939094985489898
1329019750861721603,negative,0.0029108674544030613
1329019750995865600,negative,0.014810787656672717
1329019752136777729,negative,0.01092962030056601
1329019753445416961,negative,0.10422803909469577
1329019755295072256,negative,0.24627051832766736
1329019756972826624,negative,0.07433971379683346
1329019763759194113,negative,0.0031625750806430555
1329019770235129857,negative,0.001697616967315045
1329019772076388352,positive,0.9702198876941389
1329019772852432898,neutral,0.46511884455441777
1329019780704120832,negative,0.04656614991157646
1329019780888731650,negative,0.21336248031427016
1329019782683877376,negative,0.024776968080223
1329019786018381833,positive,0.8794400731486101
1329019790753755137,negative,8.962455720801522e-08
1329019793840754690,neutral,0.3525924416689671
1329019798102159362,negative,0.00018812041474640525
1329019801444945920,negative,0.018750763980182758
1329019814162075648,negative,0.2149273208507936
1329019815399452672,negative,0.0013778522313392931
1329019817291112454,negative,0.17798673353618458
1329019822273941506,negative,0.08301289864159057
1329019822764675078,negative,0.0016733281655344058
1329019824782053377,negative,0.08432224283273156
1329019834248663046,negative,1.0322520382957709e-08
1329019834768760832,negative,1.163634614859314e-09
1329019846152089600,negative,0.232212501029272
1329019854091849730,neutral,0.392441398563998
1329019855052419072,positive,0.9665851817317691
1329019855350194176,negative,1.7506643606126318e-05
1329019855748685826,neutral,0.49789225920557484
1329019859401928706,negative,0.03629979656151999
1329019861830340608,negative,0.055822319448470395
1329019862446903301,negative,0.09216250228767449
1329019863784955912,neutral,0.5869567557510148
1329019868306427908,negative,0.00010964868043798394
1329019870193782784,negative,0.11042178725430873
1329019870353248256,neutral,0.3726847435457324
1329019871825436673,negative,0.000524208876221444
1329019872332959744,neutral,0.5734576952979002
1329019876665647105,negative,0.0053440456215372275
1329019877588348934,negative,0.0011671364263671556
1329019878918021121,negative,0.0011302621827079169
1329019880725770245,negative,1.4546292380122821e-05
1329019884253175809,negative,3.7554325383705224e-06
1329019884748107779,negative,0.0014718304566061385
1329019886622879749,negative,8.666230785272969e-06
1329019886912335873,positive,0.786999764443547
1329019887784783872,negative,0.004327516078294463
1329019888032223234,negative,0.2763734918009555
1329019890808786944,negative,0.00042955515520145914
1329019896001388546,negative,0.035389631658556624
1329019901042962433,negative,0.00248542855102667
1329019902129278976,negative,0.0527831882448617
1329019902217383936,negative,0.025919870483073933
1329019903454666753,negative,0.0003841119281304415
1329019904511545345,negative,0.00016757716458009337
1329019906411683842,negative,0.051767296684357075
1329019908496232448,negative,0.08399416828928222
1329019927081095168,neutral,0.49789225920557484
1329019928112934915,negative,0.19151105241715685
1329019929987780610,negative,0.01588939258798523
1329019930839232513,negative,0.000277881601542893
1329019931812302849,neutral,0.5869567557510148
1329019932596707329,negative,0.01699442003720968
1329019933523578880,negative,0.12267736682181389
1329019936015060993,negative,3.226446243901847e-07
1329019936983937031,positive,0.9665851817317691
1329019940532342785,negative,0.05934446305362689
1329019942004461570,neutral,0.5823774400565197
1329019942763683841,neutral,0.4739607432362514
1329019946618269699,negative,6.985642655104151e-05
1329019956223221760,negative,3.47656828010805e-07
1329019959918415872,negative,1.4546292380122821e-05
1329019960186843137,neutral,0.46764355068197516
1329019960300023808,negative,0.00013687199333096124
1329019969494016001,negative,0.1124344171664815
1329019970928381953,negative,0.09031254508943559
1329019973671538688,negative,0.21336248031427016
1329019978704621569,negative,0.052683415265243866
1329019983259717634,negative,0.026584816354132807
1329019983423221770,negative,0.07933322297291062
1329019988259319808,negative,0.010320231446011024
1329019988531957760,negative,0.10052411813022069
1329019988573872129,negative,0.017420009609758497
1329019992361345024,negative,0.009551179835193317
1329019992487190530,negative,0.3230744654010312
1329019992688484352,negative,0.006520658489016878
1329020000036925440,negative,0.0015458586673616362
1329020004843532288,negative,0.08080750041251203
1329020011596439553,positive,0.8794400731486101
1329020015903977474,negative,0.08301289864159057
1329020019716608002,negative,0.0026630985980813093
1329020020744212483,negative,0.028225028730044087
1329020022371577857,negative,0.01201561459841725
1329020024938508289,negative,0.00016757716458009337
1329020025970286592,negative,0.023240485328416462
1329020029841649665,negative,5.990674647194427e-07
1329020031477411841,negative,0.1938943240264323
1329020034652450816,neutral,0.45806818609295935
1329020034832797696,neutral,0.6427053570100387
1329020035969417216,negative,0.061998125176157486
1329020039463366664,negative,0.00246705905206245
1329020042101526530,neutral,0.49789225920557484
1329020050070712320,negative,0.0011302621827079169
1329020050947383296,negative,0.07022820510673637
1329020051727454210,neutral,0.49789225920557484
1329020051773550594,positive,0.7105047480073482
1329020055066128388,negative,0.09039963034251768
1329020055586267138,negative,0.07409858964317478
1329020055854714887,negative,8.479444205153872e-09
1329020057427603456,neutral,0.4496294498258171
1329020057465335808,negative,0.12725058825060998
1329020061189894146,negative,0.07864751465085904
1329020061269504002,negative,0.12267736682181389
1329020062624329729,negative,1.587688132075263e-06
1329020064188739585,negative,0.26243960853174636
1329020064432074755,positive,0.7894527330722895
1329020065463873538,negative,0.00016372363350132364
1329020066441162752,neutral,0.4529542544172304
1329020069423280129,negative,0.024152014270810603
1329020073026215938,negative,1.0320558737937065e-06
1329020076171923458,negative,0.21336248031427016
1329020076247420938,negative,0.07797860060294959
1329020076796899328,neutral,0.4739607432362514
1329020078122209287,positive,0.6646393315409048
1329020079816794112,positive,0.7832155778539623
1329020080152219652,positive,0.9650361232018405
1329020082656321539,negative,2.8474746978853513e-06
1329020085139345409,positive,0.9154392987087047
1329020085516832769,neutral,0.6196624453079685
1329020085655265281,negative,0.3029968537174699
1329020086498242561,negative,0.12253329429980597
1329020087609810944,negative,0.051808576745814336
1329020087660146691,negative,0.003070554251736256
1329020089128153089,neutral,0.5925831372749748
1329020091430789121,negative,6.931110998790734e-07
1329020093326651392,negative,2.701709639059038e-06
1329020093674745856,negative,0.09192056069640865
1329020096862449666,negative,0.022851680047793886
1329020099462909952,negative,0.2726549839527174
1329020102382063616,neutral,0.49789225920557484
1329020105800335360,negative,0.00309087327929434
1329020109403410433,negative,0.023824533231896657
1329020109579489280,neutral,0.5944463291520751
1329020111232114700,negative,0.027043638028099354
1329020124993564672,negative,0.0635000139440202
1329020131209596928,negative,0.007084653972840051
1329020134921547776,negative,2.1628962660403615e-05
1329020135911387136,negative,0.12753179323594807
1329020136779558915,negative,0.2541875905354673
1329020148716630023,negative,0.09031254508943559
1329020152810254336,negative,3.47656828010805e-07
1329020159944765440,negative,0.06020140840588272
1329020167234281473,negative,0.014810787656672717
1329020174066913283,negative,0.005841050596254425
1329020178357694465,negative,0.0006879397490798425
1329020179649589248,negative,0.024152014270810603
1329020179662168066,positive,0.9987132008237832
1329020182367449089,positive,0.7492640488558922
1329020190387007489,neutral,0.49789225920557484
1329020197152362498,negative,0.024152014270810603
1329020206597988353,negative,0.010320231446011024
1329020209747922949,negative,0.020283663721498896
1329020221756239872,negative,0.0028057754378816185
1329020222381154305,negative,8.200574740891983e-09
1329020232615292930,positive,0.7492640488558922
1329020236440489984,negative,0.0010183156150893257
1329020238550212609,negative,0.17206328267580015
1329020239187677186,negative,0.0063056009622547635
1329020241549156353,neutral,0.4737554465528978
1329020244602605569,negative,0.0002707865395298872
1329020245235871747,negative,0.3107846690337397
1329020246448017408,negative,1.94122954281101e-05
1329020249337982977,negative,0.029607366399839612
1329020250646573056,negative,0.019500166721486894
1329020250709487616,negative,7.6092029678402315e-06
1329020250759819267,negative,0.11301079900902951
1329020251292438528,negative,0.043875082704029164
1329020252831834112,negative,6.476101626179708e-05
1329020255155326976,negative,4.9223048462637325e-05
1329020255340015616,negative,0.011855179808599818
1329020260113059841,negative,0.06394615576782285
1329020260649996290,negative,5.5853971324279156e-05
1329020261618700288,negative,0.00016757716458009337
1329020261694377990,neutral,0.56353722304687
1329020261950222336,negative,0.0011302621827079169
1329020263732809728,negative,0.006718561113907357
1329020264252846085,negative,0.2726549839527174
1329020264609353730,negative,0.0031625750806430555
1329020264894631936,negative,0.00019696674028494478
1329020269319639040,negative,0.13024213845473448
1329020272494718978,negative,1.2696661098869526e-09
1329020272926724100,neutral,0.5149755952874235
1329020275036483584,positive,0.8723739772531646
1329020275153920005,negative,4.000348881363847e-05
1329020275162292224,negative,0.023605038881907656
1329020275166502912,negative,0.019548097475315326
1329020277456564225,negative,0.18731589337963
1329020278358368256,negative,0.0002924522085835929
1329020280103182337,positive,0.7105047480073482
1329020282275852289,negative,0.020659779854631216
1329020283764813825,negative,0.12267736682181389
1329020284393971715,negative,0.1328549149471015
1329020285689995266,negative,0.28401638108126676
1329020286457552896,neutral,0.3429157670677635
1329020287384477696,negative,9.398863439940224e-05
1329020287455694849,negative,0.0006052295066423665
1329020288340783105,neutral,0.3499352441185855
1329020289015902208,negative,0.0011616607108033575
1329020291520061440,negative,0.0008943662349364333
1329020292119883777,negative,0.0011302621827079169
1329020292262481921,negative,0.0024624217752741697
1329020292400820224,negative,8.289484481398255e-05
1329020294196056064,negative,0.1339188942089815
1329020295961776130,negative,0.0461300893989091
1329020296561627137,negative,0.3228263070549179
1329020303473844225,neutral,0.37482856687450533
1329020305269006336,negative,0.02636084398041081
1329020305386450945,negative,0.015757721180406577
1329020307240329217,neutral,0.4080348344460168
1329020308502827008,negative,0.09114173435270351
1329020310855815168,negative,0.11032242358353439
1329020311300345857,negative,0.0027229548408834246
1329020311375933441,negative,0.010500067700481026
1329020311698862081,negative,7.4476726379857935e-06
1329020313464676355,negative,0.0090069164753647
1329020314941009924,positive,0.7105047480073482
1329020315201138692,negative,0.008626267883004102
1329020315402444802,negative,0.21336248031427016
1329020317348532224,negative,0.22443070090223505
1329020335807729664,negative,0.006963894836936856
1329020338991210498,neutral,0.4729006336714724
1329020346037624832,negative,0.25909365681317703
1329020351356022784,neutral,0.40618659954576075
1329020355181236224,negative,0.09031254508943559
1329020357785825281,negative,0.16146953319818114
1329020360742883334,negative,0.19815210764665753
1329020368124858369,negative,0.11494002224316069
1329020368292634624,negative,0.038043883715251525
1329020383136247811,neutral,0.440292589938027
1329020389662584832,neutral,0.34671943188045445
1329020391470338049,negative,1.0019499177741165e-05
1329020392363732992,negative,0.03083833590847227
1329020394255298560,neutral,0.3398307959813537
1329020407970729991,negative,0.2676978279670254
1329020413679181832,positive,0.9980892263803205
1329020414161526786,negative,0.005757017791787329
1329020420163477504,neutral,0.3648490144406387
1329020427344236549,negative,0.049116881680582695
1329020427524595712,negative,0.1339600485826296
1329020430536101888,negative,0.043875082704029164
1329020431559516162,negative,0.09990653106022511
1329020434038317056,negative,0.12220667078410966
1329020437242720257,neutral,0.3823916724275486
1329020437716750337,negative,0.05934446305362689
1329020440652681216,negative,0.054072299777719775
1329020441294372866,negative,1.7029631649081368e-07
1329020442586337286,neutral,0.49789225920557484
1329020445904019462,negative,0.11446926254531847
1329020449251004416,negative,3.399227573611385e-05
1329020452153462785,negative,0.0009970816460732129
1329020452791070723,negative,0.0007822960024146676
1329020455701934082,negative,0.0020967002266656606
1329020457622835200,negative,0.01897175086643638
1329020462869975041,negative,0.001204414662650192
1329020463872421888,negative,0.15524395955023354
1329020464665161728,neutral,0.5093266689637628
1329020466032504832,negative,0.15074940908134762
1329020466984587264,negative,0.0012157086977002828
1329020467081060353,negative,0.00046801011846847926
1329020467244568581,negative,0.00046801011846847926
1329020469564104704,negative,0.0012835053263937476
1329020473297014787,neutral,0.43143461162221
1329020473661943808,neutral,0.5869567557510148
1329020476157530112,negative,0.0011302621827079169
1329020478254673921,negative,0.05351352318551706
1329020480246910976,negative,0.1121998890498829
1329020483182997509,negative,2.7416844725558167e-09
1329020484307083266,negative,0.00042955515520145914
1329020487658336256,negative,9.658248603826991e-05
1329020488132288513,positive,0.6702897099861256
1329020490166493184,neutral,0.49789225920557484
1329020491332513793,negative,0.032205680395099086
1329020493056385025,negative,0.01897175086643638
1329020493438066688,neutral,0.375644913682984
1329020493610049536,negative,0.007228682610998135
1329020496768274432,negative,1.270765488764934e-06
1329020496856428544,negative,1.7645842956002583e-06
1329020498706051074,negative,0.000524208876221444
1329020510072606721,neutral,0.49789225920557484
1329020518297702401,negative,0.014630685267525884
1329020520499732481,neutral,0.5136446707795853
1329020521095237633,negative,0.09571534368930126
1329020522294874113,positive,0.9702198876941389
1329020522391330824,negative,1.0002834314813851e-09
1329020523133739008,negative,0.08869169636798926
1329020526761832448,positive,0.9407107254655719
1329020539051143168,negative,0.18768375925413985
1329020547607515141,negative,0.3149193458092606
1329020556423925760,neutral,0.47697210391394973
1329020559909412866,negative,0.000524208876221444
1329020561335472128,negative,3.4203700561707594e-05
1329020576355250176,negative,0.21336248031427016
1329020577219284994,negative,0.01824918069814439
1329020582277619712,neutral,0.49789225920557484
1329020584127303680,negative,0.02294026600567643
1329020584827744256,negative,0.09084457373129026
1329020584873877509,negative,0.08223987642784159
1329020594273349632,positive,0.869162244721484
1329020597024804864,neutral,0.49789225920557484
1329020598341808129,negative,0.033457390410758674
1329020600942288896,negative,5.956240850605333e-09
1329020604385783813,negative,0.0005399595502855801
1329020604578729984,negative,0.004502366712016334
1329020612862480384,neutral,0.4388233115909773
1329020613411938305,neutral,0.49789225920557484
1329020618088570884,positive,0.6890963448775574
1329020619099312129,negative,0.0009967320249947512
1329020619623718912,negative,0.00016757716458009337
1329020622534553600,negative,0.1239960229531552
1329020623457284097,negative,0.0007754325732090331
1329020624702943234,negative,0.004176274090751977
1329020626531659776,negative,0.0012835053263937476
1329020627248943104,negative,0.05674299497400373
1329020628356247554,negative,5.771850103477163e-06
1329020628515622915,negative,1.2525308429308513e-08
1329020628964417536,negative,1.395593403289572e-07
1329020631384543233,negative,0.0011302621827079169
1329020636258299905,negative,0.000144227715655049
1329020636673486849,negative,1.3303633475673214e-06
1329020637227196421,neutral,0.49789225920557484
1329020638917513218,negative,4.917134732615782e-11
1329020639911534593,negative,5.0283715814058975e-06
1329020639974395905,negative,0.18325585522689222
1329020640112861185,negative,1.98145939607756e-06
1329020640439963657,negative,0.21336248031427016
1329020645129269249,negative,0.005643565222705163
1329020646391754752,negative,0.019481541937850136
1329020647377395712,negative,0.08113452229246285
1329020647608094720,neutral,0.4546329802963926
1329020649252249600,negative,0.10257797504384468
1329020651743666176,neutral,0.43143461162221
1329020652649582593,negative,0.022729707257740928
1329020652758642689,negative,0.0008279261097707884
1329020653597585408,negative,0.13489536278499822
1329020653786320896,negative,0.0003145125239700642
1329020655262642176,positive,0.9702198876941389
1329020656416153600,negative,0.2522817600246395
1329020658014167040,negative,0.00040927448186164276
1329020659985428480,negative,0.20618299871580503
1329020660430086146,negative,0.00012194539803485068
1329020662304923650,negative,0.055822319448470395
1329020663475134464,neutral,0.6552358152528517
1329020668889985030,neutral,0.38685675479803405
1329020673814130689,negative,0.00012796592413210776
1329020673956646912,neutral,0.5734576952979002
1329020676829753344,negative,0.06799269070879138
1329020678692089856,neutral,0.5734576952979002
1329020679082168321,negative,0.13965942502578438
1329020684857712640,negative,0.09031254508943559
1329020688422875136,negative,0.05445803803389359
1329020689018449923,negative,0.2647074915083386
1329020705434955776,neutral,0.49789225920557484
1329020705707593729,neutral,0.4737554465528978
1329020705980243969,negative,8.371093714444629e-08
1329020708295348225,neutral,0.349847306244316
1329020718923849729,negative,0.2471051277119641
1329020725945098241,negative,0.0031625750806430555
1329020726846885889,negative,3.7757744434143394e-06
1329020731238326273,negative,0.04376155921298742
1329020744471343107,negative,0.12188388017780136
1329020745599623168,negative,0.20439966089722336
1329020750225940483,negative,0.07792166719890212
1329020752390189058,negative,0.14958487610918583
1329020755850498050,neutral,0.40618659954576075
1329020756932632578,neutral,0.35509496682161057
1329020758249656321,negative,4.852190881483485e-05
1329020769758818304,negative,0.0993761610839565
1329020790692569089,negative,0.01332480379315507
1329020793121099777,negative,0.3068863236225354
1329020793599242241,negative,0.07707634632904857
1329020795725680641,negative,0.005556931001609556
1329020796736561153,negative,0.01152237166468396
1329020798061916160,negative,0.0012989705350379798
1329020801341861890,negative,0.0008943662349364333
1329020806081507328,positive,0.7105047480073482
1329020809508216832,negative,1.1726688563264644e-08
1329020813606006785,negative,0.12267736682181389
1329020817389314049,neutral,0.5734576952979002
1329020818639249413,negative,0.0011302621827079169
1329020818807001088,negative,0.1764220389199957
1329020819033501696,negative,0.0011302621827079169
1329020819951980546,neutral,0.4496294498258171
1329020821948522496,negative,0.022729707257740928
1329020822179155969,negative,4.6561436650016065e-06
1329020824007946242,negative,0.009865893368650047
1329020827443064834,negative,0.12725058825060998
1329020828391006210,negative,0.0322516255921586
1329020829368201216,negative,2.7416844725558167e-09
1329020834669867008,negative,0.26867818417081063
1329020835445805056,negative,0.12267736682181389
1329020835999457281,negative,0.01712119703433119
1329020838226571264,negative,0.001566706402282596
1329020839694626823,negative,0.011505500493063033
1329020845033918465,negative,0.0027566673555279642
1329020847189872641,neutral,0.5093266689637628
1329020849324773377,positive,0.7120876374251325
1329020849354059776,neutral,0.49789225920557484
1329020851421933568,neutral,0.41627839704783026
1329020856287322113,negative,0.24337704051622627
1329020864218664960,negative,0.061998125176157486
1329020864696868864,negative,0.15111405778934878
1329020866903109634,negative,0.09031254508943559
1329020866928254977,negative,0.038663137551945254
1329020870141091847,negative,0.004573222774041933
1329020870912782336,negative,3.6777241824834995e-07
1329020878038949889,negative,0.09137794883723176
1329020885605474307,negative,2.3532706725843204e-08
1329020886763122688,negative,0.00016757716458009337
1329020889921417221,negative,3.226446243901847e-07
1329020891548749824,negative,0.03449392122161525
1329020899639570432,negative,0.09031254508943559
1329020907118006273,negative,0.00040500169167648203
1329020907633905665,negative,0.014810787656672717
1329020913249968131,neutral,0.49789225920557484
1329020928009920512,negative,0.11885277924226624
1329020928378998784,negative,1.2525308429308513e-08
1329020932405424131,negative,0.08587255142697986
1329020936755044355,negative,0.16082662128924735
1329020938562789378,negative,0.21336248031427016
1329020945378521088,positive,0.8284551495537142
1329020945953140736,negative,0.0005995651729181047
1329020948473896960,negative,0.04792551743166598
1329020953301487617,neutral,0.49789225920557484
1329020953519599616,neutral,0.49789225920557484
1329020953746141184,negative,0.0018344910023309104
1329020955461623808,negative,0.024152014270810603
1329020957021835264,negative,0.21854591912038848
1329020958863220736,negative,0.19446848546737358
1329020962050895872,negative,1.4316069969131664e-08
1329020964936552448,negative,0.005146977893889079
1329020968216514562,negative,0.001589071909621939
1329020968963104768,negative,0.016750324393958727
1329020969432854529,negative,0.00031523040721817113
1329020970032619522,negative,0.0001978723516778656
1329020970582093824,negative,1.796423077180435e-05
1329020971043463176,negative,0.04566282621442584
1329020971798433793,negative,0.0033783116774199523
1329020971882328064,negative,0.04372782645260301
1329020972616343554,negative,4.388040263400936e-07
1329020973903998979,negative,0.004000567585024935
1329020978169602050,negative,1.3268492733266767e-09
1329020979603976193,negative,0.12267736682181389
1329020980807786500,negative,0.00032534085636069847
1329020981172645888,negative,0.16146953319818114
1329020981726367746,negative,2.677320683930717e-12
1329020982498095106,neutral,0.3939947314811011
1329020982506500096,negative,0.0002584499185512666
1329020982523260933,negative,0.04634274529010759
1329020984322641920,negative,0.03495286226922378
1329020985899692033,neutral,0.33882329142327267
1329020987728420867,negative,0.09016725050128345
1329020990567960577,negative,0.010320231446011024
1329020993709486082,negative,0.000524208876221444
1329020997467578368,neutral,0.3933474240354737
1329020998054797313,negative,0.06437834400764623
1329020998432284673,negative,3.3913008341782355e-06
1329020998625193984,negative,5.627598467812089e-05
1329021001405960192,negative,0.19151105241715685
1329021002613977091,neutral,0.375644913682984
1329021003075346432,negative,0.0012835053263937476
1329021004602077186,negative,4.818077106610114e-06
1329021006497910791,negative,0.027863874774268892
1329021008205008898,positive,0.7105047480073482
1329021008242733056,positive,0.892231771393314
1329021009379389442,negative,0.07817360101797204
1329021010172125185,negative,1.5011591391284796e-05
1329021011593924608,negative,0.0011302621827079169
1329021022620819456,negative,0.06961573221952988
1329021023895891969,positive,0.7105047480073482
1329021026022420481,negative,4.096276150948205e-05
1329021027687550976,negative,0.006875849003062972
1329021030116040705,negative,0.0011302621827079169
1329021033706377216,positive,0.696122761013903
1329021034754957314,positive,0.9147322188861609
1329021035379793920,neutral,0.3399151742862746
1329021036378066944,negative,0.0011302621827079169
1329021036520755214,negative,0.0011302621827079169
1329021036805971968,negative,0.01951979020266418
1329021037569335297,positive,0.7507167378400988
1329021041474199559,negative,0.0164354187055628
1329021043529412609,negative,0.24234591192923577
1329021045836136451,negative,1.8748541307241876e-08
1329021046696144896,negative,0.07689618795034348
1329021055420153856,negative,0.012507070621485572
1329021058901393409,negative,0.01267221797236512
1329021059090223104,negative,0.007696949660693529
1329021060138881026,negative,0.006338096318686008
1329021060403126272,negative,2.529568403884111e-08
1329021063511101441,negative,0.3100263457332534
1329021073082421253,positive,0.7105047480073482
1329021078233108480,negative,2.295529867024007e-09
1329021083517902849,negative,0.31820487300311295
1329021089171861504,negative,0.00012149320331596579
1329021093919731712,neutral,0.6518645102136338
1329021098583846914,neutral,0.438658726745286
1329021099099754496,negative,0.2255448866588348
1329021101335343104,positive,0.9702198876941389
1329021109816209409,positive,0.8798571459395171
1329021117831536641,neutral,0.49789225920557484
1329021126069129217,negative,0.10622421319651891
1329021131647569920,negative,0.11561076203883044
1329021134428368896,negative,0.0005473897008481354
1329021141785178113,negative,0.0006075593849125953
1329021144125632512,neutral,0.42568715556561537
1329021154070302723,negative,8.447261269531385e-05
1329021156020473856,neutral,0.49789225920557484
1329021158272987136,negative,0.06799269070879138
1329021158495318020,neutral,0.49789225920557484
1329021160504352770,negative,0.10622421319651891
1329021176845398016,negative,0.041492590471206264
1329021177164148739,negative,0.0011659733687293108
1329021177319350275,negative,0.18876125862185478
1329021177914925059,positive,0.8605351798987225
1329021179689119746,negative,0.0011302621827079169
1329021180670578690,negative,0.05933373972227327
1329021181584957443,negative,0.0011302621827079169
1329021182801305600,negative,0.0045791272563484526
1329021184059592714,negative,0.004502366712016334
1329021184235728898,negative,0.03601080043312087
1329021184713891841,negative,0.21047939707046714
1329021184986521600,negative,0.0027024482832184006
1329021188513931264,negative,5.758679891358817e-05
1329021190132871170,negative,0.00453287181369023
1329021192305594368,negative,6.133199374295321e-07
1329021192322363394,neutral,0.49789225920557484
1329021192708218881,negative,5.401887689190586e-05
1329021194050236416,neutral,0.49789225920557484
1329021198261506048,negative,0.12894742598418737
1329021199272321024,negative,0.043875082704029164
1329021200333418498,negative,0.3152667155901902
1329021200975138816,neutral,0.38013569993128365
1329021201151356941,negative,0.006581965006063042
1329021202233511937,neutral,0.5001337979289135
1329021207300222976,negative,4.813192750721222e-06
1329021209544183808,neutral,0.46986033805575034
1329021210357870592,negative,0.0005375069218926609
1329021210534023169,neutral,0.46127768308170247
1329021215068090368,negative,0.1268028451552595
1329021217718870016,negative,0.0017356896964293605
1329021217957875715,negative,1.0322520382957709e-08
1329021218469588992,negative,1.1727556255685259e-06
1329021221351133185,negative,5.081453384771307e-07
1329021221351141377,negative,0.000902116880519953
1329021221921546240,negative,0.15731595901615134
1329021223473455106,negative,0.04490857619928196
1329021225046257664,negative,0.000277881601542893
1329021227067912193,neutral,0.4998883280779116
1329021227202187267,negative,0.055822319448470395
1329021227877462016,negative,0.000142377406612787
1329021229630631936,negative,0.0009522672437583836
1329021233502023681,negative,0.02036554036742403
1329021237658595329,neutral,0.49789225920557484
1329021241576091650,negative,4.018740830091467e-06
1329021241706115072,neutral,0.4750237135524678
1329021241957629953,negative,0.003579572728663131
1329021242654003202,neutral,0.49789225920557484
1329021243740352516,negative,0.12267736682181389
1329021243903922177,negative,0.00021971245383062353
1329021256373587968,negative,8.120159662504236e-06
1329021257195655172,negative,0.07035889518021043
1329021257543782401,negative,0.0005995651729181047
1329021265928130560,neutral,0.4758632420460306
1329021269229133824,negative,0.3057856963123573
1329021269413662720,negative,0.09166980649205018
1329021277361872897,negative,0.015336370435858468
1329021279224147969,negative,3.0941222261339245e-10
1329021281975431174,neutral,0.49789225920557484
1329021296278179845,negative,0.03706015189069771
1329021297158991873,negative,2.9722259491685135e-06
1329021300434677760,neutral,0.45806818609295935
1329021314582114304,negative,0.0003596379063962148
1329021331212558338,negative,0.2828136932208214
1329021335683686408,negative,0.01675729034112058
1329021344227397637,neutral,0.4894886660404289
1329021344479137792,neutral,0.4463457405141289
1329021361604464641,negative,0.005442698197832716
1329021362296459266,negative,0.0005399595502855801
1329021362413989889,neutral,0.5734576952979002
1329021363051487234,negative,0.015587782373144364
1329021366813806602,neutral,0.4496294498258171
1329021370387279872,negative,0.010320231446011024
1329021371112943616,negative,0.16016096601079854
1329021371247169540,negative,0.14266760235158343
1329021373046530049,negative,0.033390237832884855
1329021373461786624,negative,0.014810787656672717
1329021374476685312,negative,0.01699442003720968
1329021375701463040,negative,0.055822319448470395
1329021377026936832,neutral,0.4297339210559422
1329021377509257216,negative,0.08042223072822186
1329021377807060992,negative,0.002703328980402946
1329021380847865856,negative,9.379713986894012e-10
1329021384719273985,negative,0.14315345856722236
1329021387734986755,negative,0.17816534177776933
1329021389223956480,negative,0.06509761981417224
1329021391350456322,negative,0.04293719177780903
1329021393170784257,negative,0.03593313905856857
1329021395469279233,negative,0.06404928018983923
1329021396123586561,negative,0.26379265205483066
1329021396714991618,negative,0.026925919430936543
1329021403882983424,negative,0.07393459354148145
1329021406856802308,negative,0.16016096601079854
1329021407632764934,negative,0.04856547827507407
1329021409461477377,neutral,0.49789225920557484
1329021409729908736,negative,0.20513808890659202
1329021412762333190,negative,0.0014124157086312732
1329021416583426048,negative,0.003600921206686329
1329021417908736001,negative,8.848025782914985e-06
1329021418634313731,negative,0.04988103493623848
1329021420094025729,negative,1.8318629746801898e-07
1329021421700358150,negative,0.04988103493623848
1329021424992997377,neutral,0.4737554465528978
1329021425026551808,negative,2.1258346868755952e-10
1329021426477699075,negative,0.002138014687743994
1329021428419747844,negative,0.014049337794290209
1329021428814000128,negative,0.08301289864159057
1329021429359267840,negative,0.008581435443833923
1329021432597188609,negative,1.9575666841197253e-05
1329021434270789633,negative,2.7416844725558167e-09
1329021449420627968,negative,0.04570238999947227
1329021453338075142,positive,0.7778107413733167
1329021453547671553,negative,0.00016757716458009337
1329021471717531654,negative,1.0019499177741165e-05
1329021471772057600,negative,0.09084457373129026
1329021473680396288,negative,0.00011803101090219498
1329021484799549441,negative,0.21336248031427016
1329021485055295490,negative,0.13182268563809624
1329021485143486468,negative,0.023420920583058585
1329021491845996544,negative,5.4253569583031643e-14
1329021497491460096,negative,0.00392048426578404
1329021504013676544,negative,0.24234591192923577
1329021505984925696,negative,0.018750763980182758
1329021507171995649,negative,0.013201312943529619
1329021516382691330,negative,0.0006945937049370187
1329021520971255808,negative,0.09031254508943559
1329021523307409409,negative,0.01699747805224011
1329021527308775431,positive,0.999692330308313
1329021529871544320,negative,0.09038159571325613
1329021531578540033,negative,0.07290627448196205
1329021545080102912,positive,0.7296566158112628
1329021545969291264,neutral,0.4739607432362514
1329021546623623169,negative,0.003975799648919902
1329021547747684352,positive,0.6961589414324505
1329021548901101568,negative,0.01683998768339763
1329021549014364161,negative,0.12267736682181389
1329021549135994883,negative,0.0011302621827079169
1329021549291114496,positive,0.9932656182683107
1329021549614157825,negative,0.0009522672437583836
1329021552394952706,negative,4.1170731237424196e-05
1329021552952823808,negative,0.10622421319651891
1329021554332721153,neutral,0.44568015957351137
1329021554341064704,negative,9.849833056132166e-05
1329021556106948609,negative,4.57926475112796e-10
1329021557998559232,negative,0.22209334935939248
1329021558669651970,negative,0.0002331451025317994
1329021558912921600,negative,0.0001978723516778656
1329021559076433921,neutral,0.49789225920557484
1329021560385056776,negative,0.00938776149765537
1329021561433571330,negative,0.061998125176157486
1329021562440265728,neutral,0.3917157760839249
1329021562704588801,neutral,0.5355011948441393
1329021567213432836,negative,0.0007220676762343841
1329021569612603399,negative,0.2031218527706539
1329021572468846593,negative,0.005032145146513448
1329021573064503298,negative,0.014344694268659197
1329021573274152960,negative,3.3913008341782355e-06
1329021581285351424,negative,0.13489536278499822
1329021581738336258,negative,0.09192056069640865
1329021582149382146,negative,0.06642029974503583
1329021584393334784,negative,1.1153824225665358e-07
1329021586213642242,negative,0.10622421319651891
1329021586586939399,positive,0.8817518150484144
1329021587908157440,negative,0.1752652629782037
1329021588998647809,negative,8.793783031024101e-05
1329021589749370881,neutral,0.47451872198762046
1329021591443922944,negative,0.0011302621827079169
1329021592219869185,positive,0.8769639281999186
1329021592958099458,negative,0.014810787656672717
1329021593499078657,negative,0.15461117737301308
1329021597580136450,negative,0.002935242650885233
1329021598427467778,neutral,0.49789225920557484
1329021599773757440,negative,0.18227611833650834
1329021600142921728,negative,0.028224431018580704
1329021600503640065,negative,0.0001304642124828803
1329021602823073794,negative,0.055822319448470395
1329021603762614274,negative,0.010087913818806745
1329021603779231744,negative,0.013591855595466487
1329021604454690820,negative,0.09031254508943559
1329021605075415042,negative,2.805111919535622e-06
1329021605708763142,negative,0.0006044185779449241
1329021607529033730,positive,0.9932656182683107
1329021608913227785,negative,0.00018220272117561477
1329021609353605120,negative,0.00016834728003099384
1329021611815673857,negative,3.699215535675243e-07
1329021612499283968,negative,0.004294509313812785
1329021613535334400,negative,2.654072323508192e-05
1329021614353121281,negative,0.001696944690601443
1329021616681005056,negative,0.000277881601542893
1329021618149093376,neutral,0.49789225920557484
1329021618203611137,neutral,0.3823916724275486
1329021619134672897,neutral,0.48877574470347024
1329021620963381248,negative,0.09016725050128345
1329021623182258178,negative,0.04782757060077636
1329021623509377024,positive,0.8525563956944027
1329021624172113920,negative,0.055822319448470395
1329021628181786627,negative,0.06645116582047245
1329021640794132481,negative,0.01985777387041703
1329021644774453248,negative,2.5729168927829923e-05
1329021645529419778,negative,0.25554322879851293
1329021652982767616,negative,0.001480931646548985
1329021664416460802,negative,0.32087537890068896
1329021668971393030,negative,0.004215897325882273
1329021669172711424,neutral,0.46127768308170247
1329021679675256832,negative,4.388040263400936e-07
1329021683500539905,negative,0.00028147250963659736
1329021690072993792,negative,0.014810787656672717
1329021693684117505,negative,0.010479216822788831
1329021697828286464,neutral,0.49789225920557484
1329021699086569476,negative,0.01867097593196612
1329021699879276547,negative,0.10622421319651891
1329021700273545217,negative,0.09016725050128345
1329021703138267136,positive,0.7667337652707545
1329021703528308737,negative,0.26569869204662905
1329021703767330817,neutral,0.5163586099863631
1329021708330790912,negative,0.09038159571325613
1329021708926390275,negative,0.003202751601686229
1329021711317135360,negative,0.015485322002026698
1329021718686535680,neutral,0.49789225920557484
1329021719957426177,negative,0.05894785365503472
1329021721437986816,negative,0.08080750041251203
1329021724340465667,negative,0.0019673564354370965
1329021724394926084,negative,0.012733965306920133
1329021725426786307,negative,0.024152014270810603
1329021730145308673,negative,0.0021207997775193094
1329021733106544642,neutral,0.46565942483801975
1329021733966389249,negative,0.02036554036742403
1329021735010783232,negative,7.682135216856165e-05
1329021735753146370,positive,0.9170933624814558
1329021736541712384,negative,0.024459497652789385
1329021741033607171,negative,0.15524395955023354
1329021741079932928,negative,0.0020056140925001804
1329021744900927489,negative,0.09192056069640865
1329021745232293888,negative,0.0510018445644073
1329021746104692737,neutral,0.5734576952979002
1329021747719495680,positive,0.7433237683964015
1329021748084346880,positive,0.9946891180195289
1329021748415705088,neutral,0.49789225920557484
1329021748893900800,negative,4.9223048462637325e-05
1329021749233672193,negative,0.055822319448470395
1329021749346885632,negative,0.19151105241715685
1329021749711794179,negative,0.012812339572195668
1329021750848483328,negative,0.001368302344543205
1329021750961729536,positive,0.9787314447511025
1329021752878526470,neutral,0.33882329142327267
1329021753448927232,positive,0.7105047480073482
1329021756204584962,positive,0.8828096164316794
1329021756707909632,negative,1.7029631649081368e-07
1329021757190234117,negative,0.051485685008508406
1329021757253095424,negative,4.100030569686095e-06
1329021758020743169,neutral,0.49789225920557484
1329021758322724864,negative,2.470904806955953e-07
1329021759631331329,negative,0.0006883736217231612
1329021760088416256,negative,7.521422087465795e-10
1329021762256953344,negative,4.1944238766354056e-05
1329021763351699456,negative,0.15297793932430379
1329021764677021697,negative,0.000524208876221444
1329021765213970435,negative,3.259302371459557e-06
1329021768154144768,neutral,0.5471493912210927
1329021768464539648,negative,2.645694451884897e-05
1329021769676693505,negative,0.12267736682181389
1329021771614457856,neutral,0.5734576952979002
1329021773329944576,negative,0.049116881680582695
1329021774495887361,negative,0.004772004580325495
1329021777436094464,negative,0.0005026422524028129
1329021777536823300,negative,0.0006032570089044593
1329021778170097672,negative,0.1729436266509832
1329021778409230337,positive,0.9852247762944916
1329021778958688262,neutral,0.41956321267742214
1329021779260678146,negative,0.014400943834951205
1329021779587772416,negative,0.05292652953732764
1329021779600347142,negative,0.056910435579797164
1329021779965321218,negative,1.9544650302868093e-09
1329021783379329024,positive,0.9960246298465882
1329021784537112578,negative,0.09031254508943559
1329021784927203328,negative,0.0012835053263937476
1329021785228992512,negative,0.10912448719439469
1329021785313042432,negative,0.09031254508943559
1329021785518600192,negative,0.018750763980182758
1329021790161678336,negative,8.200574740891983e-09
1329021790522372096,negative,0.07394545603301508
1329021791520649216,negative,0.2554443211504908
1329021793156390912,negative,1.5993669492934372e-06
1329021793986895872,negative,0.09016725050128345
1329021794162905088,negative,0.00033542495538610976
1329021794322444288,negative,0.017816918491332826
1329021795052220416,negative,0.001295405221740117
1329021795140313088,negative,0.07393459354148145
1329021795391959041,positive,0.7105047480073482
1329021796134379520,negative,1.1314117999041639e-07
1329021798101381120,negative,0.022729707257740928
1329021800508960768,negative,0.0069972898761330215
1329021800827777024,negative,0.015936995757780445
1329021801775697920,negative,0.09665352315852625
1329021802174181376,negative,0.019988867870057228
1329021802610356224,negative,0.07515431499195
1329021803038117892,negative,1.585205827767824e-05
1329021803797340162,negative,0.07247944008606926
1329021806393630720,negative,0.00555151231554743
1329021806934695936,negative,0.00027733906812623966
1329021807333154817,negative,0.055822319448470395
1329021809027653634,negative,0.000928909665851643
1329021809673592834,negative,0.14720683121191502
1329021809870729216,negative,0.0002717771897953223
1329021810164297728,positive,0.9814222793249867
1329021810734723075,negative,0.0084559616597948
1329021812940869634,negative,3.558603765436274e-05
1329021817038712832,negative,0.12267736682181389
1329021820373245952,negative,0.0001447251751067093
1329021821052661760,negative,0.09849089545692341
1329021821090484225,negative,0.0011302621827079169
1329021822558416896,negative,0.05519790868822098
1329021823233744896,negative,0.013183531201483892
1329021823317536770,negative,0.15297793932430379
1329021823711850496,negative,0.016407285682276746
1329021824496177152,neutral,0.5337424604275052
1329021824789778432,negative,0.020005086230109118
1329021827142873090,negative,0.012014455516327146
1329021828841422848,positive,0.7945102884001408
1329021828900270082,negative,0.020692716215973753
1329021831576248320,negative,0.0015422425547668014
1329021832096337921,negative,0.21624208549544288
1329021832104714243,negative,0.00015057702853542364
1329021832796778496,negative,2.677320683930717e-12
1329021833388191745,negative,1.2525308429308513e-08
1329021833807597569,negative,0.050971257975582177
1329021833954385921,neutral,0.5567990967703451
1329021835074211840,negative,0.12725058825060998
1329021837737660417,negative,0.03198117681915195
1329021838370934792,negative,0.03823905190032195
1329021838589112321,negative,0.000277146940062484
1329021839620902913,neutral,0.37679209754895876
1329021841508347904,negative,0.23009117739005716
1329021841764212736,neutral,0.5734576952979002
1329021842095546368,negative,1.2525308429308513e-08
1329021845425823744,negative,0.11150500586713978
1329021846545698818,neutral,0.4352470028878872
1329021847946539008,negative,0.009244895141346774
1329021848147922944,negative,6.744223092228825e-07
1329021849116676097,positive,0.9344938306397181
1329021849825632263,negative,0.08764594436508201
1329021850660298753,negative,0.02776575429183825
1329021852220600321,negative,0.30743550277961307
1329021852413538304,negative,4.168883570730786e-05
1329021855156539394,negative,1.2525308429308513e-08
1329021857035653120,negative,0.000277881601542893
1329021857601884161,negative,0.018750763980182758
1329021858587566080,negative,0.03312309945667965
1329021862853095427,neutral,0.4806394124632727
1329021865319346177,negative,0.0018366729865006576
1329021866015592449,neutral,0.4940440453106599
1329021866120540160,neutral,0.5734576952979002
1329021866703544320,negative,0.012014455516327146
1329021867374604290,positive,0.7105047480073482
1329021870079926272,negative,0.0006947620724139676
1329021871149420551,negative,0.13783547463609122
1329021873196310528,negative,0.010848046081751635
1329021874530119680,negative,0.004176274090751977
1329021874542702599,negative,1.4546292380122821e-05
1329021875775823872,negative,0.07805847069082791
1329021882708975622,negative,1.8344758499485777e-06
1329021882708992007,negative,0.03782329053471709
1329021882868363266,negative,0.00027733906812623966
1329021884927795200,negative,0.22209334935939248
1329021886106378242,negative,0.23009117739005716
1329021888375435264,negative,8.896362992795109e-05
1329021888673308673,negative,0.12725058825060998
1329021889646391296,negative,0.03174554724775216
1329021893635137537,negative,0.03647091886799644
1329021893769383937,negative,0.0012835053263937476
1329021893878444032,negative,0.09016725050128345
1329021895140925441,negative,0.043850364526208566
1329021895480578048,neutral,0.5734576952979002
1329021897233870851,negative,0.0003287988179640756
1329021897460342785,neutral,0.5734576952979002
1329021900127936514,negative,0.005069707265877095
1329021900392108034,positive,0.9994321039587377
1329021901184884737,negative,0.000524208876221444
1329021902933913603,negative,0.30378555130327245
1329021904376705028,negative,3.79925996889158e-05
1329021905412689923,negative,0.03907204097735994
1329021907476361216,negative,0.026187950335302995
1329021911066619905,negative,0.05594860048072552
1329021911163170817,positive,0.9878399854137578
1329021915969822720,negative,0.004502366712016334
1329021920344465412,negative,0.3237559411869768
1329021923142070273,negative,0.31251327812974533
1329021923364368385,negative,0.00345334924763276
1329021923817369600,negative,0.05021037365614759
1329021924828209153,positive,0.9733190803573936
1329021925939671042,negative,0.0008340050677908665
1329021925981622275,neutral,0.4609990033007611
1329021926786945025,neutral,0.6465102078588633
1329021927277662210,neutral,0.3634021766092799
1329021931098607618,negative,0.05021037365614759
1329021931996270595,negative,4.7299085128596333e-05
1329021932403109888,negative,0.07072211752476654
1329021934051450884,negative,0.23009117739005716
1329021934676348931,negative,0.02551806008446379
1329021935049711617,negative,0.004502366712016334
1329021936064729088,positive,0.773406275213001
1329021937218170880,negative,0.001945832981276733
1329021937474035713,negative,0.019584487441481092
1329021941299220487,neutral,0.42028364307867555
1329021942184210433,neutral,0.4232356347035788
1329021944344301568,negative,0.004083489196539477
1329021944499490817,negative,0.04566282621442584
1329021946793762816,negative,0.05131715038428218
1329021947619971077,negative,0.19688301479984668
1329021948077207552,negative,0.03174554724775216
1329021948077207553,negative,0.022729707257740928
1329021948618301440,positive,0.9962102602195994
1329021950086279168,negative,0.10525655853508524
1329021950656712704,negative,0.00010964868043798394
1329021953504579585,negative,0.09016725050128345
1329021957321404417,negative,0.06437834400764623
1329021958630092801,negative,0.049116881680582695
1329021959003197442,negative,3.1431869467558937e-12
1329021959984861185,negative,0.17206328267580015
1329021960794345473,neutral,0.5316624617817726
1329021960949358593,negative,0.03174554724775216
1329021961444487172,negative,0.04376155921298742
1329021961784225792,negative,0.00010839028524926993
1329021962333589505,negative,0.0022601007403994593
1329021963868794881,negative,0.013163125290162097
1329021964678295554,negative,0.12725058825060998
1329021965320019974,negative,0.01755975654190462
1329021966657986561,negative,5.512501748688549e-06
1329021968335708160,positive,0.9060093667679815
1329021968977432576,negative,0.004176274090751977
1329021971397365761,negative,0.01046756705356778
1329021971519205378,negative,0.24337704051622627
1329021971724644353,negative,0.2527204019827777
1329021972139958276,neutral,0.6268269507282034
1329021973129785344,negative,0.01628987605612654
1329021973524078599,negative,0.0685583652637763
1329021974849400843,neutral,0.4438441121276873
1329021977248591873,neutral,0.5734576952979002
1329021978108452866,negative,0.12935332333077168
1329021979484184576,negative,0.009160769676016015
1329021979639345152,negative,0.0013730172735530808
1329021980352376833,negative,0.18777841502325054
1329021983334469634,negative,0.055822319448470395
1329021985280626688,negative,0.21336248031427016
1329021992809455616,negative,0.05541084168424794
1329021994726289411,neutral,0.5093266689637628
1329021995242184704,neutral,0.35509496682161057
1329021996278099970,negative,0.23547448214396235
1329021998027182081,negative,0.043077412422903215
1329021998241095681,negative,0.0002426351071931137
1329022000929660930,neutral,0.46565942483801975
1329022001927909379,neutral,0.5734576952979002
1329022002078867457,negative,0.0004545092779396562
1329022002867412998,negative,0.03300233768320787
1329022004255731712,negative,0.005647323783587595
1329022005954404352,neutral,0.49789225920557484
1329022007707578370,negative,0.007696949660693529
1329022009054023682,negative,0.2546916305421647
1329022009297301505,positive,0.9932656182683107
1329022014796001280,neutral,0.49789225920557484
1329022015777484802,neutral,0.4507454498615163
1329022017597747201,negative,0.04326749920868208
1329022020420562945,negative,0.0013512545099307546
1329022020898664449,negative,0.09016725050128345
1329022022425468928,negative,0.04308386638733601
1329022023369191424,negative,0.09137794883723176
1329022023641784320,negative,0.0022601007403994593
1329022023813779456,negative,1.8344758499485777e-06
1329022025059495936,neutral,0.4148545127789131
1329022025202081793,negative,0.0005665515149617475
1329022025374052355,negative,0.001945832981276733
1329022029278945283,neutral,0.3330522225472819
1329022029908103170,negative,0.026584816354132807
1329022031703265281,negative,1.4122518930063045e-05
1329022032508559360,neutral,0.5631832988152319
1329022032592457730,positive,0.9239219402089627
1329022034345652224,neutral,0.40618659954576075
1329022035146764289,negative,4.018740830091467e-06
1329022036589621248,negative,0.002337117447566091
1329022036690157568,negative,0.04855927213808098
1329022036845408257,negative,0.01907673193118129
1329022037835341825,negative,0.012161915281136125
1329022038405689349,negative,3.203800066998357e-05
1329022040502923264,negative,0.054363019002342985
1329022041635377152,negative,0.16009658107333474
1329022042218389507,negative,0.018750763980182758
1329022042482552832,negative,0.03174554724775216
1329022042872688640,negative,0.028924180829765493
1329022043304710145,negative,4.7293436570167535e-06
1329022044235821056,negative,0.049116881680582695
1329022045263421441,negative,8.813328329469037e-12
1329022046496583680,negative,5.131232837465357e-05
1329022046785953792,negative,0.0022464115172049445
1329022047494746112,negative,0.00027733906812623966
1329022049751339008,positive,0.6782519038671799
1329022050434945025,negative,0.15703611479069018
1329022050456002560,negative,0.11042178725430873
1329022050611105792,negative,0.24060791770002377
1329022056017563648,negative,0.007492947812921047
1329022059171766273,negative,0.03279600557381426
1329022062363553795,negative,0.12725058825060998
1329022062598311937,neutral,0.33655544407025784
1329022062736846848,negative,0.2895823115470429
1329022063110205442,positive,0.8432440516033756
1329022064515293184,negative,0.0007110815542948898
1329022065970737152,negative,0.20309047551523549
1329022066302050309,positive,0.8832281969397375
1329022067233202181,negative,6.271301742665488e-05
1329022069061849090,neutral,0.6202033305800352
1329022070022397954,negative,0.004408229527168356
1329022071071002625,negative,0.0005733311151454013
1329022074220900352,negative,8.666230785272969e-06
1329022074980093952,negative,0.14157537152839456
1329022075365945344,neutral,0.4496294498258171
1329022077526020096,negative,0.22088780086720558
1329022080436871173,negative,0.00453287181369023
1329022083683274753,negative,0.13861812857309747
1329022085839147009,negative,0.0002345059546130958
1329022086585651203,negative,0.056910435579797164
1329022086644461569,negative,0.055822319448470395
1329022086757675010,negative,0.049116881680582695
1329022087437103105,negative,0.024653766954649377
1329022087953002496,negative,0.017434872818203044
1329022088141803522,negative,0.005687030373521953
1329022088183762944,negative,3.07869005468007e-05
1329022088259252224,negative,0.19151105241715685
1329022089353891840,negative,1.7029631649081368e-07
1329022089383260165,positive,0.7143761011047803
1329022090024988673,negative,0.05652344363213604
1329022093699198980,neutral,0.49789225920557484
1329022097151176705,negative,0.0029193638208480964
1329022097876787200,neutral,0.5093266689637628
1329022100024266752,negative,0.01467996677029089
1329022100372336640,negative,0.07247944008606926
1329022100447891456,negative,0.0318569039620109
1329022103153242113,negative,0.29037549096134374
1329022104067567617,negative,5.7024723325882834e-05
1329022104751263746,negative,0.01699442003720968
1329022106022064129,negative,0.13861812857309747
1329022107066527746,positive,0.9359469784259926
1329022107100057600,negative,0.10622421319651891
1329022107100057607,positive,0.9878399854137578
1329022108039516160,negative,0.0004473130252833375
1329022108106711040,negative,0.0012260342086181126
1329022108832202752,negative,0.0011302621827079169
1329022109788540930,negative,5.710036117149717e-05
1329022115539013633,negative,9.313102309184956e-05
1329022116369485830,negative,6.600967619843837e-05
1329022117829074946,negative,0.2870681939109964
1329022119376805888,negative,0.0002487376642631744
1329022120135962633,negative,1.2525308429308513e-08
1329022121364889601,negative,0.043875082704029164
1329022121683595270,negative,0.0005141418239727386
1329022122044387329,neutral,0.6452243934095818
1329022122262454273,negative,0.27725565638797045
1329022124472799233,negative,0.07290010038500384
1329022127811555329,negative,0.008181158739418975
1329022128121933824,negative,0.02926406138336678
1329022129396969472,negative,0.05652344363213604
1329022129560498183,negative,0.12267736682181389
1329022129971597315,negative,0.001443434085003831
1329022133129932804,negative,0.03823905190032195
1329022133608001536,negative,0.03823905190032195
1329022134883061760,negative,0.0011302621827079169
1329022135604563971,negative,0.15297793932430379
1329022135608750087,negative,0.0011302621827079169
1329022136799932417,negative,0.031876078022585956
1329022139836592128,negative,0.020692716215973753
1329022140725735424,negative,0.05362504645246674
1329022140797116416,neutral,0.4496294498258171
1329022140964892675,negative,3.96924597311776e-05
1329022142495813633,negative,4.162974183027354e-05
1329022142801989633,negative,0.010790933883730446
1329022143535976448,negative,0.018750763980182758
1329022144936894464,negative,0.038160307389775196
1329022145670725633,neutral,0.49789225920557484
1329022145926737920,neutral,0.5370941862973679
1329022145951911938,negative,0.0039073077781583785
1329022147663192064,negative,2.04465105561158e-07
1329022148892119040,negative,0.0008924445081432746
1329022149517074432,neutral,0.5580106789290911
1329022152356597765,negative,2.645694451884897e-05
1329022152507535360,negative,0.2969921481276567
1329022152788545536,negative,0.22104343274064955
1329022154655100929,negative,3.9861006311169506e-05
1329022155946946560,negative,0.2527204019827777
1329022156789911552,negative,0.03449392122161525
1329022157003874304,neutral,0.3939947314811011
1329022158396403713,negative,0.10398738409231856
1329022159629524993,negative,0.0011302621827079169
1329022165161816066,negative,1.576172335347692e-08
1329022168097808384,negative,0.00463008771176393
1329022168278179840,neutral,0.5293700225891195
1329022168525660168,negative,2.2387179692693228e-05
1329022176851275776,negative,0.033225079473274105
1329022177199460352,negative,0.12267736682181389
1329022179514736644,negative,0.16022399398727374
1329022179716046848,negative,0.006537220167758716
1329022180869419010,neutral,0.4160402595408429
1329022183499292672,positive,0.8284551495537142
1329022183948095490,negative,1.1675039002698602e-05
1329022184396873729,negative,0.03174554724775216
1329022184992411648,negative,0.03262330290919679
1329022185902575619,negative,0.08716490229824937
1329022186422677506,negative,5.048143458361815e-05
1329022186875740162,positive,0.7835577409760953
1329022187278360576,negative,0.07358670041818641
1329022189186723841,negative,0.11150500586713978
1329022190658924550,negative,0.016709167577701443
1329022191590105090,neutral,0.36456802425232837
1329022193225830406,negative,2.5999774539739273e-10
1329022194266017794,negative,0.02522713119556056
1329022194752565257,negative,9.797067453705367e-05
1329022195893415936,negative,2.3869355398673098e-05
1329022196086435840,negative,0.25479108820586055
1329022196648456192,negative,0.053049958583550584
1329022197818658819,neutral,0.5093266689637628
1329022200012267520,negative,0.03174554724775216
1329022200230318080,negative,8.200574740891983e-09
1329022200347815937,negative,0.00011138858747908606
1329022201186627584,negative,0.12725058825060998
1329022202340106241,negative,0.07026508288047041
1329022202843455489,negative,0.05652344363213604
1329022204768624643,negative,0.00010786620140723628
1329022204928024576,negative,0.038997518442355654
1329022208421883906,negative,0.08142078528672435
1329022208665133056,negative,0.053566872165699574
1329022208853872641,negative,0.001945832981276733
1329022209000673283,negative,0.2554443211504908
1329022209663381504,negative,0.019986919740645166
1329022210539925505,negative,0.09031254508943559
1329022210695159811,negative,0.27682546399636426
1329022211039092738,positive,0.7105047480073482
1329022211945091074,positive,0.7525187671154803
1329022213194997760,negative,0.0011302621827079169
1329022216365813765,negative,0.00445441315359734
1329022216365879297,negative,0.007133496668368759
1329022216844046337,positive,0.9971586386629508
1329022217720623105,negative,0.00016757716458009337
1329022218530148353,negative,0.00030308647374502313
1329022218718892033,negative,0.3285424745021122
1329022218899222528,negative,0.0009985703986660972
1329022221168291840,neutral,0.4388020313337114
1329022222116282368,negative,1.8344758499485777e-06
1329022222590152704,negative,0.126923048792945
1329022224389509127,positive,0.8602478686069526
1329022224876130305,negative,0.2964546571915025
1329022225463222272,positive,0.7079822826838105
1329022225853390849,negative,0.01332480379315507
1329022225933021185,negative,0.07393459354148145
1329022225987547136,neutral,0.5734576952979002
1329022226931314689,negative,0.005398417861508592
1329022229204627460,negative,0.04538901184401966
1329022230441975809,negative,0.0009022788705386597
1329022230450278400,negative,2.6706666330954326e-05
1329022233751261184,negative,0.00022403558592428655
1329022234409701376,negative,0.0029108674544030613
1329022234808250374,negative,0.05584913230050071
1329022235051499528,neutral,0.46127768308170247
1329022236192362496,negative,0.15523933837435855
1329022237597462530,negative,0.0017926564821294003
1329022238054559744,negative,0.09192056069640865
1329022238184644608,positive,0.9501357629439224
1329022238738296832,positive,0.9962102602195994
1329022239870775298,negative,0.03751159682452693
1329022241707876352,negative,0.17206328267580015
1329022242353799169,positive,0.9127855717089624
1329022242525753344,negative,0.12267736682181389
1329022242534121474,neutral,0.44250212844927234
1329022244970967040,negative,1.8879908367634214e-05
1329022246564884486,negative,4.1170731237424196e-05
1329022246715871232,negative,0.05831815089829406
1329022246908801025,negative,1.2525308429308513e-08
1329022247286214656,negative,0.00023113785772621389
1329022248167084032,negative,0.02238511433140421
1329022248569679873,negative,3.289675290391035e-05
1329022248812994560,negative,0.02678516374944483
1329022249123389441,negative,0.02433948934912856
1329022249899274244,negative,0.029094994177504198
1329022251602243584,negative,0.12267736682181389
1329022254382891009,neutral,0.3673019152089307
1329022255867830272,neutral,0.4160180903853293
1329022256094253056,negative,9.900900327058872e-05
1329022256492802051,negative,0.3214339532775902
1329022257776238592,negative,0.000277881601542893
1329022260737429504,negative,0.011478583791399372
1329022263400812546,neutral,0.49789225920557484
1329022264151584768,positive,0.9998497862296873
1329022264566829059,negative,0.32014933958462316
1329022267809013761,negative,0.17206328267580015
1329022270954729473,negative,0.2733974876624551
1329022271353221120,negative,0.26569869204662905
1329022272477274112,negative,0.009336353297351338
1329022273018228736,negative,0.04776766894794969
1329022273358073857,negative,0.00010786620140723628
1329022276214411265,negative,0.0024916133797757015
1329022278038851585,negative,0.0003068540370522771
1329022279565635584,negative,0.03550447859194783
1329022283126542336,negative,0.055822319448470395
1329022283499892736,negative,0.0016272345776921012
1329022283990638593,negative,0.08295019373293808
1329022285169176581,negative,0.07393459354148145
1329022286997970945,negative,1.1679951556925614e-06
1329022287560003585,negative,1.3670439966191306e-06
1329022289892036608,negative,0.043875082704029164
1329022290718298115,negative,0.0021935374313142974
1329022293008396288,negative,0.17206328267580015
1329022294077960195,negative,0.00016757716458009337
1329022295977971714,negative,0.0006474201474049626
1329022295982170112,negative,0.14451748646911744
1329022298104492033,negative,5.9475551290064244e-12
1329022298121248769,negative,0.07999743077753961
1329022299056590849,negative,0.05509672940745968
1329022300289724422,negative,0.004857852884228306
1329022300369219585,negative,0.021587832651510055
1329022300499435526,negative,0.003767642472560326
1329022303213137930,negative,1.0880897691375737e-07
1329022306287497218,negative,0.07851157218461942
1329022306312589313,negative,0.049116881680582695
1329022307327741953,neutral,0.36203022014565434
1329022308338556930,negative,0.12267736682181389
1329022309538148353,negative,1.9916137104592057e-08
1329022310678999041,neutral,0.33688513558076894
1329022314747400193,negative,0.01699442003720968
1329022316743946250,negative,0.03174554724775216
1329022317033254912,neutral,0.49114048206328076
1329022317037559808,negative,0.019986919740645166
1329022317423435776,negative,0.049116881680582695
1329022318123823107,negative,0.0005399595502855801
1329022319378001922,negative,0.002228871939069427
1329022320883736577,negative,0.09192056069640865
1329022321441517569,neutral,0.40618659954576075
1329022322154627074,positive,0.7539722994974656
1329022326986469376,positive,0.9745669381314315
1329022327728828418,negative,3.266398834538054e-11
1329022329146527746,neutral,0.5689796959790668
1329022332611006465,negative,0.004346898505139067
1329022334364225537,negative,7.0355202608255385e-12
1329022334469074945,neutral,0.5734576952979002
1329022334989111296,negative,0.0011302621827079169
1329022338143281155,negative,9.786315575996835e-05
1329022341070925824,neutral,0.5904226204993555
1329022341406396418,negative,0.037268390955412845
1329022342530523136,negative,0.023390999651581888
1329022343121924096,negative,0.21476488704631147
1329022343155511303,negative,2.970561497646848e-07
1329022343767846918,negative,0.021692306029968935
1329022344296337408,negative,1.7029631649081368e-07
1329022345185533955,negative,0.23121209746645613
1329022345898496000,positive,0.9980892263803205
1329022346934489089,negative,0.09773314978288743
1329022348259774466,negative,4.018740830091467e-06
1329022351917391875,neutral,0.5136446707795853
1329022352437485569,negative,0.22104343274064955
1329022353578323968,neutral,0.4438441121276873
1329022354635300864,negative,0.007396945175114821
1329022357533552640,negative,0.012812339572195668
1329022358833786880,negative,1.488212479660468e-07
1329022360347873281,neutral,0.49309734344879036
1329022361492918278,negative,3.961705286766427e-08
1329022361845239809,neutral,0.37356359750014606
1329022363174903808,negative,0.023824533231896657
1329022368375771143,negative,0.06394615576782285
1329022370905001984,negative,0.00028608842665145645
1329022373723598850,negative,1.2525308429308513e-08
1329022378479906818,negative,0.06603738803291107
1329022378861600773,positive,0.9999997925040065
1329022379155140609,negative,0.15433795248310594
1329022379566243840,negative,1.89299829623407e-06
1329022380182790146,negative,0.10806960777791046
1329022381206237184,negative,0.028834942109840958
1329022382913314816,negative,0.006241471568161417
1329022383122997251,negative,2.9038125211508624e-05
1329022385274675201,negative,7.2063356455181365e-09
1329022386361020417,negative,4.981321896625832e-07
1329022389531914241,negative,0.024152014270810603
1329022389791952902,negative,0.12130762306316219
1329022397006155776,negative,0.004654739193300418
1329022401808658433,positive,0.9733190803573936
1329022402400051203,negative,0.30921182601270725
1329022406434951170,neutral,0.56353722304687
1329022407005364225,negative,0.26907823189316327
1329022408225943554,neutral,0.5494350573511622
1329022408695615490,negative,0.00010786620140723628
1329022411224854528,neutral,0.5372318511317483
1329022411648475136,negative,0.0009851529986838635
1329022411866591233,negative,2.1628962660403615e-05
1329022412415971328,neutral,0.43139676472579125
1329022417117851649,negative,0.0165321430633473
1329022418954940416,negative,0.015142688454378342
1329022419886100483,neutral,0.49789225920557484
1329022425246347265,negative,0.009336353297351338
1329022426051653632,positive,0.7272041001970161
1329022426374672384,negative,0.005643565222705163
1329022427586813952,negative,0.00013564163651925035
1329022428115308544,negative,0.03823905190032195
1329022430053064707,negative,3.011085024662511e-07
1329022432737456128,negative,0.0011302621827079169
1329022434234806273,neutral,0.3981203052089851
1329022434524205058,negative,0.12725058825060998
1329022436994658305,negative,8.666230785272969e-06
1329022438097776641,negative,0.10116023608336122
1329022439360180224,negative,0.27782310923862386
1329022440496918528,neutral,0.4936377579226384
1329022440689856513,positive,0.9988876477965408
1329022440765333504,neutral,0.4894886660404289
1329022441172201473,negative,0.0032479456069546726
1329022442782724096,negative,8.678700535447925e-19
1329022443747504129,negative,0.0005742343529700468
1329022445538439168,negative,3.1901955452488077e-06
1329022448096993283,neutral,0.4206447391601442
1329022448822591489,negative,0.005141672137871328
1329022450118643713,neutral,0.46986033805575034
1329022455399256068,negative,0.055822319448470395
1329022455994834944,negative,0.25009282543948663
1329022456078757891,negative,0.055822319448470395
1329022457861312512,negative,0.10398738409231856
1329022461401313283,negative,0.09688765282217932
1329022462466600961,negative,1.0019499177741165e-05
1329022464656101377,negative,2.911635281928074e-07
1329022467860537344,negative,4.445912840481106e-09
1329022468212854787,negative,0.015511819223370596
1329022468850380805,negative,0.013305773054496118
1329022470419075072,negative,0.00012574822508670184
1329022470536515585,negative,0.04070957991217671
1329022470926512137,negative,0.007794809890866295
1329022471425708032,negative,0.07999743077753961
1329022471979274241,negative,0.011219489396239523
1329022472436510720,neutral,0.5734576952979002
1329022474932064257,negative,0.20153690426212967
1329022475267682307,negative,0.005847087565482741
1329022475846430720,negative,0.12935332333077168
1329022475934556160,negative,0.020000463709095608
1329022476161003521,negative,4.478290523547601e-06
1329022479101202432,negative,4.852190881483485e-05
1329022481286381573,neutral,0.4894886660404289
1329022482330882049,neutral,0.49789225920557484
1329022484985896960,negative,4.044985532059844e-12
1329022485300391936,positive,0.7105047480073482
1329022486709633027,neutral,0.49789225920557484
1329022486755893249,negative,0.003665008718784615
1329022488928546818,neutral,0.5017543432377519
1329022491344384001,negative,0.04326749920868208
1329022491772141568,negative,0.00010107155517812757
1329022492099321858,negative,0.0009967320249947512
1329022492661456897,negative,0.03607073359162608
1329022492862799872,negative,3.065491565215992e-06
1329022494766981120,positive,0.9971586386629508
1329022495438024705,negative,4.057440303683848e-09
1329022496939646977,negative,0.01897175086643638
1329022498118250506,neutral,0.5734576952979002
1329022498185338880,negative,0.0012612701645354095
1329022498688655362,negative,0.0331831452032203
1329022499103911936,negative,0.11526384599213464
1329022500005695488,negative,0.16441514039596114
1329022500173475841,negative,4.2333219498047225e-06
1329022500425101313,negative,0.2527204019827777
1329022502539038720,negative,0.03174554724775216
1329022504728457217,negative,0.00028812447713638347
1329022505386987521,negative,5.048143458361815e-05
1329022505835782144,negative,0.049116881680582695
1329022508180393985,negative,0.055822319448470395
1329022509291888640,negative,0.0011302621827079169
1329022509677760514,negative,8.848025782914985e-06
1329022509749071875,negative,0.010133047177487507
1329022510600511488,negative,0.17206328267580015
1329022512743784456,negative,0.001140309686525954
1329022513750306816,negative,0.019830400324734834
1329022514220109824,positive,0.8778949989010534
1329022514987757568,negative,0.0010239021016681192
1329022521425924101,negative,0.05016822826964052
1329022523346968578,negative,1.7502922909163747e-05
1329022526538866689,negative,0.17604731988875494
1329022528036155394,neutral,0.5734576952979002
1329022528560488450,negative,0.09054423663664853
1329022528564711426,negative,2.7887948131176946e-05
1329022529109942272,positive,0.9974530145036166
1329022530456342533,negative,0.010246112671649413
1329022531320340486,negative,0.31251327812974533
1329022532041777152,neutral,0.49789225920557484
1329022532733775884,negative,0.01244330656934799
1329022533396525058,negative,1.2525308429308513e-08
1329022533539155968,negative,0.006537220167758716
1329022536458395648,negative,1.585205827767824e-05
1329022537339195394,negative,0.007396945175114821
1329022538458992641,negative,0.017963936078232986
1329022538706530305,neutral,0.345170046049484
1329022539893530624,neutral,0.5940316589627552
1329022540136787968,negative,0.09258920362629382
1329022541340561408,negative,0.18777841502325054
1329022542603018242,negative,0.29037549096134374
1329022543370596353,negative,0.03089868548543867
1329022544557518849,negative,0.03174554724775216
1329022544599523329,negative,0.03174554724775216
1329022546197491715,neutral,0.6276279293912712
1329022546633744385,negative,0.12753620444208003
1329022546688274432,negative,0.01332480379315507
1329022547233546241,negative,0.2733974876624551
1329022548198252545,negative,0.0011302621827079169
1329022549003530243,negative,0.053617617205621415
1329022550685470720,negative,0.01603158998337491
1329022551394160641,positive,0.7507167378400988
1329022552241483776,negative,0.02186312832670323
1329022552325447681,negative,0.00027733906812623966
1329022552702922752,negative,5.048143458361815e-05
1329022553285865472,neutral,0.6552358152528517
1329022556096131073,negative,0.12725058825060998
1329022556268093441,negative,0.11228888489726392
1329022556427460608,negative,0.0004495150903683451
1329022557325025280,neutral,0.5098541390161091
1329022557958381568,negative,0.01699442003720968
1329022558163890177,negative,1.0274773769384524e-06
1329022558470082560,negative,0.25009282543948663
1329022561213173760,negative,0.00653116635626298
1329022564501512193,neutral,0.46127768308170247
1329022564618948608,positive,0.8499580781017751
1329022570021212162,negative,0.000524208876221444
1329022571896049664,negative,0.03174554724775216
1329022571984130049,negative,0.12474204431007418
1329022573464653826,negative,1.2349633381329853e-05
1329022574379065346,negative,2.3325545865015995e-06
1329022581672914947,negative,0.0022161238764122964
1329022583136784385,negative,0.0011302621827079169
1329022584063713280,positive,0.9627058314701531
1329022585540063233,negative,6.744223092228825e-07
1329022586307686401,negative,0.005716070508721118
1329022588039917570,neutral,0.35408772701209923
1329022588446777344,negative,0.2527204019827777
1329022592032837639,negative,0.013070950307772906
1329022592527773697,negative,0.02794827898921285
1329022595010846720,negative,0.020000463709095608
1329022595107332097,negative,0.002860160076318266
1329022595170177024,neutral,0.5775978571880976
1329022597745545222,negative,0.07072211752476654
1329022598840193024,negative,6.884549821111093e-08
1329022600136323074,negative,0.03174554724775216
1329022608398925825,negative,0.004502366712016334
1329022609602850816,negative,0.000277881601542893
1329022611410579457,negative,0.18639353091143715
1329022612199116801,negative,0.12725058825060998
1329022613985910790,negative,1.8548288541235264e-08
1329022614124294145,negative,0.03174554724775216
1329022614644400129,neutral,0.5734576952979002
1329022616162676736,negative,0.005221339750096198
1329022616280109056,negative,0.22787529923452376
1329022617131552768,negative,0.001864273543143673
1329022618566074369,positive,0.9971586386629508
1329022623305621504,negative,0.061998125176157486
1329022623397908481,positive,0.6849235913437384
1329022624274452482,negative,3.681486224300068e-05
1329022625725767683,negative,0.055822319448470395
1329022626468139009,negative,0.11527739237037612
1329022629722927104,negative,0.004171411020981122
1329022629798440960,neutral,0.5471493912210927
1329022632415662085,negative,0.013756959096489363
1329022633321623552,negative,0.000896986098230011
1329022634961596416,negative,0.00018702859843813965
1329022638484836352,negative,0.12267736682181389
1329022638912659457,negative,0.0003167003266668063
1329022639294255109,negative,0.0004545092779396562
1329022641060057091,negative,1.5453331455700022e-09
1329022641307529216,negative,0.038912619654758215
1329022642708504578,negative,0.053098409463809136
1329022645225082881,negative,6.453645673581288e-11
1329022646101610496,negative,0.061998125176157486
1329022646479187974,negative,0.0011302621827079169
1329022648203046913,negative,0.05738731705847255
1329022651671715840,negative,0.19151105241715685
1329022652355383308,negative,0.08991105977605143
1329022653823332358,neutral,0.4737554465528978
1329022654318317568,positive,0.9980892263803205
1329022656495104000,negative,0.00022946880855439583
1329022657292066816,negative,0.1359911374210401
1329022659380850689,negative,1.31441628376922e-06
1329022660307775488,negative,7.909824734061349e-05
1329022660584595456,neutral,0.5734576952979002
1329022660685271048,negative,0.16073271281061452
1329022660894928896,negative,0.003550650922141997
1329022661985513472,negative,0.0003356226642948178
1329022662723645448,neutral,0.5030332264438171
1329022663919083527,negative,0.049116881680582695
1329022664162291717,negative,0.0011302621827079169
1329022664657297409,negative,0.0012038414503066962
1329022665231839234,negative,0.0073936567207338365
1329022667018690560,negative,0.00025008538947955444
1329022668889329666,negative,0.04725983021097479
1329022669841440771,negative,1.1054574970689288e-05
1329022671686864896,negative,0.02036554036742403
1329022671976280066,negative,0.001945832981276733
1329022672144044032,negative,0.0002717771897953223
1329022674698428416,negative,0.10622421319651891
1329022675432271873,negative,0.19151105241715685
1329022675990220806,negative,0.09031254508943559
1329022676174778369,negative,0.022729707257740928
1329022677303091200,negative,0.0685583652637763
1329022677705580545,negative,0.32492374552464337
1329022677865074688,negative,0.019477806479645098
1329022678582374406,negative,0.10275291149696213
1329022680641703937,negative,0.049116881680582695
1329022683208683521,negative,0.02406131251706958
1329022684932562944,positive,0.8499580781017751
1329022685305839618,negative,0.023157795029722317
1329022687444873217,negative,0.0001978723516778656
1329022687650385922,negative,0.038197958811034674
1329022687998521346,negative,5.667578500210828e-06
1329022688640299008,neutral,0.3996580091506196
1329022691958005760,negative,1.1054574970689288e-05
1329022693287612417,negative,0.0027068502815170725
1329022697209274368,negative,0.16009658107333474
1329022697360265218,negative,0.0013546345866522328
1329022698413023232,negative,0.055822319448470395
1329022698434027520,negative,0.10622421319651891
1329022698664697857,negative,1.1054574970689288e-05
1329022700212334592,negative,0.0003661948307036307
1329022701969805312,neutral,0.3334685009297062
1329022702015930369,negative,0.01091210409525463
1329022702364086274,neutral,0.48309497158695947
1329022703852871680,negative,0.031189040586680632
1329022704368955392,negative,0.006415983300097986
1329022704729591809,negative,0.0010239021016681192
1329022705685950464,negative,5.133110262521848e-05
1329022706344464385,negative,0.006393684957116132
1329022713931902979,negative,1.2525308429308513e-08
1329022714095554560,neutral,0.345170046049484
1329022714275885056,positive,0.9975332255981625
1329022716096245765,negative,0.00011845648018361957
1329022717178368001,negative,0.0010310211980469378
1329022720852553734,negative,0.2541875905354673
1329022720865144832,negative,0.00035768747234259595
1329022721297182720,neutral,0.5734576952979002
1329022722286956544,negative,1.7029631649081368e-07
1329022723264307201,negative,0.13861812857309747
1329022724195356672,negative,0.17896243165604586
1329022726921711616,negative,2.272808605659637e-08
1329022727630581761,neutral,0.49789225920557484
1329022727932534784,positive,0.9999609584097872
1329022728251301888,positive,0.6681102958456936
1329022729887117314,neutral,0.608603015475309
1329022731267010562,negative,0.017472145742332402
1329022731761950721,negative,0.12836360890393267
1329022732638543876,negative,0.000134726738245632
1329022735113199616,positive,0.9971586386629508
1329022737071935491,positive,0.7105047480073482
1329022740909740032,negative,0.0011302621827079169
1329022743208226816,negative,0.10622421319651891
1329022744609107969,negative,0.012457851362117028
1329022744672034816,negative,0.05445803803389359
1329022748321075201,negative,0.049116881680582695
1329022748652429312,negative,0.025500518992095916
1329022749004734464,negative,0.006241471568161417
1329022750401376269,negative,0.09665352315852625
1329022751009550336,negative,1.2525308429308513e-08
1329022751538106368,negative,1.2525308429308513e-08
1329022754797064192,neutral,0.411797379208245
1329022755120017410,negative,0.32611281891246785
1329022755581423616,negative,0.006393684957116132
1329022758181801991,neutral,0.3634021766092799
1329022759469527043,positive,0.8183869729566147
1329022759599542272,negative,0.055822319448470395
1329022764213211136,negative,0.12904807585831843
1329022764657889286,negative,0.008970308933020421
1329022767497433089,negative,0.012570036308963653
1329022769086992386,negative,1.2525308429308513e-08
1329022769665859585,negative,1.6382030939094274e-05
1329022771595272192,neutral,0.46127768308170247
1329022771729494018,negative,0.272058526141362
1329022771838464000,negative,0.006581965006063042
1329022771947474944,neutral,0.49789225920557484
1329022772685713408,negative,0.10257797504384468
1329022773113532416,negative,0.026773839690982723
1329022773583355905,negative,0.0029108674544030613
1329022775160434688,negative,0.12267736682181389
1329022775797948418,negative,0.0012845499456839555
1329022776032841728,negative,1.8344758499485777e-06
1329022776242548740,negative,0.111732019664845
1329022776775204865,negative,0.0003661948307036307
1329022779165995008,negative,0.0011302621827079169
1329022782940786689,neutral,0.4496294498258171
1329022783800668160,negative,0.017778917517913127
1329022784790536194,negative,0.005633602372031958
1329022786166267904,negative,0.00032842252355484226
1329022787604901893,neutral,0.6537474969498027
1329022789769191425,negative,0.0034380882428389895
1329022789941141507,negative,0.005398417861508592
1329022791040036865,negative,0.07072211752476654
1329022791585128448,neutral,0.4737554465528978
1329022791597903877,neutral,0.4021633418986442
1329022791694348288,negative,0.0011339889166589298
1329022791765487617,negative,0.05578203588629003
1329022793447591937,negative,7.907141833500911e-06
1329022797423800320,neutral,0.4496294498258171
1329022797474050048,negative,0.006547832968143546
1329022797662855168,negative,0.008794393943058034
1329022797767733248,negative,3.0470745192041156e-05
1329022803576807425,neutral,0.5028944701579606
1329022805761949696,negative,0.05260240370139454
1329022806294728704,negative,0.12267736682181389
1329022806886141953,negative,0.0011302621827079169
1329022812695228416,negative,0.08178610826169454
1329022817531273216,negative,8.848025782914985e-06
1329022818055491585,negative,0.0003661948307036307
1329022818961551360,negative,0.00042955515520145914
1329022820832120833,neutral,0.4507454498615163
1329022821733978113,negative,0.057699528532729756
1329022821905928194,negative,0.0012721420633826485
1329022823092924423,negative,0.024152014270810603
1329022824753881091,negative,0.09016725050128345
1329022828449042433,negative,0.0011302621827079169
1329022830344802305,negative,0.07071488086424292
1329022831204634625,negative,0.00028492737661832196
1329022833620561920,negative,2.0808521837224042e-10
1329022834585317376,neutral,0.49789225920557484
1329022835008950273,negative,5.201210912884753e-11
1329022836254576641,negative,0.00027770798639538944
1329022838272106498,negative,0.009593083404169964
1329022838888685568,neutral,0.5734576952979002
1329022839240990720,negative,0.04376155921298742
1329022841002614786,negative,0.000277881601542893
1329022843787546624,negative,0.011803608954760727
1329022851043782656,negative,0.001888117855305893
1329022852813688833,negative,3.0194018002401364e-06
1329022853660991489,negative,0.09590337117000483
1329022855498129410,negative,4.162974183027354e-05
1329022856135667712,negative,0.25177929750531153
1329022859344228352,negative,0.043875082704029164
1329022861198159873,positive,0.999385461112766
1329022863110770689,neutral,0.4742964610631184
1329022865212059648,negative,0.00010964868043798394
1329022875802722305,negative,0.0011302621827079169
1329022882526191616,negative,1.4291303932893012e-06
1329022882723344385,negative,0.20309047551523549
1329022882979192833,positive,0.7105047480073482
1329022884904398849,negative,0.051195478866073466
1329022888444383233,negative,1.8344758499485777e-06
1329022888951881732,negative,0.0008211794735652031
1329022891455901698,negative,1.2525308429308513e-08
1329022895218102274,negative,1.4546292380122821e-05
1329022896484868097,negative,4.018740830091467e-06
1329022896606388227,negative,8.57782036848433e-07
1329022896635834368,negative,0.00010807846260830986
1329022900486201345,negative,0.12267736682181389
1329022903866765313,negative,3.973292032667222e-08
1329022904797892608,negative,0.014807855061079326
1329022905255079937,negative,1.4396734924218464e-07
1329022905573838848,negative,0.0005637953130719292
1329022906924470274,neutral,0.3679981933435415
1329022907482333185,positive,0.9359469784259926
1329022907528392706,negative,0.0001165067529185008
1329022909470347273,negative,0.20618299871580503
1329022909659156482,negative,0.055822319448470395
1329022912758734848,neutral,0.6040807038920264
1329022915015290882,negative,0.0011302621827079169
1329022915954794498,negative,3.234219263498e-05
1329022916063875074,negative,0.0018247053708165945
1329022916625838082,negative,0.0021159356660383627
1329022917544456194,neutral,0.39461230779711004
1329022918681038849,neutral,0.4496294498258171
1329022921520635907,negative,0.0011302621827079169
1329022925710692352,negative,1.7502922909163747e-05
1329022927799463937,negative,0.0028177365312293404
1329022927828889600,positive,0.977433643537122
1329022932564275201,neutral,0.345170046049484
1329022937001824257,negative,0.038527162150917865
1329022937127596033,negative,0.3089386274360456
1329022939820388353,negative,0.04162170357549854
1329022942789898243,negative,0.017922588432106763
1329022946011181057,negative,0.004539663664390986
1329022948494225408,negative,0.011256479159114116
1329022949211463682,neutral,0.47371072416927557
1329022951325360129,neutral,0.3850748772223694
1329022952130670595,neutral,0.4496294498258171
1329022953082785793,negative,0.3003585787609682
1329022955540647940,negative,0.22104343274064955
1329022956064952321,negative,0.0003191891802507806
1329022956710883329,neutral,0.3994680781919828
1329022957688152065,positive,0.9971586386629508
1329022960871628800,neutral,0.4260192924905043
1329022962217922563,negative,0.0005991009344532082
1329022962276691970,neutral,0.49789225920557484
1329022962519961603,negative,9.334476498960087e-09
1329022962834567169,negative,0.024152014270810603
1329022965220999168,negative,0.0891736387144894
1329022966009634817,negative,0.0011302621827079169
1329022966177419266,negative,0.0743094983363471
1329022967456690177,negative,0.2719183686992666
1329022969457283072,negative,0.09849089545692341
1329022969662861313,neutral,0.5734576952979002
1329022971617415168,neutral,0.36203022014565434
1329022972326273030,negative,0.001461546622763057
1329022978915438592,negative,0.0004030188779677639
1329022978953195521,negative,0.08080750041251203
1329022979175555073,negative,0.0003880914421976834
1329022986322644993,neutral,0.410550628620898
1329022988147167232,positive,0.8638605052287478
1329022988566614016,negative,0.026140356649203146
1329022989011202048,negative,0.05358914836842836
1329022989162180610,neutral,0.48728019602140255
1329022993356312577,neutral,0.49789225920557484
1329022993759150080,negative,0.14266760235158343
1329022997169057793,negative,0.08587255142697986
1329022999937372162,negative,0.22516667938815177
1329023000885272577,negative,6.280991653942759e-05
1329023001740898304,negative,0.016661654156570668
1329023007357067271,negative,0.04840070224027685
1329023012230881280,negative,4.406475472419717e-06
1329023012432211968,negative,0.23121209746645613
1329023013526925312,negative,0.1236610458998939
1329023015779229696,negative,0.0029781533630035485
1329023016051871745,neutral,0.49789225920557484
1329023017796689920,negative,0.22209334935939248
1329023018023137280,positive,0.7105047480073482
1329023019814166625,negative,1.4546292380122821e-05
1329023021290491906,positive,0.747293491213321
1329023021370269697,negative,0.005133945769683466
1329023023521943553,negative,2.7851167671870128e-06
1329023027401674752,negative,0.03632919609812552
1329023027523301376,negative,0.12267736682181389
1329023027552587777,negative,0.001063628763602909
1329023027623964678,negative,0.0005637953130719292
1329023028492185600,negative,0.3014936628108281
1329023030199246854,negative,0.12725058825060998
1329023030891261957,negative,0.015154055067226637
1329023034011889664,negative,0.009182384829888254
1329023035240820736,positive,0.9742365562143858
1329023035349889025,negative,0.004070313041525563
1329023037698666497,negative,0.19151169014119152
1329023038420119553,negative,0.00014380983922611547
1329023038831144960,negative,0.0011302621827079169
1329023039590248448,negative,0.009717615676963623
1329023043293757441,negative,0.006443870432007858
1329023044883525633,negative,0.2303936702124761
1329023046980685824,negative,0.02212558303711503
1329023047790190599,negative,0.007091893521533003
1329023048230559745,negative,0.1786571868270996
1329023048876429312,negative,0.008666454813549253
1329023049836990465,negative,3.6041487050291776e-06
1329023050902360064,negative,0.11561076203883044
1329023051372105728,negative,0.10257797504384468
1329023052227747840,negative,0.08356034685801463
1329023053020483589,negative,0.05358914836842836
1329023053204951040,neutral,0.49789225920557484
1329023053800513537,negative,0.32506215070560374
1329023055612489731,negative,0.00020374934820976666
1329023057088958464,negative,0.10208339167242753
1329023057269321728,positive,0.9765001333815958
1329023057596440579,negative,0.1782495051508705
1329023059416772610,negative,0.00014380983922611547
1329023059848736768,negative,4.764836801961187e-09
1329023060171771904,negative,0.01332480379315507
1329023060960227330,neutral,0.36387994380430516
1329023062059134976,negative,0.03735626976496243
1329023063162294277,negative,1.5811202558859205e-06
1329023065649459204,negative,0.2623415382827926
1329023066240847874,negative,0.000277881601542893
1329023066786078722,negative,0.042248630084691506
1329023067633414144,neutral,0.49789225920557484
1329023067687882754,negative,2.5929739409349116e-05
1329023069248233472,negative,0.2118436997872501
1329023070380679169,neutral,0.49789225920557484
1329023070569377793,negative,6.882428917421138e-10
1329023072532267008,negative,0.07831586580469468
1329023073497059329,neutral,0.43966844636279534
1329023075204022272,neutral,0.49789225920557484
1329023075732639744,positive,0.7927861677482436
1329023077171261440,negative,0.0005016629735804046
1329023077360029699,positive,0.9987132008237832
1329023080484794374,negative,1.0019499177741165e-05
1329023082405769216,negative,0.010822841395157753
1329023083697594370,negative,3.0470745192041156e-05
1329023084205105154,neutral,0.5734576952979002
1329023089246568448,negative,0.00186044655920039
1329023090651697152,negative,0.0007371057958625516
1329023091939414018,negative,8.174764290720764e-06
1329023092283195392,negative,0.2918682371921838
1329023092547588096,negative,0.0017190858341268084
1329023094187569152,negative,0.0011302621827079169
1329023096012091392,negative,5.525473385904799e-12
1329023098528669697,negative,0.0011302621827079169
1329023102186041344,negative,0.01332480379315507
1329023102504869891,negative,0.3122184057959272
1329023102517436417,negative,8.152795268854466e-08
1329023106049077249,negative,0.14926759721832134
1329023107651280902,neutral,0.5734576952979002
1329023111656828933,negative,0.15297793932430379
1329023115981152257,negative,3.47656828010805e-07
1329023116492861442,negative,0.014558179705292624
1329023119156273154,negative,0.08610004234027611
1329023119177158658,negative,0.0004132433819036874
1329023119231684610,neutral,0.47613526702970277
1329023120389378050,neutral,0.5892769733835495
1329023121203073024,negative,0.0007400407148579377
1329023121781874691,neutral,0.3850748772223694
1329023122989871104,positive,0.9971586386629508
1329023124109713408,positive,0.7680630712754283
1329023125737119744,negative,0.0001453624343351161
1329023126710210561,negative,0.02326562308093074
1329023132871569408,negative,0.007885886488563901
1329023136591962112,negative,3.969153797410527e-07
1329023138039033856,positive,0.9918802292703249
1329023139259551746,negative,0.018552641134672265
1329023144774995970,neutral,0.44887807971671495
1329023146482143232,negative,6.563327570074567e-05
1329023153864126464,negative,0.013070950307772906
1329023169102024704,neutral,0.6198496258907157
1329023176278487041,negative,0.15304967031308753
1329023177050234888,negative,0.01907037810501654
1329023183509401601,negative,0.2820386637943614
1329023187808563201,neutral,0.4844831951351828
1329023190190977025,negative,0.12020842235010556
1329023194746007555,negative,3.1195222501104796e-05
1329023196687982593,negative,7.580038398638005e-11
1329023198919352323,neutral,0.5216760117520797
1329023202899660802,negative,0.05446461814845274
1329023214069182468,neutral,0.3508629466395071
1329023219974754307,negative,2.1628962660403615e-05
1329023227901906944,negative,0.001945832981276733
1329023230364016641,negative,3.583528500299925e-05
1329023230968029184,negative,0.043147915135830835
1329023232452812803,neutral,0.3975789298702671
1329023236898758658,neutral,0.4438441121276873
1329023239948034048,negative,0.07227480384590217
1329023241285939201,negative,0.00021615681497026405
1329023243353780225,negative,2.1628962660403615e-05
1329023243794182144,negative,2.5729168927829923e-05
1329023244767256576,negative,0.09031254508943559
1329023246876991488,neutral,0.37409041783159663
1329023246948327424,negative,0.046216965480105184
1329023247250231297,negative,0.09173894481981258
1329023254288273408,negative,0.16348223433291495
1329023255496204288,negative,0.04252213457588433
1329023257245339648,negative,0.21336248031427016
1329023257333395456,negative,8.666230785272969e-06
1329023259527049218,negative,0.12267736682181389
1329023260529405955,negative,0.01699442003720968
1329023261087322113,negative,0.2796378557586762
1329023262978924544,neutral,0.4478889398505506
1329023263222206466,negative,0.0007057264112483772
1329023266766409728,negative,0.04306336743533386
1329023267223580672,negative,0.3029968537174699
1329023269043834881,neutral,0.6210872141489462
1329023272298688515,negative,0.08510826183177649
1329023274232254466,negative,0.033099160918687795
1329023275373113345,neutral,0.367969077413054
1329023276992126976,negative,0.04326749920868208
1329023278581751808,negative,0.0003620489807136045
1329023280913772544,negative,0.03751159682452693
1329023281886756866,neutral,0.49789225920557484
1329023282109181954,neutral,0.3767105158566414
1329023283312910342,negative,0.03009871406495574
1329023284244045824,negative,0.0008884082576401607
1329023286341218305,negative,0.008244396462125783
1329023287268175872,negative,0.01755879857803599
1329023288685768705,negative,0.0022422003387356647
1329023290158047232,negative,0.00055738549785626
1329023290212552705,neutral,0.3341375882806857
1329023291470852097,positive,0.7554146909746253
1329023291827347459,negative,0.029238157077934503
1329023292611719168,negative,0.04628316712155345
1329023292720754690,negative,0.025846923093161635
1329023296139038722,neutral,0.6132820431581848
1329023298353696773,negative,0.00413535679702064
1329023298546651136,negative,0.05444380044635404
1329023300073295872,negative,0.0744184792942043
1329023300081741824,negative,0.17206328267580015
1329023300153053185,negative,0.2460501314280174
1329023303047131142,negative,1.3304560780022746e-08
1329023303806296067,negative,1.139746967992944e-09
1329023306037678081,negative,0.10465176405494685
1329023307304345603,negative,0.010767676095708882
1329023307778318336,negative,0.19301446321617619
1329023308155719681,negative,0.012161915281136125
1329023309607038980,negative,0.10622421319651891
1329023309611110402,positive,0.79945715816489
1329023312907825152,negative,0.05725687768518632
1329023325578944513,negative,0.04301488920648365
1329023328636563456,neutral,0.39461230779711004
1329023330410754048,negative,0.02581288491217585
1329023330716962816,negative,0.0009249382522011971
1329023331211771907,positive,0.9984741208950494
1329023336618274816,negative,0.043124632894498506
1329023344289734656,negative,0.21336248031427016
1329023345191497731,neutral,0.49789225920557484
1329023347112484864,negative,0.19815210764665753
1329023359741538308,positive,0.993706470755076
1329023360085483520,negative,0.0014371919532578366
1329023370629959680,negative,7.363390659857812e-13
1329023371460423681,negative,0.09789928535029414
1329023378523623425,negative,1.2525308429308513e-08
1329023386287296512,negative,5.218221118634494e-06
1329023390741639169,neutral,0.3499352441185855
1329023391987363843,negative,0.005578782546136925
1329023393346314241,negative,1.0019499177741165e-05
1329023395871272960,neutral,0.42927233144482624
1329023396756164609,negative,0.014491651962785325
1329023398710743042,negative,0.01332480379315507
1329023402762514434,negative,1.0019499177741165e-05
1329023407997014016,negative,0.024776968080223
1329023408986877952,negative,0.012457851362117028
1329023409284636674,negative,0.04155245825910665
1329023416993714176,negative,0.019481541937850136
1329023420022001664,neutral,0.49789225920557484
1329023421519425537,negative,0.00016757716458009337
1329023422555451393,neutral,0.42343690849496274
1329023424992260097,neutral,0.5141808552956315
1329023425021677570,negative,0.06017265179658652
1329023425139142680,negative,0.2747130122637435
1329023428934955010,negative,0.000524208876221444
1329023432055545856,neutral,0.3499352441185855
1329023432512647168,negative,0.0013573940998701285
1329023436992212994,negative,0.015708516538229557
1329023439865344000,negative,0.06440753559122353
1329023440469315584,negative,0.29761571709333384
1329023440720891905,negative,0.030433793161115958
1329023442725777410,neutral,0.49789225920557484
1329023443837313028,negative,0.000524208876221444
1329023444198060038,negative,0.07358670041818641
1329023445506658305,negative,0.04725983021097479
1329023445573709825,neutral,0.4496294498258171
1329023447217958913,negative,0.00016757716458009337
1329023450137104398,negative,0.1124344171664815
1329023450275581953,negative,0.3238083380030866
1329023450720178177,negative,8.431269286149776e-08
1329023455233241088,neutral,0.5829836342594178
1329023456567062528,negative,0.0002717771897953223
1329023459956027392,negative,0.0031625750806430555
1329023460589318144,negative,3.6360025763968376e-05
1329023462288068609,negative,2.645694451884897e-05
1329023466910183430,negative,0.04999026497017966
1329023467921035264,negative,0.011962485533436396
1329023468634038273,negative,0.1366208860938017
1329023470567649286,negative,0.12267736682181389
1329023471041605633,neutral,0.5734576952979002
1329023471897235459,negative,0.021898602457234493
1329023480357150728,negative,0.0016761918061187083
1329023481221177344,neutral,0.47767126215885464
1329023483158867968,neutral,0.5707809957037957
1329023489425240065,negative,0.0011302621827079169
1329023489924280320,neutral,0.6537474969498027
1329023490658357254,negative,0.06961573221952988
1329023492176666625,positive,0.9971586386629508
1329023493657276416,negative,0.009431841031460612
1329023494416318466,negative,0.010320231446011024
1329023496362610689,negative,0.06437834400764623
1329023499206352896,negative,0.0010552832578876548
1329023499277627392,negative,0.08301289864159057
1329023499554459648,negative,0.12316852696394487
1329023499688693765,negative,0.07227480384590217
1329023499885801474,negative,0.17360816417188504
1329023502826033152,negative,0.1450576500547841
1329023503190929409,positive,0.6880038338211725
1329023504960933888,negative,0.07218476881968862
1329023505090949121,negative,0.17635340669250482
1329023505367773184,negative,0.12267736682181389
1329023506688905216,negative,1.8330490315986723e-16
1329023508513427458,negative,0.12267736682181389
1329023510287618048,negative,0.12267736682181389
1329023510635831297,negative,0.0001049877229330341
1329023510677622785,negative,0.031189040586680632
1329023510962847744,negative,0.08571744028165713
1329023512657453056,negative,0.051195478866073466
1329023514402304001,negative,0.023617224342501245
1329023515270459394,neutral,0.49789225920557484
1329023515354419200,negative,0.19465829430621742
1329023516973338624,negative,0.0012757251285297777
1329023517153701888,negative,0.1686876759462976
1329023517367693314,negative,2.2387179692693228e-05
1329023518256803840,negative,0.03198117681915195
1329023519192182784,positive,0.9971586386629508
1329023519255126019,neutral,0.49789225920557484
1329023519427059712,negative,0.0026220031876331893
1329023524489588741,negative,0.1334899944984731
1329023525823389696,negative,0.0002450563431038429
1329023528314810368,negative,0.012644267570985848
1329023529807994881,neutral,0.49789225920557484
1329023536581795841,negative,0.10622421319651891
1329023539530313734,negative,0.2747130122637435
1329023542416060418,negative,1.406161125945231e-05
1329023551828004864,negative,0.08587255142697986
1329023557549101057,negative,0.024152014270810603
1329023557628727296,positive,0.8499580781017751
1329023558413062150,neutral,0.49789225920557484
1329023560120115201,negative,0.01568287155781556
1329023560346710016,neutral,0.49789225920557484
1329023563958013954,negative,0.26374967582245706
1329023570413019142,negative,0.08301289864159057
1329023577895612418,negative,1.4345965065805292e-05
1329023582102564871,negative,0.11420579571135546
1329023588586967043,negative,0.004393156122495751
1329023596048621569,neutral,0.46127768308170247
1329023596644196352,neutral,0.3453335505990599
1329023598997200897,negative,0.024855819487015072
1329023605154455552,negative,0.02171245408385933
1329023609290039296,negative,0.04912726332475937
1329023612347551747,negative,0.05082780960352204
1329023619566014464,neutral,0.3945772983179706
1329023620279136257,negative,0.004502366712016334
1329023625274544132,neutral,0.5816381968454034
1329023625756872709,neutral,0.4936377579226384
1329023631289151490,negative,0.007293869913681976
1329023631981211649,negative,0.004977269014690372
1329023632987844610,negative,0.0026100563486614703
1329023636951470080,negative,0.19151105241715685
1329023637127634944,neutral,0.3850748772223694
1329023639354798082,negative,0.02886830812748516
1329023641011548163,negative,0.000981341103386253
1329023641561034753,negative,0.10686731488121967
1329023642156605441,negative,0.09192056069640865
1329023643859431425,negative,0.0026570185008165732
1329023644555677696,negative,0.0011302621827079169
1329023646963216386,negative,0.02776575429183825
1329023647168811008,neutral,0.46127768308170247
1329023649106497539,negative,0.006393684957116132
1329023653573439495,negative,0.10403049165854777
1329023655486005248,negative,0.02632267889235385
1329023656060723206,neutral,0.46127768308170247
1329023658615042048,neutral,0.49789225920557484
1329023659428753409,positive,0.9971692155401696
1329023661106491392,negative,0.0005399595502855801
1329023662981308418,negative,0.012161915281136125
1329023663262343168,negative,0.06019296060671173
1329023663891488768,negative,1.0249685902676764e-05
1329023664147341313,positive,0.9971586386629508
1329023664801640448,negative,6.247322700467417e-05
1329023666244513793,negative,0.0007261740926570166
1329023666642939904,negative,0.048840986433426506
1329023669050486784,negative,0.10257797504384468
1329023669834805248,negative,0.1729308577681273
1329023671630000130,negative,6.086995737175106e-05
1329023673362239488,neutral,0.5525684566583168
1329023674666639365,negative,0.0003563334689919368
1329023675106988032,negative,1.7029631649081368e-07
1329023675870441472,negative,0.002340653711231676
1329023677048958981,negative,0.007696949660693529
1329023677619384320,negative,0.055822319448470395
1329023679045492738,negative,0.08301289864159057
1329023680538681344,negative,0.16715066046573215
1329023681478225921,negative,0.07072211752476654
1329023681780183040,negative,0.021661178209349315
1329023685643149313,negative,0.04098263954359165
1329023686054203394,negative,0.01332480379315507
1329023687874334726,negative,0.23090314755158395
1329023689057243137,negative,0.055822319448470395
1329023691339030530,neutral,0.34511017350427464
1329023694371434498,negative,0.25009282543948663
1329023695793209345,negative,0.14789105227565041
1329023711492575232,negative,0.014810787656672717
1329023711727538178,negative,0.0069933784849547835
1329023716634845184,neutral,0.4739607432362514
1329023722674647042,negative,0.0006416526001289079
1329023722691420169,neutral,0.46127768308170247
1329023723358351368,negative,0.012570036308963653
1329023725409329154,negative,0.2820386637943614
1329023728479592449,negative,0.000524208876221444
1329023730480189440,negative,0.1882280375295459
1329023746259251201,negative,0.0014800792787500758
1329023747559342080,neutral,0.5370941862973679
1329023751183364097,negative,0.17642173854605683
1329023752382844931,negative,4.1652121831947113e-07
1329023760788312065,negative,0.01332480379315507
1329023761404874753,neutral,0.5422094295051234
1329023763711729664,negative,0.002196709085237019
1329023766316396549,negative,9.434600981321481e-05
1329023775774486528,neutral,0.6520549292156381
1329023786511953920,negative,0.03786368911485886
1329023792371339264,negative,0.060128637476914784
1329023793357074432,negative,0.051220240561426475
1329023793403203584,neutral,0.4100511479900668
1329023798327185408,negative,0.14322346192102656
1329023806313295873,negative,0.011010995448930156
1329023808469164033,negative,0.0013015148548310585
1329023811006689280,negative,4.598971621421873e-06
1329023811547750400,negative,1.4546292380122821e-05
1329023813703643136,negative,0.09179269847728459
1329023816270536711,neutral,0.46127768308170247
1329023821161041920,negative,0.001945832981276733
1329023821270179840,negative,0.09016725050128345
1329023822578790403,negative,0.13980867355560958
1329023826982699010,negative,0.012570036308963653
1329023827372859392,neutral,0.49789225920557484
1329023827909677057,negative,0.0002849622178505194
1329023828295622656,negative,0.21336248031427016
1329023828429836292,negative,0.2820628395300315
1329023828555653122,positive,0.7105047480073482
1329023831684608006,negative,0.16167256707023125
1329023832917766150,neutral,0.46127768308170247
1329023835551707136,negative,0.0004291115894490975
1329023837762154496,neutral,0.5734576952979002
1329023838940762120,negative,0.026140356649203146
1329023839133716482,negative,0.000855604328181136
1329023839393738754,negative,0.26979397378611303
1329023841964847104,neutral,0.37874993579954885
1329023843235721219,negative,1.576172335347692e-08
1329023848113647619,negative,0.0013918741076467
1329023848315052033,negative,0.11301079900902951
1329023848784818180,negative,0.005663313264521818
1329023849170612224,negative,0.057527561131450945
1329023850017927173,negative,0.0004291115894490975
1329023850491809794,negative,2.2335147115934592e-06
1329023851997564928,neutral,0.3850748772223694
1329023853037821955,neutral,0.5734576952979002
1329023858481967104,negative,0.0011302621827079169
1329023858725294082,negative,0.11705214329347786
1329023858914025475,neutral,0.4496294498258171
1329023859580948481,negative,0.10422803909469577
1329023862714097664,positive,0.9086291569043615
1329023862944755712,negative,0.06225275994179845
1329023863179632645,negative,0.028224431018580704
1329023863691374593,positive,0.6922310873791506
1329023863812919296,negative,0.0029108674544030613
1329023864790261760,negative,0.10048672423543416
1329023865134211072,negative,0.09031254508943559
1329023867696852992,negative,0.09016725050128345
1329023868204363776,negative,0.17206328267580015
1329023871060684800,negative,0.0002258024194260512
1329023874214866944,negative,0.024152014270810603
1329023874873307136,negative,0.029094994177504198
1329023878308487168,negative,0.02776575429183825
1329023879608733698,positive,0.9086291569043615
1329023881940787201,negative,1.573082350336224e-06
1329023882075004928,negative,0.20171891870321618
1329023889666662406,negative,0.003583328209577227
1329023892694966272,negative,0.0004291115894490975
1329023895421259813,positive,0.9971586386629508
1329023899334549504,negative,0.00013042253256009465
1329023905181413391,negative,0.03229408542482722
1329023908297793536,negative,2.8517023236875775e-06
1329023912479494144,negative,0.0015672876007109954
1329023914182397954,negative,0.09031254508943559
1329023916053057538,negative,0.03901832747881049
1329023920880709632,neutral,0.5334580341330502
1329023924215148545,negative,0.026584816354132807
1329023926689812480,neutral,0.46127768308170247
1329023928052953088,negative,0.12439529981347604
1329023928610779136,positive,0.7492640488558922
1329023934310834177,negative,0.0006416526001289079
1329023936592539650,negative,0.15644911168231368
1329023938882641922,negative,0.07762489138302384
1329023941273415681,neutral,0.5148045043243891
1329023958365204487,negative,0.2460501314280174
1329023958478434308,neutral,0.6040807038920264
1329023968657944576,negative,1.2135270157701855e-10
1329023978028085249,negative,0.04424426214190093
1329023983254114304,negative,0.01332480379315507
1329023986290876418,negative,1.806800654018204e-05
1329023991022030849,negative,0.004265993965578014
1329023993660268545,neutral,0.3312027063160738
1329023999691644932,negative,0.08301289864159057
1329024002233421824,negative,0.019477806479645098
1329024009619595264,negative,0.2678522015190293
1329024013524496385,negative,4.3444306022364985e-06
1329024014136848385,negative,0.12267736682181389
1329024015692951552,neutral,0.46127768308170247
1329024015994933250,neutral,0.4894886660404289
1329024016116543489,positive,0.7141947843261252
1329024016699494402,negative,0.011104183024497756
1329024020377980929,negative,0.05934446305362689
1329024023632732160,negative,0.0031516307634593304
1329024027374055424,positive,0.9496892372540463
1329024030377201665,negative,0.01897175086643638
1329024031270559749,negative,4.421443823288187e-06
1329024031694200832,negative,0.0011302621827079169
1329024032029757440,negative,0.2856440711855523
1329024033518710784,negative,0.0011302621827079169
1329024036081373186,neutral,0.4042682132242057
1329024036152733696,neutral,0.5734576952979002
1329024038644092930,negative,0.0029108674544030613
1329024039021670401,negative,2.3345752240099965e-07
1329024043966730241,neutral,0.49789225920557484
1329024045195653120,negative,0.0743094983363471
1329024046034513920,negative,0.004176274090751977
1329024047003426816,negative,2.0452915437353023e-09
1329024051809980417,negative,5.906407963786289e-06
1329024051940106241,positive,0.7105047480073482
1329024051998830593,negative,0.13856351079379872
1329024052158226432,negative,1.576172335347692e-08
1329024052174925824,negative,0.02077301040335086
1329024052204285952,neutral,0.5293041265229647
1329024052342652929,negative,0.15938629506120272
1329024052351025153,negative,0.0020790986026053187
1329024056667070467,negative,0.013305773054496118
1329024057539522560,positive,0.728169583489494
1329024058168635394,negative,0.12267736682181389
1329024059607289857,negative,0.004817375964375153
1329024060097957893,negative,0.12811281441143568
1329024060265787393,negative,0.017420009609758497
1329024061024980994,negative,2.7367782270221055e-06
1329024061201113094,negative,0.04326749920868208
1329024061679284227,negative,1.9519834571014898e-13
1329024065236045824,negative,0.2015204623340027
1329024065802285060,negative,0.08827701031621449
1329024066888605698,positive,0.8653709648225747
1329024067085668352,negative,0.0011302621827079169
1329024071301013505,negative,1.1842026006954863e-05
1329024072806764546,negative,0.09665352315852625
1329024073263845378,negative,0.12806381259424787
1329024073867825153,negative,0.003027895956692213
1329024074388021248,negative,0.0554743196425533
1329024075457581056,negative,0.027903473005625415
1329024077277741056,neutral,0.3309874767000236
1329024078255173632,positive,0.7612644889932263
1329024081879035905,neutral,0.3981203052089851
1329024083078639623,negative,0.2303936702124761
1329024084177530884,negative,0.0031625750806430555
1329024086387740673,negative,0.021448147201582588
1329024087092584448,negative,0.0012342763989116106
1329024089848242176,negative,1.3586870519192577e-05
1329024092482179072,positive,0.7105047480073482
1329024094180962305,negative,0.21336248031427016
1329024095657340929,positive,0.9172543304609544
1329024096085159936,negative,0.010209415127506418
1329024101554528256,negative,0.06139985536650471
1329024110966534146,negative,0.12267736682181389
1329024110970753024,negative,7.230979097681996e-05
1329024113164361729,negative,0.26939233757475606
1329024117123715073,negative,3.53727962911715e-13
1329024117459324928,negative,0.10977260725410494
1329024121322270722,neutral,0.49789225920557484
1329024121666232320,negative,0.16146953319818114
1329024128368701443,positive,0.7612644889932263
1329024129375363078,negative,0.09990653106022511
1329024134110699520,negative,2.38226257771408e-09
1329024135691907072,negative,0.318383687852123
1329024135809228800,neutral,0.49789225920557484
1329024138766413824,neutral,0.34228768541840804
1329024140133675009,negative,0.01332480379315507
1329024141341626369,negative,0.00021615681497026405
1329024142201458690,negative,0.052683415265243866
1329024151588401154,negative,0.024152014270810603
1329024152460734464,negative,0.04981218947438497
1329024159276544008,negative,0.01216836582249485
1329024165102411777,negative,0.3237559411869768
1329024166159413250,negative,0.0005108079808303325
1329024166314586113,negative,0.14531459753938514
1329024173738500099,neutral,0.49789225920557484
1329024176297046018,negative,0.01584067618923472
1329024176330596352,negative,6.089124321776025e-06
1329024180369678338,negative,3.6098476362779976e-07
1329024182659715072,negative,0.11919709727946037
1329024183473418241,negative,0.010459957212948923
1329024186912796672,negative,0.002533096927107634
1329024188884131840,negative,0.21336248031427016
1329024190851272704,negative,1.4546292380122821e-05
1329024192050851840,negative,0.00011136781500205892
1329024197033648128,negative,0.006074566217291727
1329024205493559298,negative,0.010500067700481026
1329024206282088454,negative,1.555155633091268e-07
1329024206894460928,negative,1.8344758499485777e-06
1329024207141953537,negative,0.018571737773704043
1329024214322606081,negative,2.991743665834061e-08
1329024215387938818,positive,0.9971586386629508
1329024216193183745,negative,0.054019379977660896
1329024216465862657,negative,0.024152014270810603
1329024216650428418,negative,0.1427122862583909
1329024217820655616,neutral,0.4160402595408429
1329024218579800066,negative,0.06535627514100951
1329024222262341632,negative,1.9810307375001907e-07
1329024223323566084,negative,0.2697965898796189
1329024225101942784,negative,0.0004291115894490975
1329024225563340801,neutral,0.5525684566583168
1329024228952330241,neutral,0.46127768308170247
1329024231674404864,negative,0.1194475628433746
1329024232236478464,negative,0.018883807026100187
1329024233226297349,neutral,0.46127768308170247
1329024235537379330,neutral,0.49789225920557484
1329024236095238144,negative,0.004817375964375153
1329024239622647809,negative,0.00024353821785840152
1329024239631036416,neutral,0.3939197359992013
1329024241329692674,negative,0.12267736682181389
1329024241539444743,negative,1.7126180953224906e-18
1329024243338784770,negative,0.008956202947443084
1329024244907470848,negative,0.00025621970473853735
1329024245154897920,negative,1.2525308429308513e-08
1329024245570170880,negative,0.07393459354148145
1329024247130370050,negative,0.14429249309798903
1329024251068870656,neutral,0.4260192924905043
1329024251291111426,negative,0.0011302621827079169
1329024253740654593,negative,0.013305773054496118
1329024253765808129,negative,0.03804679680699304
1329024254017482753,neutral,0.5734576952979002
1329024254063636484,negative,2.677320683930717e-12
1329024259944046593,negative,0.25186345100577645
1329024261747593220,negative,0.2871821618504421
1329024262351544320,negative,8.771077754040712e-06
1329024263198830592,neutral,0.3559647248578119
1329024263882481666,neutral,0.4513276909192758
1329024266273247234,negative,0.0029108674544030613
1329024268953407489,neutral,0.5029793951688547
1329024271788740608,neutral,0.3544749140215331
1329024271927156736,negative,0.09016725050128345
1329024274003324933,neutral,0.3996580091506196
1329024274171105280,negative,0.024759547308727883
1329024278688378881,negative,0.011992979250939045
1329024279191687173,negative,0.005556845409626128
1329024281389408257,neutral,0.49789225920557484
1329024283553755137,negative,0.0011302621827079169
1329024284958855168,neutral,0.39461230779711004
1329024285894176768,neutral,0.3341375882806857
1329024286489784325,neutral,0.42996028070205516
1329024288121303043,negative,0.005400229311949387
1329024292084977670,negative,0.2629053513902196
1329024292647018496,negative,0.19815210764665753
1329024296941973504,negative,0.07227480384590217
1329024300318404609,negative,1.647415698347654e-05
1329024301576687618,negative,0.15585040364727296
1329024307486453765,negative,9.932962980782618e-06
1329024309520719877,negative,0.09016725050128345
1329024311399690241,negative,0.0011955621185515868
1329024318156795904,negative,1.7662325670533692e-07
1329024330941026305,negative,0.22251714722327184
1329024331444260873,negative,0.1673153224423372
1329024331968548867,negative,0.08348678421555716
1329024341833641987,negative,0.28698373037413316
1329024348347392003,negative,8.771678765032276e-06
1329024352290004993,negative,1.269111989298782e-07
1329024353317564416,negative,0.010320231446011024
1329024354752061441,negative,1.2525308429308513e-08
1329024356454965248,positive,0.9790502804843926
1329024359890030594,neutral,0.49789225920557484
1329024361764954112,negative,0.2747130122637435
1329024363513962496,positive,0.7836579864466033
1329024363589472257,negative,0.019695007178518832
1329024365762129925,neutral,0.4739607432362514
1329024367544692736,negative,0.061016682716736305
1329024368861646849,negative,0.09179269847728459
1329024373295083521,negative,0.21336248031427016
1329024374154924038,negative,1.031522394050284e-05
1329024375908077571,negative,0.0007254107638876044
1329024389434707970,neutral,0.49789225920557484
1329024390437146626,negative,0.0005426613962340672
1329024392773427200,negative,0.26847485695937634
1329024393012457472,negative,0.006496709341184384
1329024393176117248,negative,0.01951979020266418
1329024396686725126,negative,0.0004543982879744699
1329024397231919105,negative,0.10257797504384468
1329024400767803392,negative,0.07393459354148145
1329024402407763969,negative,0.05633839592514547
1329024402680377344,negative,0.19151169014119152
1329024402734919681,negative,0.004850290673635638
1329024402860761088,negative,0.10257797504384468
1329024404752363522,negative,0.0497684718341794
1329024404756557825,negative,0.279898437416112
1329024405591236610,negative,0.055822319448470395
1329024407587745792,negative,0.09179269847728459
1329024408208498695,negative,5.581193424676809e-06
1329024408460128258,negative,1.053465598082157e-08
1329024409584144384,negative,0.0005733311151454013
1329024410905436163,negative,0.11301079900902951
1329024412553801728,neutral,0.49789225920557484
1329024413384253440,negative,0.0004291115894490975
1329024416039178240,negative,0.02751588865247776
1329024419604406272,negative,0.0011302621827079169
1329024420531351553,neutral,0.5916667328764619
1329024421001109504,negative,0.10422803909469577
1329024422984953857,neutral,0.392441398563998
1329024423169568773,negative,3.2323017047000424e-10
1329024424545234948,negative,0.12725058825060998
1329024426017435651,negative,0.0010552832578876548
1329024426051072001,neutral,0.4373255837432663
1329024427137388546,negative,0.17588940718398566
1329024427795898372,negative,0.04725983021097479
1329024431298056193,positive,0.7199155358370156
1329024436637478912,negative,0.042002458087360334
1329024438923386894,neutral,0.37409041783159663
1329024441519575044,negative,1.6259553501205734e-06
1329024443599843328,negative,0.03217887315188984
1329024445382594565,neutral,0.38553325915229153
1329024449404874752,neutral,0.42028364307867555
1329024449778245632,negative,0.0032055866599285865
1329024449841127427,negative,0.0016230594606103184
1329024453053980673,neutral,0.49789225920557484
1329024453490171910,negative,0.0011302621827079169
1329024454782021632,neutral,0.40416408612247773
1329024454811410438,negative,0.000524208876221444
1329024455096623105,negative,0.0055064642565664
1329024456627527681,neutral,0.5734576952979002
1329024457256611849,negative,0.09031254508943559
1329024457525129219,neutral,0.49789225920557484
1329024458556846080,negative,0.0011302621827079169
1329024459425128449,neutral,0.4998893536432852
1329024460255596546,negative,0.0031847961849922335
1329024460385628161,neutral,0.5916667328764619
1329024463732674560,negative,0.0013546345866522328
1329024464957415424,negative,0.0007203972158914444
1329024465485914112,neutral,0.36707705438008126
1329024467251720192,neutral,0.4260192924905043
1329024467805368320,neutral,0.5734576952979002
1329024467973103617,neutral,0.5471493912210927
1329024469147508741,negative,0.2992509048152064
1329024474323279873,negative,0.12711922869227946
1329024474868539392,negative,1.5138301541164496e-07
1329024475875119110,neutral,0.5916667328764619
1329024476885999617,positive,0.8828096164316794
1329024477645172736,neutral,0.5734576952979002
1329024480027566082,negative,0.21336248031427016
1329024487971549186,neutral,0.49789225920557484
1329024488843980800,positive,0.825185152135129
1329024493935845377,negative,0.0027566673555279642
1329024498734161921,neutral,0.49789225920557484
1329024499900182528,negative,0.024152014270810603
1329024504505524224,negative,9.148524783156152e-07
1329024510876643328,negative,0.08080750041251203
1329024514777296896,negative,0.00021382071467048418
1329024520116711424,negative,0.01952869234794165
1329024522901655552,positive,0.7606836720808542
1329024527771242496,negative,0.0008655115432226999
1329024528161386501,negative,0.0026220031876331893
1329024528517914624,negative,0.0029967525370943535
1329024530870890497,negative,0.2678522015190293
1329024532917743616,negative,0.000524208876221444
1329024534352105474,negative,0.0016522409027201963
1329024539028754438,negative,0.17632601764987182
1329024542518484993,positive,0.6835102555441346
1329024546947670025,negative,0.04087764242919281
1329024562298826752,negative,1.5980627105529576e-05
1329024563502604290,negative,0.0004132433819036874
1329024569693368324,negative,0.14720683121191502
1329024573334032385,neutral,0.41255628797487864
1329024573409550338,negative,0.0003188869373675407
1329024573677899777,negative,0.017420009609758497
1329024582930620416,negative,5.686551334933856e-12
1329024587305275394,negative,0.005086262530428696
1329024588731342850,neutral,0.4306621925965477
1329024589683417089,negative,0.1312541915634976
1329024590010585090,negative,0.024825840028568323
1329024590316703750,negative,0.12267736682181389
1329024590778146816,negative,0.12725058825060998
1329024591323410432,negative,0.00016834728003099384
1329024591726071808,negative,0.0028242952150439597
1329024592187363334,negative,0.012439674495952246
1329024593064026117,negative,0.13968328310001993
1329024593516965888,neutral,0.5734576952979002
1329024594368368640,positive,0.9935287817213105
1329024594553020416,negative,1.8344758499485777e-06
1329024596239151104,negative,0.05560780467566124
1329024596339814400,negative,0.006337301773747705
1329024598571147266,positive,0.7105047480073482
1329024599028166656,negative,0.19151105241715685
1329024600265674753,negative,0.015958904503965764
1329024602681520130,neutral,0.5355485329582951
1329024603637882881,neutral,0.6471417976689666
1329024604963303434,negative,0.2522238385795658
1329024607005892610,negative,6.027605928975151e-05
1329024607857373185,negative,0.04934432258531926
1329024607886733313,negative,0.0006879397490798425
1329024608176140294,negative,3.2405178322726646e-06
1329024612559163392,negative,0.09137833617513802
1329024613481844736,positive,0.7043093687671483
1329024614895378432,negative,0.29693491992033216
1329024616090755074,positive,0.6646393315409048
1329024616854155264,neutral,0.49789225920557484
1329024619995672576,negative,0.055822319448470395
1329024620482211840,negative,0.060442918098243995
1329024620981334016,neutral,0.46127768308170247
1329024621514018818,negative,2.991743665834061e-08
1329024624659734528,negative,0.019890706065335675
1329024626073219072,negative,0.0004291115894490975
1329024627209859073,negative,9.937674886812483e-12
1329024627868393478,neutral,0.5734576952979002
1329024629567008769,negative,0.01897175086643638
1329024629730631680,negative,0.1174466855989833
1329024634558304256,negative,7.81024409861829e-07
1329024634906435584,negative,0.018954091000450195
1329024635728486407,negative,0.016661654156570668
1329024636210851849,positive,0.8346956284331795
1329024636248616962,negative,3.215825987163532e-06
1329024636927975424,negative,0.0004291115894490975
1329024637414551555,neutral,0.4496294498258171
1329024638106677249,negative,0.000755270945113444
1329024639209713667,neutral,0.46127768308170247
1329024639218163714,negative,0.2522817600246395
1329024639708798976,negative,0.030034291132401865
1329024640551952385,negative,0.2539432596452486
1329024641655066624,negative,0.02077301040335086
1329024641663463424,negative,0.002515195635828839
1329024641680240641,negative,0.013408364444618437
1329024643240513538,negative,8.026622063616426e-09
1329024643387289600,negative,5.3947413644781903e-08
1329024645505437696,negative,9.285993059037349e-05
1329024645635350529,negative,0.06467362364872534
1329024651721388034,negative,0.024152014270810603
1329024651947700226,negative,0.0035072417204005065
1329024654183370752,negative,0.010320231446011024
1329024662639140865,neutral,0.5095453051847607
1329024663012438016,negative,3.226446243901847e-07
1329024664035876865,positive,0.7144923089374798
1329024669496668161,negative,0.10279416330194352
1329024670402797582,neutral,0.5533970533999424
1329024673070387203,negative,5.6668711350546833e-05
1329024677054967808,negative,0.00838899196623085
1329024684126515200,negative,0.06682671414999737
1329024686777372672,negative,0.09133316706743431
1329024698571759617,negative,0.0007250191789431137
1329024705576267778,negative,0.13098902400740603
1329024715269304323,negative,6.027605928975151e-05
1329024717123104769,negative,0.0006879397490798425
1329024717517451270,negative,0.00013327070458662803
1329024719786565633,negative,0.25546497996554773
1329024734743433216,negative,0.04122777141892177
1329024734797959169,neutral,0.46127768308170247
1329024738623172609,negative,0.1394384390087036
1329024739629740032,negative,0.06720679468225065
1329024741370425345,negative,0.20868681947083023
1329024745115971590,negative,0.02171245408385933
1329024749100556290,negative,0.00043796066190673297
1329024750992109568,negative,0.10297464706717091
1329024751491276802,negative,0.06665853480355861
1329024755211636736,negative,1.2525308429308513e-08
1329024759049424899,negative,0.02460246086730735
1329024759426854912,negative,0.00038557137739426815
1329024760865546240,negative,0.034357045567931746
1329024762354434048,negative,0.0555718730442944
1329024763629592576,neutral,0.49789225920557484
1329024766343254025,negative,6.967267231740886e-05
1329024767865872384,negative,0.19414555694929672
1329024774388011008,negative,0.111732019664845
1329024774459297792,neutral,0.45806818609295935
1329024774606090240,positive,0.9846257845890665
1329024778141913088,neutral,0.589367139849892
1329024779886718979,negative,0.01332480379315507
1329024780104851456,negative,0.0011302621827079169
1329024780381675521,negative,0.07898313922096831
1329024780855554051,negative,1.1094040915924887e-05
1329024780868182020,negative,0.0032700427709381947
1329024781140832264,neutral,0.5539890135544677
1329024783045046272,negative,2.2393274086046674e-06
1329024783368007681,negative,0.0004376211693493372
1329024784341102592,neutral,0.3834644081338705
1329024784890523649,negative,0.00042884952166574047
1329024786329120768,negative,0.32798723222990095
1329024787377758211,negative,0.08970873860805768
1329024788518604800,negative,0.0658781848216901
1329024789344825344,negative,4.6335705959508857e-07
1329024790850572290,negative,0.2884791654740305
1329024791366545409,negative,0.01897175086643638
1329024795288219652,positive,0.9427228758838705
1329024796768735232,negative,7.9377684611068e-05
1329024797943197696,negative,6.692493262714307e-06
1329024799599980545,negative,5.229651219142981e-09
1329024801265037313,negative,9.30346657185527e-05
1329024805257891840,negative,1.7179333235013937e-05
1329024811004293121,positive,0.8499580781017751
1329024811209723904,neutral,0.43143461162221
1329024811226558467,positive,0.9935287817213105
1329024811910258688,negative,0.00033210016368682386
1329024812447113216,negative,8.4310110730839e-08
1329024812791062528,negative,0.2715220889220143
1329024814145826817,negative,0.02326562308093074
1329024814296813570,negative,0.007796384369881954
1329024816800821248,negative,0.0004291115894490975
1329024818361077761,negative,0.0018522805333611328
1329024819409596416,negative,0.12711922869227946
1329024819980099592,negative,0.057527561131450945
1329024821536071680,neutral,0.49789225920557484
1329024828020502531,negative,0.19119556213918235
1329024830738472962,neutral,0.46127768308170247
1329024831719878658,negative,0.001764987387068086
1329024832193884161,positive,0.8308674006746637
1329024833875808256,negative,7.3102596755023e-07
1329024835096338433,neutral,0.49789225920557484
1329024836346253314,negative,0.002092385823767758
1329024836824403971,negative,0.1124344171664815
1329024837881376774,negative,0.012394259717323648
1329024838892195842,positive,0.7105047480073482
1329024841429692418,negative,0.16155225908108192
1329024842415353856,negative,0.000277881601542893
1329024843526844417,neutral,0.46127768308170247
1329024850162278402,negative,0.0002152121739979345
1329024851097645057,negative,0.0002717771897953223
1329024851655454720,neutral,0.5734576952979002
1329024855325483009,negative,0.017368220539119322
1329024861650432001,negative,0.0016761918061187083
1329024865186275329,positive,0.7612644889932263
1329024866012499970,negative,0.06720679468225065
1329024868269035520,negative,0.0007250191789431137
1329024876661907458,negative,0.0004307921733496538
1329024876993196032,neutral,0.5948266839517855
1329024886451408896,neutral,0.3819242144884796
1329024888905080832,negative,0.20462982083979023
1329024889358061568,negative,0.03187356522467742
1329024890847027200,negative,1.0002834314813851e-09
1329024894835843075,negative,0.013448322087050706
1329024894877769729,negative,5.307668112964693e-07
1329024899990622209,negative,0.07652993311053802
1329024900644876288,positive,0.7612644889932263
1329024909956276225,negative,0.014399668061868006
1329024914620370944,negative,0.08301289864159057
1329024918315536385,negative,0.3057856963123573
1329024918546243584,negative,0.18698358515376365
1329024918680383488,neutral,0.5211578268303514
1329024919083028481,negative,1.0002834314813851e-09
1329024920714686464,negative,0.014810787656672717
1329024923189317643,neutral,0.5100005313265839
1329024926230196227,negative,0.05969787490123619
1329024928629338114,neutral,0.3597757852030152
1329024929690513410,negative,0.18983935126446916
1329024931628249089,negative,0.09665352315852625
1329024933368836097,neutral,0.49789225920557484
1329024947348500480,negative,0.16380477360075288
1329024948875235329,negative,3.07869005468007e-05
1329024951412809729,negative,0.010459957212948923
1329024954256470017,negative,0.026584816354132807
1329024961437184001,negative,0.018631042697570897
1329024961814650880,neutral,0.49789225920557484
1329024963500777473,negative,0.10257797504384468
1329024964230574080,negative,0.14636385674521066
1329024966789132288,negative,0.0011302621827079169
1329024969032994816,negative,2.485052678431652e-06
1329024969037258756,neutral,0.42159353098697877
1329024971314696193,negative,0.0043266458659074305
1329024971402858498,negative,0.17543164541038822
1329024972669538305,negative,0.12267736682181389
1329024973114142720,negative,0.01897175086643638
1329024973239889920,neutral,0.49789225920557484
1329024973269307392,neutral,0.6298743221383942
1329024973424439298,positive,0.7612644889932263
1329024974128963584,negative,0.1312541915634976
1329024974556893185,negative,0.3122184057959272
1329024978482761730,negative,0.0005492289607165429
1329024980802211841,negative,0.10537786113217175
1329024981821493249,negative,0.01699442003720968
1329024987370565639,negative,0.0008655115432226999
1329024987781541894,negative,7.505016627845723e-05
1329024988947636229,negative,1.3505011370443605e-10
1329024988981194758,negative,0.17629892331301014
1329024989488680960,negative,0.00011704231769168231
1329024990352650242,negative,0.00023868414786351033
1329024990499512320,negative,0.1579944167244793
1329024991866867714,negative,0.037286202614605815
1329024994454736896,negative,0.0031625750806430555
1329024996228952068,neutral,0.49789225920557484
1329024996426063873,negative,0.13098902400740603
1329024999336931328,neutral,0.49789225920557484
1329024999974383616,neutral,0.49789225920557484
1329025000372899840,positive,0.6693363490462579
1329025001878642690,positive,0.9181805951401257
1329025001966723072,negative,5.048143458361815e-05
1329025006026756097,neutral,0.39697510199130176
1329025006257516544,negative,0.19419044218715797
1329025007666782209,positive,0.914337472429556
1329025008602058757,negative,0.002366759297319056
1329025009440813057,neutral,0.6011702871753322
1329025009529090048,negative,0.03935462556506752
1329025014000201733,neutral,0.5339194260980789
1329025015807959041,negative,0.0027024482832184006
1329025016193814528,neutral,0.3819242144884796
1329025016848142336,positive,0.7612644889932263
1329025020195168259,negative,6.092123459773901e-06
1329025025031155712,negative,9.461198436392256e-05
1329025026448887808,neutral,0.49789225920557484
1329025030240538624,positive,0.7612644889932263
1329025031104565250,neutral,0.5734576952979002
1329025032434176001,negative,0.19414555694929672
1329025033017192449,negative,6.9403159279534755e-06
1329025033520500737,neutral,0.49789225920557484
1329025034480988163,positive,0.6890963448775574
1329025038109052929,negative,0.17543164541038822
1329025043968487427,negative,0.10622421319651891
1329025045210017794,negative,0.002529056213207939
1329025049244930049,neutral,0.3442180952584771
1329025050138316806,negative,0.011527976871866703
1329025053732835330,negative,0.09528701653823497
1329025053900611590,negative,0.007449141662502798
1329025060078809092,negative,0.0009522672437583836
1329025060091334657,negative,1.2731926310289452e-06
1329025073064386563,positive,0.9959678437571746
1329025073286701056,negative,0.0005674418499793156
1329025083806011392,negative,0.04658555252591483
1329025085211078657,negative,0.024152014270810603
1329025088012902405,negative,6.027605928975151e-05
1329025093998157825,negative,0.015877769350610804
1329025094132359170,negative,0.11561076203883044
1329025096539893761,negative,0.0068785548440515164
1329025104894889985,positive,0.7612644889932263
1329025104911675393,negative,0.09114173435270351
1329025108581769219,negative,0.25206704169362587
1329025108703375361,positive,0.8938594677917862
1329025110494339073,negative,1.4546292380122821e-05
1329025115619778561,negative,0.1407665924487646
1329025116156604417,negative,1.2525308429308513e-08
1329025118396362758,negative,0.005006873213324618
1329025119411466241,neutral,0.3698935661686427
1329025122372624384,positive,0.9399815637494888
1329025123014369282,negative,0.02036554036742403
1329025126218817539,negative,0.029812809022945377
1329025131470057472,neutral,0.6040807038920264
1329025133948841985,negative,0.11184213341602264
1329025134171189248,negative,0.2549430323901248
1329025141246992384,negative,0.0045624610718964075
1329025145080582144,neutral,0.6512229522479316
1329025145588084736,negative,0.00583824669939188
1329025145932025858,negative,3.0874282070811717e-07
1329025147764944905,negative,0.15558993830969833
1329025148100505600,positive,0.8828096164316794
1329025149044199425,positive,0.7523146746986145
1329025150541553665,negative,1.0605562786929414e-05
1329025152252858370,negative,0.00021884261548627248
1329025153787965440,negative,0.049819620159805886
1329025154291294209,negative,0.12267736682181389
1329025154442211329,negative,0.10451989456114345
1329025154870030339,neutral,0.4894886660404289
1329025155159482368,negative,0.18863007687844954
1329025158863056897,neutral,0.49789225920557484
1329025160628854785,positive,0.8400396450375877
1329025166299586562,negative,0.0011302621827079169
1329025166391861249,negative,0.15338746606504536
1329025166429581312,negative,0.00789676051681515
1329025167864057856,negative,0.01136637833254889
1329025171269840896,negative,0.0029108674544030613
1329025173480202242,negative,0.04424426214190093
1329025173807390721,negative,1.0440086407492506e-05
1329025175824723968,neutral,0.49789225920557484
1329025176235741185,negative,3.0470745192041156e-05
1329025176378482689,negative,0.12725058825060998
1329025177158627332,negative,0.20868681947083023
1329025180270780418,positive,0.9137249971097122
1329025182221144066,negative,0.0011302621827079169
1329025186407047168,negative,0.0005157331948470611
1329025187480805377,negative,0.000913243543086919
1329025190429388800,negative,0.0007444496824591684
1329025193084325888,negative,0.12999492555152506
1329025193101176833,negative,0.01699442003720968
1329025193516425216,negative,0.02939038576299392
1329025193654808576,negative,0.2025089729789674
1329025194518777858,negative,0.0001978723516778656
1329025197211594752,negative,0.16009658107333474
1329025197375184896,neutral,0.49789225920557484
1329025199782629376,negative,0.10861842623717999
1329025199820468227,negative,7.416488591034698e-05
1329025200869007360,negative,0.18827326911374434
1329025201359753224,negative,0.15477369581141545
1329025201871450113,negative,1.0141360403860372e-05
1329025202311852032,negative,0.29598635175467863
1329025202467049473,negative,1.2525308429308513e-08
1329025206585790465,positive,0.7105047480073482
1329025207185461253,neutral,0.49789225920557484
1329025211811962882,neutral,0.5869567557510148
1329025212906688512,neutral,0.49789225920557484
1329025214395658241,negative,0.19815210764665753
1329025217373622272,neutral,0.5734576952979002
1329025218501877762,negative,0.000753716795852582
1329025218678054914,negative,0.08675644068887371
1329025219860844547,negative,6.421981153636192e-05
1329025224768061442,negative,0.14747429798741685
1329025229419671553,negative,1.031522394050284e-05
1329025231093108736,negative,0.000524208876221444
1329025232057884672,negative,4.162974183027354e-05
1329025233643204609,negative,0.00016757716458009337
1329025234826108929,negative,0.030563272305974915
1329025235409113088,neutral,0.3385252644667176
1329025237837602818,negative,0.0005108079808303325
1329025241687986176,negative,0.000524208876221444
1329025247555825670,negative,0.09179269847728459
1329025248021372930,neutral,0.5912620390458827
1329025253910204418,positive,0.735112649738782
1329025257773142016,negative,1.2525308429308513e-08
1329025259589300225,negative,7.861079269569954e-07
1329025259710902272,negative,1.2525308429308513e-08
1329025262919577602,negative,7.953014527781045e-06
1329025263913611265,negative,0.00327413139804577
1329025270708244480,positive,0.7612644889932263
1329025272675491841,negative,0.0007558000577065306
1329025274902704129,negative,0.07393459354148145
1329025276924334081,negative,0.03198117681915195
1329025277649952769,negative,0.05017369197056614
1329025278488834052,negative,0.1465915056454826
1329025285732397057,negative,0.000588885321664699
1329025289196855298,neutral,0.46127768308170247
1329025290178322433,neutral,0.5093266689637628
1329025295408574468,negative,6.563327570074567e-05
1329025295614160903,negative,0.06726707530376926
1329025308016730112,negative,2.051303819331295e-06
1329025310000607233,negative,2.479521205762893e-07
1329025315956514816,negative,0.07802275935870678
1329025319509127169,neutral,0.4898631585877994
1329025321505583106,negative,0.010320231446011024
1329025324718452738,negative,3.5185707567487144e-10
1329025328652689409,negative,0.20453876621317663
1329025343676686336,negative,0.22108790730747446
1329025350039445506,neutral,0.5315025225330297
1329025353042497542,negative,0.004176274090751977
1329025353373847553,negative,0.1838517821627267
1329025354141478915,negative,0.0045624610718964075
1329025354678349825,negative,8.514359095894442e-07
1329025355194241024,negative,0.0010118488652627925
1329025359753474056,negative,0.043505138303743765
1329025361154281473,neutral,0.5316624617817726
1329025362953703424,negative,0.0011302621827079169
1329025363314405377,negative,0.0045624610718964075
1329025363872280581,negative,0.3029968537174699
1329025366057422848,negative,2.0658739524010088e-05
1329025366183309315,negative,0.033251103439484106
1329025366372003841,negative,0.029637629396123195
1329025367538098176,negative,0.00013747285976293318
1329025368725008385,negative,0.03089868548543867
1329025368750223360,neutral,0.5657331973336709
1329025369182236673,positive,0.9980000804934739
1329025374014070785,negative,0.0011302621827079169
1329025376643932162,negative,0.22443070090223505
1329025378304876544,neutral,0.5211578268303514
1329025379814797314,negative,2.1417771385509952e-07
1329025381417050112,neutral,0.49789225920557484
1329025382016839681,positive,0.6782388105941692
1329025382633365506,negative,0.00016688681041714253
1329025384285876229,negative,0.012037412306659891
1329025384927604736,negative,0.13170298819641654
1329025387012251650,negative,6.027605928975151e-05
1329025387414884352,neutral,0.5374478655040366
1329025389692411904,negative,0.004176274090751977
1329025390027952128,negative,0.015757721180406577
1329025390673846272,neutral,0.4507454498615163
1329025393857339393,negative,7.302463756100479e-05
1329025394369056768,negative,3.8157716880226765e-05
1329025398391386112,neutral,0.49789225920557484
1329025398848548865,negative,1.5728972523088286e-06
1329025399226052612,negative,0.03463252655872632
1329025399771312131,negative,0.14599531701288726
1329025404456361986,negative,0.034066417303543324
1329025408013045760,negative,0.22336937491404601
1329025408688328706,neutral,0.49789225920557484
1329025408885530624,negative,0.3048687492176233
1329025408889712641,negative,0.06963153009187895
1329025409267200004,neutral,0.49789225920557484
1329025410873651200,neutral,0.6348263547185127
1329025412173795328,negative,0.32966039397685415
1329025413503471618,negative,0.015259397788410805
1329025414073868288,negative,0.10422803909469577
1329025415239917569,negative,0.15297793932430379
1329025422743449601,negative,0.21336248031427016
1329025430117097472,negative,0.024152014270810603
1329025432403013633,negative,5.690802768845135e-07
1329025446411956224,negative,0.0003076719501839988
1329025455169671176,negative,0.03733235336625141
1329025457027653637,negative,0.04776766894794969
1329025458512465921,negative,0.08301289864159057
1329025468146851842,negative,0.044719063800143934
1329025469656731648,negative,9.129199709121654e-07
1329025469757468673,neutral,0.49789225920557484
1329025475579170816,negative,1.123789102762889e-05
1329025483657392128,neutral,0.47685110782250656
1329025484294922249,negative,0.3237559411869768
1329025484672397313,negative,0.09814024713191996
1329025488854126596,negative,0.003507834288646968
1329025490280206337,neutral,0.4940440453106599
1329025495661481984,negative,1.2525308429308513e-08
1329025497217585154,negative,0.08301289864159057
1329025498941452289,neutral,0.4153373325707398
1329025503735508992,neutral,0.3481594946733007
1329025507841761283,neutral,0.49789225920557484
1329025508349255680,negative,0.02326562308093074
1329025509389426690,positive,0.9974858144450066
1329025510538702856,neutral,0.45806818609295935
1329025511323029509,negative,0.08142560594841938
1329025512174460930,negative,3.203800066998357e-05
1329025513600540673,negative,0.09179269847728459
1329025513835388929,neutral,0.49789225920557484
1329025517744500736,negative,0.0026262524979696594
1329025518331703297,negative,0.21336248031427016
1329025523373240320,negative,1.407713610398251e-05
1329025523696197634,neutral,0.49789225920557484
1329025524040134658,neutral,0.49789225920557484
1329025525227155460,negative,0.17940333583188198
1329025526128906240,positive,0.9932656182683107
1329025527475265536,negative,1.9313889548248612e-06
1329025533972275201,negative,0.1642176164741717
1329025534081187840,negative,0.0011302621827079169
1329025534135832576,negative,0.006074566217291727
1329025535318626306,negative,0.2618068361231901
1329025535322808320,negative,0.006393684957116132
1329025537197666304,negative,1.8663476414018242e-05
1329025539303219200,negative,0.0010893832037276226
1329025540733460481,negative,0.03525869594952238
1329025542511882241,negative,0.25443401325851367
1329025544579592199,negative,0.006736931515331571
1329025545070387206,negative,0.22184271711015008
1329025546496471040,negative,0.04830804269975446
1329025547444207616,neutral,0.49789225920557484
1329025548073439232,neutral,0.49789225920557484
1329025549751246849,negative,0.0011302621827079169
1329025550590074881,neutral,0.3487529612279482
1329025559867711488,positive,0.9020981393356502
1329025560446705666,negative,7.681206992908114e-07
1329025561239367691,negative,0.00011170308553703169
1329025564913635330,neutral,0.4259993150699204
1329025566935298049,negative,0.029812809022945377
1329025567434354689,negative,6.56157757299493e-05
1329025569799897089,neutral,0.48728019602140255
1329025570152312834,negative,4.852190881483485e-05
1329025570760400896,neutral,0.48728019602140255
1329025572060737537,negative,0.043850364526208566
1329025572836679681,negative,0.0004291115894490975
1329025574749294593,negative,9.776068694388341e-05
1329025575034482688,positive,0.9971586386629508
1329025575130976256,negative,0.02283961416791381
1329025575902654465,neutral,0.5193492709780212
1329025575902654467,negative,3.073757348295261e-05
1329025580696793089,negative,0.0003076719501839988
1329025582038921218,negative,0.17206328267580015
1329025584274558976,negative,1.7029631649081368e-07
1329025584278761472,negative,2.4838374884385194e-06
1329025585201426433,negative,0.31732489718339985
1329025586023567360,neutral,0.5944463291520751
1329025587659354112,negative,0.0011302621827079169
1329025588796018689,neutral,0.4044992106192789
1329025589584474115,negative,0.17206328267580015
1329025590826049543,negative,0.00041496006865393234
1329025592906362881,negative,0.3232834835070455
1329025593338302465,negative,0.0008009364635416572
1329025593426513923,negative,0.055822319448470395
1329025594919702528,negative,0.0031625750806430555
1329025595943116801,negative,0.0003526090817353071
1329025597788524546,negative,0.28255924622263795
1329025599189479426,negative,0.04566282621442584
1329025599680212994,negative,0.09192056069640865
1329025602448465922,negative,0.0003672816801792798
1329025603689910273,negative,0.030224589163130554
1329025604180709376,neutral,0.3698935661686427
1329025604323315713,negative,0.10257797504384468
1329025606084939776,negative,0.00019576116858729403
1329025606839906305,neutral,0.5462740525908015
1329025610426052608,positive,0.7612644889932263
1329025610975473664,negative,0.09179269847728459
1329025612477046784,negative,0.22088780086720558
1329025613206843394,negative,6.9161668198774744e-06
1329025613387214850,positive,0.9987605071066072
1329025614741970946,neutral,0.49789225920557484
1329025615643758592,negative,0.18826082290424148
1329025616264507392,negative,0.005282717595198192
1329025617128546305,negative,0.01699442003720968
1329025618097418240,positive,0.8499580781017751
1329025619338940417,negative,0.029812809022945377
1329025620253286401,negative,0.0011302621827079169
1329025620601352193,neutral,0.41255628797487864
1329025620949471235,neutral,0.5173150591306277
1329025622325260288,negative,0.12267736682181389
1329025625487716354,positive,0.7300840865009319
1329025630864891904,negative,0.0011302621827079169
1329025633494708224,negative,0.07393459354148145
1329025634736230400,neutral,0.4373255837432663
1329025635185012737,negative,0.01947332245755045
1329025641279332353,neutral,0.5628056929000496
1329025641732317187,negative,0.0003076719501839988
1329025641933647879,negative,0.0005220085274703758
1329025642697011201,neutral,0.49789225920557484
1329025645234581504,negative,6.563327570074567e-05
1329025646903824385,negative,0.029295834005021264
1329025651421057024,negative,0.0011302621827079169
1329025652889104391,negative,0.22108790730747446
1329025653539295232,negative,0.000524208876221444
1329025655116341249,negative,0.008994315725684559
1329025655254765569,negative,0.06808644667855118
1329025656382959619,negative,6.636535921564526e-06
1329025657272152065,negative,0.0011302621827079169
1329025658983473154,neutral,0.3442180952584771
1329025659398721544,negative,0.14927078792068874
1329025660212350983,negative,0.000753716795852582
1329025660577189889,negative,0.006581965006063042
1329025662439534592,negative,0.015289686611450505
1329025664066973698,negative,0.030224589163130554
1329025664268296192,negative,6.276184471416331e-05
1329025665421742081,negative,1.3427851133113113e-05
1329025667904786432,neutral,0.49789225920557484
1329025669393756163,negative,0.0033865219598969436
1329025669402079234,negative,0.07393459354148145
1329025670836609026,negative,8.815362097549715e-06
1329025674544353280,negative,0.0011302621827079169
1329025676628856832,negative,0.10242687066148555
1329025677157412864,negative,3.8146675920210736e-06
1329025677278973952,negative,1.3481647961667976e-09
1329025677954330625,negative,0.055822319448470395
1329025678033956868,negative,0.0011302621827079169
1329025680244416512,negative,1.0092815382513277e-09
1329025681540452353,negative,0.24203135822149005
1329025684023500800,negative,0.0068853597955010545
1329025684409364482,negative,3.1587212746783395e-07
1329025685730549760,negative,0.10257797504384468
1329025686334365697,neutral,0.37409041783159663
1329025688540745729,neutral,0.3452993456586985
1329025691569020928,negative,0.0035946310208399323
1329025691720036352,neutral,0.5734576952979002
1329025691946463233,negative,0.18396478250078085
1329025692357496833,neutral,0.49789225920557484
1329025692504363008,negative,0.002756345758395701
1329025696082046976,negative,0.03174554724775216
1329025696451145728,negative,0.005160269414829201
1329025698229587968,negative,0.17940333583188198
1329025699232047107,negative,0.012733965306920133
1329025702222585859,negative,0.04863675419157926
1329025703615078404,negative,1.7179333235013937e-05
1329025704646873090,neutral,0.3442180952584771
1329025704923701248,negative,0.002660212230025839
1329025705536081923,negative,0.008063173223196746
1329025706907623427,negative,0.2618068361231901
1329025708082028548,negative,0.11301079900902951
1329025708425957380,negative,0.0018522805333611328
1329025708526624768,negative,0.0009250831394278929
1329025710460166145,negative,0.012733965306920133
1329025711106035713,negative,0.0039684129047154685
1329025713836597249,negative,0.004309128650913966
1329025714725728257,negative,0.0004291115894490975
1329025716512563202,negative,0.017046305304850955
1329025722799828992,negative,8.101667477109317e-09
1329025722837585922,neutral,0.4260192924905043
1329025722887843840,positive,0.738503797304604
1329025724381061120,negative,0.04931341097492176
1329025725362556928,negative,1.4546292380122821e-05
1329025725983301634,positive,0.7105047480073482
1329025726377504769,positive,0.7105047480073482
1329025727296118787,neutral,0.37409041783159663
1329025730701877249,negative,1.769735683002865e-05
1329025731079385090,negative,0.021512000825143457
1329025735734996992,negative,0.18777492250316652
1329025736007671809,negative,0.08604334582875597
1329025736867516416,negative,3.07869005468007e-05
1329025737207259136,neutral,0.5315025225330297
1329025739853881344,neutral,0.49789225920557484
1329025743020552195,negative,0.13242798516048324
1329025743335149568,negative,2.5516582276158666e-07
1329025745625157633,negative,0.05838581172579735
1329025748208934912,negative,0.02916593407284507
1329025748217237504,negative,0.0004291115894490975
1329025749903400960,negative,1.2525308429308513e-08
1329025750217928709,neutral,0.3499352441185855
1329025751820197889,neutral,0.4006708101185392
1329025752403161089,negative,0.09136645662843768
1329025753204318208,negative,0.1661651125676642
1329025754596847618,negative,0.006933507552920689
1329025756815642625,negative,0.23568651887278078
1329025757797093376,negative,0.000753716795852582
1329025760384987137,negative,0.0011302621827079169
1329025760976400384,negative,2.677320683930717e-12
1329025761311920129,negative,0.22959511018853535
1329025763442495489,positive,0.9986209421806305
1329025764222767105,negative,0.0010552832578876548
1329025765363621895,negative,0.041855691546118526
1329025766370242560,negative,0.12267736682181389
1329025766965829634,negative,0.003112981525858733
1329025768928784385,positive,0.7612644889932263
1329025769398554628,negative,1.5232040835058482e-08
1329025769457258497,negative,0.00010863616502804553
1329025770929364992,positive,0.7707693964337653
1329025771223064576,negative,0.0006251466040604204
1329025772439425027,negative,0.021805081242509416
1329025773123088385,negative,0.11711679048186173
1329025773525737473,neutral,0.40485276962093153
1329025773844508672,negative,7.80662910929076e-05
1329025776025546753,negative,0.024152014270810603
1329025777426444289,neutral,0.3771543591091388
1329025780228247553,negative,0.04424426214190093
1329025782857994241,negative,0.05735128720848214
1329025783873069056,negative,0.023222742518118435
1329025784690987008,negative,0.002437259136924751
1329025788906254336,positive,0.9946891180195289
1329025789283667970,neutral,0.37409041783159663
1329025790701400065,negative,0.011878539527468375
1329025795185127424,neutral,0.5425813081463247
1329025795587772416,negative,0.0003465024185940969
1329025795843616771,negative,0.06535627514100951
1329025796032376834,positive,0.9946891180195289
1329025797030555648,negative,5.976480826106428e-06
1329025797064171522,negative,0.31848378901933655
1329025797903048705,negative,0.010261976319543962
1329025797995302922,negative,0.002490079686410254
1329025799262003200,negative,0.00015219678432550543
1329025799593275392,negative,0.2369710931082333
1329025799836594177,negative,0.016764224604964045
1329025800977461248,negative,0.02776575429183825
1329025801396817920,negative,0.00017882039165113852
1329025801451413504,negative,0.019653392918871276
1329025807499599874,negative,6.744223092228825e-07
1329025807994544128,negative,0.17940333583188198
1329025808493666304,negative,0.0004851803881820199
1329025809877700609,negative,0.008111363224155298
1329025810200719366,negative,0.1391466018131901
1329025811312205824,positive,0.9821667790802627
1329025813774209025,neutral,0.3335406407958512
1329025813975592960,negative,0.043261467782009906
1329025813983993860,negative,0.054451289753430256
1329025815166717954,negative,2.1037261015221608e-05
1329025817880502272,negative,0.001605735900186121
1329025818710913025,negative,0.03174554724775216
1329025819860144131,negative,0.003413654414266137
1329025820686430208,neutral,0.49789225920557484
1329025820958941184,neutral,0.37409041783159663
1329025822674595842,negative,0.1902468900431735
1329025823672852480,neutral,0.5471493912210927
1329025827246321670,negative,0.05829434776254902
1329025827506413568,negative,0.00010056905684243138
1329025827527385090,negative,0.1319788723114658
1329025827841986562,negative,0.0007695484382718726
1329025829192544258,negative,0.0017554817439174163
1329025829280620545,negative,0.03174554724775216
1329025830685732866,negative,0.004502366712016334
1329025831570710528,neutral,0.46547669161667093
1329025833101615104,negative,0.10990914284988865
1329025833118429184,negative,6.027605928975151e-05
1329025834120847364,negative,5.746002521220395e-05
1329025834443808768,negative,0.0011302621827079169
1329025835538518016,negative,3.367806388257711e-05
1329025835593048065,negative,0.003736376796389372
1329025835785990155,negative,0.01897175086643638
1329025837027504131,negative,0.003543166745868046
1329025838512128002,neutral,0.49789225920557484
1329025840970145795,negative,1.7767209878410492e-06
1329025843100848128,negative,0.00042651244574331974
1329025843511877633,negative,0.06140796179851353
1329025845613236231,neutral,0.4936377579226384
1329025846334599168,negative,0.004567598448115172
1329025847429373953,negative,0.03174554724775216
1329025849899839489,negative,0.041931043188233444
1329025851388796928,neutral,0.49789225920557484
1329025851820748806,positive,0.9328480192728917
1329025851971792896,negative,0.09179269847728459
1329025852055674883,neutral,0.3751823580230042
1329025853523718149,negative,0.00020374086821735887
1329025853712445441,negative,0.01568131736545686
1329025853745926144,positive,0.7909711261907426
1329025855415341056,negative,0.010413342631854785
1329025855536975874,negative,0.0069972898761330215
1329025855859941380,negative,0.0005108079808303325
1329025856505864192,negative,0.10597370572686395
1329025857772544000,negative,0.2527204019827777
1329025860159098880,negative,0.15524395955023354
1329025862612770816,neutral,0.5734576952979002
1329025862650503169,neutral,0.5149755952874235
1329025863044788229,negative,0.11536610591453057
1329025863644483587,neutral,0.3866608860266175
1329025864793812992,negative,0.000277881601542893
1329025867826290689,negative,0.030978048004774956
1329025868648341505,negative,0.004502366712016334
1329025868849672192,negative,0.17206328267580015
1329025869101363201,neutral,0.5471493912210927
1329025869172645889,negative,0.015056183679005315
1329025869311057921,negative,0.23352508554539592
1329025871181705216,negative,0.000524208876221444
1329025872330944512,negative,0.03751159682452693
1329025872926478339,negative,0.0011302621827079169
1329025874189033473,negative,5.822419544980068e-07
1329025877074710534,negative,1.5811202558859205e-06
1329025880027488262,negative,0.0008578272349040066
1329025880887275520,neutral,0.4873996503850911
1329025881692647428,negative,0.056910435579797164
1329025882904809472,negative,0.0011302621827079169
1329025884343427072,negative,0.061023733014304846
1329025884343447553,negative,0.02794827898921285
1329025885001953281,negative,0.012265564572071945
1329025885517860864,negative,0.03174554724775216
1329025885853331457,negative,0.19815210764665753
1329025886293725185,negative,0.0011302621827079169
1329025887405268993,neutral,0.4249239077514611
1329025888013475845,negative,3.354863419626159e-08
1329025888311267329,negative,0.002198104298894507
1329025888319631360,negative,1.8663476414018242e-05
1329025889515040771,positive,0.7105047480073482
1329025891071090688,negative,0.0069972898761330215
1329025893050818560,negative,0.006537220167758716
1329025893411549185,neutral,0.35024982302239505
1329025895324061696,negative,0.000753716795852582
1329025896653713409,negative,0.0007531644708299547
1329025897324802050,neutral,0.49789225920557484
1329025899258327040,negative,0.10257797504384468
1329025899283484673,negative,0.02036554036742403
1329025900369817600,negative,0.02167213738066917
1329025903511429121,negative,0.005759064488703966
1329025903750500352,negative,0.006057190202210575
1329025904199217152,negative,0.08827701031621449
1329025905948319753,positive,0.9971586386629508
1329025909152681986,negative,0.0011302621827079169
1329025909383434240,positive,0.7488709865858463
1329025910062899200,negative,0.0001280682584931402
1329025912210403333,negative,0.22108790730747446
1329025914039132162,negative,5.860010696731261e-11
1329025914060099586,neutral,0.4260192924905043
1329025915284828162,neutral,0.4894886660404289
1329025915368722437,negative,0.04185973599836527
1329025916304027648,negative,2.5015953690476912e-05
1329025916698308618,negative,0.0011302621827079169
1329025918791274498,negative,0.1642176164741717
1329025920267661314,neutral,0.5734576952979002
1329025920745807875,negative,0.01895495425465074
1329025922641645571,negative,0.02247763877257609
1329025923031703553,negative,0.06260745681415979
1329025923040030720,negative,0.021512000825143457
1329025923514068997,negative,0.00020352294522590377
1329025926169055232,negative,0.022220095849656802
1329025927364243457,negative,0.2546916305421647
1329025927548981248,neutral,0.4496294498258171
1329025929000214530,negative,4.7643584761006625e-06
1329025929444798464,negative,0.000524208876221444
1329025931160285184,negative,0.03174554724775216
1329025933110636545,negative,0.03198117681915195
1329025934507323393,negative,0.013070950307772906
1329025937883635712,negative,0.001621036707069639
1329025938437382144,negative,0.0004291115894490975
1329025939255271424,negative,0.2864145558920463
1329025940735844354,negative,0.009336353297351338
1329025942099021826,negative,0.04551861604078881
1329025945420828672,negative,6.701069023144073e-06
1329025945609646080,negative,0.012161915281136125
1329025945622237186,negative,0.22959511018853535
1329025945840259072,negative,0.0011302621827079169
1329025945844506628,negative,0.0003897865491783978
1329025946465280003,negative,0.11446027976273003
1329025946595299328,negative,2.871634767963877e-09
1329025948004593664,negative,0.019986919740645166
1329025949787185158,negative,0.000862834338639005
1329025953184542721,negative,0.0011302621827079169
1329025953801048064,negative,0.0006885671744208
1329025955059429377,negative,0.041931043188233444
1329025955877302272,negative,9.921756446552472e-05
1329025956498075650,negative,0.2542440239436718
1329025958939070465,negative,3.1195222501104796e-05
1329025960499425281,negative,0.06900166890629407
1329025961279582208,negative,0.000524208876221444
1329025961644404738,neutral,0.5734576952979002
1329025962013577217,positive,0.6990160442330354
1329025963745796098,negative,0.010576844365530838
1329025964731494401,negative,0.2527204019827777
1329025966501453824,negative,0.12606334022294152
1329025968120483841,neutral,0.4894886660404289
1329025968636186624,negative,0.19224875128091237
1329025970532196360,negative,0.21224534896257077
1329025970746036227,negative,1.4951825841450485e-05
1329025970855047176,negative,0.09886910528215104
1329025971039645702,negative,3.2055071316814693e-11
1329025971144552448,neutral,0.4035537023931831
1329025971429707776,negative,0.02794827898921285
1329025972104990720,negative,0.0031569124872062033
1329025972121821186,positive,0.7105047480073482
1329025973539528704,negative,1.0738798586979255e-06
1329025974063812610,negative,3.70021113437449e-05
1329025974588100613,neutral,0.5030332264438171
1329025977666703360,negative,1.2525308429308513e-08
1329025979461869569,negative,0.3029968537174699
1329025983534534657,negative,0.12267736682181389
1329025984121737216,negative,0.15524395955023354
1329025986831261702,neutral,0.4496294498258171
1329025990945878019,negative,0.14266760235158343
1329025991176404999,negative,0.02015017576810035
1329025991897985024,negative,0.041931043188233444
1329025992032215044,positive,0.9932656182683107
1329025994079035393,positive,0.9984741208950494
1329025995240824832,neutral,0.4802436926283848
1329025997640003585,neutral,0.4260192924905043
1329025999120572418,neutral,0.49789225920557484
1329026000349442048,neutral,0.3406405812067901
1329026000429133825,negative,0.11526384599213464
1329026000513097728,negative,0.08002924356788928
1329026002807304195,negative,0.1975383921457794
1329026003109376000,neutral,0.5030675043834095
1329026003377807360,negative,6.280991653942759e-05
1329026004585734144,negative,0.0003477647854535444
1329026005026148354,negative,0.10242687066148555
1329026006275985409,negative,0.0011302621827079169
1329026006712283136,negative,0.30620409025799983
1329026008889036805,negative,3.759859076234813e-06
1329026010571038720,negative,0.19068826830545776
1329026010965291009,positive,0.8366316495820578
1329026011850174464,neutral,0.41201898773121876
1329026016405286912,negative,0.14686798568929896
1329026017470545920,negative,0.22209334935939248
1329026020259880960,negative,0.005826954189924638
1329026020293435401,neutral,0.5734576952979002
1329026020872245249,negative,0.16765905575871876
1329026025574031361,positive,0.7105047480073482
1329026025720832001,negative,0.08764594436508201
1329026026270318594,positive,0.7091434460989111
1329026026349924352,negative,6.8000793374913446e-06
1329026026777808896,negative,1.3715468249289006e-09
1329026027486580736,neutral,0.36986830684791
1329026028178694144,negative,0.0011302621827079169
1329026030091309058,negative,1.513518355725299e-12
1329026031567646720,negative,3.373625688618224e-05
1329026031592873985,negative,0.25581042421126
1329026032117145601,negative,5.742897449058053e-07
1329026034340007943,negative,0.3261583589946558
1329026035132805120,neutral,0.48357347728475064
1329026036646948864,negative,0.08832550606997797
1329026039201185799,negative,0.22209334935939248
1329026039683690496,negative,3.47656828010805e-07
1329026039855583232,negative,0.0015805877915005331
1329026040405102594,negative,0.055822319448470395
1329026040958754817,negative,1.4546292380122821e-05
1329026041201963009,negative,0.23516217222802765
1329026042451947523,negative,0.05894785365503472
1329026042804252672,negative,0.09031254508943559
1329026043169165312,positive,0.9247535580576949
1329026043450191872,negative,1.6473193615670038e-07
1329026044213518338,negative,0.12267736682181389
1329026044695891969,neutral,0.49789225920557484
1329026045228556288,negative,0.00042768007192265387
1329026046730055682,negative,4.4030500067995736e-07
1329026046809829380,negative,0.22959511018853535
1329026046889512961,negative,0.21336248031427016
1329026049301041155,positive,0.9993596861533063
1329026051067027458,negative,0.0008340050677908665
1329026051343781893,neutral,0.38770657363662886
1329026052618932224,negative,0.16058623082137832
1329026056129564672,negative,1.8663476414018242e-05
1329026056829931521,positive,0.7105047480073482
1329026057874370561,negative,0.0011302621827079169
1329026061389205516,negative,0.006057190202210575
1329026064056774657,negative,0.05165899191709529
1329026065218629632,negative,0.03749674077601648
1329026067215081472,neutral,0.657262233441686
1329026067408023554,positive,0.7801203130675826
1329026067722625024,negative,0.005643565222705163
1329026071543435268,negative,0.05509672940745968
1329026071904227328,neutral,0.49789225920557484
1329026072520876033,neutral,0.36300582402996223
1329026074370584577,negative,0.0008884082576401607
1329026075305840642,negative,0.2794653930830212
1329026076224446465,negative,0.049116881680582695
1329026077566570497,negative,0.0001809225035957146
1329026079080722434,negative,0.05933128446205719
1329026079701557248,neutral,0.6465102078588633
1329026080196489218,negative,0.00026719152394707346
1329026081781932033,negative,0.0003897865491783978
1329026081819668480,neutral,0.4496294498258171
1329026081953869824,negative,0.0017958603723793613
1329026082645819394,negative,0.042613680104171686
1329026083778334722,negative,0.00093504767616
1329026085187686400,negative,0.07163326989226887
1329026085355458560,negative,0.006074566217291727
1329026085368041479,negative,0.0003076719501839988
1329026087351947266,negative,0.0011302621827079169
1329026088614453248,negative,0.0009298619875420637
1329026091282018306,neutral,0.4739607432362514
1329026092104118274,neutral,0.4204224492387797
1329026093140021254,negative,0.18747244393550944
1329026096248090625,negative,0.11150500586713978
1329026097292439554,negative,0.05635613469037164
1329026097669922819,negative,1.7179333235013937e-05
1329026099041415170,negative,0.04326749920868208
1329026099813240834,positive,0.9971586386629508
1329026100031315969,negative,0.10257797504384468
1329026100803072000,neutral,0.4546329802963926
1329026102086471680,negative,0.21336248031427016
1329026103827193863,negative,0.07163326989226887
1329026104833826816,negative,8.08802138186977e-05
1329026107153264641,positive,0.8722736614265346
1329026107807559686,positive,0.9021563687739154
1329026108206034945,negative,8.798391941462877e-07
1329026108877049856,negative,0.00900274927398346
1329026109418205185,positive,0.8828096164316794
1329026110479331329,negative,0.057527561131450945
1329026112404525056,negative,0.0001502294561773819
1329026112589090816,negative,0.19793015892543012
1329026112765243392,negative,8.36103676077619e-06
1329026113872551938,negative,1.3250135474015378e-06
1329026114203869185,positive,0.7612644889932263
1329026117827751936,negative,0.07035889518021043
1329026117949415424,neutral,0.49789225920557484
1329026118347796481,negative,0.024987735156092882
1329026119081881603,negative,0.005991938344132636
1329026119295758336,negative,0.026584816354132807
1329026119576788992,negative,1.172805214703365e-05
1329026120273027073,negative,0.0066230762157464765
1329026122047246337,negative,0.055822319448470395
1329026122504429568,neutral,0.4496294498258171
1329026122558922755,negative,0.006077756554375407
1329026122848329733,negative,0.0007318434125100017
1329026123452329985,negative,1.2204056459075503e-06
1329026124840636422,negative,0.02776575429183825
1329026124911960064,negative,0.033280093885533685
1329026126300278785,negative,0.0008369195483703796
1329026128665849856,negative,0.055822319448470395
1329026132017094663,negative,0.00048526678170189574
1329026132319105030,positive,0.9278403261824246
1329026133040521216,negative,5.761723210277932e-08
1329026134734991361,negative,0.02776575429183825
1329026137817837569,negative,4.0439302141354103e-10
1329026137985527808,negative,1.586824858477769e-09
1329026138409218048,neutral,0.5315025225330297
1329026140976111616,negative,0.04326749920868208
1329026143580774401,negative,0.012733965306920133
1329026145019375616,negative,4.79676149213267e-05
1329026145128476672,neutral,0.3341375882806857
1329026146332192774,negative,0.2743827887518434
1329026146768482307,negative,0.03174554724775216
1329026147011743746,negative,0.026849303606377682
1329026147456331776,negative,0.0069933784849547835
1329026150660763649,negative,0.17206328267580015
1329026151604432897,negative,1.2525308429308513e-08
1329026152099299334,negative,0.0011302621827079169
1329026152602722305,neutral,0.43670932905914556
1329026154481782784,negative,2.778124508938001e-05
1329026155853320192,negative,0.0011302621827079169
1329026157803659266,negative,0.26847485695937634
1329026160454488066,negative,6.684778157231171e-07
1329026161255526408,negative,0.051808576745814336
1329026162803224578,negative,0.0011639480123406324
1329026165131124736,negative,0.0003386842451837804
1329026166062247936,negative,0.006057190202210575
1329026167685472258,negative,0.038458747308910794
1329026169224753152,neutral,0.42695075000513394
1329026170202038272,negative,0.00011857714900623938
1329026170776657928,negative,2.3930072762523972e-05
1329026171296735232,negative,0.20755889903190966
1329026172043321344,negative,0.0011302621827079169
1329026172349452290,negative,0.26196114836622253
1329026173435830272,negative,0.009532196840033173
1329026174232780800,negative,0.014849154966215132
1329026176262737921,negative,0.005151761366432837
1329026177164599300,negative,0.04344274669732543
1329026180150943744,negative,0.006537220167758716
1329026180289269768,negative,0.16146953319818114
1329026180738150400,negative,0.0841478464321315
1329026180746448896,negative,0.00013072013318673122
1329026183120494592,negative,0.0037662566416276455
1329026184164896769,negative,0.0027454477906086886
1329026184571727874,negative,0.024034839486496422
1329026185750327296,negative,0.024152014270810603
1329026186312359936,negative,0.0011302621827079169
1329026187004350464,negative,4.866413650669121e-06
1329026187855880193,neutral,0.5734576952979002
1329026188451393538,negative,0.05516705613875993
1329026188627636226,negative,0.0026254767595730406
1329026189474795521,negative,0.1564452110573829
1329026190145970177,neutral,0.3691354155473539
1329026190745677824,negative,0.0034847588785638793
1329026190770921473,negative,0.09016725050128345
1329026191488126977,negative,0.10257797504384468
1329026191995580417,negative,0.12557618544239538
1329026193283305473,neutral,0.35024982302239505
1329026193480364034,negative,0.030989485158739116
1329026196634480641,negative,0.09031254508943559
1329026197225951232,negative,0.08675644068887371
1329026198719049733,negative,6.280991653942759e-05
1329026199956369408,negative,0.06799269070879138
1329026202372288515,negative,0.0011269162694015585
1329026203198611456,neutral,0.3567042334406788
1329026204675022854,negative,0.0022464115172049445
1329026205941633024,negative,0.03174554724775216
1329026207191543809,positive,0.8134867560502382
1329026207271235585,neutral,0.4496294498258171
1329026208147922946,negative,0.0007880698364875685
1329026208672198656,negative,1.7029631649081368e-07
1329026209959829505,negative,0.0022040252327871885
1329026210811301889,positive,0.9878399854137578
1329026211738161154,negative,0.050138844114269984
1329026215093661700,negative,0.1751082706156864
1329026217794793474,negative,0.12267736682181389
1329026219791282176,positive,0.7105047480073482
1329026221020246017,positive,0.8437089205808843
1329026222945406976,negative,7.308699772068179e-05
1329026223574544384,negative,0.0038606310458966482
1329026224686030848,negative,0.024152014270810603
1329026224795103235,negative,0.052683415265243866
1329026225105461248,negative,0.005826954189924638
1329026225386496001,neutral,0.454171778133902
1329026226346979331,negative,0.0036885222554286167
1329026226925817859,negative,0.003066943364571438
1329026227143929857,neutral,0.33786798485348285
1329026227752071171,neutral,0.47840844706262076
1329026227856957448,negative,0.0025740388428385475
1329026228834201600,negative,0.025203265785480895
1329026229085855744,positive,0.9909352389923648
1329026229740122113,neutral,0.4894886660404289
1329026233250746368,negative,0.21139109066500397
1329026233615650816,negative,0.010457369378156908
1329026234043551744,negative,1.2525308429308513e-08
1329026234072903682,negative,0.029238157077934503
1329026236040044546,positive,0.9946891180195289
1329026236446892032,negative,0.17206328267580015
1329026238099255298,positive,0.9993596861533063
1329026238657212416,negative,0.073358589438884
1329026238837612544,negative,0.0003897865491783978
1329026239387082752,negative,0.26569869204662905
1329026239592607744,neutral,0.4898631585877994
1329026239999438850,negative,0.024219718500964337
1329026240431403009,negative,0.055672186090861636
1329026241467478017,negative,0.024653766954649377
1329026242549571585,negative,0.0011302621827079169
1329026245590478849,negative,0.0019791596082550994
1329026246051762179,negative,0.07002911294137512
1329026246446034947,negative,0.0003076719501839988
1329026247473631233,negative,1.30174315504705e-13
1329026248752951296,negative,0.008491152371906396
1329026248882970626,negative,1.7029631649081368e-07
1329026249088520194,negative,0.0006251466040604204
1329026250082578434,neutral,0.34204090801782494
1329026252943011840,negative,1.920606242959504e-05
1329026255447076864,negative,0.18863007687844954
1329026259993686017,negative,0.05264282195421681
1329026261604249608,negative,0.02916593407284507
1329026267019169795,negative,8.848025782914985e-06
1329026268801667079,negative,0.12267736682181389
1329026269204320258,negative,0.01587314260863093
1329026272991858694,negative,0.0011118639101937848
1329026273029595136,negative,0.17206328267580015
1329026274476613632,negative,0.03174554724775216
1329026277517516802,positive,0.7105047480073482
1329026277949526018,negative,7.39320659443257e-09
1329026278423486465,positive,0.9946891180195289
1329026279258136577,negative,0.00048012777421005897
1329026279962791937,negative,0.02916593407284507
1329026281191649286,negative,0.004146025035517767
1329026281388855300,negative,0.0029108674544030613
1329026282332581891,neutral,0.6323720940364075
1329026282714243072,negative,0.03174554724775216
1329026282768756738,negative,0.030434789468487038
1329026284358406144,negative,1.4212029588860281e-05
1329026284639367168,negative,0.13701395713265951
1329026284693958656,negative,0.2623374461467213
1329026286006775810,negative,0.0006251466040604204
1329026286568792066,negative,0.12119614147604922
1329026287353073665,negative,0.000753716795852582
1329026288301072385,neutral,0.3593008870950118
1329026288904966152,negative,4.621746665555578e-08
1329026289567674368,negative,1.576172335347692e-08
1329026291530682368,negative,0.11420579571135546
1329026291975196674,negative,0.08301289864159057
1329026292608606208,negative,8.055030653947988e-06
1329026292650479619,negative,0.12267736682181389
1329026292923179014,negative,0.32828155536255615
1329026293153878018,negative,0.004162562260424312
1329026293824937984,negative,0.0011302621827079169
1329026294055571463,negative,0.032413980148389754
1329026295188090881,negative,4.514163800584962e-06
1329026297096531969,negative,0.018750763980182758
1329026298950324226,negative,0.0011302621827079169
1329026300900728834,negative,0.03174554724775216
1329026302045806593,negative,0.008111363224155298
1329026303891288067,positive,0.7105047480073482
1329026305657085958,negative,0.0011302621827079169
1329026305808093184,neutral,0.4507454498615163
1329026306533707778,negative,0.16765905575871876
1329026308320452610,negative,0.12725058825060998
1329026309050277890,negative,0.2864145558920463
1329026309960425472,negative,0.0026254767595730406
1329026311310995456,positive,0.7105047480073482
1329026314259533824,negative,0.04566282621442584
1329026316113506311,negative,0.12267736682181389
1329026321394126849,negative,0.18467558163021774
1329026322199416832,negative,0.010591074919613967
1329026322664984576,positive,0.6646393315409048
1329026322954272769,negative,0.00016757716458009337
1329026324015575043,negative,0.003751528944102712
1329026324913123330,neutral,0.4894886660404289
1329026326192410625,negative,0.024163237049882273
1329026326515290112,negative,0.00016757716458009337
1329026326985105409,positive,0.9837585566387276
1329026330701287424,positive,0.9946891180195289
1329026330718056449,negative,0.2546916305421647
1329026331032637443,negative,0.00032842252355484226
1329026333847003136,negative,0.17206328267580015
1329026334895599618,negative,0.015438866360663377
1329026336782946306,neutral,0.43143461162221
1329026341774233600,neutral,0.37409041783159663
1329026344118837249,negative,0.0559993745987288
1329026344924155905,negative,0.07578793728995616
1329026345150640129,negative,0.012161915281136125
1329026346090172417,negative,0.09031254508943559
1329026346350239745,neutral,0.37409041783159663
1329026348812263424,positive,0.7831646856026168
1329026350473244676,negative,0.056910435579797164
1329026352830443521,negative,0.005950083941088346
1329026353140785152,negative,0.00021611367781444786
1329026353597980672,negative,0.0029108674544030613
1329026356185862144,negative,0.304688970253193
1329026360044556288,negative,0.0003897865491783978
1329026360715718656,negative,0.001843032152358828
1329026364150673408,negative,3.7032547210219825e-05
1329026366692618243,negative,0.006547832968143546
1329026367112015873,negative,0.09016725050128345
1329026367263019010,negative,0.22412791545054878
1329026369485942784,negative,0.016547545935532884
1329026371851522051,negative,0.01457949667495745
1329026373076258817,negative,0.0029036862780552476
1329026375383134209,negative,0.004176274090751977
1329026375773265920,neutral,0.46219315198764616
1329026375999778816,negative,1.3396658215271177e-05
1329026379845935106,negative,0.05145058905082709
1329026383780188161,negative,0.0033351116980489624
1329026384199626754,negative,0.2303936702124761
1329026384375783432,negative,0.005922274992563031
1329026384379908103,negative,0.00012305996150710187
1329026384686161920,negative,0.02776575429183825
1329026384887500800,negative,0.03174554724775216
1329026385340485636,positive,0.9946891180195289
1329026387114663938,negative,4.500875271636975e-05
1329026387756412948,negative,0.0025740388428385475
1329026388142252035,negative,0.0011936207006653077
1329026388486217728,negative,0.024292394809550512
1329026388616241152,negative,0.03749674077601648
1329026389350215681,negative,8.045958460188776e-05
1329026389606080514,negative,0.1585527989004559
1329026390562312192,negative,1.2152283956588468e-06
1329026391095074817,negative,0.2884791654740305
1329026391162105856,negative,0.2527204019827777
1329026392206536708,positive,0.7780530013225658
1329026392592441349,negative,0.05516705613875993
1329026393364115456,neutral,0.6296419166084224
1329026397654949892,negative,0.09031254508943559
1329026398795796486,neutral,0.36044802327589437
1329026399424929792,negative,0.0016761918061187083
1329026403434684422,neutral,0.42426201886701626
1329026403501748224,neutral,0.49789225920557484
1329026404378431490,negative,0.0006736300927551167
1329026405468942336,negative,1.4546292380122821e-05
1329026407406694400,negative,0.29037549096134374
1329026407410905088,negative,0.11186000450908391
1329026407654187013,negative,0.0011302621827079169
1329026407930978305,negative,0.000277881601542893
1329026408002285570,negative,0.035164799787142514
1329026410271399938,negative,1.2525308429308513e-08
1329026410946637829,negative,0.29037549096134374
1329026413312303105,negative,1.2525308429308513e-08
1329026413677129728,negative,0.023075944015281635
1329026415715553285,negative,0.006342547128876784
1329026419670835200,negative,4.23403313653936e-09
1329026421411475456,negative,0.012733965306920133
1329026422883688448,negative,1.5470949153011643e-06
1329026423122747395,negative,0.0011302621827079169
1329026423206649858,positive,0.9761619367602781
1329026423252652032,negative,0.0067077789115503605
1329026423592538112,negative,0.027906729981768744
1329026423634456576,negative,0.011861978774588344
1329026423676342274,negative,0.029812809022945377
1329026424523673602,negative,0.0751696362839385
1329026426071347202,negative,0.00030669875742407517
1329026427568746498,negative,2.700358215245603e-05
1329026429049245697,negative,0.019890706065335675
1329026432383799297,negative,2.645694451884897e-05
1329026434887774209,negative,5.095153501548113e-05
1329026435160403968,neutral,0.37409041783159663
1329026436339011584,negative,0.1447152486196804
1329026437505032196,neutral,0.5734576952979002
1329026437517627394,positive,0.7275455705869287
1329026438473920512,neutral,0.5374478655040366
1329026438771712005,positive,0.9998497862296873
1329026439316955137,negative,0.28177427645092895
1329026439853772800,negative,0.02036554036742403
1329026440508084226,negative,0.025846923093161635
1329026441787355136,negative,0.14308340501172523
1329026442139754497,negative,0.0003897865491783978
1329026442533941249,negative,0.01897175086643638
1329026442903085057,negative,8.200574740891983e-09
1329026444463386624,neutral,0.4742964610631184
1329026444547256322,negative,0.0011936207006653077
1329026445323153409,negative,0.000277881601542893
1329026445436456960,negative,0.008063173223196746
1329026445834907648,negative,2.500866847849985e-05
1329026446036246528,negative,0.029094994177504198
1329026446417924096,negative,1.0739917661670404e-07
1329026447198007297,negative,0.05516705613875993
1329026447260983296,negative,0.01699442003720968
1329026447336480769,negative,0.05516705613875993
1329026447474876418,negative,0.024152014270810603
1329026447495794688,negative,0.00900274927398346
1329026448565395458,neutral,0.4260192924905043
1329026449114865664,negative,0.0011302621827079169
1329026452222849026,negative,9.362199789098133e-05
1329026452256419841,negative,0.26569869204662905
1329026452382048256,negative,0.0006736300927551167
1329026452734562305,negative,6.027605928975151e-05
1329026454240243713,negative,0.0005921511422333732
1329026455918043137,negative,0.006597124793239048
1329026459927801859,negative,0.021512000825143457
1329026460590477312,negative,0.0033803452645571595
1329026462435905536,negative,0.0014352876297010955
1329026463434158083,negative,0.16849362360469347
1329026463945920514,negative,0.04958010597799073
1329026468844871681,negative,0.00022403558592428655
1329026469616607232,negative,0.008212241301406197
1329026469650108416,negative,0.055822319448470395
1329026470291890177,neutral,0.49789225920557484
1329026471227232256,positive,0.9814562347706742
1329026473752223744,negative,0.021692306029968935
1329026473957724160,positive,0.8722736614265346
1329026474779815938,negative,0.00046117717347449465
1329026475698368514,negative,2.097188730302661e-11
1329026476327510022,neutral,0.46219315198764616
1329026476721795073,negative,0.07536213876417822
1329026477820497920,negative,4.424977134244827e-05
1329026480664403968,neutral,0.5734576952979002
1329026491049504768,negative,3.4451311386024645e-10
1329026491745701888,negative,0.001967991988496004
1329026493343817729,negative,0.07393459354148145
1329026494480474114,negative,3.0470745192041156e-05
1329026495814184961,negative,0.12267736682181389
1329026497835913216,negative,0.001945832981276733
1329026498527891456,negative,0.3230744654010312
1329026499756904448,negative,0.0026254767595730406
1329026501975674882,negative,0.17629892331301014
1329026503057805313,negative,0.24015484887904506
1329026504009904129,negative,4.942578069451387e-06
1329026504114790407,negative,0.0003661948307036307
1329026504391536641,negative,0.12725058825060998
1329026505784102912,negative,0.08510826183177649
1329026508007084034,negative,0.001368302344543205
1329026509282172929,negative,0.10242687066148555
1329026510758563842,negative,0.17206328267580015
1329026512151064577,negative,5.8969164844567575e-08
1329026513874935810,negative,0.0011302621827079169
1329026517846863875,negative,6.027605928975151e-05
1329026518606094336,negative,0.07963196527576112
1329026518845100032,negative,1.7029631649081368e-07
1329026519159746566,negative,1.0002834314813851e-09
1329026519642083328,negative,0.1822265713436873
1329026519935709184,negative,0.00021463855420656184
1329026520476774400,negative,0.011929390103951956
1329026521718284289,negative,0.08510826183177649
1329026524016730112,neutral,0.3917157760839249
1329026525019185152,negative,1.8663476414018242e-05
1329026525325389831,negative,0.004501972134895287
1329026526482993154,negative,0.029812809022945377
1329026526751453184,positive,0.9335793736601556
1329026529200906240,neutral,0.6040807038920264
1329026532606664705,negative,0.02036554036742403
1329026532782772224,neutral,0.4496294498258171
1329026534842249221,positive,0.7107326790759
1329026535702007810,negative,0.16483371821650145
1329026536712921090,negative,0.0007250191789431137
1329026538994601984,negative,2.851236218967684e-05
1329026540076752897,neutral,0.5734576952979002
1329026541372760066,neutral,0.46219315198764616
1329026542043852800,negative,0.006777982803275198
1329026542115106816,negative,0.21336248031427016
1329026542509428738,negative,0.0004281125385749601
1329026546888224770,negative,0.014326181997743555
1329026550302445568,negative,1.031522394050284e-05
1329026550801555457,negative,1.4975223779093391e-05
1329026553951490048,negative,0.0005947585840714932
1329026554177916930,negative,0.013335790076088247
1329026555012653057,negative,0.12267736682181389
1329026555738251264,negative,0.000216554626375404
1329026557621526528,neutral,0.4818688440971831
1329026557915131909,negative,0.2844469900555838
1329026559655571457,negative,4.162974183027354e-05
1329026560171630592,negative,0.0011302621827079169
1329026562457542657,negative,5.187644628022866e-07
1329026566089809922,negative,1.2525308429308513e-08
1329026566442131456,negative,0.00575663879461341
1329026566467227650,negative,0.1649543618851978
1329026566580527104,negative,0.31939114136953217
1329026566597222400,negative,0.0015542747599823002
1329026566605586434,negative,0.0002391547104920183
1329026567553609728,negative,5.2750790068824365e-08
1329026567759040512,negative,0.0049755188236593915
1329026569785008132,positive,0.6759387433839099
1329026570065940481,neutral,0.49789225920557484
1329026570988744706,negative,0.051574129880193234
1329026571047460864,negative,0.02326562308093074
1329026574352576514,neutral,0.46219315198764616
1329026574566510595,negative,0.0011302621827079169
1329026575187185664,negative,5.3200311590435264e-06
1329026576302940160,negative,0.03451920193353721
1329026576860712962,negative,0.09749117032352074
1329026576994930688,positive,0.859688895561961
1329026577506705409,negative,0.2618466673342176
1329026577846382593,negative,0.007671591034715301
1329026578299424772,negative,0.0002365183232565074
1329026579146678273,negative,0.0020837807755452633
1329026579155062786,neutral,0.5942384629346465
1329026579566104576,negative,0.041931043188233444
1329026581608755200,neutral,0.49789225920557484
1329026582103666688,negative,0.029812809022945377
1329026583542292483,neutral,0.6583285171774348
1329026583638765568,negative,0.0013134825604885457
1329026585085743105,negative,0.21695263926669262
1329026585182285825,negative,0.18506356020473072
1329026585278681088,negative,0.03482387058554045
1329026585366851584,negative,0.018319929516544826
1329026585543004160,negative,1.5679919348316212e-06
1329026585903706112,neutral,0.3334685009297062
1329026586075607040,negative,0.001200128286541333
1329026586398617601,negative,1.118176260782611e-05
1329026586587369473,negative,0.17206328267580015
1329026586998427649,negative,1.4546292380122821e-05
1329026587250089987,negative,0.03585254373944164
1329026589615599617,negative,0.021581247563249195
1329026590689341442,negative,0.09016725050128345
1329026591087874050,negative,2.234150017687614e-07
1329026591180140546,negative,0.0016751934350274144
1329026591561834496,negative,0.09473256773814476
1329026591658303488,negative,0.12725058825060998
1329026592472002562,negative,0.0011302621827079169
1329026594023874561,negative,0.2976550254688001
1329026594275397632,negative,0.0015320776721061016
1329026596230082566,positive,0.7105047480073482
1329026596922122240,negative,3.7926538799599266e-05
1329026597589045248,negative,0.008244396462125783
1329026599140925444,negative,0.31732489718339985
1329026604320911361,negative,2.677320683930717e-12
1329026604383805440,neutral,0.3794095594708052
1329026606556385284,negative,0.015597020761980844
1329026608544550918,negative,0.0018522805333611328
1329026609433731076,negative,0.0011302621827079169
1329026610239074307,negative,0.0011302621827079169
1329026611698601988,negative,0.0011302621827079169
1329026612365561858,negative,0.038282019801896744
1329026614378708993,negative,4.851295801613989e-07
1329026615268044800,negative,0.05516705613875993
1329026615775518720,negative,0.23157759356110133
1329026616262062082,negative,0.000896986098230011
1329026619512676352,negative,0.19793015892543012
1329026620397662209,negative,0.051574129880193234
1329026620468899840,neutral,0.3981203052089851
1329026620586385408,negative,6.744223092228825e-07
1329026620599005190,negative,0.0016240074538845367
1329026620867309568,negative,0.0003826642141411778
1329026621119082496,neutral,0.5164017655870308
1329026622826180609,negative,0.009084929125029905
1329026623811842049,negative,0.12267736682181389
1329026624721924097,negative,0.012916000491910941
1329026626416484354,negative,4.018740830091467e-06
1329026627263721472,neutral,0.3981203052089851
1329026628526215168,negative,0.0051178281178749134
1329026631386730498,negative,0.18818645479874418
1329026631890038784,negative,0.0011302621827079169
1329026635098710019,negative,7.961818476789869e-05
1329026638772908034,positive,0.8722736614265346
1329026639649525760,negative,8.848025782914985e-06
1329026640446431234,negative,0.003896579552156357
1329026640698085378,negative,0.17206328267580015
1329026646876311554,negative,0.0085433748322265
1329026650802184195,positive,0.9611958417475951
1329026652689608711,negative,0.009742014658740441
1329026655403249664,negative,0.11474693566932914
1329026656376336385,negative,0.004000567585024935
1329026656594522114,negative,0.0011302621827079169
1329026657869590529,neutral,0.5232810164981182
1329026662558801920,negative,0.024152014270810603
1329026663473090568,negative,0.0001678673973507976
1329026668808302592,negative,0.13088483456787792
1329026668850274306,positive,0.9021563687739154
1329026669412282370,negative,5.900449474174976e-07
1329026670859325440,negative,0.11526384599213464
1329026674890076162,negative,0.07134663643575757
1329026674999095298,negative,0.0008105823300443937
1329026675821121536,positive,0.6924516410349958
1329026683605716992,negative,4.162974183027354e-05
1329026685073813505,negative,0.0003188869373675407
1329026686306951170,negative,0.024152014270810603
1329026687544209408,negative,0.022404210304126697
1329026689607880704,neutral,0.513136929509853
1329026690631299072,negative,0.0007318434125100017
1329026691684048897,negative,1.576172335347692e-08
1329026692749385728,neutral,0.46127768308170247
1329026693013630977,negative,0.0025500191160573926
1329026694192254976,neutral,0.5912384604966829
1329026695806939136,negative,0.04435818662447893
1329026698923429889,negative,1.1904719438306807e-07
1329026702199169031,negative,0.1215568456031031
1329026705328119810,negative,0.10257797504384468
1329026705558794242,negative,0.15644911168231368
1329026706204725248,negative,2.645694451884897e-05
1329026706594729986,negative,0.026584816354132807
1329026706745671682,negative,0.007568486892028601
1329026706888400900,positive,0.7392605987652118
1329026712663887874,neutral,0.40879360950088234
1329026715037917185,negative,0.08080750041251203
1329026715469934592,negative,0.17206328267580015
1329026717114114050,negative,4.980199406161495e-11
1329026718657622017,negative,0.19793015892543012
1329026719630680066,negative,0.1642176164741717
1329026720054308865,negative,0.11908143803334018
1329026720746364933,neutral,0.46127768308170247
1329026721199382528,negative,0.0013655227207135191
1329026722017251328,negative,0.012006853930184785
1329026722600247297,neutral,0.36541119854165827
1329026724110225410,negative,0.04869503694747985
1329026729218699265,negative,0.12267736682181389
1329026730737152001,negative,0.029637629396123195
1329026732289101827,negative,6.335560788045481e-05
1329026735061553152,negative,0.02357455506232876
1329026737255100416,negative,0.055822319448470395
1329026737943031808,negative,0.007002169780995155
1329026738253344768,neutral,0.46127768308170247
1329026738257539072,negative,0.033192766014147446
1329026738962247680,negative,0.01555625833303413
1329026741919232000,negative,1.1904719438306807e-07
1329026742481264642,negative,0.12267736682181389
1329026742653231104,positive,0.7105047480073482
1329026742921654276,neutral,0.33140367919127767
1329026746830696450,negative,1.7502922909163747e-05
1329026747002712065,negative,0.26037498461859954
1329026748403609604,negative,2.111445773336005e-08
1329026750337126407,negative,0.1476877655452312
1329026750404300802,neutral,0.4507454498615163
1329026750622408708,negative,0.029094994177504198
1329026751276707840,neutral,0.49789225920557484
1329026751553564673,negative,0.00354144895189185
1329026751603859457,negative,0.12725058825060998
1329026753944317955,negative,0.09443823489176605
1329026756536307712,negative,0.0019489937523869403
1329026756548976640,neutral,0.4079757802778267
1329026762513248260,neutral,0.5689796959790668
1329026763305922562,neutral,0.4079757802778267
1329026766715953152,negative,0.00023802346027366594
1329026767080873984,negative,0.004173205631739972
1329026767781289986,negative,0.018729303402584118
1329026767907123200,negative,0.00037285525989034645
1329026768670437382,negative,0.07227480384590217
1329026768745934848,positive,0.7612644889932263
1329026770482442241,positive,0.8933699899184491
1329026771052802049,negative,0.2618068361231901
1329026771514224641,negative,7.427889383875572e-05
1329026771614887937,neutral,0.46127768308170247
1329026774018166784,negative,0.03733235336625141
1329026776350257152,negative,0.21921412548362115
1329026780469096448,negative,0.05378458150071481
1329026781723103234,negative,0.00016757716458009337
1329026782692052993,negative,0.01924247404993214
1329026785573560320,neutral,0.6301234559680013
1329026787565842433,negative,0.0016522409027201963
1329026793773395968,negative,0.0005124439596207978
1329026795585351680,negative,0.013885325678716361
1329026804628283392,neutral,0.47134019973606944
1329026805760667649,negative,0.14002493680352582
1329026807576866816,negative,1.4546292380122821e-05
1329026808432484353,negative,0.09461897740186731
1329026811586600961,negative,0.000524208876221444
1329026812484218882,negative,0.010706368727839864
1329026815785111554,negative,0.01005981564409944
1329026816363950080,negative,0.004552804795811286
1329026817035030529,neutral,0.49789225920557484
1329026824630915073,negative,6.622810639581595e-08
1329026827894083585,negative,0.04264411492919674
1329026829886304260,negative,0.011550249597438082
1329026836744052737,negative,0.0003029478864626448
1329026841227767808,negative,0.0016522409027201963
1329026848425172994,negative,2.1533516001859082e-06
1329026848479645696,negative,0.13679514709115348
1329026848525873152,negative,0.0026220031876331893
1329026849654104064,neutral,0.5370941862973679
1329026851772239873,neutral,0.4378689656928165
1329026854221701122,neutral,0.5355523914043656
1329026854716657671,negative,0.10404495241321535
1329026854834085889,negative,0.019757183904221418
1329026857900060675,neutral,0.3917157760839249
1329026858306973696,negative,0.026881611465791686
1329026863608467457,negative,2.8014370965735872e-05
1329026867597291520,negative,0.08871082875502273
1329026873507115010,negative,0.09179269847728459
1329026875126140928,negative,0.0025740388428385475
1329026876615045121,neutral,0.49789225920557484
1329026879102312448,negative,8.455193655268004e-05
1329026879811162112,negative,0.10622421319651891
1329026879907639296,negative,3.0474175729942323e-05
1329026882172563457,negative,0.09031254508943559
1329026882231267329,negative,0.00011153901756339971
1329026884089360384,neutral,0.4496294498258171
1329026884479365122,negative,0.18419921667058572
1329026885070819334,negative,0.009276825507377021
1329026885272080386,negative,0.17687156453653
1329026886303952896,negative,0.11561076203883044
1329026887360897024,neutral,0.5374478655040366
1329026890162696195,neutral,0.48596121447392165
1329026890527608832,negative,0.0018522805333611328
1329026894143115265,positive,0.7105047480073482
1329026901344661504,negative,0.057630537320022504
1329026904721121282,negative,0.05514270382517322
1329026905132175362,negative,1.8344758499485777e-06
1329026906847662080,negative,0.0035961576860881446
1329026908340826112,neutral,0.46127768308170247
1329026908856737792,negative,1.0256404158241006e-05
1329026910425387008,negative,1.5811202558859205e-06
1329026912287662082,negative,0.0011302621827079169
1329026914732879874,negative,0.020327294551893076
1329026916783972357,neutral,0.4496294498258171
1329026917723475973,positive,0.8725557189481249
1329026920483328003,negative,0.000524208876221444
1329026923385786373,neutral,0.4378689656928165
1329026923415080960,negative,3.208938134456844e-05
1329026925067706368,neutral,0.4369458913281048
1329026925562630150,neutral,0.37409041783159663
1329026928746115072,negative,0.0011302621827079169
1329026934567825408,negative,0.0011302621827079169
1329026934710411264,negative,0.012369227510889619
1329026935310192640,negative,0.019890706065335675
1329026936824360960,negative,0.05686572679285273
1329026937818386433,negative,0.01678990094752666
1329026938661462018,negative,0.12725058825060998
1329026942163587072,negative,0.18143409849512912
1329026943266807808,negative,0.006694058073400966
1329026943463911425,negative,0.04326749920868208
1329026945040920578,positive,0.9382110465571516
1329026947637239809,negative,0.00046717688503877645
1329026949616988160,negative,0.00047461557811365353
1329026950292246528,negative,1.8344758499485777e-06
1329026951269507072,neutral,0.49789225920557484
1329026951487647744,negative,0.09060480746430313
1329026954062950402,negative,0.08985446973816638
1329026958290804738,negative,0.0026483477977334146
1329026964112465923,negative,6.995016781878696e-06
1329026964435447809,negative,0.12753620444208003
1329026964838080514,negative,0.2748177366188215
1329026965303660547,neutral,0.49789225920557484
1329026968508129283,neutral,0.5136446707795853
1329026972014567424,positive,0.8437089205808843
1329026972861804544,negative,1.7774602482831433e-05
1329026977030926339,neutral,0.46127768308170247
1329026982357635077,negative,0.05725687768518632
1329026988263268355,negative,0.00025795257798539743
1329026990595330049,negative,0.0003188869373675407
1329026992101085186,negative,0.0027896464135173105
1329026992604393472,negative,9.815643159310799e-05
1329026993434873858,negative,0.06806152897878545
1329026994030448641,negative,0.00927769660982251
1329026994760261634,negative,1.4546292380122821e-05
1329026998858117120,negative,0.0005444240119172341
1329027000200212480,negative,0.019500166721486894
1329027003903848452,negative,0.024152014270810603
1329027009666830338,negative,0.0003076719501839988
1329027025768738816,negative,0.00034590032742467646
1329027028855775232,positive,0.9949719211046204
1329027029468139520,negative,0.2460501314280174
1329027033335291904,negative,0.24274370515614915
1329027041413505026,negative,0.00013510979515973204
1329027050196393984,negative,0.006671890100198748
1329027051152662532,negative,0.07393459354148145
1329027066868756480,neutral,0.5499795985951346
1329027067497865216,negative,0.02776575429183825
1329027067736944640,positive,0.9661129065560505
1329027067766304768,negative,0.0007318434125100017
1329027070240944130,negative,3.459345693843868e-05
1329027074925924353,negative,0.020776945755545083
1329027076918276100,neutral,0.3875332285022518
1329027080009486336,negative,6.56157757299493e-05
1329027080189829121,negative,6.56157757299493e-05
1329027081284489217,negative,0.00030579567973683776
1329027081297158144,negative,0.0015622033514631137
1329027082198921219,negative,0.008787525787110336
1329027082203123712,negative,0.0003188869373675407
1329027085369794561,negative,1.5789463571623905e-05
1329027087202717698,negative,0.09665352315852625
1329027090121773057,negative,0.0033975044477906028
1329027094471438336,negative,0.000524208876221444
1329027095025082368,negative,0.12267736682181389
1329027095599738880,neutral,0.49018897622988394
1329027097709469697,positive,0.7392605987652118
1329027099211026438,neutral,0.38784888844582677
1329027099634655232,neutral,0.4079757802778267
1329027100217643009,negative,0.2303936702124761
1329027100540608515,negative,0.0031959246210339445
1329027101308162049,negative,0.004408229527168356
1329027102461603845,negative,0.17206328267580015
1329027103141015553,neutral,0.48908135292001315
1329027109474488320,negative,6.362666615117555e-05
1329027110514675712,neutral,0.5689796959790668
1329027110854414336,negative,0.07026508288047041
1329027115530944515,negative,0.006904861715323466
1329027118488055814,negative,0.09031254508943559
1329027119607914496,negative,0.17206328267580015
1329027123860938753,negative,0.0011302621827079169
1329027124271980544,negative,6.8074011055610664e-09
1329027126473994246,negative,0.3106149374112069
1329027131259707394,negative,4.962093582973943e-06
1329027133193261056,neutral,0.5734576952979002
1329027136699686914,negative,0.01332480379315507
1329027138729758720,negative,0.0004291115894490975
1329027139983859713,negative,0.20549770198894476
1329027140373913600,negative,0.15210178545530334
1329027140612976641,negative,0.00042884952166574047
1329027144115236864,positive,0.9971586386629508
1329027144484319232,negative,0.12725058825060998
1329027144861749248,negative,0.21663218523124433
1329027145306415104,negative,0.0177961310231783
1329027159571226625,negative,0.04937301980473799
1329027161731297281,negative,0.05415562582843108
1329027164851871744,positive,0.9915737315163976
1329027167817261057,negative,0.026584816354132807
1329027186985209857,neutral,0.49789225920557484
1329027188465799170,negative,0.12783290389030444
1329027195428352000,neutral,0.4678659226464926
1329027200285368320,negative,0.016204331115643993
1329027201191325703,negative,0.17206328267580015
1329027201996558336,negative,0.032593487201350115
1329027208850116611,negative,5.473617641153698e-10
1329027209177206784,neutral,0.5294065330779806
1329027212172009472,negative,0.179565101155753
1329027217398128644,negative,0.0006251466040604204
1329027217498796034,negative,0.006631696991579162
1329027219147124736,neutral,0.6284583562918044
1329027220413829120,negative,0.03544366758856652
1329027223207223297,negative,0.09179269847728459
1329027227476963329,neutral,0.49789225920557484
1329027232887672833,neutral,0.43505579672066225
1329027233151905794,negative,8.356380883018702e-17
1329027241783816193,negative,0.02986605165175289
1329027244002598913,negative,0.007584006913186882
1329027251967561729,negative,0.0031124535170650516
1329027252638543874,negative,0.23547448214396235
1329027254890991626,negative,0.010320231446011024
1329027258913263616,negative,0.02776575429183825
1329027267616403457,negative,0.29150453131543796
1329027269009022977,positive,0.7612644889932263
1329027270045020160,negative,0.011574558016505247
1329027271148105729,negative,4.068864498614561e-06
1329027272699994112,negative,0.02993342608390437
1329027274503544833,negative,4.4232165203812537e-05
1329027277183733760,negative,4.467687293525642e-06
1329027282422231041,negative,3.0470745192041156e-05
1329027285270269952,negative,0.006057190202210575
1329027286952259587,negative,0.26561452716448897
1329027287497531393,positive,0.9999079556132563
1329027288076324864,negative,1.0872769802000652e-06
1329027288080461825,negative,0.019757183904221418
1329027288852213765,negative,0.0029781533630035485
1329027288952950785,negative,0.3214339532775902
1329027289099669504,negative,1.3856229785709155e-05
1329027289120714753,negative,0.0055064642565664
1329027293591777280,negative,0.11193637067646715
1329027293809872896,negative,0.0068853597955010545
1329027295689011200,negative,0.004176274090751977
1329027296100032513,negative,6.027605928975151e-05
1329027296750166016,neutral,0.35024982302239505
1329027297308004352,negative,0.02201352467398307
1329027297740005378,positive,0.8488345451438699
1329027299858132998,neutral,0.43143461162221
1329027300608909321,negative,0.05015228615274922
1329027300856303617,positive,0.8306178090908315
1329027302135631873,positive,0.8794400731486101
1329027304622841857,negative,0.06863973861958071
1329027306493456385,negative,0.0030870532178122155
1329027308699734018,negative,0.04652934929005613
1329027311941914626,negative,1.7029631649081368e-07
1329027312059346944,negative,4.840063698040503e-07
1329027314760486914,negative,0.31062133515766494
1329027315158880257,neutral,0.4496294498258171
1329027317021224961,positive,0.8252984594315478
1329027318950539266,negative,0.0010319219954019062
1329027320112435201,negative,0.03495286226922378
1329027321592909824,negative,0.07700461141425376
1329027322008264704,positive,0.9895056742383531
1329027322326953984,negative,0.00715533610988717
1329027325795635201,neutral,0.3710320377132315
1329027326852657158,neutral,0.49789225920557484
1329027327100063744,neutral,0.5734576952979002
1329027327234351104,negative,0.25184313989751195
1329027328308031494,negative,1.7029631649081368e-07
1329027328391962626,negative,0.19151169014119152
1329027328635236352,negative,0.15644911168231368
1329027328828170243,negative,0.16146953319818114
1329027330140942336,negative,8.16273120640205e-06
1329027330384211973,neutral,0.4838340555574073
1329027331084587008,neutral,0.41724555738738855
1329027333861355520,negative,0.05478254341918516
1329027345362132992,negative,0.3029968537174699
1329027349568950273,negative,0.03759441994949445
1329027352223952896,negative,0.07409858964317478
1329027353092173824,neutral,0.3816272854815205
1329027358272196608,negative,0.016737179756983748
1329027361254334466,negative,0.09038159571325613
1329027365985546250,neutral,0.4515259040694504
1329027369944961024,negative,6.0514456758999335e-06
1329027370783793156,negative,0.0026483477977334146
1329027374772580355,negative,0.012040404539417175
1329027375892475904,positive,0.9946891180195289
1329027376290930691,negative,0.01332480379315507
1329027378207657985,neutral,0.5533970533999424
1329027379461828609,negative,0.2631293306216606
1329027383039582213,positive,0.9946891180195289
1329027384864026625,positive,0.9956169050294991
1329027385124139009,negative,0.02156233816068229
1329027386248224768,negative,0.02014978084979887
1329027386449424384,negative,0.17674969730336743
1329027386793406464,negative,6.38535868170226e-08
1329027387909140481,negative,0.12089732162863005
1329027399586099201,negative,0.010320231446011024
1329027405026045952,negative,3.07869005468007e-05
1329027419811041285,neutral,0.3553960207325086
1329027420687650816,positive,0.9943738130111984
1329027423908868097,negative,0.09665352315852625
1329027426882625536,positive,0.6890963448775574
1329027427406917632,negative,0.04058184502913184
1329027430011596800,negative,0.022637168173910822
1329027430842064902,negative,0.20868681947083023
1329027433627082752,negative,2.270452537530332e-07
1329027435208306690,negative,0.1013545181098698
1329027436735049729,negative,8.317489445707894e-09
1329027437234167808,neutral,0.4495051545929648
1329027440463802369,negative,0.000425188876400727
1329027441210380288,negative,0.012457851362117028
1329027444519538690,negative,0.29221183091875963
1329027448365838339,negative,0.15540233172630602
1329027452136542211,negative,0.15210178545530334
1329027455244521474,neutral,0.4787644837611133
1329027456217608192,positive,0.8722736614265346
1329027460260909059,negative,0.027927514194585095
1329027461833756672,negative,0.0011339889166589298
1329027461871521792,negative,0.15668426906717803
1329027462337007616,negative,0.22041581950500969
1329027464904007683,negative,0.07757949160749057
1329027465340182533,neutral,0.46790579040083924
1329027468511096835,negative,0.0820686092690919
1329027468645326850,negative,0.00032534085636069847
1329027472298545152,positive,0.7105047480073482
1329027472797691911,negative,0.13719295041709803
1329027473581826050,neutral,0.4496294498258171
1329027474580246529,negative,1.0311950968427969e-12
1329027474685038592,neutral,0.5063703740229113
1329027474848587778,negative,8.655480372735507e-06
1329027475540676611,neutral,0.5159436667231726
1329027475821764610,negative,0.10242687066148555
1329027477482721286,negative,0.00043083118377860606
1329027477994426368,negative,0.03531795391799677
1329027479412105216,negative,0.126923048792945
1329027481093988353,negative,0.001487609133193092
1329027482826240008,negative,0.03198117681915195
1329027483551883267,negative,0.00018280008535731589
1329027483652468736,negative,0.0016203114542625494
1329027483967033345,negative,0.00020564173741588297
1329027487091789824,negative,0.12267736682181389
1329027487733583878,negative,0.0008042032994568007
1329027489201610753,neutral,0.49789225920557484
1329027489423904770,negative,0.0017958603723793613
1329027493572071426,negative,0.0011936207006653077
1329027494104731651,negative,0.31939114136953217
1329027497271455752,negative,0.10242687066148555
1329027501180456961,neutral,0.5734576952979002
1329027502812127234,negative,0.12267736682181389
1329027503961333760,negative,0.005593814344488444
1329027504041054213,negative,0.05516705613875993
1329027504380801025,negative,0.000184724182681088
1329027505794273281,negative,1.4574956405868115e-05
1329027506528194561,neutral,0.35509496682161057
1329027508428214272,negative,0.055822319448470395
1329027509288013824,negative,0.0011302621827079169
1329027510043029504,negative,5.696768356704612e-05
1329027510512848896,negative,4.217882480929167e-05
1329027510651195392,negative,0.013043273246271128
1329027511456587778,negative,0.10430080203004191
1329027513356529664,negative,1.8879908367634214e-05
1329027513717305344,positive,0.9827160709817288
1329027514652647425,negative,0.018750763980182758
1329027517974523904,neutral,0.5734576952979002
1329027521367724032,negative,0.0011302621827079169
1329027527097114627,negative,2.5211202902353637e-05
1329027528472850432,negative,2.5455647685064616e-12
1329027529538215937,negative,0.061721186948758416
1329027530775465990,negative,0.003187955971655128
1329027530888798209,negative,0.17281946781707516
1329027535410262017,negative,0.06777124413245492
1329027536832114690,negative,0.010040480329163336
1329027554259460096,negative,0.0003620489807136045
1329027556163641344,neutral,0.3917157760839249
1329027556557942784,negative,0.18863007687844954
1329027557593911299,neutral,0.49789225920557484
1329027559418458112,negative,0.29171456123451783
1329027571963420673,negative,0.2520905666966645
1329027572097822721,negative,0.0008739257860247918
1329027575109259266,negative,0.20865330172006177
1329027582457679872,neutral,0.49789225920557484
1329027582512091139,positive,0.9135737081479767
1329027583221125122,negative,3.7926538799599266e-05
1329027583627943938,negative,0.02819217765605211
1329027584177426432,negative,0.004408229527168356
1329027586702385157,neutral,0.45806818609295935
1329027592909938690,neutral,0.49789225920557484
1329027596546416644,negative,0.0371464128437588
1329027598622609408,negative,1.2588404680982632e-05
1329027602502344710,negative,0.01824918069814439
1329027604406525953,neutral,0.5710211662525364
1329027605828431875,negative,0.009944911936585494
1329027609859141632,negative,1.4546292380122821e-05
1329027611071287297,neutral,0.49789225920557484
1329027611398430721,neutral,0.513136929509853
1329027617836642304,negative,0.0007319674691506948
1329027623234711553,negative,0.005146977893889079
1329027626212749317,negative,0.02984460039997385
1329027627353399297,negative,0.00016757716458009337
1329027630306357248,neutral,0.5864858439572267
1329027636606234624,negative,0.18227611833650834
1329027640058064898,negative,0.002859024483209685
1329027641228357635,negative,0.0021836866084237465
1329027643140943872,negative,0.014810787656672717
1329027646337015808,negative,0.0004495150903683451
1329027647142309888,negative,0.032302334278588134
1329027647318470656,negative,0.0011302621827079169
1329027647792435205,negative,0.12267736682181389
1329027651076562946,negative,0.17206328267580015
1329027651630198785,negative,0.0013699614872068363
1329027651651178496,negative,0.0011302621827079169
1329027652448116739,negative,0.00043176569927136414
1329027653182091265,positive,0.7203306561293827
1329027653752528896,negative,0.0011302621827079169
1329027654767546371,negative,0.0033865219598969436
1329027656348786690,negative,0.1930824448929718
1329027657846181888,neutral,0.5471493912210927
1329027657896431618,negative,0.07504111504274476
1329027660496908288,neutral,0.5734576952979002
1329027663848222722,negative,7.259756488126405e-05
1329027667451121664,negative,1.8648493057805876e-05
1329027668969476097,negative,0.009634246218191256
1329027670168973314,negative,0.0011302621827079169
1329027670441603073,negative,0.0001231814416070474
1329027671557353473,negative,0.03561804981477709
1329027674656923649,neutral,0.6024025080541363
1329027675072188417,neutral,0.33160274802473116
1329027676288520193,negative,0.18018412069635742
1329027676854759425,negative,1.2809198317725991e-05
1329027680168148994,negative,0.000786332781426928
1329027681757892608,negative,0.15644911168231368
1329027681854296066,negative,0.03321201937377847
1329027682085040129,negative,0.10242687066148555
1329027682542170113,negative,2.677320683930717e-12
1329027683800526849,positive,0.972996103274212
1329027688691093504,negative,3.07869005468007e-05
1329027688728846336,positive,0.7105047480073482
1329027688753983490,negative,0.0901791396921077
1329027689907425280,negative,2.051303819331295e-06
1329027690050035714,positive,0.8050057393248805
1329027690201034755,negative,0.048304016829727195
1329027692214300672,negative,0.003491878496689866
1329027694164647938,negative,0.045766185152248715
1329027694626033666,negative,0.0005864819699973928
1329027695808811008,negative,1.031522394050284e-05
1329027695930388480,negative,0.09470523156285453
1329027700279963651,negative,0.00016832100190510214
1329027700779061250,negative,0.2678488443657099
1329027701248843777,negative,0.04768744527215479
1329027703249530882,negative,0.033251103439484106
1329027704151306242,positive,0.914337472429556
1329027705564704768,negative,0.029094994177504198
1329027707355721731,negative,0.003711896260936164
1329027708056182788,negative,0.19949745792147858
1329027711151423488,negative,0.04988103493623848
1329027711310860289,negative,0.04988103493623848
1329027711667376129,negative,0.04988103493623848
1329027711784812544,negative,0.04988103493623848
1329027715257802752,negative,0.04306336743533386
1329027716843249667,negative,0.0011302621827079169
1329027720949489664,negative,4.959199489737592e-05
1329027722480410631,negative,0.12725058825060998
1329027723059208192,negative,0.026615408711416398
1329027723218595841,negative,0.0004291115894490975
1329027725106012161,negative,4.216854081099807e-05
1329027727488397313,neutral,0.46127768308170247
1329027732110512128,negative,0.0026220031876331893
1329027739664355333,neutral,0.4115805342044665
1329027743049277446,negative,8.200574740891983e-09
1329027744500510720,negative,0.0005108079808303325
1329027745129566213,negative,0.1750936080436733
1329027745658122241,negative,0.010909278339544987
1329027750078930947,neutral,0.46127768308170247
1329027750422786048,negative,0.05259920603787463
1329027751068700673,negative,0.11733508760815156
1329027751135817730,negative,0.06784238633693725
1329027770291281921,positive,0.7612644889932263
1329027776461103104,neutral,0.3540996195729889
1329027778835083264,negative,0.0036869179531974
1329027785508204545,negative,0.09091078295791989
1329027792135213061,neutral,0.5734576952979002
1329027792940511232,negative,0.20930995258241908
1329027802402795526,positive,0.9946891180195289
1329027810841812992,neutral,0.46127768308170247
1329027811416403971,negative,0.19920611743979547
1329027823898652672,negative,0.006694058073400966
1329027824313831424,negative,1.803185731050753e-11
1329027824582332417,negative,0.009538945746022851
1329027824787873794,negative,1.057152815426582e-05
1329027832236945410,negative,0.2618068361231901
1329027834979831809,negative,0.10686731488121967
1329027836456394752,negative,0.0011302621827079169
1329027839417585665,negative,0.13813218348170017
1329027841070166019,negative,0.12267736682181389
1329027841120489472,negative,0.00018280008535731589
1329027841665724421,positive,0.8279016748440107
1329027843779604480,negative,0.13170093253948525
1329027846552104961,positive,0.9971586386629508
1329027847776858113,negative,0.00033992361295789256
1329027847915180034,negative,1.5069725749705216e-09
1329027851572670464,neutral,0.40476179790363026
1329027854487740417,negative,0.09031254508943559
1329027857448841218,negative,0.016750324393958727
1329027857578938370,negative,0.013273552641350283
1329027857922854918,neutral,0.46127768308170247
1329027858170343424,positive,0.7105047480073482
1329027861953597441,negative,0.024152014270810603
1329027862192672769,negative,0.18227611833650834
1329027864994471938,negative,0.0011302621827079169
1329027865162248192,negative,0.13747989186613424
1329027865548120064,negative,0.020564561881909405
1329027866412118016,negative,0.032302334278588134
1329027867548717056,neutral,0.34762337853087943
1329027874444206086,negative,0.003682456128858323
1329027874632949766,negative,0.06319035024039105
1329027875459264518,neutral,0.49789225920557484
1329027876486864896,negative,2.0031101267375906e-11
1329027878969864193,negative,0.06720679468225065
1329027884380540928,negative,0.15644911168231368
1329027884883841026,negative,0.0016530124218593425
1329027885928214528,negative,0.055822319448470395
1329027885978570754,negative,0.027679220384458077
1329027886909706240,negative,7.444956852185906e-07
1329027894954352646,neutral,0.4496294498258171
1329027895583391744,negative,0.03478281927837988
1329027895612768256,negative,0.00186044655920039
1329027895717715970,negative,0.09031254508943559
1329027898494377989,negative,0.014419036650521615
1329027898993483776,positive,0.7782680079122603
1329027900587196416,negative,0.017141862305764755
1329027901161934849,negative,0.0029108674544030613
1329027903754039297,negative,0.12267736682181389
1329027905024897025,negative,0.012040404539417175
1329027905180102657,negative,0.055822319448470395
1329027906593464320,negative,0.04158767665889948
1329027908669763584,negative,0.2966558525801499
1329027909093380096,negative,0.28996953107903606
1329027911198928896,negative,1.6878532304292567e-11
1329027911379267584,neutral,0.49789225920557484
1329027913610629127,negative,0.055822319448470395
1329027917481996288,negative,0.014263658996955768
1329027917569986565,negative,0.0004291115894490975
1329027919264542720,negative,0.3057856963123573
1329027924339593218,negative,0.010513727553651923
1329027930568216583,negative,0.21854627611378516
1329027935664267264,negative,0.01332480379315507
1329027940475027457,negative,0.26385135330034765
1329027940647120896,negative,0.0008655115432226999
1329027942849146881,negative,0.0002898549793938274
1329027962688196608,negative,0.0006593499063923546
1329027962881052678,negative,0.09689408222072492
1329027974008594433,negative,1.2525308429308513e-08
1329027980136476675,negative,0.00020564190379597237
1329027984666333186,negative,0.19590520946884452
1329027988114067457,negative,1.6490574758792972e-09
1329027991394005000,neutral,0.5194257556118563
1329027993700868096,neutral,0.4936377579226384
1329027995328262144,neutral,0.6449834132978173
1329028000302723074,negative,0.11301079900902951
1329028008213098496,negative,0.21838381656399358
1329028016295571456,negative,0.0013330514452754487
1329028016706555909,negative,0.08080750041251203
1329028021391683584,negative,5.547586099477397e-07
1329028022054350853,positive,0.832645584256461
1329028023832764416,negative,4.1765119451638865e-05
1329028025086783488,negative,0.11669132653420786
1329028027041386496,negative,0.032301598026263374
1329028028073185281,neutral,0.4496294498258171
1329028029214044167,negative,9.797067453705367e-05
1329028029960564736,negative,3.3051255018570106e-06
1329028032900849665,negative,0.027906729981768744
1329028033911648257,negative,0.05971205760287092
1329028034540789761,neutral,0.43143461162221
1329028035333541889,negative,4.204852531173136e-07
1329028038357553153,negative,0.002163834164084152
1329028038894481409,negative,2.677320683930717e-12
1329028040463159301,negative,0.012076800474233124
1329028040547065856,negative,0.000524208876221444
1329028042434482179,negative,1.4546292380122821e-05
1329028043059376130,positive,0.7105047480073482
1329028045907382278,neutral,0.40476179790363026
1329028046377152513,positive,0.8356726795243892
1329028047127912449,neutral,0.6146539053111821
1329028047484358659,negative,0.037876009002055226
1329028048281284608,negative,0.00022975857596322944
1329028048432340998,negative,0.019177966934890156
1329028050353328129,negative,0.00676289696942206
1329028051682922497,negative,0.04072311347734223
1329028052563668994,negative,0.0004254088261709141
1329028055164129280,positive,0.6890963448775574
1329028058247028744,negative,0.10257797504384468
1329028062395183105,negative,0.021613104016934677
1329028066098769923,negative,7.925728860362683e-07
1329028067113701376,neutral,0.3981203052089851
1329028067189272578,negative,0.23871696831429615
1329028068011368449,neutral,0.4209661743188113
1329028068963389443,neutral,0.35327698339852587
1329028070972514305,positive,0.7945102884001408
1329028074738954246,neutral,0.410550628620898
1329028075544309760,negative,0.00030997107543521263
1329028075628212224,negative,0.12396081657794718
1329028076471201800,negative,4.1226573859569904e-05
1329028076542504962,negative,0.32411770694175823
1329028076571926545,negative,0.008063173223196746
1329028081210847234,negative,0.04652934929005613
1329028083949707266,negative,0.30468958915460226
1329028084746625024,negative,0.19815210764665753
1329028084922773505,negative,3.9892364765778874e-09
1329028086692720642,neutral,0.35665295106857636
1329028088039084033,negative,0.25671794367463585
1329028092468269061,negative,0.10257797504384468
1329028094716481539,negative,0.1123542187380721
1329028095861534725,neutral,0.4496294498258171
1329028097748987904,negative,1.7029631649081368e-07
1329028099246350345,neutral,0.47641169920545967
1329028101465051136,negative,1.7666247368261886e-06
1329028107148406786,negative,1.8153386964812843e-07
1329028108318552065,negative,4.162974183027354e-05
1329028108977115136,negative,0.009431841031460612
1329028110088622082,negative,0.13456312081642746
1329028110835134474,neutral,0.40476179790363026
1329028111359467520,negative,0.024152014270810603
1329028114672799747,negative,0.015267560325640403
1329028116640043010,negative,0.00553191210553173
1329028117063749632,negative,0.09031254508943559
1329028120251346945,positive,0.9633894245446962
1329028121908088836,neutral,0.6537474969498027
1329028125217447936,neutral,0.5116176565504063
1329028127377530886,negative,1.7208175469230277e-05
1329028136714039297,negative,0.007548524428446438
1329028139071246340,neutral,0.5136446707795853
1329028141520654336,negative,0.13679514709115348
1329028144725102593,neutral,0.49789225920557484
1329028147254349827,neutral,0.4739607432362514
1329028148365844481,negative,3.0169609608993323e-07
1329028153952628736,negative,0.0014821524860630089
1329028154904752129,negative,5.054683735946255e-06
1329028155382915072,negative,0.08080750041251203
1329028162261569536,negative,2.906708228354039e-12
1329028165101105152,negative,0.0371464128437588
1329028168653697025,negative,6.738888709627542e-05
1329028168762732547,neutral,0.3702049084263078
1329028170239119360,negative,0.0026220031876331893
1329028176949997571,neutral,0.46834107950221365
1329028178053111809,neutral,0.3917157760839249
1329028178262827012,neutral,0.4739607432362514
1329028181567954945,negative,0.21890261240101283
1329028182050267139,neutral,0.49789225920557484
1329028184592035843,negative,0.00016897825551191988
1329028193127424001,negative,0.129925014011169
1329028196738752513,neutral,0.49789225920557484
1329028198936535043,negative,1.9382644862723206e-05
1329028200228409344,negative,0.026881611465791686
1329028203323723778,negative,0.0011339889166589298
1329028204770844675,negative,0.1717153436705917
1329028209225183238,neutral,0.49789225920557484
1329028212547006464,negative,9.364128359684389e-05
1329028216057700352,negative,1.031522394050284e-05
1329028219287326721,negative,9.797067453705367e-05
1329028219849338885,negative,0.11150500586713978
1329028220176384000,negative,9.657187875495001e-05
1329028221480947714,negative,0.029017296942075048
1329028221703249924,neutral,0.40476179790363026
1329028225813671936,negative,0.32260971212283573
1329028226845437954,negative,0.001598892038103058
1329028231253667843,neutral,0.44407450302000123
1329028233644347398,neutral,0.49789225920557484
1329028234118377480,negative,0.03198117681915195
1329028237205319680,neutral,0.40476179790363026
1329028238677602313,negative,1.0739917661670404e-07
1329028239361265665,negative,0.013804286303222255
1329028239679959046,neutral,0.4756177896413689
1329028240241995777,negative,0.027495838485012327
1329028240325959680,negative,1.4546292380122821e-05
1329028240577613825,negative,0.0025503634589879366
1329028241487765507,negative,0.019548097475315326
1329028242725089280,neutral,0.4496294498258171
1329028247351418880,negative,0.17206328267580015
1329028249872175105,negative,0.0005051788403879819
1329028250677415937,negative,1.0605757661052e-09
1329028251805683713,negative,0.05516705613875993
1329028253240225793,negative,0.0011302621827079169
1329028253949030400,negative,6.744223092228825e-07
1329028255630888960,negative,0.14429249309798903
1329028256855699456,neutral,0.36075706408024416
1329028256864067587,negative,0.015679239383858016
1329028259305181184,negative,0.018768961914777373
1329028259737178113,neutral,0.40476179790363026
1329028260341092352,neutral,0.49789225920557484
1329028261230350337,negative,0.0010860110635714565
1329028261431664640,negative,0.0011302621827079169
1329028261704249345,positive,0.9154392987087047
1329028262786371584,negative,1.6947250208092193e-05
1329028263759536129,neutral,0.40476179790363026
1329028265567281152,neutral,0.40476179790363026
1329028267026812931,neutral,0.40618659954576075
1329028268931112960,negative,2.3660018761836794e-07
1329028269170167808,negative,0.19570737867656468
1329028269509926913,negative,0.3057856963123573
1329028270109691905,negative,0.00186044655920039
1329028271418322944,negative,0.017947867314532653
1329028272286535689,positive,0.996542509497677
1329028273553215490,negative,0.12524776595655532
1329028274534625280,negative,0.001368302344543205
1329028278204690433,negative,3.123530786966793e-15
1329028279593013248,neutral,0.49789225920557484
1329028282394832900,positive,0.9954373202451321
1329028282935889920,negative,0.0446980090620655
1329028283632136192,negative,0.001387617938862201
1329028287285354496,negative,0.0011302621827079169
1329028288682012675,negative,0.11919709727946037
1329028288761769986,negative,0.015863696859884837
1329028289206378496,negative,3.942971016371358e-06
1329028292360474625,neutral,0.517646365904816
1329028292729581569,negative,0.19281455190479083
1329028295053234176,negative,0.00016757716458009337
1329028296126947328,negative,0.0011302621827079169
1329028297418739712,negative,0.12267736682181389
1329028298500939778,negative,0.013035663582632452
1329028298932973570,neutral,0.4299371657496221
1329028302221275137,negative,0.004309168378308152
1329028302405824513,positive,0.9987132008237832
1329028302456168448,neutral,0.46127768308170247
1329028302712025088,negative,0.055822319448470395
1329028305253769217,negative,1.1256224945759594e-05
1329028305459310595,negative,0.12267736682181389
1329028305895428097,negative,3.5223176958561165e-05
1329028306356871169,negative,0.005477611834560084
1329028306629500928,negative,0.0886644192243479
1329028306663051265,positive,0.7612644889932263
1329028309888405505,neutral,0.3734886429250822
1329028310999953410,negative,0.001387617938862201
1329028311352270850,negative,0.020245005947826702
1329028315299143681,neutral,0.49789225920557484
1329028319816331266,neutral,0.38553325915229153
1329028321473130496,positive,0.9717994237436911
1329028328196632576,neutral,0.3686611374347811
1329028346861264896,negative,7.296406903111176e-06
1329028350480936964,negative,0.013857504419806958
1329028358160719872,neutral,0.392589585381082
1329028360270450689,negative,0.08301289864159057
1329028360589234181,negative,2.118542670134672e-05
1329028361025413121,negative,3.5566591533318406e-05
1329028365265883138,negative,0.32506685266967134
1329028372152918016,negative,0.0026254767595730406
1329028373553745921,negative,2.5759903721218033e-05
1329028374547849216,neutral,0.37874993579954885
1329028376066191361,neutral,0.49789225920557484
1329028380738646016,negative,0.12829374044036768
1329028384098299905,negative,0.12267736682181389
1329028389840228353,neutral,0.49789225920557484
1329028391018835969,negative,0.11150628061237527
1329028392130383872,negative,0.16380477360075288
1329028394831458308,negative,0.3057856963123573
1329028396198879235,negative,0.13687327370936203
1329028397679472641,negative,0.001593036067495336
1329028398585434112,negative,0.00834428281093357
1329028400120557573,neutral,0.46127768308170247
1329028408500740097,negative,0.005643567222352038
1329028410065248269,positive,0.9932656182683107
1329028410484658178,negative,0.16201231595923965
1329028410690113536,neutral,0.450643743570074
1329028411151556608,negative,0.0011302621827079169
1329028412254642177,negative,0.00922371697606268
1329028413844320256,neutral,0.45806818609295935
1329028416184737799,negative,2.35985873505596e-11
1329028416277008384,negative,0.000588885321664699
1329028416566341634,negative,0.0004290024423221096
1329028417350742019,negative,0.007396945175114821
1329028420802654210,negative,0.0026254767595730406
1329028422199369732,negative,1.7208175469230277e-05
1329028424145510400,negative,0.012570036308963653
1329028427807125504,negative,0.11301079900902951
1329028427815514112,negative,3.8521394653218495e-10
1329028427958132736,negative,0.049822512323508594
1329028428381696001,negative,0.0026875837793785993
1329028429279277056,neutral,0.42001992284533535
1329028431191924736,negative,0.11508156989018278
1329028431296802820,negative,1.322022978611837e-11
1329028434035609603,neutral,0.40883277064446416
1329028434186604544,negative,0.038002046882511006
1329028436493557760,positive,0.9926390699507575
1329028439794462720,negative,0.02786110888973816
1329028442109726720,negative,0.0011302621827079169
1329028443242176512,neutral,0.5734576952979002
1329028443955191812,neutral,0.49789225920557484
1329028445314162689,negative,0.039899861372075775
1329028445687459847,negative,0.09016725050128345
1329028448199827456,negative,0.0004291115894490975
1329028450028544000,negative,4.162974183027354e-05
1329028450246668292,negative,0.005952421782019763
1329028451358085120,negative,0.16009658107333474
1329028451983126529,neutral,0.3334685009297062
1329028452729675778,negative,0.055822319448470395
1329028453002326017,neutral,0.3367557285843063
1329028453128167427,negative,0.12267736682181389
1329028458878545920,neutral,0.49789225920557484
1329028459104964608,negative,0.0010183156150893257
1329028459276988416,negative,7.235896434928463e-09
1329028460279443456,negative,0.012570036308963653
1329028461025964032,negative,0.247444330811274
1329028462577938433,negative,8.117935361972321e-05
1329028462938558466,negative,0.00025767655859852966
1329028463668420611,negative,0.0002192039111197868
1329028464213516290,negative,0.018108553817404827
1329028464880455680,negative,1.7648833066623262e-11
1329028471327223809,negative,0.007805780829265507
1329028472673607680,neutral,0.4739607432362514
1329028473160085506,neutral,0.5734576952979002
1329028473252442113,neutral,0.40476179790363026
1329028474309406726,neutral,0.46127768308170247
1329028478834917376,negative,0.00045864352730897834
1329028479933935617,negative,0.007037373806095824
1329028480680529922,negative,0.18863007687844954
1329028484463792128,neutral,0.5348153255247243
1329028485256503298,negative,3.6261006711842695e-11
1329028489337589760,negative,0.06693597538297974
1329028490583216136,negative,0.1388165480771174
1329028490763624449,neutral,0.40618659954576075
1329028491845709825,neutral,0.4280749600447469
1329028495234658304,negative,0.09941732736346187
1329028496237228032,negative,0.0011302621827079169
1329028499382923270,negative,0.0005763255986679944
1329028499865276424,negative,0.0011302621827079169
1329028499915612160,negative,1.7033544791953418e-08
1329028500783820807,neutral,0.49789225920557484
1329028503728254977,negative,0.12267736682181389
1329028504520945664,negative,0.0069972898761330215
1329028504894189570,negative,0.008063173223196746
1329028506488082432,positive,0.7105047480073482
1329028506940948482,negative,0.003930943598268877
1329028507024896000,positive,0.9995203265418581
1329028507972853760,negative,0.12267736682181389
1329028516957065223,negative,0.20779741699689405
1329028524586504192,neutral,0.3850748772223694
1329028532874391555,negative,0.21838381656399358
1329028533818175488,neutral,0.367969077413054
1329028535713927168,positive,0.7745982578167736
1329028538444427270,negative,0.007169709394046029
1329028541435027457,negative,0.024152014270810603
1329028550809296898,negative,0.12102461984480588
1329028552319250432,negative,0.19815210764665753
1329028553384529922,negative,1.2293613014191735e-05
1329028555628535808,neutral,0.46127768308170247
1329028556521959425,negative,0.13705565474087555
1329028557704728577,negative,0.0004693519715084098
1329028561374752769,negative,0.0014914149972860488
1329028562238787585,negative,0.0005926367164083593
1329028565963317248,negative,3.07869005468007e-05
1329028574783942656,negative,0.0005108079808303325
1329028575912194048,negative,3.07869005468007e-05
1329028581054439424,negative,0.005724373220507836
1329028595549868034,negative,0.3194906017799334
1329028596640440322,negative,0.00019528862563469586
1329028598934740992,negative,0.02424506817717248
1329028602944434176,negative,3.7401337061666037e-05
1329028603363856384,negative,1.8318629746801898e-07
1329028606660644865,negative,0.010592509713493504
1329028606828421122,negative,0.22698857167993466
1329028607927324673,negative,1.4546292380122821e-05
1329028609797992448,negative,0.10487659224244333
1329028611043700742,positive,0.9916941397036985
1329028613140779008,neutral,0.49789225920557484
1329028617725235200,negative,0.04607091490601974
1329028618408894464,negative,0.000753716795852582
1329028620971618304,negative,0.22287484110831574
1329028621164552198,negative,0.008244396462125783
1329028623312019456,negative,0.04185565782307292
1329028624800944133,negative,0.2982386044477553
1329028625706913793,neutral,0.43143461162221
1329028625774080002,negative,0.01332480379315507
1329028632615006209,negative,0.09439052585501763
1329028633483243521,negative,2.788405500750106e-06
1329028633885806592,negative,3.3051255018570106e-06
1329028634032689153,negative,0.000277881601542893
1329028634825330696,negative,0.155343931276018
1329028637459361796,negative,0.01699442003720968
1329028637841104896,negative,0.12725058825060998
1329028638554157057,negative,0.05933128446205719
1329028639053246464,neutral,0.49789225920557484
1329028642857512960,positive,0.788244673617578
1329028645264953349,negative,9.898945831405187e-05
1329028645818687489,negative,0.0011302621827079169
1329028646611415042,negative,0.023156696080274076
1329028647647399936,neutral,0.5734576952979002
1329028647974531072,neutral,0.4496294498258171
1329028649446756353,positive,0.9980892263803205
1329028650172346377,negative,5.443179978393541e-06
1329028650763776000,neutral,0.5734576952979002
1329028650772144129,negative,0.03624996817993738
1329028651862601728,negative,0.08080750041251203
1329028660767166467,negative,0.06937901132091229
1329028661027155968,negative,0.22891599251938624
1329028661144678400,negative,0.022803801244619712
1329028661882875904,negative,2.415510832888901e-07
1329028664835665921,negative,8.7761750597862e-10
1329028667238977537,neutral,0.46127768308170247
1329028667436109825,neutral,0.4472046630416994
1329028670984507394,negative,0.0011302621827079169
1329028671378755588,negative,0.16238354240856034
1329028672884535301,negative,0.008612865444720248
1329028675212365825,negative,0.2743827887518434
1329028676642623488,negative,0.013804286303222255
1329028676856541187,neutral,0.49789225920557484
1329028679884824577,negative,0.012394259717323648
1329028683974250497,negative,0.00010786620140723628
1329028687925301252,negative,2.344355576295025e-06
1329028692878745600,neutral,0.46127768308170247
1329028695089143809,negative,0.09031254508943559
1329028695584108544,negative,0.026584816354132807
1329028695663710208,negative,0.16869605955559605
1329028695919632384,negative,0.0026254767595730406
1329028700659208194,negative,0.1134010836136924
1329028708582174720,negative,0.005694269137340582
1329028711744729088,negative,0.2747130122637435
1329028716949868545,negative,0.026584816354132807
1329028721194491904,negative,2.3192547054547205e-05
1329028722586906627,neutral,0.4528659365109088
1329028726798086147,negative,0.0031625750806430555
1329028745492123648,negative,0.006151718460494699
1329028747421511680,negative,4.388040263400936e-07
1329028752504975360,negative,0.16707298045976704
1329028753389985792,negative,0.00036681330163819555
1329028753889091588,negative,0.10622421319651891
1329028758477692930,negative,0.012896381602470315
1329028760113475587,negative,0.32773275974044935
1329028768351084545,positive,0.6890963448775574
1329028769252831233,negative,0.07319993009181942
1329028770108465152,negative,0.09038159571325613
1329028770108493832,negative,0.1573428091806499
1329028781508583426,positive,0.9923758305762793
1329028787544199168,negative,0.004288388050839181
1329028790333399041,negative,0.06896674505796337
1329028792065679364,negative,7.77037166391671e-06
1329028793051254784,negative,0.21227778287643798
1329028793701441536,neutral,0.3734886429250822
1329028794829647873,negative,0.0013684794016519107
1329028795056132099,negative,0.001696944690601443
1329028795282690049,negative,2.3159959910087706e-05
1329028796385816576,neutral,0.5533970533999424
1329028797371396101,negative,0.25640477556822283
1329028799711891458,negative,1.6878532304292567e-11
1329028799959330820,neutral,0.345170046049484
1329028799967735810,negative,0.0004291115894490975
1329028801838387203,negative,0.013911731342708783
1329028802136182784,negative,0.010031794196895049
1329028804019449856,negative,0.009752646829428365
1329028808201134081,neutral,0.5316624617817726
1329028809828560897,neutral,0.40476179790363026
1329028812064116740,neutral,0.641500038341186
1329028812844261376,negative,0.042475307851446216
1329028814526148610,negative,0.01699442003720968
1329028815184650243,neutral,0.49789225920557484
1329028815578931210,positive,0.7127718169025095
1329028816560414725,positive,0.7606776599318206
1329028817751519233,negative,0.12844243577927467
1329028822486953984,positive,0.7127718169025095
1329028823531319296,negative,0.006435027542711586
1329028823606829057,negative,0.014810867566088062
1329028823942385669,negative,1.8344758499485777e-06
1329028825288728576,negative,0.0011302621827079169
1329028826865799168,negative,0.0011302621827079169
1329028827583029249,negative,0.0002717771897953223
1329028828396740613,negative,0.31939114136953217
1329028829768273921,negative,0.0015912173522581736
1329028829893988353,positive,0.9781803839197153
1329028831617769472,negative,0.2895823115470429
1329028833484410883,negative,0.055822319448470395
1329028834998562823,negative,0.038622018857501786
1329028835338235908,negative,0.0011302621827079169
1329028836286214144,negative,3.2919527815661004e-05
1329028840170139650,negative,0.0501408420024755
1329028840681771010,negative,0.07072211752476654
1329028847342325762,negative,0.1322340854351746
1329028848973963268,negative,0.034357045567931746
1329028851662458880,negative,0.011256479159114116
1329028854720196608,negative,0.21838381656399358
1329028856389509121,negative,0.022409153265625977
1329028862362136577,negative,0.22220324005576558
1329028863343685633,negative,0.0078026856671214815
1329028864035721218,neutral,0.5181212488483674
1329028864090189824,neutral,0.4401857255825795
1329028864799088646,negative,0.00014095067618959708
1329028867206606850,negative,0.0011302621827079169
1329028867848278017,negative,3.0470745192041156e-05
1329028868494270469,positive,0.9971586386629508
1329028869765132288,negative,0.0031353379304887245
1329028872990552067,negative,0.004176274090751977
1329028876211720192,negative,0.0011302621827079169
1329028877520408577,negative,0.011256479159114116
1329028879995052033,negative,0.0011302621827079169
1329028880808730624,negative,0.0035969581721541077
1329028881131646976,negative,9.154309112111984e-06
1329028882293547014,negative,0.0011302621827079169
1329028883912544258,negative,0.014810787656672717
1329028884063465472,negative,1.5443779131727805e-05
1329028886127124482,negative,0.22866582985306333
1329028889025392641,negative,0.059371854367166486
1329028890073976839,negative,0.014810787656672717
1329028892611518466,negative,0.17632601764987182
1329028901671235590,negative,0.026584816354132807
1329028904196116483,negative,0.006853865599253775
1329028910181462017,negative,0.10962451162056237
1329028910860873728,negative,0.03661493963139823
1329028912177930242,neutral,0.5710211662525364
1329028912400240648,negative,0.0332259523636612
1329028914791010304,negative,0.0002400493427362921
1329028914958770177,neutral,0.4985928500860049
1329028915856347137,neutral,0.49789225920557484
1329028915990581248,negative,0.08301289864159057
1329028916577759232,negative,0.08080750041251203
1329028917374705668,negative,0.002456121738680305
1329028917970296834,neutral,0.6473420841778842
1329028919404576768,negative,0.17279338351979806
1329028923728990208,negative,0.09874891393667072
1329028923896815616,negative,0.01332480379315507
1329028930733547521,negative,0.0015807116538538936
1329028937591164928,negative,0.17318232244966167
1329028939482886145,negative,0.00461532303318811
1329028957048610816,negative,0.02187607412393615
1329028961121300480,negative,8.884490151277667e-09
1329028962517979136,neutral,0.49789225920557484
1329028967723114496,neutral,0.5975535558123748
1329028969157570562,negative,0.11420579571135546
1329028970306736128,negative,0.005716070508721118
1329028971036626949,positive,0.9954373202451321
1329028972856954880,negative,0.02318928607912295
1329028974819876866,negative,0.001945832981276733
1329028976564637697,negative,0.03220073721867131
1329028977533591553,negative,0.00011344581536492931
1329028980582871042,negative,1.031522394050284e-05
1329028980960358401,positive,0.8266997757449915
1329028983397228550,negative,0.004822926752133219
1329028983510474753,negative,0.126923048792945
1329028985204969474,negative,0.04072311347734223
1329028985842446337,negative,0.1174514293417606
1329028988812070914,negative,1.5443779131727805e-05
1329028990628212736,negative,0.0002669550528612811
1329028990657568769,negative,0.00043796066190673297
1329028991248953344,negative,0.2715220889220143
1329028995371982855,negative,0.0011339889166589298
1329028997985038340,negative,0.1270924807057234
1329028998928736257,negative,0.005398417861508592
1329028999910187008,negative,1.0244413506551138e-08
1329028999998222337,negative,0.0003661948307036307
1329029000879026176,negative,2.8589324640373086e-11
1329029002120605697,negative,7.68105336294347e-05
1329029002502270977,negative,6.419924897822252e-07
1329029003106263040,neutral,0.534111572099035
1329029003458600960,negative,0.040278488638407495
1329029009083146240,negative,3.883302021783262e-09
1329029009208963072,negative,7.865169437195004e-05
1329029010010107907,positive,0.7612644889932263
1329029010630828034,negative,0.12725058825060998
1329029011528445957,negative,0.29576975772827585
1329029011763126273,negative,0.031416623232030066
1329029011943661570,negative,0.3029968537174699
1329029012912558081,negative,1.576172335347692e-08
1329029014967750659,negative,0.12267736682181389
1329029015760494594,negative,0.11759858756010892
1329029016905527297,negative,0.09789928535029414
1329029018549706752,negative,0.00010228840404439941
1329029022001623040,negative,1.920259275112206e-05
1329029023821860868,negative,0.0011302621827079169
1329029028335001601,neutral,0.340257575587649
1329029028884467712,negative,0.0027611393768259946
1329029030855774209,negative,0.09179269847728459
1329029032210550784,negative,0.018954091000450195
1329029033808506885,positive,0.6857961715356222
1329029033959563272,neutral,0.4496294498258171
1329029035821830145,negative,0.12267736682181389
1329029036279001091,negative,0.0011302621827079169
1329029036299972610,negative,0.09338025147698323
1329029036547436545,negative,0.01125676334097021
1329029036899770370,neutral,0.46127768308170247
1329029037054898177,negative,0.0002345059546130958
1329029037474410499,negative,0.001218653809564652
1329029040326537217,negative,0.10257797504384468
1329029041156927488,neutral,0.49789225920557484
1329029041895206912,negative,0.025381130708431607
1329029043589681152,neutral,0.5943191547173552
1329029045388980232,negative,0.004530907515845496
1329029045800095745,negative,1.8344758499485777e-06
1329029046194343942,neutral,0.5734576952979002
1329029047112716289,neutral,0.49789225920557484
1329029050652905473,negative,6.996295681379347e-12
1329029056084504578,negative,0.007548524428446438
1329029057023979523,negative,0.0011302621827079169
1329029057091166213,negative,1.576172335347692e-08
1329029060538851331,positive,0.7105047480073482
1329029060886925312,negative,3.49782536898889e-07
1329029064829636608,neutral,0.5734576952979002
1329029065513242625,negative,1.2525308429308513e-08
1329029066138251265,negative,0.028106108543006363
1329029068411506691,negative,0.043875082704029164
1329029070374531074,neutral,0.5734576952979002
1329029071733485569,negative,1.6878532304292567e-11
1329029074719809536,negative,0.09038159571325613
1329029077135740933,negative,0.12994984197953827
1329029077513228297,neutral,0.46127768308170247
1329029078008164353,negative,0.00014280896979946048
1329029078465327104,negative,0.0391704658092713
1329029081929838592,neutral,0.49789225920557484
1329029082391179266,negative,1.6878532304292567e-11
1329029082806411265,negative,0.20063908376732184
1329029082990981121,negative,0.07963196527576112
1329029083020275717,negative,0.011750046214368596
1329029083146186758,negative,4.852190881483485e-05
1329029086728114177,negative,0.25627796514331436
1329029093879410693,negative,2.941918423608551e-06
1329029097494773760,negative,0.21921412548362115
1329029098010775554,neutral,0.3989350913688637
1329029098140823552,negative,0.0108058095719798
1329029102364397568,negative,0.00028508843381514187
1329029105963118593,negative,0.032302334278588134
1329029106344800256,negative,0.04185973599836527
1329029108421029889,negative,9.898945831405187e-05
1329029110602092545,negative,0.0026254767595730406
1329029111763914754,negative,0.01858890475422357
1329029122916577286,negative,0.005716070508721118
1329029124384546819,negative,0.0045624610718964075
1329029126364205058,negative,0.01605847247489938
1329029127895216128,negative,0.014604029080065396
1329029130944466948,negative,0.014028005542860008
1329029131259023360,negative,0.0001936268979284715
1329029132466987008,negative,3.011085024662511e-07
1329029133695922176,negative,0.00010755585478773014
1329029140591374336,negative,0.23766087111240972
1329029145918132224,negative,2.1668050120785675e-14
1329029146433949697,negative,0.0005711999292428972
1329029149885931522,negative,0.00041097666063644677
1329029151475576832,negative,3.47656828010805e-07
1329029158173872130,neutral,0.42695075000513394
1329029174523260928,negative,0.09031254508943559
1329029176511369216,neutral,0.4940440453106599
1329029177572548608,negative,2.1734967696687866e-05
1329029179975880707,neutral,0.49789225920557484
1329029180122681345,negative,0.0019582259242814006
1329029180277854209,negative,0.009344748093800108
1329029181615857668,negative,0.24288938138624883
1329029181712240642,negative,0.0011302621827079169
1329029181930344448,negative,0.22805350976934174
1329029182312095744,negative,0.31939114136953217
1329029182656028674,positive,0.7797134263464105
1329029182987378688,negative,0.00011749741145934385
1329029183897526272,negative,6.175639571109853e-11
1329029185885646854,neutral,0.3660268925410313
1329029186015666176,negative,1.7029631649081368e-07
1329029187034877957,negative,0.007396945175114821
1329029188104429569,negative,0.01332480379315507
1329029190205788163,negative,0.0002717771897953223
1329029190608441346,negative,0.02791020514528867
1329029191216603138,negative,0.0008884082576401607
1329029192529350656,positive,0.7293488124592571
1329029195649912836,negative,4.753195588289858e-10
1329029196233011204,negative,0.09031254508943559
1329029198443388929,negative,0.004817375964375153
1329029199718469634,neutral,0.49789225920557484
1329029200083382272,negative,0.3253633433341778
1329029200628617223,neutral,0.47199324377466745
1329029202566410240,neutral,0.37409041783159663
1329029202998386688,negative,0.0011302621827079169
1329029203551989760,negative,0.039524487663932115
1329029207649824768,negative,0.012570036308963653
1329029208786472961,negative,0.12725058825060998
1329029209520558080,negative,0.0004951478642406904
1329029212301381633,negative,0.10257797504384468
1329029214612414465,negative,0.22028980502426931
1329029215380004868,negative,0.25145999709499794
1329029217531604993,negative,0.20218298733461684
1329029217699303426,negative,0.05933128446205719
1329029221512081408,negative,0.01470244455068298
1329029227551854592,negative,0.05933128446205719
1329029231200886787,negative,0.08023268661362945
1329029235051261957,positive,0.7299391750220857
1329029236267487232,negative,0.0305678495768042
1329029238171840512,negative,0.017784844018815093
1329029238444449793,negative,5.1299987095325086e-05
1329029240197668864,negative,0.055822319448470395
1329029240235433985,positive,0.7105047480073482
1329029243259527168,negative,0.005477611834560084
1329029247298572288,negative,2.232305784189285e-07
1329029248212938752,positive,0.8748632070413375
1329029253170671617,negative,0.28255924622263795
1329029254160543744,positive,0.7105047480073482
1329029255880118272,negative,4.9223048462637325e-05
1329029256114999296,negative,0.00016834728003099384
1329029257675350016,negative,0.005720055263337645
1329029258291900416,negative,0.0011337860051601437
1329029261135654913,negative,9.637424120783417e-07
1329029261454422017,negative,0.0007576978492963632
1329029261999607808,negative,0.028480617600663144
1329029265644527621,negative,0.028480617600663144
1329029266416209920,negative,0.14698402413329303
1329029266634403841,negative,0.17206328267580015
1329029267326443521,negative,0.055822319448470395
1329029270841290752,negative,0.043481338725439994
1329029272015695873,negative,1.5728972523088286e-06
1329029275194945541,negative,0.3029968537174699
1329029275387908096,negative,7.487488331818862e-10
1329029275576655872,negative,0.02776575429183825
1329029275652120576,negative,0.02173403743889455
1329029276251938816,negative,0.0011302621827079169
1329029278260989955,negative,0.2527204019827777
1329029279661912073,positive,0.8686040349414773
1329029282660831238,negative,0.03971569977725893
1329029286695723009,negative,0.019491428814112536
1329029286917976066,neutral,0.37313167823610005
1329029288465666048,negative,0.22295325636884633
1329029290059583488,negative,0.09941732736346187
1329029290122485762,negative,1.4546292380122821e-05
1329029299119255552,negative,0.0106499817752913
1329029299597414400,neutral,0.463069243830287
1329029301249904641,negative,0.23627674770866405
1329029302004936706,neutral,0.49789225920557484
1329029304223719426,negative,8.731835355325162e-07
1329029304592838656,negative,0.21921412548362115
1329029307495231488,negative,0.0208061807859701
1329029309588267008,neutral,0.36397107933735434
1329029310737510400,negative,0.0024648195315434282
1329029311031029770,negative,7.099524101174067e-05
1329029313841270785,negative,0.2941056163298043
1329029314768220160,neutral,0.4535759911583438
1329029315753893888,negative,0.08587255142697986
1329029317565661184,neutral,0.49789225920557484
1329029321013465089,positive,0.8782246762689043
1329029323173605378,neutral,0.47760839526369675
1329029325216239618,negative,2.843762167008323e-06
1329029326055026688,negative,0.0011339889166589298
1329029326986235904,negative,0.31064078610956886
1329029332581363715,negative,4.6735542867604553e-05
1329029332606603264,negative,0.019210314354290273
1329029332933767169,negative,0.00011595028010027228
1329029334028464128,negative,5.904960670560596e-06
1329029341737574405,negative,0.0037045461542156884
1329029342794485761,negative,0.08676386544837651
1329029343587278849,negative,1.468436970278848e-05
1329029343826354176,negative,0.10986521144321097
1329029352365887489,negative,0.010566620546668083
1329029354396004357,negative,0.014191678239125798
1329029357625610240,negative,0.08786681938634541
1329029358804209665,negative,0.1882280375295459
1329029361895436289,negative,0.006972873156888717
1329029361962545152,negative,0.048094145620658654
1329029368102981632,neutral,0.37409041783159663
1329029368933445633,positive,0.9653597745527895
1329029370137227264,negative,0.008063173223196746
1329029371449970692,negative,0.011520931859737259
1329029371756236802,negative,0.10257797504384468
1329029372301496321,neutral,0.3403910849986218
1329029373966622722,negative,0.0258754178653693
1329029377556942848,negative,0.007396945175114821
1329029378865573888,neutral,0.5193492709780212
1329029380895608834,negative,0.0001295475960582415
1329029382355234816,neutral,0.5734576952979002
1329029382841769984,negative,1.1122210540021723e-05
1329029383617654784,negative,5.998260813471745e-06
1329029384158801924,negative,3.706649265915445e-07
1329029384343351296,negative,0.03174554724775216
1329029388642512896,negative,0.03339399846776455
1329029389389094912,negative,0.023541896433564052
1329029389728837634,negative,0.09179269847728459
1329029392417386498,neutral,0.5867314403838328
1329029392840921088,negative,0.004747026604781802
1329029395013640192,negative,1.5811202558859205e-06
1329029395936403456,negative,0.0013655227207135191
1329029396301303808,neutral,0.49132326488980516
1329029397035233291,positive,0.8360425434196095
1329029399346376706,negative,0.004091522913201937
1329029400038404098,negative,0.18062599198262252
1329029402802466816,negative,0.031212602485500385
1329029404001964032,negative,0.08060154212250659
1329029404018814980,negative,2.744817244097866e-05
1329029404803149824,negative,1.5965811973281503e-06
1329029405763645440,negative,0.007696949660693529
1329029406048792576,negative,5.904789101500562e-05
1329029408275959809,negative,1.1914794236053206e-13
1329029409169416194,positive,0.9882235625030537
1329029409622417408,positive,0.997094977699093
1329029409819516929,neutral,0.4471963313304597
1329029410771628035,negative,1.2525308429308513e-08
1329029413573419009,negative,0.00012632293740544683
1329029413745397761,negative,0.019040736889838407
1329029414877876226,negative,0.13663662356381115
1329029415154692096,negative,9.797067453705367e-05
1329029415309864961,negative,2.3333757540708423e-06
1329029418900197379,negative,0.1902261531961643
1329029419797766144,negative,1.6878532304292567e-11
1329029421228040194,neutral,0.4496294498258171
1329029421529968644,negative,2.4701709603845864e-05
1329029422255648770,negative,0.0001055948362333356
1329029422347907074,negative,0.049116881680582695
1329029423270596609,negative,0.17206328267580015
1329029427469176833,negative,0.0003897865491783978
1329029427477483522,negative,1.1173446377775584e-10
1329029428417064962,positive,0.7091863765765853
1329029429578895360,negative,2.161650976032178e-06
1329029432229711872,negative,0.008063173223196746
1329029434473672704,negative,0.007899304677864141
1329029435127902210,positive,0.8597996546975694
1329029436197515269,neutral,0.4042041767695276
1329029439024402433,negative,0.005508260797022118
1329029439808737286,negative,0.0026220031876331893
1329029439859068930,negative,0.02036554036742403
1329029441767534593,negative,0.0053117891605794715
1329029442015031300,neutral,0.47697210391394973
1329029442639978497,negative,0.02814998963867154
1329029443336200199,neutral,0.5734576952979002
1329029448021258240,negative,0.10257797504384468
1329029448503603200,negative,5.614260980025272e-06
1329029450432999424,negative,0.2527854216176148
1329029451498336257,neutral,0.6301234559680013
1329029452827930624,negative,4.852190881483485e-05
1329029453125709825,negative,0.0011302621827079169
1329029453599608832,negative,0.0002250571240133608
1329029454207791106,negative,0.022678213960973567
1329029460235067392,negative,0.21677013954951618
1329029460486721537,negative,0.01995980004208898
1329029460994174976,negative,0.23009517907981578
1329029463552761863,negative,0.13861812857309747
1329029466639765504,negative,0.21838381656399358
1329029468975984643,negative,3.0470745192041156e-05
1329029475519107072,negative,0.12814295170104845
1329029476668350470,negative,0.011478583791399372
1329029477381320717,negative,0.009652714782281555
1329029477591085057,negative,0.006529527723988934
1329029477746307072,negative,0.03303009950254589
1329029477763059714,negative,0.009379819080017076
1329029477800800256,neutral,0.37409041783159663
1329029477846880256,negative,0.022678213960973567
1329029481563033604,negative,6.846279060716268e-07
1329029483303751680,negative,0.01939343353283776
1329029483702128643,neutral,0.5044318347984174
1329029485199495168,negative,1.5120965880302143e-06
1329029486311043074,negative,0.12725058825060998
1329029486499786759,neutral,0.6537474969498027
1329029488169119744,negative,0.0018309688594310885
1329029489326747650,positive,0.7286085944469914
1329029490627014656,positive,0.9708192016495582
1329029492258582528,negative,0.00016757716458009337
1329029494393298945,negative,3.6423839492130264e-06
1329029494590550018,neutral,0.46127768308170247
1329029494645157890,negative,0.05543721014479904
1329029496129933312,neutral,0.34757791804634974
1329029498730373122,negative,0.16146953319818114
1329029499275649025,neutral,0.40476179790363026
1329029501918044161,neutral,0.49789225920557484
1329029502287171590,neutral,0.4496294498258171
1329029502308147202,negative,0.005146977893889079
1329029504191393792,negative,0.055822319448470395
1329029504795291649,negative,0.0011302621827079169
1329029505965502464,negative,0.02081337537450233
1329029506225623040,negative,0.11042178725430873
1329029506296930306,negative,0.05294732146762398
1329029506556948481,neutral,0.36698455093987636
1329029508461162502,negative,0.007973811763676841
1329029509014806529,negative,0.12267736682181389
1329029509044170752,negative,0.14622703277510668
1329029509849427970,negative,0.13340954978550612
1329029510205829120,negative,8.916511872385631e-06
1329029510361210883,negative,0.03427876178825467
1329029510617034752,negative,0.028480617600663144
1329029512995229697,negative,0.2547083229716231
1329029514446442496,negative,0.028480617600663144
1329029515981492224,negative,0.03174554724775216
1329029516765827073,negative,0.033099160918687795
1329029517495595010,neutral,0.4737554465528978
1329029517797634049,negative,0.028480617600663144
1329029520100372480,neutral,0.36767379766564107
1329029522063319043,negative,0.028480617600663144
1329029522243674112,neutral,0.49789225920557484
1329029523342503937,negative,5.904789101500562e-05
1329029523359354884,negative,0.0015130879767563798
1329029524579889152,negative,0.1703825999244401
1329029527956230145,negative,1.1412280246504456e-07
1329029529583628289,negative,0.0002718152298925706
1329029529923448833,negative,0.055822319448470395
1329029531676663808,negative,0.0003407192595143032
1329029532175769601,negative,0.041569944111236955
1329029534147096578,negative,0.029343893238282272
1329029534851739648,negative,0.007396945175114821
1329029537708077056,negative,0.25627796514331436
1329029540665036801,negative,0.0011302621827079169
1329029541189332998,positive,0.9946891180195289
1329029543680643073,neutral,0.36767379766564107
1329029543907233793,positive,0.9296539699479327
1329029544683188224,negative,0.007198882483131115
1329029544834174977,neutral,0.5232810164981182
1329029544964214790,negative,0.0001340810321626748
1329029547698888704,negative,0.0006331525658115548
1329029548403527680,negative,0.3057856963123573
1329029554707501056,negative,0.16278713041241424
1329029556553003009,negative,0.10257797504384468
1329029556909518848,negative,0.12267736682181389
1329029557484187650,negative,0.004857852884228306
1329029557731676162,neutral,0.3831422714549554
1329029557832339458,neutral,0.3351034940937356
1329029558281048064,negative,0.007492253662308625
1329029559220625408,neutral,0.4739607432362514
1329029560395063298,neutral,0.43143461162221
1329029560546037764,negative,0.03174554724775216
1329029561074540545,negative,0.049116881680582695
1329029561141645315,negative,0.0011302621827079169
1329029562517364737,negative,0.16867194831698049
1329029564937408517,negative,0.0002501531840079934
1329029570671108096,neutral,0.3660268925410313
1329029570893377536,negative,0.004176274090751977
1329029571518361601,neutral,0.5539890135544677
1329029571556102145,negative,0.041931043188233444
1329029572336168961,negative,0.010767676095708882
1329029572352946187,negative,0.08553144253709108
1329029574248763392,negative,0.0011302621827079169
1329029575662243840,neutral,0.46127768308170247
1329029576417300480,negative,0.004176274090751977
1329029577264553984,negative,1.5811202558859205e-06
1329029579399376897,negative,0.07534572120534595
1329029581295280129,negative,0.0014433648473026256
1329029581404327937,negative,5.907976545296381e-08
1329029582901669889,negative,0.00040500169167648203
1329029583333683207,negative,0.0009201472815560074
1329029584290013185,negative,0.029460268813736024
1329029584986267648,negative,0.0005426613962340672
1329029589864226817,negative,1.0739917661670404e-07
1329029590145245184,negative,0.26602113134524324
1329029590283595776,negative,0.007973811763676841
1329029590472413186,neutral,0.574435926499858
1329029592984678400,negative,0.012177927882600038
1329029593215479879,negative,1.6878532304292567e-11
1329029593534259201,neutral,0.6537474969498027
1329029593974640644,negative,0.0389991097936604
1329029594754768896,negative,0.039818089869116086
1329029594767233024,negative,0.004733328176882383
1329029596940038145,positive,0.9953343061164293
1329029597095202817,negative,0.0991912467163872
1329029598563209218,negative,0.050940835542403404
1329029598617628673,negative,0.05356165612606703
1329029602698641408,negative,0.026406621203531277
1329029603223080960,negative,0.006627293178118547
1329029603625738241,negative,1.2525308429308513e-08
1329029605089550338,negative,0.14315345856722236
1329029605961965570,negative,0.05482736037923477
1329029607820054535,negative,0.06775107137306269
1329029609560666113,neutral,0.4857875265598458
1329029612819664896,negative,4.908848044117344e-06
1329029614283468802,negative,0.12844243577927467
1329029614686138369,neutral,0.5337424604275052
1329029618427453442,positive,0.9983660211302681
1329029620084207616,negative,4.018740830091467e-06
1329029620314812416,negative,0.01332480379315507
1329029620818128896,negative,0.0003620489807136045
1329029621937999878,negative,0.009957213566125334
1329029621967417344,negative,0.12267736682181389
1329029623011815433,negative,0.00048724816231739577
1329029624152666113,negative,1.4546292380122821e-05
1329029624366555138,negative,0.0025740388428385475
1329029624647593984,negative,0.006272720115656045
1329029625259888640,negative,0.00046801011846847926
1329029632541286400,negative,1.1874660008938981e-09
1329029634487365632,negative,0.11069519906294614
1329029636228001792,negative,0.09424631862865172
1329029637167525888,negative,0.12267736682181389
1329029637821911041,negative,3.274466952393908e-05
1329029639675711488,negative,0.12267736682181389
1329029640262979584,negative,0.0003897865491783978
1329029640552374274,neutral,0.42316074363633727
1329029640711761920,negative,0.09665352315852625
1329029642800476162,negative,2.317822646925665e-05
1329029647661674497,negative,0.006241471568161417
1329029648253153281,negative,0.006393684957116132
1329029648395726848,negative,0.055822319448470395
1329029649045839873,negative,0.10257797504384468
1329029649402187776,negative,0.23449875131300343
1329029652510355458,negative,1.7029631649081368e-07
1329029655622545408,neutral,0.5349356877058636
1329029656603975683,negative,0.02564227522754547
1329029658092974080,negative,0.10257797504384468
1329029658206232581,negative,1.5751448098482349e-06
1329029659095404547,negative,0.05233019054932478
1329029659862986753,negative,0.0013684794016519107
1329029661171585025,negative,0.0011302621827079169
1329029661356158976,negative,0.0011302621827079169
1329029661435834368,positive,0.9751581612856088
1329029662111129600,negative,0.0028494154405239833
1329029662626942978,negative,0.32110504321865757
1329029663788851203,negative,0.0054664186608403215
1329029665181327361,negative,1.5728972523088286e-06
1329029665542057985,neutral,0.34896347909426967
1329029668100591618,negative,0.03174554724775216
1329029668574547969,negative,0.0011302621827079169
1329029668964589568,negative,1.6878532304292567e-11
1329029670612983809,neutral,0.5316624617817726
1329029672361922560,negative,0.024759547308727883
1329029675780345856,negative,0.1832226161109319
1329029675876802560,negative,0.08301289864159057
1329029677210607619,negative,3.79925996889158e-05
1329029677730713604,negative,0.00022529976672900173
1329029677911056384,negative,0.03312309945667965
1329029678066184193,negative,0.0034441068635847616
1329029678649274370,negative,0.055822319448470395
1329029678993117187,negative,0.0002203777313110296
1329029680893202432,negative,0.21838381656399358
1329029681283215361,negative,1.3567929162469263e-05
1329029682004684801,negative,2.997074225238513e-10
1329029682751270914,negative,0.02487065832293259
1329029685884428289,negative,0.008063173223196746
1329029686765248513,negative,0.0011302621827079169
1329029687960612864,positive,0.9999576649477462
1329029689554460672,negative,0.02036554036742403
1329029690540122114,positive,0.9954427669327769
1329029690623987712,negative,3.9296574198833054e-09
1329029693077680130,neutral,0.4496294498258171
1329029693237039106,negative,0.00013718661633895193
1329029696932229121,negative,0.01814281063239103
1329029698039508992,neutral,0.5734576952979002
1329029698601578496,negative,1.6695473371117995e-05
1329029699142627328,negative,0.12814295170104845
1329029699587215360,negative,0.0012277493649996928
1329029700509949952,negative,0.0002871161556037015
1329029700744859648,negative,7.68105336294347e-05
1329029701759868928,negative,0.015046367856418587
1329029704079306756,negative,0.02105548631272971
1329029705811566593,negative,1.4382027194095195e-05
1329029711339597824,neutral,0.5661148955583963
1329029713294217216,negative,0.1903389803845345
1329029714040614912,negative,0.003055707369250773
1329029714091139076,negative,0.20222650460310249
1329029715018051584,negative,0.041931043188233444
1329029715278094337,neutral,0.4368347878126289
1329029715877900291,negative,4.018740830091467e-06
1329029716209266688,neutral,0.4153373325707398
1329029716750241794,negative,0.19815210764665753
1329029716808908800,negative,0.00016757716458009337
1329029717425582086,neutral,0.4204224492387797
1329029720902668288,neutral,0.4079757802778267
1329029723163422721,negative,0.0025500191160573926
1329029724690149408,negative,0.26247186502013126
1329029726913114113,negative,0.03751159682452693
1329029726996979713,negative,3.6423839492130264e-06
1329029729245081602,negative,9.797067453705367e-05
1329029729387737092,neutral,0.4079757802778267
1329029729521971200,negative,0.12267736682181389
1329029731329712128,negative,0.014578971014511383
1329029733447766019,negative,0.12267736682181389
1329029734630625280,negative,0.0016347893095383095
1329029736140582913,negative,0.12725058825060998
1329029736199311360,negative,0.2507193477166315
1329029737168179201,negative,0.0011302621827079169
1329029739365994497,positive,0.7105047480073482
1329029740288733184,negative,0.00922296789013469
1329029740628414464,negative,0.23151963229728525
1329029743480508416,negative,6.450255577518078e-06
1329029744071946241,negative,0.0011302621827079169
1329029744373981184,neutral,0.4507454498615163
1329029744483069954,negative,0.12267736682181389
1329029745032523776,negative,0.0024798257088170404
1329029746009620481,negative,0.12267736682181389
1329029746215280640,negative,0.07195729643342309
1329029748362764290,negative,0.0011302621827079169
1329029748505382912,negative,0.0003076719501839988
1329029748752850944,negative,7.098305568088526e-05
1329029750136967169,neutral,0.4622032904518746
1329029750149550080,neutral,0.4507454498615163
1329029750816378880,negative,0.00022403558592428655
1329029752175386631,negative,0.05372828155758595
1329029752565411842,positive,0.9971586386629508
1329029754444517376,negative,0.006753746938632104
1329029754935193601,positive,0.7105047480073482
1329029755086254083,negative,0.054451289753430256
1329029755266605057,negative,0.10257797504384468
1329029759091740674,negative,1.8861491910370684e-05
1329029759406399492,negative,3.733043499586511e-05
1329029760106819586,negative,0.011681711503432833
1329029761012731904,negative,0.0011302621827079169
1329029761092489217,neutral,0.49789225920557484
1329029761776164864,negative,0.10257797504384468
1329029762937974785,negative,0.02201352467398307
1329029765546774530,negative,0.007091208407849368
1329029766775705602,negative,0.2772842515554482
1329029766935089153,negative,0.31322979056563693
1329029769149739009,positive,0.6890963448775574
1329029769258803202,negative,0.0011302621827079169
1329029769288146946,negative,0.0009508365417654674
1329029771603439617,negative,0.0011302621827079169
1329029771720855553,neutral,0.5261075746785202
1329029773566242825,negative,0.0009967320249947512
1329029773629198342,negative,0.00046801011846847926
1329029774103154691,negative,0.010320231446011024
1329029778352058371,negative,0.00040589520717335326
1329029779132211202,negative,0.03174554724775216
1329029779891376130,negative,0.015789696083931683
1329029779891384321,negative,6.128751044085291e-06
1329029784341516288,negative,0.0011302621827079169
1329029785465577478,negative,0.027866704120632812
1329029785578778629,negative,0.0002632047154413963
1329029785863983104,neutral,0.49789225920557484
1329029786291810305,negative,0.19815210764665753
1329029786652598272,negative,0.0007318434125100017
1329029787067801602,negative,0.09192056069640865
1329029788678426626,negative,0.014604029080065396
1329029790007955456,negative,0.05516705613875993
1329029791723511809,negative,0.03174554724775216
1329029794235899906,neutral,0.4737554465528978
1329029795959762944,negative,0.007548524428446438
1329029798748975104,negative,6.503546156960688e-08
1329029799134846978,negative,0.016961777742879536
1329029799147429891,negative,0.0011302621827079169
1329029799952732160,neutral,0.5316624617817726
1329029801311670272,neutral,0.6009250524213995
1329029802519629824,negative,6.689626050562962e-07
1329029803350118400,negative,0.03174554724775216
1329029804201570304,negative,0.01699442003720968
1329029805204000769,negative,0.06508146147139576
1329029806802038787,negative,0.30921182601270725
1329029810966974464,neutral,0.5232810164981182
1329029811306545154,negative,0.01614395883117223
1329029812535631872,neutral,0.49550388591062333
1329029818374086663,negative,0.026584816354132807
1329029818919292935,negative,0.0020056140925001804
1329029819355590658,negative,0.10257797504384468
1329029819359780864,negative,0.12267736682181389
1329029819716268038,neutral,0.49789225920557484
1329029820898967552,negative,2.2387179692693228e-05
1329029823709196288,negative,0.07943048308702408
1329029823751213056,negative,1.2816314201785802e-05
1329029824774549504,positive,0.7105047480073482
1329029825785438214,negative,0.1664054923820585
1329029831334498306,negative,0.006753746938632104
1329029831653273602,negative,3.1077198991046957e-12
1329029837420425217,negative,1.2606151441224808e-09
1329029838007656448,negative,0.0036625126378149156
1329029838108127232,negative,8.409267140323738e-05
1329029840134152192,positive,0.9161333645707537
1329029842893942785,negative,9.503605407506987e-11
1329029844663996418,negative,0.006753746938632104
1329029849348976642,negative,0.03174554724775216
1329029849827192832,neutral,0.44744543561483924
1329029856437407750,negative,0.10257797504384468
1329029857985114115,negative,0.003413816116014391
1329029859398578176,negative,0.038997518442355654
1329029859440517121,negative,0.001134457943220986
1329029861898416130,negative,0.0002992516685239579
1329029862066155521,negative,4.574234751763327e-08
1329029862988845057,negative,0.23440269267490013
1329029865291591682,negative,0.19151105241715685
1329029867002859523,negative,2.0492291413869226e-12
1329029867288072193,positive,0.7612644889932263
1329029868324073476,negative,0.0011302621827079169
1329029869527838721,negative,0.0002801953497105751
1329029870148587520,negative,0.0003897865491783978
1329029874003095559,negative,0.001768265890919931
1329029874053492738,negative,2.683822656911594e-06
1329029877635411968,negative,0.055822319448470395
1329029878541398019,negative,4.018740830091467e-06
1329029878600130560,negative,0.0002931750820237932
1329029879459958785,negative,0.0011302621827079169
1329029880940523524,negative,0.08301289864159057
1329029883335479297,neutral,0.5593646504209473
1329029883763306499,negative,0.17206328267580015
1329029883801063424,negative,0.07604349268642076
1329029884098863104,negative,0.0011302621827079169
1329029886401515523,negative,0.02776575429183825
1329029886556647425,negative,0.006838958983508298
1329029886749663232,negative,5.051326222677671e-07
1329029886909026306,neutral,0.49789225920557484
1329029888343482368,negative,0.0014433648473026256
1329029889937317891,negative,0.08080750041251203
1329029890486792194,negative,0.00527053711604672
1329029891392724992,negative,0.0011302621827079169
1329029895964553217,negative,0.0976994656140868
1329029896400723968,negative,0.001121158993111776
1329029897029898240,negative,0.055822319448470395
1329029897747111936,negative,1.6878532304292567e-11
1329029899055599618,negative,6.744223092228825e-07
1329029899613573120,negative,0.10257797504384468
1329029899831693313,negative,0.18884024424138413
1329029902784491521,neutral,0.4663917579447527
1329029904671891456,negative,0.12267736682181389
1329029904994865153,negative,0.10969637645395922
1329029906999762944,neutral,0.49789225920557484
1329029907918229505,neutral,0.657262233441686
1329029908320952320,positive,0.7105047480073482
1329029908564226049,negative,0.043506742922953694
1329029909193379841,negative,2.700358215245603e-05
1329029914012618754,negative,4.878448424437637e-05
1329029914058780672,negative,0.0011302621827079169
1329029915581276160,negative,0.14248058922810042
1329029915824574472,negative,0.003168540593978313
1329029916038492160,negative,0.09199464462601915
1329029916218847232,negative,0.005508260797022118
1329029916273291264,positive,0.7105047480073482
1329029916827021315,neutral,0.3511390184226514
1329029918563438594,positive,0.7105047480073482
1329029919981047809,negative,0.07393459354148145
1329029920387964928,negative,0.022678213960973567
1329029920455094273,neutral,0.4496294498258171
1329029920597618692,negative,0.29037549096134374
1329029920815685632,neutral,0.49789225920557484
1329029920819916801,neutral,0.4663917579447527
1329029922631905280,neutral,0.5734576952979002
1329029925823770625,negative,0.01739305493510518
1329029925937041409,negative,0.0011302621827079169
1329029926922711040,negative,0.009538945746022851
1329029928835231744,negative,0.055822319448470395
1329029928919191552,negative,0.01614395883117223
1329029930240385026,negative,0.041931043188233444
1329029933386133504,positive,0.6644360429917763
1329029935562969089,neutral,0.4496294498258171
1329029937681100805,negative,0.21336248031427016
1329029938402521095,neutral,0.4496294498258171
1329029939211988996,negative,0.2772842515554482
1329029939811725312,negative,0.005958283482596602
1329029940889722880,neutral,0.5734576952979002
1329029941271416832,negative,2.677320683930717e-12
1329029945448861697,negative,0.028885353566053967
1329029946996559873,negative,0.025381130708431607
1329029947663507456,negative,0.029031443530707364
1329029948011581445,negative,3.0566636352294894e-08
1329029949534183425,negative,0.008714323473706717
1329029950326919169,negative,0.0011302621827079169
1329029950675034112,positive,0.7988670893255321
1329029950918320128,negative,0.012519458090087894
1329029952184971267,positive,0.9946891180195289
1329029955175526401,negative,0.0026220031876331893
1329029956433829889,negative,4.500875271636975e-05
1329029957067153410,positive,0.9892503301425283
1329029959311044608,negative,0.008889011063759339
1329029960854593536,negative,2.988531046746242e-14
1329029961236275201,neutral,0.4496294498258171
1329029962100318209,positive,0.9998497862296873
1329029962603618304,negative,0.028224431018580704
1329029962888830977,negative,0.004532661431334393
1329029964134543363,negative,0.03777247865431507
1329029965984182274,negative,0.008459712616396985
1329029967552913408,negative,0.027970083128482745
1329029968593100801,negative,9.587168531478388e-05
1329029972820959235,neutral,0.49789225920557484
1329029972909039616,negative,9.898945831405187e-05
1329029975614386179,negative,8.170003972084569e-05
1329029976193044481,neutral,0.49550388591062333
1329029976608260104,negative,0.22544474111061957
1329029976973197312,negative,0.022409153265625977
1329029978663612416,negative,1.1716946110637621e-05
1329029978889981957,negative,0.00264071635269888
1329029979171151872,neutral,0.46127768308170247
1329029980156817408,negative,0.0011302621827079169
1329029983520641024,positive,0.9946891180195289
1329029983784890369,positive,0.7612644889932263
1329029984736993281,negative,0.0011302621827079169
1329029989451390976,negative,0.12267736682181389
1329029989652697089,negative,1.2525308429308513e-08
1329029990227320839,negative,0.03174554724775216
1329029990239887360,positive,0.9892503301425283
1329029990789341185,negative,0.013311897787774104
1329029990969716738,negative,0.03174554724775216
1329029991707840512,negative,0.04720191828985234
1329029991955374082,negative,0.19815210764665753
1329029992030810115,negative,0.10257797504384468
1329029992714555398,neutral,0.5734576952979002
1329029996564803593,negative,0.20791719507924158
1329029996866908161,negative,6.172797405142549e-07
1329029997177212933,negative,0.022678213960973567
1329029999366725633,negative,0.05482736037923477
1329030001493151744,neutral,0.4324447832802692
1329030001702920196,neutral,0.39515603923820103
1329030002436927489,negative,0.0011302621827079169
1329030002613104643,negative,0.0011302621827079169
1329030003317739523,negative,0.0004291115894490975
1329030003414142977,negative,0.047321137873762055
1329030003615469570,positive,0.9987914938810355
1329030003829469184,negative,0.00300152566309775
1329030004466995209,neutral,0.4496294498258171
1329030005834309633,positive,0.7492640488558922
1329030005876273153,negative,2.0658739524010088e-05
1329030008447381506,negative,6.306586160883224e-07
1329030008464056321,negative,0.17206328267580015
1329030010930388993,negative,0.01699442003720968
1329030010947112967,negative,0.1522630677134651
1329030011144253440,negative,0.0016203114542625494
1329030013014904839,negative,0.018913431610973485
1329030013052735488,negative,6.435201710148204e-05
1329030013379899393,negative,0.12725058825060998
1329030014311034880,negative,0.12267736682181389
1329030014348759040,negative,0.001696944690601443
1329030014361362433,negative,0.16047128151498036
1329030014910799872,negative,0.0005637953130719292
1329030016508768266,negative,0.0039684129047154685
1329030018014584833,negative,0.000753716795852582
1329030018509516801,negative,2.406904013289415e-06
1329030020988358661,negative,0.0003076719501839988
1329030021290319873,negative,4.404276888132996e-05
1329030022460551170,negative,0.0026254767595730406
1329030023492329472,negative,0.029680888761360852
1329030026004750338,negative,0.0009522672437583836
1329030026365382659,negative,0.0006517590861434972
1329030028022181889,positive,0.9015186066713323
1329030028659728385,positive,0.7105047480073482
1329030029712437254,negative,1.7029631649081368e-07
1329030030790447107,negative,0.18298763346819918
1329030031755124737,negative,5.462679414524742e-10
1329030032254251008,negative,0.17211067378695394
1329030033005023233,negative,0.033614658232103474
1329030034628161536,negative,0.00031018202148413456
1329030035232202753,negative,0.0011412196055685668
1329030035353837576,negative,0.0005139989422930634
1329030035576139777,negative,0.03174554724775216
1329030037971087361,negative,0.09941732736346187
1329030038147248128,negative,2.1154507113911963e-07
1329030038537244675,negative,0.20780542734857319
1329030040181497857,neutral,0.5734576952979002
1329030040214966273,neutral,0.46783810240861906
1329030040248590336,negative,0.0015130879767563798
1329030043142590464,negative,8.686249488523666e-09
1329030043293667334,negative,0.06147663948477311
1329030046196125700,negative,0.0181832500875346
1329030046732967936,negative,0.000599967449881299
1329030046758146051,negative,0.0011302621827079169
1329030047764770818,negative,0.03174554724775216
1329030048356167680,negative,0.0005968745912839019
1329030050876895232,negative,0.19110474724689372
1329030051678072832,negative,0.007396945175114821
1329030054047854602,negative,0.03174554724775216
1329030055964663811,negative,0.0029448371470484616
1329030059877945353,neutral,0.5892769733835495
1329030062776209409,negative,0.01267221797236512
1329030063082369025,negative,0.015312455185251352
1329030063103291392,negative,0.03159479675972211
1329030064424570883,negative,0.017816918491332826
1329030066714644480,negative,1.2525308429308513e-08
1329030067092119552,negative,1.2525308429308513e-08
1329030068253974528,negative,0.007923550070367364
1329030068316856320,negative,2.8469686059117704e-06
1329030069562519553,negative,0.0011302621827079169
1329030070711664640,negative,0.004914692382125088
1329030071441645569,negative,6.932651808576601e-07
1329030073131921409,neutral,0.5734576952979002
1329030074172133378,negative,0.0004138030605489917
1329030075098992640,positive,0.9836941699344693
1329030075707248640,negative,0.09031254508943559
1329030075921133569,negative,0.019206750548494553
1329030076562812928,negative,0.0011302621827079169
1329030076684439553,neutral,0.41956321267742214
1329030077095550981,negative,0.10257797504384468
1329030080492933121,negative,5.08725258193237e-06
1329030081335988225,negative,0.29173523219226194
1329030085177991168,negative,0.0017821480924662062
1329030086239064066,negative,0.0006253886257042641
1329030087421865988,negative,0.034147790764390014
1329030088109789185,negative,2.051303819331295e-06
1329030088243994628,negative,0.012733965306920133
1329030089246437379,negative,0.06961573221952988
1329030089699364864,negative,0.2568680277869489
1329030089930051586,negative,0.049116881680582695
1329030092819992577,negative,0.10146953964103711
1329030093218467841,negative,0.058542430267774746
1329030095919583238,neutral,0.35918849085180665
1329030097043591176,negative,5.957411591813808e-06
1329030097463078913,negative,0.0011302621827079169
1329030097609875457,negative,0.0011302621827079169
1329030097882521601,negative,0.00012305996150710187
1329030098775904256,negative,0.0004112120303712798
1329030098851405826,negative,0.1955159587772053
1329030099165990913,negative,0.013399285612326976
1329030099870605314,negative,0.041957362354493925
1329030100436840449,negative,0.007973811763676841
1329030101833560064,negative,0.00012408893790222993
1329030103431598083,negative,0.10422803909469577
1329030103729397760,negative,0.027846084545017073
1329030104551485447,neutral,0.4898631585877994
1329030105323216896,negative,0.028480617600663144
1329030106443083778,negative,0.016750324393958727
1329030107445522432,negative,0.0045624610718964075
1329030109953712131,negative,0.2772842515554482
1329030110100516864,neutral,0.4848629438093404
1329030110205370369,negative,0.001387617938862201
1329030110637420547,neutral,0.43143461162221
1329030111396585472,negative,0.016323714768716226
1329030113170776064,positive,0.9836941699344693
1329030113254629385,negative,0.014207796262659072
1329030113657229314,negative,0.13094579741111154
1329030114852687873,negative,0.0027611393768259946
1329030115142078467,negative,0.2884253556740669
1329030118476541953,negative,0.03312309945667965
1329030118497542145,neutral,0.49789225920557484
1329030120774926338,negative,3.378075179211107e-06
1329030121890717697,negative,0.006241471568161417
1329030123719454725,positive,0.7105047480073482
1329030128089919488,negative,0.2349305213073549
1329030130631667719,negative,0.0001752580612391547
1329030131994791936,negative,0.21921412548362115
1329030134893047810,negative,0.011876594826010924
1329030135748685825,negative,0.02036554036742403
1329030136444964865,neutral,0.46127768308170247
1329030136826630144,positive,0.9892503301425283
1329030137103478784,neutral,0.3688120122074838
1329030138030415873,negative,8.666230785272969e-06
1329030141100625920,negative,0.23238475928384172
1329030141243240450,negative,0.0009201472815560074
1329030142165913601,negative,0.054451289753430256
1329030144539975686,neutral,0.33753011129962895
1329030147043946497,positive,0.728169583489494
1329030148180635649,neutral,0.49789225920557484
1329030148503560195,negative,0.29173523219226194
1329030148667170816,neutral,0.3499352441185855
1329030154081878016,negative,0.00016757716458009337
1329030154555953152,negative,0.13135263901883032
1329030154853748736,negative,0.00872358340553984
1329030155696807937,negative,0.008063173223196746
1329030155709394944,negative,8.929904087460377e-09
1329030156426612737,negative,0.06288738240597531
1329030156703379459,negative,0.0054664186608403215
1329030158989320193,negative,0.19815210764665753
1329030159668744192,negative,0.015757721180406577
1329030160373477377,neutral,0.4992953804974408
1329030160650264579,negative,0.2369710931082333
1329030161497468928,negative,0.014604029080065396
1329030162055356416,positive,0.9418506168868279
1329030165314363392,negative,0.15637311497945816
1329030165641326592,negative,0.03312309945667965
1329030167071764481,neutral,0.38123033412639457
1329030169974157317,neutral,0.4496294498258171
1329030172054589445,neutral,0.6268269507282034
1329030172092272640,negative,1.2525308429308513e-08
1329030174118178818,negative,0.014274178390543135
1329030174357266434,negative,0.005398417861508592
1329030174579580928,negative,0.019040736889838407
1329030176706076675,negative,0.21336248031427016
1329030176932564993,negative,0.23924015200727716
1329030177255550977,negative,0.0001700396462846102
1329030177502978048,negative,0.11303422479775285
1329030179864408069,negative,1.4546292380122821e-05
1329030180871008257,negative,0.022369395200069957
1329030181009371136,negative,0.07566819648143577
1329030181038809088,negative,0.006838958983508298
1329030181059764230,negative,0.10257797504384468
1329030184788520962,negative,0.0635903369974252
1329030186973671429,negative,0.17816534177776933
1329030188005376000,neutral,0.49789225920557484
1329030188215267330,negative,0.08841650707082101
1329030188831809536,negative,0.003665008718784615
1329030190610194436,negative,0.00300152566309775
1329030190920593408,negative,0.1871673106911313
1329030191235141634,negative,0.16745793650068413
1329030192258551809,neutral,0.4739607432362514
1329030193768501248,neutral,0.5073774930552386
1329030194200518658,negative,0.10257797504384468
1329030194242478082,negative,0.0663904015129619
1329030194758299649,positive,0.9278403261824246
1329030196893265920,negative,0.17206328267580015
1329030196951986176,negative,0.21688093784555962
1329030197182599169,negative,0.0016940376815991714
1329030197698506753,negative,0.055822319448470395
1329030198050877442,negative,0.2980286982250254
1329030198868795392,neutral,0.49789225920557484
1329030200139657216,negative,0.000524208876221444
1329030201926430723,positive,0.9193689471524095
1329030201947398150,negative,0.06274401417010661
1329030209782296576,positive,0.9393311250082181
1329030211023867905,negative,5.614260980025272e-06
1329030212080857088,negative,0.1278696693139119
1329030217453678597,negative,0.01836696519412815
1329030221086023681,negative,0.20712336518956095
1329030222277189633,negative,1.8879908367634214e-05
1329030226454736898,neutral,0.3369579325448261
1329030226815442946,negative,0.0015130879767563798
1329030227436199937,negative,0.09031254508943559
1329030230384783361,neutral,0.3467979737763548
1329030230498009090,neutral,0.39967115869146114
1329030231450062849,neutral,0.4898631585877994
1329030232477720576,neutral,0.5054768065853428
1329030236009324545,negative,0.08841650707082101
1329030239880699905,negative,4.23933632027712e-05
1329030244557320192,negative,0.111732019664845
1329030246834827264,negative,0.037641026189445335
1329030247795273729,negative,0.005073848334265025
1329030247975706625,neutral,0.3403910849986218
1329030248235733002,negative,0.049395176224052394
1329030249905065985,negative,0.0016522409027201963
1329030252442619907,negative,1.0580998073522155e-05
1329030252576845826,negative,0.3057856963123573
1329030253075902464,negative,0.0011302621827079169
1329030253910560775,negative,0.3002768183190201
1329030255093436417,negative,0.019040736889838407
1329030255374446595,neutral,0.5734576952979002
1329030256427229184,negative,1.4546292380122821e-05
1329030256561446918,positive,0.8420123175926665
1329030256964071425,negative,2.30785647583562e-08
1329030257643577345,negative,0.03174554724775216
1329030257832325123,negative,5.696768356704612e-05
1329030258364977152,negative,0.005140484988444696
1329030260042690560,negative,0.016907149865502465
1329030260076277760,positive,0.852257777926682
1329030260382429184,neutral,0.33882329142327267
1329030262697635841,negative,0.07068076756209937
1329030263356207105,negative,0.0029663963691426666
1329030265570791425,negative,0.12814295170104845
1329030268112564225,negative,0.06049696552506219
1329030268225720322,negative,0.07054209797186915
1329030268607467521,positive,0.7077242012622489
1329030269068840967,neutral,0.6204505737451156
1329030269907718150,negative,0.005687030373521953
1329030270255763460,neutral,0.46127768308170247
1329030270390067200,negative,0.02112289374656702
1329030272826945536,negative,0.007973811763676841
1329030276316598272,negative,0.002598653190195412
1329030276807331843,negative,0.03174554724775216
1329030277696516098,negative,5.429029869915397e-10
1329030281265811463,negative,0.004286958178519598
1329030283212054528,negative,0.0005637953130719292
1329030284843642881,negative,0.0834298805376831
1329030285296627712,negative,0.13099202710728275
1329030285439143936,negative,0.055822319448470395
1329030288324878336,negative,4.227474324897851e-05
1329030290602405890,positive,0.9892503301425283
1329030293139968005,negative,0.0015130879767563798
1329030294436007936,negative,0.0012828518593331589
1329030295555874816,negative,0.05841293032135677
1329030297065820160,negative,0.005206021175409671
1329030297824980994,negative,0.014207796262659072
1329030298026332161,negative,0.009295765275869377
1329030298319921158,positive,0.7872551408046025
1329030298844192770,negative,0.0010455735305944828
1329030300568088577,neutral,0.49789225920557484
1329030301432082432,negative,0.12002269302151015
1329030302023507970,negative,0.031189040586680632
1329030302820409344,negative,0.1107322379945961
1329030303080460289,negative,0.055822319448470395
1329030303957069824,negative,0.0014242660668417591
1329030304841887747,negative,0.0023974091346607635
1329030305060106241,positive,0.7105047480073482
1329030306909859840,negative,5.473117810305787e-05
1329030307362836486,negative,0.0054664186608403215
1329030307387944961,negative,0.30942350916132183
1329030307547320320,negative,0.09192056069640865
1329030310722482180,negative,0.007973811763676841
1329030310793781250,positive,0.9393311250082181
1329030311326445568,negative,0.0011616607108033575
1329030312039419904,negative,0.13670978120995525
1329030312245010432,neutral,0.56353722304687
1329030312832225282,negative,0.0011302621827079169
1329030313075494912,positive,0.9946891180195289
1329030315185213442,negative,2.7311691939620645e-05
1329030315403309056,neutral,0.574429596973974
1329030315592069125,negative,0.01614395883117223
1329030316279951360,negative,2.7675855086261807e-07
1329030319757021185,neutral,0.4045159225135637
1329030321917095938,neutral,0.6268269507282034
1329030322504261634,negative,0.05667571569467021
1329030323397664768,neutral,0.4496294498258171
1329030323422846976,negative,0.020692716215973753
1329030323749924864,negative,0.2729342743836193
1329030324244852738,negative,0.004042959951159816
1329030324500787201,negative,1.558614006019453e-07
1329030325180256256,neutral,0.45806818609295935
1329030325213782016,positive,0.7105047480073482
1329030326790860800,negative,0.06250936436842955
1329030327176671232,negative,0.1975383921457794
1329030329412292609,negative,0.002906896042537975
1329030331689680901,negative,0.006528629581180889
1329030332268556291,negative,0.0007626548092965692
1329030332339851264,negative,0.0061254418185448115
1329030333526847492,negative,0.044307011205584806
1329030335640854529,negative,0.0021835832418386826
1329030335779254274,negative,0.22262698164408465
1329030336139956226,positive,0.7763595881068815
1329030336752259072,negative,0.0001391723404911383
1329030339809964036,negative,0.006240577027117806
1329030340690784256,negative,0.10257797504384468
1329030341072449539,negative,0.08510826183177649
1329030341395435520,negative,0.004346281045771338
1329030341462470656,negative,0.02916593407284507
1329030341470740480,negative,0.11549819220089455
1329030344524390401,negative,0.00028817524365699145
1329030345686134787,neutral,0.37505096545912503
1329030347674300416,neutral,0.603499222770313
1329030349033238530,negative,0.07035889518021043
1329030349301698563,negative,2.0658739524010088e-05
1329030350803263488,negative,0.0011302621827079169
1329030354330587137,negative,0.12267736682181389
1329030355756716032,negative,0.007195440353769454
1329030356348055555,negative,0.054451289753430256
1329030357090447363,neutral,0.49789225920557484
1329030357891637250,negative,0.030323247517315008
1329030358365573131,negative,0.004187229899796165
1329030358562705408,neutral,0.356695247051207
1329030360798203905,negative,0.056888019879039055
1329030360861204480,negative,5.998466050710825e-05
1329030361003724800,neutral,0.5634435173251691
1329030362631200769,negative,0.0033306474263039873
1329030365214863360,negative,0.0037045461542156884
1329030365487521792,neutral,0.5051661551663809
1329030366007603200,negative,0.010305598085556845
1329030366309584901,negative,0.0001572096981072912
1329030367312031746,negative,0.11561076203883044
1329030372047384577,negative,0.0029663963691426666
1329030372156432384,negative,6.698515064507647e-05
1329030373582508033,negative,0.00030142254308868397
1329030373708337152,negative,3.156466143651674e-07
1329030373850947586,negative,3.2344807113249194e-06
1329030375302193153,negative,2.1789400863535488e-08
1329030380972814337,positive,0.9311745598701997
1329030381006413825,negative,0.10883006460871203
1329030381019013122,negative,0.21838381656399358
1329030382478569473,negative,0.011704768444386834
1329030383409786883,negative,0.03522675029471894
1329030383967604738,negative,0.21014942756364524
1329030384059822081,negative,0.017816918491332826
1329030386572259329,negative,0.05106637002907062
1329030389084680192,negative,0.008946682663740787
1329030389512462337,neutral,0.5734576952979002
1329030390724628481,negative,0.05106637002907062
1329030391743864832,negative,0.20220163405992167
1329030392129654784,negative,0.055228597557911645
1329030392406532096,negative,0.21336248031427016
1329030393899659266,negative,0.07458665752882494
1329030393996177408,negative,3.375553527373256e-05
1329030395246030848,negative,0.02036554036742403
1329030395837485057,negative,4.160177639666439e-06
1329030395875225600,negative,0.01800836074794658
1329030396152074240,negative,0.10257797504384468
1329030399314554881,positive,0.9982252347971543
1329030402531614721,negative,1.2525308429308513e-08
1329030404439994368,neutral,0.49789225920557484
1329030406427996161,negative,0.02853389703947092
1329030408026136578,negative,0.10419935984645089
1329030408160354304,positive,0.9836941699344693
1329030409062117376,negative,0.2747130122637435
1329030409284415488,neutral,0.42876638146057827
1329030411196968967,negative,0.0003076719501839988
1329030413566808064,neutral,0.49789225920557484
1329030413675884551,negative,0.12267736682181389
1329030413944315906,negative,0.10356513143446806
1329030414250479618,negative,0.26604482174265237
1329030414380494850,positive,0.7986293596859662
1329030415273914371,negative,0.055822319448470395
1329030415697534978,negative,0.03556245596690121
1329030416322408455,negative,0.0013626637575163804
1329030420177018882,negative,1.0853178798978216e-15
1329030421951242254,neutral,0.47840844706262076
1329030423129649152,negative,0.002326646834329467
1329030428288835587,negative,0.15345069820948865
1329030428955697153,negative,0.010246112671649413
1329030429563826177,negative,2.1744853091489544e-05
1329030429958082561,neutral,0.4496294498258171
1329030433867239425,neutral,0.49789225920557484
1329030435175882761,negative,0.2513617297106559
1329030445078601729,negative,0.11042178725430873
1329030445133045761,negative,0.018108553817404827
1329030445724540930,negative,0.005126012079939446
1329030446957670404,neutral,0.5422094295051234
1329030448970870785,negative,0.005826954189924638
1329030449977561097,negative,3.3913008341782355e-06
1329030453559517185,negative,0.00013129873038916564
1329030454817730561,negative,0.0009288515089149463
1329030456675856384,positive,0.9999991315966743
1329030457363750913,positive,0.9966385592065351
1329030459485990912,neutral,0.345170046049484
1329030459888717827,negative,0.06425474603698765
1329030462677938176,negative,0.05106637002907062
1329030465102213122,negative,2.645694451884897e-05
1329030465349677056,negative,0.025846923093161635
1329030465576202242,negative,0.14698402413329303
1329030466058526721,negative,0.00248542855102667
1329030469795655680,negative,0.202269861198906
1329030471360131076,negative,0.00971410023991543
1329030476573663232,negative,0.30093421900663936
1329030477626400768,negative,0.000524208876221444
1329030478033252353,negative,5.701894116741047e-07
1329030479006355457,negative,0.17206328267580015
1329030479044112384,neutral,0.5734576952979002
1329030479396417538,negative,0.005784373614114874
1329030483036999683,neutral,0.46127768308170247
1329030484228145152,negative,0.07226314549738051
1329030486245650432,negative,0.05106637002907062
1329030487101337600,neutral,0.3621152232294143
1329030488389021697,positive,0.9971586386629508
1329030488464519175,negative,1.2525308429308513e-08
1329030491123703810,neutral,0.4739607432362514
1329030491232722944,negative,0.007548524428446438
1329030491878649859,negative,4.1561716779481247e-07
1329030492214145027,negative,2.715757733420225e-10
1329030493178892289,negative,0.03387707225950882
1329030494785298437,negative,0.000948433278741067
1329030498690232322,negative,0.0006254492703064776
1329030499264815106,negative,0.3237559411869768
1329030499654901764,negative,0.0002966763440132889
1329030501160669184,negative,1.976361943831033e-05
1329030501773029376,negative,0.20618299871580503
1329030503446540288,negative,0.05260240370139454
1329030504465780736,negative,1.6915390850805004e-06
1329030504725819393,negative,0.0015953245076795331
1329030504927129603,neutral,0.4530281557245481
1329030511176642563,negative,0.018108553817404827
1329030511952531457,negative,0.05106637002907062
1329030513189937153,negative,2.040591225355014e-07
1329030514506932226,negative,0.05949154607660715
1329030515131895809,negative,0.1384321000733422
1329030515354193921,negative,0.0510018445644073
1329030516079726594,negative,0.000948433278741067
1329030517992382465,positive,0.9814562347706742
1329030518705430528,neutral,0.4496294498258171
1329030518810292224,negative,0.0011302621827079169
1329030519988891648,negative,0.000277881601542893
1329030520664166400,negative,0.0011302621827079169
1329030520727105536,neutral,0.5707809957037957
1329030521117155332,neutral,0.36903472743255455
1329030524162097152,negative,0.05933128446205719
1329030524401278976,negative,0.0011339889166589298
1329030527190507520,negative,0.026926096156326636
1329030529019211776,negative,0.01836696519412815
1329030529904152576,negative,1.8975015843464233e-05
1329030532085260290,negative,0.05106637002907062
1329030533234483202,negative,1.075099947773602e-10
1329030535927259141,negative,0.08991105977605143
1329030536149471233,negative,0.0002540838114424971
1329030536652877824,negative,0.0011302621827079169
1329030538766782466,negative,0.001945832981276733
1329030543246123008,neutral,0.41201898773121876
1329030543728578560,negative,0.006141092208250507
1329030544882081792,negative,6.302339240854809e-05
1329030546555625473,negative,0.012040404539417175
1329030547159609345,negative,0.001945832981276733
1329030552570257410,negative,0.06264503241946989
1329030553283272705,negative,0.0014740800292467077
1329030553602060290,negative,0.0011302621827079169
1329030553975328768,positive,0.7376174403978044
1329030557938954240,negative,0.000948433278741067
1329030558756777985,negative,0.0011339889166589298
1329030559532724225,neutral,0.5293700225891195
1329030559771725825,negative,0.006494121784023664
1329030560027713537,negative,0.000524208876221444
1329030561453764611,neutral,0.44758192259577423
1329030562254876673,negative,0.05106637002907062
1329030567602622467,negative,6.115898232127708e-05
1329030571977306112,negative,0.0011302621827079169
1329030572522545159,negative,0.024152014270810603
1329030575123001344,neutral,0.5475385610968239
1329030576339365890,neutral,0.49789225920557484
1329030576461012996,neutral,0.44171513338875146
1329030577807372288,negative,0.0002845500187313377
1329030579342467079,negative,0.003766279171276362
1329030584346292225,negative,0.0010335006699298082
1329030584686026753,negative,0.124097715667305
1329030586757943298,negative,0.0009021585274598655
1329030587387146244,negative,0.0001639491306215317
1329030590847459329,neutral,0.5012437457241531
1329030590985867265,negative,0.12811196709431527
1329030593154150408,negative,0.012961454747363857
1329030593410174977,neutral,0.3981203052089851
1329030595247304707,negative,0.0036625126378149156
1329030596312641538,negative,0.10419935984645089
1329030597185064960,negative,0.0011302621827079169
1329030599433097216,negative,0.12267736682181389
1329030600183967744,negative,0.18795859623648656
1329030600297222144,negative,0.006958326374750638
1329030602549555201,positive,0.7839477568738827
1329030604042727427,neutral,0.6582314430581288
1329030604499906561,neutral,0.5136446707795853
1329030605720399873,negative,0.051636636191407
1329030606852943877,negative,0.15716278872913453
1329030607591124992,negative,0.2801563186979894
1329030609218494466,negative,0.2814623313707707
1329030609671426051,negative,0.06535627514100951
1329030614864060417,negative,0.0033865219598969436
1329030615958753282,negative,0.0009401751587040681
1329030618278191104,negative,3.8012269098180607e-10
1329030618630545411,negative,0.002313579245200077
1329030618706030592,negative,0.00016757716458009337
1329030618877976576,negative,0.21336248031427016
1329030624255086594,negative,7.32146309319946e-05
1329030624695508999,negative,0.0069933784849547835
1329030625353981953,negative,4.846655174907783e-06
1329030626301898753,negative,0.04064733201895473
1329030626390007810,negative,0.05864961464594811
1329030640256299009,negative,0.04293719177780903
1329030646451359744,negative,0.1124344171664815
1329030647919353856,negative,0.00031790466687203284
1329030663870181377,positive,0.9092997501707346
1329030663903748096,positive,0.9947351154148282
1329030666244288513,negative,0.0005968745912839019
1329030667397701632,negative,0.011823312509996695
1329030667452243968,negative,0.09031254508943559
1329030668504985601,negative,0.04353556435561691
1329030668509179905,negative,0.04353556435561691
1329030668542676992,negative,0.04353556435561691
1329030668542763009,negative,0.04353556435561691
1329030668542767104,negative,0.04353556435561691
1329030668546936833,negative,0.04353556435561691
1329030683206021121,negative,0.04543712929388173
1329030684200071171,positive,0.6890963448775574
1329030686196559873,neutral,0.5728340413689131
1329030686615891968,neutral,0.49789225920557484
1329030687404544001,neutral,0.49789225920557484
1329030689984016384,negative,0.000948433278741067
1329030692387377153,neutral,0.46127768308170247
1329030700373323777,neutral,0.49789225920557484
1329030709961482242,negative,0.006674804517872896
1329030711572049922,neutral,0.49789225920557484
1329030713346199552,negative,2.890906961486451e-05
1329030715015499777,neutral,0.49789225920557484
1329030715372134412,negative,0.019357830007928036
1329030716726906884,negative,0.21336248031427016
1329030716747878406,negative,0.0007695615402539538
1329030718605971457,neutral,0.4496294498258171
1329030720862511110,negative,0.20618299871580503
1329030721420320769,negative,0.0011302621827079169
1329030723995635713,negative,0.055822319448470395
1329030724977094656,negative,0.0011302621827079169
1329030725178433536,neutral,0.5593868227950115
1329030725421641729,negative,0.12725058825060998
1329030725778223105,negative,0.06961573221952988
1329030727141384196,negative,0.12267736682181389
1329030733554470912,negative,1.0314276777459805e-15
1329030733667700738,negative,0.056888019879039055
1329030733927768064,negative,1.7562500507134926e-06
1329030734594633729,positive,0.9913623521840867
1329030734833721344,negative,0.043875082704029164
1329030734925996033,negative,0.015941938632091018
1329030736247205891,negative,0.013393994920239061
1329030738101080066,negative,0.20525301493209017
1329030738772103168,negative,0.21336248031427016
1329030740445696003,negative,0.21838381656399358
1329030743100633088,negative,0.0009967320249947512
1329030745944432640,neutral,0.49789225920557484
1329030746204409858,neutral,0.49789225920557484
1329030746409938944,negative,0.19808363302022527
1329030746691014656,neutral,0.4280749600447469
1329030746753933312,negative,1.7747803594220504e-08
1329030747622092800,neutral,0.5734576952979002
1329030747731226624,negative,9.155082350825581e-05
1329030747945054208,negative,0.0037961043435738016
1329030748247044096,negative,0.12267736682181389
1329030749186650113,neutral,0.45330597087403485
1329030753234145281,negative,0.05106637002907062
1329030754752454656,neutral,0.4299245692977547
1329030754915987461,negative,0.01267221797236512
1329030756157566976,neutral,0.4496294498258171
1329030759118761984,negative,0.025176695072589204
1329030762146967552,neutral,0.49789225920557484
1329030763061325826,negative,0.05106637002907062
1329030763300458498,negative,0.05516705613875993
1329030764961222656,neutral,0.49789225920557484
1329030765003362305,negative,0.0011302621827079169
1329030765787615235,negative,0.0066230762157464765
1329030766983061505,negative,0.09303148483810078
1329030769445113857,negative,0.0002740603771550071
1329030771361935361,negative,0.3047614694673366
1329030774172037125,negative,6.906248342797146e-06
1329030776302735360,negative,0.157330945226373
1329030776680308736,negative,0.20618299871580503
1329030777271685121,negative,0.308199125160694
1329030778198646785,neutral,0.49789225920557484
1329030778504826880,neutral,0.6260002682772781
1329030778995552256,negative,1.5417723987454205e-07
1329030780073467904,negative,3.3051255018570106e-06
1329030782074105859,negative,0.16373554055954725
1329030782388740096,negative,0.000753716795852582
1329030785215639552,negative,0.10257797504384468
1329030789011529729,negative,0.0004743352555386248
1329030791205044226,negative,0.19924545451767137
1329030791809134592,negative,0.000948433278741067
1329030792408920066,negative,0.004346281045771338
1329030793352634373,negative,0.0011302621827079169
1329030797005910021,negative,0.12701514236502565
1329030797827977216,positive,0.9018518092398423
1329030799002390529,negative,0.050189336308916976
1329030799480516608,negative,0.0011302621827079169
1329030799694442501,negative,0.30404418081553225
1329030800898187265,negative,0.17629892331301014
1329030801653116928,negative,0.000839115594863304
1329030803247013888,negative,0.0005634469802460345
1329030804756893696,neutral,0.40618659954576075
1329030804849238017,negative,0.006174749898983526
1329030804945723392,negative,0.0019785239740615565
1329030806971543552,negative,0.2592527682782485
1329030808955392000,negative,0.00028963789759533647
1329030809882333184,neutral,0.3711298021676794
1329030810364743680,negative,0.07748672273038867
1329030810515755015,negative,0.15775896693645022
1329030810670944258,negative,0.05106637002907062
1329030815553118214,negative,0.0011339889166589298
1329030815808974854,negative,0.09031254508943559
1329030818539446272,neutral,0.48728019602140255
1329030820267483137,neutral,0.5734576952979002
1329030820540112897,negative,0.08516744640405388
1329030823538987009,negative,0.09239239996174531
1329030826177294336,negative,0.002813127988138767
1329030828169572352,positive,0.7612644889932263
1329030835463450624,negative,2.051303819331295e-06
1329030839515164673,negative,3.598680991741481e-05
1329030840383369216,negative,3.6778916764593026e-07
1329030842518269953,negative,0.09341801705568006
1329030844057530368,negative,0.022663385825920538
1329030844812410880,negative,0.08222744392224815
1329030844996935680,negative,0.21639696453111518
1329030847043940353,negative,9.996515656427039e-05
1329030852911783937,negative,0.002474805897286779
1329030855789076483,negative,0.025176695072589204
1329030859534557186,neutral,0.37142605093897746
1329030865171714049,neutral,0.49789225920557484
1329030865754710016,neutral,0.49789225920557484
1329030867788894210,negative,0.005039804313125315
1329030868350930945,neutral,0.4146973493095836
1329030878530560010,neutral,0.4079757802778267
1329030878702546944,negative,0.001638438835165885
1329030886487171073,negative,0.057427626481080685
1329030891167891456,negative,0.18782012330197667
1329030903079661569,negative,0.00186044655920039
1329030905416003584,positive,0.9843204542257504
1329030908188504064,negative,3.24923150421358e-08
1329030909501247489,negative,0.2502893220727895
1329030909731999746,negative,1.4546292380122821e-05
1329030909824266240,negative,0.10378091918799909
1329030910000422913,negative,0.06730196755192228
1329030910063374337,neutral,0.49789225920557484
1329030910478589954,negative,0.007622979541949916
1329030911904649223,negative,0.0007660786661557098
1329030914568040449,negative,0.01988752052468224
1329030915092336642,negative,0.00037152598670517594
1329030915474026497,neutral,0.5728340413689131
1329030915654299649,positive,0.9836941699344693
1329030916149284864,negative,0.18419921667058572
1329030916249948166,negative,0.07744750727515018
1329030918909157376,negative,0.001432925960100081
1329030920037404672,negative,1.401620340695221e-10
1329030920129687552,negative,0.05106637002907062
1329030920662343687,negative,0.03974570766099387
1329030923464167425,negative,2.3317342023484325e-08
1329030926320488450,negative,0.256111028419552
1329030927415173122,negative,0.02249328444543271
1329030927889149953,negative,0.21838381656399358
1329030928715419649,negative,1.0628582837933611e-07
1329030929457815552,negative,0.0004112120303712798
1329030930619625472,negative,0.0021835832418386826
1329030931173273600,negative,0.16083933906412282
1329030931869470723,negative,0.31863503794951015
1329030934897831938,neutral,0.35868272386623523
1329030935103352832,negative,0.0011302621827079169
1329030935506001923,negative,0.2814623313707707
1329030937473130500,negative,0.14460122004448017
1329030938832101377,negative,0.07349559209064635
1329030939691814912,negative,9.996515656427039e-05
1329030940421730306,negative,0.00602789503741462
1329030944041254920,negative,9.326087459295343e-07
1329030946251739137,negative,0.0006799224230689131
1329030946545393665,negative,0.025017099666332702
1329030948403470342,negative,4.725291025765661e-11
1329030948655140869,negative,0.000948433278741067
1329030948864798720,negative,0.256111028419552
1329030949737271296,negative,9.996515656427039e-05
1329030951737962497,negative,1.0019499177741165e-05
1329030952551653379,negative,0.00046609432334874043
1329030954174832642,negative,0.2507193477166315
1329030954371997696,negative,1.7548208229387196e-07
1329030955760295939,negative,0.09091883059844648
1329030955852554248,negative,0.008459712616396985
1329030956360085505,negative,0.029164101778494617
1329030959799414789,neutral,0.5093266689637628
1329030961820995585,neutral,0.418456132411365
1329030961858830336,negative,0.07422211449566289
1329030962131374083,negative,9.996515656427039e-05
1329030962412400645,negative,0.038043883715251525
1329030962479509506,neutral,0.3551878836180479
1329030963435876353,negative,6.335560788045481e-05
1329030964698378241,negative,0.07087065141010375
1329030964966780928,neutral,0.49789225920557484
1329030965147136002,negative,0.07641324797995329
1329030966539587587,neutral,0.37947770220347793
1329030968318025734,negative,0.09192056069640865
1329030968754233347,negative,0.0011302621827079169
1329030969031061506,negative,0.006174749898983526
1329030969299439618,negative,0.0110399258526658
1329030969769283587,negative,0.18584771560607416
1329030970159157249,positive,0.8994276346218112
1329030970259988480,negative,0.10257797504384468
1329030971233103892,positive,0.7105047480073482
1329030972545912832,negative,2.394921030019821e-05
1329030978145120257,negative,0.00016757716458009337
1329030978199834625,positive,0.7107539708755303
1329030978375860224,negative,4.7249740821921746e-05
1329030978799620096,negative,0.007973811763676841
1329030978854150150,positive,0.7105047480073482
1329030979630096384,negative,0.12814295170104845
1329030980816965632,negative,0.040046694610713626
1329030982691921920,neutral,0.4496294498258171
1329030983161696257,negative,0.031189040586680632
1329030988765212673,negative,3.2956153479676154e-06
1329030989390163968,neutral,0.3535069895244517
1329030989646016516,neutral,0.49789225920557484
1329030990283509761,neutral,0.49789225920557484
1329030990543679488,negative,1.031522394050284e-05
1329030990707249153,negative,0.0029108674544030613
1329030992162656256,negative,0.055822319448470395
1329030993764880384,negative,0.1777004550029253
1329030996080152576,negative,0.0013365929395201845
1329030996344381440,negative,0.0011302621827079169
1329030997707526144,negative,0.12267736682181389
1329030998340874240,negative,0.000948433278741067
1329030998810652674,negative,0.0707302977275726
1329030999011946496,negative,7.295656236349934e-05
1329030999351685120,negative,0.010207239823690716
1329030999729180678,negative,0.0001635290270539345
1329031003260788742,negative,0.017482866459816667
1329031004187725826,negative,0.031189040586680632
1329031004741394433,negative,0.09789928535029414
1329031007702568973,negative,0.0011472543147247514
1329031008528834560,neutral,0.41682383697030834
1329031008767893504,negative,0.17782892911742268
1329031009396953088,negative,2.692701317386036e-06
1329031011632640001,neutral,0.40476179790363026
1329031012467224578,negative,0.13242953169774224
1329031024320372737,negative,5.056121782012885e-06
1329031027382226947,negative,0.12770811299856416
1329031030511185921,negative,0.05285357767134178
1329031031329009665,negative,3.24923150421358e-08
1329031032390160388,negative,0.035243259229344244
1329031034432794625,negative,6.440705643329718e-07
1329031038270644225,negative,0.2486640047527842
1329031039679860737,negative,0.3029968537174699
1329031040711729154,negative,0.004211962145163767
1329031042129403906,negative,0.1975383921457794
1329031044700508160,negative,0.000948433278741067
1329031045673594882,negative,9.996515656427039e-05
1329031050551586816,negative,0.0050017078583235045
1329031050618613764,neutral,0.4739607432362514
1329031050748682247,negative,0.07969017090772407
1329031053466611714,negative,0.0031090796249628166
1329031056226463745,neutral,0.49789225920557484
1329031056863932424,negative,0.05106637002907062
1329031066192064512,negative,0.000524208876221444
1329031068943572992,negative,0.07593388752572176
1329031070029844480,negative,0.09613053149001033
1329031071552458753,negative,0.007181439358234225
1329031074123485186,neutral,0.49789225920557484
1329031078946942977,neutral,0.3608099694021723
1329031080708608000,neutral,0.5734576952979002
1329031082788970498,negative,7.786432983674268e-10
1329031084819042305,negative,0.21838381656399358
1329031094579191808,negative,0.01988752052468224
1329031095610912769,negative,0.000948433278741067
1329031098278481921,positive,0.961757349921354
1329031099884969990,negative,0.0011302621827079169
1329031101025820677,negative,0.01635945575863771
1329031102787358723,negative,9.036702394411553e-12
1329031104511225857,negative,0.12725058825060998
1329031104523857920,negative,0.0003661948307036307
1329031105731846144,negative,1.6905939219057042e-05
1329031106696507395,neutral,0.37409041783159663
1329031107342426112,negative,0.07949310693591444
1329031109410250754,positive,0.6959883175151821
1329031113638076418,negative,2.645694451884897e-05
1329031115936587777,negative,2.8887823744345535e-07
1329031117542977538,neutral,0.6586316010513935
1329031119262666752,negative,0.08740821925178208
1329031119463981057,positive,0.7105047480073482
1329031120923586560,negative,0.14438842732497828
1329031121502400514,negative,0.05082080703593866
1329031123612147712,neutral,0.43072067935475883
1329031128712437761,negative,0.0799878252559718
1329031129165422592,negative,0.0834112272833015
1329031130218172418,negative,0.22866582985306333
1329031132143382528,negative,0.05478254341918516
1329031132361461761,negative,0.010730181752749467
1329031135557545985,neutral,0.49789225920557484
1329031138434818052,negative,0.0002717771897953223
1329031138795544577,negative,6.698603438911076e-07
1329031141177892871,negative,0.0106499817752913
1329031141492477953,negative,0.03892035690635266
1329031141941256194,negative,0.026584816354132807
1329031142138400773,neutral,0.4496294498258171
1329031145288241153,negative,1.3978326574917042e-07
1329031145372135429,negative,0.0066230762157464765
1329031146206875650,negative,0.056888019879039055
1329031149658779650,negative,0.0012173593852353366
1329031150438846464,negative,0.09031254508943559
1329031150828982272,negative,0.0032618350265068877
1329031151495897094,negative,0.0011302621827079169
1329031152083021824,negative,0.17206328267580015
1329031154373156872,negative,0.08080750041251203
1329031155178475520,negative,0.00012212198341327298
1329031157271441409,negative,4.1398375528836094e-05
1329031158261231617,negative,2.1922033335050497e-05
1329031159485960198,negative,0.12267736682181389
1329031160001912833,negative,0.02511411543344156
1329031161780314112,negative,0.08562684865120723
1329031162388471815,negative,0.09540035348125987
1329031162656907269,negative,0.0011302621827079169
1329031162887626753,negative,0.0005995651729181047
1329031163269222401,negative,0.05053246737134226
1329031163797778432,negative,6.667425576868541e-10
1329031169011298305,negative,0.009966703105245287
1329031169497853952,negative,0.12725058825060998
1329031171360104448,positive,0.7911446380612649
1329031171771146242,negative,1.7029631649081368e-07
1329031172236726276,neutral,0.4496294498258171
1329031174426140673,negative,0.0727259405221967
1329031179861778432,negative,4.896627269732848e-05
1329031179882868736,negative,1.0739917661670404e-07
1329031180017152000,negative,4.5028296177375243e-08
1329031182193987585,negative,0.1760569841282218
1329031183024463873,negative,0.08463754476048642
1329031183431241729,negative,0.055822319448470395
1329031183733231616,positive,0.7333651523957655
1329031184274386950,negative,0.0003266646613745758
1329031184492470274,negative,0.09031254508943559
1329031186665058306,positive,0.9393311250082181
1329031189575897096,neutral,0.4546329802963926
1329031190674857984,negative,0.09094603983903936
1329031193279520771,negative,0.07035889518021043
1329031193711570950,negative,5.222108829451086e-07
1329031195800330240,negative,0.0015130879767563798
1329031196353900544,neutral,0.5136446707795853
1329031198182690819,negative,0.1033851065048029
1329031200711860225,negative,1.6538712079978464e-09
1329031201236115456,negative,9.996515656427039e-05
1329031205963108353,negative,0.12267736682181389
1329031206621601793,neutral,0.37409041783159663
1329031207384977417,positive,0.7612644889932263
1329031208798449664,negative,9.996515656427039e-05
1329031208865554433,negative,1.2340850522010885e-06
1329031209083695106,negative,0.052626525163154976
1329031215744053250,positive,0.7005635780771149
1329031216373305345,negative,8.287666071961739e-05
1329031218181050368,negative,0.0053779683648948785
1329031229761597441,negative,9.663395709918196e-06
1329031229769977857,negative,0.010320231446011024
1329031232412381186,negative,0.030396949057293423
1329031238959632384,negative,0.012394455271404476
1329031239001661441,negative,0.0007508477032149576
1329031242524880898,positive,0.8061061964474351
1329031247885197313,negative,0.000948433278741067
1329031256517070849,negative,0.09031254508943559
1329031256877756416,negative,0.21336248031427016
1329031258135937024,neutral,0.49789225920557484
1329031260375801856,positive,0.6890963448775574
1329031260556161026,negative,0.1976902678632384
1329031267413856257,negative,0.033280093885533685
1329031269066309633,negative,0.10372851494063212
1329031270760902659,negative,0.013819260441881828
1329031273231372289,negative,0.010253091260919446
1329031276175757312,negative,0.27557506865399306
1329031277329199105,negative,0.013885929472720854
1329031278671392768,negative,0.004547189008677943
1329031285034061825,negative,0.014591456934210939
1329031285537431552,negative,0.05106637002907062
1329031287122894848,positive,0.9991655707654798
1329031289190686722,negative,0.21625953345944174
1329031292818747392,negative,0.01832377139610733
1329031292890083328,negative,0.21838381656399358
1329031293477277698,neutral,0.4760007162791892
1329031296908218374,negative,0.013804286303222255
1329031297281482752,negative,0.28311845006427433
1329031297830817793,negative,0.29150453131543796
1329031299936505856,positive,0.9932656182683107
1329031301979123717,positive,0.9932656182683107
1329031302021050368,negative,0.22826628640954846
1329031302817992704,negative,0.12267736682181389
1329031306878083072,negative,0.005196727499454607
1329031308438343684,negative,5.866300826903868e-08
1329031308920709122,negative,6.744223092228825e-07
1329031309130391552,negative,0.07001293727241041
1329031309243654144,negative,0.10257797504384468
1329031309734326278,negative,1.4546292380122821e-05
1329031312460668929,negative,0.19151105241715685
1329031313085624322,negative,2.8273368838632747e-07
1329031313299550209,negative,0.08426138005451785
1329031316399149056,negative,0.05100920780658365
1329031317082820608,negative,0.2043802796774317
1329031317670027264,negative,4.896627269732848e-05
1329031321327439874,neutral,0.3481852619439463
1329031322036293634,negative,0.03229558295896727
1329031327191101440,negative,0.000948433278741067
1329031329141448706,negative,7.923928106729539e-05
1329031331603501057,negative,0.0026254767595730406
1329031333314781184,negative,0.0002717771897953223
1329031334816325632,negative,8.666230785272969e-06
1329031335399272449,negative,4.2589079257388777e-07
1329031340071784451,negative,1.0249439482552223e-05
1329031340440731649,negative,0.0011302621827079169
1329031340751155200,neutral,0.49789225920557484
1329031342236061696,negative,0.0808570157937256
1329031342282203138,negative,0.12267736682181389
1329031345696362503,negative,0.000846796639294549
1329031346686144515,negative,0.058552513102143336
1329031347675992064,negative,0.22477747345893084
1329031350293311488,negative,0.1480698102327263
1329031353225125889,negative,4.458501276518194e-06
1329031358329589761,negative,0.03229558295896727
1329031358744727565,positive,0.6849235913437384
1329031358765789192,positive,0.96431033816706
1329031359197814784,negative,0.09999317626152411
1329031360305123332,negative,0.05516705613875993
1329031363308077056,negative,0.040046694610713626
1329031363476004864,negative,0.3128654475350875
1329031364570701824,negative,0.24104271766099677
1329031365262774273,negative,0.15888769286845683
1329031367297036288,negative,0.21336248031427016
1329031367754190849,negative,0.007811197910065822
1329031369851334656,negative,0.0009967320249947512
1329031370006523904,negative,0.03762802473021012
1329031371831046145,neutral,0.3772948714605888
1329031375505285121,negative,0.0189738833054846
1329031377443020800,negative,0.06425474603698765
1329031379787669505,negative,0.0042046111537957865
1329031380366356482,neutral,0.6243936629624122
1329031380421005312,neutral,0.3499352441185855
1329031380446158849,negative,0.011926713455497813
1329031381981278209,negative,8.848025782914985e-06
1329031382459441153,negative,1.8927093498248494e-05
1329031385428979712,negative,0.004607312293882026
1329031386624364544,negative,0.13333154264604413
1329031387001794568,negative,4.852190881483485e-05
1329031387161260032,positive,0.6962363156875835
1329031388268519429,negative,0.21735226693742363
1329031390248259585,positive,0.759503104945833
1329031391569436676,negative,0.031837130928758145
1329031396879372294,negative,0.09470523156285453
1329031404890492934,negative,0.07393459354148145
1329031409349124096,negative,0.0022725912211097876
1329031409743355904,neutral,0.4881401051823454
1329031410963918849,negative,0.00038033558394056727
1329031417234395137,negative,9.802334343858142e-10
1329031418782109696,negative,2.094029924931378e-05
1329031421210529792,negative,8.666230785272969e-06
1329031429200748546,negative,0.044781413480759785
1329031432182886405,negative,0.0006159459462882796
1329031435043430407,neutral,0.392589585381082
1329031435097944064,positive,0.7986293596859662
1329031439954931712,positive,0.9932656182683107
1329031446372167681,neutral,0.5370941862973679
1329031446397382665,neutral,0.35509496682161057
1329031447093645315,neutral,0.3499352441185855
1329031448012206082,neutral,0.49789225920557484
1329031451308855297,neutral,0.6233389828376393
1329031452579794947,negative,0.005695993458154768
1329031456472051713,neutral,0.4941664640047729
1329031457814220800,negative,0.05106637002907062
1329031457910759425,negative,0.0028878971549354403
1329031458485399552,negative,0.0024342412518623797
1329031463401091072,negative,0.04326749920868208
1329031464680366082,negative,0.26517353048392744
1329031464680382475,negative,0.06151920861459769
1329031466139860992,neutral,0.49789225920557484
1329031477259022337,negative,0.10860587923371216
1329031484322291717,positive,0.791071254922107
1329031486935339008,negative,0.06575110074471695
1329031489179279360,negative,0.0015235374693180561
1329031490051706881,neutral,0.44203732447251953
1329031492522168320,negative,3.331707673102774e-08
1329031492840910849,negative,0.043875082704029164
1329031493457485825,negative,0.004042321430794448
1329031495642714113,negative,0.00016757716458009337
1329031495902785536,negative,0.10257797504384468
1329031499224657920,negative,0.01850909249499044
1329031501837705216,negative,0.06134511160854148
1329031506438795264,positive,0.7389484992336507
1329031506891853825,neutral,0.49789225920557484
1329031512050774016,negative,9.461476048105949e-05
1329031514659708929,positive,0.6843608957880917
1329031516211585024,negative,0.12267736682181389
1329031516274520064,negative,0.06535627514100951
1329031519822868480,negative,0.0004291115894490975
1329031523719385088,neutral,0.6551231871715636
1329031525187391488,negative,0.09319865578766164
1329031527892717568,negative,0.0011302621827079169
1329031530816090117,negative,0.03229558295896727
1329031530983927809,negative,0.1450576500547841
1329031531206225921,negative,1.6297487024481475e-13
1329031531701088258,negative,0.004540510298769933
1329031532275773440,negative,0.005172187620533611
1329031534456737792,negative,2.610896491446554e-06
1329031534960062465,negative,0.00619420577827079
1329031535798915072,negative,0.031189040586680632
1329031535966744576,negative,0.028095478343533903
1329031537942278144,positive,0.7105047480073482
1329031538726596611,negative,0.055822319448470395
1329031538772750336,negative,0.00010529404252849906
1329031539934568449,negative,0.009197027307098057
1329031540031033344,negative,0.00042884952166574047
1329031540249128961,negative,0.020349226077944697
1329031540739870720,positive,0.7292457534552033
1329031540760858624,neutral,0.5316624617817726
1329031542824382466,negative,1.1999335305230386e-06
1329031543214530561,negative,0.05657746225553247
1329031545743679488,negative,0.00094108433018251
1329031547970850818,negative,0.0003897865491783978
1329031548079919104,negative,0.17924946316679236
1329031549610758145,negative,0.05933128446205719
1329031552936894467,negative,0.1637585821380999
1329031553343762432,negative,2.622479778071863e-07
1329031553494765574,negative,0.01119652009999945
1329031553792479234,neutral,0.5426596473129269
1329031553876455425,negative,3.07869005468007e-05
1329031558586634240,positive,0.9232598574711439
1329031560385998849,negative,0.018538505694518488
1329031564441817089,negative,0.0011936207006653077
1329031567910559751,neutral,0.37904749412442845
1329031568690720768,neutral,0.4744541669089408
1329031572608208896,negative,0.0002204384074173704
1329031572629098497,negative,0.00013484105541255775
1329031572704661504,negative,0.000277881601542893
1329031572805345280,negative,0.15639894789253464
1329031574436925440,negative,0.24432183579040043
1329031575326035970,negative,0.20598475776527925
1329031576437526530,positive,0.9971586386629508
1329031576768942081,negative,0.00186044655920039
1329031579566546944,negative,0.00142696902616809
1329031580073988096,neutral,0.4823730138643999
1329031590140317697,positive,0.7105047480073482
1329031590211629057,negative,0.2568147123226754
1329031590723383297,neutral,0.5525684566583168
1329031590886957056,negative,0.05106637002907062
1329031591444746241,neutral,0.46127768308170247
1329031592635998211,negative,0.0007020441620371638
1329031593990696960,negative,0.005514280364502092
1329031595546841088,negative,0.006667950356302788
1329031597664952320,negative,0.05657746225553247
1329016500196347906,negative,0.1065935718252144
1329016501114785793,negative,9.249319943930036e-05
1329016501509054471,negative,0.061001821142716614
1329016501601529862,neutral,0.3879007543823093
1329016501920276483,negative,0.22422407507984832
1329016502633324545,negative,0.015574941407526001
1329016502683656193,negative,0.0328660288153287
1329016503413465088,negative,0.0002059391593915348
1329016503467798533,negative,0.005832951559015408
1329016503690174466,negative,0.03763233467244705
1329016503966912513,negative,0.006998720516608997
1329016504466206720,negative,0.001897099683722776
1329016504889860097,negative,0.18057507251560756
1329016505258831873,negative,0.23955364771902507
1329016505288179714,negative,0.2308411933016088
1329016505611108352,positive,0.9335939762522298
1329016507695734786,negative,0.1388165480771174
1329016507964264455,negative,0.050327226985987426
1329016512699576321,negative,0.13861812857309747
1329016528461762560,negative,0.03174554724775216
1329016531540434944,negative,0.19621894418769167
1329016538180018176,negative,0.00018523450150930074
1329016544597319681,neutral,0.47760839526369675
1329016546514132994,neutral,0.4407197698842524
1329016546614779904,negative,0.030928323384526845
1329016548397289473,negative,2.700358215245603e-05
1329016548611289088,negative,0.07247944008606926
1329016552683941888,negative,0.10991661953163262
1329016556421074944,negative,1.2525308429308513e-08
1329016560648941570,positive,0.9371848718242423
1329016564939689984,negative,1.2525308429308513e-08
1329016572619460614,neutral,0.40779392438868267
1329016576801185793,negative,0.03174554724775216
1329016589790949377,negative,0.0343362885904131
1329016591825178631,negative,0.16475020282125175
1329016597730639872,negative,0.11526384599213464
1329016613740441603,negative,0.028217066028181127
1329016615267147777,neutral,0.5173150591306277
1329016624658194433,negative,3.465556296261817e-05
1329016624670670849,positive,0.7903036910621056
1329016627774582786,negative,0.0006951414032026823
1329016628613435393,negative,0.03534913783032627
1329016628877668353,negative,0.0009084785099957329
1329016632581255169,negative,4.328612573620232e-05
1329016634586009602,negative,0.01444143922597174
1329016637689901061,neutral,0.4402840975433802
1329016654697664513,negative,0.007928199708923792
1329016659047116802,negative,0.049116881680582695
1329016660230025216,negative,1.6864363972225967e-08
1329016663262572544,negative,2.317374274635899e-06
1329016665552588800,negative,0.1344437703558907
1329016669424021504,negative,2.354684424263712e-05
1329016671781203968,negative,6.55316330509936e-11
1329016674389995522,negative,0.0021836866084237465
1329016678563377152,negative,0.013070950307772906
1329016682921275394,negative,0.02794827898921285
1329016691330871300,negative,0.011478583791399372
1329016694044565504,positive,0.9980892263803205
1329016698209513472,negative,0.049116881680582695
1329016700088573953,negative,0.001226976864030945
1329016700889669632,negative,0.006627293178118547
1329016707235655681,negative,0.16986201343448548
1329016717197000705,negative,2.3325545865015995e-06
1329016717738082305,negative,0.2986897985607246
1329016718052773888,negative,0.009087833953136887
1329016724356804608,negative,0.012733965306920133
1329016724948135937,negative,0.2369710931082333
1329016734377013249,neutral,0.47760839526369675
1329016736100872192,negative,0.08008331468359108
1329016736348315649,negative,0.08039037254472263
1329016737241718786,negative,0.16146953319818114
1329016741586989059,neutral,0.46127768308170247
1329016745873596425,negative,0.16986201343448548
1329016749170298881,negative,0.043506742922953694
1329016750122414080,neutral,0.3778710311240531
1329016752194383872,negative,0.08095780828345282
1329016752265699335,negative,0.002104776378708977
1329016756996812800,negative,0.011478583791399372
1329016758070611968,negative,0.0020056140925001804
1329016761757405188,negative,0.00031050305384109934
1329016764269780992,negative,0.049116881680582695
1329016772138250241,negative,0.11526384599213464
1329016773925101574,negative,1.2525308429308513e-08
1329016776059981825,negative,5.110963398487963e-08
1329016776332611584,negative,0.03174554724775216
1329016782905020416,negative,0.008212241301406197
1329016791679574017,negative,0.009066514307574991
1329016793747185670,positive,0.9998497862296873
1329016798025568257,negative,3.4611730661758945e-05
1329016801804554240,negative,0.049116881680582695
1329016803939508224,negative,0.00011857714900623938
1329016805298495488,neutral,0.3630514653412742
1329016805906669569,negative,0.08626346256558275
1329016809241124864,negative,0.0014966556280578296
1329016811447332865,neutral,0.42507619662732005
1329016811673804800,negative,0.1344437703558907
1329016819005448192,neutral,0.47760839526369675
1329016819965898752,negative,5.614260980025272e-06
1329016825200472067,positive,0.7812680420958311
1329016825909219328,positive,0.9992372216686474
1329016826878160901,negative,0.016760436147191443
1329016828924923904,negative,0.003156048349200292
1329016834486628352,positive,0.7482918866315101
1329016837418471425,negative,2.913428503561441e-07
1329016837577846784,negative,0.03758764383063088
1329016843521183744,negative,1.667535053127e-09
1329016847585468416,negative,0.012733965306920133
1329016850013954050,negative,1.2525308429308513e-08
1329016863184052225,negative,0.10567556456059109
1329016868791873536,negative,0.006627293178118547
1329016875611774977,negative,4.457417109956536e-06
1329016877096591363,negative,0.049116881680582695
1329016878589759488,negative,0.0012784277796930124
1329016886290493440,negative,0.00013149808151782916
1329016889712865280,neutral,0.40838666983314603
1329016890098819073,neutral,0.40838666983314603
1329016896574939136,negative,0.0018383865370294337
1329016896717512705,negative,0.2546916305421647
1329016900886683655,negative,0.0048283100677634465
1329016904619601920,negative,7.104588949365013e-05
1329016908767694848,neutral,0.5205605421840603
1329016917051527169,negative,0.0018383865370294337
1329016922525097984,negative,0.03174554724775216
1329016925393973255,negative,4.478743939696226e-05
1329016928543838211,positive,0.9878399854137578
1329016928850096129,negative,0.03174554724775216
1329016930620108800,negative,0.003665008718784615
1329016940715790336,negative,0.03174554724775216
1329016952040419331,negative,0.03174554724775216
1329016968171593728,negative,0.011478583791399372
1329016977411760128,negative,0.12654039802666828
1329016985657733125,negative,0.03174554724775216
1329016985854816256,negative,0.02794827898921285
1329016988501495809,neutral,0.5450724692174215
1329016991861051392,negative,0.032862900518830486
1329016991932411905,negative,0.12461413109325063
1329016998840430593,positive,0.9946891180195289
1329017003743567873,negative,0.026899018445377003
1329017003848437760,negative,0.006157311326068246
1329017005396135938,neutral,0.5556893495609065
1329017009842040832,negative,0.055325943130624874
1329017030486405120,negative,0.02036554036742403
1329017031383986178,negative,0.16231288722779685
1329017034366185474,negative,8.998807924462479e-06
1329017035951665152,negative,1.6426794919455878e-06
1329017039772672000,positive,0.833606249574709
1329017044507963394,negative,5.614260980025272e-06
1329017057795584000,negative,0.03174554724775216
1329017058470801409,negative,0.03174554724775216
1329017067358580736,negative,5.904960670560596e-06
1329017073981419520,negative,5.904960670560596e-06
1329017084706254848,negative,9.478580353658722e-08
1329017095649189889,negative,0.049116881680582695
1329017097087750144,negative,0.02036554036742403
1329017099004612608,negative,0.18747244393550944
1329017126234054657,negative,0.0410931964244062
1329017129530748928,negative,4.346823426870707e-06
1329017129899798528,negative,0.049116881680582695
1329017130126368771,negative,0.012291724982641698
1329017139949395969,neutral,0.34718042993336723
1329017142700863492,negative,0.006241471568161417
1329017142746951681,negative,0.32611281891246785
1329017149160116224,neutral,0.3448789537043245
1329017149512364032,negative,0.13861812857309747
1329017155690635264,negative,0.005137632807197713
1329017161189367809,negative,0.11526384599213464
1329017173403168769,negative,0.2550816768757105
1329017173797384193,positive,0.8804050063151663
1329017175571652608,negative,0.12130762306316219
1329017177555546114,negative,0.008212241301406197
1329017178503270402,negative,0.17982093787894782
1329017178578972676,negative,6.090061645485026e-07
1329017179593961472,negative,0.04930450228430966
1329017180319576064,negative,0.12130762306316219
1329017180319592448,negative,0.08306035384551706
1329017180642562048,negative,0.16986201343448548
1329017183180124162,negative,1.2525308429308513e-08
1329017192004931584,negative,0.0003879326608427542
1329017192130748417,neutral,0.3448789537043245
1329017192621420544,negative,0.16986201343448548
1329017198216699904,negative,1.2525308429308513e-08
1329017204197756928,negative,0.16986201343448548
1329017208509501441,neutral,0.3755420926420096
1329017226591088647,neutral,0.6195042730376379
1329017229413928962,negative,0.16146953319818114
1329017232102449152,negative,0.049116881680582695
1329017234560258051,negative,0.001897099683722776
1329017239287291904,negative,0.02036554036742403
1329017240524644352,negative,0.13861812857309747
1329017243200589824,negative,2.7873475481405705e-13
1329017251236892672,positive,0.7077242012622489
1329017253313060864,negative,0.012291724982641698
1329017255821266946,negative,0.001092868046121576
1329017256714645505,negative,0.033445316120454684
1329017261630263297,negative,0.11526384599213464
1329017262121115649,negative,0.02036554036742403
1329017263601700866,negative,0.043506742922953694
1329017274548834306,negative,0.030655167103758332
1329017277388361734,negative,0.009142851563816523
1329017289090461697,negative,0.013070950307772906
1329017297634275330,negative,0.03174554724775216
1329017308677767168,negative,2.700358215245603e-05
1329017315795623936,negative,0.03174554724775216
1329017324586872833,negative,0.1288638439754417
1329017328319787008,negative,0.0011323348365462483
1329017331465465856,negative,0.29390486269613675
1329017333566812165,negative,0.13861812857309747
1329017336771317761,negative,0.03174554724775216
1329017342827900929,negative,0.049116881680582695
1329017349949837313,negative,0.008787525787110336
1329017350323130369,negative,0.02681201737181599
1329017357591785473,negative,0.007135989291528772
1329017359508664320,negative,0.049116881680582695
1329017363283517441,negative,0.003665008718784615
1329017364558585860,negative,0.19714878333315808
1329017365854646272,negative,0.049116881680582695
1329017367482003463,neutral,0.6010617675389737
1329017369403002881,negative,0.019986919740645166
1329017377040850947,negative,0.0425032009638773
1329017377854525440,negative,0.043506742922953694
1329017383747526657,neutral,0.37904565007083096
1329017395877392385,negative,0.24481060457076353
1329017397584547840,negative,0.012733965306920133
1329017402940649477,negative,1.6135647608468527e-05
1329017405247430658,negative,0.00044985461755237596
1329017413845835778,negative,0.20662983763191256
1329017416601526273,positive,0.6704456505125433
1329017417209622530,negative,0.029117609013741688
1329017428664332290,negative,0.02036554036742403
1329017430769799168,negative,1.2525308429308513e-08
1329017433865248770,positive,0.8600432977680341
1329017445772824576,negative,2.700358215245603e-05
1329017446989180929,negative,1.7169399614129288e-05
1329017452970250241,negative,0.049116881680582695
1329017467935584258,negative,0.049116881680582695
1329017470334758913,negative,1.2525308429308513e-08
1329017473098780674,neutral,0.47760839526369675
1329017477607665664,negative,0.008212241301406197
1329017481562886145,negative,0.004254606760742535
1329017487585841152,negative,0.1303218274546971
1329017501708144640,neutral,0.5365837642122246
1329017505285804039,negative,0.049116881680582695
1329017507085213697,positive,0.8565052454141263
1329017511656951812,negative,0.01130536739368902
1329017513775128576,negative,0.0003712448831082628
1329017516295860229,negative,3.265720178156482e-07
1329017527977074690,negative,5.904960670560596e-06
1329017531349274628,neutral,0.5136446707795853
1329017541340094467,negative,0.0003879326608427542
1329017544406147073,positive,0.9980892263803205
1329017545282744321,negative,0.03174554724775216
1329017546218024960,negative,0.003864579020741339
1329017550043303936,neutral,0.5688793819608604
1329017550898868224,negative,0.02036554036742403
1329017552798937089,negative,0.16073271281061452
1329017556125020160,negative,0.14214682660008318
1329017556481548294,negative,2.3325545865015995e-06
1329017563507007488,negative,0.03174554724775216
1329017570146586625,negative,9.460742396384564e-09
1329017574013726723,negative,0.00025945546729758525
1329017575095857159,neutral,0.3360138951590599
1329017576232525824,negative,0.2817543728393699
1329017577662803970,negative,0.0343362885904131
1329017580502323204,negative,0.208260650894477
1329017614950166529,negative,0.013070950307772906
1329017618783752192,negative,0.028834942109840958
1329017619563892736,neutral,0.5125934430062885
1329017620109160448,negative,1.2525308429308513e-08
1329017627088461824,negative,0.056910435579797164
1329017628233502720,negative,0.03174554724775216
1329017637129641984,negative,0.056910435579797164
1329017638689894400,negative,0.049116881680582695
1329017642976505857,negative,0.09542442811502326
1329017647153995776,negative,0.254876865992238
1329017650308141059,negative,0.049116881680582695
1329017653223165953,neutral,0.41366783924429207
1329017660454166528,neutral,0.4141554906713191
1329017664178622464,negative,0.049116881680582695
1329017668335185921,neutral,0.3467979737763548
1329017679366287361,negative,0.23365027514515035
1329017700820062208,neutral,0.6128396966790803
1329017703739351041,negative,0.031243681369355892
1329017703894573062,positive,0.9999997925040065
1329017711645560833,negative,0.053575472226679216
1329017721808429057,positive,0.6704456505125433
1329017727277817856,negative,0.019102343430538883
1329017731958628352,negative,0.16073271281061452
1329017733665656832,positive,0.9980892263803205
1329017741521641473,negative,0.03140399392671297
1329017747855077376,neutral,0.4856631281433837
1329017763524980738,negative,0.049116881680582695
1329017769136959489,negative,6.547036574268833e-07
1329017773377417219,negative,0.053575472226679216
1329017774279159810,negative,0.2720056410923439
1329017781577281538,negative,2.3325545865015995e-06
1329017781694697472,negative,1.1515488751711238e-06
1329017783569485824,negative,0.00018523450150930074
1329017783812820992,negative,0.0003110087247821279
1329017784286781440,negative,0.20662983763191256
1329017784685223937,negative,0.049116881680582695
1329017790926295041,negative,0.09899853382196229
1329017803547021312,negative,0.049116881680582695
1329017804973105152,negative,0.00653116635626298
1329017807632216064,negative,0.2828136932208214
1329017810383736833,negative,0.03174554724775216
1329017811163901955,negative,0.0007576607220054814
1329017819992887296,positive,0.9998497862296873
1329017823251795975,negative,8.814311746274624e-06
1329017823788736513,negative,0.006627293178118547
1329017843548090372,neutral,0.5854006953988119
1329017846106644480,negative,4.0837394263599586e-06
1329017852595200000,negative,0.049116881680582695
1329017853249523712,negative,0.043506742922953694
1329017854583255040,negative,3.139010925925814e-05
1329017870651678722,negative,0.00018523450150930074
1329017888582340608,negative,0.003937436488666114
1329017896320856065,negative,0.022448663598140576
1329017901639213056,negative,0.19714878333315808
1329017908744347654,negative,0.1644373171716988
1329017913223901184,negative,0.11869856819294618
1329017914268200960,negative,0.006627293178118547
1329017941266935809,negative,0.03174554724775216
1329017941560598528,positive,0.8851303905591552
1329017942617559040,negative,0.049116881680582695
1329017943506685953,neutral,0.49789225920557484
1329017949412319232,negative,0.0013802950841910683
1329017960707579906,negative,0.11183685940456466
1329017964042084352,negative,0.308199125160694
1329017972703322112,negative,0.0452403002880442
1329017972707512322,negative,0.007950361500673466
1329017975509315584,negative,0.003319060561301597
1329017982597652482,negative,0.03174554724775216
1329017990269050885,negative,0.026730907930951554
1329017991619547139,positive,0.7903036910621056
1329017995851653120,negative,0.03174554724775216
1329018004072443904,negative,8.666230785272969e-06
1329018012125552642,negative,0.011478583791399372
1329018013153177601,negative,4.261834937713984e-06
1329018019897610240,negative,0.056910435579797164
1329018024817471491,negative,0.02873386604929298
1329018026226757632,negative,0.2495693153283617
1329018036406382594,negative,0.007928199708923792
1329018044555948034,negative,0.049116881680582695
1329018047957491712,neutral,0.46127768308170247
1329018052210515968,negative,1.2525308429308513e-08
1329018992615325696,negative,0.09343374100482
1329018994687356931,negative,8.091594700767587e-06
1329018995157110785,negative,0.005949156962154869
1329018996205768705,negative,0.007928199708923792
1329018997099130880,negative,0.07800067937297447
1329019012148244481,negative,0.03174554724775216
1329019020151037952,negative,0.1288638439754417
1329019027948253185,negative,0.002292451123493641
1329019027956621312,negative,0.14445147918199644
1329019028535447552,negative,1.6417148292900338e-05
1329019028841529345,negative,0.010282519149509558
1329019029034450944,negative,0.020853106538415645
1329019029152034819,negative,0.07831344804791096
1329019039402823682,positive,0.9311745598701997
1329019039952351232,positive,0.8400396450375877
1329019040531099648,neutral,0.3306342676431347
1329019049808949248,negative,0.049116881680582695
1329019051029516288,negative,0.0808470090998826
1329019051872579585,neutral,0.5030332264438171
1329019061368279042,negative,0.025537173856906646
1329019073548734464,neutral,0.49789225920557484
1329019074882441217,neutral,0.37874993579954885
1329019078783217664,positive,0.7667337652707545
1329019081765302272,negative,0.049116881680582695
1329019082516156417,negative,0.1882280375295459
1329019085930303495,negative,0.18747244393550944
1329019090640515075,neutral,0.5751945182165197
1329019102082572289,negative,0.11526384599213464
1329019114787119105,negative,0.018475179380823874
1329019118528434176,negative,0.011478583791399372
1329019119220486146,neutral,0.49309734344879036
1329019120633909250,negative,5.904960670560596e-06
1329019124878618630,positive,0.9311745598701997
1329019130339602432,negative,0.07247944008606926
1329019132398997504,negative,0.049116881680582695
1329019136211644417,negative,0.16672733548053156
1329019136991752193,negative,1.378552748069011e-06
1329019146214977536,negative,2.3325545865015995e-06
1329019148123385857,positive,0.7667337652707545
1329019151072047104,negative,0.000389343067982145
1329019153630552064,negative,0.049116881680582695
1329019157313069056,negative,0.04904663349596134
1329019157569015810,negative,0.2599368239431636
1329019157887799297,neutral,0.5327390301763376
1329019167706591232,positive,0.8579054876975054
1329019174061019137,negative,1.2525308429308513e-08
1329019175478702085,negative,0.30015552146749547
1329019178330824715,positive,0.6912479663047228
1329019179316502528,negative,0.00819105240945877
1329019180260143104,neutral,0.3525924416689671
1329019180440559617,negative,0.01373728544103409
1329019182973915137,negative,5.642030510364374e-05
1329019187419877381,negative,0.05785946701874472
1329019196831903750,negative,0.010319762751626564
1329019205568565249,negative,0.00018523450150930074
1329019209028947976,negative,0.03174554724775216
1329019211205767168,negative,0.06656346715102046
1329019215051956225,negative,0.049116881680582695
1329019219359502336,negative,0.00022212378911403897
1329019220831690752,negative,0.01130536739368902
1329019224161972224,negative,0.20392489627922936
1329019231720140802,negative,0.03174554724775216
1329019232458317824,negative,0.2546916305421647
1329019260824391682,negative,0.0003298888202671729
1329019266461556736,negative,0.011478583791399372
1329019278188818434,negative,0.023684760945224606
1329019279006642177,negative,0.1815819965770289
1329019292122304512,negative,0.002787137077178098
1329019292260724738,negative,3.995588274990276e-05
1329019295129608193,negative,0.11869856819294618
1329019321373372416,negative,0.025473190642974874
1329019325517344768,negative,0.04157038493455115
1329019327513825281,neutral,0.48398205127546057
1329019331561336833,negative,0.022448663598140576
1329019336493817858,positive,0.9980892263803205
1329019342160338945,negative,0.03174554724775216
1329019342386761728,negative,4.630577721498021e-09
1329019344387534851,negative,0.2599368239431636
1329019344895041538,negative,0.03174554724775216
1329019346363015170,positive,0.8400396450375877
1329019347118018562,negative,0.03174554724775216
1329019347990405134,negative,4.168883570730786e-05
1329019348791517185,neutral,0.5706320869148787
1329019349567467521,negative,0.049116881680582695
1329019359528935424,negative,0.3107236699736002
1329019359919009792,negative,5.935346916154382e-12
1329019360011313154,neutral,0.3630514653412742
1329019365702963202,negative,0.0005956634056383094
1329019367242260481,negative,0.14041424304364727
1329019368005623809,negative,0.019986919740645166
1329019371776339974,negative,0.049116881680582695
1329019371931504641,negative,0.27782310923862386
1329019379498033153,negative,1.2525308429308513e-08
1329019393070731264,negative,2.3325545865015995e-06
1329019396061323265,positive,0.7226895004925082
1329019402352799744,negative,0.029110573305100456
1329019403359428611,negative,0.03174554724775216
1329019404009476098,negative,0.03174554724775216
1329019405389455360,negative,0.0038702970657300976
1329019405762703360,negative,0.013000483078329052
1329019418182086658,negative,1.9027280512093137e-05
1329019428130975744,negative,0.006627293178118547
1329019428235845634,negative,0.00023851828142168726
1329019443742171137,negative,0.09811078996331156
1329019447991013376,neutral,0.3776673404437072
1329019449027006464,negative,5.729785278455148e-13
1329019455364599808,negative,0.0012060731148199966
1329019461005963264,negative,0.2222643278046453
1329019466764734464,negative,0.308199125160694
1329019475841191936,negative,0.013070950307772906
1329019478953369602,negative,1.2525308429308513e-08
1329019489212653568,neutral,0.49789225920557484
1329019490412191745,negative,0.00011437261657043072
1329019492534456320,negative,1.2525308429308513e-08
1329019493943824385,neutral,0.5706320869148787
1329019494694608896,negative,0.0015882739194146693
1329019495353118720,negative,0.003665008718784615
1329019497391529985,negative,0.03855248482381961
1329019498154881025,negative,0.049116881680582695
1329019504035246084,negative,0.003855553989471593
1329019513975738368,negative,0.041931043188233444
1329019514118418433,negative,0.08114267148341246
1329019514177138688,negative,0.0069991110457327515
1329019516907646979,negative,0.27782310923862386
1329019527812812800,negative,0.27778749058870605
1329019529339559936,negative,0.03174554724775216
1329019529666576384,neutral,0.40838666983314603
1329019530723663875,negative,0.024653766954649377
1329019533076545536,neutral,0.5428654854406446
1329019533303148544,neutral,0.49789225920557484
1329019537178562561,neutral,0.5428654854406446
1329019538613137409,negative,0.003855553989471593
1329019545546346496,negative,0.16765905575871876
1329019545831559169,negative,3.0816995285889035e-06
1329019552995356672,negative,0.03174554724775216
1329019553742004225,negative,0.1388165480771174
1329019555952386050,negative,0.0410931964244062
1329019564617822209,neutral,0.3630514653412742
1329019568745017344,negative,0.03174554724775216
1329019580015136768,negative,0.13861812857309747
1329019583110451200,negative,0.0006266400114612223
1329019590492483585,positive,0.9809691131788513
1329019591926935560,negative,0.21455230557921665
1329019593722105861,negative,0.052132246784417045
1329019595873771520,negative,0.02036554036742403
1329019600462295042,negative,0.036536046067427115
1329019603369025536,negative,0.049116881680582695
1329019605499736065,positive,0.8400396450375877
1329019605654904832,negative,0.2980286982250254
1329019608976789504,negative,0.006241471568161417
1329019609958244353,negative,0.18065348723691185
1329019611828932609,positive,0.8432440516033756
1329019612776771589,negative,0.00028812447713638347
1329019616006443009,negative,0.006627293178118547
1329019627544973312,negative,1.2525308429308513e-08
1329019631995129856,positive,0.8432440516033756
1329019632942940160,negative,0.05736987639138643
1329019662005395457,negative,0.02036554036742403
1329019664475828224,positive,0.6810878922710294
1329019665293733888,negative,1.6257606079650582e-05
1329019669597057028,negative,1.041494677863318e-07
1329019676962250752,negative,0.0004030742106153437
1329019679118135296,negative,0.041931043188233444
1329019682893017089,negative,0.02160411861056946
1329019693924036609,negative,0.19714878333315808
1329019702916608002,positive,0.9740997906387266
1329019707396067330,negative,3.686703953312482e-06
1329019719635128321,negative,0.049116881680582695
1329019726111137792,neutral,0.49789225920557484
1329019728753553408,negative,0.010123787334197703
1329019732050276354,negative,1.1986272831533034e-07
1329019732528406529,negative,0.04837907575242316
1329019735862874114,negative,8.46747050428584e-07
1329019759392862210,negative,0.14649980287625572
1329019762521812993,negative,0.007219368623446971
1329019767135547392,negative,0.02737840633644707
1329019778984521729,negative,0.03473010679264294
1329019782037794816,positive,0.9824430316381918
1329019783199682566,negative,0.0043421662217856035
1329019783665291264,negative,1.7140168972107067e-08
1329019787826040833,negative,0.0012060731148199966
1329019790837436421,negative,0.012972081769801597
1329019794318831618,neutral,0.47760839526369675
1329019803034652678,negative,6.915584084413852e-08
1329019804137689089,negative,0.02794827898921285
1329019811674861568,negative,0.041931043188233444
1329019824928940033,negative,0.1288638439754417
1329019833854332928,negative,0.007950361500673466
1329019843538989057,neutral,0.47760839526369675
1329019845350989827,negative,0.001545695544480623
1329019853211115523,positive,0.8400396450375877
1329019855354388480,negative,0.008212241301406197
1329019859242508290,negative,0.024171261612437604
1329019861364838400,negative,0.012733965306920133
1329019862002380801,negative,0.024653766954649377
1329019864854491136,negative,0.03684282214473442
1329019890393608192,negative,0.0002693457789658066
1329019898744483841,positive,0.9946891180195289
1329019899797180421,negative,0.00011857714900623938
1329019922412957696,negative,0.03174554724775216
1329019924447170560,negative,0.03174554724775216
1329019934244999169,negative,0.13854476945114205
1329019934828072961,negative,0.1608668339898537
1329019943971647493,negative,0.03174554724775216
1329019948342120448,negative,0.0779243834701783
1329019954226671616,negative,0.1071902354543721
1329019960597884928,neutral,0.47760839526369675
1329019961478696961,negative,0.006618713793593937
1329019961826795520,neutral,0.3634021766092799
1329019966121779201,negative,0.001341301735391426
1329019967430422528,neutral,0.370413049341012
1329019970957815809,negative,0.006241471568161417
1329019979115749376,negative,5.614260980025272e-06
1329019980046880769,negative,0.00026715263940721705
1329019985616904193,negative,0.000596821118090403
1329019989567938561,negative,1.2525308429308513e-08
1329019993871233024,neutral,0.4004611714468761
1329020002545098752,negative,0.00025945546729758525
1329020013383184384,negative,0.11303422479775285
1329020018646978566,negative,0.041931043188233444
1329020022237310976,negative,0.049116881680582695
1329020027387981826,neutral,0.47760839526369675
1329020028696530944,negative,0.0793368357654946
1329020030147817474,negative,1.2525308429308513e-08
1329020041271025666,negative,0.27782310923862386
1329020045926813702,neutral,0.3461931982530242
1329020046232969222,neutral,0.49789225920557484
1329020053757583360,negative,0.03174554724775216
1329020053929463810,negative,0.02036554036742403
1329020057121386502,negative,0.001557477916266744
1329020057427587076,negative,7.788114887818048e-07
1329020065472253953,negative,0.008212241301406197
1329020071759523840,negative,0.03174554724775216
1329020073118494723,negative,0.01583489473669011
1329020077815984128,negative,0.16231288722779685
1329020077996470273,negative,0.31848378901933655
1329020080584323072,negative,0.049116881680582695
1329020086083084288,negative,0.007928199708923792
1329020108828766208,neutral,0.5706320869148787
1329020111274041344,negative,0.05652344363213604
1329020116542091264,negative,0.03174554724775216
1329020119801008129,negative,0.0011523213796460743
1329020125526306816,negative,0.2546916305421647
1329020129082949637,negative,0.006142164779067756
1329020129829670914,negative,0.0983102953741235
1329020132241313801,positive,0.8062601874189285
1329020134044864516,neutral,0.6404465522444365
1329020136033046529,negative,0.032862900518830486
1329020139199754240,negative,0.03174554724775216
1329020140596420609,negative,0.11526384599213464
1329020160922034176,negative,0.03855248482381961
1329020167607754752,negative,0.00045039763870819316
1329020168174006272,negative,0.049116881680582695
1329020170090782720,neutral,0.4274047939449264
1329020181054697476,negative,1.2057105146031427e-10
1329020185639006209,negative,0.000247720344717535
1329020185769091073,negative,0.0003016157596714152
1329020205801025536,negative,0.041931043188233444
1329020206254059520,negative,0.03174554724775216
1329020210892967937,negative,0.014016610299316024
1329020215640924162,negative,0.049116881680582695
1329020225023512576,positive,0.6824837810859113
1329020225241702400,negative,0.1469246830088927
1329020230199242753,negative,0.03312309945667965
1329020237270945793,positive,0.9311745598701997
1329020264622006279,negative,2.700358215245603e-05
1329020268220649474,positive,0.9946891180195289
1329020270233923586,negative,0.023390999651581888
1329020274948370432,negative,0.03174554724775216
1329020275090886658,negative,0.002007254320748459
1329020275413938176,negative,0.09610192565714985
1329020275694989313,negative,0.00035677552889002264
1329020275782873088,negative,4.517896347098567e-07
1329020277464961024,negative,0.041931043188233444
1329020282007334912,negative,0.09129104383260053
1329020285320912897,negative,0.13861812857309747
1329020288781135872,negative,0.1702262133984876
1329020293621362690,positive,0.7120876374251325
1329020294791639040,positive,0.8432440516033756
1329020296368689154,negative,0.049116881680582695
1329020308024680448,negative,7.568097399855123e-08
1329020308431527936,negative,1.6417148292900338e-05
1329020339494465536,negative,0.009336353297351338
1329020340262068225,positive,0.7120876374251325
1329020344896786433,negative,0.007091106676252903
1329020347044257795,negative,0.03174554724775216
1329020347660853249,neutral,0.5706320869148787
1329020350961766400,negative,1.2525308429308513e-08
1329020361493635072,negative,1.3211700002145312e-10
1329020363280445440,negative,1.2525308429308513e-08
1329020363678883840,negative,2.1522433465916645e-08
1329020365146894344,positive,0.9824430316381918
1329020365998317573,negative,0.24416474444588673
1329020370062553088,positive,0.9721940146510133
1329020374588198918,negative,0.00653116635626298
1329020378702897152,negative,0.031970421860504465
1329020380892295168,negative,0.00036210153602234666
1329020383010426880,negative,0.0721105718217108
1329020383023001603,negative,0.049116881680582695
1329020386651070464,negative,0.06649115162374394
1329020395069038592,negative,0.0611520164704935
1329020401490534401,positive,0.738503797304604
1329020415608578048,negative,5.614260980025272e-06
1329020416615190529,negative,0.004190602540683208
1329020421757427712,negative,0.049116881680582695
1329020422634024960,negative,0.0006645056187698556
1329020426576683009,negative,0.03319368040761183
1329020430028562432,negative,0.013873020985774137
1329020432201244673,negative,0.03174554724775216
1329020441105739776,positive,0.9998497862296873
1329020441172848645,negative,0.041931043188233444
1329020441760051200,negative,0.03312309945667965
1329020441780948993,negative,9.73610568251123e-06
1329020453424336897,positive,0.9878399854137578
1329020508189446144,negative,0.005647323783587595
1329020508361330689,positive,0.8432440516033756
1329020518507425793,negative,0.000148924298381423
1329020526761689088,negative,0.1055376693842279
1329020542310084608,negative,0.006618713793593937
1329020542524006401,negative,9.072782879842839e-05
1329020545040588800,negative,0.03135918925395015
1329020545401282562,neutral,0.3306342676431347
1329020568948105221,neutral,0.5485193682790369
1329020577819095041,negative,0.000148924298381423
1329020578444009472,positive,0.9311745598701997
1329020583691116545,negative,0.041931043188233444
1329020586056675330,negative,0.011478583791399372
1329020587906379777,negative,0.006660464481266505
1329020594382385152,negative,0.00028233604682391324
1329020604134150152,negative,0.003767642472560326
1329020617144864768,positive,0.8385304717581962
1329020617614569475,negative,0.000802369544026293
1329020618747088897,negative,0.17816534177776933
1329020651018051584,neutral,0.4141554906713191
1329020671071051776,negative,0.10404086335814035
1329020671112978432,negative,8.666230785272969e-06
1329020671356248066,negative,3.1897760042811475e-08
1329020673210134536,negative,0.008749143507059659
1329020718944821248,negative,0.03174554724775216
1329020719846535169,negative,0.03174554724775216
1329020725320167424,negative,0.009336353297351338
1329020731997507585,negative,0.032862900518830486
1329020744114851840,negative,0.03174554724775216
1329020745167503360,negative,0.006241471568161417
1329020750016163840,neutral,0.3378960295261649
1329020750016229376,positive,0.8385304717581962
1329020775861530628,positive,0.8626319423451757
1329020780399763458,negative,0.1664054923820585
1329020780554883072,negative,3.87466140026888e-05
1329020782203334656,negative,0.041931043188233444
1329020787425239040,negative,0.03174554724775216
1329020790713380867,negative,0.17816534177776933
1329020793339211777,negative,0.003767642472560326
1329020816890204161,negative,0.049116881680582695
1329020817317957634,negative,0.02036554036742403
1329020822116327425,negative,0.049116881680582695
1329020825463377927,negative,5.3428214240329854e-05
1329020827917053954,positive,0.9417422464830986
1329020828671991808,neutral,0.4478889398505506
1329020829489881089,negative,5.904960670560596e-06
1329020833394782211,negative,0.24416474444588673
1329020835026391048,negative,1.2525308429308513e-08
1329020847932268544,negative,0.17767257129070335
1329020882333945857,negative,0.004254606760742535
1329020887262236674,positive,0.8232849329830916
1329020888465993728,negative,0.00653116635626298
1329020889288093698,positive,0.9878399854137578
1329020896577720321,negative,0.041931043188233444
1329020899115343872,negative,0.06147663948477311
1329020921970044929,negative,0.03998856374619196
1329020935341535233,negative,0.0410931964244062
1329020940106264578,negative,0.0031199831096688103
1329020944162181120,negative,0.0013992888708781717
1329020947383390210,neutral,0.5030332264438171
1329020958099845123,negative,0.27782310923862386
1329020973517926400,neutral,0.5205605421840603
1329020977070665728,neutral,0.3776673404437072
1329020978282815497,negative,8.23510831727738e-06
1329020985488650240,negative,0.013070950307772906
1329020986256224256,positive,0.9980892263803205
1329020990219837440,negative,0.03174554724775216
1329020993873047557,positive,0.8385304717581962
1329020995529822209,negative,8.666230785272969e-06
1329021000214777857,negative,0.02926406138336678
1329021010373472256,positive,0.9946891180195289
1329021013338845185,negative,0.004083489196539477
1329021013607243776,negative,0.03174554724775216
1329021023556153344,negative,9.478580353658722e-08
1329021027310063616,neutral,0.5337424604275052
1329021047069315072,negative,0.0007973568697940656
1329021049128697856,negative,0.17767257129070335
1329021051058184193,negative,0.03174554724775216
1329021055927808000,negative,0.041931043188233444
1329021057949425664,negative,0.03440547912652278
1329021060382076930,negative,1.2525308429308513e-08
1329021069026619392,negative,9.478580353658722e-08
1329021069802549249,negative,0.030808708535688692
1329021074940579841,negative,0.19259375082420482
1329021076152651778,negative,0.03174554724775216
1329021083102695424,negative,0.29590654744337236
1329021089352200194,negative,0.1109524779429686
1329021089498992643,negative,0.05894785365503472
1329021090161635329,negative,2.3325545865015995e-06
1329021107291234306,negative,0.041931043188233444
1329021113842724867,negative,0.000148924298381423
1329021114820022272,negative,0.006748838995056932
1329021120155164674,negative,0.18490012149371332
1329021121530896384,negative,0.29390486269613675
1329021128187080704,negative,0.03312309945667965
1329021138169716746,negative,0.047574190522957555
1329021138983260160,negative,0.006241471568161417
1329021142154276866,negative,0.000307722845955146
1329021142670118913,positive,0.8385304717581962
1329021148525375491,negative,0.1111350451716142
1329021148848328705,positive,0.738503797304604
1329021161632575490,negative,0.07027094461110718
1329021164241432579,negative,0.015154055067226637
1329021165726261251,negative,0.17767257129070335
1329021166368026624,negative,0.0003017261503790759
1329021166892277760,negative,6.271301742665488e-05
1329021172126715904,negative,0.02794827898921285
1329021173989052416,positive,0.9946891180195289
1329021176941834246,negative,0.008212241301406197
1329021180062339072,negative,0.000863984420109285
1329021183002554368,negative,0.005240500742352157
1329021186391625728,negative,0.07303927792785632
1329021194415304704,positive,0.7376174403978044
1329021204859138049,negative,0.0013134825604885457
1329021206088077315,negative,0.1288638439754417
1329021208441065472,negative,0.1815819965770289
1329021208642396161,neutral,0.4952333352470516
1329021213293875209,negative,0.005312039097233977
1329021218985562113,negative,2.1857207788465092e-05
1329021220017225731,negative,0.08418352325525168
1329021220088635392,negative,2.7543353236090997e-06
1329021223557357568,negative,1.2525308429308513e-08
1329021227097333765,negative,1.2525308429308513e-08
1329021228066217985,negative,2.700358215245603e-05
1329021235498512389,negative,0.02036554036742403
1329021248307924992,negative,7.104588949365013e-05
1329021249885007872,negative,0.019102343430538883
1329021253735288832,negative,0.2521210041928156
1329021254666493952,negative,0.03174554724775216
1329021254758756352,negative,0.011478583791399372
1329021257275334656,negative,0.1288638439754417
1329021258571390976,neutral,0.3306342676431347
1329021267815641088,negative,0.027480800155846846
1329021268780326914,negative,0.0013134825604885457
1329021278322298883,negative,0.0019559683552686467
1329021288401268737,negative,0.009336353297351338
1329021289139499010,negative,1.2949511567301135e-06
1329021295586054146,negative,1.6417148292900338e-05
1329021302011785218,neutral,0.39290406055138927
1329021307963535360,negative,0.0009651858058054302
1329021310865969152,positive,0.8232849329830916
1329021312518549506,negative,0.008212241301406197
1329021314800218112,negative,0.0006773043260862708
1329021315861319685,negative,0.10622421319651891
1329021318675697666,negative,0.03174554724775216
1329021322740047873,negative,0.03174554724775216
1329021324455534592,negative,0.007928199708923792
1329021325483134983,negative,0.09574142216386529
1329021334433783809,negative,0.004612824510582325
1329021340968488962,positive,0.9980892263803205
1329021346886643712,negative,0.00018523450150930074
1329021357762469888,positive,0.7226895004925082
1329021358492315648,negative,0.07027094461110718
1329021364058136576,negative,0.03174554724775216
1329021365794590721,positive,0.8548369674431697
1329021369854668803,negative,0.13861812857309747
1329021374208352258,negative,0.11892712621100039
1329021379262427137,neutral,0.37904565007083096
1329021383419064321,positive,0.7903036910621056
1329021385134510082,negative,0.16073271281061452
1329021395607703552,negative,0.20439966089722336
1329021396610060288,negative,0.0002751115606057492
1329021400137539586,negative,0.02036554036742403
1329021402528313344,negative,0.02036554036742403
1329021407582359555,negative,1.3167654966359271e-05
1329021408555524098,negative,0.17767257129070335
1329021414796644352,negative,1.4666308777988975e-06
1329021416679862273,negative,0.03174554724775216
1329021418835644416,negative,0.0021779150694325976
1329021420219863041,positive,0.9998497862296873
1329021420362493957,positive,0.9980892263803205
1329021421532684289,positive,0.9951070464879925
1329021422908411905,negative,0.01825407400807815
1329021426343567368,negative,0.007145018025766866
1329021429829033984,positive,0.8626319423451757
1329021433150844930,negative,0.22266874491214123
1329021433398382593,negative,0.012733965306920133
1329021439815585792,negative,0.049116881680582695
1329021441497509890,positive,0.7120876374251325
1329021449307377664,negative,2.3325545865015995e-06
1329021451287060480,neutral,0.4004611714468761
1329021451408650241,negative,0.007928199708923792
1329021452931239936,negative,0.0452403002880442
1329021463987441664,negative,0.13861812857309747
1329021482400440320,negative,0.003665008718784615
1329021486271787008,negative,7.357890194535056e-06
1329021487530078210,negative,0.022016955025429333
1329021488125648896,negative,0.003992231928623125
1329021488415059970,negative,0.03174554724775216
1329021493305630726,negative,0.0004135968220639217
1329021508644122626,negative,0.010575250706996555
1329021508862287872,positive,0.8385304717581962
1329021509369810944,negative,0.11526384599213464
1329021511475277824,negative,0.022448663598140576
1329021519129841666,negative,4.0212717649708405e-05
1329021529011736581,negative,0.00010697678886779039
1329021532123901954,positive,0.9311745598701997
1329021533407244290,negative,0.31251327812974533
1329021533482864645,positive,0.9721940146510133
1329021533512224770,negative,0.0021051793074916476
1329021533776297985,negative,0.2007930553580265
1329021536657944576,negative,0.038377483446613264
1329021537454874624,negative,0.04783204791256433
1329021544597770240,negative,0.01713066605039747
1329021544878764032,negative,0.1677144689133438
1329021550721445889,negative,0.2540500702929412
1329021551883247616,negative,0.03174554724775216
1329021566680780800,negative,0.0410931964244062
1329021578693271556,negative,0.08278592923710822
1329021579523710977,positive,0.8626319423451757
1329021580748484608,negative,0.0013510839540956557
1329021594866507777,negative,0.038935790129706944
1329021596691017733,negative,8.006320733696809e-09
1329021596871372800,neutral,0.3741382439474782
1329021597127221258,negative,0.002001648312374684
1329021597462786048,negative,0.0004357436633456156
1329021600478400513,negative,0.049116881680582695
1329021607336161280,negative,0.056910435579797164
1329021613455634432,negative,0.1882280375295459
1329021622720876544,negative,0.11526384599213464
1329021634632671233,neutral,0.5316624617817726
1329021646439673856,negative,0.035348891581387175
1329021651191799810,positive,0.9127855717089624
1329021651640520708,negative,0.2527204019827777
1329021652517216256,negative,0.03543265497925967
1329021654073274368,negative,0.038942239209224176
1329021660461199361,positive,0.9946891180195289
1329021665515331589,neutral,0.43139676472579125
1329021683542487040,negative,0.04654720890921037
1329021684184182787,negative,0.09633065975676036
1329021687506071552,negative,0.1577802935957789
1329021688516911104,negative,0.00782105457414771
1329022791652417539,neutral,0.6394071916333819
1329022791681789952,negative,0.0002822982562142723
1329022793153966080,negative,0.2527204019827777
1329022798136823808,negative,0.03174554724775216
1329022801328676865,negative,0.2245266219024561
1329022803744579584,negative,6.060528289618664e-13
1329022805904666624,negative,0.06444875432592104
1329022805967507463,negative,0.03202709273483515
1329022809016856576,negative,0.16146953319818114
1329022811093016577,negative,0.13942163342612146
1329022816482717696,negative,0.2680814785319616
1329022819670355970,positive,0.9988594616683009
1329022827052363780,negative,0.041931043188233444
1329022843334635527,negative,0.022448663598140576
1329022843754049536,positive,0.8506200277692924
1329022845691850754,neutral,0.6268269507282034
1329022848120332288,negative,0.008787525787110336
1329022848816517124,negative,5.904960670560596e-06
1329022856374718465,negative,0.001555985256880271
1329022857779744770,negative,0.020914049684131946
1329022875223928834,negative,0.003767642472560326
1329022895608246272,negative,0.056910435579797164
1329022897202016257,negative,0.2527204019827777
1329022897642409984,negative,9.493145013222431e-07
1329022902080069633,positive,0.9998497862296873
1329022908371492865,neutral,0.5280807053868765
1329022910804144131,negative,0.1815637306543603
1329022913832513539,negative,0.20392489627922936
1329022925127770112,negative,0.26753718637560187
1329022936892796930,negative,0.008212241301406197
1329022943108673537,negative,1.2525308429308513e-08
1329022944195063808,negative,0.2527204019827777
1329022946875203586,negative,0.027480800155846846
1329022953644830723,negative,2.988813778249915e-05
1329022963966996481,negative,0.049116881680582695
1329022964105441281,negative,0.03174554724775216
1329022964218687491,negative,0.0022464115172049445
1329022978538033153,negative,0.0022430184301946705
1329022994069524482,negative,0.049116881680582695
1329023001791242241,negative,0.25650283639923405
1329023003905171456,negative,0.03174554724775216
1329023007189307392,positive,0.6824837810859113
1329023007944302592,negative,0.00011857714900623938
1329023015909285888,negative,0.1948175699787419
1329023016160911361,negative,0.13861812857309747
1329023017536647170,negative,0.07976262264837501
1329023021093425152,positive,0.9603877078171027
1329023025988112387,negative,2.7185536144919887e-06
1329023030648041472,negative,0.2684058741590342
1329023032413843456,negative,0.004254606760742535
1329023043910381568,negative,0.2527204019827777
1329023044912820226,negative,0.13861812857309747
1329023055314632705,negative,0.0016217672608484844
1329023055436410880,positive,0.9993765690410338
1329023062440816647,neutral,0.5191887915502094
1329023064202502144,negative,0.001167821788848643
1329023065695588352,negative,0.000596821118090403
1329023065964081153,negative,0.26569869204662905
1329023067323031560,negative,0.03174554724775216
1329023067545366528,negative,0.0016217672608484844
1329023074671398912,neutral,0.399155464958378
1329023091108958209,positive,0.7364421656124489
1329023103746199553,negative,0.1127305886391842
1329023107231866881,negative,0.2546916305421647
1329023107248558080,negative,0.00528782087425458
1329023108565626882,negative,0.049116881680582695
1329023112491446273,positive,0.8499580781017751
1329023119034552323,negative,0.03057054275510026
1329023121928704009,neutral,0.48728019602140255
1329023123082125313,neutral,0.6268269507282034
1329023123551887362,negative,0.03174554724775216
1329023127876059137,negative,0.00018743406222782274
1329023127926550528,negative,0.08676386544837651
1329023129096761344,negative,0.00023568924622745132
1329023147153240068,neutral,0.4204224492387797
1329023147794968577,negative,0.00026338549993979295
1329023150152179715,negative,0.04231146546234486
1329023150567337984,negative,0.03094039859650781
1329023155734777862,negative,0.2644550277159197
1329023156187770882,negative,0.07034148990995197
1329023157534068737,negative,2.3325545865015995e-06
1329023163343253509,negative,0.25650283639923405
1329023171379535874,negative,0.024653766954649377
1329023185875046402,negative,0.29390486269613675
1329023188366487555,negative,0.02157309924078266
1329023190186778626,negative,0.049116881680582695
1329023194376892417,negative,0.00011857714900623938
1329023195324755968,positive,0.8499580781017751
1329023199913381892,negative,0.02916593407284507
1329023209157652480,negative,0.018936977167139334
1329023213809111042,negative,0.10441973048031464
1329023214320758784,neutral,0.5191887915502094
1329023219941183492,negative,1.7029892516052816e-09
1329023250316267520,negative,0.02916593407284507
1329023250626699271,negative,0.02916593407284507
1329023252799369216,negative,1.1381769537637776e-13
1329023253684359168,negative,6.989119878931499e-05
1329023256502931458,negative,0.049116881680582695
1329023258902081538,negative,0.008787525787110336
1329023266036572161,negative,1.2525308429308513e-08
1329023273745739777,negative,1.2525308429308513e-08
1329023274446184448,positive,0.7703550035174976
1329023285565267969,negative,0.0017829997280767178
1329023292309725185,negative,0.27075084536239746
1329023292326506497,negative,0.0028473850898477586
1329023294826307587,negative,0.10622421319651891
1329023295547707392,positive,0.9637864865222867
1329023296092901378,negative,0.05863744435471226
1329023300165652483,positive,0.9973366185822286
1329023304359944193,neutral,0.506243767574706
1329023307845234690,neutral,0.42941657152772095
1329023316334505984,negative,0.005578782546136925
1329023323435651075,negative,0.1004436230119933
1329023327432826880,positive,0.9799412679784458
1329023328888217600,positive,0.9980892263803205
1329023330104586240,negative,0.05652344363213604
1329023336513294336,negative,0.009786089782299735
1329023337805262851,negative,0.0002742503130764029
1329023341211103232,negative,1.2525308429308513e-08
1329023343509573632,neutral,0.35509496682161057
1329023350979637252,neutral,0.5706320869148787
1329023352607006722,negative,1.4058369084278835e-11
1329023353026469889,negative,0.11526384599213464
1329023360425189376,negative,3.48498248264284e-05
1329023371665944576,negative,0.02916593407284507
1329023378242621442,negative,1.2525308429308513e-08
1329023378771087365,neutral,0.46129991709613855
1329023378934685697,negative,0.07992558535046296
1329023379932934144,negative,3.101135666271267e-05
1329023380998250497,negative,0.32611281891246785
1329023381505789952,negative,0.012628885183657037
1329023390712279046,negative,0.03174554724775216
1329023395812487168,negative,0.26569869204662905
1329023402544427008,negative,0.005893664622273217
1329023404477911042,negative,0.000665669273480017
1329023404557660166,negative,0.056910435579797164
1329023409100115972,neutral,0.5078772601479336
1329023409481797632,negative,0.008212241301406197
1329023409980891138,negative,0.04855927213808098
1329023413969686530,negative,0.03174554724775216
1329023423473913856,positive,0.9733190803573936
1329023428435742720,negative,0.005578782546136925
1329023434337230848,positive,0.8499580781017751
1329023437591994368,negative,0.12654039802666828
1329023440746143744,negative,0.03174554724775216
1329023443237474310,negative,0.02120123845000493
1329023443996729344,negative,0.16146953319818114
1329023450279718912,negative,0.03312309945667965
1329023453178056705,negative,0.007628219697014252
1329023454557970434,negative,0.06115349934173591
1329023455384186881,negative,0.056910435579797164
1329023456306925568,neutral,0.47760839526369675
1329023459364573184,negative,0.02916593407284507
1329023468021690368,negative,0.007105323028658923
1329023474954809344,negative,0.03174554724775216
1329023477265936384,positive,0.9993765690410338
1329023477660217345,neutral,0.6268269507282034
1329023487021887490,negative,0.2788902468636368
1329023487382577153,negative,0.0011523213796460743
1329023487730741250,negative,0.02423585195837712
1329023498472271874,positive,0.9997949903406993
1329023499181187073,neutral,0.5337424604275052
1329023507049684992,negative,0.00023174885380070745
1329023507309715459,negative,0.0007373689601171835
1329023508920344576,negative,0.03174554724775216
1329023510073761801,negative,0.07247944008606926
1329023510564532224,negative,0.03174554724775216
1329023510711316480,negative,0.009507845491574903
1329023521641668608,negative,0.0033609144040695755
1329023527341740033,neutral,0.56353722304687
1329023528524521475,negative,0.13861812857309747
1329023530068013056,negative,4.478743939696226e-05
1329023531385020420,positive,0.9997949903406993
1329023534585290752,negative,0.0937885732587202
1329023538091732992,negative,0.0006941526197091737
1329023539979161603,negative,0.0003671338070972741
1329023541988220928,positive,0.9824430316381918
1329023543330353152,negative,0.0005020194191006245
1329023545595355139,positive,0.6625963085478521
1329023550829830147,negative,0.1004436230119933
1329023551119224834,negative,0.1004436230119933
1329023553488949248,negative,5.392420475503748e-07
1329023558195027971,negative,0.021973732996273036
1329023559763636226,negative,0.19714878333315808
1329023560388542465,negative,0.015438866360663377
1329023562703835136,negative,0.013070950307772906
1329023564905926658,negative,0.0006645056187698556
1329023565073690624,positive,0.7523745150635074
1329023566352932865,negative,0.02916593407284507
1329023569154756610,positive,0.9733190803573936
1329023575848837121,negative,0.007628219697014252
1329023585625792515,negative,0.054918398901661496
1329023587131535364,negative,0.23123164247498618
1329023602193207297,negative,1.0325628459485464e-07
1329023604177113089,positive,0.8403786119451595
1329023610187616257,negative,0.0001884927821334949
1329023622950883330,negative,0.02916593407284507
1329023627182870530,positive,0.9733190803573936
1329023634011283456,negative,1.2525308429308513e-08
1329023639111524353,negative,0.07075721357869605
1329023641938518016,negative,9.455262407048215e-10
1329023646124355586,negative,0.32611281891246785
1329023649899274245,neutral,0.518865395996961
1329023660322131969,negative,2.3325545865015995e-06
1329023666923966467,negative,0.2546916305421647
1329023667393662977,negative,0.13861812857309747
1329023675702636546,negative,0.02916593407284507
1329023682056921088,negative,0.02487065832293259
1329023682874904580,negative,0.03174554724775216
1329023685781581825,neutral,0.5537584217941632
1329023696607080451,negative,0.006627293178118547
1329023701090709504,negative,0.02916593407284507
1329023702911082499,negative,1.2525308429308513e-08
1329023704081305602,negative,0.02036554036742403
1329023707520622592,negative,0.26204138562452517
1329023711635234816,negative,0.02916593407284507
1329023712511877121,negative,0.23009117739005716
1329023720002891776,negative,0.03174554724775216
1329023723471581191,negative,0.02916593407284507
1329023724775989249,negative,1.2525308429308513e-08
1329023726835404800,negative,0.05652344363213604
1329023731864379393,negative,0.19702194876845244
1329023732128616449,positive,0.9733190803573936
1329023732367691779,negative,0.000596821118090403
1329023740273975298,negative,2.700358215245603e-05
1329023740798230533,negative,0.03174554724775216
1329023750994595843,neutral,0.4269280563963991
1329023751464300544,negative,0.02244108163693077
1329023755440558084,negative,1.2525308429308513e-08
1329023756375781376,neutral,0.6131254196785183
1329023760335327233,neutral,0.4204224492387797
1329023761572638720,negative,0.03174554724775216
1329023764059869185,negative,0.0015649889944623358
1329023766312185861,negative,0.027480800155846846
1329023766349959168,negative,0.1418196084051349
1329023769562787842,negative,0.03174554724775216
1329023775132807171,negative,0.013070950307772906
1329023786709114884,negative,0.041931043188233444
1329023797513564166,negative,0.29390486269613675
1329023805113720834,negative,0.02244108163693077
1329023809362522114,negative,0.02036554036742403
1329023819571408901,negative,0.004143642159073877
1329023820414529544,positive,0.9993765690410338
1329023823837061123,negative,0.22358659762905125
1329023828698275840,positive,0.8245012642799281
1329023831311327235,negative,0.2969601411995966
1329023833114865666,negative,0.0002666992443227422
1329023837577617412,neutral,0.4204224492387797
1329023850101829632,negative,0.007513712083923423
1329023867784998912,negative,0.0028473850898477586
1329023885040291841,negative,4.820869558724323e-08
1329023890736209921,negative,0.0032254634925601537
1329023898202017792,negative,0.006627293178118547
1329023898927632386,positive,0.9998497862296873
1329023908343930880,negative,0.00019378869851584764
1329023926232604675,negative,1.2525308429308513e-08
1329023927650234368,negative,0.012733965306920133
1329023930972168192,negative,1.4147644818000085e-08
1329023931131498496,negative,0.026385366595882035
1329023936126980096,negative,6.989119878931499e-05
1329023951150964736,positive,0.9980892263803205
1329023954942615552,neutral,0.6268269507282034
1329023958444871680,neutral,0.4567206937441708
1329023959774457856,negative,0.09938328665782649
1329023960168747008,negative,3.1568215544733517e-13
1329023961808719873,neutral,0.47760839526369675
1329023963356393477,negative,0.0004545092779396562
1329023966862774272,negative,0.03174554724775216
1329023973246558210,positive,0.7120876374251325
1329023986039201792,negative,1.2525308429308513e-08
1329023989138808832,neutral,0.3306342676431347
1329023998798286849,negative,1.2525308429308513e-08
1329024027843842049,neutral,0.4408254659483054
1329024029869690880,negative,0.004111727543080299
1329024031010545665,neutral,0.43092475562707977
1329024034005258241,positive,0.9948007992171228
1329024049943621633,positive,0.6818816914178355
1329024050023321600,positive,0.8742410437911734
1329024050216247298,neutral,0.6303390975180583
1329024050266566656,negative,0.01928354950477627
1329024050643968002,negative,0.017449012745628045
1329024050673291264,negative,0.27831466592643966
1329024051424137217,negative,0.0011927856894143713
1329024051499708418,negative,0.13027252299199127
1329024052497969162,neutral,0.339511102421231
1329024055421317123,negative,0.00072578915591481
1329024055714918402,negative,0.19702194876845244
1329024058919440386,negative,0.10887938215413057
1329024061930868740,negative,0.0372036467331357
1329024062056697857,negative,0.02794827898921285
1329024062404771841,negative,0.005578782546136925
1329024062572679168,negative,8.156690069840848e-09
1329024064426545153,negative,0.007671591034715301
1329024064954855424,negative,0.005578782546136925
1329024065000992770,negative,0.005578782546136925
1329024070063624193,negative,0.16146953319818114
1329024079769309195,negative,0.11526384599213464
1329024082805985282,negative,0.0061432520701845605
1329024085167370240,negative,0.044719063800143934
1329024085779734529,negative,0.020692716215973753
1329024089743355909,negative,0.001706581197755254
1329024095187558401,positive,0.8499580781017751
1329024098211655680,negative,6.788044704089664e-07
1329024100107493378,positive,0.9733190803573936
1329024101118251009,negative,0.03174554724775216
1329024111067209728,negative,0.0010354051510138363
1329024119690682368,negative,0.02916593407284507
1329024129161375744,negative,5.614260980025272e-06
1329024130969059330,negative,0.00653116635626298
1329024132491698176,negative,0.003665008718784615
1329024135310274560,negative,0.02916593407284507
1329024135742304256,negative,0.08933844331324918
1329024147989606401,positive,0.8499580781017751
1329024170655674370,positive,0.671943709032619
1329024185964797953,positive,0.9824430316381918
1329024186493374464,negative,0.0007965451753006004
1329024186740826112,negative,5.899656657812204e-06
1329024195158798336,neutral,0.5078772601479336
1329024208274329603,negative,0.0035942265879967752
1329024208400216065,negative,0.2409382971164518
1329024210698690561,negative,0.006119057865643806
1329024211545972736,negative,0.03174554724775216
1329024220991533056,negative,0.10208285969737052
1329024232244846592,negative,2.3325545865015995e-06
1329024232412639233,negative,0.005306434689647255
1329024242655096833,positive,0.8361307363711337
1329024255972020225,negative,0.20025877590333047
1329024263450484740,negative,0.000862834338639005
1329024264184410112,neutral,0.46127768308170247
1329024279011348480,negative,0.0001966133221394244
1329024281716592642,negative,0.0030444731478608787
1329024286061891584,negative,0.013948458421118241
1329024288553373696,positive,0.9576273822397848
1329024298116321280,negative,0.049116881680582695
1329024298284158977,negative,0.02916593407284507
1329024301606039552,negative,0.005957101315329958
1329024301761228800,negative,0.15861427627946173
1329024311424929795,negative,0.00018523450150930074
1329024312213385218,negative,0.013070950307772906
1329024312595116032,negative,0.07477140915638286
1329024312788082688,negative,4.8929397672032686e-05
1329024313438167041,neutral,0.3426206146436782
1329024317678608385,positive,0.9312368363834873
1329024325886898177,negative,0.049116881680582695
1329024328529309697,negative,0.005299385576803907
1329024329623932931,negative,0.05347628384210337
1329024336808734720,negative,0.05358914836842836
1329024341502287872,negative,0.03174554724775216
1329024345767866368,negative,0.001092868046121576
1329024348544495617,negative,0.0038081664092214627
1329024349412712451,negative,0.029921794320959722
1329024351228846081,positive,0.9999997517324768
1329024360733052930,negative,0.1403480282058561
1329024361169301505,negative,5.614260980025272e-06
1329024367544635392,negative,0.019986919740645166
1329024368530378754,negative,0.044719063800143934
1329024376386318336,negative,0.07173576397773768
1329024378626068486,negative,8.666230785272969e-06
1329024381297811457,positive,0.9733190803573936
1329024382304391169,positive,0.8884035676508811
1329024382505771010,neutral,0.4249239077514611
1329024387413127170,negative,0.2349305213073549
1329024389346709505,negative,0.000862834338639005
1329024396929937408,negative,0.007628219697014252
1329024403024306178,negative,0.19702194876845244
1329024418014695425,negative,0.00021109022706249707
1329024432703229953,negative,0.011478583791399372
1329024439086878720,negative,2.9592511339212693e-06
1329024441423187969,negative,0.07540396131412883
1329024457344770048,negative,0.03312309945667965
1329024463200002049,negative,0.027480800155846846
1329024463938183169,neutral,0.4204224492387797
1329024471714377728,negative,0.043261467782009906
1329024477645197312,negative,0.043506742922953694
1329024477787729920,negative,0.015415332769368914
1329024478219792384,negative,0.007513712083923423
1329024485765353473,neutral,0.35331185911486457
1329024486759337984,negative,1.2525308429308513e-08
1329024489913511936,negative,0.008212241301406197
1329024493617078273,negative,0.09253843467960653
1329024504736133122,negative,0.22278494585360376
1329024505239498758,positive,0.7120876374251325
1329024514307534848,negative,8.016682120906164e-06
1329024522197094400,negative,0.16475020282125175
1329024526789832704,neutral,0.5337424604275052
1329024530623426561,neutral,0.4204224492387797
1329024543105703936,negative,0.001946165742305509
1329024550680588289,positive,0.7120876374251325
1329024560243625987,negative,0.01267221797236512
1329024564039479297,neutral,0.6465102078588633
1329024565557792768,positive,0.9105886509504068
1329024571530424322,negative,0.027480800155846846
1329024574231601152,negative,0.009551179835193317
1329024577108930560,negative,0.0007965451753006004
1329024587829534720,neutral,0.370413049341012
1329024588144128001,negative,0.07540396131412883
1329024594548830208,negative,0.011478583791399372
1329024596738248705,negative,0.02916593407284507
1329024601054121984,negative,0.12130762306316219
1329024601888862208,neutral,0.5537584217941632
1329024602996142080,negative,0.0012775937323331273
1329024607429464065,neutral,0.5078772601479336
1329024611615465472,negative,1.2525308429308513e-08
1329024617982332930,negative,0.08922309062406983
1329024645203439616,negative,4.336851900891755e-05
1329024652199522304,negative,0.13861812857309747
1329024652967108610,positive,0.9993765690410338
1329024671224897537,negative,1.2525308429308513e-08
1329024672948752384,negative,0.03174554724775216
1329024675314327554,negative,0.055367933697562995
1329024689340116999,negative,6.937043977730128e-07
1329024691885969408,negative,0.0004180548256614443
1329024692645228545,negative,0.042009800805184294
1329024694171934721,negative,0.06986888273757426
1329024697770586113,negative,0.02244108163693077
1329024700865974273,negative,0.09036137954939648
1329024707006443520,negative,1.2509370663382746e-06
1329024707614617603,negative,0.028859808849460808
1329024712723324935,negative,0.001559999518689097
1329024714103267332,negative,0.1288638439754417
1329024715776638978,negative,0.03174554724775216
1329024719467798528,negative,0.049116881680582695
1329024726614892544,neutral,0.33766841974972717
1329024726921043969,negative,0.03174554724775216
1329024731606081541,negative,6.989119878931499e-05
1329024732558192646,negative,0.013070950307772906
1329024734495973376,negative,5.574523997682899e-07
1329024742741987332,positive,0.9980892263803205
1329024745619197953,negative,0.26569869204662905
1329024746256814080,negative,0.049116881680582695
1329024763495321601,positive,0.9970936677738892
1329024769820397574,negative,0.08915560279799789
1329024774174072834,negative,0.009336353297351338
1329024777458225152,negative,0.00528782087425458
1329024777860820994,negative,0.2684058741590342
1329024778183774208,negative,0.0011154413183447364
1329024784177520643,negative,0.0003164436283165915
1329024786937286656,negative,0.0020056140925001804
1329024796466827265,negative,0.009336353297351338
1329024798358458369,negative,8.278438491412421e-06
1329024798916112385,negative,0.02916593407284507
1329024799465730049,negative,0.03174554724775216
1329024804557565953,negative,8.877065277573342e-06
1329024805228539904,negative,0.00025726069250877297
1329024809708253185,negative,0.1978926632656096
1329024810777710593,neutral,0.33766841974972717
1329024815102001153,neutral,0.6366216238007671
1329024824648339458,negative,0.044719063800143934
1329024829303844864,negative,0.22278494585360376
1329024841782005761,negative,0.1978926632656096
1329024852313968640,negative,0.07247944008606926
1329024854247542784,negative,0.2567385298050182
1329024856474705921,negative,0.03174554724775216
1329024857405796353,negative,0.1127305886391842
1329024858194382849,positive,0.9824430316381918
1329024859662376961,negative,0.056910435579797164
1329024863361785856,negative,0.04548016512871483
1329024866406854656,positive,0.8499580781017751
1329024884454907906,negative,0.008212241301406197
1329024900108083201,negative,0.049116881680582695
1329024903580880902,negative,0.213582730319992
1329024911722078209,negative,0.0005064860524614988
1329024917652824064,negative,0.03174554724775216
1329024919259271169,negative,8.666230785272969e-06
1329024920135852034,negative,0.004348343996474322
1329024942764036097,negative,0.08539638066324902
1329024945540771844,negative,1.2525308429308513e-08
1329024947256225793,negative,0.21374539491150873
1329024947373608963,negative,0.03174554724775216
1329024948342501377,positive,0.8619084794855766
1329024960354979847,neutral,0.6465102078588633
1329024960455696388,neutral,0.6200590102455651
1329024962749984770,positive,0.9916252279378228
1329024964868116480,negative,0.24416474444588673
1329024980416393222,negative,1.8494787682560808e-06
1329024982941392897,negative,0.02916593407284507
1329024983662792704,positive,0.8499580781017751
1329024988360400897,negative,0.03174554724775216
1329024996598013952,negative,1.2525308429308513e-08
1329025002407161857,negative,0.03174554724775216
1329025006525968385,positive,0.7120876374251325
1329025007855554561,negative,0.0002286389804885749
1329025008400818177,negative,0.008212241301406197
1329025018148184065,negative,0.0006033165403306299
1329025021705072640,negative,0.007563411667939047
1329025037035327496,negative,0.14308340501172523
1329025037362454528,positive,0.9824430316381918
1329025037832216577,negative,5.614260980025272e-06
1329025046992609280,negative,0.05652344363213604
1329025051321135108,negative,0.02209529882093685
1329025052453507079,positive,0.8884035676508811
1329025058963066880,negative,0.00021294926807860045
1329025063492923392,negative,0.03174554724775216
1329025068727472129,neutral,0.5196071997553641
1329025069553741830,neutral,0.3309874767000236
1329025081977298944,negative,4.197152195964948e-06
1329025082325426181,neutral,0.5214246547539924
1329025088470085633,positive,0.9311745598701997
1329025095864610816,negative,0.1932598972067344
1329025095977799684,negative,0.049116881680582695
1329025100373516291,negative,0.08367779561363367
1329025100834803712,negative,0.03174554724775216
1329025108095152129,negative,0.02916593407284507
1329025121772732416,positive,0.9998497862296873
1329025122410373120,negative,0.03174554724775216
1329025122850787329,negative,0.09374587960757146
1329025122867572736,negative,0.08933844331324918
1329025124935364608,negative,0.0030586292634587216
1329025135622250498,negative,5.353978251263543e-07
1329025137224585216,negative,0.03174554724775216
1329025142920519680,negative,0.00011256118606321358
1329025147429380097,negative,1.1054574970689288e-05
1329025150319288320,negative,0.012733965306920133
1329025156342276100,negative,0.0020740631637527845
1329025156405207040,negative,0.03174554724775216
1329025159978766338,neutral,0.3630514653412742
1329025161266343936,negative,0.0009993106120923874
1329025164596613121,positive,0.9733190803573936
1329025175862603780,negative,0.213582730319992
1329025184309923842,negative,0.000495475643683364
1329025184884527104,neutral,0.3595036219362674
1329025186826498048,negative,0.046725159992088816
1329025188038643717,negative,0.23871696831429615
1329025200256659456,negative,0.08787777550900926
1329025205600202754,negative,0.01933725525434178
1329025206044815360,negative,0.02709996344631786
1329025214668271618,positive,0.6797345685593552
1329025238831689728,negative,0.0020056140925001804
1329025241759293445,negative,0.00011857714900623938
1329025260738539520,negative,0.011478583791399372
1329025267533312001,negative,0.1978926632656096
1329025273774432257,neutral,0.41889369198925563
1329025274298703874,negative,0.027090166658291753
1329025279830994945,positive,0.9493426716196768
1329025287628132353,negative,0.027090166658291753
1329025290710953984,positive,0.9824430316381918
1329025303017086977,negative,0.2538706707882117
1329025308201259016,negative,0.003665008718784615
1329025308498903041,negative,0.0005697288208295856
1329025320016617473,negative,0.2622525160480334
1329025320243109899,negative,0.006241471568161417
1329025325121069056,negative,0.0003013285615265005
1329025328132534272,negative,0.021512000825143457
1329025332742066176,negative,0.03174554724775216
1329025339939500038,negative,0.2887562356819592
1329025342732967939,negative,6.40575209065893e-12
1329025344930721792,negative,0.1975383921457794
1329025355684974592,negative,0.03174554724775216
1329025358360944641,negative,0.0013725828936662526
1329025381450592257,negative,0.2527204019827777
1329025383577030656,negative,0.03174554724775216
1329025387146436608,negative,2.700358215245603e-05
1329025395245670400,negative,0.001337111423870316
1329025396143128577,negative,0.18208522831937501
1329025396181004289,negative,1.1122629578195665e-06
1329025397074354185,negative,0.05292652953732764
1329025405098090496,negative,0.021512000825143457
1329025406398324743,positive,0.9946891180195289
1329025406402519040,negative,0.0033262294989099784
1329025420356956163,negative,0.050488723589918204
1329025422948970498,negative,0.0011134952869729503
1329025428095463430,positive,0.9658893404618126
1329025431266267142,negative,0.11429628162272769
1329025436521816064,negative,0.09138206194005068
1329025448022519811,negative,1.2525308429308513e-08
1329025451583533057,negative,0.0003164436283165915
1329025456478285824,negative,0.008021362473696001
1329025462518034432,negative,0.005499716022382323
1329025464158085120,negative,0.043506742922953694
1329025464346808321,negative,0.02916593407284507
1329025474169810950,negative,0.23009117739005716
1329025482826928128,neutral,0.35962551396846837
1329025485590958080,neutral,0.4844831951351828
1329025489294528513,negative,0.03174554724775216
1329025498056364034,neutral,0.44838208563138116
1329025513608908800,negative,0.07163326989226887
1329025516582678530,negative,0.0027376518061053906
1329025521959768070,neutral,0.44838208563138116
1329025526237851650,negative,0.06986888273757426
1329025532604919809,negative,0.00011857714900623938
1329025536455225344,negative,4.43376838185555e-06
1329025537000550403,positive,0.9946891180195289
1329025542763520000,negative,0.03174554724775216
1329025550543949831,negative,0.2546916305421647
1329025553555460097,negative,8.666230785272969e-06
1329025557745504258,negative,9.125186711981398e-05
1329025559842664448,neutral,0.5063703740229113
1329025564796194818,negative,0.010388457479027132
1329025565672792065,neutral,0.6465102078588633
1329025567287631873,negative,0.11526384599213464
1329025568927576065,negative,0.30620571405008395
1329025571632852992,negative,0.011478583791399372
1329025575416107008,negative,0.021512000825143457
1329025577530036228,negative,0.003349301104227802
1329025578964553731,positive,0.9980892263803205
1329025596085719041,negative,0.021512000825143457
1329025598128332801,negative,1.2525308429308513e-08
1329025604189040641,negative,0.021512000825143457
1329025607489921024,positive,0.6818816914178355
1329025608010133504,negative,0.003855553989471593
1329025610258280449,negative,0.049116881680582695
1329025620228120576,negative,0.00014467839744642823
1329025623751274496,negative,0.0065552990466999535
1329025623751319552,negative,0.03174554724775216
1329025628084068352,negative,0.0014330501884948093
1329025628411207681,negative,0.0013655150677437328
1329025630051180545,negative,0.03174554724775216
1329025648397062144,negative,0.0007965451753006004
1329025649873481730,negative,9.095048136126069e-08
1329025650477379586,neutral,0.6268269507282034
1329025657205088257,negative,0.20392489627922936
1329025659688128513,negative,0.022185120599108498
1329025661831405569,negative,0.002490079686410254
1329025666906529798,negative,0.07163326989226887
1329026598927015937,negative,0.031616481885117544
1329026600806002688,neutral,0.46219315198764616
1329026611434426371,positive,0.9993765690410338
1329026615070904320,positive,0.833144223048205
1329026618094915584,negative,0.043506742922953694
1329026627523792897,negative,2.700358215245603e-05
1329026642245808128,negative,0.07586539145619911
1329026643227238401,negative,0.11711738722325415
1329026645194387458,negative,0.049116881680582695
1329026650319839232,negative,0.32068088831224084
1329026652093997056,positive,0.801593648540177
1329026659392114695,negative,0.0006033165403306299
1329026662206484480,negative,0.0007725336310652887
1329026682842460162,positive,0.7077242012622489
1329026683853295617,negative,0.023226557639677698
1329026685371621376,negative,0.03174554724775216
1329026687238107138,negative,0.006627293178118547
1329026689419145217,negative,0.0003897865491783978
1329026695958028288,negative,0.03174554724775216
1329026696465575956,negative,1.2525308429308513e-08
1329026702626971648,negative,0.008212241301406197
1329026703692353540,negative,1.8148872292783005e-08
1329026704325693443,negative,0.1664054923820585
1329026717365772291,negative,0.00036788908265673154
1329026717407698944,negative,0.09473256773814476
1329026722877108226,negative,0.00017381142055136764
1329026731030745091,neutral,0.4204224492387797
1329026732549083136,negative,6.200362882204221e-08
1329026740438568961,negative,0.004809763970896627
1329026743634628611,negative,5.904960670560596e-06
1329026744645525505,negative,0.006698313165056153
1329026746667175937,negative,0.0003897865491783978
1329026747325624321,negative,1.8148872292783005e-08
1329026759036166145,negative,0.20972723504764415
1329026760630038528,negative,0.03197972125486098
1329026760978128896,negative,1.2525308429308513e-08
1329026764232929280,negative,0.003911812492780437
1329026769349971970,negative,0.0020056140925001804
1329026769572278272,negative,0.03174554724775216
1329026779886080001,negative,0.00017930639587787256
1329026780527812609,negative,0.0029790079593234077
1329026781639274496,negative,0.29049104527122765
1329026791936323584,negative,0.19714878333315808
1329026795262382082,negative,0.03174554724775216
1329026796092841987,negative,0.04450258755415101
1329026804078817280,negative,3.4041806050699e-10
1329026807694323714,negative,0.11867897279079086
1329026808055013376,negative,0.021512000825143457
1329026813335642113,negative,0.03174554724775216
1329026816129044482,negative,0.2291415380637458
1329026818360434689,positive,0.7548131667394044
1329026820877000705,negative,0.006339997017063484
1329026823016108032,positive,0.9982252347971543
1329026824987312128,positive,0.7523745150635074
1329026826425954305,negative,0.023222742518118435
1329026830666436612,negative,0.001252841190134462
1329026851508015105,neutral,0.49789225920557484
1329026856188850178,negative,0.09473256773814476
1329026869900021760,neutral,0.3604370363234713
1329026876392808448,negative,0.0003897865491783978
1329026890682814465,negative,0.08033761983747066
1329026892058521600,negative,0.023390999651581888
1329026893123817472,negative,0.00653116635626298
1329026894826774529,negative,0.021512000825143457
1329026896332550146,neutral,0.3801931429962831
1329026897913798657,negative,0.061163049936959576
1329026899813801984,negative,0.01662068590802692
1329026901978079232,negative,0.0003897865491783978
1329026906319167488,negative,0.03174554724775216
1329026926921609218,positive,0.9998497862296873
1329026933817040896,negative,0.001946165742305509
1329026940733370368,negative,0.0032271328303840456
1329026943837233158,negative,0.08058128796297123
1329026944617353228,neutral,0.5826384533189338
1329026946022432768,negative,0.056910435579797164
1329026949759557632,negative,0.007513712083923423
1329026971431530496,negative,0.0009550281022366727
1329026994584104965,positive,0.7120876374251325
1329026996668600321,negative,0.02916593407284507
1329026998417711107,negative,0.049116881680582695
1329027004738506753,negative,0.25627796514331436
1329027004927258625,negative,0.12172616794576376
1329027005455675395,negative,0.19714878333315808
1329027012133072902,negative,1.2525308429308513e-08
1329027012476932098,negative,0.001382770082526125
1329027025248677888,negative,0.049116881680582695
1329027026217558016,negative,2.6760837252134065e-11
1329027030659297283,negative,0.03174554724775216
1329027036158038018,negative,0.025179029065857866
1329027036879458309,negative,2.5388702751065665e-07
1329027041447047169,negative,0.14053562451587912
1329027044844445696,negative,0.03174554724775216
1329027050301231104,negative,0.004262716906042282
1329027052201254913,negative,0.0065552990466999535
1329027060979871746,negative,0.049116881680582695
1329027066306699266,negative,0.11526384599213464
1329027068433207296,negative,1.2525308429308513e-08
1329027069922091010,neutral,0.3767286316605835
1329027072929505282,negative,0.24481060457076353
1329027076201082880,positive,0.694868817006483
1329027076356272128,negative,0.009894043339724675
1329027080147906561,negative,0.019040736889838407
1329027098783199232,negative,0.0019349933657737282
1329027100515454978,negative,0.03749674077601648
1329027102453198850,negative,0.07057130721245164
1329027105212993536,negative,0.06736198308502343
1329027106228015105,negative,5.4629496610164984e-09
1329027109734535168,positive,0.9962102602195994
1329027109931667457,negative,2.208145243654346e-07
1329027112909598720,negative,0.00044516673930943527
1329027123194044419,neutral,0.62085830825743
1329027132241088513,negative,0.0529396098554257
1329027141695049728,negative,0.026208134722528562
1329027146086555649,negative,0.1611848673198973
1329027148687040512,negative,4.7463172160171335e-05
1329027153451749377,negative,0.25627796514331436
1329027158220615680,negative,0.05626063055117953
1329027160187817993,negative,0.006627293178118547
1329027161202757632,negative,0.03174554724775216
1329027161513222144,neutral,0.47760839526369675
1329027169553670154,neutral,0.6268269507282034
1329027176285548546,negative,0.13734478442448841
1329027178890203137,negative,0.041931043188233444
1329027181687738371,negative,0.009962102735999224
1329027182962814976,negative,0.0410931964244062
1329027193175945216,negative,0.008212241301406197
1329027194509733889,negative,0.03174554724775216
1329027204878102533,negative,0.011067789533628419
1329027205784023041,negative,0.049116881680582695
1329027207054970881,negative,0.007452487168449591
1329027210351611906,negative,0.14308340501172523
1329027211509239814,negative,0.0003897865491783978
1329027213673574400,negative,0.007563411667939047
1329027215464558593,negative,0.09473256773814476
1329027227137302529,negative,0.24198280427138563
1329027239913074688,negative,0.03174554724775216
1329027244719808512,negative,0.01662068590802692
1329027247085326336,positive,0.8499580781017751
1329027250830929921,negative,0.3255846742798459
1329027251258740742,negative,0.08059640311905034
1329027251543871496,negative,0.22959511018853535
1329027253959872513,negative,0.16745793650068413
1329027254890934275,negative,0.039735884322480694
1329027260532264961,negative,0.06462490400219793
1329027263472562177,negative,2.806962183554742e-07
1329027268316946432,negative,0.16950991409481855
1329027285782032384,negative,0.004405614618813197
1329027296594948096,negative,0.23009117739005716
1329027297224105985,negative,4.76148768316384e-06
1329027309031055360,negative,4.7680697895815514e-07
1329027315062411264,negative,0.03174554724775216
1329027320657702913,negative,0.16950991409481855
1329027328446521346,negative,0.0016217672608484844
1329027337363525632,negative,0.023222742518118435
1329027337996922882,negative,0.02916593407284507
1329027343541743618,negative,0.007513712083923423
1329027354295902208,negative,0.01662068590802692
1329027355575259136,negative,0.32127665073336464
1329027355747213315,negative,0.03174554724775216
1329027358309937153,negative,0.2980286982250254
1329027361732517889,negative,4.1406431316062097e-07
1329027367776505856,negative,0.20392489627922936
1329027377209495553,negative,0.044719063800143934
1329027383668715520,negative,0.16675587646301898
1329027387095445505,neutral,0.6185211290555667
1329027389297483776,negative,0.03174554724775216
1329027393382719489,negative,0.03174554724775216
1329027403285409798,negative,0.03174554724775216
1329027407240695809,negative,0.056910435579797164
1329027407504879620,positive,0.9498892033203619
1329027410063454208,negative,0.043506742922953694
1329027424626102275,negative,0.09795595610957142
1329027443022303233,negative,0.02036554036742403
1329027444955893761,negative,0.03174554724775216
1329027461942829057,negative,0.02036554036742403
1329027466829172740,negative,0.003767642472560326
1329027472374067200,negative,0.006829213850159854
1329027476274745344,negative,0.0003897865491783978
1329027499058147330,negative,0.14975622712641848
1329027499267907585,negative,1.6187051263607859e-06
1329027504028389378,negative,6.179750547087328e-05
1329027509321666560,negative,0.0020056140925001804
1329027514971410436,negative,0.03668645609029666
1329027519316697089,negative,0.25627796514331436
1329027521967484930,negative,0.2546916305421647
1329027522059755521,negative,0.00682537552982903
1329027527445274635,positive,0.9946891180195289
1329027532478361600,negative,0.006272720115656045
1329027536672665605,negative,0.032862900518830486
1329027538220445698,negative,0.213582730319992
1329027548760715266,negative,0.008212241301406197
1329027551071789056,negative,0.03934133296365174
1329027556536963073,negative,7.408907936845277e-05
1329027558633922561,negative,0.006241471568161417
1329027572810780674,negative,0.006272720115656045
1329027573066567687,negative,0.005578782546136925
1329027573096058880,negative,0.016164030157804394
1329027573968416770,negative,0.05708554068089299
1329027582919118849,negative,0.0020056140925001804
1329027583875354625,negative,0.006272720115656045
1329027585469255680,negative,0.02794827898921285
1329027588178763780,negative,0.0017554817439174163
1329027590296920067,negative,0.2349305213073549
1329027592628867073,negative,0.0020056140925001804
1329027593165803521,negative,0.2896601595396448
1329027595040600064,negative,3.6911983465721516e-08
1329027596194033672,negative,0.020692716215973753
1329027597813080065,negative,0.04286882523426534
1329027606902153223,negative,0.006272720115656045
1329027607212548099,positive,0.9980892263803205
1329027608168845313,negative,0.19328307060021285
1329027608890253312,negative,0.023222742518118435
1329027610907729922,negative,0.01159462755732421
1329027614258974722,negative,0.32611281891246785
1329027622895022081,negative,0.03174554724775216
1329027623071207428,negative,0.1055376693842279
1329027624937648130,negative,0.25627796514331436
1329027625977831424,positive,0.7547648678595211
1329027628368621569,negative,0.008787525787110336
1329027629656236032,negative,0.009538945746022851
1329027633787572227,negative,0.011944353708722913
1329027636933300224,negative,0.006272720115656045
1329027642922848256,negative,0.000665669273480017
1329027646722875392,negative,0.020790252275053305
1329027647880507399,negative,0.0007168172961634977
1329027649705009152,negative,0.03474772974193943
1329027658001375232,negative,0.22805350976934174
1329027660845080576,negative,1.3942902067366203e-06
1329027660924805120,positive,0.9160198809448034
1329027667694411776,negative,0.11894155749545522
1329027669279838208,negative,0.0006734114410422542
1329027670311645184,negative,0.0020673990662641245
1329027673209905153,negative,0.009538945746022851
1329027678826065922,positive,0.8626319423451757
1329027681623678977,negative,0.019275868313484833
1329027685834764290,negative,0.01766520062038708
1329027701852811266,negative,0.0016795741885509855
1329027703207505926,negative,0.03174554724775216
1329027704969175042,neutral,0.4004611714468761
1329027705837383687,negative,0.08059640311905034
1329027706256826368,negative,0.006272720115656045
1329027707708051456,negative,0.034261261886291236
1329027709079597056,negative,9.32844030053459e-06
1329027709830385665,negative,0.006272720115656045
1329027714112741376,negative,0.0005862921480486317
1329027717141049344,neutral,0.5191887915502094
1329027720735559680,positive,0.8499580781017751
1329027721268228096,negative,0.07034148990995197
1329027725730799616,negative,0.009538945746022851
1329027725764546561,negative,0.0055632325181838894
1329027734786469894,negative,0.0008184999526962599
1329027741610618886,negative,0.03174554724775216
1329027747788763136,negative,0.08059640311905034
1329027755443429376,negative,0.041931043188233444
1329027756328431618,negative,0.006272720115656045
1329027759897800704,negative,0.041931043188233444
1329027768642891776,negative,0.0013255492373023085
1329027769112653824,negative,1.2525308429308513e-08
1329027771247566849,negative,0.041931043188233444
1329027773730590724,negative,0.05627583952131656
1329027778793140227,neutral,0.5826384533189338
1329027779317424129,negative,0.08059640311905034
1329027780835684354,negative,0.1334899944984731
1329027782140112897,neutral,0.4813227857954582
1329027785864720389,neutral,0.5630410866502906
1329027787961864192,negative,0.2546916305421647
1329027788427436032,negative,1.0577546490149797e-05
1329027788431618048,positive,0.7547648678595211
1329027794316238849,positive,0.9980892263803205
1329027796300128257,positive,0.8499580781017751
1329027797566844929,neutral,0.4507454498615163
1329027804177068033,negative,0.08059640311905034
1329027805418557440,positive,0.9258965891846087
1329027810237837312,positive,0.9733190803573936
1329027813861691392,negative,0.03174554724775216
1329027815929470976,negative,0.049116881680582695
1329027822464200705,negative,0.03174554724775216
1329027824745897984,neutral,0.378465129289374
1329027825194528768,negative,5.273983534072109e-05
1329027825194725378,neutral,0.361033562580199
1329027825408544768,negative,0.07738025624478546
1329027825668485120,positive,0.9187734058430442
1329027827220492294,negative,0.21205647504609465
1329027830349443072,negative,0.048094145620658654
1329027831993688064,negative,0.049116881680582695
1329027832446644225,negative,0.002594986289360045
1329027836787765248,negative,0.023340599972050687
1329027837236568071,negative,3.6911983465721516e-08
1329027838318694405,neutral,0.6583285171774348
1329027838515814400,negative,0.23123164247498618
1329027840046747651,negative,0.03958439064843221
1329027840587739138,negative,5.839393570473188e-06
1329027849181945856,negative,5.729098108446164e-06
1329027850897416197,negative,0.0009907051315239577
1329027854248579072,neutral,0.4242928481001931
1329027857453096961,negative,6.627189162944778e-07
1329027859185348609,negative,2.646666738138696e-05
1329027874020618243,negative,0.049116881680582695
1329027882199420929,negative,0.006627293178118547
1329027883671711747,negative,0.038377483446613264
1329027886343458819,negative,0.02926406138336678
1329027887333257217,negative,0.08367779561363367
1329027891242430464,negative,0.007628219697014252
1329027899370983425,negative,0.03174554724775216
1329027918610227202,negative,0.041931043188233444
1329027924662636546,negative,0.0031729981474488654
1329027925954408449,negative,0.0035982312231847766
1329027932334022657,negative,0.03174554724775216
1329027933231599618,negative,3.6911983465721516e-08
1329027936360538115,negative,0.016367995604271254
1329027939950878720,positive,0.9946891180195289
1329027942471639041,negative,0.0022464115172049445
1329027950864379905,negative,0.011478583791399372
1329027954236674049,negative,0.2419796603884926
1329027975879208961,positive,0.9980892263803205
1329027982711791616,negative,0.021616194365032836
1329027994413883394,negative,0.03174554724775216
1329028004635435012,negative,0.017835142771235858
1329028014815006720,positive,0.9878399854137578
1329028025434910726,negative,0.00010356641028901488
1329028026089299968,negative,0.11366180338857687
1329028028664598528,positive,0.9980892263803205
1329028032670076929,negative,0.02036554036742403
1329028039813062657,negative,0.03174554724775216
1329028046540730370,negative,0.04548016512871483
1329028047106940929,negative,5.904960670560596e-06
1329028053159309312,negative,0.32068088831224084
1329028053201268736,negative,0.00034036055284919703
1329028067860344833,negative,0.03174554724775216
1329028068204290055,negative,0.00072578915591481
1329028068833447936,negative,0.005266575894813474
1329028074768396288,negative,6.937043977730128e-07
1329028076513144832,negative,0.05543721014479904
1329028076559364096,negative,0.049116881680582695
1329028079793164288,negative,0.041931043188233444
1329028084599820288,negative,0.03174554724775216
1329028087208685569,negative,0.2546916305421647
1329028103931383808,positive,0.7120876374251325
1329028117277630466,negative,0.0006251466040604204
1329028122277257217,positive,0.8273330094162127
1329028130019958785,positive,0.6954162271346244
1329028130259005442,negative,0.041931043188233444
1329028136659464192,negative,5.614260980025272e-06
1329028143651368966,negative,0.056910435579797164
1329028177528844291,positive,0.9946891180195289
1329028177683943425,negative,0.00024952956638786317
1329028187821584384,negative,0.2527204019827777
1329028196038270978,negative,0.00035443103861171804
1329028209879486464,positive,0.7479635095724465
1329028213788569606,negative,0.03174554724775216
1329028216032473089,negative,0.048094145620658654
1329028219438186496,negative,0.00041593981472322475
1329028221963300869,negative,6.989119878931499e-05
1329028223020261382,neutral,0.3306342676431347
1329028224563679236,negative,0.02736501845138325
1329028229395582977,negative,0.2527204019827777
1329028238392389633,negative,0.08665159118303949
1329028249549230080,negative,0.0003386842451837804
1329028272508858369,negative,0.24128715593906983
1329028279509061634,neutral,0.6465102078588633
1329028286299721728,negative,0.3064653746617535
1329028288740798464,negative,9.82999639220414e-07
1329028297041305603,negative,0.0003897865491783978
1329028298047893505,negative,0.2419796603884926
1329028298760970242,negative,0.006272720115656045
1329028299796910085,negative,0.23009117739005716
1329028299876671490,negative,0.005647323783587595
1329028303630389252,negative,0.03174554724775216
1329028308814749701,negative,0.08059640311905034
1329028310932856833,positive,0.9962102602195994
1329028313613017094,negative,1.2525308429308513e-08
1329028315248812033,negative,0.048415624060034995
1329028318545502209,negative,0.03684282214473442
1329028326573404160,neutral,0.411594083119197
1329028328271953921,positive,0.9852006620306034
1329028331275214851,negative,0.008434935312470752
1329028337205972992,negative,0.00018893160106342062
1329028358059986945,negative,0.23009117739005716
1329028369518878721,negative,0.1334899944984731
1329028373927038981,negative,0.021512000825143457
1329028375911030785,negative,0.03174554724775216
1329028377764896769,positive,0.9999300096200171
1329028377941073920,negative,0.15101798472306766
1329028385679552513,negative,0.041931043188233444
1329028406038630400,negative,0.049116881680582695
1329028411860332545,neutral,0.4802436926283848
1329028453484666880,negative,0.003325104836950666
1329028466897952769,positive,0.9335793736601556
1329028468542201858,positive,0.9998497862296873
1329028470542725126,negative,0.03983031260542193
1329028489341767680,negative,4.847264274461175e-09
1329028500154703879,negative,0.00012937869194038076
1329028500750094336,positive,0.7293167926067546
1329028501077454848,negative,0.02036554036742403
1329028503761719297,negative,0.03312309945667965
1329028506878173184,neutral,0.5063703740229113
1329028526041919489,negative,0.0010914547526192468
1329028537882464256,negative,0.08888283934031255
1329028554596691968,negative,0.2980286982250254
1329028563027234823,negative,0.056910435579797164
1329028571956965376,negative,0.0008671662738636686
1329028572401586176,negative,0.32475832049844605
1329028575941578753,negative,0.006241471568161417
1329028582769889281,negative,9.56633949503671e-06
1329028588042117120,negative,0.03174554724775216
1329028590999121920,negative,0.22959511018853535
1329028607449190409,negative,0.23955364771902507
1329028611047890949,negative,0.00018523450150930074
1329028611375058944,negative,0.041931043188233444
1329028615997100032,negative,0.2501221375205244
1329028620501856256,neutral,0.3378960295261649
1329028620581556224,negative,1.4424013407721952e-05
1329028625199476737,negative,0.041931043188233444
1329028628852723713,negative,0.12119614147604922
1329028631075622916,negative,0.00011562825467449278
1329028632942141441,negative,0.03174554724775216
1329028634019917824,neutral,0.5860924973296694
1329028635639095297,negative,0.17106909200245496
1329028653787836416,negative,0.0029005586915290234
1329028657000685569,negative,0.02105355514609601
1329028660184178689,negative,0.056910435579797164
1329028663636013059,negative,0.009527432898825768
1329028664739164160,negative,7.408907936845277e-05
1329028667964600323,negative,0.06695864543577425
1329028668778303489,negative,0.0020436789208426423
1329028669847859200,neutral,0.4772008014292784
1329028670862876674,negative,0.0002104886461242575
1329028673228464131,neutral,0.49550388591062333
1329028676726497282,negative,0.0013684794016519107
1329028681499553793,negative,0.0002104886461242575
1329028687988207617,negative,0.002380902190873961
1329028688202117120,negative,0.008212241301406197
1329028691133927424,negative,0.013070950307772906
1329028691184267264,negative,0.3234852857487848
1329028694774607872,negative,0.0002104886461242575
1329028705910394881,negative,0.0002104886461242575
1329028709567881217,neutral,0.6581098995276883
1329028712365510657,negative,0.004314000537154365
1329028712856170496,negative,3.6911983465721516e-08
1329028715938983936,negative,0.029505256564626686
1329028717809688576,negative,0.049116881680582695
1329028720829616130,positive,0.8398957531928241
1329028724067602433,negative,0.0008184999526962599
1329028732376461312,negative,0.006272720115656045
1329028741444538370,negative,0.03174554724775216
1329028742128218114,neutral,0.3306342676431347
1329028748239319042,negative,8.36103676077619e-06
1329028757026430977,negative,0.0065552990466999535
1329028760155398144,negative,0.03174554724775216
1329028761145253888,negative,0.03312309945667965
1329028766417494017,negative,3.8032027534972448e-06
1329028774541791232,negative,0.060349615478637604
1329028776899059712,negative,0.09561355810643582
1329028781030453248,negative,0.03174554724775216
1329028781995155457,negative,0.049116881680582695
1329028782150344705,negative,8.666230785272969e-06
1329028786675994624,negative,2.5970576765933374e-05
1329028791008702470,negative,0.10622421319651891
1329028791847546880,negative,0.038197958811034674
1329028793105850370,positive,0.7547648678595211
1329028794368348160,negative,0.00834725668398676
1329028797367283717,neutral,0.3448789537043245
1329028811988590596,negative,0.11303422479775285
1329028820595339264,negative,0.00027733906812623966
1329028824772861952,negative,0.2527204019827777
1329028830955266050,negative,0.008212241301406197
1329028836055453697,neutral,0.4844831951351828
1329028838567915521,negative,0.007133071620671464
1329028840245620738,negative,0.04138380555188514
1329028852702654464,negative,0.0024008852625851487
1329028871811964930,negative,0.01641620664628646
1329028882201186315,negative,0.28508140146099453
1329028890094940163,negative,0.1334899944984731
1329028897351077890,negative,0.20392489627922936
1329028899381125126,positive,0.6681150322932748
1329028900693942273,negative,9.745216717702821e-07
1329028901645987840,negative,0.03174554724775216
1329028905018269696,negative,0.00022666371264383554
1329028907950108675,negative,0.08576197802545354
1329028918184128512,positive,0.9878399854137578
1329028924714610690,positive,0.8062601874189285
1329028925826215937,negative,0.03174554724775216
1329028928632221698,negative,1.2525308429308513e-08
1329028935984803846,negative,0.011442559948996952
1329028941902909441,neutral,0.5001948513507355
1329028941999448064,negative,0.03174554724775216
1329028943077388293,positive,0.8626319423451757
1329028952468451328,negative,0.1978926632656096
1329028952652992512,negative,0.029431509965508723
1329028961360343040,negative,0.005197459611194673
1329028962459283457,neutral,0.5197668966326947
1329028974488543233,negative,0.0003897865491783978
1329028995053064192,negative,0.03312309945667965
1329029008202354688,negative,4.3644691126415956e-11
1329029010156826629,negative,0.10551948069537445
1329029016662249475,negative,0.001115864909985696
1329029027659702273,negative,0.0006185007546679239
1329029028641030151,negative,0.1288638439754417
1329029037306556422,negative,0.041931043188233444
1329029037809930240,negative,0.21921412548362115
1329029039215042560,negative,0.26569869204662905
1329029041211502592,negative,0.03174554724775216
1329029043086299136,negative,0.009538945746022851
1329029043988160512,negative,0.03287340195450658
1329029057003053057,negative,0.03174554724775216
1329029061293842434,negative,0.041931043188233444
1329029064724721669,negative,0.023222742518118435
1329029070416474112,negative,0.03174554724775216
1329029073113407494,negative,0.29173523219226194
1329029075046948864,negative,0.03174554724775216
1329029083087441920,negative,0.30122213940446607
1329029083141910529,positive,0.9930285362399917
1329029083309633543,negative,0.054451289753430256
1329029087776698370,neutral,0.5106498899404349
1329029088376483848,negative,0.040827914326340906
1329029089018130432,negative,0.06877925771967419
1329029090574176257,positive,0.9901480877359964
1329029094361751553,negative,0.03951204039099407
1329029094688890882,negative,0.0037045461542156884
1329029094957309953,positive,0.9878399854137578
1329029100011474946,negative,0.005014392689892105
1329029100095365121,negative,0.049116881680582695
1329029102968463365,negative,0.03174554724775216
1329029105929621504,neutral,0.5453728982437422
1329029108152610816,neutral,0.36767379766564107
1329029109498974209,negative,0.013070950307772906
1329029117531086848,neutral,0.3504973987208814
1329029119938613252,negative,0.03174554724775216
1329029132089511936,negative,0.03174554724775216
1329029144861167623,negative,0.006627293178118547
1329029146580819968,negative,0.10896394333979519
1329029148225007618,positive,0.9715887790893225
1329029157322420224,negative,9.745216717702821e-07
1329029159037923328,negative,0.019986919740645166
1329029160900157440,negative,0.0013134825604885457
1329029163844513797,negative,0.03174554724775216
1329029173952778240,neutral,0.4844831951351828
1329029178914648065,negative,1.9695544644133874e-07
1329029188054110209,negative,0.00022522537551395374
1329029188846821377,negative,0.13002189119466181
1329029193234059265,negative,0.16672733548053156
1329029194009939969,negative,0.041931043188233444
1329029198351101954,negative,7.408907936845277e-05
1329029198686588930,negative,0.05176036920946965
1329029199420661760,negative,0.0003897865491783978
1329029202566393857,negative,3.682340603881829e-07
1329029203690450947,positive,0.9161333645707537
1329029205288480779,negative,0.0003443491876401114
1329029209977741315,negative,1.363192884191636e-07
1329029214444658689,negative,0.19714878333315808
1329029218123046914,neutral,0.4844831951351828
1329029236598849538,negative,0.03934133296365174
1329029237630783491,positive,0.9972579201029682
1329029242311630849,negative,0.03174554724775216
1329029243376988160,negative,0.043506742922953694
1329029246233284609,negative,0.25627796514331436
1329029247634190338,negative,0.03174554724775216
1329029248686895108,negative,0.049116881680582695
1329029248955379724,neutral,0.4478889398505506
1329029251828477953,positive,0.7606542317234567
1329029254106009600,neutral,0.4257273795935417
1329029255288791040,negative,0.003550650922141997
1329029256282853377,negative,0.013070950307772906
1329029261546622977,negative,0.024653766954649377
1329029269624938497,negative,0.010017743287568852
1329029273991180289,negative,8.949181995634132e-05
1329029280286846981,negative,0.009902830402171778
1329029286683095041,negative,0.049116881680582695
1329029288159539200,negative,0.02916593407284507
1329029288302157825,negative,1.865216661895959e-05
1329029291489828865,positive,0.7120876374251325
1329029292278370306,neutral,0.40524813878272214
1329029293805105153,negative,0.00015338905511354386
1329029300528570368,negative,0.09018520166068476
1329029313484754946,negative,0.03174554724775216
1329029321613320192,negative,0.26569869204662905
1329030413822664707,negative,0.0065552990466999535
1329030415877804032,neutral,0.41956321267742214
1329030429609955328,negative,0.003614955886280261
1329030429949779969,negative,6.906385010298927e-06
1329030435058356224,negative,0.03174554724775216
1329030437746970625,negative,0.006713759106282488
1329030438288039941,negative,1.5704024529857367e-05
1329030442096455686,negative,0.00011100865600720474
1329030442440417280,negative,0.026741593171447097
1329030443837091840,negative,0.0005296946287239553
1329030460962377729,negative,0.054451289753430256
1329030468239577089,negative,0.030159951393128548
1329030486979702784,positive,0.9980892263803205
1329030487537545216,negative,0.0009201472815560074
1329030490821713920,negative,0.0006304426721247895
1329030491220086784,negative,0.03174554724775216
1329030498224574465,negative,0.16165400557077622
1329030500263092224,negative,0.0024008852625851487
1329030500305006593,negative,0.11526384599213464
1329030501932392448,negative,0.03174554724775216
1329030504767741958,negative,7.028828428939491e-12
1329030530977968128,negative,0.019040736889838407
1329030539869872129,negative,0.0003164436283165915
1329030539970535425,negative,0.02370599331511243
1329030543300849669,negative,0.011776117568127832
1329030547134427137,negative,0.17816534177776933
1329030552293412865,negative,1.5391161995473406e-11
1329030560543629314,negative,0.03174554724775216
1329030567808077824,negative,0.02931380863560883
1329030569716576261,neutral,0.6296831419330303
1329030571666837504,negative,0.04495208693091658
1329030572228956163,negative,0.2758326596983335
1329030581263462402,negative,0.05792359184406448
1329030583675183105,negative,0.26734426770712344
1329030589182251008,negative,0.03174554724775216
1329030591417749504,negative,0.002433526916300044
1329030593057857536,neutral,0.6143325210336396
1329030595306000384,negative,0.09129104383260053
1329030601232560128,positive,0.9892503301425283
1329030601500991488,negative,0.03174554724775216
1329030601748467712,negative,0.041957362354493925
1329030604566966272,positive,0.9824430316381918
1329030605632319488,negative,0.10622421319651891
1329030607364632578,neutral,0.5682952306623567
1329030608266416131,negative,0.03174554724775216
1329030612213243905,neutral,0.33064230415133217
1329030620144656384,positive,0.8946963673390724
1329030621704937472,negative,0.0410931964244062
1329030622598352902,negative,0.0007626548092965692
1329030627392430081,negative,0.02916593407284507
1329030636930277376,positive,0.9980892263803205
1329030651144761344,negative,0.008212241301406197
1329030656484139008,neutral,0.4004611714468761
1329030664436523008,negative,0.0007672514058587619
1329030666533691393,negative,0.049116881680582695
1329030675660468225,neutral,0.5682952306623567
1329030679087239172,negative,0.006838958983508298
1329030680232292352,negative,0.03174554724775216
1329030680400048133,negative,0.14499529674123665
1329030683138920449,positive,0.6711671973363253
1329030685269647361,negative,1.4941851590310266e-05
1329030693461118976,negative,0.0005980590441744658
1329030696522887169,negative,0.032053011672295295
1329030699932901377,positive,0.9733190803573936
1329030705184169984,negative,0.02916593407284507
1329030717544730626,negative,0.0011363619683709663
1329030723211317248,negative,0.019986919740645166
1329030725757263872,negative,1.2525308429308513e-08
1329030729502748673,negative,0.03171964205942494
1329030754815401985,negative,0.27778749058870605
1329030756006555655,negative,9.248625955235824e-07
1329030757885632514,negative,0.03174554724775216
1329030763896049666,negative,1.9172109229700688e-07
1329030769583542273,negative,0.019986919740645166
1329030772829917186,positive,0.8714283312952134
1329030784305475584,negative,0.0016513224688256146
1329030790295003137,negative,0.008714323473706717
1329030793835008001,negative,0.056910435579797164
1329030796389310468,neutral,0.6268269507282034
1329030800281640960,negative,1.7228586494132673e-10
1329030807688798209,negative,0.2527204019827777
1329030812726153219,negative,0.008523774137930153
1329030821752266753,negative,0.0035017686044575267
1329030824273043457,negative,0.0003082467669459455
1329030828085620738,negative,0.3293157969402643
1329030834138001408,negative,0.03174554724775216
1329030846100062208,negative,0.00043393248843692707
1329030851741450241,negative,9.900814871955083e-05
1329030855528943630,neutral,0.5904226204993555
1329030860511862784,negative,0.03174554724775216
1329030860939563010,negative,0.004042321430794448
1329030861082292224,negative,0.019986919740645166
1329030861283536896,negative,2.700358215245603e-05
1329030863527481344,negative,0.3215925645003039
1329030868854337537,positive,0.8499580781017751
1329030872482234368,neutral,0.36767379766564107
1329030878425649152,negative,0.00500402690278614
1329030879344275457,negative,0.003055998743246857
1329030885463654402,negative,0.0045542639035456595
1329030895974670337,neutral,0.4082365377550841
1329030899397226496,negative,1.3160910062705683e-06
1329030900470996992,negative,1.0246063305479052e-05
1329030904950493184,negative,0.048376357487379444
1329030906972172288,negative,0.02916593407284507
1329030911367712770,negative,1.4589518992462929e-07
1329030914559635458,negative,1.2525308429308513e-08
1329030916166086656,negative,0.0019398475011315048
1329030925372551169,negative,1.1790322298327223e-05
1329030930263019521,negative,0.21886279411647303
1329030937842216960,negative,0.03703685353770716
1329030938433626112,negative,0.07730126708930919
1329030950475456514,neutral,0.6194060081223115
1329030959912669184,negative,4.405265985722141e-06
1329030959929446400,negative,0.29125002330901734
1329030962383089665,negative,0.1866300173981648
1329030966816485382,negative,0.002433526916300044
1329030975460962304,negative,0.006267051205793846
1329030976253595649,negative,0.1885898585266653
1329030979676061696,positive,0.999947773221429
1329030981722939392,negative,0.01267221797236512
1329030983962796034,negative,1.2525308429308513e-08
1329030992582029317,negative,0.00012305996150710187
1329031009602564102,negative,0.04495208693091658
1329031012114964481,negative,0.002665663716657694
1329031019622752257,negative,0.003635422910205646
1329031021568925701,negative,0.03174554724775216
1329031023473152000,negative,0.03174554724775216
1329031023926145024,negative,0.007773517969331543
1329031030125244418,neutral,0.5637559221336547
1329031037066780673,neutral,0.4204224492387797
1329031041814769665,negative,0.05482736037923477
1329031055433756676,negative,0.13807538421132656
1329031057040154625,negative,0.004083489196539477
1329031058092945408,negative,2.997574496285752e-06
1329031063604224001,negative,0.01117082782162523
1329031066141806595,negative,0.013070950307772906
1329031067056152578,negative,0.03174554724775216
1329031087851515904,negative,0.049116881680582695
1329031090951098368,negative,0.000596821118090403
1329031094017142784,negative,0.10093905497668137
1329031101617238017,negative,0.01867097593196612
1329031108567191553,neutral,0.379611556832951
1329031110299430912,neutral,0.45152650830178453
1329031123956092933,negative,1.2525308429308513e-08
1329031124320915457,negative,0.03174554724775216
1329031130247553029,negative,0.007773517969331543
1329031134177529857,negative,0.1054180371149077
1329031135964356610,negative,0.012780878048622756
1329031140678758400,negative,0.0028634987821741383
1329031147670679554,negative,0.01267221797236512
1329031154616459264,negative,0.03174554724775216
1329031155711094785,negative,0.03174554724775216
1329031157015572480,negative,0.0003575990854307508
1329031157929947137,negative,0.04495208693091658
1329031164015894528,negative,0.03174554724775216
1329031167622909953,negative,2.3002135961481567e-09
1329031170248626176,neutral,0.411594083119197
1329031170953240576,negative,0.007773517969331543
1329031172442230785,negative,0.0020056140925001804
1329031178515582978,negative,2.3002135961481567e-09
1329031185096470531,positive,0.9970936677738892
1329031185343901703,negative,0.0065552990466999535
1329031191052382210,neutral,0.4204224492387797
1329031193904476160,negative,0.03174554724775216
1329031199805878272,negative,0.056910435579797164
1329031200892215299,negative,0.056910435579797164
1329031207254896641,negative,0.007773517969331543
1329031209238884361,neutral,0.3595036219362674
1329031212028006401,negative,0.007773517969331543
1329031214938906624,negative,0.08037704519638539
1329031218948689920,negative,2.700358215245603e-05
1329031221721051140,negative,2.8514065396471772e-06
1329031230231367680,negative,0.20392489627922936
1329031233989275649,negative,0.20439966089722336
1329031234677317632,negative,0.007773517969331543
1329031237172932608,negative,0.007773517969331543
1329031249525170177,positive,0.9892503301425283
1329031254235357184,positive,0.9946891180195289
1329031255812435968,negative,6.575663825068859e-05
1329031271138390018,negative,1.8480708551575477e-06
1329031272782565376,negative,0.007773517969331543
1329031280986566659,negative,0.02916593407284507
1329031283175993344,negative,0.007773517969331543
1329031286997053441,negative,0.12564150281009184
1329031287584268292,negative,0.012733965306920133
1329031288947355649,negative,0.007773517969331543
1329031289698201602,negative,0.19285700320652385
1329031291065536512,negative,0.025069140387174775
1329031292286070784,negative,0.013800315273952691
1329031293443731457,negative,0.0001708508731426976
1329031296887238656,positive,0.9824430316381918
1329031299298963461,negative,0.009336353297351338
1329031305800151042,negative,0.021512000825143457
1329031311013588992,positive,0.9005755304617662
1329031315501568001,negative,0.007773517969331543
1329031318450151425,negative,0.03174554724775216
1329031319125450752,negative,0.007773517969331543
1329031324611600384,negative,0.0012060731148199966
1329031326868049920,negative,0.03174554724775216
1329031328155783171,neutral,0.6096917554916672
1329031334875066369,negative,0.007773517969331543
1329031335919443968,negative,0.02794827898921285
1329031337660051461,negative,0.007773517969331543
1329031349634818049,negative,0.002074475280631068
1329031354357600256,negative,0.003168540593978313
1329031354575704066,negative,1.1070718198627613e-07
1329031354718236680,negative,0.007773517969331543
1329031358405074948,neutral,0.6517515221640693
1329031362402283520,negative,0.26604619483381114
1329031363757019137,negative,0.0022725912211097876
1329031365212430336,negative,0.006627293178118547
1329031366072295424,negative,0.2527204019827777
1329031389551976449,negative,0.007773517969331543
1329031389958844416,negative,1.2525308429308513e-08
1329031391414247426,neutral,0.5136446707795853
1329031391879843841,negative,0.003855553989471593
1329031392139882497,negative,1.367298488775193e-06
1329031392433410048,negative,0.019986919740645166
1329031392475410432,negative,0.029994617017210373
1329031393142317056,neutral,0.46127768308170247
1329031397315665920,negative,0.029994617017210373
1329031397781229568,positive,0.8770680083568048
1329031398133555204,negative,0.033105096666128354
1329031401224671234,negative,0.07068076756209937
1329031408552202241,negative,0.000174486214979153
1329031408883552259,negative,0.002433526916300044
1329031420162043904,negative,0.21296791844392518
1329031420686323713,neutral,0.34641457798365366
1329031421177028609,negative,0.007773517969331543
1329031421692948482,neutral,0.5191887915502094
1329031425044193282,negative,0.03174554724775216
1329031425216090112,negative,0.10992074205513333
1329031425346113536,negative,0.13402222097164432
1329031426679910401,negative,0.056910435579797164
1329031427028094979,negative,0.002997047492467369
1329031432770105345,negative,0.07976262264837501
1329031436209442817,negative,0.0050480051269356134
1329031439426478082,negative,0.03174554724775216
1329031443390009346,negative,0.00036210153602234666
1329031453594832897,negative,0.049116881680582695
1329031454165258243,negative,0.007773517969331543
1329031460972617729,negative,0.00014852831807670423
1329031461387833344,negative,0.007773517969331543
1329031469109571586,negative,2.700358215245603e-05
1329031474016825344,negative,0.0050480051269356134
1329031482497765377,negative,0.041931043188233444
1329031482619387906,negative,0.2980286982250254
1329031482808147969,negative,0.007773517969331543
1329031483982557184,negative,0.03174554724775216
1329031485752561665,positive,0.8982561351830023
1329031487606444036,negative,0.00025358173860862355
1329031488160092161,negative,0.3126507933218783
1329031497316245505,negative,0.019986919740645166
1329031501388853248,negative,0.0033753750572946125
1329031507986485251,negative,0.0238294417547499
1329031509215473666,negative,0.21969476798719323
1329031510406668289,negative,0.0050480051269356134
1329031514458378240,negative,0.03174554724775216
1329031525711695872,negative,0.0022725912211097876
1329031526214938627,negative,0.0050480051269356134
1329031526860910593,neutral,0.6268269507282034
1329031527422959616,negative,0.049116881680582695
1329031531902496769,negative,0.007773517969331543
1329031534230310912,negative,0.006293626886104544
1329031541725532163,negative,0.03174554724775216
1329031542249828353,negative,0.03174554724775216
1329031542623129603,positive,0.978192865367171
1329031542665072641,negative,2.3002135961481567e-09
1329031542979571712,negative,0.015578113877191272
1329031543113834497,negative,0.019986919740645166
1329031546863575040,negative,7.357890194535056e-06
1329031550156099585,negative,0.0050480051269356134
1329031554216173569,negative,0.007773517969331543
1329031555780665347,negative,0.0050480051269356134
1329031561367457792,negative,0.0024008852625851487
1329031567369494530,neutral,0.5136446707795853
1329031568497778690,neutral,0.36767379766564107
1329031575326109696,positive,0.9999445553930276
1329031578836721664,negative,1.890033757736324e-05
1329031586466160644,negative,0.000221583780844834
1329031588223590401,negative,0.007773517969331543
1329031590488535040,positive,0.9998497862296873
1329031592107536385,negative,0.0050480051269356134
1329016515170086913,negative,9.797067453705367e-05
1329016520073244674,negative,0.0717267982821182
1329016521989951488,negative,1.0904078316816563e-08
1329016523311243265,positive,0.7283308392342107
1329016529984352256,negative,0.025397595669158064
1329016532198887424,negative,0.0044023656088482965
1329016532920397825,negative,4.1980630022542885e-05
1329016536791650304,positive,0.8237753936318446
1329016539006312449,negative,0.001632769954016806
1329016548879704073,negative,0.001632769954016806
1329016549060059141,neutral,0.401250646010565
1329016550767140865,positive,0.7081242011756875
1329016551379439618,negative,0.01897175086643638
1329016555024297987,negative,0.23977957322324436
1329016556219719680,negative,0.02318928607912295
1329016556412612609,negative,0.00021176006783109192
1329016559508054016,negative,0.033099160918687795
1329016562288910338,neutral,0.33961407575713715
1329016563094212613,negative,0.029094994177504198
1329016563970748416,negative,0.10275291149696213
1329016565073932290,negative,0.03531795391799677
1329016565652729857,negative,1.9726886668040693e-05
1329016567703744512,negative,0.055822319448470395
1329016571558236162,neutral,0.4496294498258171
1329016573470908417,negative,6.5640521256199394e-06
1329016579498135552,negative,0.10257797504384468
1329016585638584320,negative,0.06642011776933618
1329016588146794496,negative,0.0008964136059688881
1329016589375729665,negative,0.11150500586713978
1329016590218776580,neutral,0.373431560906131
1329016591632265217,negative,0.09016725050128345
1329016591674208257,negative,0.08764594436508201
1329016592429092866,positive,0.9510642012477257
1329016592722767873,negative,0.01063707070509374
1329016593423151109,negative,0.023439571573623516
1329016594215874562,neutral,0.4496294498258171
1329016595038007296,negative,0.12867448139746704
1329016596283711495,negative,0.0004132433819036874
1329016597554618368,negative,0.2543169289810001
1329016598477369351,negative,0.001831153072577483
1329016602621317122,negative,0.02714981474342292
1329016604252893184,negative,0.2423398033142929
1329016605104345088,negative,4.520195747671223e-09
1329016608531079168,negative,0.12267736682181389
1329016608686268417,negative,0.006393684957116132
1329016611286757380,negative,0.08131990054593442
1329016616898736137,negative,0.012042917800478333
1329016618115010561,negative,0.004917680102956584
1329016619595653123,negative,0.0011302621827079169
1329016621659283456,negative,0.026280398662854577
1329016700449198086,negative,0.17206328267580015
1329016702676373504,negative,7.54717230354711e-09
1329016706166087680,neutral,0.3341375882806857
1329016708716171266,positive,0.996542509497677
1329016709043412996,negative,6.46874330734275e-08
1329016709265715200,positive,0.6953705132477208
1329016714210775040,negative,0.007418300961612469
1329016717146808320,negative,0.12267736682181389
1329016718367264771,negative,6.092123459773901e-06
1329016721668235266,positive,0.9971586386629508
1329016722402267136,negative,0.01699442003720968
1329016723912224771,negative,0.12267736682181389
1329016724579086336,positive,0.9996452562859014
1329016724767846400,neutral,0.35370941430424996
1329016728538517504,negative,0.0013988338093892034
1329016729020878849,neutral,0.5734576952979002
1329016730123845637,negative,8.437996978949005e-11
1329016731151572993,negative,0.023256886974975306
1329016732879626241,negative,4.775913769978314e-06
1329016735404609537,neutral,0.5734576952979002
1329016735782080514,negative,0.025252371031961138
1329016743117942787,negative,1.0906999604539943e-07
1329016743856103425,neutral,0.5515289570728727
1329016744523018240,positive,0.9985541505248665
1329016745995214848,negative,0.13930669881303204
1329016747450650631,negative,0.0009680702449273694
1329016748843143169,positive,0.9451873135686645
1329016750772465665,negative,0.02249328444543271
1329016752118902784,negative,0.1820092010386703
1329016753171652608,neutral,0.34648186415449284
1329016756468391938,neutral,0.4496294498258171
1329016757131075585,negative,0.04326749920868208
1329016757537959946,negative,0.0011302621827079169
1329016762663309313,negative,0.17206328267580015
1329016763149905922,negative,0.00031902524666036397
1329016763497975815,negative,1.6441915243370167e-08
1329016764550754306,neutral,0.6504924191532979
1329016765519716354,negative,0.15297793932430379
1329016765888794631,negative,0.08345103267874845
1329016775237902339,negative,0.055822319448470395
1329016780090732544,neutral,0.3341375882806857
1329016783727112192,negative,8.848025782914985e-06
1329016786742894594,positive,0.9999065156565229
1329016790681317376,neutral,0.5483851209826942
1329016795508969472,negative,0.08025622032272241
1329016795559301124,negative,0.17206328267580015
1329016799686488064,negative,0.2743827887518434
1329016801682927619,negative,0.21148108771104976
1329016802295353348,negative,0.0007704852215908005
1329016803595579393,positive,0.9993596861533063
1329016804161822720,negative,0.055822319448470395
1329016807794073605,negative,3.0470745192041156e-05
1329016809186611200,negative,0.0023130583152860466
1329016887913623553,negative,0.002769888000935876
1329016890090467336,negative,0.1848411098526946
1329016890476392452,negative,0.00248542855102667
1329016892254687237,negative,0.04326749920868208
1329016893437566978,negative,8.480156024023696e-07
1329016894121271302,negative,0.0744184792942043
1329016895639523329,negative,5.989119264400234e-08
1329016895996129281,negative,0.023632480645191797
1329016896142913539,negative,0.12267736682181389
1329016897740763137,negative,0.0787503013334218
1329016899062140928,neutral,0.5046127946113611
1329016900081381376,neutral,0.5734576952979002
1329016900534276099,negative,0.09211224566442533
1329016902203682819,negative,4.284409204350794e-07
1329016907874365443,negative,0.012161915281136125
1329016914618802177,negative,0.04466160145914792
1329016915361026048,negative,0.07393459354148145
1329016915390558214,negative,0.017778917517913127
1329016919689670659,positive,0.9971586386629508
1329016920801222656,negative,0.02352746978163697
1329016925435928576,negative,0.02934432244971416
1329016925490470912,negative,0.22104343274064955
1329016926014672897,negative,0.04326749920868208
1329016928439062530,negative,0.03644057743231067
1329016929550557184,negative,0.0002399593211742215
1329016930813022209,negative,0.1848411098526946
1329016931052097538,negative,0.17542260748247557
1329016937599393792,neutral,0.5734576952979002
1329016937809063936,positive,0.7105047480073482
1329016938631221248,negative,0.0029108674544030613
1329016945304358919,positive,0.8457109880266581
1329016954573742080,negative,1.576172335347692e-08
1329016961007837185,negative,4.018740830091467e-06
1329016961901219840,negative,0.1366208860938017
1329016966372331521,negative,0.004771760557981665
1329016968607899650,negative,0.006393684957116132
1329016969958486016,negative,1.226129242297798e-07
1329016970306531329,negative,0.10404495241321535
1329016972537974784,negative,8.477200308815745e-05
1329016977269153793,negative,0.005643565222705163
1329016980058337280,negative,0.029094994177504198
1329016980335177728,neutral,0.5018857158624321
1329016981148807171,negative,0.08207269880895351
1329016985926176769,negative,1.1759830822693927e-05
1329016986240749569,negative,0.0015983976386543869
1329016987230547970,negative,5.454079710101057e-10
1329016990430801920,negative,0.29049104527122765
1329016990749642752,neutral,0.3423536876122052
1329016991571730435,neutral,0.428138102515278
1329016994935476228,neutral,0.5409897722100977
1329016995845697537,negative,0.004005799091467331
1329017072211341313,negative,0.0039073077781583785
1329017081916952577,negative,0.15524395955023354
1329017082328059905,negative,1.585205827767824e-05
1329017083313729537,neutral,0.5734576952979002
1329017087906504708,negative,0.2730904379905602
1329017088057495554,negative,0.0011302621827079169
1329017088132964362,negative,0.0011302621827079169
1329017088808275968,negative,0.05445803803389359
1329017090779586561,neutral,0.6210872141489462
1329017090808942599,negative,0.07393459354148145
1329017091165392897,positive,0.7105047480073482
1329017095317843974,negative,0.1578106419474441
1329017098601902084,negative,0.041492590471206264
1329017099889602561,negative,0.26224663139355786
1329017101517021189,negative,0.0787503013334218
1329017101856763910,negative,0.15297793932430379
1329017102041296896,positive,0.8875665111467893
1329017103765090305,neutral,0.3341375882806857
1329017104532692992,positive,0.8875665111467893
1329017104985698305,negative,0.17817140090868994
1329017108131422209,negative,0.00030721685692917396
1329017109511360512,neutral,0.4035537023931831
1329017109964349440,negative,0.05069539808293685
1329017111419768832,negative,0.0005316993056313378
1329017113143603200,neutral,0.5734576952979002
1329017113562976256,neutral,0.3341375882806857
1329017116364836864,negative,0.15297793932430379
1329017119489609730,negative,0.07022820510673637
1329017120647245826,negative,0.00681616238290198
1329017124363362304,neutral,0.5734576952979002
1329017125059616768,negative,0.17206328267580015
1329017125361643522,negative,0.0029193638208480964
1329017126989017090,negative,0.0787503013334218
1329017127160975360,negative,0.0029108674544030613
1329017130789048322,negative,5.549561934902026e-05
1329017133150384129,negative,6.692493262714307e-06
1329017135235010562,neutral,0.4144291421422838
1329017135427883009,neutral,0.49789225920557484
1329017137491566598,negative,0.036528001179726516
1329017139584446467,negative,2.1415575044871414e-11
1329017142155612160,neutral,0.4160456252927657
1329017143539720192,negative,0.12267736682181389
1329017152104435712,negative,0.15262517701756792
1329017152771338246,negative,0.008409959813016486
1329017153505398784,negative,1.9525252943753382e-08
1329017154902036480,neutral,0.5496678701602578
1329017155824857088,positive,0.7105047480073482
1329017157901037568,negative,0.00021317084180373094
1329017164129579010,negative,0.22104343274064955
1329017164406419456,negative,0.26173563702389163
1329017166994272257,positive,0.8219536108135473
1329017167271108608,negative,0.0658781848216901
1329017170731405312,negative,0.0019271801707183296
1329017179149365253,negative,1.3170102184414975e-05
1329017256056156164,neutral,0.3341375882806857
1329017257314426880,negative,6.428317617394892e-05
1329017259478675456,neutral,0.3981203052089851
1329017261353431041,negative,0.0009836040548527516
1329017261546475526,negative,9.924302689793391e-08
1329017263148724224,negative,0.0011302621827079169
1329017268689276930,negative,1.5220132829238755e-05
1329017269217759233,negative,1.5220132829238755e-05
1329017271260508162,negative,0.07963196527576112
1329017274439667712,negative,1.5220132829238755e-05
1329017275547004929,negative,0.006393684957116132
1329017275567935488,negative,1.5220132829238755e-05
1329017287542775808,negative,0.26510958280723346
1329017287718875139,neutral,0.4496294498258171
1329017288918446080,neutral,0.5734576952979002
1329017289556054017,negative,0.00186044655920039
1329017290021613572,negative,0.055822319448470395
1329017296162074624,negative,0.06940854040383306
1329017296887668740,negative,0.00010631708569055017
1329017297994997765,negative,0.006841619365457488
1329017299374923777,negative,0.03632919609812552
1329017302763892737,negative,0.0032379692826298677
1329017307969052673,negative,0.12267736682181389
1329017309969731586,negative,0.18227611833650834
1329017310229762054,negative,0.006401877543912846
1329017312981233664,negative,0.12267736682181389
1329017313539076096,negative,0.011200800741757324
1329017315556421632,negative,0.004502366712016334
1329017317389426688,negative,0.07358670041818641
1329017321625710592,negative,0.019047022678173903
1329017326998609922,negative,0.0001182208631401066
1329017328298766345,negative,0.0008726598760540211
1329017329674498049,negative,7.906736040910169e-05
1329017337807216640,neutral,0.5427864876356633
1329017339359137792,negative,3.0470745192041156e-05
1329017340697186307,negative,0.12267736682181389
1329017340848201729,negative,0.00810222744269867
1329017342081241089,negative,0.0057799908687803745
1329017345352880128,negative,0.04035354662867013
1329017347399708673,positive,0.9971586386629508
1329017348720824323,negative,0.12267736682181389
1329017349333200896,negative,8.158692279802478e-05
1329017352676052992,negative,0.00035068484826538467
1329017352944570374,negative,0.20101899665008371
1329017354093801472,negative,0.04326749920868208
1329017355129802753,negative,0.20101899665008371
1329017356656500739,negative,0.20101899665008371
1329017357533057025,negative,0.20101899665008371
1329017363644223489,negative,0.02776575429183825
1329017364843782145,negative,0.0744184792942043
1329017365703614472,negative,0.00015166617834239175
1329017367687553025,negative,0.0005612368211259743
1329017444082528256,negative,0.002859024483209685
1329017447127584774,negative,0.27689718129246665
1329017450713804801,negative,0.06535627514100951
1329017453855330305,neutral,0.5649780834780039
1329017453897277441,neutral,0.4793391876884299
1329017459207270401,negative,0.2730904379905602
1329017464932413440,negative,0.06020140840588272
1329017468615090176,negative,1.5242696405288817e-05
1329017469688799234,negative,5.625169888331013e-07
1329017469835628545,negative,0.12267736682181389
1329017470410235905,negative,0.11150500586713978
1329017470460571649,negative,0.0006479260592459456
1329017473245515777,negative,0.008244396462125783
1329017474797355010,neutral,0.4793391876884299
1329017475074285570,negative,0.036799065886340014
1329017475246206979,negative,3.661605671495799e-05
1329017475409858560,negative,0.0030588670386538334
1329017477028859907,negative,0.0069972898761330215
1329017481210499072,negative,0.000821535831620304
1329017484381483009,negative,0.0011302621827079169
1329017485149020162,negative,0.04326749920868208
1329017485727846401,negative,0.0016271085108439242
1329017489649524736,negative,0.0012170329561022812
1329017495664128000,negative,0.0009157591113981395
1329017496175857666,neutral,0.3341375882806857
1329017496935030786,neutral,0.4496294498258171
1329017497249574912,negative,0.12267736682181389
1329017498306535424,negative,0.004535659158318464
1329017498856026112,positive,0.8095225640770589
1329017502773501952,negative,0.006493374761640184
1329017505160060929,negative,5.454079710101057e-10
1329017508045737985,negative,1.8344758499485777e-06
1329017508398059520,negative,0.00043470703779210055
1329017510222553089,negative,0.0009872014330903
1329017511355043840,negative,0.02242049323208614
1329017512202280969,negative,2.4887381084765028e-08
1329017513401868289,negative,0.12267736682181389
1329017517273018368,negative,0.22144336044856786
1329017521341485056,negative,0.2434721069847492
1329017522239234051,negative,5.20309703777157e-06
1329017522474061824,negative,0.06961573221952988
1329017522985775107,negative,3.760957504977773e-05
1329017523535294464,negative,0.10257797504384468
1329017523887607810,negative,0.029006492038161885
1329017525187833857,negative,0.0002005471503977667
1329017527146524673,negative,0.0008642829292604933
1329017529277304834,neutral,0.48570508826370684
1329017530128732161,neutral,0.3916689448230868
1329017535405187078,negative,0.0018610829919744815
1329017536659251201,negative,0.04506410550225356
1329017541633728512,negative,1.8879908367634214e-05
1329017550517231616,negative,0.01202651068147353
1329017557756637184,negative,0.10422803909469577
1329017557794377728,negative,0.014807855061079326
1329017558285094919,negative,0.11666462563678402
1329017641118396416,negative,0.0019271801707183296
1329017643010043910,negative,0.000910294802201056
1329017644406747136,negative,0.29037549096134374
1329017644905684995,negative,0.2904523862110601
1329017646008905730,negative,0.00024742349093550544
1329017646226915330,negative,0.0007531256834037406
1329017646713606150,negative,0.15461117737301308
1329017649322487809,negative,0.1764220389199957
1329017649641050112,negative,0.018042740420573855
1329017653927800832,negative,8.302159591322942e-07
1329017655068602368,negative,2.4250911426919024e-06
1329017655983026178,negative,0.12267736682181389
1329017656062730245,negative,0.03823905190032195
1329017656184332288,negative,0.000640288136227533
1329017656213585920,negative,0.0413059571793839
1329017658814189569,neutral,0.5018857158624321
1329017659766222850,negative,0.055822319448470395
1329017661636956161,negative,0.24182826891537712
1329017662496772097,negative,0.0005763255986679944
1329017665717985280,negative,0.12267736682181389
1329017665780928514,negative,0.000340275634491217
1329017671887810560,negative,0.0011302621827079169
1329017672118521856,negative,0.00032842252355484226
1329017672902844416,negative,0.030420955951553707
1329017672940531714,negative,0.013885286381647136
1329017676937748481,negative,0.14613111303357704
1329017677516578817,negative,0.050940835542403404
1329017683296260099,negative,0.07600776929140995
1329017684776906753,negative,0.17206328267580015
1329017685372510209,neutral,0.47767126215885464
1329017688472096768,negative,0.10257797504384468
1329017689097035776,negative,3.881209982393978e-11
1329017690925707265,negative,2.6527865416585608e-05
1329017693442351112,negative,0.0011302621827079169
1329017695988289538,negative,0.12675167491030334
1329017699259846656,negative,0.00248542855102667
1329017699930923008,negative,0.025500518992095916
1329017706079789057,negative,0.04326749920868208
1329017707342290946,negative,0.05262041718524554
1329017708407627777,neutral,0.48974470304659246
1329017709640691712,negative,1.6441915243370167e-08
1329017714829107202,neutral,0.42003479614628403
1329017716540387330,positive,0.7105047480073482
1329017716615884802,negative,2.2869394921907588e-07
1329017716884299782,negative,0.16058623082137832
1329017722852741120,negative,0.055822319448470395
1329017724614434816,negative,0.006393684957116132
1329017725516206080,negative,0.0019271801707183296
1329017727579779072,negative,0.015654969935849555
1329017731270717446,neutral,0.4898631585877994
1329017731933462528,negative,0.027906729981768744
1329017734831673345,negative,0.055822319448470395
1329017735637065733,negative,2.7662883779477105e-11
1329017738644348928,neutral,0.5734576952979002
1329017739449659392,negative,0.0032582418699634236
1329017740460429314,neutral,0.5088942438831273
1329017741425176577,negative,0.0021003738642824633
1329017741475504129,negative,0.12267736682181389
1329017742964387846,negative,0.17206328267580015
1329017747339141120,negative,0.10257797504384468
1329017753135624194,positive,0.7105047480073482
1329017753307648000,negative,0.00021976285993030267
1329017818499657730,negative,0.025500518992095916
1329017820613668865,negative,0.10622421319651891
1329017823218241537,neutral,0.3619451476948216
1329017823272824833,negative,8.665873188128036e-07
1329017828553469953,negative,0.006393684957116132
1329017829300039681,negative,4.575242899965956e-08
1329017831858573312,neutral,0.49789225920557484
1329017832793911296,neutral,0.4496294498258171
1329017834031214592,positive,0.6953705132477208
1329017835700498433,negative,0.0011302621827079169
1329017840620466176,negative,0.1453018838874663
1329017841186725891,negative,0.0011302621827079169
1329017843539644417,negative,0.005643567222352038
1329017844118515713,negative,0.006283774402211932
1329017844248535045,negative,0.08304128733013763
1329017845557174272,neutral,0.4233940988634068
1329017850162450433,negative,1.7029631649081368e-07
1329017852096106497,negative,2.677320683930717e-12
1329017852196773891,negative,0.00031768411090294556
1329017852339376130,negative,0.09849089545692341
1329017853459255297,negative,0.0011302621827079169
1329017856617570306,negative,0.0069972898761330215
1329017861067730944,negative,2.6527865416585608e-05
1329017864293060610,negative,0.12267736682181389
1329017865652015104,negative,0.005230360801339021
1329017872836943873,negative,0.12267736682181389
1329017878901886977,negative,0.006393684957116132
1329017881577877505,positive,0.7105047480073482
1329017885323382791,negative,0.09016725050128345
1329017885570834432,neutral,0.3341375882806857
1329017886988509187,negative,0.028668253815795935
1329017888414588929,negative,0.0074026923172815454
1329017889450582016,neutral,0.49789225920557484
1329017889639305220,negative,0.012080084695000376
1329017890775904256,neutral,0.367814834508075
1329017891623219200,negative,3.24621875300577e-10
1329017893741326339,negative,0.003878398930623314
1329017898170511362,positive,0.7105047480073482
1329017898438946818,negative,8.01162781100672e-11
1329017898992590849,negative,0.055822319448470395
1329017899583934471,negative,0.0787503013334218
1329017899835666433,negative,0.012080084695000376
1329017900255113217,negative,0.00017686862550010844
1329017900267675648,negative,0.0002815206905857723
1329017900364148739,negative,0.016629671933694426
1329017902113099783,negative,5.048143458361815e-05
1329017902872342534,negative,0.17206328267580015
1329017902889115654,negative,0.02167419830133473
1329017903006560257,negative,0.004053474816017348
1329017909142818817,negative,0.0012947662426628322
1329017909973225472,negative,0.2730904379905602
1329017910392729601,negative,0.13866700222512351
1329017912712159233,negative,0.022451442718853173
1329017914696077319,negative,0.10257797504384468
1329017916084334592,negative,4.270492152819049e-05
1329017916633866241,negative,0.20946993342610162
1329017918881894401,neutral,0.4496294498258171
1329017919569883137,negative,0.0011302621827079169
1329017921293721601,negative,0.06961573221952988
1329017921612427264,negative,0.055822319448470395
1329017922241634304,neutral,0.4496294498258171
1329017925303492608,negative,0.0018522805333611328
1329017928587599872,neutral,0.4496294498258171
1329017929481015297,positive,0.7581947450127149
1329017931615899648,negative,0.043875082704029164
1329017931968225282,negative,0.17206328267580015
1329017932228210690,negative,0.04326749920868208
1329017933289431041,negative,0.008063173223196746
1329017934887477251,negative,0.009164116456049767
1329017937613742082,negative,0.0455875618429305
1329019188338372608,negative,1.605028800628134e-05
1329019190901092354,negative,0.005728134238193302
1329019190997626880,negative,0.002344223815742169
1329019191345680386,negative,0.00012587191489506506
1329019191450591233,negative,0.04326749920868208
1329019193539387392,negative,0.19949745792147858
1329019199411408896,neutral,0.4306621925965477
1329019200296325121,negative,0.03607073359162608
1329019200875196417,negative,9.882202312404964e-20
1329019203140132864,negative,0.12267736682181389
1329019206889836545,negative,2.7390723576920504e-07
1329019209020563457,negative,0.017442095123644186
1329019209838436353,negative,0.0011302621827079169
1329019214921928704,negative,0.29037549096134374
1329019215777566720,negative,0.0011302621827079169
1329019218956853248,negative,0.12267736682181389
1329019219351105536,positive,0.9971586386629508
1329019232605114368,negative,0.055822319448470395
1329019234538688514,negative,0.01041052059979114
1329019235151081474,neutral,0.4496294498258171
1329019240360374273,negative,0.0011302621827079169
1329019241551572998,neutral,0.5734576952979002
1329019242264530944,negative,3.208450962245582e-14
1329019243694788608,neutral,0.5734576952979002
1329019247310237696,negative,1.952994575879891e-07
1329019249764012032,negative,0.2522996878888356
1329019254516150272,neutral,0.3357116622988641
1329019255279509506,negative,1.7029631649081368e-07
1329019255648636933,negative,0.00071937595092996
1329019257888366592,negative,0.0011302621827079169
1329019259184418816,negative,0.07960181801663709
1329019260715360257,negative,0.01531117021214926
1329019261470306304,negative,3.837422166284875e-14
1329019264636948480,negative,0.14991548800178608
1329019266914521091,negative,0.12725058825060998
1329019268684505089,negative,0.12267736682181389
1329019275282165761,negative,0.013472843493424244
1329019275781214208,neutral,0.5689796959790668
1329019276095877127,neutral,0.3499352441185855
1329019279853883392,negative,0.04326749920868208
1329019280931905539,negative,0.05934446305362689
1329019282928308226,negative,5.252559322305346e-07
1329019287969918977,negative,2.8595937216479307e-08
1329019291245686791,negative,0.22443070090223505
1329019291270844424,negative,0.10257797504384468
1329019298921275394,neutral,0.3341375882806857
1329019299177123841,neutral,0.3383241684906929
1329019366717853697,negative,0.19151105241715685
1329019367409979398,neutral,0.5869567557510148
1329019369519788032,negative,0.005643567222352038
1329019372158005251,neutral,0.5734576952979002
1329019376016691202,negative,0.0011302621827079169
1329019376209719296,negative,0.0010573534587813651
1329019376570413056,negative,0.12725058825060998
1329019378059386880,negative,0.0019271801707183296
1329019379124736005,negative,0.04999217068726566
1329019380257140742,negative,4.500875271636975e-05
1329019381083500545,negative,0.009532196840033173
1329019382035603458,negative,5.458021366651601e-05
1329019382417281024,negative,0.038458747308910794
1329019394060652544,negative,0.2303936702124761
1329019394148720640,positive,0.9971586386629508
1329019394878562305,negative,5.524130623905829e-06
1329019395943829513,negative,1.6441915243370167e-08
1329019397223161857,negative,0.19151105241715685
1329019397495791617,negative,1.9633017591043473e-06
1329019401258065920,negative,2.8786709899707695e-07
1329019412251291648,negative,0.12267736682181389
1329019416063963136,negative,0.031881464037635955
1329019421063573504,negative,0.29037549096134374
1329019423643066369,negative,0.0744184792942043
1329019424012111872,negative,0.001003804206662974
1329019424062500864,negative,0.02776575429183825
1329019425127796741,negative,0.04825914886427852
1329019425694109696,negative,2.654072323508192e-05
1329019427090731008,negative,0.22614349857892527
1329019430848909314,negative,5.579654745550206e-07
1329019431272509440,neutral,0.3819242144884796
1329019431960375296,negative,0.03279600557381426
1329019433403248641,negative,0.0011302621827079169
1329019434128773123,positive,0.9992809857081195
1329019434158219264,positive,0.8356726795243892
1329019435038990337,negative,0.0022433603396464067
1329019435076771841,negative,0.023075944015281635
1329019437723361281,negative,0.09746664798451772
1329019438113435655,negative,0.0001913533209314896
1329019441850556417,negative,1.1518133749027131e-07
1329019443674968064,negative,0.00060408082701658
1329019445541560323,negative,0.20771934817642312
1329019448834072576,neutral,0.36825259019040824
1329019450062901249,negative,0.04776766894794969
1329019454169157638,negative,0.0011302621827079169
1329019456262184961,negative,0.03279600557381426
1329019457746984961,neutral,0.3341375882806857
1329019458795548678,negative,1.576172335347692e-08
1329019459504312320,negative,0.0007695484382718726
1329019462515904512,negative,5.342746669301922e-07
1329019464218779649,negative,0.12826466001597045
1329019464323637248,neutral,0.36564637861671057
1329019464713719809,negative,6.744223092228825e-07
1329019473563676673,negative,0.08207269880895351
1329019477586022401,negative,0.11150500586713978
1329019485349613568,negative,0.17206328267580015
1329019556883521539,positive,0.7105047480073482
1329019559521755137,negative,0.0011302621827079169
1329019559857295372,negative,0.02776575429183825
1329019560440238080,negative,0.010246112671649413
1329019561086230532,neutral,0.3341375882806857
1329019561212047362,neutral,0.3341375882806857
1329019564626235392,negative,4.217040003732476e-06
1329019565423079424,negative,2.394236364915444e-05
1329019566882770944,negative,0.10257797504384468
1329019568518557697,negative,1.2837314669985594e-06
1329019570326212609,positive,0.829339480291423
1329019572821913605,negative,0.0002213477648631832
1329019581105627137,negative,9.797067453705367e-05
1329019581348909058,negative,0.0011302621827079169
1329019581420212225,negative,0.004502366712016334
1329019587514527752,negative,0.10257797504384468
1329019593990561792,negative,0.10257797504384468
1329019596318384162,positive,0.7105047480073482
1329019600042856448,negative,0.005989624158612663
1329019601909407744,negative,0.000829208905149398
1329019602253262848,negative,2.44938155556198e-05
1329019605294182400,negative,1.7666247368261886e-06
1329019608200867840,negative,0.005989624158612663
1329019609543045122,negative,0.08326923794025413
1329019615037550594,neutral,0.43143461162221
1329019617658998784,negative,0.10257797504384468
1329019623019327488,neutral,0.5316624617817726
1329019624835395585,negative,0.01775367088489254
1329019626618052608,negative,0.09033873473275188
1329019628518068226,negative,0.011737624703439847
1329019630325796866,negative,0.12966392376628735
1329019630803972096,negative,6.12160781090264e-05
1329019635023405058,positive,0.7105047480073482
1329019635186929667,neutral,0.35755649047405924
1329019636030070791,negative,0.00042955515520145914
1329019636264955906,neutral,0.5734576952979002
1329019642329919488,negative,3.4985181260689505e-10
1329019643542036480,negative,0.055822319448470395
1329019646314364928,negative,6.744223092228825e-07
1329019648721956864,negative,0.0011302621827079169
1329019648910782469,negative,0.010311541706808517
1329019651167236096,negative,0.0011302621827079169
1329019653897801733,negative,1.576172335347692e-08
1329019658222133248,negative,0.014883167594236576
1329019664249331713,negative,1.381697902540496e-06
1329019664672968717,negative,0.00060408082701658
1329019760118538240,negative,4.199051553935715e-06
1329019761129377792,negative,0.001582756791779235
1329019761439748097,neutral,0.4793391876884299
1329019762257616896,negative,0.015654969935849555
1329019767861207040,negative,2.4087536042329943e-08
1329019769178165258,negative,0.004316160495685517
1329019776002383873,negative,6.309597883524798e-08
1329019780561506304,negative,0.15846546484331314
1329019783707291648,negative,0.20618299871580503
1329019786114854912,negative,0.00042955515520145914
1329019789646454784,negative,0.19151105241715685
1329019789927387143,negative,1.6441915243370167e-08
1329019791609360384,negative,0.06057979892161769
1329019796499918848,negative,3.263079478040496e-08
1329019797670146054,negative,0.012863967416008924
1329019800228683777,negative,0.21642307501468266
1329019800903966720,negative,0.10257797504384468
1329019803009490945,negative,0.0002522828927752635
1329019803982573568,negative,0.10257797504384468
1329019804552978432,negative,0.0013626637575163804
1329019805979062274,positive,0.999498344112215
1329019807749050369,negative,0.010725605186027198
1329019809569398785,negative,0.18227611833650834
1329019813105119233,negative,1.0335774973184985e-07
1329019813692387330,negative,0.007293869913681976
1329019814401232897,negative,0.01897175086643638
1329019814636113920,negative,0.043875082704029164
1329019815093219329,negative,0.0014718304566061385
1329019815638556672,negative,0.22104343274064955
1329019815768584193,negative,0.0013655227207135191
1329019818574450688,negative,0.2128722929146599
1329019819572817920,negative,3.4968092861196144e-05
1329019820474572801,negative,0.18227611833650834
1329019821019852801,negative,0.0013655227207135191
1329019823431540737,negative,0.029498273398007053
1329019823775473665,negative,8.848025782914985e-06
1329019828519235585,negative,0.01897175086643638
1329019828632424450,negative,0.00042955515520145914
1329019828913532929,negative,0.2872957850503168
1329019839264985089,negative,0.17226781062799137
1329019845325840384,negative,0.03155058000429981
1329019856985976832,negative,0.01699442003720968
1329019939060113411,negative,0.0012643872414585776
1329019940939173889,positive,0.9971586386629508
1329019942927208449,negative,0.044031059372970145
1329019943636099079,negative,5.8856482521048826e-05
1329019943778717697,negative,0.16969893605625136
1329019944739205120,negative,0.10257797504384468
1329019945024368640,negative,0.08322878570428734
1329019946899296256,negative,0.2367184969683456
1329019949667528709,negative,0.0011302621827079169
1329019950099468288,negative,4.868073612917463e-10
1329019952955846656,negative,0.26510958280723346
1329019953031360512,negative,0.008256616757381529
1329019953316585472,positive,0.6646393315409048
1329019953639550978,negative,0.012604944633866633
1329019954734182400,negative,0.007051654020285601
1329019958584610816,neutral,0.4672713228128714
1329019963152232448,positive,0.7105047480073482
1329019964590788609,negative,1.2270885621889185e-05
1329019968567074816,negative,0.0016307976173390822
1329019970504810496,negative,0.0658781848216901
1329019971331108864,negative,1.576172335347692e-08
1329019972295794690,negative,0.000916129379326616
1329019972446777345,negative,0.0014588050295048214
1329019972501245952,negative,0.03392200178833454
1329019972589334528,negative,3.950592045465719e-06
1329019972631277568,negative,7.878924062869658e-06
1329019974116016128,negative,0.29102375190092533
1329019976053911552,negative,0.09495591402280343
1329019979744866305,negative,0.07297062577054661
1329019980248190978,negative,0.00012416766634782613
1329019980717944833,negative,0.003076064123765369
1329019981053517828,negative,0.12267736682181389
1329019990201294848,negative,0.0011302621827079169
1329019992176783366,negative,0.0011302621827079169
1329019994022293504,neutral,0.5689796959790668
1329019995007971329,negative,4.073598686291835e-09
1329019996605911040,negative,0.0011302621827079169
1329019997541208066,negative,0.0009273883140304389
1329019997608407041,negative,0.09016725050128345
1329020002360549382,negative,1.7029631649081368e-07
1329020005283926016,negative,0.01897175086643638
1329020009813782529,negative,0.0006188511697495873
1329020011961266178,negative,0.2268908220613508
1329020013920071682,negative,0.06178525494447611
1329020013991391238,negative,0.001504978439944574
1329020017388744704,negative,0.013472843493424244
1329020019418787841,negative,0.059846813878641686
1329020023327895555,neutral,0.38034372314874076
1329020025601101824,negative,6.600874792376705e-08
1329020027325079552,negative,0.004394283718730544
1329020027379572739,negative,0.10257797504384468
1329020030168788992,negative,0.0011302621827079169
1329020031070507009,negative,0.0011302621827079169
1329020038578368515,neutral,0.4496294498258171
1329020041195610113,negative,0.22088780086720558
1329020044114677760,neutral,0.33759803203932354
1329020112544862210,negative,0.12725058825060998
1329020114323320832,negative,1.2270885621889185e-05
1329020116424675329,positive,0.7105047480073482
1329020118152712192,negative,1.825946063031675e-05
1329020122745479170,negative,1.8879908367634214e-05
1329020126633619457,negative,0.033390237832884855
1329020127476674566,negative,0.009935267794692428
1329020128286171136,negative,0.00022403558592428655
1329020132199370753,negative,0.0004495150903683451
1329020134141419521,negative,0.003635338587202956
1329020135731060764,negative,0.0014333187613004552
1329020137027072002,negative,0.0014718304566061385
1329020138625097728,negative,0.051808576745814336
1329020140785176576,neutral,0.4894886660404289
1329020144463581184,negative,0.05071216834542864
1329020146070007810,negative,3.0989117012055854e-12
1329020147949047817,negative,0.20405688446246395
1329020154651561988,negative,0.055822319448470395
1329020154810929154,negative,0.011057927653544446
1329020155708518400,negative,0.00042884952166574047
1329020158350925824,positive,0.7105047480073482
1329020167020539904,negative,0.017778917517913127
1329020168941481985,negative,0.037876009002055226
1329020169457455104,negative,0.3126446944591022
1329020172817080320,negative,0.010467421892507059
1329020175946047489,negative,3.8377997591298444e-07
1329020176231227396,negative,0.00021317084180373094
1329020179267932165,positive,0.8059126985426052
1329020180127752197,negative,0.009203647250336459
1329020183546040320,negative,0.0005499744332297339
1329020185928404994,negative,0.15297793932430379
1329020189107687424,negative,0.0011302621827079169
1329020190986805253,negative,0.0011302621827079169
1329020192052146176,negative,0.05446461814845274
1329020192756740097,positive,0.7105047480073482
1329020194245795842,negative,0.0002522828927752635
1329020196716240897,negative,1.7814547804308735e-06
1329020198637203459,negative,4.754779792626358e-09
1329020200021319681,negative,5.5808871313034145e-05
1329020202131083264,negative,8.581782320774427e-08
1329020204526039040,negative,0.0013327081644778822
1329020206983884801,neutral,0.42511370651004343
1329020208242167810,negative,0.0029108674544030613
1329020211014594560,negative,0.02201352467398307
1329020211081719808,negative,0.0710604468105907
1329020212197330948,positive,0.9971586386629508
1329020212394520578,negative,0.12267736682181389
1329020222221651969,negative,2.6560061785814922e-05
1329020223316496386,negative,0.17206328267580015
1329020229603774465,negative,0.0011302621827079169
1329020231667380224,negative,0.00045429680622217916
1329020232413884416,negative,0.1577802935957789
1329020236264312832,neutral,0.5734576952979002
1329020318590103554,negative,1.8344758499485777e-06
1329020318644662273,negative,0.09434187460638427
1329020323480690689,negative,0.00010025406361199017
1329020323963023360,negative,0.0018522805333611328
1329020324361490433,negative,1.8663476414018242e-05
1329020324751536130,negative,0.11833301684654823
1329020325292617732,negative,1.8975015843464233e-05
1329020326374748160,negative,0.29037549096134374
1329020326525755392,negative,4.1455616188208447e-07
1329020327884713987,negative,0.006809402321390311
1329020329491128321,negative,0.16510907912969588
1329020335879053313,negative,0.007396945175114821
1329020336462057472,negative,0.0029108674544030613
1329020343189704708,negative,0.026430578744207803
1329020344808714241,negative,0.04376155921298742
1329020345936961536,negative,0.0011523685399107775
1329020346842959873,negative,0.0019271801707183296
1329020347220373504,negative,0.0032750713869385347
1329020347291750400,negative,0.0011302621827079169
1329020352597553155,negative,0.014807855061079326
1329020353134407682,negative,0.0011302621827079169
1329020355407732736,negative,0.08767684252579175
1329020356280135681,negative,0.04566282621442584
1329020357228064768,negative,0.008500246919219356
1329020360868720640,positive,0.7105047480073482
1329020362600943617,neutral,0.5734576952979002
1329020365134327809,negative,0.004176274090751977
1329020365679587329,negative,0.0038693284956249608
1329020366270951426,negative,0.05934446305362689
1329020373002821634,negative,5.8856482521048826e-05
1329020375087390721,negative,0.00046801011846847926
1329020382993637378,negative,0.0011302621827079169
1329020387045351426,neutral,0.3844162341088459
1329020387712245761,negative,0.0008200909030276396
1329020396000190465,negative,0.1064782426225903
1329020403742859264,negative,0.1848411098526946
1329020404363620360,negative,5.933976514497511e-09
1329020406813106176,neutral,0.345170046049484
1329020410285920258,neutral,0.43143461162221
1329020410395058184,negative,8.848025782914985e-06
1329020410541772800,negative,0.16580332158262875
1329020411116392448,positive,0.9999880551555567
1329020412991320064,negative,0.009935267794692428
1329020414874562561,negative,0.05262041718524554
1329020415679864833,positive,0.7105047480073482
1329020418670424065,negative,1.7029631649081368e-07
1329020419173740547,negative,6.304629971213753e-17
1329020419211464705,negative,0.17206328267580015
1329020501616889857,negative,0.10009065629389999
1329020502950686722,neutral,0.5734576952979002
1329020505500872705,negative,1.3464507584899556e-05
1329020510995410944,neutral,0.5734576952979002
1329020517085564928,positive,0.6972344976932286
1329020522789826560,negative,0.05289047534282518
1329020522991071232,negative,0.0672285279627633
1329020524438188034,negative,0.022985619319577717
1329020526849892353,negative,0.04958010597799073
1329020529844563968,negative,0.055822319448470395
1329020533447471104,negative,0.038043883715251525
1329020534181523458,negative,4.416704650693989e-12
1329020534819090433,positive,0.998809094560376
1329020536920354822,negative,0.27651725291139395
1329020538782670848,neutral,0.5734576952979002
1329020538895953920,neutral,0.3968284196278732
1329020540636508160,positive,0.7105047480073482
1329020541295013888,negative,0.14266760235158343
1329020542754709504,negative,0.0011302621827079169
1329020543266398212,negative,0.004176274090751977
1329020544059121665,neutral,0.4496294498258171
1329020544461778944,negative,0.010793558652415063
1329020544746971136,negative,0.007158233008759979
1329020546412064768,negative,0.055822319448470395
1329020546437279744,negative,1.4045584092312269e-05
1329020547150340098,neutral,0.5001337979289135
1329020548014288896,negative,3.6120059191095246e-09
1329020549553659906,negative,0.000821535831620304
1329020550212182017,negative,0.023824533231896657
1329020552711970817,neutral,0.36564637861671057
1329020560370765825,negative,0.0011302621827079169
1329020567022948352,negative,0.267430080872399
1329020571921895426,negative,0.008699266815057666
1329020573998063616,negative,0.0011302621827079169
1329020577814810624,negative,8.848025782914985e-06
1329020581224849409,negative,0.03279600557381426
1329020581866573824,negative,0.0787503013334218
1329020582881538050,negative,0.09272901494701437
1329020583368122370,negative,0.04249224768697157
1329020584282484737,negative,0.008244396462125783
1329020587126235136,negative,0.19151105241715685
1329020588011220992,positive,0.9971586386629508
1329020589932240896,negative,0.000165529438675043
1329020590578077706,negative,0.0011302621827079169
1329020590636855298,neutral,0.4496294498258171
1329020592989888514,neutral,0.6293765078840271
1329020593522569217,positive,0.7105047480073482
1329020593790988291,negative,0.2969921481276567
1329020594021687298,negative,1.5811202558859205e-06
1329020594541776897,negative,0.013305773054496118
1329020596735385601,neutral,0.38034372314874076
1329020599079985153,negative,0.0029108674544030613
1329020599906291713,negative,0.025500518992095916
1329020601831469056,negative,0.12267736682181389
1329020602104082439,negative,1.4081636681346382e-05
1329020602179579906,neutral,0.33882329142327267
1329020606298337280,negative,0.18804812153865427
1329020606357049344,negative,0.04566282621442584
1329020606717841409,negative,0.0002044357653161318
1329020610714931200,positive,0.9971586386629508
1329020613697138689,negative,9.43927402137799e-10
1329020691774124034,negative,0.004979189124865865
1329020691883192326,negative,0.043821560164877274
1329020694332657666,negative,2.1698618578171754e-11
1329020696245186567,neutral,0.4496294498258171
1329020697524494338,neutral,0.3992586885383729
1329020701005795331,negative,0.037173603867320874
1329020701425233923,negative,0.31732489718339985
1329020702356348930,negative,0.31732489718339985
1329020702431858694,negative,0.018319929516544826
1329020703069392896,negative,0.00011020985276097476
1329020703857926147,negative,8.192309654640388e-07
1329020704407384064,negative,0.12267736682181389
1329020706470973441,negative,0.0012199469368678148
1329020707729248256,positive,0.6780145176860749
1329020708018675712,neutral,0.38987598285446756
1329020710136782849,negative,0.00037824772725414055
1329020712867258368,negative,0.0011302621827079169
1329020713525776386,negative,1.5220132829238755e-05
1329020716214312961,negative,0.0026249516436770565
1329020717460054018,negative,0.007363315580734595
1329020723885731844,neutral,0.4793391876884299
1329020725030739968,negative,0.007396945175114821
1329020726754435072,negative,1.8344758499485777e-06
1329020727123718144,negative,0.04326749920868208
1329020730898583552,positive,0.8605351798987225
1329020731032817664,negative,0.04548419181495493
1329020735734607872,negative,0.010725605186027198
1329020735973699584,negative,0.038043883715251525
1329020736632184832,positive,0.9664013315724768
1329020736653189120,negative,7.536281469875388e-09
1329020740419588101,negative,2.1021109513715893e-09
1329020744228098049,positive,0.9885190960137471
1329020746010664960,negative,1.5811202558859205e-06
1329020746635620352,negative,0.05712351775255012
1329020747034087424,negative,0.0003247056310924526
1329020749290549249,positive,0.8059126985426052
1329020751228309504,negative,0.0013097675983507096
1329020757561782272,negative,0.0628357597222309
1329020760103456768,negative,0.03531795391799677
1329020760866873345,negative,0.0011302621827079169
1329020763056304129,negative,0.03164863520400473
1329020764910219265,negative,0.00019343599773767933
1329020766298497030,negative,0.00012835729826940595
1329020770383781895,negative,0.006894090912099557
1329020776545181702,negative,0.0011302621827079169
1329020778629586944,negative,0.004816834460347032
1329020778818523137,negative,1.5241070230072446e-06
1329020779695058945,negative,0.0036014199186581272
1329020779992911872,negative,0.00016372363350132364
1329020780185841664,negative,0.02786110888973816
1329020782471643141,neutral,0.5180488968620786
1329020787660042241,positive,0.7292457534552033
1329020791313354758,negative,0.10257797504384468
1329020793091727361,negative,0.07290010038500384
1329020795314712581,negative,0.007305563539412217
1329020796463947776,negative,4.018740830091467e-06
1329020798867288064,negative,5.048143458361815e-05
1329020800318517250,neutral,0.4913676807523555
1329020839438774274,negative,0.0011302621827079169
1329020840382525441,neutral,0.45073758485698934
1329020842831908868,negative,0.0011302621827079169
1329020845419802625,negative,8.380336762056115e-08
1329020848209059841,negative,0.0018751857509812662
1329020854584414216,negative,0.24095395740427514
1329020857830825986,negative,0.004262638463841444
1329020860951388164,negative,0.06651345572111174
1329020863631515648,negative,1.659274359195756e-06
1329020866471063552,negative,0.0011070956621115117
1329020869654540289,negative,1.2788522582656144e-14
1329020873068711938,negative,9.323710232211039e-06
1329020875262320640,neutral,0.4818688440971831
1329020880823980032,negative,0.10257797504384468
1329020881193078784,negative,0.055822319448470395
1329020887534809090,negative,0.03279600557381426
1329020887597789185,negative,0.01091210409525463
1329020888931512320,negative,2.949602386153205e-06
1329020891771117570,negative,0.00044476133926234994
1329020891787911168,negative,0.12267736682181389
1329020897613713409,negative,0.12267736682181389
1329020898779729923,negative,0.17206328267580015
1329020902688821250,positive,0.967832940127793
1329020902940561408,negative,0.0787503013334218
1329020904526000132,negative,0.0035472326561135996
1329020906342125569,negative,0.019547904209473436
1329020907067674624,negative,0.10816119255117941
1329020908938391558,negative,0.18227611833650834
1329020910481924098,negative,0.0008105823300443937
1329020910704136198,negative,0.014881657997020514
1329020911991877633,negative,0.022729707257740928
1329020912113422337,positive,0.9668688539669372
1329020917633200130,negative,0.003477364981954133
1329020917910024193,negative,0.12589817988359947
1329020918367199232,negative,1.0311772210953526e-14
1329020918920859648,positive,0.9971586386629508
1329020921856864257,negative,0.010725605186027198
1329020922439806979,negative,0.029839990577990402
1329020922523758593,negative,4.018740830091467e-06
1329020923995951106,negative,0.0011302621827079169
1329020929276604417,negative,1.7029631649081368e-07
1329020930471960582,neutral,0.4598650020881221
1329020947983118343,neutral,0.5136446707795853
1329020948620730368,negative,0.32335854765502803
1329020949497335812,negative,0.14266760235158343
1329021067252412416,negative,0.00060408082701658
1329021068917559296,negative,0.00010107155517812757
1329021070138077185,negative,0.00044753716604324395
1329021070960177158,negative,5.983327612593883e-09
1329021072042303488,negative,0.0015414190091625982
1329021075104141313,neutral,0.4496294498258171
1329021076324704262,neutral,0.3790991588840658
1329021082951692288,neutral,0.375644913682984
1329021084570701825,negative,0.0008105823300443937
1329021088018345986,neutral,0.5734576952979002
1329021089859706881,negative,6.092123459773901e-06
1329021090086199296,negative,0.0006219430163427044
1329021091453542401,negative,0.02701468796412804
1329021093282189313,negative,0.12267736682181389
1329021093827506179,negative,0.0005126814528186806
1329021094511194118,negative,0.031273590760684436
1329021096193089537,negative,0.29699043684288917
1329021097942061058,negative,0.0011302621827079169
1329021098260836352,negative,0.0022964652026320506
1329021102899793920,negative,0.001696944690601443
1329021105265401856,negative,0.00040500169167648203
1329021107886829570,positive,0.7362846670193683
1329021108729884672,negative,7.472209143928e-06
1329021108880699392,negative,0.08326923794025413
1329021109061242885,negative,0.01202651068147353
1329021112089538561,negative,0.0004495150903683451
1329021116313178112,negative,0.016922208416642187
1329021126169792513,negative,0.0011302621827079169
1329021128975769603,negative,0.036799065886340014
1329021130301124608,negative,0.0011302621827079169
1329021130435403779,neutral,0.49789225920557484
1329021131194585089,negative,0.10622421319651891
1329021133665001478,negative,5.499552071196088e-05
1329021136257101824,negative,2.6961583275536148e-05
1329021138169712643,neutral,0.4496294498258171
1329021138509426688,positive,0.9882235625030537
1329021139591507969,negative,0.0787503013334218
1329021143240552452,negative,0.043875082704029164
1329021143316049920,positive,0.7110139790045531
1329021144469549057,negative,0.055822319448470395
1329021144658272256,neutral,0.3715800456582011
1329021144830242817,negative,1.8344758499485777e-06
1329021146180820992,negative,0.007396945175114821
1329021148613513217,negative,4.871848366546223e-10
1329021156154892288,negative,0.1447903104576834
1329021156570107904,negative,0.0787503013334218
1329021157115310081,negative,0.18227611833650834
1329021160407920640,negative,0.22561333375529458
1329021163838836737,negative,0.029126273686473886
1329021164887429120,negative,0.07111501131747865
1329021165474549761,negative,0.10622421319651891
1329021165608767488,negative,0.0011302621827079169
1329021165923233795,negative,0.012507070621485572
1329021166044942345,negative,0.29631435681938373
1329021166963412992,negative,0.02309671628148121
1329021167240351744,negative,0.005989624158612663
1329021167240351746,positive,0.8918021756414874
1329021168448385026,negative,0.0011302621827079169
1329021170302251009,negative,0.11344178912491261
1329021170394468352,negative,2.677320683930717e-12
1329021171321462785,negative,0.017449849943298706
1329021244956700672,positive,0.7105047480073482
1329021249855631363,neutral,0.4737554465528978
1329021250786746373,negative,0.00857732216338716
1329021252200247297,negative,0.019196372185682323
1329021252464504833,negative,7.787264942875461e-08
1329021258466545664,negative,0.0011302621827079169
1329021258869198848,negative,0.22104343274064955
1329021264514715649,negative,0.055822319448470395
1329021265315852288,neutral,0.3725123196158991
1329021268176351232,negative,0.04566282621442584
1329021270231560192,negative,0.0001004556113630181
1329021272794259456,negative,5.421413145121965e-05
1329021274476187650,negative,0.009532196840033173
1329021276179095552,negative,0.019984688737018624
1329021280528592896,positive,0.8129476277854666
1329021281694609410,negative,1.7029631649081368e-07
1329021283586203649,negative,0.03823905190032195
1329021287751147520,negative,0.00042884952166574047
1329021288845860865,neutral,0.5092509476797674
1329021290146095107,negative,4.4272037715899086e-07
1329021296718589953,negative,0.001665734957761809
1329021298660487171,positive,0.9995061039674862
1329021301718208514,negative,9.797067453705367e-05
1329021302032756738,negative,0.0064411381561510495
1329021307154014209,positive,0.7105047480073482
1329021307674001408,negative,1.1762019155729554e-05
1329021309196652544,negative,0.20012627606285244
1329021311172096003,negative,0.0048557651518988726
1329021312514347009,negative,0.018319785342507233
1329021315324534787,negative,0.0266027066651461
1329021319871164417,negative,0.18777841502325054
1329021335109033989,negative,0.00010786620140723628
1329021335327170564,negative,0.001696944690601443
1329021335532691456,negative,0.0011302621827079169
1329021337189326849,negative,0.09108421057101446
1329021339106217984,negative,0.0011302621827079169
1329021344449781761,negative,0.0787503013334218
1329021350594441217,negative,0.0005742343529700468
1329021351684943880,negative,0.09192056069640865
1329021356919443456,negative,0.006966518162534718
1329021357171093505,negative,6.589572799515032e-05
1329021357611495426,negative,0.0808570157937256
1329021358056017925,negative,0.0009872014330903
1329021358102228992,negative,0.006745678047570921
1329021358198697984,negative,0.015591899936878324
1329021358525865985,negative,0.0018751857509812662
1329021358718783488,negative,0.0003880914421976834
1329021358798491649,negative,0.004502366712016334
1329021360375537665,negative,0.11150500586713978
1329021360568463362,negative,0.08807967318051885
1329021455099699202,negative,2.6388222886728775e-08
1329021455988895746,negative,9.322858283368748e-07
1329021459168190464,negative,0.00014449598297755492
1329021460233465856,neutral,0.3815677653199425
1329021461143629824,negative,0.12811281441143568
1329021461512777733,negative,0.00024437201971822187
1329021462339080193,negative,0.06859432070856937
1329021463060484101,negative,1.7029631649081368e-07
1329021465736351745,negative,0.03823905190032195
1329021466550079488,neutral,0.5734576952979002
1329021471591690240,negative,0.00018162981076038108
1329021471826579456,positive,0.729312563274108
1329021473814683652,negative,0.04999217068726566
1329021481083396096,negative,1.959641766078702e-09
1329021481968340992,neutral,0.5869567557510148
1329021482123612161,negative,0.0054422474066762455
1329021482467545090,negative,0.025866301056750852
1329021483113459713,negative,0.001696944690601443
1329021483205660673,negative,2.677320683930717e-12
1329021485093183488,neutral,0.5869567557510148
1329021485575516160,negative,0.03314819685030795
1329021486699573248,negative,0.0007079287034474583
1329021487278415872,negative,0.0018522805333611328
1329021487370604549,negative,0.015958904503965764
1329021489593671683,negative,0.02418042265475018
1329021489945915394,positive,0.9971586386629508
1329021489992126465,negative,0.04017947637626627
1329021490789019649,negative,0.00732684081168958
1329021491829149696,negative,0.12725058825060998
1329021493150441472,negative,0.026140356649203146
1329021495725723651,negative,0.17206328267580015
1329021503602647051,negative,0.049986241849778255
1329021507721449472,negative,0.0011302621827079169
1329021513463443457,negative,0.06437834400764623
1329021520438566912,negative,0.0015622033514631137
1329021523219386369,positive,0.9162338671136697
1329021526822313984,negative,9.925929451971328e-06
1329021528453898241,negative,0.0004541648428209354
1329021528911060992,neutral,0.5734576952979002
1329021529280176135,negative,0.0011302621827079169
1329021533386280962,negative,8.920924364265239e-05
1329021533457580037,negative,0.0027725625604962455
1329021533529006080,negative,5.555258920718048e-07
1329021533554057219,negative,1.664560807031616e-08
1329021533562482688,negative,0.07197534234148349
1329021534653050883,positive,0.8019405203181018
1329021534741147649,negative,0.001696944690601443
1329021535747792899,negative,3.7549248897229323e-06
1329021536028811272,negative,0.0007000301234115728
1329021538394382339,positive,0.7105047480073482
1329021538893434883,negative,0.0036014199186581272
1329021541728784384,negative,0.004423603646227069
1329021542223712257,neutral,0.38034372314874076
1329021545621180416,negative,0.001570873051022005
1329021546506104833,negative,0.19540102723646696
1329021629737918465,negative,0.01692915921992427
1329021634162921472,neutral,0.33882329142327267
1329021642387972096,negative,2.677320683930717e-12
1329021642727677955,negative,0.019895613589028593
1329021645089026053,negative,0.30728713730944546
1329021646171062272,negative,0.0043037766429819355
1329021648650051589,negative,0.0011302621827079169
1329021655092502530,negative,0.005398417861508592
1329021663330103297,negative,0.10257797504384468
1329021665767018496,negative,3.179444993308354e-14
1329021667058864131,negative,0.0007229897009529529
1329021670535868417,negative,0.0009967320249947512
1329021671492235264,negative,0.0002345059546130958
1329021674637946881,negative,0.0011302621827079169
1329021679448809472,negative,0.07578793728995616
1329021679914377216,negative,0.04326749920868208
1329021682842013697,positive,0.7292457534552033
1329021685387890689,negative,0.2568680277869489
1329021691561988096,negative,0.2648502380498143
1329021698289639424,negative,4.478880780332676e-05
1329021699220770816,negative,0.12176176628080208
1329021701166931969,negative,4.866413650669121e-06
1329021703046000642,negative,0.00302382225183658
1329021703331008514,negative,0.22209334935939248
1329021707986886656,neutral,0.5495922250151081
1329021710012702720,negative,0.004539663664390986
1329021710071427075,negative,0.14157806503962683
1329021712634155008,negative,0.028224431018580704
1329021717952548866,negative,0.031189040586680632
1329021720251015168,negative,0.00060408082701658
1329021721903575042,negative,0.055822319448470395
1329021724906631169,negative,0.01683998768339763
1329021724982194176,negative,0.10622421319651891
1329021727695925264,neutral,0.5734576952979002
1329021728169684993,neutral,0.5734576952979002
1329021730384453632,negative,1.2047726573755449e-05
1329021731214942211,negative,0.00012015071236523897
1329021733203013632,negative,4.500875271636975e-05
1329021734486503425,negative,0.008212241301406197
1329021736038359041,negative,0.040809533145312105
1329021736529092608,negative,0.008212241301406197
1329023127133835266,negative,0.10246363125894047
1329023132519309312,negative,3.162135903621475e-10
1329023132712185856,negative,0.005260620196421686
1329023137577578497,negative,0.15558993830969833
1329023138013786112,negative,0.03778103128011245
1329023139460898818,negative,3.613237443479134e-07
1329023141310558208,negative,9.797067453705367e-05
1329023143621652481,negative,0.00017842403247934855
1329023154073821185,positive,0.7199155358370156
1329023156951134208,negative,0.00042884952166574047
1329023165159399425,negative,4.333913706648435e-05
1329023166182809600,negative,0.05026135968034857
1329023171262091267,positive,0.7138652395065782
1329023172499353600,negative,0.04481071051251581
1329023173011050497,negative,0.00042884952166574047
1329023173233434627,neutral,0.47840844706262076
1329023174470721541,negative,0.2116798228934221
1329023177104764928,negative,0.0011302621827079169
1329023181865312256,negative,0.19295653493143522
1329023182284742656,negative,6.342686891601567e-17
1329023185686294531,negative,0.0005637953130719292
1329023204371918849,neutral,0.46547669161667093
1329023206813036546,negative,0.0011302621827079169
1329023207467347968,negative,0.05223392471357963
1329023208952094724,negative,0.1943502440267777
1329023211246411778,negative,0.04306336743533386
1329023212085268480,negative,0.0009328099383678697
1329023212601143298,neutral,0.4496294498258171
1329023213557395457,negative,0.0011753381961676968
1329023218280247298,positive,0.9829395388565204
1329023222348713987,negative,1.5726990642900414e-06
1329023232691871744,negative,0.0011070956621115117
1329023235653062658,neutral,0.4496294498258171
1329023236454166528,negative,0.0011302621827079169
1329023241130749954,positive,0.7105047480073482
1329023324186349570,neutral,0.3544749140215331
1329023328967913472,negative,7.357280296704638e-07
1329023333254434818,negative,5.207912708938944e-07
1329023334667886593,negative,0.003027895956692213
1329023334923853824,neutral,0.543130526485416
1329023339835211776,negative,0.09108421057101446
1329023340871364609,negative,0.090548151889487
1329023341500493824,negative,0.00015856295777968814
1329023344482656256,negative,0.0004291115894490975
1329023348165275649,negative,0.0011302621827079169
1329023351927476226,negative,0.07409858964317478
1329023352023830528,negative,1.1487035291152003e-05
1329023352548298752,negative,0.0011302621827079169
1329023355605954561,negative,1.562240109127582e-05
1329023355706601473,neutral,0.4515259040694504
1329023360592990208,positive,0.6907050409055988
1329023361108889600,positive,0.7105047480073482
1329023361410797568,neutral,0.47767126215885464
1329023364384641025,negative,3.1227718418980915e-09
1329023365609295873,negative,0.10257797504384468
1329023366112694274,negative,0.0011302621827079169
1329023368784437251,negative,0.001696944690601443
1329023369111613445,negative,0.14494373848753814
1329023373830139906,negative,0.045100345292658245
1329023375113670656,negative,1.3266952821248301e-05
1329023375449186310,negative,0.10622421319651891
1329023378871758848,negative,0.000910294802201056
1329023378884358150,negative,0.0413059571793839
1329023378892664841,negative,0.1789092750858924
1329023382210420736,negative,0.05413585944444966
1329023385477771269,neutral,0.5734576952979002
1329023387365240834,negative,0.005076995856454297
1329023389772734466,negative,0.1268028451552595
1329023392914300928,neutral,0.5734576952979002
1329023393400811521,neutral,0.46127768308170247
1329023397460922368,negative,0.17629892331301014
1329023400971554817,negative,0.1427122862583909
1329023403165167616,negative,0.0004291115894490975
1329023403462942722,positive,0.9971586386629508
1329023403823669250,negative,8.158692279802478e-05
1329023404205334528,negative,0.31732489718339985
1329023405388128258,negative,0.12267736682181389
1329023406130466816,negative,3.3639285251594497e-08
1329023407644667904,positive,0.6646393315409048
1329023411604123649,negative,2.0201020050610515e-06
1329023412673650688,negative,0.0002372049441987274
1329023413248282627,negative,0.01155708600982678
1329023414078746624,neutral,0.49789225920557484
1329023414179336193,negative,0.17206328267580015
1329023414225543168,neutral,0.428138102515278
1329023415097978880,negative,0.002079037866689927
1329023415588630529,negative,0.09396973377293136
1329023415685181441,neutral,0.37409041783159663
1329023417128005632,negative,0.0011302621827079169
1329023418377908224,negative,0.02312814423556466
1329023418788962306,negative,0.004551295411253584
1329023419107651585,neutral,0.4818688440971831
1329023420735086592,neutral,0.5651414892665091
1329023429408940033,negative,0.10257797504384468
1329023430675619841,negative,0.0011302621827079169
1329023433468899329,negative,0.003027895956692213
1329023433959727104,negative,0.00345334924763276
1329023435779964934,negative,0.0019594347295560314
1329023438179143681,negative,4.934588312329061e-09
1329023439873695745,negative,0.2522817600246395
1329023440179834880,negative,0.0011302621827079169
1329023521943588864,negative,0.014059069093914795
1329023522870530050,positive,0.7105047480073482
1329023526196666370,negative,2.645694451884897e-05
1329023530177073152,negative,0.0011302621827079169
1329023530365833216,negative,0.07358670041818641
1329023537013776390,negative,0.033099160918687795
1329023540960649218,negative,5.611802130362283e-06
1329023545926619136,negative,0.000910294802201056
1329023550548811778,negative,0.024034839486496422
1329023552293662720,negative,0.02283961416791381
1329023553786798084,negative,0.0016761918061187083
1329023554285875202,negative,0.19151169014119152
1329023556785672193,neutral,0.33882329142327267
1329023559671418880,negative,0.004346898505139067
1329023559839191040,negative,0.03279600557381426
1329023561487568896,negative,0.036245548725837004
1329023565107240960,negative,3.438314667293292e-05
1329023565778333696,negative,0.0008007289518799993
1329023567758024706,negative,0.00046801011846847926
1329023568273928197,negative,0.003878398930623314
1329023569515470849,negative,0.017778917517913127
1329023571172143112,negative,0.02776575429183825
1329023571897757696,negative,0.0001978723516778656
1329023572052938753,negative,0.12267736682181389
1329023574074679303,negative,0.011962485533436396
1329023575890780162,negative,0.055822319448470395
1329023577396539394,negative,0.018319785342507233
1329023580223442945,negative,7.038596360900735e-05
1329023587005722624,negative,2.858682370816212e-07
1329023591027970048,negative,0.0011302621827079169
1329023592084942848,negative,0.030720829118922818
1329023594672885761,negative,1.0026187076149026e-05
1329023596660989953,negative,0.0011302621827079169
1329023600708476928,negative,0.0011302621827079169
1329023604550463491,neutral,0.3831422714549554
1329023607482310656,negative,0.04854379498474959
1329023607788462080,positive,0.7105047480073482
1329023607901728768,negative,0.12267736682181389
1329023611714277378,negative,0.00186044655920039
1329023613673074688,negative,0.01091210409525463
1329023614813933568,negative,0.04326749920868208
1329023616982331396,negative,0.0009888704389811763
1329023620425854986,negative,0.0011302621827079169
1329023627807911937,negative,4.268142020111688e-05
1329023628722249728,negative,0.20618299871580503
1329023629787619330,neutral,0.3341375882806857
1329023699081629697,negative,0.015757721180406577
1329023699740135425,negative,0.012080084695000376
1329023700679716865,negative,0.000277881601542893
1329023702395129856,negative,4.431731209571655e-07
1329023702558773248,negative,1.5920599380197973e-12
1329023703494123521,negative,0.12267736682181389
1329023706715316225,negative,0.006528629581180889
1329023710825762818,positive,0.9829106215816412
1329023711505223681,negative,0.00010839634568696275
1329023711517749248,negative,0.015529942876945743
1329023714399309825,neutral,0.415597066012374
1329023715460456449,negative,0.051808576745814336
1329023716001517568,negative,0.12267736682181389
1329023718983688194,negative,0.14636385674521066
1329023720321593344,negative,3.1587212746783395e-07
1329023723865780224,positive,0.9892620530929946
1329023724528541697,negative,0.0019110048071837558
1329023728949276672,negative,2.8338213405246872e-05
1329023730522185729,negative,0.005398417861508592
1329023734485807105,negative,0.033251103439484106
1329023734951325697,negative,0.0004291115894490975
1329023735215616007,negative,0.0011302621827079169
1329023735798620160,negative,0.012080084695000376
1329023742526283776,neutral,0.345170046049484
1329023743050608640,negative,0.04854379498474959
1329023743117627395,neutral,0.345170046049484
1329023746053709825,neutral,0.6516061927387157
1329023751841845249,negative,0.0011302621827079169
1329023752638763008,negative,0.0004291115894490975
1329023759504838659,negative,0.043875082704029164
1329023760003981312,negative,0.0069972898761330215
1329023767809576960,negative,3.0470745192041156e-05
1329023770699440128,negative,0.12267736682181389
1329023771643088896,negative,0.004154931637469929
1329023774688206855,negative,0.05078424134795237
1329023778198859776,negative,0.0029108674544030613
1329023778630856705,negative,0.03175002287002377
1329023781126479872,positive,0.9086291569043615
1329023781277491200,negative,1.4775702247759174e-05
1329023782829387776,negative,0.06733256267565363
1329023786327420928,negative,0.12725058825060998
1329023786625150976,negative,0.18743305653622297
1329023791645806592,negative,0.004094267885282885
1329023795626127360,negative,0.0026660513076063124
1329023798356578305,neutral,0.5869567557510148
1329023803087785986,negative,0.06711742161774993
1329023806271352832,negative,0.04536524200729541
1329023807454056450,negative,0.0029108674544030613
1329023811287658496,negative,0.12267736682181389
1329023813867212806,negative,1.0762579126857787e-07
1329023813955280898,negative,1.8344758499485777e-06
1329023818065698817,negative,0.05446461814845274
1329023819672117249,negative,0.017219261776115657
1329023901972766723,negative,0.0039684129047154685
1329023909585432580,negative,0.12267736682181389
1329023910197784577,negative,0.29037549096134374
1329023914316623872,neutral,0.5525684566583168
1329023914585022465,negative,0.2577403960207793
1329023919504961537,positive,0.7105047480073482
1329023923917303811,negative,0.06250936436842955
1329023925460869122,negative,0.000501687650839036
1329023926031298560,negative,0.1857307809059781
1329023928812101632,negative,1.5711363511716878e-05
1329023929525137408,neutral,0.4496294498258171
1329023934054985729,negative,0.22303818651326812
1329023937045553152,negative,0.2268908220613508
1329023937498460160,neutral,0.5734576952979002
1329023938303766536,negative,0.08675644068887371
1329023939905982464,negative,0.17206328267580015
1329023940539392001,negative,0.05247982981484245
1329023940908511233,negative,0.2303936702124761
1329023941046833152,neutral,0.49789225920557484
1329023942426726401,negative,1.0555135608352616e-05
1329023942875557890,positive,0.9081715905016401
1329023948240064512,negative,0.19400747559051865
1329023950131769349,negative,0.0048710086330412015
1329023953730498560,negative,0.05399076234555457
1329023954791567361,negative,0.0011302621827079169
1329023955399794691,neutral,0.4496294498258171
1329023957345951744,negative,0.004176274090751977
1329023959040450561,positive,0.7105047480073482
1329023959715749890,negative,0.006393684957116132
1329023960311271424,negative,1.5417723987454205e-07
1329023966707585027,neutral,0.5045864982976848
1329023970155384834,negative,0.17206328267580015
1329023971417858049,neutral,0.4496294498258171
1329023973275947008,neutral,0.5525684566583168
1329023973917675521,negative,0.2768068727194339
1329023975071080448,negative,0.12267736682181389
1329023975314370562,negative,0.021565735733499323
1329023977445093378,negative,0.0011302621827079169
1329023979575717889,negative,0.17645196313213224
1329023983753244672,negative,0.12267736682181389
1329023983891718145,negative,0.31732489718339985
1329023984827043840,positive,0.9971586386629508
1329023987276537856,negative,0.0011824025644861143
1329023988882944003,negative,0.01897175086643638
1329023991307259905,negative,0.0004291115894490975
1329023992796155904,positive,0.9985066859215295
1329024000958337024,negative,0.0008105823300443937
1329024001100931074,negative,0.0005500263253799509
1329024001134489601,neutral,0.3373257585542295
1329024005559476229,positive,0.9971586386629508
1329024008466132993,negative,0.0011110428014638447
1329024113692774409,negative,1.7029631649081368e-07
1329024113982144512,negative,0.04966516421107408
1329024116087775232,negative,0.097165393338128
1329024123402670087,negative,1.5541697549046115e-09
1329024124157620225,neutral,0.4894886660404289
1329024128494542849,negative,0.004217658801284137
1329024128586801154,negative,2.307561934366548e-15
1329024130138714112,negative,3.923930692340707e-08
1329024130717511681,neutral,0.47714308579692066
1329024135155093507,negative,1.2961255399801978e-05
1329024140288929812,negative,0.14266760235158343
1329024140922261504,negative,0.0011070956621115117
1329024142901907456,positive,0.7105047480073482
1329024145347256320,negative,0.12267736682181389
1329024146051837953,negative,0.019895613589028593
1329024148358766595,negative,8.848025782914985e-06
1329024154985750529,positive,0.699778053425297
1329024159603634177,negative,3.4081292153203055e-11
1329024160589357057,negative,0.16067031261556552
1329024160757059584,negative,0.009180777904703633
1329024167900012545,negative,0.0007314410089992914
1329024168130715654,negative,0.03732245398916118
1329024169862828032,negative,0.10332803677741902
1329024172450836480,negative,3.781857958584564e-09
1329024172635328513,positive,0.7105047480073482
1329024173776265216,negative,0.2765175009339122
1329024174946349063,neutral,0.49789225920557484
1329024177513373696,negative,0.00012416766634782613
1329024177786023937,negative,0.17206328267580015
1329024180533256194,negative,1.0610810540166078e-05
1329024182131240960,negative,0.046443512422855236
1329024182248730628,negative,0.12267736682181389
1329024183003656192,negative,0.001888117855305893
1329024183670542337,negative,6.715139297558016e-07
1329024184660484102,negative,0.043875082704029164
1329024185553850375,negative,8.789146341977795e-14
1329024186136858625,negative,0.23007203771073287
1329024189026676737,negative,0.0018522805333611328
1329024190297509890,negative,0.04988103493623848
1329024190616383490,negative,0.007696949660693529
1329024191023128579,neutral,0.3309874767000236
1329024192067538947,neutral,0.35024982302239505
1329024192214302728,neutral,0.3309874767000236
1329024194051444736,negative,0.07366715177134721
1329024195599196160,positive,0.7113596166692463
1329024202259779584,negative,0.054019379977660896
1329024202339479554,negative,0.0011302621827079169
1329024204642062338,neutral,0.41284949979347935
1329024293204856833,negative,0.0016761918061187083
1329024298011471879,negative,0.03613175215956298
1329024298326106113,negative,0.12267736682181389
1329024301660442625,negative,5.847064778482179e-08
1329024306127495169,negative,0.12725058825060998
1329024307826216961,negative,0.006393684957116132
1329024307863949313,negative,0.0011302621827079169
1329024312880336896,negative,0.051808576745814336
1329024314046377987,neutral,0.4373255837432663
1329024314373451776,negative,3.235815708339456e-05
1329024314872623111,negative,0.052773435935091415
1329024317032714242,negative,0.27450641396823117
1329024320476155905,negative,0.0003563364158518449
1329024320476246016,negative,0.0020529001777523912
1329024321927458818,negative,4.0914156844705065e-05
1329024322653065217,negative,0.06863973861958071
1329024325979164674,negative,2.1481567384648692e-07
1329024327057076226,negative,0.00022790891521816146
1329024336544591874,negative,7.703070890135636e-05
1329024340223012865,neutral,0.43143461162221
1329024344551526405,negative,0.004122231059792548
1329024353242058753,negative,0.06961573221952988
1329024354118733824,positive,0.773406275213001
1329024354122952706,negative,0.0011302621827079169
1329024354571735040,negative,0.22209334935939248
1329024356249440256,positive,0.7105047480073482
1329024357465796609,negative,0.000797067027212507
1329024358371782657,negative,3.9259082699082525e-09
1329024358719873024,negative,0.2551738984117526
1329024358820491264,positive,0.7127718169025095
1329024360280109056,negative,0.0535422000007614
1329024361060315137,negative,0.05384885330526493
1329024363820175361,positive,0.7305507578795405
1329024364394766337,negative,0.06472756125135949
1329024364654850051,negative,0.02776575429183825
1329024366126960640,negative,8.209549968280483e-11
1329024368027062273,negative,0.126923048792945
1329024369813827584,negative,2.485052678431652e-06
1329024371227242496,negative,0.03823905190032195
1329024372871409664,negative,0.006393684957116132
1329024374570147840,negative,0.0011302621827079169
1329024375983542273,negative,0.00325017583740943
1329024377699045381,negative,0.039818089869116086
1329024379762724864,negative,0.003205942845541818
1329024380311986176,negative,0.007429583866454452
1329024381801164801,neutral,0.5734576952979002
1329024386293260288,positive,0.7105047480073482
1329024388042285056,negative,0.02318928607912295
1329024389896015872,negative,0.02077301040335086
1329024390198161408,negative,0.011256479159114116
1329024481558474752,negative,0.12267736682181389
1329024482317578242,negative,0.0011302621827079169
1329024484439953408,positive,0.9935287817213105
1329024487568924672,negative,0.000637706995409308
1329024489527668737,negative,0.0029108674544030613
1329024489955405826,negative,0.00040500169167648203
1329024490421018628,negative,0.08304128733013763
1329024490467172353,negative,0.001831153072577483
1329024491691892738,negative,0.038043883715251525
1329024492430045186,negative,0.16167256707023125
1329024492505608192,negative,2.2248362541549232e-09
1329024494065815554,negative,1.8344758499485777e-06
1329024494636306434,negative,0.01897175086643638
1329024494883778562,neutral,0.5916667328764619
1329024494946672640,negative,0.07358670041818641
1329024498985816065,negative,0.009180777904703633
1329024499115827201,positive,0.9971586386629508
1329024502181801985,negative,0.016661654156570668
1329024502429331457,negative,0.09349930394194421
1329024502781636609,negative,9.797067453705367e-05
1329024504501329921,negative,0.004346898505139067
1329024505537327106,neutral,0.42028364307867555
1329024509916155904,negative,0.04678419254304392
1329024511228960768,negative,0.0069972898761330215
1329024511828750336,negative,0.0029108674544030613
1329024514152390656,negative,8.526135737467625e-05
1329024516056551426,negative,0.03823905190032195
1329024516744491008,negative,0.06176886862562694
1329024524218720257,negative,0.019895613589028593
1329024532607275008,neutral,0.6348263547185127
1329024533836296194,negative,0.15785254860001
1329024536470237185,positive,0.9941990704004732
1329024540069031939,negative,6.640530015339788e-05
1329024540496826368,negative,0.07072211752476654
1329024540652040192,neutral,0.3499352441185855
1329024542489141248,neutral,0.5044706224821357
1329024544825356289,positive,0.9971586386629508
1329024545383211009,negative,7.404175756448647e-07
1329024547014766592,negative,0.019076207054911094
1329024547216093186,negative,4.9223048462637325e-05
1329024552916185088,negative,0.026353332173113343
1329024553226543107,negative,0.025952415410640858
1329024555277570048,negative,0.0011302621827079169
1329024557978705920,neutral,0.4496294498258171
1329024561384476673,neutral,0.5315025225330297
1329024564177883137,negative,0.09016725050128345
1329024565889146880,negative,0.0011302621827079169
1329024567487172608,negative,0.005564914639776795
1329024572956549121,negative,0.06555496429284367
1329024576450404352,negative,0.07366715177134721
1329024578480377857,negative,0.12786501142088538
1329024578954342400,neutral,0.49789225920557484
1329024583580725254,negative,0.055822319448470395
1329024649859117057,positive,0.6949967037633372
1329024650081234946,positive,0.9829106215816412
1329024653881446400,negative,0.12267736682181389
1329024656066703361,negative,0.006393684957116132
1329024656339329027,negative,0.0011302621827079169
1329024656469356547,negative,0.01628987605612654
1329024656913920001,negative,1.5006868234834611e-07
1329024661745586177,negative,0.09201768195097534
1329024664384004096,negative,0.06422713962274364
1329024673401757697,positive,0.9971586386629508
1329024674324492294,negative,0.0069972898761330215
1329024675637243904,negative,0.06863973861958071
1329024677612752898,negative,0.03751159682452693
1329024678552367106,negative,0.0011302621827079169
1329024679659581440,negative,0.04725983021097479
1329024681337384960,positive,0.7832155778539623
1329024683824574464,negative,0.0011302621827079169
1329024689730060292,positive,0.9745669381314315
1329024690820624384,positive,0.7105047480073482
1329024693655973889,negative,2.485052678431652e-06
1329024697758064640,neutral,0.5127582418188917
1329024698286534656,negative,0.12267736682181389
1329024698953461762,negative,0.1578956303790426
1329024701398736897,negative,0.0004291115894490975
1329024701943844864,negative,0.04376861868333749
1329024705286828032,neutral,0.3823916724275486
1329024705479778304,negative,0.17206328267580015
1329024705827909634,negative,0.011704768444386834
1329024706046005248,negative,0.00012416766634782613
1329024708457750528,neutral,0.49789225920557484
1329024712098377728,negative,0.29897841542833065
1329024712194863106,negative,1.7029631649081368e-07
1329024713142767618,negative,4.310252727348818e-05
1329024716280107009,neutral,0.37409041783159663
1329024721057406976,negative,0.08546104155746391
1329024723003576320,negative,0.0011302621827079169
1329024725587271683,neutral,0.3996580091506196
1329024728636461056,negative,0.0011302621827079169
1329024735246753792,negative,0.031189040586680632
1329024736018505728,positive,0.6785060987290348
1329024737322872832,negative,0.08846330493053013
1329024737973063680,negative,0.0011302621827079169
1329024741177503744,negative,0.12267736682181389
1329024741865365507,negative,0.0011302621827079169
1329024742838456320,negative,0.0011302621827079169
1329024749108940804,negative,0.022647244080962196
1329024749385752577,neutral,0.3341375882806857
1329024749691920387,negative,8.944477551409211e-08
1329024750253912064,negative,5.469260385330185e-06
1329024750316871680,positive,0.6646393315409048
1329024752762183680,positive,0.9971586386629508
1329024754741878784,negative,0.0029108674544030613
1329024758764228608,negative,2.677320683930717e-12
1329024766343319552,negative,0.04165908810143705
1329024767924580353,positive,0.7105047480073482
1329024768125906946,negative,0.01531117021214926
1329024768717230081,negative,0.07026508288047041
1329024774081835010,negative,0.0011302621827079169
1329024774757081088,negative,0.000554685031990617
1329024853693837312,negative,0.18227611833650834
1329024857049346051,negative,0.02173128212315399
1329024859259744256,negative,0.12267736682181389
1329024862300487681,positive,0.9427228758838705
1329024870554996741,negative,0.0710604468105907
1329024877488115712,neutral,0.5734576952979002
1329024879077838848,negative,1.22398871742959e-05
1329024888523382785,negative,0.12267736682181389
1329024890339434497,negative,0.00186044655920039
1329024891463610368,negative,0.08764594436508201
1329024895704035329,positive,0.9971586386629508
1329024903836733441,negative,0.006415983300097986
1329024904411406337,neutral,0.4818688440971831
1329024906227552257,negative,0.033099160918687795
1329024906927935489,neutral,0.4373255837432663
1329024911302594561,negative,0.12267736682181389
1329024912888111105,negative,0.0029108674544030613
1329024917141139457,neutral,0.5533970533999424
1329024917975818246,negative,0.031189040586680632
1329024918491701255,positive,0.6949967037633372
1329024918919450625,negative,0.0028469635103796466
1329024923101224961,negative,0.00012416766634782613
1329024923856199681,neutral,0.49789225920557484
1329024925575897095,negative,0.002009606873053592
1329024929162022912,negative,0.00022403558592428655
1329024934086107138,negative,0.06375096006707473
1329024935025577984,neutral,0.4507454498615163
1329024935138893830,negative,0.00010107155517812757
1329024937508687874,negative,0.01652385852213535
1329024941501583360,negative,1.2800922443453354e-05
1329024944014057474,positive,0.9845378297781399
1329024945943441413,positive,0.9088796623738357
1329024946241155078,negative,1.8358742219970135e-06
1329024950204829697,negative,2.991743665834061e-08
1329024956638826501,negative,0.27781596414135684
1329025033310711809,negative,0.00020755777226342403
1329025034892042241,negative,0.09192056069640865
1329025036561362945,negative,5.02630270965979e-10
1329025036783677446,negative,0.0003571676638299291
1329025036938850305,neutral,0.43143461162221
1329025038046138369,negative,0.0011936207006653077
1329025038130049026,negative,0.006303219658436146
1329025038293618688,negative,0.17206328267580015
1329025040617070592,neutral,0.49789225920557484
1329025049827954688,negative,0.012080084695000376
1329025052810096640,negative,0.20618299871580503
1329025054705848327,negative,0.0011302621827079169
1329025057763561472,neutral,0.4143276047062439
1329025059185364994,negative,0.048624448338147754
1329025059541938177,negative,0.015438866360663377
1329025063857901570,negative,0.23982229298951227
1329025064222789632,negative,0.0011302621827079169
1329025066152157184,negative,0.0011302621827079169
1329025066672156672,negative,0.058107451238269936
1329025067137830912,negative,0.23982229298951227
1329025068781932544,neutral,0.48908135292001315
1329025069386002432,positive,0.9734702726056345
1329025069494857728,negative,0.04988103493623848
1329025071084605441,negative,2.3603822002989097e-10
1329025071873204227,positive,0.8977255168130409
1329025073039220736,negative,0.0011302621827079169
1329025074825981953,neutral,0.5734576952979002
1329025076440788993,neutral,0.4496294498258171
1329025083306893312,negative,1.3921894499418154e-05
1329025085915750401,negative,0.07393459354148145
1329025086532280322,negative,4.018740830091467e-06
1329025088633643009,negative,0.10673234611966796
1329025093037600769,negative,0.030404694420597463
1329025093608017923,neutral,0.33514558976509834
1329025093914275844,neutral,0.5869567557510148
1329025100075724801,negative,0.02934467631550008
1329025104873975809,negative,0.001696944690601443
1329025109236002816,negative,1.576172335347692e-08
1329025110410465281,negative,0.0577830052358111
1329025112872509442,negative,0.17206328267580015
1329025120313208832,negative,0.06176886862562694
1329025122611695616,neutral,0.5400016724084526
1329025126902489090,neutral,0.37409041783159663
1329025128345329666,positive,0.7105047480073482
1329025129763008517,negative,0.002167288652782148
1329025134062166017,negative,0.0010860110635714565
1329025136201261058,negative,0.004176274090751977
1329025139711860738,negative,0.0005637953130719292
1329025140773019648,neutral,0.5471493912210927
1329025143587414016,negative,0.19949745792147858
1329025145281802240,positive,0.7105047480073482
1329025231533596673,negative,0.12267736682181389
1329025236214407168,negative,0.00046801011846847926
1329025237976043530,negative,0.14266760235158343
1329025237984432129,negative,0.033099160918687795
1329025242967257089,negative,7.521013188503791e-07
1329025243399196672,negative,0.0744184792942043
1329025245181829121,negative,0.002114264367145926
1329025245617983490,negative,0.000277881601542893
1329025246687600640,neutral,0.345170046049484
1329025247539044354,negative,0.0007497109838747212
1329025250579931136,negative,0.026361530582294776
1329025253746597889,negative,0.12267736682181389
1329025256204460034,negative,0.10257797504384468
1329025256447746050,positive,0.9427228758838705
1329025256460333056,negative,0.22724780373957937
1329025258108678144,negative,1.0053354009098005e-07
1329025258725236736,neutral,0.3724154755344462
1329025258834288641,negative,0.15545419070313707
1329025262537814016,negative,1.9549837224331413e-08
1329025263380918274,negative,0.05210076957716397
1329025264509218816,neutral,0.37409041783159663
1329025265058672646,negative,2.8246384771985574e-06
1329025268418293760,negative,0.12267736682181389
1329025269861134339,negative,0.07366715177134721
1329025272230912000,negative,0.0011302621827079169
1329025273753440259,negative,0.006393684957116132
1329025275418578946,neutral,0.4307183874968668
1329025283274498055,negative,0.10257797504384468
1329025283421331456,negative,0.010246112671649413
1329025288295084033,negative,0.001696944690601443
1329025288777428996,negative,8.315180386491483e-06
1329025291751186432,negative,0.11150500586713978
1329025295773536258,negative,0.000916129379326616
1329025296608145408,negative,0.2660328256577182
1329025298390798337,negative,0.0011302621827079169
1329025298751516672,negative,0.056554689507342236
1329025299321942018,negative,0.01315504097204298
1329025303474298884,negative,0.15524395955023354
1329025304279605248,negative,0.0011676057400177415
1329025306888433672,negative,0.055822319448470395
1329025308427599872,negative,0.0443039958815959
1329025308444356611,neutral,0.4808828134448808
1329025308448739330,negative,0.1682319723708418
1329025316497596418,negative,0.03586037960416787
1329025316824756224,negative,0.0005523168312394304
1329025321694339073,negative,0.08207269880895351
1329025322134761474,neutral,0.5931832960612721
1329025325041405953,neutral,0.5734576952979002
1329025325049765888,negative,0.0008884082576401607
1329025325599219719,negative,0.17206328267580015
1329025326622662656,negative,0.0003115775824148656
1329025327427948546,negative,0.0011302621827079169
1329025330380726273,neutral,0.4496294498258171
1329025330762424323,negative,0.12267736682181389
1329025331056046080,negative,0.00012416766634782613
1329025331416748033,negative,1.8344758499485777e-06
1329025339239051265,negative,0.00186044655920039
1329025339541118976,negative,0.06394615576782285
1329025419660681216,positive,0.7105047480073482
1329025422273769474,negative,0.26037498461859954
1329025423427182592,neutral,0.5734576952979002
1329025426598092801,negative,0.024759547308727883
1329025427386544130,negative,0.00248542855102667
1329025428112236545,negative,0.10257797504384468
1329025429475299328,negative,0.005643565222705163
1329025430641397761,negative,6.2868612447296575e-09
1329025432189100040,negative,0.00186044655920039
1329025432524623872,negative,0.004777054192056726
1329025435292880896,negative,0.12725058825060998
1329025437444562944,negative,0.1642176164741717
1329025439231303685,neutral,0.37409041783159663
1329025440628027398,negative,0.08927709914288569
1329025442578391042,positive,0.9971586386629508
1329025445770240006,negative,0.007492947812921047
1329025448324571139,negative,3.328997577210994e-05
1329025450581110788,negative,0.0029108674544030613
1329025451231227904,neutral,0.5471493912210927
1329025454205001729,positive,0.7105047480073482
1329025459187748865,negative,0.2864145558920463
1329025459846311937,negative,0.12267736682181389
1329025462857838592,negative,0.0011302621827079169
1329025464237576198,negative,0.0003477647854535444
1329025464527171592,negative,0.0029108674544030613
1329025465617502208,negative,0.007179601530235492
1329025467253403648,negative,0.024873446204991746
1329025468960530432,neutral,0.5734576952979002
1329025469031862272,negative,0.0011302621827079169
1329025469417615362,negative,0.043875082704029164
1329025471644921856,neutral,0.46127768308170247
1329025471816888322,negative,0.12267736682181389
1329025472341159936,neutral,0.5734576952979002
1329025473511366659,negative,0.1837438864501626
1329025474354438144,negative,0.16009658107333474
1329025474475995136,negative,4.551570931315115e-09
1329025477856681985,negative,0.00010139064236115962
1329025478989148160,positive,0.8758816960361094
1329025479416958977,negative,0.00028608842665145645
1329025482696880128,neutral,0.5417876256897486
1329025485678972928,positive,0.8582447605323359
1329025486035578883,negative,0.002920149577338514
1329025488715735041,negative,0.1107191641713633
1329025491454603265,negative,0.006726516139755997
1329025491467202561,negative,0.0817484483609376
1329025491953733633,neutral,0.6090396260837175
1329025493002313730,negative,0.1107191641713633
1329025496273870848,negative,0.001487609133193092
1329025499289579524,negative,7.504554091624777e-05
1329025500463984641,positive,0.9971586386629508
1329025503651647490,negative,0.00016372363350132364
1329025504536563712,negative,0.004283493820489951
1329025509229924352,neutral,0.5495922250151081
1329025512426119168,negative,0.1852570659792401
1329025514493911040,negative,0.043875082704029164
1329025520965726212,negative,0.00040500169167648203
1329025523582906370,positive,0.9477922454891633
1329025523817787396,neutral,0.3371348131876588
1329025525436837888,negative,0.2864145558920463
1329025526284115970,negative,0.0068853597955010545
1329025528695820289,negative,0.2577403960207793
1329026781798666242,negative,0.005826954189924638
1329026782880788480,negative,0.161532286310005
1329026783941963779,negative,0.0003477647854535444
1329026784378097664,neutral,0.41724555738738855
1329026786047430656,negative,7.219947792995437e-09
1329026786546634753,negative,0.0011070956621115117
1329026787263836160,negative,1.0739917661670404e-07
1329026788501172224,negative,0.06961573221952988
1329026796222885889,neutral,0.5734576952979002
1329026803198021637,negative,0.004539663664390986
1329026806117249029,negative,0.004502366712016334
1329026808185024513,negative,0.12267736682181389
1329026808487010306,negative,0.0049689742285991935
1329026809338458113,negative,0.0021194887323674363
1329026811150422017,negative,0.0011302621827079169
1329026814086438922,neutral,0.34687985813126787
1329026815919271936,negative,0.17206328267580015
1329026817207005184,negative,7.65282834582838e-05
1329026817295085569,negative,3.198580288141236e-08
1329026818268155908,negative,9.797067453705367e-05
1329026818326757379,negative,0.008031946865552584
1329026823217422338,negative,0.12267736682181389
1329026825146740736,positive,0.8828096164316794
1329026826975514624,negative,0.01252789093341106
1329026828514840577,negative,0.12267736682181389
1329026828653137920,positive,0.7606776599318206
1329026834932129794,negative,4.1044117891976385e-06
1329026835003416577,negative,0.0011302621827079169
1329026837398380545,neutral,0.4496294498258171
1329026837914275843,negative,0.0011302621827079169
1329026839659089920,negative,0.055822319448470395
1329026842112782341,negative,0.12267736682181389
1329026842716729350,negative,0.01699442003720968
1329026844394446848,negative,8.890311157070538e-05
1329026844495130624,negative,2.2928275376668608e-07
1329026846319661057,negative,7.772830485335811e-07
1329026846487420930,negative,1.4380492756435842e-13
1329026846843920385,negative,0.012510765556775067
1329026847074562049,negative,0.054019379977660896
1329026848123129856,negative,0.008409959813016486
1329026848504774658,negative,1.4699324646842356e-07
1329026848664203269,neutral,0.5293700225891195
1329026849582833664,negative,0.031189040586680632
1329026856616603648,positive,0.9971586386629508
1329026863054934018,negative,0.1252443445811495
1329026866238402566,neutral,0.4726738704903473
1329026869623197696,negative,0.0013327081644778822
1329026869698629632,negative,0.026657668739671906
1329026870512414720,negative,0.31939114136953217
1329026870726307846,negative,0.0005206369486957787
1329026871279890433,negative,4.790696175042314e-06
1329026873985261568,negative,0.10242687066148555
1329026874358509568,negative,0.31939114136953217
1329026874740240385,neutral,0.4513276909192758
1329026878120861696,negative,0.001140309686525954
1329026878133448705,negative,0.055822319448470395
1329026952032870401,negative,5.473244141623371e-10
1329026953760763906,negative,0.0018382661552638045
1329026954058665984,neutral,0.5471493912210927
1329026955073650689,negative,0.0518129696505758
1329026957653254144,negative,0.024759547308727883
1329026958399729665,negative,0.12267736682181389
1329026963034550274,negative,0.0011302621827079169
1329026963047059466,negative,1.89299829623407e-06
1329026963663675392,negative,0.219635433488951
1329026965110726656,negative,1.4598390299300558e-07
1329026966465417219,negative,4.018740830091467e-06
1329026968591929345,neutral,0.4496294498258171
1329026973478350848,negative,0.10257797504384468
1329026974551949312,negative,0.19151105241715685
1329026978033360896,negative,0.0011302621827079169
1329026983188172800,negative,0.0002013724638660215
1329026986061271042,negative,0.013881111605808473
1329026987743121408,negative,0.00018829568183884534
1329026988254916608,negative,0.0005443089609827323
1329026989500600321,positive,0.7299391750220857
1329026993787121665,negative,0.022583384193925464
1329026996752551936,negative,0.12267736682181389
1329026997482352645,positive,0.7105047480073482
1329027005464141825,negative,0.03805383694210063
1329027007032782848,neutral,0.5689796959790668
1329027011143217154,negative,0.05516705613875993
1329027011537465344,negative,0.12267736682181389
1329027012502171649,negative,0.019895613589028593
1329027022102925314,negative,0.0024660513375610177
1329027024535625729,negative,0.01587314260863093
1329027025911361537,negative,6.921269301554121e-08
1329027026616012802,negative,0.17206328267580015
1329027030059417607,negative,0.0011302621827079169
1329027031087067138,negative,0.0010320453615541496
1329027032211021824,neutral,0.5734576952979002
1329027032907460615,negative,0.0011302621827079169
1329027034044125185,positive,0.7105047480073482
1329027034098638848,negative,0.0011302621827079169
1329027034773860353,neutral,0.3341375882806857
1329027035650469889,negative,1.5143077557956406e-16
1329027037282136064,negative,0.10257797504384468
1329027037424717825,positive,0.9203996858751015
1329027038326509568,positive,0.9717979130006129
1329027039731572736,negative,0.0011302621827079169
1329027039903485953,negative,0.0011302621827079169
1329027044185956352,negative,0.0021194887323674363
1329027046056595458,negative,0.2969921481276567
1329027046811561984,positive,0.7105047480073482
1329027048598347777,negative,0.027966935060312736
1329027050561286146,neutral,0.5734576952979002
1329027054361251841,negative,0.22209334935939248
1329027054910705665,negative,1.7029631649081368e-07
1329027055875485696,negative,0.30728713730944546
1329027058954096642,negative,0.12267736682181389
1329027059620990976,positive,0.9941731132878162
1329027059742629888,positive,0.7127718169025095
1329027152751292417,negative,1.7502922909163747e-05
1329027153418199041,negative,0.018107662087426084
1329027157524353024,negative,0.0010489681248235317
1329027159902531584,negative,0.0009838429385287434
1329027161815126018,negative,0.321293425435701
1329027164310827010,negative,1.1690447176871271e-07
1329027165015437312,negative,0.2648558855955514
1329027167326515202,negative,0.045463324336811196
1329027168626761729,negative,1.5792351510129914e-11
1329027173739601922,negative,0.004176274090751977
1329027176860094465,neutral,0.37409041783159663
1329027178210668544,negative,3.435723883343793e-05
1329027180286898176,positive,0.7105047480073482
1329027181503258625,negative,0.0011936207006653077
1329027181670846464,negative,0.09108421057101446
1329027185257172994,neutral,0.5471493912210927
1329027187857629186,negative,0.32969776828851355
1329027190902706176,negative,0.008063173223196746
1329027192685203457,negative,0.26907823189316327
1329027192752381954,neutral,0.4496294498258171
1329027193356361728,negative,1.525940614602202e-06
1329027197043154947,neutral,0.48728019602140255
1329027197194080260,negative,1.5792351510129914e-11
1329027198850912259,negative,0.0026292603455638857
1329027199509422081,negative,0.005282717595198192
1329027199857549312,negative,0.0011302621827079169
1329027203401736193,negative,1.6226318423562992e-08
1329027206128033792,negative,0.12396081657794718
1329027206157393920,negative,0.01568131736545686
1329027207805669376,negative,0.09016725050128345
1329027213904257030,negative,0.0011302621827079169
1329027214927650822,neutral,0.34972042886838095
1329027215934304257,neutral,0.4329072618033816
1329027217767227393,negative,0.06014288745029174
1329027222099922945,negative,0.00015866125189563233
1329027224448749568,neutral,0.3567367955549203
1329027225853833217,neutral,0.5734576952979002
1329027225912532992,negative,6.737518957222009e-06
1329027226910806016,positive,0.9919665893274067
1329027228353650689,negative,0.0029193638208480964
1329027228663943168,neutral,0.5734576952979002
1329027229087653889,negative,0.007573616760462955
1329027229104435200,negative,0.02900829147834558
1329027230199144448,positive,0.9662542995567348
1329027231935590402,negative,0.23007203771073287
1329027232233353219,negative,1.0739917661670404e-07
1329027236092112897,negative,0.0053117891605794715
1329027236545097733,negative,0.0011302621827079169
1329027238675820545,negative,0.18295811332341255
1329027240298942469,negative,0.0001886938096371656
1329027242371018753,negative,0.02213422183074513
1329027244933705732,neutral,0.37409041783159663
1329027247697776642,negative,0.12267736682181389
1329027251309072385,negative,0.10404495241321535
1329027255830532096,negative,0.31939114136953217
1329027255906029568,negative,0.0011302621827079169
1329027258930122753,negative,0.00044997435384760016
1329027331936186368,positive,0.8640657324147714
1329027336839327744,negative,0.0009909503741777656
1329027337262870528,negative,0.021685282102488726
1329027337430720518,negative,2.0342432526247722e-16
1329027338881953792,positive,0.8727250367106059
1329027342245777409,negative,0.12267736682181389
1329027342841339904,neutral,0.5233254543817107
1329027342916837379,negative,0.0011302621827079169
1329027344607178754,neutral,0.5473241701451091
1329027345609580546,negative,0.00302382225183658
1329027349501906944,negative,3.1195222501104796e-05
1329027350902804483,negative,0.03804679680699304
1329027351959760898,negative,3.777721599944878e-10
1329027355881385984,positive,0.9971586386629508
1329027356493819908,negative,0.015438866360663377
1329027356913242112,negative,0.19949745792147858
1329027359312375808,negative,0.04492244779502801
1329027360331603968,negative,0.00021266595853483474
1329027360767827970,negative,0.02776575429183825
1329027362571300864,negative,9.288339496249201e-10
1329027367533219841,neutral,0.4782065217650338
1329027369353535494,negative,0.0011302621827079169
1329027370469224448,negative,0.0011302621827079169
1329027376873877504,negative,0.00011020985276097476
1329027377431777283,negative,1.325457843078928e-05
1329027378513924097,negative,0.01022743359038388
1329027381143678977,neutral,0.43142756269096566
1329027386462056449,negative,8.330008961616494e-09
1329027387271618560,negative,0.0011302621827079169
1329027394963959808,negative,0.0018610829919744815
1329027400286531584,negative,0.0002013724638660215
1329027400970199040,neutral,0.4808828134448808
1329027401041502208,negative,0.0011302621827079169
1329027401209106434,negative,0.09016725050128345
1329027402027184128,negative,0.2577487476177158
1329027402786353153,negative,0.0011302621827079169
1329027404120137729,neutral,0.4766795874967358
1329027407035183104,neutral,0.6132820431581848
1329027408343801856,negative,0.26561452716448897
1329027414454923269,neutral,0.5471493912210927
1329027421035610113,negative,0.017269578179545452
1329027424110010369,neutral,0.5495922250151081
1329027431064276997,negative,0.00037824772725414055
1329027431664115714,negative,0.004897849341439005
1329027431836110848,negative,0.006393684957116132
1329027431886430208,negative,0.10622421319651891
1329027433253756930,negative,0.0011302621827079169
1329027433497055235,negative,0.13242798516048324
1329027433790656517,negative,0.03823905190032195
1329027434969264135,negative,0.00021317084180373094
1329027437330657280,negative,0.0011302621827079169
1329027438643474435,negative,0.08675644068887371
1329027440597938180,negative,0.010120244421496134
1329027440618975240,neutral,0.46127768308170247
1329027441294192642,positive,0.7068032971776714
1329027446730092545,negative,0.00017623052053950317
1329027447594029058,negative,7.172436006954407e-05
1329027535334764545,neutral,0.37409041783159663
1329027537377357824,negative,0.0049590408468715656
1329027538270756864,neutral,0.4496294498258171
1329027538597924867,negative,6.8074011055610664e-09
1329027540153937922,negative,0.00019192714809057983
1329027541198385152,negative,0.12267736682181389
1329027542284726276,negative,0.0011302621827079169
1329027542389583872,negative,0.03200303592156304
1329027548735557632,negative,0.08025622032272241
1329027550987907078,negative,0.23707187363646876
1329027552359407618,negative,1.0906999604539943e-07
1329027554091687938,negative,0.024034839486496422
1329027557380005891,neutral,0.375644913682984
1329027557627490305,negative,0.02556421855826778
1329027558793486336,negative,0.0004291115894490975
1329027558835412992,negative,0.12267736682181389
1329027560349560833,neutral,0.4496294498258171
1329027561473576961,negative,8.870070693548515e-14
1329027563021344770,negative,0.029112959262408915
1329027563352694785,positive,0.9969647691924287
1329027566330650625,negative,0.028880542784414338
1329027567328899074,negative,0.004839635319175969
1329027568171937795,negative,0.0002801953497105751
1329027568293580800,negative,0.055822319448470395
1329027568884920320,negative,0.0077640129617787546
1329027571548385283,negative,0.05118602128311794
1329027573150408704,negative,0.0046752795964205476
1329027574413062144,neutral,0.5315025225330297
1329027574475984899,negative,0.028414936802848085
1329027574836695040,negative,0.000277881601542893
1329027574874447873,negative,0.14831500618075663
1329027577474846722,negative,0.0015109751489374632
1329027578494148608,negative,3.1195222501104796e-05
1329027579102289921,negative,0.10567497525788151
1329027581782364161,negative,0.0011029578417010627
1329027586186416135,negative,0.0011302621827079169
1329027589374144512,negative,0.12267736682181389
1329027589994778625,negative,0.2963538032431706
1329027592884801537,negative,0.1283146858328616
1329027594801573888,negative,0.0026875837793785993
1329027595883732992,negative,0.12725058825060998
1329027596428959746,negative,2.862515874195543e-05
1329027604997959680,neutral,0.6010739496872206
1329027609494237184,negative,0.003329432036323754
1329027609867526149,negative,0.0011302621827079169
1329027610358276096,negative,0.12089732162863005
1329027613373976577,negative,2.6527865416585608e-05
1329027615328505858,neutral,0.42695075000513394
1329027618834960385,negative,0.001310575417443372
1329027620130971648,negative,0.0005078009261741562
1329027622026797056,negative,0.005667779922408234
1329027622475608064,negative,0.12267736682181389
1329027622588862464,negative,0.0013264491256015276
1329027622806937600,negative,0.0011302621827079169
1329027622920196098,negative,9.567732749098616e-09
1329027624513974272,positive,0.7105047480073482
1329027628993540096,negative,0.00010838380617528068
1329027630981656582,positive,0.6949967037633372
1329027631283466240,negative,0.048929825652479254
1329027633015906306,negative,1.8663476414018242e-05
1329027635838660609,neutral,0.5912384604966829
1329027636283191298,negative,0.0017588015134268572
1329027636530733057,negative,1.39728053126051e-07
1329027637759647744,negative,0.23007203771073287
1329027638845960193,negative,0.2849770382845591
1329027723738689538,negative,0.0011302621827079169
1329027724678221824,negative,1.8344758499485777e-06
1329027726758477825,negative,0.0011302621827079169
1329027730168483841,negative,0.0029108674544030613
1329027730474676225,negative,0.003583328209577227
1329027734635507713,neutral,0.6100670390992491
1329027736275460096,negative,5.596407443441471e-10
1329027737764433921,negative,0.17416682652888743
1329027738385207297,negative,0.003936932088869213
1329027739421171713,negative,7.599211198424716e-09
1329027739492491268,negative,0.02886497413497162
1329027740348145664,neutral,0.3758170371894718
1329027740796940288,negative,1.6878532304292567e-11
1329027743208665090,neutral,0.5734576952979002
1329027743368048641,negative,0.0018522805333611328
1329027746723475456,negative,0.17206328267580015
1329027748392816640,negative,0.00021176006783109192
1329027750087315456,neutral,0.5495922250151081
1329027755871232004,negative,9.461198436392256e-05
1329027757477654529,neutral,0.4496294498258171
1329027760472399874,positive,0.9519531693169143
1329027762158497793,negative,0.0011302621827079169
1329027763735580672,negative,0.0005637953130719292
1329027765643907072,negative,0.12267736682181389
1329027767137079296,negative,0.0003477647854535444
1329027768630198274,negative,5.571201301254098e-05
1329027770903564289,positive,0.8010359582210672
1329027773780922369,negative,0.027906729981768744
1329027774196178944,neutral,0.5605177907583706
1329027775030824960,positive,0.9440459987070624
1329027775630630913,positive,0.7105047480073482
1329027784778375168,negative,2.9197247515718626e-05
1329027785545949187,negative,0.0002345059546130958
1329027785650745350,positive,0.858802851044468
1329027787630333952,negative,0.0011302621827079169
1329027791816429568,negative,0.07366715177134721
1329027792168738816,negative,0.006057190202210575
1329027793779372035,negative,0.12267736682181389
1329027796245622786,negative,0.0019271801707183296
1329027798695030789,negative,0.22209334935939248
1329027803279405058,negative,0.0011302621827079169
1329027804726521856,negative,2.4696006387132118e-05
1329027804843806720,negative,0.0011029578417010627
1329027810392989696,negative,0.022389323835476937
1329027812901138436,negative,2.645694451884897e-05
1329027813949640705,negative,0.025932262602938662
1329027814042038274,positive,0.9021563687739154
1329027815543549953,negative,2.7775031410381177e-06
1329027815778492418,positive,0.7581947450127149
1329027818164981762,negative,0.0014433648473026256
1329027822053158921,neutral,0.4167787455900454
1329027823370121216,negative,4.012406902935518e-05
1329027824007720963,negative,0.12267736682181389
1329027824691400705,negative,0.012782376877134257
1329027824766709761,negative,3.022379331484329e-06
1329027824863358978,positive,0.9983054281266872
1329027826176192521,negative,8.881713708474429e-05
1329027827736391684,negative,0.22104343274064955
1329027830097842176,negative,0.06535627514100951
1329027830336905216,negative,0.004094267885282885
1329027830508904449,negative,2.574015935487379e-08
1329027830785724416,positive,0.9528045600897527
1329027831897198592,negative,3.969879562196113e-06
1329027833096777731,negative,0.06556702067057754
1329027922863206402,positive,0.9477922454891633
1329027923865722883,positive,0.7105047480073482
1329027924855558144,neutral,0.4496294498258171
1329027925186924546,negative,1.8663476414018242e-05
1329027925555949571,negative,0.038137414315456176
1329027925811847169,negative,0.2158274115887702
1329027927929987072,negative,0.0011302621827079169
1329027929481900034,negative,0.0059407666060420595
1329027929574158336,negative,0.07358670041818641
1329027931151233024,negative,0.05516705613875993
1329027932438863882,negative,0.003726854200496668
1329027936586960897,negative,0.0006004206714417058
1329027937396531201,negative,1.2416433420172858e-06
1329027938281525248,negative,0.08675644068887371
1329027942450606081,neutral,0.3411308694254053
1329027943302131712,negative,0.00042884952166574047
1329027944715612164,negative,0.004891203243191061
1329027944879190018,negative,0.0011302621827079169
1329027945428500480,negative,6.450255577518078e-06
1329027946590429187,negative,0.0057950904099382085
1329027947349635081,negative,1.8344758499485777e-06
1329027953192210444,negative,1.6963080770075713e-08
1329027953523630080,negative,0.17206328267580015
1329027953934659585,positive,0.8722736614265346
1329027957835370496,negative,0.005696901882884131
1329027962432335876,negative,0.004532661431334393
1329027963912904704,negative,0.12725058825060998
1329027966374977536,negative,0.000524132928470571
1329027967012442113,negative,0.00045552806971348734
1329027970992836609,positive,0.9800228908191431
1329027972511256578,negative,0.0069972898761330215
1329027974931296257,negative,0.07072211752476654
1329027976466403328,negative,0.0013533148297860482
1329027976596426752,negative,0.03751159682452693
1329027979675103234,negative,0.03478281927837988
1329027982153965569,negative,0.0029108674544030613
1329027984351752192,neutral,0.40476179790363026
1329027985261858816,negative,0.30728713730944546
1329027985664569345,negative,5.696768356704612e-05
1329027987619143690,negative,1.4001141390983696e-07
1329027988831264769,negative,1.7029631649081368e-07
1329027992065093639,negative,2.6950054097076523e-09
1329027994824925185,positive,0.7105047480073482
1329027997198921734,negative,1.0906999604539943e-07
1329027999312842753,neutral,0.6552358152528517
1329028002697588736,positive,0.7286085944469914
1329028009068810241,negative,0.0011302621827079169
1329028010704592896,negative,1.6878532304292567e-11
1329028011899883526,negative,0.0011302621827079169
1329028013024030722,neutral,0.4496294498258171
1329028016685649920,negative,0.142412960115739
1329028017608400900,negative,0.0002345059546130958
1329028017876832258,negative,2.1587647027067004e-06
1329028018816380928,negative,0.2743827887518434
1329028019361550336,negative,0.0455875618429305
1329028021341343744,negative,4.204852531173136e-07
1329028104464035842,negative,1.5705886924834812e-06
1329028104929615873,negative,1.2082330517697752e-11
1329028105084735488,negative,0.056562107488180975
1329028106892562433,negative,0.0018522805333611328
1329028111233593345,negative,9.800128885411415e-07
1329028117852282881,negative,0.06913793192225189
1329028118967934976,negative,0.0008019753108727801
1329028122591768578,negative,0.0068853597955010545
1329028126278619136,negative,0.035547286729756336
1329028126299578369,negative,0.055822319448470395
1329028129218818057,negative,0.12267736682181389
1329028129374007297,negative,0.0036898893834565664
1329028132649758725,negative,3.827868112986265e-05
1329028134545612800,negative,2.051990948669551e-05
1329028135896162305,negative,0.17206328267580015
1329028136516915200,negative,0.008063173223196746
1329028140237287426,negative,0.00011200635629100253
1329028141478768640,negative,0.0029108674544030613
1329028142162464768,negative,0.0011302621827079169
1329028146033795075,negative,0.0011302621827079169
1329028150081310726,negative,0.06502639175758226
1329028151511543809,negative,0.08675644068887371
1329028151679348737,negative,0.046216965480105184
1329028153780674560,negative,0.0006004206714417058
1329028158486695936,negative,0.0011936207006653077
1329028161334628354,negative,0.018260899520466594
1329028164664913927,negative,0.05276040592670005
1329028164933312513,negative,1.6543513207161414e-09
1329028170847297542,negative,0.019895613589028593
1329028170893418499,negative,0.26862284716830825
1329028172361441280,negative,2.5006693492966097e-05
1329028173590368258,neutral,0.3819242144884796
1329028173657464832,neutral,0.6557411968350578
1329028173900689408,positive,0.7105047480073482
1329028174215254017,negative,0.21083607853243536
1329028174265475073,negative,0.008063173223196746
1329028183170150400,negative,0.00012416766634782613
1329028184386527232,negative,0.006393684957116132
1329028184814333956,positive,0.9993596861533063
1329028185103732736,positive,0.8457109880266581
1329028186127151108,negative,0.011697898295273868
1329028186613682178,negative,0.0069972898761330215
1329028187746144262,negative,0.0011302621827079169
1329028188597522432,negative,0.1903389803845345
1329028189415411713,negative,0.12267736682181389
1329028190455672832,negative,0.02026444104606379
1329028193299402754,negative,3.3051255018570106e-06
1329028196679954432,negative,0.12267736682181389
1329028196742930433,negative,1.0906999604539943e-07
1329028198932353026,positive,0.7105047480073482
1329028199301455875,negative,0.012755725777733021
1329028203906797569,neutral,0.36387994380430516
1329028204468822024,positive,0.7127718169025095
1329028205399904257,negative,0.05446461814845274
1329028206880493569,positive,0.6803807175487403
1329028209439088640,negative,5.123077537636262e-07
1329028209661374464,negative,0.03613175215956298
1329028212379295753,negative,0.0006204723437607356
1329028312472178694,negative,0.2743827887518434
1329028312623091714,negative,0.0744184792942043
1329028312862138369,negative,0.003055707369250773
1329028314342842368,negative,1.3662001256980688e-07
1329028318616686592,negative,0.26847485695937634
1329028320588156928,negative,0.10257797504384468
1329028321859002368,neutral,0.48994212948977733
1329028322043555840,negative,0.005477611834560084
1329028322383130626,negative,0.00012367512645851148
1329028322836287495,negative,0.10166661624490404
1329028323377373187,negative,0.12267736682181389
1329028324119748609,negative,0.17206328267580015
1329028325629562881,negative,0.05516705613875993
1329028326128840711,negative,0.032327651823064414
1329028328007806977,negative,1.9484603519150326e-07
1329028332202176515,negative,0.04326749920868208
1329028333510778886,negative,0.001503977953050341
1329028334404112386,positive,0.7488709865858463
1329028338774667265,negative,1.167279530129497e-05
1329028340028755970,negative,0.12889759836920694
1329028344155938816,negative,0.0014433648473026256
1329028344785072129,positive,0.9110591760160075
1329028344898260993,positive,0.7105047480073482
1329028348509626369,negative,0.0011302621827079169
1329028350644510720,negative,0.10686731488121967
1329028350803931137,negative,0.20350694816564016
1329028350912983046,negative,0.12267736682181389
1329028351177224196,negative,0.010305598085556845
1329028351974137862,negative,0.08304128733013763
1329028352997548034,negative,0.12267736682181389
1329028353286934529,negative,0.00024437201971822187
1329028354176069633,negative,1.2898058549345813e-13
1329028355040169986,neutral,0.5495922250151081
1329028355669303301,neutral,0.42507619662732005
1329028356160024583,negative,0.003193550380825713
1329028357661585411,negative,0.0037801711039361385
1329028363244154882,negative,0.0004291115894490975
1329028364091465730,negative,0.09016725050128345
1329028367346257921,negative,0.047321137873762055
1329028371779555329,negative,1.8344758499485777e-06
1329028371934818304,negative,0.004625297817169406
1329028374921146370,negative,0.019895613589028593
1329028375843905537,negative,0.10745285240878251
1329028376506605568,negative,3.438314667293292e-05
1329028376594702336,negative,0.12267736682181389
1329028378549215232,negative,2.261936869802457e-06
1329028378922524673,negative,0.008063173223196746
1329028381736919041,negative,0.00025117474780819265
1329028384807129089,negative,0.014928029751405763
1329028388829487119,negative,0.10257797504384468
1329028392256233472,negative,0.12267736682181389
1329028393732550656,negative,0.005964508886680248
1329028394294587392,negative,0.055822319448470395
1329028394919616512,neutral,0.5689796959790668
1329028397679456256,negative,0.04820779122470784
1329028400657424387,negative,0.011256479159114116
1329028401982812163,neutral,0.5734576952979002
1329028404369371138,negative,0.12267736682181389
1329028405652811778,negative,0.00017247170106073496
1329028509348540420,neutral,0.5734576952979002
1329028511710011393,negative,0.09439052585501763
1329028511957475334,negative,0.0029193638208480964
1329028512670429184,negative,1.290656595478002e-09
1329028518009778177,negative,0.0011302621827079169
1329028518513172483,negative,0.0014334167827741954
1329028520157319169,negative,0.007923610033362078
1329028520304054272,negative,0.020162785596031442
1329028522766163969,negative,6.744223092228825e-07
1329028529833398272,negative,0.0011302621827079169
1329028536846462976,negative,0.00038032395748445556
1329028537962143745,negative,0.007923610033362078
1329028538591219712,negative,0.0007458616182020317
1329028543884521474,negative,0.01628987605612654
1329028547390922753,negative,3.992506069166706e-15
1329028547738996737,negative,0.00032018208633224785
1329028551308414981,negative,0.26862284716830825
1329028552772161538,negative,0.008063173223196746
1329028555800457216,neutral,0.4793391876884299
1329028555913748480,negative,0.0011302621827079169
1329028556719054850,negative,0.01136909929723051
1329028560993087488,negative,3.948733171488422e-05
1329028561471201280,negative,0.0006004206714417058
1329028562335141888,negative,0.0787503013334218
1329028563199201280,neutral,0.5471493912210927
1329028563572563968,negative,0.021690984460873888
1329028567053840384,positive,0.7105047480073482
1329028567238402048,negative,0.12267736682181389
1329028570149232640,negative,7.895140192225458e-06
1329028570887254017,negative,0.021154830873728204
1329028571143286787,negative,1.6878532304292567e-11
1329028571621322753,negative,1.6878532304292567e-11
1329028573806653441,neutral,0.40899870780739894
1329028573945098240,negative,0.00044160226702115495
1329028573961854979,negative,0.004539663664390986
1329028574502858752,negative,0.12267736682181389
1329028576369373184,positive,0.8257438676727303
1329028579913584642,negative,0.1528983395579099
1329028581331267589,negative,0.21623071502359903
1329028582073651200,negative,0.055822319448470395
1329028584124583936,negative,0.18227611833650834
1329028584443416578,negative,0.0005742343529700468
1329028585294848002,positive,0.8242159897737958
1329028586737692673,negative,0.039818089869116086
1329028587496738816,negative,0.006949832200050132
1329028589275262978,negative,0.028224431018580704
1329028592928518147,negative,2.1787934704396598e-08
1329028593113030657,negative,0.0011302621827079169
1329028596774674433,negative,0.22988567477400246
1329028598636933120,negative,1.4700340153174673e-09
1329028598817316864,negative,0.001022699726434061
1329028690722885632,negative,0.014807855061079326
1329028692174123009,negative,9.41173967924573e-05
1329028692312530944,negative,0.10257797504384468
1329028693012963328,negative,0.0001766795061988764
1329028693302374401,negative,0.0011302621827079169
1329028693465968641,neutral,0.4402571704036702
1329028695403671554,neutral,0.45613243495583106
1329028696100003840,negative,4.4040859285120727e-07
1329028696343257089,negative,0.0073533469049119025
1329028697786093570,negative,0.27326978847778843
1329028699262423041,negative,1.4564349486108928e-05
1329028701502263297,negative,0.002710328626157166
1329028702081003525,negative,0.2293762624772475
1329028702236258308,negative,0.0010944663673230898
1329028707651039232,negative,0.0011302621827079169
1329028709907574785,negative,1.0906999604539943e-07
1329028711979642880,negative,0.0011070956621115117
1329028716975022081,negative,9.797067453705367e-05
1329028717008580614,neutral,0.4793391876884299
1329028717822308355,negative,0.009843916725497472
1329028717889327105,positive,0.7105047480073482
1329028719306973184,negative,0.19789116857618483
1329028723916627969,negative,0.008409959813016486
1329028723983708161,negative,0.015679239383858016
1329028724411523073,neutral,0.37702822404138614
1329028725128589312,negative,0.0011302621827079169
1329028730065399808,negative,0.0032452590116823997
1329028734347829248,negative,0.0011302621827079169
1329028735991943169,negative,0.001368302344543205
1329028737925570560,negative,0.09239239996174531
1329028738613440514,negative,0.09849089545692341
1329028740240830474,neutral,0.45613243495583106
1329028744976142336,negative,7.91905261237631e-05
1329028746423185408,negative,0.0019588775637864922
1329028747090137090,negative,0.0006697686376794921
1329028747962556417,positive,0.6939644671982259
1329028753842982914,negative,1.8392149504384428e-06
1329028757248729088,negative,0.0011302621827079169
1329028759618457602,negative,6.692493262714307e-06
1329028759765344262,negative,2.9836279076630627e-05
1329028759807254528,negative,0.0004291115894490975
1329028759853424640,negative,0.12267736682181389
1329028760281214976,neutral,0.5734576952979002
1329028764198723585,negative,0.02776575429183825
1329028765905772544,positive,0.9997789478624417
1329028765972897793,neutral,0.5734576952979002
1329028766950191104,neutral,0.38837906186180593
1329028767562551296,neutral,0.48728019602140255
1329028767579246592,negative,0.02201352467398307
1329028769038872576,negative,0.0011302621827079169
1329028771597463552,positive,0.9971586386629508
1329028771953905666,positive,0.9971586386629508
1329028773275201539,negative,0.1339600485826296
1329028773455523840,negative,0.038458747308910794
1329028774617374721,neutral,0.5734576952979002
1329028777373016065,negative,8.578025726497189e-06
1329028779130413057,negative,9.84506884017481e-05
1329028781558927360,negative,0.21859625610944214
1329028784448745472,positive,0.7105047480073482
1329028888480129024,negative,0.12814295170104845
1329028891114147842,negative,0.01091210409525463
1329028896667340807,negative,0.12267736682181389
1329028898164797441,neutral,0.49789225920557484
1329028898898800642,negative,0.003329432036323754
1329028899481792513,neutral,0.4496294498258171
1329028899758551042,negative,0.004465939100250833
1329028900526190593,negative,9.797067453705367e-05
1329028904921804800,positive,0.7292457534552033
1329028909803974660,negative,0.08841650707082101
1329028911796203526,negative,0.004897849341439005
1329028912073084933,negative,0.12267736682181389
1329028912148602881,negative,0.0008530513229561649
1329028912190468097,negative,0.016819040683709683
1329028912387661826,negative,0.0021835832418386826
1329028912890916865,positive,0.8722736614265346
1329028921820590083,negative,0.0011302621827079169
1329028926031753222,negative,0.25554322879851293
1329028930146344967,negative,0.0011302621827079169
1329028935993204736,neutral,0.37409041783159663
1329028937750622211,negative,1.8344758499485777e-06
1329028938023178240,negative,0.2313417104335679
1329028939084394496,negative,0.0011302621827079169
1329028942058151939,negative,0.011668458253778236
1329028942062362626,positive,0.9999980982381267
1329028943010258944,negative,0.25554322879851293
1329028944457326594,negative,0.16083933906412282
1329028945816195076,neutral,0.49789225920557484
1329028949112971267,negative,8.421438883517199e-05
1329028955815505920,negative,0.0008573491638824088
1329028960588533763,neutral,0.3851861684292167
1329028963692371970,neutral,0.3819242144884796
1329028964967456768,neutral,0.33459814855532494
1329028967370805250,positive,0.8722736614265346
1329028967614001152,positive,0.7533577083009854
1329028969279131654,neutral,0.5734576952979002
1329028971716087809,negative,0.060475676054855536
1329028977122488325,negative,0.0827988420908011
1329029085364965377,neutral,0.5734576952979002
1329029085805359105,negative,0.0011302621827079169
1329029088191918081,negative,0.00017395495818109735
1329029088439365632,negative,0.14698402413329303
1329029088850436097,negative,0.0004291115894490975
1329029088925921282,negative,0.019895613589028593
1329029089781538817,negative,0.002600376132428701
1329029090255523842,negative,0.09396973377293136
1329029093455769601,negative,1.9364962115517425e-10
1329029096282722307,negative,5.412095635402394e-05
1329029096987308034,negative,0.0033870374421512577
1329029099638181888,negative,5.9172269891797175e-08
1329029109511557122,negative,0.3229287908908796
1329029110870515714,negative,0.015438866360663377
1329029111969443841,negative,0.007805220938700252
1329029111986139136,negative,0.055822319448470395
1329029113630388231,negative,4.018740830091467e-06
1329029113793966080,negative,0.0068853597955010545
1329029114620162051,negative,0.26862284716830825
1329029117145206784,neutral,0.43143461162221
1329029121721163776,negative,0.0009095380799451545
1329029125479297025,negative,1.1744028634388027e-07
1329029126276182016,positive,0.7105047480073482
1329029128817926149,positive,0.788244673617578
1329029132190179331,negative,3.372087980844452e-05
1329029134853476353,neutral,0.4513605618894927
1329029137508528128,negative,0.17870387551553718
1329029137563004935,negative,0.009534929960085427
1329029138842173440,negative,0.021353508251389795
1329029140499066889,negative,0.10257797504384468
1329029141455364096,neutral,0.5829836342594178
1329029143066005505,negative,0.004539663664390986
1329029144357842950,positive,0.788244673617578
1329029144529809410,negative,0.012080084695000376
1329029152045981698,negative,0.00012416766634782613
1329029153904005122,negative,0.29699043684288917
1329029155883724801,negative,0.0003190765867345946
1329029156189974530,positive,0.788244673617578
1329029161189564418,neutral,0.6024025080541363
1329029161583845376,negative,0.07071488086424292
1329029161982291974,neutral,0.4513276909192758
1329029162225586176,negative,0.10377735387830045
1329029163907506180,negative,3.6423839492130264e-06
1329029165023170562,negative,0.001696944690601443
1329029165715132417,negative,3.0470745192041156e-05
1329029167103488000,negative,6.560429111111617e-05
1329029167669719040,neutral,0.3528201067938422
1329029171008462851,positive,0.788244673617578
1329029174498119683,negative,9.409449276389877e-07
1329029278386810885,neutral,0.4373255837432663
1329029278516858883,positive,0.7105047480073482
1329029281448685570,positive,0.9971586386629508
1329029282077798401,negative,0.19924545451767137
1329029283486973953,negative,0.0007122300946932927
1329029284388892676,negative,2.161650976032178e-06
1329029297236025347,positive,0.9763838543676396
1329029299333193730,negative,0.012116069286829808
1329029300885073920,negative,0.031986727811468246
1329029301212213248,neutral,0.46127768308170247
1329029302663475200,negative,0.006393684957116132
1329029306824220673,negative,0.054019379977660896
1329029308380291076,negative,1.662393940523308e-07
1329029308829085697,positive,0.9998377875596438
1329029311794475015,negative,0.008063173223196746
1329029313107283968,negative,0.10257797504384468
1329029316320047104,positive,0.9877806673520301
1329029316789882882,positive,0.7105047480073482
1329029322527694849,negative,0.03198276520026447
1329029322854723586,negative,0.0027718940215397843
1329029325560164354,negative,0.0077640129617787546
1329029325677600771,negative,0.06933858880462383
1329029327493754880,positive,0.9662542995567348
1329029328886173696,negative,0.002582026694735873
1329029331910352901,positive,0.9971586386629508
1329029332581363716,negative,0.10257797504384468
1329029333810360321,negative,0.010305598085556845
1329029334686904320,neutral,0.37599918993004294
1329029337446756354,negative,0.17206328267580015
1329029339892027392,negative,2.3333757540708423e-06
1329029340005355522,negative,0.015361994598953625
1329029340068253701,negative,0.12267736682181389
1329029340500291588,negative,0.043875082704029164
1329029342152822785,positive,0.8608613549164159
1329029342383452170,negative,0.004539663664390986
1329029346368106498,negative,1.5824013925318848e-10
1329029346573639681,negative,0.0011668457024845633
1329029347597053952,neutral,0.437369725752128
1329029348503015426,negative,0.07247944008606926
1329029349010444288,negative,0.00731717648001652
1329029350210015234,negative,0.01872577660567934
1329029350268801031,neutral,0.3378960295261649
1329029356652556288,negative,0.001200128286541333
1329029356782546944,negative,0.23007203771073287
1329029357378154498,neutral,0.43143461162221
1329029358095392768,negative,0.015386522014604453
1329029361014595585,negative,0.10257797504384468
1329029361689899009,negative,8.6656649445408e-09
1329029363925463040,negative,1.482703225226425e-11
1329030632152965120,negative,0.012694728656991767
1329030635470659584,negative,0.08675644068887371
1329030637995646976,neutral,0.4260192924905043
1329030638616375296,negative,0.021906413126531087
1329030639794917377,negative,0.07446486426639805
1329030642580000768,negative,0.10257797504384468
1329030643204853760,neutral,0.5999975327107756
1329030648686895104,negative,6.698515064507647e-05
1329030649639022593,negative,0.2153239397153169
1329030654319857664,negative,0.06775107137306269
1329030655116800000,negative,0.10622421319651891
1329030657331384324,negative,0.052419596507777826
1329030657675288576,negative,0.07380675661647497
1329030658912636928,negative,0.0034253123546658087
1329030662217719811,negative,1.0493850812993403e-05
1329030662502879235,negative,0.0008154164755525435
1329030663639617538,negative,0.0009490412360480977
1329030666198134786,negative,0.0006044185779449241
1329030667271774213,negative,0.056888019879039055
1329030668790231042,negative,0.01554809166252084
1329030671105404929,positive,0.8722736614265346
1329030672900628480,negative,0.25215227742857377
1329030673332645888,negative,0.0008401324758398001
1329030673882025986,neutral,0.5734576952979002
1329030675387867138,negative,0.003262330811111146
1329030675446587392,neutral,0.5734576952979002
1329030680400064519,negative,0.0004291115894490975
1329030680853028868,negative,0.0033662853999404216
1329030681268142087,negative,0.0001851182094356281
1329030682434125824,negative,0.055822319448470395
1329030686695682050,negative,0.09192056069640865
1329030687815503875,negative,0.03667397962204887
1329030690348945408,negative,0.014128918492523786
1329030691422670850,negative,0.004113220583998807
1329030695918956544,negative,0.032302334278588134
1329030700222312451,negative,0.01897175086643638
1329030701560291329,neutral,0.5734576952979002
1329030701660971012,negative,0.01452063883107092
1329030706396217344,negative,0.003821468068093264
1329030706954203139,negative,0.03538704694796374
1329030707491053570,negative,3.438314667293292e-05
1329030708392824833,negative,0.0011302621827079169
1329030708774522884,negative,0.1339600485826296
1329030709244211200,neutral,0.5734576952979002
1329030711551127552,negative,0.00447184887163081
1329030825401315331,negative,0.001140309686525954
1329030828937146369,negative,1.2340850522010885e-06
1329030831424286720,negative,0.0011302621827079169
1329030833093685253,negative,0.13968328310001993
1329030836482699264,negative,0.04235784950374814
1329030842052734979,negative,0.19151105241715685
1329030842572812288,negative,0.06639244381912335
1329030843134844928,negative,0.256111028419552
1329030844439289857,negative,0.004059028486890328
1329030844464443393,negative,0.010730181752749467
1329030845403975680,positive,0.7105047480073482
1329030846297280513,positive,0.9668688539669372
1329030849887690756,neutral,0.576720531008296
1329030850827128842,negative,0.0008475771227709855
1329030850864951296,neutral,0.4496294498258171
1329030851498303488,negative,1.6863905651580678e-13
1329030852542656514,negative,0.012916000491910941
1329030853918416896,negative,0.011178888048907697
1329030855126360069,negative,0.256111028419552
1329030855134687232,negative,0.0011302621827079169
1329030857206673409,neutral,0.41458660207815246
1329030857391104005,negative,0.040046694610713626
1329030862864855040,negative,8.41357269951961e-05
1329030863888248836,negative,0.12304484446019129
1329030864479645698,negative,0.004592535089875869
1329030865352073220,negative,0.017297557778666053
1329030865788276740,negative,0.256111028419552
1329030872432074752,negative,0.0068853597955010545
1329030875065974785,negative,0.00023264415583411965
1329030875196043265,positive,0.9393311250082181
1329030875925843968,negative,0.023075944015281635
1329030876005589005,negative,0.16083933906412282
1329030877066747910,negative,3.45672598035008e-06
1329030881613377536,negative,0.00094108433018251
1329030892061339649,negative,0.013261241147629867
1329030892430512128,negative,0.256111028419552
1329030894296784898,neutral,0.39344036462840365
1329030895450329088,neutral,0.4260192924905043
1329030896104722437,negative,0.0110399258526658
1329030896138166272,negative,0.013458428881618132
1329030896419213312,negative,0.0018522805333611328
1329030898948460546,positive,0.7091784889614025
1329030899695017989,negative,0.014710117392533447
1329030904048705542,negative,0.006057190202210575
1329031013729792008,positive,0.7105047480073482
1329031017546604544,negative,0.0011936207006653077
1329031019920580611,negative,4.698755837897572e-06
1329031022227415042,negative,0.018538505694518488
1329031023707951104,negative,1.6878532304292567e-11
1329031026006515714,negative,0.026751175391844385
1329031026472062976,negative,0.04665897585613901
1329031026727813120,negative,0.22209334935939248
1329031027436695553,positive,0.9174338480046889
1329031027914924035,neutral,0.5734576952979002
1329031028598566915,neutral,0.4496294498258171
1329031035078799361,neutral,0.4496294498258171
1329031035183636483,negative,0.00853404563866807
1329031035447816192,negative,0.005826954189924638
1329031038346137600,negative,0.04665897585613901
1329031043198935040,negative,5.532032071112112e-08
1329031046155780097,neutral,0.5495922250151081
1329031047879684102,negative,0.26847485695937634
1329031058822750209,negative,0.0011302621827079169
1329031063918833664,negative,0.0002203777313110296
1329031063943974912,positive,0.7346089158630915
1329031064145305605,negative,0.007973811763676841
1329031064736641025,negative,0.1128107010181839
1329031066557042689,negative,0.005727716855634617
1329031069526593537,negative,1.7029631649081368e-07
1329031069593706504,negative,0.05016183642802077
1329031080125624326,negative,0.00022876126588604597
1329031080326930432,negative,1.064335170340879e-05
1329031084026306564,negative,0.23264922168283342
1329031085964075010,negative,0.0002913837390354109
1329031088346460162,positive,0.7105047480073482
1329031094176526336,negative,0.0029108674544030613
1329031096311422977,negative,0.004710602037312955
1329031096324009984,negative,0.01267221797236512
1329031212493631489,negative,0.00012416766634782613
1329031212611104768,negative,1.2916303806963536e-09
1329031212954955777,negative,0.0011302621827079169
1329031215631003648,negative,0.0008038599437374471
1329031217711374336,negative,0.002114576168585103
1329031227244994560,negative,0.004186640393885223
1329031228008370176,neutral,0.4035537023931831
1329031232890540034,neutral,0.5734576952979002
1329031233263853570,negative,0.0007281587900977242
1329031233704226817,negative,0.01046756705356778
1329031234299826176,negative,0.00094108433018251
1329031235142905856,negative,5.855742099945592e-06
1329031236266897413,negative,3.0470745192041156e-05
1329031237227466752,negative,2.639389845063933e-07
1329031237730775044,negative,0.0011302621827079169
1329031237919526915,neutral,0.6268153408906142
1329031238133411840,negative,0.011861978774588344
1329031238842163200,neutral,0.4844831951351828
1329031240096374784,negative,0.03229558295896727
1329031242902347776,negative,0.0005224252371691417
1329031248262656002,negative,0.011854164691158006
1329031251559391232,negative,0.004094267885282885
1329031253224468480,negative,0.005329762149973378
1329031260908511233,positive,0.7105047480073482
1329031261336330241,negative,2.2435735125245883e-13
1329031261478932480,negative,0.05496041536609281
1329031263076970507,negative,8.848025782914985e-06
1329031267363545091,negative,0.05082080703593866
1329031268462456832,negative,0.0003103444930059561
1329031269120880647,negative,0.0007956455255718247
1329031274896519170,negative,0.0011302621827079169
1329031276301578245,negative,0.00837268101479069
1329031279405395972,positive,0.8722736614265346
1329031281951256581,neutral,0.38648463292877455
1329031283729690628,positive,0.8457109880266581
1329031289505280000,negative,2.8598039323820733e-10
1329031293913493505,negative,0.056888019879039055
1329031295859568649,negative,0.0011302621827079169
1329031400188731393,negative,0.0011302621827079169
1329031404336898048,neutral,0.592242947333848
1329031404877967362,negative,0.0004291115894490975
1329031409122611201,negative,0.12267736682181389
1329031411765022720,negative,0.19151105241715685
1329031412578705411,negative,4.1379062054294976e-05
1329031414122156034,negative,0.1450576500547841
1329031415879655426,negative,0.043875082704029164
1329031416156459009,negative,0.07072211752476654
1329031419214094338,negative,0.0011302621827079169
1329031419226714112,negative,0.05210076957716397
1329031419432235008,negative,0.013134716739657337
1329031419700666370,negative,0.001696944690601443
1329031421500022785,negative,0.00093349873354479
1329031424448614400,negative,0.019895613589028593
1329031424503132162,negative,0.0002584499185512666
1329031425841098753,negative,0.012775768326893758
1329031426843488257,neutral,0.33882329142327267
1329031428017938437,negative,1.6878532304292567e-11
1329031429943078912,negative,0.3249757422558139
1329031431146921985,negative,9.155082350825581e-05
1329031436683317259,negative,0.20618299871580503
1329031440303087617,negative,0.00015087990088390093
1329031441783676931,negative,4.0292387745362743e-07
1329031442760871936,negative,0.015026288715111726
1329031445290102784,negative,0.12267736682181389
1329031446875484160,negative,0.00186044655920039
1329031447341101058,neutral,0.4588214939154191
1329031449803190277,negative,0.01267221797236512
1329031452818870272,negative,0.17206328267580015
1329031453666119680,negative,0.12267736682181389
1329031453917777920,negative,0.008655027470290922
1329031457721880578,negative,0.001504978439944574
1329031459022266368,negative,0.26862284716830825
1329031459898859520,neutral,0.3996580091506196
1329031462964883456,neutral,0.5826016318169452
1329031467222134785,positive,0.7105047480073482
1329031468752965634,negative,0.0044494038937878296
1329031472725057537,negative,0.0011302621827079169
1329031474700570624,negative,0.0011302621827079169
1329031478408339457,negative,0.07072211752476654
1329031479461023744,negative,6.4186248178832085e-12
1329031479649853440,negative,0.03235404289454578
1329031480031531008,negative,0.004380831526445891
1329031481424048129,negative,0.0021600364752939797
1329031482833301507,neutral,0.5495922250151081
1329031483823169542,negative,2.727411723386112e-06
1329031489938460672,negative,0.055822319448470395
1329031490265640960,positive,0.8651144089121215
1329031490903150592,negative,1.2916303806963536e-09
1329016502691872768,negative,8.021829639760547e-05
1329016507133620225,negative,0.23911705170004227
1329016507406245894,negative,0.00011730993010162107
1329016510656950278,negative,9.841612940230882e-07
1329016512015982594,negative,3.9010182442518694e-05
1329016543028670465,negative,0.00016196118011726866
1329016563517755398,negative,0.16966741730186272
1329016566516772869,negative,0.0017439720135731434
1329016589371535364,negative,2.9411810678245784e-15
1329016673320439808,negative,0.0013369103752929716
1329016687488798720,negative,1.9206554475642137e-06
1329016693264429061,negative,0.00040871890406950955
1329016703737532418,negative,0.006024862145570014
1329016705323069440,negative,1.6064392644353069e-06
1329016709370535936,negative,0.07047585026233129
1329016717662703617,negative,5.072959910612423e-08
1329016755243642881,negative,4.97504764487461e-05
1329016764232032257,negative,0.25599186831050275
1329016771219697664,negative,1.994428340264493e-05
1329016771957960704,neutral,0.34698391832878567
1329016800479240193,neutral,0.45429437342360096
1329016806196064256,negative,3.651846212153364e-17
1329016812856610816,negative,1.2997274902565673e-06
1329016819814981632,negative,0.014349936162478743
1329016846893391877,negative,0.002193953057641473
1329016856611577856,negative,0.001012480772619704
1329016860961087488,negative,1.2997274902565673e-06
1329016865801310210,negative,8.537584016739845e-05
1329016883522244609,negative,0.041688752237543994
1329016903872942081,negative,6.435742363420288e-08
1329016910122528770,negative,3.4850808329296972e-06
1329016919349981185,negative,0.11189354850430881
1329016923967852544,negative,0.04158393278466148
1329016935888146433,positive,0.7345693835512744
1329016974081486848,negative,0.046691268018416776
1329016985473179649,negative,5.076573134030798e-05
1329016996038586369,negative,0.002996541096542537
1329016996265136129,negative,0.015357549236871436
1329017010487955457,negative,0.000781038412391468
1329017028821266434,negative,0.015357549236871436
1329017037126062083,negative,0.14359301508953326
1329017037532913665,negative,0.015779260314934637
1329017037910396930,negative,0.0014476377516044008
1329017056088518656,negative,1.2997274902565673e-06
1329017064753930241,negative,0.021255574578686334
1329017099293954048,negative,0.001012480772619704
1329017111331688449,negative,1.072109180619754e-07
1329017118407454720,negative,0.00619428010096104
1329017167212384257,negative,4.465048673997169e-09
1329017182483779588,neutral,0.3830529865811825
1329017183557595136,negative,2.2193444418300814e-05
1329017233633325057,negative,0.006537220167758716
1329017244718936065,negative,0.015357549236871436
1329017298984837121,negative,0.12348549115716444
1329017304382889985,negative,0.015357549236871436
1329017317683056642,negative,0.008075964795627137
1329017322078674945,negative,1.2997274902565673e-06
1329017332094685186,negative,0.004214133695714233
1329017341942829057,negative,0.0008703229717777739
1329017419797581824,negative,1.9985186512872987e-07
1329017424193204224,negative,4.813559640106978e-09
1329017440144142338,negative,4.276609477358479e-05
1329017457475018753,negative,6.158831897684715e-06
1329017494867210241,negative,0.04258713908834549
1329017521735921667,negative,1.2997274902565673e-06
1329017566392676355,negative,0.07047585026233129
1329017572533170178,neutral,0.4153373325707398
1329017576383533058,negative,0.13246871299988192
1329017591625617411,negative,0.1486294349744797
1329017608134385664,negative,0.030437948038267774
1329017644251553792,negative,0.006537220167758716
1329017645119778821,negative,4.985003624552425e-11
1329017647934140424,negative,0.030437948038267774
1329017652623372290,negative,0.012447658216753563
1329017654452039681,positive,0.8293044106096736
1329017664698806272,negative,1.287120008719302e-07
1329017666623791105,negative,7.860401981852252e-10
1329017670142996481,negative,0.006537220167758716
1329017670507835392,negative,0.06950232281358414
1329017686190411778,negative,0.006537220167758716
1329017688782491648,negative,4.571725936392529e-09
1329017689189257216,negative,0.006537220167758716
1329017707380027395,negative,3.442575630276469e-05
1329017742180147200,positive,0.8849259602965043
1329017775780745217,neutral,0.6443921530903411
1329017779027111937,negative,3.109061408377577e-05
1329017789122797570,negative,0.008677886253519666
1329017817174339585,negative,3.45771718738344e-08
1329017819120480256,negative,0.006537220167758716
1329017912162709505,negative,0.0041447731409079355
1329017927459213317,negative,4.6223135928641934e-08
1329017952100888576,negative,1.3788560946029966e-05
1329017960531419138,negative,0.014431962391865576
1329017977086373889,negative,0.011710402120803935
1329017985877618688,positive,0.9044083752742298
1329018016961613824,negative,0.01874077463318408
1329018024528142340,negative,1.2997274902565673e-06
1329018035244576768,negative,0.007872992799534486
1329018036414722049,negative,7.084666036527233e-07
1329018074364850177,negative,0.030437948038267774
1329018814680461312,negative,8.972483911272713e-05
1329018823547232257,negative,4.3010204769603686e-13
1329018835538735108,negative,0.00018748992576856236
1329018836868362241,negative,2.341273069360675e-19
1329018894657478662,negative,5.773931211004526e-06
1329018900135239680,negative,0.015357549236871436
1329018906984538112,negative,0.004931366760508097
1329018932167106564,negative,1.7002849386629607e-07
1329018950001291265,negative,0.2826281304946312
1329018956565409794,positive,0.9984401924908961
1329018994448343041,negative,0.015357549236871436
1329019027340075010,negative,0.04804991990223229
1329019028938104833,negative,1.3662204803182996e-05
1329019042615660544,negative,0.05916272950428743
1329019057559965696,neutral,0.4153373325707398
1329019083099148290,negative,1.1982129004708567e-05
1329019099373039617,negative,0.10792017188277643
1329019101122060293,negative,5.2163135623867826e-06
1329019146819031041,negative,0.006241690356122127
1329019153097879553,negative,1.2997274902565673e-06
1329019171020083200,negative,3.674935155919904e-06
1329019224296202243,negative,0.0010086628834394557
1329019235314634754,negative,0.001012480772619704
1329019235729805312,positive,0.7528253770036812
1329019241765408770,negative,1.1982129004708567e-05
1329019247595548672,negative,0.0001389688558120512
1329019270093819905,negative,3.2080932378081145e-06
1329019282479517702,negative,2.8247314306695334e-05
1329019282643103747,negative,0.04804991990223229
1329019309348298754,negative,0.011313049276847318
1329019314788327424,negative,4.2571490773258384e-08
1329019318235967488,negative,2.660600930022351e-05
1329019329904586752,negative,0.03132621750638588
1329019333360701440,negative,0.0018867049095545538
1329019334707073025,negative,0.23523273130990016
1329019336305029121,negative,0.006537220167758716
1329019340008677378,negative,0.0009537530587506933
1329019347273183236,negative,0.002449475231716548
1329019365635858436,negative,1.5587866500742642e-12
1329019391263039489,positive,0.7620959279623676
1329019411345313796,negative,1.0367410976996312e-08
1329019426625171460,negative,0.0012588519009779347
1329019431599665152,negative,2.6403971306186934e-09
1329019439967301632,negative,5.6196650127103704e-05
1329019447596740614,negative,0.0009141037987728743
1329019448808927232,negative,0.0044264650819108775
1329019449995878402,negative,0.0005118824002913117
1329019451220631552,negative,0.0002279254616079034
1329019452445351936,negative,3.3064766813109937e-06
1329019453670088706,negative,7.023855284244472e-10
1329019454848643072,negative,1.9113171174304052e-05
1329019456010539008,negative,1.4188770557432347e-10
1329019457386278914,negative,3.3015252500262456e-10
1329019459865030657,negative,1.6094892486836377e-06
1329019464189403136,negative,1.2997274902565673e-06
1329019477124640772,neutral,0.49789225920557484
1329019479620268032,negative,0.1918095122870659
1329019486092079105,negative,0.017989847997844484
1329019489149718530,negative,1.8150135870566108e-05
1329019495600545794,negative,8.074167453040343e-09
1329019521131311106,negative,0.015357549236871436
1329019530308440065,negative,9.403213711393459e-06
1329019533428989952,negative,4.0388751961818374e-05
1329019540676747271,negative,6.435742363420288e-08
1329019557009362944,negative,0.07826599544449839
1329019582514933760,negative,0.047765712933126404
1329019610000134146,negative,0.030437948038267774
1329019610583199747,negative,0.0009537530587506933
1329019624688672769,negative,0.06418632035621977
1329019635178614785,negative,0.006772217725315831
1329019644162793474,negative,0.07695624999746703
1329019675565576192,negative,1.2997274902565673e-06
1329019680128905218,negative,0.00044587577878271777
1329019688177774600,negative,0.057971757646287314
1329019688995725313,negative,1.3293181133772317e-07
1329019690820177921,negative,0.0025792727511029026
1329019704724377600,negative,9.833789690791854e-06
1329019718884347905,negative,4.174417723203069e-06
1329019734222925830,negative,1.2997274902565673e-06
1329019748936339457,negative,1.2997274902565673e-06
1329019799326912513,negative,0.2073119861467725
1329019816217284608,negative,1.2997274902565673e-06
1329019824438202369,negative,7.87426199543939e-05
1329019833741094912,negative,6.792940609749691e-06
1329019837536931840,negative,0.009238685110186539
1329019840812756993,negative,1.2997274902565673e-06
1329019860634972161,negative,3.4637505490106635e-05
1329019886090194953,negative,1.0906340518316547e-05
1329019893761658882,negative,1.5218362904839e-10
1329019894663421953,neutral,0.49789225920557484
1329019900459888640,negative,1.2997274902565673e-06
1329019914989019136,neutral,0.38034372314874076
1329019940238729218,negative,7.785627867914058e-07
1329019946974765058,negative,0.049705998328843044
1329019961537404928,negative,1.7643046179704e-09
1329019965677195264,negative,1.1982129004708567e-05
1329019968537698310,negative,5.895335573563222e-05
1329019976880168960,negative,1.2052278999984514e-14
1329019977282834435,negative,0.006537220167758716
1329019978654289921,negative,3.235586012488983e-05
1329019986090848256,negative,0.008714005006596106
1329020008798826498,positive,0.7462779448446075
1329020014989602818,negative,5.895335573563222e-05
1329020041745096707,negative,2.6080024476385685e-05
1329020073374322688,negative,4.4970198270652654e-05
1329020077820301312,negative,0.009436428046279874
1329020098921852930,negative,0.26701010447744067
1329020133344505857,negative,0.015357549236871436
1329020149786177539,negative,2.3481789926836034e-05
1329020150033633280,negative,0.017803913835577483
1329020161454706688,negative,0.2073119861467725
1329020173848756226,negative,0.16162955086206265
1329020179381166080,negative,1.6064392644353069e-06
1329020180891136000,negative,5.895335573563222e-05
1329020192513515520,negative,2.75150071373482e-09
1329020210792308736,negative,1.4076275102284088e-05
1329020216391688192,negative,0.04145976502555649
1329020249027588096,negative,2.6153200825770093e-13
1329020287950745609,neutral,0.5755436691302463
1329020296578306055,negative,0.006537220167758716
1329020301930344450,negative,0.00010532285153820898
1329020307068358656,negative,0.0007455513920583368
1329020321446367233,negative,3.479517190053943e-08
1329020321609945089,negative,0.1486067373063284
1329020342547980288,negative,0.030437948038267774
1329020343974055937,negative,0.16441514039596114
1329020347379806209,negative,3.0201724993290315e-11
1329020353440526336,negative,1.2997274902565673e-06
1329020356535922689,negative,0.001325082114817664
1329020375812993026,negative,0.038997518442355654
1329020379147481088,negative,0.16441514039596114
1329020393424875522,negative,0.059155027241867754
1329020415243501568,neutral,0.5542742496867634
1329020417403736064,negative,3.278576988511223e-05
1329020449733435393,negative,1.2997274902565673e-06
1329020454498160641,negative,0.03823905190032195
1329020476690194438,negative,0.013838873398010557
1329020481081585665,negative,0.015357549236871436
1329020492938944513,negative,2.873545650264514e-11
1329020494071422977,negative,0.019044904236850305
1329020509342871552,negative,1.081529344920283e-06
1329020521737039876,negative,3.3749708093119186e-07
1329020534726619137,negative,0.008493144662240687
1329020541957771264,negative,7.860401981852252e-10
1329020579236732929,negative,0.07047585026233129
1329020595791683587,neutral,0.4139812928671114
1329020607409893377,positive,0.8547323870433569
1329020607707668481,negative,0.030437948038267774
1329020622387769344,negative,0.019532550735209698
1329020624476532737,negative,0.2073119861467725
1329020628138135554,negative,0.17625683946419143
1329020639089487873,negative,3.318901131090035e-05
1329020656642613252,negative,1.4579535035251567e-05
1329020689215606785,negative,0.26701010447744067
1329020721981427715,negative,0.00136002053901829
1329020766562754560,negative,8.618845104113398e-09
1329020802554015745,negative,2.6404285514831848e-15
1329020815774453763,negative,0.0025792727511029026
1329020863442788353,negative,0.015357549236871436
1329020868404654080,negative,0.047765712933126404
1329020870220722176,negative,0.047765712933126404
1329020871185485824,negative,0.06688467420193425
1329020876336066560,negative,0.0822113112429862
1329020879259508736,negative,2.902460208858935e-06
1329020884724686850,negative,4.0388751961818374e-05
1329020892756791302,negative,0.0007154038584844787
1329020900235227142,negative,1.0443153313136046e-06
1329020935907708928,neutral,0.46127768308170247
1329020948750721024,negative,0.009952398046138402
1329020964026392576,positive,0.9213692938125346
1329020975799787522,negative,0.009093708254112253
1329020977892761600,negative,1.2997274902565673e-06
1329021000772702210,negative,5.877832275779192e-13
1329021005105405955,negative,1.0390724048552477e-05
1329021008293064707,positive,0.9992146181465118
1329021015071072256,negative,0.0515130818229134
1329021022071386113,negative,5.3228405883748926e-05
1329021031009431554,negative,7.017058964283086e-10
1329021033693786112,negative,0.004494476285902258
1329021035325366276,negative,0.26701010447744067
1329021056548548608,negative,4.893765704560638e-06
1329021070330957830,negative,0.002320539838999881
1329021079118098432,negative,2.485640162061919e-14
1329021109052780544,negative,6.081195173569969e-09
1329021119375024128,negative,1.1915178909207736e-07
1329021137855143938,negative,9.833789690791854e-06
1329021138001928192,negative,0.0020022505619597284
1329021144901562368,negative,3.1703266750964857e-12
1329021173829668866,negative,0.029728267809195314
1329021176010641408,negative,0.03823905190032195
1329021181723283459,negative,0.006537220167758716
1329021183426224135,positive,0.9357692487155073
1329021186081234946,negative,0.006772217725315831
1329021188216119296,negative,5.752302340140604e-11
1329021199943340033,negative,1.2997274902565673e-06
1329021210110398464,negative,0.00046075907438258585
1329021216343126016,negative,0.006537220167758716
1329021223653826562,negative,0.007133692403521772
1329021247078981634,negative,0.019044904236850305
1329021252749697024,negative,0.0030691753762418163
1329021255832530950,negative,0.1328733007814716
1329021260651753477,negative,0.26701010447744067
1329021275193405440,negative,0.059541093499458374
1329021309972602881,negative,0.0005929091462577078
1329021331392901122,negative,0.003304718459976364
1329021331791376384,positive,0.7914142119471035
1329021337910845440,negative,7.854389241056458e-05
1329021399105744898,negative,0.00010949465264208856
1329021404344365056,negative,0.030437948038267774
1329021421717057538,positive,0.9986309261318266
1329021434857918464,negative,0.13588497309325254
1329021448686604288,negative,0.004486247908795849
1329021453371662338,negative,0.2073119861467725
1329021474603196416,negative,1.2997274902565673e-06
1329021477119782912,negative,0.009006356461815265
1329021481305694211,negative,9.191524329247642e-09
1329021482203295745,positive,0.9992146181465118
1329021491753742336,negative,0.009006356461815265
1329021500083630080,negative,0.016373965209957663
1329021503149576192,negative,0.009006356461815265
1329021523194224640,negative,0.009006356461815265
1329021556694142976,neutral,0.6326866251186585
1329021584162631680,negative,0.009006356461815265
1329021590470877184,negative,0.002107947288410508
1329021600004452353,negative,0.15376643464350956
1329021604068732928,negative,1.2997274902565673e-06
1329021619705163779,positive,0.7462779448446075
1329021656354992129,positive,0.8705590349243663
1329021661836955649,negative,0.009006356461815265
1329021678991650818,negative,2.4923159808978253e-10
1329021682112139265,negative,0.006551475912029852
1329022542829457408,negative,4.95274379280218e-11
1329022552363175936,negative,0.007195765263176885
1329022555026493443,negative,0.058609789852728106
1329022562320457728,negative,5.253009015314323e-06
1329022573129162754,negative,0.009006356461815265
1329022576975339520,negative,0.015779260314934637
1329022579835854848,negative,2.4666035033799375e-12
1329022583958876160,negative,0.007275402627122886
1329022602476662785,negative,0.0014903147580182068
1329022613402902528,negative,7.320466333296228e-11
1329022619467870210,negative,0.0007277365177300296
1329022642838441985,negative,4.011310135137176e-05
1329022652284014595,negative,0.04145976502555649
1329022653429067777,negative,0.06070845625524601
1329022654343507974,negative,0.015357549236871436
1329022658797826048,negative,0.00010194564527291616
1329022661666738178,neutral,0.40059479838109546
1329022667068989443,negative,0.000812052571537603
1329022673582698498,negative,1.5683637306928812e-06
1329022674455187456,negative,9.090996528943203e-06
1329022678674583554,negative,2.862515874195543e-05
1329022680696315906,negative,0.009006356461815265
1329022684638883841,negative,1.7659531635893696e-08
1329022690812948481,negative,0.009006356461815265
1329022692331319296,negative,0.10404495241321535
1329022696609419270,negative,0.009006356461815265
1329022721347481600,negative,9.505044001330087e-06
1329022729580851200,negative,2.3103368197865805e-12
1329022742402916354,negative,0.004113201721157288
1329022743745089536,negative,0.009006356461815265
1329022769305149442,negative,0.0007745988984159313
1329022780592050176,negative,0.03823905190032195
1329022784572436482,negative,1.9985186512872987e-07
1329022786011099138,negative,0.20612602590371296
1329022789303590912,negative,0.009006356461815265
1329022800028266498,neutral,0.34024663109463127
1329022801148334080,negative,0.009006356461815265
1329022811055255556,negative,0.009006356461815265
1329022821264216064,negative,4.0388751961818374e-05
1329022833209511942,negative,0.006809402321390311
1329022840620912640,negative,0.0405495487196986
1329022844987064321,negative,7.717711950439977e-06
1329022859478446080,negative,0.03823905190032195
1329022912544858113,negative,1.2997274902565673e-06
1329022918085505027,negative,0.0019596036967431847
1329022923827535872,negative,1.2997274902565673e-06
1329022930085433347,negative,0.009006356461815265
1329022933994442759,negative,0.009006356461815265
1329022948972367872,neutral,0.6487618060983205
1329022960833794050,positive,0.6644952305974656
1329022969784524800,negative,1.2997274902565673e-06
1329022989774581761,negative,0.014431962391865576
1329022990101655552,negative,0.009006356461815265
1329023003158605825,negative,0.009006356461815265
1329023004366548992,negative,1.1224541667272398e-09
1329023025556185089,negative,0.0005379811639140745
1329023046330568704,negative,0.03823905190032195
1329023052143800326,negative,1.2997274902565673e-06
1329023054052274178,neutral,0.4201683238676831
1329023075338293250,negative,1.2997274902565673e-06
1329023093550026753,negative,0.0010856976602289454
1329023097970810880,negative,0.17956628224431875
1329023098998362113,negative,0.0009537530587506933
1329023102521643013,negative,0.004031276057887051
1329023119030358018,negative,0.00040500169167648203
1329023125888135169,negative,3.4315322250706575e-08
1329023126651494400,negative,0.0001449011626668955
1329023147891449856,negative,0.26701010447744067
1329023159211876353,negative,0.09572867399932962
1329023181198385154,negative,0.0012810296938701687
1329023181672370177,negative,1.2410727707107496e-05
1329023224395526145,negative,6.556244724165785e-08
1329023224613658625,neutral,0.5047844988473018
1329023226014470145,negative,0.00011291448983901139
1329023234289885184,negative,0.003900043096965846
1329023239222333447,negative,0.2073119861467725
1329023241696980992,negative,0.019532550735209698
1329023242741420032,negative,1.2997274902565673e-06
1329023256834301953,negative,2.1967525142855994e-07
1329023256880439300,negative,0.04595099395201975
1329023258587492353,negative,0.009006356461815265
1329023260831457280,negative,1.2997274902565673e-06
1329023276279009281,negative,0.012447658216753563
1329023292989124609,negative,0.0013267743703249716
1329023295052779520,negative,0.050940835542403404
1329023311364431873,negative,0.006537220167758716
1329023318914199561,negative,0.006537220167758716
1329023329743888386,negative,0.00619428010096104
1329023343652200448,negative,0.15802546616819166
1329023353332654082,negative,3.6004743361107255e-07
1329023358785228802,negative,0.00021760735154991952
1329023365487718400,negative,0.001012480772619704
1329023387126161408,negative,1.2997274902565673e-06
1329023389680472066,negative,0.048430391011889846
1329023409334915072,negative,1.2997274902565673e-06
1329023413856432128,negative,8.47390437039214e-05
1329023420076613632,negative,5.773931211004526e-06
1329023429098565633,negative,0.009006356461815265
1329023441173942275,negative,0.030437948038267774
1329023445439492096,negative,1.2847076885481611e-05
1329023448077770753,negative,0.3089386274360456
1329023456218898433,negative,1.069944441825595e-06
1329023459096203265,negative,8.178880629703299e-05
1329023470638948353,negative,0.009006356461815265
1329023475185496071,negative,0.03823905190032195
1329023489269960705,negative,0.0012272625282190239
1329023503551647745,negative,0.0027817062888418325
1329023509650165760,negative,0.0004714665387073644
1329023516491083777,negative,0.009006356461815265
1329023542151798784,negative,0.015779260314934637
1329023546304192514,negative,0.0001413440148136333
1329023566105481217,negative,0.0002926372979745893
1329023577715306497,negative,4.2571490773258384e-08
1329023585961340928,negative,1.2997274902565673e-06
1329023598858825729,negative,0.041688752237543994
1329023616126685186,negative,0.00010068860457508427
1329023673349574656,negative,0.021255574578686334
1329023677707509763,negative,0.02325926572426202
1329023704551055362,negative,3.0329938051546003e-10
1329023725782642690,negative,7.000075268278451e-07
1329023727519080449,negative,1.8355325851536974e-16
1329023781638201346,negative,0.009522645160591344
1329023791112937478,negative,0.26701010447744067
1329023841398558730,negative,1.2997274902565673e-06
1329023854279340032,negative,0.3089386274360456
1329023858951811072,negative,0.009006356461815265
1329023884721606656,negative,0.08943075860253559
1329023887053627393,negative,0.00010949465264208856
1329023891499589632,negative,6.3753211252647055e-06
1329023891638013952,negative,0.15515988481866594
1329023892007120896,negative,0.009006356461815265
1329023897421885441,negative,1.543159936940024e-07
1329023909606330368,negative,0.0001413440148136333
1329023926182293516,negative,1.785605925016072e-10
1329023929000845312,negative,3.9009154544864606e-09
1329023961770971136,negative,1.2997274902565673e-06
1329023966107873287,negative,0.06688467420193425
1329023975272435712,negative,0.0006104371710279078
1329023976551673857,neutral,0.5136446707795853
1329023997812613122,negative,7.000075268278451e-07
1329024008982061057,negative,0.009006356461815265
1329024044985880576,neutral,0.578793152963446
1329024046957260801,negative,1.2997274902565673e-06
1329024051445116930,positive,0.999999690545584
1329024051579334662,negative,6.74761847945899e-05
1329024052426629121,negative,7.785627867914058e-07
1329024057371725825,negative,2.089003373508186e-07
1329024059548561409,negative,9.703992723993343e-05
1329024060760748037,negative,4.997979232770702e-09
1329024061758971904,negative,0.04807388296535701
1329024068767670274,negative,5.2404982896253204e-08
1329024081543434242,negative,0.2073119861467725
1329024108512890880,negative,0.015357549236871436
1329024121775255556,negative,1.1982129004708567e-05
1329024143174610947,negative,0.10548252960215504
1329024144827101186,negative,5.031943866179155e-06
1329024161252052992,negative,0.000168386358598391
1329024174187290625,negative,3.4315322250706575e-08
1329024177781747714,negative,0.00017326044708216437
1329024202834391040,negative,0.07070733878002507
1329024250091548673,neutral,0.41643957616863186
1329024256395653127,negative,0.18572709802871815
1329024265614716929,positive,0.9992478723315698
1329024273357402113,negative,7.840575340248653e-10
1329024278671618048,negative,0.0006180944375485942
1329024290960846851,negative,0.00133185713778669
1329024334288080898,negative,0.062336273669278804
1329024334787178502,negative,9.341896832283861e-05
1329024348712103938,negative,2.793040349677042e-07
1329024350163439617,negative,0.017046305304850955
1329024370937884672,neutral,0.3624197343697429
1329024375576735745,negative,7.665504662080351e-05
1329024378558951427,negative,1.2997274902565673e-06
1329024384527454208,negative,0.015357549236871436
1329024386079158272,negative,0.000984856126086498
1329024389585776643,negative,0.023600898743113278
1329024395902398466,negative,1.2997274902565673e-06
1329024399891116032,negative,0.006537220167758716
1329024406744657920,negative,4.674909007318866e-06
1329024413342326791,negative,0.009006356461815265
1329024437555871745,negative,0.11937675194729262
1329024457172799490,negative,1.6694409568371504e-08
1329024457739038722,negative,0.0001413440148136333
1329024462071734276,neutral,0.34104545130096175
1329024468879093760,negative,4.4848915179327464e-10
1329024498767683585,negative,0.006772217725315831
1329024533291020288,negative,0.009861654419544641
1329024537468563463,negative,1.3573915107987316e-06
1329024538110201862,negative,0.000168386358598391
1329024549443293184,negative,0.000168386358598391
1329024553511579648,negative,3.973215585767015e-06
1329024569374617602,negative,0.17625683946419143
1329024588437741569,negative,0.001012480772619704
1329024628216520705,negative,2.3558086254598286e-06
1329024636269584386,negative,0.10162920030420199
1329024666128830464,negative,0.015779260314934637
1329024681815404544,negative,1.7311557665069079e-07
1329024704749981697,negative,0.021986508091547757
1329024713163681792,negative,0.0008063033367468046
1329024723372683270,negative,9.703992723993343e-05
1329024736760897536,negative,0.009006356461815265
1329024740753805314,negative,0.0009537530587506933
1329024742565810177,negative,1.1331511843841779e-06
1329024743039782914,negative,0.31750460291285854
1329024759263268864,negative,0.0008676155747788051
1329024765491879938,negative,0.06961688265824996
1329024776212508672,negative,0.009006356461815265
1329024804989571074,negative,1.0261517788954812e-08
1329024823390064642,negative,0.043084286048388896
1329024829312393216,negative,0.009006356461815265
1329024829488590848,negative,0.009765801996830501
1329024857724563456,negative,0.006537220167758716
1329024864804548608,negative,0.008677886253519666
1329024877345574914,negative,4.0388751961818374e-05
1329024878603890689,negative,0.000984856126086498
1329024896123490304,negative,0.0008186653007328559
1329024907800432640,negative,0.048509342775095006
1329024915903827968,negative,0.0008137511168138524
1329024923831062528,negative,9.224261957539051e-12
1329024925550710786,negative,0.009006356461815265
1329024930554519552,negative,2.0679383624898514e-05
1329024935239573504,negative,0.008492997533803996
1329024943959531520,negative,2.8861064759888694e-09
1329024952708837376,negative,0.019532550735209698
1329024954684366848,negative,0.16441514039596114
1329024978621239296,negative,0.037433838440319465
1329024981234311171,negative,0.0007442851015667118
1329025018139992066,negative,1.242095797449109e-05
1329025038834675719,negative,7.637747397579701e-08
1329025044622741504,negative,2.096971236502907e-05
1329025054852612096,negative,0.031774128237106285
1329025056383660032,negative,0.04807388296535701
1329025069218140161,negative,0.2073119861467725
1329025135257522178,negative,0.0009205574282475729
1329025144493322246,positive,0.9985698355328565
1329025146682822657,negative,0.009006356461815265
1329025158082940928,negative,0.03823905190032195
1329025191926771714,neutral,0.5581257472089944
1329025197219979269,negative,6.185683564036713e-06
1329025202492203014,negative,0.26701010447744067
1329025226928164871,negative,0.000168386358598391
1329025237896269825,negative,0.0007159903170800601
1329025244636585986,negative,1.2997274902565673e-06
1329025248960917506,negative,0.002733531782274386
1329025263355760640,negative,0.0040189437232338665
1329025272579059715,negative,0.009006356461815265
1329025274781044736,negative,0.047765712933126404
1329025285266821123,negative,0.015357549236871436
1329025292082565129,negative,6.435742363420288e-08
1329025292560633859,negative,0.0041554444942662255
1329025317592330243,negative,0.0009537530587506933
1329025320637304834,negative,0.0007164462887324453
1329025327583145989,negative,0.0009329605573599796
1329025331039244288,negative,0.0006791411669162253
1329025337490100226,negative,0.006537220167758716
1329025351037689856,negative,1.2997274902565673e-06
1329025356024655874,negative,0.010175978646773866
1329025398198374400,negative,0.26701010447744067
1329025401776205825,negative,2.5720306280675522e-05
1329025413092405255,negative,0.08943075860253559
1329025419270627330,negative,0.0001413440148136333
1329025431111147522,negative,1.2997274902565673e-06
1329025431652216833,negative,2.1660549131929686e-05
1329025445132636160,negative,0.009006356461815265
1329025448861442048,negative,5.141352404046612e-06
1329025458520854529,negative,0.009006356461815265
1329025463570853888,negative,0.035859875871574666
1329025474324992000,negative,0.009006356461815265
1329025497435680769,negative,0.005811105690027876
1329025501239914496,negative,0.00031891176755713207
1329025517010423808,positive,0.8521200232755813
1329025553198960650,negative,2.2506738474217386e-06
1329025558890618880,negative,0.009006356461815265
1329025564792025088,negative,0.27655432296249877
1329025610027556864,negative,0.21030764675593056
1329025638402027521,neutral,0.45429437342360096
1329025646861955072,negative,0.01650104637859354
1329025654474629121,negative,2.4032671214113077e-06
1329026415841452035,negative,0.01650104637859354
1329026424423010305,negative,0.005518724786841179
1329026427426103298,negative,0.009006356461815265
1329026430383104000,negative,0.0013546803972875202
1329026447588139012,negative,0.00013682670393716157
1329026517507117057,negative,0.0017044924975365184
1329026529863618561,negative,3.958787594037078e-05
1329026530853466114,negative,1.7744831791135956e-06
1329026544698871809,negative,0.00040500169167648203
1329026549006409728,negative,0.0008520230912501666
1329026549891411968,positive,0.8589387357213359
1329026555973160960,negative,0.009006356461815265
1329026557554384897,negative,0.23312616898457136
1329026574667165701,negative,5.980004064709561e-05
1329026592383901696,negative,1.2848969967365418e-09
1329026602601226240,negative,2.2005600105421707e-06
1329026608695554053,negative,0.006537220167758716
1329026611652517889,negative,0.26701010447744067
1329026627901280257,negative,4.741459701198932e-16
1329026629872594945,negative,0.03376049278415374
1329026629910323202,negative,0.015779260314934637
1329026642048638978,negative,1.2997274902565673e-06
1329026648604364801,negative,0.0020178614448924
1329026699519004674,negative,0.030437948038267774
1329026709149069312,negative,0.05016822826964052
1329026712684867584,negative,0.26701010447744067
1329026730871427073,negative,0.00018748992576856236
1329026747501858816,negative,1.2997274902565673e-06
1329026766237741057,negative,0.047765712933126404
1329026767559008256,negative,2.7907266672255716e-12
1329026768745996289,negative,9.444860711275222e-06
1329026773372329985,negative,0.09855010947210813
1329026780200652800,negative,0.1486067373063284
1329026788220145664,negative,0.000616042134845495
1329026789826584577,negative,0.00019523210189440583
1329026791827189761,positive,0.6718823632594308
1329026804024274946,negative,0.1865315921308827
1329026828376260609,negative,0.2319474045824141
1329026844495122433,negative,0.030437948038267774
1329026849566056448,negative,5.980004064709561e-05
1329026854171406337,negative,0.015357549236871436
1329026854448197634,negative,0.030437948038267774
1329026855387738112,negative,0.047765712933126404
1329026856759287808,neutral,0.46286877574379254
1329026865672179714,negative,1.2997274902565673e-06
1329026881363062786,negative,1.4805124821327536e-08
1329026918176468994,negative,3.4315322250706575e-08
1329026923285143552,negative,1.2997274902565673e-06
1329026944223096833,negative,5.980004064709561e-05
1329026949243613184,negative,0.17625683946419143
1329026952217419777,negative,1.2997274902565673e-06
1329026955925204994,negative,0.009006356461815265
1329026958894755845,neutral,0.45429437342360096
1329026971301449728,negative,0.0030428928475877705
1329026977001598978,negative,0.0007351216255821891
1329026990024888321,negative,3.5917517965886354e-12
1329026996010164224,negative,1.880433929655659e-11
1329027011008991239,negative,0.2319474045824141
1329027015480107009,negative,1.2997274902565673e-06
1329027027689680896,negative,0.0001413440148136333
1329027034232786947,negative,1.2997274902565673e-06
1329027042126467073,negative,0.1486067373063284
1329027043066048514,negative,0.1486067373063284
1329027054327762945,negative,0.0044252979187767065
1329027059943960576,negative,0.009006356461815265
1329027070895263744,negative,0.03780217613960243
1329027070941421570,negative,8.073272875699023e-06
1329027071310442499,negative,0.011961981461071323
1329027073566969857,negative,0.0013296611272011081
1329027107763204097,negative,0.06055757958984009
1329027113106739200,negative,2.293880609713977e-11
1329027116227293185,neutral,0.45429437342360096
1329027118819401730,negative,0.008677886253519666
1329027119343677440,negative,0.2700339287061222
1329027119981219844,negative,1.2997274902565673e-06
1329027132824154112,neutral,0.49789225920557484
1329027133352632322,negative,6.71039818801316e-09
1329027139652481024,negative,0.00031891176755713207
1329027164335972352,negative,1.2116854681534322e-11
1329027164583448577,negative,4.072310405029661e-05
1329027165099352065,negative,0.00018264210413670688
1329027173819293699,negative,1.2997274902565673e-06
1329027176243601409,positive,0.9992146181465118
1329027177489305602,negative,0.0291827867386199
1329027198049808387,negative,0.00031891176755713207
1329027204026667009,negative,0.1486067373063284
1329027215598751744,negative,4.0388751961818374e-05
1329027230614351878,negative,0.03371893923264884
1329027234838011905,negative,0.26891825129349717
1329027235047739392,negative,0.008677886253519666
1329027248016535552,negative,1.9311935611070222e-05
1329027262268706818,negative,0.059419717128717964
1329027268841234435,negative,5.674030493694649e-15
1329027278790078465,negative,0.0008593687938635779
1329027286155325441,negative,0.00010723400927600009
1329027286255988737,negative,0.0405495487196986
1329027306329956353,negative,1.2997274902565673e-06
1329027307315601414,negative,0.00341083053093023
1329027321014194176,negative,2.0002091049095345e-08
1329027321123188737,negative,0.009006356461815265
1329027340496736263,neutral,0.5136446707795853
1329027341394337794,negative,1.2997274902565673e-06
1329027370158796800,neutral,0.45429437342360096
1329027381571489794,negative,4.985003624552425e-11
1329027383245082624,negative,0.1833071627101875
1329027383727452161,negative,1.2997274902565673e-06
1329027403168026628,negative,0.19571748226574015
1329027404329840642,negative,0.0007159903170800601
1329027432125493250,negative,5.980004064709561e-05
1329027465080090624,negative,0.001973386344727961
1329027474701750272,negative,5.980004064709561e-05
1329027489495085057,negative,0.31750460291285854
1329027498391310336,negative,2.646641276001817e-07
1329027509476737025,negative,0.002293317705233195
1329027512924508160,positive,0.9981767102763673
1329027518557532161,negative,1.3834659598382747e-14
1329027519509565447,negative,6.445026110731213e-08
1329027522579709952,negative,1.6064392644353069e-06
1329027541865275392,negative,6.464064659445337e-05
1329027542485934080,negative,0.042469265898160156
1329027559133224961,negative,0.00018667972790629595
1329027562174078976,negative,0.0006512137767447422
1329027576988372993,negative,0.016785587986248345
1329027581920882688,negative,5.980004064709561e-05
1329027582436708353,negative,0.00022764334506221597
1329027583191752705,negative,0.001973386344727961
1329027584160641025,negative,0.00341083053093023
1329027596382842892,negative,1.2997274902565673e-06
1329027598807146497,negative,0.006537220167758716
1329027614938456065,negative,0.16966741730186272
1329027617052381185,negative,0.02101790336519846
1329027636631379968,negative,0.0008357730583523878
1329027641320628225,negative,0.028779209560702332
1329027659872030721,negative,3.6755706165242394e-06
1329027669686566913,negative,0.00040568530199792106
1329027672438091776,negative,0.0004106934938456196
1329027679237103616,negative,0.05016822826964052
1329027706357428225,negative,0.001973386344727961
1329027707154403329,negative,0.007302202454270808
1329027716801306624,negative,0.002999782405526759
1329027719984685059,negative,5.980004064709561e-05
1329027733167464448,negative,0.19632626045040646
1329027739333107718,negative,0.0003608761979841231
1329027740926939136,negative,0.1486067373063284
1329027748506038272,negative,2.103523425580377e-14
1329027767950831616,negative,0.0001868617608729799
1329027781758480385,negative,0.001973386344727961
1329027788343554048,negative,0.00883909859923012
1329027814473957376,negative,0.0012067739938068614
1329027824796061696,negative,0.10557166723250065
1329027826675277824,negative,0.002320539838999881
1329027834443141120,negative,0.015674609786158533
1329027836196302854,negative,0.2366962544360392
1329027850536628224,neutral,0.4153373325707398
1329027865858502656,negative,0.0030428928475877705
1329027875824152576,negative,5.980004064709561e-05
1329027877044678656,negative,4.831845245634719e-09
1329027884950941696,negative,2.6403971306186934e-09
1329027900469862403,negative,1.68151967203662e-05
1329027900729864192,negative,2.6640176669303518e-05
1329027910938800129,negative,0.006562639112094992
1329027917041590280,negative,5.980004064709561e-05
1329027918715121665,negative,1.2997274902565673e-06
1329027926705270784,negative,0.19632626045040646
1329027954110853120,negative,0.31750460291285854
1329027962486845442,negative,3.79925996889158e-05
1329027971525599233,negative,0.00026893268087335075
1329027974868439042,negative,0.0015831834979713048
1329027986796982273,negative,0.00341083053093023
1329027997052133379,negative,0.10557166723250065
1329028000361443328,negative,0.01091732597021208
1329028001791684610,negative,0.19632626045040646
1329028009760845825,negative,7.988082923341703e-08
1329028016673058816,negative,1.2997274902565673e-06
1329028019915264000,negative,0.0024990924568890995
1329028022905745408,neutral,0.37159203617760894
1329028032825274370,negative,0.04478692551187192
1329028034758926336,neutral,0.4153373325707398
1329028040807084032,negative,1.2997274902565673e-06
1329028052941234179,negative,0.0026734922867542466
1329028055591956480,negative,5.7487949723962356e-05
1329028061271117824,neutral,0.3830529865811825
1329028062063816705,negative,0.000689333317726178
1329028062483189768,negative,0.0008137511168138524
1329028067960958976,negative,0.009006356461815265
1329028075259092996,negative,1.7744831791135956e-06
1329028076672454657,negative,5.980004064709561e-05
1329028085698662401,negative,0.001973386344727961
1329028092543836161,negative,0.0008510913987679047
1329028092833247237,negative,0.000168386358598391
1329028093130977280,negative,3.4828636699232876e-11
1329028097912475648,negative,4.0388751961818374e-05
1329028114215788546,negative,4.4613542322926714e-05
1329028116514267139,negative,0.0018114604439703073
1329028161733062662,negative,0.006141092208250507
1329028192611557376,negative,1.2997274902565673e-06
1329028197388836865,negative,0.0529347497235784
1329028209892073477,negative,0.008990482726009762
1329028224127545345,negative,0.0005725067554677388
1329028225570385920,negative,0.0014433648473026256
1329028225662595073,negative,0.009006356461815265
1329028235200487424,negative,0.001973386344727961
1329028237461221376,negative,1.2997274902565673e-06
1329028238031597569,negative,0.11254528025670349
1329028243589095430,negative,0.001973386344727961
1329028245057105920,neutral,0.41697413035310127
1329028256885071872,negative,0.022678213960973567
1329028264275349505,negative,7.064458561424393e-11
1329028272487882758,negative,0.1486067373063284
1329028273670664193,negative,6.899967755456101e-07
1329028277579767808,negative,3.5581150187221617e-09
1329028287729963009,negative,3.0892008996009535e-10
1329028289059491840,negative,0.009006356461815265
1329028291605487618,negative,6.376227960820096e-09
1329028296126947329,negative,0.017404743649040842
1329028333854732289,negative,5.980004064709561e-05
1329028339353464835,negative,0.004151001268929488
1329028347020632064,negative,0.2104290720655571
1329028380122112004,negative,0.006929368742561851
1329028386946224131,negative,0.16441514039596114
1329028390574305284,negative,0.0002061001741399538
1329028392017072128,negative,0.05582891579623752
1329028401647247360,negative,0.012751247917938637
1329028415861764098,neutral,0.355983265817875
1329028432521555968,negative,0.0002148146174865134
1329028442659155970,negative,0.0014433648473026256
1329028452243148800,negative,0.015357549236871436
1329028463634812930,negative,0.0018114604439703073
1329028476268126209,negative,0.022678213960973567
1329028480072372225,negative,0.07624085571738128
1329028482286952450,negative,0.009006356461815265
1329028482949672960,negative,2.963106534891833e-05
1329028487785697281,negative,0.0018027416678223702
1329028489740169216,negative,1.9472870757737222e-05
1329028495498940416,negative,0.029362131932786285
1329028496157499395,negative,3.208006974155977e-07
1329028498653065221,negative,1.1982129004708567e-05
1329028514805391361,negative,2.6403971306186934e-09
1329028528394760192,positive,0.693112723970155
1329028533985943559,negative,0.07259647841345632
1329028552990322689,negative,3.8086962491085545e-05
1329028558069637121,negative,4.760140708159386e-05
1329028563861975040,negative,0.00013300726763868388
1329028567989170176,negative,0.10557166723250065
1329028584753795072,negative,0.0030428928475877705
1329028600922857474,positive,0.9999214792313608
1329028614038417414,negative,0.006141092208250507
1329028635035115521,negative,7.165110704569248e-06
1329028658007318530,negative,0.008851523539139738
1329028666555314176,negative,0.009006356461815265
1329028676709732353,negative,0.000730701666277784
1329028689632301058,negative,6.263953982566233e-05
1329028713569193984,negative,0.17712879829318742
1329028730640101379,negative,0.023560947476491484
1329028734687584256,negative,0.001012480772619704
1329028765813510150,negative,0.2319474045824141
1329028789259657216,negative,0.030437948038267774
1329028809727881218,negative,1.2997274902565673e-06
1329028822432444421,negative,1.7327914005986106e-06
1329028848873328642,negative,0.008160002057963233
1329028849061990400,negative,2.0432337531314063e-05
1329028901713158145,neutral,0.3372813916360126
1329028925247401984,positive,0.9103172396456953
1329028936907563008,negative,1.2997274902565673e-06
1329028951235317765,negative,5.457679388450971e-18
1329028958722134016,negative,0.009006356461815265
1329028966343204864,negative,5.980004064709561e-05
1329028984240287746,negative,0.006193637268890012
1329028993656500224,negative,0.009006356461815265
1329028996806356995,positive,0.9936030698452839
1329029005828362240,negative,0.023560947476491484
1329029010215596032,negative,0.0014433648473026256
1329029032793485312,negative,0.013763384056979144
1329029034165067776,negative,1.7542478456306335e-05
1329029048618668033,negative,8.131590522437667e-06
1329029052338941954,negative,0.03521580175620897
1329029058160713730,negative,0.0006245948981981891
1329029060966625280,negative,0.009006356461815265
1329029075780980736,negative,0.00014713122506308235
1329029087378223104,negative,9.961472318816469e-05
1329029094080647169,negative,3.295732298245929e-07
1329029098019151875,negative,0.001973386344727961
1329029118017540098,negative,0.030437948038267774
1329029120982970373,negative,2.3558086254598286e-06
1329029122060935169,negative,0.009006356461815265
1329029124330024962,negative,2.607751516630547e-06
1329029134366945282,negative,0.022678213960973567
1329029143317671937,negative,0.015779260314934637
1329029156017942529,negative,0.009006356461815265
1329029161206353922,negative,0.004365951203856344
1329029175844495361,negative,3.668150807277364e-05
1329029191086456832,negative,0.16162955086206265
1329029193993252869,negative,0.13179213496677178
1329029214973128704,negative,0.022678213960973567
1329029222732615681,negative,0.23764162106049994
1329029235072262144,negative,0.001973386344727961
1329029236150202368,negative,0.06055757958984009
1329029246220722178,negative,5.980004064709561e-05
1329029291389149184,negative,0.019044904236850305
1329029301354835970,negative,0.017810912371499
1329029304265678848,neutral,0.6409804489854898
1329029305347747845,negative,0.001973386344727961
1329029313736404993,negative,0.019532550735209698
1329029318194946049,negative,1.2997274902565673e-06
1329029321105805313,negative,1.2997274902565673e-06
1329029322007597057,negative,3.346684615869053e-10
1329029333294456832,negative,0.006537220167758716
1329030078852964352,negative,0.018779054106688294
1329030082216808451,neutral,0.3501417189805565
1329030098570387457,neutral,0.48728019602140255
1329030107663654915,positive,0.7068032971776714
1329030107747508224,negative,0.16441514039596114
1329030108129144832,negative,0.022678213960973567
1329030114143821825,negative,0.00020384276507142036
1329030137116057600,negative,0.07547892633512018
1329030141226479616,negative,0.00022469208075490797
1329030152072949761,negative,7.084666036527233e-07
1329030157655543808,negative,1.9080112089394626e-06
1329030161703055360,negative,3.4640549751591433e-06
1329030189293166595,negative,1.9568493246650914e-05
1329030201775370248,negative,0.04247507058684734
1329030204212310016,negative,0.0001280823615292481
1329030222474317832,negative,0.030437948038267774
1329030232947494912,negative,1.2997274902565673e-06
1329030243760410624,positive,0.7087332887266374
1329030245136134144,negative,0.00015065265531468965
1329030249649233923,negative,0.03823905190032195
1329030252069335041,negative,0.11643340964059311
1329030253310775296,positive,0.9965564866226658
1329030254694952963,negative,0.000730701666277784
1329030282498945024,negative,0.007111738174178777
1329030283203588097,negative,0.31750460291285854
1329030300605812738,negative,7.084666036527233e-07
1329030302119964672,negative,0.04807388296535701
1329030315348733952,negative,1.2997274902565673e-06
1329030317332701185,positive,0.7087332887266374
1329030331673030657,negative,0.10647421905465426
1329030331836420096,negative,0.009006356461815265
1329030334315433987,negative,3.1622616781537064e-13
1329030336190222337,neutral,0.49789225920557484
1329030341076639746,negative,0.004346898505139067
1329030346780909569,negative,0.00025291478242127574
1329030350694215681,negative,2.7172333072636264e-05
1329030350899531777,negative,0.31750460291285854
1329030371908980738,negative,0.004914264100072332
1329030384097632256,negative,0.00015890947616484753
1329030400413487105,negative,0.009006356461815265
1329030431887515648,negative,0.008969682472697877
1329030447821623297,negative,0.00044470477160307335
1329030460391899137,negative,0.0018480853898452782
1329030461142790147,negative,0.009006356461815265
1329030461671297025,negative,0.004285285512001673
1329030477047607298,negative,0.001973386344727961
1329030537202323462,negative,0.0019915599439161063
1329030559549558784,negative,1.1285558532416968e-11
1329030573411733504,negative,0.030437948038267774
1329030585529081857,negative,7.084666036527233e-07
1329030595096109062,negative,4.802405911523037e-05
1329030611550560256,negative,0.030437948038267774
1329030633629298689,negative,0.1486067373063284
1329030642311589889,negative,0.0017044924975365184
1329030669960351747,negative,1.2997274902565673e-06
1329030684137107456,negative,0.022678213960973567
1329030694656495617,negative,0.16468495491809748
1329030714831089664,negative,1.2997274902565673e-06
1329030725094547457,negative,0.05370003846965951
1329030728407977985,negative,0.16848320968490266
1329030741322240000,negative,0.00018448618998453018
1329030748318396417,negative,7.612768725212881e-19
1329030765619912704,negative,0.029465340198355467
1329030786616528898,negative,0.000599967449881299
1329030795571458050,negative,0.001172152891672855
1329030797601468416,negative,1.2997274902565673e-06
1329030808896753666,negative,1.2997274902565673e-06
1329030823941705729,negative,0.019044904236850305
1329030852022575106,negative,2.0920188076769666e-05
1329030862546022402,negative,0.00038820419675296707
1329030875049287680,negative,0.021213931976189867
1329030906280103936,negative,1.6975841864086196e-06
1329030913859096577,negative,3.303444321421615e-08
1329030915117477888,negative,0.022678213960973567
1329030915297845249,negative,8.448877214046612e-06
1329030920062570496,neutral,0.3963885881190163
1329030934788788226,negative,0.009006356461815265
1329030937330528258,neutral,0.38034372314874076
1329030938832023553,negative,8.178880629703299e-05
1329030954946539521,negative,0.2319474045824141
1329030969937063936,negative,0.015357549236871436
1329030971396648961,negative,0.017046305304850955
1329030973628035072,negative,0.02375958414959628
1329030996914745345,negative,0.001973386344727961
1329031010437246976,negative,0.0014433648473026256
1329031027533230080,negative,0.02259237231997404
1329031048198545409,negative,0.009006356461815265
1329031076178751488,negative,0.19632626045040646
1329031086945538048,negative,0.007291131528946529
1329031090577797121,negative,5.177074492227228e-07
1329031090628079616,negative,0.009006356461815265
1329031099952099330,negative,0.01609295723241585
1329031108298682369,negative,2.1531784822479688e-07
1329031111905857536,negative,0.11027434076438439
1329031118721601536,negative,4.9236655932784555e-11
1329031133347131393,negative,0.002320539838999881
1329031135603601409,neutral,0.3638300876944254
1329031148606021632,negative,0.07889312905414192
1329031155941781505,negative,9.201123205411925e-10
1329031172723257344,negative,0.00031891176755713207
1329031177483718657,negative,0.00540028552100652
1329031184064663552,negative,0.022678213960973567
1329031194688823298,positive,0.9294815101422328
1329031197154897927,negative,3.79925996889158e-05
1329031201458429954,negative,0.001012480772619704
1329031208894943233,negative,0.0014433648473026256
1329031222190886913,negative,5.895335573563222e-05
1329031233242877952,negative,0.0009537530587506933
1329031243552485377,negative,0.0011248444870837566
1329031252461170688,negative,0.009006356461815265
1329031268995108866,negative,1.9256992579756314e-06
1329031313148555264,negative,0.0029220934664019407
1329031323911122944,negative,6.782361454538787e-11
1329031330089328647,negative,3.298482951946671e-08
1329031332849127424,negative,0.18760874263764346
1329031333323165699,negative,0.006414971091895538
1329031346770075648,negative,3.298482951946671e-08
1329031354605035520,negative,4.916377984586543e-06
1329031357826277377,negative,0.16221686700955762
1329031359936024576,negative,0.0004714665387073644
1329031360795828225,negative,0.027761611152096945
1329031361374654465,negative,0.0034589305461101122
1329031365883465731,negative,0.01776597952189748
1329031373613621249,neutral,0.43752664016035403
1329031376453193730,negative,0.022678213960973567
1329031377514356739,negative,0.00038795445527409217
1329031385940697088,negative,0.0014433648473026256
1329031389530886145,negative,1.6064392644353069e-06
1329031399400235008,negative,0.023560947476491484
1329031399945482241,negative,1.2997274902565673e-06
1329031407176458240,negative,1.2997274902565673e-06
1329031407944032256,negative,0.009006356461815265
1329031420380114944,neutral,0.460501452828938
1329031424624762881,negative,1.0433504386731796e-05
1329031427690803233,negative,5.4506831444713746e-11
1329031448108601345,negative,0.2073119861467725
1329031451430580229,negative,0.030437948038267774
1329031467503149056,negative,2.0920188076769666e-05
1329031475518443522,negative,0.001973386344727961
1329031484741726209,negative,7.732941497272508e-06
1329031498238988288,negative,2.6741195570068027e-08
1329031505084092418,negative,0.047765712933126404
1329031506531061760,negative,7.921307553653347e-07
1329031510142447616,negative,5.371552862554034e-06
1329031525229342720,negative,1.4185829267233112e-08
1329031537292177408,negative,6.560763694094245e-08
1329031554249666561,negative,0.00031891176755713207
1329031558720856064,negative,0.0014433648473026256
1329031582204751872,negative,0.0014433648473026256
1329031588668198919,negative,5.200105637692079e-05
