Tweet_ID,Sentiment_Label,Probability_pos
1324969838683455491,negative,0.18795859623648656
1324969844165529601,positive,0.6769300317027963
1324969844714967041,negative,0.00023285756132405744
1324969847009259520,negative,0.16245833527198753
1324969847659302912,neutral,0.40061337169365246
1324969848032555010,negative,0.16245833527198753
1324969849098031104,positive,0.8313012767418246
1324969863333388288,neutral,0.49789225920557484
1324969871197802496,negative,0.04382895878775565
1324969874934915073,negative,0.16245833527198753
1324969892966100996,negative,0.16245833527198753
1324969898423054336,neutral,0.5627005236813616
1324969898506858496,negative,0.12275446456208448
1324969899429679105,negative,1.0168741274301147e-05
1324969905821773824,negative,2.44345014168857e-06
1324969906207674370,negative,0.16245833527198753
1324969911857283072,negative,8.63239965026332e-05
1324969912520110083,negative,0.16245833527198753
1324969914583625728,negative,0.16245833527198753
1324969933772623872,negative,0.16245833527198753
1324969943411154944,neutral,0.5315025225330297
1324969948389715968,negative,0.00010753273176864866
1324969949685755905,negative,0.002468104120245694
1324969962390368256,negative,0.2423340056843696
1324969962667208705,negative,0.00701017458971945
1324969977166835714,negative,0.16245833527198753
1324969994501971968,positive,0.6832531398109226
1324970002030669825,negative,0.16245833527198753
1324970003431649280,neutral,0.49789225920557484
1324970005113540608,negative,4.433185580464451e-07
1324970005348364289,negative,2.44345014168857e-06
1324970011857879040,negative,0.16245833527198753
1324970022914154499,negative,0.16245833527198753
1324970037845831682,negative,2.44345014168857e-06
1324970039792066560,negative,0.20705659454341463
1324970058330861569,negative,0.001191913264772541
1324970069588258821,negative,0.16245833527198753
1324970070003625989,negative,0.3029968537174699
1324970081638625280,negative,0.16245833527198753
1324970091683975168,negative,0.178909436575406
1324970099497971714,neutral,0.4345053739535195
1324970099565080578,neutral,0.49789225920557484
1324970099976130561,negative,0.002567139543339201
1324970101842579456,neutral,0.49789225920557484
1324970106900901888,negative,0.012850762514855537
1324970111611056129,neutral,0.4853408817894788
1324970117009199108,negative,2.620900438241226e-05
1324970141499748353,negative,0.04041043297991869
1324970151964520448,negative,0.01417568847650809
1324970158075555840,negative,0.26878956287387734
1324970158524338177,negative,1.3457980536181076e-05
1324970167735037952,negative,8.43820707536876e-06
1324970181735673856,neutral,0.38506740305207765
1324970184315179008,negative,0.00028212536604618445
1324970188945625089,negative,5.694570116649989e-05
1324970189524525057,negative,0.005264948898538681
1324970204116496384,negative,0.2834027064971381
1324970218603630592,neutral,0.6251540968464321
1324970220814032902,negative,0.00014162163042107903
1324970226694332419,negative,0.16245833527198753
1324970228078489600,negative,0.001278503335434978
1324970234697093120,negative,0.12170344300490901
1324970234994958336,negative,0.00013533582140898504
1324970246906781697,negative,1.7329170857824118e-05
1324970253210832896,negative,0.08512066439860758
1324970282881220609,negative,0.20682699403276408
1324970285691498498,negative,0.24186749017564235
1324970300614717442,neutral,0.4103274610055738
1324970306893729793,negative,0.04688767956822188
1324970322592985089,negative,0.01202422463824476
1324970326162288640,neutral,0.4242379666456469
1324970329555525632,negative,0.016870657602356537
1324970331388452864,negative,0.07296912563985898
1324970339294617600,negative,0.0029566916903151857
1324970341333078017,positive,0.9227213525245455
1324970365525831680,negative,0.17144805335387886
1324970375659261953,negative,0.06607371442983583
1324970397226442753,negative,0.0014388476663299077
1324970399059357701,negative,0.19512902450161523
1324970405241745408,negative,0.1445031696618139
1324970408626544642,neutral,0.36169089964569484
1324970415442300931,neutral,0.3345745654169684
1324970426288775169,negative,0.00013533582140898504
1324970441606303744,negative,0.0106499817752913
1324970446081568768,negative,0.20581796682782405
1324970446572429312,negative,0.0106499817752913
1324970448476639234,negative,0.001030811207522489
1324970450053713920,neutral,0.6166359258679724
1324970461327986689,neutral,0.5315025225330297
1324970466256195585,negative,0.0015475087256461367
1324970468227518464,neutral,0.4737554465528978
1324970475987066880,negative,0.001435254146120003
1324970477358514176,neutral,0.49789225920557484
1324970509839294464,negative,0.001191913264772541
1324970519083495425,negative,0.3201272147084326
1324970521293959169,negative,0.16245833527198753
1324970523609198595,negative,0.16245833527198753
1324970531934908416,negative,0.16245833527198753
1324970539576942594,positive,0.8061061964474351
1324970555494293506,negative,0.033504320204782743
1324970560233893888,negative,0.00045869773640784376
1324970573328310273,negative,0.000471273621681146
1324970582048436224,negative,0.11175279905971071
1324970584661495808,negative,7.086726988803354e-06
1324970586255335424,negative,4.7216822019302195e-07
1324970597722583040,negative,3.15688768898747e-05
1324970622749986816,negative,0.026174679523142997
1324970626373709824,neutral,0.49789225920557484
1324970638055010304,negative,7.566111086918248e-05
1324970639451705346,neutral,0.49789225920557484
1324970648029044738,negative,0.029779835383105305
1324970652361777152,negative,0.07299413072383985
1324970660582580225,neutral,0.3933410133937601
1324970660809019398,negative,0.0390131633666819
1324970664202178560,negative,1.4552957624342858e-13
1324970664479105024,negative,0.04382895878775565
1324970672238419970,negative,0.02341385128163206
1324970676009267200,negative,0.23259006249873992
1324970677988806661,neutral,0.49789225920557484
1324970685182185473,negative,0.0014078017365384326
1324970690399723521,negative,0.16245833527198753
1324970694954934273,negative,0.0141111544609446
1324970696208998400,positive,0.8110160384766079
1324970697840615425,negative,0.0001482655304793567
1324970708410261506,neutral,0.3746008108018062
1324970709332996098,negative,0.028989639054791343
1324970715737710592,negative,2.8814937540521685e-10
1324970719160258560,negative,0.003560514515355501
1324970724931612672,negative,0.001278503335434978
1324970725577551872,negative,0.004433692520962977
1324970728601636865,negative,0.004433692520962977
1324970733869674496,negative,0.2334716435499026
1324970735991975936,positive,0.9980202908006967
1324970739762667520,negative,0.06223727524177474
1324970740668641281,negative,0.3029968537174699
1324970742174408704,negative,0.19282437577357664
1324970743634030594,negative,0.0008226715185056184
1324970745890549760,negative,0.19282437577357664
1324970746158993408,neutral,0.4737554465528978
1324970752098054150,negative,0.16318814175629656
1324970757752049665,negative,0.16245833527198753
1324970760633528322,negative,1.5890932242189987e-05
1324970768355176450,negative,0.02613077626048752
1324970772302065666,negative,0.03216236247013381
1324970779814072320,negative,3.378275767646806e-05
1324970781554708480,negative,0.10435092759092009
1324970783509245953,neutral,0.5533970533999424
1324970783639293953,neutral,0.3623201788581043
1324970786545950720,negative,0.02521961773419194
1324970788638875650,negative,0.018875095112763866
1324970790169743361,negative,0.002454192200688825
1324970799774756864,negative,7.086726988803354e-06
1324970802702323713,neutral,0.49789225920557484
1324970803163783170,negative,0.12459472777735704
1324970806510759936,negative,0.0002833551051641104
1324970808243007488,neutral,0.437369725752128
1324970809149034496,negative,0.05183919102245496
1324970816279351296,negative,0.014835656571935285
1324970825431326720,negative,0.00035285623825376554
1324970826131775488,negative,0.016246349586249913
1324970826857410560,negative,0.07166616177057729
1324970835023704069,negative,0.0011994686232437597
1324970836919377920,negative,6.471258466711874e-16
1324970840862154754,negative,0.15062742143660335
1324970841088675840,negative,0.006491308926163463
1324970842447630336,negative,0.16238354240856034
1324970843861102592,negative,1.9353559013625906e-05
1324970844985069569,negative,0.1910003090375913
1324970846113427456,negative,0.20171522806986306
1324970849565290497,negative,0.04116740167356112
1324970850441891840,negative,0.11539909781174437
1324970850446159872,negative,0.23136974629727583
1324970859401015296,negative,2.0878182986696666e-06
1324970860197912576,negative,4.433185580464451e-07
1324970863226138624,negative,0.0011674183285458376
1324970865558216705,negative,0.0033616894902893154
1324970865856049153,negative,0.00027270038686742857
1324970867542126593,negative,0.16245833527198753
1324970873607032832,negative,0.0001415933127671248
1324970875033165825,negative,0.0025427541952366003
1324970876534616064,negative,0.0023834104296338596
1324970878271107072,negative,1.2632406220131504e-07
1324970880468983809,negative,0.026934993930610433
1324970883069452288,negative,0.0141111544609446
1324970890166214656,negative,0.0054590611419653495
1324970897590149122,negative,3.0550335134357356e-05
1324970897808257024,neutral,0.4985928500860049
1324970904884039680,negative,0.0413524619921041
1324970905915830272,negative,0.0015829476402328263
1324970905945169920,negative,0.17530011606073342
1324970908138819586,negative,0.009963600016201089
1324970909501968384,neutral,0.3853006899517592
1324970909518753793,neutral,0.49789225920557484
1324970910672097281,negative,0.004486313822886577
1324970911381016576,negative,0.004486313822886577
1324970913578749954,negative,0.0008021440114264841
1324970915340365824,negative,0.007778517592279555
1324970918293229570,neutral,0.33623247512752613
1324970920843350016,negative,0.009052746398346249
1324970923502559235,negative,6.384625810518501e-05
1324970930918002688,positive,0.7176414918884588
1324970931824029696,negative,0.0740226328160588
1324970941223481344,neutral,0.3600099115409693
1324970943903621120,negative,0.06656520068148658
1324970947384897538,negative,0.27286969660195676
1324970950039891968,negative,0.0003409652280186067
1324970970780737536,negative,1.6695660579004664e-07
1324970971502170113,negative,2.688636364611722e-05
1324970971737034754,negative,0.26755861911357576
1324970977336418304,negative,0.0002659586140649438
1324970979517362183,negative,0.07945082141865027
1324970981321019392,negative,0.023206184021479663
1324970984705847297,negative,6.4528973439634215e-09
1324970985829838848,negative,0.006631829152992199
1324970989172776960,negative,0.0025723211490921278
1324970990535847936,negative,0.07195573948322773
1324970992033263616,negative,9.152077133352341e-05
1324970992679088129,positive,0.9571955851844048
1324970996198232064,negative,0.014074984069007779
1324970999511703552,negative,1.5728405758254102e-07
1324971003253059584,negative,0.07647739532002641
1324971007648653316,negative,0.008123708827535648
1324971010655924224,negative,0.005490224325359806
1324971012757233664,negative,0.01623622582303642
1324971014460223489,negative,0.043849350028176796
1324971016485916674,neutral,0.49789225920557484
1324971018608369665,neutral,0.5710107892870856
1324971019233275904,negative,1.3586640023090857e-08
1324971024560041986,negative,0.01158077121252876
1324971031380058115,negative,1.0344955014229547e-05
1324971032067919873,negative,2.5886866619188892e-05
1324971044101361667,negative,0.015330137809261336
1324971050241822720,negative,0.07312849028076354
1324971052720672769,negative,0.030226183576957864
1324971071154614278,negative,0.05183919102245496
1324971077186039829,negative,0.20066371991126863
1324971085364867072,negative,0.2334716435499026
1324971087785025537,neutral,0.4836615648449466
1324971090326691840,negative,0.0011994686232437597
1324971094047076352,negative,0.19202574042747125
1324971095410298880,negative,0.021159446635367764
1324971096978972672,negative,0.026534993869748533
1324971097893314560,negative,0.040571864310122385
1324971099466174466,negative,0.0012672779869700424
1324971101928255489,negative,0.10435092759092009
1324971102502838272,neutral,0.3403391890910929
1324971103081672704,negative,0.059198032406309414
1324971103433838593,negative,0.07945082141865027
1324971104088199168,negative,0.02763476009611787
1324971104109289472,negative,0.10652343909297353
1324971104633548800,neutral,0.6251540968464321
1324971109679239168,negative,0.17391669750945796
1324971116960509952,negative,0.16245833527198753
1324971117061271552,negative,0.16635609013208075
1324971121540739075,negative,0.020094098997107
1324971122593501184,negative,0.01169408336567762
1324971123403071488,negative,0.014365381624748125
1324971123637964801,neutral,0.5418961210802322
1324971124602626048,negative,0.32815513718777145
1324971125483462657,negative,0.014365381624748125
1324971131137306624,negative,0.1676299196527527
1324971131527421953,negative,0.0011363689025323134
1324971134115311616,negative,0.026339645936358076
1324971142944329729,negative,0.05555365233609522
1324971147495153666,negative,0.0016148966935536037
1324971147922903040,negative,0.12313922540510805
1324971148036042752,negative,0.0602219417442213
1324971148673740800,negative,0.06581546941832675
1324971151777558531,negative,0.0019108384781934649
1324971160258437121,negative,0.02613077626048752
1324971161558642689,negative,4.72660292948473e-06
1324971162435158017,negative,0.00042380446945097984
1324971163156680704,negative,3.659423900493651e-05
1324971165631344640,negative,0.0004080380973468384
1324971169171136518,negative,0.004618465092959615
1324971170945511426,negative,0.01158077121252876
1324971174196105216,negative,1.1372404082396071e-09
1324971176758812672,negative,0.014365381624748125
1324971180261056512,neutral,0.349120810978027
1324971181116690433,neutral,0.36743460506797193
1324971181783486464,negative,0.17095503503690815
1324971185784950786,negative,0.02501844922873377
1324971186762240001,negative,0.00013533582140898504
1324971188016263168,negative,0.29038828466255673
1324971192466468865,negative,0.002071332700402207
1324971194995585024,negative,0.0002833551051641104
1324971197168279552,negative,0.002957689023025788
1324971198824984576,negative,0.00013533582140898504
1324971201245143042,positive,0.960389288990635
1324971205045129216,positive,0.9445747295574219
1324971207565987843,negative,0.011500564226063083
1324971208836833281,negative,0.09722238743005328
1324971213144399872,negative,8.559129941055581e-07
1324971218517204992,neutral,0.49789225920557484
1324971219955945472,neutral,0.3933410133937601
1324971220471832576,negative,0.0240287461594408
1324971222069891072,negative,0.05183919102245496
1324971223848259584,negative,1.0282038749105291e-06
1324971226872344577,negative,1.4341540030217696e-05
1324971227308560389,negative,0.00187794601305221
1324971228436770816,positive,0.9569734812835827
1324971228793335808,negative,0.01158077121252876
1324971232580820992,negative,0.041840190928018973
1324971233939763200,negative,0.15965090860250758
1324971244849143808,negative,0.002071332700402207
1324971246916923392,positive,0.7176414918884588
1324971247114067968,negative,0.02202485776481673
1324971247881637889,negative,1.5890932242189987e-05
1324971249102106624,negative,0.00015907488764597237
1324971249127321601,negative,1.5011731715258837e-06
1324971250301669376,negative,0.00375382633782623
1324971255771099136,negative,0.03982330074927375
1324971256211337216,negative,3.503770597447242e-10
1324971257176190976,negative,0.01158077121252876
1324971263861919745,negative,0.06453509283918524
1324971265535471616,negative,0.15784872887475487
1324971268433735681,negative,0.013351817801517542
1324971271030005760,neutral,0.41956321267742214
1324971276088172544,positive,0.9976521473271183
1324971276688035841,negative,0.05455143648680621
1324971281033424898,neutral,0.6070858531182126
1324971282203611138,negative,0.00011152176026955421
1324971282438434816,neutral,0.40468189249781455
1324971283424174080,negative,0.17352283684402706
1324971284183322624,negative,1.0282038749105291e-06
1324971284531384322,negative,1.4693086417286096e-05
1324971285072449536,negative,0.0037011123960044964
1324971287530393601,negative,0.029483168629605636
1324971289656893441,neutral,0.35785643069366135
1324971289837236227,negative,0.3035700191101584
1324971292672585728,negative,0.014990076214274586
1324971292701954053,negative,4.933852817229262e-09
1324971298234232833,neutral,0.5819708255966062
1324971300666961920,negative,0.0004418487285359125
1324971306220220416,neutral,0.6251540968464321
1324971308111826944,negative,0.04382895878775565
1324971310720704513,neutral,0.6251540968464321
1324971313426030593,neutral,0.3403391890910929
1324971313727934465,neutral,0.6171146152606171
1324971319885242370,negative,0.0976899398996289
1324971324125704192,negative,3.3315689461175256e-06
1324971327304867841,negative,0.1128580392658882
1324971327384670208,negative,2.133185123143263e-06
1324971343415291910,negative,0.04171072940288005
1324971343658577920,negative,1.0168741274301147e-05
1324971343834722304,negative,1.1346155783828023e-15
1324971351937933312,negative,0.006536819303377536
1324971357239701504,negative,1.5890932242189987e-05
1324971359244591104,negative,0.03650730107707264
1324971359303299073,negative,0.001191913264772541
1324971360016355328,negative,0.007633415530433153
1324971362742636546,negative,0.2547057148877445
1324971363543773184,negative,0.019970021648543886
1324971364218966017,negative,0.00024639375720995996
1324971367394136066,negative,3.283401196572262e-09
1324971369713504257,negative,3.197129181584466e-06
1324971378496442368,neutral,0.4887595667682146
1324971378693578753,negative,0.21262315063761303
1324971380266463232,negative,0.012734813857832221
1324971385823895553,negative,2.8372636059371604e-07
1324971389514887168,negative,4.433185580464451e-07
1324971391347798016,positive,0.8129351964231804
1324971391515578368,negative,0.001078068141721182
1324971391591084032,negative,0.0008326176939266494
1324971393684008960,negative,0.10435092759092009
1324971396770967552,negative,0.0011268842639250024
1324971397442056199,negative,0.0054590611419653495
1324971402026430464,negative,0.0048525715043831906
1324971402764689409,neutral,0.49789225920557484
1324971409081331712,negative,0.0048525715043831906
1324971411589517312,negative,0.0008118254006217141
1324971417729986560,negative,0.08912546146819972
1324971425036447744,negative,0.0026718646847690027
1324971432883924992,negative,0.02343532606652434
1324971434024824832,neutral,0.3658277244189706
1324971437845786625,negative,1.0282038749105291e-06
1324971438177193984,positive,0.8286623943679515
1324971438848274432,negative,0.0048525715043831906
1324971440844705792,negative,0.00391338207357773
1324971447522103296,negative,0.04691084375461895
1324971458590814208,negative,0.0001635928398594736
1324971459974995968,negative,0.00027270038686742857
1324971462164439040,negative,0.0048525715043831906
1324971466018807808,negative,0.05839979393837156
1324971467822469121,negative,0.034563301594506164
1324971468275523584,positive,0.9928108899797357
1324971469064073216,negative,0.003383426045186709
1324971469315710976,negative,0.10761796260000524
1324971473723928576,neutral,0.4507454498615163
1324971474076229632,neutral,0.6070858531182126
1324971474608775169,negative,0.26755861911357576
1324971475007397888,negative,0.00391338207357773
1324971476467019776,neutral,0.4737554465528978
1324971477125521409,negative,6.516128413328154e-05
1324971477674889216,negative,0.027945395580756628
1324971478023086080,negative,2.5079050983430774e-09
1324971480921337856,negative,0.01158077121252876
1324971482620043265,negative,0.1551408139719091
1324971487942598656,negative,0.00021149888964256034
1324971489423224832,negative,0.22206489681787842
1324971493709795328,negative,0.0806170338405077
1324971495530106880,positive,0.9899785356225995
1324971495802728448,negative,5.464714554871865e-09
1324971496050221056,negative,0.12554799423640256
1324971497811800064,negative,0.0016075150625760506
1324971499632156673,negative,0.012729889226875539
1324971504434548738,negative,0.006343320492367471
1324971504665300993,negative,0.030299564654751313
1324971507752333313,negative,0.02613077626048752
1324971508163371008,negative,0.00151214332612405
1324971508637306880,negative,0.0001487532791227651
1324971512051458049,negative,1.6705153245541687e-07
1324971514169602049,negative,0.12776650086356847
1324971518087073793,negative,0.041872169250043306
1324971519051591680,negative,6.384625810518501e-05
1324971519072755712,negative,5.7008559643201986e-05
1324971519915778048,positive,0.988423795796165
1324971523648663552,negative,0.0014078017365384326
1324971523946524672,negative,0.01140414516773244
1324971526475542532,negative,2.5613766281011184e-06
1324971539788410881,negative,0.0003784353920483759
1324971550785875973,negative,0.18162637183012076
1324971558830530561,neutral,0.3403391890910929
1324971567521144833,negative,0.0030650978564471616
1324971574374653954,negative,0.03480332381245553
1324971575494365184,negative,0.00025031175517816303
1324971592414339072,negative,0.0030446070387702153
1324971598865178624,negative,0.08055235708795863
1324971603827040258,negative,0.001191913264772541
1324971604774936576,negative,0.055033619656141376
1324971607954128897,negative,0.0007017938844660975
1324971608897970176,negative,0.0048727681457916274
1324971612056285184,negative,0.191816692124482
1324971614065229824,negative,0.0012117598471353837
1324971615667556352,negative,7.559751512027697e-05
1324971616888086530,negative,1.5016212095293024e-05
1324971620587495433,negative,1.7226905590628461e-09
1324971625012473856,positive,0.9976521473271183
1324971635468873729,negative,0.2765132995702655
1324971637587005441,negative,0.026174679523142997
1324971641152081920,negative,0.008899816715653607
1324971646504099840,negative,3.1499573988768195e-06
1324971654053830656,negative,0.01623622582303642
1324971656213893120,negative,0.03252602143253367
1324971669010735105,negative,0.006820573895085071
1324971670377963521,negative,0.0010686578660032988
1324971670948507648,negative,0.16245833527198753
1324971694595993600,negative,0.23259006249873992
1324971695761928192,negative,6.667320138209328e-07
1324971698471411713,negative,0.20151107838416538
1324971703219449856,negative,0.1910003090375913
1324971703961837569,negative,1.2967695658678103e-08
1324971707308924928,negative,0.012733965306920133
1324971715248726016,negative,7.656372473635703e-06
1324971717664575489,negative,4.56099922770975e-05
1324971727009484801,neutral,0.49789225920557484
1324971728154611713,negative,0.0016148966935536037
1324971741228232705,negative,8.0666975747469e-07
1324971749222518784,negative,0.006072901267097276
1324971751122595840,negative,4.952491364203226e-06
1324971756088647681,negative,1.2889979885511163e-07
1324971756185133056,negative,0.0002833551051641104
1324971758810750976,negative,0.018952700451236582
1324971762275262464,negative,0.019970021648543886
1324971768738689024,neutral,0.4737554465528978
1324971770030534656,negative,0.08055235708795863
1324971773566259200,negative,0.055033619656141376
1324971787835281410,negative,0.004535234483451421
1324971790842654722,negative,0.27435736191371535
1324971791408918529,negative,0.05194129602278022
1324971797767475200,negative,0.2644656485096884
1324971813923905536,negative,1.0282038749105291e-06
1324971814523645952,positive,0.8400077855318488
1324971819586162689,negative,0.0007945305570691116
1324971820357885952,negative,0.0019853235471182116
1324971824694915080,neutral,0.5623026144860293
1324971826745892865,negative,0.002047338435503861
1324971833427439617,negative,0.16245833527198753
1324971836816416775,negative,0.2010462196911511
1324971839395930112,negative,0.08502207293008193
1324971842738728960,negative,0.02082051589763565
1324971861596397568,negative,0.0029428946200747933
1324971862787567616,neutral,0.46127768308170247
1324971863546728450,negative,0.16245833527198753
1324971864058425344,negative,0.00034086145662847963
1324971864318500869,neutral,0.44708197292521995
1324971866151297024,neutral,0.3309313485857813
1324971874481303552,negative,0.0048525715043831906
1324971876775456768,neutral,0.6301234559680013
1324971879212396545,negative,0.22273159030155118
1324971882605637633,negative,2.641326557678228e-05
1324971883939426305,negative,0.05699578722194236
1324971905733046272,negative,0.026174679523142997
1324971906622164992,neutral,0.4507454498615163
1324971912905289729,negative,0.015175791857536007
1324971921834991616,negative,0.007222412390708354
1324971923244244992,negative,0.16245833527198753
1324971926658408448,negative,0.002567139543339201
1324971926708752385,negative,8.474522427346913e-07
1324971928440991744,negative,0.0016148966935536037
1324971929338568704,negative,0.10068452411715888
1324971950414974976,negative,0.02616674744470178
1324971952809922560,negative,0.0025427541952366003
1324971961852768256,negative,3.0336946451680587e-05
1324971962892890112,negative,0.0002031258756987187
1324971964222611461,negative,0.0004037734924880369
1324971975601778688,negative,0.06193517453468137
1324971979934490625,negative,5.5582586545430013e-11
1324971980152573958,negative,0.05738731705847255
1324971981960323072,neutral,0.5741514485749222
1324971989866598405,negative,0.0005055068426741762
1324971996388749313,negative,0.06453509283918524
1324972006874488833,neutral,0.5170788684462355
1324972008963190784,negative,0.01158077121252876
1324972010674544641,negative,0.0141111544609446
1324972011609878528,negative,0.2812124665127172
1324972012977057793,negative,0.0016148966935536037
1324972013014970368,negative,0.2096361732794702
1324972013300178945,negative,0.006830212213438333
1324972014944325634,neutral,0.34075176843878735
1324972016840151042,neutral,0.3649558138031242
1324972019650269188,negative,0.23628116319089099
1324972021676126208,negative,0.0011643619084438167
1324972021986570240,negative,0.0002967318919222156
1324972025014865921,negative,0.0002833551051641104
1324972028592492546,negative,2.69622716445471e-07
1324972028668076033,negative,0.001278503335434978
1324972029012013057,negative,0.17352283684402706
1324972036041695233,negative,7.559751512027697e-05
1324972036524007425,negative,0.09057399356492644
1324972036578553857,negative,0.3224651147190947
1324972039170625536,negative,0.01158077121252876
1324972045717954560,negative,0.0004888717466067315
1324972045889921024,negative,0.06423385710380729
1324972049366982656,negative,0.0009672751254755907
1324972055750725634,negative,6.078216413121451e-06
1324972057105457152,negative,0.021707160844078068
1324972059722723333,negative,0.0048525715043831906
1324972060427345921,negative,0.0004602646042174787
1324972065548537856,negative,0.002844239884989873
1324972067356348417,negative,0.21635760152418626
1324972078404165632,negative,0.1382821869129663
1324972078760652800,neutral,0.4737554465528978
1324972080513880064,neutral,0.3937533099809193
1324972093474213888,negative,0.04381639865164034
1324972094002782213,negative,0.0106499817752913
1324972100898131974,positive,0.9445747295574219
1324972102924038144,positive,0.9445747295574219
1324972107885842432,negative,0.0106499817752913
1324972109773365250,negative,0.00010157035985117785
1324972114701639680,negative,6.372136445555454e-05
1324972116958212097,negative,2.9217939316388954e-05
1324972118778503173,neutral,0.4737554465528978
1324972127662043137,negative,0.012576925290752683
1324972143440965632,negative,0.0012140113961384873
1324972162290212864,neutral,0.6251540968464321
1324972172620787712,negative,0.09984292607386556
1324972177268076545,neutral,0.4737554465528978
1324972177976938501,negative,1.6511050872034e-14
1324972188626276353,negative,0.19512902450161523
1324972188827586560,negative,0.23741361984374637
1324972191012823040,negative,0.0009887601856982278
1324972192807985153,negative,0.016306494242937068
1324972197321039872,negative,0.020894074936911797
1324972204166156288,negative,0.0021734104342636487
1324972204438786049,neutral,0.6462607005943426
1324972205739040768,negative,0.0002702781603220074
1324972219890589696,negative,0.29258057546059474
1324972223640334336,negative,0.15729700289485984
1324972233626804224,negative,0.13158510727596678
1324972235438878720,negative,6.226523890572276e-05
1324972237208784896,neutral,0.4373566423025436
1324972241197682688,negative,0.005264948898538681
1324972273841958914,negative,0.004742929313953427
1324972277906214913,negative,0.0014640534731669244
1324972279021899776,negative,0.13497009941066843
1324972286244425728,negative,0.00013533582140898504
1324972303566827520,negative,3.15688768898747e-05
1324972311414444032,negative,0.012532828766946192
1324972312907669504,negative,0.0016148966935536037
1324972315151622144,negative,0.00027270038686742857
1324972332352499712,negative,0.03136225310507345
1324972348844421121,negative,0.004767753822159886
1324972348974518272,negative,2.8544628065986993e-06
1324972351621115904,negative,0.011442218027812895
1324972352338350081,negative,0.003806255256020331
1324972356926926848,positive,0.6836173141078571
1324972373787865089,negative,0.0008069250981396115
1324972389839613954,negative,0.009873977585575495
1324972399310344192,negative,0.004675750630276606
1324972408160260097,negative,0.027264093323572103
1324972419241680897,negative,3.15688768898747e-05
1324972419963088898,neutral,0.3536201458280567
1324972421363937280,negative,0.04025466542677053
1324972428540440576,negative,0.023797932882755307
1324972439630176256,neutral,0.34412637282088665
1324972444126486530,negative,7.017324655298275e-06
1324972464607277057,negative,0.002713241445088742
1324972477110349824,negative,1.0282038749105291e-06
1324972479417372672,negative,0.2485006194712975
1324972487776546822,negative,0.023797932882755307
1324972491861856256,negative,0.023797932882755307
1324972503694008321,negative,0.021955578278646352
1324972509977063424,negative,6.432693160312845e-07
1324972519766564865,negative,0.0041627550319812525
1324972530231291905,negative,0.0936477489716688
1324972538305327104,negative,0.16245833527198753
1324972549726490624,neutral,0.3933410133937601
1324972555405570048,negative,0.039125664938925185
1324972558798778370,negative,0.0032759078762952293
1324972561952874497,negative,4.156461809728266e-06
1324972574586134533,negative,0.2334716435499026
1324972576234418177,negative,0.00025179341170572685
1324972583050219520,negative,0.16245833527198753
1324972604294246400,positive,0.7718137170970378
1324972617967816705,negative,0.0003409652280186067
1324972619070889984,neutral,0.3587658314811311
1324972620492713984,negative,0.0016148966935536037
1324972636011683840,negative,0.27263708950575627
1324972637395832834,negative,7.086726988803354e-06
1324972639371354112,neutral,0.49789225920557484
1324972657184567296,negative,1.3782621720266737e-05
1324972663576518657,neutral,0.5533970533999424
1324972671319355392,neutral,0.6251540968464321
1324972676415418368,neutral,0.49789225920557484
1324972682203500544,positive,0.8848306171861066
1324972689933602816,negative,0.2620552202613777
1324972698112462848,negative,0.012734813857832221
1324972703519043585,negative,0.004780906384029951
1324972708887748609,negative,0.16245833527198753
1324972724226322432,positive,0.9969372090595322
1324972733583724544,negative,0.010820435909015783
1324972742320533505,negative,4.9470108120159455e-06
1324972752537870336,negative,0.17144805335387886
1324972763841515520,negative,0.16245833527198753
1324972780614541312,negative,0.25402557448227325
1324972788424339456,neutral,0.5170788684462355
1324972796095721472,negative,4.5422891073626954e-05
1324972799627309056,negative,0.0016148966935536037
1324972801766387712,negative,0.0031184171714608365
1324972819743059971,negative,0.0019335250221282107
1324972827917885440,negative,0.00013533582140898504
1324972834159030278,negative,0.049472887931646635
1324972846075023361,negative,0.016371703198239267
1324972848314773505,negative,0.001191913264772541
1324972855378006017,positive,0.9852679307986001
1324972859404464133,negative,4.431266439321481e-08
1324972859878420480,negative,0.04600649191299217
1324972861082263552,negative,0.0963357085574988
1324972864299261952,neutral,0.49789225920557484
1324972902605852673,negative,0.05716400294836117
1324972923942285312,negative,0.054636606585537456
1324972931152302080,negative,0.0032863550746399838
1324972934000160768,negative,0.0001487532791227651
1324972951788253185,negative,0.22393552627554844
1324972959677771776,negative,0.0018477443711553488
1324972980414410754,negative,0.00029037490555455477
1324972981089689602,negative,0.0010657006210016604
1324972991030177792,negative,0.023797932882755307
1324973006687498241,negative,0.09022705019248647
1324973022747496448,negative,0.004767753822159886
1324973033082286080,negative,0.1127359061085494
1324973037373026304,neutral,0.3350634797238646
1324973041672220673,negative,0.20830473236704708
1324973057031761921,negative,2.5178703222537643e-10
1324973064438894592,negative,0.05555365233609522
1324973070054985729,negative,4.433185580464451e-07
1324973086861627392,negative,0.01623622582303642
1324973088228958208,negative,0.024949197711710856
1324973099981430785,negative,0.002480610765151488
1324973111775813632,negative,0.0035481425565869864
1324973122509017088,negative,0.02576036865394192
1324973127697387520,negative,1.617413575504537e-05
1324973136207634432,negative,0.023797932882755307
1324973147330912256,negative,0.07392624043356032
1324973147599343617,neutral,0.4737554465528978
1324973160308092928,negative,0.00045869773640784376
1324973162287800320,neutral,0.49789225920557484
1324973172152733696,neutral,0.34222010330621616
1324973172379115521,negative,0.023797932882755307
1324973178565832706,neutral,0.3481700077463335
1324973183062208512,neutral,0.39854347655543904
1324973212850147328,neutral,0.39931682508676464
1324973222106984448,negative,0.00036446579525190986
1324973227064614917,negative,6.817605254379052e-09
1324973227446300673,negative,0.042055216559932426
1324973233985232896,negative,0.020942574264709288
1324973235902033920,negative,0.17176702019045492
1324973258245087232,negative,0.052680204107253194
1324973260161900544,negative,0.0001487532791227651
1324973271859802112,negative,0.0016148966935536037
1324973272455385091,neutral,0.3325005620475177
1324973277723439104,negative,0.03518435507178161
1324973286548234240,negative,0.010824900773179665
1324973288326651904,negative,0.00010504468234782317
1324973292478935040,negative,7.017324655298275e-06
1324973302847315968,negative,0.06058884019311436
1324973303178661888,neutral,0.6251540968464321
1324973315610595328,negative,7.086726988803354e-06
1324973324766687232,negative,0.16245833527198753
1324973349144031233,negative,0.29625627019328915
1324973352012935168,negative,0.00013533582140898504
1324973361273901057,negative,0.08147798299816797
1324973361915711489,negative,0.02140536441974413
1324973375383613440,positive,0.9254749471642665
1324973376973238274,negative,0.0007504404280866269
1324973377254285313,negative,0.31732489718339985
1324973377338085379,neutral,0.4737554465528978
1324973378801987584,neutral,0.4589944524326589
1324973425941753856,negative,0.037315780915141074
1324973434036772865,negative,0.17471375892764282
1324973440705687557,neutral,0.4990873200674269
1324973445751386112,negative,0.137668822232269
1324973450872705025,negative,0.004215059647488366
1324973457138987008,negative,6.226523890572276e-05
1324973468614582273,negative,0.0015119088190990745
1324973473349988352,neutral,0.47603437122912856
1324973474700517381,negative,0.011115253206254042
1324973487346360320,negative,3.185516985164062e-05
1324973490139705344,negative,0.03310465974106865
1324973492941381633,negative,0.08183424762575771
1324973499350478848,negative,0.026174679523142997
1324973503209066496,negative,0.009543338177068096
1324973508636635136,negative,6.384625810518501e-05
1324973510083694593,negative,0.0016148966935536037
1324973520967884805,negative,0.21090249377004808
1324973528752517121,negative,0.00025252728843208166
1324973536834801665,negative,0.2334716435499026
1324973537485008896,negative,0.00010504468234782317
1324973539011780608,negative,0.004415652685103589
1324973550537728000,negative,0.0017708895210043851
1324973552643284992,negative,5.591149400709208e-06
1324973556405514240,negative,0.03067186048637261
1324973560163667973,negative,1.2832027122303042e-06
1324973580371718144,positive,0.7176414918884588
1324973595169271808,negative,0.09478472407672854
1324973600890376192,negative,0.0004602646042174787
1324973609857769473,negative,3.378907189373116e-07
1324973610822365184,negative,0.0010966344243121258
1324973617558548480,negative,3.3315689461175256e-06
1324973620523917312,negative,0.20151235492274833
1324973621815746560,negative,0.07282838069417279
1324973623422148618,negative,0.023797932882755307
1324973624432922624,negative,7.973588771820677e-06
1324973626291068929,negative,2.906648481740744e-06
1324973632112611328,negative,0.04847267189560568
1324973635241652226,negative,0.20995107182700887
1324973635698831360,neutral,0.49789225920557484
1324973636143501312,positive,0.7553472248690112
1324973642405523457,neutral,0.38837043114931563
1324973644146233345,negative,0.013263814384360735
1324973644871692288,neutral,0.5505550505941735
1324973649640771584,negative,4.433185580464451e-07
1324973650978754560,negative,0.056035176890770734
1324973653289734144,negative,0.02741364631873353
1324973660382384129,positive,0.7091600307840011
1324973675779592193,negative,5.3352527341786005e-06
1324973700588969984,negative,0.0004602646042174787
1324973709149528064,neutral,0.5634084634322576
1324973719144554496,negative,0.004767753822159886
1324973726547521537,negative,0.015297526622350234
1324973731291258880,neutral,0.49789225920557484
1324973732029411328,negative,0.1755739678037364
1324973754146058240,negative,3.3315689461175256e-06
1324973760152170496,negative,0.16245833527198753
1324973779370565632,negative,0.00013533582140898504
1324973788514185216,negative,1.289342636839655e-06
1324973810391642112,neutral,0.49789225920557484
1324973819031916544,neutral,0.49789225920557484
1324973837050667009,negative,0.29124950930177257
1324973844059344897,negative,0.16245833527198753
1324973855128084480,neutral,0.49789225920557484
1324973873440448514,negative,0.0071592141598442694
1324973873482358784,negative,0.00045869773640784376
1324973883729080320,negative,0.02264999335418479
1324973892612583424,negative,0.023797932882755307
1324973892612612097,positive,0.9897190701160524
1324973896727220224,negative,0.02217369783605623
1324973912132816897,negative,0.1910003090375913
1324973946031247361,negative,0.07740413321335518
1324973951605465088,negative,0.0048525715043831906
1324973962095423489,neutral,0.4737554465528978
1324973964364550144,neutral,0.5710107892870856
1324973968080637952,positive,0.6907730079437825
1324973970316267521,negative,0.003824698485600238
1324973973717868544,neutral,0.49789225920557484
1324973978641985537,positive,0.8347013880588563
1324973979556319232,negative,0.042840307182266994
1324973979933806592,negative,2.2067413877819255e-05
1324973986833453058,negative,0.00037783974278255393
1324973992898408448,negative,3.089156406329613e-11
1324973997713403905,negative,0.02057868051094123
1324973999139528706,negative,0.0882098418229234
1324974009537138689,neutral,0.6462607005943426
1324974011282038784,positive,0.8732085236302526
1324974020975095809,negative,3.599419249596638e-08
1324974042663825416,negative,4.433185580464451e-07
1324974080802627584,neutral,0.49789225920557484
1324974093926543361,negative,0.014748914427724948
1324974100222185474,negative,0.0065323087106363325
1324974115879522304,negative,0.019717451282778804
1324974129561415680,negative,0.029483168629605636
1324974139124420609,negative,0.00013533582140898504
1324974145722060800,negative,0.02405843939423484
1324974165896663041,negative,0.029779835383105305
1324974186272526337,negative,0.17144805335387886
1324974188764008448,neutral,0.34412637282088665
1324974191884595204,negative,0.018165111308084275
1324974201816686593,negative,0.16245833527198753
1324974202294767617,negative,0.052680204107253194
1324974204450639873,neutral,0.3742323033478795
1324974213229400065,positive,0.9996782064276934
1324974234452496384,negative,0.00010504468234782317
1324974235689873408,negative,0.18392579625934719
1324974246125326337,negative,0.0005514199897814128
1324974251770830849,negative,0.00010504468234782317
1324974252966125571,negative,0.00607488946419614
1324974256632066048,negative,0.023797932882755307
1324974257303138304,negative,0.00013533582140898504
1324974263426818048,negative,0.05536325008501752
1324974265788141569,negative,0.005264948898538681
1324974268397006850,negative,0.1083053710525708
1324974273115656192,negative,0.04555918504680185
1324974274004852737,negative,0.02405843939423484
1324974279579066368,negative,0.04041043297991869
1324974280011096064,negative,0.00019619701058705663
1324974293420281856,negative,3.3315689461175256e-06
1324974320930742272,negative,0.01417568847650809
1324974325628350465,positive,0.7832230269538499
1324974333828149250,negative,0.13547805770877153
1324974343445762049,negative,0.00017572413517636558
1324974345622581249,neutral,0.49789225920557484
1324974347635879937,negative,0.0009429412803022182
1324974349066137600,negative,0.0009225361935959515
1324974349389090816,neutral,0.349120810978027
1324974356175450112,negative,0.15083984222455923
1324974377532874753,negative,0.0005276223101540239
1324974378036195328,neutral,0.49789225920557484
1324974383019020289,neutral,0.5170788684462355
1324974385082535936,negative,0.00010362970813217538
1324974385665634304,negative,0.010512608994598525
1324974387066494976,negative,0.0004602646042174787
1324974388190605312,neutral,0.49789225920557484
1324974390963023873,negative,0.004767753822159886
1324974394347843584,negative,0.00013533582140898504
1324974398718107649,negative,1.2581963101592643e-07
1324974405068451840,neutral,0.5170788684462355
1324974410663661568,negative,0.00013533582140898504
1324974415583571968,negative,0.04140440479074852
1324974433849782273,positive,0.9999402859454678
1324974435703644160,negative,0.03136225310507345
1324974439772033024,negative,0.007918086484023593
1324974442892681216,negative,0.007215794947582347
1324974445744828417,negative,0.004767753822159886
1324974468662431745,neutral,0.49789225920557484
1324974470189232130,negative,0.0048525715043831906
1324974476338081792,negative,5.165517101397099e-05
1324974476652662784,negative,0.016246349586249913
1324974480897282049,negative,0.00011694338962746085
1324974503458447360,negative,3.9741692289297075e-07
1324974504817397762,negative,0.00011694338962746085
1324974505937276928,neutral,0.36306510164459493
1324974507292061696,negative,4.375069925980855e-05
1324974507598241792,negative,0.17379686054706137
1324974508026060801,negative,0.0004608400253253465
1324974511997980672,neutral,0.43664717516438717
1324974513969270784,negative,0.025545113580711983
1324974516108451840,negative,0.003148460186404091
1324974516653723650,negative,0.15784872887475487
1324974519598129152,negative,0.14426364613626677
1324974520436977670,negative,0.04628758654005773
1324974522936791040,negative,3.7098094057483096e-10
1324974530813710336,neutral,0.49789225920557484
1324974534731165697,neutral,0.3403391890910929
1324974536362778625,negative,3.539482958399689e-11
1324974537512022016,negative,0.15566768728373717
1324974537734283264,negative,0.27203425135840587
1324974539961487363,negative,1.5053413683753004e-07
1324974543170138112,negative,0.010820435909015783
1324974543677612032,positive,0.7012751897858396
1324974544306786304,negative,0.01763328874480645
1324974548832280576,negative,0.052609924492516044
1324974552296906753,negative,0.023797932882755307
1324974555732074496,negative,0.004100522230471541
1324974562233212928,negative,8.29179025092085e-05
1324974563063689216,negative,1.1428518442965895e-08
1324974569791365120,negative,0.048440901069411825
1324974570957369344,negative,0.23259006249873992
1324974578230243329,negative,0.09722238743005328
1324974578624585729,negative,0.002222445540139969
1324974579291451397,negative,0.00013533582140898504
1324974598954373120,negative,0.007226140824971167
1324974600246136833,negative,1.138575860013542e-06
1324974603618439168,neutral,0.349120810978027
1324974604927033345,neutral,0.33310995627326356
1324974606525095938,negative,3.1744117096376924e-09
1324974607842107392,negative,0.00013533582140898504
1324974610895527936,negative,0.013956328429247926
1324974612988522498,negative,0.0806170338405077
1324974617249845253,negative,0.0048525715043831906
1324974618545885185,negative,0.31654485449673053
1324974622262108160,neutral,0.3466733631301184
1324974623407083520,negative,0.09803891254914505
1324974626498228224,negative,0.017087647672134495
1324974629254000640,negative,0.1780829443579329
1324974632932417537,negative,0.026174679523142997
1324974634933112837,neutral,0.4098759580969368
1324974637483249666,negative,0.22818093054505365
1324974637655207936,negative,0.05186704923935927
1324974642331791361,negative,0.0048525715043831906
1324974642394705920,negative,0.07747248736609035
1324974642403176448,negative,0.31820487300311295
1324974644311584769,negative,0.00607488946419614
1324974645636964354,negative,0.051833086911881085
1324974645989216256,negative,0.15495898194663835
1324974648958853120,negative,0.21345908839803118
1324974650045194240,negative,0.004978377442205742
1324974654860091392,positive,0.8127778405124939
1324974658974867456,negative,0.055033619656141376
1324974659855659008,negative,0.0030446070387702153
1324974659985674247,negative,1.1779095549623497e-07
1324974664251215872,negative,0.0002665131809022191
1324974667443154944,neutral,0.36743460506797193
1324974671079550976,negative,0.09803891254914505
1324974675936604160,negative,0.011531656224870323
1324974679258492928,negative,1.484020031707229e-07
1324974680273465346,negative,0.00015547456330153054
1324974682991431680,negative,0.14426364613626677
1324974684237033472,negative,0.30926752766381305
1324974687772946432,neutral,0.49789225920557484
1324974693141671937,negative,1.2549634549002091e-05
1324974696920731649,negative,0.12313922540510805
1324974699558932480,negative,0.03136225310507345
1324974699571531777,neutral,0.3466733631301184
1324974700062191616,negative,0.023086200568972138
1324974704424333312,negative,0.0030650978564471616
1324974705045069824,negative,0.028449776606022277
1324974705951051778,negative,1.678093201768537e-05
1324974707398103040,negative,0.0009267287877554777
1324974712099909632,negative,1.138575860013542e-06
1324974712385048576,neutral,0.5347562730847364
1324974712452231169,negative,0.0002573308529501516
1324974718772973568,positive,0.9973462573256399
1324974722308825088,negative,1.9281141648895521e-07
1324974737194364930,neutral,0.4733760523761983
1324974745226416128,negative,1.3444186159979812e-07
1324974745629192192,neutral,0.49789225920557484
1324974750502965248,negative,0.00015547456330153054
1324974758295900161,negative,0.00011694338962746085
1324974761957527553,negative,0.31251327812974533
1324974762293137409,negative,6.701061266460733e-05
1324974762314129408,negative,0.023797932882755307
1324974765807898626,neutral,0.34806468811081714
1324974766625869824,negative,6.609919512748766e-06
1324974773223510017,negative,2.0659998050680482e-07
1324974776004333568,neutral,0.3466733631301184
1324974776109195269,neutral,0.49789225920557484
1324974778902405122,negative,0.11825516414312394
1324974780097785857,negative,0.00027585667296755586
1324974781960245249,negative,0.004870637477360766
1324974782530674688,negative,0.161027707825537
1324974785240162304,negative,0.006745671151137359
1324974788192968704,negative,4.280053950995565e-06
1324974789057015808,negative,0.07296912563985898
1324974791443574784,negative,0.31762279126602366
1324974793100324864,negative,0.002694874317699973
1324974795335770112,negative,0.2013240848353585
1324974800880738305,negative,0.00137046402443629
1324974802466181121,negative,0.0008346842493747619
1324974805276372994,negative,0.2765132995702655
1324974807071514626,negative,0.15679946519268118
1324974809520902144,negative,0.00011694338962746085
1324974809781063680,negative,0.009063444622137765
1324974810531844096,negative,0.013933347231088869
1324974811660087297,negative,0.02916822655342729
1324974819062865923,negative,7.086726988803354e-06
1324974819071418368,negative,1.2967695658678103e-08
1324974820052754432,negative,0.17352283684402706
1324974821235691523,negative,0.001401677221228096
1324974822024163328,negative,0.0806170338405077
1324974822531719168,negative,0.04688767956822188
1324974822670168064,negative,2.468813447660835e-08
1324974823731310592,negative,0.00045869773640784376
1324974824385634306,neutral,0.6251540968464321
1324974825098588160,negative,9.019003717595845e-05
1324974826851868672,negative,0.0001487532791227651
1324974828168876032,neutral,0.635013645605873
1324974834686767104,neutral,0.34806468811081714
1324974836368748544,negative,0.0001796171314243556
1324974840701480960,negative,1.3444186159979812e-07
1324974847513022464,negative,0.16779371405938778
1324974851124289536,negative,1.4405816138099521e-07
1324974854559461383,negative,0.006955766098484586
1324974858351108096,positive,0.8732085236302526
1324974858392883201,negative,0.00019619701058705663
1324974860859273216,negative,0.0011674183285458376
1324974864596414464,negative,0.00137046402443629
1324974868203495424,negative,0.17627248808660745
1324974868761178112,positive,0.9239228687200993
1324974868811681794,negative,0.16079312671774057
1324974868891267073,negative,0.3163272857229708
1324974868895428608,negative,0.057119270555555976
1324974869445029889,negative,0.01132002121663573
1324974870552252416,negative,0.16245833527198753
1324974871298846721,positive,0.9996089195175278
1324974873190551553,positive,0.8066664163542012
1324974873261826048,negative,0.27234286257194046
1324974873811292160,positive,0.8732085236302526
1324974880694149120,negative,0.010723361593233772
1324974881155461121,neutral,0.46127768308170247
1324974884917751808,neutral,0.5819708255966062
1324974892207525888,negative,0.00011694338962746085
1324974895047045120,negative,0.12618250306552417
1324974895156121601,negative,0.003984670529225245
1324974899119665153,negative,0.0008222928093077332
1324974903649579009,positive,0.9972271834429249
1324974904907849728,negative,0.0064799911411833454
1324974916467298305,negative,0.02976889640125577
1324974917939572737,negative,2.5079050983430774e-09
1324974920191930368,negative,0.08055235708795863
1324974924331692032,negative,0.055033619656141376
1324974931831115776,negative,9.530736141466821e-05
1324974933085138946,negative,0.05738731705847255
1324974936788709376,neutral,0.49789225920557484
1324974941033390081,negative,0.04338397768708459
1324974941180227589,negative,0.08841787889350719
1324974944359489537,neutral,0.590313397558581
1324974946179756032,neutral,0.3302988126400545
1324974947102494721,negative,0.13822686666768447
1324974948448948224,negative,0.0002833551051641104
1324974949996650496,negative,0.008132120852378319
1324974951221309440,negative,0.02792760948084099
1324974959014408192,negative,0.00607488946419614
1324974960448860160,negative,0.001401677221228096
1324974962726363137,negative,0.09722238743005328
1324974965427494914,negative,5.3352527341786005e-06
1324974967813976065,negative,0.136708473431775
1324974968795488256,negative,0.22653170658288024
1324974971211427840,negative,0.0011861923768039795
1324974976412299269,negative,1.3541852623452627e-06
1324974977918111744,negative,4.433185580464451e-07
1324974980938002433,negative,0.0032507484626148543
1324974981047005190,negative,1.5890932242189987e-05
1324974982099836929,negative,0.23516217222802765
1324974983966240768,negative,0.003148460186404091
1324974991805468673,negative,0.0002833551051641104
1324974996729565184,negative,0.26442505440490927
1324974997727797249,negative,0.030985762513635447
1324974998361157633,negative,0.01835104463026846
1324974999657132038,negative,0.007179807851606678
1324975005525045249,negative,0.2801842775577194
1324975008175837184,positive,0.9999402859454678
1324975011346739201,neutral,0.49789225920557484
1324975013385080837,negative,0.011149811140705571
1324975017017401345,negative,0.0026248009268753296
1324975019135528960,negative,6.695188420091515e-05
1324975019294941185,negative,0.002069712196832322
1324975019399794693,negative,0.023797932882755307
1324975022897770497,negative,0.006897885011139585
1324975023350837254,negative,0.0007108398893364051
1324975029986136068,positive,0.9311688525367074
1324975038139936770,negative,0.0004602646042174787
1324975040543207425,negative,0.0106499817752913
1324975042657087488,negative,0.003404326183517916
1324975046197178369,neutral,0.3466733631301184
1324975050311651330,negative,0.003404326183517916
1324975050395701248,neutral,0.3429575428165931
1324975054342459392,negative,3.4194305584230323e-09
1324975055554613249,negative,0.31711942250237535
1324975056716509184,negative,0.002222445540139969
1324975059140808705,negative,0.023797932882755307
1324975072659050501,negative,3.823787928789345e-06
1324975075410534400,negative,0.1504030197459501
1324975079659331584,negative,0.06702218727359757
1324975080728911872,negative,0.11454959221859036
1324975084562477056,negative,3.3315689461175256e-06
1324975086542131200,negative,5.454390203245901e-05
1324975086957367297,negative,0.02053401934387071
1324975087498514432,negative,5.5645650199767785e-12
1324975087674679297,negative,6.872243911296891e-07
1324975087771062272,negative,0.008856337276104579
1324975089465651201,negative,0.008144985804332216
1324975089918554114,negative,0.0002967318919222156
1324975091483074561,negative,0.0011794006810130074
1324975094335229952,negative,0.0002756383954808394
1324975098856615936,negative,0.0004602646042174787
1324975100144332800,neutral,0.49789225920557484
1324975102220447746,negative,0.0048525715043831906
1324975102329581570,negative,0.0048525715043831906
1324975104225374208,neutral,0.3818909929038824
1324975106741792769,negative,0.028742211744513562
1324975107740217344,negative,0.0948058699173237
1324975109279543296,negative,0.06739463999511297
1324975113318567942,negative,0.028410488251499177
1324975117038915584,negative,0.0048525715043831906
1324975126836875265,negative,0.07823622183505592
1324975129093419008,negative,0.00016904318028262126
1324975131618242562,negative,0.028449776606022277
1324975131811311616,negative,0.0640304525462604
1324975133572870145,positive,0.7100143669785413
1324975134285979649,negative,0.0001777585658163734
1324975135233892352,neutral,0.44404224391588487
1324975135745576960,neutral,0.4762183325379221
1324975147443499009,neutral,0.4042041767695276
1324975158877171712,positive,0.7725392549949378
1324975162954047488,negative,0.002195374562527239
1324975164866617346,negative,0.036502305535212394
1324975165827133441,positive,0.9976521473271183
1324975168570216450,neutral,0.49789225920557484
1324975169945833472,neutral,0.49789225920557484
1324975170604453888,negative,0.23373940984804226
1324975177558597633,negative,7.086726988803354e-06
1324975181983604736,neutral,0.49789225920557484
1324975182855987201,negative,0.007707303295435197
1324975184428855296,negative,0.02068763327387505
1324975185343209473,negative,0.2827148646655385
1324975191588564992,negative,0.2220725680200652
1324975199381581824,negative,0.00039991283034557495
1324975200316903424,negative,0.3170522103643661
1324975205220036608,negative,0.00013533582140898504
1324975207812100096,negative,0.0001089646083167563
1324975209238024194,neutral,0.49789225920557484
1324975214141329411,negative,8.953333775500867e-06
1324975215760322560,negative,0.01623720030370107
1324975216133541888,negative,0.0011355368411652337
1324975219354767360,neutral,0.3798998284299345
1324975224383709184,negative,0.16245833527198753
1324975230973071361,negative,3.435413032742835e-05
1324975235205042176,positive,0.9477931060999414
1324975238271148033,negative,0.0006894570517355264
1324975240104071175,negative,0.2228013463890948
1324975243849560064,positive,0.7993728440313331
1324975245825073152,negative,0.09699753215768493
1324975247804821505,neutral,0.49789225920557484
1324975252611461120,negative,0.001401677221228096
1324975253433495552,negative,0.005151600514853639
1324975253777502209,negative,0.001278503335434978
1324975255337701376,negative,0.02758692593876199
1324975256499605505,negative,0.05738731705847255
1324975259641110528,neutral,0.575373664959909
1324975263520862208,neutral,0.6462607005943426
1324975263734767619,negative,0.006548717293431371
1324975265123020800,negative,0.039545631634968756
1324975266293293057,negative,0.0013984602679528667
1324975266532380672,negative,1.1652221276202288e-16
1324975266905665536,negative,0.006631829152992199
1324975268461748224,negative,0.007298586742174468
1324975268532871182,negative,0.20151107838416538
1324975269703200769,negative,0.046216310792160806
1324975269959118848,negative,1.848169002266627e-05
1324975278020571136,negative,0.00251904841362586
1324975278867836928,negative,9.152077133352341e-05
1324975280562327554,negative,0.03928654067078397
1324975280725889024,negative,1.0982766350678801e-06
1324975284160966656,positive,0.9445747295574219
1324975284161028096,neutral,0.49789225920557484
1324975290360057856,negative,0.22547567038276897
1324975290448310273,negative,0.02982477745636108
1324975291933089797,neutral,0.3933410133937601
1324975292235079680,neutral,0.46511884455441777
1324975295045267456,negative,0.08055235708795863
1324975295603105792,negative,0.001191913264772541
1324975296995586048,negative,0.008100755616523654
1324975297146589184,negative,1.5890932242189987e-05
1324975300049035265,negative,0.023797932882755307
1324975306592186369,neutral,0.3972486757273566
1324975306743091200,negative,0.039642333521763176
1324975319774867456,negative,0.0002833551051641104
1324975321251246082,negative,0.0002691634160893036
1324975330143178753,negative,0.004996803806998923
1324975333389578240,negative,0.024018009265884654
1324975336229048321,neutral,0.45152650830178453
1324975345754394624,negative,3.3315689461175256e-06
1324975345762791426,negative,0.001978373484662346
1324975348208033792,negative,9.04253047831053e-13
1324975355640340480,negative,0.0048525715043831906
1324975355850055680,negative,0.014725051890540537
1324975355904598016,neutral,0.45998754711020184
1324975358291152896,negative,3.001363612247947e-05
1324975358907740162,positive,0.960389288990635
1324975360442834944,negative,0.006870266123783084
1324975362959417345,negative,0.29124950930177257
1324975367380197378,negative,0.18293229234979194
1324975368596574208,negative,0.1103713517708232
1324975368676265985,negative,0.02982477745636108
1324975368764350464,negative,0.23952197712040285
1324975368915341313,positive,0.9972271834429249
1324975376678969346,negative,0.03333618223881806
1324975377350074369,negative,0.00015669094583634525
1324975379073945601,negative,0.17835192571030348
1324975381456293888,negative,0.11512192607904577
1324975382999805952,negative,0.06277981335291437
1324975386032271360,negative,0.01158077121252876
1324975387785519104,negative,0.00130321526156762
1324975391413571584,negative,0.01669667500904982
1324975392000778240,negative,0.16245833527198753
1324975393259089922,negative,0.000821655395845322
1324975394190221312,positive,0.9359275486380445
1324975394488020993,negative,0.1261415107398991
1324975395641335809,negative,1.2967695658678103e-08
1324975403279265792,neutral,0.5488680305142457
1324975403639975936,negative,4.683770107202822e-05
1324975407972704256,negative,1.5366581415095232e-05
1324975408283070464,negative,4.354157136094636e-09
1324975411881717760,negative,0.01117666183255564
1324975412087316480,negative,7.086726988803354e-06
1324975413941186561,negative,0.2228013463890948
1324975418626203648,negative,0.03484333799571629
1324975423013392384,negative,0.0747756808496818
1324975433604018176,positive,0.9908291198070748
1324975434614890496,negative,0.0054590611419653495
1324975434736525312,neutral,0.590313397558581
1324975434807865344,negative,0.017135777846212695
1324975441002819584,positive,0.9840235600298793
1324975445058719745,negative,0.23373940984804226
1324975446174396416,negative,0.0016148966935536037
1324975448120582144,negative,0.2613962034186399
1324975449571782656,negative,0.09144286327247973
1324975451069177858,negative,0.014365381624748125
1324975451899572229,negative,0.011429433790389687
1324975452264534016,negative,0.029779835383105305
1324975454198116353,negative,0.3163272857229708
1324975458065272834,negative,1.3547277638834708e-06
1324975459554258944,negative,0.20066371991126863
1324975461420703745,negative,0.11415196280050968
1324975466118307840,neutral,0.49789225920557484
1324975469976981505,negative,2.0973731837344344e-05
1324975471151427589,negative,0.001401677221228096
1324975471285637120,negative,0.01094146768566707
1324975476624986112,negative,0.00010299505208294302
1324975478042624001,negative,0.12450733407272337
1324975480618016768,negative,0.0020896466720272317
1324975484116021249,negative,0.002480610765151488
1324975488897593344,negative,0.0048525715043831906
1324975490323664896,negative,0.0005089096808983622
1324975495784574977,negative,7.033107719575528e-08
1324975501392420866,negative,0.09803891254914505
1324975507956523013,negative,0.03555970674751101
1324975512415047680,negative,0.00011694338962746085
1324975513111293954,negative,0.0014517479640096594
1324975513966931968,negative,0.04218824166843521
1324975514352820225,negative,0.03505733041728937
1324975518798778368,negative,0.01158077121252876
1324975519989903360,negative,0.00011694338962746085
1324975520438743041,negative,0.00024639375720995996
1324975520476442625,negative,0.14426364613626677
1324975521806094336,negative,0.2042206625762188
1324975531822116864,negative,0.0027386524265498465
1324975549144567808,negative,0.00011694338962746085
1324975553393414144,negative,0.08773816262175613
1324975558044905474,negative,1.1196294167859933e-08
1324975568299896833,positive,0.8023157954520783
1324975569847656450,negative,3.873202968149469e-09
1324975571613446145,neutral,0.49789225920557484
1324975574050344961,negative,0.0240287461594408
1324975581470089217,negative,0.04691129290599121
1324975593855791106,negative,0.026025992821784985
1324975593864224768,negative,0.2765132995702655
1324975597232283649,negative,6.609919512748766e-06
1324975602869411840,negative,0.00045869773640784376
1324975604576489472,negative,0.0063207980435239135
1324975620028305415,negative,0.14892712805503402
1324975625149493248,negative,0.0631273343586694
1324975629788450816,positive,0.7763022857432741
1324975643222806528,negative,4.433185580464451e-07
1324975648562176001,neutral,0.3717843081585497
1324975655495364608,negative,0.018837089477732872
1324975656774590465,negative,0.21016178405302283
1324975659299430403,negative,0.17613953373905786
1324975667184873472,negative,0.12168246434775457
1324975667616870400,positive,0.7997581700550377
1324975669567229952,negative,0.005037974249383644
1324975672104808451,neutral,0.4598517397106212
1324975673547481088,negative,0.19881114970281027
1324975678111043585,negative,0.05738731705847255
1324975681684590592,neutral,0.5136446707795853
1324975683903381505,negative,0.22956739929715803
1324975686889705478,negative,0.010723361593233772
1324975689322418177,neutral,0.3989316206673936
1324975690152865792,negative,0.010914811777876357
1324975694003245056,negative,3.15688768898747e-05
1324975695991332866,negative,9.930450614272671e-05
1324975698499366912,neutral,0.3396921216657432
1324975702253375489,negative,0.02976889640125577
1324975704740671491,negative,0.0004602646042174787
1324975705600512001,negative,0.004800206654486393
1324975706313531392,negative,0.01333395027563243
1324975712630157313,negative,0.0027386524265498465
1324975713448058880,negative,0.12482390706842413
1324975717793357824,negative,0.01158077121252876
1324975718510555136,negative,0.050179578825867516
1324975722067267584,neutral,0.4507454498615163
1324975723380166661,negative,0.009878635465352429
1324975725770928129,negative,2.7688387523468774e-08
1324975727251496960,negative,0.07761665162100315
1324975727494762496,negative,0.016905449164849522
1324975730095222784,negative,0.00014162163042107903
1324975731168907264,negative,5.379325689815447e-05
1324975731173068800,negative,0.21921412548362115
1324975733350035456,negative,0.0004602646042174787
1324975735044497409,negative,0.04310179505093633
1324975737128955905,neutral,0.46708177781585825
1324975738823520257,negative,0.0005514199897814128
1324975744825614338,negative,0.00479645100923168
1324975746524262400,negative,3.0311547400398613e-08
1324975748151652352,negative,0.013182218306451846
1324975752065003520,negative,0.06678203230861526
1324975752157290496,negative,0.0020896466720272317
1324975752199217153,negative,0.0006947607743847211
1324975754631929856,negative,0.04382895878775565
1324975755600814080,neutral,0.5597015955909179
1324975758402576387,negative,0.029779835383105305
1324975759778340864,negative,0.004137422639080406
1324975760516526085,negative,0.0027386524265498465
1324975761367977984,negative,0.005863315233055034
1324975765390307329,negative,0.02216200854377733
1324975780791787521,positive,0.7075243462956807
1324975781152436224,negative,0.019584454537298308
1324975781827764224,negative,0.06739463999511297
1324975784658948098,negative,0.05319437500176261
1324975789679456257,negative,0.10866363189232928
1324975796126179330,negative,0.04382895878775565
1324975797195722752,negative,0.0002503818855877271
1324975810898513920,negative,0.04382895878775565
1324975812702048258,negative,0.019584454537298308
1324975820574699520,negative,1.2967695658678103e-08
1324975826270609408,neutral,0.49789225920557484
1324975827872870405,negative,0.01500433033363762
1324975836605243399,negative,0.0002833551051641104
1324975841428840448,negative,0.2650067272594027
1324975843198767105,negative,0.00207645649907124
1324975848601083906,negative,0.2650067272594027
1324975849410449408,negative,0.004241170440098218
1324975850018775041,negative,0.0030511925214593526
1324975854368251904,negative,0.19371680075515274
1324975855760789507,negative,0.09057399356492644
1324975867215417344,negative,0.1541372471331216
1324975871153856512,negative,5.736222084137702e-06
1324975874098286592,negative,0.00045869773640784376
1324975877583757312,negative,0.12467724706865103
1324975879211126784,negative,0.14640782346944786
1324975884244295681,neutral,0.6251540968464321
1324975885167026177,negative,0.0004602646042174787
1324975886806953984,negative,0.27873399574215535
1324975889910804480,negative,1.0282038749105291e-06
1324975890279911424,negative,0.09334950690417466
1324975895422103552,negative,0.10627282324704045
1324975896285990912,negative,0.012835703302430557
1324975904343416835,negative,0.0015363415966065572
1324975904955785216,negative,8.559129941055581e-07
1324975904993456129,negative,0.16245833527198753
1324975910697771008,negative,2.3762043134046752e-07
1324975911083577344,negative,0.002026420891207011
1324975914430713856,negative,0.01158077121252876
1324975914539753472,neutral,0.5576253484013717
1324975914925649920,negative,0.020881191776108993
1324975916246839296,negative,2.8263337330801383e-07
1324975920155938816,negative,6.282496806383123e-05
1324975920206245889,neutral,0.49789225920557484
1324975921066029061,positive,0.9894519119936728
1324975921112244225,negative,0.00013538212608942961
1324975927097483264,negative,1.1827465916269425e-06
1324975937126076416,negative,0.008017671041006324
1324975943442685952,negative,0.02238341655806889
1324975944688398336,negative,0.00013533582140898504
1324975948647821312,negative,0.036502305535212394
1324975954503065600,negative,0.0036296530080178685
1324975963516641281,negative,0.06022469944588933
1324975964191924224,negative,0.023797932882755307
1324975982948864000,negative,0.023797932882755307
1324975989848420352,negative,0.0009928508208518695
1324975999998693376,positive,0.8732085236302526
1324976004872417280,negative,0.0008811314901635485
1324976011721793536,neutral,0.49789225920557484
1324976013227515905,negative,6.162008693326954e-08
1324976013613424640,negative,0.0699473066866044
1324976024308879360,neutral,0.4740256273032285
1324976025034498049,negative,1.5728405758254102e-07
1324976025466499072,negative,0.055033619656141376
1324976028809355265,positive,0.9942269711809336
1324976029501419520,neutral,0.41255628797487864
1324976032110301184,negative,6.817605254379052e-09
1324976047570489344,negative,0.04382895878775565
1324976054969257984,negative,0.27474383306360795
1324976064775524353,negative,0.0002503818855877271
1324976073390649350,negative,4.433185580464451e-07
1324976074531463169,neutral,0.4507454498615163
1324976079732355072,neutral,0.41901263796461236
1324976083238793216,neutral,0.5170788684462355
1324976084971106305,negative,5.807363056929321e-06
1324976088796311554,negative,0.006547696529520303
1324976097495224321,negative,2.0678204842798214e-14
1324976099957350400,negative,7.49047365065784e-10
1324976105212833792,negative,0.05316055038139497
1324976123055398913,negative,0.02976889640125577
1324976124619857920,negative,0.02151812126702879
1324976129149644800,neutral,0.5370325104184508
1324976136888213505,negative,0.31378904886861053
1324976137475416064,negative,2.356273246012356e-06
1324976143112564736,negative,8.004682768430146e-08
1324976143209000961,negative,0.0031184171714608365
1324976144169508864,negative,2.3525972097128672e-06
1324976148225421312,negative,0.009877429247758845
1324976148774842370,negative,0.013002700829946322
1324976167624056833,negative,1.853701269297445e-05
1324976174544670720,neutral,0.3958277100863295
1324976176402665472,neutral,0.5539810229640486
1324976181481893888,negative,0.20705659454341463
1324976187471507456,neutral,0.3468397919821585
1324976197533659137,negative,0.0704388943684432
1324976198191964161,negative,0.014045232252857486
1324976200771637248,negative,0.0013529447308212544
1324976201946046464,neutral,0.4691263323756488
1324976204114505728,neutral,0.5575327118387342
1324976205133656064,negative,0.012161915281136125
1324976205389500416,negative,0.05544768637812958
1324976205431517184,negative,0.00011694338962746085
1324976205523800064,positive,0.7191017733861276
1324976207767752704,negative,0.161027707825537
1324976210137509888,negative,2.7515700960983475e-05
1324976210284343296,negative,0.00349228378354433
1324976220119965697,negative,0.08055235708795863
1324976229523451905,negative,0.10160856719216406
1324976232333799424,negative,0.0031273497691750697
1324976238805577728,negative,0.02238341655806889
1324976240625905664,negative,0.00018415896325543174
1324976241884221440,neutral,0.37806550705727354
1324976244836900864,negative,0.05738731705847255
1324976252692860928,negative,0.07166616177057729
1324976254110609409,negative,0.0006440112413360493
1324976255003922433,negative,0.04365013145775546
1324976255817703425,negative,0.17146533791091018
1324976256824332289,negative,0.27873399574215535
1324976259844206592,negative,0.00137046402443629
1324976263082160130,negative,1.3444186159979812e-07
1324976270707466241,negative,0.0001487532791227651
1324976281897865217,negative,0.294108125536844
1324976294996701193,positive,0.8732085236302526
1324976302437314561,negative,0.03578160735369606
1324976315355820032,neutral,0.6251540968464321
1324976343902277632,negative,0.21921412548362115
1324976362826895360,negative,0.029779835383105305
1324976365498736642,negative,0.00045869773640784376
1324976375183372288,neutral,0.5626084251823346
1324976380023631872,negative,0.00045869773640784376
1324976381252562944,negative,0.15566768728373717
1324976392371654657,negative,0.01169408336567762
1324976404111511553,negative,0.2274979668913099
1324976408163201024,negative,0.023797932882755307
1324976411111813120,negative,0.017513359494878752
1324976413062037505,negative,1.4470636793310183e-10
1324976452937388035,neutral,0.49789225920557484
1324976478044483584,negative,0.055033619656141376
1324976486772830208,negative,0.0003784353920483759
1324976487037067264,negative,4.245806836153397e-05
1324976493961818112,neutral,0.3403391890910929
1324976494557470720,negative,0.0004602646042174787
1324976497627705345,negative,0.0013225065522717802
1324976501461278722,negative,0.029779835383105305
1324976512165175296,negative,9.012761052046977e-06
1324976516283949058,negative,0.0106499817752913
1324976522101469184,neutral,0.43140017466914554
1324976528627785728,negative,8.968940178911708e-06
1324976541328175104,neutral,0.5734576952979002
1324976545685966849,negative,0.04641569863061205
1324976549460840448,negative,0.023797932882755307
1324976553290240000,negative,0.0001487532791227651
1324976556456996864,negative,0.022410636880071538
1324976558138855425,negative,4.433185580464451e-07
1324976568704376832,negative,0.00013533582140898504
1324976570797338624,negative,0.001084772835115616
1324976571531358210,negative,0.13273819174318563
1324976572013686786,negative,0.08642447521014189
1324976576061116418,neutral,0.5170788684462355
1324976577516609536,negative,0.30926752766381305
1324976588107247617,negative,3.2822603653731835e-10
1324976593387786240,negative,0.024287570462682057
1324976593698222080,negative,0.0001796171314243556
1324976595170439168,negative,0.004767753822159886
1324976597770833921,neutral,0.49789225920557484
1324976599574454273,negative,0.00018990664076549513
1324976600421691392,negative,1.0312278134410846e-07
1324976607757524994,negative,0.01117666183255564
1324976614015426560,negative,0.0056762679099592725
1324976618662662145,negative,0.07825272900263619
1324976624975175682,negative,0.00013533582140898504
1324976630222233600,negative,0.00013533582140898504
1324976632663302144,neutral,0.49789225920557484
1324976634911449089,negative,2.4249839404329643e-09
1324976636933132290,neutral,0.602751193162678
1324976638606647296,neutral,0.49789225920557484
1324976644524822529,neutral,0.3933410133937601
1324976644667416576,negative,1.0282038749105291e-06
1324976645464354816,negative,0.021829841421190287
1324976654637273088,negative,0.23373940984804226
1324976655207604224,negative,0.001191913264772541
1324976657028018176,positive,0.8554024614167357
1324976658160508928,negative,0.001960831858231722
1324976660836470784,negative,0.02389753053064608
1324976666431647744,positive,0.9996379724553721
1324976692209782785,negative,8.224289397560955e-09
1324976702716600320,negative,9.175564673631778e-07
1324976708798324736,negative,0.0048525715043831906
1324976712606683141,negative,0.009543338177068096
1324976715798601728,negative,2.0886169395821585e-05
1324976715869925376,negative,0.0005514199897814128
1324976717514104833,negative,9.019003717595845e-05
1324976719871307776,negative,0.00027270038686742857
1324976730533228544,negative,0.13788319916423356
1324976741614497792,negative,0.1433519490885973
1324976757167050752,negative,0.0806170338405077
1324976765740216321,negative,0.09082564068635564
1324976766373359616,negative,3.3315689461175256e-06
1324976766583238657,neutral,0.4589944524326589
1324976766776172545,negative,0.06810758203461134
1324976771536736257,negative,0.00023314137596149983
1324976773797384192,negative,0.00035285623825376554
1324976773965242369,neutral,0.4589944524326589
1324976780860674048,negative,0.00011569051253861077
1324976781359783936,negative,0.105175837942791
1324976786254532608,negative,0.003619250477750321
1324976790247415809,negative,0.00013533582140898504
1324976791149285376,negative,0.07166616177057729
1324976791782481921,neutral,0.49789225920557484
1324976795259727872,negative,0.020621321901823374
1324976798048931842,negative,6.226523890572276e-05
1324976798359310337,negative,0.17717734851924563
1324976799005237251,negative,0.18227611833650834
1324976799227523072,negative,0.016246349586249913
1324976803044319232,negative,0.005075302406364342
1324976808522100737,negative,4.211433283370592e-07
1324976813794324481,negative,1.138575860013542e-06
1324976818747740161,neutral,0.6070858531182126
1324976825081196545,negative,0.2765132995702655
1324976825475469312,negative,2.8263337330801383e-07
1324976828663140353,neutral,0.4885224062154818
1324976828818337792,negative,0.11148113085015277
1324976833230761984,negative,1.721964361408706e-11
1324976848036646912,negative,0.029779835383105305
1324976851710783489,negative,7.086726988803354e-06
1324976856010027008,negative,0.012673336920717109
1324976857931014145,neutral,0.3463070426965509
1324976860543979521,positive,0.9934256131627587
1324976862125125632,negative,0.050179578825867516
1324976862834143232,negative,0.2740585394452243
1324976863752679425,neutral,0.49789225920557484
1324976868358057984,neutral,0.5601781965774851
1324976870698446848,negative,0.002026420891207011
1324976872732626945,negative,3.899423830787265e-05
1324976880391507968,negative,1.0275262249099768e-07
1324976881305849857,negative,0.1451924649032427
1324976881595199490,positive,0.8825098505430491
1324976881725272064,negative,0.010394570688644512
1324976884933865472,negative,2.2227433863162593e-11
1324976886552915968,negative,0.011115253206254042
1324976888373276674,negative,0.0048525715043831906
1324976888951922688,negative,0.009058804289442729
1324976889820278790,neutral,0.36743460506797193
1324976892504633345,negative,0.026025992821784985
1324976905150476289,negative,0.012733965306920133
1324976924645597185,neutral,0.58480259332893
1324976925979406336,negative,1.1452262920052426e-06
1324976929141829637,positive,0.6907730079437825
1324976931171864579,negative,0.13920182708547654
1324976931201224704,negative,0.014365381624748125
1324976932321157122,negative,0.009827548509383352
1324976935831805952,negative,0.023797932882755307
1324976940198080512,neutral,0.5170788684462355
1324976945227034625,negative,0.2068862070573895
1324976950612381696,neutral,0.3624134585161068
1324976956694294528,negative,0.08510932112817206
1324976963640061957,neutral,0.49789225920557484
1324976963778437121,negative,0.02982477745636108
1324976967838441484,negative,0.05965556299756856
1324976971999277056,negative,0.0005652961080390393
1324976987841024001,negative,0.01474431761823763
1324977004819714049,negative,1.421396756607966e-07
1324977010930720768,neutral,0.46127768308170247
1324977011165696000,neutral,0.49789225920557484
1324977013984284673,negative,0.06718371380122493
1324977022825861126,negative,0.07392624043356032
1324977043281416194,neutral,0.49789225920557484
1324977048197083136,negative,0.01755593478723525
1324977049258307584,positive,0.9899270404472434
1324977052496302080,negative,4.433185580464451e-07
1324977052819333121,negative,0.12482390706842413
1324977055587577857,neutral,0.331709935617057
1324977057584066560,negative,0.009827548509383352
1324977067902054400,negative,4.433185580464451e-07
1324977073086140418,negative,0.00025179341170572685
1324977073413296129,negative,0.029779835383105305
1324977108003647489,negative,3.046346715131501e-09
1324977114504974341,negative,0.0008987123841458942
1324977119638794241,negative,0.001490679775006538
1324977131357663232,negative,1.0088451057940207e-05
1324977133962268674,negative,0.00013533582140898504
1324977142074142720,negative,0.07845105505612099
1324977142266998785,negative,0.00012387422262820445
1324977144682995713,negative,1.2037418379899708e-05
1324977145005940736,negative,0.23259006249873992
1324977145173712896,neutral,0.6012821959366039
1324977145836343296,neutral,0.49789225920557484
1324977151184162816,neutral,0.49789225920557484
1324977152043986944,negative,0.16245833527198753
1324977152610209792,negative,1.3782621720266737e-05
1324977158062813185,negative,0.006261551898562694
1324977168900894720,negative,0.0001487532791227651
1324977174420598789,negative,1.938198930481573e-05
1324977180372299777,neutral,0.5133540029213505
1324977188010123264,negative,0.307357285513886
1324977193399824389,negative,0.006781820729020643
1324977201599696896,negative,0.1705340948099866
1324977206985154561,positive,0.7012751897858396
1324977211552751616,negative,0.06718371380122493
1324977213976948736,negative,0.17144805335387886
1324977219748433920,negative,0.00046282463168178313
1324977224576098304,negative,0.11148113085015277
1324977233920978944,negative,1.8137149050032925e-06
1324977239704866822,negative,6.337249414321232e-06
1324977240837419009,negative,0.005485153682079543
1324977247149846529,negative,0.09958020291973975
1324977247393083397,negative,0.00045869773640784376
1324977248957554690,positive,0.9852679307986001
1324977251046318084,negative,0.01669667500904982
1324977257174142977,negative,0.014058567582990792
1324977258096955393,negative,0.009761345140847096
1324977268725145605,negative,1.006130003653364e-07
1324977269899661315,negative,0.0002685833376926186
1324977274618306563,positive,0.8816116708181359
1324977275629150208,negative,0.005552168847253264
1324977278586122243,neutral,0.49789225920557484
1324977282310696960,neutral,0.4028568770773083
1324977282780426240,negative,2.6777162734592133e-05
1324977283950649344,negative,5.944378779625025e-05
1324977284181209089,neutral,0.49789225920557484
1324977289080299520,negative,0.011149811140705571
1324977290577661953,negative,1.2037418379899708e-05
1324977290648883200,negative,0.10586666845255376
1324977293652058113,negative,0.0001777585658163734
1324977294046334976,negative,0.042617971456479636
1324977294046339073,negative,0.05391093110750795
1324977295061344257,negative,0.10586666845255376
1324977298890760192,negative,0.026174679523142997
1324977300253921282,negative,0.24311449934923146
1324977309779156992,neutral,0.49789225920557484
1324977312605982725,negative,1.956850416639898e-05
1324977313512034304,negative,3.592097164046774e-05
1324977313969221632,negative,0.2765132995702655
1324977319807750145,negative,0.054216119034176176
1324977321330286592,negative,3.5076227214473095e-05
1324977322215280640,negative,8.580877675197722e-10
1324977323456802816,negative,6.99643237958434e-08
1324977325918785536,negative,7.086726988803354e-06
1324977329345613825,negative,0.00024660982287107706
1324977332017389568,negative,0.09221951134202995
1324977334806597634,negative,8.638950210032487e-05
1324977337356541952,negative,1.5270055219971076e-08
1324977339881676800,negative,0.0004602646042174787
1324977340489867265,negative,2.7912803219914466e-05
1324977340833820672,negative,0.3292038018149931
1324977350203895810,negative,1.1182378183488299e-06
1324977351818698752,negative,2.206862809632136e-13
1324977352951160832,negative,2.0621155647787656e-08
1324977358504415234,negative,0.00045869773640784376
1324977359221616642,negative,0.04382895878775565
1324977359699767296,negative,0.1993027976534692
1324977365546627072,negative,0.0014640534731669244
1324977370835677190,negative,0.03273154898406812
1324977375218724864,negative,0.008145557679170414
1324977376858660871,negative,0.05738731705847255
1324977377982738432,negative,0.009827548509383352
1324977378368610304,negative,0.0740226328160588
1324977378624499713,negative,0.0007311474220487484
1324977385285021696,negative,0.0648848902672769
1324977385301798913,negative,0.0029257603202131896
1324977386157465600,negative,0.12792600876754423
1324977389772795904,negative,0.02405843939423484
1324977398400638976,negative,1.591163303369814e-06
1324977401969979393,negative,4.329854782034437e-05
1324977403597369344,positive,0.7459738027799986
1324977405249941504,negative,0.06970309995196704
1324977405472223232,negative,0.021777883485851867
1324977410786422784,negative,6.122224874847977e-05
1324977418260590593,negative,0.0004776551420764097
1324977419170828289,negative,5.944378779625025e-05
1324977425046966272,negative,0.17144805335387886
1324977427383263233,negative,1.0610810540166078e-05
1324977429195186177,negative,0.0004602646042174787
1324977431665577986,positive,0.6778821176950012
1324977438615609345,negative,3.3315689461175256e-06
1324977444995158016,negative,0.0069533814452635385
1324977446937047040,negative,0.17379686054706137
1324977452662337536,negative,0.029779835383105305
1324977453853536259,negative,1.0282038749105291e-06
1324977454960750593,negative,0.043451481203529735
1324977457787793408,negative,1.138575860013542e-06
1324977457833906177,negative,0.13949552936821852
1324977460811886599,negative,0.003570502242192583
1324977466704801793,neutral,0.6251540968464321
1324977468911083520,negative,7.22316361752006e-08
1324977472060928000,negative,0.0007759723329469866
1324977477509328896,negative,0.007210141232256011
1324977480080515073,negative,0.046897219794126005
1324977481443631104,negative,0.2650067272594027
1324977486418087936,negative,4.433185580464451e-07
1324977487085002752,negative,6.078216413121451e-06
1324977491073708032,negative,0.023797932882755307
1324977492726263808,negative,4.7794523096635345e-06
1324977503623065600,negative,0.011909469613650229
1324977504822681601,negative,0.008994678731043709
1324977505804148736,neutral,0.49994490889564047
1324977516973592578,neutral,0.4145670183890112
1324977517736972289,negative,6.516128413328154e-05
1324977518861021185,negative,2.5993129210867178e-05
1324977521096597505,negative,4.3244920085544186e-12
1324977521784401927,negative,0.045169784168979245
1324977522468073472,negative,4.128982762159552e-05
1324977530969989125,negative,2.8263337330801383e-07
1324977533956337664,negative,1.2967695658678103e-08
1324977534660997121,negative,0.03743436556950824
1324977537747914752,negative,6.226523890572276e-05
1324977539052400641,negative,3.722142803098585e-05
1324977542005223429,negative,6.226523890572276e-05
1324977542101667840,negative,0.16245833527198753
1324977551564009472,negative,0.30797255733454143
1324977554768457729,negative,0.011149811140705571
1324977556223787011,neutral,0.5009477986179388
1324977556995661824,neutral,0.35303281465640723
1324977558316781568,negative,0.027022220908196996
1324977569536544770,negative,0.036300510751530235
1324977574079029248,negative,0.00011694338962746085
1324977576192995328,negative,0.0020159838630562066
1324977576440434688,negative,0.000345090928778012
1324977584887705600,negative,0.0014620859022920923
1324977588679348225,negative,0.00013533582140898504
1324977593242669056,negative,0.29292899295481994
1324977594240962560,negative,0.20705659454341463
1324977598850592770,negative,0.27495210885172455
1324977599135801344,neutral,0.3694646212694076
1324977600511479808,negative,0.00607488946419614
1324977606815588352,negative,1.0778732993070917e-11
1324977608564625410,negative,6.384625810518501e-05
1324977610196193280,neutral,0.3833401035680042
1324977611785842689,negative,0.002694561081237502
1324977614931578880,neutral,0.49789225920557484
1324977616181325826,negative,0.0016453060297850677
1324977637106790401,negative,0.09243120951487027
1324977645436743682,neutral,0.3933410133937601
1324977646527275008,negative,0.09803891254914505
1324977648439848961,negative,0.01158077121252876
1324977649861713921,negative,2.1996246535325749e-07
1324977653540130818,neutral,0.4538676881008006
1324977654748090368,negative,0.00011694338962746085
1324977661811318785,negative,0.04041043297991869
1324977664504049665,negative,1.031945596402739e-06
1324977664592023553,negative,1.2967695658678103e-08
1324977664680144896,negative,0.000345090928778012
1324977668849340416,negative,0.00018546143244917732
1324977671625994240,positive,0.915050486411505
1324977672280289281,negative,3.7183972200194915e-08
1324977681151225856,negative,3.2541234218017484e-05
1324977683722342400,negative,0.009827548509383352
1324977686603845632,negative,0.06467326596093727
1324977695109820417,negative,0.011106253730641833
1324977696472920064,neutral,0.36743460506797193
1324977697815224320,negative,3.635170406515541e-05
1324977699379699712,negative,0.016267104061543913
1324977699710963712,negative,0.001278503335434978
1324977704937066496,neutral,0.6542659726707701
1324977710750461952,negative,4.4815110281413077e-07
1324977715783589889,negative,0.0066810217260281895
1324977717780082688,negative,0.02313331361797612
1324977722981044224,negative,0.001314632037781491
1324977723769573376,negative,3.3315689461175256e-06
1324977725321474051,negative,9.152077133352341e-05
1324977725342355457,negative,0.0019537705547990427
1324977726009176064,negative,0.0069919297484493164
1324977726164520964,negative,0.19881114970281027
1324977736549609473,negative,0.10216176943046236
1324977737082269696,negative,0.1433519490885973
1324977739049398272,negative,2.538649175662818e-06
1324977749921050624,negative,0.01333988367240679
1324977751158304769,negative,0.055900618698821694
1324977751556820992,negative,0.02291243097057101
1324977759031013376,negative,5.944378779625025e-05
1324977759375024128,negative,0.004273095708700777
1324977761954521090,negative,0.023797932882755307
1324977770041053184,negative,0.0016148966935536037
1324977779507683328,neutral,0.5347562730847364
1324977790752534534,neutral,0.34204538306024795
1324977808498696192,negative,0.06526926057223596
1324977833282842624,positive,0.9449084808202012
1324977839033249792,negative,0.1127359061085494
1324977841608552449,neutral,0.43671416322017076
1324977859379650560,negative,0.15905649266683383
1324977868531773441,negative,0.002222445540139969
1324977872260509697,negative,0.2650067272594027
1324977873195819009,negative,0.0002126408254929931
1324977874517028865,negative,0.004415652685103589
1324977880103784450,neutral,0.6029014829130119
1324977893911490560,negative,0.02982477745636108
1324977898634227717,negative,0.002222445540139969
1324977904464224256,negative,0.17095503503690815
1324977907660320769,neutral,0.49789225920557484
1324977912370634754,negative,0.00027270038686742857
1324977915487002625,negative,0.00013533582140898504
1324977933916758016,neutral,0.48728019602140255
1324977948194074624,negative,0.06718624672324439
1324977955643256832,negative,0.05243235521591884
1324977963713105920,negative,0.017571337117531328
1324977967676727297,negative,2.847557568643043e-07
1324977984168660992,negative,0.00045869773640784376
1324977994385985538,negative,7.086726988803354e-06
1324977997250764800,neutral,0.3694646212694076
1324978001264730113,neutral,0.39931682508676464
1324978003009531906,negative,0.009827548509383352
1324978014518714368,negative,0.009019769852075457
1324978018935300096,negative,1.1223454279773267e-06
1324978024178135040,negative,0.28222772441832594
1324978036559765507,negative,0.0004602646042174787
1324978053303427072,negative,0.04628035607648067
1324978058701516800,neutral,0.49789225920557484
1324978058768637952,negative,3.784241455949123e-07
1324978062946136065,negative,2.468813447660835e-08
1324978065303285760,negative,0.17352283684402706
1324978071984873473,negative,0.0015040564810389922
1324978087205859328,negative,0.008807621443278318
1324978087415713792,negative,0.28294689840443954
1324978088925663232,negative,0.004839382295771711
1324978090595004416,negative,0.00016469138364323343
1324978092721442816,negative,0.0483474709353798
1324978096240545792,negative,0.0030511925214593526
1324978096370495489,neutral,0.5170788684462355
1324978098891354113,negative,0.0028496711943339155
1324978107380592642,negative,0.30926752766381305
1324978107439263745,negative,0.19715119736732442
1324978122287165440,negative,0.013956328429247926
1324978123771957248,negative,0.00014819799192960234
1324978136698810368,neutral,0.5372318511317483
1324978138728771584,negative,0.09824527526190352
1324978150938439680,negative,0.0030511925214593526
1324978151269785601,negative,0.01190686648510657
1324978156403630080,negative,0.12984207610609588
1324978156529446912,negative,0.015175791857536007
1324978158395936768,negative,0.006099718751422508
1324978170852896770,negative,0.10976314269463741
1324978185180745730,negative,0.03997484153645423
1324978197788766209,negative,0.00013533582140898504
1324978198619303936,negative,4.2335208024018316e-12
1324978213832056832,negative,0.06678203230861526
1324978217296519168,negative,3.828444276789658e-11
1324978218512896001,negative,0.010968214171167983
1324978219846660096,negative,0.2650067272594027
1324978220693905408,negative,0.05738731705847255
1324978224611422208,negative,0.002222445540139969
1324978228776329217,negative,7.100202240784191e-06
1324978229103521794,negative,0.0004608400253253465
1324978231993249792,negative,0.18028431047947055
1324978232135921664,negative,3.3385782707095304e-05
1324978236800069632,positive,0.7032637530791888
1324978238091898880,negative,0.015462004343806532
1324978243070517248,positive,0.998153888375208
1324978250989367297,negative,0.27873399574215535
1324978252184739840,neutral,0.35586004147511047
1324978252331413504,positive,0.7082981934097975
1324978253858283520,negative,6.2417413619976e-05
1324978254952935424,negative,0.0564670853692459
1324978257188462592,negative,0.012968574603906902
1324978258526556160,positive,0.9852679307986001
1324978263756840960,negative,0.033918652841317565
1324978264084008960,neutral,0.6560864641160227
1324978267720396800,negative,0.004464336711812364
1324978269142331392,negative,0.00022594119680800962
1324978269838581761,negative,0.036100963953585974
1324978270354485250,positive,0.9996089195175278
1324978284585766912,negative,0.09082564068635564
1324978290973609984,negative,1.3782621720266737e-05
1324978291330125825,negative,0.00022682987236628154
1324978298145943554,neutral,0.5047916867988289
1324978298271789058,negative,0.0648848902672769
1324978300905730048,negative,0.033171983855639776
1324978302180790272,negative,0.007222412390708354
1324978303011332097,negative,0.009827548509383352
1324978303116206081,negative,0.033918652841317565
1324978303346896896,negative,0.010003068708958632
1324978304206696448,negative,0.01158077121252876
1324978306127712256,negative,0.10257797504384468
1324978316483432448,neutral,0.36075706408024416
1324978318886789120,negative,0.0483474709353798
1324978320203784192,negative,0.08479642079590345
1324978321596223488,negative,0.05738731705847255
1324978324800679936,negative,0.05275539681372277
1324978334711877632,negative,0.2423340056843696
1324978334946775040,negative,0.07912000467709789
1324978337987633152,negative,0.004047319200745439
1324978342395719680,neutral,0.4497406693020771
1324978345705136128,negative,1.0282038749105291e-06
1324978346606927872,negative,0.050343892111526234
1324978348108500992,negative,0.0011186030820341537
1324978348485906438,negative,0.3154482313665421
1324978349924638720,negative,0.19195639185166183
1324978350792830977,negative,2.468968913867729e-08
1324978354597093377,negative,6.366531712531159e-07
1324978357411385344,negative,0.14833228487489217
1324978370355093504,neutral,0.5170788684462355
1324978371974090752,negative,0.0990243407489422
1324978380098461696,negative,0.00010283133522783824
1324978388084420610,neutral,0.6251540968464321
1324978390005329935,neutral,0.3656556682884191
1324978393083994114,negative,0.00013470637866128712
1324978394061303808,negative,0.00021900287261301515
1324978394069684231,negative,0.018756791175558583
1324978396397441024,negative,0.02405843939423484
1324978402789482496,negative,0.28752999928263995
1324978404056182784,negative,0.022377867697496154
1324978421286522880,negative,0.007832836771338569
1324978425451454464,negative,0.01623622582303642
1324978427577982977,negative,0.03750025541423766
1324978430631309312,negative,0.0614249307711701
1324978432397234177,negative,0.0648848902672769
1324978434234257408,negative,1.639217883748433e-05
1324978434708303873,negative,5.78115529214914e-05
1324978439653298176,neutral,0.437369725752128
1324978443054936064,negative,0.010723361593233772
1324978456183107584,neutral,0.5993009439899575
1324978458179506176,negative,0.20151107838416538
1324978460280975362,negative,0.09861645287579159
1324978468770156551,negative,0.07377144445394972
1324978485081870336,neutral,0.34806468811081714
1324978487715893248,negative,0.01234358496336094
1324978487892054017,negative,0.00045869773640784376
1324978491423678464,negative,0.003242638440805226
1324978499170557952,neutral,0.49789225920557484
1324978508746076160,negative,0.0025630858603165898
1324978513317949441,negative,0.00036446579525190986
1324978517939982337,negative,6.226523890572276e-05
1324978518544019457,negative,0.009502804660089207
1324978518904725504,negative,0.02378422804951307
1324978526395752448,negative,0.10449293521519207
1324978527486111744,negative,0.28752999928263995
1324978528920735744,negative,0.015840874804958372
1324978530749440000,negative,0.19012381573296427
1324978544217378817,negative,7.973588771820677e-06
1324978544812945408,negative,0.07526007749492149
1324978565071294464,negative,0.00014033622836739695
1324978584457531392,positive,0.9976521473271183
1324978590715437056,negative,0.002862870154924448
1324978598730747905,negative,0.009827548509383352
1324978603101200385,negative,0.011669214980947626
1324978603243737088,negative,0.04382895878775565
1324978606892871680,negative,0.07392624043356032
1324978624328568832,negative,0.00607488946419614
1324978627801276417,neutral,0.49789225920557484
1324978644062621697,positive,0.9992674515268934
1324978649335033856,negative,0.16245833527198753
1324978658981916672,negative,0.16245833527198753
1324978672781172736,negative,0.00726391892408573
1324978673007669248,negative,0.00673085081608439
1324978685712232449,negative,0.08147798299816797
1324978685993234432,negative,0.04431572555359769
1324978689264689157,negative,0.00014341839001266637
1324978694331502593,negative,0.2650067272594027
1324978705609928704,negative,0.005119919580521519
1324978709238075398,negative,0.004806832021427894
1324978709582016512,neutral,0.49789225920557484
1324978710534119424,neutral,0.607601807529265
1324978715286269957,negative,0.021131423396613138
1324978720227155969,negative,0.0010993230400479855
1324978720235548673,negative,0.024964811534524536
1324978721560928256,negative,0.25802490790943183
1324978724626948098,negative,0.0029183450226074967
1324978732130586624,negative,0.006046616606876791
1324978747150372865,negative,1.4949773785185622e-06
1324978754574278656,neutral,0.3933410133937601
1324978758143631360,negative,4.433185580464451e-07
1324978760454647809,negative,0.003626603131910635
1324978762816102400,negative,0.0024282817658896703
1324978764460281856,negative,0.16245833527198753
1324978765689053184,negative,0.0650565752679298
1324978808441753600,negative,0.2369710931082333
1324978809343504385,negative,0.0017426285868725468
1324978812224942081,negative,3.4194305584230323e-09
1324978814057852928,negative,0.005930511725196666
1324978815391555590,negative,8.795924809835648e-09
1324978826158501889,negative,4.819256079848735e-09
1324978826850557952,negative,0.001147185270031319
1324978843938156544,positive,0.8384275040189727
1324978849365549056,negative,0.02057868051094123
1324978853857660928,negative,0.13444712274198
1324978854239277056,negative,0.009827548509383352
1324978855677992960,positive,0.6878949687071061
1324978858026704897,negative,0.17379686054706137
1324978881246453763,negative,1.0166553920249967e-06
1324978889819631616,negative,0.0001487532791227651
1324978907775455239,negative,4.699133407327889e-08
1324978915736244225,negative,0.0001796171314243556
1324978922342248448,negative,0.19881114970281027
1324978926976983040,neutral,0.47219346026268355
1324978963786194944,negative,0.009827548509383352
1324978965358981121,neutral,0.5007245750822289
1324978970035675138,negative,0.0008113195356510797
1324978981364436992,negative,0.005847030700436237
1324978983440617472,negative,0.1896316821012741
1324978987572088832,negative,9.799173943072872e-06
1324978989434359808,negative,0.006781820729020643
1324979000402472961,neutral,0.49789225920557484
1324979010984701952,negative,0.006781820729020643
1324979014209949697,negative,0.057756069818653846
1324979015267082240,negative,0.00013533582140898504
1324979042412601345,negative,0.010497747784187621
1324979042983022592,neutral,0.46127768308170247
1324979046598504450,neutral,0.3933410133937601
1324979049031196673,neutral,0.36742492523419246
1324979055091986432,neutral,0.6251540968464321
1324979066051637249,positive,0.8665865778885271
1324979073421090818,negative,0.00013533582140898504
1324979074369019904,negative,0.00013533582140898504
1324979082199785472,negative,0.0004602646042174787
1324979106224566272,negative,3.318352522646655e-06
1324979107822768129,negative,2.2686515545545997e-08
1324979115104088065,negative,0.00022594119680800962
1324979117264162816,negative,0.0011674183285458376
1324979159534202885,negative,0.15585040364727296
1324979169038639105,negative,0.14573289983767834
1324979169474777090,negative,0.06973207598216406
1324979173954347008,negative,0.16635609013208075
1324979177263656960,negative,1.0165246589880647e-08
1324979179155312641,negative,0.0030049076178602124
1324979188454010882,negative,1.14300845881359e-06
1324979197610258433,neutral,0.5315025225330297
1324979205277245440,negative,0.002684654061614064
1324979207215206400,neutral,0.4294010580194242
1324979214861430785,negative,0.008249899917562552
1324979220372729857,neutral,0.5136446707795853
1324979229457608704,negative,0.19195639185166183
1324979233467273217,negative,0.0015682249056857595
1324979251058274304,neutral,0.3519509867383103
1324979264291303424,negative,0.07129286861325784
1324979266409410560,negative,0.0006182970317234478
1324979276232478720,negative,0.22856629883898325
1324979276911931392,negative,2.9562286894512778e-05
1324979277859794944,negative,0.00526276189728546
1324979277880848385,negative,2.791833893026738e-06
1324979280330317824,negative,0.000406254580589093
1324979290828574721,negative,3.3315689461175256e-06
1324979306636972032,negative,0.06771988314716937
1324979307933011968,negative,0.006781820729020643
1324979308859940864,negative,0.0001002233401613636
1324979314098573312,negative,0.009827548509383352
1324979315218509824,negative,0.0005514199897814128
1324979322436919296,negative,0.0004602646042174787
1324979325725241344,negative,4.1237160893221595e-10
1324979337574166528,neutral,0.3845709177442849
1324979351851503616,neutral,0.49789225920557484
1324979354204508161,negative,3.15688768898747e-05
1324979367827660800,negative,0.0004602646042174787
1324979380729286656,negative,0.003626603131910635
1324979388639744001,negative,0.04297887530984711
1324979391097671685,negative,0.07392624043356032
1324979391441592321,negative,0.00013533582140898504
1324979403252699136,negative,0.002567139543339201
1324979428049494016,negative,0.0001777585658163734
1324979431602085888,negative,1.481351964229133e-07
1324979434856787969,negative,0.0016148966935536037
1324979435163037697,negative,7.086726988803354e-06
1324979443891392512,negative,0.2814623313707707
1324979448496746496,negative,0.0004602646042174787
1324979450451202049,negative,0.008228781857331419
1324979452984619008,negative,0.3200119718718741
1324979458441420800,neutral,0.3933410133937601
1324979460374933504,negative,0.003295044395072586
1324979467144605702,negative,0.05536325008501752
1324979472257462273,negative,0.0006884367394269966
1324979477009608704,negative,0.08352434894358551
1324979478683115520,positive,0.915050486411505
1324979498094387200,negative,0.2082118749341492
1324979505446985728,negative,0.022601185658296927
1324979506919116800,negative,0.009827548509383352
1324979528574230529,negative,2.492978995297164e-08
1324979531745255427,positive,0.9976521473271183
1324979543132823552,negative,6.226523890572276e-05
1324979561776418816,neutral,0.49789225920557484
1324979573658955776,negative,3.201483013609697e-07
1324979576229998592,negative,0.03336443119829298
1324979596530479106,negative,0.0020697547524428004
1324979597893578752,negative,0.009827548509383352
1324979605468372993,negative,7.48308454487604e-08
1324979609570594816,neutral,0.5066079250335276
1324979611625730048,negative,0.05319437500176261
1324979615375515650,positive,0.9935451700165289
1324979640935571456,negative,0.0001692257237631498
1324979652197281792,neutral,0.45230239515358045
1324979659449176064,negative,0.014336833127617979
1324979666856374272,negative,0.0013529447308212544
1324979676582916102,negative,0.2941056163298043
1324979680248811520,negative,0.011669776696166676
1324979680928215041,negative,6.495465742376532e-05
1324979685516828674,neutral,0.34174852498808683
1324979685529432064,negative,4.433185580464451e-07
1324979687249108994,negative,0.10722228742335936
1324979706245033985,negative,0.00013533582140898504
1324979709025931269,negative,0.001490679775006538
1324979711475412993,negative,0.0674417891216964
1324979717003489281,negative,2.2685958439456587e-07
1324979746590044162,negative,0.21921412548362115
1324979757415600128,negative,6.337249414321232e-06
1324979758040539137,positive,0.8732085236302526
1324979761152741376,negative,0.00027270038686742857
1324979762687840258,negative,0.00022205406316621023
1324979769763573761,negative,0.0004602646042174787
1324979776281522176,positive,0.7819990852022108
1324979784540106752,negative,0.002349627712949357
1324979786494701569,negative,0.04241400470276896
1324979795680251904,negative,0.002295851644417195
1324979806128250880,neutral,0.5347562730847364
1324979808934227968,negative,5.873882088499683e-05
1324979809240436736,negative,0.0053590863650066845
1324979813682188291,negative,0.009827548509383352
1324979835186372608,negative,0.029779835383105305
1324979839187775488,negative,0.009827548509383352
1324979840949362690,negative,3.3315689461175256e-06
1324979843579174912,negative,0.12482390706842413
1324979859475587073,negative,0.01169408336567762
1324979862113759233,negative,0.003626603131910635
1324979880619077633,negative,3.3315689461175256e-06
1324979889754222593,negative,0.00045869773640784376
1324979893378093056,negative,4.182340447787784e-06
1324979897937309698,negative,0.2650067272594027
1324979903016611840,negative,0.05897235857735733
1324979923614887938,positive,0.8718757028321711
1324979942514429953,neutral,0.4737554465528978
1324979961103527936,negative,0.009827548509383352
1324979973959143424,negative,0.0006256855072289718
1324979978300166144,negative,0.04382895878775565
1324979979000705024,negative,0.004806832021427894
1324979997111685123,positive,0.9495074450813811
1324980015205810177,neutral,0.46127768308170247
1324980017508528134,neutral,0.49789225920557484
1324980020872404992,negative,0.01867539214231744
1324980022189445120,negative,0.005446971691665169
1324980024802484224,neutral,0.35220526398068863
1324980042464681986,negative,0.0004602646042174787
1324980054959542272,neutral,0.6251540968464321
1324980055693357056,negative,0.0008931810716143406
1324980057006338049,negative,0.0016148966935536037
1324980064191209472,negative,0.0013529447308212544
1324980067051728896,positive,0.7745982578167736
1324980072105857026,positive,0.7703389743947978
1324980076866310144,negative,0.00044420211404664316
1324980077956886530,negative,0.02238341655806889
1324980084814573570,negative,0.14567372877407683
1324980087679311873,negative,0.09485198617119915
1324980091584176128,negative,0.03590016797053894
1324980094063013888,negative,0.004806832021427894
1324980097124884482,negative,0.026174679523142997
1324980105031143426,negative,0.0006182970317234478
1324980117773414401,negative,0.0013547042823027113
1324980122865328128,negative,0.02167854523154378
1324980123674812417,neutral,0.49789225920557484
1324980126845726720,negative,4.433185580464451e-07
1324980130775769089,negative,0.00013533582140898504
1324980138170322945,negative,0.00022205406316621023
1324980140267466752,negative,0.16029365483326058
1324980151738839041,negative,0.023797932882755307
1324980157107625984,negative,0.0012711347950582724
1324980162002374656,neutral,0.33559695618687596
1324980164158164993,negative,0.06488135937875725
1324980171271761921,negative,0.007665461477718561
1324980191131803648,negative,0.0011886478252650377
1324980204843003904,negative,0.03345097677941757
1324980206763978752,negative,0.03137958749834643
1324980224619065346,negative,0.004303202530095084
1324980227563466752,negative,0.1620991640474599
1324980236077977601,negative,0.026174679523142997
1324980237898276864,negative,0.03555970674751101
1324980249784938497,negative,0.0008326176939266494
1324980255493402625,neutral,0.49789225920557484
1324980262774697984,negative,0.004806832021427894
1324980269112307714,neutral,0.49789225920557484
1324980271465291776,negative,0.09463882524216248
1324980272501297153,negative,4.587405995754433e-06
1324980274824929280,negative,0.023797932882755307
1324980276385243136,negative,0.012089191243605895
1324980280382410752,negative,0.00011828954255022704
1324980287533699072,negative,0.01671842062645876
1324980306080903168,negative,0.31226134849367715
1324980312926003202,negative,0.09566490882460411
1324980313185980416,negative,0.051319143066858613
1324980325336944641,negative,0.00022205406316621023
1324980333071265793,negative,0.008228781857331419
1324980333310214145,negative,0.0030049076178602124
1324980338117005312,negative,7.086726988803354e-06
1324980345666744321,negative,0.12131060434974665
1324980366826987521,negative,8.957821157073031e-05
1324980377203699717,negative,0.006781820729020643
1324980380345249793,negative,0.0026379374003494454
1324980388956155905,negative,0.00045869773640784376
1324980389719453698,negative,0.009101411264986843
1324980390570971136,negative,0.0001487532791227651
1324980407750848515,positive,0.999888393971003
1324980412062572544,neutral,0.6251540968464321
1324980423760424965,negative,0.055033619656141376
1324980427317194752,negative,1.6751168721766833e-05
1324980430295228416,negative,0.16245833527198753
1324980442748084224,neutral,0.372188405373114
1324980444719312896,negative,0.17379686054706137
1324980446363590656,negative,7.014067589368731e-07
1324980453712015360,neutral,0.49789225920557484
1324980455825870848,negative,0.00014162163042107903
1324980479523696640,negative,0.01202422463824476
1324980497785757696,negative,0.1250322889895359
1324980504295333888,negative,0.0034740761159746327
1324980505482321921,negative,0.028792826192486833
1324980506925133824,negative,0.000540025912167759
1324980542362759173,negative,7.464413094946105e-11
1324980548280913920,negative,7.086726988803354e-06
1324980557558784000,negative,0.004806832021427894
1324980561958539264,negative,0.04688767956822188
1324980569365762049,negative,5.694570116649989e-05
1324980574893826048,negative,0.00045869773640784376
1324980586562400256,negative,0.10067223751873115
1324980587250192384,negative,0.00031033728634925875
1324980588005257216,negative,0.0003659726612314171
1324980592660844544,negative,0.20705659454341463
1324980597681426433,negative,0.00045869773640784376
1324980600470708224,negative,0.0650412091470514
1324980608041426946,neutral,0.48728019602140255
1324980618271318016,negative,0.12349429145986153
1324980618770472965,negative,0.033045223445689505
1324980628757098496,negative,5.694570116649989e-05
1324980636071890944,negative,0.006781820729020643
1324980636256505858,negative,0.010723361593233772
1324980661162291200,negative,6.226523890572276e-05
1324980664618397698,neutral,0.4330655025825367
1324980664882655233,positive,0.8922825639061556
1324980668476977152,negative,0.14279662449371414
1324980674990911489,negative,0.08416240590792011
1324980675271942144,negative,0.1399673869791314
1324980679889858560,negative,0.0001692257237631498
1324980683933179904,neutral,0.49789225920557484
1324980684377743366,negative,0.0001751899401198848
1324980699422732288,negative,0.17525392654337277
1324980723149901825,negative,0.009827548509383352
1324980728136945665,negative,0.00045869773640784376
1324980736500396032,negative,0.0032421445463110374
1324980739432214528,positive,0.9934256131627587
1324980739536871425,positive,0.984081465997143
1324980739851624448,neutral,0.6251540968464321
1324980746239561733,negative,0.006781820729020643
1324980751566299136,positive,0.6907730079437825
1324980774454648834,negative,0.1371364424819424
1324980778997067781,negative,0.04382895878775565
1324980796315328513,negative,5.2535002971095345e-05
1324980809334480897,negative,0.17379686054706137
1324980814795444224,negative,5.388935304554092e-06
1324980819220434944,neutral,0.5971493235148516
1324980839164354561,positive,0.8517847357680635
1324980841571823616,negative,0.12833057459769318
1324980844595961856,positive,0.9226973814720367
1324980856272941056,neutral,0.5817445760628599
1324980856407076864,negative,0.00045869773640784376
1324980861255770112,negative,0.005682453531775946
1324980869292023810,negative,0.00045869773640784376
1324980876602650624,negative,0.0008331377339304571
1324980884202774528,negative,0.00013533582140898504
1324980884454469632,negative,0.006781820729020643
1324980892935348224,neutral,0.49789225920557484
1324980898517954560,positive,0.8417738749771817
1324980907950870528,neutral,0.6462607005943426
1324980924518379520,negative,0.0001487532791227651
1324980927026618368,negative,0.01762605773814308
1324980931619414017,negative,1.1373239220399192e-13
1324980942855938048,neutral,0.349120810978027
1324980943485014017,negative,0.0572967429704769
1324980964276244488,negative,0.00022594119680800962
1324980966432059394,negative,0.07392624043356032
1324980971188465664,neutral,0.4969666351881783
1324980972656488448,negative,2.5366187434634603e-06
1324980973172363264,negative,0.010870538181666962
1324980987122638849,negative,0.2650067272594027
1324980989593071617,negative,0.006111351103857316
1324980997344071681,neutral,0.35220526398068863
1324980999906799616,negative,0.001191913264772541
1324981013630644224,neutral,0.40055926478932447
1324981024258994177,positive,0.9069867296733586
1324981033276755969,negative,7.086726988803354e-06
1324981033528406016,negative,0.07071062316949325
1324981037999517696,negative,0.023797932882755307
1324981041224888321,negative,0.009827548509383352
1324981045989683200,neutral,0.6171542433430028
1324981050876030976,negative,0.06776439513594398
1324981051987529728,neutral,0.49789225920557484
1324981053287706626,negative,0.016863816259652584
1324981068479520768,negative,0.07392624043356032
1324981068894760961,negative,0.19957437969799505
1324981079904833536,negative,0.023797932882755307
1324981080408154113,negative,0.00045869773640784376
1324981101392236544,negative,0.25675835552680515
1324981103355179009,negative,2.3404910886136614e-05
1324981105460703232,negative,0.2565778527400238
1324981109936021505,negative,0.007539432640180683
1324981131779960832,negative,0.07296912563985898
1324981141795864577,negative,0.00045869773640784376
1324981152147443712,negative,0.005103644001079348
1324981158166343681,negative,0.05462748991505737
1324981163715399681,negative,0.15556885163384054
1324981165112119298,negative,0.004415652685103589
1324981188470185987,negative,0.17210241081275093
1324981205163520002,negative,0.00045869773640784376
1324981216785928192,negative,0.00045869773640784376
1324981221412265984,negative,0.009611649775271593
1324981221777166338,negative,4.433185580464451e-07
1324981240907358208,negative,0.003626603131910635
1324981249530847232,negative,4.586383133231618e-08
1324981262512246785,positive,0.9031479848952295
1324981295374589952,negative,0.00036446579525190986
1324981315079458816,negative,0.0869003744226905
1324981322348158977,negative,0.006781820729020643
1324981328740278272,positive,0.8347013880588563
1324981336831107072,negative,0.001191913264772541
1324981338047393792,negative,0.03209339589371146
1324981339557400578,negative,0.0004602646042174787
1324981341365170183,positive,0.9704867200789075
1324981345764904960,negative,0.006781820729020643
1324981354405138437,negative,5.97129658037819e-11
1324981378946052096,negative,5.694570116649989e-05
1324981385279451136,negative,9.733444374193919e-07
1324981389251522560,neutral,0.49789225920557484
1324981392258838528,negative,0.004303682087110754
1324981399447859200,negative,0.30926752766381305
1324981402316779520,negative,1.3278578159049516e-07
1324981405508653057,negative,2.0084546600970987e-05
1324981414803148801,neutral,0.5512985792660935
1324981415784669186,negative,0.02252884847861499
1324981421606379522,neutral,0.3318228626708164
1324981426454982656,negative,1.40621667029985e-11
1324981436701577216,neutral,0.49789225920557484
1324981437523759104,negative,0.2009249579885097
1324981440547758082,negative,0.29150453131543796
1324981448886153217,negative,0.054636606585537456
1324981456809103360,neutral,0.6337854020825082
1324981464686071808,negative,0.0001777585658163734
1324981484298661894,negative,0.01812597702698602
1324981490975977472,negative,7.752728256103218e-05
1324981494780207104,positive,0.7188134568286274
1324981499972685824,negative,0.002222445540139969
1324981501704990722,negative,0.005930511725196666
1324981505790271489,negative,0.00019619701058705663
1324981510357856261,negative,0.004344416035742308
1324981515885883392,negative,0.018875095112763866
1324981522596818944,negative,0.0001936241646982072
1324981528569339904,negative,0.020934331076586807
1324981548479811585,negative,0.024093808317004216
1324981551281676289,neutral,0.43472678757344296
1324981557946363904,negative,5.944378779625025e-05
1324981558856609792,negative,0.04156687828916637
1324981582411816961,negative,0.07085160814369451
1324981593597992960,neutral,0.5283932022433971
1324981597851054080,positive,0.9021951916579879
1324981605610426370,negative,0.18572108229980216
1324981611486654464,negative,0.023283766166341178
1324981612493279234,negative,0.28752999928263995
1324981633347440646,negative,0.0048525715043831906
1324981633464799232,neutral,0.48728019602140255
1324981639370461185,negative,0.2765554985315218
1324981648258162688,negative,0.0052179984057148035
1324981652007870464,negative,2.4295136635239707e-05
1324981657951211522,negative,0.0614249307711701
1324981668101369856,negative,0.010573856002578139
1324981671968579584,negative,9.369571282279372e-06
1324981686057234432,negative,0.0004518209636168104
1324981710078038017,negative,0.28752999928263995
1324981711529267202,negative,0.001490679775006538
1324981719620067328,negative,0.0004602646042174787
1324981730013548544,neutral,0.6251540968464321
1324981733746307072,neutral,0.49789225920557484
1324981744584548352,neutral,0.48728019602140255
1324981750699798532,neutral,0.6582273190715557
1324981760388640768,negative,0.24297895979127038
1324981764092211200,negative,0.03209339589371146
1324981771260358656,negative,0.04382895878775565
1324981774628302848,negative,0.25205813837328733
1324981786569564160,negative,0.00013533582140898504
1324981794127679488,negative,0.055695926661773865
1324981801731960833,negative,0.0616995653455969
1324981805460697088,neutral,0.49789225920557484
1324981809956917248,neutral,0.46127768308170247
1324981811919941632,negative,0.14814528983170486
1324981822158229504,negative,0.0003112774879455098
1324981829397585920,neutral,0.46318326475361027
1324981846728470529,negative,0.0906088497968567
1324981848171278337,neutral,0.5660074090354211
1324981854915604480,neutral,0.49789225920557484
1324981872615677952,negative,0.0001487532791227651
1324981881557938176,negative,0.00017388329148453616
1324981888851832832,negative,0.0005889757538197831
1324981891032895488,negative,0.0004602646042174787
1324981906954473472,negative,0.009827548509383352
1324981908271493120,negative,1.5717069468853694e-08
1324981943004499968,negative,0.057040519090110896
1324981944027930625,negative,0.22082478833139513
1324981947664306176,negative,0.06283745845787837
1324981947924410372,negative,5.17088641415702e-06
1324981959538388993,negative,0.009827548509383352
1324981966928830469,neutral,0.48728019602140255
1324981979859853313,neutral,0.48747780052539147
1324981997857595392,negative,0.016246349586249913
1324981998126059522,negative,0.0016453060297850677
1324982007097663493,negative,0.006781820729020643
1324982011703009280,negative,0.0006122313602632675
1324982018053201920,negative,0.03747705826452677
1324982025976164352,negative,0.035623218545801964
1324982033811124225,negative,0.003626603131910635
1324982035841232897,negative,5.508699889323394e-10
1324982038064209920,negative,1.9569144981273774e-05
1324982039267979265,negative,0.0523744951161907
1324982042484936705,negative,0.011115253206254042
1324982047027453952,neutral,0.5887311624645767
1324982049678249984,negative,0.01113045192236527
1324982049816666114,negative,4.271175314724007e-05
1324982051578269697,negative,2.8263337330801383e-07
1324982058771509254,negative,0.02202485776481673
1324982064026955778,negative,1.8737871973280404e-13
1324982067327873025,neutral,0.5170788684462355
1324982072545587200,negative,0.01669667500904982
1324982074445602816,negative,5.7225062746499174e-05
1324982076525965312,negative,0.006631829152992199
1324982083056513024,negative,0.005264948898538681
1324982084067274752,negative,0.0179314656356262
1324982084746743809,negative,3.6072429794525154e-07
1324982085409517569,negative,0.07817578451946257
1324982093525364736,negative,0.058806275323411095
1324982098697052162,negative,0.0011994686232437597
1324982102736195585,negative,0.04207204032088109
1324982103306620928,negative,0.07688248263494196
1324982107144417281,negative,0.008414382305221286
1324982108490706944,negative,0.0003522877101741989
1324982108704550912,negative,0.00019619701058705663
1324982112420847622,positive,0.9606170723278322
1324982117890191360,negative,0.0001487532791227651
1324982118540304385,negative,0.0671487380472983
1324982120192872448,negative,0.012520099473356175
1324982124231979008,negative,0.02068763327387505
1324982124747874305,negative,0.020299389231127337
1324982125247029248,negative,0.07392624043356032
1324982126815703040,negative,0.0004749301251506981
1324982128094949376,negative,0.0004796430472312595
1324982134688395264,negative,0.00021149888964256034
1324982139356651521,negative,9.785058052232477e-06
1324982145975267328,negative,0.004806832021427894
1324982147036422144,negative,0.009010079469203921
1324982149532045312,negative,0.01669667500904982
1324982150656122880,negative,0.033918652841317565
1324982154816860161,negative,0.05100177020554495
1324982160391086081,negative,0.055033619656141376
1324982162836303872,negative,0.03713790687071183
1324982163184488448,negative,0.011115253206254042
1324982166007197697,positive,0.7924633557633994
1324982166321836033,negative,0.0035190419332142694
1324982169530413056,negative,0.0048525715043831906
1324982175113109504,negative,0.07085160814369451
1324982178850111489,negative,0.09147446776880551
1324982179932241920,neutral,0.38294087651821457
1324982180800466944,neutral,0.38294087651821457
1324982185183629313,negative,0.00013533582140898504
1324982194490777601,negative,0.06645189095867607
1324982196764110848,negative,0.0003588959795276129
1324982198164975616,negative,0.3035700191101584
1324982199121285120,negative,0.019977329896995098
1324982206117392384,negative,0.19694796346150212
1324982209850318848,negative,0.0015856572028933164
1324982211460935680,negative,0.0338192430976032
1324982211930624001,negative,0.001490679775006538
1324982212673069057,negative,0.029975004036448715
1324982216670081025,neutral,0.49789225920557484
1324982218381381632,neutral,0.49789225920557484
1324982220826824706,negative,5.435557446088179e-09
1324982222504529920,negative,2.7912803219914466e-05
1324982225591545856,neutral,0.6226733053756961
1324982225818038272,negative,0.004806832021427894
1324982225935405057,negative,0.0027873474886442266
1324982228003254272,negative,0.0001482655304793567
1324982230368849926,negative,0.0009605978297218195
1324982233627840512,neutral,0.5533970533999424
1324982240678453248,negative,0.007671060907790891
1324982242406518784,negative,0.02405843939423484
1324982246567186432,negative,0.0027386524265498465
1324982246974107648,negative,0.1055386949104284
1324982247116640257,negative,0.01158077121252876
1324982248299487232,negative,0.16309148673466362
1324982249087971329,negative,0.18293229234979194
1324982250040143872,negative,0.009444504375563673
1324982255148658688,neutral,0.49789225920557484
1324982255459176448,negative,1.2294695545672595e-20
1324982256121864192,neutral,0.5170788684462355
1324982263008944129,negative,0.00016253982147693214
1324982263084355584,negative,0.23868751219871243
1324982265013735427,negative,2.6605089169561478e-05
1324982265408073731,negative,0.00011694338962746085
1324982268633493505,negative,0.0002716124491439329
1324982275998683137,neutral,0.3381673764867316
1324982276145426432,positive,0.910232654629336
1324982276518711296,negative,0.01669667500904982
1324982279131762688,negative,0.012094109278753288
1324982282973835270,negative,0.023797932882755307
1324982285070897152,negative,0.02068763327387505
1324982288598306816,negative,4.587405995754433e-06
1324982290422915072,negative,0.027346176419514527
1324982290649374721,negative,0.00010048581102125066
1324982291362435072,negative,0.00022950261059171285
1324982296928264192,negative,0.07392624043356032
1324982303085518848,negative,0.054636606585537456
1324982309125316609,negative,0.00029086510354124504
1324982313806147584,negative,4.448645840120978e-06
1324982314330443776,negative,0.05183919102245496
1324982320307310592,negative,0.0005536537526958642
1324982324874915841,negative,0.01669667500904982
1324982325109805056,negative,0.0704338807470786
1324982328767221760,negative,0.04628035607648067
1324982333582225408,negative,4.1196332126343046e-05
1324982335050289152,negative,0.01198129037388375
1324982338405756928,negative,0.006631829152992199
1324982343178792962,neutral,0.5607081108122642
1324982353907879936,negative,0.027346176419514527
1324982354595745793,negative,0.009827548509383352
1324982358001508353,negative,0.07296912563985898
1324982363345084419,negative,0.0001487532791227651
1324982365496750080,neutral,0.6252439957264269
1324982366880796672,negative,0.001147185270031319
1324982370601209856,negative,0.0015475087256461367
1324982374791323648,negative,0.00012950127971270522
1324982381464399875,negative,0.00029506232497756825
1324982384828297221,negative,0.0009536279998012598
1324982389978898432,negative,5.167951826773007e-05
1324982390054395904,negative,0.009827548509383352
1324982393590194181,negative,0.00607488946419614
1324982404117893120,negative,0.06656346715102046
1324982404524748800,negative,0.0002647333675108038
1324982404759629825,negative,0.06645189095867607
1324982413731131392,negative,0.003464787302396554
1324982414721118208,negative,0.001490679775006538
1324982417510305793,negative,0.014365381624748125
1324982417682288640,negative,0.01688462348460651
1324982418718269442,negative,0.2866385128934336
1324982421071204353,neutral,0.4336378913141176
1324982421343903744,negative,0.01403997946709571
1324982423722086400,negative,0.0048525715043831906
1324982426339303424,negative,0.22002389376207812
1324982431145992192,negative,4.7492527924419165e-05
1324982431498186752,neutral,0.38294087651821457
1324982431611379712,neutral,0.38294087651821457
1324982435260506114,negative,0.0006182970317234478
1324982436464373761,negative,0.0036355546775799553
1324982440142770176,negative,0.023797932882755307
1324982447126278146,negative,3.681045735402903e-07
1324982452390125573,negative,0.12457720907125991
1324982453027672064,negative,0.007384610557520623
1324982454810193920,negative,0.308199125160694
1324982455292538880,negative,0.01044315696714679
1324982457343553537,negative,1.0282038749105291e-06
1324982459981844481,negative,0.008017671041006324
1324982460363452416,negative,0.027346176419514527
1324982462687051778,negative,0.1335855624647033
1324982465308602368,neutral,0.3358218310945649
1324982469393838081,negative,0.008414382305221286
1324982471012872193,negative,0.3225571266627454
1324982472568926208,neutral,0.48728019602140255
1324982473571381248,negative,0.2706730545405702
1324982475643359233,negative,3.2003522437347523e-07
1324982476457058309,negative,1.416220780866903e-05
1324982479661436929,negative,0.01852810140088388
1324982483893559298,negative,0.023797932882755307
1324982486171062277,negative,0.24452059075275717
1324982487118999552,negative,0.0002647333675108038
1324982490034020353,negative,0.0027386524265498465
1324982491036442624,negative,0.001225412843909871
1324982491103563776,negative,0.01403997946709571
1324982493011972096,negative,3.3385782707095304e-05
1324982495536934912,negative,0.0004602646042174787
1324982507809464323,negative,0.00045869773640784376
1324982512221872129,negative,0.036300510751530235
1324982515409575937,positive,0.782429480926014
1324982516772712448,negative,0.2216305196418981
1324982520019111939,neutral,0.4513605618894927
1324982520916684800,neutral,0.5734576952979002
1324982524058202114,negative,0.006365159498577788
1324982531742052352,negative,0.20151107838416538
1324982534225190912,negative,0.0010916387539594318
1324982536204857344,negative,0.0020896466720272317
1324982537144373248,negative,0.028159089725170127
1324982539837169666,negative,0.00178952376317105
1324982541833691136,negative,0.0003802469746389986
1324982545184862210,negative,0.01669667500904982
1324982549672845313,negative,2.5247928827541553e-12
1324982555368714240,negative,0.10090544459456571
1324982555561627649,negative,0.01669667500904982
1324982558728335361,negative,0.11973831265073928
1324982559718187013,negative,0.001490679775006538
1324982560078901248,negative,0.18293229234979194
1324982561467195393,negative,0.0002647333675108038
1324982562079567872,negative,4.123927392558112e-05
1324982567385305088,negative,2.7912803219914466e-05
1324982568689733632,negative,0.0004586849517774872
1324982575048368135,negative,0.00013533582140898504
1324982579066507264,negative,4.433185580464451e-07
1324982581188841473,negative,0.28298008817073356
1324982582191267840,negative,0.006437628808121633
1324982582614822912,negative,1.4793940654398643e-05
1324982599123660801,negative,0.1507022124430812
1324982600562257920,positive,0.946527585645543
1324982601774485504,negative,0.00011694338962746085
1324982602638483462,negative,0.009052746398346249
1324982603343142912,negative,3.610679325490806e-12
1324982603657736192,negative,0.001147185270031319
1324982609479413760,negative,0.0014606476242807044
1324982614646779904,negative,0.09223946574949152
1324982617926676485,negative,0.008433666424513913
1324982618404892672,negative,0.05668105991158597
1324982621273722880,negative,0.027346176419514527
1324982623190413317,negative,0.07082415799621594
1324982627028365312,negative,0.005716070508721118
1324982627418386432,neutral,0.35129560269476107
1324982635249229831,neutral,0.49789225920557484
1324982635869990912,negative,0.00045869773640784376
1324982637128192002,negative,3.892607215936108e-05
1324982638692753409,neutral,0.49789225920557484
1324982645764349952,negative,0.11707832776366368
1324982648545177606,positive,0.9183223225601872
1324982648775860224,negative,0.00027643325378008676
1324982648943636481,negative,0.029985407835907675
1324982652731088896,negative,0.004806832021427894
1324982654958178304,neutral,0.4737554465528978
1324982656409481216,negative,0.00029086510354124504
1324982657944580096,neutral,0.5710211662525364
1324982659324538885,positive,0.6822538794814378
1324982662591901697,negative,0.002530541891047038
1324982662755471365,negative,0.06645189095867607
1324982663745335297,negative,1.222248380603446e-08
1324982669453692929,negative,0.20705659454341463
1324982674327363584,negative,2.108592637099772e-12
1324982675342577664,negative,0.010820435909015783
1324982676466577409,negative,0.0003401518485216552
1324982681071915013,negative,0.0004602646042174787
1324982683773100032,neutral,0.49789225920557484
1324982684255457281,negative,0.01158077121252876
1324982685476020224,negative,0.004047319200745439
1324982687367618560,negative,0.07737508956086037
1324982687451516933,negative,0.00013533582140898504
1324982690882473984,negative,0.19694796346150212
1324982698440585216,negative,0.1521891999731996
1324982700101541889,negative,5.694570116649989e-05
1324982704513966088,negative,0.022410636880071538
1324982707445768192,negative,0.00137046402443629
1324982720582324224,negative,0.05212776250022416
1324982723489001472,negative,6.1000535180316115e-09
1324982725791592449,negative,0.0006182970317234478
1324982731370078210,negative,0.07296912563985898
1324982736654884864,negative,0.00024639375720995996
1324982740752740354,negative,4.2493153941746664e-08
1324982741511888896,negative,0.0003401518485216552
1324982749875351552,negative,0.01852810140088388
1324982750974185472,negative,5.167951826773007e-05
1324982751276232704,negative,0.001278503335434978
1324982755965493248,negative,0.008254246902997172
1324982761141248000,negative,0.005382464387607883
1324982762118340609,negative,5.074665219339848e-05
1324982763791978498,negative,0.311162438060547
1324982765582946305,negative,8.781926644542911e-08
1324982768930082816,negative,4.156044923390109e-09
1324982769404039169,negative,0.0006810736730003952
1324982771379560448,negative,0.001978373484662346
1324982778803482627,negative,0.14426364613626677
1324982785845682177,negative,0.117975532014035
1324982786894204933,negative,1.9426667875810055e-13
1324982787561172992,negative,0.0048525715043831906
1324982792711712768,negative,0.06645189095867607
1324982795064762370,negative,0.06691160563849015
1324982796402778113,negative,0.0030049076178602124
1324982796667002880,negative,4.291175635754255e-06
1324982796914483201,negative,0.09663746367195723
1324982797094842368,negative,0.004494750625355985
1324982805294690305,negative,0.0016850135978148445
1324982807358271488,negative,0.00024357760691574553
1324982807374880768,neutral,0.43501212687983754
1324982809212153856,negative,0.05712092837690792
1324982810382393345,negative,0.05194129602278022
1324982814463434752,negative,1.0282038749105291e-06
1324982815801434112,negative,0.00137046402443629
1324982816539598849,negative,0.28332576271341386
1324982820964605952,negative,0.0671487380472983
1324982830443745280,negative,2.7759746487330684e-09
1324982831953702912,negative,0.009827548509383352
1324982835841822721,negative,0.03747705826452677
1324982836844179456,negative,0.1953282804766124
1324982841487233024,negative,0.0701815727399819
1324982842468790272,neutral,0.334831360886832
1324982848676392960,negative,0.054216119034176176
1324982857052327936,negative,3.890396350352981e-10
1324982857559904256,negative,0.0027021993393105325
1324982863192875008,negative,0.004806832021427894
1324982863427727362,negative,0.0022362036567377982
1324982866305044480,negative,0.10189243554300649
1324982866560872448,negative,0.0007893444075700027
1324982867143831552,neutral,0.36687384435783316
1324982874085462016,positive,0.9445210928573198
1324982880544677888,negative,0.2706730545405702
1324982882142662659,negative,0.0006182970317234478
1324982883828854784,neutral,0.4153373325707398
1324982890996899840,neutral,0.5017543432377519
1324982891265273856,neutral,0.5136446707795853
1324982898005577729,negative,0.00701017458971945
1324982899792351232,negative,0.19694796346150212
1324982903932116992,negative,9.152077133352341e-05
1324982908185178112,neutral,0.6032101843969966
1324982908965298176,negative,1.2967695658678103e-08
1324982914816372736,negative,0.031798342397683026
1324982924853342208,negative,0.2862572389607917
1324982925855772673,neutral,0.46650420745416477
1324982927797719040,negative,0.023426726574753462
1324982927827083266,neutral,0.5107115718661803
1324982931639689216,negative,0.009827548509383352
1324982933183139840,negative,0.023612478007711206
1324982936110850049,neutral,0.49789225920557484
1324982937134231553,negative,0.05183919102245496
1324982937796931585,neutral,0.49789225920557484
1324982946588188675,negative,0.029287639237718887
1324982946823086080,negative,0.011115253206254042
1324982952208584707,negative,0.010483515942085929
1324982956365111300,negative,1.9588150516853672e-08
1324982959238242305,negative,0.007155317439452972
1324982962979557376,negative,0.1086700129859862
1324982963596128256,negative,0.01158077121252876
1324982970114060290,negative,0.008414382305221286
1324982970244100096,negative,0.05183919102245496
1324982970726440960,negative,0.0048525715043831906
1324982974660681728,negative,0.001538549518196188
1324982978196496384,negative,0.027346176419514527
1324982984546639872,negative,0.21765672259958893
1324982989726560258,negative,0.07936085798397757
1324982990313844737,negative,0.1445844966237223
1324982990984933377,negative,0.0025024205726225093
1324982994239680518,negative,3.3162956423149893e-09
1324982994973700097,negative,0.19975597027139305
1324983000526974976,negative,0.04382895878775565
1324983000854106112,positive,0.9273356925823049
1324983001122566144,negative,0.0005514199897814128
1324983001260953600,negative,0.00021525562435824818
1324983006453526533,negative,0.06645189095867607
1324983006759686145,negative,0.0048525715043831906
1324983007078387717,negative,0.3029968537174699
1324983007820853248,negative,0.00019892925154085182
1324983011541196803,negative,0.00010504468234782317
1324983012140994561,negative,0.021083800151643566
1324983018759581697,negative,0.0022659831661368305
1324983023285235714,neutral,0.49789225920557484
1324983023612391424,negative,0.19782212588386514
1324983032542081026,negative,0.00013538212608942961
1324983044038664192,negative,4.1164840326115904e-07
1324983044810428416,neutral,0.5673998907378653
1324983045137502209,negative,0.007263391810669121
1324983046639149056,positive,0.7457679677437798
1324983052133687296,negative,0.002195374562527239
1324983053102428160,negative,0.05536325008501752
1324983055501701120,negative,0.001225412843909871
1324983055686230016,negative,0.00013533582140898504
1324983060971057157,negative,0.002401304902812272
1324983068860485633,negative,3.3315689461175256e-06
1324983070861168640,negative,0.04053075609481734
1324983073486868481,negative,0.03650730107707264
1324983076942909440,negative,0.06866749161147867
1324983077718908929,positive,0.6822538794814378
1324983082370232320,neutral,0.40483159940397906
1324983091820105728,negative,7.994608981432204e-08
1324983096131919872,negative,0.06645189095867607
1324983096232566784,negative,0.009063444622137765
1324983097654390784,negative,0.0018438614501501865
1324983103325147136,negative,0.004806832021427894
1324983106194071552,negative,0.00018844382069640867
1324983116541419520,neutral,0.6251540968464321
1324983120924446720,negative,0.06645189095867607
1324983124460187650,negative,1.8265722806394498e-06
1324983127350120450,negative,1.863991230200623e-05
1324983129044643843,positive,0.7012751897858396
1324983130902716416,negative,0.0018122619653580584
1324983133503180800,negative,0.01669667500904982
1324983136938291201,negative,6.054751773726494e-06
1324983137416454146,neutral,0.6251540968464321
1324983146471976960,negative,0.05862405107921914
1324983150875975680,negative,0.08131117716680174
1324983153354829824,negative,0.0006182970317234478
1324983159000354817,neutral,0.4171084832741637
1324983161927987201,negative,0.06645189095867607
1324983162242560001,negative,0.0896050882236227
1324983164473896961,negative,0.010805495760659346
1324983165048541184,negative,0.008145557679170414
1324983169997811712,neutral,0.6070858531182126
1324983173462290432,negative,0.002812769253853583
1324983174473068544,positive,0.7459738027799986
1324983183969017856,negative,5.694570116649989e-05
1324983185092956163,positive,0.8510693675574934
1324983186330439680,negative,0.03898133739508513
1324983188578574341,negative,0.09813581978326423
1324983195159367681,negative,0.0014264984057048046
1324983196778442752,negative,9.18104441154739e-06
1324983204747628546,negative,0.006781820729020643
1324983208757366784,negative,0.12063275185142557
1324983216986525696,negative,0.007222412390708354
1324983218324561920,negative,2.337989595545842e-05
1324983227723952129,negative,0.022447790651096772
1324983229422710785,negative,0.04349926072278063
1324983237647675393,neutral,0.5170788684462355
1324983237651914752,positive,0.9386529689251174
1324983246401253378,neutral,0.3396921216657432
1324983252852072449,negative,8.279769736145842e-06
1324983253556719617,negative,2.6605089169561478e-05
1324983255154581509,negative,0.20151107838416538
1324983255242838017,negative,0.04382895878775565
1324983256450789376,negative,0.01403997946709571
1324983261324582912,positive,0.8347013880588563
1324983263652409344,negative,4.0209861987889796e-07
1324983267091746816,negative,4.087871793533262e-09
1324983267318259713,negative,0.0006498495937610719
1324983272162648064,negative,0.010879831558257697
1324983272464654336,negative,0.006897069080835622
1324983282442907649,negative,0.03855324502689611
1324983283663466497,negative,0.21747934448495382
1324983289715765248,negative,0.010879831558257697
1324983290319794176,negative,0.0008297064436343027
1324983292618301440,negative,0.07989904055751135
1324983297357852672,negative,1.514152219592386e-10
1324983298129600513,negative,0.00017000593270471222
1324983299345965058,negative,0.027465783414360713
1324983302147739650,negative,0.16245833527198753
1324983312486699008,negative,0.00033355721108634914
1324983314151837696,negative,0.00045869773640784376
1324983314348978178,negative,0.01158077121252876
1324983318039977984,negative,0.00013471267593051408
1324983320501841920,negative,0.05738731705847255
1324983321361854466,negative,0.2334716435499026
1324983323064737793,positive,0.9900696918593009
1324983324851449858,negative,0.26982460850758394
1324983332787118080,negative,0.001960831858231722
1324983336369000449,negative,0.00022594119680800962
1324983336373252096,positive,0.9699667823972458
1324983337270865920,negative,0.0015107612105661986
1324983338155716610,negative,0.32832645004306127
1324983338562691072,negative,0.0004076403709078738
1324983340575952896,negative,0.18572108229980216
1324983340592746496,negative,0.2092338659131168
1324983341951676418,negative,0.009010079469203921
1324983343465771008,negative,0.027346176419514527
1324983349522423809,negative,0.010836562061221754
1324983349572677634,positive,0.7176414918884588
1324983359978745858,negative,2.7812451328274025e-06
1324983361480380416,negative,0.0428316116983918
1324983362583408640,negative,7.987782096134337e-09
1324983363481047040,negative,0.01403997946709571
1324983365368508419,negative,0.0011741702896451924
1324983366744223745,neutral,0.3742323033478795
1324983369852211200,negative,0.027545471612692864
1324983370376507394,positive,0.8303715196223684
1324983370779078656,negative,1.3444186159979812e-07
1324983373547368448,negative,0.00011170308553703169
1324983380908388352,negative,0.00017388329148453616
1324983382607081473,negative,0.27873399574215535
1324983386155352064,negative,4.052881402443842e-05
1324983388055478272,negative,0.04649895814946074
1324983388814663681,negative,0.02855992588492289
1324983402831949825,negative,0.026688288744060026
1324983411405172737,negative,0.0012117598471353837
1324983418514513920,positive,0.6726086041925986
1324983420137697280,negative,0.0004164938212555952
1324983422327074818,negative,1.3224602356343186e-05
1324983425405603840,negative,0.0007026766706697869
1324983431034515456,negative,4.433185580464451e-07
1324983435564347393,negative,0.01403997946709571
1324983436684169216,negative,0.07299413072383985
1324983455621509120,negative,0.0047829527543386515
1324983455709585410,negative,0.008636914260371487
1324983457987096576,neutral,0.3940294673513869
1324983458033266688,negative,0.023797932882755307
1324983469278191616,neutral,0.37962723484848104
1324983469672370181,negative,9.417763701919656e-09
1324983478270775302,negative,0.011115253206254042
1324983479369601024,negative,0.07257118388952043
1324983490455146496,negative,0.01403997946709571
1324983491487027201,negative,0.05115714055405911
1324983495341600768,negative,2.8263337330801383e-07
1324983500613750785,negative,0.00178952376317105
1324983501217816576,neutral,0.49789225920557484
1324983501251358720,negative,0.00045869773640784376
1324983502346088451,negative,0.0001692257237631498
1324983505810575360,negative,0.000345090928778012
1324983509023416320,negative,0.037089849676957685
1324983511103778816,negative,0.00388397163260448
1324983514174021632,negative,0.2765132995702655
1324983514178199552,neutral,0.38837043114931563
1324983519416897536,neutral,0.5250137350369191
1324983521623109643,negative,0.14442563169193182
1324983526631100417,positive,0.8254041546399966
1324983529298489346,negative,0.03991306581392337
1324983530103967745,neutral,0.3499352441185855
1324983542137450497,negative,0.06645189095867607
1324983543781535744,negative,0.061728019091039275
1324983544498810882,negative,0.00013533582140898504
1324983545459302402,negative,1.780835123401797e-07
1324983547254411264,negative,0.06690258465605708
1324983550270124032,negative,0.04382895878775565
1324983553566810112,negative,0.16635609013208075
1324983553688367104,neutral,0.3940294673513869
1324983554426740736,negative,0.0020911957396596184
1324983556905504769,negative,0.01403997946709571
1324983558201626625,negative,0.01117666183255564
1324983558792994816,negative,3.788104324307988e-08
1324983558881030144,negative,4.433185580464451e-07
1324983558973304832,negative,0.0523744951161907
1324983564090347520,negative,3.1425728669751167e-09
1324983566615375872,negative,0.07312849028076354
1324983571296215041,negative,1.6489743973110802e-07
1324983571350654976,negative,0.00352820536975194
1324983573393379328,negative,0.06645189095867607
1324983573737316353,negative,2.8263337330801383e-07
1324983575071125504,negative,0.10866363189232928
1324983577554153472,negative,0.004047319200745439
1324983578409664512,negative,0.0002833551051641104
1324983581341593600,negative,2.233096165068389e-14
1324983582130114566,neutral,0.48728019602140255
1324983585699401730,negative,0.17144805335387886
1324983587213627392,negative,0.16635609013208075
1324983591475011584,negative,0.010671448150316938
1324983599922368512,negative,0.01158077121252876
1324983600572473344,negative,2.5523067976685873e-06
1324983601864257537,negative,0.0002833551051641104
1324983603839856642,negative,0.18879559232995435
1324983609023934464,negative,0.001084772835115616
1324983614166142977,negative,0.0003784353920483759
1324983616045191169,negative,0.06645189095867607
1324983618083708930,negative,0.06645189095867607
1324983621539819520,negative,0.0371530938564809
1324983624224149504,negative,0.0004602646042174787
1324983628225507328,negative,0.027346176419514527
1324983632637865984,positive,0.9966104960000058
1324983635683012608,negative,0.03601877954889106
1324983644130340864,negative,0.07392624043356032
1324983648546934785,negative,7.286893280470744e-13
1324983666104274944,negative,3.3315689461175256e-06
1324983666167209984,negative,1.9569144981273774e-05
1324983675323355138,negative,0.1930765198229226
1324983676548026368,negative,0.009827548509383352
1324983686442446849,negative,6.024188829979015e-05
1324983687457484800,negative,0.00045869773640784376
1324983693677637632,negative,0.00013533582140898504
1324983710186311680,negative,4.307545500320867e-05
1324983714074529794,negative,0.004767753822159886
1324983714082820097,negative,0.01467521479370451
1324983719757811713,negative,0.16635609013208075
1324983724715487232,negative,0.047057874980891236
1324983725126463488,negative,0.00675500338059999
1324983728637157376,negative,0.1659808044752767
1324983735616495616,negative,0.28752999928263995
1324983737067720705,negative,3.3315689461175256e-06
1324983748597862406,negative,0.04382895878775565
1324983749344448514,negative,0.002265643574045513
1324983756554457091,negative,0.002336549798707734
1324983757770809345,negative,0.0037376332150205996
1324983768264937472,negative,0.006781820729020643
1324983773725945863,negative,0.1582983662800004
1324983780956901381,negative,0.009827548509383352
1324983785776164864,negative,0.00011668089593686432
1324983789110632450,negative,0.1659808044752767
1324983792566677504,negative,0.0027669130593344802
1324983804113645569,negative,0.22861954191474046
1324983813638934529,negative,0.09277549750773266
1324983830701338624,negative,5.168822215181909e-07
1324983843775000577,positive,0.8663530854878786
1324983846467756033,negative,0.055695926661773865
1324983867716100096,negative,2.1001235647300695e-06
1324983874112413697,negative,0.06538189906947639
1324983879611060224,negative,0.07192166207386018
1324983880387072001,negative,0.04860660034049684
1324983889228652545,negative,7.369909679614189e-07
1324983897831190528,negative,0.00013533582140898504
1324983909088636928,negative,0.010746828456791889
1324983915094925318,negative,1.481351964229133e-07
1324983921675804672,negative,0.001490679775006538
1324983933411467264,negative,0.009827548509383352
1324983942706049030,negative,0.0003522877101741989
1324983948238331905,negative,0.06645189095867607
1324983959898484736,negative,0.002567139543339201
1324983962524135425,neutral,0.35629046916267293
1324983963266539521,negative,0.20439966089722336
1324983980547076099,negative,0.14181449202341037
1324983983386529792,negative,0.006781820729020643
1324983987018805248,negative,0.0004602646042174787
1324983990021971968,negative,0.16635609013208075
1324983996313440257,negative,0.006810665878978723
1324984000675532800,negative,5.694570116649989e-05
1324984000876777472,negative,0.053273371142597635
1324984006232961026,negative,0.0630742048508145
1324984011052244994,neutral,0.5347562730847364
1324984011660402688,neutral,0.49789225920557484
1324984012268515329,negative,1.2967695658678103e-08
1324984018039951362,negative,0.057546704885989085
1324984027485511681,negative,0.06645189095867607
1324984029481996291,negative,0.11783695478834291
1324984042098470912,negative,2.8027332546849077e-08
1324984044472455168,negative,0.0008037411360054157
1324984049522315269,negative,0.026174679523142997
1324984049862135809,negative,0.00013533582140898504
1324984074092638208,negative,0.25248321419215564
1324984085660508160,negative,3.3909841089114123e-06
1324984086788792320,neutral,0.4998893536432852
1324984088407764992,negative,1.0088451057940207e-05
1324984091805179904,negative,0.07851582619617994
1324984097815498752,negative,0.1291708955025245
1324984115045814272,negative,0.0013881711086118538
1324984118887784448,positive,0.6907730079437825
1324984121014308864,negative,0.003660098896729081
1324984128064819201,negative,0.16245833527198753
1324984132435374080,negative,4.3519856276050995e-05
1324984136076062720,negative,0.04628035607648067
1324984142287745024,negative,0.0001487532791227651
1324984148520538112,positive,0.8344054734096091
1324984149971759104,negative,0.02976889640125577
1324984150110187522,positive,0.7991579365587533
1324984152475766784,negative,0.00017388329148453616
1324984173040336896,negative,0.002786837221381823
1324984179419918336,negative,0.0023599372514451714
1324984180355133441,negative,0.00831686705109714
1324984190610378752,negative,0.0023599372514451714
1324984196947914752,neutral,0.6251540968464321
1324984201490403330,negative,0.0023599372514451714
1324984202148909056,negative,0.08507626041089905
1324984209442803712,negative,0.04318810834380827
1324984213347725313,neutral,0.5428810571806449
1324984218246635521,negative,0.0016035348051175837
1324984219181977600,negative,0.09022705019248647
1324984221132333056,neutral,0.438416593060192
1324984228950511618,negative,0.00045869773640784376
1324984232314331137,negative,0.023797932882755307
1324984233056743424,negative,0.09318773327331208
1324984235481067520,negative,0.009827548509383352
1324984239134289920,negative,0.019869202955471916
1324984244138078208,negative,0.17509794835644546
1324984244184166401,negative,0.01762605773814308
1324984248651149313,negative,3.727601210221978e-05
1324984252048478208,negative,0.0006466664618233237
1324984266527281153,negative,7.99642282851095e-07
1324984274064465921,neutral,0.4887595667682146
1324984278757806081,positive,0.9681824882439054
1324984280779513856,negative,3.757449212996975e-12
1324984283921051648,negative,0.14174617776833753
1324984295652528134,neutral,0.6295655032132194
1324984298542305280,neutral,0.49789225920557484
1324984300140367872,negative,0.06645189095867607
1324984301155454976,negative,0.0023599372514451714
1324984310747836426,negative,0.08150521214409853
1324984312027107329,negative,0.00047948197951366774
1324984317026705409,negative,0.06645189095867607
1324984319467614208,neutral,0.49789225920557484
1324984325008486400,negative,0.0023599372514451714
1324984325457244160,negative,0.04338397768708459
1324984326224797696,negative,9.875083728019636e-05
1324984345933852672,negative,0.12037334549177861
1324984349008293889,negative,4.291175635754255e-06
1324984349817786368,positive,0.6615133912215149
1324984353269706752,negative,0.0023599372514451714
1324984359556968448,negative,0.10525198263639446
1324984359699554309,negative,0.0023599372514451714
1324984363407339520,negative,0.005103644001079348
1324984379270189057,negative,0.00013533582140898504
1324984379869966339,negative,0.002336549798707734
1324984381258293248,negative,6.226523890572276e-05
1324984382478839808,negative,0.005829142588525134
1324984389260996610,neutral,0.4737554465528978
1324984397926457345,negative,1.9569144981273774e-05
1324984401411911681,neutral,0.49789225920557484
1324984402565357568,negative,7.086726988803354e-06
1324984416087781377,negative,0.16635609013208075
1324984417740263425,negative,0.14902308746955298
1324984421452308483,neutral,0.3742323033478795
1324984422106587139,negative,2.7994601723554147e-08
1324984426355449857,negative,0.15964278084810385
1324984437352800256,negative,0.15306016503956027
1324984438242074624,neutral,0.3600099115409693
1324984439064174592,negative,0.01990766699151212
1324984439999524865,negative,0.00013533582140898504
1324984444504199168,negative,3.3315689461175256e-06
1324984454264184833,neutral,0.49789225920557484
1324984462317334528,negative,7.768721406000138e-05
1324984462397108224,negative,0.22070174636734902
1324984469208576002,negative,0.0002754944348566482
1324984469862887424,negative,0.004104785278195928
1324984470701793280,negative,0.013741631642487238
1324984481162424320,negative,0.04147668895698907
1324984484064862210,negative,0.0004602646042174787
1324984485079879680,negative,0.010820435909015783
1324984485398634502,positive,0.6602417058343244
1324984493070016517,neutral,0.4171084832741637
1324984496358297600,negative,0.06645189095867607
1324984497683750912,negative,0.13969080010462173
1324984499583782912,negative,0.00045869773640784376
1324984506722476032,negative,0.023797932882755307
1324984506793807873,negative,0.06645189095867607
1324984512858755072,negative,0.18572108229980216
1324984519255072768,negative,0.29312179655047804
1324984520043532289,negative,0.034790235727975675
1324984522237218823,negative,0.05326213278404422
1324984522409201665,negative,0.0034740761159746327
1324984526389579776,negative,0.0004602646042174787
1324984528159477767,negative,0.007918086484023593
1324984539060592641,negative,0.009431493529972754
1324984541241614336,negative,0.25335279012727757
1324984547407253504,negative,0.0001487532791227651
1324984550322212864,negative,6.146874301979868e-11
1324984551211413504,neutral,0.49789225920557484
1324984556651499521,negative,0.06645189095867607
1324984557544869888,negative,3.15688768898747e-05
1324984559558144001,negative,0.00045869773640784376
1324984560594153472,negative,0.0023599372514451714
1324984577031606272,negative,0.0023599372514451714
1324984582400335874,negative,0.0023599372514451714
1324984584602329088,neutral,0.46127768308170247
1324984586275856384,negative,0.012937281985471887
1324984588121362433,negative,0.06645189095867607
1324984589966848001,negative,0.01078966481227012
1324984598103810048,negative,0.06645189095867607
1324984602918793218,neutral,0.6251540968464321
1324984605376729088,negative,0.00036320094614376397
1324984617766678528,negative,6.226523890572276e-05
1324984620601892864,negative,3.185516985164062e-05
1324984623055704064,neutral,0.49789225920557484
1324984625714913280,negative,1.1128897164587133e-12
1324984633629405184,negative,0.04382895878775565
1324984637991645192,neutral,0.4622903534400044
1324984641279946752,negative,0.00045869773640784376
1324984643905466368,negative,0.13969080010462173
1324984655712555010,negative,2.1910203094351117e-06
1324984659281809408,negative,0.048323375043380246
1324984662075248641,negative,4.433185580464451e-07
1324984679712370688,negative,0.05640197406091572
1324984687241129986,negative,0.011251407449456458
1324984689325715457,negative,0.0023599372514451714
1324984696858701824,negative,0.06645189095867607
1324984698364432385,negative,0.04362887158288388
1324984698649632769,negative,0.0023599372514451714
1324984704454504448,positive,0.9681824882439054
1324984704991375362,negative,0.006111351103857316
1324984709936525314,negative,0.0001487532791227651
1324984718006292481,neutral,0.5347562730847364
1324984718992039936,negative,2.7843799651700532e-05
1324984731428073472,negative,0.04671639004763758
1324984733948731392,neutral,0.49789225920557484
1324984741372829701,neutral,0.6154290786448824
1324984741934804992,negative,0.0023599372514451714
1324984742433992704,negative,0.000871983481339483
1324984744761847809,negative,0.2765132995702655
1324984757227237376,negative,0.002470296535598687
1324984761224364033,negative,2.8251330688345455e-05
1324984762914664449,negative,0.0005514199897814128
1324984783198433280,negative,0.0004602646042174787
1324984786218147842,neutral,0.49789225920557484
1324984796695711745,negative,4.433185580464451e-07
1324984798964838401,positive,0.7897231991118367
1324984800491532294,negative,0.13969080010462173
1324984800588013568,negative,0.17144805335387886
1324984801204580352,negative,0.0006256855072289718
1324984803905695744,negative,4.499046517527319e-07
1324984804186746880,negative,0.026900070565127287
1324984807030464512,negative,0.004806832021427894
1324984812155908096,negative,0.24037968844895344
1324984813040906242,negative,0.03053263524781848
1324984813070274560,negative,0.20274717990370658
1324984813250547712,negative,0.004153096929357814
1324984828538867712,negative,0.3034643701562173
1324984830317256704,negative,2.7627943506228487e-05
1324984832624119810,negative,0.00011170308553703169
1324984833119039488,negative,0.0532316103950928
1324984845345419264,negative,0.06645189095867607
1324984857202667520,negative,0.10570329109447421
1324984864500801536,negative,1.406263617595789e-08
1324984865314516993,negative,0.004208838574040744
1324984874441248769,positive,0.9852679307986001
1324984875322105856,negative,0.06645189095867607
1324984880720195584,negative,0.001140951418472485
1324984880997019648,negative,7.086726988803354e-06
1324984888462860288,negative,0.0003817895539090967
1324984899326140416,negative,0.19433853833315073
1324984902916378627,negative,0.0001796171314243556
1324984919836282880,negative,0.11373983815615488
1324984922206040064,neutral,0.45501031141728976
1324984925905448960,negative,0.00039901274594984206
1324984926127742981,negative,0.010820435909015783
1324984927323107328,negative,1.8159625863443786e-11
1324984930347048960,negative,0.00025679520430573876
1324984930405916672,negative,0.0005668226308090549
1324969835974062080,neutral,0.4663917579447527
1324969836494008322,negative,3.5055858028005155e-05
1324969837035188225,negative,0.0021165399405441068
1324969837278466050,positive,0.7023535073488898
1324969837316067328,negative,0.0021165399405441068
1324969837408514048,negative,0.26878956287387734
1324969837530116097,negative,0.3098860050146658
1324969838687739905,negative,0.02613077626048752
1324969838855352321,neutral,0.43522108136584936
1324969841497935872,negative,0.0016975612316847094
1324969843045625856,neutral,0.4071730692561519
1324969848783441920,negative,0.0413524619921041
1324969868106620928,negative,0.024538909835805835
1324969880454656000,negative,0.008414382305221286
1324969881482252296,negative,1.0168741274301147e-05
1324969888805507072,negative,0.14426364613626677
1324969889195503616,negative,0.002195374562527239
1324969892492300293,neutral,0.3403391890910929
1324969899039608832,negative,0.0014993398576642082
1324969906786463745,neutral,0.43522108136584936
1324969908128669696,negative,0.05675127895526696
1324969918920581121,neutral,0.35438787153346935
1324969941431410688,negative,0.0024626697482425927
1324969942228361216,negative,9.152077133352341e-05
1324969944782606338,neutral,0.3403391890910929
1324969946326192128,negative,0.09720895767236434
1324969960280633346,negative,0.14204078822964364
1324969967016701953,negative,0.2481972035966935
1324969975950479360,negative,0.02293020685864186
1324969989485555712,negative,0.03271763181729486
1324969992559886336,negative,7.362866485566088e-05
1324969999463813120,negative,0.01391767475586059
1324970011019128833,negative,0.0747756808496818
1324970028471619585,negative,0.02613077626048752
1324970062181244933,negative,0.21212442027424513
1324970065637351425,negative,1.2549634549002091e-05
1324970083538624512,negative,0.004344416035742308
1324970084859785217,negative,0.0008326176939266494
1324970087430950918,negative,0.02521961773419194
1324970099099496448,negative,6.4528973439634215e-09
1324970133245337605,neutral,0.40164566407707886
1324970136269426689,positive,0.9717649304090445
1324970150848847878,positive,0.9017682297358638
1324970156313993217,negative,0.00012606704861759194
1324970167282053121,negative,0.026371860462691226
1324970193790099457,negative,0.09803891254914505
1324970198412169216,neutral,0.40164566407707886
1324970201188888576,negative,0.006631829152992199
1324970204921794561,negative,0.10203946754274672
1324970205626445824,negative,0.10203946754274672
1324970205634850818,negative,0.10168914122557388
1324970206909837312,negative,0.0728513902386471
1324970210236002304,negative,0.0664974200664372
1324970210244370432,negative,0.0009685713031018691
1324970215675994112,negative,0.02521961773419194
1324970216535826433,negative,0.03770147333837271
1324970222307209216,negative,0.02900611520006291
1324970230280581120,negative,0.014365381624748125
1324970237964529665,negative,0.002195374562527239
1324970242968313856,negative,8.100837482088086e-05
1324970245111635969,negative,0.0011994686232437597
1324970257040224256,negative,0.0413524619921041
1324970269644091392,negative,0.10168914122557388
1324970271690907648,negative,0.02982477745636108
1324970285171412992,negative,0.018929546468107804
1324970285343395840,negative,9.152077133352341e-05
1324970292532441089,negative,0.008342114152118637
1324970296458293248,negative,0.05712092837690792
1324970303290830848,negative,0.003148460186404091
1324970314309230595,negative,0.001635187359979742
1324970329966604288,negative,0.02521961773419194
1324970335394029568,negative,0.01963411289739422
1324970350099243008,negative,0.0354288221064796
1324970351802150918,negative,0.0009662928747266242
1324970361558011904,negative,0.15221970920830835
1324970393636102144,negative,3.213473901613375e-05
1324970399390724096,negative,0.2485006194712975
1324970429585428480,negative,0.01391767475586059
1324970433888870402,negative,0.06617156441180864
1324970436631941120,positive,0.7321775072873912
1324970450200485888,positive,0.9992238268896891
1324970473986330625,negative,0.04105059512841775
1324970475991293952,negative,0.10139017318907137
1324970489622777857,negative,0.015551593385991958
1324970503753396226,neutral,0.35110103109621954
1324970505842139137,negative,0.06866749161147867
1324970512985034759,negative,0.012707583652764438
1324970521281355776,negative,0.001825299343549906
1324970544178081792,negative,0.11856612243289878
1324970548150067200,negative,0.0076352572815736736
1324970572145635328,negative,0.05183919102245496
1324970582119735296,negative,0.00022923566786277983
1324970587589120005,negative,0.02053401934387071
1324970601136578561,neutral,0.3403391890910929
1324970601958805504,negative,2.2471075370067777e-05
1324970604185968640,negative,0.00442221953588061
1324970622762557440,negative,0.00701017458971945
1324970623848886272,negative,0.011115253206254042
1324971569811251200,negative,1.5890932242189987e-05
1324971576832487425,negative,0.06377916832967136
1324971582205341696,negative,0.01048637198785002
1324971589537058816,negative,0.09803891254914505
1324971604724617219,negative,0.0048525715043831906
1324971617148133376,negative,0.002195374562527239
1324971620008665088,negative,0.008414382305221286
1324971623833858048,negative,0.001978373484662346
1324971633673711616,positive,0.9999999938879398
1324971643446419456,negative,0.0048525715043831906
1324971650639683589,negative,9.107472376454061e-05
1324971651658870784,neutral,0.3499352441185855
1324971662647943168,negative,0.03851350132191783
1324971665177137152,negative,0.19142541480855804
1324971667207163910,negative,0.014365381624748125
1324971681262297089,negative,0.05183919102245496
1324971708131012609,negative,0.00391338207357773
1324971727504478210,negative,0.011115253206254042
1324971738669707265,negative,0.0017550938359862304
1324971755795058688,positive,0.9107751958783085
1324971786220539905,negative,0.002195374562527239
1324971793678032897,negative,0.0048525715043831906
1324971793711558656,negative,6.491679395561645e-07
1324971808999796736,negative,0.012673336920717109
1324971840968732672,negative,0.013975897543642651
1324971848975622145,negative,0.1766637624743525
1324971876192571393,negative,0.12482390706842413
1324971886573400064,negative,0.031150774018625347
1324971902033678336,negative,0.0013198171713660893
1324971910640398338,negative,0.00012072835606839612
1324971921151324160,negative,0.0048525715043831906
1324971925689556992,negative,1.5890932242189987e-05
1324971975299768320,negative,0.0048525715043831906
1324972005016416256,negative,0.027896302592820943
1324972013073674241,neutral,0.5028666267447596
1324972014331899904,positive,0.960389288990635
1324972025539129344,negative,0.027896302592820943
1324972031528591363,negative,0.011115253206254042
1324972045969526785,negative,0.030226183576957864
1324972054173642753,negative,0.0010042241834120518
1324972069248004097,negative,0.004344416035742308
1324972080920715265,negative,0.027896302592820943
1324972086729859072,negative,0.02343978743163276
1324972096959737856,negative,0.003207407535708021
1324972134435868673,negative,0.0048525715043831906
1324972142564438017,negative,0.004857905208545131
1324972145865273344,positive,0.960389288990635
1324972150751686656,negative,0.09984292607386556
1324972157986861057,negative,9.152077133352341e-05
1324972182531936257,negative,0.10367421854140577
1324972182754222080,negative,0.05183919102245496
1324972209723609089,negative,0.0048525715043831906
1324972218309283840,negative,0.007664082020982896
1324972229122256896,negative,0.05675127895526696
1324972236910989315,negative,0.017087647672134495
1324972237313568769,negative,0.017087647672134495
1324972278816321536,negative,0.00391338207357773
1324972290187124737,negative,9.152077133352341e-05
1324972331123486721,negative,0.14426364613626677
1324972331488391168,negative,4.3522282683327165e-10
1324972341877682177,negative,9.152077133352341e-05
1324972348622180352,negative,0.04626450637677854
1324972353516949504,negative,0.03632301137093415
1324972358332010496,negative,0.1711311211437224
1324972373045600257,negative,9.992969829266219e-05
1324972379697803269,negative,9.152077133352341e-05
1324972398890934273,negative,0.2342099899872433
1324972400438628352,negative,0.0048525715043831906
1324972401885667328,negative,0.055857621183171495
1324972404234477570,negative,2.720786272767099e-05
1324972411960369152,negative,0.24081627254952076
1324972412115554305,negative,0.0048525715043831906
1324972412732121088,negative,9.152077133352341e-05
1324972427269578753,negative,0.14827965119055178
1324972457535692806,negative,0.20061329368450906
1324972469493567488,negative,0.0048525715043831906
1324972469866860544,negative,0.05183919102245496
1324972509381455872,negative,4.587405995754433e-06
1324972522241191937,negative,0.026339645936358076
1324972525324013568,neutral,0.5028666267447596
1324972525865070593,negative,5.676524548426773e-09
1324972529476374528,negative,0.00028799825286391153
1324972531229618177,negative,0.00011694338962746085
1324972533351903232,negative,0.02068763327387505
1324972538250792965,negative,0.0003685080745551443
1324972549021839361,negative,0.0664974200664372
1324972553480364032,negative,0.21921412548362115
1324972562363936768,negative,0.05183919102245496
1324972574711963649,neutral,0.37874993579954885
1324972577442435072,negative,0.24879047592056358
1324972577652092928,negative,9.152077133352341e-05
1324972597868638208,negative,0.013883490336290175
1324972600175579138,negative,0.0012536525145798376
1324972601018605569,negative,0.00011694338962746085
1324972609059102722,neutral,0.3385252644667176
1324972619792343045,negative,0.0048525715043831906
1324972634174525440,negative,0.00011694338962746085
1324972668039344131,negative,0.008836949302345904
1324972669952020481,negative,0.05730729878700438
1324972674385391617,negative,0.014365381624748125
1324972677619183616,negative,0.0048525715043831906
1324972714776465408,negative,0.030834827406355937
1324972733869023233,negative,0.01391767475586059
1324972748595195904,neutral,0.3403391890910929
1324972762360918016,negative,0.012707583652764438
1324972762432229377,negative,0.00011694338962746085
1324972770434949120,negative,0.003676751541565562
1324972780018954240,negative,0.00011694338962746085
1324972785005977601,negative,0.02521961773419194
1324972801388908544,negative,9.152077133352341e-05
1324972802731094017,neutral,0.3403391890910929
1324972811178438656,negative,0.00011694338962746085
1324972815318212614,negative,0.11501048591970284
1324972819520901121,negative,0.12482390706842413
1324972823903932418,negative,0.009092329797171117
1324972832456138752,negative,0.00011694338962746085
1324972838424637447,neutral,0.36743460506797193
1324972855696658432,positive,0.9897190701160524
1324972860109107200,negative,4.1747092088751404e-05
1324972891633573888,negative,0.055857621183171495
1324972913762705408,negative,0.01391767475586059
1324972914265960450,positive,0.8113248625172313
1324972958520139776,negative,0.00011694338962746085
1324972982918385664,negative,0.19082035000907485
1324972987125215232,negative,0.14426364613626677
1324973000517689344,negative,1.0168741274301147e-05
1324973001851408387,negative,0.027896302592820943
1324973023569567744,negative,0.009052746398346249
1324973032771817473,negative,0.00011694338962746085
1324973051969216513,negative,0.00011694338962746085
1324973106717487104,negative,9.152077133352341e-05
1324973111167623169,negative,0.013973360027494401
1324973112065216512,negative,0.005106574040435363
1324973113080246277,negative,1.5890932242189987e-05
1324973114330148865,negative,0.0048525715043831906
1324973119120011270,negative,0.027896302592820943
1324973119682043904,positive,0.9992238268896891
1324973120692817920,neutral,0.5028666267447596
1324973129240891393,negative,0.1397734702743394
1324973129685495808,negative,0.004253702356394348
1324973141865672704,negative,0.06130531400475084
1324973165802639360,negative,0.0048525715043831906
1324973181900296192,negative,0.0367533668173899
1324973195607371782,positive,0.7091600307840011
1324973197498920960,negative,0.20545035559639951
1324973199046664192,negative,0.027896302592820943
1324973211491119104,negative,3.899423830787265e-05
1324973215484145665,negative,0.0012536525145798376
1324973220865380353,negative,0.0014078017365384326
1324973226854928385,negative,0.008437024267572079
1324973227161088000,positive,0.9992238268896891
1324973238204702720,negative,0.004374304949494584
1324973243837665280,negative,0.027896302592820943
1324973256516972544,positive,0.9973462573256399
1324973256613486594,negative,0.00011694338962746085
1324973283113103361,negative,0.027896302592820943
1324973305590394880,negative,0.02068763327387505
1324973307221958657,negative,0.0048525715043831906
1324973318290726912,negative,0.002195374562527239
1324973319439921152,negative,0.3017508034883193
1324973321956564992,negative,0.008385524743437959
1324973329816678403,negative,4.9183591765328095e-15
1324973331225972737,negative,0.00012393201878457236
1324973336892420096,negative,0.031979001014177964
1324973358841286657,neutral,0.5552199119282792
1324973407683956736,negative,2.2139160879589956e-06
1324973413056778241,negative,1.569845279880898e-10
1324973415762194432,negative,0.009485418469097888
1324973428257017856,negative,0.0810214842235133
1324973428714196992,negative,0.21834252456781578
1324973449962528768,negative,0.00030401365423231633
1324973450893684736,negative,0.004344416035742308
1324973457415811073,negative,0.14426364613626677
1324973473568010241,negative,0.04461646584511582
1324973476436905984,negative,0.05183919102245496
1324973490118815744,negative,0.05183919102245496
1324973497463021570,negative,0.0392319363971693
1324973505021169665,negative,0.13735087161373427
1324973512055009281,negative,0.031979001014177964
1324973526298877953,negative,0.19782212588386514
1324973536906244096,negative,0.00022923566786277983
1324973537556303873,negative,0.0014078017365384326
1324973538411995136,negative,0.12089639917204453
1324973560281128960,negative,0.031979001014177964
1324973562755772416,negative,0.0048525715043831906
1324973565544837122,negative,0.0747756808496818
1324973565662420992,neutral,0.5552199119282792
1324973566228652033,negative,0.0048525715043831906
1324973568241840128,neutral,0.43226070008955686
1324973612974092293,negative,0.031979001014177964
1324973618359652352,negative,0.02521961773419194
1324973645295398912,negative,0.014452767602408904
1324973654636032001,neutral,0.3546274845759702
1324973656943038465,negative,0.031979001014177964
1324973682595336192,negative,0.0048525715043831906
1324973688739999745,negative,1.5890932242189987e-05
1324973691315347457,negative,0.017264960977369716
1324973695920697344,negative,1.1209268852445161e-06
1324973697749430273,negative,0.029854168856987474
1324973704514854912,negative,0.00011694338962746085
1324973714216263680,negative,0.031979001014177964
1324973726367182849,negative,0.02992186960227125
1324973743995822085,negative,0.02068763327387505
1324973753638522880,negative,6.742557899855894e-05
1324973759619624962,negative,0.00011694338962746085
1324973765109944320,negative,0.2830199627316175
1324973785238429696,neutral,0.37169873899354106
1324973787121672193,negative,0.02982477745636108
1324973800396566528,negative,0.15210427750016875
1324973819807862784,negative,0.02068763327387505
1324973821795905537,negative,0.00011694338962746085
1324973837889531906,negative,0.003676751541565562
1324973838849937409,negative,0.3102463699269133
1324973845007249408,negative,0.20253316144754757
1324973850245931008,negative,0.0014078017365384326
1324973868726022145,negative,0.20128284196401067
1324973870412156928,negative,0.00011694338962746085
1324973871221657601,negative,0.019302922921571864
1324973871808843776,negative,6.704059999050087e-05
1324973872282734592,negative,0.013050284739337207
1324973879195021312,negative,0.008437024267572079
1324973885603913729,negative,0.046986750041851606
1324973887180972033,negative,0.030226183576957864
1324973891907940352,negative,0.061327031023148265
1324973917560299525,negative,0.010668933397530368
1324973919342825472,negative,0.00011694338962746085
1324973934966607872,negative,0.004010817314745846
1324973936602472448,negative,0.005549185116648562
1324973949487353856,negative,0.0747756808496818
1324973971683614720,negative,9.152077133352341e-05
1324973988745973766,negative,0.0048525715043831906
1324974012825554944,negative,0.07395688415474813
1324974017367957504,negative,0.16508533193331013
1324974021356654593,negative,0.3029968537174699
1324974030189957122,neutral,0.5028666267447596
1324974032903659521,negative,0.017264960977369716
1324974042374426626,negative,1.5890932242189987e-05
1324974043662049280,negative,0.0048525715043831906
1324974043972456455,negative,0.030985762513635447
1324974053996761089,neutral,0.45152650830178453
1324974057364860928,negative,0.014365381624748125
1324974070547566592,negative,0.05183919102245496
1324974082027360256,negative,0.08841787889350719
1324974087672893440,negative,0.00011694338962746085
1324974093603647489,negative,0.001061836575118118
1324974119398600707,negative,0.007584420251954599
1324974126415695873,negative,0.29255154252022053
1324974139548037120,negative,0.013973360027494401
1324974139824861185,negative,7.150223366720787e-06
1324974144140824576,neutral,0.45152650830178453
1324974146011484160,negative,0.03777294052259455
1324974153624117250,negative,5.1343776481990155e-05
1324974210125541376,negative,0.29255154252022053
1324974217025245186,negative,0.0005518928547352763
1324974217411096578,negative,0.11134075461533452
1324974219436969984,negative,0.04851353773516851
1324974226886045697,negative,2.2478043188246184e-06
1324974264680898560,negative,0.004072130986004193
1324974270024445953,negative,0.020094098997107
1324974277033123840,negative,6.742557899855894e-05
1324974283664318464,negative,0.3133101634703383
1324974288030621696,negative,0.007584420251954599
1324974289351798785,negative,0.21221967057502356
1324974292203933697,neutral,0.45709006529125923
1324974295483813889,negative,0.008221266785413702
1324974307726987264,negative,9.152077133352341e-05
1324974318128930816,negative,4.587405995754433e-06
1324974332259545089,negative,0.11134075461533452
1324974336168570886,negative,0.3133101634703383
1324974368527704064,negative,9.152077133352341e-05
1324974371287535620,negative,0.06866749161147867
1324974374785605632,neutral,0.3435543783664166
1324974378447220742,negative,0.0048525715043831906
1324974381886476288,negative,0.14143041622713287
1324974399284514816,negative,0.004227226563782388
1324974420822253570,negative,0.14426364613626677
1324975594656980992,negative,0.01417568847650809
1324975607470559232,negative,0.11440664305627321
1324975614735085568,negative,0.1992203556191519
1324975620540014593,negative,0.06043918579471524
1324975628765057024,negative,0.012854755855184507
1324975633194242048,negative,0.024715566536863718
1324975644086820864,negative,0.10449293521519207
1324975649862410242,negative,0.07496078285093645
1324975654358683648,negative,0.14426364613626677
1324975658590728192,negative,0.0019039779573801468
1324975660394221571,negative,0.05712092837690792
1324975678811467776,neutral,0.5535692278503676
1324975702513385477,negative,0.011115253206254042
1324975705927655424,negative,0.0048525715043831906
1324975732330786816,negative,0.00016377186302367097
1324975737745661952,negative,0.11612163299373694
1324975752090152961,negative,1.5890932242189987e-05
1324975752996065281,negative,1.5890932242189987e-05
1324975756284473346,negative,0.14143041622713287
1324975764933144577,negative,0.24038671115326424
1324975773510414336,negative,0.07496078285093645
1324975791281762304,negative,0.02982477745636108
1324975791357235209,negative,0.060025739333850615
1324975811951276032,negative,0.11134075461533452
1324975812223791104,negative,0.011393394500163363
1324975821598167042,negative,0.00607488946419614
1324975824433541127,positive,0.7210602166937126
1324975824932655104,negative,0.00607488946419614
1324975838652207105,negative,8.266535141560825e-06
1324975840162091010,negative,0.008349977028234673
1324975863235010560,neutral,0.5028666267447596
1324975874064736258,negative,0.0048525715043831906
1324975883229163521,negative,0.00607488946419614
1324975893547261953,negative,3.7748134588401577e-06
1324975897926131712,neutral,0.5672723733533706
1324975900295835648,negative,0.12659167188514606
1324975905203245057,neutral,0.3694646212694076
1324975950363303936,negative,0.011868411966478106
1324975985280868352,negative,0.012380847910024983
1324975996844597249,negative,0.15062742143660335
1324976004121710593,negative,1.5878979820244438e-08
1324976018348773377,neutral,0.38877618590771457
1324976022153027584,negative,3.5246853393150925e-08
1324976023109312512,negative,0.02410289672057836
1324976042927394816,neutral,0.6023179440334784
1324976057154408448,positive,0.7725392549949378
1324976082110525440,negative,0.20066371991126863
1324976096404774914,negative,9.152077133352341e-05
1324976099848294400,negative,0.2181449599018864
1324976118068293632,positive,0.9999748182510545
1324976120203239424,positive,0.9934256131627587
1324976127010500609,negative,0.06912876320354625
1324976130827448321,negative,0.19782212588386514
1324976132098314240,negative,0.001084772835115616
1324976135445368832,negative,0.013973360027494401
1324976142923796480,negative,0.1033212080091359
1324976154261004288,negative,0.004227226563782388
1324976188788367360,negative,0.006621634622623253
1324976233441091584,neutral,0.3471173459072461
1324976247089233920,negative,0.06912876320354625
1324976247580012544,negative,1.550160663525314e-05
1324976254169264129,negative,0.00607488946419614
1324976264629907456,negative,0.056686740178758466
1324976265254858754,negative,0.00011694338962746085
1324976279788130305,positive,0.9934256131627587
1324976316102418433,negative,0.003148460186404091
1324976326760148992,negative,0.05636393782846569
1324976327527723009,negative,0.15062742143660335
1324976332770512896,positive,0.7821322905265176
1324976334397968386,negative,4.539220284176478e-09
1324976349161918464,negative,0.003665008718784615
1324976358183886849,negative,0.11484251947699363
1324976371391754240,neutral,0.37169873899354106
1324976380220674048,negative,0.05183919102245496
1324976380224921600,negative,9.152077133352341e-05
1324976392736546819,negative,0.013947968139435532
1324976410432335874,negative,1.5890932242189987e-05
1324976416195309568,positive,0.9934256131627587
1324976425368248320,neutral,0.5427804419773418
1324976440002158592,positive,0.9934256131627587
1324976442875273216,negative,9.435036338719805e-05
1324976445664407552,negative,0.00020077975819428768
1324976450026475523,negative,0.002195374562527239
1324976463205068801,negative,0.00012132972781833093
1324976463771291649,negative,0.030226183576957864
1324976467449614337,neutral,0.36125796350616496
1324976469022560258,negative,0.18293229234979194
1324976482817609729,negative,0.003915691978138127
1324976487125176320,negative,0.05183919102245496
1324976513045975042,negative,0.01938671489246952
1324976517412233216,negative,1.5890932242189987e-05
1324976520113369088,negative,0.002195374562527239
1324976526790713344,negative,9.152077133352341e-05
1324976528795561985,negative,0.0025597371630038785
1324976531509293057,negative,0.0019039779573801468
1324976544356380673,negative,0.0048525715043831906
1324976554259206144,negative,0.003763705161741867
1324976560114454528,negative,0.11526384599213464
1324976561230147584,negative,0.011115253206254042
1324976564128387072,negative,0.00011694338962746085
1324976596550361088,negative,0.009052746398346249
1324976600270712832,negative,4.2342649384544684e-07
1324976613721858050,negative,1.0378267657464424e-12
1324976648089968645,negative,0.00011694338962746085
1324976650099023872,negative,0.007960907363958667
1324976652691116033,negative,0.06190451071535891
1324976668461686785,negative,0.01417568847650809
1324976684739817475,negative,0.14426364613626677
1324976687621267457,negative,0.07496078285093645
1324976696144130050,positive,0.9934256131627587
1324976734291320832,negative,0.003004908786313849
1324976767212412928,negative,0.2220725680200652
1324976768353243136,negative,0.014365381624748125
1324976790788595714,negative,0.0011491216070272203
1324976798568996864,positive,0.9934256131627587
1324976821406994432,negative,9.152077133352341e-05
1324976830651174912,neutral,0.3403391890910929
1324976962398527488,negative,0.00011904352748020187
1324976989682487296,negative,0.007778517592279555
1324976991993552896,negative,0.007960907363958667
1324976994652721152,negative,0.08330010355042311
1324976999706791937,negative,0.009052746398346249
1324977057923788800,negative,0.08184561548032236
1324977059026915329,negative,0.00011694338962746085
1324977064592683008,positive,0.9715094359009747
1324977070770966529,negative,1.613452083266149e-08
1324977073279143936,negative,0.011747005013726317
1324977099132850182,positive,0.9934256131627587
1324977106888105984,negative,6.4528973439634215e-09
1324977114165153793,negative,0.00381277274814809
1324977152249487360,negative,0.00701017458971945
1324977164459143169,negative,0.009893058570601253
1324977166405263360,negative,0.013973360027494401
1324977171295821824,negative,0.19782212588386514
1324977175095808000,neutral,0.45152650830178453
1324977184398782464,negative,0.09594243914131781
1324977205856890880,negative,0.004032603137566491
1324977207882690560,negative,1.5890932242189987e-05
1324977242234101760,negative,0.05712092837690792
1324977259644678144,negative,0.307357285513886
1324977265650913282,negative,0.00032618461065534517
1324977271028019200,negative,0.25949921235957896
1324977271782903808,negative,0.06718371380122493
1324977298295189504,positive,0.9934256131627587
1324977299633152000,negative,0.0003401518485216552
1324977358504390659,neutral,0.3403391890910929
1324977363092901888,negative,0.18293229234979194
1324977368889516032,neutral,0.3487849812150734
1324977373876539392,negative,0.026339645936358076
1324977385377132546,negative,0.23204439629778126
1324977385679294466,negative,0.04511222947928179
1324977386035752961,negative,0.0016839868357598408
1324977387029868545,negative,0.029287639237718887
1324977390385319936,negative,0.06543467702671098
1324977393648472064,negative,0.01875852297534994
1324977394202136576,neutral,0.40837927124278295
1324977400439042048,neutral,0.5878073773638439
1324977406508142592,negative,0.0017043959115229158
1324977410257940481,negative,0.15062742143660335
1324977416171892737,neutral,0.5028666267447596
1324977431132975105,neutral,0.5606917285580832
1324977448526761985,negative,9.152077133352341e-05
1324977450858803200,negative,0.020094098997107
1324977466801328128,neutral,0.6264557193348705
1324977471805075458,negative,0.0001416102063247285
1324977479778439169,negative,0.05183919102245496
1324977480810311680,negative,0.0048525715043831906
1324977483544981504,negative,0.015241530879105977
1324977507284742144,negative,0.0011491216070272203
1324977511026069509,negative,1.5890932242189987e-05
1324977514444447744,negative,0.0048525715043831906
1324977518441541633,negative,0.0010289718245338033
1324977537651519488,positive,0.960389288990635
1324977730614648832,negative,0.006490505472340352
1324977763489558529,negative,0.00011694338962746085
1324977767994290176,negative,0.006631829152992199
1324977783022424064,positive,0.9998497862296873
1324977804837072896,neutral,0.40164566407707886
1324977824923590657,negative,0.05183919102245496
1324977836294352896,positive,0.9934256131627587
1324977853797199873,negative,0.11134075461533452
1324977860780691457,negative,0.01813234267144464
1324977886080733184,negative,1.5890932242189987e-05
1324977888916086784,negative,0.00021525562435824818
1324977889121431557,positive,0.8039291335388521
1324977924047572992,negative,0.28222772441832594
1324977927885365249,negative,9.152077133352341e-05
1324977941340688384,negative,0.06866749161147867
1324977956544974848,negative,0.008437024267572079
1324977967202783232,negative,0.03593301791805677
1324977986538532865,negative,0.18293229234979194
1324977986806951937,neutral,0.5028666267447596
1324977998437765120,negative,0.014365381624748125
1324978009451978752,negative,0.00022923566786277983
1324978014799716352,negative,4.9810906985328224e-05
1324978024345899009,negative,1.1816349002660974e-07
1324978027181256706,negative,0.0002421900490104531
1324978045749485568,negative,0.12482390706842413
1324978052854673408,negative,0.15062742143660335
1324978061331357697,positive,0.8329085218520058
1324978091249332224,negative,0.00043141551122291116
1324978124912783360,negative,0.05183919102245496
1324978147574620160,neutral,0.4094078976659119
1324978158936989698,negative,0.00011694338962746085
1324978159444504577,negative,0.002655685497830286
1324978178935369728,negative,0.0010320874514063484
1324978185142996992,negative,0.007960907363958667
1324978196371091456,negative,2.5079050983430774e-09
1324978201421094912,negative,0.0006484096611563407
1324978209566416896,negative,0.0005882765638522266
1324978225311780864,negative,0.00025934826004590626
1324978231213166592,negative,0.00381277274814809
1324978240872706048,negative,0.06543467702671098
1324978249676550154,negative,0.03533085565781099
1324978253891833856,negative,8.084612536769063e-05
1324978255485603840,negative,0.009522464848790458
1324978261324165121,negative,0.002655685497830286
1324978272875147265,positive,0.9934256131627587
1324978273852387328,negative,0.007960907363958667
1324978274825498631,negative,0.00381277274814809
1324978320568672257,negative,0.06718371380122493
1324978330089779201,negative,4.105441091048447e-05
1324978343268200453,negative,0.00381277274814809
1324978345151397890,neutral,0.36743460506797193
1324978354043424770,negative,0.14426364613626677
1324978366500442113,negative,1.1454506763033101e-10
1324978381922979840,negative,0.002195374562527239
1324978382082289665,negative,0.011115253206254042
1324978385022545920,negative,0.05183919102245496
1324978397819379712,negative,0.00011694338962746085
1324978401019645953,negative,0.2572143354331413
1324978404849045504,negative,5.374832373062007e-05
1324978422276378625,negative,9.152077133352341e-05
1324978427062071296,negative,0.002120278766629156
1324978458280259584,positive,0.9884426565029902
1324978459463049216,negative,0.01584213458068893
1324978469198041089,negative,0.0015277306315377409
1324978470108192768,positive,0.9934256131627587
1324978476449935360,negative,0.062124661936917534
1324978480581398528,negative,0.09803891254914505
1324978506015649792,negative,6.742557899855894e-05
1324978526077018112,negative,0.0048525715043831906
1324978530694934528,negative,0.0001446633863728684
1324978543420465152,negative,0.030226183576957864
1324978549179224064,negative,2.6070827845164624e-07
1324978554417897472,negative,0.0008113195356510797
1324978555319705600,negative,0.03662803623185593
1324978561984376832,neutral,0.4401839870996418
1324978587129221120,negative,0.08056399869666948
1324978595077480448,negative,0.15062742143660335
1324978599288582144,negative,0.00381277274814809
1324978599816880128,negative,0.28839876592668745
1324978605382905856,neutral,0.5866482050505475
1324978644712886274,positive,0.9934256131627587
1324978659569115136,negative,0.002568127500602318
1324978672047153152,negative,0.00030790290346639
1324978682067374080,negative,0.06718371380122493
1324978685775056896,positive,0.963563625850438
1324978687108935680,negative,0.002655685497830286
1324978687230488576,negative,0.16831686410461008
1324978688987947008,negative,0.0012536525145798376
1324978689906528256,negative,0.0010560798753401896
1324978697678491649,negative,0.03588405853023472
1324978713604272129,negative,0.0025599041774623005
1324978726279516160,negative,0.002071332700402207
1324978727323897857,neutral,0.3403391890910929
1324978732898062336,negative,0.006586597681995249
1324978748152819713,negative,0.03525577051985961
1324978751160115201,negative,0.018476040630394507
1324978757980082176,negative,4.587405995754433e-06
1324978765152329729,negative,6.484411292441463e-13
1324978775780716544,positive,0.7658891118422285
1324978787185008640,negative,0.0019039779573801468
1324978797440081921,negative,9.152077133352341e-05
1324978813718163456,negative,8.084612536769063e-05
1324978822052188160,negative,0.28222772441832594
1324978822647836672,negative,0.09803891254914505
1324978846794395648,negative,0.05183919102245496
1324978846945390592,negative,0.19782212588386514
1324978849994727424,negative,0.06718371380122493
1324978854432301056,positive,0.8825098505430491
1324978855396798465,negative,0.00011694338962746085
1324978856789483520,negative,0.00014124951747444947
1324978856823025666,negative,0.00028441317169319836
1324978861419995137,negative,0.12482390706842413
1324978875458314242,negative,0.00011694338962746085
1324978881057714176,negative,0.06866749161147867
1324978899051278336,negative,0.27728986129828415
1324978939849273345,negative,0.00391338207357773
1324978955120766978,negative,0.00029506232497756825
1324978955372417025,neutral,0.4844831951351828
1324979042341318657,positive,0.7258226360504338
1324979051094822912,negative,0.00011694338962746085
1324979060989173761,negative,0.014365381624748125
1324979084389179392,negative,0.007384610557520623
1324979102156279808,positive,0.7588321998547417
1324979115854852097,neutral,0.3403391890910929
1324979120225349632,negative,0.00011694338962746085
1324979147131686912,neutral,0.49679863629312826
1324979166098432000,negative,1.2549634549002091e-05
1324979171953696773,negative,0.03650730107707264
1324979200630067201,negative,0.0048525715043831906
1324979220410327041,neutral,0.46152333200146
1324979223250038784,negative,0.004208838574040744
1324979237011517441,negative,0.020299389231127337
1324979245223989250,negative,0.01717619966549801
1324979264953999360,negative,1.3302819752782802e-07
1324979276823846912,negative,0.03770147333837271
1324979287842304001,negative,0.0003401518485216552
1324979298202247168,negative,0.13765308448061195
1324979300957908992,negative,0.0003401518485216552
1324979323279978496,negative,0.026339645936358076
1324979340728279040,negative,0.05183919102245496
1324979357128011776,negative,0.03656256173274822
1324979380947464192,negative,0.12313922540510805
1324979385162739712,neutral,0.3403391890910929
1324979407082151936,negative,0.029287639237718887
1324979410873831426,negative,0.2228013463890948
1324979415151939584,negative,0.039642333521763176
1324979429148413954,negative,0.0179314656356262
1324979429160804352,negative,0.017992754132407873
1324979433413992448,positive,0.9715094359009747
1324979457753575426,negative,0.02982477745636108
1324979469258518529,negative,0.05183919102245496
1324979486010593282,negative,0.00014274603720165033
1324979530885427200,negative,0.054636606585537456
1324979535448862721,negative,0.12482390706842413
1324979536845533184,negative,0.15062742143660335
1324979546614009857,negative,0.06656346715102046
1324979565882712064,neutral,0.3403391890910929
1324979575865085954,negative,0.06718371380122493
1324979583662387200,neutral,0.5415378526162253
1324979604860362752,negative,0.0009041196410579772
1324979609516052480,negative,0.00022923566786277983
1324979614272335872,negative,0.011115253206254042
1324979639232704512,negative,0.006631829152992199
1324979658761375745,negative,0.00011694338962746085
1324979673898561536,negative,0.06543467702671098
1324979675249209351,negative,0.01963411289739422
1324979677409185792,negative,0.060025739333850615
1324979678994690048,negative,0.1397734702743394
1324979685055410176,negative,0.0020543018145542198
1324979691372093441,neutral,0.36743460506797193
1324979692055785473,negative,0.052408338765673246
1324979693406269443,negative,0.21235227321505026
1324979695826300930,negative,0.0005716103321737477
1324979702461833216,negative,0.021382287520106423
1324979749563854848,negative,0.22677339160849153
1324979752411820033,negative,3.899423830787265e-05
1324979759659495424,neutral,0.48272476118736957
1324979760754282497,negative,0.1992203556191519
1324979761337282560,negative,0.026361045469305414
1324979819944226816,negative,0.05712092837690792
1324979826407694342,negative,0.008178362527209763
1324979828693536770,negative,0.0048525715043831906
1324979840735469568,positive,0.960389288990635
1324979863212732416,neutral,0.3568173718611745
1324979865012080640,negative,5.693862142703487e-05
1324979866253615105,negative,1.4796430796755568e-05
1324979901917765632,neutral,0.3483383857353484
1324979901980618754,negative,0.1029002510898869
1324979905310896129,positive,0.9999967402249137
1324979915251441664,negative,0.004475950644392976
1324979920867561472,neutral,0.37169873899354106
1324979923652665344,positive,0.960389288990635
1324979934297731072,negative,0.002120278766629156
1324979940476022784,negative,0.00018546143244917732
1324979970519818240,positive,0.9639832363679881
1324979986407809024,negative,9.152077133352341e-05
1324979989792645120,negative,0.0023563003503167855
1324980033476124678,negative,0.0015615524209832165
1324980040350785536,negative,0.0048525715043831906
1324980046268862465,negative,0.25949921235957896
1324980050299658240,negative,0.04174973181187782
1324980062614151168,negative,1.5890932242189987e-05
1324980072080666624,negative,0.004063875093841693
1324980075708755968,neutral,0.4844831951351828
1324980079760379913,negative,0.11134075461533452
1324980082201522177,negative,0.08841787889350719
1324980100929105920,negative,0.00381277274814809
1324980104494280705,negative,0.05712092837690792
1324980108457775105,negative,0.012963200096395991
1324980111398088704,negative,1.5890932242189987e-05
1324980115441397761,negative,0.15062742143660335
1324980158852435969,negative,0.001746787667465801
1324980166695718912,negative,1.1621598824432745e-05
1324980178653769730,negative,0.012185895755113602
1324980187403067392,positive,0.8825098505430491
1324980217719517184,negative,0.2843867948609365
1324980227810922496,positive,0.9934256131627587
1324980230092677120,negative,0.00028441317169319836
1324980237122330625,negative,0.010636363017741512
1324980247134134272,positive,0.9973462573256399
1324980248593707009,negative,0.060025739333850615
1324980257942855681,negative,2.5079050983430774e-09
1324980292642279424,negative,0.008325310648545796
1324980300468858881,negative,0.008325310648545796
1324980305611067392,negative,9.152077133352341e-05
1324980319804682241,neutral,0.3403391890910929
1324980322593878016,negative,0.00011694338962746085
1324980324842024960,negative,0.00014124951747444947
1324980325475373056,negative,1.5890932242189987e-05
1324980327299866625,neutral,0.36743460506797193
1324980343259230208,positive,0.8075444208554273
1324980345306025987,negative,0.029287639237718887
1324980359096840193,negative,0.0008113195356510797
1324980359956717568,negative,9.152077133352341e-05
1324980389023191040,negative,0.10032359772557173
1324980407998275585,negative,0.2706730545405702
1324980453410009088,negative,4.129185355624947e-09
1324980457776295936,negative,0.00011694338962746085
1324980458086690816,negative,0.03770147333837271
1324980470422138880,negative,0.05712092837690792
1324980502907023363,negative,0.026339645936358076
1324980544082415616,negative,8.02205038655606e-05
1324980547425366021,negative,5.936047678298407e-06
1324980548306149377,negative,0.12450733407272337
1324980572729602049,negative,4.8911175100915856e-05
1324980573270630402,negative,0.00011694338962746085
1324980637732917248,negative,0.014365381624748125
1324980651347636226,negative,0.05183919102245496
1324980658192707586,negative,0.027203951287522763
1324980699024199681,negative,0.00011694338962746085
1324980699900882946,negative,0.01755023731992141
1324980717495971840,positive,0.9999703974529702
1324980727172259840,negative,0.15062742143660335
1324980752191205376,negative,0.222195389080798
1324980753688563712,negative,0.0048525715043831906
1324980756544970753,negative,0.017627554704154835
1324980765420113920,negative,1.4209699900515242e-07
1324980772625854466,negative,0.15062742143660335
1324980773842276352,negative,0.12089639917204453
1324980795086266373,negative,0.00011694338962746085
1324980806255849473,negative,0.0017376790380840695
1324980806465572864,positive,0.9887592038725384
1324980826669535232,neutral,0.36687384435783316
1324980833187491840,neutral,0.36687384435783316
1324980854595186690,neutral,0.5915429992416408
1324980887960883200,negative,0.02068763327387505
1324980892188749824,negative,0.0068649059101772705
1324980901458157568,negative,0.005803770871511771
1324980904847142913,negative,4.587405995754433e-06
1324980912438849539,negative,0.062124661936917534
1324980923490836481,negative,9.152077133352341e-05
1324980939102056449,negative,9.152077133352341e-05
1324980958009954304,negative,0.12089639917204453
1324980977588973568,negative,0.0011794006810130074
1324981034090434561,neutral,0.3403391890910929
1324981042185375744,negative,0.0011491216070272203
1324981053778501632,negative,0.03747705826452677
1324981066520780802,negative,0.008414382305221286
1324981077585383424,negative,0.0012514286315741079
1324981094001872897,negative,0.06718371380122493
1324981106186350592,negative,0.003972886322009062
1324981112175783937,positive,0.7321387221357768
1324981113689878528,negative,0.22456353122538872
1324981120795078656,negative,0.09223946574949152
1324981125891059712,negative,0.07838326983847227
1324981127661170692,negative,0.11631362716868213
1324981128730734592,negative,0.01596198440361427
1324981132782424065,negative,0.2609930383872679
1324981146208399362,negative,0.00011694338962746085
1324981149010104320,positive,0.9519279133916632
1324981158871003136,positive,0.9934256131627587
1324981160703877122,negative,0.12893878812653206
1324981169331597312,negative,0.0003401518485216552
1324981170728267777,neutral,0.44735155988221287
1324981179108499457,negative,0.0010455518681249628
1324981182669463552,negative,0.006631829152992199
1324981183118184450,negative,0.0034710078362036587
1324981241360355330,negative,9.152077133352341e-05
1324981265884467200,negative,0.15062742143660335
1324981279901806592,negative,0.008325310648545796
1324981280757395457,positive,0.952227375841309
1324981312512520192,negative,0.00011694338962746085
1324981333098078209,negative,0.00011694338962746085
1324981333760806912,negative,0.05183919102245496
1324981336633970690,negative,0.09803891254914505
1324981346398302210,negative,0.00381277274814809
1324981356565311488,negative,1.5890932242189987e-05
1324981357194391553,negative,0.010256171356729772
1324981368258965505,negative,0.03236336664341039
1324981378946043904,negative,0.06912876320354625
1324981384323223562,negative,0.15672394992496338
1324981395106779136,negative,0.015715276599503704
1324981416837455877,negative,0.00701017458971945
1324981417361682432,negative,0.11134075461533452
1324981436135469057,negative,5.374832373062007e-05
1324981456649728000,negative,0.19782212588386514
1324981457538994176,negative,0.005545154783719242
1324981469278822400,negative,0.0012536525145798376
1324981482834767873,negative,0.05183919102245496
1324981498706096128,negative,0.0027966470835741686
1324981506658480134,negative,0.0008113195356510797
1324981510416592896,negative,0.12482390706842413
1324981526254268416,negative,3.968663330740295e-07
1324981538266734594,positive,0.8825098505430491
1324981549109039105,negative,1.5890932242189987e-05
1324981564434997248,negative,0.008414382305221286
1324981567895318529,negative,0.3091906675506117
1324981580876685312,negative,0.1830206352116229
1324981585872113669,negative,0.07022909444590533
1324981595137335297,negative,0.15679946519268118
1324981607497928704,negative,0.026339645936358076
1324981621464948737,negative,2.5079050983430774e-09
1324981626917572608,negative,0.3091906675506117
1324981732605632514,negative,0.15062742143660335
1324981751467413515,negative,5.929533338595057e-07
1324981753166041089,negative,0.030226183576957864
1324981764553662464,negative,0.00042218787875629833
1324981769943326720,negative,0.008414382305221286
1324981778323533825,negative,0.0008113195356510797
1324981796405178369,negative,0.026339645936358076
1324981806110810112,negative,0.059093197856414974
1324981807792742400,negative,0.0179314656356262
1324981816982429697,negative,0.008414382305221286
1324981825849225217,neutral,0.513149936524604
1324981842651525124,negative,6.185890723737534e-05
1324981843167485952,negative,0.0048525715043831906
1324981845679861761,neutral,0.5230417882945226
1324981865024016387,negative,0.20066371991126863
1324981875321004032,negative,0.11440664305627321
1324981900084207616,negative,0.04960018461738092
1324981905092210689,negative,0.0048525715043831906
1324981918161625088,negative,0.0179314656356262
1324981931218448385,negative,0.20066371991126863
1324981933454069760,negative,9.152077133352341e-05
1324981937690308609,neutral,0.5136446707795853
1324981974210064386,neutral,0.48728019602140255
1324981977636855810,negative,0.11134075461533452
1324981979352363008,negative,4.1196332126343046e-05
1324981982238027776,negative,0.0179314656356262
1324981982292566016,negative,0.25272402639598507
1324981982833545216,negative,0.0016796980856218604
1324981993336164352,negative,0.19207013524960026
1324983130499944449,negative,0.009010079469203921
1324983143103934464,negative,0.009010079469203921
1324983172279496704,negative,0.0003571121480727036
1324983178675834880,negative,0.004119102080272275
1324983182916259840,neutral,0.3403391890910929
1324983183171964928,negative,0.07449748158271967
1324983200079368192,negative,4.1196332126343046e-05
1324983220539174912,negative,0.0179314656356262
1324983221382246401,negative,0.002568127500602318
1324983223521304576,negative,0.010228339157022237
1324983230576078848,negative,0.0048525715043831906
1324983242366259200,negative,0.09223946574949152
1324983258661220353,negative,0.01391767475586059
1324983289166311424,negative,0.007608255314784867
1324983328987111425,negative,2.325175606677703e-08
1324983334842327041,negative,9.152077133352341e-05
1324983335114911744,negative,1.5890932242189987e-05
1324983345755938816,negative,0.09753608674769444
1324983346087288832,negative,0.014365381624748125
1324983354312302593,neutral,0.5065435256249917
1324983354853371904,negative,0.0003571121480727036
1324983358733111297,negative,0.14426364613626677
1324983369952874496,negative,0.02521961773419194
1324983378291138560,negative,0.005790335100356945
1324983381659148289,negative,0.02982477745636108
1324983386318974976,neutral,0.36743460506797193
1324983388630081536,negative,0.00011694338962746085
1324983403809222657,negative,0.0017312257094753555
1324983414966120448,negative,1.2549634549002091e-05
1324983416664838150,negative,0.05151598375626555
1324983421421162497,neutral,0.5065435256249917
1324983422067101696,negative,0.0021852668105576947
1324983445316046850,negative,0.15062742143660335
1324983449481072640,negative,0.19370435730932842
1324983454866419713,neutral,0.36743460506797193
1324983455298490368,negative,0.0048525715043831906
1324983500232159232,negative,0.02068763327387505
1324983532054310912,negative,0.09803891254914505
1324983543395741696,negative,0.0003092888251698397
1324983544117129217,negative,0.008414382305221286
1324983554795839490,negative,0.09753608674769444
1324983568834170881,neutral,0.49789225920557484
1324983582880829440,positive,0.9934256131627587
1324983600908038144,negative,0.12959677107114922
1324983623213326337,negative,0.0010916387539594318
1324983624714874882,negative,4.1196332126343046e-05
1324983626338082816,positive,0.9992238268896891
1324983681921011712,negative,0.00041879306675714234
1324983682420060161,negative,0.17313130112985914
1324983685268041729,negative,0.003957806877703909
1324983690469011457,negative,0.02053401934387071
1324983693115584512,neutral,0.5028666267447596
1324983700090744832,negative,0.004139829804939373
1324983703400017921,negative,0.0793558070406342
1324983703693635585,negative,1.9117786457066243e-05
1324983705249701888,negative,0.11134075461533452
1324983710173831168,negative,0.0032399673426242695
1324983721204850688,negative,0.02068763327387505
1324983721385136128,negative,0.04960018461738092
1324983727089442818,positive,0.8494192114327674
1324983732999163904,negative,0.01391767475586059
1324983734286888961,negative,1.75387335183741e-05
1324983736283361280,negative,0.0013198171713660893
1324983765576392706,negative,0.0048525715043831906
1324983792352841728,negative,6.526945549327504e-06
1324983800569487361,negative,0.0013171357108792874
1324983825450020864,negative,0.0011711386766836013
1324983840587264000,negative,1.1293956720477988e-06
1324983859742695424,negative,0.0008113195356510797
1324983862603157505,negative,0.15062742143660335
1324983863140114432,negative,0.014365381624748125
1324983877497212928,positive,0.9934256131627587
1324983887383179265,negative,0.031113508138669713
1324983905322070017,neutral,0.36743460506797193
1324983913895354368,negative,0.20066371991126863
1324983940592005121,negative,0.20779980924692992
1324983955402190849,negative,0.0048525715043831906
1324983955712585729,negative,0.002568127500602318
1324983970833035269,negative,8.510812436057534e-05
1324983971143430144,negative,0.011115253206254042
1324983978508644352,negative,0.05183919102245496
1324983979787874304,neutral,0.4624420180242088
1324983982316982273,negative,1.5890932242189987e-05
1324984022301347840,negative,9.152077133352341e-05
1324984046439501825,negative,1.5890932242189987e-05
1324984058569396225,negative,3.213473901613375e-05
1324984061069287424,negative,0.02068763327387505
1324984063627841536,negative,1.5539087419162666e-05
1324984069319487488,negative,0.004475950644392976
1324984078584737794,neutral,0.554860446213899
1324984092505628673,negative,0.00012032750399737083
1324984109140205568,negative,0.0002647333675108038
1324984113821061120,negative,0.0002647333675108038
1324984128127823872,negative,2.5114031523620018e-06
1324984129918787585,negative,4.653700929813043e-09
1324984151892758528,negative,0.00011694338962746085
1324984167696920576,negative,0.002195374562527239
1324984172335820800,negative,0.019977329896995098
1324984182561513473,negative,0.029168714342027235
1324984211200208896,negative,0.017449846626598903
1324984215700709376,negative,0.0048525715043831906
1324984229759946756,negative,0.00011694338962746085
1324984242674278400,negative,0.0027895824439208793
1324984246449082368,negative,0.00019559628602457057
1324984247338348545,negative,0.005603381242781235
1324984252266655744,negative,0.030226183576957864
1324984257455005698,negative,4.1196332126343046e-05
1324984260273582081,negative,0.0006988780832310423
1324984276446830593,negative,0.0002647333675108038
1324984301847515136,neutral,0.3403391890910929
1324984302950637568,negative,0.009322580118207134
1324984323406254080,negative,0.03243662462571181
1324984330494611456,negative,0.14426364613626677
1324984349981290497,negative,0.0011994686232437597
1324984378586525698,negative,0.0010916387539594318
1324984379853115392,negative,0.0002647333675108038
1324984383384805376,negative,5.958013610027081e-05
1324984385976852481,negative,0.060025739333850615
1324984401927806976,negative,0.0001862973185909206
1324984402749906945,negative,0.008437024267572079
1324984421167017985,negative,0.0010916387539594318
1324984423192928256,negative,1.5890932242189987e-05
1324984429111087104,neutral,0.5552199119282792
1324984435318648834,negative,0.06741260458419938
1324984451907121152,positive,0.8825098505430491
1324984473763655682,negative,9.152077133352341e-05
1324984496882659328,neutral,0.48728019602140255
1324984505589850120,neutral,0.36743460506797193
1324984506344935424,negative,0.019569740176962783
1324984511722033152,neutral,0.41627718300163613
1324984542562824192,negative,2.3069113585993243e-06
1324984562972291073,negative,0.03747705826452677
1324984621508005888,negative,3.7380684611392887e-07
1324984629653352450,negative,0.14384941806692297
1324984636813041664,neutral,0.578479984244387
1324984645285535744,negative,0.10753622596163621
1324984648183713792,negative,0.0002647333675108038
1324984664881328128,negative,9.152077133352341e-05
1324984672716263425,negative,4.0785852479831365e-06
1324984674914070528,negative,0.0032977085200633226
1324984683529170956,negative,0.0664974200664372
1324984734317940736,negative,0.05712092837690792
1324984746225623041,negative,2.5079050983430774e-09
1324984781126373376,negative,0.1378879493107161
1324984815918125056,negative,0.00015123000490083804
1324984825309171713,negative,0.00011522311379397906
1324984831487389696,negative,0.009322580118207134
1324984831843905536,negative,0.03883398872919533
1324984837380444161,negative,0.05712092837690792
1324984857970274305,negative,0.12482390706842413
1324984863158652929,negative,0.012963200096395991
1324984874395119617,negative,0.010668933397530368
1324984890186752000,negative,0.0048525715043831906
1324984907316203522,negative,0.0664974200664372
1324984916162072576,negative,0.07243709255499962
1324984925880111104,negative,0.11141194785113709
1324984927096598529,negative,0.011244839670724522
1324984927528607744,negative,0.10236621848611377
1324984928908488704,negative,0.15062742143660335
1324969835772608514,negative,0.002339333958020353
1324969835810459654,negative,0.0006557658890021998
1324969836598841347,neutral,0.5184859969534943
1324969836657565698,negative,0.09584634999729572
1324969837051977728,negative,0.17352283684402706
1324969837076963328,positive,0.9584819652784575
1324969837135761409,positive,0.9256038307567153
1324969837513355264,negative,0.03915591358809084
1324969838666784768,neutral,0.4735645603402313
1324969838792544258,neutral,0.42285682208417874
1324969843121123328,negative,0.0009244065096768276
1324969843217625088,negative,1.1836630642164187e-07
1324969843473477633,negative,0.010995367471835304
1324969844165537792,negative,0.00020159356863430947
1324969867708076032,negative,0.016371231976733996
1324969871378173952,negative,0.19211686565133573
1324969878424580097,negative,1.11805948292146e-06
1324969889019400192,negative,0.0008532950041611119
1324969893008183296,negative,0.0007644714522711892
1324969910490042373,negative,0.0011155928225526723
1324969917804900353,positive,0.9986240686749771
1324969931616776192,neutral,0.5135734033484055
1324969936003928064,negative,0.16779927213525747
1324969938013085696,positive,0.8619084794855766
1324969948435845126,negative,1.561807225502868e-07
1324969962407079936,negative,0.20942098383184746
1324969962994356226,negative,2.8132638882398988e-05
1324969969898156034,negative,0.0025915005823751577
1324969971894550528,negative,0.05738731705847255
1324969988160188416,neutral,0.6423604583084147
1324970000688574465,negative,0.0806170338405077
1324970003666509824,negative,0.01474938203140676
1324970006011138048,positive,0.940607814649569
1324970013544112129,negative,0.025154344907330227
1324970013669912577,negative,0.2987987322005658
1324970014844342272,negative,0.17352283684402706
1324970024482824192,negative,0.00034947764052232827
1324970029780230144,positive,0.9529395116814512
1324970036830810112,negative,0.013110327953987493
1324970062390890496,negative,0.002125742194389382
1324970069131210753,negative,0.0906428311306642
1324970076785831936,negative,2.5582437994907326e-09
1324970077045870593,negative,0.0030650978564471616
1324970079579213824,negative,0.00019438320581112087
1324970079650541568,negative,0.07299413072383985
1324970096633188352,negative,0.07166616177057729
1324970103293710336,negative,0.00013910255335370972
1324970103868321792,negative,0.009467987592941566
1324970105680384000,neutral,0.5136446707795853
1324970110201831424,negative,0.2124312700013342
1324970112496111616,negative,0.033918652841317565
1324970122138832896,negative,3.823787928789345e-06
1324970131320045570,negative,0.006072901267097276
1324970134356766721,negative,0.2765132995702655
1324970134755282945,negative,1.6332660051858449e-06
1324970144775495680,negative,1.7938055339034723e-12
1324970190271107072,negative,0.050179578825867516
1324970193077088256,negative,7.419643533003263e-05
1324970200828096512,negative,3.976541404409591e-05
1324970210009477121,negative,2.455070643608838e-07
1324970210714144769,negative,0.0027386524265498465
1324970218968535041,negative,0.0009589598647682397
1324970220721729536,negative,0.007539432640180683
1324970237964529664,negative,0.007832836771338569
1324970244276940802,negative,0.05738731705847255
1324970247791792129,negative,0.006830212213438333
1324970254531956736,negative,0.00011133324016863518
1324970258738900992,negative,0.02976889640125577
1324970269073678338,neutral,0.6070858531182126
1324970287570563072,negative,5.987651144597659e-11
1324970291223814144,positive,0.99999594986892
1324970298492510210,negative,9.525157580883196e-09
1324970304893038592,negative,0.00722317993975155
1324970320927858688,negative,0.024245427913189493
1324970326317387776,negative,0.05738731705847255
1324970327345127424,negative,9.58608924146308e-05
1324970327357714433,negative,0.07395135598231363
1324970340980842496,negative,9.23584906813379e-16
1324970349960679424,negative,0.20151107838416538
1324970376170889221,negative,0.009001785278500637
1324970380482719744,negative,0.001397621040388841
1324970385788575744,neutral,0.398436935063363
1324970386904190979,negative,0.00021033554171486966
1324970392700784641,negative,0.046897219794126005
1324970406760079360,neutral,0.49789225920557484
1324970413038956544,negative,3.662731750243176e-11
1324970431548436480,neutral,0.34204090801782494
1324970432878030848,negative,0.03723306977093772
1324970433389670400,negative,0.0003177952058855822
1324970442378121216,negative,0.0037738979543757933
1324970445502894080,negative,1.1359696520661052e-12
1324970447394443264,negative,0.21659070216520487
1324970461420269570,neutral,0.3874839554639945
1324970478948245504,negative,0.00040271485192269746
1324970487009730560,negative,0.16285414211155946
1324970491933728768,negative,0.036300510751530235
1324970503128420352,negative,0.17194006031817036
1324970506009894912,negative,0.02195786153121347
1324970506970300416,negative,0.14211464734338491
1324970510082568197,negative,0.00298362653848706
1324970510401277952,negative,2.8258925311671222e-12
1324970516839542785,positive,0.7338257723670888
1324970517342916609,negative,0.32123658192396487
1324970520635432961,neutral,0.6070858531182126
1324970548762435585,negative,2.3623114394346552e-05
1324970549169287169,negative,0.026534993869748533
1324970554550587392,negative,0.08086773749777483
1324970566907011072,negative,0.20716857495397692
1324970570367242245,negative,0.020026480839334122
1324970605012267009,negative,0.02674989449000202
1324970606467682304,negative,0.003236683303178934
1324970619050536960,negative,0.0008617268803420948
1324970627992854528,negative,0.01158077121252876
1324970628273876992,negative,0.32738607608997594
1324970629255340037,neutral,0.3358218310945649
1324970630576549888,negative,0.14563363210115435
1324970633449660417,negative,0.014074984069007779
1324970638327439360,negative,0.20151107838416538
1324970645806002183,negative,0.00024639375720995996
1324970646653251586,negative,1.064594669743784e-12
1324970647248900096,negative,0.005263399990766053
1324970648263938049,negative,0.007222412390708354
1324970653498421248,negative,0.01117666183255564
1324970657004711936,negative,0.0002833551051641104
1324970660184133632,negative,0.0009715975920611465
1324970678290886656,negative,0.20888069757047548
1324970679343718400,negative,0.09066344147621565
1324970679356321794,negative,0.00023314137596149983
1324970684385267712,negative,0.09066344147621565
1324970688260812800,negative,1.3444186159979812e-07
1324972080606154758,negative,0.07120555853912734
1324972090223697922,negative,0.004768526269357011
1324972093533003777,negative,0.01671225302076013
1324972114160586753,negative,0.02976889640125577
1324972130677755904,negative,0.06295628545018207
1324972131936051201,negative,2.068529383273141e-05
1324972144531533824,negative,0.00013538212608942961
1324972147782131712,negative,0.200764646848329
1324972148537118721,negative,0.00013444886438800959
1324972149195624448,negative,0.003383426045186709
1324972156275585024,negative,0.01158077121252876
1324972170678857728,negative,0.005903803450162743
1324972170959872000,negative,0.0012403349011027279
1324972171580600320,negative,0.0030650978564471616
1324972177490370561,negative,1.608998167754657e-06
1324972182485786625,negative,3.500750362013705e-05
1324972196415098880,negative,0.08055235708795863
1324972210071678978,negative,0.010687371678551815
1324972210600153089,positive,0.9842194694601246
1324972213330653184,neutral,0.43479909505395997
1324972218938503168,positive,0.7352133928480779
1324972219718639616,negative,0.07166616177057729
1324972220364500997,negative,0.00013538212608942961
1324972220431654912,neutral,0.36680871222889266
1324972228895776771,neutral,0.4139016212439922
1324972233270366208,negative,0.2168639638251226
1324972233308004352,negative,2.0119338475253567e-11
1324972236692987906,negative,1.5114011996679715e-05
1324972238890803200,negative,1.0282038749105291e-06
1324972242007019524,negative,0.06765814479287964
1324972242397245441,negative,0.050179578825867516
1324972252354506753,negative,0.07187417705660497
1324972253415665665,negative,6.078216413121451e-06
1324972253705015296,negative,1.4637885585216425e-14
1324972259904204802,negative,0.2765132995702655
1324972261191905280,negative,4.479711387823604e-07
1324972267466526721,negative,0.006830801689540778
1324972267927973888,negative,0.23558836392108234
1324972268104060931,negative,2.2728394417654617e-05
1324972277881053184,negative,0.0006182970317234478
1324972282377367557,negative,0.0234555541781678
1324972283618856960,negative,0.17835192571030348
1324972290283622401,negative,9.631316015031639e-11
1324972292284305409,negative,0.0038925670540568354
1324972298215043072,neutral,0.5734576952979002
1324972310860722177,negative,6.1726930061847e-06
1324972319085826048,negative,0.02651887521812871
1324972337133916161,negative,0.012108196102520693
1324972340615258112,negative,0.2765132995702655
1324972346269196288,negative,0.0054590611419653495
1324972352212439040,negative,0.22561333375529458
1324972354120933376,negative,0.037039675775729135
1324972355861569536,negative,0.0003650502733171059
1324972362215907329,negative,0.31378904886861053
1324972362643759104,negative,1.2990148849892651e-11
1324972368033406976,negative,0.005121839202750564
1324972369656639488,negative,0.0001731459429805458
1324972372869459968,negative,0.028449776606022277
1324972379467112448,negative,0.14240901970909378
1324972381614567424,negative,0.0007333936316168631
1324972382205906945,negative,0.0011527108069628684
1324972391563407360,negative,0.05738731705847255
1324972397464875008,negative,2.5663736044376866e-06
1324972399541030913,neutral,0.4832738762749406
1324972407547891713,positive,0.9899785356225995
1324972410286862339,negative,8.75792966516625e-08
1324972415923974144,negative,0.00979100562391103
1324972422429351940,neutral,0.4376598239642026
1324972436534734849,negative,0.00514974450982474
1324972444004835328,negative,0.00012180442996393436
1324972448673132545,negative,0.07072361881737986
1324972472383442944,negative,0.0006182970317234478
1324972474069643264,positive,0.7190516685255771
1324972505061355521,negative,0.3035700191101584
1324972537781039104,negative,0.17835192571030348
1324972540868046848,negative,0.2139085174340879
1324972548098985990,negative,0.06678203230861526
1324972549902626817,negative,0.06800395946006914
1324972559008485376,negative,0.296171696071485
1324972583004090368,negative,0.0001874320674481023
1324972583683563521,positive,0.7338257723670888
1324972587697524736,negative,0.00979100562391103
1324972613383249920,neutral,0.3320621255255775
1324972620362682368,negative,8.745278954020947e-07
1324972620878589952,negative,0.00013538212608942961
1324972622409576448,negative,1.6438854423434687e-11
1324972631821520896,negative,0.01158077121252876
1324972664453279745,neutral,0.49789225920557484
1324972668844699654,negative,0.07326888113444462
1324972677958922240,negative,5.074930931165848e-08
1324972689505869824,negative,0.06295628545018207
1324972702873083904,negative,0.016143864960017906
1324972706140401665,neutral,0.6158196693227522
1324972713874763777,negative,0.0002665131809022191
1324972743553478656,positive,0.6702812900483878
1324972760888717314,neutral,0.4507454498615163
1324972772414599168,negative,0.0013001020157055666
1324972775325523969,negative,0.008841232786909091
1324972776692871168,negative,0.2862572389607917
1324972793960816641,positive,0.9899785356225995
1324972796368351232,negative,0.017231541972506016
1324972796380909568,negative,0.09248942697408603
1324972801154031616,negative,0.01403997946709571
1324972802143875072,negative,0.0003977251285047198
1324972804505292803,negative,0.0006267278640184307
1324972805075726336,negative,0.00013538212608942961
1324972809924251648,negative,0.07299413072383985
1324972813111988224,negative,0.10449293521519207
1324972817406889984,negative,0.01086639477049305
1324972822297456645,negative,0.05738731705847255
1324972831092989952,negative,0.14563363210115435
1324972842358861825,negative,3.228137356408262e-11
1324972846867734528,negative,2.0663885667744685e-06
1324972850432897024,negative,0.0006182970317234478
1324972855520612352,negative,0.0390131633666819
1324972859287068672,negative,1.9141967977140232e-10
1324972872301998080,negative,0.17383713815870375
1324972875657457666,negative,3.303241915534413e-09
1324972893684576257,negative,0.036300510751530235
1324972915545174016,negative,0.00024639375720995996
1324972916602236929,negative,0.12169647491930138
1324972919798247424,negative,0.05738731705847255
1324972923086630912,negative,0.0037495756681521085
1324972928677580802,negative,0.00010763770210051218
1324972934138646529,negative,0.0007504597396132515
1324972941029888001,negative,4.279750049939131e-13
1324972943433195520,negative,0.05037596961116006
1324972947908538388,negative,0.2765132995702655
1324972952421593088,negative,0.00013538212608942961
1324972955563143170,negative,0.08754427180347997
1324972963347750913,negative,0.00151214332612405
1324972972193554433,negative,0.0002833551051641104
1324972974139711489,negative,0.0740226328160588
1324972978078093312,negative,0.014243668905977155
1324972983102877697,negative,0.0024181286911488494
1324972985787289600,negative,0.13896964335863818
1324972986659725312,negative,0.01158077121252876
1324973003810205701,negative,0.0013001020157055666
1324973022353084417,negative,1.2209289134186814e-05
1324973025729548288,negative,0.06863310840754926
1324973036420943873,negative,7.017324655298275e-06
1324973039415664641,neutral,0.5819708255966062
1324973041160491009,negative,0.2987371845664108
1324973043026948096,negative,0.01158077121252876
1324973046927650816,neutral,0.35629046916267293
1324973050958401537,negative,0.001120215626404415
1324973063293775872,negative,0.014058567582990792
1324973067035176960,negative,0.269200943666007
1324973075419422724,negative,0.010426744152054955
1324973076409421824,neutral,0.362353235078184
1324973081107050496,negative,0.020881191776108993
1324973087654371328,negative,0.00013538212608942961
1324973095359307776,negative,0.036502305535212394
1324973099595554817,negative,0.0023729128352813233
1324973105895370754,negative,0.0002833551051641104
1324973113600307200,negative,0.00979100562391103
1324973120088764416,negative,0.1785142298899852
1324973126124527616,neutral,0.3616312595810378
1324973135997796352,negative,3.815827064465169e-05
1324973159888510976,negative,0.09010493531533058
1324973162468007936,negative,0.14240901970909378
1324973169128722432,negative,0.0006624397240721689
1324973172857430016,negative,8.474522427346913e-07
1324973193300496384,negative,0.00011569051253861077
1324973195808698370,negative,0.052484152242793264
1324973200787247105,negative,0.01158077121252876
1324973203010318337,negative,0.00024371003484305112
1324973209993834496,negative,0.002026420891207011
1324973219623956483,negative,0.0001267864158149566
1324973219644923905,negative,0.0003983575344824705
1324973221276508162,negative,0.3035700191101584
1324973222542991361,neutral,0.44846293211155425
1324973226628313088,negative,0.008516265699683417
1324973230369673217,negative,1.9029027793046544e-05
1324973244257099777,negative,0.08530225845958996
1324973249793503232,negative,0.02976889640125577
1324973295117152257,negative,0.0011606375584777835
1324973295222067200,positive,0.9472639662013708
1324973304835346433,negative,0.05194129602278022
1324973310896197633,negative,0.00012063356572390195
1324973314272489473,negative,0.22707567550596763
1324973318412365824,negative,0.013956328429247926
1324973327484645376,negative,3.085809561121176e-07
1324973327497240576,negative,0.01158077121252876
1324973330605215747,negative,0.23628116319089099
1324973350142275584,negative,0.012289197630414422
1324973351710953473,negative,0.161027707825537
1324973357452980224,negative,0.0003674959867015803
1324973369880678400,negative,0.05163388669445869
1324973374217490432,negative,0.0483474709353798
1324973384682369026,negative,6.272303123291657e-06
1324973386515312640,negative,0.2959321941821595
1324973408443133952,negative,0.02976889640125577
1324973411110674432,negative,0.02669312633022623
1324973415023972352,negative,5.4760362399915465e-06
1324973453884190724,negative,0.0008617268803420948
1324973457013137408,negative,0.00014118516975770756
1324973474016800769,negative,0.0806170338405077
1324973477196140544,neutral,0.5495922250151081
1324973478294990849,negative,0.17217876329709217
1324973480006348800,negative,0.13204907919475686
1324973488621449217,negative,0.05469545061869992
1324973506824708103,negative,0.00010629097033152802
1324973508674408448,negative,0.12976070978336307
1324973527259340805,negative,0.012813921982683201
1324973539192152064,negative,0.059527994562781794
1324973548256059398,negative,1.6477875059285027e-05
1324973550781014017,negative,0.01000519875622095
1324973555985965058,negative,0.15784872887475487
1324973567101038592,neutral,0.3374674755446546
1324973570435526662,negative,0.03983031260542193
1324973591037882369,negative,3.2683815786969114e-08
1324973608846942209,negative,1.4464200985460956e-06
1324973610554044416,negative,0.022597448950724682
1324973610801352709,positive,0.9999996046446356
1324973617092947969,neutral,0.36174470014391263
1324973620159016961,positive,0.9692194620623478
1324973623556403200,negative,0.00019968132627847941
1324973623937916928,negative,0.01215969807521475
1324973624902770688,negative,0.00010815391220066183
1324973625640964097,negative,0.008636914260371487
1324973628774096896,negative,0.005324003391117667
1324973637137526784,neutral,0.4507454498615163
1324973640677470209,negative,0.04148736171827543
1324973646847352833,negative,0.05738731705847255
1324973649770778624,negative,0.21331710992859024
1324973650320224262,negative,0.005485153682079543
1324973669249142784,negative,0.00979100562391103
1324973670247362560,negative,1.2967695658678103e-08
1324973672180932609,positive,0.9210444338056396
1324973675603521536,positive,0.9210444338056396
1324973694121353217,negative,0.00013538212608942961
1324973698655395841,negative,0.0002833551051641104
1324973706146426880,negative,0.014074984069007779
1324973707069165570,negative,0.00019667781380436396
1324973710776930305,negative,0.24369902711185729
1324973731928739843,negative,1.3812801758219305e-07
1324973734239858688,negative,0.0002833551051641104
1324973737129648128,negative,0.0002833551051641104
1324973738899726336,negative,4.265216016130027e-06
1324973754599043072,negative,1.3103854680373756e-05
1324973756519952384,negative,0.07257118388952043
1324973769711120384,negative,0.0240287461594408
1324973773028806656,negative,0.0006141126561357714
1324973773230125058,negative,0.02976889640125577
1324973783090929664,negative,1.7737529206753983e-07
1324973784500154370,negative,0.0003674959867015803
1324973788614828032,negative,0.015175791857536007
1324973791534084097,negative,1.3444186159979812e-07
1324973796227428352,negative,1.138575860013542e-06
1324973798395961345,negative,3.0311547400398613e-08
1324973799301931008,negative,0.1628684931996735
1324973804066656256,negative,0.01681879092030568
1324973809980628992,negative,2.840178407295165e-06
1324973811247276033,negative,0.20716857495397692
1324973812375576576,negative,0.05738731705847255
1324973813818413056,negative,0.27873399574215535
1324973827705753600,negative,0.0141111544609446
1324973836341829634,negative,0.0009536279998012598
1324973844877242369,neutral,0.6445710101800396
1324973848178077696,negative,0.004025802813403928
1324973848907886592,negative,0.0006784549341101488
1324973853072891904,negative,0.0013621681853241054
1324973862015131648,negative,0.08647681874363344
1324973864338788353,negative,0.00010299505208294302
1324973867069267968,neutral,0.4815104419103124
1324973871930466305,negative,0.05738731705847255
1324973872311984128,negative,0.036502305535212394
1324973896135811073,negative,0.14723387682154793
1324973896450400256,negative,0.2765132995702655
1324973917426118656,negative,7.99560248391842e-10
1324973917971357696,negative,3.435413032742835e-05
1324973921645465600,negative,0.05738731705847255
1324973926825517057,negative,0.13637851794410472
1324973932072591361,negative,0.03252602143253367
1324973933272195072,negative,1.3444186159979812e-07
1324973935600029696,negative,2.5976712289319432e-05
1324973946597486592,negative,1.678093201768537e-05
1324973971343814657,negative,0.10435092759092009
1324973987315724288,negative,1.5090337998469536e-05
1324973993531727875,negative,7.559751512027697e-05
1324974004785078272,neutral,0.5495922250151081
1324974008601874432,negative,0.24346231752630834
1324974011781144576,neutral,0.4598517397106212
1324974012691312640,negative,0.013066293770805353
1324974015958618112,negative,0.07166616177057729
1324974022648619009,negative,0.007269173282167967
1324974030823284736,negative,0.0010229207036533067
1324974031553097730,negative,0.31251327812974533
1324974032631050240,neutral,0.5495922250151081
1324974036892471296,neutral,0.49789225920557484
1324974039736217600,negative,0.18459858958932926
1324974047428550656,negative,0.00016183190021553845
1324974047952822273,negative,0.0001729344281552494
1324974051782234112,negative,0.06972430344868301
1324974055959777281,neutral,0.6158196693227522
1324974056060424192,negative,0.033918652841317565
1324974066831421445,negative,0.01759728542583927
1324974070300028928,negative,9.358615061488357e-08
1324974081213526017,negative,0.004984116354820604
1324974089224810496,positive,0.9996089195175278
1324974113690148864,neutral,0.6070858531182126
1324974114940071936,neutral,0.46127768308170247
1324974115120443392,neutral,0.46127768308170247
1324974117993537537,negative,0.18383574104864478
1324974136712638469,neutral,0.34204090801782494
1324974139547987968,negative,0.00979100562391103
1324974140013506563,positive,0.9868246130462776
1324974146489475072,negative,1.0282038749105291e-06
1324974151740903425,positive,0.7177280925986288
1324974152164499456,negative,0.02976889640125577
1324974160217509890,negative,0.007640612037575141
1324974168119635969,negative,0.0027386524265498465
1324974173052149760,negative,0.013110327953987493
1324974178165010433,negative,0.00018160025618364913
1324974185995792386,neutral,0.34204090801782494
1324974198603780098,negative,0.052148457355558106
1324974199916654592,negative,0.0006398291898840007
1324974207843901441,negative,0.27873399574215535
1324974219134951425,negative,0.05186704923935927
1324974222381355008,negative,8.559129941055581e-07
1324974223606091777,negative,0.2751065908273511
1324974225929736192,positive,0.9398601025952942
1324974231722094592,negative,0.002218318387723492
1324974236574883840,negative,0.00289410344749336
1324974237803753473,negative,0.0002833551051641104
1324974242753093633,negative,0.01403997946709571
1324974244388868096,negative,0.09886574254237089
1324974254862036992,negative,0.02208058125872095
1324974256963379200,negative,0.0002344006957316327
1324974259471585281,negative,1.0282038749105291e-06
1324974272704618496,negative,1.0282038749105291e-06
1324974276269760512,negative,0.008574793996285739
1324974281105813504,negative,0.022410636880071538
1324974281323909120,negative,0.05243031235135561
1324974292682100746,negative,0.30129295976375475
1324974299669815297,negative,0.0003983575344824705
1324974314228232192,negative,0.0002833551051641104
1324974323338272769,negative,0.11143629289126601
1324974341273112577,negative,0.18160773040249936
1324974347061235712,neutral,0.4895215018015524
1324974353180725248,negative,0.036300510751530235
1324974355156135936,negative,2.3301418440419266e-08
1324974366468280320,negative,1.2967695658678103e-08
1324974369752428544,negative,3.1744117096376924e-09
1324974397376049152,negative,9.510460208385208e-05
1324974398961553408,negative,0.16176394765966462
1324974402799329281,negative,0.024891322982233392
1324974422479040512,negative,0.0006784549341101488
1324974425540878336,negative,3.121898909158092e-08
1324974425918365696,negative,4.668260205879945e-05
1324974431094140929,negative,0.018608398197688877
1324974440023814144,negative,1.0574632934678393e-15
1324974451201601538,negative,0.00024771842341521133
1324974472881909760,negative,2.300919661553414e-08
1324974482868613121,negative,0.0002833551051641104
1324974486551228417,negative,0.2924307444312937
1324974487285231621,neutral,0.5136446707795853
1324974496701444097,negative,3.2802479865955855e-07
1324974498492395521,positive,0.9345750332608934
1324974503475212288,negative,9.583250885806624e-05
1324974506516033537,negative,0.004896694949649577
1324976272037060610,negative,0.010700552871511934
1324976276667568129,negative,0.02671675133001721
1324976280241119235,negative,0.07992173079591802
1324976283172937729,neutral,0.47056393437689525
1324976284498354176,negative,0.005490448696099736
1324976288164179971,negative,0.019254410534063914
1324976296049434624,negative,0.06147956405541486
1324976306455449601,negative,0.01158077121252876
1324976322536411141,negative,3.435413032742835e-05
1324976348746706944,negative,0.0011312203401460759
1324976352886452224,negative,0.1628684931996735
1324976353037471744,negative,0.004692034011608659
1324976359450570759,negative,1.2128101727947307e-06
1324976363221217280,negative,0.004118225618308012
1324976366933209090,negative,0.00352820536975194
1324976369273614336,negative,1.0282038749105291e-06
1324976381986557952,negative,0.0004401172939443321
1324976383219687424,negative,3.395102598719796e-05
1324976385799098370,negative,9.467534591674029e-05
1324976388881965056,negative,0.264522393807827
1324976396758814722,negative,1.0282038749105291e-06
1324976402903556097,negative,0.2765132995702655
1324976414173622272,negative,0.0564670853692459
1324976435698786305,negative,0.2632046401161321
1324976436487335936,negative,0.11404549950059598
1324976440648085505,negative,0.004897849341439005
1324976444334862336,negative,0.017641266350593234
1324976462504587265,negative,0.01403997946709571
1324976467424514048,negative,0.0008819041018942815
1324976468045123585,negative,0.00993651483543966
1324976468561178624,negative,0.04691129290599121
1324976472612802565,negative,3.41278050220042e-06
1324976488009986049,negative,1.8444857031561488e-09
1324976491675877377,negative,0.16829211574205255
1324976493534044160,negative,4.830999199703276e-06
1324976501645864960,negative,0.00042768007192265387
1324976969746878476,negative,0.01158077121252876
1324976996804386816,negative,0.2931831780545633
1324976998997876738,negative,0.19967132503548074
1324977013367640065,negative,0.004190308565452299
1324977018476388354,negative,0.11148113085015277
1324977043256307712,negative,0.0003983575344824705
1324977058825596928,negative,1.138575860013542e-06
1324977060285124608,negative,0.01336419137034781
1324977083605540870,positive,0.7012751897858396
1324977089506897920,negative,0.0019455055742848763
1324977090706305029,negative,0.0002833551051641104
1324977092698771456,negative,0.05485948132265117
1324977096918147072,negative,0.20151107838416538
1324977108515434496,negative,0.01158077121252876
1324977113804517376,negative,0.0030511925214593526
1324977115599691776,negative,0.06739463999511297
1324977119030603776,negative,0.0019330071506866813
1324977120536354816,negative,5.361091913960457e-05
1324977134125936641,negative,0.0020856586570847354
1324977152400515074,negative,0.0003983575344824705
1324977152627011584,neutral,0.3651842669509709
1324977154141118464,negative,0.0015463387281574328
1324977155428773889,negative,0.0240287461594408
1324977156125044738,negative,0.012259180619197708
1324977162802266114,negative,5.35794901459985e-13
1324977180921786368,negative,1.0890662462037895e-11
1324977185766170624,negative,1.591163303369814e-06
1324977188718960640,neutral,0.36174470014391263
1324977191168380929,negative,0.010850022664218185
1324977197682225154,negative,2.8263337330801383e-07
1324977842380279808,negative,0.0041255022125407815
1324977843441426432,negative,5.35794901459985e-13
1324977844926128129,negative,0.12914174970428277
1324977847849672704,negative,0.2702889514045762
1324977848755642369,negative,0.01158077121252876
1324977853205770241,negative,0.09873800203207989
1324977865683824642,negative,0.0024286704740577587
1324977875720810498,negative,2.3762043134046752e-07
1324977881315938304,negative,0.0013420186112365737
1324977888316313600,positive,0.9828833615746237
1324977890417664000,negative,0.0006258944188133747
1324977908570533888,negative,0.036300510751530235
1324977924206833664,negative,0.08730052877016885
1324977933115645955,negative,0.022410636880071538
1324977944612188161,negative,3.635170406515541e-05
1324977962031190016,negative,0.0007759723329469866
1324977962396098560,neutral,0.3342307141336575
1324977966816915457,negative,0.17352283684402706
1324977968893071361,negative,0.11708285524462472
1324977973397774337,neutral,0.3318228626708164
1324978006117462016,negative,9.783683059846033e-07
1324978014111850496,negative,0.0012117598471353837
1324978016129343488,negative,0.01158077121252876
1324978022739550209,negative,0.14817485791181745
1324978036740038658,negative,0.01158077121252876
1324978039755780101,neutral,0.5630410866502906
1324978490102460417,negative,0.001022459998062562
1324978492467982337,negative,0.03134667075877009
1324978502832066560,negative,0.003383426045186709
1324978506053406725,negative,0.27873399574215535
1324978508184039430,negative,0.0008617268803420948
1324978509933064192,negative,5.7172565219038156e-08
1324978510860005377,negative,0.0003983575344824705
1324978513934512128,negative,0.007155317439452972
1324978529834917888,negative,0.1921626653630506
1324978531382800384,negative,0.0006182970317234478
1324978534062940160,negative,6.759297706281233e-05
1324978538320113667,negative,0.001268199484785363
1324978550496243714,negative,1.71761294420092e-07
1324978550773075970,negative,0.0034609893447516355
1324978563985125378,negative,0.009060123252890689
1324978567109734400,negative,0.16280582794327256
1324978574001115136,negative,0.02149657329726151
1324978575435554816,negative,7.439239996677465e-06
1324978586735030273,positive,0.9996089195175278
1324978597682171904,negative,0.00979100562391103
1324978610877456384,negative,2.8263337330801383e-07
1324978631991570432,negative,1.3444186159979812e-07
1324978633140793344,negative,0.02332350688207023
1324978641575567360,negative,0.001147185270031319
1324978645702733826,negative,0.010599100153894283
1324978647602765825,negative,0.00011569051253861077
1324978649922228225,negative,0.0014305960768936858
1324978664220614656,negative,0.05170000807652424
1324978664899973122,negative,0.0648848902672769
1324978675381653504,negative,0.0038146782172897124
1324978681618567169,negative,0.16280582794327256
1324978685569589248,negative,0.007155317439452972
1324978692179841025,negative,0.27873399574215535
1324978702451691520,negative,6.053462982406208e-05
1324978721355337728,negative,0.0027386524265498465
1324978727810437121,negative,7.559751512027697e-05
1324978743597813760,negative,0.0863990843157556
1324978743652343808,negative,0.01759728542583927
1324978748148551680,negative,9.019003717595845e-05
1324978765378822144,neutral,0.6171542433430028
1324978766632816641,negative,5.42275499658707e-05
1324978767668899840,negative,0.04141534362859718
1324978780931289089,negative,0.015936126295780905
1324978782206390274,negative,2.0886169395821585e-05
1324978788581609472,negative,0.03271230695791992
1324978793082195968,negative,0.019254410534063914
1324978795569426432,negative,0.003669709938929641
1324978799478525954,negative,2.8717818763256277e-07
1324978802494205952,negative,0.17352283684402706
1324978808970162176,negative,0.00018081334645840918
1324978810920574976,negative,0.008953171281515194
1324978816645816321,negative,0.2461079079877374
1324978817027411973,negative,8.240798295695369e-05
1324978819527303169,negative,0.0003983575344824705
1324978822207447053,negative,0.01671842062645876
1324978826548482053,negative,0.007155317439452972
1324978845380960256,negative,0.0007558821602783604
1324978851164934144,negative,1.0095261983921476e-09
1324978861768122368,negative,0.017571337117531328
1324978884551569408,negative,0.0648848902672769
1324978895536484352,negative,0.21619896099761055
1324978895993581569,negative,0.02613431280618877
1324978901731299328,neutral,0.47979919137541727
1324978904147365897,negative,0.00167233985443884
1324978907079127040,negative,0.00015744422417730264
1324978918462525441,positive,0.9453158762691072
1324978919540465666,negative,4.952491364203226e-06
1324978922325495808,negative,0.3035700191101584
1324978929577447424,negative,0.31820487300311295
1324978932211445760,negative,1.641016033958078e-05
1324978937982840833,negative,0.01234358496336094
1324978939551494154,neutral,0.44176676120557634
1324978963438034945,negative,0.00011942984398360975
1324978964104933376,negative,0.0001098468017400744
1324978964872433664,negative,0.1628684931996735
1324978966155948032,negative,0.10278511297411613
1324978969326751745,negative,0.22707567550596763
1324978976562049024,negative,0.12914174970428277
1324978976578822144,negative,0.175459292350437
1324978982476017664,negative,0.0003983575344824705
1324978984518479875,negative,0.004965991163882892
1324978998213046272,negative,0.009960947445721131
1324979004202393602,negative,1.5270055219971076e-08
1324979010623971329,negative,4.393293265919025e-05
1324979015116066816,negative,0.10435092759092009
1324979024406384640,negative,0.022377867697496154
1324979039094894592,negative,2.5650170359521357e-05
1324979048225837057,negative,0.2709308771158467
1324979050650214401,negative,0.17835192571030348
1324979057847640064,negative,0.0006784549341101488
1324979075497275392,neutral,0.35629046916267293
1324979083466448896,negative,7.007736968921738e-08
1324979088910667777,negative,0.1816200784930006
1324979109445984257,negative,4.398534391716319e-09
1324979115506749440,negative,0.0648848902672769
1324979124130226176,negative,0.04560989043297512
1324979127875760129,negative,0.0027725570185376993
1324979128374845440,negative,0.028028250041782988
1324979130291589120,negative,0.003996713785880163
1324979147081478144,negative,0.000903056674709434
1324979158519144448,negative,0.001246779595004999
1324979160981385218,negative,0.002026420891207011
1324979181378297857,positive,0.8335032706472729
1324979195626348550,negative,0.11148113085015277
1324979213116592128,negative,0.01158077121252876
1324979221647777792,negative,0.12914174970428277
1324979243051315201,negative,0.0004293987719325786
1324979245144215552,negative,0.18383574104864478
1324979260038275072,negative,0.0011317184230767849
1324979278170173442,negative,0.05738731705847255
1324979280082853888,negative,0.001147185270031319
1324979280296747008,negative,1.678093201768537e-05
1324979287104106496,negative,6.858349155482152e-05
1324979289654177792,positive,0.7862935610264191
1324979293395542017,negative,0.0021226091896383503
1324979297816293376,negative,5.094178683593396e-10
1324979306884427777,positive,0.7012751897858396
1324979319865806849,negative,0.01669667500904982
1324979320796946433,negative,0.027035066865672298
1324979325041602567,neutral,0.36755395020770226
1324979333182730241,negative,0.0001689819989327009
1324979349162962944,negative,0.0060777944015649775
1324979353147600898,negative,0.1720767428995029
1324979354238062593,neutral,0.4507454498615163
1324979358654722048,positive,0.9699390381396102
1324979360068210688,negative,0.176411161274856
1324979361397829632,negative,0.03611147368121532
1324979365285928960,negative,0.00030759515143958735
1324979369077563393,positive,0.9951484134359577
1324979374781849600,negative,1.7893103782825548e-07
1324979382792966144,neutral,0.44421462134276596
1324979393274540032,negative,2.8263337330801383e-07
1324979395774328833,negative,0.000345090928778012
1324979402124439553,negative,0.05640197406091572
1324979403055636481,negative,0.23915085785877627
1324979405530275842,negative,0.0036639231775944673
1324979408969609218,negative,0.0026808082419423817
1324979410471178240,negative,0.004127499625065698
1324979412035579907,negative,2.1352839487687544e-05
1324979423863566336,negative,1.138575860013542e-06
1324979444847685635,negative,2.8263337330801383e-07
1324979456751112193,negative,0.00979100562391103
1324979459032838145,negative,0.0003983575344824705
1324979469807980544,negative,1.4809431082720557e-06
1324979476808294400,positive,0.904723530506387
1324979488749465600,negative,3.66632969078671e-07
1324979490523635712,negative,0.20151107838416538
1324979493975584768,negative,0.16763612623628363
1324979494629875713,negative,0.01158077121252876
1324979496576049154,negative,0.00013229690893915472
1324979501726654464,negative,0.16066898021825055
1324979502888443904,negative,6.35320471679955e-05
1324979505568473089,negative,0.0044887563282152935
1324979521838256129,neutral,0.36174470014391263
1324979535671144448,negative,0.00013538212608942961
1324979541085917184,negative,3.0311547400398613e-08
1324979542897942528,neutral,0.4507454498615163
1324979544659472385,negative,0.0003759098614543958
1324979549596225536,negative,0.0006440112413360493
1324979560811782145,negative,0.020881191776108993
1324979582840266753,negative,0.03792855461535212
1324979583423229952,negative,2.3436919232363096e-14
1324979589999808515,negative,0.05738731705847255
1324979592378130432,negative,0.32269697396927294
1324979598317264897,negative,0.000345090928778012
1324979598812123137,negative,3.9897806053490895e-10
1324979606504476673,negative,0.01158077121252876
1324979616180805634,negative,0.0002833551051641104
1324979631125131264,neutral,0.4196071016015155
1324979645519974400,negative,0.09045034813931778
1324979650418892800,negative,0.010486970879422226
1324979661990866945,negative,5.088563264103835e-07
1324979667808493569,negative,0.10257797504384468
1324979668873834497,negative,0.027035066865672298
1324979683990130688,positive,0.9395254108449254
1324979705477537795,negative,0.06560242657559064
1324979706119114752,negative,0.0003644529509509959
1324979726801375232,negative,0.0006182970317234478
1324979728768438272,negative,0.003104773228822529
1324979739422023680,negative,4.312894279259878e-14
1324979759168761859,neutral,0.4507454498615163
1324979766143971330,negative,3.0311547400398613e-08
1324979779314081792,neutral,0.5804344590142613
1324979787337707520,negative,0.16898948308594974
1324979788591886336,negative,0.11825516414312394
1324979801501937665,negative,0.2601578798625023
1324979802332405760,negative,0.047542486325820525
1324979809538150401,negative,9.392970644166013e-18
1324979813455638528,negative,0.044364535634978663
1324979819474526208,negative,0.050295215036028317
1324979820124581888,neutral,0.6070858531182126
1324979826978074624,negative,0.161027707825537
1324979829930909699,negative,0.10659193177818857
1324979839816921088,positive,0.8614422005058746
1324979851418329089,positive,0.9998339292150296
1324979858590625793,neutral,0.4894438397947411
1324979864680722433,neutral,0.4894438397947411
1324979870930243584,negative,5.946904955869397e-07
1324979872620572672,negative,1.0282038749105291e-06
1324979888961576961,negative,0.05738731705847255
1324979901934436353,negative,0.02348392383390982
1324979901938556929,negative,0.04757831108766219
1324979902832111616,negative,5.655262801920549e-12
1324979904715386886,negative,0.045354283223271195
1324979905977790465,negative,0.04319300187288121
1324979912894255104,negative,0.31378904886861053
1324979918984400898,negative,1.678093201768537e-05
1324979920838270978,negative,1.2811793690514992e-10
1324979920968232960,negative,1.591163303369814e-06
1324979923614920704,negative,0.2801842775577194
1324979928547332096,negative,0.0004691438798966618
1324979928820051968,negative,0.0003983575344824705
1324979939024711680,negative,2.5650170359521357e-05
1324979948847828992,negative,0.019302922921571864
1324979953163776000,negative,0.15495628630909897
1324979958494720000,neutral,0.43770833866036823
1324979960537374721,negative,0.015179464935536794
1324979968129052678,negative,0.0015829476402328263
1324979968133230592,negative,0.00044086320144404916
1324979968414265345,negative,5.167951826773007e-05
1324979974806392832,negative,0.02696910411422865
1324979977293619200,negative,2.143747696612369e-07
1324979984809795585,negative,0.008100755616523654
1324980008478269440,negative,0.2852275943967537
1324980017332416512,neutral,0.5551466973422914
1324980018620010496,neutral,0.33310995627326356
1324980027050635265,neutral,0.5170788684462355
1324980031265918977,negative,0.07127627667854541
1324980034994655233,negative,1.2371234195120092e-10
1324980039130226688,negative,2.4722557591074298e-06
1324980054758199296,negative,0.000345090928778012
1324980060324065280,negative,0.002026420891207011
1324980067785715713,negative,0.0002967318919222156
1324980068691677184,negative,0.008636914260371487
1324980077583536130,negative,1.2983409722859999e-05
1324980080674791426,negative,0.00046195857772359157
1324980082834886657,negative,2.08995255821342e-06
1324980085565353986,negative,9.730531062950766e-06
1324980106385821699,negative,0.00024639375720995996
1324980109691023360,negative,0.01158077121252876
1324980110886400000,neutral,0.5170788684462355
1324980113100910593,negative,0.0009536279998012598
1324980113797124096,negative,0.00791252714490718
1324980118377336832,negative,1.0440865217256104e-06
1324980130670850048,negative,0.0020639161090875544
1324980130956136449,negative,0.0014432672240449783
1324980146584117250,negative,0.07146481027001286
1324980150187003904,negative,0.011742134850532264
1324980153529880576,negative,0.00242565812969848
1324980157363466240,negative,2.3623114394346552e-05
1324980164871114755,negative,0.09633065975676036
1324980172853022721,negative,0.01669667500904982
1324980172920156161,negative,8.559129941055581e-07
1324980181757534208,negative,0.0030511925214593526
1324980187939876866,negative,0.01158077121252876
1324980189084995584,negative,0.001401677221228096
1324980195103739904,negative,2.3623114394346552e-05
1324980198681546752,negative,1.5606746790919332e-05
1324980201240072192,negative,0.007539432640180683
1324980201458110466,negative,0.013660242937279226
1324980202129199107,negative,0.003535429509665824
1324980211629297664,negative,2.7912803219914466e-05
1324980220605177857,positive,0.8335032706472729
1324980227580194816,negative,0.04691129290599121
1324980231711711235,negative,4.639489396627221e-09
1324980233628422144,neutral,0.36174470014391263
1324980238678364160,positive,0.7390767357655189
1324980240884576257,negative,0.0027386524265498465
1324980249369718784,negative,3.823787928789345e-06
1324980252490264578,negative,0.10058604768301276
1324980254906208257,negative,0.2987371845664108
1324980266369245184,negative,2.1001235647300695e-06
1324980268046970881,negative,0.16763612623628363
1324980269481406464,negative,0.0976538463280294
1324980278352351233,negative,2.8263337330801383e-07
1324980301454565376,negative,0.07166616177057729
1324980301773201408,negative,0.02526279370782448
1324980306957438976,negative,0.1826062390644749
1324980307632721920,negative,0.02202485776481673
1324980310115819520,negative,0.0003983575344824705
1324980318202421249,negative,0.0003784353920483759
1324980318332444672,negative,0.17766151828027102
1324980340595843073,negative,1.301576383025736e-05
1324980343947014144,negative,2.8263337330801383e-07
1324980344576225281,negative,0.16406828273605317
1324980345532461056,negative,0.001960831858231722
1324980351576453121,negative,0.17162307107152108
1324980353719791616,negative,0.005044522824810739
1324980357578420226,negative,0.007494606761707913
1324980360833355777,negative,0.0005148428696584824
1324980365627363328,negative,0.0008297064436343027
1324980366294327296,negative,0.0026615477973202816
1324980369293258752,negative,0.02527410707357162
1324980375400181761,negative,0.033918652841317565
1324980382417215488,negative,6.707612977872048e-09
1324980409256570881,negative,0.00137046402443629
1324980417485737984,negative,0.015895490452989186
1324980419662581761,negative,2.008816972516195e-12
1324980436590755840,negative,0.00043080202943450614
1324980438625099777,negative,0.005180381838593744
1324980439141011456,negative,0.01198129037388375
1324980456933257217,negative,0.02164015356945496
1324980456996040704,positive,0.9900696918593009
1324980460439687169,negative,0.002026420891207011
1324980472506687488,negative,0.04691129290599121
1324980480958193665,negative,0.3253090575616053
1324980489430642688,negative,0.005728814449831722
1324980492274429952,negative,0.01158077121252876
1324980504781787136,negative,0.1993027976534692
1324980509299134464,negative,1.0282038749105291e-06
1324980515502485504,negative,0.27873399574215535
1324980523568074752,negative,0.0013332973465318883
1324980525354938368,neutral,0.6158196693227522
1324980534372659200,positive,0.9996089195175278
1324980538617327621,negative,0.17352283684402706
1324980551577694211,negative,3.976541404409591e-05
1324980554115272704,negative,0.1805263391329876
1324980560037437440,negative,0.09822420897678853
1324980566194876416,negative,0.1849771538756486
1324980573455196160,negative,0.2765132995702655
1324980574994493440,negative,0.0008212384292724517
1324980621467389952,negative,0.0009425075650009375
1324980626060169217,negative,0.00012466940172855564
1324980630103482368,negative,6.534684033605936e-11
1324980636915011584,positive,0.927468743870581
1324980646742257667,negative,1.599611743535667e-07
1324980656271585280,negative,0.05738731705847255
1324980668460359680,negative,4.2860131143642e-08
1324980687900971014,negative,0.17352283684402706
1324980688404303872,negative,0.000345090928778012
1324980690878935040,negative,3.0733016005500745e-09
1324980709640040448,negative,0.00021149888964256034
1324980710193696768,negative,0.00011783598481622553
1324980711561048064,negative,0.002052715207855785
1324980721715466240,negative,0.27873399574215535
1324980724596936704,negative,5.167951826773007e-05
1324980734956883970,negative,1.2967695658678103e-08
1324980735690862593,negative,0.1006220765361688
1324980743425110016,negative,0.004127499625065698
1324980748886142976,negative,0.0030511925214593526
1324980757228556288,negative,0.013956328429247926
1324980758918934529,negative,0.3035700191101584
1324980760491790337,negative,0.32269697396927294
1324980761909456898,negative,0.0015829476402328263
1324980769551495171,negative,1.0117200666515333e-10
1324980771266899968,negative,0.021843142540717755
1324980772911140864,negative,2.4271604209739035e-06
1324980778082705408,negative,2.8263337330801383e-07
1324980779689107456,neutral,0.5096447814414765
1324980790132944896,negative,0.01681879092030568
1324980791890341889,negative,0.10919376431016727
1324980792146223104,negative,0.161027707825537
1324980804976578562,negative,1.1224686997661813e-08
1324980807950344195,negative,0.07166616177057729
1324980827625828352,negative,0.02671675133001721
1324980836022759424,negative,0.2987371845664108
1324980849079701504,negative,1.923014336957691e-05
1324980851042553857,negative,1.0282038749105291e-06
1324980864548294656,negative,2.1352839487687544e-05
1324980901521076225,negative,0.010880156252611179
1324980909733531648,neutral,0.34592104848538285
1324980909972578306,negative,0.07497463040169501
1324980915349696513,negative,0.000690349559817182
1324980924992245760,negative,1.713011938189587e-05
1324980935083831296,negative,0.24788162312989928
1324980938007220225,negative,0.00039991283034557495
1324980942478381056,positive,0.9996089195175278
1324980945951338498,negative,0.00137046402443629
1324980946047803393,negative,1.5606746790919332e-05
1324980947067002880,negative,6.540435238147175e-05
1324980966532767749,negative,0.014045232252857486
1324980972723433473,negative,0.00024639375720995996
1324980975546273793,negative,0.002450963296790182
1324980980017471488,negative,0.001867968643625669
1324980985503621121,negative,6.74211534020815e-09
1324980986157932544,positive,0.6658432524543267
1324980987567157249,negative,0.0003983575344824705
1324980999923650561,neutral,0.4507454498615163
1324981007272071169,negative,0.00885968624576967
1324981058350223361,negative,6.873758903564773e-06
1324981063614083074,negative,1.5606746790919332e-05
1324981072770306048,neutral,0.5727597870926866
1324981074653548544,negative,0.040403006178791834
1324981079456047105,negative,0.2765132995702655
1324981083176308736,negative,0.0008617268803420948
1324981091745271808,negative,0.05640197406091572
1324981103673937920,positive,0.7648903525685752
1324981108346380289,negative,0.000344081433865062
1324981118433550336,negative,0.020633784932399
1324981127740874752,negative,0.0005060903426832793
1324981132690067456,negative,0.23748679053585967
1324981160250908672,negative,0.005514663637849253
1324981167528009728,negative,0.012475958277785013
1324981169318895616,negative,0.11960957539672737
1324981173592985600,negative,0.0003577568262790286
1324981174830321664,negative,5.917553423683262e-07
1324981174863867904,neutral,0.3923539462869867
1324981183323779073,negative,0.05738731705847255
1324981190080811008,negative,0.2799321858152922
1324981236868263936,negative,0.00352820536975194
1324981237073764352,negative,0.032250606789177114
1324981238017429504,negative,3.0085090048750538e-05
1324981248318722049,negative,0.007078231388245576
1324981261308456967,negative,0.0034277165133166734
1324981263015534593,negative,8.559129941055581e-07
1324981269009223680,negative,0.00014196345658271177
1324981269625761793,negative,1.996015341344097e-05
1324981271718727681,negative,0.03713790687071183
1324981274906423296,negative,0.01158077121252876
1324981280992276480,negative,0.04530858398062199
1324981283248861188,negative,0.2659387160401671
1324981284704313344,negative,0.16280582794327256
1324981285505429504,negative,0.14886795283389825
1324981288735039489,negative,0.0003784353920483759
1324981290215632896,negative,0.036300510751530235
1324981294426624001,negative,0.0012979584025950767
1324981309442301955,negative,0.00013538212608942961
1324981312588017664,negative,0.0011167420572739028
1324981316039938048,negative,0.00036814208516265895
1324981316073496583,negative,0.0007089097751624328
1324981317243711488,negative,2.8926482101536478e-06
1324981321425416193,negative,0.0007504597396132515
1324981322591383552,negative,0.10435092759092009
1324981339829972993,neutral,0.4507454498615163
1324981341226733568,negative,0.02407092529310955
1324981348512174080,negative,0.0002602196025105741
1324981349564944384,neutral,0.5017543432377519
1324981352442290176,negative,0.10435092759092009
1324981355130851332,negative,0.10449293521519207
1324981360130461696,negative,0.01158077121252876
1324981361720094721,negative,1.1217580406471106e-07
1324981362487595008,negative,0.2547057148877445
1324981374797930496,neutral,0.34892051607465957
1324981379281588224,negative,0.05738731705847255
1324981390300078080,negative,2.8263337330801383e-07
1324981397648510976,negative,0.15628436201950283
1324981406154584065,negative,0.01158077121252876
1324981411984494592,negative,0.03583412996902879
1324981418733297664,neutral,0.49789225920557484
1324981420511666182,neutral,0.3358218310945649
1324981420889153536,positive,0.7459738027799986
1324981429651042304,negative,0.02185495779554043
1324981436596838401,negative,0.1187780528398856
1324981445803307008,negative,0.0007850910901878556
1324981456603656192,negative,0.022410636880071538
1324981459917164544,negative,0.000345090928778012
1324981463331246085,negative,0.00033355721108634914
1324981471787053056,neutral,0.3331496117876714
1324981472306950146,negative,0.05738731705847255
1324981484919398405,negative,0.026688288744060026
1324981486085410816,negative,0.12914174970428277
1324981511595159552,negative,0.055057252092284965
1324981515298758657,negative,4.3922839751366344e-07
1324981519371399168,negative,0.001960831858231722
1324981521011400711,negative,2.8263337330801383e-07
1324981528439513089,negative,0.00047948197951366774
1324981530725388289,positive,0.8174368186100203
1324981536740012033,positive,0.6822538794814378
1324981545355112448,neutral,0.3615126677078712
1324981548605706240,negative,0.17194006031817036
1324981551168253953,neutral,0.4507454498615163
1324981553621917696,negative,0.0999158654513643
1324981565005451264,negative,0.057421978136764126
1324981566368587776,negative,0.007222412390708354
1324981572911640576,negative,0.027346176419514527
1324981573700235265,negative,0.0007122218927737375
1324981581354823680,negative,4.3257123039555184e-05
1324981583296786432,negative,4.94484064767269e-06
1324981597507031040,negative,0.027346176419514527
1324981601521065984,negative,0.011392770976096011
1324981602502516736,negative,0.2607273884578539
1324981604624764930,negative,6.045578619639001e-11
1324981621330751488,negative,0.23052786185196017
1324981625839554560,negative,0.00013538212608942961
1324981638590296064,negative,0.04691129290599121
1324981652989358081,negative,0.05738731705847255
1324981658643275776,negative,0.006777816834955463
1324981659557650432,positive,0.7984818762613323
1324981664796323840,negative,0.021974750786166754
1324981677953863681,negative,0.17352283684402706
1324981682882170881,negative,0.027346176419514527
1324981683419041792,negative,0.0007759723329469866
1324981683930746880,negative,0.027346176419514527
1324981696027103233,negative,0.027346176419514527
1324981706080784384,negative,0.03084160007025914
1324981707745923072,negative,0.2703672700779206
1324981734421753862,neutral,0.36174470014391263
1324981735323529217,negative,0.06678203230861526
1324981756626423808,negative,0.19694796346150212
1324981767120580609,negative,0.00033355721108634914
1324981776205352965,negative,7.356759514195245e-10
1324981779644764161,negative,0.0002163627983390327
1324981780361977857,negative,0.01522950801486836
1324981787907530752,negative,0.1398584111660692
1324981791460036608,negative,0.008636914260371487
1324981795033649152,negative,0.06678203230861526
1324981795578916864,negative,3.0311547400398613e-08
1324981812825874432,negative,2.7912803219914466e-05
1324981837060575233,negative,2.6144872333241817e-10
1324981841200369664,negative,0.027346176419514527
1324981844312535040,negative,0.027346176419514527
1324981847936409601,negative,0.027346176419514527
1324981848032894976,negative,0.00043474482504323483
1324981857839157248,negative,0.07966712768798045
1324981859453988865,neutral,0.33310995627326356
1324981863681839104,negative,0.027346176419514527
1324981870526935041,negative,2.8263337330801383e-07
1324981870837321728,negative,0.027346176419514527
1324981872326303744,negative,0.0019355860401728184
1324981878294720518,negative,0.011522671000346532
1324981882921103360,negative,0.19233523828306545
1324981890554662912,negative,0.004552137406722848
1324981892341444608,negative,0.2765132995702655
1324981892374990849,negative,0.04266857006976226
1324981902403629056,negative,0.0031553427886627616
1324981906887290880,negative,0.06551242093471821
1324981922817302528,negative,0.027346176419514527
1324981926776672256,negative,2.444812774935356e-11
1324981928177659906,negative,0.0003983575344824705
1324981935500832773,negative,3.4311819484288316e-06
1324981936436236288,negative,0.0034277165133166734
1324981942949978112,negative,0.01117666183255564
1324981947232301056,neutral,0.3818909929038824
1324981949774098432,negative,7.99558585290051e-07
1324981954912153600,negative,1.6672634811105163e-06
1324981956891774976,negative,3.4311819484288316e-06
1324981962889629697,negative,0.01158077121252876
1324981969856421888,negative,0.04691129290599121
1324981982288248832,negative,2.0750087392258946e-05
1324981983483670528,negative,0.013956328429247926
1324981984075067392,negative,0.027346176419514527
1324982002836267008,negative,0.20379369910262776
1324982006745329666,negative,0.03252602143253367
1324982010125963265,negative,2.393016212317035e-07
1324982039171502080,negative,1.3444186159979812e-07
1324983647838015489,negative,0.19694796346150212
1324983649641652225,negative,0.0001101989068970809
1324983653458440192,negative,0.00013538212608942961
1324983658298695680,negative,0.006994322088756656
1324983676778766341,negative,0.028449776606022277
1324983678666219520,negative,0.0016230697250249895
1324983681233121280,negative,5.978291899228037e-05
1324983684643102720,negative,0.31378904886861053
1324983687906291713,negative,0.07046571911358131
1324983699151130627,negative,0.027346176419514527
1324983701915267072,neutral,0.3717843081585497
1324983705904013318,negative,0.21047758117360565
1324983708009586688,negative,0.22002389376207812
1324983745213067264,negative,0.010599100153894283
1324983746572001280,neutral,0.5954662896661052
1324983747062734848,negative,0.0002109993263974107
1324983752485990401,negative,0.027346176419514527
1324983757703614465,neutral,0.38837043114931563
1324983758156656641,negative,0.03792855461535212
1324983792428331008,negative,0.07187417705660497
1324983801794191360,negative,1.3937591257061933e-05
1324983806017892354,negative,0.04691129290599121
1324983812778942464,negative,0.0003023122928883653
1324983814641262595,negative,0.12158867563020849
1324983817073930241,negative,0.176411161274856
1324983849403768838,negative,3.823787928789345e-06
1324983857486163970,negative,0.0002833551051641104
1324983858887057408,negative,0.002975818888230501
1324983872581488640,neutral,0.4376598239642026
1324983884652613632,negative,0.11148113085015277
1324983887676764162,negative,0.00609774805360798
1324983889199304706,negative,3.624009137087207e-07
1324983904865021952,negative,0.0018272188481627347
1324983915237535745,negative,3.415747256411315e-09
1324983925194809344,negative,0.00137046402443629
1324983938033606656,negative,1.2948990934709722e-06
1324983941166747649,negative,0.006854665459452283
1324983950238953473,negative,0.00013538212608942961
1324983956513697793,negative,0.006994322088756656
1324983963258146816,negative,0.0001987913636212132
1324983965158141952,negative,5.486941237328187e-12
1324983966949134336,negative,0.0029335246128777692
1324983968039641088,negative,0.06295628545018207
1324983971248295936,negative,0.0740226328160588
1324983976877060097,neutral,0.3358218310945649
1324983986268102657,negative,0.01403997946709571
1324983986565898241,negative,0.028449776606022277
1324983990584041472,neutral,0.5109642830073995
1324983993310261248,negative,0.025928599494469937
1324983999262035968,negative,2.3689247487809914e-08
1324984001690562560,negative,1.3464764879301845e-08
1324984002089017344,negative,0.0003983575344824705
1324984004140003328,neutral,0.4081248653614756
1324984015129088000,neutral,0.602751193162678
1324984019432460293,negative,0.004472217360480001
1324984053016244224,negative,0.04349926072278063
1324984054949830658,negative,0.01669667500904982
1324984057789345792,negative,3.402983310591169e-06
1324984058208788481,negative,0.04691129290599121
1324984058946875392,negative,0.2024294177522106
1324984063195836416,negative,1.46548871479752e-05
1324984070263230465,negative,0.10257797504384468
1324984084590899200,negative,0.00388397163260448
1324984087346630657,negative,1.0282038749105291e-06
1324984090186149889,negative,0.20802925601159547
1324984099094884355,negative,0.00433572541907769
1324984101833764864,positive,0.9014816432136935
1324984102408351744,negative,0.014074984069007779
1324984116702568450,negative,0.00834541001406054
1324984118640340993,negative,0.027346176419514527
1324984119349145601,negative,0.00137046402443629
1324984123719561216,negative,0.0002503818855877271
1324984128727633920,negative,2.424254266002064e-09
1324984137237848064,negative,0.003003550629813274
1324984137585885184,negative,0.0002833551051641104
1324984139221774336,negative,5.771964004165702e-05
1324984140735918080,negative,3.0311547400398613e-08
1324984141990006784,negative,0.0008137110680257664
1324984145609678848,negative,0.00011569051253861077
1324984166161715201,negative,0.014178553543134773
1324984178329456640,negative,0.00038999034996931443
1324984211514789888,negative,0.19724773104634985
1324984212496248834,negative,0.0003983575344824705
1324984237624340481,neutral,0.3829890872803495
1324984240254148609,negative,9.846253948718277e-06
1324984252392476672,neutral,0.6171542433430028
1324984260403589120,neutral,0.34232987130976045
1324984260487483394,negative,0.00800500706848776
1324984263394127873,negative,0.02332350688207023
1324984269933076480,neutral,0.39682159588335025
1324984275561828352,negative,0.3034643701562173
1324984285540003840,negative,0.01403997946709571
1324984289130409985,negative,4.1276974079724407e-13
1324984292800405505,negative,1.527396327550075e-06
1324984306528374784,negative,0.0008737187883493727
1324984307627266048,negative,0.04691129290599121
1324984310676545538,positive,0.9090349801674293
1324984322257022976,negative,0.027346176419514527
1324984332788899840,negative,2.468968913867729e-08
1324984346575515648,negative,0.05738731705847255
1324984347292807168,negative,0.2765132995702655
1324984348848828416,negative,0.033918652841317565
1324984377751777280,negative,7.599605718996334e-06
1324984393388220416,negative,0.30340384832290146
1324984404129812480,negative,0.16280582794327256
1324984418705018882,negative,0.01669667500904982
1324984421045448711,negative,0.27873399574215535
1324984423780134914,negative,0.046897219794126005
1324984437872930821,negative,0.05360647482736623
1324984438334369793,negative,0.18227611833650834
1324984444307066880,positive,0.7257305190875141
1324984445385003008,negative,0.23111768827996862
1324984462321610752,negative,0.05738731705847255
1324984464288731136,neutral,0.38863423957441967
1324984464666136576,negative,0.00151214332612405
1324984471532269570,negative,9.583250885806624e-05
1324984472249438208,negative,0.003383426045186709
1324984482609434625,negative,0.04512112741572424
1324984485717405696,negative,0.007222412390708354
1324984492851941376,negative,0.01158077121252876
1324984504549826560,negative,0.00015502559612577606
1324984505514520576,negative,1.9150665548328035e-08
1324984507318067200,negative,0.006994322088756656
1324984521511624705,positive,0.9900696918593009
1324984523000582144,negative,0.026688288744060026
1324984528809697280,negative,0.00013190480554551245
1324984532605558784,negative,0.03583412996902879
1324984537915387905,negative,0.0007550035252240028
1324984542416039936,negative,0.200764646848329
1324984548837519370,negative,0.039623221222115396
1324984549508599810,negative,0.02332350688207023
1324984557834285057,negative,0.003725809313045337
1324984564595437568,negative,0.0002967318919222156
1324984565920915456,neutral,0.510554105277809
1324984574653435907,negative,0.01158077121252876
1324984582840737794,negative,0.30451925896548787
1324984593313918976,negative,0.024727501959042896
1324984602855936001,negative,0.01669667500904982
1324984609281617921,negative,1.955238629936328e-07
1324984615472410631,negative,1.3444186159979812e-07
1324984627401007110,negative,0.0483474709353798
1324984627430363136,negative,0.0007338341935678104
1324984630534139905,negative,1.0282038749105291e-06
1324984639195406337,negative,0.0740226328160588
1324984646837395457,negative,0.02181095472023348
1324984648536125440,positive,0.7012751897858396
1324984657818103810,negative,0.05274031440510819
1324984663799160832,negative,2.8263337330801383e-07
1324984674477887489,negative,0.01852810140088388
1324984679498276864,negative,1.678093201768537e-05
1324984680433725440,negative,0.0012495905786024887
1324984684053454848,negative,0.015338896217919083
1324984689577357313,negative,0.010434921982667003
1324984695948505089,negative,0.000345090928778012
1324984704559435776,negative,0.001268199484785363
1324984733714051073,negative,0.1826062390644749
1324984735106543616,negative,0.007127786396799608
1324984748821917698,negative,0.0008735746440538541
1324984756866519040,negative,1.678093201768537e-05
1324984769126551552,negative,0.12561006652026713
1324984777171202048,negative,3.823787928789345e-06
1324984780438560768,negative,0.0007208815268057997
1324984784901246976,negative,0.0011674183285458376
1324984786327363584,negative,7.818366657314497e-06
1324984799652614144,negative,0.20319079259489287
1324984803788267520,negative,0.20151107838416538
1324984804295774208,negative,0.31251327812974533
1324984804434194432,negative,0.00034362580428151955
1324984809379270656,negative,0.10526922047020536
1324984812885614593,negative,0.03175792228449885
1324984834201165824,negative,0.09318988638086889
1324984836289925120,negative,0.027346176419514527
1324984838785540096,negative,0.0003983575344824705
1324984852156981249,negative,0.0006182970317234478
1324984855235538945,neutral,0.4507454498615163
1324984886000816140,negative,0.002822829141277047
1324984892388757504,negative,0.033918652841317565
1324984894720790528,negative,0.04691129290599121
1324984895249276929,negative,1.7920407171706065e-14
1324984897103130624,negative,0.001394931144001047
1324984898185289728,negative,0.000345090928778012
1324984912227733504,negative,0.0030650978564471616
1324984918334693378,negative,0.0648848902672769
1324984918703820800,negative,0.16740274554308074
1324969836791783425,negative,0.018538750570903192
1324969876306481152,negative,7.246887937192812e-06
1324969876801409025,negative,0.0066920309625376085
1324969877489283072,negative,5.205313286501616e-11
1324969889765994497,negative,0.0023701918117553854
1324969967759011841,negative,0.003139821394026809
1324970000113922053,negative,9.936265101250554e-07
1324970009769222146,negative,0.23848854416451712
1324970111325835270,negative,2.2990457701468464e-06
1324970123829129217,neutral,0.5284083027533572
1324970151150821381,negative,4.962971081663857e-06
1324970167395377152,negative,0.050351309034912375
1324970168662052864,negative,0.08644665106786419
1324970169026940928,negative,0.00017131698333223532
1324970196881313793,negative,0.0008899716947853505
1324970200660402176,negative,2.997319189919775e-12
1324970314934185986,negative,7.844544073306694e-05
1324970339089215489,negative,3.973215585767015e-06
1324970377458618368,negative,0.025398774756404244
1324970391480266752,negative,0.11441518147430263
1324970442101317632,negative,0.22600606029185374
1324970506559381504,negative,1.1957207979614053e-06
1324970512615878657,negative,2.965434623144214e-06
1324970519150596096,negative,0.003588577086483516
1324970531565809665,negative,1.4799524808504952e-10
1324970533532930050,negative,0.09722238743005328
1324970561966051328,negative,2.301658282500855e-12
1324970599450554368,negative,0.0002864930764108632
1324970604672520193,negative,0.22600606029185374
1324971287140311040,negative,0.21276471934132335
1324971327187546113,negative,2.695093048554569e-06
1324971332283592704,negative,0.31604684564890445
1324971355075473409,negative,3.032627856101753e-07
1324971377082966016,positive,0.7340091505870608
1324971387967201280,neutral,0.37169873899354106
1324971388629823488,positive,0.9999798647290129
1324971389938507776,negative,0.0001745400943235721
1324971395072348169,negative,0.22600606029185374
1324971447631052801,negative,8.080184744803322e-10
1324971564098576387,neutral,0.37227759433541274
1324971564148862976,negative,6.535365828404991e-12
1324971608918908929,negative,0.00038803387634732276
1324971609640284161,negative,2.1001235647300695e-06
1324971647678484480,negative,0.09722238743005328
1324971687306276865,negative,6.809740659736748e-05
1324971694407168000,negative,2.5721112819385594e-09
1324971723746373633,negative,0.026472385149087146
1324971789819256832,negative,3.5815080348725567e-06
1324971874661638144,negative,0.02344658305093749
1324971905695305728,neutral,0.3708285720008068
1324971997126946816,negative,0.0038730686323747016
1324972018849243136,negative,0.22600606029185374
1324972028676485121,negative,0.031256142230493784
1324972069893844992,negative,0.2957953196772915
1324972072909611008,negative,0.0012701470366398167
1324972101955162112,neutral,0.3727459854310664
1324972108968042496,neutral,0.5100175133065762
1324972137157943296,negative,0.00019052040360061692
1324972139620016129,neutral,0.5100175133065762
1324972141033517056,negative,0.013641165045347348
1324972193055465472,negative,0.01720330232138498
1324972425671479296,negative,0.0012142820016033755
1324972432134967300,negative,0.018300415067363216
1324972514766942208,negative,0.023779487149269488
1324972549223165952,negative,0.0004048115024922544
1324972554658979840,negative,0.00020397973368231485
1324972559209799680,negative,0.00019052040360061692
1324972563454439425,negative,0.17480629337815914
1324972596702683136,negative,0.0023701918117553854
1324972609029730304,negative,0.0001063786549396827
1324972641904680961,negative,2.845588691839762e-07
1324972715984506880,negative,3.2430890145324627e-10
1324972730396053504,negative,9.660682661980758e-09
1324972781784674304,negative,0.09043713875197279
1324972786499117056,negative,0.010663672750180977
1324972799514079232,negative,0.025989911360820017
1324972828014292992,negative,1.1557071315413095e-07
1324972834083450880,negative,0.10751746289975656
1324972844753842176,negative,2.2166567693604475e-09
1324972866509688834,negative,3.129536089898132e-07
1324972957932851200,negative,9.226371465075128e-05
1324972984986120192,negative,2.236466784303268e-06
1324973008558153728,negative,0.00018728957742927132
1324973050660532225,negative,5.819152535438166e-05
1324973056889151488,negative,4.04067051301696e-08
1324973088161882113,negative,0.10751746289975656
1324973103945019392,negative,0.005202090626896653
1324973163218939906,negative,0.00017131698333223532
1324973168612827137,negative,0.17480629337815914
1324973177538301953,positive,0.8690843483186128
1324973238695366656,negative,2.1086864019461415e-09
1324973270177886208,negative,0.0015790691374526098
1324973274296700928,negative,0.11064887116126246
1324973294567759872,negative,0.09722238743005328
1324973302801195008,negative,1.5689230329791864e-12
1324973340319227904,negative,0.04522678849255373
1324973375622705152,negative,0.0004554855403728496
1324973377900187649,negative,1.9635064184195313e-06
1324973448670687232,negative,0.0013363194334414172
1324973460402135040,negative,0.0010070246246275689
1324973488931803136,negative,0.009298627381146214
1324973504400420864,negative,0.009950160722431965
1324973517314678784,negative,0.00019052040360061692
1324973590857584640,negative,8.747030052180295e-09
1324973600689037312,negative,0.1765150850822691
1324973635052900352,negative,0.09722238743005328
1324973663175708673,negative,0.00017131698333223532
1324973681722978305,negative,3.2430890145324627e-10
1324973693601198081,negative,1.9284265660727378e-12
1324973712765034496,negative,0.09722238743005328
1324973737918296064,negative,0.1765150850822691
1324973766754136064,negative,0.025082637344802098
1324973782113476608,negative,3.778833083653242e-07
1324973842876542976,negative,1.1501211600504884e-16
1324973847267962880,negative,0.008810651376101623
1324973848471756800,negative,1.4235630521657328e-08
1324973862216462336,positive,0.6658320820090091
1324973941312598019,negative,0.00251375691661233
1324973963961905152,neutral,0.49789225920557484
1324973980348977152,negative,0.14366180845121085
1324974024649224193,negative,0.00037244857711220703
1324974028713566209,neutral,0.3859688252344708
1324974035843821569,negative,0.006004557985962989
1324974039190921216,negative,0.006524051121190279
1324974056005885952,negative,0.017439554406347108
1324974061928189952,negative,0.011717974993429943
1324974100763340802,negative,0.00019052040360061692
1324974198293467136,neutral,0.5175030083291732
1324974340463620096,negative,1.227530462922072e-08
1324974350810968064,negative,0.005705713412073932
1324974354715865089,negative,0.04159463557657851
1324974380674396161,negative,1.481351964229133e-07
1324974385858564096,negative,0.010280895092176136
1324974394377166848,negative,1.2268671745354528e-05
1324975129139535872,negative,2.436300629470541e-06
1324975148492075008,negative,0.00017131698333223532
1324975170466013184,negative,6.349888081234276e-08
1324975206679588864,negative,0.0002967834452433562
1324975227508502528,negative,0.21276471934132335
1324975238581538817,negative,1.1384030520495644e-07
1324975261822164994,negative,2.7235014113445685e-05
1324975302389493760,negative,7.844544073306694e-05
1324975369519321089,negative,0.0024626697482425927
1324975374795743233,negative,0.3160017559278415
1324975375898849281,negative,6.986123282532605e-05
1324975379283652608,positive,0.9887198737720261
1324975422128451584,negative,0.31604684564890445
1324975431540330496,negative,0.010663672750180977
1324975460233711616,negative,1.3386957326592362e-06
1324975538365222913,negative,0.001819317759512099
1324975596255006722,negative,0.05939263382972737
1324975646163030016,negative,1.3953828950278437e-05
1324975691524354049,neutral,0.5175030083291732
1324975761032433666,negative,6.4353695162626965e-06
1324975761384730624,negative,4.962971081663857e-06
1324975808251908096,negative,0.00038803387634732276
1324975874404442112,negative,0.0002811000352984625
1324975879265677312,negative,0.001019040297578259
1324975937562288128,positive,0.6658320820090091
1324975938543755266,negative,0.17480629337815914
1324975944742940672,positive,0.9621288795095664
1324975967782236162,neutral,0.6283504406158267
1324975989525504001,negative,0.0069862959142600305
1324976025797799937,negative,0.008827225473643261
1324976114532573184,negative,3.260276227476607e-05
1324976140239384578,negative,6.997327006224865e-05
1324976169989627905,negative,0.09722238743005328
1324976175983235079,negative,0.00029685094504526804
1324976193540681728,negative,0.024458698177808734
1324976205993549825,negative,0.027031318322168527
1324976239078240256,negative,0.0008282251254637079
1324976246028197888,negative,1.5017835178787785e-07
1324976255926632449,negative,0.0001036941549868687
1324976301481091072,negative,1.961167596701359e-08
1324976322771361793,negative,0.0014197648732392977
1324976370494091264,negative,0.0004048115024922544
1324976400156209153,negative,3.6545468704519465e-07
1324976435531051009,negative,0.0031397989384210684
1324976481727033344,negative,0.00015279195088756264
1324976488408625157,negative,2.2795049687850804e-09
1324976523816951808,negative,0.00038803387634732276
1324976552405331969,negative,0.0002611574847792934
1324976570105270272,negative,2.240642387275628e-10
1324976577189457920,negative,1.2804961099365379e-08
1324976657124515845,negative,0.008827225473643261
1324976713110056960,negative,0.001053706199697383
1324976716146745345,negative,3.4869076577186733e-06
1324976727739789313,negative,0.0010247306261847587
1324976747075538944,negative,0.01066153636282741
1324976772836978689,negative,2.133515582502445e-05
1324976805309276165,negative,5.020050749454772e-13
1324976817527287809,negative,6.093703600200782e-09
1324976892869533696,negative,0.012433490505099678
1324976901157433344,negative,0.008221266785413702
1324976947156365312,negative,0.0003130954613925259
1324976972745887744,negative,1.4896774175399651e-06
1324977000822476801,negative,0.00017131698333223532
1324977105273315329,negative,0.000248915533085575
1324977109413064704,negative,0.056507550389000086
1324977262505168896,negative,0.2957953196772915
1324977309535920128,negative,0.0008410505605826649
1324977310223757312,negative,1.3260099190989635e-14
1324977345472638976,negative,0.000537556101362187
1324977405036015618,negative,7.929662625551542e-05
1324977410564100102,neutral,0.35810168275615634
1324977466943934464,negative,0.001997079942914851
1324977470941114369,negative,0.0038730686323747016
1324977485134573569,negative,6.986123282532605e-05
1324977491673575425,negative,0.0022195956415698584
1324977494504726528,negative,0.0015718216828235062
1324977530433048577,negative,1.5446339255503008e-09
1324977540570771456,neutral,0.46127768308170247
1324977590713659393,neutral,0.5175030083291732
1324977594027151361,neutral,0.5550046396563949
1324977596606668800,negative,4.962971081663857e-06
1324977641594769409,positive,0.8074789616237321
1324977667704283138,negative,0.21772955711226596
1324977668614451200,negative,9.69058318928616e-07
1324977675400785920,negative,1.3386957326592362e-06
1324977705914425345,negative,1.1810586806696173e-10
1324977714479165440,negative,0.000537556101362187
1324977753511383040,negative,0.09659447081027972
1324977787367780352,negative,0.09722238743005328
1324977792463802369,negative,3.5935100786310455e-07
1324977840694169600,negative,1.0504643203628677e-08
1324977888396005377,negative,0.006309542265568279
1324977928690692097,negative,0.00017131698333223532
1324977938530496513,negative,0.10123932046759648
1324977963780222976,negative,0.0005649713115450935
1324977965487300608,negative,0.046840988893053194
1324977992335040513,negative,0.05737083340646275
1324977997158486016,negative,5.604241695486841e-05
1324978015256907783,negative,1.481351964229133e-07
1324978049176178688,negative,5.4361193694217515e-05
1324978118860419072,negative,0.010663672750180977
1324978131011330049,negative,2.527877926770319e-08
1324978168722321409,negative,0.09722238743005328
1324978190192939008,negative,0.00020397973368231485
1324978248544038912,negative,2.0718173765827763e-15
1324978252042166272,negative,0.2957953196772915
1324978288943620098,negative,0.09722238743005328
1324978314335956993,negative,1.466992579085064e-11
1324978318970662914,negative,1.3386957326592362e-06
1324978323500490753,negative,3.671993057516125e-10
1324978328567226369,positive,0.6658320820090091
1324978417142558720,negative,5.604241695486841e-05
1324978442954272768,negative,0.001819317759512099
1324978447647731712,negative,0.017001036428715855
1324978466417152000,negative,0.0017663574949911747
1324978479004340224,negative,2.95807440087261e-11
1324978644691849218,negative,2.906478756090801e-05
1324978647011373058,negative,4.079449093026842e-05
1324978648563257350,negative,0.006398287339041252
1324978650610085889,negative,0.0032634658078715107
1324978654431080448,negative,0.0005734293972831334
1324978658356981760,positive,0.7309175839832055
1324978665034223616,negative,2.240642387275628e-10
1324978725348323329,negative,0.09722238743005328
1324978767832502272,negative,0.000239605600157682
1324978792457269248,negative,0.001334868901807531
1324978888733319168,negative,0.003626603131910635
1324978889307852800,negative,0.027031318322168527
1324978916029820929,negative,0.0001922651198148502
1324978939782197248,negative,0.003626603131910635
1324978943796113408,neutral,0.6496572940201
1324978965589667841,negative,0.0023701918117553854
1324978968618033152,negative,8.020449596675757e-09
1324978990411620353,negative,0.003626603131910635
1324979043956088832,negative,0.007355145184365521
1324979051556196358,negative,0.0002423233264959825
1324979070740926465,neutral,0.5772762374948195
1324979127506653184,negative,2.033910645548796e-06
1324979142291550208,negative,0.008827225473643261
1324979144669745152,negative,0.09722238743005328
1324979181827088386,negative,0.003626603131910635
1324979313893052417,negative,0.003626603131910635
1324979337955864576,negative,3.3975251788544227e-07
1324979352900087814,negative,0.01574495893097076
1324979365235535872,negative,0.0002611574847792934
1324979366837825536,negative,0.003626603131910635
1324979413776289792,negative,0.257054441349068
1324979444428247040,negative,0.09722238743005328
1324979508055773184,neutral,0.38296259560141765
1324979517434306560,neutral,0.5772762374948195
1324979533058088964,negative,0.003626603131910635
1324979534995841026,negative,0.031570909782496916
1324979537072021504,negative,3.874378447156659e-07
1324979584148905985,negative,0.003626603131910635
1324979590088052737,negative,0.029041609281053888
1324979603430060033,negative,0.003626603131910635
1324979628264611840,negative,0.005386748925199723
1324979641334050816,negative,1.6685076333303282e-05
1324979646849576961,negative,0.011459771688399924
1324979682396213253,negative,0.003626603131910635
1324979687576268801,negative,2.7564794259165337e-09
1324979693938937857,negative,0.007355145184365521
1324979698397483008,neutral,0.4656213177925101
1324979738943909888,negative,0.0014197648732392977
1324979745050816532,positive,0.999594614805272
1324979745990258688,negative,0.003626603131910635
1324979764441075712,negative,0.007355145184365521
1324979770178871296,negative,0.0010247306261847587
1324979785110605824,neutral,0.5772762374948195
1324979787295821824,neutral,0.5772762374948195
1324979806371516418,negative,0.00021584951709253754
1324979809110413312,negative,0.003626603131910635
1324979826629996544,negative,0.00037675705810123506
1324979830610333697,negative,7.544822332069151e-06
1324979867528605697,negative,0.0016828644275237704
1324979877624369154,negative,0.0006127689661055677
1324979908309823488,neutral,0.6417633596720291
1324979910860042240,negative,0.0006138039241947988
1324979930904539138,negative,5.266832440128067e-08
1324979952362663937,negative,0.003960649991416774
1324979996797132806,negative,0.007355145184365521
1324979999795974144,negative,0.015956459117033618
1324980000311963648,negative,2.4824496781771164e-06
1324980035242110976,negative,7.845923845004193e-06
1324980040183009280,neutral,0.5772762374948195
1324980050341539841,negative,0.003626603131910635
1324980068653871104,negative,2.1999867505222734e-06
1324980073934581761,negative,0.003626603131910635
1324980095069655040,negative,0.09722238743005328
1324980123410583552,negative,0.0023701918117553854
1324980240645562368,negative,0.07570763421187038
1324980249453617154,negative,0.003626603131910635
1324980264892772353,negative,0.11443324439454944
1324980304025686016,negative,0.09722238743005328
1324980317841657856,neutral,0.5425160472329132
1324980328528826370,negative,0.11383995174743429
1324980334174351360,negative,0.023977977728991073
1324980336980357121,positive,0.992998236558494
1324980383155429376,negative,0.2957953196772915
1324980390361247746,negative,0.00988318145980759
1324980421453623297,negative,0.0002121656955433452
1324980430177792000,negative,0.00017131698333223532
1324980471017730049,negative,0.00017131698333223532
1324980481004359681,negative,0.0007164726349292999
1324980499056648192,negative,0.24802972754546007
1324980507088654336,negative,1.4781418630944927e-08
1324980512927133696,negative,1.4938097404103497e-08
1324980525258448897,negative,0.008827225473643261
1324980542413082625,negative,0.09722238743005328
1324980548637437952,negative,0.010792790314551777
1324980586767917056,negative,0.003626603131910635
1324980587145388034,negative,0.003626603131910635
1324980593399123974,negative,0.003626603131910635
1324980593952776192,negative,0.0003203137323876514
1324980604761464834,negative,0.038723092926998166
1324980676219834369,negative,0.09722238743005328
1324980676991590407,negative,5.125860978757994e-12
1324980677859749888,positive,0.9621288795095664
1324980706578149376,negative,0.003626603131910635
1324980716623564802,negative,0.0003203137323876514
1324980745518125056,negative,0.20732204435796506
1324980752946253824,neutral,0.5772762374948195
1324980787641454592,negative,3.6072429794525154e-07
1324980805731577858,negative,0.003626603131910635
1324980815701307393,negative,0.003626603131910635
1324980867685552132,negative,0.00017131698333223532
1324980881317105664,negative,0.003626603131910635
1324980891223986176,negative,0.003626603131910635
1324980930956718080,neutral,0.38296259560141765
1324980941232746501,negative,0.0003203137323876514
1324980961860325376,negative,0.08301289864159057
1324980966058827777,negative,0.09549517919999857
1324980982085201920,negative,0.0003203137323876514
1324981021775851521,negative,0.0034977124599014503
1324981026582650880,negative,4.857602447132952e-07
1324981068286595072,negative,4.437042546904002e-06
1324981069515350016,negative,0.007849429943712875
1324981072401227776,neutral,0.4168812132653908
1324981133130555392,positive,0.9844469640102411
1324981166433251329,negative,0.003626603131910635
1324981169654538245,neutral,0.5772762374948195
1324981181482414084,negative,0.12963918732167626
1324981203158622208,negative,0.000248915533085575
1324981222800560130,negative,1.5244390947486684e-09
1324981273555775489,negative,0.002506549347017565
1324981276458233856,negative,1.2753563610870008e-06
1324981290790232064,negative,0.003626603131910635
1324981325602885633,negative,0.0023701918117553854
1324981326013935622,negative,0.0003203137323876514
1324981336680132609,positive,0.812331604407597
1324981361778814977,negative,0.0015675074364742904
1324981363720802305,negative,0.0018856463420442722
1324981417768574976,negative,2.4836978120684256e-06
1324981432930930689,negative,0.2957953196772915
1324981446306631680,negative,0.27518456146481163
1324981466359541761,negative,8.996957978598587e-06
1324981473850650624,negative,2.6383161902258096e-11
1324981491315724289,negative,0.0020948081752437094
1324981497863004161,negative,0.047111403360741315
1324981514245967872,negative,0.00045279206592326824
1324981517672722433,negative,5.809787434913189e-08
1324981519329472513,negative,0.003154111475881627
1324981536492556290,negative,0.09722238743005328
1324981543245402112,neutral,0.46127768308170247
1324981554611949570,negative,6.456981105981082e-07
1324981556654563331,neutral,0.452543864580355
1324981561700339712,negative,5.926135912031781e-12
1324981578540470272,negative,0.003626603131910635
1324981605459513345,negative,0.000614478599054436
1324981637868904450,negative,0.003626603131910635
1324981655447199745,negative,0.04002822434923414
1324981665454829568,negative,1.0296015834853666e-05
1324981687164440576,negative,3.1264126279172824e-11
1324981696354258944,positive,0.9772685286430267
1324981724686770176,negative,0.00017131698333223532
1324981760887828482,negative,6.548775595856442e-07
1324981784065564672,negative,9.306276633978724e-11
1324981803007021056,negative,0.17044128109442713
1324981829754114048,negative,0.06959451777203438
1324981835097657344,negative,0.008827225473643261
1324981853279969280,negative,0.027031318322168527
1324981856564088833,neutral,0.5772762374948195
1324981863413391360,negative,0.00029086510354124504
1324981866005458959,negative,0.2957953196772915
1324981901568913408,negative,0.000537556101362187
1324981951216963584,negative,0.008827225473643261
1324981963640410112,negative,0.003626603131910635
1324981997580783617,negative,0.00017131698333223532
1324982000713916416,negative,4.962971081663857e-06
1324982602365865984,negative,0.00251375691661233
1324982611719172102,negative,0.0008408198248049598
1324982614353207296,negative,0.017439554406347108
1324982636209729536,negative,5.879178354940388e-05
1324982639426678784,negative,0.007041940928681682
1324982651288215552,negative,0.00017131698333223532
1324982663497850880,negative,5.081898945535743e-13
1324982709853298688,neutral,0.38296259560141765
1324982711124168704,negative,0.0036664211345796673
1324982719676362753,negative,0.00011188692027047543
1324982794704052226,negative,0.0013644110887128184
1324982795731673088,negative,8.237000353399299e-07
1324982859703193601,negative,0.05778015566795049
1324982867227717632,negative,0.11506561529136326
1324982868762882048,negative,0.00309726715595789
1324982917559427073,negative,2.484122329302414e-10
1324982952971931650,negative,0.012746795132557142
1324982953710116864,negative,0.08841787889350719
1324982963289919488,negative,0.00017131698333223532
1324982967102476289,negative,0.03076611937070245
1324982981707132928,negative,0.0032663728516090854
1324983007715930113,negative,0.056507550389000086
1324983041387876352,negative,0.17044128109442713
1324983061222739968,negative,3.7926372453511645e-05
1324983068894048256,negative,4.393293265919025e-05
1324983081606975489,negative,2.0940271562189903e-09
1324983082554953730,negative,0.006884901509646966
1324983097142685697,negative,9.583250885806624e-05
1324983175228125185,negative,0.00017131698333223532
1324983191996944384,neutral,0.3800474389472894
1324983234778849281,negative,3.6594565474091096e-06
1324983270271037441,negative,0.11506561529136326
1324983304492371969,negative,0.0003150462337683298
1324983353850859522,neutral,0.6175538439183549
1324983368371609600,negative,0.0035008532457002023
1324983377620045824,positive,0.9621288795095664
1324983378022699009,negative,0.2957953196772915
1324983414722879488,negative,0.00017131698333223532
1324983439058235392,negative,0.32673503380446683
1324983439561535490,negative,4.582350084518948e-11
1324983449791422464,negative,0.00017131698333223532
1324983471920525312,negative,0.003626603131910635
1324983497455521792,negative,0.003626603131910635
1324983571698905089,negative,2.1001235647300695e-06
1324983578002907136,negative,0.00022296710896234478
1324983604963921920,negative,0.10314897986702509
1324983616494071809,negative,0.003626603131910635
1324983692624879616,negative,0.003626603131910635
1324983699671306242,negative,0.007849429943712875
1324983729316646913,negative,0.00020397973368231485
1324983829933793282,negative,0.14110269009184964
1324983883557826560,negative,0.0014197648732392977
1324983889690046469,negative,3.6594565474091096e-06
1324983890595835905,negative,5.533673912763651e-06
1324983953711898624,negative,0.02088476665283384
1324983958879211520,negative,0.014256301165535721
1324984016693506049,negative,0.003626603131910635
1324984027061891072,negative,0.003626603131910635
1324984032791326720,negative,0.11506561529136326
1324984046095622145,negative,9.34248651561216e-07
1324984090781769728,negative,0.13848977096857196
1324984103096233985,negative,6.4353695162626965e-06
1324984139037237248,positive,0.8074789616237321
1324984162491756544,positive,0.8074789616237321
1324984169852788736,negative,0.17044128109442713
1324984184302137344,negative,0.0021694417621184823
1324984192564867072,negative,2.3519936022076955e-05
1324984227394424833,negative,8.126467209669322e-06
1324984241210449920,negative,0.00011489334748139233
1324984265390624768,negative,0.01319715744727192
1324984322265391104,negative,0.0505036210485151
1324984369623207937,negative,8.11386783026042e-12
1324984417656430592,negative,7.849841902622748e-10
1324984423150915585,negative,0.008827225473643261
1324984482621952001,negative,0.2957953196772915
1324984532316135425,negative,0.006394876866489411
1324984536753713152,negative,0.003626603131910635
1324984539500974081,negative,0.001477583293964158
1324984560107606017,negative,0.09722238743005328
1324984561567232000,negative,0.00017131698333223532
1324984572434657280,negative,0.02282541951756015
1324984610133061632,neutral,0.5772762374948195
1324984662058561536,negative,6.986123282532605e-05
1324984662230437888,negative,0.0001525289436698832
1324984737774104576,negative,1.4465386378395949e-05
1324984757709627394,negative,0.016048514953961267
1324984784163139585,negative,0.000248915533085575
1324984793579261952,negative,0.00018733843226584514
1324984794724306945,negative,0.0038578232155893058
1324984800084680705,negative,0.052528006906175505
1324984826982699008,negative,3.906948816942454e-07
1324984834096246784,neutral,0.5159436667231726
1324984843369934848,neutral,0.49789225920557484
1324984856288309250,negative,0.2762514797160241
1324984869928243200,negative,1.5164000437240243e-08
1324984878492999681,negative,0.0003783329823765379
1324984896666939393,negative,2.5433059287385056e-08
1324984899917533184,negative,1.4465386378395949e-05
1324984900991201283,negative,6.1688152745962144e-15
1324984903302311937,positive,0.7136280615526596
