Tweet_ID,Sentiment_Label,Probability_pos
1271593122053660673,negative,4.548754271615111e-09
1271593122401792001,negative,0.0013327655293858542
1271593122787622913,negative,0.00012087283826559246
1271593122846453767,neutral,0.41206047458416434
1271593122850435073,negative,0.04965400892578664
1271593122867195906,negative,0.0007812361037706954
1271593122867404800,negative,0.031045166450021186
1271593122871427072,negative,0.12829409733227268
1271593123043393536,neutral,0.37137062280538924
1271593123106426884,negative,0.012676502386934916
1271593124519796737,neutral,0.5725763418814198
1271593124834553862,negative,2.9713872804777755e-08
1271593124851318785,negative,0.002647930587441848
1271593124956196864,negative,0.002886944683696644
1271593125048397824,positive,0.8439925691239514
1271593125069365248,negative,0.061233250819779206
1271593125144719361,negative,0.0009365922227310482
1271593125161717761,negative,8.697552540945626e-07
1271593125224595457,negative,0.06559550363989554
1271593125266497536,negative,0.05331591767769069
1271593125270761474,positive,0.7500377016963704
1271593125450932224,negative,0.00546559686097177
1271593125451087873,negative,0.026322598211843948
1271593129003622402,negative,0.12085056242752613
1271593129041432577,negative,0.0013835189142281537
1271593129460842498,negative,6.547150004312279e-07
1271593129884422144,negative,0.006051247185343358
1271593130068971527,negative,0.04253657673854819
1271593130425548801,positive,0.7488486930287965
1271593130475892737,negative,0.19816915460667658
1271593130505244673,negative,5.722868567400952e-05
1271593133571100674,neutral,0.42557685919971977
1271593133797707777,negative,0.013722089811662992
1271593133869056000,neutral,0.3709491165362941
1271593134049374209,negative,0.1952814587246654
1271593134120730624,negative,0.06223004527152974
1271593134355632129,negative,0.025152324668022856
1271593134447833088,negative,0.25485679182001225
1271593134754009094,negative,0.08253524045161674
1271593137522302977,negative,0.01220911135150145
1271593137547276290,negative,0.1489566653124116
1271593137979490304,neutral,0.437369725752128
1271593138084122624,negative,0.011824671861269169
1271593138159828993,negative,0.1256518955108437
1271593138369359873,neutral,0.37137062280538924
1271593138864508929,neutral,0.48075759922159805
1271593139011309572,neutral,0.49789225920557484
1271593139208425472,neutral,0.4507454498615163
1271593139220987908,positive,0.7685322661239289
1271593139355213827,negative,1.1784686610593569e-05
1271593139556495360,negative,0.0017396631586385572
1271593139724312577,negative,0.003871472669684855
1271593139892092928,neutral,0.5024487404611014
1271593141536202752,negative,5.543949992676694e-07
1271593142266007553,negative,0.0037515718905196914
1271593142282784768,negative,0.028166698315174214
1271593142282866697,negative,0.2367857765170704
1271593142412881923,negative,0.0003304101929874612
1271593142425452544,negative,0.13246148862232782
1271593142559608833,negative,4.3015228013801087e-07
1271593142949724160,negative,1.8066554511466122e-05
1271593143025176576,negative,0.008517398538508015
1271593146086912000,negative,5.695857302171394e-06
1271593146170908674,neutral,0.49789225920557484
1271593146393247752,negative,0.003422044474814012
1271593146401644544,negative,7.2884477388465e-05
1271593146779086852,positive,0.7026937352255312
1271593147202584577,negative,0.06626857316023484
1271593147374714886,positive,0.999215224991
1271593150205870087,negative,0.0615331638563064
1271593150256160768,negative,0.03180962742221007
1271593150323331077,positive,0.8227118448470228
1271593150705020935,negative,6.898181232754515e-05
1271593150721785856,negative,5.876325340995596e-05
1271593150977630208,negative,0.12316072534608156
1271593151099285505,negative,0.005894416270567474
1271593151111798786,negative,3.8632474149153675e-05
1271593151241678848,negative,0.00798617966158689
1271593151392866307,positive,0.9708641168379752
1271593151422246912,negative,0.05899412878106473
1271593151782948864,negative,0.08074516496533428
1271593152172814336,negative,0.11072092278341836
1271593154295353356,negative,0.012196677606327488
1271593154483941376,negative,0.06267860474099735
1271593154844614657,neutral,0.4225284158647224
1271593155008184320,negative,0.011832470048177673
1271593155205398533,negative,0.19819772738772282
1271593155482320897,negative,0.00031004621056320524
1271593155520081923,negative,0.00034868078860480025
1271593155926921216,neutral,0.41557614730585196
1271593156027518976,negative,5.695857302171394e-06
1271593158347034625,positive,0.9159141451538774
1271593158665736192,negative,0.00280133777539963
1271593159181643776,neutral,0.4382878433503859
1271593159945060353,neutral,0.5128606410272599
1271593159978598400,negative,1.8066554511466122e-05
1271593160192516101,negative,0.32816616421304245
1271593161597399040,negative,8.582232316982291e-08
1271593162776227841,negative,0.011586814520479691
1271593164311334912,negative,0.00010890642365958839
1271593164483301376,negative,0.02734764205970332
1271593164521050112,negative,0.011419113974740182
1271593164986560514,negative,0.30547069507902863
1271593165427007489,neutral,0.616005678462541
1271593166840442880,neutral,0.33758533303423804
1271593166936748032,negative,0.04251423792646359
1271593167280910338,negative,0.003885296900424741
1271593167637417985,negative,0.018250393070749518
1271593167670988800,negative,0.1286701841404814
1271593167788355585,negative,0.016935366244756403
1271593167905832960,negative,0.0009946950614525235
1271593169004769281,negative,0.1674560699849472
1271593171261292544,negative,1.3084445335270075e-06
1271593171374530561,negative,7.236773637704521e-08
1271593171554906112,negative,0.008662462868170809
1271593171739426816,negative,0.051690003139295025
1271593171764510721,neutral,0.42422485825296335
1271593171810648064,negative,0.12875163799734163
1271593172045639681,negative,0.000831286613664312
1271593172221607937,negative,0.032032950042055044
1271593172553121794,negative,0.2619066384264206
1271593172666388481,neutral,0.49789225920557484
1271593173371027457,negative,0.05368241837099004
1271593175166201857,negative,0.0010033410433637482
1271593175380000768,neutral,0.3381189830050101
1271593175384240130,negative,0.0007783165580530249
1271593175849865216,negative,0.027994019961084117
1271593176017616899,positive,0.7488486930287965
1271593176084566017,negative,1.8066554511466122e-05
1271593176638394370,neutral,0.3381189830050101
1271593177179459584,negative,0.04444805491636417
1271593179515584514,negative,0.004077199090876045
1271593179935113216,negative,0.004393708458221603
1271593180891361283,neutral,0.3820472485190975
1271593180899741697,neutral,0.49789225920557484
1271593180916408320,negative,0.005737499095705665
1271593180950134786,negative,0.0045052957529801456
1271593183236042759,neutral,0.3679738763929945
1271593183835717632,negative,0.0076572718763410754
1271593183919501312,negative,0.10674716367676582
1271593183990988800,negative,0.1628976482749928
1271593184204779520,negative,0.002647930587441848
1271593184330756096,negative,0.009634496196389628
1271593185106628613,negative,0.01066869693715749
1271593185303842823,negative,0.14893131294217962
1271593185312194562,neutral,0.49789225920557484
1271593185618341892,negative,0.09038507580680345
1271593185719070721,negative,0.15808193472102877
1271593187719745536,negative,0.0006231497894395036
1271593187849711616,positive,0.9961586961836407
1271593187891544065,negative,0.0010595280105191874
1271593188193599488,negative,5.008513535851009e-06
1271593188747182080,negative,0.00011341912160628809
1271593189535879169,negative,0.026594391015495343
1271593192228618240,negative,0.11724951127048523
1271593192312451073,negative,0.04445217217724994
1271593192626978816,negative,0.15932145129794872
1271593193000308736,negative,0.0040128857269110035
1271593193042325507,negative,0.26812582956602965
1271593193201700865,neutral,0.35451443008515343
1271593193772122112,negative,0.0005259482270590905
1271593196741627910,negative,0.0028998853007481695
1271593197253406720,neutral,0.37137062280538924
1271593197383430144,negative,0.29151909196776005
1271593197672763394,negative,0.27292421987320603
1271593197991596034,negative,1.67824124727267e-05
1271593198083698689,negative,0.12984966707283016
1271593199002365955,neutral,0.5114520767311611
1271593199061151744,negative,0.006726160116820655
1271593199119798272,negative,0.03306434482936913
1271593200650780675,negative,0.004058380082792314
1271593202102030341,positive,0.7026937352255312
1271593203016269826,negative,0.27301241391208875
1271593204480163842,negative,0.1367841214578107
1271593204593446912,negative,1.8066554511466122e-05
1271593204614418434,negative,0.18884248391470657
1271593205130297345,negative,0.18182524759054158
1271593205419646981,negative,3.262796994869556e-05
1271593205545533440,negative,0.02107007466245851
1271593205700665346,negative,0.0011436552295596978
1271593206275346433,negative,0.005894416270567474
1271593206577131521,negative,2.5711403750356846e-05
1271593206644445186,neutral,0.3850948772444006
1271593207177064448,negative,0.02978956789286822
1271593209496551424,negative,0.0005351132759893319
1271593209618001920,neutral,0.34117024056417766
1271593209790152705,neutral,0.3721511770634008
1271593209802772481,negative,0.06446732001068398
1271593210259877893,negative,0.0009105791170228643
1271593211312721921,neutral,0.37137062280538924
1271593211463696392,neutral,0.41557614730585196
1271593211610443776,neutral,0.4309385724493757
1271593212889706498,negative,0.0005866997157734157
1271593212961001473,negative,0.058019509801383824
1271593213434920960,negative,0.00157921824750368
1271593213757984768,negative,0.025845559391029213
1271593213984374785,negative,0.027994019961084117
1271593214017966089,negative,0.08737938676356574
1271593214622011392,negative,0.0019642877496242788
1271593214869483521,negative,0.14130879961675272
1271593215410475013,negative,0.010103271724425072
1271593215469031424,negative,0.2821666420886017
1271593217398657024,negative,0.030346777880785502
1271593217943896064,negative,0.03343913325117956
1271593218203955200,negative,0.03180962742221007
1271593218606542849,positive,0.6755117498198084
1271593218635894784,negative,0.003354079292919143
1271593218879164417,negative,0.014300086334016922
1271593219613212673,negative,4.951186927671993e-06
1271593221659873280,neutral,0.5734576952979002
1271593221836152832,negative,0.00010338679440685032
1271593221974626310,negative,0.0012359037580937722
1271593222117175297,negative,0.03180962742221007
1271593222998016000,negative,0.024382994571130162
1271593223480381441,neutral,0.5022998033790114
1271593223711006723,neutral,0.35451443008515343
1271593223782367234,negative,0.060490407011491755
1271593223807533057,negative,0.03840564920058137
1271593223958519808,negative,0.07510536574503261
1271593224059092996,negative,0.0006231497894395036
1271593224256225281,negative,0.08755223447232884
1271593225535578112,neutral,0.5645013849938622
1271593226944811010,negative,0.0005834126316770649
1271593229595664392,negative,0.023758272987789788
1271593229700362240,neutral,0.37137062280538924
1271593229809573892,neutral,0.5505550505941735
1271593229998309377,negative,0.004552195089670453
1271593230564458504,neutral,0.3381189830050101
1271593230866530305,negative,9.487619532256207e-05
1271593231210491905,negative,0.05817995923428874
1271593231722131456,neutral,0.44654025683665294
1271593234603663363,negative,0.14622305181174747
1271593234670784516,neutral,0.34517096417752435
1271593234742087680,neutral,0.49789225920557484
1271593234913992704,negative,0.0778422178678668
1271593235853357056,negative,0.001842031509920941
1271593236101042176,negative,0.07403480911756066
1271593236218482694,neutral,0.3725458233667465
1271593236344328192,negative,0.03999801289335847
1271593236595957762,negative,1.56260701404286e-05
1271593238676205569,negative,0.0099536958179938
1271593238714101764,negative,0.24880678275257823
1271593239200641026,neutral,0.604852637200713
1271593239250898945,negative,0.0013142082962780402
1271593242283425798,negative,0.14669073125637247
1271593242363117568,neutral,0.3381189830050101
1271593242560266241,neutral,0.3381189830050101
1271593242845462530,negative,0.026594391015495343
1271593243210395648,neutral,0.3370745381628275
1271593243499728897,neutral,0.34925351735354976
1271593244619571201,neutral,0.37433588308817456
1271593247782158336,negative,9.09654557292609e-06
1271593247849119745,negative,0.2238368925940545
1271593248323141632,negative,1.56260701404286e-05
1271593248440619008,negative,0.0020443587898410073
1271593248893612033,positive,0.701814467116477
1271593249715650564,negative,0.006504957606550473
1271593251590549504,negative,0.010319168601672288
1271593251728838657,negative,0.0023170344461177867
1271593251913584640,negative,0.18693584956905138
1271593251976491008,neutral,0.48728019602140255
1271593252291035138,neutral,0.35451443008515343
1271593252689448962,negative,0.03840564920058137
1271593253494820865,positive,0.9262977138262638
1271593254765690880,negative,0.0468215813576378
1271593254828400641,negative,2.987944245261539e-06
1271593254933364739,negative,0.0027706413228083837
1271593254950178819,negative,0.3040949491800166
1271593255080210434,negative,0.05817995923428874
1271593255180926976,negative,0.04901991339982578
1271593255264813056,negative,0.30973529465746086
1271593255508029447,positive,0.8516355150809686
1271593255688380416,neutral,0.437369725752128
1271593255805861889,negative,0.2538809478197922
1271593256250494978,negative,0.053728919940624835
1271593256455942144,negative,0.00045342857136291984
1271593256732831745,negative,0.22513179180885018
1271593259047907328,negative,0.10223118530003988
1271593259052281856,negative,0.10710221591340896
1271593259429699585,negative,7.966153263169547e-05
1271593259501043714,neutral,0.38702715931850645
1271593259958185984,negative,0.03180962742221007
1271593263254974465,negative,1.8066554511466122e-05
1271593263804436480,neutral,0.437369725752128
1271593264198672384,neutral,0.37679209754895876
1271593264681037826,negative,1.4270347589845277e-09
1271593265888976897,neutral,0.3396507068576039
1271593268694974466,negative,0.12056596353541715
1271593269668057088,negative,0.005894416270567474
1271593269714132992,negative,0.02311804646448923
1271593269793677312,positive,0.993690469504535
1271593269961474049,negative,0.039524083184747934
1271593271647707136,negative,0.0005358077387413497
1271593271958163457,negative,0.0028368700872132458
1271593272344031232,negative,1.1521101936796828e-05
1271593272520183809,negative,3.989741608300387e-06
1271593272625057793,negative,0.2468973875867962
1271593272734101504,negative,0.006776654091134218
1271593273656668160,neutral,0.37137062280538924
1271593275628158983,negative,0.010528527313883724
1271593275984506880,neutral,0.34117024056417766
1271593276840325126,negative,8.300766499601244e-07
1271593277221986304,negative,6.752012994308871e-08
1271593277255569413,negative,5.488307459479319e-05
1271593277699973124,negative,1.8066554511466122e-05
1271593278253776897,negative,1.8066554511466122e-05
1271593280501878785,negative,0.0053113599516528935
1271593281244233728,negative,0.00026706758266826873
1271593281311432704,neutral,0.3381189830050101
1271593281630208001,negative,0.10017404426047284
1271593281848213504,neutral,0.37137062280538924
1271593282129334272,negative,0.2768221274410952
1271593282213236739,neutral,0.5316092788344704
1271593284519866369,neutral,0.5991370219671995
1271593285107269632,negative,0.0013861122586575497
1271593285740568576,negative,0.0005358077387413497
1271593285887365120,negative,0.07451860916872596
1271593285946130438,neutral,0.3381189830050101
1271593286818500608,negative,0.21921412548362115
1271593289100210182,negative,0.06656437044045363
1271593289821626368,negative,1.8066554511466122e-05
1271593290505359361,negative,0.01975051700909661
1271593290513686528,neutral,0.49789225920557484
1271593291071590401,negative,0.2352988711971363
1271593292820594690,negative,0.03343913325117956
1271593293017575424,negative,0.005331368936127451
1271593293432926212,negative,0.21748631973745178
1271593293554606080,neutral,0.49789225920557484
1271593293592383490,negative,0.00892402365943448
1271593294301102082,negative,2.0314056196711032e-06
1271593294351474689,negative,0.0033984772683783118
1271593294812925952,neutral,0.37137062280538924
1271593294875643905,negative,7.559685904674855e-07
1271593297744670730,negative,0.1853447716208767
1271593298231128064,neutral,0.37137062280538924
1271593298604503043,negative,0.00017062135121640422
1271593298721996800,negative,0.053815883130256974
1271593299040763904,negative,4.107269420261851e-06
1271593299456020480,negative,8.329269144616642e-06
1271593299854397440,negative,0.01607328933199068
1271593300882083840,positive,0.9143932035143755
1271593301423075331,negative,0.13928895791220386
1271593302031294469,negative,0.0013861122586575497
1271593302714974208,negative,0.000799295649767291
1271593303067234304,neutral,0.37137062280538924
1271593303234969608,negative,0.0033250850345349883
1271593303411175424,neutral,0.49789225920557484
1271593305202180098,negative,0.02583381626427427
1271593305516752896,negative,0.22308642937013143
1271593305726468097,negative,0.023758272987789788
1271593305999126528,negative,0.0026290883475751756
1271593306154303493,negative,0.00028778451639506524
1271593306477207555,negative,0.012668155145230151
1271593306955436033,negative,0.19753827322328846
1271593307278319618,neutral,0.3381189830050101
1271593307387211776,neutral,0.37137062280538924
1271593307693596674,negative,1.8066554511466122e-05
1271593309560016896,negative,0.07152762509154904
1271593309866246152,negative,0.0016737896560586971
1271593310050758657,negative,0.0011915695388994376
1271593310243753984,negative,0.0005358077387413497
1271593310260428800,negative,0.0005351132759893319
1271593311002820611,negative,0.042393543183620416
1271593311137038337,positive,0.7048617955590155
1271593311262986244,negative,0.002835668014044845
1271593313964044288,negative,0.07609823327656848
1271593313964097537,negative,0.008284976883446546
1271593314538659841,negative,0.00012358293547957858
1271593314677030919,negative,0.0005358077387413497
1271593314819674119,negative,0.003645142796826916
1271593314819678208,neutral,0.5495922250151081
1271593316640055296,neutral,0.3381189830050101
1271593316858105856,negative,0.000540429388070963
1271593317877387264,negative,0.00012903351568535414
1271593318074454017,negative,0.001896207018881359
1271593318129041409,negative,0.06203051974259992
1271593318917591040,neutral,0.3794095594708052
1271593319034949632,positive,0.7500377016963704
1271593319123030022,negative,0.015946341074103896
1271593319576023040,negative,0.0026551126890416
1271593319714426880,positive,0.9254478822625744
1271593319903252482,negative,0.07388171950582473
1271593320045830144,positive,0.9981181828106879
1271593320679124998,negative,0.238427545908539
1271593321912205314,negative,0.18813973867280442
1271593322025496583,negative,0.3047417248466973
1271593322474283013,negative,0.015946341074103896
1271593323283832833,negative,0.012547967288972539
1271593323719987201,neutral,0.4064281066055449
1271593323954753536,negative,0.0002558508086955222
1271593324101672960,negative,0.20248259677940902
1271593324621725697,neutral,0.5606073485173835
1271593325217357824,neutral,0.41903556269510045
1271593326404386818,negative,0.24167740939848878
1271593327033491456,negative,0.0008214226425701795
1271593328325378049,positive,0.7844934704390972
1271593328799297537,negative,0.012676502386934916
1271593328992231426,negative,0.10711968068903369
1271593330690994177,negative,0.1989063175835459
1271593330929999873,neutral,0.4036138418409419
1271593331575881728,negative,3.072815189691473e-09
1271593331932438528,neutral,0.44654025683665294
1271593332075048960,negative,0.11998293805402283
1271593332624556033,negative,0.0049024829505844945
1271593332930744320,positive,0.7868525013395837
1271593335782805504,negative,0.002886944683696644
1271593335950639104,negative,0.11539909781174437
1271593336403525632,negative,0.014421490987971464
1271593336617533440,negative,0.0006927478524521789
1271593336634322950,negative,0.09038507580680345
1271593336831385601,positive,0.9101488605999157
1271593337364140032,neutral,0.3734880863810591
1271593337640845312,negative,0.005477316271386722
1271593339020816387,negative,0.052340999163899074
1271593339163459584,negative,0.005477316271386722
1271593339352211457,negative,0.005491895574107135
1271593339909963776,negative,0.00010311565559248978
1271593339960176640,neutral,0.49789225920557484
1271593340669243394,neutral,0.3381189830050101
1271593340958457856,negative,0.018590648483886106
1271593343475232768,negative,0.011703220097117726
1271593343575887874,negative,0.025375328182429432
1271593344842506241,negative,0.03115782779690509
1271593347954728961,neutral,0.49789225920557484
1271593348516675585,negative,0.01239479407179631
1271593348932030464,negative,0.005090688166018306
1271593351335329794,negative,0.008541020680669314
1271593351498936322,negative,2.6463573205917963e-11
1271593352765550598,negative,0.00018533101916895828
1271593353134534656,negative,0.3022683133260067
1271593353289904129,neutral,0.6069003891336653
1271593354015490048,negative,1.9007496617215074e-09
1271593354749411328,negative,0.09203867420789386
1271593355554758656,negative,0.0099536958179938
1271593355697405952,negative,7.011144970829849e-05
1271593356121047047,neutral,0.5101436966500627
1271593356121059333,negative,3.759814752818217e-05
1271593356242702336,negative,0.03147162105956202
1271593356783751169,negative,5.311755121756655e-07
1271593356880158728,negative,0.16862156664141742
1271593357047930880,negative,0.13721847696827208
1271593357282869254,negative,0.012164792431929873
1271593357362503681,negative,1.9665521529472547e-06
1271593358188838914,neutral,0.4521124519806196
1271593360697036800,negative,0.014692534733011154
1271593360768282626,negative,0.04529331547429356
1271593361070329862,negative,2.3213914238001455e-05
1271593362647396353,negative,0.0002833791535977362
1271593364346023936,negative,6.898181232754515e-05
1271593365012963335,negative,0.0019330081508693068
1271593365138792448,negative,0.01043774095488923
1271593365361045507,negative,0.08101988902888564
1271593365553979398,negative,3.6826143228758263e-06
1271593365570752513,negative,0.0064715822774068146
1271593365767888897,negative,6.547150004312279e-07
1271593366061559808,negative,0.18884248391470657
1271593366137049089,negative,0.005418557774496371
1271593366304821249,positive,0.9336364045721538
1271593366640226304,negative,0.02369869635057287
1271593368817143808,neutral,0.35451443008515343
1271593369043562497,negative,0.28426419202572667
1271593369085583360,negative,0.04251423792646359
1271593370671026181,negative,0.0026545970873923506
1271593372189327361,neutral,0.49789225920557484
1271593372357144578,negative,6.898181232754515e-05
1271593372369719297,negative,0.13358307714345868
1271593372881432579,negative,0.06455155765666583
1271593373187682306,negative,0.2394112410673028
1271593373451923456,negative,3.0844801566090945e-06
1271593373799976962,negative,0.02515588357696957
1271593374441713666,positive,0.9996526678408445
1271593374580125696,neutral,0.4098655883164215
1271593374663966721,negative,0.00014849306035999129
1271593374672400386,negative,4.933983443718838e-05
1271593376295641089,negative,0.001964361408698663
1271593376438276097,negative,0.2289434509631156
1271593376647954433,neutral,0.3373968789872479
1271593377797222411,negative,0.011885421604799605
1271593378678013952,negative,9.723452407828669e-05
1271593378753449985,negative,0.27292421987320603
1271593378757500929,negative,0.07152762509154904
1271593380691292162,neutral,0.37137062280538924
1271593380888354829,negative,0.06492380256797402
1271593381601382400,positive,0.7204542707500984
1271593381664296960,negative,0.007599598437030047
1271593385296564225,negative,0.017430157333356202
1271593385434976263,negative,6.926877374092881e-06
1271593385468366848,negative,0.00017308990098647618
1271593386328416259,negative,0.3040949491800166
1271593386429108224,negative,7.336055119111281e-05
1271593386512977921,negative,0.05479259030273839
1271593386764615681,negative,0.011530743002430522
1271593387125346304,negative,0.00016255802663465337
1271593387188158464,negative,0.029234724457407497
1271593387225997312,negative,4.6443151732565153e-10
1271593389042151424,negative,0.19753827322328846
1271593389167988739,negative,0.044493475560124784
1271593389897781255,negative,7.21010996936792e-08
1271593390321414150,positive,0.972629314404468
1271593390774329344,negative,0.00036986781985034426
1271593391051112448,negative,0.11003714166741013
1271593391634051075,negative,0.1726122031297748
1271593391822966790,negative,9.6266329661062e-05
1271593393467129856,negative,0.3040949491800166
1271593393718808576,negative,0.0923390528057772
1271593394104610818,negative,0.027710108718885396
1271593394310127621,negative,0.005418557774496371
1271593394507255808,neutral,0.5377775092341677
1271593394729627648,neutral,0.37137062280538924
1271593395971149826,negative,0.0004887897131792939
1271593397653049349,negative,0.007599598437030047
1271593398198206465,negative,0.1628976482749928
1271593398676320256,negative,7.236773637704521e-08
1271593398890385409,negative,0.006937056894531513
1271593399074852867,negative,0.0005358077387413497
1271593399213330434,neutral,0.437369725752128
1271593399259402241,neutral,0.49789225920557484
1271593399657906177,negative,0.04993845058436656
1271593399880122368,negative,1.1405705046948794e-06
1271593400211517440,negative,0.002647930587441848
1271593400404492289,negative,0.0006806173133712608
1271593400467427329,negative,0.005820665306411165
1271593401801203712,neutral,0.34117024056417766
1271593402237423616,negative,0.15176784491350975
1271593402262605824,negative,0.0002558508086955222
1271593402325483520,negative,0.03803681835558493
1271593403239862272,negative,0.00029729788915849783
1271593403906752512,negative,0.06211568940184884
1271593404011593728,negative,0.11039307840891537
1271593404338757633,neutral,0.3381189830050101
1271593405521580032,negative,0.06211568940184884
1271593406028972032,negative,0.16717792690675337
1271593406507057153,positive,0.9227944488367448
1271593406846959616,negative,0.021468205824297266
1271593407085977600,negative,0.00948959149756922
1271593407308275713,neutral,0.570559329140436
1271593407513686017,negative,0.31061119384670555
1271593407606140929,neutral,0.437369725752128
1271593407664795650,negative,0.2993797778616394
1271593407979364353,negative,0.0008015336842674633
1271593408054857735,negative,0.0009795940323472157
1271593408075911170,negative,0.00372428459784037
1271593410395242496,negative,7.730518905627762e-07
1271593410701524992,negative,0.002395107361095619
1271593410789552128,negative,0.0001099568741859968
1271593410928037895,neutral,0.37137062280538924
1271593411204825089,negative,0.0003323964784235921
1271593411271942144,negative,0.3155990631147836
1271593411326468096,neutral,0.37137062280538924
1271593411913478144,negative,1.8066554511466122e-05
1271593412182118401,negative,0.31562848000357085
1271593414686060550,neutral,0.3381189830050101
1271593415818559490,negative,0.3040949491800166
1271593415961124867,positive,0.6983801648067001
1271593416418299909,negative,0.02322610404465399
1271593416456110085,negative,0.2130738438211605
1271593416854392832,neutral,0.36591236461230653
1271593418779766785,negative,0.023720419687023094
1271593419064905728,positive,0.7556525795962958
1271593420495208448,negative,7.493998992405676e-05
1271593420507750405,negative,0.02824723837285885
1271593420562235392,negative,0.052340999163899074
1271593420566519808,negative,0.10697750540444037
1271593421472518144,positive,0.8291749863742371
1271593422802034688,negative,0.011949348217460293
1271593424253333509,negative,0.015891713149884017
1271593424534286336,negative,0.12638575508756936
1271593426962624512,negative,5.931959636335452e-05
1271593428216950784,negative,1.8066554511466122e-05
1271593428430712834,negative,0.15426889957733209
1271593428699185152,negative,0.0013487636865648232
1271593431085789184,negative,0.011682709677425006
1271593431220060160,negative,0.05625944778328097
1271593431412940800,neutral,0.44654025683665294
1271593431756931078,negative,0.05437943112553926
1271593431870001152,negative,2.536568615723938e-08
1271593431870189571,neutral,0.37137062280538924
1271593432520298498,negative,7.574102579339659e-09
1271593433203867656,negative,0.23221286567150895
1271593435271704581,negative,0.07408930857575648
1271593435313692674,negative,0.052340999163899074
1271593436802682881,neutral,0.4760657075207004
1271593437062709259,negative,0.025306092460851845
1271593437117243392,neutral,0.6349245451717109
1271593437796728833,negative,0.05610309040052827
1271593439482777600,positive,0.935606049833053
1271593439495360513,negative,0.029496163969737577
1271593440128593920,negative,0.024752933674497334
1271593440279769089,negative,0.18693584956905138
1271593440317505536,negative,0.012676502386934916
1271593441609297920,negative,0.20757850165123046
1271593442045550595,negative,0.006530412676232573
1271593443668656129,negative,0.00012358293547957858
1271593444629192705,negative,0.008277070813861528
1271593445145149446,negative,0.004042443617475618
1271593445761703936,neutral,0.4453817490056766
1271593447770726400,negative,0.002062783360361571
1271593447976308737,negative,0.002029585224018925
1271593448362201090,negative,0.004856615437275535
1271593448492224513,negative,3.770041542144815e-11
1271593448655683584,negative,0.013555530184371847
1271593448869490689,negative,0.0018621124932638846
1271593448949383176,negative,0.0009028042954317648
1271593449150611457,neutral,0.6086993829663679
1271593449498779648,neutral,0.48118222813722394
1271593449532190720,negative,0.2821666420886017
1271593452522913792,negative,0.0010186484968375364
1271593452753555456,negative,0.042278211053224185
1271593453076561920,negative,0.061506531667570676
1271593453181448193,negative,0.008541020680669314
1271593453466652678,negative,0.018684206659660148
1271593453571497984,negative,0.23415354994820928
1271593453818982402,negative,0.1382073030239792
1271593453978337287,negative,0.00011266594325569185
1271593453999325191,negative,3.5381219064546605e-05
1271593454594936834,neutral,0.43335719287083785
1271593454603251714,negative,5.488307459479319e-05
1271593456079646720,positive,0.8007266922775306
1271593456750809089,negative,2.520266281871364e-06
1271593456889200643,negative,0.002081512267164067
1271593456960507904,positive,0.7234751529612524
1271593457820274688,negative,0.027532586259180133
1271593459015540741,negative,0.0049966615855691985
1271593459443523584,neutral,0.37137062280538924
1271593461284696069,negative,0.0125334757023024
1271593461427441665,negative,1.67824124727267e-05
1271593462584967170,neutral,0.3381189830050101
1271593462748581893,negative,0.014996865184808899
1271593462970740736,negative,0.0023170344461177867
1271593463042236417,negative,0.01628794900366218
1271593463071617025,negative,0.08013273238667012
1271593463281324032,negative,2.5144893589907698e-05
1271593465890123777,negative,0.012676502386934916
1271593465957060608,negative,0.001842031509920941
1271593466036879362,neutral,0.3381189830050101
1271593466561208320,neutral,0.3381189830050101
1271593466670256130,negative,0.0005358077387413497
1271593466804367360,negative,3.6826143228758263e-06
1271593466951131136,neutral,0.34754261738804654
1271593467374981126,negative,0.04091326966770322
1271593469686026244,neutral,0.37137062280538924
1271593470960992257,negative,0.0033681068163829908
1271593471443337216,negative,0.0051257569044189264
1271593471854342144,negative,0.0033934684771576187
1271593473024700418,negative,0.03343913325117956
1271593473502851073,negative,0.0005191601344973667
1271593477311086595,negative,1.8251137211966823e-06
1271593478623858688,negative,0.011703220097117726
1271593479395835909,negative,0.021468205824297266
1271593479756484611,negative,4.107269420261851e-06
1271593481862078464,negative,1.56260701404286e-05
1271593482981986304,negative,0.19077157295200275
1271593483497869312,neutral,0.34117024056417766
1271593483925508096,negative,0.22943027313117717
1271593483980230660,negative,0.020542730230748752
1271593484059893761,negative,0.00012358293547957858
1271593485750210560,negative,0.0006427411592954635
1271593487088181250,negative,6.710368682669193e-06
1271593490036776962,negative,0.023758272987789788
1271593490816929796,positive,0.6812882083553091
1271593491273904129,neutral,0.37137062280538924
1271593491324375040,negative,0.15900045163411566
1271593492276490242,negative,0.19502423039687414
1271593494763667458,negative,0.023758272987789788
1271593495204159488,negative,1.8066554511466122e-05
1271593495908814849,neutral,0.37133728711233305
1271593495946461184,negative,0.0026474729257456825
1271593496063901697,negative,0.00019894404832740268
1271593497238396928,neutral,0.3381189830050101
1271593497259319304,negative,0.07481806293871453
1271593497414586368,neutral,0.5038841247096302
1271593498471366656,negative,0.19502423039687414
1271593498756681728,neutral,0.3381189830050101
1271593500119904257,negative,0.0012359037580937722
1271593500606451714,neutral,0.3381189830050101
1271593501189459968,negative,0.01760971265159001
1271593504234442752,positive,0.7342889744533279
1271593504771317760,negative,0.0317293563294799
1271593506436513792,negative,0.08346938406280685
1271593506847559680,negative,0.19502423039687414
1271593506906099712,negative,0.19502423039687414
1271593507636076549,negative,0.27403404469589215
1271593507942170625,negative,0.005211584107610013
1271593507971633152,neutral,0.34117024056417766
1271593507992612866,negative,0.017790480136688425
1271593508021780481,negative,0.0021354723594557115
1271593508311195648,negative,8.645015989448966e-07
1271593511100563457,negative,1.8066554511466122e-05
1271593511482253312,negative,0.012083985525218484
1271593512203665408,negative,0.05667783799749882
1271593512610541568,negative,0.03695208748753567
1271593513164197889,negative,0.19502423039687414
1271593513713631234,negative,1.8066554511466122e-05
1271593515429003266,neutral,0.5755436691302463
1271593516465041408,negative,0.00016628924848785266
1271593516498640899,negative,0.00016628924848785266
1271593516729171968,negative,0.0060825983973682735
1271593519145275392,negative,0.0017576523803083516
1271593519229145088,negative,5.5108681455992385e-05
1271593519329804288,negative,0.0021940193484361646
1271593519510163457,negative,0.07239260628116122
1271593519782801409,negative,0.0005358077387413497
1271593520042856450,negative,0.13949144214468082
1271593520130863104,negative,0.015868771750180834
1271593520223195136,negative,0.008988574458257629
1271593520634134529,neutral,0.49789225920557484
1271593520877441031,negative,0.014300086334016922
1271593521296760832,positive,0.8457365625453993
1271593523662422016,negative,0.03180962742221007
1271593523968647168,negative,0.002886944683696644
1271593524165775360,negative,0.03240998528181736
1271593524455190528,negative,0.19502423039687414
1271593524589453312,negative,0.09550914539540788
1271593524673286150,negative,0.0012767735019782135
1271593525419933698,neutral,0.36248724261842974
1271593526015545349,negative,0.3274100144495307
1271593526195744768,neutral,0.37137062280538924
1271593526619516928,negative,0.0009380117642811359
1271593527449997312,negative,0.0022534008262551316
1271593529333121024,negative,1.6257613641563517e-05
1271593529555517440,negative,0.0013327655293858542
1271593529622450177,negative,3.2733558785381196e-07
1271593530348187648,negative,3.1490062299825285e-06
1271593532269170688,neutral,0.4555257567667268
1271593532361519107,positive,0.9027192729038057
1271593532772487169,negative,0.0007649681704228752
1271593533258887171,negative,0.27577617337109417
1271593533682733059,negative,0.028645310676511025
1271593534102155265,negative,8.000474258443307e-10
1271593534865453057,negative,1.8066554511466122e-05
1271593535909830656,negative,0.06446732001068398
1271593536580915201,negative,0.0024392574860989938
1271593536853618690,negative,0.15374198251956975
1271593538187341824,neutral,0.437369725752128
1271593538267107328,neutral,0.5441319062440102
1271593538799587330,negative,0.007032605876039598
1271593540066385920,neutral,0.4299371657496221
1271593540896690176,negative,0.19502423039687414
1271593541819645958,negative,0.16172293845929064
1271593542096490497,negative,0.025527589564474408
1271593542322917376,negative,0.20308751980749937
1271593542465597441,negative,1.8066554511466122e-05
1271593542922702848,negative,0.00915858698829722
1271593543036030978,negative,0.020084975227713835
1271593544780824576,negative,0.1509638433843287
1271593544994754560,neutral,0.3381189830050101
1271593545548300289,negative,0.00016628924848785266
1271593545627889664,neutral,0.4841250109799149
1271593548471775232,neutral,0.33941070920057254
1271593549398781959,negative,1.56260701404286e-05
1271593550023712771,negative,0.009272739832239805
1271593550917050376,negative,0.05674639928767883
1271593551642669058,negative,0.0005351132759893319
1271593552645181440,negative,6.898181232754515e-05
1271593552804491267,negative,0.00016628924848785266
1271593553433632768,neutral,0.43239902574644784
1271593554285133825,negative,0.026287330862979436
1271593554356375556,neutral,0.5271830635860538
1271593554574524417,negative,0.002418228708076309
1271593554662625288,negative,0.18185987592237016
1271593555300155393,neutral,0.3381189830050101
1271593557128892416,negative,0.10680952968834934
1271593557409828865,negative,0.3040949491800166
1271593557539905543,negative,0.004393708458221603
1271593557900636161,negative,0.19502423039687414
1271593557904809985,negative,0.022239639193932088
1271593558223577088,neutral,0.35451443008515343
1271593558785605634,neutral,0.437369725752128
1271593558814928897,neutral,0.6433734043207286
1271593559062450176,negative,0.022522469859199055
1271593559154622470,negative,3.095913860377412e-06
1271593561251811330,negative,0.005894416270567474
1271593561285263360,negative,1.8066554511466122e-05
1271593562560397313,negative,0.0547450000498501
1271593562598191105,negative,0.011703220097117726
1271593562703106049,negative,0.0008534284614118235
1271593562824736774,negative,0.004202944138452892
1271593562975670274,negative,0.004420391507848585
1271593563013427201,negative,1.2755164948676483e-06
1271593563097149440,negative,0.0003908474193413339
1271593563718066176,negative,0.07308447348566978
1271593564158320640,neutral,0.37137062280538924
1271593565429403658,negative,0.0010464582834329313
1271593565731373057,negative,0.05636011676361119
1271593566532505600,negative,0.26381157479119444
1271593566570242051,negative,0.12056596353541715
1271593566855483399,negative,0.03180962742221007
1271593566880575489,negative,0.037157606466998734
1271593566989672453,neutral,0.37137062280538924
1271593567098675201,negative,0.1735162678381825
1271593567270699009,negative,0.004586907188674905
1271593567430086658,neutral,0.5136446707795853
1271593567589367811,negative,0.0015425978250262452
1271593567698509824,negative,3.211683819541537e-05
1271593568696762368,negative,0.009415184643261012
1271593569426509825,negative,0.20517950337197216
1271593569430712320,negative,1.56260701404286e-05
1271593570194132992,negative,0.0005199757530542032
1271593572022837252,negative,0.3040949491800166
1271593572203204613,negative,0.03840564920058137
1271593572576440321,negative,0.003879911221391625
1271593573801050113,positive,0.6898035037032638
1271593574920929281,negative,0.0004821863431033923
1271593575785127938,negative,0.04881451364420987
1271593575873155072,negative,0.0005851543514925663
1271593576271659010,negative,0.06590747553355604
1271593577873846272,negative,0.010874445568594734
1271593577970352128,negative,4.2621818540571855e-05
1271593578943459328,negative,6.03710297270999e-06
1271593579937439744,negative,0.0031380462099212607
1271593580742631425,negative,2.601249307223879e-11
1271593580935684110,negative,0.0026211618175260155
1271593581942321155,negative,0.05610309040052827
1271593582743478272,negative,0.0005351132759893319
1271593583112568832,negative,0.11966404576649299
1271593583242547200,negative,0.1853447716208767
1271593583582248960,negative,1.8066554511466122e-05
1271593583930466305,negative,0.10329182763909436
1271593584731598859,negative,0.0005629299174020448
1271593584962220034,negative,0.18662755844527773
1271593586015064064,neutral,0.3381189830050101
1271593586413514752,negative,0.09632583051309793
1271593586900062210,negative,0.0723132754669506
1271593586950356993,neutral,0.3381189830050101
1271593587239784449,negative,4.012067785726425e-10
1271593587826987012,negative,0.19502423039687414
1271593588112138246,neutral,0.3381189830050101
1271593588166664192,negative,0.0003289943312131437
1271593588451934214,negative,0.04444805491636417
1271593590687444993,neutral,0.37137062280538924
1271593590733582341,negative,0.011885421604799605
1271593591324815360,negative,0.00047394881120067355
1271593591421448192,negative,0.253503508402999
1271593591568314368,neutral,0.5755436691302463
1271593591962513408,negative,0.17334959507252207
1271593591996063744,negative,1.7805928120152737e-05
1271593592063049728,negative,0.19502423039687414
1271593592075612160,negative,0.20014674714138134
1271593592226799622,negative,0.00024121963407464927
1271593592260263944,negative,3.6525690505642486e-06
1271593592285511680,negative,0.03840564920058137
1271593592339955712,negative,0.19502423039687414
1271593592553906181,negative,0.0007809020524228805
1271593594680475648,negative,1.8066554511466122e-05
1271593595070365696,negative,0.05605729662854471
1271593595112480770,negative,0.12736689629067183
1271593595414421505,negative,1.1521101936796828e-05
1271593595418677249,negative,0.3194594848544355
1271593595473211393,negative,0.09754310468414176
1271593595619946498,neutral,0.46432849238051893
1271593595842297856,negative,0.19502423039687414
1271593595989037059,negative,0.0886319258106071
1271593596454567936,neutral,0.3933945962408769
1271593596706328582,negative,0.06446732001068398
1271593596949426176,neutral,0.37137062280538924
1271593599663255552,negative,0.19502423039687414
1271593599822675968,negative,3.835387940175317e-10
1271593600086876161,negative,1.013671218956699e-05
1271593600229543938,neutral,0.4118525884490333
1271593600942592008,negative,0.06972033370282527
1271593601261322245,negative,0.0005629299174020448
1271593601454288897,negative,0.2726719831915993
1271593601936564224,negative,0.052340999163899074
1271593603211591683,negative,0.1033282287944386
1271593603639447553,neutral,0.4209045926491727
1271593603719221249,negative,0.26123670052509024
1271593604201549830,negative,0.0002558508086955222
1271593604402855946,negative,0.00036193677456377226
1271593604809621504,negative,2.247260680282803e-05
1271593604881043458,negative,0.20695132830432936
1271593604922986496,negative,0.00538219475894898
1271593604947951616,neutral,0.37137062280538924
1271593604948131842,negative,0.005894416270567474
1271593605027659776,negative,0.19502423039687414
1271593605166247936,negative,9.296424424503389e-05
1271593605241507841,negative,0.2369710931082333
1271593605568827393,negative,0.0005365180997230245
1271593607972225030,neutral,0.3381189830050101
1271593608248913920,negative,0.0010124928719095897
1271593608488071168,negative,0.06756897342989703
1271593608873943044,neutral,0.37137062280538924
1271593609515741186,negative,0.19502423039687414
1271593610065203203,negative,0.012164792431929873
1271593610207772682,negative,6.235445631675315e-06
1271593611600244737,negative,0.07330960954207581
1271593612296454146,negative,6.547150004312279e-07
1271593613336739842,neutral,0.6234049249685203
1271593613617553408,negative,0.0019900274390327525
1271593613873610756,negative,0.0009150353363496623
1271593613999460352,negative,0.22513179180885018
1271593616042086400,negative,0.025253823303586633
1271593616474021888,negative,0.10499275426788209
1271593616666918912,negative,0.15894838135266348
1271593616910278662,negative,2.0314056196711032e-06
1271593617103245314,negative,0.001842031509920941
1271593617317117954,neutral,0.3721511770634008
1271593617740697601,negative,0.00019894404832740268
1271593618004938753,negative,0.03008511849770333
1271593618223108096,negative,0.0019660331236129296
1271593618227236865,neutral,0.6028658899908536
1271593618374103041,negative,0.09212574455100801
1271593619858825217,negative,0.04692282387135488
1271593619963686913,negative,0.3040949491800166
1271593620261535746,negative,0.08933409924387598
1271593620412432390,negative,0.023063762581448332
1271593620521566209,negative,0.005894416270567474
1271593620790022144,neutral,0.48898088462376976
1271593621108768768,negative,0.02581364430517144
1271593621301723139,negative,0.1735162678381825
1271593621754609665,negative,0.007954934633077601
1271593621805031424,negative,0.008541020680669314
1271593623952424960,negative,5.226216094283903e-05
1271593624485142529,positive,0.8467421524868123
1271593624573222913,neutral,0.49789225920557484
1271593625034665984,negative,0.18025867618629865
1271593625194037248,positive,0.9708641168379752
1271593625210753024,negative,0.06960878812436444
1271593625386921984,negative,0.03980030593590898
1271593626380926983,negative,0.004083949797367266
1271593626460700672,negative,3.939055046015285e-06
1271593626695618562,neutral,0.3381189830050101
1271593626749906944,negative,3.956629663213042e-05
1271593628188712961,negative,0.002986314449171215
1271593629321216003,negative,0.011682709677425006
1271593629459587073,negative,0.032909056780665025
1271593629845524480,neutral,0.37137062280538924
1271593630726270977,negative,0.27312857925399153
1271593632374517760,negative,4.3541986661663195e-11
1271593632399863814,negative,4.107269420261851e-06
1271593632534069249,positive,0.9972093738783973
1271593632571801600,neutral,0.35451443008515343
1271593632999649285,negative,3.122228495315977e-06
1271593634203385856,negative,2.742028750997666e-06
1271593634626863104,negative,7.940619860793433e-08
1271593636682248192,negative,0.012447427632221408
1271593637101649922,negative,0.14029373138663956
1271593637344948224,negative,0.22513179180885018
1271593638619987969,negative,0.03183119796134849
1271593641073676288,negative,0.19502423039687414
1271593641245630464,negative,1.4042445928478237e-06
1271593641493123073,negative,0.23131201968747986
1271593641610481664,negative,2.3330555834868396e-09
1271593642222931971,negative,0.14991407836398649
1271593642235441154,negative,0.029737396496204136
1271593642382196736,negative,0.13457291313086933
1271593642524803073,negative,0.01879425341181135
1271593642965295105,negative,3.6826143228758263e-06
1271593643011444736,neutral,0.3850948772444006
1271593644873658368,negative,7.190720850686447e-06
1271593644877918209,negative,0.001842031509920941
1271593645238628352,negative,2.696898878275538e-07
1271593645326708742,negative,0.2828136932208214
1271593645687418880,negative,0.1412589031008617
1271593645834227713,negative,0.00027382007603041545
1271593646090072071,negative,0.007954934633077601
1271593646534639617,neutral,0.47371072416927557
1271593646580731908,neutral,0.3381189830050101
1271593646710763520,negative,0.09398308202945528
1271593646807060480,negative,0.0002558508086955222
1271593647138582528,negative,0.00011092673492861494
1271593647721644033,negative,0.2451017143153644
1271593649546170368,negative,0.030657206039888824
1271593649772605446,negative,0.2180542432013676
1271593650032607234,negative,0.01628794900366218
1271593650238173185,negative,0.008541020680669314
1271593650351271936,negative,0.07957548176727544
1271593650737250304,negative,0.1255513309978052
1271593650888347649,negative,0.02475925396408913
1271593651383054337,negative,7.730518905627762e-07
1271593653580906499,negative,0.0006231497894395036
1271593654059220992,positive,0.9093946120793668
1271593655095173120,negative,0.0032019498800548826
1271593657632788481,negative,0.017138624857510366
1271593658039623681,negative,0.06700650490729922
1271593658119323653,positive,0.6685227331458775
1271593658148585472,negative,0.2378411193086786
1271593658882551808,negative,0.19502423039687414
1271593659100794881,negative,0.005894416270567474
1271593659906101253,negative,0.029221171854788907
1271593660405223425,negative,2.483722560228141e-05
1271593662045204481,negative,0.10975273217047195
1271593662187741184,neutral,0.49789225920557484
1271593662271688705,negative,0.0002558508086955222
1271593663185981441,negative,0.1256518955108437
1271593663202832384,negative,0.007954934633077601
1271593663462858754,negative,0.05151061015177022
1271593664721096704,negative,1.8066554511466122e-05
1271593664871976960,neutral,0.37137062280538924
1271593666277244930,negative,0.02522410759332529
1271593667141091329,negative,0.06446732001068398
1271593667845906433,negative,0.23702280162593392
1271593668374401024,negative,0.19137281542263082
1271593670358302722,negative,0.00043092868715202166
1271593671184400389,negative,1.8066554511466122e-05
1271593671692091392,negative,0.0005351132759893319
1271593671746555907,neutral,0.4860422210776171
1271593674217000963,negative,8.102613480569027e-11
1271593674397421568,neutral,0.6508094427799267
1271593674724585473,negative,0.13667982455125166
1271593675928240134,negative,0.1154759273975014
1271593676314214408,negative,0.044415848827102325
1271593677127847936,negative,0.02879216010904455
1271593678369243136,negative,0.00017790270672818597
1271593679468351488,negative,6.918109779739479e-05
1271593679568936962,negative,0.001365015443543219
1271593680072331264,negative,0.005894416270567474
1271593680600612866,neutral,0.37137062280538924
1271593680974077954,neutral,0.580633704133273
1271593683922583553,negative,0.00324312684739374
1271593685688504321,negative,0.00048565789725911
1271593685788979204,negative,7.143538720932053e-06
1271593687248777217,negative,0.01872942267751736
1271593688720957442,negative,0.026594391015495343
1271593689480134662,negative,0.04251423792646359
1271593693573775360,negative,0.05125885973052653
1271593693590495235,negative,0.002390597899619374
1271593693603037184,neutral,0.3381189830050101
1271593694148227072,negative,0.07481806293871453
1271593694827872268,neutral,0.3381189830050101
1271593695779880961,negative,0.2234587016537679
1271593695943540744,neutral,0.37137062280538924
1271593696094498818,negative,0.19502423039687414
1271593697876914178,negative,0.19502423039687414
1271593698091032576,negative,0.007954934633077601
1271593700754436096,negative,0.07451860916872596
1271593700913807363,negative,0.0012810522453400005
1271593701966577664,negative,0.0002558508086955222
1271593703572942850,negative,0.25387447021999593
1271593703723937796,negative,0.02914955212510617
1271593704558661634,neutral,0.5533970533999424
1271593705703702536,negative,0.00036986781985034426
1271593707767164928,negative,0.0019660331236129296
1271593708941643777,negative,0.06446732001068398
1271593709306552321,neutral,0.437369725752128
1271593709730246657,negative,0.19135717995446544
1271593710166384642,neutral,0.3381189830050101
1271593710606745601,positive,0.999215224991
1271593710720032768,neutral,0.43344590928712023
1271593710904623111,neutral,0.3381189830050101
1271593712909352960,negative,0.005757017791787329
1271593713928679425,negative,0.01867530515461944
1271593714041761793,negative,0.19502423039687414
1271593716403372032,negative,7.2884477388465e-05
1271593716466233345,negative,0.10035871328094252
1271593717309345792,negative,0.006220593506123027
1271593717766524928,negative,0.1067748298512315
1271593717850411008,negative,0.09038507580680345
1271593717976219649,negative,0.09676347526511865
1271593718160580608,neutral,0.34117024056417766
1271593720878530562,neutral,0.5049464534002475
1271593721830703104,negative,0.0023761115032911438
1271593722631856130,negative,0.017613891255527942
1271593723265257474,negative,3.8264524740565604e-08
1271593723319771138,negative,0.19502423039687414
1271593723546263553,negative,0.003217414187786527
1271593723588116480,negative,0.32003400364182666
1271593724586471427,negative,0.09719301652905317
1271593724653580288,negative,0.19924588785877054
1271593725903245312,negative,0.09660921651950619
1271593726176112640,neutral,0.5078939889731962
1271593726276665349,negative,0.04580868801829515
1271593726591336449,neutral,0.33677065988963156
1271593726905847809,negative,3.32705217852199e-11
1271593728973713409,neutral,0.5541792981384134
1271593728994664448,negative,0.004282656896085132
1271593729120493569,negative,0.0672770373814434
1271593729133076481,neutral,0.437369725752128
1271593729372164099,negative,0.003645142796826916
1271593729657376769,negative,0.0005358077387413497
1271593729929994240,negative,0.002385125007943545
1271593730412339200,negative,1.8066554511466122e-05
1271593732870209536,neutral,0.33677065988963156
1271593733373546499,negative,6.547150004312279e-07
1271593734799536142,negative,2.7109749146597328e-08
1271593735055454209,negative,0.007032605876039598
1271593735181262849,negative,4.908254204596775e-07
1271593735567147008,negative,3.174066965608263e-10
1271593736041095168,negative,0.0017849033839742049
1271593738293391368,negative,0.13397056345424313
1271593738381545478,negative,0.24531216546523807
1271593738473783296,negative,0.00015451355480813517
1271593739266523143,negative,0.09178054961019984
1271593740738723841,negative,0.00157921824750368
1271593741837533186,negative,7.2884477388465e-05
1271593742143815681,neutral,0.37137062280538924
1271593742621904896,negative,0.006482890542028107
1271593742986854401,negative,0.00026415166163608323
1271593743993323520,neutral,0.37137062280538924
1271593746656886784,negative,0.0020487835342758785
1271593746816217093,positive,0.6624055896622104
1271593746950492160,negative,0.04103808605092451
1271593747227324418,negative,0.0002325322767462766
1271593747525128195,negative,7.2884477388465e-05
1271593751132151809,neutral,0.37137062280538924
1271593751480348673,negative,0.25707599638936557
1271593752134594562,negative,4.404878066434652e-08
1271593752214339587,negative,0.0015548813673626949
1271593752369512448,neutral,0.4737554465528978
1271593752424038406,negative,0.009272739832239805
1271593754072399873,negative,0.1699748624722874
1271593755032813575,negative,0.02776678472206551
1271593755108409344,negative,6.898181232754515e-05
1271593755171315719,positive,0.8800636319342382
1271593755485798400,negative,0.002634474824251449
1271593758337966085,negative,0.0005351132759893319
1271593758811971584,negative,0.01044894778244478
1271593758887301120,negative,0.19502423039687414
1271593759738920961,negative,0.0005358077387413497
1271593759940190208,neutral,0.42871870969305476
1271593760317534208,negative,0.0016195578931357966
1271593760401522688,negative,0.14372510905870772
1271593762284810241,negative,0.014991899094609436
1271593762528071680,negative,0.006968213241119214
1271593763052412928,negative,0.046484769731093445
1271593763320655872,negative,0.001842031509920941
1271593763475988480,positive,0.8770595037839471
1271593763526377473,neutral,0.37137062280538924
1271593766747602944,negative,7.777453180847328e-08
1271593766760169475,negative,0.012164792431929873
1271593767250931712,negative,0.002697825894084509
1271593767540310019,neutral,0.437369725752128
1271593767842254850,negative,0.0005358077387413497
1271593768639176705,negative,0.0173717755142564
1271593768827879428,negative,0.001842031509920941
1271593768970485765,negative,2.3497310866883425e-05
1271593770677604352,neutral,0.3381189830050101
1271593771055095810,negative,0.29150453131543796
1271593771294232577,negative,0.0015074410723624131
1271593771650727936,negative,0.07951610323318956
1271593772015648769,negative,0.0006415962172967564
1271593772980322304,negative,0.002647930587441848
1271593773173276672,negative,0.09368142540527145
1271593773605122049,negative,0.00022914088582834575
1271593775194914818,negative,0.002402106420951482
1271593775228268545,negative,0.1077233302113345
1271593775379464193,negative,0.16863807278512583
1271593776574758912,negative,0.00029729788915849783
1271593776994230272,negative,0.00209498399200866
1271593777011064833,neutral,0.437369725752128
1271593777539530752,negative,0.016391379789131216
1271593777719840770,negative,0.13346161075887344
1271593777723891712,neutral,0.49789225920557484
1271593777992306688,neutral,0.37137062280538924
1271593778038669317,negative,0.0004285853610504178
1271593779166801920,negative,0.19502423039687414
1271593779821187077,negative,0.06756897342989703
1271593780202876929,negative,6.547150004312279e-07
1271593780383186951,negative,0.13866171762894905
1271593780479655940,negative,0.06559550363989554
1271593781318516737,neutral,0.437369725752128
1271593783541600256,negative,0.02077203350401517
1271593784632098816,negative,0.21034513492346715
1271593784803864576,negative,0.22253408062340874
1271593785127055361,negative,0.041894793809486804
1271593785370296322,positive,0.9143932035143755
1271593785399611394,negative,0.00017154531813075175
1271593785437405184,negative,0.26964203488746474
1271593785491746816,negative,7.141871953270834e-05
1271593785806458881,negative,0.1256518955108437
1271593786192408578,negative,7.236773637704521e-08
1271593787832352769,neutral,0.3381189830050101
1271593788054568960,negative,0.00017790270672818597
1271593788507664386,negative,0.0006033502706625389
1271593788583170050,negative,0.10545910331104959
1271593788863967233,negative,0.002395107361095619
1271593788876550145,positive,0.854393353756072
1271593789212237826,negative,0.0003017073934995138
1271593789405216768,negative,0.012736355544591486
1271593789921071104,negative,0.0006231497894395036
1271593790302826496,neutral,0.4153373325707398
1271593790462099457,negative,1.4087941363798072e-05
1271593792064360451,negative,1.3022264184009987e-05
1271593792483864582,neutral,0.6279672973516283
1271593792626462728,negative,7.046532552925517e-05
1271593793012318211,negative,0.026594391015495343
1271593793477844992,negative,0.08576242587427531
1271593793570078720,negative,0.003645142796826916
1271593793704378369,negative,0.19530784977723603
1271593794027294720,negative,0.00013433701916419725
1271593794035765248,negative,0.005894416270567474
1271593795864444931,negative,0.32506685266967134
1271593796573290497,negative,0.0013876501219581817
1271593796615225345,negative,0.03171816788750557
1271593796959117313,negative,0.010391166754051594
1271593797617680384,negative,0.009480063257960207
1271593797714149383,negative,0.010544867551541949
1271593798091628551,negative,0.0009028042954317648
1271593798800474112,negative,0.11241944902933511
1271593798863253504,negative,0.03487028531637995
1271593799085678592,negative,0.13666746933319543
1271593800150872067,negative,0.0063968959662457515
1271593800360693760,negative,0.004393708458221603
1271593800415227907,negative,0.05817995923428874
1271593800608219138,negative,0.0009028042954317648
1271593800641773568,neutral,0.37137062280538924
1271593801711312897,neutral,0.37137062280538924
1271593801858113536,negative,0.021468205824297266
1271593802487250949,negative,0.012736355544591486
1271593804303421440,negative,3.759814752818217e-05
1271593804433371136,neutral,0.37137062280538924
1271593804454338562,negative,0.001006146461470546
1271593804504739840,negative,1.146120561917134e-05
1271593804827590656,negative,0.0008764181606436087
1271593804831666176,neutral,0.49789225920557484
1271593805003751424,negative,5.232549616158773e-13
1271593805259685888,negative,0.038670556027359804
1271593805389746176,negative,0.32001134744729426
1271593805519523840,negative,0.1062831853028514
1271593805590990849,neutral,0.3371806910435781
1271593806773665792,neutral,0.3318228626708164
1271593808514420737,negative,0.0456310761587598
1271593809051299840,neutral,0.33044614724406135
1271593809701482498,positive,0.9556858708304484
1271593810330599424,positive,0.8854599797719593
1271593810632552449,positive,0.994330656095889
1271593810695315456,negative,0.207800015035824
1271593812712923136,neutral,0.3381189830050101
1271593812738146305,neutral,0.4737554465528978
1271593813073694720,negative,6.547150004312279e-07
1271593813505695745,negative,0.005894416270567474
1271593813627351041,neutral,0.34117024056417766
1271593813748973568,negative,0.03211979858056497
1271593814554181632,neutral,0.37137062280538924
1271593814776373248,negative,0.03695208748753567
1271593815065923584,negative,0.03840564920058137
1271593815489622016,neutral,0.3385252644667176
1271593815724433410,negative,0.00010338679440685032
1271593816819216384,negative,0.15797133755319195
1271593816986988544,negative,0.004231482767717533
1271593818341756928,positive,0.9041098809645616
1271593819067297792,negative,0.04452883692303285
1271593819323207680,negative,0.18884248391470657
1271593819641913348,negative,0.018358367989957432
1271593821172830211,negative,0.2394112410673028
1271593821378359296,negative,0.0013279617347760405
1271593821701169157,negative,0.00021323646588724418
1271593821726486538,neutral,0.34180015100002603
1271593821894324225,neutral,0.537627929566457
1271593821990600705,neutral,0.49789225920557484
1271593822225604613,negative,4.50491123474092e-05
1271593822246617088,negative,0.0018409851935657058
1271593823291015169,negative,0.0014841111785038285
1271593825291718656,negative,1.3084445335270075e-06
1271593825329283073,negative,0.00855456710944734
1271593825450909697,negative,0.1154759273975014
1271593826864394240,neutral,0.3696556049682052
1271593827070025728,neutral,0.6422239569844299
1271593827288125440,negative,0.014992671086619485
1271593827376168961,negative,0.24514870437933672
1271593830505238529,negative,0.015963265548405076
1271593830697938944,negative,0.207800015035824
1271593830698020866,negative,1.4087941363798072e-05
1271593831113383942,negative,0.007492293006742919
1271593831402700800,positive,0.8893169709482172
1271593831608147968,negative,0.003645142796826916
1271593832086491137,negative,0.26812582956602965
1271593832514289670,neutral,0.5078939889731962
1271593833805959169,negative,0.03695208748753567
1271593834707685381,negative,0.1286701841404814
1271593834967900162,negative,0.1735162678381825
1271593835135565825,neutral,0.49789225920557484
1271593835274043393,negative,0.05651198300966081
1271593835324272640,negative,0.0022480160405335303
1271593836553416704,neutral,0.5533970533999424
1271593837811642369,negative,0.0748408102365535
1271593837820088320,negative,0.04633340493359247
1271593837853577216,negative,0.0071479933406052385
1271593838587584513,positive,0.9910320020707514
1271593838600228864,negative,0.1364063100868809
1271593839237750784,negative,0.3040949491800166
1271593839732699139,negative,0.0012359037580937722
1271593840323858432,negative,0.21921412548362115
1271593842379304961,negative,0.003165793679344222
1271593842475773952,negative,0.0019660331236129296
1271593842488328193,negative,0.0017492804809143934
1271593842614173697,negative,0.002395107361095619
1271593842664407042,neutral,0.4737554465528978
1271593842752577536,neutral,0.49789225920557484
1271593843004190721,negative,0.1286701841404814
1271593843322912769,negative,1.5936469852570445e-07
1271593843322994688,negative,3.305466468224721e-05
1271593844056997888,negative,3.4756179013684414e-05
1271593844082171904,negative,0.05368241837099004
1271593844212207623,negative,0.0008967956515144778
1271593844656627712,negative,0.013951344634594465
1271593846757969920,negative,1.7266676256360037e-06
1271593847043358726,negative,0.07291042650735544
1271593847685107717,negative,0.09398308202945528
1271593848792387584,negative,0.00010338679440685032
1271593848834273280,negative,0.001842031509920941
1271593848909844480,negative,0.32620683154629054
1271593850855964672,negative,0.26812582956602965
1271593851153780737,negative,0.0010995474506835141
1271593851631910916,negative,1.8066554511466122e-05
1271593851896115201,negative,0.29809117286039133
1271593852458151936,negative,0.1286701841404814
1271593852776914944,negative,0.00035681379643484514
1271593854635048965,negative,1.9565718695786653e-06
1271593855712759809,negative,1.8066554511466122e-05
1271593855763263489,negative,3.651301710298262e-05
1271593856551837696,negative,0.02711713266105864
1271593857650692098,negative,0.3194594848544355
1271593857650737157,negative,0.19502423039687414
1271593859093577728,negative,0.0322448999204591
1271593859911348224,negative,0.01830981368956435
1271593859957633029,negative,0.012447427632221408
1271593863434498050,positive,0.9882423418625247
1271593864223174657,negative,0.0005351132759893319
1271593865196290051,negative,0.005211584107610013
1271593865594765312,negative,0.0008306347426960146
1271593865905147905,negative,0.3184960213503436
1271593866110656512,negative,0.0015425978250262452
1271593867331153924,neutral,0.6231301609365977
1271593867687669770,negative,0.20089122115679747
1271593867813416960,negative,0.0006231497894395036
1271593867964489728,negative,0.010669830367247562
1271593868006502404,negative,0.09326068164579845
1271593868748865536,neutral,0.42349560606141606
1271593869298167808,negative,0.003179541613306149
1271593869411586050,negative,0.025152324668022856
1271593871508570112,negative,0.0006231497894395036
1271593873010307073,neutral,0.37137062280538924
1271593873043841025,neutral,0.5720883228248953
1271593873249234944,neutral,0.37137062280538924
1271593873408692225,negative,0.0036287923092386196
1271593873593303040,negative,0.0006422333534213743
1271593873907703809,negative,0.04444805491636417
1271593874851577861,negative,0.1067748298512315
1271593876810326016,negative,0.22513179180885018
1271593877254873088,negative,4.066768002379279e-06
1271593877460471808,negative,0.01298509591667729
1271593877682761731,negative,0.32620683154629054
1271593877808562176,negative,0.06619072310866768
1271593877884067849,negative,0.0275802206689997
1271593880073502720,negative,0.00023719053040000164
1271593880094474240,neutral,0.37137062280538924
1271593881079955457,negative,0.002490942043414291
1271593881889574913,negative,0.004536538663866419
1271593881998671872,neutral,0.3381189830050101
1271593882560499714,neutral,0.36555960531100784
1271593883835695104,positive,0.7596934108093538
1271593883877756928,negative,0.02475313940813985
1271593884133535744,positive,0.6905900771438357
1271593884544622593,neutral,0.3381189830050101
1271593885094105090,negative,0.19502423039687414
1271593888436883461,neutral,0.37137062280538924
1271593888470437892,neutral,0.3381189830050101
1271593888617238530,negative,0.09038507580680345
1271593890034757633,negative,0.08563748803462112
1271593890357956613,neutral,0.33044614724406135
1271593890378743808,negative,8.62543126456659e-05
1271593890634743811,negative,5.405769514562237e-05
1271593890676715520,negative,0.31231732632982556
1271593893168058370,negative,0.002122826681086467
1271593893608316928,neutral,0.49789225920557484
1271593893612728320,negative,0.025487386481983475
1271593894912897025,negative,0.023219343028391105
1271593896640995328,neutral,0.49789225920557484
1271593897605705730,negative,0.00012358293547957858
1271593899128209416,negative,0.0672770373814434
1271593899534905344,neutral,0.6036802031617744
1271593900982050821,negative,0.00461785976165046
1271593901422493697,negative,0.20433120631124904
1271593902030684167,negative,4.405454687716733e-05
1271593903251062785,negative,0.20771934817642312
1271593903263748113,negative,0.006437628612841001
1271593903297384450,negative,0.007113619415187826
1271593905251901442,negative,0.21600963150061828
1271593905356668934,negative,0.0011586017855970815
1271593909471379458,negative,1.8933635571613504e-12
1271593910243069957,negative,0.0006016850917875224
1271593910872051712,negative,1.8066554511466122e-05
1271593911048429569,negative,0.02302233373853706
1271593911421669376,neutral,0.37137062280538924
1271593911866327053,negative,0.012676502386934916
1271593913543872512,neutral,0.5030332264438171
1271593914735095811,positive,0.7056838449204738
1271593915741765633,neutral,0.5227249795787703
1271593916324818946,negative,3.8344951839045615e-05
1271593917289582592,neutral,0.42662267569673906
1271593918120026113,negative,0.03670255851540621
1271593918270971910,negative,7.2884477388465e-05
1271593918417776640,negative,6.750661710168193e-06
1271593918514290689,neutral,0.4971689282361413
1271593919021674496,negative,0.004083949797367266
1271593919260827655,negative,0.00025521795545906155
1271593919776727045,negative,0.00892402365943448
1271593922641514496,negative,0.00157921824750368
1271593922830258177,negative,0.04004263763973987
1271593923161362434,negative,0.12594701562680977
1271593923270578177,negative,0.13470352540101563
1271593923325177857,neutral,0.4775636392339482
1271593923509616640,negative,7.2884477388465e-05
1271593927443972096,neutral,0.6473893371481473
1271593927871729666,negative,0.00012087283826559246
1271593927964086273,negative,3.6826143228758263e-06
1271593928094027776,negative,0.023758272987789788
1271593928354156545,neutral,0.37137062280538924
1271593928681275394,negative,3.749320611604227e-05
1271593930614857733,negative,0.02158869881149052
1271593931151720453,neutral,0.3794095594708052
1271593931852189699,negative,0.321109084563912
1271593932917440512,neutral,0.3381189830050101
1271593934423232512,negative,0.02650482368247653
1271593934461034496,negative,0.00016628924848785266
1271593934469431296,neutral,0.37137062280538924
1271593935341789184,negative,0.03749976113574691
1271593935715123200,neutral,0.36660052750037936
1271593936591761414,negative,0.03183119796134849
1271593936788664320,neutral,0.37137062280538924
1271593936927195138,negative,0.03180962742221007
1271593939099942916,negative,0.05209538812882177
1271593939930353666,negative,0.06756682649496247
1271593940135837696,negative,0.13970052175251185
1271593941419335682,neutral,0.437369725752128
1271593941675184128,negative,0.07702770242886957
1271593941826179078,neutral,0.5861317530341207
1271593943088746496,negative,0.04258011744510042
1271593943160049665,negative,0.003689380387998146
1271593943172612107,negative,0.00011791760518418482
1271593943822749696,negative,0.0007119638564096916
1271593944032346115,neutral,0.35138810142877774
1271593944053280769,negative,0.07152762509154904
1271593944825180167,negative,0.00016628924848785266
1271593945320099840,negative,0.002886944683696644
1271593945382948864,positive,0.7500377016963704
1271593945437519874,negative,0.00798617966158689
1271593946800459777,negative,0.00036057016094051704
1271593947081723907,negative,0.0013395998355518208
1271593947098492933,negative,0.09479322597697783
1271593947312381953,negative,0.03180962742221007
1271593948109254658,negative,0.11308710939641292
1271593948352577536,negative,0.00012035958397278264
1271593948738277379,negative,0.13855093391958218
1271593949703135235,negative,0.03479392232051865
1271593951162703873,negative,1.8066554511466122e-05
1271593951577939970,negative,0.00023489771803101908
1271593951691227139,negative,0.026400004196187165
1271593951808585728,negative,0.1894815869607847
1271593952077062146,negative,0.055855934637659914
1271593953364717568,negative,0.09007098537975311
1271593953683550214,negative,0.015946341074103896
1271593953746391040,neutral,0.49789225920557484
1271593953821892608,negative,0.08163272341368877
1271593956028166145,negative,0.00847974471487335
1271593956837601285,positive,0.9157370566859354
1271593957093490688,negative,0.0076220226614507666
1271593957152002048,negative,0.07495489236833619
1271593959496847360,negative,3.4599343848419972e-06
1271593959693922305,negative,7.2884477388465e-05
1271593959983214593,negative,0.03983031260542193
1271593960981639169,neutral,0.40215665737262357
1271593961547862022,negative,0.2555256728098335
1271593964089589764,negative,0.007954934633077601
1271593964211224576,neutral,0.5114520767311611
1271593964756336641,negative,0.0099536958179938
1271593964819214337,negative,4.176419198514627e-16
1271593966165688320,negative,5.138331280025421e-09
1271593967591841792,negative,2.5844269052648208e-05
1271593968459972608,negative,0.2642984175522277
1271593969420361728,neutral,0.37137062280538924
1271593969940643840,negative,0.22407447956609414
1271593970896982017,neutral,0.44054615157121163
1271593972729810947,negative,0.012676502386934916
1271593972813705217,neutral,0.34117024056417766
1271593973040242688,negative,1.3733040537914779e-08
1271593973321216003,negative,0.0005358077387413497
1271593973791031297,negative,0.07610459561459978
1271593973795209216,negative,0.0012385599142643602
1271593973807812608,negative,0.12227762356369955
1271593976685047811,neutral,0.3381189830050101
1271593976697683968,negative,0.2993797778616394
1271593976919965696,positive,0.7342889744533279
1271593977087754240,negative,0.007012448520741336
1271593977507086337,negative,0.0007783165580530249
1271593977721114624,negative,0.021468205824297266
1271593978341793792,negative,5.15100048517003e-05
1271593980401049601,negative,0.018119101046426365
1271593981072363520,negative,4.7464495516432534e-07
1271593981172948992,neutral,0.3381189830050101
1271593982175346695,negative,0.05610309040052827
1271593982288703488,neutral,0.3381189830050101
1271593982292889603,negative,7.730518905627762e-07
1271593982728929281,negative,0.00014717054569147943
1271593982997467141,negative,2.483722560228141e-05
1271593985782489093,negative,0.044930298892872665
1271593986453573632,negative,2.92228665833785e-06
1271593987095367680,positive,0.9338531583458919
1271593987095375874,negative,0.09585929363427372
1271593987149889536,negative,0.0037102536120277117
1271593987795804162,negative,0.001559295285285796
1271593987825164293,negative,0.037923919074804614
1271593987883839489,negative,0.0005358077387413497
1271593987921641473,negative,0.17122708209395252
1271593989012172800,negative,0.00016397075895749168
1271593989041504257,negative,6.442718074346597e-07
1271593989096046592,negative,0.0034904013939979998
1271593989108613125,neutral,0.652988088600254
1271593989171363842,negative,0.19502423039687414
1271593989343514632,negative,6.604101730761072e-07
1271593989737758721,neutral,0.49789225920557484
1271593989817479173,neutral,0.41557614730585196
1271593989943296001,negative,0.0004873442880614934
1271593990018793472,neutral,0.4420606323680076
1271593990056378368,negative,0.19502423039687414
1271593990710857733,negative,0.015411969190119088
1271593990782095360,negative,0.008278734388720307
1271593990811418625,negative,0.12984966707283016
1271593990916374528,negative,0.008357265065000685
1271593991360872449,negative,0.17870078326640873
1271593993638461447,negative,0.07052807109812305
1271593993655201793,negative,1.435200647315663e-08
1271593993734950912,negative,0.0002833791535977362
1271593993818836993,negative,0.0005816615554475568
1271593994880004096,negative,0.0007809020524228805
1271593995232296961,negative,0.00019019921633983298
1271593995349692416,negative,0.00016705902450572406
1271593997203537920,negative,7.559685904674855e-07
1271593997761380353,negative,0.08901488430687854
1271593997853589505,negative,1.451029305101849e-08
1271593997895696384,negative,0.03804145621633427
1271593998067662848,negative,0.18189440087049463
1271593998143098884,negative,2.1941895281758645e-07
1271593998692605952,neutral,0.49789225920557484
1271593998835224578,negative,0.15464333262699684
1271593999002984449,negative,2.1599330652208993e-08
1271593999292411905,negative,0.001982025076677185
1271593999644725248,negative,0.14579364358129376
1271594000210898950,neutral,0.3381189830050101
1271594000387117057,negative,1.56260701404286e-05
1271594000429056000,neutral,0.3901771373962541
1271594001515323393,negative,0.013215736956266502
1271594002324893696,neutral,0.49789225920557484
1271594002526220288,neutral,0.3850948772444006
1271594002614280194,negative,0.18949964065933536
1271594002962362374,negative,0.0010170428855232896
1271594003125813250,negative,0.0019660331236129296
1271594003260215296,negative,1.298971726008963e-06
1271594003558006784,negative,0.027440848207711397
1271594003608276997,negative,0.025666385159194456
1271594003889360897,negative,1.8066554511466122e-05
1271594004031864832,negative,0.046484769731093445
1271594006028435456,neutral,0.570559329140436
1271594006305214464,negative,2.4236651831777536e-07
1271594006380756992,negative,4.042027259162266e-06
1271594006682705920,negative,0.2835502714725312
1271594007555198976,negative,0.18214340793933537
1271594007580327936,neutral,0.49789225920557484
1271594007873966084,negative,1.8066554511466122e-05
1271594008062590978,negative,0.0048031083353694045
1271594008163373057,neutral,0.437369725752128
1271594010017177600,negative,0.012736355544591486
1271594010042421250,neutral,0.5844660558927414
1271594010403094529,negative,0.0002833791535977362
1271594010549911553,neutral,0.3442340415168033
1271594011308916736,negative,0.0960628095205989
1271594011619360768,negative,0.006151678778412074
1271594011829116928,negative,0.017390931160172454
1271594011996966918,neutral,0.3526434678804405
1271594012550615041,positive,0.9954434945212214
1271594012600827906,negative,0.03804145621633427
1271594014383452160,negative,0.24693964057470294
1271594014655963136,negative,1.8066554511466122e-05
1271594015285219332,neutral,0.5887926032804369
1271594015394271232,negative,0.00331922673685571
1271594016224706560,negative,5.811014957101967e-05
1271594016660914181,negative,0.032909056780665025
1271594017092849664,negative,0.151317015463617
1271594019102035968,neutral,0.47848741139733153
1271594019529854984,negative,0.03311408786349788
1271594019714412544,negative,0.0004496696969685319
1271594020058300418,negative,0.1505073927745344
1271594020364587010,negative,0.0071479933406052385
1271594020364603394,negative,0.0002899500627559444
1271594020754599936,neutral,0.437369725752128
1271594021111160832,negative,0.001842031509920941
1271594023136960512,negative,0.0010033410433637482
1271594023233478656,negative,0.033837434998364245
1271594023871033344,negative,0.0674514447204098
1271594024588148736,positive,0.7509298890575379
1271594024739143681,negative,0.2698482366529984
1271594024860860417,negative,0.13246148862232782
1271594026907688968,negative,3.454710808164418e-12
1271594027104821249,neutral,0.4494736039941976
1271594027515863043,negative,0.04455276186121532
1271594027683655688,negative,0.0028290743903026405
1271594027721375744,negative,0.1154759273975014
1271594028769968129,negative,0.17672755989941588
1271594029139005440,negative,1.1909991901739878e-13
1271594029256511489,negative,0.008082551803673867
1271594029403291648,neutral,0.3381189830050101
1271594030967726080,negative,0.029234724457407497
1271594031798239233,negative,0.00749691639864609
1271594032108572675,negative,0.014861718104607485
1271594032397979649,positive,0.7685322661239289
1271594032821608448,negative,0.025337518252819147
1271594033043759105,negative,0.022723298566581
1271594033048162304,negative,7.872444304157846e-07
1271594035321409537,negative,0.00280133777539963
1271594036294451200,neutral,0.34117024056417766
1271594037452079105,neutral,0.3381189830050101
1271594037670264834,negative,0.00847974471487335
1271594039297683456,neutral,0.5451344637219903
1271594040014880770,negative,3.7091534537322684e-05
1271594040715329537,negative,6.881653989756681e-06
1271594041000341505,negative,1.176706131424099e-05
1271594041000562694,neutral,0.49789225920557484
1271594041004654595,neutral,0.34225780524942395
1271594041197690881,negative,0.04661757915435215
1271594041222840320,neutral,0.3381189830050101
1271594041415786497,negative,0.0009028042954317648
1271594043630379009,negative,8.685320458423158e-06
1271594043919794177,negative,0.039433821832599185
1271594044033060868,negative,0.012427761944821779
1271594044397965317,negative,8.533047907544956e-05
1271594044767055874,negative,0.12582316481727124
1271594045295472642,negative,0.001842031509920941
1271594046113247233,negative,5.94256159690256e-07
1271594046130176001,negative,0.0035936023342456676
1271594046440554496,negative,0.017410047621452904
1271594047770165249,negative,1.1521101936796828e-05
1271594048235753473,negative,3.262796994869556e-05
1271594048395063300,negative,0.23869788986506568
1271594049523326977,negative,0.00026552671675840526
1271594049682759684,neutral,0.3381189830050101
1271594050299273226,negative,1.1922775189211743e-05
1271594050940997639,negative,0.044930298892872665
1271594054246162432,negative,0.03547588364154337
1271594054636240896,negative,0.25911202149226437
1271594056221708294,negative,0.1628976482749928
1271594056666288136,negative,1.8066554511466122e-05
1271594057362550784,negative,0.007599598437030047
1271594057454796800,neutral,0.3381189830050101
1271594057702215682,negative,6.113368402411272e-06
1271594057907789825,negative,0.001281852335487863
1271594058155282432,negative,0.027532586259180133
1271594058239131648,negative,0.00020487407608389335
1271594058683645957,negative,1.8066554511466122e-05
1271594058729881600,negative,0.009615586833976255
1271594058754990083,negative,0.2931447647600165
1271594060302749696,neutral,0.5088040958032037
1271594060357214208,negative,0.008719505425664579
1271594060688564224,negative,0.03180962742221007
1271594060814442498,negative,0.06756897342989703
1271594060868919297,negative,0.31231732632982556
1271594061611352064,neutral,0.3381189830050101
1271594061628166144,neutral,0.439589607984053
1271594062110429185,negative,0.005453995177701723
1271594062844436481,negative,3.262796994869556e-05
1271594062999683078,positive,0.6877524843151837
1271594063603666949,neutral,0.3726847435457324
1271594065172316161,neutral,0.3381189830050101
1271594065491111937,negative,2.010048050496408e-06
1271594065692446720,neutral,0.4706572305638992
1271594066036359171,negative,0.18693584956905138
1271594066044747776,positive,0.9138089926552951
1271594066313084931,negative,0.0013861122586575497
1271594066493521920,negative,1.56260701404286e-05
1271594066648748033,negative,2.0520636145105123e-05
1271594066766069762,negative,0.002418228708076309
1271594066824900608,negative,0.07846678223262568
1271594067445547009,negative,0.01879425341181135
1271594069228224515,negative,0.2800596501379602
1271594069312012289,negative,0.004157637074495629
1271594069655990273,negative,0.027710019985800655
1271594069685342209,negative,0.006408425132884443
1271594069987168258,negative,3.0844801566090945e-06
1271594070209695750,negative,0.034586772305147576
1271594070545256451,negative,0.0007969433097646404
1271594070687789056,negative,0.0023170344461177867
1271594071233003522,negative,4.197743134708356e-12
1271594072730460160,positive,0.7842586057601225
1271594073506406400,negative,0.12984966707283016
1271594073627987970,negative,5.811014957101967e-05
1271594073758085123,negative,0.010892299730022209
1271594074382925825,negative,0.012196677606327488
1271594074689208320,negative,0.0002833791535977362
1271594075590926336,negative,0.13990238448538536
1271594075720990720,positive,0.7488486930287965
1271594075909742593,positive,0.7179957782982201
1271594076908007425,negative,0.01298509591667729
1271594077142818819,negative,0.04015054863169769
1271594077411311627,negative,0.001842031509920941
1271594077423906817,negative,0.012045172728296694
1271594078396956672,neutral,0.487923966956094
1271594079143387136,negative,1.8066554511466122e-05
1271594079302844417,neutral,0.3381189830050101
1271594081303527424,negative,4.174804265929342e-05
1271594081458827264,negative,4.174804265929342e-05
1271594081794379779,negative,0.31793229079579644
1271594082054406150,negative,2.987944245261539e-06
1271594082465468416,neutral,0.34117024056417766
1271594082733903872,neutral,0.45242379333578603
1271594082821865475,negative,0.013722089811662992
1271594083077763072,negative,0.002131247303958897
1271594083396595712,negative,0.0778299297239099
1271594085657313280,negative,0.005702699930454052
1271594085665705985,negative,0.058553252288677915
1271594087100092417,negative,0.3194594848544355
1271594087309852673,negative,0.02711713266105864
1271594088110972929,negative,0.0019414604819768583
1271594089943875589,negative,0.29456521167494
1271594090036158464,negative,0.31231732632982556
1271594090166128648,negative,0.0009755811881193706
1271594090656907269,negative,5.475352568333068e-07
1271594090753404934,negative,0.012164792431929873
1271594091587960832,negative,1.8066554511466122e-05
1271594093936807936,negative,0.3101422954791652
1271594094993776640,negative,0.3040949491800166
1271594096029728770,negative,3.0844801566090945e-06
1271594097925656576,negative,0.0002833791535977362
1271594098126962688,neutral,0.37245903636464894
1271594099695669251,negative,0.13971399525614192
1271594099913744385,negative,0.002286628134150086
1271594100630982657,negative,7.068318948227815e-05
1271594102090616839,negative,0.0031380462099212607
1271594102589583360,neutral,0.4153373325707398
1271594106284699648,positive,0.9999986087154455
1271594106305814528,neutral,0.44272609714082045
1271594109107609601,negative,0.001618683065422725
1271594109287960576,neutral,0.3381189830050101
1271594109367726082,negative,0.0002833791535977362
1271594109871030274,negative,0.05125885973052653
1271594110013657088,negative,0.00105507142652821
1271594110403710978,negative,0.0052377389269977655
1271594110869069824,negative,0.002647930587441848
1271594112073023489,negative,3.2093164947088705e-09
1271594112161120257,negative,0.02374344409696862
1271594112203010049,negative,7.679412382203344e-06
1271594112823840768,negative,0.19502423039687414
1271594115092922368,negative,0.0019660331236129296
1271594115134717953,negative,0.0002683889963814719
1271594115441065985,negative,0.18344023301981804
1271594115852054530,negative,0.2921496046875031
1271594116292448256,negative,0.0015074410723624131
1271594116334473216,negative,1.8066554511466122e-05
1271594116669980672,negative,7.730518905627762e-07
1271594116996972545,negative,0.19502423039687414
1271594118934867968,negative,4.2188086891818296e-07
1271594119459209222,negative,3.262796994869556e-05
1271594120734216193,negative,8.254773726389713e-08
1271594121178873857,negative,0.1735162678381825
1271594121296306185,negative,0.2642984175522277
1271594123087282176,negative,0.3149165285911227
1271594123741605888,positive,0.8937514697054819
1271594124517552131,negative,0.0005358077387413497
1271594124618207232,negative,0.000801036891334322
1271594124882276352,negative,0.0017179404763293094
1271594125075202048,neutral,0.37137062280538924
1271594125285040129,neutral,0.34117024056417766
1271594125440278528,negative,0.03180962742221007
1271594125469585409,negative,0.023758272987789788
1271594126270763013,neutral,0.5557609359217999
1271594127508099077,negative,0.31309372523099743
1271594128112078851,negative,0.04445217217724994
1271594128279830529,negative,0.011134854785029838
1271594128900579329,negative,0.004304179935250414
1271594129097662465,negative,0.00033546811831222694
1271594129668165633,negative,0.025135409970718454
1271594129785450496,negative,0.0010018009176721936
1271594129819004928,negative,0.00019519846554928488
1271594129819082754,negative,0.018943867753709574
1271594129827520513,neutral,0.3850948772444006
1271594129848442881,negative,6.893255561341673e-11
1271594129928175617,negative,0.00024115674572839981
1271594130062356480,negative,0.00016628924848785266
1271594130200842241,negative,0.0010033410433637482
1271594130280497154,negative,0.0028297572926529657
1271594131702374400,neutral,0.5844660558927414
1271594131844816896,negative,0.23031758618538384
1271594131945590785,negative,0.08563816187258243
1271594132058898433,negative,0.08303650849422982
1271594132415356928,negative,1.8066554511466122e-05
1271594132516098048,negative,0.0004821863431033923
1271594132709007362,negative,1.0956169002222398e-05
1271594133241712640,negative,8.819110478607751e-06
1271594133568839680,neutral,0.40620357787661004
1271594133807865859,negative,0.005982138836066939
1271594134009077760,neutral,0.3679738763929945
1271594134151860227,neutral,0.5114520767311611
1271594135703769088,negative,0.01722608034783812
1271594136269991936,negative,0.00010338679440685032
1271594136353808390,negative,0.04622763662947095
1271594136416727043,negative,0.00915858698829722
1271594136441847817,neutral,0.44054615157121163
1271594136643215361,negative,0.16549000220486698
1271594136827834368,negative,0.0016737896560586971
1271594137142378496,negative,0.0010373883246845908
1271594137259737089,negative,0.00538219475894898
1271594137578549248,negative,0.014421490987971464
1271594137628872704,neutral,0.437369725752128
1271594137855365120,negative,0.0005358077387413497
1271594138023100416,negative,0.30647691423800943
1271594139814166530,negative,0.04474466654197991
1271594140451684352,neutral,0.4130570669841721
1271594140585820161,negative,0.05407524571388609
1271594140866879489,neutral,0.4118525884490333
1271594140866928645,negative,0.024033481288777622
1271594140879503360,negative,0.3176476378654056
1271594140896280576,neutral,0.3381189830050101
1271594141382856704,negative,0.03840564920058137
1271594141433114624,neutral,0.49738919646342195
1271594141454143490,negative,0.10329182763909436
1271594141609340928,neutral,0.33677065988963156
1271594141634437122,negative,0.2715986399098022
1271594142049742849,negative,8.688071271837743e-05
1271594142318170113,negative,0.0010160595809463623
1271594144167845888,neutral,0.3381189830050101
1271594144834686977,negative,0.04495357886299508
1271594145371631616,neutral,0.5115922387311014
1271594145451130880,negative,0.0006193180262479032
1271594145858097153,negative,0.0026290883475751756
1271594146000629760,neutral,0.37137062280538924
1271594146113949697,negative,0.003315159402922088
1271594146696962050,negative,0.00011341912160628809
1271594147061862403,negative,0.012110942085376747
1271594147065917440,negative,0.0009175264165824337
1271594147548405761,negative,0.0005358077387413497
1271594149012103169,negative,0.27292421987320603
1271594149163290624,negative,0.0071479933406052385
1271594149540659204,negative,1.0058020021198287e-07
1271594150052462592,neutral,0.4323032610517844
1271594150203289601,negative,0.0004162229679118791
1271594150660648965,negative,0.002244409845045471
1271594150748708866,negative,0.005894416270567474
1271594151038062597,negative,3.678140602840868e-05
1271594151088238593,negative,0.003645142796826916
1271594151168131072,negative,0.0031380462099212607
1271594151222685697,negative,0.08279649112484168
1271594152510337030,negative,0.00019894404832740268
1271594152610926599,neutral,0.3381189830050101
1271594152950730753,negative,0.050936863065929754
1271594152992681984,neutral,0.3996580091506196
1271594153185406976,negative,0.27292421987320603
1271594153428897801,neutral,0.4510277571317081
1271594153848246272,positive,0.916649847416321
1271594153944780801,negative,0.09495492360795392
1271594157656756224,negative,1.0959355209039085e-06
1271594157728030721,negative,0.0007969433097646404
1271594157786750983,negative,0.006530412676232573
1271594158315261956,negative,0.05498101268075469
1271594158898192384,negative,0.0061225935853597355
1271594158902435840,negative,0.001842031509920941
1271594159217008640,negative,0.03670255851540621
1271594159317692418,negative,0.22837458946902603
1271594159338663937,negative,0.23864307484522268
1271594159347052544,negative,0.030781595593562076
1271594159418335232,negative,0.0002654863785460333
1271594159498018816,negative,0.02302233373853706
1271594159783239684,negative,0.07489932134933162
1271594160005447683,negative,0.09754758486426898
1271594160072646661,negative,0.01496693041675585
1271594161163116544,negative,0.09453210324329077
1271594161502912514,negative,0.05479259030273839
1271594161859428352,neutral,0.35451443008515343
1271594161909772288,negative,0.008662462868170809
1271594162245316609,negative,0.00180761944723976
1271594162442436608,negative,0.3248410612445367
1271594162832408578,negative,0.32003400364182666
1271594164979892227,negative,3.4756179013684414e-05
1271594165315436544,negative,0.13223660272479967
1271594165361614848,negative,0.03840564920058137
1271594165449699328,negative,0.0052481037657638166
1271594165462339584,positive,0.7500377016963704
1271594165952970752,negative,0.10947484028698869
1271594166309597186,positive,0.7697399706881186
1271594166468968449,negative,9.864753801701848e-05
1271594166556991488,neutral,0.47848741139733153
1271594166578032641,negative,0.02301667247206716
1271594166598930433,negative,0.0005358077387413497
1271594169149071360,neutral,0.33218997165471514
1271594169266515969,negative,0.051237379196127114
1271594169295867904,negative,2.0314056196711032e-06
1271594169388208130,negative,0.006481674552523457
1271594169451057153,positive,0.9979365032458728
1271594169929261066,negative,0.011418147442339684
1271594170310852613,negative,0.003168119669232092
1271594170998820877,negative,0.31231732632982556
1271594171233710081,negative,0.018358367989957432
1271594171363663874,negative,0.013515552971693497
1271594171787345921,positive,0.7342889744533279
1271594171795636224,negative,0.0656882623295934
1271594172051406848,neutral,0.37137062280538924
1271594172257120256,negative,0.00025521795545906155
1271594173670490112,negative,7.236773637704521e-08
1271594173855002625,negative,0.001596738307657661
1271594174207242240,negative,0.26812582956602965
1271594174404534272,negative,0.11361247638753681
1271594174689824771,negative,0.19502423039687414
1271594174874345473,neutral,0.40944785491709135
1271594175092461568,negative,0.044832085051323294
1271594175134384128,negative,0.16281747576580768
1271594175633424384,negative,0.12182069650281234
1271594175910285313,negative,0.027532586259180133
1271594176006680576,negative,0.12770190206940504
1271594176757538819,negative,0.20186754572743498
1271594176824643584,negative,0.004083949797367266
1271594178099777538,negative,0.002886944683696644
1271594178221391872,negative,0.01879425341181135
1271594178259161099,neutral,0.3381189830050101
1271594178347257856,positive,0.6823647909963318
1271594178594693122,negative,0.05001805657259167
1271594178955206656,negative,0.008208172280011538
1271594179081105408,negative,0.00157921824750368
1271594179261431808,positive,0.9266939550863877
1271594179366391811,negative,0.03359454236833642
1271594179530031110,negative,0.00011355516712336494
1271594180175974400,negative,0.26662601070006914
1271594180419244034,negative,0.07802105340640744
1271594180721115138,negative,0.00027382007603041545
1271594180742131716,negative,0.22837458946902603
1271594180930871296,negative,0.0004118730785509573
1271594180985438208,negative,0.004483990534026857
1271594181270659072,neutral,0.3448789537043245
1271594181773996032,negative,0.0003422584307761053
1271594182243766272,negative,0.0004748727618833213
1271594182558310402,negative,0.1634838091395455
1271594182579236864,negative,0.18813973867280442
1271594182658981888,negative,3.0373461343041953e-05
1271594182671339521,negative,0.1715413435115262
1271594182889451520,negative,0.001842031509920941
1271594182960914434,negative,0.007954934633077601
1271594184151949312,negative,0.0018621124932638846
1271594184676454401,negative,0.3155990631147836
1271594184714190849,negative,1.8066554511466122e-05
1271594184911335426,negative,0.0007392939229639398
1271594186043621376,negative,0.2234587016537679
1271594186337251328,negative,0.0019660331236129296
1271594186341519362,negative,0.32364219554803325
1271594186593259520,negative,0.005211584107610013
1271594186668675079,negative,0.23212186632645604
1271594186714705920,neutral,0.49789225920557484
1271594187104882688,positive,0.751202996363915
1271594187373383681,neutral,0.5630410866502906
1271594187801100289,negative,0.01879425341181135
1271594187931168775,negative,1.8094163607607388e-05
1271594188044451841,negative,5.748285338209627e-05
1271594188237418500,negative,0.0005765141761233737
1271594190120591361,negative,1.3755931724193394e-09
1271594190363918337,negative,9.250877231731503e-05
1271594190661660672,negative,0.15894838135266348
1271594190674300929,negative,0.00016628924848785266
1271594190758195200,neutral,0.3381189830050101
1271594190925975552,negative,0.16172293845929064
1271594191303344129,negative,0.005571168276509316
1271594191777419265,negative,0.06669142154511797
1271594191840305155,negative,0.06634111085957525
1271594191865307136,negative,6.21411783730517e-06
1271594191919988737,negative,7.497121683359902e-06
1271594192138113024,negative,0.0672770373814434
1271594192171565064,negative,0.021468205824297266
1271594192301699072,negative,0.01298509591667729
1271594192729505792,negative,7.236773637704521e-08
1271594192733638656,negative,0.07431922390227447
1271594194457579520,negative,1.8066554511466122e-05
1271594194897907714,negative,0.019873542597517696
1271594195527127046,negative,0.18978340091716828
1271594195619401737,negative,0.002886944683696644
1271594196093276167,negative,1.4961378415934426e-06
1271594196605026305,positive,0.9945394003258434
1271594196785389570,negative,0.24257369881389068
1271594196835721216,negative,0.006469679400739249
1271594196898586627,negative,0.00026552671675840526
1271594198693818369,negative,0.2793168272936149
1271594199767531520,negative,0.3040949491800166
1271594200405086212,negative,0.2598489244421983
1271594200564289536,negative,0.027532586259180133
1271594200572854272,neutral,0.34117024056417766
1271594200577069057,negative,0.00011791760518418482
1271594201009004544,negative,0.008149812848307899
1271594202648973312,neutral,0.3381189830050101
1271594202732904449,negative,0.017458502160996668
1271594203127087104,neutral,0.3381189830050101
1271594203496116224,negative,0.027532586259180133
1271594203638902786,negative,0.15231380994819627
1271594203911294977,negative,1.67824124727267e-05
1271594204158976000,negative,3.759814752818217e-05
1271594204159004672,negative,0.03670255851540621
1271594204242862081,negative,9.9776447420698e-05
1271594205245292545,negative,0.06142490817272006
1271594205480026113,negative,0.19753827322328846
1271594206356811783,negative,2.401027786656259e-06
1271594207271096321,negative,0.007599598437030047
1271594207610888192,negative,1.9565718695786653e-06
1271594207778689029,negative,3.411287253667167e-05
1271594208604938242,neutral,0.45242379333578603
1271594208697233410,negative,0.029160432015274185
1271594208743350273,negative,0.0014484539394458338
1271594209238290438,negative,0.03657663519719225
1271594211184427010,negative,0.00027752955634854535
1271594211297673216,negative,0.031252089843059085
1271594211431927808,negative,0.01606326909193472
1271594211595505671,negative,0.2542627672672233
1271594211670921218,negative,0.12823193428797938
1271594211721252868,neutral,0.60143295910391
1271594211855552520,neutral,0.35451443008515343
1271594212291678209,neutral,0.44286259375104037
1271594212312612864,negative,1.9110963368975386e-06
1271594212413317125,negative,0.0013876501219581817
1271594212715356167,neutral,0.37137062280538924
1271594212824428544,negative,0.03695208748753567
1271594214179078145,negative,1.176706131424099e-05
1271594215475228672,negative,2.5559588927547084e-07
1271594216804823042,negative,0.0252273658667517
1271594216842571777,negative,0.0005358077387413497
1271594217056489481,negative,0.29985812843519355
1271594217136062464,negative,0.007851524530345622
1271594217278787585,negative,0.009090666028671647
1271594217366851585,negative,0.23977575112261929
1271594217815642115,negative,0.20793771285564053
1271594217828044800,negative,3.989741608300387e-06
1271594219702976513,neutral,0.5296560394439433
1271594219891818496,negative,0.31674133085712225
1271594220009205762,positive,0.999215224991
1271594220416126977,negative,0.04251423792646359
1271594221116497920,negative,0.0009028042954317648
1271594221460492291,neutral,0.3592150091785483
1271594221498073088,negative,0.06331706242844251
1271594221749796865,negative,0.010594907690778605
1271594223737987073,negative,0.16437877331818024
1271594224052572162,negative,7.712469263144676e-07
1271594224165806085,negative,0.08567657350151074
1271594224580833280,negative,0.0023170344461177867
1271594224878866433,negative,0.001001766229483603
1271594224924930049,negative,0.003871472669684855
1271594225017257987,neutral,0.437369725752128
1271594225096888321,negative,0.029061466618324115
1271594225998671872,positive,0.6624055896622104
1271594226191601664,negative,2.5144893589907698e-05
1271594227877793794,negative,0.00011341912160628809
1271594228087508992,negative,0.0019957757213651295
1271594228137832448,negative,0.0035179684449368875
1271594228162985985,negative,0.002886944683696644
1271594229639319554,neutral,0.49789225920557484
1271594229756821505,negative,0.09745778613648658
1271594230092349441,negative,0.0014393851596153505
1271594230570520576,negative,0.0009175264165824337
1271594232193716225,negative,0.07576476733212008
1271594232244064256,negative,0.1536586325299259
1271594232265027584,negative,0.16786838374998492
1271594232273408001,negative,0.016841725979090564
1271594232428593153,neutral,0.37874993579954885
1271594232436973569,negative,0.03698380761107348
1271594233510723585,negative,0.026594391015495343
1271594233682628609,negative,0.13749081583165468
1271594233749819399,negative,0.03980030593590898
1271594234324410372,negative,0.13663164819410933
1271594234441760774,negative,0.008658099919513919
1271594236488683521,negative,0.005894416270567474
1271594236761321472,negative,0.03840564920058137
1271594236958461952,negative,0.00027760377711634216
1271594237470048256,negative,0.00010338679440685032
1271594237621043200,negative,0.010379862609937354
1271594237621141504,negative,0.031169962192145084
1271594237725937664,negative,0.006037807319365434
1271594237793050624,positive,0.9856339366098104
1271594238036242432,negative,0.00105507142652821
1271594238388719616,negative,0.00157921824750368
1271594238749429763,negative,0.07645958722616682
1271594238912929793,negative,0.07939248409904603
1271594238996877312,positive,0.6624055896622104
1271594240678801408,negative,7.686121762650872e-07
1271594240708096002,negative,0.2800596501379602
1271594240729063425,negative,0.007208178837082012
1271594240729120771,negative,0.05817995923428874
1271594241085538306,negative,0.19502423039687414
1271594241387401217,neutral,0.37137062280538924
1271594241618333697,negative,5.890439978131305e-06
1271594242008166401,negative,0.03695208748753567
1271594242083823620,negative,6.898181232754515e-05
1271594242452971521,negative,1.56260701404286e-05
1271594243060953088,negative,0.02593350711172594
1271594244776636421,negative,0.006298135712823486
1271594244830924800,neutral,0.37137062280538924
1271594244952776705,negative,0.01270562230709515
1271594245225357312,negative,0.0308730041152256
1271594245367844865,negative,3.7664003385489127e-06
1271594245506265088,negative,0.18966599705429962
1271594245552582664,negative,0.28222075455235174
1271594245862895616,negative,0.04445217217724994
1271594246001299458,negative,1.8066554511466122e-05
1271594246202630145,negative,0.15296248762694167
1271594246525595649,negative,0.01459721116984326
1271594246991228930,negative,0.11330392519685359
1271594247309926400,neutral,0.3526434678804405
1271594247406456833,negative,0.006483801834163422
1271594247653736448,negative,0.19502423039687414
1271594247662288896,negative,1.5474724531635322e-08
1271594247741939712,negative,0.2842084674444829
1271594249092554752,positive,0.9712118251193658
1271594249100734464,negative,0.0099536958179938
1271594249331642368,negative,0.11647563020284148
1271594250422149120,neutral,0.4986480287086785
1271594250485018624,negative,0.043336817334634826
1271594250535202817,negative,0.04251423792646359
1271594250636058624,negative,0.0013466373628337588
1271594250707308547,neutral,0.36016203400974833
1271594250921181185,negative,0.1353208999247941
1271594251038662658,negative,0.22837458946902603
1271594253706244097,neutral,0.37137062280538924
1271594254029250560,negative,7.2884477388465e-05
1271594254738108421,negative,0.027623790815660947
1271594254826196992,negative,0.07450975255034308
1271594254993887233,negative,7.057993281688673e-07
1271594255237230598,negative,2.4868523941992545e-07
1271594255295840257,negative,3.759814752818217e-05
1271594255321042945,negative,0.24257369881389068
1271594255476236292,negative,0.001842031509920941
1271594255539200000,negative,0.00015149991000079977
1271594255660789761,negative,0.03814893922975994
1271594257397268483,neutral,0.49789225920557484
1271594257531494401,negative,0.013215736956266502
1271594258156457987,neutral,0.3499352441185855
1271594258483601408,negative,0.0005351132759893319
1271594258735271936,neutral,0.3381189830050101
1271594258831749120,neutral,0.49789225920557484
1271594259259387904,negative,1.8066554511466122e-05
1271594259821584384,negative,0.2820386637943614
1271594261486567425,negative,0.0001626578174879383
1271594262283550725,negative,0.21921412548362115
1271594262350696451,negative,5.695857302171394e-06
1271594262560411648,negative,0.00016628924848785266
1271594262690439168,negative,7.553360233952706e-08
1271594262807838726,negative,0.027081613924326557
1271594263122522114,negative,0.2514739723594308
1271594263973965825,negative,0.304178186475401
1271594264082841601,negative,0.04251423792646359
1271594264217124866,negative,0.10183563134720822
1271594264347250688,negative,0.05625944778328097
1271594266612113410,neutral,0.3381189830050101
1271594266876313601,negative,1.8066554511466122e-05
1271594266968707078,negative,0.03840564920058137
1271594267396497409,negative,0.031252089843059085
1271594267631390723,negative,0.01359956250126882
1271594267690045440,negative,6.898181232754515e-05
1271594268101050374,negative,0.131133490611376
1271594268377808896,negative,0.004455055220497679
1271594268864516096,negative,0.2785928761937945
1271594270059827202,negative,0.0020318439175092155
1271594270068289536,neutral,0.4464747893532854
1271594270559010821,negative,0.05625944778328097
1271594271016189953,negative,0.0007969433097646404
1271594271024578561,negative,0.008662462868170809
1271594271460769792,negative,0.0931484765041337
1271594271523713024,negative,0.32620683154629054
1271594271796314116,negative,0.03115782779690509
1271594271859257346,neutral,0.34563405199689046
1271594272194772994,negative,0.1970149479387612
1271594274124115968,negative,0.17523477534961807
1271594274304299008,positive,0.7196220313894639
1271594274510057474,negative,0.02650482368247653
1271594275181137920,negative,0.26452909004521824
1271594276095496193,negative,0.0011838805960945492
1271594276443484160,negative,0.006208793298516834
1271594276774952967,negative,2.5144893589907698e-05
1271594278293250053,negative,1.3691762676525596e-11
1271594278607900673,negative,0.0002742389627501996
1271594278914068480,negative,0.009759957374780099
1271594279115411456,negative,0.017190274650207574
1271594279203471361,neutral,0.4971689282361413
1271594279589347328,negative,0.1674560699849472
1271594279589367809,negative,0.21687408865605023
1271594280688201728,negative,0.002413585264302729
1271594280927268864,negative,0.029847324492047383
1271594282453958659,negative,0.00010362574406025708
1271594282797936646,negative,0.08346383870731802
1271594282886070273,negative,0.0064521374993206995
1271594283183767552,negative,0.0005358077387413497
1271594283309678592,negative,0.06656437044045363
1271594283318075392,negative,0.012676502386934916
1271594283750035463,negative,0.013539402539018204
1271594283909423111,negative,0.3029968537174699
1271594284521791488,negative,0.0672770373814434
1271594284626718720,negative,6.113368402411272e-06
1271594284899278848,negative,0.02184521887723198
1271594284949651458,negative,0.001842031509920941
1271594285058551809,negative,0.011911165734019914
1271594285213900803,neutral,0.34117024056417766
1271594286606401538,neutral,0.34180015100002603
1271594286686093312,negative,0.16520992326211068
1271594286728044551,negative,0.07318633530520167
1271594286962880512,negative,1.8066554511466122e-05
1271594288091185152,positive,0.671337306919619
1271594288271503362,neutral,0.3332856921008272
1271594288791633921,negative,0.021632291086456867
1271594288913186816,negative,2.5144893589907698e-05
1271594289357824005,negative,0.19502423039687414
1271594291908022273,positive,0.7500377016963704
1271594291949735936,positive,0.8442014614349974
1271594292159688714,negative,0.05479259030273839
1271594292168003587,neutral,0.6473893371481473
1271594292205805568,negative,0.031169962192145084
1271594292881096705,negative,0.09948216862963528
1271594293023567872,neutral,0.3517719023155789
1271594293086609408,negative,0.18909143581032145
1271594293166301190,negative,0.009176036838458128
1271594293325692930,neutral,0.437369725752128
1271594293749321728,negative,0.034888800438320995
1271594294965604362,neutral,0.33218997165471514
1271594295095627777,negative,1.5338102947176044e-07
1271594295208927232,negative,3.702669272479147e-05
1271594295435366400,negative,0.0005358077387413497
1271594295800279040,negative,0.005626392366426678
1271594295833870339,negative,0.0007575675736602484
1271594296043622402,negative,0.038147463748564966
1271594296052002816,negative,0.00010266747710079668
1271594297138335745,negative,0.0012048071813848364
1271594297263919104,negative,0.0004932198251549782
1271594299268857856,negative,0.0289398591693996
1271594299403251714,negative,0.005034614175276367
1271594299646447617,negative,0.00541234136360183
1271594299730386944,negative,0.008214088195299223
1271594299952529408,negative,0.04009426361417171
1271594300233732096,negative,0.05318013931015461
1271594300623794178,negative,0.27285607821453484
1271594300690894850,negative,0.00043868845286395745
1271594301059928064,negative,0.1887863068333104
1271594301160554496,negative,0.02257361884644959
1271594301215170560,negative,0.011805871731550776
1271594301366165504,negative,5.722868567400952e-05
1271594301437489152,negative,0.03840564920058137
1271594301546430465,negative,0.10139065261700302
1271594303400353793,negative,0.3034760567037348
1271594303526244354,negative,0.06326627960981118
1271594303542960136,negative,0.024858634490361832
1271594303899435008,negative,0.07408930857575648
1271594304084029440,negative,3.0501996682543526e-08
1271594304151175174,negative,0.0176519313509228
1271594304268644360,negative,0.0018897468495842646
1271594304696434693,negative,0.008103156177347822
1271594304792932352,negative,2.8331138851987657e-05
1271594304885186561,negative,0.03547588364154337
1271594305669541892,negative,0.2976487403988343
1271594305942159361,negative,3.262796994869556e-05
1271594306273452037,neutral,0.37137062280538924
1271594306462195712,negative,0.0017635975660206106
1271594306709499904,negative,0.00046388076874652673
1271594309079482369,negative,0.0031380462099212607
1271594309989646338,negative,1.56260701404286e-05
1271594312309055489,negative,0.31061119384670555
1271594312795656192,negative,0.3202404149914218
1271594313097646082,negative,0.00011341912160628809
1271594313160499204,negative,0.0009628710066618779
1271594313458352128,negative,0.0001965680492912865
1271594313718173696,negative,0.01863282062599698
1271594313865203712,negative,0.16437877331818024
1271594314011947009,negative,0.10947484028698869
1271594314187956224,neutral,0.34117024056417766
1271594314439839755,negative,0.027994019961084117
1271594316167815168,negative,0.021750296070073658
1271594316331433985,negative,0.05592822758622173
1271594316834705408,negative,0.0037169529442464887
1271594317170212868,negative,0.0005358077387413497
1271594317258375169,neutral,0.4330507901136681
1271594317296082948,negative,0.06590747553355604
1271594317572911112,neutral,0.5223790886978289
1271594317987983361,negative,0.16071212077340838
1271594317992415232,negative,0.00048565789725911
1271594318239858689,neutral,0.34517096417752435
1271594320190214144,negative,0.04522832744869091
1271594320244756485,neutral,0.3381189830050101
1271594321159036928,neutral,0.552588863123868
1271594321196855307,negative,0.03166242211162832
1271594321553297408,neutral,0.437369725752128
1271594321863720962,negative,0.07408930857575648
1271594322941685762,neutral,0.48812498994530507
1271594324623601664,negative,0.00847974471487335
1271594324908793856,negative,0.01583915537021717
1271594325395341312,negative,0.031602468390831584
1271594325655400449,negative,0.00017323785705079548
1271594325785313280,positive,0.9374482195223273
1271594325785415680,neutral,0.4372371996426999
1271594325919633408,negative,7.2884477388465e-05
1271594326179577856,negative,0.00041279808053524723
1271594326301323266,negative,0.012404981402934374
1271594326544572416,negative,0.01628794900366218
1271594326993317897,negative,0.16334434234050355
1271594327077203969,positive,0.9483278926007125
1271594327077261312,neutral,0.3381189830050101
1271594327114944513,negative,1.0192718558933041e-05
1271594327442063360,neutral,0.4986480287086785
1271594328658456577,negative,0.0009553690102231719
1271594329207963648,negative,3.9992743679653957e-05
1271594330021433344,negative,0.19502423039687414
1271594330432647169,negative,0.04009426361417171
1271594331112079360,negative,0.0016737896560586971
1271594331531382784,negative,0.00016705902450572406
1271594332789919744,negative,0.01955675794865568
1271594333012189184,negative,0.01786866897430779
1271594333070917638,negative,0.005702699930454052
1271594333473583104,negative,0.012164792431929873
1271594334199169024,negative,1.9591204577400684e-06
1271594334522150913,negative,0.13983683470718403
1271594334597656577,negative,0.022239639193932088
1271594334916349952,negative,0.2006491350063107
1271594334933209088,negative,0.19502423039687414
1271594336807985153,negative,0.005107006729958639
1271594336959041537,negative,0.07638420358625374
1271594337084850181,negative,7.178974134898367e-06
1271594337382653952,positive,0.671337306919619
1271594337470742537,negative,0.0005351132759893319
1271594337516863489,negative,0.025152324668022856
1271594337701429265,negative,0.0002139770798260255
1271594337927921664,negative,0.0017905461885025379
1271594338145964032,negative,0.05888901014778781
1271594338288570370,negative,0.006530412676232573
1271594338741440513,negative,0.00048404250741719475
1271594338821308418,neutral,0.5684752279504157
1271594338921795584,negative,0.002186672518953217
1271594341614706688,negative,0.012164792431929873
1271594341618921472,neutral,0.604852637200713
1271594341807665157,negative,0.1203090358454427
1271594341816041479,neutral,0.34117024056417766
1271594342151606272,negative,0.00532731965702162
1271594342302400512,negative,1.176706131424099e-05
1271594342315155456,negative,0.02542024379592716
1271594342386368512,negative,0.046488699931020845
1271594343049179137,negative,0.2619066384264206
1271594343690838021,negative,7.725046249125521e-05
1271594345733459971,negative,8.085540355084972e-05
1271594345964199936,negative,0.012157219429847021
1271594346211655680,negative,0.19502423039687414
1271594346442297344,negative,0.162928511839267
1271594346844950528,negative,0.07200992017243278
1271594347243470849,positive,0.9856339366098104
1271594347394408448,negative,0.0011881044869780123
1271594347461574661,negative,0.0333091583380347
1271594347969089543,negative,0.0005351132759893319
1271594348044566536,negative,0.20426809552066083
1271594348061302786,negative,0.02711713266105864
1271594348090667015,negative,0.0003684360897538125
1271594348094816261,negative,0.2443779802559405
1271594348237504523,neutral,0.5072119503472683
1271594349554434049,negative,4.832426709951977e-07
1271594349864902656,negative,0.014328738026767089
1271594350015700992,negative,0.0030068040283771176
1271594350066221057,negative,0.296963091356924
1271594350103887872,neutral,0.37137062280538924
1271594350221438976,negative,0.07566722763124785
1271594350527614984,negative,0.015946341074103896
1271594350779207682,negative,0.001842031509920941
1271594350787649537,negative,0.0007783165580530249
1271594350825418754,negative,0.13223660272479967
1271594350972153856,negative,0.0052377389269977655
1271594351165083649,negative,5.094594173831146e-10
1271594351320354819,negative,0.2486640047527842
1271594351643308034,positive,0.9973975119137414
1271594351886585861,negative,1.9007496617215074e-09
1271594351890780161,negative,0.1253996594205582
1271594351953575942,negative,0.002886944683696644
1271594354025607169,negative,0.1628976482749928
1271594354617077765,negative,0.02711713266105864
1271594354927427584,negative,0.17000669475869049
1271594355195817988,negative,1.69597407704258e-05
1271594355292323840,negative,1.0493438461949012e-05
1271594355997003776,negative,0.00017633447260111582
1271594356248662019,negative,0.046484769731093445
1271594356424704002,negative,0.019794671385936803
1271594356772868096,negative,3.262796994869556e-05
1271594358136061952,negative,1.8066554511466122e-05
1271594358165340163,negative,0.03695208748753567
1271594358253518850,negative,0.14484443392752006
1271594358257655810,negative,2.0378930850553542e-12
1271594358790381574,negative,0.09178054961019984
1271594358970765313,neutral,0.3332856921008272
1271594358983331841,negative,0.00010564438667716957
1271594359063019520,negative,0.09552678431739546
1271594359109148677,negative,0.032031919808081455
1271594359318773760,negative,3.557904952463547e-08
1271594359318773762,negative,0.026594391015495343
1271594359620874240,negative,0.10329182763909436
1271594359973167104,neutral,0.34204090801782494
1271594360073621504,positive,0.8439453603753593
1271594360258297856,positive,0.8154950852205297
1271594362158247938,neutral,0.37137062280538924
1271594362200379397,neutral,0.3381189830050101
1271594362430947330,negative,0.0001266828456055868
1271594362795892738,negative,0.024677929255776866
1271594363013992450,negative,0.0006231497894395036
1271594363014045697,negative,0.00018861427977164162
1271594363064287232,negative,0.1735162678381825
1271594363357986816,negative,1.56260701404286e-05
1271594363919970306,negative,1.0621753552798445e-09
1271594364599521280,negative,0.00016628924848785266
1271594366939922438,negative,0.11330392519685359
1271594367325782021,neutral,0.41781860539170623
1271594367678103552,negative,0.007032605876039598
1271594367724240902,negative,0.01879425341181135
1271594367879438336,negative,0.020682806048055894
1271594368500215811,negative,0.009090666028671647
1271594368667914240,negative,0.00024668772903998056
1271594368667918336,negative,0.011247408264764577
1271594369028628483,negative,0.0003291735782151038
1271594369288732672,negative,0.000188355330776431
1271594369771081729,negative,1.0557866976401015e-08
1271594370530193408,negative,4.844403894750302e-07
1271594370689622016,negative,0.037885441119815746
1271594370744147969,neutral,0.5495671139046636
1271594371272642560,negative,0.002395107361095619
1271594371687821312,negative,0.12227762356369955
1271594371897593856,negative,4.174437522713302e-08
1271594372149071872,negative,0.19502423039687414
1271594372191137792,neutral,0.41781860539170623
1271594372396732417,negative,0.08002465081650481
1271594372476346371,negative,0.09836733994312126
1271594372950261761,negative,0.019294784321781572
1271594373394976768,negative,2.4145338085616476e-09
1271594373684363264,negative,0.035461755010180916
1271594374669860864,negative,0.21879952739180128
1271594374972014599,negative,0.05669811207751097
1271594375055728641,neutral,0.37137062280538924
1271594375563313158,negative,0.10468083000665482
1271594375664058369,negative,0.0013163998584317192
1271594375676669954,negative,0.03191463724202396
1271594375768797185,negative,3.093617589077425e-05
1271594376007999489,negative,0.00020378781742672752
1271594376335167488,negative,0.004517298143595248
1271594376351940609,negative,0.0008995954928223581
1271594376423264257,negative,0.03290115355199354
1271594377132081153,negative,0.015946341074103896
1271594377236881408,negative,0.0013620606962825709
1271594377241137152,neutral,0.3381189830050101
1271594377316642816,negative,0.02711713266105864
1271594378990100486,negative,0.007099900123372904
1271594379183116288,negative,0.07182540610068555
1271594379224875008,negative,1.8066554511466122e-05
1271594379732385792,neutral,0.36016203400974833
1271594380160352257,negative,0.00042510695841077096
1271594380336513024,negative,8.607710010448914e-10
1271594380336529408,negative,0.19429079058375698
1271594380391055361,neutral,0.4242139049419
1271594380546191360,neutral,0.48898088462376976
1271594381351493633,negative,0.00016628924848785266
1271594383305928704,negative,0.006939991764047301
1271594383918456832,negative,1.788673165902591e-06
1271594383943573506,negative,0.00014859008558158634
1271594384857989120,neutral,0.40527582809591844
1271594385348661250,negative,0.23060046467107245
1271594385403150337,negative,0.0008551997966282803
1271594385428414465,positive,0.7500377016963704
1271594385466109952,neutral,0.437369725752128
1271594385562632192,negative,0.00520040308252152
1271594385717760003,negative,1.5508720376233226e-06
1271594387257122818,neutral,0.5533970533999424
1271594387387158528,negative,0.00016628924848785266
1271594387399639048,negative,0.04623852153805327
1271594387533959169,negative,3.8632474149153675e-05
1271594387856916481,negative,0.17716616806426133
1271594388104400896,negative,0.021468205824297266
1271594388200833024,neutral,0.5475385610968239
1271594388452327424,negative,0.003929619877579864
1271594388771274752,negative,2.2772318928879893e-11
1271594391602434051,negative,0.0002919102236959027
1271594391715577856,negative,0.13223660272479967
1271594392021860352,negative,0.04528686160221973
1271594392281735168,negative,3.6204773584433586e-05
1271594392344723456,negative,0.005702699930454052
1271594392470654976,negative,0.0005351132759893319
1271594392684503041,negative,2.0973924753297227e-05
1271594392696979456,negative,4.1663833598723215e-10
1271594392776736770,negative,0.0030650643495018985
1271594395104505856,negative,0.12634385978199295
1271594395398279169,negative,0.0037169867483583833
1271594395859595266,negative,0.07651485825703795
1271594395867938816,negative,0.055170908582072686
1271594395888992258,negative,0.014320130677257214
1271594395926740994,positive,0.707786939931333
1271594396123717635,negative,0.04251423792646359
1271594396291608576,negative,0.03952340107744319
1271594396451045376,negative,0.02282647380578316
1271594396643987456,negative,0.08820212803250181
1271594396719480833,negative,0.020144476084628184
1271594396794998786,negative,0.0005358077387413497
1271594396920590336,neutral,0.38715384826543214
1271594396975276038,negative,0.18248482392937262
1271594397109415937,negative,9.250877231731503e-05
1271594397679796224,negative,3.0844801566090945e-06
1271594399831654404,neutral,0.4504368263836039
1271594399928061952,negative,4.908254204596775e-07
1271594399995236352,negative,0.05610309040052827
1271594400200765445,neutral,0.4788205243880511
1271594400271998978,negative,0.19502423039687414
1271594400469016577,negative,3.989741608300387e-06
1271594400578039810,negative,4.306354617242347e-05
1271594400724983808,negative,0.17122708209395252
1271594401261924352,negative,0.015499524251573568
1271594401450557442,negative,0.29985812843519355
1271594401454624769,negative,0.0006018679628487836
1271594401891061762,negative,0.0031975490400159975
1271594401995747328,negative,0.013084695568454385
1271594404113977345,negative,3.759814752818217e-05
1271594404575354885,negative,0.19359787377566562
1271594404915097600,negative,0.14247366531399236
1271594404982161409,negative,0.31820487300311295
1271594405095505921,negative,0.20227151905823698
1271594405149978625,negative,0.05502134609785039
1271594405225529345,negative,0.001842031509920941
1271594405447610368,positive,0.7619773741132037
1271594405477187586,negative,0.058848934017966134
1271594405733031936,negative,1.0959355209039085e-06
1271594405854674945,negative,0.003718583365016627
1271594406064381952,negative,0.07520233926586449
1271594406274043904,negative,0.18328138702247965
1271594406370512904,neutral,0.526576474445737
1271594409029746694,negative,1.0516257946716247e-06
1271594409294008320,negative,0.0023336165182730995
1271594409407188994,neutral,0.5047179064215218
1271594409436622848,negative,0.29192644371024074
1271594410288066560,negative,0.2013198904030459
1271594410426368001,negative,0.06114025379286089
1271594410480934917,negative,0.018358367989957432
1271594411064020993,neutral,0.3381189830050101
1271594411357544449,negative,0.0007545677056955394
1271594411760201733,negative,0.3010495964820539
1271594411772665856,positive,0.8442014614349974
1271594411848278018,negative,0.0074214976452802684
1271594412473298944,negative,0.06116452800873412
1271594412523565056,negative,0.19696061213560703
1271594412938874881,negative,0.00019436031159834736
1271594413060481030,negative,0.0006755598966081016
1271594413240827905,negative,2.3169335873284078e-05
1271594413656064001,negative,0.0019049449200032925
1271594413689618432,neutral,0.47022341483285823
1271594414796873729,negative,0.13285167621240246
1271594415128285186,negative,0.14632867830871735
1271594416784977920,negative,0.000514631456590893
1271594417258971136,negative,0.0009380117642811359
1271594417913290752,negative,0.04522832744869091
1271594417976233990,negative,0.24859672558799517
1271594418122915849,negative,0.00016709021324484897
1271594418265612288,negative,2.660109363893376e-07
1271594418278223872,negative,0.00016709021324484897
1271594418873798656,negative,0.08279649112484168
1271594419653926924,negative,3.0373461343041953e-05
1271594421486866432,negative,0.03392608872251922
1271594421776195585,negative,0.006774809747512335
1271594422271184904,negative,0.000912239688992045
1271594422438854658,negative,0.021468205824297266
1271594422472527873,negative,0.00016628924848785266
1271594422514462720,negative,0.011703220097117726
1271594422589890560,negative,0.03474287188488846
1271594422761926663,negative,0.025152324668022856
1271594423244054529,negative,0.0024592358302291304
1271594425186123781,positive,0.6760889052905257
1271594425429438470,neutral,0.6570570837248025
1271594425794396165,negative,3.8412546312931064e-07
1271594426104795137,negative,0.04444805491636417
1271594426108911618,negative,0.13777568121247782
1271594426226352129,negative,0.011887796961520324
1271594426771468290,negative,0.19502423039687414
1271594426784272385,negative,0.001842031509920941
1271594427472109568,negative,0.03949668802347794
1271594427505655808,negative,0.00016628924848785266
1271594428432633856,negative,0.005717096464096779
1271594429313437696,neutral,0.44654025683665294
1271594429464432641,negative,0.3029968537174699
1271594429518839814,neutral,0.553802389001294
1271594429762146305,negative,0.015679387602926805
1271594429858668544,negative,0.06446732001068398
1271594429908946946,negative,0.02219462288414203
1271594429938368513,negative,0.00015422761411549652
1271594430047358976,negative,0.14399080096434955
1271594430181650434,negative,0.005894416270567474
1271594431385403392,negative,0.008658099919513919
1271594431662239747,neutral,0.3381189830050101
1271594431737745410,negative,0.008103156177347822
1271594431787876352,negative,0.08674108775919095
1271594431901315078,neutral,0.35138810142877774
1271594433402765312,negative,0.002647930587441848
1271594433725816832,negative,0.02301667247206716
1271594433755176961,negative,8.475954043496907e-08
1271594433956532229,negative,0.23695515635182546
1271594434006847488,negative,0.1021073888368367
1271594434053001219,negative,0.0015366738117678644
1271594434291957760,negative,3.6826143228758263e-06
1271594434333941761,negative,0.006896013794222831
1271594434556289028,negative,4.1856800697746645e-05
1271594434799513601,negative,0.19502423039687414
1271594434984116226,positive,0.9997459698946282
1271594435265081347,neutral,0.49789225920557484
1271594435311108096,negative,0.046857194745555386
1271594437504884739,negative,0.26982158164921133
1271594437903294464,negative,0.00031004621056320524
1271594437924315140,negative,8.097130008163911e-06
1271594438050054144,negative,0.012736355544591486
1271594438574432256,negative,0.07451860916872596
1271594438620479494,negative,0.0004985720738303008
1271594438628978690,negative,6.683677444164564e-06
1271594438821888000,positive,0.6905281454334883
1271594439413301249,negative,0.22630849533025918
1271594439438467073,negative,0.0016737896560586971
1271594439660597249,neutral,0.437369725752128
1271594439815966722,negative,0.07751873080709934
1271594440067612672,negative,0.024677929255776866
1271594442269396994,negative,0.0008254705376093235
1271594442445787138,negative,0.0012359037580937722
1271594442542198790,negative,0.055719613421738395
1271594442806484993,positive,0.7419544799782567
1271594442835791872,negative,0.029221171854788907
1271594442894573573,negative,0.00016628924848785266
1271594442915409920,negative,3.0815925228125996e-05
1271594443062329345,negative,0.0002833791535977362
1271594443502649345,positive,0.9856339366098104
1271594444236750853,negative,0.0007024428090593878
1271594444341551105,negative,0.00026706758266826873
1271594444425314304,neutral,0.45854899289271467
1271594446220648453,negative,3.262796994869556e-05
1271594446363164674,negative,0.005211584107610013
1271594446694633473,negative,0.002395107361095619
1271594446912618496,positive,0.660043213177433
1271594447214501888,negative,7.712469263144676e-07
1271594447583797259,negative,1.5804032492840705e-06
1271594447613149192,negative,0.0005358077387413497
1271594447806103552,neutral,0.3381189830050101
1271594448452046852,negative,0.015946341074103896
1271594448678350848,negative,0.2674188087422411
1271594448993038338,negative,3.666420142228531e-05
1271594449504800769,negative,0.10996414181271565
1271594450502864896,negative,1.372917524902377e-06
1271594450821812224,negative,0.010681078379886806
1271594450922409985,negative,0.0008995954928223581
1271594451434168320,negative,0.20757850165123046
1271594451731972098,negative,0.005894416270567474
1271594451828432896,negative,7.37922492671626e-05
1271594451912339457,negative,0.0061982330093672214
1271594453245935616,negative,1.124859229647092e-06
1271594453468434439,negative,0.002886944683696644
1271594454525370368,negative,0.2973340884630377
1271594454667984897,negative,0.004231482767717533
1271594454961451008,negative,3.460404198875088e-10
1271594456546975744,neutral,0.37137062280538924
1271594457020891141,negative,0.007447029471568968
1271594457071312897,negative,0.12638575508756936
1271594457369059329,neutral,0.6271071988852761
1271594457482301442,negative,9.907880451605072e-05
1271594457838825473,negative,0.12805681919399886
1271594457968848897,negative,0.0004867374620868806
1271594458073595904,negative,0.015059452618544291
1271594458094723072,negative,0.044179880756355164
1271594458610569216,negative,9.250877231731503e-05
1271594458883207169,negative,0.05670946645000067
1271594459504021505,negative,0.036039035321516505
1271594459696967683,negative,0.034289581425570446
1271594459944423428,negative,0.017405331872011494
1271594460451921921,negative,0.0006549098437380878
1271594460896468992,positive,0.671337306919619
1271594460955250688,negative,0.007954934633077601
1271594461080977415,neutral,0.35451443008515343
1271594462817501185,negative,0.002496793622791105
1271594463635419136,neutral,0.33218997165471514
1271594463903780864,negative,0.2993797778616394
1271594463929020418,negative,0.11135536934770393
1271594464205606912,negative,0.00947957500931297
1271594464365219840,negative,0.290479619175052
1271594464465883141,negative,0.27285607821453484
1271594465216663552,neutral,0.36016203400974833
1271594465279578113,negative,0.2872708586356819
1271594465967341569,negative,0.0009126420703416585
1271594467024396290,negative,0.005894416270567474
1271594467146039296,negative,0.027994019961084117
1271594467196370944,negative,0.016841725979090564
1271594467812917249,negative,0.005960042209947471
1271594468366602243,negative,0.0015220446125084005
1271594468542742528,positive,0.935303386467184
1271594469075365888,neutral,0.6291730040921197
1271594471260553216,neutral,0.49789225920557484
1271594471298301953,negative,0.00016628924848785266
1271594471692566528,negative,0.25147697806628566
1271594472049082369,negative,0.2013198904030459
1271594472300859392,negative,0.00016628924848785266
1271594472338579457,negative,0.046484769731093445
1271594472510492672,negative,0.11744690109562454
1271594472954925056,positive,0.6905900771438357
1271594472988708868,negative,0.0016737896560586971
1271594474095939586,negative,0.09038507580680345
1271594474158915586,negative,0.01270562230709515
1271594474288951297,negative,0.0844881804770746
1271594474318237699,neutral,0.44054615157121163
1271594474339274754,negative,0.030798159113661423
1271594474343247872,negative,0.3194594848544355
1271594474536349698,negative,0.0005351132759893319
1271594474603286528,negative,0.01394224286192618
1271594475652026371,negative,0.0002558508086955222
1271594475786326016,negative,0.0004118730785509573
1271594476188897280,negative,0.0072449746002116
1271594476549681153,negative,0.08374705961445317
1271594478214811649,negative,0.006896013794222831
1271594478474792961,negative,0.0002558508086955222
1271594479519068160,neutral,0.3381189830050101
1271594479657549824,neutral,0.35451443008515343
1271594479947055104,negative,0.030020422706499864
1271594480370692097,negative,3.989741608300387e-06
1271594480383164418,neutral,0.3385252644667176
1271594480710361089,neutral,0.439589607984053
1271594481406693376,positive,0.6624055896622104
1271594481524125697,neutral,0.4985928500860049
1271594481528246273,negative,0.12474816854097831
1271594481788358657,negative,0.00025521795545906155
1271594481821855744,positive,0.6755117498198084
1271594484099416067,neutral,0.33677065988963156
1271594484619456513,negative,0.029221171854788907
1271594484938219520,negative,0.007874462374195762
1271594485085089793,negative,9.79469128605362e-07
1271594485454168068,negative,1.67824124727267e-05
1271594485559017472,negative,0.0096099907718678
1271594486049751042,neutral,0.3381189830050101
1271594486091657216,negative,0.00010503886113112259
1271594486175543298,negative,0.00011791760518418482
1271594488453042177,negative,0.0023432999947533865
1271594488721539072,negative,0.27713283053988486
1271594488910184448,positive,0.9014311443037002
1271594489094664192,negative,1.6471353551898473e-05
1271594489405214725,positive,0.6624055896622104
1271594489581375490,neutral,0.33677065988963156
1271594490072047617,neutral,0.5630410866502906
1271594490126573570,negative,0.19502423039687414
1271594490223083522,negative,7.1783586067812945e-09
1271594490583814144,negative,0.008310661886006224
1271594490596384768,negative,0.26982158164921133
1271594490642477056,negative,2.228948755429812e-06
1271594493041618951,negative,1.0959355209039085e-06
1271594493842726918,neutral,0.3381189830050101
1271594493872136192,negative,0.002186672518953217
1271594493934997504,neutral,0.575308485077226
1271594494308372481,negative,0.00016397075895749168
1271594494488649729,negative,0.029390232212059084
1271594494513893376,negative,0.0872747139628589
1271594494836834304,neutral,0.3381189830050101
1271594495038103552,negative,5.269453256032865e-08
1271594495520518145,negative,0.04251423792646359
1271594496774615040,negative,0.08346383870731802
1271594497084973056,negative,0.003316104755310855
1271594497839894530,negative,0.1735162678381825
1271594498011906048,negative,0.009090944519261759
1271594498506752002,negative,0.013215736956266502
1271594498884284418,negative,1.4087941363798072e-05
1271594498934571008,negative,0.041962196668385326
1271594500905984001,negative,0.07927625209257713
1271594501375696896,negative,0.15261314195556575
1271594502617214983,negative,1.2521100643292283e-06
1271594503217037313,negative,0.002014998529721484
1271594503837822978,negative,0.034980844099438906
1271594503892279296,negative,0.00017790270672818597
1271594504060051456,negative,0.00012973628862037405
1271594504634667008,neutral,0.437369725752128
1271594505045790721,negative,0.00014840749909568357
1271594505133797378,negative,0.03180962742221007
1271594505310003200,negative,0.05368241837099004
1271594505368752129,negative,0.1638173718807725
1271594505398075392,negative,0.0019204012078376173
1271594505532293122,negative,0.00014840749909568357
1271594506035564550,negative,0.01119142811541699
1271594506517872641,negative,0.16437877331818024
1271594507088338944,negative,0.0041361437850721775
1271594507197448193,negative,0.07655626108799313
1271594508896088064,negative,0.2864145558920463
1271594508946374657,negative,0.03840564920058137
1271594509009326080,negative,0.00025521795545906155
1271594509105840128,negative,0.009066548823429155
1271594509529382927,neutral,0.6200881742047671
1271594509596536833,neutral,0.3381189830050101
1271594510225719296,negative,0.23783031819953337
1271594510380826628,negative,0.2724388926224287
1271594510892650503,negative,0.0002607786852073392
1271594510959640580,positive,0.9856339366098104
1271594510993076224,negative,0.030020422706499864
1271594511169437696,negative,0.0003291735782151038
1271594511358201861,positive,0.7431631403261559
1271594511597264897,negative,0.0002833791535977362
1271594511672606720,negative,0.3040949491800166
1271594511752364032,negative,0.15404800672140873
1271594513220489216,negative,0.01359956250126882
1271594513241432065,neutral,0.36016203400974833
1271594513287577605,negative,0.10423818545837245
1271594513438572544,negative,0.0009150353363496623
1271594513467944966,negative,0.04522832744869091
1271594514315186180,negative,0.006770523661888073
1271594514403266561,negative,0.0035593124535974827
1271594514935840768,neutral,0.4225284158647224
1271594515300745217,neutral,0.437369725752128
1271594515481190405,negative,0.0008987024585095838
1271594517276381191,negative,2.342822375314909e-05
1271594517670572032,negative,0.015946341074103896
1271594518022848512,negative,1.6333530095173027e-13
1271594518035521543,negative,0.014526732885400169
1271594518203305985,neutral,0.3915932111928524
1271594518245265409,negative,0.0027801078773719906
1271594518400438272,negative,0.15797133755319195
1271594518593146880,negative,1.8066554511466122e-05
1271594518605946880,negative,0.034408654887392795
1271594519323082754,negative,0.03370036750038744
1271594519578972161,negative,1.2118913314014615e-05
1271594519604219905,negative,0.1735162678381825
1271594519633571840,negative,0.3040949491800166
1271594521235795970,neutral,0.34621284333841873
1271594521634107392,negative,0.0232216132678692
1271594522104004608,negative,0.29803320445875914
1271594522334633984,neutral,0.3986628840651304
1271594522519060480,negative,0.16437877331818024
1271594523131592718,negative,0.007556846586376744
1271594523160989697,negative,0.001001766229483603
1271594523190329344,negative,0.26812582956602965
1271594523467055106,negative,0.0176519313509228
1271594523831959552,negative,0.027306211591214814
1271594523861409795,negative,0.1855830004157645
1271594525086175232,negative,0.0033493025749803916
1271594525711118343,negative,0.012676502386934916
1271594526193471495,positive,0.6691491676081341
1271594526260572160,negative,3.6340237511312105e-05
1271594526629605376,negative,0.022303824127478028
1271594526768054272,positive,0.758440392457318
1271594527283990528,negative,0.1634352463674985
1271594527342690305,negative,0.13326830135315207
1271594527485235202,negative,0.0007511282934715812
1271594527627804674,neutral,0.4513605618894927
1271594527644581889,negative,0.0019148465338857986
1271594529943101441,negative,0.008208172280011538
1271594530228391936,negative,0.015963265548405076
1271594530555359232,negative,0.027532586259180133
1271594530651996162,negative,0.009779574069014323
1271594530882621440,negative,6.551366942540261e-07
1271594530962374659,negative,9.9776447420698e-05
1271594531276890115,neutral,0.3499352441185855
1271594531306319873,negative,1.8066554511466122e-05
1271594531679600641,negative,0.15894838135266348
1271594531918508032,negative,1.8066554511466122e-05
1271594532518400004,neutral,0.44654025683665294
1271594533856444418,negative,0.0026947677523233788
1271594534137462787,negative,1.69597407704258e-05
1271594534229639168,negative,0.0015543331023291213
1271594534460366849,negative,0.018358367989957432
1271594534942781442,negative,2.233162084557825e-05
1271594534951149568,negative,1.2073246290964402e-06
1271594534976270338,negative,1.8066554511466122e-05
1271594535282507776,negative,0.02466757367988173
1271594535416664069,negative,0.0034976105756650364
1271594536045875200,negative,0.012277787869108202
1271594536071036930,negative,0.008451629892204481
1271594536163311616,negative,0.010504872648331191
1271594536171700224,negative,0.0026474266740773504
1271594536259780610,negative,0.0007969433097646404
1271594536825954305,negative,0.008658099919513919
1271594536909918210,negative,0.09288522946839645
1271594536930816001,positive,0.8838986851987098
1271594537073459201,negative,0.207800015035824
1271594538172403712,positive,0.6891041376501487
1271594538369515520,negative,1.5173679950147041e-05
1271594538579234819,negative,0.09688817237191501
1271594538688294914,negative,1.8066554511466122e-05
1271594538709155844,negative,0.029160432015274185
1271594538986024961,negative,0.01581812643896679
1271594539204194308,negative,0.18099732902935056
1271594539938127872,negative,0.19502423039687414
1271594540189847552,negative,6.081359117869497e-07
1271594540756074497,positive,0.9999666821495524
1271594541041291264,negative,0.04079958633159508
1271594542551179264,negative,0.2724110521978263
1271594542920171520,negative,0.3157437370741821
1271594543553617920,negative,0.07432226740747286
1271594543784308737,negative,0.02711713266105864
1271594543805317127,negative,7.2884477388465e-05
1271594543838908418,negative,0.005473130861243195
1271594544249950208,negative,0.00523764503680879
1271594544329564168,negative,6.547150004312279e-07
1271594544497229824,negative,0.2512321054223868
1271594546539966464,negative,0.0006303836960479509
1271594546678435841,negative,0.044415848827102325
1271594547668287488,negative,0.025253823303586633
1271594547814907906,negative,0.10856356125831718
1271594547865440261,negative,0.19502423039687414
1271594547869560834,negative,0.028786362617285535
1271594547965984773,negative,7.178974134898367e-06
1271594548540641280,negative,0.003605231651802118
1271594548549091329,negative,0.14619589582907594
1271594548569964546,negative,0.0005351132759893319
1271594548590936064,negative,0.05817995923428874
1271594548691709952,negative,0.3040949491800166
1271594550843207680,neutral,0.5072119503472683
1271594551703212033,neutral,0.49789225920557484
1271594552571412481,negative,1.8066554511466122e-05
1271594552760111104,negative,0.0034813906815001133
1271594553024196608,negative,0.07481806293871453
1271594553187893249,negative,0.0035089421207370863
1271594553628397574,negative,0.00017682045587917645
1271594553896849414,negative,0.000683228686613055
1271594554014289920,negative,0.3029968537174699
1271594555176103938,negative,0.0037169529442464887
1271594556463726598,negative,1.4087941363798072e-05
1271594557021487104,neutral,0.4590971893534466
1271594557113798659,negative,0.16437877331818024
1271594557218660354,negative,0.16181369063462486
1271594557843468290,negative,0.0006231497894395036
1271594557910720513,negative,0.00012012234781093291
1271594560502870016,neutral,0.3381189830050101
1271594560565784576,negative,0.00016628924848785266
1271594560859316231,negative,0.009799196688882992
1271594561186533376,negative,0.029160432015274185
1271594561379405824,negative,0.3040949491800166
1271594561761169408,negative,0.08384635293073044
1271594563933790209,negative,0.0776069915917685
1271594563979919360,negative,0.0006508341490883944
1271594564646768643,negative,2.773255275301193e-05
1271594564676128774,negative,0.003919049548173325
1271594564839706625,negative,0.008278734388720307
1271594565489885186,neutral,0.41648422598701
1271594565514997761,negative,0.00047732660595344674
1271594566068494336,negative,6.6273204788835604e-09
1271594566454595584,negative,0.012676502386934916
1271594566576209921,negative,2.368219676743104e-06
1271594567624777729,negative,0.00011791760518418482
1271594568409059329,negative,0.15567460037341105
1271594569457496064,negative,0.0003151764939259126
1271594569478660096,negative,0.1154759273975014
1271594569591816193,negative,0.08467148250472191
1271594569927458816,negative,0.0002193607316774933
1271594570040709121,negative,0.19502423039687414
1271594570158157826,negative,0.2244790841242781
1271594570195898373,negative,0.04030462702937734
1271594570539819008,negative,0.0029802930630058945
1271594570577477638,negative,0.005246374348534307
1271594572204978177,negative,0.0010033410433637482
1271594572288856064,negative,0.006419968658978428
1271594573538693120,negative,0.014802744268416596
1271594573631021056,negative,0.20536545178261156
1271594573773471744,negative,3.989741608300387e-06
1271594573979160576,negative,0.08414119837238515
1271594574285361152,negative,0.08279649112484168
1271594576067940352,negative,0.015386386874891427
1271594576235692035,negative,0.16181369063462486
1271594576604790786,negative,1.69597407704258e-05
1271594577628184576,negative,0.06953613096968994
1271594577665851392,negative,0.0007969433097646404
1271594577779187712,negative,0.00016628924848785266
1271594577842057216,neutral,0.3403391890910929
1271594578852950016,negative,0.0010295373481737564
1271594578890698757,negative,0.006483801834163422
1271594579222056960,negative,0.00020678061469962884
1271594579263971328,negative,0.0918581850810184
1271594579339468800,negative,0.27756964326144073
1271594581382123522,neutral,0.3381189830050101
1271594581457547266,negative,0.005894416270567474
1271594581516267523,negative,0.00016628924848785266
1271594581642141704,negative,0.07783904481023335
1271594581835091973,negative,0.07026723754495304
1271594582476828674,negative,0.253503508402999
1271594582619422723,negative,0.1462919561686419
1271594582896189441,negative,0.19696061213560703
1271594583386882048,negative,0.013515552971693497
1271594584431308801,negative,0.05071150532714072
1271594584452280323,negative,0.00011341912160628809
1271594584464908288,negative,0.007295532519751675
1271594585232478208,neutral,0.3381189830050101
1271594585601585154,negative,0.00011341912160628809
1271594585836355584,neutral,0.3916387603988135
1271594586348158977,negative,0.013827551307807547
1271594586515922945,negative,0.09691127889263083
1271594586582863873,negative,0.011610034942950473
1271594586599759875,negative,0.08384318425643632
1271594586675257344,negative,0.01628794900366218
1271594586683478016,negative,0.19502423039687414
1271594587077763074,negative,0.2512321054223868
1271594588843671552,neutral,0.652988088600254
1271594589149753346,negative,0.003168859856118553
1271594589435109378,negative,0.04009426361417171
1271594589661663237,neutral,0.47022341483285823
1271594589711937539,negative,0.007032605876039598
1271594589930098693,neutral,0.487980366762386
1271594589980418048,neutral,0.3381189830050101
1271594590789918720,neutral,0.4792687081820201
1271594591297429506,negative,0.00020487407608389335
1271594591519739905,negative,0.3040949491800166
1271594592006295552,negative,0.05503913655590497
1271594592824147969,negative,0.24299238759052857
1271594593000271872,negative,5.488285064021321e-11
1271594593373622272,negative,0.01420984570770007
1271594593516244994,neutral,0.4622517011647472
1271594593906315269,positive,0.7500377016963704
1271594594531258368,negative,0.20757850165123046
1271594594711437313,negative,0.09038507580680345
1271594594766139405,negative,0.12227762356369955
1271594594912874498,positive,0.8496322213967735
1271594595407683584,negative,0.0023170344461177867
1271594597173559296,negative,0.0071479933406052385
1271594597358108676,negative,3.5452781549336826e-06
1271594598457098245,negative,1.176706131424099e-05
1271594598725492741,negative,6.750661710168193e-06
1271594598872363014,negative,0.015946341074103896
1271594599031746560,negative,0.0021926854535329983
1271594599031754752,negative,1.0566709254916601e-06
1271594599182721031,negative,0.00010338679440685032
1271594600331804673,negative,0.1641521828848225
1271594600394866691,negative,0.01298509591667729
1271594601384738816,negative,0.2013198904030459
1271594601720287234,negative,0.012164792431929873
1271594601745461254,negative,0.005571168276509316
1271594601762168835,negative,0.0002538565254628791
1271594601812541441,negative,6.236105015602125e-07
1271594601820950529,negative,0.0005351132759893319
1271594602026369027,negative,0.060490407011491755
1271594602047377409,negative,0.0009016547350908816
1271594602491936768,negative,0.0013876501219581817
1271594602999410689,positive,0.9615673433593547
1271594603536400387,negative,0.0004791760687217216
1271594605474189313,negative,1.8066554511466122e-05
1271594605725782016,negative,0.012676502386934916
1271594605830533121,negative,0.19502423039687414
1271594605872648192,negative,0.07771408019394956
1271594605893636096,negative,0.00048565789725911
1271594606430429185,negative,0.0015425978250262452
1271594607156039682,negative,2.010048050496408e-06
1271594607944634369,neutral,0.3504250978451571
1271594608200482819,positive,0.6624055896622104
1271594609597206529,negative,0.0002558508086955222
1271594610029137921,negative,1.9565718695786653e-06
1271594610138198017,negative,0.00027382007603041545
1271594610435993600,negative,0.053140809492412
1271594610679218176,negative,0.00031196298963054976
1271594610687569921,negative,0.19767106493145628
1271594610708578306,negative,0.06323890293331053
1271594611421646849,neutral,0.37137062280538924
1271594611568492546,neutral,0.49789225920557484
1271594611690045441,negative,0.0319832305431049
1271594612159897602,negative,0.02301667247206716
1271594613791502341,neutral,0.49091924529151076
1271594613829259269,negative,0.08632296908771421
1271594613854404608,negative,0.19502423039687414
1271594614357663748,negative,0.015577189604151682
1271594614814846976,negative,0.02655354672678872
1271594614999351302,negative,0.01714455849444055
1271594615016247296,negative,0.023872504189481978
1271594615234269184,negative,0.11039307840891537
1271594615544729601,negative,1.9210340827258777e-06
1271594615855034371,negative,7.34085919362028e-06
1271594616396095494,negative,0.02428248049254861
1271594616412942338,positive,0.9999989078734184
1271594616492605440,negative,0.17729329083702194
1271594616601473025,positive,0.9013968075743359
1271594618669449217,negative,0.012447427632221408
1271594618707234821,negative,0.036039432352759866
1271594618715549696,negative,0.011971799721754257
1271594618858151936,negative,0.00012968474503531965
1271594619172577281,negative,0.017430157333356202
1271594619437006848,negative,8.430064780332078e-06
1271594619550289922,negative,0.023336692626154305
1271594619965497350,negative,0.00014698153556440456
1271594620577857536,neutral,0.4985207595173946
1271594621152477191,negative,0.013215736956266502
1271594622100389888,neutral,0.527640938051759
1271594622733684736,negative,0.08657935643817384
1271594622788210688,negative,0.02196545048186179
1271594622939267072,negative,0.19502423039687414
1271594623190908928,negative,0.043598371671244036
1271594623371218949,negative,7.34085919362028e-06
1271594623660507138,negative,0.17792671109032768
1271594623870349315,negative,0.19957135922961547
1271594624587640832,negative,3.4756179013684414e-05
1271594626701557760,neutral,0.616005678462541
1271594627200626689,negative,0.00020238638988344894
1271594627318140929,neutral,0.6200748241129904
1271594627565576192,negative,0.007032605876039598
1271594627620122624,negative,0.009272739832239805
1271594627750072320,negative,0.03675385767480211
1271594628119244801,neutral,0.4788205243880511
1271594628186243074,negative,0.09440302954671043
1271594628245065728,negative,0.03786368867470405
1271594628756750342,neutral,0.4507454498615163
1271594629255872513,negative,0.001842031509920941
1271594629419368449,negative,0.24028215723881943
1271594629457235971,negative,0.060490407011491755
1271594629629083648,negative,3.316258690163908e-08
1271594630669271042,negative,0.15039826580427387
1271594631063576579,negative,0.00019310143173641915
1271594631528996864,positive,0.8784667645202426
1271594631726170113,negative,0.049625321015014164
1271594631906635784,positive,0.7600991563546672
1271594632024076288,neutral,0.48773238291385845
1271594632095444995,negative,0.16841729920146856
1271594632141471745,negative,0.2013198904030459
1271594632661647360,negative,0.001869287112884431
1271594632816857089,neutral,0.5902664586129014
1271594632841814016,negative,3.514244629162369e-05
1271594633261387778,negative,0.23373759151106396
1271594633785741316,neutral,0.49789225920557484
1271594634024796162,negative,0.001842031509920941
1271594634385506304,neutral,0.4339530476822151
1271594634888785920,negative,0.005894416270567474
1271594634918023168,negative,0.16437877331818024
1271594635199209473,negative,0.2642984175522277
1271594635681505281,negative,0.0006143923658169182
1271594635945795585,neutral,0.49789225920557484
1271594636285562881,negative,0.010098697203259845
1271594636381995009,negative,0.026469258198538563
1271594636570755073,negative,1.9921243586546582e-06
1271594636637700097,negative,0.13711533949707508
1271594636671320065,neutral,0.34117024056417766
1271594638625947650,negative,0.0686802997681995
1271594639003463684,negative,0.0005031052540885939
1271594639041142785,negative,0.08901488430687854
1271594639422873600,negative,0.02778049455608772
1271594639557046272,negative,0.00014329654559775383
1271594639880081408,negative,0.12056596353541715
1271594640450469888,negative,0.005997994969765444
1271594640496566279,positive,0.7500377016963704
1271594640530178048,negative,0.031545497082373114
1271594640723017730,negative,0.0005915075724676036
1271594641117384704,negative,0.0003291735782151038
1271594641348050944,negative,0.08002465081650481
1271594641356447744,negative,0.018231076434766017
1271594642908332033,neutral,0.35753391471462787
1271594643122278400,negative,0.043598371671244036
1271594643273273345,negative,0.03410428971519244
1271594643285827595,negative,0.0006975929141055585
1271594643319382018,negative,0.25911202149226437
1271594643755618304,negative,0.00174812024433325
1271594643818504193,negative,0.021468205824297266
1271594644086771712,neutral,0.4663917579447527
1271594644162445315,negative,0.14731646957486152
1271594644393115648,neutral,0.3381189830050101
1271594644623839232,negative,6.4284465035734675e-06
1271594644837728256,negative,3.0585135985858914e-06
1271594647349944320,negative,0.10665878775047692
1271594647618375681,neutral,0.4936866310980551
1271594647689801734,neutral,0.3986628840651304
1271594647937265664,negative,0.011378933304318065
1271594648163811330,negative,6.220035599729563e-09
1271594648188760064,neutral,0.48006762931675895
1271594648260300801,negative,0.02301667247206716
1271594648545505288,negative,0.009272739832239805
1271594648570601473,neutral,0.572034819482507
1271594648658751488,negative,3.759814752818217e-05
1271594648771977216,neutral,0.5230646860789886
1271594649933639680,negative,9.069787099116975e-07
1271594649975762945,positive,0.997126995515298
1271594650462289926,negative,0.2565149584402241
1271594652072914945,negative,0.0016115333365759798
1271594652270047232,negative,0.21262315063761303
1271594652366368768,negative,0.02734764205970332
1271594652748087302,negative,0.0028290743903026405
1271594653524070400,negative,0.09479322597697783
1271594654123921410,negative,0.1253996594205582
1271594654690050050,negative,0.04251423792646359
1271594654736277505,negative,0.26287357984472953
1271594655969349633,negative,0.00174812024433325
1271594656095178752,negative,0.12638575508756936
1271594656535584768,negative,1.3221006305556596e-08
1271594656636289025,negative,1.56260701404286e-05
1271594656871186434,negative,0.0685022392774745
1271594656976056322,negative,0.1518915860203652
1271594657634488320,neutral,0.4884980247943256
1271594658070532096,negative,0.05103743894383572
1271594658657906691,negative,0.08801759480806112
1271594659031027712,negative,0.10947484028698869
1271594660117581824,negative,0.005442591338877343
1271594660352405505,negative,0.010048574646113098
1271594660587343874,negative,0.0038993356633357833
1271594660729888770,negative,0.10134028605591529
1271594661002522624,negative,3.0503489605003837e-05
1271594661010968577,negative,0.01879425341181135
1271594661040324608,positive,0.9420950676532839
1271594661539467264,negative,0.03180962742221007
1271594662432698369,negative,0.00010315502901849333
1271594662432772097,negative,0.002019654028444963
1271594663930101760,negative,0.05952519289747215
1271594664194387971,negative,0.0005304861083478886
1271594664320274432,negative,0.0001658783011141083
1271594664475295744,negative,7.940619860793433e-08
1271594664676585472,positive,0.9999978860783362
1271594665301721095,negative,0.0012359037580937722
1271594665347878912,negative,0.0005358077387413497
1271594665557594116,negative,4.306354617242347e-05
1271594665658200064,negative,0.25459236327655
1271594666589388800,negative,0.00042531017010704556
1271594667197575170,positive,0.9978738907657169
1271594667386208257,negative,0.08942416886331431
1271594667474407430,neutral,0.4064281066055449
1271594667600216064,negative,0.03695208748753567
1271594667906174978,negative,0.314047782305265
1271594668560654336,neutral,0.45003212254299163
1271594668732690435,negative,0.00043356855995457685
1271594669084794880,negative,0.001842031509920941
1271594669110149127,negative,0.14575760297016122
1271594669319872512,negative,0.22268863279919515
1271594669395361793,negative,0.0011589960102661697
1271594669579948033,negative,2.739467029210105e-10
1271594669856698369,negative,0.19530784977723603
1271594669911101441,negative,0.0010722489045500699
1271594669949046785,negative,0.10458831134898472
1271594669986676737,neutral,0.437369725752128
1271594670360080385,neutral,0.3381189830050101
1271594670884368386,positive,0.7500377016963704
1271594671026974720,negative,0.00042510695841077096
1271594672037793797,negative,2.539618264163782e-05
1271594672868200452,negative,0.038900953877194624
1271594673178652674,negative,7.730518905627762e-07
1271594673539293184,negative,0.0013682615086153009
1271594673849720838,negative,0.0016737896560586971
1271594675141595137,negative,0.13800236342145034
1271594676987011072,negative,0.04481268799715252
1271594677540720640,negative,0.005211584107610013
1271594677666545671,negative,5.532962421424085e-06
1271594677737750533,negative,0.00641513726317092
1271594677821726728,negative,0.0018528465113937746
1271594678065016834,negative,0.17815165862938284
1271594678257946624,negative,0.003258068197353932
1271594678383783937,negative,1.2327762216040568e-07
1271594678488530945,negative,0.0015425978250262452
1271594678673080321,negative,0.0003645358208717527
1271594679101001730,neutral,0.5914465900851971
1271594679117594624,negative,0.13912907829249654
1271594679230963718,negative,0.0017737519676399383
1271594679306354690,negative,1.6471353551898473e-05
1271594679407083520,negative,0.00265089835177861
1271594679428145155,negative,0.18662755844527773
1271594679612694533,negative,2.247260680282803e-05
1271594679616880642,negative,8.819110478607751e-06
1271594679633498112,negative,0.12082734449828159
1271594681248493568,negative,3.4741837133576705e-06
1271594681470771203,negative,0.012676502386934916
1271594681571385344,neutral,0.49789225920557484
1271594681634349058,negative,0.05817995923428874
1271594681793753088,negative,1.6409948185331374e-07
1271594681974079488,negative,0.09038507580680345
1271594682141880320,positive,0.999215224991
1271594682200592384,negative,0.0068154665196530125
1271594682309541889,negative,0.007954934633077601
1271594682473156608,negative,0.0017741285230712
1271594682665984000,negative,0.1395640245139716
1271594683895029766,negative,0.023872504189481978
1271594684083843072,neutral,0.33758533303423804
1271594684146683906,negative,2.8766631919943956e-05
1271594684146765828,negative,0.10643698341435147
1271594685102989313,negative,0.21178723558870874
1271594685107232770,neutral,0.44054615157121163
1271594685157593096,negative,0.012447427632221408
1271594685589598210,neutral,0.36016203400974833
1271594685832794112,negative,0.03045112934664965
1271594685958696960,negative,0.005211584107610013
1271594686134788096,negative,7.097359549322427e-07
1271594686487166976,negative,0.3040949491800166
1271594686914990080,negative,0.03804145621633427
1271594687305039873,negative,0.00014840749909568357
1271594687460188161,negative,0.010656132409465554
1271594687762227201,negative,0.3040949491800166
1271594687980322822,negative,0.006267921006529414
1271594688173297665,neutral,0.3385252644667176
1271594688194048000,negative,0.2988697132058707
1271594688424718336,negative,0.015291224079798134
1271594689335119873,negative,0.001842031509920941
1271594689423179776,negative,0.037372168821447053
1271594689477652486,negative,0.22707567550596763
1271594689620332545,negative,0.16863807278512583
1271594689939083264,negative,0.04580868801829515
1271594689959870464,negative,1.7480501275929922e-11
1271594690299781122,negative,0.015539379939676022
1271594690371092480,negative,0.2864145558920463
1271594690534572032,negative,0.001249402941077617
1271594690660438026,negative,0.07607258248687541
1271594691025240064,neutral,0.37137062280538924
1271594691251843072,neutral,0.6508296860713119
1271594691327414279,negative,0.24938107229110365
1271594691381821446,neutral,0.37137062280538924
1271594691532857344,negative,0.00012358293547957858
1271594691700699138,negative,0.0009755811881193706
1271594693827137548,negative,0.0001566092652849778
1271594694129131520,negative,0.18348703872555217
1271594694598942721,negative,0.005820665306411165
1271594694812872706,negative,0.0615331638563064
1271594694930120705,negative,0.004077199090876045
1271594694951211012,negative,0.0005351132759893319
1271594695123251200,negative,0.046143349347446065
1271594695139917826,negative,6.547150004312279e-07
1271594695316176905,negative,0.00016628924848785266
1271594695521599489,positive,0.7955045520404485
1271594695802728448,negative,0.1382073030239792
1271594696540860417,negative,0.000859651230939332
1271594697920851968,positive,0.8313479703880278
1271594697962803202,negative,0.0007024428090593878
1271594698143137792,positive,0.9684121085062315
1271594698512019457,negative,0.19502423039687414
1271594698625421314,negative,0.009272739832239805
1271594698734526464,negative,0.013265831157646643
1271594698738667521,negative,0.0008982661135303776
1271594698956832768,negative,0.031252089843059085
1271594699766337536,negative,1.0515674379194764e-05
1271594700059734017,negative,0.008116853618846806
1271594700353478660,negative,9.250877231731503e-05
1271594700525486088,neutral,0.41781860539170623
1271594702261886977,positive,0.9966425923000763
1271594702844956675,neutral,0.3381189830050101
1271594703130157060,negative,0.0017635975660206106
1271594703952191488,negative,0.05610309040052827
1271594704098988033,negative,0.011617814645890382
1271594705139236866,neutral,0.5684752279504157
1271594705428656133,positive,0.7500377016963704
1271594705629970432,negative,0.27285607821453484
1271594706976284672,neutral,0.41781860539170623
1271594707324411909,negative,0.0007392939229639398
1271594707358023681,negative,0.02067879670594934
1271594707508961281,neutral,0.41822956432244796
1271594707513151495,negative,1.2463490918757227e-05
1271594707701956616,negative,0.30490738131931094
1271594708121325568,negative,6.4675117100569094e-06
1271594708138110982,negative,0.001168214596639198
1271594708477845505,negative,0.0073300389968808
1271594708838555649,negative,0.002444809700345166
1271594710218551296,neutral,0.3850948772444006
1271594710780514304,negative,0.2013198904030459
1271594711019446272,positive,0.9945394003258434
1271594711380361216,positive,0.848089873119554
1271594711602651137,negative,0.00011791760518418482
1271594711749259268,negative,0.020278782155300823
1271594712915304448,negative,0.325421974065205
1271594714232389632,negative,0.000564772834460454
1271594714987474945,negative,0.11025517636398725
1271594715079749632,neutral,0.5641156242479793
1271594715759218695,negative,0.07637905348333568
1271594716388306944,negative,0.22518024729337605
1271594716434518024,positive,0.9945803019449833
1271594716656742400,negative,9.812719319421443e-05
1271594717650747395,negative,1.56260701404286e-05
1271594718619713537,negative,0.26964203488746474
1271594718812667905,negative,0.008359996569711365
1271594719743750145,negative,0.0005351132759893319
1271594720666542080,negative,0.005959119509628548
1271594720892981249,negative,0.001224660002632946
1271594723095056385,negative,0.0009028042954317648
1271594723149582336,negative,0.001842031509920941
1271594723355119616,negative,0.05880812121903459
1271594723451572224,positive,0.9482865700977642
1271594723631747072,negative,0.016375502201217754
1271594724089044993,negative,0.07152762509154904
1271594724428840965,neutral,0.3725458233667465
1271594724474970113,negative,0.0019204012078376173
1271594724646965248,negative,0.04522832744869091
1271594725175373826,negative,0.010681078379886806
1271594725716430851,negative,0.037870040060627
1271594726156886016,negative,0.007090789772945484
1271594726416879616,negative,0.007599598437030047
1271594726781865990,negative,0.04251423792646359
1271594727004082177,neutral,0.4434279599423526
1271594727025061888,negative,0.04218669497804939
1271594727171907586,neutral,0.593052457927968
1271594727733854208,positive,0.6723726210049347
1271594728090406913,neutral,0.4610398411679304
1271594728488939520,neutral,0.437369725752128
1271594728685998080,negative,1.1200708263145071e-07
1271594728711127040,neutral,0.33677065988963156
1271594728736210944,negative,0.0005874381187567486
1271594729247997955,negative,0.035234612817946924
1271594729390641153,negative,8.104544996108715e-06
1271594729432645632,negative,0.14421851175933395
1271594729575198720,neutral,0.6473893371481473
1271594731513020417,negative,0.005626392366426678
1271594731944976386,negative,0.0354535102034379
1271594732117020672,negative,0.044179880756355164
1271594732125392896,negative,0.05610309040052827
1271594732137975809,negative,0.029804250050374674
1271594732511256577,negative,0.14368316029815859
1271594732775448576,negative,0.004077199090876045
1271594733123575808,negative,0.16181369063462486
1271594733278834688,negative,0.014029930884401454
1271594733933133824,negative,0.005442591338877343
1271594734134452224,negative,0.17680443047972894
1271594734205784064,negative,5.080459404059284e-07
1271594734306410497,negative,0.09058079122320778
1271594735560527872,negative,4.8880399403108995e-05
1271594735711518721,neutral,0.37137062280538924
1271594735929524224,negative,0.00016628924848785266
1271594736013500417,negative,1.56260701404286e-05
1271594736923619337,negative,0.020351691735925836
1271594736923664385,negative,7.34085919362028e-06
1271594736969711618,negative,0.00016628924848785266
1271594737271791616,negative,0.00036193677456377226
1271594737611440133,negative,3.262796994869556e-05
1271594737884110850,negative,0.00035681379643484514
1271594738077106177,negative,4.1059875989667547e-08
1271594738190372867,negative,0.000512909945499879
1271594738324574210,negative,0.0319832305431049
1271594739842920450,positive,0.9027192729038057
1271594739981221888,neutral,0.3381189830050101
1271594740253933571,negative,0.0043558126073707905
1271594740547551232,negative,0.1735162678381825
1271594740971077634,negative,0.12638575508756936
1271594741294075905,negative,0.015946341074103896
1271594741302538240,negative,0.11140673216756722
1271594741730168832,negative,0.07073446233783635
1271594741747060738,negative,0.09690104011848619
1271594741784875008,negative,5.4222773440306894e-05
1271594742128742402,negative,0.00020487407608389335
1271594742128824330,negative,0.00011791760518418482
1271594742434934784,negative,0.09288522946839645
1271594742665474048,neutral,0.4552809504469654
1271594742686658565,negative,1.4369133303213007e-05
1271594742724378625,neutral,0.35451443008515343
1271594743776960513,negative,0.015946341074103896
1271594744024567808,negative,0.0003233884312043605
1271594744272084999,negative,0.04915038932183661
1271594744301457411,negative,0.0038993356633357833
1271594744372748288,negative,0.1735162678381825
1271594744397869058,neutral,0.33990266049228407
1271594744469217280,negative,0.00016628924848785266
1271594744934658048,negative,0.046857194745555386
1271594745437945857,negative,0.08901107174655289
1271594746272780289,negative,1.69597407704258e-05
1271594746348257282,negative,0.12596271308671148
1271594746394423296,negative,6.4675117100569094e-06
1271594746755112960,negative,0.07573280279731023
1271594748462186496,neutral,0.5981128344262935
1271594748487315457,neutral,0.34962495774439717
1271594748738965506,negative,1.062063940850468e-06
1271594749091348480,negative,0.00010505015263238258
1271594749481320449,negative,0.00992015618651651
1271594749540122624,neutral,0.4147342023902695
1271594749804400640,positive,0.7238230910330393
1271594750076805121,negative,0.029221171854788907
1271594750311723008,neutral,0.5882311541586824
1271594750391582723,negative,4.908254204596775e-07
1271594750446108672,negative,0.00010807751442310931
1271594750613864455,negative,0.00016628924848785266
1271594750689370113,negative,0.18909143581032145
1271594753025544193,neutral,0.47697210391394973
1271594753931513857,negative,0.1101066749950683
1271594754447486977,neutral,0.3381189830050101
1271594754959044609,negative,0.006193107180967741
1271594755756044288,negative,2.5241882252703305e-05
1271594756464877568,negative,0.03876042238429572
1271594756670468098,negative,1.8066554511466122e-05
1271594756980609024,negative,0.027532586259180133
1271594757194747904,negative,5.695857302171394e-06
1271594757232435201,negative,0.00456529350135903
1271594757341446146,negative,0.25459236327655
1271594757928759296,negative,0.0658977300707332
1271594759111524353,negative,5.1420246397785346e-05
1271594761015746561,negative,0.005894416270567474
1271594761405767680,negative,0.025152324668022856
1271594761808252930,positive,0.755756388271838
1271594761888116738,negative,0.039661460600298876
1271594762156625920,negative,6.4675117100569094e-06
1271594762299113473,negative,0.00021044112954272557
1271594762315927554,negative,0.03695208748753567
1271594763473518594,negative,2.5545664477025015e-05
1271594763683352576,neutral,0.49789225920557484
1271594764287086592,neutral,0.3910939074494088
1271594764480241670,neutral,0.46127768308170247
1271594764887109633,neutral,0.35451443008515343
1271594765566595072,negative,0.045780881943885916
1271594765872762880,positive,0.7342889744533279
1271594765939806208,negative,0.10996414181271565
1271594766053052421,negative,0.13474297164770588
1271594766627725313,negative,0.04580868801829515
1271594766631919619,neutral,0.5953139771580094
1271594766690652161,negative,0.002402106420951482
1271594766715588609,neutral,0.3702957183926564
1271594766745116672,negative,0.0019049449200032925
1271594769047642113,negative,0.0006231497894395036
1271594769056239620,negative,0.00022585340508116388
1271594769274331136,negative,0.021340828518003827
1271594769400115200,negative,0.24612421345927168
1271594769517629440,negative,0.01163510314723742
1271594769840402432,positive,0.6624055896622104
1271594769932828673,negative,0.13777568121247782
1271594770088038401,negative,0.3040949491800166
1271594770297761792,negative,0.005894416270567474
1271594770578780160,neutral,0.3381189830050101
1271594770964647936,negative,0.04009426361417171
1271594770989633537,neutral,0.4936866310980551
1271594770998210560,negative,7.2884477388465e-05
1271594771140743169,negative,0.00016100482880607227
1271594773212782594,negative,0.31812769580849276
1271594773229469697,negative,0.13120893646714316
1271594773426692097,negative,1.8066554511466122e-05
1271594773598687233,negative,0.0002833791535977362
1271594773778968576,negative,0.0022829719531960004
1271594773783199744,negative,0.09412051680142991
1271594774194053120,negative,0.05103743894383572
1271594774299062278,negative,0.03547588364154337
1271594774454124545,negative,0.05103743894383572
1271594774739312640,neutral,0.437369725752128
1271594775330856962,neutral,0.34117024056417766
1271594775334932480,negative,0.007457822913152921
1271594775431520257,neutral,0.35451443008515343
1271594775615922177,negative,0.007457822913152921
1271594775712608260,negative,0.253503508402999
1271594777335775233,negative,0.01879425341181135
1271594777876860929,neutral,0.4371849138525787
1271594778292097027,negative,0.0008969024514954514
1271594778459811841,negative,0.0019614194195585305
1271594778560528384,negative,0.1256518955108437
1271594778594103304,negative,0.0009250842481052853
1271594778828902410,negative,0.005894416270567474
1271594778845683713,negative,0.004818338226078496
1271594779508432897,negative,0.1154759273975014
1271594779562967040,negative,0.002395107361095619
1271594780636647426,positive,0.9633894245446962
1271594780787703808,neutral,0.37137062280538924
1271594781353881605,neutral,0.4788205243880511
1271594781576237057,positive,0.9928266663248895
1271594781588828161,negative,0.009627747308083953
1271594781618122756,neutral,0.5223779631431432
1271594781630771201,positive,0.9833638329708998
1271594781664325638,positive,0.681611455835383
1271594781987217408,negative,0.015842464425452958
1271594782117281792,negative,0.044179880756355164
1271594782251520000,negative,0.19696061213560703
1271594782310236161,negative,0.0003944082694841494
1271594782465425409,negative,0.03670255851540621
1271594782729498624,negative,0.11070396460222455
1271594782859591688,negative,0.10834814481814549
1271594783102902273,positive,0.9612544365152835
1271594783220383744,negative,0.24682571368614822
1271594786504544256,neutral,0.34044847993526844
1271594786798145537,neutral,0.5475144922864627
1271594787225952257,negative,0.0176519313509228
1271594787381153792,negative,0.000354796494896971
1271594788022824961,negative,1.3773061972503753e-05
1271594790338125829,negative,0.0003233811052226306
1271594790367477760,negative,0.0021537067066927937
1271594790484926464,negative,0.030237880349643306
1271594790619172864,negative,0.0037903422424736166
1271594790996586497,negative,0.0002558508086955222
1271594791025991680,negative,0.037923919074804614
1271594791193710594,negative,2.0002295903432035e-08
1271594791361482757,neutral,0.37137062280538924
1271594791629963264,negative,0.0010911796793489944
1271594791969665024,negative,1.8066554511466122e-05
1271594792254832640,negative,0.3040949491800166
1271594794343636993,negative,0.03684491258132662
1271594794779885570,negative,0.0008284094239340448
1271594794788294657,negative,0.00016628924848785266
1271594795509723136,negative,0.0033248363906384338
1271594795534778368,negative,0.10423818545837245
1271594795786366976,negative,0.19502423039687414
1271594795866025985,negative,0.0010033410433637482
1271594795916541952,negative,0.0615331638563064
1271594796814143493,negative,0.015367981662728895
1271594796843483138,negative,0.01827871623721803
1271594797447421952,negative,0.0252273658667517
1271594798361837570,negative,0.238427545908539
1271594798366044160,negative,9.9776447420698e-05
1271594798600904705,negative,0.14731646957486152
1271594798839992322,negative,0.023336692626154305
1271594799066501120,negative,1.6352909415634896e-06
1271594799154503683,negative,0.04474466654197991
1271594799729201152,negative,0.0006530461510218049
1271594799825596421,negative,0.21174678196480629
1271594799888547843,negative,0.015946341074103896
1271594799955693569,negative,0.12353693930075084
1271594800328912897,negative,0.03670255851540621
1271594800370892800,negative,0.05625944778328097
1271594800505131010,negative,0.0015505900995894935
1271594802522570755,negative,0.009272739832239805
1271594802673582080,negative,0.0010124928719095897
1271594802803605507,negative,0.0016737896560586971
1271594803411791872,negative,0.015946341074103896
1271594803415957509,negative,0.005211584107610013
1271594803667636224,negative,0.13666746933319543
1271594804233867264,negative,0.00011559616770533228
1271594804300873728,negative,0.008042175573119113
1271594804439396353,neutral,0.3381189830050101
1271594804598751233,negative,0.0010033410433637482
1271594804602966017,positive,0.995067766032005
1271594804762345479,negative,0.015946341074103896
1271594804913242119,negative,0.10329182763909436
1271594805009747968,negative,1.9007496617215074e-09
1271594805294968832,negative,0.002244409845045471
1271594807421526017,negative,0.2864145558920463
1271594807429787648,negative,6.301008206325995e-05
1271594808977633287,negative,0.015946341074103896
1271594809048928256,negative,0.0022347979150412556
1271594809095045122,negative,0.008103156177347822
1271594809589891072,neutral,0.3504250978451571
1271594810349162498,negative,5.994077016102103e-12
1271594810965721088,negative,6.547150004312279e-07
1271594811427098624,negative,7.37922492671626e-05
1271594811460431873,negative,0.03183119796134849
1271594811766845442,negative,0.03721255455579378
1271594811888480257,negative,0.003241716118021304
1271594812920209413,negative,1.4257141091597478e-09
1271594813054423040,negative,0.10711968068903369
1271594813197082624,negative,0.0007021317948944186
1271594813285171200,negative,0.00011341912160628809
1271594815067762688,negative,0.004820186660549511
1271594815365345280,negative,0.26712386659553705
1271594815369641984,negative,0.001939108936216723
1271594815403278336,negative,0.0026490186545663394
1271594815432474624,negative,0.0026824166798156334
1271594815650697222,negative,0.001249402941077617
1271594816011489280,negative,7.057381430586534e-06
1271594817051656192,negative,0.12875163799734163
1271594817252986884,negative,7.730518905627762e-07
1271594817626218496,negative,0.14343236631499753
1271594817823428608,negative,0.18495154894599722
1271594818293174272,negative,0.31688889334720627
1271594819366916096,negative,0.013515552971693497
1271594819480158208,negative,1.8471131327314217e-05
1271594819522084871,negative,5.427483257595663e-09
1271594819631054848,neutral,0.5010853468080793
1271594819631136775,negative,0.04010245553431912
1271594819694080000,negative,0.06669142154511797
1271594819744342017,neutral,0.36016203400974833
1271594819970891781,negative,7.730518905627762e-07
1271594820193210368,negative,0.004277275094338949
1271594820281212930,negative,0.13912907829249654
1271594820579057664,negative,5.4335524649406855e-06
1271594820625215488,negative,0.19502423039687414
1271594820629397505,negative,0.021468205824297266
1271594820818141185,negative,0.11135536934770393
1271594821002633216,negative,6.702983512085047e-05
1271594821430521864,negative,0.11983793894305395
1271594821535367168,negative,0.0012106060279649033
1271594821560471553,neutral,0.3850948772444006
1271594823468945410,negative,0.0005358077387413497
1271594824089636865,negative,0.0005041437567977065
1271594825872220162,negative,0.016312424129250196
1271594826115551236,negative,0.0007809020524228805
1271594826203451392,negative,0.00016100482880607227
1271594826572738564,negative,2.6995328621828786e-05
1271594827176607746,negative,0.013567825351571335
1271594827675820035,negative,0.001249402941077617
1271594827759714307,positive,0.9999971093940585
1271594828363694082,negative,5.531874381028928e-05
1271594828552384512,negative,0.07619269198218341
1271594828569153536,negative,0.018720000499947858
1271594828581801985,negative,0.012676502386934916
1271594828795539456,negative,0.02772639301037019
1271594829139652609,negative,0.044415848827102325
1271594829630365698,negative,0.027532586259180133
1271594829823254531,negative,0.0006231497894395036
1271594830024630277,negative,0.04739014385593059
1271594832042041345,negative,0.0006135322415782242
1271594832046239744,negative,1.462226631534302e-11
1271594832075599873,negative,0.004393708458221603
1271594832235048966,negative,0.0018375631550464277
1271594832390172672,negative,0.0734287730643972
1271594832637710343,negative,0.26000992988398774
1271594832675459072,negative,0.2663312715985176
1271594833501618176,neutral,0.49789225920557484
1271594833535209472,negative,0.08809341286720503
1271594834051108873,negative,1.69597407704258e-05
1271594834097139712,negative,0.007032605876039598
1271594834235723777,negative,0.3288797539425955
1271594834319544320,negative,6.236105015602125e-07
1271594834504167424,negative,0.15797133755319195
1271594834550284289,negative,0.0016737896560586971
1271594834655051776,negative,7.068318948227815e-05
1271594836085411843,negative,0.016484729189398986
1271594836932489216,negative,0.027532586259180133
1271594836995555329,negative,0.04031304755783594
1271594837201096704,negative,0.247063879962607
1271594837347913732,negative,0.11977335694342968
1271594837666562048,negative,0.0006910628713854972
1271594838316761092,negative,0.09038507580680345
1271594838685888514,neutral,0.3381189830050101
1271594838807457792,negative,0.0021654829331670053
1271594838828486657,negative,0.00016628924848785266
1271594838857744391,negative,0.0003233811052226306
1271594840447303682,neutral,0.5951675001484593
1271594840569118728,negative,0.03180962742221007
1271594840569131008,negative,0.00174812024433325
1271594840703336448,negative,0.027994019961084117
1271594840749465610,negative,3.0373461343041953e-05
1271594841013653504,neutral,0.437369725752128
1271594841349197824,neutral,0.5086822984492476
1271594841621790720,negative,3.0364421561833313e-07
1271594841911242752,negative,0.0017306761601493205
1271594842028675077,negative,1.1573749228603835e-05
1271594842234277890,negative,0.17870078326640873
1271594842477359105,neutral,0.37137062280538924
1271594842863226880,negative,0.002395107361095619
1271594845413552128,negative,0.0009998132630746103
1271594846046863360,negative,0.0009744606054909481
1271594846139174912,negative,7.057381430586534e-06
1271594846160109568,negative,0.017942742675452258
1271594846353010690,negative,0.05529088565565996
1271594846386638849,negative,0.09691127889263083
1271594846613012481,negative,0.0052481037657638166
1271594846667575298,negative,3.87980426095905e-08
1271594847934337025,negative,0.00947957500931297
1271594849083559936,negative,0.0049931257891536055
1271594849377099782,negative,0.029221171854788907
1271594849507004418,negative,0.0028290743903026405
1271594849544871943,negative,0.01394224286192618
1271594849813307393,neutral,0.37137062280538924
1271594850366914562,negative,0.1214502935701728
1271594850421403648,neutral,0.49789225920557484
1271594850534789120,negative,0.0005358077387413497
1271594850752827393,negative,0.005894416270567474
1271594850857574402,neutral,0.37137062280538924
1271594851306483714,negative,0.0025023475565534373
1271594851474251783,negative,0.3185011950405954
1271594851482599425,negative,7.559685904674855e-07
1271594853311414275,negative,0.0003467318676980753
1271594853466587137,negative,6.372510672568204e-08
1271594853525323777,negative,0.020144476084628184
1271594854208942081,negative,0.0104512080296335
1271594854330576896,negative,0.025253823303586633
1271594854552948736,negative,0.09265556145431061
1271594854603280387,negative,0.012461089117349843
1271594854917816322,negative,0.012676502386934916
1271594855140032513,negative,0.25210092930812733
1271594855307804672,negative,0.003235748187215404
1271594856746569730,positive,0.6801874660219824
1271594857161732103,negative,3.759814752818217e-05
1271594857182658560,negative,0.00012358293547957858
1271594857262231552,negative,0.002859762312054936
1271594857379827713,negative,0.005894416270567474
1271594857681870848,negative,0.11512413054169918
1271594857782525957,negative,0.0013327655293858542
1271594858285850631,negative,0.02694200877819227
1271594858290044933,negative,0.2178596778379981
1271594858713620480,neutral,0.33677065988963156
1271594858873008131,negative,0.1531297570322498
1271594858898165761,negative,0.0005358077387413497
1271594859091030020,negative,0.0738052908258682
1271594859191775235,negative,0.007599598437030047
1271594859212812289,negative,0.2675637579473606
1271594859317596161,negative,6.933715641352626e-07
1271594859372085248,positive,0.671337306919619
1271594859372167168,negative,0.046484769731093445
1271594859489570816,neutral,0.5557609359217999
1271594859535581186,neutral,0.37137062280538924
1271594861179875330,neutral,0.3381189830050101
1271594861850955777,negative,0.003966340450385004
1271594862874447872,negative,0.009272739832239805
1271594862882807812,neutral,0.49789225920557484
1271594862979289088,negative,0.007954934633077601
1271594863151271943,negative,0.00016628924848785266
1271594863155445760,negative,0.001901169423473427
1271594863247704064,negative,4.174804265929342e-05
1271594863469957126,negative,0.005442591338877343
1271594863507566592,negative,7.236773637704521e-08
1271594863591657472,negative,0.00011791760518418482
1271594863839121408,negative,0.16468321856683196
1271594864438804480,negative,0.011013279854401599
1271594865508470785,neutral,0.3381189830050101
1271594865843822597,negative,0.00020948077847806584
1271594866108219393,negative,0.19696061213560703
1271594866330480646,negative,0.000912239688992045
1271594866468937728,negative,0.0016678004752792802
1271594866905092100,negative,0.000143355407952265
1271594866938482688,negative,1.8066554511466122e-05
1271594866963697665,negative,0.0018872397992757413
1271594866980433920,negative,0.025667753840381006
1271594867081252868,negative,0.0156931621035888
1271594867211284480,negative,2.247260680282803e-05
1271594867613929473,positive,0.671337306919619
1271594867718860807,negative,0.005418557774496371
1271594867748212736,negative,7.236773637704521e-08
1271594869794967557,negative,1.858430522996556e-11
1271594869799235590,negative,0.1462919561686419
1271594869895704578,negative,0.058859145453436186
1271594870780526592,negative,0.002647930587441848
1271594870847582208,negative,0.19117907662564027
1271594870977769475,negative,0.21921412548362115
1271594871317553152,negative,0.00157921824750368
1271594871535685632,negative,0.001692668414928518
1271594871598411776,negative,0.0022480160405335303
1271594871703339008,negative,0.011824671861269169
1271594871829204992,neutral,0.33616737664065877
1271594872147980294,negative,0.10514448070994588
1271594872248688640,negative,0.05670946645000067
1271594873917931522,negative,0.1425383493841422
1271594874069008387,negative,0.020278782155300823
1271594874144505856,neutral,0.33758533303423804
1271594874752708608,negative,1.529128086588804e-08
1271594875096412160,negative,6.651417171297109e-05
1271594875490832384,neutral,0.5223790886978289
1271594875709001729,negative,0.0017493967060272677
1271594876325572616,negative,3.642187349527079e-05
1271594876665319425,negative,0.09492797246151588
1271594877105700864,negative,0.03980030593590898
1271594877164441600,negative,0.00538219475894898
1271594877973934081,negative,0.1345563302462907
1271594878267523072,negative,0.0005358077387413497
1271594878288506881,negative,0.03741913287327554
1271594878774976515,negative,0.026615173795510632
1271594878791794688,negative,1.9717214844265914e-05
1271594879198560256,negative,0.008349962609438969
1271594879215218688,positive,0.9370963265055049
1271594880041533440,neutral,0.37137062280538924
1271594880263913539,negative,0.020843475615903516
1271594880377204737,negative,0.008843466923172156
1271594881438318592,negative,0.0013500118160885842
1271594881480359939,neutral,0.5114520767311611
1271594881538981889,negative,0.01019930236698043
1271594881765515266,negative,0.0009229076005555737
1271594881845129216,negative,0.002603403939127732
1271594882570891264,negative,0.19696061213560703
1271594883049013252,positive,0.919250368288601
1271594883195842561,negative,0.0013687034923550677
1271594883288088577,negative,1.0363719146666542e-10
1271594883392909315,negative,1.1383900157404603e-05
1271594883564793856,neutral,0.36016203400974833
1271594883787218945,negative,0.009272739832239805
1271594883946553344,negative,0.16775993918114807
1271594884131061760,negative,0.07802105340640744
1271594884441542656,negative,0.005464156077778554
1271594884500090880,negative,0.1389658167623384
1271594884504252416,neutral,0.5250000726173387
1271594886618394631,negative,6.807255440551059e-06
1271594887075553286,negative,0.0005629299174020448
1271594887490596866,negative,0.0048031083353694045
1271594887998246916,negative,0.005797130800697261
1271594888123965440,negative,0.003868053998178824
1271594888161890304,neutral,0.3471587350631319
1271594888363196417,negative,6.47049924763126e-10
1271594888371605505,neutral,0.41512299443962647
1271594888971325442,negative,3.6038066262040683e-06
1271594889038278656,negative,0.10499275426788209
1271594890892316678,negative,0.1097320238881754
1271594891315994624,negative,0.04522832744869091
1271594891332800513,negative,1.521227807961675e-05
1271594891429249025,negative,0.01786866897430779
1271594892100120576,negative,0.0011610338722011892
1271594892117053440,positive,0.66231194161374
1271594892788215808,negative,0.0005358077387413497
1271594895229308928,negative,1.8066554511466122e-05
1271594895648702464,negative,0.08002465081650481
1271594896432955392,negative,0.002011634341865091
1271594896542117890,negative,0.0030962533129290652
1271594896797970432,negative,0.066152711868498
1271594897146085382,negative,0.03441742051302658
1271594897200611328,negative,2.095385694694507e-05
1271594897263427584,neutral,0.46052437398802043
1271594897582231553,neutral,0.36728291019967485
1271594897729097728,negative,0.06756897342989703
1271594897913581568,negative,0.0002833791535977362
1271594898035224576,negative,0.019769416762618255
1271594898190409730,negative,0.013236169114866346
1271594898194681856,negative,0.00033989400430451566
1271594898249179136,neutral,0.35451443008515343
1271594898412748800,negative,0.03180962742221007
1271594898987397123,negative,0.2013198904030459
1271594899020939264,negative,0.00308114249087142
1271594899217891329,negative,0.0078193058834384
1271594899427581953,negative,0.005934072506219557
1271594899897487360,neutral,0.3381189830050101
1271594899935236098,neutral,0.3381189830050101
1271594899985424384,negative,0.0024968577181432848
1271594900367249411,negative,0.10308209910793978
1271594900849594368,negative,0.03980030593590898
1271594900941930496,negative,0.005491895574107135
1271594901126479877,positive,0.8491288450687247
1271594901193588739,negative,0.0026824166798156334
1271594901340409856,negative,0.0005097346949993484
1271594901483016199,negative,0.008675271944755213
1271594901680128000,negative,0.036039432352759866
1271594903114584064,negative,0.008941039787373378
1271594903563272197,negative,0.002690049271928379
1271594903731163138,negative,0.00016628924848785266
1271594903936655362,negative,0.08346383870731802
1271594904007970818,negative,3.4225384347909527e-10
1271594904096051206,negative,0.059671090874769454
1271594904947355648,negative,0.002244409845045471
1271594905178124288,neutral,0.593052457927968
1271594905362731016,negative,0.007032605876039598
1271594905698217991,negative,0.0011181448474606006
1271594907422031876,negative,0.018720000499947858
1271594907485028352,negative,0.16181369063462486
1271594907526979589,negative,5.441150910276011e-06
1271594907828998147,negative,0.22513179180885018
1271594908034293760,negative,0.027623790815660947
1271594908130967560,negative,0.24322280861845813
1271594908751548416,positive,0.8469798462276125
1271594908764299266,negative,0.046484769731093445
1271594908806242310,neutral,0.49789225920557484
1271594908915097600,neutral,0.3663177838328366
1271594909095661574,negative,0.0047719842724344205
1271594909124956160,negative,0.09288522946839645
1271594909364105216,negative,0.0005358077387413497
1271594909628346369,negative,0.09479322597697783
1271594911255744512,negative,0.07004544571930048
1271594911922630657,negative,0.00016628924848785266
1271594911998017537,negative,6.549268851447127e-05
1271594912040079360,negative,0.02571461235795558
1271594912488787968,negative,0.010490594687505917
1271594912543318016,negative,0.00016628924848785266
1271594912723529729,negative,0.15034545716601083
1271594913101209600,negative,0.00019310143173641915
1271594913231245312,negative,0.007599598437030047
1271594913482838018,neutral,0.39775547992656113
1271594913843621895,negative,0.07438574367321313
1271594913977729026,negative,0.012676502386934916
1271594914560782337,negative,0.1482467867671215
1271594914585939969,negative,0.10985503115869757
1271594914724425728,neutral,0.37137062280538924
1271594915181604877,neutral,0.36804641224541984
1271594915751919622,negative,9.927077659456977e-05
1271594915764592640,negative,1.56260701404286e-05
1271594915965919234,negative,0.0007347012805466259
1271594916121120769,negative,0.002354434163065829
1271594916351705088,negative,0.013215736956266502
1271594916355989504,neutral,0.3729713136302556
1271594916834091008,negative,0.0009114594262152758
1271594917115068417,negative,0.022580389085052423
1271594917245136896,neutral,0.378689544760795
1271594917609996288,negative,0.015946341074103896
1271594917928865795,negative,0.2793168272936149
1271594918360817666,negative,0.00012620416619300753
1271594920034414593,negative,0.004807635226654688
1271594920126681088,negative,0.018720000499947858
1271594921980502023,negative,0.0003291735782151038
1271594922458648576,negative,0.1746132490236937
1271594922777419776,neutral,0.4971689282361413
1271594922890522624,negative,0.0021926854535329983
1271594922987134977,negative,0.207812000337651
1271594923167559682,negative,0.009165616382823217
1271594923381469184,negative,0.029390232212059084
1271594923435995137,negative,0.21522922087460308
1271594924123791367,negative,1.4087941363798072e-05
1271594924216143872,neutral,0.652988088600254
1271594924279058434,negative,0.07052807109812305
1271594924295806977,negative,0.0138873462473176
1271594924325179398,negative,0.045456148654141694
1271594924648148993,negative,0.015946341074103896
1271594925403111426,negative,0.00026706758266826873
1271594925470212096,negative,0.1735162678381825
1271594925822554118,negative,0.002402106420951482
1271594926401183744,negative,0.0006241418087332106
1271594926590042116,negative,1.56260701404286e-05
1271594926644637697,negative,0.26812582956602965
1271594926913081344,negative,0.0002580519377169914
1271594928368431104,neutral,0.49789225920557484
1271594929031131138,negative,0.045780881943885916
1271594929391886337,neutral,0.35451443008515343
1271594929467392005,negative,8.533047907544956e-05
1271594929870045184,negative,0.15621973465855926
1271594929895157760,negative,0.2074948730639853
1271594930163658753,negative,0.26042539244000984
1271594930419511303,negative,0.03840564920058137
1271594930423697408,negative,0.0022396565939442623
1271594930486611968,negative,0.026102557911560516
1271594933074493442,negative,0.035802745779800874
1271594933351256069,negative,0.00016628924848785266
1271594933649096705,negative,0.030522596669858786
1271594933728796673,neutral,0.35451443008515343
1271594934668333066,positive,0.6624055896622104
1271594934823538691,negative,0.0008982661135303776
1271594935159005184,neutral,0.36016203400974833
1271594935393947648,negative,7.2884477388465e-05
1271594936123756546,negative,0.00016628924848785266
1271594936203448320,negative,0.01879425341181135
1271594936215928833,negative,0.2619066384264206
1271594936283127814,negative,0.08657935643817384
1271594937251852288,negative,7.712469263144676e-07
1271594938548002816,negative,0.15797133755319195
1271594938833285120,negative,0.2178596778379981
1271594939638599682,negative,0.0020796225747063244
1271594939797909505,neutral,0.4147342023902695
1271594940968173569,negative,0.07576476733212008
1271594942398451712,negative,1.69597407704258e-05
1271594942943637505,negative,0.00035906451510812285
1271594943069519873,negative,0.034865433542034696
1271594943400869890,negative,0.04993845058436656
1271594943820304385,neutral,0.4147342023902695
1271594944172621825,negative,0.0004918445083161235
1271594945263124482,negative,0.00026706758266826873
1271594945313456131,negative,0.03272233978044458
1271594945346969600,negative,0.014671905097468962
1271594945468674048,negative,0.00019894404832740268
1271594945867104256,negative,1.56260701404286e-05
1271594945917353994,negative,0.04452012351409817
1271594946995380224,negative,0.00015677010661995625
1271594947024687104,negative,0.04128357388082546
1271594947330936832,negative,1.8066554511466122e-05
1271594947549036544,negative,2.5711403750356846e-05
1271594947884564482,negative,0.05715304496643487
1271594949524557826,negative,1.2443000386703914e-05
1271594949688070145,negative,3.6826143228758263e-06
1271594949742661632,negative,0.2663312715985176
1271594949860089862,negative,0.12232212492665377
1271594950031966211,positive,0.9971599453449101
1271594950157897728,negative,0.08755479736043725
1271594950157897730,negative,0.13366445842185576
1271594950858326019,negative,0.1067748298512315
1271594950954815488,negative,0.00174812024433325
1271594950975787012,negative,2.247260680282803e-05
1271594951197982721,negative,0.18099732902935056
1271594951286161409,negative,0.003748297958044414
1271594951487434752,negative,0.003966340450385004
1271594951785185280,negative,0.0005664754589600321
1271594951932076033,negative,0.002649224839640095
1271594954226315264,neutral,0.33758533303423804
1271594954503094273,negative,0.04495357886299508
1271594955019075585,negative,0.029160432015274185
1271594955170025473,negative,0.006786245260062082
1271594955480449024,negative,0.0037169529442464887
1271594955492913153,neutral,0.37137062280538924
1271594955660820484,negative,0.03392608872251922
1271594955790745603,negative,0.0024968577181432848
1271594957695041541,negative,0.005894416270567474
1271594957854461952,negative,0.1509638433843287
1271594958080880642,negative,0.0023170344461177867
1271594958412288002,negative,0.007492293006742919
1271594958609354754,negative,0.006032194594089851
1271594958642913282,negative,0.3282419999848567
1271594959230074880,negative,2.9295694275706173e-05
1271594959448223745,negative,2.5190433995831867e-07
1271594959460864001,negative,0.22707567550596763
1271594959658012672,negative,6.417623938108635e-06
1271594960404520960,negative,0.31888999851805766
1271594962111680514,negative,2.0340974624578524e-05
1271594962153545729,negative,0.027565523875858356
1271594962187157506,negative,1.56260701404286e-05
1271594962350747650,negative,0.00015194828200427033
1271594962711457793,negative,0.00015296993918904026
1271594962807918597,neutral,0.3381189830050101
1271594963118276611,positive,0.7500377016963704
1271594963592232960,negative,0.0052481037657638166
1271594963994923008,negative,0.007599598437030047
1271594964191977474,neutral,0.3381189830050101
1271594964263276544,negative,0.2711837416539368
1271594964561117186,negative,0.08443717298689003
1271594964766597121,neutral,0.49789225920557484
1271594964842172420,negative,0.03385442273293731
1271594964976316416,negative,1.56260701404286e-05
1271594966104539138,negative,0.15853461679148867
1271594966364684289,negative,9.277104909360398e-05
1271594966628790272,negative,0.24617847132345658
1271594967534907392,negative,0.07548348367933097
1271594967920762882,negative,0.0017018051896301686
1271594968277299202,negative,0.19753827322328846
1271594968486834177,negative,0.04856417482984855
1271594968612831234,negative,0.19696061213560703
1271594968960905217,neutral,0.5382559630277205
1271594968960958464,negative,0.0304496259340077
1271594970378645504,negative,0.09247221267086034
1271594970638663681,negative,0.0017393302914034377
1271594970768646145,negative,0.010828813502689029
1271594970978410497,negative,0.02428248049254861
1271594971171299329,negative,7.236773637704521e-08
1271594971221692422,negative,0.00020364906660212274
1271594971385204737,negative,0.08002465081650481
1271594971439792135,negative,0.00037841988979398666
1271594971544551426,negative,0.04251423792646359
1271594971620093952,negative,0.018720000499947858
1271594972270276613,negative,9.102863865556276e-09
1271594972291055616,negative,0.02086308191996785
1271594972312190976,negative,0.013828966198413433
1271594972790153216,negative,0.04915038932183661
1271594973029371904,positive,0.7500377016963704
1271594973037723649,negative,0.010391166754051594
1271594973390082049,negative,0.00098926270766603
1271594974493184000,negative,0.016028390439923025
1271594974946234369,negative,0.00022914088582834575
1271594975113940992,negative,1.4673037331225123e-09
1271594975743160322,negative,0.007599598437030047
1271594975755730944,negative,0.043598371671244036
1271594976347140096,neutral,0.3888964145301077
1271594977341198336,neutral,0.41781860539170623
1271594978645598210,negative,0.14645781416240358
1271594979186536448,negative,0.0003233884312043605
1271594979220209664,positive,0.7785049353121833
1271594979375407104,negative,0.012822345852146621
1271594979417378818,neutral,0.49789225920557484
1271594979488600067,negative,0.006586655210220882
1271594979518005248,negative,0.018720000499947858
1271594979622825985,negative,0.01937802032771674
1271594979756998656,negative,0.029221171854788907
1271594979820011522,negative,0.18909143581032145
1271594979933204481,negative,0.12834007218042814
1271594979970998278,negative,0.0018337118988898786
1271594980126134277,negative,0.20439966089722336
1271594981048942592,negative,0.009272739832239805
1271594981288001536,negative,0.00016628924848785266
1271594982877650944,negative,3.259140330267295e-06
1271594982919585799,negative,0.00023719053040000164
1271594983099957248,negative,0.0005489053839029666
1271594983607410689,neutral,0.5961447245028052
1271594983854878723,negative,9.32248500730709e-10
1271594984320503808,negative,0.00157921824750368
1271594984685408267,negative,0.30804175400927597
1271594984706318336,neutral,0.4670100671583925
1271594984949665792,negative,0.03804145621633427
1271594985138216963,negative,0.011703220097117726
1271594985154949123,negative,8.807948677607718e-09
1271594987445248003,negative,0.05390930377178826
1271594988284108804,neutral,0.47707813012399125
1271594989185839105,negative,0.004304179935250414
1271594989336887301,negative,0.00041279808053524723
1271594989508792321,negative,0.00833405580511987
1271594991236853761,negative,3.262796994869556e-05
1271594991262056448,negative,0.0024062061310469113
1271594991564075008,negative,0.16245209532593569
1271594991752790016,neutral,0.5764806789899272
1271594991819898880,negative,0.2293648348732376
1271594992285425665,neutral,0.42024583402094556
1271594993153605635,negative,1.8066554511466122e-05
1271594993279516672,negative,0.043598371671244036
1271594993677991936,negative,1.8066554511466122e-05
1271594993917079553,negative,0.03980030593590898
1271594993925357571,negative,0.02184521887723198
1271594993925439489,negative,2.8366000237145782e-05
1271594994109988864,negative,4.252655598254717e-05
1271594995598995457,negative,0.004074047576496962
1271594995791863809,negative,3.385068898618277e-08
1271594996131659779,negative,0.24052969772297803
1271594996291026946,negative,0.004475353618502788
1271594996471341059,negative,3.120374834494911e-05
1271594996676820998,negative,0.07783904481023335
1271594996874055690,negative,2.6919940098758276e-09
1271594998040068096,negative,0.05817995923428874
1271594998291664898,negative,0.00029809374182240313
1271594998430130177,negative,0.14893131294217962
1271594999642193921,negative,0.007954934633077601
1271595000535515137,negative,0.13711533949707508
1271595000573411329,negative,0.01879425341181135
1271595000774701060,positive,0.7500377016963704
1271595001584193539,negative,1.69597407704258e-05
1271595001735233536,negative,0.2367857765170704
1271595001781399552,negative,0.0015138443417578513
1271595002154700800,negative,0.015015247359126627
1271595002221809664,neutral,0.35451443008515343
1271595004469719042,negative,0.10468083000665482
1271595004784447488,negative,0.26812582956602965
1271595004830629888,negative,5.811014957101967e-05
1271595004859998210,negative,0.02428248049254861
1271595005967314951,negative,0.003364268207321072
1271595008412381184,negative,2.035881679519066e-07
1271595008509054978,negative,0.0014757485151678262
1271595009062637570,negative,0.008203027820586684
1271595009465335809,negative,0.04251423792646359
1271595009469489152,negative,7.236773637704521e-08
1271595009939308544,negative,0.27403404469589215
1271595010128056320,negative,0.049104666582742935
1271595010413248512,positive,0.8830788274688061
1271595010761412608,positive,0.9999986087154455
1271595010786340864,negative,0.05566311732737117
1271595011155595270,negative,0.31732489718339985
1271595011369508865,negative,0.013215736956266502
1271595012514594817,neutral,0.41781860539170623
1271595012707553280,negative,0.04233121355135234
1271595012783038465,negative,0.03191967173271012
1271595012866875392,negative,0.008658099919513919
1271595014188081152,negative,0.0015425978250262452
1271595014204936195,negative,1.3647027687336287e-06
1271595014645317632,negative,0.0002833791535977362
1271595014662078472,negative,0.2234587016537679
1271595014666227713,negative,7.068318948227815e-05
1271595014985076736,negative,0.002814794431818637
1271595016855617536,neutral,0.4670100671583925
1271595017207984135,negative,0.05694952400608121
1271595017803567104,negative,0.10404828731335701
1271595017975427072,negative,0.0002359138066391554
1271595018717810688,negative,0.14267964032288438
1271595019011592192,negative,0.3040949491800166
1271595019212816385,negative,0.25472943918112745
1271595019309404160,negative,4.469222354303953e-06
1271595019749797889,negative,0.0005351132759893319
1271595021196759043,negative,0.0005358077387413497
1271595021247143936,negative,0.03522801978430889
1271595021368770560,negative,0.039661460600298876
1271595021490405381,negative,0.055647503316027365
1271595021691691009,negative,8.013078018412087e-05
1271595022132015104,negative,0.10468083000665482
1271595022589272066,negative,0.08384635293073044
1271595022970834949,neutral,0.33402218903110614
1271595023163850753,negative,3.364793571456223e-07
1271595023339945984,negative,1.8066554511466122e-05
1271595023705006081,negative,0.0003291735782151038
1271595024904531974,negative,0.19502423039687414
1271595025105903618,negative,0.0005351132759893319
1271595025336537105,negative,0.2861479720919631
1271595025386913792,neutral,0.5953139771580094
1271595025986654210,neutral,0.5586274034083963
1271595026133508101,negative,0.00016628924848785266
1271595026242551813,negative,0.0004053881674361427
1271595027060396033,neutral,0.35138810142877774
1271595027224047617,neutral,0.6349245451717109
1271595027433762820,negative,0.10314861762569424
1271595027454517248,negative,7.236773637704521e-08
1271595027572162560,negative,7.34085919362028e-06
1271595029027569664,negative,3.051110301055629e-06
1271595029501526020,negative,0.002385125007943545
1271595029715398663,negative,0.00016628924848785266
1271595030281625601,negative,0.11724301712871528
1271595030332014592,positive,0.9462072543205989
1271595030378094597,negative,0.0010124928719095897
1271595030457847809,negative,2.0108481368057594e-14
1271595030864629761,negative,0.0015479159039830125
1271595030931783680,negative,4.908254204596775e-07
1271595031430864898,negative,0.026844430132098973
1271595033242804226,negative,0.0052481037657638166
1271595033372884994,negative,7.236773637704521e-08
1271595033733586946,neutral,0.437369725752128
1271595033830047745,negative,0.1359405910177105
1271595033930747910,neutral,0.4005061822858012
1271595034039611392,negative,0.05610309040052827
1271595034375315456,negative,0.08567657350151074
1271595034769534976,negative,3.2075213403441894e-07
1271595034798886913,negative,0.07638420358625374
1271595035050549248,negative,0.16437877331818024
1271595035230973952,negative,0.029160432015274185
1271595037562994690,negative,0.027565523875858356
1271595037688725504,negative,0.1154759273975014
1271595037705601025,neutral,0.6036802031617744
1271595037873311745,negative,1.3246117043244962e-05
1271595038015774720,negative,0.19502423039687414
1271595038192152577,negative,0.000339688469539509
1271595038330572801,negative,0.05778165759645869
1271595038485733377,negative,0.002014998529721484
1271595038628331520,negative,1.1461704275158383e-12
1271595038687068161,neutral,0.41861511544234964
1271595038875815936,negative,0.0004904402171362273
1271595039509164040,negative,3.923289882249249e-08
1271595040364802051,negative,0.0319832305431049
1271595041895723008,neutral,0.49738919646342195
1271595042420011010,negative,0.07638420358625374
1271595042541465600,negative,0.006360314398099976
1271595042642280449,negative,0.13666746933319543
1271595042814246912,neutral,0.6080386821958005
1271595043036504065,negative,6.89514623050423e-05
1271595043619516417,negative,0.0010574439661692945
1271595043657310208,negative,0.00015194828200427033
1271595043703476224,neutral,0.44654025683665294
1271595044001263617,negative,3.759814752818217e-05
1271595044122877954,negative,0.0017975636405116945
1271595044122906625,negative,0.005778215388417792
1271595044177358848,negative,7.34085919362028e-06
1271595045854932993,negative,0.026615173795510632
1271595046526242816,positive,0.7985503271437281
1271595046689783809,positive,0.943479172462514
1271595047318892544,negative,0.028829308868103528
1271595047348252673,negative,0.00360604252663834
1271595047633420288,negative,1.8066554511466122e-05
1271595047948075008,negative,0.012676502386934916
1271595047990054917,positive,0.8354453140636424
1271595048501731329,negative,0.00016628924848785266
1271595048933691392,negative,0.007273758293503932
1271595049034420226,negative,0.0008713156143761013
1271595049151803392,negative,0.012164792431929873
1271595049160249346,negative,0.0012192794942424126
1271595049302872065,neutral,0.386301521224711
1271595049403297793,negative,0.000640194181474336
1271595050405953542,negative,0.015946341074103896
1271595050481451009,neutral,0.6046767845999406
1271595050938568704,negative,0.026594391015495343
1271595050946920449,negative,0.2102535231998156
1271595051148349440,negative,0.07709941106590254
1271595051320315909,negative,0.0067781360847440865
1271595052188434435,negative,0.00463753026235298
1271595052385566728,neutral,0.37137062280538924
1271595052544987137,negative,0.0005358077387413497
1271595052632924161,negative,0.02219462288414203
1271595054298066944,negative,0.0099536958179938
1271595055124484097,negative,0.005626392366426678
1271595056076652547,negative,0.00016628924848785266
1271595056558940163,negative,0.005894416270567474
1271595058727395333,negative,2.3379441347559056e-05
1271595058773491713,negative,0.13531916419510004
1271595058953965568,negative,0.00174812024433325
1271595059293687811,negative,0.004885826623422249
1271595059440316416,negative,0.059853490285963144
1271595059499143169,negative,0.2785928761937945
1271595059704725506,negative,0.05670946645000067
1271595060224802820,positive,0.9969884738116033
1271595060761628677,neutral,0.33218997165471514
1271595061000704000,negative,0.005894416270567474
1271595062678499330,negative,0.01270562230709515
1271595062724526082,negative,2.7718437932992646e-05
1271595063177601030,negative,0.00016628924848785266
1271595063274082304,negative,0.07266237685794102
1271595064142082048,negative,0.07899020586992525
1271595064674996231,negative,0.01869269172761346
1271595065014714370,negative,0.2369710931082333
1271595065266393088,negative,1.8622650473105767e-05
1271595065329233921,negative,0.15028062016073773
1271595066931453953,negative,0.040886742976840425
1271595066944040962,negative,0.05407524571388609
1271595066969206784,negative,0.0005351132759893319
1271595067048972290,negative,0.04622763662947095
1271595067984220161,negative,0.32620683154629054
1271595068919631873,negative,0.1628976482749928
1271595069011828737,negative,0.0037126900627783457
1271595069208850434,neutral,0.49789225920557484
1271595069586452485,negative,0.00157921824750368
1271595069741715462,negative,0.00016628924848785266
1271595070504833024,negative,0.0002048726713843657
1271595071163428865,negative,0.001842031509920941
1271595071364673536,negative,0.060977394315009786
1271595071461371906,negative,0.10947484028698869
1271595071771721729,negative,0.03639846518878914
1271595072237125632,negative,0.0002558508086955222
1271595072757342209,negative,0.0012106060279649033
1271595072820252673,negative,0.006481674552523457
1271595072946081792,negative,0.2013198904030459
1271595073222971392,negative,0.04678529461188874
1271595073403269127,neutral,0.4494736039941976
1271595073411715072,negative,6.4675117100569094e-06
1271595073671553024,negative,0.05441436739544135
1271595075253014536,positive,0.9999989078734184
1271595075315826697,negative,0.19502423039687414
1271595075487891457,negative,0.0013876501219581817
1271595075785691136,negative,2.1842391029896e-10
1271595075970240512,negative,0.0474459692391914
1271595076121178112,neutral,0.35451443008515343
1271595077048119297,negative,0.06896063962103985
1271595077165555712,negative,0.2864145558920463
1271595077387849730,neutral,0.37137062280538924
1271595077886980098,neutral,0.4317244901253331
1271595077962534912,negative,0.007012448520741336
1271595078943944704,neutral,0.6001340851425573
1271595079107567616,neutral,0.5734576952979002
1271595079363371009,negative,0.0005351132759893319
1271595079375953927,negative,0.002418228708076309
1271595080009252864,negative,0.004627792637743774
1271595080563011585,negative,0.026615173795510632
1271595080718090242,negative,2.0314056196711032e-06
1271595081506656256,negative,0.043598371671244036
1271595081879805952,negative,1.8066554511466122e-05
1271595083498995712,negative,0.002690049271928379
1271595084367134720,positive,0.9227944488367448
1271595084576960512,negative,0.028671578439051198
1271595084581146626,negative,0.0017125853811969492
1271595084706955264,negative,0.020317130529569682
1271595084899921920,neutral,0.4864827405454799
1271595085055111170,negative,0.00947957500931297
1271595086233636864,negative,0.018231076434766017
1271595087743590401,negative,1.9565718695786653e-06
1271595087772807169,negative,0.08895573763113673
1271595088205041665,negative,0.000426425326169589
1271595088255373312,negative,0.2793168272936149
1271595089563987976,negative,0.003629126029984604
1271595089790472193,negative,0.01938689475747662
1271595092059607041,negative,0.001133739339096194
1271595092491599872,negative,1.1827147958064714e-08
1271595092533526529,negative,0.1452952045360196
1271595093410095106,negative,0.05498101268075469
1271595093733052416,negative,0.1253996594205582
1271595094215450624,negative,0.02428248049254861
1271595094525829125,negative,0.08343887924363161
1271595094966063104,neutral,0.37137062280538924
1271595095058497536,negative,8.621979034483508e-06
1271595095511441409,negative,0.03670255851540621
1271595096304160770,negative,0.027565523875858356
1271595096652292097,negative,0.016067361137479308
1271595096803336193,neutral,0.49789225920557484
1271595096807522304,negative,0.007851524530345622
1271595096971120640,negative,0.31732489718339985
1271595097000488960,negative,0.2754270282686694
1271595097461796864,negative,0.09571227820691126
1271595097491222529,negative,0.03852401479020202
1271595097759592450,positive,0.7342889744533279
1271595098069925888,negative,0.0001308306417306402
1271595098078359553,negative,0.0006975929141055585
1271595098124451840,negative,0.08343765112406505
1271595098443137024,negative,0.10544480435798667
1271595098632003585,negative,0.00016628924848785266
1271595098703306752,negative,0.00035292535048483053
1271595098896121856,negative,0.02734764205970332
1271595099147952129,negative,1.6653742212190865e-05
1271595100506853378,positive,0.7500377016963704
1271595100678893573,negative,0.006919290668276349
1271595101513531392,negative,0.013215736956266502
1271595101589028864,negative,0.00011791760518418482
1271595102193008640,negative,0.0012044465421223894
1271595102364938245,negative,0.038881944071731574
1271595102432120844,negative,0.0003291735782151038
1271595102503403522,negative,0.04009426361417171
1271595102889222151,negative,0.04975515155423994
1271595102998155264,negative,0.002395107361095619
1271595103027630081,neutral,0.37137062280538924
1271595103044472832,neutral,0.34117024056417766
1271595103170310152,negative,0.018720000499947858
1271595103400984577,neutral,0.5395981994168679
1271595104533430272,negative,0.322557555656934
1271595104646692864,negative,0.01869269172761346
1271595104722210817,negative,0.018720000499947858
1271595104877318144,negative,0.11373813647022821
1271595104919326725,negative,0.08377736378723098
1271595105074515970,negative,0.15261314195556575
1271595105275785216,negative,0.00011341912160628809
1271595105808347136,negative,0.07906732828171688
1271595105963687936,negative,0.05918955060256768
1271595106001391616,negative,0.19696061213560703
1271595106181709824,negative,0.17453743671759187
1271595106324418562,negative,1.4207994611248564e-05
1271595106395582464,neutral,0.37137062280538924
1271595106609573888,negative,1.8066554511466122e-05
1271595106651508739,negative,0.024971085989237807
1271595106907205632,negative,0.0009974481651954983
1271595108643766281,negative,0.027954505375746452
1271595108807241728,negative,3.6826143228758263e-06
1271595109314854913,negative,0.0017306761601493205
1271595109491056643,negative,1.0373451376065054e-06
1271595109667295232,negative,0.1581166898240233
1271595109877010439,positive,0.9856339366098104
1271595110313189376,negative,0.0006231497894395036
1271595110464135171,negative,0.0026474266740773504
1271595110699073537,negative,0.0672770373814434
1271595110724243456,negative,0.012461089117349843
1271595110745047040,negative,0.18367128826963394
1271595111466635266,negative,0.00011791760518418482
1271595112896901123,negative,0.1256518955108437
1271595113081380866,neutral,0.3582711781749802
1271595113840619521,negative,0.029221171854788907
1271595114255835139,negative,1.4207994611248564e-05
1271595114276798464,negative,0.042756460493535355
1271595114381684737,neutral,0.4373255837432663
1271595114524053505,negative,0.06669142154511797
1271595114545152002,negative,6.715968077645994e-05
1271595115019206664,negative,5.996158599301307e-05
1271595115325394944,neutral,0.3921392596637016
1271595116126449665,neutral,0.437369725752128
1271595116365479937,negative,0.30811908547226824
1271595116503891969,negative,0.0032361311571793036
1271595117695119362,negative,0.012461089117349843
1271595117909020672,neutral,0.49789225920557484
1271595118282313730,positive,0.8770595037839471
1271595118425001984,negative,0.30895589162194187
1271595119104450560,neutral,0.37137062280538924
1271595119205142528,negative,0.04522832744869091
1271595119301603330,negative,0.019721477309201214
1271595119339282432,negative,0.28942909895720287
1271595119565733889,negative,0.02937238919243106
1271595121272926208,negative,0.25472943918112745
1271595122069823489,positive,0.7500377016963704
1271595122111557633,negative,6.547150004312279e-07
1271595122245984258,positive,0.6711799493954328
1271595122728284160,negative,1.461698760348495e-05
1271595122954829825,negative,0.024266507849056956
1271595123122544641,negative,0.06842503420026794
1271595123277811712,negative,0.025455331827258496
1271595123562995712,negative,0.06704367277174415
1271595123659374592,negative,0.001249402941077617
1271595123755954181,neutral,0.49789225920557484
1271595124091506696,negative,0.0014964968060402438
1271595124649328640,positive,0.6824837810859113
1271595124657655814,positive,0.7868525013395837
1271595124880035841,neutral,0.3527781325425899
1271595125441998849,negative,0.1539623044922284
1271595125697904640,neutral,0.5388396818792685
1271595125714620416,negative,0.16408478889381753
1271595126046023680,positive,0.7072966497927144
1271595126230482944,neutral,0.6277393874979685
1271595126234714112,negative,0.00023210368265778503
1271595126238953472,neutral,0.437369725752128
1271595126419271680,negative,0.019748378830079343
1271595126901682176,negative,0.11977335694342968
1271595127165849606,negative,2.5144893589907698e-05
1271595127291760643,negative,0.20202823992238322
1271595127593742341,negative,0.00016397075895749168
1271595127795077120,negative,0.015042823667280525
1271595128130592768,negative,0.02349716528799922
1271595128164102144,negative,0.00020487407608389335
1271595128197713920,negative,0.005442591338877343
1271595128377929729,negative,7.559685904674855e-07
1271595129699172354,neutral,0.40720453526805733
1271595129841819650,neutral,0.4986480287086785
1271595130219368454,neutral,0.49789225920557484
1271595130315735040,negative,0.3194594848544355
1271595130437468161,negative,0.03786368867470405
1271595130785579008,negative,0.009626178459861249
1271595131389513730,negative,0.26480729042759577
1271595131578257410,negative,0.0006231497894395036
1271595131657912320,negative,0.08384635293073044
1271595131771260928,negative,0.2037944584840663
1271595132085776391,negative,7.856883121707006e-09
1271595132102590464,neutral,0.41781860539170623
1271595132425551883,negative,0.10519993819850311
1271595133990055937,negative,0.10697750540444037
1271595134174584832,negative,0.11613734936306654
1271595134627590145,negative,0.17716616806426133
1271595134702903296,negative,0.04692282387135488
1271595134925320195,negative,0.006910904816639039
1271595135067963394,negative,0.052699521493645936
1271595135080566784,negative,0.03379538114315777
1271595135248338944,negative,0.005211584107610013
1271595135688749056,negative,6.113368402411272e-06
1271595136116568064,neutral,0.5224160851291691
1271595138352103429,neutral,0.402351277127366
1271595139237130240,negative,0.01879425341181135
1271595139325181952,negative,1.982869685951316e-05
1271595139379666945,negative,0.22862000958994236
1271595139987898368,negative,0.0008816267248875178
1271595140038242309,negative,0.04622763662947095
1271595140403134465,negative,0.11960325461170818
1271595141904678912,negative,0.023881704366282723
1271595142424772610,negative,0.015360794228947589
1271595142500290560,negative,0.19125584716637198
1271595143192145920,neutral,0.41753713692819255
1271595143272030209,negative,0.00027585667296755586
1271595143460786178,neutral,0.5250137350369191
1271595143615954944,positive,0.8785031404427778
1271595143729160197,negative,0.04982513323672323
1271595143825588225,positive,0.848950511272544
1271595143825629184,negative,0.005894416270567474
1271595143871815681,negative,0.005894416270567474
1271595144077328384,neutral,0.48728019602140255
1271595146404982784,neutral,0.5136446707795853
1271595146468040704,negative,0.015946341074103896
1271595146518376448,negative,0.08279649112484168
1271595146577149952,neutral,0.48728019602140255
1271595146874949634,negative,0.009272739832239805
1271595147101458434,neutral,0.3720764215505338
1271595147159990274,negative,7.236773637704521e-08
1271595147407622146,negative,0.14633353210553995
1271595147768270850,negative,0.05495385505987401
1271595148649078784,negative,0.00015194828200427033
1271595148804345856,negative,0.003689380387998146
1271595148879814656,negative,0.0051879171713784845
1271595148909121536,negative,3.272138340107271e-05
1271595151165730816,positive,0.9971599453449101
1271595151253819392,negative,0.018720000499947858
1271595151782273024,negative,0.02428248049254861
1271595152306561025,negative,0.043598371671244036
1271595152574996480,negative,0.0035363016836760562
1271595152604377093,negative,0.23601448528989571
1271595152856043521,negative,0.1894815869607847
1271595153766170624,negative,0.015818377001830374
1271595153975844868,positive,0.9851057850232864
1271595154219110400,negative,0.015946341074103896
1271595155498455046,negative,0.03313521616478881
1271595156026908676,negative,0.004506232380367871
1271595156370751490,negative,0.005894416270567474
1271595156391825415,negative,0.0021674559632456707
1271595156593090561,negative,0.002455018590874217
1271595159247974400,positive,0.7597267057165485
1271595159264702464,negative,0.0024062061310469113
1271595159294279686,positive,0.9627703181418313
1271595159302680576,negative,0.19502423039687414
1271595159671713793,negative,0.00016628924848785266
1271595159688548354,negative,3.262796994869556e-05
1271595159994593282,negative,0.002395107361095619
1271595160225239041,neutral,0.5050329084912144
1271595161034928128,negative,0.01879425341181135
1271595161747939328,neutral,0.4005061822858012
1271595161936637958,negative,0.12971033910134214
1271595163207467010,negative,0.08048926307149065
1271595163245142017,negative,0.14546600854248376
1271595163635404802,negative,0.01650456329576657
1271595163673079809,negative,0.30565950327191876
1271595164033744902,negative,0.015946341074103896
1271595164176470018,negative,3.642834957537766e-05
1271595164482654211,negative,0.16181369063462486
1271595164574920706,negative,0.04251423792646359
1271595164788838402,neutral,0.5503614595871701
1271595165136887808,negative,0.2513992200403223
1271595165522812933,negative,0.07638420358625374
1271595165581324288,negative,0.0012359037580937722
1271595165766037505,negative,1.69597407704258e-05
1271595167666102272,negative,0.13666746933319543
1271595167804506118,negative,0.25472943918112745
1271595168362303495,neutral,0.4153373325707398
1271595168894984194,negative,0.04928102858547526
1271595169234681856,negative,0.18428907294222283
1271595169637437440,negative,0.018720000499947858
1271595169897480193,negative,0.0007302415906580136
1271595170153279490,negative,0.29456521167494
1271595170241232896,negative,0.03852401479020202
1271595170962665472,negative,0.05103743894383572
1271595171780743168,negative,0.012602357555795463
1271595171918954496,negative,0.0558885799001062
1271595172296450048,negative,8.086021873723155e-10
1271595173169057793,negative,0.05495385505987401
1271595173173096449,negative,0.0008789073046675744
1271595173269704707,neutral,0.3365413891579076
1271595173441650688,negative,0.02095963586809388
1271595173680685059,neutral,0.5984647417168318
1271595174024658950,positive,0.671337306919619
1271595174087532546,negative,9.250877231731503e-05
1271595174246920193,negative,0.0003707774277179674
1271595174305595392,negative,0.04982485881223454
1271595176025182209,negative,0.004040449757399705
1271595176092413952,negative,0.0015425978250262452
1271595176406982656,neutral,0.49789225920557484
1271595176570560523,negative,0.00331922673685571
1271595176666882048,negative,1.701953396277818e-13
1271595176683810819,negative,0.1735162678381825
1271595176838991874,neutral,0.4464747893532854
1271595176859967488,negative,0.0003403263285936203
1271595177082269697,negative,0.00331922673685571
1271595177115820034,negative,0.09094452121304596
1271595178483232769,negative,6.547150004312279e-07
1271595178508369923,negative,0.01613134221219101
1271595178562744321,negative,0.0748408102365535
1271595179288473601,positive,0.9338531583458919
1271595179515019265,negative,0.13407063489491589
1271595180160843776,negative,0.018720000499947858
1271595180303491073,negative,0.0015425978250262452
1271595180429176832,negative,0.0004402257474701295
1271595180471259137,neutral,0.5387190600295468
1271595180819386368,negative,0.03840564920058137
1271595180987203587,neutral,0.35451443008515343
1271595181209456645,neutral,0.5533970533999424
1271595181305999366,negative,7.34085919362028e-06
1271595181356220416,negative,0.08772194548735257
1271595181490556928,negative,0.18411135322596078
1271595181708578818,negative,0.016827647723842706
1271595181746409472,negative,0.06551570172952749
1271595181905719296,negative,0.00157921824750368
1271595181939228672,negative,4.158333917746335e-10
1271595182308327424,negative,0.012574626685848148
1271595182660689920,negative,0.00174812024433325
1271595182669082624,negative,1.8066554511466122e-05
1271595184883666945,negative,0.004170513126696329
1271595185168961537,negative,0.14410793523239068
1271595185219256321,neutral,0.4737554465528978
1271595185584115713,negative,0.0013861122586575497
1271595186003619848,neutral,0.44709097055441516
1271595186058117121,negative,0.2931447647600165
1271595186259472384,negative,0.01370995582809523
1271595186305544192,negative,1.8066554511466122e-05
1271595186758520833,negative,0.0006015443518268015
1271595186859229184,neutral,0.33758533303423804
1271595186867576841,negative,0.08375314249704137
1271595187345805312,negative,3.515149591226573e-06
1271595188742500352,neutral,0.6036802031617744
1271595189082169344,neutral,0.42507619662732005
1271595189153476609,negative,0.1090995918464721
1271595189472280576,negative,4.306354617242347e-05
1271595189484818434,neutral,0.37137062280538924
1271595189610721282,negative,0.0006231497894395036
1271595190155915264,negative,0.04218669497804939
1271595190659227654,positive,0.7095755346106257
1271595190902546432,neutral,0.521368131288663
1271595192584474624,negative,0.19502423039687414
1271595192701902849,negative,0.0027595781955156553
1271595193360429056,neutral,0.34638483729906117
1271595193947623428,neutral,0.42974296076503926
1271595194232852495,neutral,0.3566313625838256
1271595194417401856,neutral,0.6508296860713119
1271595194505474049,neutral,0.437369725752128
1271595194740326400,negative,0.006169027287155187
1271595194799067141,negative,0.13077557299534168
1271595195000389632,negative,7.178974134898367e-06
1271595195071692802,negative,0.018358367989957432
1271595196959129603,negative,0.0034124949234482223
1271595197160476672,negative,0.030450753042030643
1271595197324017664,negative,2.3697535951529512e-05
1271595198057869312,negative,0.017623280337665817
1271595198091612167,negative,0.007851522397655828
1271595198124974081,negative,0.0036838954580570072
1271595198599049218,negative,0.00012358293547957858
1271595198632656897,negative,0.00263433193629408
1271595198737416194,negative,0.0071479933406052385
1271595199026941953,negative,0.0005109479144129629
1271595199240835072,negative,0.1952814587246654
1271595199655968768,negative,7.65543043508159e-05
1271595201451057152,negative,0.06554123932627214
1271595201782521856,negative,0.005571168276509316
1271595202445283328,negative,0.1735162678381825
1271595202487214081,negative,0.015946341074103896
1271595202835288069,negative,0.002886944683696644
1271595203032420353,neutral,0.3381189830050101
1271595203481219072,negative,0.052594005821126895
1271595203602731008,negative,6.898181232754515e-05
1271595203766423552,negative,0.018720000499947858
1271595204018044929,negative,0.005894416270567474
1271595204034904064,negative,0.05071150532714072
1271595204122943491,negative,0.3040949491800166
1271595205175791618,positive,0.9615673433593547
1271595205565861888,negative,0.03083905107804863
1271595205741948929,negative,3.072815189691473e-09
1271595206073290753,neutral,0.37137062280538924
1271595206186602497,negative,2.7140006421199906e-09
1271595206408843264,negative,6.147596175069835e-13
1271595206450843648,neutral,0.3381189830050101
1271595206509506561,negative,0.0005358077387413497
1271595206715064320,negative,0.010656132409465554
1271595206928891904,negative,0.0002777101416879783
1271595207704928256,negative,0.00011901263857809462
1271595208011063297,negative,0.32888859247371827
1271595208107601921,neutral,0.386301521224711
1271595208266985472,negative,0.3247013834969909
1271595209428742144,negative,3.155922218932724e-13
1271595209650958336,negative,0.04444805491636417
1271595210200547329,negative,1.56260701404286e-05
1271595210296999936,negative,0.00157921824750368
1271595210573824001,neutral,0.4657710657352271
1271595210578018305,negative,0.23221286567150895
1271595210666061826,negative,6.898181232754515e-05
1271595210863071232,negative,1.639491521713655e-05
1271595210972299265,negative,0.0002558508086955222
1271595211270107139,negative,0.0364201159833948
1271595211509190657,negative,0.005442591338877343
1271595212121522176,positive,0.8496322213967735
1271595212419325952,negative,0.11753252004253456
1271595212536758272,negative,0.013722089811662992
1271595215149768706,negative,0.0096099907718678
1271595215154040835,negative,0.025152324668022856
1271595216244531200,negative,0.005894416270567474
1271595216512987136,negative,0.0006056870120402355
1271595216781402112,negative,0.17160651905343313
1271595217167224833,negative,0.165428507315126
1271595217389527046,negative,1.2207976493888051e-06
1271595217871929350,negative,0.2293648348732376
1271595218136174592,positive,0.8601804737882565
1271595218903670789,neutral,0.4816665642216443
1271595218945662976,negative,0.004304179935250414
1271595219172163584,neutral,0.4420606323680076
1271595219402862598,negative,0.22019550473541924
1271595219524423692,neutral,0.37137062280538924
1271595219876798466,negative,0.1243274105699082
1271595219985850368,negative,0.05498101268075469
1271595220036018176,negative,0.07802105340640744
1271595222095605766,negative,0.0019660331236129296
1271595222171029510,negative,0.1398072778913167
1271595222418456576,negative,0.0052481037657638166
1271595222523404296,neutral,0.35451443008515343
1271595222552719362,negative,0.19502423039687414
1271595222674345987,negative,0.12186808433261274
1271595222707945472,negative,0.15719799486515945
1271595222712098817,negative,0.0014430253150947822
1271595222758297601,negative,0.00011901263857809462
1271595222884114440,negative,0.043598371671244036
1271595222926049280,negative,9.666622503284732e-12
1271595223131598854,neutral,0.3381189830050101
1271595223223873537,negative,0.00011341912160628809
1271595224331100160,negative,0.052594005821126895
1271595224566038530,negative,0.015946341074103896
1271595226155671557,negative,0.006129407442935873
1271595226424053763,negative,0.0006231497894395036
1271595226533113861,negative,1.5936469852570445e-07
1271595227971825666,negative,0.0003291735782151038
1271595227988582406,negative,0.012708369720783054
1271595228009463810,negative,0.22707567550596763
1271595228223303680,negative,0.10636645721067954
1271595228265426949,neutral,0.49789225920557484
1271595228638650368,negative,0.00242212302046956
1271595228710031360,negative,0.001678927428641551
1271595228915306496,negative,0.19502423039687414
1271595230329016321,negative,0.07619269198218341
1271595230542721025,negative,0.16437877331818024
1271595230563897344,negative,0.21053211227542848
1271595230823841792,negative,0.00020729289391964366
1271595230882607108,negative,0.001842031509920941
1271595230920355841,neutral,0.3916387603988135
1271595231000113153,negative,0.2864145558920463
1271595231071387654,neutral,0.41631297305422466
1271595232400826369,neutral,0.4497406693020771
1271595232426029056,negative,0.02772639301037019
1271595232489021441,negative,0.006530412676232573
1271595234523217920,neutral,0.37137062280538924
1271595234972045319,negative,0.04455276186121532
1271595235521499137,negative,0.2864145558920463
1271595235567689730,negative,6.920376026379075e-05
1271595235676749824,negative,0.0005358077387413497
1271595236062568449,negative,0.08991031756420025
1271595236905623561,negative,0.005894416270567474
1271595237031530496,negative,0.24007054999619037
1271595237186699274,negative,0.002385125007943545
1271595237295697921,neutral,0.5654773747761445
1271595238981804033,negative,0.014003334576109852
1271595239032135681,neutral,0.4814216422911448
1271595239460032514,negative,0.00023210368265778503
1271595239464189953,negative,9.527035259136381e-05
1271595239996903425,negative,5.716584451131498e-05
1271595240709898241,negative,0.0009222500237135036
1271595240718315521,negative,0.29456521167494
1271595241556963328,negative,0.001842031509920941
1271595241754243075,negative,0.10040931132408538
1271595242005901312,negative,1.164841024350142e-06
1271595242123378689,negative,0.027565523875858356
1271595243218046976,neutral,0.48728019602140255
1271595243239026688,negative,0.052594005821126895
1271595243251601408,negative,0.004007246886333099
1271595243352309760,negative,0.05933272879180148
1271595243662651392,negative,0.00021486174134923317
1271595243792748544,negative,0.05610309040052827
1271595244069371905,negative,0.0026824166798156334
1271595244262391813,negative,0.03840564920058137
1271595244493160450,negative,0.03878565347951521
1271595244598026240,negative,1.69597407704258e-05
1271595244925190151,negative,0.01304921627817819
1271595245101355009,negative,0.09038507580680345
1271595245113925632,neutral,0.3381189830050101
1271595245613039616,negative,0.018720000499947858
1271595247483654144,negative,0.001364705874881289
1271595247542439937,negative,0.00014840749909568357
1271595247844327425,negative,0.015495196099990964
1271595247861145607,negative,0.1952814587246654
1271595247936684032,negative,7.34085919362028e-06
1271595248028921856,negative,0.0010423835567295065
1271595248053972997,negative,0.002395107361095619
1271595248519692289,neutral,0.34117024056417766
1271595248574181377,negative,7.277010502307903e-05
1271595248947548161,neutral,0.4563680289536856
1271595249044000772,negative,0.00889417161954398
1271595249085886464,negative,0.0005358077387413497
1271595249144651776,negative,0.005211584107610013
1271595249299841025,negative,0.002395107361095619
1271595249534631937,negative,0.00966511328672513
1271595251388555269,positive,0.9835583806924769
1271595251711475712,negative,0.12056596353541715
1271595252122636288,negative,1.56260701404286e-05
1271595252176916480,negative,0.1638173718807725
1271595252281982983,negative,1.6126784961714568e-07
1271595252554649602,negative,0.026615173795510632
1271595252575612928,negative,0.08816317014420962
1271595252810502144,negative,0.1853447716208767
1271595252948897793,negative,0.02109364383368982
1271595252994932738,negative,0.13478781738847143
1271595253288652802,negative,0.00016628924848785266
1271595255968731138,negative,0.01544564750963558
1271595256027496453,negative,0.11079897767716436
1271595256040042498,negative,0.00011607951946848689
1271595256124002304,negative,0.14893131294217962
1271595256539238402,negative,0.018231076434766017
1271595256769847296,negative,0.14308527386746261
1271595256811859968,negative,0.00014135418027445295
1271595257348718592,negative,0.2864145558920463
1271595257482919938,negative,0.004818338226078496
1271595257520676875,negative,0.0006646862251329879
1271595259722694659,negative,0.06522199196657295
1271595259789795330,negative,0.0615331638563064
1271595259823300608,negative,0.012048449486750596
1271595259827499009,negative,0.00016628924848785266
1271595259936608256,negative,0.16675725443878675
1271595260666425351,negative,0.006763622611903141
1271595260682989570,negative,0.02085235422351936
1271595260699967493,neutral,0.35451443008515343
1271595260918063104,positive,0.7060739509551438
1271595261719195649,negative,0.18661435905589432
1271595261995991045,negative,0.05575100412208502
1271595262042148864,negative,0.052594005821126895
1271595264122421248,negative,0.09395163155930569
1271595265166802944,negative,0.22339120729338718
1271595265544220672,neutral,0.3720396856939469
1271595266282586113,negative,0.12638575508756936
1271595266861342720,negative,0.06114025379286089
1271595268581064708,negative,0.2601926910842477
1271595269038043138,neutral,0.5050329084912144
1271595269092761600,neutral,0.35451443008515343
1271595269151264769,neutral,0.5050329084912144
1271595269419864066,negative,0.00017746096467379915
1271595269445083138,negative,0.00535285688380083
1271595269587709958,negative,0.005305790798887114
1271595269973372928,negative,0.14546600854248376
1271595269977632768,negative,0.14546600854248376
1271595270145368064,positive,0.7597267057165485
1271595270246215682,negative,0.00044332379498232636
1271595270610907137,negative,1.8066554511466122e-05
1271595270661451776,negative,0.008662462868170809
1271595272162865152,negative,0.0498231544349313
1271595272250945536,neutral,0.48728019602140255
1271595272263462912,negative,5.941642584251904e-06
1271595272339181570,negative,0.05368241837099004
1271595272355876864,neutral,0.42755866745518784
1271595272536092672,negative,0.05103743894383572
1271595272695676934,negative,0.12965473981048037
1271595272741642241,negative,0.14546600854248376
1271595273056333824,negative,0.008590396519905641
1271595273249120256,negative,0.22111817220528637
1271595273609867265,negative,0.004040449757399705
1271595273693913093,negative,0.0615331638563064
1271595273798782977,neutral,0.37137062280538924
1271595273932898304,negative,0.009273273037907637
1271595276327776256,negative,0.31150663582065474
1271595276629880834,negative,2.7601892757429915e-05
1271595276663500803,positive,0.7342889744533279
1271595276709572608,negative,0.04580868801829515
1271595277334568963,negative,0.00011791760518418482
1271595277598810115,negative,7.2884477388465e-05
1271595277678411776,positive,0.6691491676081341
1271595277821120516,negative,3.40398818762776e-08
1271595277837897728,neutral,0.5533970533999424
1271595278190227456,negative,0.002395107361095619
1271595278244724736,negative,0.23499844017605243
1271595278278242305,negative,0.03180962742221007
1271595278466940930,negative,0.01047225318020891
1271595278714507267,negative,0.000731625567798006
1271595279129681920,negative,0.00026706758266826873
1271595279997952001,negative,0.004378180943815635
1271595280811675654,negative,1.3773061972503753e-05
1271595281012973568,negative,0.005104218148107293
1271595281092677632,negative,0.0013876501219581817
1271595281159786498,neutral,0.3381189830050101
1271595281398796288,negative,1.0457929641296847e-08
1271595281503727616,negative,0.026615173795510632
1271595281730199564,negative,2.277861574850431e-06
1271595282040532994,neutral,0.33677065988963156
1271595282141073408,negative,7.236773637704521e-08
1271595282170609671,negative,0.2178596778379981
1271595282237620225,negative,0.03126213136239569
1271595282682298368,negative,0.014461682671751517
1271595283198152704,negative,0.027532586259180133
1271595283378397184,negative,0.04251423792646359
1271595284628455427,negative,1.1549460090268101e-07
1271595284842283010,neutral,0.3888964145301077
1271595285169483776,negative,0.0009160942655618123
1271595285945495556,negative,0.0005351132759893319
1271595285999992833,neutral,0.41961038976287995
1271595286444597248,negative,0.00016628924848785266
1271595286465560578,negative,0.06656437044045363
1271595286570381314,negative,0.00016628924848785266
1271595287002447873,negative,0.06626857316023484
1271595287061151744,negative,0.002886944683696644
1271595289594474497,negative,0.007047074023188713
1271595290064293889,negative,0.012602357555795463
1271595290429132800,neutral,0.49789225920557484
1271595290538078208,negative,0.0558885799001062
1271595291020533760,negative,0.024100591286989045
1271595291104415750,negative,0.00029380240721082443
1271595291343544322,negative,0.006786245260062082
1271595291377008646,positive,0.9240031877860189
1271595293801398273,negative,0.0002546587008518751
1271595294111731712,negative,0.01496693041675585
1271595294237622272,negative,0.00015557313363990236
1271595294321451009,negative,0.0033667686870594953
1271595294409490433,negative,0.018008838147558964
1271595294736683009,negative,0.01544564750963558
1271595294975832064,negative,0.18884248391470657
1271595294992580608,negative,0.14575760297016122
1271595295059697666,negative,0.03180962742221007
1271595295089086466,positive,0.7479540400011958
1271595297483849729,negative,0.00027585667296755586
1271595299069452288,negative,0.02299302147468022
1271595299207884802,negative,0.011068654763149869
1271595299211902976,negative,6.898181232754515e-05
1271595299312672768,negative,9.250877231731503e-05
1271595299769913346,negative,1.778531525073609e-05
1271595300193538049,negative,0.1518915860203652
1271595300273164291,negative,0.014374875577904418
1271595300403232771,negative,1.2663268950886036e-05
1271595300432510976,negative,0.0005358077387413497
1271595300961034242,negative,0.00023862066372269886
1271595301116264451,negative,0.0006894477935783863
1271595301602840580,negative,0.029221171854788907
1271595301858684928,negative,0.07388171950582473
1271595301875433473,negative,0.18884248391470657
1271595301879656449,negative,0.0009414222164577828
1271595302890491904,negative,0.0011403907761033541
1271595302924025857,neutral,0.4172001037592972
1271595303020437507,negative,0.0003455284627706971
1271595303339274247,negative,0.12673659358702666
1271595306283646976,negative,0.2056750182681465
1271595306434658304,negative,0.1726122031297748
1271595306514362368,negative,0.09479322597697783
1271595306824675328,negative,0.10996414181271565
1271595306925338624,negative,0.007032605876039598
1271595307059613696,negative,0.00016628924848785266
1271595307453874176,negative,0.00174812024433325
1271595307483136000,negative,0.005364431360635184
1271595307789357057,negative,0.0003526290050985813
1271595308632485892,negative,0.006184861924883278
1271595308900909056,negative,0.22100121719856622
1271595310368854016,neutral,0.437369725752128
1271595310586957825,negative,9.250877231731503e-05
1271595310930894850,negative,0.15474138662336553
1271595311031517191,negative,0.315345120184571
1271595311497129984,negative,0.10089976009638116
1271595311635595269,negative,1.8066554511466122e-05
1271595311945773057,negative,0.027306211591214814
1271595312038248448,neutral,0.49789225920557484
1271595312163852288,negative,0.0022534008262551316
1271595312700850176,negative,0.01655022480749108
1271595315821531138,negative,0.022723298566581
1271595315892834305,negative,0.0003926536700549717
1271595316081500160,negative,0.021468205824297266
1271595316169641987,negative,0.11531675734952891
1271595316257701889,negative,0.00017746096467379915
1271595316589068289,neutral,0.44654025683665294
1271595316689735686,negative,0.05478675180829993
1271595317188853761,negative,0.0019939457922983836
1271595318518452226,negative,9.525350655590195e-05
1271595319634034688,negative,0.058848934017966134
1271595319759962113,negative,0.03226705918327239
1271595319944458240,neutral,0.5382559630277205
1271595319999021056,negative,0.056487050086941284
1271595320229715971,neutral,0.3381189830050101
1271595320254664704,negative,0.002395107361095619
1271595320825298946,negative,0.005894416270567474
1271595320938553344,negative,0.19981026727800333
1271595321005662209,negative,0.1830641643148577
1271595321143865350,negative,0.07183546722894582
1271595321303248896,negative,0.01099164640132244
1271595322649780225,negative,0.007398605438379698
1271595322935054336,negative,2.81479921726468e-06
1271595323203350531,negative,0.004940414556048324
1271595323530641414,negative,0.03989823694564954
1271595324134567936,negative,0.0364201159833948
1271595324407271426,negative,0.22513179180885018
1271595324574969857,positive,0.7500377016963704
1271595324692447234,negative,0.00011341912160628809
1271595324814090245,negative,0.13263770369668557
1271595324893782023,negative,0.31894895207988067
1271595325460013057,negative,0.0016732936592676686
1271595326823174147,negative,0.05368241837099004
1271595326839947265,negative,0.016447491419061072
1271595326978297856,neutral,0.4494736039941976
1271595327070580738,negative,0.00159540721985838
1271595327443947521,neutral,0.437369725752128
1271595327787851776,negative,0.1484692067977948
1271595327796252672,neutral,0.3381189830050101
1271595328094048256,negative,3.4214841586160087e-16
1271595328303661057,negative,0.04474466654197991
1271595328324632577,negative,0.00011341912160628809
1271595328475672578,negative,0.15028062016073773
1271595328609779712,negative,6.898181232754515e-05
1271595328811270144,negative,0.029160432015274185
1271595328949628928,negative,0.3040949491800166
1271595331151675392,negative,0.13971399525614192
1271595331424141314,negative,4.701275901204577e-06
1271595331612897281,negative,0.0017164370401530349
1271595332137295872,negative,0.0005445428055652608
1271595332648996869,negative,0.003399681221089712
1271595332699328513,negative,5.720218108742172e-11
1271595332699381761,negative,1.8066554511466122e-05
1271595332988796929,negative,0.07783904481023335
1271595333076815872,negative,0.004930476186059724
1271595333097861125,negative,0.02541190492657113
1271595333387194368,negative,0.26690173662491395
1271595333454376961,negative,0.05106637002907062
1271595333479469057,negative,4.6308251454946096e-05
1271595333857001472,negative,3.759814752818217e-05
1271595333940846593,negative,0.16500496764683356
1271595334049939456,negative,0.001403919991749035
1271595335131987977,negative,0.18566665720372164
1271595335169839107,negative,0.01786866897430779
1271595335618408448,neutral,0.37137062280538924
1271595335752843271,negative,0.005894416270567474
1271595335895433230,positive,0.833919432288099
1271595336755224577,negative,0.006037807319365434
1271595337015271425,negative,0.052340999163899074
1271595337149558788,negative,0.3129058032692302
1271595337313136642,negative,1.8066554511466122e-05
1271595337430564864,negative,0.0002078344414558322
1271595337506054144,negative,2.2442297946979055e-07
1271595337577193472,negative,6.236105015602125e-07
1271595337636085760,negative,0.03840564920058137
1271595339452219392,negative,0.00022972720894510096
1271595339519328257,negative,0.05219928308312423
1271595339653529605,negative,0.014300086334016922
1271595340119056385,positive,0.6862244002903591
1271595340135829504,negative,0.0019049449200032925
1271595340161077248,negative,0.0026824166798156334
1271595340521758720,negative,1.69597407704258e-05
1271595340525785089,negative,5.4384303547585064e-05
1271595340572045318,neutral,0.3381189830050101
1271595340806922241,neutral,0.437369725752128
1271595340995727360,neutral,0.37679209754895876
1271595341427683334,negative,0.19502423039687414
1271595341587062784,negative,0.055729676515545584
1271595342165876737,negative,0.04522832744869091
1271595342262345728,negative,0.012704909100262847
1271595342304288768,negative,0.0022701157420424328
1271595344569274374,neutral,0.49789225920557484
1271595344934006785,negative,0.008178362527209763
1271595345219211264,neutral,0.37679209754895876
1271595345487724549,negative,0.008278734388720307
1271595346100137984,negative,0.2199927678692427
1271595346301419520,positive,0.9615673433593547
1271595346469310464,negative,3.0373461343041953e-05
1271595347744223232,negative,0.006611344016850039
1271595347773702144,negative,0.00023210368265778503
1271595348071456769,negative,0.18557718690236008
1271595348235083776,negative,0.003730122281691254
1271595348272672768,negative,0.00036986781985034426
1271595348587315200,neutral,0.3381189830050101
1271595348662923270,negative,0.00020721778247590158
1271595348809658369,negative,1.2544433523037863e-07
1271595348880961538,negative,0.0010033410433637482
1271595349090676742,negative,0.322691293864806
1271595349430411264,negative,0.014654807833006326
1271595349623349248,negative,0.02272847276770877
1271595350030200832,negative,0.001842031509920941
1271595352450379779,negative,0.0028452208663357383
1271595352517480449,neutral,0.5844660558927414
1271595352530042880,negative,0.27435736191371535
1271595352546820096,negative,0.010681078379886806
1271595352664289282,neutral,0.6036802031617744
1271595352706162688,negative,0.026400004196187165
1271595352714592260,neutral,0.4837895958239931
1271595352886558720,negative,0.1722337659946208
1271595353331109889,negative,0.00020487407608389335
1271595353775771649,negative,0.12875163799734163
1271595353922588675,negative,0.01396966279894968
1271595353977040896,negative,0.03852401479020202
1271595354144641025,negative,1.8066554511466122e-05
1271595354484506624,negative,0.0012359037580937722
1271595354543267840,neutral,0.5588090662220649
1271595356300722176,neutral,0.5392622064480201
1271595356669636608,negative,0.1492491307501913
1271595356770521090,negative,3.852010291154675e-13
1271595357068296194,negative,3.759814752818217e-05
1271595357147926529,negative,0.013005136700185133
1271595357626122240,negative,9.401387100113955e-10
1271595357735137280,negative,0.001842031509920941
1271595358402105346,negative,0.3072473639032057
1271595358611738626,negative,0.043598371671244036
1271595359345786880,neutral,0.35451443008515343
1271595359425478656,negative,0.310788656470767
1271595359454797824,positive,0.7842586057601225
1271595359534489604,positive,0.9976765698540261
1271595359639343104,negative,0.0015251863704884693
1271595360474083329,negative,0.08384635293073044
1271595360570540034,negative,0.08002465081650481
1271595360662761473,negative,0.10738371606304128
1271595361132560385,negative,0.020317130529569682
1271595361296101377,negative,0.01298509591667729
1271595361413541888,negative,0.10499275426788209
1271595361744945153,negative,0.19502423039687414
1271595362135015425,negative,1.8066554511466122e-05
1271595362378289152,negative,1.4369133303213007e-05
1271595362512523276,negative,0.26123670052509024
1271595362868920326,negative,0.02301667247206716
1271595362936070156,negative,0.055729676515545584
1271595364605399041,negative,0.238427545908539
1271595364907388939,negative,0.0005304861083478886
1271595364986970113,negative,0.003645142796826916
1271595365263749120,negative,1.8066554511466122e-05
1271595365767282690,negative,0.0041119751869930325
1271595365830209539,negative,9.79469128605362e-07
1271595366333456384,negative,0.035122553073752526
1271595366438318084,negative,0.0029673514302198953
1271595366954172418,negative,0.08002465081650481
1271595367226843141,negative,0.1154759273975014
1271595368673918978,negative,0.08395365329741925
1271595368992641026,negative,0.2864145558920463
1271595369009479680,negative,0.23034027066990878
1271595369709948928,negative,0.00016628924848785266
1271595369860923402,negative,4.187351612135187e-05
1271595371110772742,neutral,0.35785643069366135
1271595371790286848,negative,0.05610309040052827
1271595371798630403,negative,0.002402106420951482
1271595371928715264,negative,7.37922492671626e-05
1271595372071223296,negative,0.00023491077989750225
1271595373262446592,negative,0.001275925143383715
1271595374176808960,negative,0.00016397075895749168
1271595374231392261,negative,9.9776447420698e-05
1271595374692782081,negative,0.013510097841148839
1271595375024095232,negative,0.07596298037234742
1271595375137189888,negative,0.16437877331818024
1271595375330095104,neutral,0.5951675001484593
1271595375405740032,negative,0.025253823303586633
1271595375414185984,negative,9.09654557292609e-06
1271595376475242501,negative,0.060490407011491755
1271595376655679489,negative,0.0005351132759893319
1271595378740166657,negative,0.00011791760518418482
1271595379033858050,negative,0.08844679431098475
1271595379356729345,negative,0.0005834882736190854
1271595380224987137,negative,0.06646471317051221
1271595380594085889,neutral,0.5224160851291691
1271595381432950786,neutral,0.5114520767311611
1271595381483343872,neutral,0.35776043283721815
1271595381667827713,negative,0.0019660331236129296
1271595381839867906,negative,0.00023210368265778503
1271595381932142593,negative,0.1256518955108437
1271595381944725504,negative,0.0011316829150615128
1271595382129262594,negative,0.023696020030557378
1271595383014252545,negative,0.0005351132759893319
1271595383173627904,negative,0.0020667664489977884
1271595383186227200,negative,0.0429607276614003
1271595383400148992,negative,0.003738600111901525
1271595383416856576,neutral,0.3381189830050101
1271595383811198978,neutral,0.3381189830050101
1271595383819550720,neutral,0.4064281066055449
1271595385954471938,negative,0.11512413054169918
1271595386445148162,negative,0.0001782893441730929
1271595386533285890,negative,0.05625944778328097
1271595386860421123,negative,0.021836235448687867
1271595387023917056,negative,0.0018243023641896854
1271595387032346624,negative,0.10545910331104959
1271595387288031232,negative,0.30895589162194187
1271595387556634624,negative,0.17596112140148326
1271595387686719488,negative,0.21921412548362115
1271595387950776320,negative,0.033184229448543635
1271595387988688896,negative,0.1154759273975014
1271595389704159233,negative,0.08384635293073044
1271595389766991876,negative,0.07657366057312992
1271595389804785664,positive,0.7488486930287965
1271595389905522689,negative,2.945129640153543e-06
1271595390119403520,negative,0.0013327655293858542
1271595390177955840,negative,0.007012448520741336
1271595390366822400,negative,0.09007098537975311
1271595391398666240,neutral,0.437369725752128
1271595391721619456,negative,0.0007193135751306068
1271595391826395136,negative,9.985017005563172e-06
1271595392166055937,negative,0.08002465081650481
1271595392652754945,negative,0.0022064834697839014
1271595393944616961,positive,0.9498350981864897
1271595394280161285,negative,0.00026552671675840526
1271595394330435586,negative,0.30697966533825616
1271595394527629316,negative,0.0002833791535977362
1271595394682679297,neutral,0.4936866310980551
1271595394699583488,negative,0.19981026727800333
1271595394825363456,negative,0.06756897342989703
1271595394888335362,negative,0.00433793213678022
1271595395051778048,negative,4.80999073190119e-07
1271595395349700608,negative,0.07604084389479022
1271595395429384193,negative,0.1257228987858078
1271595395450376192,negative,0.005669272977097584
1271595395630665735,negative,0.2675637579473606
1271595396377096192,negative,0.01655022480749108
1271595398197415936,negative,0.007457822913152921
1271595398411542529,negative,0.004803083683229865
1271595398763864064,negative,0.012522383558444582
1271595398847741954,negative,0.3194594848544355
1271595399082577931,negative,0.005894416270567474
1271595399107817474,neutral,0.3687191056224944
1271595399120289793,negative,7.068318948227815e-05
1271595399132913664,negative,0.06910547213773718
1271595399426510850,negative,5.4384303547585064e-05
1271595399858589696,negative,0.0010471905024637164
1271595399963447296,negative,0.049885209386923784
1271595402354020352,negative,0.007457822913152921
1271595403037814786,negative,0.00157921824750368
1271595403117572096,positive,0.9966090796123153
1271595403268497408,neutral,0.3381189830050101
1271595403796856832,negative,0.018943867753709574
1271595404023529472,negative,1.6937112213326732e-06
1271595404199690245,negative,1.8066554511466122e-05
1271595404371439616,negative,0.004040449757399705
1271595404656807937,negative,1.56260701404286e-05
1271595404833021952,neutral,0.3499352441185855
1271595406565298177,negative,0.00020423999076738694
1271595406615445504,negative,0.0017164370401530349
1271595406615601159,negative,0.027532586259180133
1271595406879797252,negative,5.563136874403509e-07
1271595406909153280,negative,0.051241754380220494
1271595407173464067,negative,0.2675637579473606
1271595407391498246,negative,0.0011909688509440185
1271595407722909697,negative,0.05817995923428874
1271595407878098945,negative,0.005894416270567474
1271595408045867009,negative,0.12972473589088077
1271595408205197312,negative,0.00012358293547957858
1271595408284962816,neutral,0.3972773156834369
1271595408519806977,negative,0.03245759390376125
1271595408666607617,negative,5.389548281341864e-06
1271595408704167937,neutral,0.5496678701602578
1271595409111240704,negative,0.007851522397655828
1271595410692472832,negative,9.250877231731503e-05
1271595410835017728,negative,0.03233266840290237
1271595410835062784,negative,0.03477220917675054
1271595411124428801,negative,0.014654807833006326
1271595411803967488,negative,0.0012621969506292634
1271595411938123777,negative,0.19382177395944247
1271595412177203206,negative,0.02252439019243551
1271595412571541504,negative,0.112644112625661
1271595412852523008,neutral,0.5445563229224946
1271595413049618433,neutral,0.44870165724958533
1271595413573906437,negative,0.005571168276509316
1271595413649477632,negative,0.03840564920058137
1271595413657845761,negative,1.9007496617215074e-09
1271595413985005568,negative,0.00137530465022498
1271595413989179400,negative,0.021468205824297266
1271595414140133376,negative,0.03180962742221007
1271595414203097088,negative,0.01879425341181135
1271595414790250498,negative,0.10539282513341432
1271595415121661952,negative,0.051889139410489574
1271595415226507265,negative,0.30591266287892843
1271595415901818883,negative,3.759814752818217e-05
1271595416103124993,negative,0.0001658783011141083
1271595416514187264,negative,9.846523241036488e-05
1271595416878903296,negative,4.7074814331652305e-05
1271595416900042752,negative,9.277142517552257e-07
1271595416971292676,negative,1.8066554511466122e-05
1271595417072009221,positive,0.9971599453449101
1271595417872920576,negative,0.009309943882316202
1271595419013914626,neutral,0.43714985163009734
1271595419844427777,negative,0.10947484028698869
1271595420205158401,negative,0.0010272013420570506
1271595420301565953,negative,0.010427420997230012
1271595420305817600,neutral,0.3381189830050101
1271595420549091331,negative,0.13702660140726888
1271595420846825477,negative,0.0009175264165824337
1271595421211779073,negative,0.0008663464484866009
1271595421295620102,negative,0.0004861975017416764
1271595423086624775,negative,0.12470786781271384
1271595423388631041,negative,0.002354434163065829
1271595423463952385,negative,0.17441048382648944
1271595423610929154,positive,0.9851057850232864
1271595423728271360,neutral,0.5953139771580094
1271595423728390144,negative,0.09660921651950619
1271595424067973120,neutral,0.43028359618446627
1271595424462385153,negative,0.06805047600038772
1271595424940507139,negative,0.0007664710949158403
1271595425406038017,negative,0.17224338636700615
1271595427679404032,neutral,0.35451443008515343
1271595427758870529,negative,0.0510964649461958
1271595427972952064,negative,5.563136874403509e-07
1271595428065116161,negative,1.3821797201738177e-06
1271595428262313985,negative,0.11753252004253456
1271595428497313794,negative,0.029221171854788907
1271595429038362624,negative,1.0493438461949012e-05
1271595429591945217,negative,0.046484769731093445
1271595429738827776,negative,0.11070141943942896
1271595430237921285,negative,0.005571168276509316
1271595430321827840,negative,0.025986013737638435
1271595430338535431,negative,0.20119418908349682
1271595431865221121,negative,0.0008368245169568735
1271595432150532097,negative,0.006729323610110411
1271595432188219393,negative,0.08757995419780464
1271595432196681730,neutral,0.49789225920557484
1271595432272158726,neutral,0.48773238291385845
1271595432477687808,negative,0.010661749635997052
1271595432540594179,negative,1.87184089541602e-05
1271595432842534912,negative,0.00019894404832740268
1271595433584807936,neutral,0.3625732127841263
1271595434083938304,negative,0.001842031509920941
1271595434339979264,negative,6.682282336557367e-07
1271595434851663872,neutral,0.48773238291385845
1271595436084731904,negative,0.08429750789073566
1271595436093198336,negative,1.3997090577042046e-06
1271595436185399301,negative,0.05495385505987401
1271595436415922177,negative,0.0011020922474078902
1271595437108191232,negative,0.03180962742221007
1271595437208764416,negative,1.7197241325251732e-07
1271595437212958720,negative,0.19530784977723603
1271595437569585152,negative,0.00027585667296755586
1271595437833756672,negative,0.022001534024952415
1271595438093881346,negative,0.007492293006742919
1271595438169370625,neutral,0.3499352441185855
1271595440228556802,negative,0.002690049271928379
1271595440677556225,negative,0.005571168276509316
1271595440694276098,negative,0.005442591338877343
1271595440883056641,neutral,0.42507619662732005
1271595440904065024,negative,0.029221171854788907
1271595441361125376,negative,0.03970390832321582
1271595441407344641,neutral,0.437369725752128
1271595441466023936,negative,0.00014233123071244466
1271595441642254342,neutral,0.3687191056224944
1271595441721880579,negative,0.007012448520741336
1271595441780658176,negative,1.0663309312218737e-07
1271595441914810369,negative,0.0005351132759893319
1271595442061692929,negative,0.03840564920058137
1271595442145505280,negative,0.0029542428675614464
1271595442304843776,negative,0.01879425341181135
1271595444364177410,negative,0.00011559616770533228
1271595444498399232,negative,0.20186754572743498
1271595444666347526,negative,0.02937016246213944
1271595444943163392,negative,0.1491520731282705
1271595444959920129,negative,0.000683228686613055
1271595445052149766,positive,0.7078855302152476
1271595445064577024,negative,0.00174812024433325
1271595445098369027,negative,0.003721787511572913
1271595445349953537,negative,0.1382073030239792
1271595445358342145,neutral,0.48773238291385845
1271595445404536841,negative,1.56260701404286e-05
1271595446310486016,negative,0.0012184469232403693
1271595446344048641,negative,0.23606294079739096
1271595446402600960,negative,0.25147697806628566
1271595446532743170,negative,0.020317130529569682
1271595446595698689,negative,7.2884477388465e-05
1271595446759305216,negative,0.013856385394757966
1271595446784479233,negative,0.00011341912160628809
1271595448546086912,negative,0.12380312991117924
1271595448642547716,neutral,0.49789225920557484
1271595448655065090,negative,0.003241716118021304
1271595448848048132,negative,0.00016628924848785266
1271595448999055360,neutral,0.62771753461619
1271595449603014662,negative,0.27292421987320603
1271595449603035142,negative,7.730518905627762e-07
1271595449716076545,negative,0.11234552888829064
1271595450148302854,negative,0.00010388548092725594
1271595450152476672,negative,3.759814752818217e-05
1271595450190237704,negative,0.11018133309571501
1271595450483781633,negative,0.0017766731267392702
1271595450706124802,negative,0.025646017696631735
1271595450911653889,negative,0.0008248378535085898
1271595452811575297,negative,0.03221236491021509
1271595453797273601,positive,0.8799143624527516
1271595454787055617,neutral,0.34117024056417766
1271595455093379078,negative,2.1583473056491964e-10
1271595455223418884,negative,0.05880812121903459
1271595455454031872,negative,1.176706131424099e-05
1271595455953108993,negative,0.0035086157928735763
1271595456351657984,negative,1.3246117043244962e-05
1271595456884342785,negative,8.436922803100915e-06
1271595456934678530,negative,0.00022914088582834575
1271595457492381696,negative,0.007954934633077601
1271595457744158721,negative,0.02428248049254861
1271595457786122240,negative,3.5673179071885855e-06
1271595458146729985,negative,0.0085443513726046
1271595458809528320,negative,4.695998856575466e-05
1271595459296071682,negative,0.026591659030510178
1271595459388284930,neutral,0.43010935300609193
1271595459514155009,negative,0.12279049338309736
1271595459648335874,neutral,0.4552809504469654
1271595460290129925,negative,0.01193331351902763
1271595460998959105,negative,0.03923319319884837
1271595461695209472,negative,0.01655022480749108
1271595461938483200,negative,0.00010738325933181295
1271595462160719872,negative,0.0002833791535977362
1271595462999584769,positive,0.8890922804352984
1271595463184134149,negative,0.13510939923966978
1271595463276445696,negative,0.0031030126829968085
1271595463444172805,negative,0.19502423039687414
1271595463477772289,negative,1.1827147958064714e-08
1271595463519674368,negative,0.06656437044045363
1271595463549104132,neutral,0.41781860539170623
1271595463909793794,negative,0.00016628924848785266
1271595465310642179,negative,0.012676502386934916
1271595465834987520,negative,5.331752975284033e-10
1271595466258595840,negative,0.19502423039687414
1271595466413703168,negative,0.18949964065933536
1271595466417795073,negative,0.0006231497894395036
1271595467118346240,negative,0.015271358212807165
1271595467118383107,neutral,0.37377490205268193
1271595467315597315,negative,0.0071007728275911215
1271595467525066755,negative,0.2819192202256438
1271595467558789121,negative,0.15611350922895326
1271595467739140097,neutral,0.3381189830050101
1271595467797942272,neutral,0.6234049249685203
1271595469903446016,neutral,0.4190935437062381
1271595470280892417,negative,0.029605347622780845
1271595470427742208,positive,0.6619794853040635
1271595470876479494,negative,0.11186683064831432
1271595471853633536,negative,1.8066554511466122e-05
1271595472155795457,negative,3.205040952185411e-05
1271595472285609984,negative,0.2297984884374534
1271595474307420160,negative,0.00016628924848785266
1271595474747895810,negative,0.00020487407608389335
1271595474894626816,negative,0.00016628924848785266
1271595475183927296,negative,0.04474466654197991
1271595475372834816,negative,0.01044402755198754
1271595475423170560,negative,0.0005773701266505416
1271595475595124737,negative,0.16611168829118567
1271595475737722881,negative,7.057381430586534e-06
1271595475884486656,negative,0.0030646648003319617
1271595475930660866,negative,0.0005358077387413497
1271595476106858496,negative,4.4714118152561167e-13
1271595476220076033,negative,0.24608031159173677
1271595478187159552,negative,0.0028452208663357383
1271595478329831428,negative,0.020385776515931035
1271595478472445961,negative,3.262796994869556e-05
1271595478489104384,negative,0.0022568206678310085
1271595478505984000,negative,0.05610309040052827
1271595478740799488,negative,0.0019303730771277371
1271595478778601473,negative,0.01655022480749108
1271595479336235008,negative,0.0009969581164047173
1271595479449493504,negative,1.8066554511466122e-05
1271595479466496001,negative,0.0005199757530542032
1271595479734849542,negative,0.004222418132696236
1271595482200989696,negative,8.085540355084972e-05
1271595482591031298,negative,1.8066554511466122e-05
1271595482758946818,negative,0.2864145558920463
1271595483136475138,negative,0.22268863279919515
1271595483581079552,negative,0.11018133309571501
1271595483614654465,negative,0.0002833791535977362
1271595483623043072,negative,0.00157921824750368
1271595484172488704,negative,1.5968791064904174e-13
1271595484373803009,negative,0.021468205824297266
1271595484411355137,negative,0.006757629172372878
1271595484583538689,positive,0.9227944488367448
1271595484663119878,negative,0.009272739832239805
1271595486152142850,negative,0.00011791760518418482
1271595486156189696,negative,0.028648481905529474
1271595486521315329,negative,0.00806915238296067
1271595486978465792,negative,0.07142593433723819
1271595487188201474,negative,0.1601733723620121
1271595487385096193,negative,0.0014006743525459382
1271595487582457857,negative,0.21689824392118723
1271595487829819399,negative,0.03002850738116171
1271595487909593089,negative,2.5144893589907698e-05
1271595488144502788,negative,0.0011252480552101215
1271595488211537922,negative,0.06659968702571718
1271595488299454464,negative,0.002395107361095619
1271595488412930050,negative,0.0038993356633357833
1271595488526176256,neutral,0.37137062280538924
1271595488630976512,neutral,0.37137062280538924
1271595490401009664,negative,0.253503508402999
1271595491013414917,neutral,0.35451443008515343
1271595491197882368,negative,0.3200186014993199
1271595491353137158,negative,0.0013336661306699246
1271595491600596995,negative,0.06756897342989703
1271595492036743170,negative,0.15570583247888495
1271595492124876805,negative,0.001842031509920941
1271595492221374466,negative,0.2861479720919631
1271595492514902017,negative,0.015833967096808822
1271595492552646657,negative,0.19137281542263082
1271595492640768001,neutral,0.4792687081820201
1271595492649193472,negative,0.02642292158555442
1271595494586933250,negative,0.15797133755319195
1271595494834343936,negative,4.9159462647610483e-05
1271595494867906560,negative,3.941031989163617e-06
1271595495039750146,negative,7.236773637704521e-08
1271595495241256965,negative,0.03392608872251922
1271595495480311808,negative,0.10329182763909436
1271595495778115589,negative,0.024389767105844083
1271595495945834496,neutral,0.37137062280538924
1271595496377913345,negative,0.0008610492604424591
1271595496809697280,positive,0.839777294371981
1271595496973484032,negative,1.935079052346453e-08
1271595497195700231,neutral,0.4434191688350768
1271595497229373443,negative,0.012447427632221408
1271595497652879361,negative,0.04002339885872593
1271595497816539142,negative,0.0011098227918783453
1271595499041193985,negative,0.01029037346777664
1271595499397791745,negative,0.043598371671244036
1271595499406098433,negative,0.005128625655833525
1271595499590729734,negative,8.502619699717469e-05
1271595499863277568,neutral,0.4477474768182854
1271595499922079744,neutral,0.437369725752128
1271595500148592641,negative,0.012676502386934916
1271595500299411456,negative,0.01655022480749108
1271595500433813506,negative,7.178974134898367e-06
1271595500450562050,negative,0.18661435905589432
1271595500681256963,negative,0.0005510837167199722
1271595500806877184,negative,0.00174812024433325
1271595500920287233,negative,0.07408930857575648
1271595502975553541,neutral,0.41557614730585196
1271595503009095682,negative,0.13534834340170437
1271595503348826115,negative,0.0010643594707194018
1271595503919214592,negative,0.025145715725231485
1271595504799936512,negative,4.50491123474092e-05
1271595505378869248,negative,0.00023210368265778503
1271595505743728643,negative,0.00014444243911915624
1271595505760509958,negative,5.5754087208110554e-05
1271595505810890758,negative,0.01086731158608967
1271595507274715141,negative,0.05851569713235718
1271595507371171841,negative,0.0027165376335115668
1271595507387969544,negative,3.262796994869556e-05
1271595507761192963,negative,0.018720000499947858
1271595508432240641,negative,0.02184566565196074
1271595508612640768,negative,0.0028908166886354933
1271595508637679617,neutral,0.36016203400974833
1271595508688138242,positive,0.6823647909963318
1271595508742737921,negative,0.013515552971693497
1271595509090627586,negative,0.023758272987789788
1271595509698801664,negative,0.0002558508086955222
1271595511481589760,negative,0.0019939457922983836
1271595511590596609,negative,0.1203090358454427
1271595511800303617,negative,0.0005351132759893319
1271595512014274560,negative,0.01879425341181135
1271595512525918211,negative,0.0007969433097646404
1271595512823775232,negative,0.002967861328473477
1271595512949587968,negative,0.0005916241054821734
1271595514392465410,negative,0.07983752777306279
1271595514455306243,negative,0.2819177398173534
1271595514824462336,neutral,0.5533970533999424
1271595514828656640,positive,0.9580113591208101
1271595515398909954,negative,0.19819772738772282
1271595515604590594,positive,0.9864246695929706
1271595516351086593,negative,0.0002833791535977362
1271595516661575681,negative,0.3040949491800166
1271595517659811840,negative,0.0023170344461177867
1271595518171451392,negative,0.002418228708076309
1271595518402199552,negative,7.730518905627762e-07
1271595518544601088,negative,0.21139109066500397
1271595518557380615,neutral,0.35451443008515343
1271595518649675776,positive,0.9999739766285363
1271595519144386560,neutral,0.49789225920557484
1271595520226664448,negative,0.3040949491800166
1271595520532918285,negative,0.09038507580680345
1271595520549666816,negative,1.176706131424099e-05
1271595520595804160,negative,3.7031432364671365e-09
1271595520776077316,negative,0.002418228708076309
1271595521120100357,negative,0.12056596353541715
1271595521422041090,negative,0.20050587729468916
1271595521619230722,positive,0.9708641168379752
1271595521707323393,neutral,0.4670100671583925
1271595521946333192,negative,0.0013327655293858542
1271595521946390528,positive,0.6763052699528523
1271595524035051520,negative,0.039433821832599185
1271595524039327746,negative,0.005894416270567474
1271595524135817216,negative,0.1890785283325619
1271595524270034944,negative,0.10423818545837245
1271595524710416384,positive,0.9992709220435428
1271595525280694272,negative,1.8066554511466122e-05
1271595525553389568,negative,6.547150004312279e-07
1271595526123905024,negative,0.13223660272479967
1271595526157303808,negative,0.19502423039687414
1271595528539852812,negative,0.2613962034186399
1271595528674062338,negative,6.4675117100569094e-06
1271595528875278336,positive,0.8956774011804521
1271595529143754754,negative,0.0615331638563064
1271595529236025345,negative,1.7420822590254172e-05
1271595529731018754,negative,0.0002260474604924265
1271595530922188800,negative,0.08232232537922325
1271595531287048193,negative,0.1853447716208767
1271595531530313734,negative,0.001842031509920941
1271595532297728000,negative,0.00036986781985034426
1271595532729880582,negative,0.003738600111901525
1271595532813774848,negative,0.012736355544591486
1271595533052723200,negative,0.1127275701521506
1271595533061193729,negative,0.0017018051896301686
1271595533073817605,negative,0.014180116245918696
1271595533593989123,negative,0.013441343552534154
1271595533623349248,negative,7.170851873414261e-05
1271595534441119745,negative,0.05897235857735733
1271595534646738945,negative,2.0314056196711032e-06
1271595536500641795,negative,7.2884477388465e-05
1271595537079382017,negative,0.13667982455125166
1271595537708527619,negative,0.047645097361316086
1271595538073387010,negative,0.0005351132759893319
1271595538195120130,negative,0.04300578492947899
1271595538354335745,negative,1.56260701404286e-05
1271595538467770370,negative,0.028246826500988573
1271595538652237825,negative,0.0019204012078376173
1271595539025530880,negative,0.003689380387998146
1271595539189116928,negative,4.254990418606462e-05
1271595539361140736,negative,0.04474466654197991
1271595539386314753,negative,0.014991899094609436
1271595540812312579,negative,0.0016884104368371554
1271595541751832581,negative,0.23666862453984389
1271595541814743040,neutral,0.5713753285917224
1271595542175498246,negative,0.06842503420026794
1271595542381047809,negative,0.10996414181271565
1271595542737489925,negative,0.03807381251264958
1271595542804606977,negative,0.22707567550596763
1271595542934458368,negative,0.013265831157646643
1271595543081476097,negative,0.21921412548362115
1271595543198863360,negative,0.08346383870731802
1271595545212129281,negative,4.143742682840951e-05
1271595545312854018,negative,1.526047300404084e-06
1271595545409150976,negative,5.8406332977547136e-06
1271595545547509760,negative,0.1731746784572899
1271595545623216134,negative,0.26740184739849737
1271595545971191808,negative,0.00017790270672818597
1271595546319491072,negative,0.0018375631550464277
1271595546642395136,neutral,0.40446680944231517
1271595547368001537,negative,0.015946341074103896
1271595547384782854,negative,0.13223660272479967
1271595549360361472,negative,0.00021932226632272514
1271595549725265920,positive,0.6624055896622104
1271595550064902145,negative,0.005491895574107135
1271595550153093120,negative,0.043557169730662974
1271595550304075776,negative,0.003463033468271197
1271595550480220160,negative,0.0014624341798670447
1271595551130292225,negative,0.0036838954580570072
1271595551377809411,negative,5.84143812143156e-06
1271595551520423939,negative,0.03980030593590898
1271595553701408768,neutral,0.34117024056417766
1271595555639173120,negative,0.1256518955108437
1271595556188696577,negative,4.653144592348362e-07
1271595556289249280,negative,0.14893131294217962
1271595556297560064,negative,0.011767763688193359
1271595556352262144,negative,0.19016142252117366
1271595556712972288,negative,0.0007649681704228752
1271595556834627586,negative,6.113368402411272e-06
1271595557572808714,negative,3.0334904052678962e-05
1271595557920931840,negative,0.02428248049254861
1271595557967052800,positive,0.9373736140634074
1271595558000635904,negative,0.19512902450161523
1271595558067675136,negative,0.0019204012078376173
1271595558348771331,neutral,0.5953139771580094
1271595558671724545,negative,0.09212574455100801
1271595559166582784,neutral,0.4971689282361413
1271595559183437824,negative,0.0015425978250262452
1271595559191826434,neutral,0.45261599150405957
1271595559263109120,neutral,0.5338447858879253
1271595562136150016,negative,0.10947484028698869
1271595562559832074,neutral,0.3381189830050101
1271595562761162754,negative,0.0009380117642811359
1271595562865848320,negative,0.005534231983515554
1271595563092500482,negative,0.05309809232574404
1271595563318943746,negative,2.6032372983313046e-07
1271595563646103552,positive,0.7342889744533279
1271595563700584451,negative,0.25032273387259285
1271595564183040002,negative,0.027532586259180133
1271595564401033218,negative,0.02265723394232754
1271595566720593920,negative,0.0009160942655618123
1271595566854791173,positive,0.7500377016963704
1271595567261548544,negative,0.04269907076138966
1271595567651659776,positive,0.751202996363915
1271595568113082369,negative,0.0014393851596153505
1271595568222044162,negative,0.26110378976268483
1271595568465424385,negative,1.101255019827127e-08
1271595568826114048,neutral,0.41708290171124635
1271595568847085568,negative,0.001186416849453034
1271595568968548352,negative,0.013265831157646643
1271595571099336704,negative,0.24732171412661205
1271595571254616065,neutral,0.43010935300609193
1271595572273786881,negative,6.0135778425732374e-05
1271595572819099650,negative,0.04522832744869091
1271595572944912393,negative,0.0009150353363496623
1271595573213310977,negative,0.1452952045360196
1271595573276270592,negative,0.0011364120617367779
1271595573402091523,negative,0.2812034489808615
1271595574257758208,neutral,0.437369725752128
1271595574341636097,negative,0.0021733175352434517
1271595574446391296,negative,0.005470088044436287
1271595574475853824,negative,0.00016628924848785266
1271595575264370694,negative,0.09479322597697783
1271595575352324096,negative,0.007032605876039598
1271595575411044352,negative,0.001842031509920941
1271595576040267778,neutral,0.6349245451717109
1271595576539467777,negative,0.00028646708639989976
1271595576820469772,neutral,0.37137062280538924
1271595577017589761,negative,1.56260701404286e-05
1271595577441222660,neutral,0.36049448739410467
1271595577470529536,negative,0.00014840749909568357
1271595577474781184,neutral,0.437369725752128
1271595578460459008,negative,0.16037549762211362
1271595578477199366,negative,0.046484769731093445
1271595578946990082,negative,0.29709877461154593
1271595579211218945,neutral,0.5533970533999424
1271595579953549314,neutral,0.5336144417129252
1271595580045877253,negative,0.0034351765273953573
1271595580360450048,neutral,0.49789225920557484
1271595581375479808,negative,0.0976108487209642
1271595582193373184,negative,0.2757180904752424
1271595583032176641,negative,0.0012767735019782135
1271595583426506755,neutral,0.437369725752128
1271595583590064130,negative,0.025253823303586633
1271595583724294146,negative,3.4756179013684414e-05
1271595584751915009,negative,0.01655022480749108
1271595584814747650,negative,0.01991638529144152
1271595585028739073,negative,0.0016776685784685766
1271595585116635141,negative,1.8066554511466122e-05
1271595585217445891,negative,0.0023170344461177867
1271595585255153665,negative,0.01339675323644946
1271595585263394816,negative,9.208034378177232e-05
1271595586907668481,negative,0.015946341074103896
1271595586962231296,negative,0.0001300380771802116
1271595587037736960,negative,0.00646652069413859
1271595587092328448,negative,0.01879425341181135
1271595587188613120,negative,0.01359956250126882
1271595587230740482,negative,0.002402106420951482
1271595587402686464,negative,0.017410047621452904
1271595587897622528,negative,0.0449952513778862
1271595588614852609,negative,0.002796020236523674
1271595588644220930,positive,0.7355773387641091
1271595588681961472,negative,0.0008158581662178665
1271595588946210818,negative,7.2884477388465e-05
1271595589046800384,negative,0.003738600111901525
1271595589050851330,negative,0.0023137275045071615
1271595591559192576,negative,0.009272739832239805
1271595592112910336,negative,0.18693584956905138
1271595592255451136,negative,0.08329573710250045
1271595593027248128,negative,0.0003406518265563171
1271595593031393282,negative,0.008414803915782094
1271595593132126209,negative,7.443498155565152e-05
1271595593195012103,negative,0.18189696381783874
1271595595308969986,negative,0.021995609071963417
1271595595678068742,negative,4.54239233975216e-05
1271595595833188358,neutral,0.34117024056417766
1271595595921330177,negative,0.00016628924848785266
1271595596114087942,positive,0.8941296885171207
1271595596319686662,negative,0.00010338679440685032
1271595596328177666,neutral,0.37227759433541274
1271595596923764737,negative,0.06756897342989703
1271595597053689856,negative,0.19981026727800333
1271595597791989760,negative,1.8066554511466122e-05
1271595597913403392,negative,0.01655022480749108
1271595599452876800,negative,0.19502423039687414
1271595599620706305,negative,0.23866115815637073
1271595600090484737,neutral,0.43889273010347435
1271595600199417856,negative,0.005894416270567474
1271595600841244673,negative,0.017410047621452904
1271595601088651264,negative,0.02819806822098571
1271595601168384000,negative,0.03654693469853916
1271595603617894400,negative,0.005477316271386722
1271595603731021825,negative,0.1513514464879823
1271595604054020100,negative,0.005894416270567474
1271595604582576131,negative,0.29974194329755127
1271595604846804993,negative,0.0252273658667517
1271595605085900800,negative,0.023881704366282723
1271595605161213952,neutral,0.5486392202546
1271595605190737920,negative,0.0013391425022452087
1271595605278683136,negative,0.0009587700871692808
1271595605467394048,negative,3.21082449615088e-10
1271595605828218882,negative,3.6525690505642486e-06
1271595606105079809,negative,0.04580868801829515
1271595606298038272,negative,0.01654128583119976
1271595606692290561,negative,0.005894416270567474
1271595606730059776,neutral,0.437369725752128
1271595606771892225,negative,0.01655022480749108
1271595607929618437,negative,0.00600742399728498
1271595607975698444,negative,0.0007969433097646404
1271595608109985792,negative,6.67327423863627e-05
1271595608311312392,negative,0.003722072792233506
1271595608613232641,negative,0.018720000499947858
1271595608688726017,positive,0.9977253531383434
1271595608722124800,negative,0.021873131606606658
1271595608793645062,negative,0.00023210368265778503
1271595608814600192,negative,0.10697750540444037
1271595609083052032,negative,0.00012420501629135366
1271595609473060872,negative,0.0615331638563064
1271595609473064960,negative,0.023872504189481978
1271595609762541569,positive,0.6897167840467634
1271595610135724035,negative,4.2562433781233894e-06
1271595610148347904,positive,0.7455725372636481
1271595610324557829,negative,0.016703353531897575
1271595610626568197,negative,2.247260680282803e-05
1271595611934953473,neutral,0.3481484808422442
1271595612321038339,negative,0.03840564920058137
1271595612723609602,negative,0.003053921603253428
1271595612845334538,negative,1.526047300404084e-06
1271595612891492352,negative,0.2513992200403223
1271595613474390017,negative,0.06559550363989554
1271595613742907392,negative,0.3149165285911227
1271595613923115009,negative,0.0002558508086955222
1271595614363680768,negative,0.1256518955108437
1271595614682271744,negative,2.3936387779615208e-05
1271595616238436354,neutral,0.46888097313205723
1271595616393498624,negative,0.06842503420026794
1271595617404555266,negative,0.015376194080376292
1271595617412960256,positive,0.9980816436675186
1271595617576529920,neutral,0.49789225920557484
1271595617706483712,negative,0.025723149059180456
1271595617870118912,neutral,0.3850948772444006
1271595617891102720,negative,0.003879911221391625
1271595617987506186,negative,0.08918577067810494
1271595618176249856,positive,0.9980816436675186
1271595618327244802,negative,0.01879425341181135
1271595618704777219,negative,0.02322610404465399
1271595618826440709,negative,0.007955201010184683
1271595618843201539,negative,0.11977335694342968
1271595620399276033,negative,0.06062516730565888
1271595620520718336,negative,3.344262651301677e-05
1271595620541890561,negative,0.005862990573991634
1271595620550262784,neutral,0.49789225920557484
1271595620575465472,negative,0.0007809020524228805
1271595620894154753,positive,0.9556858708304484
1271595621279989760,neutral,0.3986628840651304
1271595621732900865,negative,0.27069839133778073
1271595621779202048,negative,0.0002558508086955222
1271595621787590659,negative,0.025818057961143632
1271595621863034882,negative,0.00016628924848785266
1271595621896671233,negative,0.027532586259180133
1271595622194348032,negative,0.002014998529721484
1271595622412562432,negative,0.2573882600675242
1271595622605471745,negative,0.04445217217724994
1271595622684954625,negative,0.0024968577181432848
1271595622915768320,negative,9.208034378177232e-05
1271595624455114752,negative,4.3656461217723596e-05
1271595624748609536,negative,0.193535918142673
1271595625218478080,negative,0.13223660272479967
1271595625541402626,negative,0.16181369063462486
1271595625629564928,negative,1.8700616583753737e-05
1271595625730256896,negative,0.27620698220647133
1271595625835048962,neutral,0.3725458233667465
1271595625881141249,neutral,0.4175127894986201
1271595626069995529,negative,0.00016100482880607227
1271595626409713666,negative,0.005442591338877343
1271595627206631424,negative,0.03761886360589996
1271595628330713088,negative,0.005407035119950217
1271595628410351622,negative,0.00180761944723976
1271595629551202306,negative,0.21139109066500397
1271595629756796928,negative,0.04580868801829515
1271595629840683008,negative,0.009112964771014434
1271595629869965312,negative,0.024389767105844083
1271595630188789760,negative,0.037396442277224155
1271595630687858688,negative,0.07773742744442867
1271595631145111554,negative,0.015577189604151682
1271595631149277185,negative,9.250877231731503e-05
1271595631199608834,negative,0.00011341912160628809
1271595631266746375,negative,0.0016535729767583889
1271595631489036289,negative,0.015946341074103896
1271595631694557184,negative,0.1884912452176992
1271595631786721281,negative,0.19753827322328846
1271595632906711040,negative,0.012522383558444582
1271595633028276224,neutral,0.3381189830050101
1271595633036734465,negative,0.025517921564856844
1271595633397415938,negative,0.06433339032335643
1271595633527447554,negative,2.5711403750356846e-05
1271595633913315328,negative,0.0013718761642625232
1271595633913335811,negative,0.00014396128625196797
1271595633963646979,negative,0.00029307795866506935
1271595634710253568,negative,0.23432694521922479
1271595634777300993,negative,0.17231279027765564
1271595635771346944,negative,0.09926607309985072
1271595637835026432,neutral,0.5533970533999424
1271595637868462080,negative,0.047373816508594645
1271595638216699905,negative,0.032326456834016526
1271595638409617415,negative,0.2192905827283175
1271595638682247169,positive,0.6661392976769975
1271595638975799297,neutral,0.4051579084917363
1271595639168815104,negative,0.046484769731093445
1271595639269478400,negative,0.001595334237663935
1271595639332364288,neutral,0.42469616429622037
1271595639424512001,neutral,0.3637556176066104
1271595639445401600,negative,0.027338687115728864
1271595639495778304,negative,0.0200582333334053
1271595639508353024,negative,0.24223892171369196
1271595639533645827,negative,8.030159202015006e-06
1271595639541989376,neutral,0.3403391890910929
1271595639567081473,negative,0.16006992431268918
1271595639596617728,negative,3.403717372878332e-05
1271595639605022721,negative,5.662171157629268e-07
1271595641379131399,negative,0.018910801022262412
1271595642003963904,negative,0.04692282387135488
1271595642033442818,neutral,0.37137062280538924
1271595642339487744,neutral,0.34117024056417766
1271595642440343555,negative,0.009272739832239805
1271595642469732352,negative,0.1534995658139942
1271595642511597571,negative,0.005442591338877343
1271595642675253249,negative,0.021603191415718308
1271595643136507906,negative,0.000937770425213308
1271595643618942978,negative,0.08384635293073044
1271595645489631232,negative,0.005364431360635184
1271595645808361479,negative,0.1513543000916424
1271595646433157120,positive,0.9941342058908762
1271595646647222272,negative,0.0025023475565534373
1271595646886260737,negative,0.018727389357461766
1271595647158927361,neutral,0.5844660558927414
1271595647251038209,negative,0.001842031509920941
1271595649633529857,negative,0.06428858986360275
1271595650283692034,negative,0.01394224286192618
1271595650413735938,negative,0.012461089117349843
1271595650485026819,negative,0.03822952338256756
1271595650602487815,negative,1.56986081944434e-09
1271595650673606656,negative,0.1634838091395455
1271595650711502848,negative,0.0006033502706625389
1271595650778570755,negative,0.000990107747158046
1271595650929565700,negative,7.512667084445575e-12
1271595650950496259,negative,0.04915038932183661
1271595650996723712,negative,0.00035327163019877435
1271595651038511105,negative,0.1818613031927937
1271595651214635008,negative,0.01011986261079609
1271595652062085124,negative,0.2775542706643994
1271595652368289792,negative,0.007065184433057396
1271595654050131969,negative,0.001911558680581736
1271595654092066817,neutral,0.46127768308170247
1271595654184402945,positive,0.8932589632947913
1271595654247321600,negative,0.001446049446130719
1271595654301835265,neutral,0.6457853509825277
1271595654502989825,negative,0.01003639745884728
1271595654524088320,positive,0.8873749701722831
1271595654645723136,positive,0.7804593716194971
1271595654821949441,negative,0.015587129195576853
1271595654972944385,negative,0.12223370080603098
1271595655211802624,negative,0.0031380462099212607
1271595656289882114,negative,0.001446049446130719
1271595656403181568,neutral,0.45539778705163764
1271595658114449409,negative,0.0005580572929300909
1271595658487701509,negative,0.001446049446130719
1271595658865070081,negative,0.01719004681774222
1271595658948960256,negative,0.06410223866945329
1271595659141935104,negative,0.22111817220528637
1271595659372756992,negative,0.0048031083353694045
1271595659775430656,neutral,0.5844660558927414
1271595659821539328,negative,0.001446049446130719
1271595660417077251,negative,0.13777568121247782
1271595662803701760,neutral,0.437369725752128
1271595663940366339,negative,0.0032019498800548826
1271595664313638913,negative,0.008359996569711365
1271595664602955778,positive,0.906554962629912
1271595664980484104,neutral,0.4264188971709622
1271595665248976896,neutral,0.4423746550307744
1271595666574397441,negative,0.01655022480749108
1271595666611945472,negative,0.016414261768289577
1271595666687614976,negative,0.013555530184371847
1271595666737856513,negative,0.01655022480749108
1271595667069243392,negative,0.030520104643771043
1271595667136434179,negative,0.017773718806835603
1271595667165675521,positive,0.8496322213967735
1271595667346067456,negative,3.27059340583468e-09
1271595667404849154,negative,0.05115521710266209
1271595667480293376,negative,0.0045690738262759035
1271595667677421569,negative,0.06446732001068398
1271595667732008960,negative,7.057381430586534e-06
1271595667761364993,negative,0.0007649681704228752
1271595667887185920,negative,6.108867636876163e-07
1271595667987877889,negative,0.00016628924848785266
1271595668004638721,negative,0.03923319319884837
1271595668021354498,negative,2.368626090230121e-05
1271595668117782528,negative,0.015946341074103896
1271595670927859712,negative,0.0006231497894395036
1271595670986723340,negative,0.002967861328473477
1271595671053832194,negative,0.0013876501219581817
1271595671271936001,neutral,0.3381189830050101
1271595671376867329,positive,0.7500377016963704
1271595671477538818,neutral,0.5250137350369191
1271595671863296000,negative,1.0959355209039085e-06
1271595672102473731,negative,0.0070626265411424995
1271595672186187776,positive,0.7842586057601225
1271595672521920512,negative,0.03811130833848486
1271595672576446473,negative,0.05479259030273839
1271595674719653888,positive,0.9556858708304484
1271595675059355653,neutral,0.3381189830050101
1271595675726368774,negative,0.08279649112484168
1271595675764035585,neutral,0.3381189830050101
1271595676078608385,neutral,0.37137062280538924
1271595676389048323,negative,0.005626392366426678
1271595676732985348,negative,0.00012892017730378714
1271595676921724928,negative,8.533047907544956e-05
1271595676992966663,negative,0.026102557911560516
1271595678855299072,neutral,0.3921004173857629
1271595679199223821,negative,0.059824473643223755
1271595679308275712,negative,2.742150523951592e-10
1271595679375331330,negative,0.0014866827487161084
1271595680063250432,negative,0.19502423039687414
1271595680189079553,negative,0.13667971519712943
1271595681338101760,negative,0.00023210368265778503
1271595681451511810,negative,0.026102557911560516
1271595681644503043,negative,0.0338747629471249
1271595681673871360,negative,0.04468764750754338
1271595681728335875,negative,0.11627554484572732
1271595683351584769,negative,0.021203433973722097
1271595683376762882,negative,0.04707410945215658
1271595683670364163,negative,0.00025521795545906155
1271595683913568256,negative,0.08002465081650481
1271595684152479746,negative,0.0006231497894395036
1271595684563582976,neutral,0.5005854729896174
1271595684739907584,negative,0.2485006194712975
1271595684844769280,neutral,0.6185384448272122
1271595685058686977,negative,0.02772879732631702
1271595685356482560,negative,0.00016628924848785266
1271595685431791616,negative,0.01655022480749108
1271595687503896579,negative,0.10920595662265328
1271595688279920642,negative,0.0007659274986084648
1271595688682536960,negative,0.011960993122095259
1271595688799985665,negative,0.022239639193932088
1271595688804200449,negative,7.65543043508159e-05
1271595689441714178,neutral,0.5991912560758702
1271595689668157443,negative,0.14702276847869658
1271595689689124864,negative,0.026400004196187165
1271595689714294785,negative,0.00039100417992825234
1271595689777266692,negative,0.01655022480749108
1271595691542904832,negative,0.003514002341146868
1271595691916353536,negative,1.8066554511466122e-05
1271595692008538112,negative,0.0018857135078916782
1271595692067155968,negative,0.00017320122045802548
1271595692067340288,negative,4.6356921134097937e-07
1271595692159631367,neutral,0.4071538235890296
1271595692377726976,negative,0.004074047576496962
1271595692683821062,negative,0.02986345534954446
1271595693694693376,negative,0.03980030593590898
1271595693803700229,negative,1.9047657484626143e-05
1271595694093144065,negative,8.661814802198318e-06
1271595694164508672,negative,0.03559753101644149
1271595694231638017,negative,0.03980030593590898
1271595696270032896,negative,5.7909476502668246e-05
1271595696299429889,negative,0.1853447716208767
1271595696496488450,negative,0.005869523776642809
1271595696907575302,negative,2.5257087260501317e-05
1271595697146671104,negative,0.0007359869428621496
1271595697180233729,negative,0.012676502386934916
1271595697255612416,negative,0.00010015157584620417
1271595698291568640,negative,1.8066554511466122e-05
1271595698304270336,negative,0.006409869875995114
1271595698631454720,negative,0.0002833791535977362
1271595698635583490,negative,0.023336692626154305
1271595698656620546,negative,0.026086982139018583
1271595700397236234,negative,0.005103608251525445
1271595701168939009,negative,0.32825753860093654
1271595701420666880,negative,0.3169442171495978
1271595701810728961,negative,0.220497393627446
1271595701831680001,negative,0.00020438227240451225
1271595702376857600,negative,0.009272739832239805
1271595702443966466,negative,2.2947026633885184e-05
1271595702720835584,negative,0.005820665306411165
1271595703513612288,negative,0.04580868801829515
1271595704826331136,negative,0.0021971914968858595
1271595705317183491,negative,0.05094700503366205
1271595705757569024,neutral,0.35451443008515343
1271595705912700928,neutral,0.5072119503472683
1271595706130857984,positive,0.6955679431673113
1271595706302816257,neutral,0.4309496164279775
1271595706583785473,negative,0.02219462288414203
1271595706604814336,negative,0.0014733402371072753
1271595708991373316,neutral,0.3381189830050101
1271595709070839808,negative,0.31856744922790964
1271595709440155650,negative,0.022364307277266526
1271595709448552448,negative,0.22619620040918723
1271595709511450624,negative,3.3153929567059235e-06
1271595709545021441,negative,0.0012576775703648318
1271595709620518912,negative,0.3040949491800166
1271595710094475264,negative,0.0002139770798260255
1271595710149021701,negative,3.759814752818217e-05
1271595710203539457,negative,0.00014294154440235452
1271595710266384385,negative,0.07638499429514174
1271595710572617729,negative,0.030922793782573847
1271595710606045184,negative,0.00020360784963172507
1271595712845922304,positive,0.6691491676081341
1271595713202438145,negative,5.0511006153076636e-05
1271595713483374592,negative,0.014802744268416596
1271595713789661192,positive,0.9799345098943948
1271595713860907016,negative,0.046484769731093445
1271595714024558597,negative,0.00016628924848785266
1271595714095742977,negative,0.03840564920058137
1271595714116714497,negative,0.08916503246062732
1271595714666086400,negative,0.027306211591214814
1271595714678841344,negative,0.002647930587441848
1271595714741587969,negative,5.492769936423805e-06
1271595714800496640,negative,1.0328767371581325e-11
1271595717023408129,negative,0.0003406518265563171
1271595717358993410,positive,0.8798571459395171
1271595717774192640,negative,0.2942175419488486
1271595718009126912,negative,0.009948484888605605
1271595718168494080,negative,0.002395107361095619
1271595718294278144,negative,0.00174812024433325
1271595718323474432,negative,0.0048031083353694045
1271595718374035456,positive,0.906554962629912
1271595718382440449,neutral,0.3381189830050101
1271595718671728640,negative,1.678414064707834e-06
1271595718713761797,negative,0.0013500118160885842
1271595718722170881,negative,0.0016001354731082229
1271595719258972160,negative,0.0011721345138220143
1271595719460339715,negative,0.00016628924848785266
1271595721054175232,negative,4.951186927671993e-06
1271595721133826048,negative,0.004183502494367322
1271595721255530496,neutral,0.43268539629841
1271595721297444864,negative,0.26982158164921133
1271595721477758979,negative,0.15797133755319195
1271595721817493509,neutral,0.5223790886978289
1271595721825927168,negative,1.062063940850468e-06
1271595722408779777,negative,0.006543030890747249
1271595723172315139,negative,0.06656437044045363
1271595723419779072,negative,0.003689380387998146
1271595723533008897,negative,0.00020438227240451225
1271595723658686465,negative,0.001842031509920941
1271595725139447813,negative,8.468635722847037e-06
1271595725303033857,negative,0.2864145558920463
1271595726162845701,negative,0.23316809640359565
1271595726594805761,negative,0.001842031509920941
1271595727190450176,negative,0.036778144507036446
1271595727559561220,negative,0.27005304233592375
1271595727580430336,negative,0.004001292238628254
1271595727634849794,negative,0.2512321054223868
1271595728083849223,negative,0.027565523875858356
1271595729786732547,positive,0.6624055896622104
1271595729845399552,negative,0.007032605876039598
1271595730537414657,negative,0.055719613421738395
1271595731686699008,neutral,0.49789225920557484
1271595731758059525,negative,4.143742682840951e-05
1271595732101890048,negative,0.008668836594438374
1271595732122861571,negative,0.000662494089400699
1271595732374622210,neutral,0.4575573778946991
1271595732571750404,negative,0.00023210368265778503
1271595733947494402,neutral,0.3381189830050101
1271595733997826048,negative,0.10603738588895777
1271595734257864705,negative,0.05343429996169101
1271595734450810880,negative,1.8066554511466122e-05
1271595734886952961,neutral,0.5953139771580094
1271595734933155840,negative,0.00020130697172407878
1271595735130259457,negative,0.03840564920058137
1271595735130275841,neutral,0.4999386026696237
1271595735344128003,negative,0.00016628924848785266
1271595735385903104,negative,0.059639779872883776
1271595735415500800,negative,3.5006890985651016e-08
1271595735419625472,negative,0.0028452208663357383
1271595735822327809,positive,0.7500377016963704
1271595735914446850,negative,0.2864145558920463
1271595736090771458,neutral,0.45179930182515665
1271595736141041669,positive,0.8501205417292643
1271595736564674561,negative,0.13223660272479967
1271595738280062976,negative,0.020376659154895685
1271595738535997441,positive,0.7559957570619664
1271595738598948865,neutral,0.42557685919971977
1271595738921947136,negative,0.0005472435116830763
1271595739056144385,negative,0.022667811139730952
1271595739387486209,negative,0.0027706413228083837
1271595739412561921,negative,0.04258011744510042
1271595739425247233,negative,0.0007809020524228805
1271595739542458368,neutral,0.37137062280538924
1271595739861434370,negative,0.0010643594707194018
1271595739957932033,negative,0.0057399567690776185
1271595740087881729,neutral,0.3381189830050101
1271595743258836992,negative,0.003764598444169007
1271595743560830982,negative,0.021603191415718308
1271595744231899137,negative,3.464516942072482e-07
1271595744328384513,negative,0.05470356307280094
1271595744626163722,negative,0.041949785870551815
1271595746484195329,negative,3.8632474149153675e-05
1271595746912067586,negative,0.1714588161743353
1271595746945650688,negative,0.021468205824297266
1271595747037847553,positive,0.9914869082454381
1271595747163570176,negative,4.052080595820096e-05
1271595747599945728,negative,9.319426502538775e-07
1271595748468105230,negative,0.020317130529569682
1271595748761665537,neutral,0.34638483729906117
1271595748929556480,negative,0.08000202738784179
1271595749067952131,negative,0.05614241713595631
1271595750552743936,negative,0.0929220188143389
1271595751005716480,negative,0.018231076434766017
1271595751005736967,negative,0.00727130223188665
1271595751060189187,negative,0.0022534008262551316
1271595751144140806,neutral,0.34117024056417766
1271595751232151552,negative,0.18909143581032145
1271595751685140480,negative,0.0037937053441798145
1271595753446801408,negative,0.00011559616770533228
1271595755174875145,negative,0.018360823191417172
1271595755313287168,negative,0.05610309040052827
1271595755686502400,negative,0.008662462868170809
1271595755762057217,negative,0.0013327655293858542
1271595756030435328,negative,0.020965330121750184
1271595756214943745,negative,0.03840564920058137
1271595756445720577,negative,0.015946341074103896
1271595756483379200,negative,0.06446732001068398
1271595756575764482,negative,0.07164591262852142
1271595756584161288,negative,0.0007969433097646404
1271595756714176512,negative,0.00010618970683493335
1271595756789673984,negative,0.0071479933406052385
1271595756919484417,negative,0.03695208748753567
1271595757133578240,neutral,0.4507454498615163
1271595757175549952,neutral,0.5844660558927414
1271595757284528133,negative,0.055729676515545584
1271595759079763969,negative,0.08002465081650481
1271595759247466496,negative,1.1726211887024627e-05
1271595760031862787,negative,0.044832085051323294
1271595760480661504,negative,0.0005358077387413497
1271595760505835523,negative,6.22126348595743e-09
1271595760530993152,negative,0.0020093435034387666
1271595760669396997,neutral,0.4235014766443561
1271595761411796992,negative,0.0032019498800548826
1271595761537634304,negative,0.00011341912160628809
1271595761592041474,negative,0.16172293845929064
1271595761667575812,positive,0.9856339366098104
1271595762095403008,negative,0.09368828794453637
1271595762300915714,negative,0.0002833791535977362
1271595762791714816,negative,5.23861846293546e-05
1271595763009835008,neutral,0.4087132931625022
1271595763643158529,negative,0.022375887781096837
1271595763810918400,positive,0.9997709441247211
1271595764037357568,negative,0.055729676515545584
1271595764112916482,positive,0.9997580264596364
1271595764351995907,negative,0.00032873605066574465
1271595764792414208,negative,0.00012358293547957858
1271595764901445632,negative,0.07164591262852142
1271595765614477313,negative,0.00012358293547957858
1271595765627072513,negative,0.002385125007943545
1271595765803159552,neutral,0.49789225920557484
1271595765840982017,negative,0.0376724300211493
1271595765870268422,negative,0.00026706758266826873
1271595765996163073,negative,0.0006231497894395036
1271595766210052098,neutral,0.437369725752128
1271595766293954570,negative,0.0615331638563064
1271595766327410690,negative,0.0319832305431049
1271595767694790658,negative,0.004500908720721487
1271595768013602818,negative,0.18909143581032145
1271595768500060161,negative,4.004775643574316e-07
1271595769007669248,negative,1.8066554511466122e-05
1271595769435480064,neutral,0.42507619662732005
1271595769649336321,neutral,0.35451443008515343
1271595770198835200,negative,0.31888999851805766
1271595770479771648,negative,0.03505179258399321
1271595770588942337,negative,0.011703220097117726
1271595771411017728,negative,4.048331183594724e-10
1271595771608076288,negative,0.04258011744510042
1271595771616468993,negative,0.27403404469589215
1271595772539277313,negative,1.4512442540329256e-06
1271595772786532353,negative,0.027532586259180133
1271595772795027462,negative,0.00021486174134923317
1271595772845469697,negative,0.18566665720372164
1271595773747179522,negative,0.00016628924848785266
1271595774481068034,negative,0.02208449732333434
1271595774628040707,negative,0.12435042853167522
1271595775768870912,negative,0.031165645198172956
1271595775798071297,negative,0.3040949491800166
1271595776423219200,negative,2.3402542705577445e-05
1271595776444071936,negative,0.0018447571416846267
1271595777043959818,negative,0.20757850165123046
1271595777475915776,negative,0.3040949491800166
1271595777601744897,negative,0.0547450000498501
1271595777631150080,negative,1.3607215780439908e-11
1271595777664614401,negative,4.143742682840951e-05
1271595777719242753,negative,0.003605231651802118
1271595777756925953,negative,0.08601207566064165
1271595778050490369,negative,0.0010643594707194018
1271595778084126722,negative,0.013515552971693497
1271595778201604097,negative,0.0014119065775555228
1271595778260250626,negative,0.15426889957733209
1271595778448994306,negative,0.13800547471081467
1271595779925381121,negative,0.06842503420026794
1271595780013387776,negative,0.08002465081650481
1271595780177100800,negative,0.0342040258204536
1271595780302934016,negative,0.009272739832239805
1271595780848201728,negative,0.08443717298689003
1271595780940468224,negative,0.28543399669036407
1271595781150171136,negative,3.7850831381912385e-06
1271595781707960323,negative,0.1382073030239792
1271595781808631813,negative,0.000461978987029925
1271595782261608448,negative,0.0023864531750042895
1271595782957928450,negative,0.21921412548362115
1271595782970306566,negative,0.011540163931986777
1271595783024971779,negative,0.003871665664307081
1271595784337854464,negative,0.005894416270567474
1271595785369587712,negative,0.0009028042954317648
1271595785382170629,negative,0.005894416270567474
1271595785784832001,negative,0.05670946645000067
1271595786221084672,neutral,0.3381189830050101
1271595788418908160,negative,0.00036424301050640726
1271595788695732225,negative,1.69597407704258e-05
1271595788896960512,neutral,0.3381189830050101
1271595788922216450,neutral,0.475189294985171
1271595789144506371,negative,0.0002833791535977362
1271595789400240129,negative,0.10423174175236795
1271595789492670464,negative,0.18813973867280442
1271595789501030400,negative,0.006469679400739249
1271595789589139456,negative,0.060490407011491755
1271595790079856647,positive,0.997126995515298
1271595790125932545,negative,0.26812582956602965
1271595790302089216,neutral,0.4670100671583925
1271595790318948353,negative,0.0107032904639219
1271595790343995393,negative,0.0615331638563064
1271595792386621440,negative,0.03840564920058137
1271595792944562176,negative,0.05897235857735733
1271595793435279364,negative,1.7879200522187447e-05
1271595793569505281,negative,0.004304179935250414
1271595793670197255,negative,0.03725801698125745
1271595794165116928,negative,7.744429830736366e-06
1271595794454532096,negative,0.03840564920058137
1271595794693607425,negative,7.178974134898367e-06
1271595794743910402,negative,9.250877231731503e-05
1271595794785800197,neutral,0.35451443008515343
1271595795503034368,neutral,0.5533970533999424
1271595796547297280,negative,0.2184531539502712
1271595796547481602,negative,0.1735162678381825
1271595796648153088,negative,0.037923919074804614
1271595796715233281,negative,0.0022480160405335303
1271595796807458816,negative,0.00013388449405586777
1271595797013049345,negative,0.14267109743377815
1271595797600059392,negative,0.001842031509920941
1271595797814050816,negative,0.07282899511039714
1271595798011301898,negative,0.03488662225702777
1271595798267138048,negative,0.1203090358454427
1271595799273750529,negative,0.0020093435034387666
1271595799487696902,negative,1.67824124727267e-05
1271595799546408961,negative,0.02893852940882959
1271595800896901121,negative,0.0004102891550685092
1271595801140178950,negative,0.20554527926182162
1271595801245073408,negative,0.023635102279001126
1271595801282842624,negative,0.0099536958179938
1271595801333112838,negative,0.00016100482880607227
1271595801635151877,negative,0.00027990724572867556
1271595801643548679,negative,0.00016628924848785266
1271595801920393218,negative,0.23312232796556173
1271595802218106880,positive,0.7500377016963704
1271595802557927425,negative,0.004304179935250414
1271595802679484416,negative,7.100087227635347e-08
1271595802972962817,negative,0.06267860474099735
1271595804944408576,negative,0.015946341074103896
1271595805137424386,negative,1.8066554511466122e-05
1271595805523181572,negative,0.01879425341181135
1271595805531611137,negative,0.046484769731093445
1271595805800103939,negative,0.246107307896335
1271595805992984577,negative,0.021468205824297266
1271595806072672262,negative,0.3155990631147836
1271595806165028871,negative,0.008658099919513919
1271595806764814337,negative,0.029605347622780845
1271595807561703424,negative,0.07814373821811607
1271595809147060227,negative,0.20186754572743498
1271595809365266433,negative,6.301008206325995e-05
1271595809499471873,neutral,0.438658726745286
1271595809839222788,negative,0.25100531347307287
1271595809956597760,negative,9.09654557292609e-06
1271595811177103360,neutral,0.3566313625838256
1271595811458203648,negative,0.00010330781086314503
1271595811646906370,negative,1.69597407704258e-05
1271595813442146305,negative,0.15797133755319195
1271595813576364033,negative,8.785807539694858e-06
1271595813781848064,negative,0.0022396565939442623
1271595813941231616,negative,1.4369133303213007e-05
1271595814322831360,negative,1.7746080916783892e-07
1271595814633320459,negative,1.192229952127417e-07
1271595814666764288,negative,0.04251423792646359
1271595814956281856,negative,0.0005358077387413497
1271595815262437381,negative,0.0037480640310064853
1271595815631556614,negative,0.10423818545837245
1271595815904186368,negative,0.04031304755783594
1271595816038412289,negative,0.27403404469589215
1271595817707532288,negative,0.021873131606606658
1271595817716125719,negative,0.001842031509920941
1271595817758085121,negative,0.00016628924848785266
1271595817917468673,negative,0.023336692626154305
1271595818269753345,negative,0.02301667247206716
1271595818940801024,negative,0.011825623898866858
1271595819016355841,neutral,0.35451443008515343
1271595819041345536,negative,0.0002558508086955222
1271595819364503552,negative,0.001115670893445104
1271595819372875776,negative,0.20757850165123046
1271595819460898817,negative,0.12638575508756936
1271595819570024455,negative,5.838176236884896e-06
1271595819603386368,neutral,0.34117024056417766
1271595819620159488,negative,1.272600344083514e-10
1271595819737714688,negative,0.015661262735491132
1271595819813294080,negative,0.292113077708593
1271595819867803650,negative,0.005554456944351657
1271595820207484929,negative,0.03512920748259358
1271595821893443585,negative,0.0009708903180755854
1271595822006841344,negative,0.0032815737581281487
1271595822573137920,negative,0.0009430224910551406
1271595822958948353,negative,0.009339665952266415
1271595823252586497,negative,0.28543399669036407
1271595823583936513,negative,0.24732171412661205
1271595823776837633,negative,0.0018286620212390387
1271595823844020229,negative,0.06626857316023484
1271595824410132482,negative,0.018123243813070296
1271595824745713666,negative,0.055729676515545584
1271595825072930822,neutral,0.5125346384085501
1271595826037522435,negative,0.055729676515545584
1271595826276524032,negative,0.08002465081650481
1271595826675146752,negative,0.0010207085962303595
1271595826809376769,negative,0.0027150223866055138
1271595826826051585,negative,9.250877231731503e-05
1271595826884882435,negative,0.04986298867505615
1271595827040059392,negative,0.004077199090876045
1271595827182608384,negative,0.015946341074103896
1271595828415565825,negative,7.236773637704521e-08
1271595828919091201,positive,0.9980816436675186
1271595828944273415,negative,6.205757337296726e-05
1271595829317578758,negative,1.6634548148130192e-05
1271595829397196801,negative,4.462795326589837e-12
1271595830424875008,negative,0.04445217217724994
1271595830559100929,negative,0.039309880892793664
1271595830563213312,negative,0.10468083000665482
1271595830567297024,negative,1.3125516495705527e-06
1271595831121121281,negative,0.21139109066500397
1271595831284633600,negative,0.18693584956905138
1271595831733477381,negative,6.123535810151305e-08
1271595832031223808,negative,0.0030058475360534038
1271595832073125888,negative,0.27480059296125897
1271595832211628033,negative,0.0018375631550464277
1271595833063071744,negative,0.044179880756355164
1271595833230864385,negative,0.07191466085681834
1271595834153582592,negative,0.02334434094339039
1271595834371604480,negative,0.3040949491800166
1271595834958843904,negative,0.0009020267694497837
1271595835172818944,negative,0.05817995923428874
1271595835197882368,negative,0.015946341074103896
1271595835961327616,negative,0.004304179935250414
1271595836116516870,negative,0.3248410612445367
1271595836175273986,positive,0.9754616296967443
1271595836972154880,negative,0.00684700523264991
1271595839161581568,negative,0.014037331442827202
1271595839543291905,negative,1.8066554511466122e-05
1271595840256249856,neutral,0.6234049249685203
1271595840667295744,negative,0.2864145558920463
1271595841422340096,neutral,0.37142605093897746
1271595841468469248,neutral,0.43344590928712023
1271595842772795392,negative,0.029221171854788907
1271595843288735747,negative,0.02428248049254861
1271595843485700096,negative,0.011703220097117726
1271595844802875392,negative,1.1827147958064714e-08
1271595845339811848,negative,0.22862000958994236
1271595846895841280,neutral,0.35451443008515343
1271595847063568385,negative,0.008178362527209763
1271595847470526466,negative,4.620058260489666e-06
1271595847726309377,positive,0.85621757823014
1271595848158179330,neutral,0.34117024056417766
1271595848472899585,positive,0.9460527034997795
1271595848699445264,negative,0.009687931440873761
1271595848833667075,negative,0.004110931593968084
1271595848904765441,negative,0.01655022480749108
1271595849085304833,negative,0.01655022480749108
1271595849160720384,negative,1.048721962979032e-08
1271595851345993728,negative,0.05817995923428874
1271595851396374528,negative,0.005364431360635184
1271595852436471815,negative,0.00020324837257610802
1271595852721557504,negative,0.19502423039687414
1271595852814061568,positive,0.9595664602051986
1271595853006979072,negative,0.017908715484306947
1271595853153779712,negative,0.08322768738511874
1271595853300543491,negative,0.0007099880208923235
1271595855875842049,negative,0.00027585667296755586
1271595856089808898,positive,0.8154950852205297
1271595856110718976,neutral,0.41781860539170623
1271595856492408833,negative,0.00014840749909568357
1271595857012555777,negative,0.044250324168224095
1271595857067028480,negative,3.55355186306911e-05
1271595857087954944,negative,0.005894416270567474
1271595857150742528,negative,0.0028758295949476388
1271595858010820609,negative,0.3020135550609068
1271595858111475719,negative,0.00023210368265778503
1271595858132455426,negative,0.0005358077387413497
1271595858165972992,negative,0.0085443513726046
1271595858304393218,neutral,0.3689630246940564
1271595858388189185,negative,0.005894416270567474
1271595859411636225,negative,0.22252779164072473
1271595859688468480,negative,9.084243558723258e-16
1271595860179238912,negative,1.368804216712089e-07
1271595860321853440,negative,0.009272739832239805
1271595860581810177,negative,0.1322080487341866
1271595861072646147,negative,0.18271363907497495
1271595861290745859,negative,0.0023371756553781237
1271595861357686784,negative,0.08343887924363161
1271595861907210243,neutral,0.43239902574644784
1271595862590963717,negative,0.1256518955108437
1271595863132065793,negative,9.327497315181729e-08
1271595863694065664,negative,0.22751162204829262
1271595863702491137,negative,0.10600606211472394
1271595864016945152,negative,0.055729676515545584
1271595864373563398,negative,0.0510672148070735
1271595864423903233,negative,0.3040949491800166
1271595864448999429,negative,2.339742673737833e-12
1271595865128546309,negative,0.018720000499947858
1271595865287917569,negative,4.65188768066243e-08
1271595865396969472,negative,0.13223660272479967
1271595867875794945,negative,1.0602243335814385e-09
1271595868504891399,neutral,0.3381189830050101
1271595868878225409,negative,0.001177680186390631
1271595869389893632,negative,0.00036424301050640726
1271595869591220231,negative,0.1294962061109169
1271595870207610881,negative,0.00023210368265778503
1271595870425952260,negative,0.25376073185011694
1271595872065912833,negative,0.023881704366282723
1271595872225132544,negative,0.1485194412578841
1271595872233697280,negative,0.0009998132630746103
1271595872451690497,positive,0.9856339366098104
1271595872556474370,negative,0.00023210368265778503
1271595872737001472,negative,1.7622097106287195e-07
1271595872934125570,negative,0.23923325162317483
1271595873122701312,neutral,0.5063531925391163
1271595873152184321,negative,6.161735811685456e-06
1271595873479331840,negative,0.00012630641479271409
1271595873584250884,negative,0.10628246963760944
1271595873705877504,neutral,0.5114520767311611
1271595873806532611,neutral,0.5822579946044131
1271595873986850816,negative,0.06671223914166648
1271595874578100224,negative,0.04251423792646359
1271595874737676289,negative,0.04850651215777833
1271595874888663041,negative,0.023758272987789788
1271595876260216832,negative,1.0632576928039637e-08
1271595876679593991,negative,0.02428248049254861
1271595876910276609,negative,0.2793168272936149
1271595877447196672,negative,0.00019856974759725908
1271595877556277249,negative,2.2341924829761687e-05
1271595877971476480,negative,0.004500908720721487
1271595878369955840,negative,0.004170513126696329
1271595878789324802,negative,0.007020262686086699
1271595878801956867,neutral,0.42871870969305476
1271595878801965056,neutral,0.4064281066055449
1271595880790011905,positive,0.8785031404427778
1271595881121435649,negative,0.021468205824297266
1271595881280782339,negative,4.9549570623950156e-12
1271595881377169414,neutral,0.49789225920557484
1271595881381363713,negative,0.28543399669036407
1271595881687474176,negative,0.16437877331818024
1271595882912178176,negative,0.006530412676232573
1271595882958540801,negative,0.04580868801829515
1271595883621240833,negative,0.0019626259974145294
1271595884720066562,negative,5.531874381028928e-05
1271595885458268163,negative,0.29985812843519355
1271595885668044801,negative,0.0028061480390637454
1271595885697404930,negative,0.0019643011922321554
1271595885735149568,negative,0.00016628924848785266
1271595885995188225,negative,0.00031309916584450095
1271595886187970560,negative,0.19502423039687414
1271595886259380225,positive,0.6624055896622104
1271595886322188288,neutral,0.5250137350369191
1271595886360039430,negative,0.3134473682148719
1271595886813024256,negative,0.00016628924848785266
1271595886821421057,negative,0.04810363933579844
1271595887517667329,negative,0.04674479343127386
1271595888864047104,negative,0.018720000499947858
1271595888943792131,negative,0.0001416548506366076
1271595889639948289,negative,0.00016628924848785266
1271595890311135232,negative,0.004077199090876045
1271595890319536128,negative,0.00011791760518418482
1271595890659127297,negative,0.002283091256957504
1271595890726383616,negative,0.0007969433097646404
1271595891002994688,negative,0.12798683682178008
1271595891133050880,negative,0.016026642623300738
1271595891586195456,negative,0.001661273296479949
1271595891598733312,negative,0.0005629299174020448
1271595891804291077,negative,0.07638420358625374
1271595891951054853,neutral,0.5586274034083963
1271595893247131648,negative,0.029894171192499045
1271595894140547072,negative,0.01655022480749108
1271595894316679169,negative,0.024986868986963957
1271595894706778112,positive,0.7500377016963704
1271595895243579392,negative,0.025152324668022856
1271595895403003904,negative,6.994220566332058e-05
1271595895570731013,negative,5.6089145971785594e-05
1271595897239924736,neutral,0.6508296860713119
1271595897613365248,negative,0.0002558508086955222
1271595897651105795,negative,2.637229208144065e-07
1271595897860829185,negative,2.076260272052931e-06
1271595897948905473,negative,0.009136903895218743
1271595898691346432,negative,0.04283844340723604
1271595898867515394,negative,4.482972286831164e-06
1271595899043676160,negative,0.0005345445854351197
1271595899249029121,negative,0.15949234845282093
1271595899400183808,negative,5.681554485818871e-05
1271595899752513539,negative,0.29473263599876914
1271595899890917376,positive,0.8891349315315699
1271595899991572482,negative,3.262796994869556e-05
1271595901556011010,negative,0.2197100268113065
1271595901702766594,negative,0.003629126029984604
1271595901967044608,negative,0.003206126191337928
1271595902285893633,negative,9.840111243013009e-05
1271595902508163072,negative,0.06326627960981118
1271595902814367744,negative,0.02301667247206716
1271595903216807936,positive,0.7597267057165485
1271595903225196544,negative,0.20186754572743498
1271595903552495616,negative,0.0011721345138220143
1271595903661400064,negative,0.0007070299752569024
1271595903837630464,positive,0.7597267057165485
1271595903871258624,neutral,0.4836023791835051
1271595904152338433,negative,0.032326456834016526
1271595904194183173,negative,0.03461907115306758
1271595905582608384,negative,2.1583473056491964e-10
1271595905653903362,negative,0.04623825374059083
1271595905783824388,neutral,0.3381189830050101
1271595905804795905,negative,0.005442591338877343
1271595906459037696,negative,0.05103743894383572
1271595906492702720,negative,0.19502423039687414
1271595907063205889,negative,0.00021598564477312907
1271595907213979648,neutral,0.5195043217754086
1271595907226746881,negative,0.0963666577118249
1271595907298070530,negative,0.060490407011491755
1271595907457441792,negative,0.13667982455125166
1271595907478425609,negative,0.005364431360635184
1271595907578986503,negative,0.015833967096808822
1271595907738415106,positive,0.8702840046009886
1271595907885068288,negative,0.004040449757399705
1271595907964899329,negative,0.0007164081244284009
1271595908321476614,negative,9.208034378177232e-05
1271595910510845958,negative,0.02043020632106502
1271595910557044738,negative,7.730518905627762e-07
1271595910766702592,negative,0.054032314294669426
1271595911202799616,negative,0.004040449757399705
1271595911257432070,negative,0.1853447716208767
1271595911320424449,negative,8.380031064308056e-12
1271595911391707137,negative,0.0015035215866807234
1271595911421079553,negative,0.003974054793904126
1271595911668469760,neutral,0.5957399490333923
1271595912356409344,negative,0.00016628924848785266
1271595914507976704,negative,0.09685306343796572
1271595914621313024,negative,5.6352118581905036e-09
1271595914747150336,neutral,0.48773238291385845
1271595914919018497,neutral,0.3972773156834369
1271595915074306049,negative,0.1226683087348676
1271595915212619776,negative,0.0009732008370926802
1271595915300593664,neutral,0.6508296860713119
1271595916370247686,negative,0.007520785450598255
1271595916722610176,positive,0.7500377016963704
1271595917075001346,negative,0.005364431360635184
1271595917607489537,negative,2.3616653166913887e-06
1271595918702174208,negative,0.11977335694342968
1271595918706593792,positive,0.8154950852205297
1271595918765293568,positive,0.671337306919619
1271595918786265096,positive,0.8118466702549869
1271595918823915523,neutral,0.5250137350369191
1271595919302164487,negative,0.018720000499947858
1271595919461486592,negative,0.056516560398276135
1271595920086446080,negative,2.0565727030028902e-08
1271595920749203463,neutral,0.37137062280538924
1271595921705521153,negative,0.11039593456744098
1271595922447675392,negative,0.0003126509930647542
1271595922754088967,negative,0.030082306157232213
1271595922821206019,negative,3.0373461343041953e-05
1271595923056070657,negative,0.05368241837099004
1271595923060162566,negative,5.923728579891653e-12
1271595923748073473,negative,0.31820487300311295
1271595923768930304,negative,0.013050981504847087
1271595923920031745,negative,0.00011791760518418482
1271595923966234626,negative,0.026615173795510632
1271595926826749953,negative,0.00016628924848785266
1271595926960967681,negative,0.007851524530345622
1271595927334199298,neutral,0.5760518704885187
1271595927350857729,negative,4.633961229564071e-05
1271595927590113280,negative,0.052587225807859427
1271595928261029888,negative,0.12082734449828159
1271595928512802817,negative,0.002262514312697901
1271595928714194945,negative,0.2378411193086786
1271595928856735745,negative,0.07949154644143294
1271595928898744329,negative,0.00015194828200427033
1271595928923799554,negative,0.24257369881389068
1271595929326493700,positive,0.8442014614349974
1271595930819665921,negative,0.030187877842533146
1271595930849075206,negative,4.9887529299748556e-09
1271595931000078339,negative,0.17808702795915546
1271595931046117376,negative,0.06390068399205408
1271595931323060226,negative,0.024389767105844083
1271595931469787136,negative,3.931509143673123e-08
1271595931734093824,negative,1.8066554511466122e-05
1271595932036009990,negative,0.0005358077387413497
1271595932421730305,neutral,0.36016203400974833
1271595932707102720,negative,0.2785928761937945
1271595932925255680,negative,0.1258172326290387
1271595933617266693,negative,0.18108766465601922
1271595933785088003,negative,0.0005629299174020448
1271595935496310784,negative,0.10045912122780336
1271595935794114560,negative,0.01879425341181135
1271595935815077890,negative,2.3309018770252296e-05
1271595936020561922,negative,0.00020487407608389335
1271595936179990530,negative,0.008118100566785323
1271595936511385600,negative,0.05610309040052827
1271595937249603586,negative,0.001181924096192906
1271595937345843202,neutral,0.36362102926327455
1271595937421459462,negative,0.31888999851805766
1271595939191455744,negative,0.0005358077387413497
1271595939682287616,neutral,0.35451443008515343
1271595939724230656,negative,0.023635102279001126
1271595940043010051,negative,0.082081862538635
1271595940261122048,negative,0.0019660331236129296
1271595940353359874,negative,0.03201949457110022
1271595941058031616,negative,0.060490407011491755
1271595941229977600,negative,4.908254204596775e-07
1271595941318049792,negative,0.00010338679440685032
1271595943390052354,negative,0.020912742143390974
1271595943582994436,negative,0.0006231497894395036
1271595944153427968,neutral,0.5715314424006551
1271595944249868288,negative,7.178974134898367e-06
1271595944543485955,negative,0.009272739832239805
1271595944832688128,negative,0.15426889957733209
1271595945088757761,negative,0.31856744922790964
1271595945323573248,negative,0.001620140057893858
1271595945352925184,positive,0.6867576263775841
1271595945394872323,negative,0.002196176783496412
1271595946275754000,negative,0.15570583247888495
1271595948272168961,negative,0.08002465081650481
1271595948582604800,negative,0.018231076434766017
1271595948708450305,negative,2.010048050496408e-06
1271595949215768576,negative,0.053528315522353924
1271595949253636098,negative,0.1462919561686419
1271595949274664960,negative,0.2486640047527842
1271595949404696576,positive,0.7500377016963704
1271595949492711424,neutral,0.46511884455441777
1271595950251765761,negative,0.1470799575575473
1271595950427996160,negative,0.0027217774234667667
1271595952135114752,negative,0.0003452732167158919
1271595952579772416,positive,0.8430016442775652
1271595952604950529,neutral,0.6074462251440673
1271595952613228545,positive,0.6714112149538818
1271595952617521154,negative,0.0022047028376949566
1271595952856588289,neutral,0.47767126215885464
1271595952885940226,negative,0.22513179180885018
1271595953447940096,neutral,0.4118525884490333
1271595953749987328,negative,0.0007969433097646404
1271595954064494592,neutral,0.5692316833354062
1271595955956088834,negative,0.0035579899646743423
1271595956119777280,negative,0.004420391507848585
1271595957117911046,negative,0.1471597034337785
1271595957298348032,negative,0.07388171950582473
1271595957843562561,negative,6.161735811685456e-06
1271595958162337793,negative,0.0498231544349313
1271595958476967936,neutral,0.437369725752128
1271595958686625792,negative,0.018720000499947858
1271595959143862272,negative,0.00021323646588724418
1271595959311634432,negative,0.19962960254333567
1271595960355995648,negative,0.31812769580849276
1271595960414674945,negative,0.011939323911211058
1271595960548773888,negative,0.0002470336504706934
1271595960766853120,negative,0.023635102279001126
1271595960939003904,negative,0.09617203903950694
1271595961165504512,negative,3.454989673793827e-07
1271595961450729472,negative,9.120248602268738e-15
1271595961526124544,negative,0.22509533311490187
1271595962255978496,negative,0.27781596414135684
1271595962507694080,positive,0.8390537993186409
1271595964378353671,negative,0.012017192431571493
1271595964437016576,negative,0.11101101928230397
1271595964965490689,negative,0.0009177503516261305
1271595964965564416,negative,1.003749671671895e-09
1271595965372338178,neutral,0.6069003891336653
1271595965787635712,negative,0.09368142540527145
1271595966165061633,neutral,0.3725458233667465
1271595966257397767,positive,0.8154950852205297
1271595966429384705,negative,0.07452069330649544
1271595968555876357,negative,0.010656132409465554
1271595968815915008,negative,0.09690104011848619
1271595969117732865,negative,0.0631898738569905
1271595969205993473,negative,0.0007783165580530249
1271595969633755136,negative,0.021806097133940813
1271595969688338433,negative,0.00022585340508116388
1271595970283872257,negative,0.002402106420951482
1271595970392924161,negative,0.05115521710266209
1271595970434945024,negative,0.1531297570322498
1271595970980175874,negative,0.00016628924848785266
1271595971386970112,negative,0.024140083138227412
1271595971479310342,negative,6.236105015602125e-07
1271595971718385665,negative,3.453472755021633e-06
1271595973123477509,negative,0.06656437044045363
1271595973299625985,negative,7.37922492671626e-05
1271595973786116096,neutral,0.43010935300609193
1271595973794562048,negative,0.02734764205970332
1271595973974937600,negative,0.056870447376820614
1271595974335610886,negative,0.00011901263857809462
1271595974461476864,positive,0.7868525013395837
1271595974587305985,negative,9.208034378177232e-05
1271595977410043904,negative,0.00040076035469845366
1271595977519108096,negative,0.00012054888200422135
1271595977577648129,negative,7.872444304157846e-07
1271595977875623941,negative,0.04251423792646359
1271595978013974529,negative,0.001842031509920941
1271595978043338753,negative,0.00039425485425086235
1271595978508963840,negative,0.0882311381289216
1271595979033268224,negative,0.0017058580464821363
1271595979150589954,negative,0.008359996569711365
1271595979159097344,negative,0.23316809640359565
1271595980639678465,negative,0.004202944138452892
1271595981121953806,negative,0.11039593456744098
1271595981180743683,negative,0.00010015157584620417
1271595981189111809,negative,0.0005358077387413497
1271595981696577536,negative,0.08002465081650481
1271595981700816896,neutral,0.49789225920557484
1271595981763743745,negative,4.143742682840951e-05
1271595982715846656,negative,0.2118467596300283
1271595982950674434,negative,0.25928655558853303
1271595983135268865,negative,3.4756179013684414e-05
1271595983281852418,neutral,0.6001340851425573
1271595983634345984,negative,0.002886944683696644
1271595984028602378,negative,0.0020772227346102646
1271595985970565126,negative,0.006037807319365434
1271595986150928385,negative,0.11209700045640052
1271595986763341825,negative,0.0006755598966081016
1271595987707006982,negative,0.2064894127936235
1271595989326069767,neutral,0.5844812128851742
1271595989539991558,negative,0.00863325085184235
1271595989984587776,negative,0.00016628924848785266
1271595989988790272,negative,0.1748885911614985
1271595990835957765,negative,0.317410300229942
1271595990928236544,negative,0.0007969433097646404
1271595991062532098,negative,1.6300979430777446e-06
1271595991259648000,negative,0.10468083000665482
1271595991691669514,negative,0.011885421604799605
1271595992002027520,negative,0.029221171854788907
1271595993902055424,negative,0.0002558508086955222
1271595993910435849,negative,7.865371298224195e-06
1271595994032082944,negative,0.13223660272479967
1271595994065571845,neutral,0.4737554465528978
1271595994153537537,negative,0.0005326165327446038
1271595994434723840,neutral,0.41557614730585196
1271595995135193092,negative,0.0071479933406052385
1271595995810365440,negative,0.005211584107610013
1271595996091473920,negative,0.0033365425714071257
1271595996192083969,negative,0.2576732984519138
1271595996250869764,negative,0.005211584107610013
1271595996322189314,negative,0.013265831157646643
1271595996808650752,negative,0.0071479933406052385
1271595996859052040,negative,0.32745463598541097
1271595998008221698,negative,0.0005955793925200283
1271595998272520193,negative,0.0002833791535977362
1271595998490607616,negative,0.002395107361095619
1271595998549245957,negative,0.007888977345259514
1271595998943551488,negative,0.18884248391470657
1271595999438557186,negative,0.05834160597028254
1271595999828606977,negative,0.21131799118011757
1271596000491139073,negative,0.0007801049403909662
1271596000591953921,negative,0.0699170665566325
1271596000721895425,negative,0.00016628924848785266
1271596000810086400,negative,0.029221171854788907
1271596002068303872,positive,0.8994817305662404
1271596002185818112,negative,0.0005629299174020448
1271596002303266817,positive,0.9979365032458728
1271596002462613505,negative,0.013741857931848572
1271596002617810944,neutral,0.37137062280538924
1271596003032993793,negative,0.055729676515545584
1271596003033001989,negative,0.019864862022010387
1271596003326656512,negative,0.044179880756355164
1271596003414638592,negative,3.96064120285744e-10
1271596003477434368,negative,0.19502423039687414
1271596003595112448,negative,0.2064894127936235
1271596003821584386,negative,0.00014294154440235452
1271596004031303682,negative,0.05175976023639244
1271596004081532930,neutral,0.49789225920557484
1271596004379418624,negative,0.006759802676185766
1271596004626833410,negative,0.02299302147468022
1271596004874297345,negative,0.00011341912160628809
1271596004920492032,negative,1.3246117043244962e-05
1271596006719791104,negative,0.007006140556179161
1271596006803677186,negative,0.0013327655293858542
1271596008351334400,negative,0.08700854423997667
1271596008661823490,negative,0.08002465081650481
1271596008699551746,negative,0.13666746933319543
1271596008846381056,negative,0.2872073651215275
1271596009081188352,negative,0.00041279808053524723
1271596009274163202,positive,0.7500377016963704
1271596010675015688,negative,0.03002850738116171
1271596010905706496,negative,0.0319832305431049
1271596011161563138,negative,1.5914144874725186e-05
1271596011857883136,negative,1.69597407704258e-05
1271596012470231040,negative,0.10094797365021442
1271596012671393793,negative,3.018673509490364e-06
1271596013673824256,negative,0.018360823191417172
1271596013782839297,negative,0.0070037235772165045
1271596014819069954,negative,0.03980030593590898
1271596015037173761,negative,0.0005358077387413497
1271596015045541888,negative,0.005442591338877343
1271596015121031170,negative,0.07638420358625374
1271596015196364800,negative,3.785373957298421e-12
1271596015225843714,negative,0.052340999163899074
1271596015469113344,negative,0.0024243095112091106
1271596015498547200,negative,0.20381020313940934
1271596015725031425,neutral,0.44654025683665294
1271596015750127616,negative,9.208034378177232e-05
1271596015771099136,neutral,0.46482226936090254
1271596016190488576,neutral,0.49789225920557484
1271596016639369217,negative,0.00014900681969878246
1271596016890982403,negative,0.00027382007603041545
1271596017042034691,negative,0.010129445732264698
1271596017478180864,negative,0.002418228708076309
1271596019034316803,negative,0.0013924812939047882
1271596019176943616,negative,9.208034378177232e-05
1271596020087037952,negative,0.0032436010776672993
1271596020099497984,negative,0.011610034942950473
1271596020179271681,negative,1.8066554511466122e-05
1271596020967919616,neutral,0.39802956395629835
1271596021433470976,negative,0.012522383558444582
1271596021534072833,neutral,0.4539808796773663
1271596021974474754,negative,0.00011791760518418482
1271596022083596294,neutral,0.437369725752128
1271596022167482369,negative,0.2064894127936235
1271596022477832192,negative,0.08279649112484168
1271596023224434689,negative,1.8649498353071585e-05
1271596023237001218,negative,0.07733511082309595
1271596023371218945,negative,0.0005351132759893319
1271596023861870594,neutral,0.3381189830050101
1271596024604225537,neutral,0.4936866310980551
1271596024642011136,negative,0.3005709920816084
1271596024717627392,negative,0.00016628924848785266
1271596024780468224,neutral,0.37137062280538924
1271596024856002562,negative,0.00016100482880607227
1271596025342504960,negative,0.021738869678501596
1271596025673891840,negative,0.07802105340640744
1271596026009444353,negative,3.205040952185411e-05
1271596027255181312,negative,0.027255057198898973
1271596028211326976,negative,0.05470356307280094
1271596029046030336,negative,0.026102557911560516
1271596029197025286,negative,0.002402106420951482
1271596030207897600,negative,0.09420658616652912
1271596030220476418,negative,0.0023170344461177867
1271596030476406784,negative,0.253503508402999
1271596031634034690,negative,0.0028452208663357383
1271596031952609285,negative,0.07762784543750909
1271596032179093504,negative,0.0005955793925200283
1271596032388927488,positive,0.9851057850232864
1271596032518950912,neutral,0.5533970533999424
1271596032791625730,negative,0.014557073793134393
1271596032904683520,negative,0.07762784543750909
1271596032917372928,negative,0.01394224286192618
1271596033643028481,neutral,0.5953139771580094
1271596033701748742,negative,0.16437877331818024
1271596033777295361,negative,0.04856353102255052
1271596035853426689,negative,0.00019894404832740268
1271596036021202946,negative,0.2293648348732376
1271596036138717190,negative,0.13965896127301122
1271596036428103680,negative,0.023377786953838173
1271596036658782214,neutral,0.36016203400974833
1271596036855906307,neutral,0.3888964145301077
1271596037245976576,negative,0.07802105340640744
1271596037380210694,negative,0.011140420701517129
1271596037535399937,neutral,0.37137062280538924
1271596037594140674,negative,0.003730122281691254
1271596037698920448,neutral,0.34117024056417766
1271596037728350208,negative,0.16009473521393003
1271596037984137217,negative,0.007012448520741336
1271596038122549250,neutral,0.5271830635860538
1271596038265110529,negative,0.018226558976197797
1271596039850668032,negative,6.359744069334603e-07
1271596040018427904,negative,4.010995511080515e-06
1271596040274182150,negative,0.06756897342989703
1271596040844607491,negative,0.12127187044125268
1271596040848891905,positive,0.8693523476469208
1271596041289306112,negative,0.02428248049254861
1271596041645817856,negative,0.012461089117349843
1271596041721315328,negative,0.04145328348062246
1271596041956143104,negative,0.03925231970417345
1271596042144886785,negative,0.000602239907696158
1271596042539106308,negative,0.00023210368265778503
1271596042669240327,negative,0.0005773701266505416
1271596042677518336,negative,0.05094700503366205
1271596042937602048,negative,2.006583241222992e-08
1271596043378049032,negative,0.00031004621056320524
1271596043642208258,negative,9.33802231823749e-08
1271596045164822533,negative,9.316553058732159e-07
1271596045361872898,negative,0.1154759273975014
1271596045731008514,negative,0.26430203218559184
1271596046058090496,neutral,0.4306694604565335
1271596046477656069,negative,0.21139109066500397
1271596046792232960,negative,0.043336817334634826
1271596047064879105,negative,0.00020438227240451225
1271596048226680832,neutral,0.4814216422911448
1271596048306311168,positive,0.9460527034997795
1271596048516108291,negative,0.27285607821453484
1271596048524496898,negative,0.14076535272417526
1271596048671260672,negative,0.005442591338877343
1271596048738398215,negative,0.030915269160273366
1271596048922939392,negative,0.006611344016850039
1271596049577246721,negative,0.00025717278776173547
1271596050474774529,negative,0.005894416270567474
1271596052462927874,negative,1.6200858519482845e-05
1271596053104640000,negative,7.559685904674855e-07
1271596053142241283,negative,0.3173302772080717
1271596053788274688,neutral,0.49789225920557484
1271596054069288961,negative,0.00026706758266826873
1271596054824153088,negative,0.0012576775703648318
1271596055042424834,negative,0.1154759273975014
1271596055101136896,negative,0.0010643594707194018
1271596056669835265,negative,0.017201974045731625
1271596056686575616,neutral,0.4097360213275736
1271596057785520133,negative,0.00016628924848785266
1271596057814659072,negative,0.22975821883647923
1271596057944903680,negative,0.018720000499947858
1271596058167123968,neutral,0.434115817473034
1271596059026997250,negative,0.00045796606997158796
1271596059148660737,negative,8.935004897214377e-05
1271596059165327368,negative,0.0016737896560586971
1271596060939436034,neutral,0.49789225920557484
1271596061887520768,negative,0.022580389085052423
1271596061988130816,negative,6.236105015602125e-07
1271596061988139008,negative,0.03772461755890129
1271596062457958400,negative,0.10017404426047284
1271596063166803970,negative,0.05675804484879799
1271596063338749955,negative,0.08322768738511874
1271596063674302469,negative,0.0009998132630746103
1271596063724433408,negative,0.07514950052453873
1271596063980498946,negative,0.0017393302914034377
1271596064001359876,negative,0.3072473639032057
1271596064005591041,negative,0.07854354605092159
1271596065377189890,neutral,0.3381189830050101
1271596065557446656,neutral,0.6231301609365977
1271596065934979072,negative,0.0009028042954317648
1271596066446639104,negative,0.0007625427798288742
1271596066643812355,negative,0.0018245717156781035
1271596067088367617,negative,6.352529485445383e-10
1271596067881201664,neutral,0.39515603923820103
1271596068023697411,neutral,0.49789225920557484
1271596069382688768,negative,0.0029210573832208152
1271596069449863169,negative,0.2546521810791821
1271596069521145862,neutral,0.437369725752128
1271596069818957824,negative,0.00011341912160628809
1271596069948764160,negative,0.1676419035052938
1271596070078840834,negative,0.01655022480749108
1271596070171115520,negative,0.001842031509920941
1271596070183854085,negative,0.039286133369671385
1271596070234140682,negative,0.031252089843059085
1271596070624206854,negative,5.1907772021167524e-05
1271596071031050240,negative,0.00027382007603041545
1271596071366594565,negative,0.00019721212430369312
1271596071374983170,negative,0.04430766544486312
1271596071496671233,negative,1.5821000059472022e-06
1271596071769309186,negative,0.021468205824297266
1271596072117383168,neutral,0.41059220703417826
1271596073614807040,negative,0.002886944683696644
1271596073941753856,negative,0.01655022480749108
1271596074243952640,negative,0.018720000499947858
1271596074453676032,negative,0.0014214476222629195
1271596074701127683,neutral,0.3888964145301077
1271596074764042240,negative,0.19502423039687414
1271596074885668864,negative,0.030657206039888824
1271596075778965507,negative,0.005211584107610013
1271596077783760896,negative,9.133862302657517e-05
1271596077792276481,negative,0.005894416270567474
1271596077893005312,neutral,0.34117024056417766
1271596078236864513,negative,2.0520636145105123e-05
1271596078278860801,negative,0.000319013029786105
1271596078685659137,negative,0.001842031509920941
1271596078983524354,positive,0.7342889744533279
1271596079214141442,negative,0.006469679400739249
1271596079356751872,negative,0.024394017148382352
1271596079600058369,negative,0.09289095302385417
1271596079704924161,negative,0.005894416270567474
1271596081789501440,negative,0.005442591338877343
1271596081823068163,negative,7.107435741770581e-05
1271596082087239690,negative,0.008658099919513919
1271596082250776576,negative,0.0003350336608038287
1271596082317778945,neutral,0.5957399490333923
1271596082355732481,negative,0.03980030593590898
1271596082544467974,negative,0.0022588782293637964
1271596082766786560,negative,0.0019660331236129296
1271596083022639110,negative,1.8066554511466122e-05
1271596083114733569,positive,0.8988164899866465
1271596083173621769,negative,0.19767106493145628
1271596083387531271,negative,0.00157921824750368
1271596083567833088,neutral,0.5844660558927414
1271596083618201600,negative,0.001534364023000631
1271596083655868422,negative,0.022580389085052423
1271596084578717698,negative,0.03164397110266055
1271596085983748096,negative,0.03180962742221007
1271596086529048577,negative,0.012164792431929873
1271596087040671746,negative,0.03772756974047691
1271596087086845954,negative,0.0008241555881271311
1271596087346896902,negative,2.3892524976930923e-05
1271596087363633157,negative,0.00036986781985034426
1271596088307453953,neutral,0.434115817473034
1271596088387133445,positive,0.968407613044498
1271596088546357250,negative,0.0005000728954740911
1271596088924004353,neutral,0.49789225920557484
1271596089863438341,negative,0.10990738075020232
1271596090161274880,negative,0.29047919759254226
1271596090312327168,negative,1.0560206050697033e-05
1271596090635231232,negative,0.07762784543750909
1271596090664640513,positive,0.9998046281412225
1271596091507687424,negative,0.00016628924848785266
1271596091595685890,negative,0.005364431360635184
1271596091675303937,negative,0.0004118730785509573
1271596091914493957,negative,0.014664913547823368
1271596092170387459,negative,0.11142285245381837
1271596092237496322,negative,0.14084366128215633
1271596092380119042,negative,0.0028061480390637454
1271596093281894406,negative,0.05670946645000067
1271596093524987904,negative,0.0001231874534397535
1271596094468894720,negative,0.07587881484159047
1271596094569537536,negative,0.011013279854401599
1271596094762426368,negative,0.013414121843119693
1271596095332810762,negative,0.00024737592374463665
1271596095399964672,positive,0.6747866869687326
1271596095500685312,negative,0.03797650941446381
1271596095743954945,negative,0.008071275237684757
1271596095806869506,neutral,0.3381189830050101
1271596097115500545,neutral,0.5844812128851742
1271596098684141569,negative,0.00027382007603041545
1271596099279650818,negative,0.18909143581032145
1271596099782930432,negative,0.24190043021159235
1271596099921481729,negative,0.12552522030551927
1271596099971751941,positive,0.9997585678287121
1271596100063985667,negative,7.34085919362028e-06
1271596100378677248,negative,0.0048031083353694045
1271596100437323778,negative,0.05094700503366205
1271596100890382338,negative,0.1670031816638357
1271596101011935232,neutral,0.3637556176066104
1271596101116801025,negative,0.09973912648431683
1271596102517694464,negative,2.7351155740339058e-05
1271596103331467266,negative,0.07576476733212008
1271596103356624902,negative,0.01250595367671987
1271596104291962880,negative,0.011703220097117726
1271596104828678145,negative,0.0006231497894395036
1271596104841338883,negative,0.024140464529457523
1271596105155981312,negative,0.0026474729257456825
1271596105290190848,negative,0.0002833791535977362
1271596107093676032,negative,5.5715646012312354e-05
1271596107165052929,neutral,0.548665010003113
1271596107337019392,negative,0.2864145558920463
1271596107597053958,negative,1.3773061972503753e-05
1271596107785596929,negative,0.00021323646588724418
1271596107802513409,negative,0.02711713266105864
1271596108112896000,negative,0.046057811681920545
1271596108305903618,negative,6.064235831515887e-05
1271596108783943680,negative,0.0013861122586575497
1271596108871946240,negative,0.2824876424311173
1271596111334191104,negative,0.004890849241064233
1271596111615135745,negative,0.0429607276614003
1271596111728381952,negative,0.008653695673804597
1271596111841673218,negative,1.8066554511466122e-05
1271596112118534151,negative,2.2464345089655934e-06
1271596112219000832,negative,9.428052442154036e-07
1271596112294621184,neutral,0.49206108799535125
1271596112579907584,negative,0.20791433345578716
1271596112659578885,negative,0.031468919030922346
1271596112806318081,negative,0.03463880017302287
1271596113007505411,negative,0.0010033410433637482
1271596113452285953,negative,0.21083543536566363
1271596113456295936,neutral,0.4853330216008001
1271596114014343175,negative,0.03392608872251922
1271596115301892099,negative,0.0005358077387413497
1271596115339743233,negative,0.00012358293547957858
1271596115570327560,negative,0.04251423792646359
1271596115817893890,positive,0.916649847416321
1271596116258123777,negative,0.2824876424311173
1271596116287598593,negative,0.01655022480749108
1271596116572864518,negative,0.3194594848544355
1271596117868888065,negative,0.008930759577617197
1271596117919236096,positive,0.9998046281412225
1271596119991222278,negative,1.8066554511466122e-05
1271596120066732032,negative,0.0010643594707194018
1271596120712663040,negative,0.0011162861554733145
1271596121346002945,negative,0.09394433727693849
1271596121723482115,negative,0.020317130529569682
1271596122138710016,negative,1.8241648747990062e-05
1271596122306469889,negative,0.004106686822162356
1271596124101476353,neutral,0.5230753842821284
1271596124789510150,negative,0.00011341912160628809
1271596125053759492,negative,0.0028452208663357383
1271596125129265153,negative,8.252944149937617e-13
1271596125682876416,negative,0.04580868801829515
1271596126219558912,positive,0.7971651211150895
1271596126399942656,negative,0.054170465547554926
1271596127993856000,neutral,0.46127768308170247
1271596128144949251,negative,0.14158275701564188
1271596128405016576,negative,0.1253996594205582
1271596129218703360,negative,0.2974514511185709
1271596129231216646,negative,0.0010713147013667393
1271596130019627008,negative,0.08455867774377222
1271596130116284424,neutral,0.5981182876672758
1271596130401304576,neutral,0.42422485825296335
1271596132246921218,negative,0.13223660272479967
1271596132473372674,negative,0.026277159179889358
1271596132620255232,negative,0.015946341074103896
1271596132687319040,positive,0.9981039042144753
1271596132758585345,negative,0.03980030593590898
1271596132901236737,negative,0.005364431360635184
1271596133069008896,negative,0.027994019961084117
1271596133337272320,negative,3.6160102280995497e-06
1271596133400416262,negative,0.03180962742221007
1271596133471727617,negative,0.10485877658051802
1271596133551390728,neutral,0.6231301609365977
1271596133815472128,negative,0.29926668170246384
1271596133937221634,negative,3.442382132185156e-05
1271596134117539840,negative,0.007954934633077601
1271596134134398976,negative,0.05610309040052827
1271596134486749187,negative,0.06756897342989703
1271596134620893186,positive,0.9637723765212775
1271596135916994566,negative,0.005477316271386722
1271596136311279617,positive,0.9587731198869118
1271596136596455426,negative,0.06301765929361801
1271596136667758592,negative,0.0002558508086955222
1271596137527607296,neutral,0.42695075000513394
1271596137997369344,negative,4.654267814661215e-05
1271596138030915585,negative,0.30683214969479233
1271596138727170055,neutral,0.3381189830050101
1271596138789916672,negative,3.8632474149153675e-05
1271596140589223937,negative,0.2824876424311173
1271596140811689984,neutral,0.4091554671711106
1271596141189181440,negative,0.014582371784204537
1271596141344366594,negative,0.09783552278912984
1271596142405586952,negative,0.00016628924848785266
1271596142560772096,negative,3.759814752818217e-05
1271596142602735617,negative,0.003689380387998146
1271596142766231552,negative,0.0008306347426960146
1271596142774628356,negative,0.0880341586638646
1271596142824841216,negative,0.0006427412393214317
1271596142963408896,negative,0.19502423039687414
1271596142967640064,negative,0.0013327655293858542
1271596142980001792,positive,0.9966090796123153
1271596144670498817,neutral,0.4118525884490333
1271596144712286208,negative,0.0003349085144871863
1271596145064783873,negative,1.526047300404084e-06
1271596145417105408,negative,0.0002558508086955222
1271596145660309504,negative,0.0019935791126130965
1271596145916162048,negative,0.18719952840416446
1271596146180358144,negative,0.0027892742182010675
1271596146516021260,negative,2.5144893589907698e-05
1271596146742439936,negative,0.0012767735019782135
1271596146872528896,negative,0.018263572970062283
1271596149053378562,neutral,0.5958417145400572
1271596149288337411,negative,8.533047907544956e-05
1271596149372342274,negative,0.0010643594707194018
1271596149414211591,negative,0.002602769450769916
1271596149581938689,negative,0.001463288950851232
1271596150223564800,neutral,0.4936866310980551
1271596150374760448,negative,0.3143893309825648
1271596150492184578,positive,0.671337306919619
1271596150521397248,negative,0.002647930587441848
1271596150781607936,negative,0.00029582788881604065
1271596153918959617,negative,0.0005351132759893319
1271596154116079616,negative,0.0008874600528617901
1271596154682253313,negative,0.0001171480736115817
1271596155303014401,neutral,0.4741099188095982
1271596155617464321,negative,0.022238915498442247
1271596155898662912,negative,0.12227762356369955
1271596156141760512,negative,0.00016823968684374503
1271596156334804992,negative,0.0018183876902200331
1271596156443901954,negative,0.01879425341181135
1271596156573941765,negative,7.730518905627762e-07
1271596158121459712,negative,4.464338032847326e-06
1271596158763352064,negative,0.05743034612278241
1271596159199518721,negative,0.014072390732347824
1271596159627333633,negative,0.0017058580464821363
1271596161296732160,neutral,0.4420606323680076
1271596161418366977,negative,0.00036052077313316325
1271596161971953672,negative,0.015946341074103896
1271596162319966209,negative,0.03695208748753567
1271596162592772097,negative,0.05670946645000067
1271596163469279233,negative,0.014706026733718415
1271596164517945345,negative,0.1011585694514215
1271596164639531008,negative,0.19552563706121598
1271596164652171266,negative,0.15590454891793734
1271596164891148289,negative,0.02655354672678872
1271596165629444096,negative,6.807255440551059e-06
1271596165809741824,negative,0.0005773701266505416
1271596166032035840,negative,0.16389222558251756
1271596166308864005,negative,0.21766622461380722
1271596166455713792,neutral,0.4737554465528978
1271596166757531648,negative,0.05506823867388736
1271596166900322304,neutral,0.4264188971709622
1271596166967373824,negative,0.10947484028698869
1271596167072296966,neutral,0.43129374929232733
1271596167172952065,negative,0.015946341074103896
1271596167311302657,neutral,0.49327136501703633
1271596167311343623,negative,0.012450210089648714
1271596167349129223,positive,0.9798910782216633
1271596167361556481,negative,0.02734764205970332
1271596167365828608,negative,0.055729676515545584
1271596169928609793,negative,0.03132986215425495
1271596170033467392,negative,0.00013647410301059065
1271596170377379841,neutral,0.5250137350369191
1271596170494828544,negative,0.006469679400739249
1271596170964598787,negative,0.005894416270567474
1271596171086061569,negative,0.0013861122586575497
1271596171119792130,negative,0.24531216546523807
1271596172197588992,negative,0.2013198904030459
1271596172583542787,negative,0.03441742051302658
1271596175158923267,negative,0.294057026180021
1271596175213412353,negative,0.23699563292537618
1271596175293059074,negative,0.10001166831476258
1271596175494385664,negative,0.0013336661306699246
1271596175578345473,neutral,0.3381189830050101
1271596176056504320,positive,0.7896308023335322
1271596176152854529,negative,0.033866295918430996
1271596176152936449,negative,0.00035674995767761577
1271596176228462592,negative,0.009488674372341516
1271596176752742400,neutral,0.37137062280538924
1271596176807264256,negative,0.07762784543750909
1271596178845708293,neutral,0.48149019212056504
1271596179227316225,positive,0.9651246401402326
1271596180330471434,negative,0.004509005964980995
1271596180397588492,negative,0.08181660792701523
1271596180670160896,negative,0.04227366317399207
1271596180951138309,negative,0.19552563706121598
1271596182448545797,negative,0.3122639449501142
1271596183409045504,negative,0.018358367989957432
1271596183451045888,negative,0.007043030941354982
1271596183467819013,negative,0.00016628924848785266
1271596183618818048,negative,0.02124969002162662
1271596183815892992,negative,0.001249402941077617
1271596184159879169,negative,0.0027870944567557226
1271596184222629888,negative,4.9597558930318113e-08
1271596184319205376,positive,0.6858805506452481
1271596185099345922,negative,0.19770507454758737
1271596186827403268,negative,0.00013149713664522606
1271596186949074944,negative,0.21921412548362115
1271596187171401736,neutral,0.35451443008515343
1271596187448213504,negative,0.22252779164072473
1271596187485954048,negative,0.000195818049500333
1271596187620184067,negative,0.0012359037580937722
1271596187749978112,negative,0.08300018301274016
1271596187938947073,negative,0.014802744268416596
1271596188006060034,negative,0.03166242211162832
1271596188119248896,neutral,0.3353500257179539
1271596188312252416,negative,0.2675637579473606
1271596190971441153,negative,0.08279649112484168
1271596191566815232,negative,0.12875163799734163
1271596191747358721,negative,0.0007069291694947124
1271596192342908928,negative,0.03180962742221007
1271596192418283520,negative,6.908055707638577e-11
1271596192712077312,positive,0.7685322661239289
1271596193118896129,negative,3.262796994869556e-05
1271596193232162816,negative,0.0002833791535977362
1271596193290817536,negative,1.085640644138221e-09
1271596195094429697,negative,1.0114048647689818e-05
1271596195241168902,negative,0.0862523030642907
1271596195413143552,negative,0.0036838954580570072
1271596195480100865,negative,1.8066554511466122e-05
1271596195601772544,negative,0.2824876424311173
1271596195903930368,negative,4.306354617242347e-05
1271596196168192001,negative,0.0071184697836837755
1271596196235218945,negative,0.0034351024886796126
1271596196566622208,negative,0.17553924241747834
1271596196654530560,negative,0.00027585667296755586
1271596196751081472,neutral,0.34212779492080586
1271596197262786560,negative,0.03980030593590898
1271596197447446530,negative,0.24478319880029326
1271596197514534912,negative,0.00010078073774051949
1271596197807919104,negative,0.2824876424311173
1271596198152081408,negative,0.00011791760518418482
1271596199171194880,negative,5.437732023722562e-14
1271596199645233152,negative,0.005894416270567474
1271596199838187527,negative,0.2013198904030459
1271596200085594114,negative,0.02301667247206716
1271596200094031874,negative,7.057381430586534e-06
1271596200224010240,positive,0.7162411527061574
1271596200337248258,negative,0.031169962192145084
1271596200408596482,negative,0.012676502386934916
1271596200471470082,negative,0.003217414187786527
1271596200509259777,negative,0.0125334757023024
1271596200970670080,positive,0.9966090796123153
1271596201192960002,negative,0.008178362527209763
1271596201427656705,negative,0.027306211591214814
1271596201809522690,negative,0.00016628924848785266
1271596203571064833,negative,0.0023487494992163885
1271596203612999680,negative,0.11313906149891423
1271596203692580865,negative,0.00015428010039517234
1271596204397416449,positive,0.6619794853040635
1271596204544135168,neutral,0.34212779492080586
1271596204577693697,negative,0.01927059734805427
1271596204628025344,neutral,0.4925319814792465
1271596204649074688,neutral,0.5844812128851742
1271596204766507008,negative,1.3626614127889208e-05
1271596205244583940,negative,0.018231076434766017
1271596205559222272,negative,0.2824876424311173
1271596205580201986,negative,0.00021323646588724418
1271596205701808133,negative,0.055729676515545584
1271596205752147968,negative,0.027532586259180133
1271596207601836037,negative,0.0046563841668252675
1271596207803002880,negative,0.03896058433961167
1271596207832469504,negative,2.483722560228141e-05
1271596208197218304,neutral,0.48109607932058013
1271596208352608257,negative,0.0005000728954740911
1271596208453279746,negative,0.002418228708076309
1271596208511950848,negative,0.0024688438262976476
1271596208600035330,negative,0.01888156005651647
1271596209078185986,negative,0.0014151226533933498
1271596209363390475,negative,0.003645142796826916
1271596209417990144,negative,2.4324403726904294e-05
1271596209883549696,negative,0.14575760297016122
1271596209996791808,negative,0.0034351024886796126
1271596210156187648,negative,0.011534671344747179
1271596210294607872,neutral,0.6234049249685203
1271596210374279169,negative,0.2824876424311173
1271596211884220416,negative,0.21845449201638797
1271596211980636162,neutral,0.49789225920557484
1271596212018348032,negative,0.029847324492047383
1271596212345614336,negative,0.14347523238446636
1271596212991426563,positive,0.906554962629912
1271596213025083392,negative,0.0016737896560586971
1271596213348044801,negative,0.008658099919513919
1271596213708689409,negative,0.029234724457407497
1271596213725519873,negative,0.27292421987320603
1271596213817630721,negative,0.000859241161063635
1271596214279114752,negative,0.1256518955108437
1271596214295855108,negative,0.021411671151107634
1271596214480515077,negative,0.00031093061602682336
1271596216044961794,neutral,0.49789225920557484
1271596216099504128,negative,0.01308520065320013
1271596216212652033,negative,1.8700616583753737e-05
1271596216305045504,negative,0.00010338679440685032
1271596216514732041,negative,0.0025330647445916876
1271596216564973569,negative,0.1498986201033723
1271596217110233088,negative,0.007520785450598255
1271596217185828865,negative,0.3040949491800166
1271596217361928192,negative,0.0010033410433637482
1271596217558917121,negative,0.00016823968684374503
1271596220373446656,negative,0.04251423792646359
1271596220620902402,negative,0.05952519289747215
1271596220797108230,negative,0.008658099919513919
1271596221027647490,negative,0.0003810940459583939
1271596221199769607,negative,0.043598371671244036
1271596221229129729,negative,0.1067748298512315
1271596221317160962,negative,0.0672770373814434
1271596221476605954,negative,0.00157921824750368
1271596221543694338,negative,1.085640644138221e-09
1271596221598175236,neutral,0.367226555021522
1271596221799501824,negative,0.12984966707283016
1271596221929586690,negative,0.058611890790243766
1271596222097358851,negative,0.13971399525614192
1271596222147674115,neutral,0.49789225920557484
1271596222185340929,negative,0.2824876424311173
1271596222684385285,negative,6.113368402411272e-06
1271596222768386048,negative,0.30478222688181006
1271596222864691200,positive,0.7685322661239289
1271596222902611974,negative,0.017069561777089307
1271596223301144578,negative,0.00016628924848785266
1271596224798429184,negative,0.00029849416982863483
1271596225066827777,negative,0.0019959842846151363
1271596226044182529,negative,0.04001133665465157
1271596226065154053,negative,0.3042347509695735
1271596226149040130,neutral,0.49789225920557484
1271596226597670912,positive,0.7537320799462592
1271596226866274305,neutral,0.49789225920557484
1271596227092787201,negative,0.03695208748753567
1271596228623708160,negative,0.008541020680669314
1271596228636102656,negative,0.11039593456744098
1271596228971823104,neutral,0.6508296860713119
1271596229928116226,neutral,0.3359357437309511
1271596229932331009,negative,0.16202171901590906
1271596230045585411,negative,1.9690872409229956e-08
1271596230091702272,negative,0.0023864531750042895
1271596230594920448,negative,0.0005358077387413497
1271596230607503366,neutral,0.3381189830050101
1271596231052099585,negative,0.053815883130256974
1271596231631032320,negative,0.055729676515545584
1271596232876740609,negative,0.07612541778456143
1271596233090641923,negative,0.06203051974259992
1271596233119789057,negative,0.027532586259180133
1271596233241526272,negative,0.1253996594205582
1271596233744887808,neutral,0.49789225920557484
1271596234478772225,negative,2.929122592096337e-05
1271596234642460673,negative,0.046484769731093445
1271596234709614593,neutral,0.437369725752128
1271596236106346496,negative,0.29974194329755127
1271596236445904897,neutral,0.6484050115977474
1271596237343555585,neutral,0.4967089812168465
1271596237515558913,negative,0.0008798561780302856
1271596237595250689,negative,0.04056810797147631
1271596237712756741,negative,0.009634496196389628
1271596237825990656,negative,0.00354676510982165
1271596237951729665,negative,0.026342391562669237
1271596238278758400,negative,0.0010033410433637482
1271596238769664001,positive,0.8283523511928748
1271596239105204229,negative,0.2149846128259449
1271596239373717504,positive,0.8439453603753593
1271596239377895426,neutral,0.3996580091506196
1271596239411392514,negative,1.5936469852570445e-07
1271596241164664836,negative,0.0024243095112091106
1271596241307262979,negative,0.0004652971899319487
1271596241395355648,neutral,0.5734576952979002
1271596241407836165,negative,0.005219344350367805
1271596241424711680,neutral,0.3697674097288342
1271596241483374592,negative,0.07614932353943411
1271596241563025408,positive,0.9376878850995406
1271596241793802241,negative,0.05610309040052827
1271596242095820801,negative,0.059735161329793326
1271596242259161088,negative,0.06446732001068398
1271596242741706758,neutral,0.39439463283712184
1271596242775216129,neutral,0.41781860539170623
1271596242816995329,neutral,0.37137062280538924
1271596243081408518,neutral,0.41781860539170623
1271596245379960834,negative,0.008178362527209763
1271596245623042048,negative,2.655553172269115e-06
1271596245711282178,negative,0.012422994235433046
1271596246151630849,neutral,0.4663988889269918
1271596246482980867,negative,0.1638173718807725
1271596246747078657,negative,0.0013924812939047882
1271596246755610625,negative,0.0005358077387413497
1271596247003127808,negative,0.019929349249520303
1271596247279964161,negative,0.05718135676253722
1271596247481270272,negative,0.05625944778328097
1271596247946866693,negative,0.00481419336703121
1271596248051650560,negative,0.1952814587246654
1271596248110333954,negative,0.04284742007224837
1271596248240459777,negative,6.236105015602125e-07
1271596249645486080,negative,0.27403404469589215
1271596249825886210,neutral,0.37137062280538924
1271596249981083651,negative,0.05470356307280094
1271596250111062017,negative,0.09696127105087513
1271596250287276032,negative,0.007012448520741336
1271596251604234243,neutral,0.5271830635860538
1271596251927252998,negative,1.164841024350142e-06
1271596251935420416,negative,0.19552563706121598
1271596252086632448,negative,3.624975897420668e-05
1271596252329906177,negative,0.022239639193932088
1271596254032736256,negative,0.006755107414307434
1271596254087319554,negative,3.3769140565209096e-06
1271596254246719489,negative,0.2864145558920463
1271596254292783104,negative,0.1608803919365838
1271596254489907203,neutral,0.34212779492080586
1271596254577987584,negative,0.003632175932673922
1271596254607392768,positive,0.8739115048690117
1271596254724796417,negative,5.4479791754869734e-05
1271596254766784515,negative,0.1520498889494372
1271596255404347393,negative,0.010918320349130326
1271596255949570049,negative,7.174921108983408e-07
1271596255957794816,negative,0.007012448520741336
1271596256096387073,negative,0.001842031509920941
1271596256213770241,negative,0.2705674882560965
1271596258285641728,negative,0.0024968577181432848
1271596258537271297,positive,0.7488486930287965
1271596258759761921,negative,0.02219462288414203
1271596259044986881,negative,0.11145789431435031
1271596259766349824,negative,0.0825886283591841
1271596259787321344,negative,0.012676502386934916
1271596259837648896,negative,0.00016628924848785266
1271596259950972933,negative,0.003149775755580919
1271596260412338176,negative,0.09660921651950619
1271596260429115392,negative,3.262796994869556e-05
1271596260571709441,neutral,0.45857580649474095
1271596260584296449,negative,0.0021560423195950604
1271596260978458626,negative,0.07582713066059867
1271596262337511424,negative,0.007599598437030047
1271596262349996037,negative,0.005894416270567474
1271596262542970885,neutral,0.5332959485023883
1271596262723334145,negative,0.04595816224806947
1271596263125942272,negative,1.439523273294565e-05
1271596263142821890,negative,0.021411671151107634
1271596263822295040,negative,0.06411143961752137
1271596264593985536,negative,1.5842458673077464e-05
1271596264615038979,negative,0.02301667247206716
1271596265181044736,negative,0.00463335343448798
1271596266519224320,negative,6.886135468837228e-07
1271596266733084672,negative,5.582759487446474e-07
1271596267089678337,negative,0.007012448520741336
1271596267492257793,negative,0.00016628924848785266
1271596268209549312,neutral,0.4636673400364005
1271596268457013248,negative,0.002167991168219266
1271596269107019778,negative,0.14868589853355496
1271596269216153600,negative,0.030657206039888824
1271596270608691202,negative,0.07645284187388722
1271596271246217219,negative,0.01655022480749108
1271596271275573248,positive,0.8354453140636424
1271596271275573249,neutral,0.5505550505941735
1271596271531409408,negative,1.7197241325251732e-07
1271596272131158021,negative,0.07291042650735544
1271596272236052482,neutral,0.34212779492080586
1271596272336723972,negative,0.03735484851104384
1271596272940703745,negative,0.00029582788881604065
1271596273070673924,neutral,0.437369725752128
1271596273540440066,negative,0.04283844340723604
1271596273632772096,negative,0.06203051974259992
1271596275360829440,negative,7.379955232955964e-05
1271596275755081728,negative,5.441502920760822e-16
1271596275830579201,negative,0.037034623957990544
1271596275905884160,negative,0.2872448809192512
1271596276014911488,negative,0.2872448809192512
1271596276329713666,neutral,0.33218997165471514
1271596276493287424,negative,0.0012492736318748714
1271596276879106051,negative,0.29221370983301465
1271596277013204993,negative,0.009948484888605605
1271596277017513989,negative,1.56260701404286e-05
1271596277042683910,neutral,0.3381189830050101
1271596279026638848,positive,0.6763052699528523
1271596279496392706,negative,0.06138829953004175
1271596279676784640,negative,0.00015194828200427033
1271596279857119240,negative,0.31732489718339985
1271596279982968834,negative,0.00048559593649531447
1271596280393928704,negative,0.007599598437030047
1271596280624680968,neutral,0.5332959485023883
1271596280695971842,negative,0.011703220097117726
1271596280788086784,negative,1.67824124727267e-05
1271596280876281862,negative,0.005364431360635184
1271596281291571203,neutral,0.3972773156834369
1271596281387941890,negative,0.1253996594205582
1271596281413189633,negative,0.043598371671244036
1271596282541293568,negative,0.00018035084822986782
1271596283799748614,negative,6.071718590547489e-05
1271596284873498624,negative,0.015271358212807165
1271596284974006273,negative,0.2522817600246395
1271596285095747585,neutral,0.41781860539170623
1271596285552885762,negative,1.8066554511466122e-05
1271596285620092929,negative,0.01879425341181135
1271596287113285636,neutral,0.4037538768304053
1271596287587205121,negative,0.011703220097117726
1271596288031764483,negative,0.014328738026767089
1271596288228851712,negative,0.003455347485915058
1271596288614772742,neutral,0.604852637200713
1271596288753061888,negative,6.280499657475987e-05
1271596288983826432,negative,0.0039279647707441395
1271596289340452864,negative,0.07419000039054562
1271596289357164550,negative,0.06225372616329371
1271596289579536386,negative,0.0615331638563064
1271596289638019073,negative,0.16437877331818024
1271596291970289665,positive,0.6874313713983945
1271596292272201729,negative,0.04580868801829515
1271596292758740993,negative,0.04692282387135488
1271596292947546113,neutral,0.3306143729065512
1271596293526339584,neutral,0.3385252644667176
1271596293555654656,negative,0.0011721345138220143
1271596293748592641,negative,0.0005955793925200283
1271596293782155266,negative,0.04522832744869091
1271596294344265729,negative,0.012676502386934916
1271596294365159425,negative,0.022082560235959676
1271596294415568897,negative,0.031252089843059085
1271596294428123137,negative,0.1518915860203652
1271596294499418120,negative,0.001362168509288963
1271596296089088000,negative,0.09085928257868477
1271596296353255427,negative,0.22862000958994236
1271596296860827650,negative,2.5144893589907698e-05
1271596297024389120,neutral,0.4064281066055449
1271596297544491008,neutral,0.437369725752128
1271596298215591942,neutral,0.337663993814908
1271596298366525442,negative,0.0023170344461177867
1271596300224598016,negative,0.005894416270567474
1271596300530864129,negative,0.2864145558920463
1271596300589465600,negative,0.0018536696665254694
1271596300656685062,negative,0.011885421604799605
1271596300681785345,negative,0.04739014385593059
1271596301046681600,negative,0.00010968620175168097
1271596301755482112,negative,0.015411969190119088
1271596301768155137,negative,0.02474038220294332
1271596301847867392,negative,0.18693584956905138
1271596301851987968,negative,0.022239639193932088
1271596301881356288,neutral,0.37137062280538924
1271596302166564866,negative,0.026615173795510632
1271596302569295872,negative,0.00174812024433325
1271596304263766016,neutral,0.45167390474912167
1271596304708374529,negative,0.020587281488695767
1271596304930611202,neutral,0.3850948772444006
1271596304930660353,negative,0.0006758346007501418
1271596305505292294,negative,0.1735162678381825
1271596305979146240,negative,3.072815189691473e-09
1271596306276941824,negative,0.3040949491800166
1271596306365132800,negative,0.0003120990545011501
1271596306591596544,neutral,0.37137062280538924
1271596306935492609,neutral,0.5271830635860538
1271596307044610049,negative,0.018021567573523013
1271596308977999875,negative,0.007047074023188713
1271596309225639942,negative,0.20435731331862916
1271596309858914304,negative,0.004282656896085132
1271596310089674752,negative,0.011824671861269169
1271596310097879040,negative,0.12875163799734163
1271596310559256576,negative,0.00016823968684374503
1271596311326924800,negative,0.0019900274390327525
1271596311347937280,neutral,0.3381189830050101
1271596311637372939,negative,0.11199760118365719
1271596312346136578,negative,0.03392608872251922
1271596312828534784,negative,0.24190043021159235
1271596312895635456,negative,0.0005955793925200283
1271596312996179968,negative,1.8066554511466122e-05
1271596313289859075,neutral,0.37137062280538924
1271596313847595008,negative,0.01655022480749108
1271596314078449667,negative,0.3040949491800166
1271596314535628801,negative,0.0017058580464821363
1271596314577567744,neutral,0.3381189830050101
1271596315902750720,negative,6.898181232754515e-05
1271596316192276480,negative,0.2824876424311173
1271596316687130624,negative,0.19491837256632094
1271596316821467136,negative,0.07432226740747286
1271596317127643142,negative,0.00016628924848785266
1271596317131911168,negative,0.006469679400739249
1271596317140271104,negative,0.09212574455100801
1271596318994173952,negative,0.055246107139802436
1271596319099027456,negative,0.0020368208816492093
1271596319140909056,negative,0.00520040308252152
1271596319585579008,negative,0.2889782600489871
1271596320860635138,negative,0.015946341074103896
1271596321217093634,neutral,0.49789225920557484
1271596321363816449,negative,3.6774371309246724e-08
1271596321883983872,negative,0.05610309040052827
1271596321925992450,negative,0.02978956789286822
1271596322186047489,negative,0.1216200432332618
1271596322232111104,neutral,0.437369725752128
1271596322328633348,negative,0.005130973703889161
1271596322420899845,negative,0.0024968577181432848
1271596322869727232,negative,0.01927059734805427
1271596322940829697,negative,0.0005000728954740911
1271596322974547968,negative,0.07645284187388722
1271596323372806145,negative,5.830834489313286e-07
1271596323901505536,negative,0.02542034692780912
1271596324073414657,negative,0.017053318165618486
1271596324199284738,negative,0.04435851510316164
1271596324211822592,negative,0.00015114084425731412
1271596325595947009,positive,0.9856339366098104
1271596325721845762,negative,0.12579274960674175
1271596325814091776,negative,0.003003342687162159
1271596325868576777,negative,0.12638575508756936
1271596326023766017,negative,5.1048048333499485e-05
1271596326124429313,negative,4.908254204596775e-07
1271596326308982791,neutral,0.49789225920557484
1271596326455857162,negative,0.03180962742221007
1271596326552305665,negative,8.59807814636996e-10
1271596327319764993,negative,0.23282587617458994
1271596327558885377,negative,0.00012035958397278264
1271596327856533506,negative,0.04430766544486312
1271596328016121858,negative,0.0016737896560586971
1271596328104198147,negative,0.0005358077387413497
1271596329664417794,negative,0.1521613416138048
1271596329773531137,negative,0.08322768738511874
1271596329861632001,neutral,0.437369725752128
1271596330230714371,negative,2.945129640153543e-06
1271596330360680448,negative,0.3248410612445367
1271596330842853376,neutral,0.43655767191747014
1271596333422575618,negative,0.12239827232910852
1271596333539954692,positive,0.9208730618763965
1271596333938495489,negative,0.15570583247888495
1271596333959311360,neutral,0.5037881285318788
1271596335129640960,negative,0.0002558508086955222
1271596335427227649,negative,0.0025330647445916876
1271596335431651329,negative,0.027565523875858356
1271596335632973825,negative,0.03962031209821892
1271596337759506432,negative,9.9776447420698e-05
1271596337935630336,negative,0.0071479933406052385
1271596338078072832,negative,1.8066554511466122e-05
1271596338296299526,negative,0.06062516730565888
1271596339311382528,negative,0.12227762356369955
1271596339579760643,neutral,0.49114048206328076
1271596339835678720,negative,0.03759583688271051
1271596339873361920,negative,0.28497121340718434
1271596339986673664,negative,5.811014957101967e-05
1271596340087123969,negative,0.00033287291598040416
1271596342205460480,negative,7.236773637704521e-08
1271596342524215298,negative,0.31776089631812493
1271596342931009540,negative,0.05368241837099004
1271596342943588352,negative,3.262796994869556e-05
1271596343065284609,negative,0.00027585667296755586
1271596343430168580,negative,0.14893131294217962
1271596343665078273,negative,0.00012558633194287907
1271596344054931456,neutral,0.35451443008515343
1271596344201936899,negative,0.03547588364154337
1271596344663212032,negative,0.0002833791535977362
1271596345992806400,neutral,0.35037246870997213
1271596346068344835,negative,0.010681078379886806
1271596346290712576,negative,6.125351648940018e-10
1271596346437447680,negative,0.0009073213306579639
1271596346458476544,negative,0.008657853918332264
1271596346773049345,negative,4.012096209773992e-06
1271596346986856448,negative,0.11128527903231913
1271596347116978177,negative,0.052361196105958074
1271596347456700421,neutral,0.3381189830050101
1271596348035325953,neutral,0.6222401084634923
1271596348144594944,negative,0.020317130529569682
1271596348555567105,negative,0.0002558508086955222
1271596350308827136,negative,0.02395997126309795
1271596350606622721,negative,0.009737002287146595
1271596350891798528,negative,0.012196677606327488
1271596351130910720,negative,0.0003890569917910718
1271596351172874242,negative,0.13246148862232782
1271596351269285888,negative,0.03510794517124589
1271596351286128645,neutral,0.34117024056417766
1271596351709732865,negative,0.0005351132759893319
1271596351730716672,negative,0.003003342687162159
1271596351776833537,neutral,0.34117024056417766
1271596351848091648,negative,0.3047417248466973
1271596351877451776,positive,0.7500377016963704
1271596352112377856,neutral,0.5021800225664945
1271596352338890752,negative,0.0005000728954740911
1271596352502468608,negative,0.06863483485891456
1271596352536010755,negative,2.8623030827194143e-16
1271596352565202945,negative,1.8066554511466122e-05
1271596352645017602,negative,0.3040949491800166
1271596354339590153,neutral,0.38203754857949856
1271596354419126272,negative,0.0006610890129308118
1271596354654142464,negative,1.2805207852794099e-06
1271596355174219776,negative,0.020256609666984764
1271596355723628545,negative,0.015946341074103896
1271596356214243328,negative,6.542577098075056e-11
1271596356302524416,neutral,0.35451443008515343
1271596356327469056,negative,0.0031380462099212607
1271596356822601729,neutral,0.3566313625838256
1271596358722617344,neutral,0.4436044887732356
1271596358777081857,negative,0.026594391015495343
1271596358894604292,negative,0.005894416270567474
1271596359469142020,neutral,0.3381189830050101
1271596360161263617,negative,1.234659428238597e-06
1271596360442265602,negative,1.062063940850468e-06
1271596360660213760,negative,0.034063562426954866
1271596360878428162,neutral,0.3499352441185855
1271596360962396162,negative,0.009948484888605605
1271596361021116416,neutral,0.36016203400974833
1271596361067233281,neutral,0.542187683508388
1271596362933690373,negative,0.010409351888161885
1271596363113852929,positive,0.916649847416321
1271596363634049024,neutral,0.33792029946871827
1271596364514934785,negative,0.0004118730785509573
1271596365311873026,negative,0.00016628924848785266
1271596367211872256,negative,0.06865754101489492
1271596367815868417,negative,0.07480246481620255
1271596368180772864,negative,0.021603191415718308
1271596368650477571,negative,0.0016448928995220742
1271596368872845315,negative,3.645357484816404e-11
1271596369053208579,negative,0.1114301373266351
1271596369082494976,positive,0.970566881325339
1271596369107714048,negative,0.00010015157584620417
1271596369577467910,negative,0.07824270065201377
1271596369732608000,negative,0.1203909584765487
1271596369757843464,negative,0.008778800245086963
1271596371242516482,positive,0.9556858708304484
1271596371360055298,neutral,0.34467172115086764
1271596371427147777,negative,0.10748599412053919
1271596371708186627,negative,0.00016628924848785266
1271596371754311680,negative,0.03180962742221007
1271596372358123521,positive,0.7542062039065658
1271596372471529473,negative,4.615515526982988e-05
1271596372521889792,neutral,0.6234049249685203
1271596372584804353,positive,0.9556858708304484
1271596372639113217,negative,0.0007248860944721059
1271596372752568322,negative,0.0005765141761233737
1271596372760936448,negative,0.00011341912160628809
1271596373209726976,negative,0.15910360916898666
1271596373281050625,negative,0.009781834655203948
1271596375457665024,negative,0.001596738307657661
1271596375482998784,negative,0.01655022480749108
1271596375621472264,negative,0.00016823968684374503
1271596375810203648,neutral,0.3381189830050101
1271596375965196290,negative,0.001842031509920941
1271596376527437825,negative,0.0002833791535977362
1271596376699404288,neutral,0.6001340851425573
1271596376925900800,negative,0.12638575508756936
1271596376938254336,negative,0.00010338679440685032
1271596377047535616,negative,0.24765343106174098
1271596377223512064,negative,7.236773637704521e-08
1271596377311776768,negative,0.006759802676185766
1271596377483739136,negative,0.031654617202899145
1271596377517195265,negative,0.005626392366426678
1271596377718611970,negative,0.028166698315174214
1271596377949253632,negative,0.028175421616060823
1271596378096050177,negative,0.32767021567705285
1271596378360295425,negative,8.254870302326268e-06
1271596379874394112,negative,0.2425199246894743
1271596379895455747,negative,5.806796010561312e-05
1271596380050644996,negative,0.31688889334720627
1271596380461707269,negative,0.17441048382648944
1271596380642041863,negative,3.304379881973829e-05
1271596380830732288,negative,2.6420238489118266e-05
1271596381665452033,neutral,0.5533970533999424
1271596381690572807,negative,0.26828265907748344
1271596382047080448,neutral,0.5114520767311611
1271596382277664768,negative,0.0017058580464821363
1271596383750021123,negative,0.00046762197326962054
1271596384165269504,negative,7.2884477388465e-05
1271596384358223873,negative,0.00016628924848785266
1271596385117392897,neutral,0.37137062280538924
1271596386060922880,positive,0.751202996363915
1271596386883117057,neutral,0.6099730960493743
1271596386983837697,negative,0.20474787208049158
1271596387537489924,negative,0.005626392366426678
1271596388372054018,negative,0.03180962742221007
1271596388850307072,negative,4.143742682840951e-05
1271596389848551425,negative,0.04915038932183661
1271596389957599232,negative,9.79469128605362e-07
1271596390276386816,neutral,0.4028989040644179
1271596390376976386,negative,0.17065649062357452
1271596390708281344,negative,2.89590112016359e-05
1271596390808944641,negative,2.1844192761304916e-06
1271596391165558789,negative,0.0052481037657638166
1271596393023578112,negative,0.27781596414135684
1271596393648607237,negative,0.001842031509920941
1271596393669500928,negative,0.007599598437030047
1271596394068021250,negative,0.0016389966315902853
1271596394181206024,negative,0.19981026727800333
1271596394881613825,neutral,0.6121620912298577
1271596395078664193,negative,0.055729676515545584
1271596395150090241,negative,7.236773637704521e-08
1271596395267608578,negative,0.007006140556179161
1271596396249059334,neutral,0.437369725752128
1271596396295016448,negative,0.0020193513549041347
1271596396773347329,negative,0.00016628924848785266
1271596396890685440,negative,2.2341924829761687e-05
1271596397951934464,negative,0.21603976955733373
1271596397964464128,negative,0.07419000039054562
1271596398123929600,negative,0.002402106420951482
1271596398618849281,negative,0.1853447716208767
1271596398765629440,negative,0.1154759273975014
1271596401223438336,negative,0.015321221952343218
1271596401550598144,negative,0.04445217217724994
1271596402683101185,positive,0.6826572252283474
1271596403014410240,negative,0.003605231651802118
1271596403249332226,negative,3.4756179013684414e-05
1271596403291303936,negative,0.0012918044139178383
1271596403459076096,negative,1.5834099309328184e-05
1271596403459084289,negative,0.2642278373266299
1271596403559665664,negative,0.2834039896712428
1271596404469882880,neutral,0.522567342745491
1271596404721491972,neutral,0.3566313625838256
1271596405514215425,negative,0.07388171950582473
1271596405686140928,negative,0.06173529810141915
1271596405770072064,negative,0.05894007890557135
1271596406512353281,negative,2.5328906513878088e-05
1271596406520926208,negative,0.06756897342989703
1271596409142140928,negative,8.405881560907476e-06
1271596410060836867,negative,0.005341696886049862
1271596410249580546,negative,0.19502423039687414
1271596410711027713,negative,0.2532820209150446
1271596410719404035,negative,0.008785347762152044
1271596410954084352,negative,0.0019660331236129296
1271596411218468864,negative,0.0005894299892526255
1271596411331719169,negative,0.023881704366282723
1271596411918876673,negative,1.8066554511466122e-05
1271596412162236419,negative,0.060490407011491755
1271596413890134018,negative,5.1048048333499485e-05
1271596413969993729,negative,0.13223660272479967
1271596414125178881,negative,0.0048031083353694045
1271596414221549568,negative,0.007825649743697668
1271596414334689280,negative,0.0048031083353694045
1271596414867513345,neutral,0.6471460403400316
1271596414938886147,negative,0.31674133085712225
1271596415148593163,negative,0.002886944683696644
1271596415152766976,neutral,0.46127768308170247
1271596415295336448,negative,0.00023210368265778503
1271596415320498176,negative,0.025152324668022856
1271596415983157249,neutral,0.44654025683665294
1271596416046116864,negative,0.038539190255196074
1271596418072018945,negative,0.04090252061339806
1271596418470301696,neutral,0.5088040958032037
1271596419267387392,neutral,0.3381189830050101
1271596419309350912,negative,0.24190043021159235
1271596419753873408,negative,0.03980030593590898
1271596419779047426,negative,0.033149615113105706
1271596420039086086,negative,0.15978797413628154
1271596420458409985,neutral,0.34117024056417766
1271596420483690501,negative,0.19552563706121598
1271596421502971904,negative,2.86890264328665e-08
1271596421955944448,negative,0.046484769731093445
1271596422664724481,negative,0.03980030593590898
1271596422719209472,negative,0.009151645608008649
1271596424392773633,negative,0.015946341074103896
1271596424459845633,negative,3.559649110727338e-05
1271596425240023040,negative,0.2837729918184219
1271596425244225537,negative,0.0016116116752910095
1271596425865039872,negative,0.24190043021159235
1271596425886007298,negative,3.25512942508615e-05
1271596426221563904,neutral,0.49789225920557484
1271596427043577856,negative,0.052185100033764184
1271596427190382599,negative,0.20342332222734927
1271596427299389440,negative,0.07841359574196761
1271596427941117953,negative,0.0001927926575714558
1271596429983834112,negative,0.026594391015495343
1271596430520713221,negative,0.0029824586995290856
1271596431841931265,negative,1.4026959512250963e-05
1271596431887876096,negative,0.025184429125877723
1271596432039051266,negative,0.05867535824033053
1271596432500363265,negative,0.032638335197396735
1271596432563167234,negative,0.001842031509920941
1271596432697577472,positive,0.9980816436675186
1271596432940769280,negative,0.0012843981688449673
1271596433100152832,negative,7.730518905627762e-07
1271596433121128449,negative,0.001428180103418113
1271596434010374144,negative,1.5174366797504494e-08
1271596434836652032,negative,0.06661641532264397
1271596435272806401,negative,0.003621091297663042
1271596435964923904,negative,0.14619589582907594
1271596436090695681,negative,0.04495357886299508
1271596436606595074,negative,0.22513179180885018
1271596436824694785,negative,0.2872448809192512
1271596438296899584,neutral,0.4737554465528978
1271596438405996546,negative,0.16270151442037614
1271596438632280064,negative,0.0006076317188303495
1271596439110660096,negative,4.092468717587222e-13
1271596439353921538,negative,0.0005955793925200283
1271596439467147264,negative,0.00026891859107554424
1271596440146583559,negative,0.1628976482749928
1271596441216126977,negative,3.262796994869556e-05
1271596441224560641,negative,0.003039851208444135
1271596443086680065,neutral,0.34503062106406457
1271596443762151428,neutral,0.44718859704321334
1271596443875389445,negative,0.19125584716637198
1271596444068253696,negative,0.00041258059640600554
1271596444483563523,negative,0.0029802930630058945
1271596444923891712,negative,1.2430002892517068e-05
1271596444932243456,negative,5.676487817417123e-07
1271596445146152966,positive,0.8799143624527516
1271596445167169540,negative,3.4599343848419972e-06
1271596445175631872,negative,0.011737336232948085
1271596446727516160,negative,0.023758272987789788
1271596447411122176,negative,0.0003495167594397269
1271596448094789633,neutral,0.522567342745491
1271596448593907714,negative,7.057381430586534e-06
1271596448942039048,neutral,0.4661727001046825
1271596451341258754,negative,0.2585316367003278
1271596451555049473,negative,0.01522359075735415
1271596451869622273,negative,0.13246148862232782
1271596452167299072,neutral,0.5020617739658875
1271596452809256978,neutral,0.5114520767311611
1271596453388005377,negative,2.0314056196711032e-06
1271596455367774209,neutral,0.33677065988963156
1271596455506186240,negative,1.67824124727267e-05
1271596455833337862,negative,0.03978588161652966
1271596456391192579,negative,7.686916135194478e-10
1271596456504438785,negative,0.04391998918018497
1271596460006690819,negative,0.015946341074103896
1271596461558566913,negative,7.951892362914063e-08
1271596462103826432,negative,0.009272739832239805
1271596462334513152,negative,0.01655022480749108
1271596463429169152,neutral,0.38163962155162046
1271596463546499073,negative,0.2824876424311173
1271596463571849224,neutral,0.3381189830050101
1271596463928336386,negative,1.8066554511466122e-05
1271596464020557824,negative,7.2884477388465e-05
1271596464263909377,neutral,0.5114520767311611
1271596464309927936,positive,0.9143932035143755
1271596464666546176,negative,3.1331698647888764e-05
1271596464846835712,negative,0.0003495167594397269
1271596464918032384,negative,0.18884248391470657
1271596464934989824,negative,0.021468205824297266
1271596465257885696,neutral,0.4971689282361413
1271596465828302848,negative,0.0008551997966282803
1271596466612699136,negative,0.08029062987871555
1271596467296194561,negative,4.7738647500113235e-05
1271596467673800706,negative,0.0012359037580937722
1271596467816366080,negative,0.022239639193932088
1271596468269432832,positive,0.9947894369694177
1271596468881801222,positive,0.9955106789522307
1271596468902608897,negative,1.8066554511466122e-05
1271596469099868160,negative,0.0003495167594397269
1271596469154390017,negative,0.31820487300311295
1271596472081895424,negative,0.00016823968684374503
1271596472698576896,negative,0.009272739832239805
1271596472887369728,negative,0.0003291735782151038
1271596473050968064,neutral,0.34117024056417766
1271596473738768390,negative,0.11719614381592805
1271596473847812099,negative,2.342822375314909e-05
1271596473940152322,neutral,0.5241787475120585
1271596474036518912,negative,0.2645220677947921
1271596474179022849,negative,0.2824876424311173
1271596474405728262,positive,0.671337306919619
1271596476087652354,negative,0.2800596501379602
1271596476230176768,negative,0.005894416270567474
1271596476410392576,negative,0.023851596854133114
1271596476813250561,negative,0.11177006632071497
1271596476817461248,negative,0.31856744922790964
1271596476934881281,negative,0.000174889946044419
1271596477345935360,negative,0.04580868801829515
1271596477454917632,negative,0.01600323011129518
1271596477501104128,negative,0.015946341074103896
1271596477731745793,negative,0.11313906149891423
1271596477744320513,neutral,0.49789225920557484
1271596477916352521,neutral,0.3353500257179539
1271596480822829056,negative,0.012017192431571493
1271596480856387584,negative,0.014504501695100012
1271596481200480256,negative,0.13120893646714316
1271596481930280960,negative,0.1908243928114889
1271596482131607558,negative,0.009272739832239805
1271596482957885441,negative,0.02374125613834837
1271596483016564736,negative,0.031545497082373114
1271596483205140480,negative,0.00029139348102488733
1271596483364753411,negative,0.12239827232910852
1271596483633086465,positive,0.9971599453449101
1271596484681703427,negative,9.250877231731503e-05
1271596485122146304,negative,0.2675637579473606
1271596485340266496,negative,0.00026706758266826873
1271596485684211712,negative,0.005211584107610013
1271596486506184706,negative,1.8066554511466122e-05
1271596486938238976,negative,0.015587129195576853
1271596486971682817,neutral,0.37137062280538924
1271596487307386881,negative,0.04614105367089556
1271596487412072448,neutral,0.34117024056417766
1271596488762765313,negative,0.07642434312857314
1271596488947351552,negative,0.12239827232910852
1271596489412874240,negative,5.307985696547397e-07
1271596489597485063,negative,0.18884248391470657
1271596489677041664,negative,0.29761571709333384
1271596489765257217,negative,0.2730432280808509
1271596489832378368,negative,0.18108766465601922
1271596490025304069,negative,0.00016628924848785266
1271596491061280770,negative,1.4387901661418722e-05
1271596491254181889,negative,0.02282647380578316
1271596491300392960,negative,0.012017192431571493
1271596493145690112,negative,1.521227807961675e-05
1271596493628231680,neutral,0.34117024056417766
1271596493649125377,negative,0.32003400364182666
1271596493837930496,neutral,0.5326643566169368
1271596494005698562,negative,0.00157921824750368
1271596494286700544,negative,0.0002355472701445713
1271596494660030466,negative,0.0008995954928223581
1271596494999687168,negative,0.00025521795545906155
1271596495213600768,negative,0.00026706758266826873
1271596495297564677,negative,0.00010015157584620417
1271596497742843908,negative,0.012818931880955725
1271596497856073728,negative,9.79469128605362e-07
1271596498355134464,negative,0.00010388548092725594
1271596498594267139,negative,1.1925852983752616e-05
1271596498917130241,negative,2.4605455708146123e-08
1271596500016037888,negative,0.23207491963764787
1271596501358333952,negative,0.007492293006742919
1271596501991428096,negative,0.014257444507638703
1271596502239137793,negative,0.0006004169503286683
1271596502331293701,negative,0.07762784543750909
1271596502926782465,negative,0.00044054617739648394
1271596503069454336,neutral,0.37137062280538924
1271596503547682822,negative,0.04474466654197991
1271596503665119237,negative,0.02374125613834837
1271596505393135620,negative,0.0615331638563064
1271596506102009857,negative,0.009648099338055624
1271596506529837056,negative,0.000770622299859315
1271596507477745664,negative,0.009090944519261759
1271596507586846720,negative,0.08779480467058465
1271596508119515147,neutral,0.5271830635860538
1271596510564749320,negative,0.32643896277848355
1271596510677958658,negative,0.047677747496515856
1271596511395282946,negative,0.027457629689105898
1271596511953108992,negative,0.011058045669979892
1271596513005879296,positive,0.9171729482617139
1271596513358200834,negative,0.12638575508756936
1271596513832116224,negative,0.011703220097117726
1271596514616336386,neutral,0.553802389001294
1271596517099556866,negative,0.0005358077387413497
1271596518261297152,negative,0.15658996886377932
1271596518324285440,negative,0.21269840684287064
1271596518479466496,negative,0.0003291735782151038
1271596519167340546,negative,0.20439966089722336
1271596520417222657,negative,0.015499524251573568
1271596520878424064,negative,0.1505073927745344
1271596521314754561,negative,0.09972515982514378
1271596522115923970,negative,0.009566475919928569
1271596522485022720,negative,0.009272739832239805
1271596523307118592,negative,0.19502423039687414
1271596523537813504,neutral,0.34117024056417766
1271596524921851907,negative,0.13732567053191735
1271596525014016000,negative,5.034024515756691e-09
1271596525119045632,negative,0.012676502386934916
1271596525140017153,negative,0.2824876424311173
1271596528394809344,negative,0.017116804400136295
1271596528692613123,negative,0.13247810989394998
1271596528717697024,negative,0.004304179935250414
1271596529074221058,negative,0.0009229076005555737
1271596530789728257,negative,0.09812074417589682
1271596531045429248,negative,6.174457451101333e-08
1271596531351683078,negative,0.00012358293547957858
1271596531569827840,negative,0.00010015157584620417
1271596531586666496,negative,0.09632583051309793
1271596531632599040,negative,0.10278841455571933
1271596531716706305,negative,0.0002558508086955222
1271596531980865537,negative,0.0008902033815224646
1271596532035465218,negative,1.3773061972503753e-05
1271596532190662660,negative,0.06656437044045363
1271596532677083137,neutral,0.49789225920557484
1271596532945616896,negative,0.0748408102365535
1271596532970774528,negative,0.12239827232910852
1271596533323096066,negative,0.00016823968684374503
1271596534732390402,neutral,0.5130708191242116
1271596534933655553,negative,0.0005351132759893319
1271596535101427712,negative,0.014460561132794288
1271596535147610117,negative,0.0002558508086955222
1271596535361437698,negative,8.013078018412087e-05
1271596535621603329,negative,3.87980426095905e-08
1271596535642546178,negative,0.1735162678381825
1271596535873069056,neutral,0.4936866310980551
1271596536393347074,negative,0.3040949491800166
1271596539136348160,negative,0.17553924241747834
1271596540520521729,negative,0.276274361579486
1271596540751228931,negative,0.0018207895923739402
1271596540872863745,negative,0.0005324595582437723
1271596541673975810,negative,1.8066554511466122e-05
1271596541724315650,neutral,0.3972773156834369
1271596541770416134,negative,0.00189101739080055
1271596541946593280,negative,2.529528687950072e-06
1271596544513454082,negative,0.018231076434766017
1271596544777531392,negative,0.2486473130447939
1271596544849072129,neutral,0.3850948772444006
1271596544911790080,negative,0.0020420342704147664
1271596545000067073,negative,0.0023336165182730995
1271596547231236096,negative,5.636643080073037e-06
1271596547252334593,negative,0.008603534372206643
1271596547751374848,positive,0.7685322661239289
1271596547831201794,negative,2.279745414968355e-09
1271596548401618947,negative,0.006504957606550473
1271596549232041985,neutral,0.3996580091506196
1271596549332754432,negative,0.04692282387135488
1271596549462777857,negative,0.08827830331003839
1271596549651533824,neutral,0.34117024056417766
1271596549722607616,negative,0.1522878689539644
1271596551559942144,negative,0.2724388926224287
1271596552990138368,negative,0.32620683154629054
1271596553053114368,neutral,0.5271830635860538
1271596553585790977,positive,0.9998506269188576
1271596553757753344,neutral,0.49789225920557484
1271596553971609605,negative,0.002390597899619374
1271596554261061633,neutral,0.3381189830050101
1271596555791933441,neutral,0.49780816483276497
1271596555812757505,negative,0.0002558508086955222
1271596555909373953,positive,0.7221259824864518
1271596556588908545,negative,0.1299738408542564
1271596557570379776,negative,0.013156991579726754
1271596557671038976,negative,0.037923919074804614
1271596557956034560,negative,0.0036838954580570072
1271596560162394113,negative,0.0009741082032739203
1271596560221188097,negative,0.00014840749909568357
1271596560321843201,negative,0.007261823499089735
1271596560405737473,negative,0.023103053083679697
1271596560565047301,negative,0.020317130529569682
1271596561185804288,negative,1.56260701404286e-05
1271596561609474049,negative,0.1163080119158657
1271596561873735680,negative,0.17870078326640873
1271596562154770433,negative,0.0005351132759893319
1271596562364465153,negative,8.744097840297739e-07
1271596563081703424,negative,0.0015425978250262452
1271596563840860163,negative,0.06164328041796489
1271596564742635521,negative,0.0003160575967488021
1271596564881068033,negative,0.046484769731093445
1271596565153615872,negative,0.0017324142812117811
1271596565522550784,negative,0.002584113432613311
1271596565636034560,negative,0.0005955793925200283
1271596565887672320,negative,0.1391261141318609
1271596565950537728,negative,5.443937612095379e-06
1271596566025912320,negative,0.03921011300803015
1271596566286131200,negative,0.10916311905298103
1271596566449737728,negative,0.010363687736580366
1271596567359864832,negative,4.120127614108363e-06
1271596567556997120,negative,0.24190043021159235
1271596568425177088,negative,0.26812582956602965
1271596568672563200,negative,0.19502423039687414
1271596569259913216,negative,0.008669211922248742
1271596569310171136,negative,1.69597407704258e-05
1271596569461129217,negative,0.00030922062470346953
1271596569586921472,negative,0.32802131082856856
1271596570073432065,positive,0.9294836261200626
1271596570581098496,negative,0.0009421782462533668
1271596571092758529,negative,2.6441966016173717e-05
1271596572846014469,negative,0.03840564920058137
1271596576742551553,neutral,0.3836900115182766
1271596576809631744,negative,0.13922227435479975
1271596576977321984,neutral,0.437369725752128
1271596577090568197,negative,0.0023170344461177867
1271596578067767296,negative,0.0006231497894395036
1271596578445373440,negative,0.044855543673928466
1271596579120721921,negative,0.046484769731093445
1271596581440102400,negative,0.18387684724078343
1271596583273013248,neutral,0.6057095957011978
1271596583524712459,negative,1.8066554511466122e-05
1271596583658893318,negative,0.0018897745655275864
1271596585189888005,negative,1.3246117043244962e-05
1271596586091581447,negative,0.00023210368265778503
1271596586393575424,negative,3.759814752818217e-05
1271596586859200512,negative,0.0008423667569309519
1271596586867531777,negative,0.002418228708076309
1271596587601534977,negative,0.05368241837099004
1271596587798736896,neutral,0.4836383072430054
1271596591129006080,negative,0.1735162678381825
1271596591481266177,negative,0.006184861924883278
1271596591640719362,neutral,0.3381189830050101
1271596591766482944,neutral,0.6076928760620514
1271596592190103552,negative,0.005902327530425931
1271596593456742405,negative,0.0006016850917875224
1271596593788194819,negative,0.03840564920058137
1271596593838505984,negative,0.005894416270567474
1271596594689966080,neutral,0.530068146978571
1271596594786455552,neutral,0.437369725752128
1271596595008679940,negative,0.02734764205970332
1271596595058888704,negative,0.04269907076138966
1271596595801321478,positive,0.9969884738116033
1271596597797777408,negative,0.21913843696706453
1271596597957312513,negative,0.24270053556707355
1271596598305398785,negative,3.4756179013684414e-05
1271596598464851968,negative,0.207800015035824
1271596598628421634,negative,1.8066554511466122e-05
1271596599660208128,negative,0.0031380462099212607
1271596599702097920,negative,0.0006231497894395036
1271596599744049155,negative,0.12227762356369955
1271596599840436225,negative,0.0008231937053258209
1271596600096223232,negative,0.0017691966846541528
1271596602319396866,negative,0.15931206484429183
1271596602424262657,negative,0.3248410612445367
1271596602516520961,negative,0.09395163155930569
1271596602734641152,negative,7.236773637704521e-08
1271596603153936384,negative,0.0011902279216978752
1271596603938398209,negative,0.06446732001068398
1271596604173107201,negative,0.03639846518878914
1271596606069133312,negative,0.025152324668022856
1271596606094282752,negative,0.013215736956266502
1271596607570616320,negative,0.0010033410433637482
1271596607931387910,negative,1.8356278386074845e-05
1271596610376601601,negative,0.0034351024886796126
1271596610733162496,neutral,0.4436044887732356
1271596610745782275,negative,0.000856330378905887
1271596611676897281,negative,0.0023864531750042895
1271596613367185409,negative,3.759814752818217e-05
1271596613497126919,positive,0.999215224991
1271596613740269568,negative,0.0010033410433637482
1271596614759530496,positive,0.916649847416321
1271596616034791425,negative,0.030349435383431822
1271596616110260224,negative,1.3812987005628366e-07
1271596617225863172,negative,0.0015425978250262452
1271596618593169408,negative,7.069481675439379e-06
1271596618781949953,negative,0.09901705703503477
1271596618819801088,negative,0.05817995923428874
1271596618853187584,negative,0.1504765111474486
1271596619398631424,positive,0.8188100518944226
1271596620023545857,negative,0.06756897342989703
1271596620182949888,negative,0.018360823191417172
1271596622854701056,negative,0.017325134294640974
1271596622896660485,negative,0.0006231497894395036
1271596623743852544,negative,0.03695208748753567
1271596623886520322,negative,1.756080530718208e-06
1271596624171741186,neutral,0.34117024056417766
1271596624377270273,negative,0.006759802676185766
1271596624884752387,negative,0.16733962349136758
1271596625111252995,negative,0.03816441794973481
1271596627082596352,negative,0.06240264364204744
1271596627170668546,negative,0.011703220097117726
1271596627673964545,negative,0.1216200432332618
1271596627828944896,negative,0.20186754572743498
1271596627875201024,neutral,0.3381189830050101
1271596628198281221,negative,0.0005358077387413497
1271596628839936001,negative,0.26287357984472953
1271596629385187329,negative,0.3155990631147836
1271596631570485254,negative,0.002395107361095619
1271596632237211648,negative,0.0005955793925200283
1271596632266637312,negative,0.0019569905465278573
1271596632312811520,negative,0.003527603887625049
1271596632530960384,negative,0.02202494735909909
1271596632560357377,negative,0.01879425341181135
1271596633466290182,negative,0.0077562207770218855
1271596633969614849,negative,0.0002943039268581005
1271596634087067648,negative,0.05368241837099004
1271596634099666945,negative,0.029221171854788907
1271596634410045440,negative,0.1154759273975014
1271596636012269568,negative,8.416058606471813e-06
1271596636070797312,negative,0.31629144175691887
1271596636268085252,negative,0.003645142796826916
1271596636343603205,negative,0.01298509591667729
1271596636419088384,negative,0.0005351132759893319
1271596636473643009,negative,0.3194594848544355
1271596636628815872,negative,0.07670912220335441
1271596636771438592,negative,9.279630717613473e-08
1271596637002096641,negative,0.00020130697172407878
1271596637073309696,negative,0.026400004196187165
1271596637371146241,negative,0.125563245732782
1271596637488627712,negative,0.02428248049254861
1271596637593448448,negative,0.09387476832488258
1271596640126881795,negative,0.013215736956266502
1271596640743370753,neutral,0.5114520767311611
1271596640802086912,negative,7.676355620542512e-08
1271596640856653825,negative,9.79469128605362e-07
1271596640856674306,negative,0.00144173249090173
1271596640894238720,negative,0.0006231497894395036
1271596641037017094,negative,1.67824124727267e-05
1271596641313751040,negative,0.019022362749922715
1271596641515196417,neutral,0.34117024056417766
1271596643809460227,negative,0.04498103793695357
1271596643868200960,negative,0.008000001106398041
1271596644312719361,negative,0.1216200432332618
1271596644753170434,negative,0.00033287291598040416
1271596644778291200,negative,0.2862733046686908
1271596644975415296,negative,0.19552563706121598
1271596644996386817,negative,0.0002833791535977362
1271596645495570438,negative,3.608540129337675e-05
1271596645730463744,negative,0.23606294079739096
1271596646116102144,negative,0.00022646280867587212
1271596646560825345,negative,0.010391166754051594
1271596650503581697,negative,6.942217401568211e-05
1271596650511900674,negative,0.002536689033108404
1271596654546890753,negative,0.10266115919632936
1271596656555933706,negative,0.2178596778379981
1271596656681791489,negative,0.1549722386346722
1271596658103631875,negative,0.001067406653983586
1271596661673021442,negative,0.2824876424311173
1271596662390054913,negative,0.0005000728954740911
1271596664374034432,negative,0.0011494701198873543
1271596665720451072,negative,0.021468205824297266
1271596666311720960,negative,0.023851596854133114
1271596666697789443,negative,0.007329575474790893
1271596666823626752,positive,0.999215224991
1271596669063303170,negative,0.0026290883475751756
1271596669302452224,negative,3.588953476969219e-08
1271596669986095105,negative,0.11241944902933511
1271596670191579138,negative,0.00035625677862029427
1271596670535548928,neutral,0.33792029946871827
1271596671709917190,neutral,0.6036802031617744
1271596675304509440,negative,0.05094700503366205
1271596678441652225,negative,0.0010282660203752099
1271596679670702082,negative,0.005894416270567474
1271596680341852160,positive,0.867120820536164
1271596680953991169,negative,0.011013279854401599
1271596681000173571,negative,0.31629144175691887
1271596681658871811,negative,0.012164792431929873
1271596682938060801,negative,0.12227762356369955
1271596683663749122,negative,0.0031996149398041194
1271596684032819207,neutral,0.34117024056417766
1271596685932683264,negative,0.0678929499284637
1271596689950990339,neutral,0.6080386821958005
1271596691481747456,negative,0.003645142796826916
1271596692073308160,negative,0.0012918044139178383
1271596694120038405,negative,6.898181232754515e-05
1271596694459879424,negative,0.011939323911211058
1271596694690500608,negative,0.005894416270567474
1271596695982354435,negative,0.0005000728954740911
1271596697119084544,negative,0.027994019961084117
1271596698989670401,negative,3.1331698647888764e-05
1271596699115556865,negative,0.23406803361872375
1271596699841167360,negative,0.10985503115869757
1271596700281581568,neutral,0.437369725752128
1271596701044916230,negative,0.07400835396434688
1271596701145538561,negative,4.239215654470544e-05
1271596702554894342,negative,0.06561133710628425
1271596703574089730,neutral,0.3381189830050101
1271596703729307648,negative,0.02466949284359443
1271596704001863680,negative,1.0839951626172012e-05
1271596704949776385,negative,1.1522453021515388e-07
1271596705067282432,negative,0.09877477944999204
1271596705448972290,negative,0.00014294154440235452
1271596705662763009,negative,0.0011943712266045462
1271596706744995842,negative,0.290479619175052
1271596707206356992,negative,0.0074061277235989665
1271596708347228162,negative,0.08002465081650481
1271596708573700096,neutral,0.5271830635860538
1271596711253811203,negative,4.490304147995867e-07
1271596712000401411,positive,0.7500377016963704
1271596712763613184,negative,0.11039593456744098
1271596712969277440,neutral,0.3381189830050101
1271596713418149889,negative,7.748435810832161e-06
1271596713854328832,negative,0.029804250050374674
1271596715271958538,negative,1.346034128477203e-07
1271596715347492865,negative,0.008988574458257629
1271596715494109184,negative,0.0002558508086955222
1271596715796242433,negative,0.015271358212807165
1271596715959898112,negative,0.012782192529798972
1271596716744151040,negative,0.0020378765874387644
1271596717293670401,negative,0.00019894404832740268
1271596717817966593,negative,0.021562914962730072
1271596720808439808,negative,0.012676502386934916
1271596720867213312,negative,2.1775753198849242e-05
1271596725292150785,neutral,0.44999377326119033
1271596725543866375,negative,0.02643264305373059
1271596727297028096,negative,0.02414154577731595
1271596727808724993,negative,6.238456720282258e-05
1271596727922032640,negative,0.01869269172761346
1271596728337268737,neutral,0.44054615157121163
1271596729310359552,negative,0.0002580519377169914
1271596729436196865,negative,0.03093589899119508
1271596732082802689,neutral,0.49789225920557484
1271596732242149377,negative,0.012447427632221408
1271596732263149574,negative,0.0014585350996853682
1271596732451676161,negative,7.406595760775987e-05
1271596732862922752,negative,0.03761452687070578
1271596734544838657,negative,0.005894416270567474
1271596737652830214,negative,0.002584658343206838
1271596737669541889,negative,0.0005351132759893319
1271596737942224896,positive,0.8106914973214455
1271596739557023744,negative,0.20367766229747658
1271596740194504704,negative,6.831836388688265e-08
1271596740362158080,negative,0.0001466455734579428
1271596740672536577,neutral,0.3474723494457108
1271596741372993537,negative,0.07958822009255354
1271596741591216129,negative,0.05378192752732259
1271596741792616450,negative,0.00013001856160780616
1271596742421684224,negative,0.016096051113450135
1271596742690115584,negative,0.056541582632319655
1271596742933385216,negative,0.01786866897430779
1271596743373869058,negative,0.0023170344461177867
1271596745437392896,negative,0.08279649112484168
1271596745559027712,negative,0.003040566358506627
1271596746179821568,negative,0.007322084249800452
1271596746301411328,negative,0.0049024829505844945
1271596746754400256,positive,0.7331964492216921
1271596746762788864,negative,0.0005351132759893319
1271596746951602176,negative,0.09479322597697783
1271596747286958080,negative,0.0651017219642605
1271596748767735818,negative,0.0013327655293858542
1271596749128437760,negative,0.1105432124190827
1271596749145231361,negative,0.1460605091437251
1271596749430444033,positive,0.8007266922775306
1271596749623373825,negative,0.3040949491800166
1271596749866643459,negative,0.0012359037580937722
1271596750084747267,negative,0.001869287112884431
1271596750114033664,negative,0.012164792431929873
1271596750256693249,neutral,0.44822885919884375
1271596750827069444,negative,0.0825886283591841
1271596750835527682,negative,0.023851596854133114
1271596751221411841,negative,0.0049024829505844945
1271596752655855617,negative,3.4129059874627146e-08
1271596753549250561,negative,9.178986940373184e-05
1271596754392285185,neutral,0.38019679021634445
1271596757563162626,neutral,0.37137062280538924
1271596757638619144,negative,0.07414833241600664
1271596757961576448,negative,0.0034351024886796126
1271596758028738560,negative,0.246107307896335
1271596758070673410,negative,2.0048652906944548e-09
1271596758762569730,negative,0.08317717354597534
1271596759169609734,negative,0.15175632931216257
1271596759823810561,negative,1.8066554511466122e-05
1271596760004100096,negative,0.00021323646588724418
1271596761379995649,negative,0.2824876424311173
1271596761560293382,negative,0.08279649112484168
1271596761900109829,negative,0.13482499622800678
1271596761946165248,negative,0.02291997356949745
1271596761962942467,negative,0.0013876501219581817
1271596762134990855,negative,0.1256518955108437
1271596762671853568,negative,7.331680666848127e-06
1271596762684362753,negative,0.003441067324396062
1271596763149934592,negative,0.10094563497278858
1271596763493945349,negative,0.021468205824297266
1271596763514880003,neutral,0.6001340851425573
1271596763728625664,negative,8.533047907544956e-05
1271596764425060354,negative,0.0074214976452802684
1271596764508946432,negative,0.003919049548173325
1271596764597026817,positive,0.8364860004538318
1271596765930758149,negative,0.001842031509920941
1271596766140473346,negative,1.8066554511466122e-05
1271596766312443906,negative,0.03180962742221007
1271596766559952896,negative,0.007492293006742919
1271596766719336448,negative,6.4675117100569094e-06
1271596766790594561,neutral,0.41343666651679317
1271596766945849344,negative,0.006003247447920527
1271596767008743424,negative,0.29218753074707604
1271596767403020288,negative,0.0071479933406052385
1271596767444959232,negative,0.00019809352693600076
1271596769630138368,negative,0.00019984109669266473
1271596770158575617,negative,0.24292223979517993
1271596770435444739,positive,0.9636909998362814
1271596770599067650,negative,2.555553824897279e-07
1271596770691354629,negative,1.8066554511466122e-05
1271596771530194944,neutral,0.3381189830050101
1271596772297752576,negative,0.0007392939229639398
1271596772499087365,negative,0.05036506673779371
1271596772599660545,negative,0.14354680135132608
1271596774956896256,negative,0.0007809020524228805
1271596774973734913,neutral,0.3381189830050101
1271596775183245313,negative,0.07824970105022538
1271596775456063489,negative,0.0005358077387413497
1271596776026324992,negative,0.034063562426954866
1271596776253001728,negative,0.03180962742221007
1271596776471113729,negative,0.0007969433097646404
1271596777955876867,neutral,0.3845709177442849
1271596777997729793,neutral,0.3701757881970874
1271596778274652165,negative,0.13527626581965038
1271596778295607296,negative,0.2982086239924871
1271596778320613377,negative,0.001842031509920941
1271596778421452800,negative,0.00016100482880607227
1271596778895228928,negative,0.00019310143173641915
1271596778987585536,negative,0.0002833791535977362
1271596779973345289,negative,0.06756897342989703
1271596780015230976,negative,9.367121555580982e-08
1271596780266950656,negative,1.8066554511466122e-05
1271596780392779777,negative,0.004074047576496962
1271596780640141312,negative,0.0006016850917875224
1271596782493949953,negative,0.1469281011971551
1271596782657699840,negative,0.12638575508756936
1271596782749986816,negative,0.07411926982528108
1271596782787670023,negative,0.03840564920058137
1271596782875627526,negative,0.00011513059567135842
1271596783332966402,negative,0.002418228708076309
1271596783337197568,negative,0.012676502386934916
1271596783395880963,negative,0.002473759478661519
1271596783748222976,negative,5.373335369042132e-05
1271596784196808704,negative,0.0049024829505844945
1271596784368996352,negative,0.0006231497894395036
1271596784960356352,negative,0.11696544998384821
1271596786453487619,negative,0.0048031083353694045
1271596786629488640,negative,0.0049024829505844945
1271596786927337473,negative,0.29190387983725447
1271596787154014209,neutral,0.3441706034550177
1271596787414052869,negative,0.0049024829505844945
1271596788403834881,negative,2.2215452878506966e-10
1271596789154578432,negative,0.0005358077387413497
1271596790735872000,negative,0.03840564920058137
1271596791197315073,negative,8.473668010837357e-05
1271596791344115717,negative,0.29933385756623776
1271596792153550850,negative,0.09972515982514378
1271596792455532545,negative,0.013722089811662992
1271596792799350784,negative,0.027710019985800655
1271596792816308228,neutral,0.4814216422911448
1271596792841408512,negative,0.0099536958179938
1271596796364677121,negative,0.027076930483470617
1271596796977074176,negative,0.00017125284977956713
1271596797048258560,negative,0.00011106903851426417
1271596797664747520,negative,0.0049024829505844945
1271596798189219842,negative,8.614431734459577e-14
1271596799007035392,negative,0.0049024829505844945
1271596799862677507,negative,0.06326627960981118
1271596800940466176,negative,0.0049024829505844945
1271596800957431808,negative,0.0009755811881193706
1271596801242673158,neutral,0.43239902574644784
1271596802140254208,negative,0.03962031209821892
1271596803167838213,negative,0.014003200034624
1271596803213885440,negative,6.709836550362277e-05
1271596803679498241,negative,6.455940417011805e-10
1271596804547792897,negative,0.05817995923428874
1271596805038510081,negative,0.0022480160405335303
1271596805210374145,negative,0.004586907188674905
1271596805965389825,negative,0.14154507524386337
1271596806070251520,negative,0.00019984109669266473
1271596806502113281,negative,0.07983752777306279
1271596807748018176,negative,0.0021646323213050708
1271596808830099456,negative,2.5589156199386472e-05
1271596809346048000,negative,3.6817654021987983e-06
1271596810071662597,negative,0.32620683154629054
1271596810159755264,negative,0.22513179180885018
1271596810285563907,negative,0.07645284187388722
1271596810361090048,negative,0.3061668343924319
1271596812844044288,negative,0.24190043021159235
1271596812898615296,negative,0.005364431360635184
1271596813074784259,neutral,0.3385252644667176
1271596813078970368,positive,0.9777651735083865
1271596813162815488,neutral,0.3351541729559783
1271596813745819648,negative,8.887355458009728e-10
1271596814236553216,negative,0.0049024829505844945
1271596815029166080,negative,0.0034351024886796126
1271596815159263233,negative,0.0288281999778002
1271596815704567808,negative,5.257231723967286e-10
1271596816241393672,negative,0.0005358077387413497
1271596816505724928,neutral,0.3381189830050101
1271596816518217730,negative,0.006730448842706993
1271596817084329984,negative,0.001067406653983586
1271596817973682177,negative,0.0049024829505844945
1271596818334351372,negative,0.0023170344461177867
1271596819135553537,negative,0.0020368208816492093
1271596819231977478,negative,0.09632583051309793
1271596820880293888,negative,0.00011355516712336494
1271596821274640385,negative,0.005364431360635184
1271596821350174721,negative,0.034980844099438906
1271596821459210241,negative,0.0007398414673680506
1271596821660524545,negative,7.068318948227815e-05
1271596822159593472,negative,0.05610309040052827
1271596822180646912,negative,0.18108766465601922
1271596822536925184,negative,0.20248184163684502
1271596822549626880,negative,0.006220593506123027
1271596822805516288,negative,0.04495357886299508
1271596824575557636,negative,0.0009908234323365767
1271596825376698374,negative,0.23891408736184747
1271596825443733504,negative,1.8066554511466122e-05
1271596825603178497,negative,0.0013876501219581817
1271596825741582336,negative,0.0006231497894395036
1271596826144190465,negative,0.05407524571388609
1271596826190209027,negative,0.013722089811662992
1271596826265862151,neutral,0.3381189830050101
1271596826416857088,negative,0.023336692626154305
1271596826588823552,negative,0.19502423039687414
1271596826672726019,negative,0.013722089811662992
1271596828589469702,negative,0.05610309040052827
1271596828597911552,negative,0.01655022480749108
1271596828669116417,negative,0.0007809020524228805
1271596829428387841,negative,0.0049024829505844945
1271596829692628995,negative,0.0005351132759893319
1271596830090858496,neutral,0.37137062280538924
1271596830296551427,negative,0.029221171854788907
1271596830393012229,negative,0.0049024829505844945
1271596830669844481,negative,0.0319832305431049
1271596830791434241,negative,7.730518905627762e-07
1271596830808145920,negative,0.24190043021159235
1271596830976102401,negative,4.573436287845409e-11
1271596831005380608,negative,0.1398072778913167
1271596833480093696,positive,0.7179957782982201
1271596833723150336,negative,0.00354676510982165
1271596834562035712,negative,0.02978956789286822
1271596835510071296,negative,0.00019984109669266473
1271596837279985664,negative,0.014861718104607485
1271596837653434371,negative,0.02092802712081246
1271596838001479681,negative,0.00021323646588724418
1271596838123077633,negative,0.00019984109669266473
1271596838177705985,negative,0.007954934633077601
1271596838303330305,negative,0.01655022480749108
1271596838647263232,negative,0.27069839133778073
1271596838651678722,negative,0.29780031762417947
1271596839335350280,negative,0.0026023019266201253
1271596841394737155,negative,0.021165220374539485
1271596842053238786,negative,0.0005000728954740911
1271596842573352965,negative,0.08299922502200584
1271596843147853830,neutral,0.49789225920557484
1271596843713978370,negative,5.698916494242953e-07
1271596844448206848,negative,0.049211293752046484
1271596844502614017,negative,0.0003842191850600485
1271596845303836672,neutral,0.4712458673794124
1271596845815468034,neutral,0.3316725302290881
1271596846134243338,negative,0.00011341912160628809
1271596846788554752,negative,6.449763293001305e-07
1271596846889271299,negative,0.22513179180885018
1271596847338061827,negative,7.523178486379855e-16
1271596847434432512,negative,0.017584716744400687
1271596847434469382,negative,4.453288803844752e-07
1271596849657454592,negative,0.04251423792646359
1271596849997197313,negative,0.0049024829505844945
1271596850324307969,negative,0.007599598437030047
1271596850429267968,negative,0.11573388696705816
1271596850685100032,negative,1.671855099585707e-10
1271596850982813697,neutral,0.5887973398928581
1271596851200811009,negative,0.25881355621109725
1271596851754684421,negative,9.485337233476039e-11
1271596851829960704,negative,0.0002558508086955222
1271596853545574400,negative,0.00011341912160628809
1271596854422233090,negative,0.012676502386934916
1271596854451503104,negative,3.354316565193558e-07
1271596855084953603,negative,1.67824124727267e-05
1271596855151992833,negative,0.0049024829505844945
1271596855466561542,negative,0.02428248049254861
1271596856141897734,negative,0.021468205824297266
1271596856531795968,negative,0.019054302504623453
1271596856703885314,neutral,0.49789225920557484
1271596858750701573,negative,0.24190043021159235
1271596858822049799,negative,0.00048559593649531447
1271596858977247232,negative,0.0216214846937588
1271596859480571904,negative,0.0007392939229639398
1271596859585204224,negative,0.0002558508086955222
1271596859748954113,negative,1.6175038754963325e-07
1271596860222947331,negative,0.27403404469589215
1271596863146188800,negative,0.02734764205970332
1271596863876141058,negative,0.0005637001651272193
1271596864006062081,negative,0.12227762356369955
1271596864673120259,negative,0.004586244755951569
1271596864853413889,negative,0.01655022480749108
1271596866312994821,negative,0.3040949491800166
1271596866396991488,negative,0.0005199757530542032
1271596866514423809,neutral,0.437369725752128
1271596866560577538,negative,0.0020093435034387666
1271596867336507393,negative,1.762621603684897e-08
1271596868057862144,negative,0.005894416270567474
1271596868309581826,negative,0.0006241418087332106
1271596868640727040,negative,0.016827647723842706
1271596868691210241,negative,0.0005351132759893319
1271596868745801734,negative,0.15797133755319195
1271596868796141568,negative,0.07152762509154904
1271596869014216705,negative,0.19502423039687414
1271596870574448646,neutral,0.3381189830050101
1271596870687653894,neutral,0.37137062280538924
1271596871744720897,negative,0.133509845458282
1271596872126345217,negative,0.0012359037580937722
1271596872432574464,negative,0.24156582832429144
1271596872646475776,negative,0.0029824586995290856
1271596872784916481,negative,0.005364431360635184
1271596872851955713,positive,0.782429480926014
1271596874563272704,negative,0.0003495167594397269
1271596875305684993,negative,0.0049024829505844945
1271596875704123397,negative,0.0043660061390990235
1271596875901210624,positive,0.8009910035537702
1271596876333117440,negative,0.009759957374780099
1271596877105037312,negative,0.11812251370083693
1271596877834645504,neutral,0.37137062280538924
1271596878635950080,negative,0.078025792374406
1271596879042789377,negative,0.009272739832239805
1271596879432650753,negative,0.11039593456744098
1271596880775053314,negative,0.005364431360635184
1271596881295151104,negative,0.02374125613834837
1271596883337674752,negative,0.002014998529721484
1271596883757105152,negative,0.0019660331236129296
1271596883841089538,negative,0.01285136331201733
1271596883941736454,negative,0.005442591338877343
1271596884289863680,neutral,0.437369725752128
1271596885028016130,negative,0.0029603755942041385
1271596885359222784,negative,0.0005609200328872114
1271596887435546624,negative,0.05972154768061819
1271596888266022912,negative,0.07046259129134995
1271596888291188736,negative,0.012775660687517504
1271596888475697153,negative,4.1621790502873104e-10
1271596892569440256,neutral,0.3381189830050101
1271596892963704832,negative,0.01052236387830751
1271596893085327361,negative,0.00889417161954398
1271596893345284097,negative,0.00847974471487335
1271596895547228160,neutral,0.34117024056417766
1271596897610981376,negative,0.04590394268250548
1271596897820504064,neutral,0.4590236991256936
1271596897824903169,negative,0.007385132798839147
1271596897858248704,negative,0.025584051866023264
1271596897929588736,negative,0.003379677071495127
1271596898009313280,negative,0.006351670124748217
1271596898026229761,negative,0.006032194594089851
1271596899641032704,negative,0.0026023019266201253
1271596900177924097,neutral,0.4995842317612372
1271596900333092868,negative,0.0049024829505844945
1271596900794458114,negative,0.005894416270567474
1271596900853170176,negative,0.18693584956905138
1271596903914930176,negative,0.0023873514811361004
1271596904498057216,negative,0.0047137102469299585
1271596905215266816,positive,0.7791310767348587
1271596905886351360,negative,0.002911630243312868
1271596905894752256,negative,0.08912036562319954
1271596906385465344,negative,0.08384635293073044
1271596906486128640,neutral,0.34117024056417766
1271596906557431808,negative,0.15585040364727296
1271596908792905738,neutral,0.3706262846661594
1271596910143516672,negative,0.11280259590376683
1271596910290272262,negative,0.00840792454039952
1271596911997452290,negative,0.0003923368292768135
1271596913184260097,negative,0.20186754572743498
1271596913670922240,negative,0.10526743648565311
1271596913729601537,negative,0.007599598437030047
1271596913754804225,negative,0.005894416270567474
1271596913989730304,negative,0.061898746271034984
1271596916720185345,negative,0.14594935001715917
1271596917659746305,negative,0.055729676515545584
1271596917726810115,negative,0.09412051680142991
1271596917785575424,negative,0.0012730642874925404
1271596918192377859,negative,0.1154759273975014
1271596918225977345,neutral,0.6036802031617744
1271596918716669957,negative,0.05817995923428874
1271596918876057602,neutral,0.3381189830050101
1271596919039483904,negative,0.00027585667296755586
1271596921040375811,negative,0.026089088831167964
1271596921120075776,negative,0.029160432015274185
1271596921141026826,negative,7.704362118212568e-05
1271596921157595136,negative,0.11719614381592805
1271596921602420737,negative,3.1331698647888764e-05
1271596921946353665,negative,0.0010512437128292194
1271596922101477376,negative,0.0004909371682008161
1271596922185359360,negative,0.0016737896560586971
1271596922399326209,negative,7.057381430586534e-06
1271596922848120835,negative,1.3246117043244962e-05
1271596924911714305,negative,0.005211584107610013
1271596925222031361,positive,0.9858724347798069
1271596925276602369,negative,0.0034351024886796126
1271596925289148418,negative,0.043405527510667515
1271596926262226944,negative,0.3173302772080717
1271596927352741888,neutral,0.45242379333578603
1271596929240182784,negative,1.901623191947085e-08
1271596929546362882,negative,0.08342021031862229
1271596930305572864,negative,0.030432836284417227
1271596930456584198,negative,0.10458831134898472
1271596930808897539,neutral,0.4939874222237262
1271596933916786690,negative,0.00014840749909568357
1271596933967208448,negative,0.0011097792587573625
1271596934348836864,negative,0.0049024829505844945
1271596934805942272,negative,0.025913395119641976
1271596935439360001,negative,0.014991899094609436
1271596938387808257,negative,0.0005000728954740911
1271596938580774912,negative,1.8066554511466122e-05
1271596941898665985,negative,0.00019894404832740268
1271596941990924288,neutral,0.553802389001294
1271596942259359745,negative,0.3029968537174699
1271596943098200066,negative,0.020239126319302362
1271596943614136321,negative,0.00040022313413931305
1271596946432700417,neutral,0.3381189830050101
1271596947728666624,neutral,0.3381189830050101
1271596948009684992,negative,3.0711655267385255e-06
1271596950190559232,negative,0.2534743328309334
1271596950375337986,negative,0.11090731968809672
1271596950643712001,negative,0.015411969190119088
1271596950685655042,negative,0.0013327655293858542
1271596950937317376,neutral,0.437369725752128
1271596951226679297,negative,0.0003495167594397269
1271596951465689088,negative,0.0003495167594397269
1271596951868510208,negative,0.03967318184459225
1271596952581558273,neutral,0.35451443008515343
1271596954376499201,negative,0.008564154963121354
1271596954531889158,negative,0.22513179180885018
1271596954636759044,negative,0.24531216546523807
1271596954858983425,negative,0.025506816949494204
1271596955337179136,neutral,0.5914465900851971
1271596955609726976,negative,0.0558885799001062
1271596955710492678,negative,0.03670255851540621
1271596955999907841,negative,2.844463945410253e-09
1271596956197019649,negative,5.444793070480164e-05
1271596958440980482,negative,0.00048559593649531447
1271596958604382208,negative,0.0005000728954740911
1271596959669903360,negative,2.3265466851924162e-05
1271596959892074497,negative,0.0011311487197816514
1271596960479232002,neutral,0.42507619662732005
1271596961423130626,negative,0.027429830168539046
1271596962752724993,negative,0.15426889957733209
1271596963188875264,negative,0.002014998529721484
1271596963709026304,negative,0.0026899530008048685
1271596964283588610,neutral,0.3381189830050101
1271596964526817281,negative,0.023558529377703367
1271596964849778690,negative,1.56260701404286e-05
1271596964896018433,negative,0.04251423792646359
1271596965034369026,negative,9.09654557292609e-06
1271596965072179200,neutral,0.437369725752128
1271596968016515076,negative,2.724521591595678e-05
1271596968247275520,negative,0.238427545908539
1271596968654012416,negative,0.01088093301637732
1271596971111993348,negative,0.12678178520337624
1271596971460104193,negative,0.05610309040052827
1271596971472515072,negative,0.24190043021159235
1271596972672258051,negative,0.25911202149226437
1271596972948979716,negative,0.007599598437030047
1271596972953276416,negative,0.0049024829505844945
1271596976279298050,negative,0.00019984109669266473
1271596976405188612,positive,0.9001245593505082
1271596976535109632,neutral,0.49789225920557484
1271596976803581953,negative,0.0021914894589528163
1271596977655029760,negative,0.24190043021159235
1271596978145640449,negative,0.012017192431571493
1271596979802570752,negative,0.005894416270567474
1271596979865432075,negative,0.00021323646588724418
1271596980515602433,negative,0.005894416270567474
1271596980851093505,negative,0.256799263482012
1271596981278969857,negative,7.833462947025665e-07
1271596983535521792,negative,0.1588674854201955
1271596984378351616,negative,0.07854354605092159
1271596984873496579,negative,1.8066554511466122e-05
1271596986215645185,negative,0.021862687521183734
1271596987905867777,negative,0.03840564920058137
1271596988061102080,negative,0.011266725599896369
1271596988178579459,negative,0.060490407011491755
1271596988744609792,neutral,0.5550320950635359
1271596989172592641,negative,0.0002558508086955222
1271596989415907328,negative,0.000461978987029925
1271596989545938945,negative,0.13341406001625764
1271596990237863936,neutral,0.39307562716426214
1271596992377036801,negative,0.03670255851540621
1271596992926486528,neutral,0.5844660558927414
1271596993626996738,negative,3.559649110727338e-05
1271596996453941255,negative,4.788982922465442e-08
1271596996793528321,negative,0.0049024829505844945
1271596997267656705,negative,0.021385196668782032
1271596997313728514,negative,0.0054193948841475045
1271596997380919297,negative,0.10573820050449062
1271596997477359616,negative,1.0972459867884106e-07
1271596997989064704,neutral,0.48898088462376976
1271596998265909249,negative,0.00012358293547957858
1271596998324637697,negative,0.1803310483462496
1271597000589545472,negative,0.00012358293547957858
1271597002011410434,negative,0.011767763688193359
1271597002170740736,negative,1.6512842785835022e-07
1271597002393083910,negative,0.021468205824297266
1271597005471731717,negative,0.00045796606997158796
1271597006293807104,neutral,0.49789225920557484
1271597007078113281,negative,0.24257369881389068
1271597007459794948,negative,0.15739510525277986
1271597007568867328,neutral,0.45715098558588957
1271597007828914176,negative,0.00749691639864609
1271597007908601857,negative,0.2262686513781324
1271597009074565125,negative,0.025558818888774877
1271597009770819585,negative,4.636567423860902e-07
1271597009804365824,negative,0.27355552905410546
1271597010232188928,neutral,0.49789225920557484
1271597010295181313,negative,0.0009747005941220618
1271597010408353793,negative,0.05773950100514704
1271597012920590336,negative,0.001842031509920941
1271597013726113792,neutral,0.3381189830050101
1271597013822582787,negative,0.007599598437030047
1271597014015451138,negative,6.144071405830127e-05
1271597014187458562,negative,0.00010015157584620417
1271597014581559297,negative,0.28768430820383784
1271597014694969350,negative,0.24257369881389068
1271597015349239808,negative,0.00419921053032244
1271597017601630208,negative,0.1735162678381825
1271597018058649600,negative,0.001842031509920941
1271597018104958976,neutral,0.37137062280538924
1271597018239111175,negative,0.00020378781742672752
1271597019350663168,neutral,0.46511884455441777
1271597019832954882,negative,0.07645284187388722
1271597021384921088,negative,0.0005358077387413497
1271597021414273025,neutral,0.35451443008515343
1271597021997289476,negative,0.04940012930414378
1271597022051741697,negative,0.0049024829505844945
1271597022605463552,negative,0.10806909115002034
1271597023616262144,positive,0.9999986087154455
1271597023905624065,negative,0.27403404469589215
1271597025390362626,negative,0.0013050260720604441
1271597025403043842,negative,1.5100608286708743e-05
1271597025793114112,neutral,0.4079575722285581
1271597027672174592,negative,0.03840564920058137
1271597027718242306,negative,0.2668616026536904
1271597027848343553,negative,1.9007496617215074e-09
1271597027881816066,negative,0.00010338679440685032
1271597028682932224,negative,0.09492797246151588
1271597029693808640,negative,0.10329182763909436
1271597029739945990,negative,0.31112750843044895
1271597031539331072,negative,0.060490407011491755
1271597031975317509,neutral,0.37137062280538924
1271597033984610304,negative,0.009290386897667343
1271597034005544961,negative,0.00020217054938244028
1271597034190102538,negative,0.02219462288414203
1271597034408218625,negative,0.052340999163899074
1271597034424983553,negative,0.00014698153556440456
1271597034701754368,negative,0.05897235857735733
1271597034869608448,positive,0.9856339366098104
1271597035335168000,negative,0.03840564920058137
1271597035565785089,neutral,0.37137062280538924
1271597035934924804,neutral,0.34117024056417766
1271597037885284352,negative,7.500283611284571e-08
1271597038514442242,negative,0.05092036139597094
1271597038808059912,negative,0.015577189604151682
1271597039151964160,negative,0.23699563292537618
1271597040376700929,negative,0.22232271081946509
1271597040477376515,negative,0.15761179410850482
1271597040984821760,negative,0.19502423039687414
1271597042331258880,negative,0.21881907217861465
1271597042477998081,negative,2.247260680282803e-05
1271597042918469639,negative,0.0036838954580570072
1271597043136561154,neutral,0.3381189830050101
1271597043379769345,negative,0.22513179180885018
1271597043962740737,negative,0.018360823191417172
1271597043996377088,negative,1.670534111936906e-05
1271597044696854528,negative,0.30490738131931094
1271597044726194180,negative,9.485337233476039e-11
1271597047037202433,negative,1.8066554511466122e-05
1271597047137939457,negative,0.06996484351570652
1271597047767093250,negative,0.02428248049254861
1271597047829970948,negative,0.0049024829505844945
1271597048115191808,negative,0.003258068197353932
1271597048224194563,negative,3.2396060100922895e-05
1271597048333303808,negative,0.012602357555795463
1271597049050513408,negative,0.0008306347426960146
1271597050912800768,negative,0.03180962742221007
1271597051198025728,negative,0.012017192431571493
1271597051231551488,positive,0.7685322661239289
1271597051248345093,negative,0.3098225945038617
1271597051437072385,neutral,0.3381189830050101
1271597051500023808,negative,0.0006921972032448987
1271597051831296011,neutral,0.33758533303423804
1271597051869122560,negative,0.02020436566221122
1271597051940200448,negative,0.0031380462099212607
1271597052124946432,negative,0.04774693431896745
1271597053005770752,negative,0.00019984109669266473
1271597053123198976,negative,0.002536689033108404
1271597053391618050,negative,0.07841359574196761
1271597054926532608,negative,0.0018872397992757413
1271597055140671488,positive,0.8553276522580865
1271597055450976259,negative,0.006530412676232573
1271597056029843461,neutral,0.3721511770634008
1271597057464250368,negative,0.1842589795015692
1271597057485279232,negative,0.3072473639032057
1271597059036962816,negative,0.0049024829505844945
1271597059100073984,negative,0.08443717298689003
1271597059284615171,negative,1.56260701404286e-05
1271597059871846400,negative,0.21748631973745178
1271597060198891521,negative,0.00019759017990969482
1271597061016862728,negative,0.08002465081650481
1271597063583567872,negative,0.0049024829505844945
1271597064342945795,neutral,0.3448789537043245
1271597064506478593,negative,0.00019894404832740268
1271597065190211584,negative,0.0003426028496726855
1271597065232097280,negative,0.26217184969147367
1271597067874549762,negative,0.06747289616713173
1271597067954089984,negative,0.0034351024886796126
1271597068205858818,neutral,0.6234049249685203
1271597069208346627,negative,0.0049024829505844945
1271597071699763201,negative,0.00019984109669266473
1271597071955644417,negative,0.028077320179604112
1271597072576282624,negative,0.12719066336832538
1271597072756727808,negative,0.0049024829505844945
1271597072966275074,negative,0.019589549336396526
1271597075684225024,negative,0.3263543001439762
1271597076044935168,negative,0.002182692510545239
1271597077924057089,negative,0.021468205824297266
1271597077949120512,negative,0.021468205824297266
1271597077966008322,negative,4.620058260489666e-06
1271597078183948288,negative,0.011893817598066497
1271597078582616064,negative,0.012676502386934916
1271597080109289472,negative,0.0002558508086955222
1271597080386113536,negative,0.2194707560978136
1271597080973324288,negative,0.007782154265010977
1271597080977510400,negative,0.28935631159483627
1271597080994295809,negative,0.01655022480749108
1271597084601470977,neutral,0.4368347878126289
1271597084760825856,negative,0.0049024829505844945
1271597085033463817,neutral,0.46949511137930444
1271597085314482176,negative,0.1154759273975014
1271597085503045632,negative,0.1071498973049837
1271597088745426944,negative,0.07110188137903405
1271597089617829896,negative,0.00012787340083180435
1271597089705820160,negative,0.0049024829505844945
1271597089743667201,negative,0.005894416270567474
1271597091278725122,negative,0.0002592101267348011
1271597093665173504,negative,0.0077485896013571864
1271597093765951490,negative,0.008277070813861528
1271597093979697152,negative,6.898181232754515e-05
1271597094843883520,negative,0.00019990546099042103
1271597095334674432,negative,0.00024121963407464927
1271597097536626691,negative,0.15340886973249093
1271597097620582401,negative,0.0005358077387413497
1271597097847074816,negative,0.0049024829505844945
1271597097968689157,negative,0.04768946748757791
1271597098778210307,negative,0.00031004621056320524
1271597098983665667,negative,0.1460605091437251
1271597101789507584,negative,0.007032605876039598
1271597102896988160,negative,1.69597407704258e-05
1271597103001853953,negative,8.154604400939287e-05
1271597103257513984,negative,0.0025330647445916876
1271597103610048513,negative,0.0066593790253444115
1271597104050262016,negative,0.0049024829505844945
1271597105686228998,negative,0.0049024829505844945
1271597106764099587,negative,1.8066554511466122e-05
1271597107393298432,negative,0.005397308829591935
1271597109528219650,negative,1.8066554511466122e-05
1271597109771452429,negative,0.018720000499947858
1271597109997981696,negative,0.007078588060730655
1271597110077599744,neutral,0.46127768308170247
1271597110388035584,negative,0.0005358077387413497
1271597110446755845,negative,1.7420822590254172e-05
1271597110492684293,negative,0.021631452839518554
1271597110513864706,neutral,0.49789225920557484
1271597111616901120,negative,7.330788089906537e-10
1271597112615190529,negative,0.3159607833159065
1271597113848344576,negative,3.329117540699342e-05
1271597114104168455,positive,0.8283523511928748
1271597114339086339,negative,0.0012836376200269682
1271597114498453512,negative,0.13177356529878992
1271597114557116418,negative,0.1312673271835847
1271597114733314056,positive,0.671337306919619
1271597115576287232,negative,3.072815189691473e-09
1271597118483058691,negative,0.009090666028671647
1271597120034942976,negative,0.0011586017855970815
1271597120563396609,negative,5.5010133475304596e-11
1271597120806694912,negative,0.0002487677856993227
1271597122098520064,negative,0.15797133755319195
1271597122731810816,negative,0.009759481427299883
1271597123428122628,neutral,0.5063531925391163
1271597123985948673,negative,0.00010015157584620417
1271597124334075906,neutral,0.39439463283712184
1271597126452215813,negative,0.0019049449200032925
1271597126523531267,negative,0.05407524571388609
1271597127211323398,neutral,0.3582711781749802
1271597127584616451,negative,0.0005358077387413497
1271597128046071809,negative,0.24223892171369196
1271597128591257600,negative,0.0049024829505844945
1271597128880738307,negative,0.0015456607559429076
1271597128901681153,negative,1.8066554511466122e-05
1271597131384729601,negative,0.11176800224636155
1271597131393048579,negative,0.12413132379758543
1271597131468623877,negative,0.2785928761937945
1271597131946692608,negative,0.07502432135491939
1271597131980312577,negative,0.07481806293871453
1271597132047437825,negative,3.2239438111463444e-06
1271597132286513152,neutral,0.5017543432377519
1271597132420648960,negative,0.00011341912160628809
1271597132605251585,positive,0.9615673433593547
1271597133028884485,negative,0.0005358077387413497
1271597134521995271,negative,0.004259003949781236
1271597135096623105,negative,0.0021497282238347225
1271597135838932992,negative,0.001842031509920941
1271597135855620096,neutral,0.482957860389373
1271597135889346560,negative,0.19502423039687414
1271597136233279490,negative,1.69597407704258e-05
1271597136673726464,negative,0.19924588785877054
1271597137206403072,negative,0.02374125613834837
1271597137252552704,negative,0.010736756255815412
1271597139051851779,negative,1.8066554511466122e-05
1271597139135795202,negative,0.0008996856659049128
1271597139445997569,negative,7.943383614756902e-06
1271597139618037762,negative,0.023352538805519553
1271597140171722754,negative,0.00021955854910191827
1271597140322799616,negative,0.14097467724810112
1271597141186744320,positive,0.8007266922775306
1271597142872899585,negative,0.2828136932208214
1271597143841701890,negative,0.002181548399688642
1271597144105824256,negative,0.1007990501162533
1271597144231854082,neutral,0.3381189830050101
1271597145221672960,negative,0.007599598437030047
1271597145330679810,negative,0.22055665962303347
1271597145880231937,negative,0.06564596465250401
1271597148166074369,negative,0.05011346778930939
1271597149118173185,negative,0.011013279854401599
1271597149407641601,negative,4.249637215480449e-05
1271597152066813954,negative,0.0013391425022452087
1271597152678998016,negative,0.0050434863163520425
1271597155422257152,neutral,0.5844660558927414
1271597156416266240,negative,0.24190043021159235
1271597156772777984,negative,6.547150004312279e-07
1271597156907040772,negative,0.00021619943778187543
1271597156990947330,negative,9.582735492404071e-12
1271597157397729281,negative,0.005894416270567474
1271597157741735936,negative,0.0054193948841475045
1271597157817212928,negative,0.02428248049254861
1271597158274195456,neutral,0.5389672674324683
1271597158580486144,negative,0.01654128583119976
1271597158773346304,negative,0.04687070077968603
1271597159805222917,negative,0.05817995923428874
1271597160023367680,negative,0.0049024829505844945
1271597160681934851,negative,0.11190045547746601
1271597160765755395,negative,6.982249707014792e-05
1271597160870686721,negative,0.005894416270567474
1271597160933601281,negative,0.20695132830432936
1271597162011463681,negative,0.018358367989957432
1271597162049175558,negative,0.2769469428299734
1271597162229641219,negative,0.28112816092110127
1271597162334498818,negative,1.5804032492840705e-06
1271597163970256898,negative,0.00019984109669266473
1271597163970269198,negative,0.005364431360635184
1271597164607741952,negative,0.0006212642497341478
1271597164930744320,negative,3.55355186306911e-05
1271597164997812226,negative,0.0049024829505844945
1271597166608486401,negative,0.0021497282238347225
1271597168114229248,negative,0.005894416270567474
1271597168302985217,negative,0.020542730230748752
1271597168336478208,negative,0.00019984109669266473
1271597168982294529,negative,0.007012448520741336
1271597169452167171,negative,0.04522832744869091
1271597169716453378,negative,0.19502423039687414
1271597169787703299,negative,0.0012863878462814607
1271597172404953089,negative,0.005894416270567474
1271597173000540162,negative,0.2118881277122706
1271597173143191562,negative,0.01655022480749108
1271597173638119426,negative,0.32620683154629054
1271597173692661761,positive,0.8770595037839471
1271597176796438528,negative,0.00011341912160628809
1271597177299763201,negative,0.3194594848544355
1271597177425596421,negative,1.7735730252925296e-08
1271597177576587264,neutral,0.3734886429250822
1271597177983270913,neutral,0.52589880289608
1271597178738393093,neutral,0.367226555021522
1271597180709527553,negative,0.0049024829505844945
1271597181955272707,negative,0.01193331351902763
1271597182051913729,negative,0.01719004681774222
1271597182244667396,negative,0.0049024829505844945
1271597182605541377,negative,0.0323542716549816
1271597182873939969,negative,0.00010388548092725594
1271597183272464392,negative,0.023758272987789788
1271597184669057024,negative,0.0029098815853375905
1271597185457623041,negative,0.011144144601836133
1271597185675792385,negative,0.002014998529721484
1271597185675808768,negative,0.0005657352417406546
1271597185692512258,positive,0.9949416062304002
1271597185696661504,negative,0.08322768738511874
1271597185835118595,neutral,0.4110455747642849
1271597186191671296,neutral,0.3381189830050101
1271597186225180677,negative,0.060490407011491755
1271597186682425344,negative,0.03460441372915606
1271597187072495616,neutral,0.56806031309156
1271597187852623874,negative,0.02219462288414203
1271597189152768000,negative,0.03695208748753567
1271597189538680835,negative,0.01655022480749108
1271597190096408576,negative,0.21618983523893978
1271597190234824704,negative,0.09691370112467167
1271597190524407808,negative,0.03772461755890129
1271597191019315200,negative,2.5144893589907698e-05
1271597191140950017,neutral,0.40291665692815964
1271597191220670469,negative,0.13574703626398354
1271597191493083137,neutral,0.37137062280538924
1271597193456226304,negative,0.0076220226614507666
1271597193728864257,neutral,0.49789225920557484
1271597193732993025,neutral,0.439589607984053
1271597194190045184,neutral,0.37137062280538924
1271597194295087104,negative,0.026594391015495343
1271597194617839616,negative,0.005118699910840289
1271597194978746369,neutral,0.3381189830050101
1271597195154853888,negative,0.00019984109669266473
1271597195356188673,negative,1.8066554511466122e-05
1271597195523813378,negative,0.0049024829505844945
1271597197709238275,negative,0.12960920261254316
1271597197755367424,negative,3.835387940175317e-10
1271597197818245126,negative,0.00669145451945885
1271597197889593350,negative,9.056402436768735e-06
1271597198246060033,negative,3.650946004286405e-08
1271597198363561984,negative,0.04562061928354278
1271597198766223361,negative,0.16238354240856034
1271597199378399233,positive,0.9294836261200626
1271597200225771520,negative,1.56260701404286e-05
1271597200292765696,negative,0.0049024829505844945
1271597201823694854,negative,5.695857302171394e-06
1271597201882578946,negative,0.0012863878462814607
1271597201895165954,negative,0.0052481037657638166
1271597202834706433,negative,0.0008257204632748396
1271597202914381825,negative,0.2889782600489871
1271597203140874244,negative,0.02734764205970332
1271597203312635904,negative,0.016254507145186427
1271597203698614274,negative,0.044547658249550245
1271597206022221824,negative,0.0010033410433637482
1271597206466891776,neutral,0.35451443008515343
1271597206760353793,negative,0.00021202076490612384
1271597206945042438,negative,1.8066554511466122e-05
1271597208018792448,negative,0.0021184486551844408
1271597210086576128,negative,0.012422079841100655
1271597210283782144,negative,0.0013876501219581817
1271597210900316161,neutral,0.4898631585877994
1271597211785277447,negative,0.0658451321945878
1271597212947136514,negative,0.00021877989414452955
1271597213123305473,negative,0.006759802676185766
1271597214339604481,negative,0.19502423039687414
1271597215513968641,neutral,0.49789225920557484
1271597216143233024,negative,0.0020650605683677882
1271597216428363777,negative,0.0049024829505844945
1271597216512315394,positive,0.7842586057601225
1271597216575246338,negative,0.10077527577770971
1271597216814321665,negative,0.020443019339686352
1271597218450022400,negative,1.5056355775226714e-05
1271597218907201537,negative,0.021468205824297266
1271597219385430017,negative,1.8066554511466122e-05
1271597219779657728,neutral,0.4936866310980551
1271597221235040256,negative,0.08918577067810494
1271597222673747970,negative,1.8066554511466122e-05
1271597222740795392,negative,0.003527603887625049
1271597222795362304,neutral,0.34117024056417766
1271597223307104256,negative,0.16675725443878675
1271597225567813632,negative,0.05368241837099004
1271597227513909250,negative,7.068318948227815e-05
1271597227727716352,negative,0.0003495167594397269
1271597227765612544,negative,0.020520501063469997
1271597228172480514,negative,0.07576476733212008
1271597228403167238,negative,0.07638420358625374
1271597228596121603,negative,0.018943867753709574
1271597228675694593,negative,0.18871156336818104
1271597230974107648,negative,5.357264818884434e-07
1271597231334985729,negative,0.12224337769671394
1271597231716655105,negative,2.3267836078562234e-05
1271597231892815874,neutral,0.3381189830050101
1271597232131837958,negative,0.0049024829505844945
1271597232136093697,negative,0.01879425341181135
1271597232215769090,negative,0.0009028042954317648
1271597235235467264,negative,0.08020016585878181
1271597235864834048,negative,7.74922320133616e-07
1271597236556910592,negative,0.00030535932372057666
1271597237123059712,neutral,0.37137062280538924
1271597237383069697,negative,0.00019984109669266473
1271597238112980994,neutral,0.3381189830050101
1271597238154862594,negative,6.113368402411272e-06
1271597238205235200,neutral,0.3986628840651304
1271597239782211584,neutral,0.46364466503952073
1271597239866208256,negative,0.03695208748753567
1271597239895539713,negative,0.28112816092110127
1271597239962648579,negative,0.0018903419073713964
1271597240088395777,negative,0.0002558508086955222
1271597240092635138,negative,0.00023210368265778503
1271597240105271296,negative,0.00027539081604178767
1271597240138772481,negative,0.003838393335864727
1271597241262891008,negative,0.00019984109669266473
1271597241741053953,negative,0.04283844340723604
1271597241766236161,negative,2.337078617904393e-10
1271597244765155335,negative,0.010037514670625025
1271597244974870528,negative,0.28689202034227634
1271597245272555521,negative,0.05368241837099004
1271597245301850112,negative,0.027532586259180133
1271597245377339392,negative,0.19502423039687414
1271597245507330049,negative,0.0049024829505844945
1271597245507518466,negative,0.011703220097117726
1271597245620727818,negative,0.0510672148070735
1271597248204337152,negative,0.19552563706121598
1271597249856929792,negative,0.3101422954791652
1271597249932529665,negative,0.06756897342989703
1271597250158792705,negative,0.0049024829505844945
1271597252511858688,negative,0.0016705073839319395
1271597253375950849,negative,0.20856957026903136
1271597253418004481,negative,0.002395107361095619
1271597253476614148,positive,0.6655241725032296
1271597253707300864,neutral,0.6387765042918215
1271597254038761472,negative,0.3040949491800166
1271597254634287109,negative,0.0002558508086955222
1271597256194560000,negative,0.014106565583089386
1271597256576135169,negative,0.3248410612445367
1271597256756678658,negative,0.00026706758266826873
1271597256853065729,negative,0.002014998529721484
1271597257440313346,negative,4.360954589458775e-08
1271597258136522752,negative,0.0023170344461177867
1271597258279092225,negative,0.0017366970933009214
1271597258346246144,neutral,0.5277759842869705
1271597258631512064,negative,0.001842031509920941
1271597260607012866,negative,0.007032605876039598
1271597261080977408,negative,3.703965734146081e-08
1271597261135413248,negative,0.29761571709333384
1271597261173198860,negative,0.07841359574196761
1271597261286449154,negative,0.0005358077387413497
1271597261886230528,negative,0.05610309040052827
1271597262209253376,negative,0.18910917932904392
1271597262943277056,negative,7.713656139348282e-05
1271597264658710533,negative,1.8704153172303646e-08
1271597264834908160,negative,0.00012358293547957858
1271597265837162496,negative,0.15430128796021425
1271597266109857794,negative,0.060490407011491755
1271597266264965122,negative,3.6826143228758263e-06
1271597266466492418,negative,0.03180962742221007
1271597266617450497,negative,0.09789928535029414
1271597268660097024,negative,0.005014943087364652
1271597268685271043,negative,0.000350184296548028
1271597269033369605,negative,0.2654769106322947
1271597269272473600,negative,0.0011740501178692958
1271597269473730562,negative,0.2872073651215275
1271597269595406336,negative,0.30039663384253573
1271597269717069824,neutral,0.3591794851886408
1271597269771603969,negative,0.0022230930662272995
1271597271046635521,neutral,0.38407986312158976
1271597271172427779,negative,1.7829055190241786e-12
1271597271197548544,negative,0.001842031509920941
1271597271206055936,negative,0.0003045430508410443
1271597271294107650,negative,0.00022914088582834575
1271597273374494723,negative,0.006339330812110874
1271597274188197889,negative,0.0709891803692332
1271597276004311041,negative,0.0051620907105118
1271597278323712000,negative,0.016136195683597743
1271597278709592064,negative,0.0005000728954740911
1271597279397449728,negative,3.1331698647888764e-05
1271597281263988737,negative,0.0008854662102947824
1271597283818307590,negative,0.024971085989237807
1271597283881123841,negative,0.061405146537753794
1271597285944721409,negative,4.2879259278844764e-08
1271597286569709568,neutral,0.437369725752128
1271597286846615552,negative,1.858430522996556e-11
1271597289845460994,negative,0.1307986580540407
1271597289933549569,negative,0.005523112839846145
1271597290323664909,neutral,0.5136811040170205
1271597290994663424,negative,0.0049024829505844945
1271597291154083846,negative,0.023758272987789788
1271597291200225282,neutral,0.437369725752128
1271597291250614272,negative,0.2398886060325194
1271597291942621185,negative,0.03670255851540621
1271597294589300737,negative,0.012676502386934916
1271597294941540352,negative,0.1674560699849472
1271597295117783040,negative,0.008508604198035207
1271597296027930624,negative,9.79469128605362e-07
1271597296057225216,negative,0.21615105709619886
1271597296476618753,negative,0.00014461931622811454
1271597297986686976,positive,0.8345914029719458
1271597298338889732,negative,7.621652742925078e-05
1271597299240775680,negative,0.0049024829505844945
1271597299911626752,negative,0.001884030804257254
1271597300108886017,negative,0.005014943087364652
1271597302545887233,negative,0.013359657224977662
1271597302633959426,negative,0.27403404469589215
1271597303833427968,neutral,0.5706530733163441
1271597304022212608,negative,0.0025023475565534373
1271597304378724353,negative,0.0005358077387413497
1271597304907259905,negative,1.6255498757368133e-07
1271597306899546122,negative,0.0002558508086955222
1271597307612536833,negative,0.0004693906430496499
1271597308304666625,negative,1.8066554511466122e-05
1271597309005103110,negative,0.00016823968684374503
1271597311064489985,negative,0.01029030768899019
1271597311815229441,negative,0.0001249708862242266
1271597312306012160,neutral,0.4763047715914038
1271597312356356102,negative,0.009272739832239805
1271597312452841474,negative,0.09288522946839645
1271597312880435200,negative,0.0049024829505844945
1271597313069375488,negative,0.0002558508086955222
1271597313920774146,negative,0.17680443047972894
1271597315174916102,negative,0.009272739832239805
1271597315602681858,negative,0.0005326165327446038
1271597316894601216,negative,0.004282656896085132
1271597317448241152,negative,0.24531216546523807
1271597317536149504,negative,1.8066554511466122e-05
1271597320287719425,negative,0.23665265610105485
1271597320350687234,negative,0.2654769106322947
1271597320543428608,neutral,0.34117024056417766
1271597320753369089,neutral,0.44654025683665294
1271597320786804743,negative,0.00016628924848785266
1271597321160216576,negative,0.026102557911560516
1271597321302745089,negative,0.0049024829505844945
1271597323525685251,negative,4.96021353333091e-09
1271597324050063361,neutral,0.3381189830050101
1271597324205207552,negative,2.024809105924905e-09
1271597324289138694,negative,0.0007664710949158403
1271597324293136384,negative,0.07481806293871453
1271597324825956352,negative,0.18915359732834358
1271597324951859200,neutral,0.5587711379458721
1271597325132021760,negative,0.19481480883020275
1271597325488701443,positive,0.8496322213967735
1271597325618642945,negative,0.25511400585819355
1271597326478565376,negative,0.0026824166798156334
1271597327569076224,negative,0.0012918044139178383
1271597328043053057,negative,0.0049024829505844945
1271597328059809792,negative,0.032326456834016526
1271597328655355904,negative,0.018231076434766017
1271597329603104768,negative,0.12239827232910852
1271597329737539585,negative,0.1154759273975014
1271597329880158218,negative,0.0049024829505844945
1271597330098204672,negative,0.000949534802169685
1271597331906015234,negative,4.482972286831164e-06
1271597332014956545,negative,0.005889336763460876
1271597332279300096,neutral,0.34117024056417766
1271597332413460483,negative,0.14285800135072432
1271597332530900993,negative,0.07762784543750909
1271597332908384256,negative,0.28942909895720287
1271597333038448640,negative,0.18108766465601922
1271597338264391680,negative,1.67824124727267e-05
1271597338599895040,negative,0.0049024829505844945
1271597338604134400,negative,1.56260701404286e-05
1271597341196333056,negative,0.007032605876039598
1271597341477425154,negative,0.08338040839893043
1271597341770829824,negative,0.27355552905410546
1271597342005833728,negative,0.2013198904030459
1271597342198808576,negative,0.0049024829505844945
1271597344534827008,negative,0.24190043021159235
1271597346170769410,negative,0.03805197334087957
1271597346430898176,negative,0.0049024829505844945
1271597348259606529,negative,6.529321698394508e-15
1271597348498673675,negative,0.1646498874398298
1271597348565762051,neutral,0.3381189830050101
1271597349341708289,negative,0.0005358077387413497
1271597350390312960,negative,0.01298509591667729
1271597350591619073,negative,0.02374125613834837
1271597353632436230,negative,0.02165465629597043
1271597354181898245,negative,0.0013327655293858542
1271597355276603393,neutral,0.5271830635860538
1271597357549916162,neutral,0.5953139771580094
1271597358313332744,negative,0.2889782600489871
1271597358552211456,negative,0.004732199758054552
1271597358732709888,negative,0.0834735359685559
1271597359085076481,negative,0.020317130529569682
1271597359126978560,negative,0.10092659457126421
1271597359173173251,negative,0.3040949491800166
1271597361886871556,negative,0.04102884153564884
1271597362201399302,negative,0.1493684891649318
1271597362226528259,negative,0.0005358077387413497
1271597362377621505,neutral,0.5734576952979002
1271597362386030593,negative,0.13246148862232782
1271597363019292674,negative,0.13971399525614192
1271597363250028549,neutral,0.3709491165362941
1271597363375886336,negative,0.06384464508862175
1271597363740712962,negative,0.0005629299174020448
1271597363849764864,neutral,0.5715314424006551
1271597365024174080,neutral,0.5787080553529766
1271597365506555904,neutral,0.3472243234242089
1271597365519097856,negative,0.0036656626550695087
1271597365926014976,neutral,0.5873905138144799
1271597366647427072,neutral,0.3700470077758199
1271597367003877376,negative,9.840111243013009e-05
1271597367146491904,negative,0.0012359037580937722
1271597367771435011,positive,0.9556858708304484
1271597369755402241,negative,0.053728919940624835
1271597369948332032,negative,6.113368402411272e-06
1271597370321633280,negative,0.28112816092110127
1271597370543935488,negative,0.0005351132759893319
1271597370657116167,neutral,0.3381189830050101
1271597370720096256,positive,0.6638944989373795
1271597370871078912,negative,0.07852191302929323
1271597371013713922,negative,0.00029729788915849783
1271597371470811138,neutral,0.6594073068999112
1271597371525230592,negative,0.0005000728954740911
1271597371919663105,negative,0.001842031509920941
1271597371961626626,negative,0.005364431360635184
1271597373593128960,negative,0.05368241837099004
1271597374163599362,negative,0.3040949491800166
1271597375124058112,neutral,0.3385252644667176
1271597375199621120,negative,0.2178596778379981
1271597375245529088,negative,0.00027585667296755586
1271597375333625856,negative,0.05368241837099004
1271597375333765122,negative,0.02726162813814235
1271597375434473473,negative,0.0070037235772165045
1271597375639953408,negative,0.13334936745539228
1271597375765741569,negative,0.28112816092110127
1271597375879086085,negative,0.005442591338877343
1271597376021512193,negative,0.00032588143824506196
1271597376382423040,negative,0.022239639193932088
1271597378022395904,negative,0.0002833791535977362
1271597378219409408,negative,0.019929349249520303
1271597378659901441,negative,0.015963265548405076
1271597378714419200,negative,0.021468205824297266
1271597378848673794,negative,0.020384004621459628
1271597379817484293,neutral,0.468841059910571
1271597380069142530,negative,0.08343887924363161
1271597381998374915,negative,1.8066554511466122e-05
1271597381998395392,negative,0.003739316126521262
1271597382409637890,negative,0.0010613982296662817
1271597382954815491,negative,0.005894416270567474
1271597383034470400,negative,0.00019984109669266473
1271597383248416769,negative,0.02981061939976046
1271597383541874688,negative,0.08657935643817384
1271597383730765831,negative,1.521227807961675e-05
1271597385324658688,negative,0.09789928535029414
1271597386536714240,negative,0.0003164669011711477
1271597386855522305,negative,1.1681188238227523e-05
1271597387052650496,negative,0.023758272987789788
1271597387296002050,negative,0.0034483219390338015
1271597387493126144,neutral,0.33758533303423804
1271597388289970176,negative,8.887355458009728e-10
1271597388776394752,negative,0.011144144601836133
1271597389493796864,negative,0.20116673004557026
1271597390458429441,negative,0.0001999247875994402
1271597391188295680,negative,1.723754432908991e-05
1271597391389569025,negative,0.003564012577123337
1271597392127766529,negative,0.22513179180885018
1271597392836452352,negative,0.0010464338336184185
1271597392882798592,neutral,0.3499352441185855
1271597393008627713,negative,0.029491770679554028
1271597393235107840,negative,0.10329182763909436
1271597393310597120,negative,2.987944245261539e-06
1271597394686283776,negative,0.26812582956602965
1271597394766028802,neutral,0.44654025683665294
1271597395260964864,negative,0.05610309040052827
1271597395734921216,negative,0.10139065261700302
1271597396498186241,negative,1.0949903094900465e-06
1271597396909228032,negative,0.04444805491636417
1271597397030973441,negative,0.023881704366282723
1271597397186052096,negative,0.308199125160694
1271597398893232128,negative,0.05773950100514704
1271597399056801792,neutral,0.3637556176066104
1271597399681761281,negative,0.01879425341181135
1271597400218574848,neutral,0.437369725752128
1271597400797466624,negative,0.011571710306983514
1271597401569189889,positive,0.9464350874993387
1271597402059878401,negative,1.56260701404286e-05
1271597403725090816,negative,5.284038333528204e-06
1271597403737636864,neutral,0.33941070920057254
1271597404471603206,negative,1.1521101936796828e-05
1271597405167923203,negative,0.0832616067651975
1271597405272670209,negative,0.005364431360635184
1271597407374057472,negative,0.0049024829505844945
1271597407776768001,negative,0.0390817985290447
1271597408246362112,negative,0.001842031509920941
1271597408993099780,negative,3.7034859671236203e-07
1271597409165066242,negative,2.491544859377972e-07
1271597412960829442,negative,0.04251423792646359
1271597412986097670,negative,0.0023761115032911438
1271597413426434054,negative,0.3194594848544355
1271597413707460609,neutral,0.6313169041010963
1271597414248579072,negative,0.0003495167594397269
1271597415812993026,negative,0.012379279828863955
1271597415884357633,negative,0.00012358293547957858
1271597416559632384,negative,0.000942676368389581
1271597417025191937,neutral,0.553802389001294
1271597417499168771,negative,0.05773950100514704
1271597418056953956,negative,1.69597407704258e-05
1271597418069491713,neutral,0.4344075251090152
1271597418249945090,negative,0.041894793809486804
1271597419734564864,negative,1.67824124727267e-05
1271597420011499521,neutral,0.4201621888408893
1271597420200243202,neutral,0.49789225920557484
1271597420393226242,negative,0.0003145625250268503
1271597421357916161,negative,0.01305592677996788
1271597421701799936,neutral,0.35451443008515343
1271597422016331776,negative,0.014461682671751517
1271597422393856001,negative,0.11262630814159728
1271597424113582080,negative,0.28112816092110127
1271597424230969344,negative,0.3061668343924319
1271597424428056576,negative,3.885234526894956e-11
1271597424700784642,negative,0.1842589795015692
1271597425774465027,negative,0.19275947931166176
1271597425917116427,negative,0.00011829729665023814
1271597426021822465,negative,0.0049024829505844945
1271597426734968833,negative,0.0049024829505844945
1271597427221544960,positive,0.9999986087154455
1271597428286861312,negative,0.1735162678381825
1271597428928663553,neutral,0.3709491165362941
1271597429272567809,negative,0.03180962742221007
1271597431029989377,negative,0.0956229343008981
1271597431478722560,negative,0.23351682793104936
1271597432317587456,negative,0.0006353161916108383
1271597432372150282,negative,0.002868310586883425
1271597432753860608,negative,0.05470356307280094
1271597432934195201,negative,0.0049024829505844945
1271597433382895621,positive,0.9992939714076631
1271597433622089734,negative,0.0049024829505844945
1271597433638838272,negative,0.08264495303676439
1271597433730949121,negative,0.0010033410433637482
1271597433995304962,negative,0.005894416270567474
1271597436864258048,neutral,0.437369725752128
1271597437061263360,negative,0.19552563706121598
1271597437426245633,negative,0.005888621494468114
1271597437887696896,neutral,0.49789225920557484
1271597438042877953,negative,0.17908651147739374
1271597438185455616,negative,0.26690173662491395
1271597438202195968,negative,0.19502423039687414
1271597440123232257,negative,0.19552563706121598
1271597440840486913,negative,0.2694590784143263
1271597440903282690,negative,0.0026035279748573992
1271597442010681344,negative,0.00027585667296755586
1271597442417467392,positive,0.6898324620387422
1271597442711064577,negative,0.03892518627215469
1271597443109421057,negative,0.0031264394675951106
1271597443382116352,negative,0.0002709706061123622
1271597446024568832,neutral,0.3715623070292299
1271597446666346497,negative,3.432713154806088e-05
1271597446947319815,negative,0.00019984109669266473
1271597447039660032,negative,0.007032605876039598
1271597447182200832,negative,0.24590223890549445
1271597447358316544,negative,0.005894416270567474
1271597447475859456,negative,0.01241864848354134
1271597447589101569,negative,9.11530616152658e-07
1271597449292009473,negative,0.0077562207770218855
1271597449501704194,negative,1.5804032492840705e-06
1271597449791049729,negative,0.04251423792646359
1271597450135048192,neutral,0.3709491165362941
1271597450214735875,negative,0.07892996969126422
1271597450340585473,negative,0.0049024829505844945
1271597450663301120,negative,0.028648481905529474
1271597450780913665,negative,0.02726162813814235
1271597451997253633,negative,0.00014028490818830523
1271597452030861318,neutral,0.35451443008515343
1271597454555844610,negative,0.10806371188606315
1271597455101046784,negative,0.08020016585878181
1271597455952486402,negative,0.27403404469589215
1271597456141291520,negative,0.04804083836320755
1271597457865166848,negative,5.916457032034594e-06
1271597457873518592,negative,1.0327108141549212e-05
1271597457936461827,negative,0.042756460493535355
1271597458015977473,negative,0.0049024829505844945
1271597458355781633,negative,0.005795551796050634
1271597458473304064,negative,0.013215736956266502
1271597458716573698,negative,0.28112816092110127
1271597459605721091,negative,0.1338504058156824
1271597459995844618,negative,0.005062958595117048
1271597460155183104,negative,0.11572948827861469
1271597460444647424,negative,0.0319832305431049
1271597460637581315,negative,0.05610309040052827
1271597460813725697,neutral,0.4264188971709622
1271597462491467778,negative,2.5144893589907698e-05
1271597462688600064,negative,0.05773950100514704
1271597463493685248,negative,0.11842622087500922
1271597463615557632,negative,0.008573513219027612
1271597463682547713,negative,0.3040949491800166
1271597463963676674,neutral,0.4420606323680076
1271597464278249473,negative,0.0011943712266045462
1271597464437563392,negative,0.0007897100918686324
1271597464576032769,negative,0.0002833791535977362
1271597464601198592,neutral,0.3592150091785483
1271597465884647424,neutral,0.3381189830050101
1271597466010468352,negative,0.00019984109669266473
1271597466303987712,neutral,0.3709491165362941
1271597467084238849,negative,0.1473503139992122
1271597468350910465,negative,0.009969647021021258
1271597468690636802,negative,1.8066554511466122e-05
1271597468887789568,negative,0.00010338679440685032
1271597470062120962,negative,0.0005358077387413497
1271597470099877889,neutral,0.35451443008515343
1271597470448070657,negative,0.05610309040052827
1271597470548623360,negative,5.56926487345427e-08
1271597470905184257,neutral,0.49789225920557484
1271597471484051456,negative,0.0006574392240650074
1271597471546908672,negative,0.0049024829505844945
1271597471664406528,neutral,0.5510148723338795
1271597472067006465,neutral,0.35208829244055057
1271597472289349638,negative,0.0049024829505844945
1271597472767508480,negative,0.013262191930079568
1271597473069334528,negative,0.19502423039687414
1271597477217665024,negative,0.00798617966158689
1271597478555660291,negative,0.06747117323123324
1271597478765301760,negative,5.5750653860419266e-05
1271597478874398722,neutral,0.3381189830050101
1271597479167918084,negative,0.046831113160658196
1271597479486722049,negative,0.31820487300311295
1271597480044572672,negative,0.021995609071963417
1271597480929406977,negative,0.0049024829505844945
1271597482867392521,negative,0.3061668343924319
1271597483806916610,negative,0.2824876424311173
1271597485769842689,neutral,0.3381189830050101
1271597487246245890,negative,1.8066554511466122e-05
1271597487774728196,negative,0.008349962609438969
1271597488827490305,positive,0.6812882083553091
1271597489196535809,negative,0.01204042266262091
1271597491557826560,negative,0.005934072506219557
1271597492287741959,neutral,0.437369725752128
1271597492367437825,neutral,0.37137062280538924
1271597493118210048,negative,0.0005220482742108356
1271597494116298752,negative,0.0049024829505844945
1271597495307599872,negative,0.0048031083353694045
1271597498264506368,negative,1.8066554511466122e-05
1271597499598475265,negative,0.04967827728110379
1271597499795595264,negative,0.0030030971160213077
1271597500546387968,negative,0.08002465081650481
1271597500881940482,neutral,0.42507619662732005
1271597500919660549,negative,0.0049024829505844945
1271597501007761413,negative,1.8066554511466122e-05
1271597501112606720,negative,1.8066554511466122e-05
1271597501196443648,negative,0.0005351132759893319
1271597501720780801,negative,0.0006946191283701272
1271597501817249797,negative,0.27870076968950747
1271597504593887232,negative,0.12445980479316791
1271597505151631360,negative,0.28112816092110127
1271597505617301511,negative,0.32620683154629054
1271597508335149056,negative,0.02228440203591851
1271597508523745280,negative,4.207073815939579e-06
1271597509362749446,negative,1.7420822590254172e-05
1271597510985834496,negative,0.01655022480749108
1271597512504283137,neutral,0.3381189830050101
1271597514303639553,negative,7.052936418068553e-08
1271597516275027971,negative,0.1638173718807725
1271597516686069760,neutral,0.49789225920557484
1271597517315203072,neutral,0.5533970533999424
1271597517382266882,negative,0.026615173795510632
1271597517403230209,neutral,0.6234049249685203
1271597517872992256,negative,0.26123670052509024
1271597518359597064,negative,0.12470830858519744
1271597518623846402,negative,0.10556633578202176
1271597521085792256,negative,6.7188446338305775e-09
1271597521526284292,negative,0.0001400531661575022
1271597522151067648,negative,0.19502423039687414
1271597522524483587,negative,0.008988574458257629
1271597522654552065,negative,0.0019049449200032925
1271597524621680643,neutral,0.36016203400974833
1271597525628313600,negative,0.30051654815652545
1271597525879808000,negative,0.12263504796911073
1271597526068727808,negative,6.547150004312279e-07
1271597526408482816,negative,0.0004014795234387864
1271597526442020867,negative,4.4922309101333526e-05
1271597526492340232,negative,0.002508670682122424
1271597527310176259,negative,0.030645807019272293
1271597527557644290,neutral,0.33677065988963156
1271597529038282753,negative,0.2824876424311173
1271597529621237760,positive,0.671337306919619
1271597530392883202,negative,0.028648481905529474
1271597530791411712,negative,0.005894416270567474
1271597533131931648,negative,0.2468383466097165
1271597533354221568,positive,0.7179535407903761
1271597535187124233,negative,0.008573513219027612
1271597535292018690,negative,0.055729676515545584
1271597536038588416,negative,0.01655022480749108
1271597537242173440,negative,0.3061668343924319
1271597537519185921,negative,0.0024968577181432848
1271597537825378306,negative,0.16818843477961168
1271597537896644612,negative,0.0002141588769271856
1271597538236235776,negative,0.0034351024886796126
1271597541382127617,neutral,0.3381189830050101
1271597543592325120,negative,0.0049024829505844945
1271597545995800578,negative,0.01596698167875801
1271597546008436738,negative,0.0005351132759893319
1271597546255908864,neutral,0.49789225920557484
1271597546323021827,negative,0.00016628924848785266
1271597546339622913,neutral,0.36016203400974833
1271597546578890755,negative,0.047336129963389956
1271597547275128833,negative,0.008449646076124384
1271597547321282561,negative,0.052220964254882776
1271597547325460482,negative,6.898181232754515e-05
1271597547493220353,negative,0.00026891859107554424
1271597547509948423,neutral,0.4737554465528978
1271597547774251010,negative,0.0006932290451094381
1271597547900067842,neutral,0.3883998902985792
1271597548449468416,negative,0.18693584956905138
1271597550756417537,negative,0.00016628924848785266
1271597551104516106,negative,3.837768999389445e-05
1271597551393832961,negative,9.794436159894299e-05
1271597551532363778,negative,0.006433355913512592
1271597552291454982,negative,0.17397594647963455
1271597553918697472,negative,0.05240948484937171
1271597555592441856,negative,0.24131342214011625
1271597555915403265,negative,0.0011943712266045462
1271597556234100737,negative,4.176419198514627e-16
1271597556288622592,negative,0.13093800100297764
1271597556666183681,negative,0.0019660331236129296
1271597558633304064,negative,0.011703220097117726
1271597559245606912,neutral,0.3381189830050101
1271597560432668676,neutral,0.34117024056417766
1271597560675946497,negative,8.887355458009728e-10
1271597560709419008,neutral,0.3381189830050101
1271597562215235584,negative,0.002190482267375639
1271597563171549184,negative,0.0029824586995290856
1271597563515482112,neutral,0.4097360213275736
1271597565239328768,neutral,0.4507454498615163
1271597566350819329,negative,0.14591853175572
1271597566724050945,negative,0.17553924241747834
1271597567898537984,negative,0.3047417248466973
1271597567948795904,negative,7.236773637704521e-08
1271597568477343745,negative,0.23418552465660986
1271597569009950722,negative,0.3248410612445367
1271597569060241409,negative,0.14983292823967956
1271597569454608384,negative,3.262796994869556e-05
1271597569513271296,negative,0.018488602296359454
1271597569551085574,negative,0.0005351132759893319
1271597570125692929,negative,0.005820665306411165
1271597571178364928,negative,0.01654128583119976
1271597571702743042,negative,0.31105702646256256
1271597571715280897,negative,0.020985670651917962
1271597572138958848,negative,0.03670255851540621
1271597572403183616,negative,7.18602896668127e-08
1271597572671655936,negative,0.024044131973507476
1271597573015580673,negative,0.15797133755319195
1271597575007854592,negative,0.08818161423987897
1271597575381155840,negative,6.695704762463181e-07
1271597575628566532,negative,1.56260701404286e-05
1271597576098365440,negative,0.26217184969147367
1271597576173879296,negative,0.1735162678381825
1271597576480010241,negative,6.470679389035085e-05
1271597577050501120,negative,0.0012308028520531967
1271597577788698624,negative,1.3980158937042928e-07
1271597578258448384,negative,0.00019984109669266473
1271597578459758593,negative,0.00019984109669266473
1271597579420254210,negative,0.00014350272263410614
1271597579692843013,negative,0.01163510314723742
1271597579789381633,negative,0.007954934633077601
1271597580330336257,negative,0.22953567376209147
1271597580351348738,negative,0.00019984109669266473
1271597580489646080,negative,1.8066554511466122e-05
1271597580791820289,negative,0.025152324668022856
1271597580821151748,neutral,0.33402218903110614
1271597580879888389,negative,0.00026808485213618196
1271597581383217155,neutral,0.37979392754278357
1271597581706104837,negative,0.001842031509920941
1271597583408848897,negative,0.08002465081650481
1271597584025559041,negative,0.008778800245086963
1271597584138866690,negative,0.00029849416982863483
1271597584440864769,negative,0.13855093391958218
1271597584554041345,neutral,0.3309396156743266
1271597584583360513,neutral,0.35451443008515343
1271597584793157634,neutral,0.3381189830050101
1271597584814129152,negative,0.012447427632221408
1271597585397096448,negative,0.00019984109669266473
1271597585653010432,negative,0.04886225666901804
1271597585896296463,negative,0.05773950100514704
1271597587561414656,neutral,0.49114048206328076
1271597587611746305,neutral,0.437369725752128
1271597587896963072,positive,0.9633894245446962
1271597587909545987,negative,0.0875294667945961
1271597588341538822,negative,0.009759957374780099
1271597588341559296,negative,0.03180962742221007
1271597588635160577,negative,0.07645284187388722
1271597589004255232,negative,0.118150575294632
1271597592208605185,negative,0.0031973172051447687
1271597592716218371,negative,0.014003679901616287
1271597593349496843,neutral,0.33792029946871827
1271597593353613313,negative,0.19420172675451114
1271597593412472832,negative,0.025558818888774877
1271597593877979136,negative,0.0125334757023024
1271597595899674624,negative,0.0006231497894395036
1271597596679778305,negative,0.006888822279433622
1271597596688162817,negative,0.021468205824297266
1271597596776247296,negative,6.547150004312279e-07
1271597597137031174,negative,0.00027585667296755586
1271597597338349568,negative,0.31732489718339985
1271597597409587203,negative,0.00019984109669266473
1271597597678088192,negative,4.066223833714575e-06
1271597598667874305,negative,0.02174034513712297
1271597600110792706,negative,0.01786866897430779
1271597600844722176,neutral,0.3524954068906016
1271597600953831424,neutral,0.3381189830050101
1271597601125740544,negative,0.00043880385847908804
1271597601574531072,negative,0.0049024829505844945
1271597601679425536,negative,2.218259124068797e-06
1271597601750687746,positive,0.7868525013395837
1271597602623102977,negative,0.0856374392744589
1271597603256500229,negative,1.3659462949426915e-07
1271597604699242497,negative,0.005894416270567474
1271597605089402881,negative,2.610105663182056e-06
1271597605877960704,negative,0.007599598437030047
1271597605877960706,negative,1.7420822590254172e-05
1271597606184128512,neutral,0.437369725752128
1271597606930530304,negative,0.005833080407260612
1271597607157035008,negative,1.1059127166947172e-07
1271597607274586112,negative,0.026469258198538563
1271597608478310400,negative,0.1923043397686407
1271597609589919746,neutral,0.35451443008515343
1271597610894270470,negative,0.3072473639032057
1271597610902654976,negative,0.03460441372915606
1271597613020786688,negative,0.0037537483689553783
1271597613079560197,negative,2.3992028524142297e-05
1271597613503131650,negative,0.26812582956602965
1271597613587070977,negative,0.08982749849777015
1271597614279032832,negative,0.044781379155874816
1271597617336725512,negative,0.03695208748753567
1271597617986916352,neutral,0.5356448639912923
1271597618087501825,negative,0.00017352200090689095
1271597618293063682,negative,3.262796994869556e-05
1271597618632720387,negative,0.021468205824297266
1271597619232624643,negative,0.20695132830432936
1271597619551371264,negative,0.00027585667296755586
1271597619568148481,neutral,0.437369725752128
1271597619681398784,negative,2.8436462587664883e-05
1271597621275168775,negative,0.012889474069229679
1271597621535223808,negative,0.07802105340640744
1271597621711384577,negative,0.3040949491800166
1271597622634196993,negative,0.228506060405779
1271597622789320709,negative,0.0004498292786632932
1271597623645024263,negative,0.11988313624368291
1271597625251332097,negative,0.07638420358625374
1271597625373069315,negative,0.13424646235688978
1271597626396413953,negative,0.0006231497894395036
1271597626694275072,negative,0.09555199912256084
1271597626807345152,positive,0.9193392770577298
1271597626954317832,negative,0.2614393102045018
1271597627377954817,negative,0.3248410612445367
1271597629756014593,negative,0.28768430820383784
1271597629823213569,neutral,0.5541792981384134
1271597629936451587,negative,0.14247366531399236
1271597630318170113,negative,0.0077562207770218855
1271597630464942081,negative,0.0003495167594397269
1271597630590799872,negative,0.11121532682517751
1271597630724988930,neutral,0.33402218903110614
1271597631320412160,negative,0.02726162813814235
1271597631618375687,negative,0.24282853458207806
1271597633757491200,negative,0.00019894404832740268
1271597634596343811,negative,0.011144144601836133
1271597635758174208,neutral,0.3381189830050101
1271597635904864257,negative,0.004160507407123892
1271597636609548294,neutral,0.4175127894986201
1271597636622180352,negative,0.1425383493841422
1271597638027284481,negative,0.03695208748753567
1271597638354427904,negative,0.0025129746953533876
1271597638614466561,negative,0.07576476733212008
1271597638819995648,negative,0.00019984109669266473
1271597639201468416,negative,0.12537512506038473
1271597639667077121,negative,5.662171157629268e-07
1271597640120184832,positive,0.9957985144434817
1271597640258662401,negative,6.746014266789122e-05
1271597640443191296,negative,1.8066554511466122e-05
1271597640875040768,negative,0.001842031509920941
1271597642137600001,negative,0.002418228708076309
1271597643429556226,negative,0.018463707935003234
1271597643857367041,negative,0.04251423792646359
1271597644071219202,neutral,0.3855808410458523
1271597644117401602,negative,4.840675799903904e-09
1271597644243181568,negative,0.04732025429372398
1271597644272500736,negative,1.8066554511466122e-05
1271597644956209155,negative,0.013670573633412467
1271597646260711424,negative,0.002018737472771262
1271597646365556737,negative,0.0004791760687217216
1271597646751444992,negative,0.08088742305498345
1271597646906605572,negative,0.004393708458221603
1271597646952701952,neutral,0.3381189830050101
1271597647133052930,negative,0.14523077057091932
1271597647145644038,neutral,0.49789225920557484
1271597647531556869,negative,0.001842031509920941
1271597647627980803,neutral,0.49114048206328076
1271597647678210048,negative,0.19552563706121598
1271597647980302336,negative,5.105200611664273e-05
1271597648311652356,positive,0.9856339366098104
1271597648974356481,negative,0.00019984109669266473
1271597650257809410,negative,0.007006140556179161
1271597650882834435,negative,0.0015425978250262452
1271597652153688066,negative,0.018358367989957432
1271597652870860800,neutral,0.437369725752128
1271597652967403520,negative,0.0009744989410755741
1271597653013475329,neutral,0.4513605618894927
1271597653030105090,negative,0.06016830258901061
1271597654875742209,negative,0.11988313624368291
1271597654934319104,neutral,0.34117024056417766
1271597655035203584,negative,6.4675117100569094e-06
1271597655605608454,negative,6.898181232754515e-05
1271597655660036097,negative,0.007012448520741336
1271597655882375168,negative,0.19502423039687414
1271597656188600321,negative,0.18535523426657086
1271597657191067650,negative,0.12638575508756936
1271597657883115521,negative,0.3155990631147836
1271597658868760580,negative,0.09085561416420404
1271597658868760581,negative,0.0002558508086955222
1271597658881261569,negative,0.28768430820383784
1271597659061719042,negative,0.06446732001068398
1271597659158175751,negative,0.08818161423987897
1271597659577552898,negative,0.001842031509920941
1271597659858579457,negative,0.023114141188624582
1271597659904606208,negative,0.0049024829505844945
1271597661116928001,neutral,0.49789225920557484
1271597664661131264,negative,1.9300520900711523e-07
1271597664916905985,neutral,0.48022725225518914
1271597665567092738,negative,0.015411969190119088
1271597666028400640,negative,0.2824876424311173
1271597666183634944,neutral,0.49789225920557484
1271597666217218049,neutral,0.5533970533999424
1271597667529846785,negative,0.19502423039687414
1271597667622236161,negative,0.02711713266105864
1271597667840413698,negative,2.1749500967597068e-05
1271597667920027648,negative,0.00019984109669266473
1271597667953651714,negative,0.0002558508086955222
1271597668989579264,negative,0.32620683154629054
1271597669132251136,negative,0.00019984109669266473
1271597669337772033,neutral,0.439589607984053
1271597669732016128,neutral,0.616005678462541
1271597669849477123,negative,2.0999069162408838e-07
1271597672147955712,negative,0.28112816092110127
1271597672374456320,negative,0.00019894404832740268
1271597672433160195,negative,0.09511752249824562
1271597672672235521,neutral,0.3850948772444006
1271597672734941184,negative,0.0010033410433637482
1271597672940650496,negative,0.0007580173523928184
1271597673494253568,negative,0.1735162678381825
1271597674626789377,negative,0.06326627960981118
1271597675587215362,neutral,0.4670100671583925
1271597676564492289,negative,0.053971066517208836
1271597676753231872,negative,0.19502423039687414
1271597677566988288,negative,0.09038507580680345
1271597678644924417,negative,0.001842031509920941
1271597678732992513,neutral,0.5533970533999424
1271597679961706497,negative,0.04251423792646359
1271597680414937088,negative,0.0018568789137668365
1271597680439877634,negative,0.2824876424311173
1271597680532299779,negative,0.005580296047392666
1271597681287274500,negative,0.051888269119949766
1271597681303973889,negative,0.0010033410433637482
1271597681337683968,negative,0.28112816092110127
1271597684122456064,negative,7.236773637704521e-08
1271597684147847168,negative,0.0049024829505844945
1271597684466597889,neutral,0.437369725752128
1271597685632495616,neutral,0.37137062280538924
1271597686123184128,neutral,0.49789225920557484
1271597686312120321,negative,1.212590228672755e-05
1271597688279175170,negative,1.56260701404286e-05
1271597688702865409,negative,0.0026824166798156334
1271597689747234816,neutral,0.49789225920557484
1271597689831141382,negative,0.0049024829505844945
1271597692549029895,negative,1.8066554511466122e-05
1271597692708425728,negative,0.005894416270567474
1271597693320728576,negative,0.0049024829505844945
1271597693857644545,negative,0.007032605876039598
1271597694763622400,negative,0.14776000820113616
1271597694893600768,neutral,0.3381189830050101
1271597697074675712,negative,0.17716616806426133
1271597697653526528,negative,0.05817995923428874
1271597698257485824,neutral,0.5951675001484593
1271597698395693057,negative,0.0013327655293858542
1271597702518882305,negative,0.018231076434766017
1271597702778966017,negative,0.0005351132759893319
1271597703328337921,negative,0.009833127285239019
1271597703869485056,neutral,0.437369725752128
1271597705060667392,negative,0.011767763688193359
1271597705064845312,negative,0.005364431360635184
1271597706075680768,negative,0.0049024829505844945
1271597707224920070,negative,0.000365719150287628
1271597707799539713,negative,0.2192905827283175
1271597710131572739,neutral,0.4706572305638992
1271597710236319751,negative,0.0002472593282059495
1271597713965101056,negative,0.2824876424311173
1271597714170658816,negative,0.0018836644112498178
1271597714900484098,neutral,0.36793715368924024
1271597715231780864,negative,0.1154759273975014
1271597715256991747,negative,2.6786287215006668e-05
1271597715651203075,negative,0.07183594404988367
1271597717744168969,negative,0.00017154210456925495
1271597718050344963,negative,0.16985288213757485
1271597718767632384,negative,0.19552563706121598
1271597719157702657,negative,1.8066554511466122e-05
1271597719178620931,negative,0.0002561248022067957
1271597719224795140,negative,0.0005358077387413497
1271597721779154946,negative,0.031252089843059085
1271597723553353734,negative,0.0006461791842729699
1271597724039671810,negative,0.0049024829505844945
1271597726682284033,negative,0.15160774025776982
1271597726724247557,negative,0.0011721345138220143
1271597727290232832,negative,0.004439187704114891
1271597727453978625,negative,0.014006359751636163
1271597727764353026,negative,0.005894416270567474
1271597728586518534,neutral,0.3381189830050101
1271597730536787971,negative,0.07762784543750909
1271597730872397831,negative,7.523746921451892e-10
1271597731266650112,negative,0.014152539448255123
1271597731283435520,positive,0.8668792463995552
1271597731363127299,negative,1.8066554511466122e-05
1271597731417653250,negative,0.007798982577035933
1271597732277485571,negative,6.746014266789122e-05
1271597732617170944,negative,0.1818954633955972
1271597732679966721,negative,0.16437877331818024
1271597734387240962,negative,0.03180962742221007
1271597734546608132,negative,0.028648481905529474
1271597735389671424,negative,9.79469128605362e-07
1271597736241094656,negative,0.004321510219822159
1271597736757002241,negative,0.0096099907718678
1271597738736713729,negative,0.012676502386934916
1271597739311345666,negative,0.005397308829591935
1271597739328131075,negative,0.00027515892958718924
1271597739382657027,negative,0.023680595075024086
1271597739491524608,negative,1.8066554511466122e-05
1271597739869188100,negative,0.14224627332053053
1271597740129226754,negative,0.00012420501629135366
1271597741676859392,negative,0.03180962742221007
1271597742637400064,neutral,0.49114048206328076
1271597742960377856,negative,0.0017741285230712
1271597743237206016,negative,0.0918581850810184
1271597743451054080,negative,0.015120622919691934
1271597743799140352,negative,0.0013621158243661321
1271597744046645249,negative,0.04474466654197991
1271597744122142721,neutral,0.49789225920557484
1271597747305660431,neutral,0.34117024056417766
1271597748429692928,positive,0.7500377016963704
1271597748492677123,neutral,0.37137062280538924
1271597748979187714,negative,0.00180761944723976
1271597751483207687,negative,0.26217184969147367
1271597755983712259,negative,1.8066554511466122e-05
1271597755996176388,negative,0.023851596854133114
1271597756042313733,neutral,0.3381189830050101
1271597756381949952,negative,8.154604400939287e-05
1271597756503621632,neutral,0.37137062280538924
1271597756503797760,negative,7.071871007573499e-10
1271597757090889731,negative,0.028550746931207155
1271597757732499456,negative,1.8066554511466122e-05
1271597757871075331,negative,0.005505815107613092
1271597759968284677,negative,0.06446732001068398
1271597760005849088,negative,1.6440942215618146e-08
1271597760115064832,negative,0.015946341074103896
1271597760341475332,negative,0.0007309778380902913
1271597760840634371,negative,0.020144476084628184
1271597761004294149,negative,0.2013198904030459
1271597761100685313,negative,0.28112816092110127
1271597761465651200,negative,0.002103388743561244
1271597763973787653,negative,1.67824124727267e-05
1271597763986407424,negative,0.28768430820383784
1271597764485447680,negative,0.04128357388082546
1271597765211172864,neutral,0.3499352441185855
1271597765345361922,negative,0.007851522397655828
1271597765420879872,neutral,0.33792029946871827
1271597767912230912,negative,0.0014321477602284023
1271597769170530304,positive,0.9376878850995406
1271597770525364231,negative,0.15340624160052274
1271597772228222981,negative,0.04055602040493514
1271597772442083328,negative,0.238427545908539
1271597773104824322,negative,0.015818377001830374
1271597773192863744,negative,0.00157921824750368
1271597773352243201,neutral,0.49789225920557484
1271597773520089088,negative,0.010244924548410552
1271597773574606848,negative,0.00019984109669266473
1271597773817737216,negative,0.00809216339614125
1271597773851258880,negative,0.04251423792646359
1271597774044385280,negative,8.363931315327544e-08
1271597774287409152,neutral,0.4564578472590881
1271597774858002434,negative,0.00016628924848785266
1271597775013191685,negative,0.003632175932673922
1271597775084494848,neutral,0.34117024056417766
1271597776263016448,negative,0.03958843058908334
1271597776460185601,positive,0.7353348155189678
1271597776556695562,negative,0.004074047576496962
1271597776804159488,negative,8.887355458009728e-10
1271597776909078531,negative,0.10329182763909436
1271597776996937728,positive,0.916649847416321
1271597777164947457,negative,0.18909143581032145
1271597777580101638,negative,0.12223370080603098
1271597777953456128,negative,0.008573513219027612
1271597778007883776,negative,0.007599598437030047
1271597778058334208,neutral,0.43193174142424146
1271597778163113997,neutral,0.4236523252390661
1271597778305720320,negative,0.3155990631147836
1271597778343538696,negative,1.3084445335270075e-06
1271597780679548928,negative,0.0049024829505844945
1271597780927119361,negative,0.00019984109669266473
1271597781262753792,positive,0.7053116415440162
1271597781342355461,negative,0.2665352666865931
1271597781401165826,negative,0.19454603182040112
1271597781518598145,negative,0.0005351132759893319
1271597781984014337,negative,0.02772639301037019
1271597782000902144,negative,0.005667183760356403
1271597782055432192,neutral,0.37137062280538924
1271597782122586114,negative,0.025152324668022856
1271597782139273216,negative,0.00019984109669266473
1271597782600749056,negative,0.036478625469417866
1271597782642688006,neutral,0.5592501777232727
1271597782709796864,positive,0.9690135590713432
1271597782781104128,neutral,0.4505321887460425
1271597783246487552,negative,0.2824876424311173
1271597783355666432,negative,0.001842031509920941
1271597785008222210,negative,0.005894416270567474
1271597785012461568,negative,0.14478046321134344
1271597785259945995,negative,1.8066554511466122e-05
1271597786274955264,negative,0.03840564920058137
1271597786568495105,positive,0.8480250688154356
1271597786660732933,negative,0.08818161423987897
1271597786820198402,negative,1.8066554511466122e-05
1271597787084460032,negative,0.009026338817066633
1271597787239649280,negative,0.0011370228777806796
1271597788028112896,negative,0.12377679475894826
1271597788728623106,negative,0.14708186558043523
1271597789009477632,negative,0.04251423792646359
1271597789500276738,negative,0.00025717278776173547
1271597789898854400,negative,0.25704357749552914
1271597790452428806,negative,0.00012545608962503764
1271597791148675074,negative,0.0049024829505844945
1271597791207456770,positive,0.8562852694896161
1271597791287091200,negative,0.22866131984486565
1271597791450710016,negative,0.0007679794635041536
1271597791840735238,negative,0.12223370080603098
1271597793946275842,negative,0.0049024829505844945
1271597793946284032,negative,0.013999040597202464
1271597794118307843,neutral,0.34117024056417766
1271597794738999297,negative,0.0022480160405335303
1271597794831335424,negative,8.887355458009728e-10
1271597795057827842,negative,0.0004748727618833213
1271597795234000896,negative,0.01786866897430779
1271597795313582080,negative,0.3025557197127239
1271597795368148992,positive,0.671337306919619
1271597795795800064,negative,0.14015776373319971
1271597796513243136,negative,1.9917890669815844e-05
1271597797041754113,negative,0.02569075430385722
1271597797167575040,negative,0.2458097436367366
1271597797545070592,negative,0.015386386874891427
1271597797704437760,negative,0.2724388926224287
1271597797737787392,negative,0.001842031509920941
1271597798157422594,negative,0.029160432015274185
1271597798295822336,negative,8.154604400939287e-05
1271597798408876032,negative,0.045456148654141694
1271597798610345993,negative,6.783993593988099e-05
1271597798803361792,negative,0.027532586259180133
1271597798954348545,negative,0.016656028492176282
1271597798987911168,negative,0.0013861122586575497
1271597798992027650,negative,0.00710396919268325
1271597799067521025,negative,1.6255498757368133e-07
1271597799256317952,negative,6.794426477663352e-09
1271597799784747009,negative,0.06756897342989703
1271597799809957891,negative,0.027437408443466337
1271597799981740032,neutral,0.34117024056417766
1271597800107761664,negative,0.03270554513488423
1271597801575596033,negative,0.20186754572743498
1271597801932238850,negative,0.13951309606230164
1271597802137759744,negative,0.010036326833641442
1271597802225913856,negative,0.009316905594615545
1271597802267668480,negative,0.0052481037657638166
1271597802745991169,negative,0.24190043021159235
1271597802808803328,neutral,0.3381189830050101
1271597802972479493,negative,0.012676502386934916
1271597803194716160,negative,0.10130764321185547
1271597803257683970,negative,0.013903311021784472
1271597804264345600,negative,0.07152762509154904
1271597804666925057,negative,0.20695132830432936
1271597805602254848,negative,0.28112816092110127
1271597805958762497,negative,0.0096099907718678
1271597806273335298,negative,2.9178458301932758e-05
1271597806311088131,neutral,0.4521124519806196
1271597807175192577,positive,0.9708641168379752
1271597807460397058,negative,0.009008905020935773
1271597808085319685,negative,0.00019984109669266473
1271597810308337665,negative,0.00033287291598040416
1271597810752860160,negative,0.1154759273975014
1271597810941599745,negative,0.006483571524589513
1271597811310694402,negative,0.012059666328163068
1271597811629465600,negative,0.05104839567400084
1271597811860193280,negative,1.9660848620955972e-05
1271597811872813058,neutral,0.437369725752128
1271597812040585216,neutral,0.41661895030617113
1271597812493533184,negative,0.27549675449796107
1271597812510326786,neutral,0.5654360877158429
1271597813151956994,negative,0.07514950052453873
1271597814187872256,negative,0.00016823968684374503
1271597814305431554,negative,0.19767106493145628
1271597814867525637,negative,0.01879425341181135
1271597815953862661,neutral,0.4565995568893487
1271597816104628224,negative,0.19502423039687414
1271597816142598149,negative,0.00019894404832740268
1271597816301989888,negative,0.018488602296359454
1271597818365566976,negative,0.28942909895720287
1271597818558414848,neutral,0.41941594464284193
1271597818743066631,negative,1.4369912523516877e-05
1271597819200184320,negative,0.07802105340640744
1271597819330203654,neutral,0.3381189830050101
1271597820232044545,positive,0.8180638831372399
1271597820647223296,negative,0.0049024829505844945
1271597820722765826,negative,5.034024515756691e-09
1271597820722794496,negative,0.03741913287327554
1271597821313945600,positive,0.673434944282879
1271597822635319302,positive,0.9980816436675186
1271597822652174336,negative,0.055729676515545584
1271597823012864000,negative,0.20757850165123046
1271597823205793792,negative,0.1864425908902675
1271597823390289920,negative,1.3408325658791907e-20
1271597823516164097,negative,0.00157921824750368
1271597824157810688,negative,8.080103761480746e-05
1271597824229007360,negative,9.846149325862882e-06
1271597824283639809,negative,0.00011791760518418482
1271597824355053568,negative,0.008178362527209763
1271597824896118785,negative,0.002385125007943545
1271597826754183169,negative,0.020049480252235918
1271597826871635968,negative,0.16818843477961168
1271597826892599298,negative,0.05670946645000067
1271597827102330884,neutral,0.5063531925391163
1271597827228131329,negative,0.08773037468837959
1271597827412688897,negative,0.0006231497894395036
1271597827496517634,neutral,0.49114048206328076
1271597827567824899,negative,7.2884477388465e-05
1271597827601416192,negative,0.3248410612445367
1271597827697840130,negative,0.31888999851805766
1271597828197007360,negative,0.13702660140726888
1271597828377370625,negative,0.02726162813814235
1271597828754649088,neutral,0.4317730433104586
1271597831292366850,negative,7.730518905627762e-07
1271597831397224448,negative,0.08818161423987897
1271597832525537282,neutral,0.3381189830050101
1271597832596623360,negative,0.001842031509920941
1271597832890396680,negative,0.0023035883262298926
1271597832961757185,negative,0.007798982577035933
1271597833083371521,negative,0.00016823968684374503
1271597834844794880,negative,7.152504117589596e-05
1271597835146928140,negative,0.016414261768289577
1271597835159572480,negative,0.00011791760518418482
1271597835201503233,neutral,0.49789225920557484
1271597835335712770,negative,0.029847324492047383
1271597835843260416,negative,0.17010616626947656
1271597835931324416,negative,0.30789325429966813
1271597836006764549,negative,0.002967861328473477
1271597836166193152,negative,0.10613583566602104
1271597836224741376,negative,0.01692236505168969
1271597836400902144,negative,0.05897235857735733
1271597837449596928,negative,0.003028364843595465
1271597837625593856,negative,0.13481738535529936
1271597838049345538,negative,6.236105015602125e-07
1271597838091370496,negative,0.00010342396061881015
1271597838166822913,negative,0.02428248049254861
1271597839328690176,negative,0.053507442727810814
1271597839425114112,negative,0.01359956250126882
1271597839714484224,negative,0.00157921824750368
1271597839848820736,negative,0.00016628924848785266
1271597840746385408,negative,0.0020318439175092155
1271597840767344640,negative,0.06317580472146289
1271597841241251842,negative,0.00011991444321177718
1271597841560076289,negative,0.09288522946839645
1271597841727787016,neutral,0.437369725752128
1271597842075987974,negative,0.1450576500547841
1271597843653025792,neutral,0.49789225920557484
1271597843707551745,negative,0.29150453131543796
1271597844512813058,negative,0.00019984109669266473
1271597844596690946,neutral,0.49114048206328076
1271597844735111169,negative,0.00019984109669266473
1271597844974022657,negative,0.00016600439940582783
1271597845250965504,negative,0.0016737896560586971
1271597845641117698,negative,0.043598371671244036
1271597845955698698,negative,0.00019984109669266473
1271597846144450560,negative,1.9215492056983797e-06
1271597846190534656,negative,0.004074047576496962
1271597846345723904,negative,0.05653974902021254
1271597847503306752,negative,0.005894416270567474
1271597848132534273,positive,0.8686633289622037
1271597848480690176,negative,0.006400289863879001
1271597848631672837,negative,0.00014350272263410614
1271597848820400131,negative,0.0017058580464821363
1271597849265033216,negative,0.11235003942288266
1271597849629859840,negative,0.17789058408954797
1271597849801883649,negative,0.07806463545849755
1271597850074451971,negative,0.00019984109669266473
1271597850133237761,negative,0.0013327655293858542
1271597852129669125,negative,0.031252089843059085
1271597852377133056,neutral,0.3909677405094468
1271597852641427457,neutral,0.4794670486014688
1271597852742090752,negative,0.06326627960981118
1271597853169848321,negative,0.046484769731093445
1271597853312516098,negative,0.0008744017588821575
1271597853547298816,negative,7.149709533427236e-05
1271597853601943555,positive,0.7896573465394069
1271597854046294016,negative,0.00046017712479306123
1271597854054731776,negative,0.00048559593649531447
1271597854398861312,neutral,0.570559329140436
1271597854486904832,negative,6.4675117100569094e-06
1271597856332414977,negative,0.003871665664307081
1271597856793788416,negative,0.00019984109669266473
1271597857016086529,neutral,0.5017543432377519
1271597857217241088,negative,0.018231076434766017
1271597857540386817,negative,0.0049024829505844945
1271597857636855808,negative,2.1860788071751122e-06
1271597857833771008,negative,1.6440942215618146e-08
1271597858203066369,negative,1.1681188238227523e-05
1271597858299547649,negative,0.035640386674623444
1271597858936877056,negative,0.0002558508086955222
1271597858995818496,negative,0.0003979221049385022
1271597860597923840,negative,0.27403404469589215
1271597860669317123,negative,0.006267921006529414
1271597860702863361,negative,0.016656028492176282
1271597860811952128,negative,0.008514728296004526
1271597861319446529,negative,0.0135114738962106
1271597861449412608,negative,8.073210760235679e-05
1271597861633916928,negative,0.019136405929895507
1271597861814308864,negative,1.4969852379275974e-06
1271597862351142913,negative,0.006330936802858112
1271597862623813634,negative,0.055729676515545584
1271597862720331776,negative,1.69597407704258e-05
1271597862770663425,negative,0.07962735446916128
1271597862988570624,negative,0.0010124928719095897
1271597862992982016,negative,0.00019984109669266473
1271597863039053826,negative,1.8066554511466122e-05
1271597863064219648,negative,0.005638253537225257
1271597863177502725,negative,0.029160432015274185
1271597864406388736,negative,0.07408930857575648
1271597864632942592,negative,0.01996945716354927
1271597864809086976,negative,4.925194710575494e-10
1271597865413025800,neutral,0.37137062280538924
1271597866117718018,negative,0.07548348367933097
1271597866298101765,negative,0.051187784737298826
1271597866302214144,negative,0.00011341912160628809
1271597866411274240,negative,0.0099536958179938
1271597866683858944,neutral,0.37137062280538924
1271597868550426626,negative,0.3040949491800166
1271597868734984202,negative,5.258870433901564e-07
1271597869062127620,negative,0.00017551172928904335
1271597869078908936,negative,0.00011791760518418482
1271597869456330759,negative,0.21139109066500397
1271597869590601730,negative,0.1693610899621612
1271597869645127685,negative,0.00019984109669266473
1271597870102261762,negative,0.0076008519607350345
1271597870618157056,negative,0.21131799118011757
1271597872794996736,negative,0.0056917698488451905
1271597873143185408,negative,0.011940105780521116
1271597873713594370,negative,0.037868954770279316
1271597874065874947,negative,0.11543626877615229
1271597874518900737,negative,0.008573513219027612
1271597874619482112,negative,0.0001880717037641148
1271597874825105413,negative,2.851532314395165e-12
1271597875278086150,negative,2.5144893589907698e-05
1271597875940581376,negative,0.01855893334126186
1271597877064863744,negative,0.0012179379642450823
1271597877559734272,negative,0.00016628924848785266
1271597878037958658,negative,0.000912239688992045
1271597878318977024,negative,4.620058260489666e-06
1271597878339829760,negative,0.002886944683696644
1271597878583140353,negative,0.009272739832239805
1271597878734176257,neutral,0.45854899289271467
1271597879178788865,neutral,0.6279672973516283
1271597879258484736,negative,0.15047102298663537
1271597879451439104,neutral,0.3454458360358728
1271597879581384704,negative,0.0020420342704147664
1271597881141669889,negative,0.0009945794032472643
1271597881863163906,negative,0.04580868801829515
1271597882119016449,negative,0.023443172068340613
1271597882387333121,negative,0.00047842842776969237
1271597882462871559,negative,0.001643186973079553
1271597882601324552,positive,0.8156684272075894
1271597882777444353,negative,0.015496306010626303
1271597883092086789,neutral,0.4925319814792465
1271597883926732800,neutral,0.337663993814908
1271597884555878401,negative,0.00011791760518418482
1271597884597772290,negative,0.0005351132759893319
1271597885516328961,negative,0.08818161423987897
1271597885629648897,negative,0.007314793899719624
1271597885872889856,negative,0.043598371671244036
1271597886149705729,neutral,0.35451443008515343
1271597886543888384,negative,0.07619269198218341
1271597886674014208,negative,0.007075082723339514
1271597886799785984,negative,0.08110662622354817
1271597886820802561,negative,0.0007704134712097603
1271597887139561472,negative,0.125677149915107
1271597887194087430,negative,0.002395107361095619
1271597887403831296,negative,0.02726162813814235
1271597887797985288,negative,0.09094452121304596
1271597888100057089,negative,0.2824876424311173
1271597889731559424,positive,0.972349013168632
1271597889995730949,positive,0.8162744213566576
1271597890750885889,neutral,0.5224160851291691
1271597890843095040,negative,0.0006402950402613539
1271597891757445120,negative,5.23690345339302e-05
1271597891816173568,negative,0.030346777880785502
1271597892202045442,negative,0.15590454891793734
1271597892466335744,negative,0.0027225520007772407
1271597892596371457,negative,0.03229580652522865
1271597893787553792,negative,0.0029802930630058945
1271597893846134785,negative,6.547150004312279e-07
1271597894546731009,negative,0.11133518261457369
1271597894617923587,negative,0.00016823968684374503
1271597894995501056,negative,0.0006584369097183218
1271597897180741632,negative,0.1985816741338463
1271597898258620419,neutral,0.437369725752128
1271597898401296384,negative,0.04622763662947095
1271597898774597632,negative,0.0048031083353694045
1271597898850021377,negative,0.1853447716208767
1271597898942332928,negative,0.3040949491800166
1271597899164639233,negative,0.004393708458221603
1271597899202342912,negative,0.0007721683246410323
1271597899550466049,negative,0.010121051608408699
1271597900246724609,negative,4.954271055584559e-05
1271597900905283584,negative,0.0135179136105284
1271597900989169665,negative,0.26452909004521824
1271597901085577216,negative,0.0049024829505844945
1271597901236625410,negative,0.0028122669595481847
1271597901257617414,negative,0.001596738307657661
1271597901265997824,neutral,0.5395981994168679
1271597901551210497,negative,0.003761843357562581
1271597902083829762,neutral,0.49789225920557484
1271597902155186177,negative,0.0503461680817605
1271597902482325504,negative,0.037923919074804614
1271597903275069441,negative,3.759814752818217e-05
1271597903660843009,negative,0.00011238722062235836
1271597904277516288,negative,0.000339688469539509
1271597904474636289,negative,8.670791868806453e-06
1271597904491433984,neutral,0.3381189830050101
1271597904562655232,negative,0.0034351024886796126
1271597905288232961,negative,0.0005000728954740911
1271597905305092098,negative,0.13721847696827208
1271597906374594561,negative,0.10526069328460248
1271597906584391683,negative,0.0001728650377173661
1271597907008000000,negative,7.2884477388465e-05
1271597907486130179,negative,0.007816173043045015
1271597908299841537,negative,0.08002465081650481
1271597908379308032,negative,1.9500857663284724e-07
1271597908991901698,negative,0.017960678137063632
1271597910682210304,neutral,0.40561639806527944
1271597911059677195,negative,0.0007043316636750013
1271597911445471232,negative,0.0049024829505844945
1271597911596507136,negative,0.1256518955108437
1271597911776858116,negative,0.005894416270567474
1271597912250671106,negative,0.00030056668906368826
1271597912615800833,negative,0.28112816092110127
1271597912624160771,negative,0.17140443396186408
1271597915333689344,negative,0.07906732828171688
1271597915358756864,negative,8.76884557994185e-05
1271597916227080194,negative,0.0023170344461177867
1271597916281602048,neutral,0.34322267253793753
1271597916910686208,positive,0.951512725752066
1271597918848344069,negative,0.010058664166184823
1271597919066611714,negative,0.05368241837099004
1271597919347638275,negative,1.2296254167430368e-07
1271597919494340615,negative,0.00048559593649531447
1271597919544709120,negative,0.03547588364154337
1271597919779635200,neutral,0.6498638568297779
1271597920404606980,negative,0.03002850738116171
1271597920517849089,negative,3.0258942766670924e-05
1271597921193078786,negative,0.027306211591214814
1271597921578950656,negative,3.733264442235437e-05
1271597923319545863,negative,0.015946341074103896
1271597923357405188,negative,0.009634496196389628
1271597924087148547,neutral,0.39929026744709006
1271597924447854592,negative,0.09495363744241964
1271597924741451781,negative,0.08384635293073044
1271597924980412416,negative,0.0018954009592793643
1271597925152567302,neutral,0.4064281066055449
1271597927157379072,neutral,0.437369725752128
1271597927270690816,negative,0.00019984109669266473
1271597927396450304,negative,0.005894416270567474
1271597927522283523,negative,0.015946341074103896
1271597927564181507,negative,0.015411969190119088
1271597927769702400,positive,0.7878984431607639
1271597928075804673,negative,0.061359375692356624
1271597928172355584,negative,0.10947484028698869
1271597928243695617,negative,0.00019984109669266473
1271597928637964288,negative,0.06756897342989703
1271597928885428225,negative,0.003338619668346368
1271597929137164288,negative,1.56260701404286e-05
1271597929304817665,negative,0.00983557703234398
1271597929589911552,neutral,0.5419469611896716
1271597930001154053,negative,1.9565718695786653e-06
1271597930198323203,negative,0.04445217217724994
1271597931481587713,negative,0.002094687721692422
1271597931724976133,negative,0.005119836547257654
1271597931943034880,negative,0.015946341074103896
1271597932282863616,positive,0.7500377016963704
1271597932500987907,negative,0.3040949491800166
1271597932647718912,negative,0.3020135550609068
1271597933033598978,negative,0.0020243277638690264
1271597933268537346,negative,0.013265831157646643
1271597933478047749,negative,1.3383394064504273e-05
1271597933906079745,negative,0.3040949491800166
1271597934174445568,negative,1.8066554511466122e-05
1271597935927660548,negative,0.3040949491800166
1271597936024195072,negative,0.03556878753995066
1271597936103895040,neutral,0.5641156242479793
1271597936338710528,positive,0.7878984431607639
1271597936384892933,negative,0.28112816092110127
1271597936414199808,neutral,0.437369725752128
1271597936586211328,negative,9.045306857022287e-06
1271597936695181313,negative,0.007012448520741336
1271597936854495232,neutral,0.41661895030617113
1271597937135693827,negative,0.23316809640359565
1271597937148092417,negative,0.15894838135266348
1271597937257111552,negative,0.2998258152560575
1271597937831948289,negative,0.1533467620969481
1271597939970973698,negative,0.00019984109669266473
1271597940130353153,negative,0.0021041495801657527
1271597940591734784,negative,0.0049024829505844945
1271597940906262528,negative,0.04580868801829515
1271597941028007937,negative,6.4675117100569094e-06
1271597941141241862,negative,0.053140809492412
1271597941308837888,negative,0.12239827232910852
1271597941397106689,negative,0.00019894404832740268
1271597941749420035,negative,4.235040124805415e-05
1271597941904543744,negative,0.00256211813591583
1271597942143623168,negative,0.11067805433060135
1271597944131682304,negative,0.012676502386934916
1271597944765124609,negative,0.005232539316262189
1271597945314476033,neutral,0.41661895030617113
1271597945432014848,negative,0.0038923366072080006
1271597945868222464,negative,0.055729676515545584
1271597945884983296,negative,0.012676502386934916
1271597945960517634,negative,1.557568054853505e-05
1271597947722108928,negative,5.656349763219473e-06
1271597948586123266,negative,0.1473503139992122
1271597948615434241,negative,5.1048048333499485e-05
1271597948636483590,negative,9.077151386753142e-06
1271597949433372673,negative,0.003570953349454049
1271597949517213699,negative,0.00016000205552282493
1271597950066724866,negative,0.0007809020524228805
1271597950507143168,negative,0.1744444933047044
1271597950821478400,negative,0.0006231497894395036
1271597950888816640,negative,0.19744689011255426
1271597952797233152,positive,0.9510571618716318
1271597953099186177,negative,0.3061668343924319
1271597953585754112,negative,0.03039008331050322
1271597953678020608,negative,0.00016628924848785266
1271597953719943169,negative,0.06462683035114529
1271597953749331968,negative,0.0013924812939047882
1271597954206482432,negative,0.00020238638988344894
1271597954294403073,positive,0.7604742576320069
1271597954311294976,negative,0.03840564920058137
1271597954407763968,negative,0.01719004681774222
1271597954416205831,positive,0.7878984431607639
1271597956643381251,neutral,0.3471587350631319
1271597956739760128,negative,0.26439887681688756
1271597956823691265,negative,0.0019660331236129296
1271597957012389889,negative,0.006360314398099976
1271597957234688000,negative,7.2884477388465e-05
1271597957255749634,neutral,0.49789225920557484
1271597957381529601,negative,0.0029802930630058945
1271597957524193282,negative,0.0020420342704147664
1271597957872312320,neutral,0.6507211511510863
1271597958040113154,neutral,0.5533970533999424
1271597958140694528,negative,0.1735162678381825
1271597958203670534,negative,2.987944245261539e-06
1271597958279188481,negative,0.0020342879510414896
1271597958958637059,neutral,0.3381189830050101
1271597961085169664,negative,0.008573513219027612
1271597961307439104,negative,0.023195242295274913
1271597961395535873,negative,3.262796994869556e-05
1271597961433186305,negative,0.018231076434766017
1271597961756237828,negative,0.0049024829505844945
1271597961919815681,negative,0.00026706758266826873
1271597962209251328,negative,0.029390232212059084
1271597962297294850,negative,1.5570027010574494e-05
1271597962590912512,negative,0.001869287112884431
1271597962842394625,negative,0.20695132830432936
1271597963043901443,negative,0.047412125835671906
1271597963064811521,negative,0.10545910331104959
1271597963081584647,positive,0.7878984431607639
1271597963148554240,negative,0.0024968577181432848
1271597963253559296,negative,0.00019984109669266473
1271597963387842561,positive,0.8106914973214455
1271597964876812288,negative,1.6030369942925382e-06
1271597965845630977,positive,0.7488486930287965
1271597965996625927,negative,0.19502423039687414
1271597966244155395,positive,0.906554962629912
1271597966311280641,neutral,0.4925319814792465
1271597966332231685,negative,0.0049024829505844945
1271597966843936771,negative,0.04171250438620377
1271597966881632256,negative,2.5711403750356846e-05
1271597966885892096,negative,0.027994019961084117
1271597967275749376,neutral,0.37137062280538924
1271597967368237056,negative,0.00019984109669266473
1271597967967956994,negative,0.16276754122917286
1271597969402404864,negative,0.005051782851922773
1271597969536663553,negative,0.09288522946839645
1271597969846996992,negative,0.0077562207770218855
1271597970006380546,negative,7.2884477388465e-05
1271597970044129282,negative,0.04633286536635879
1271597970170003456,negative,0.1629503653316563
1271597970681544704,positive,0.7878984431607639
1271597970845245440,negative,0.19696061213560703
1271597971126263811,negative,3.9481228620588976e-05
1271597971424063488,neutral,0.437369725752128
1271597973839974400,negative,0.0012150755975762206
1271597973877731328,negative,0.01672086921891911
1271597973881970690,negative,0.028086723357497564
1271597973978460162,neutral,0.4507454498615163
1271597974381047813,negative,0.28112816092110127
1271597974427176961,negative,0.3248410612445367
1271597974595014656,negative,0.10947484028698869
1271597974628585477,negative,0.027306211591214814
1271597974632697856,negative,0.0002833791535977362
1271597974712471553,positive,0.7878984431607639
1271597975568027653,negative,0.08677517713631507
1271597975832162304,neutral,0.6010617675389737
1271597975974920194,neutral,0.5990224736571826
1271597977669419011,negative,9.66613680384743e-05
1271597978449596417,neutral,0.4737554465528978
1271597978676060161,negative,0.10099785127676777
1271597978772537344,positive,0.9969884738116033
1271597978818674690,negative,0.00016628924848785266
1271597979053559809,negative,0.06904059697966031
1271597979380613128,neutral,0.41661895030617113
1271597979439333376,negative,0.0002487677856993227
1271597979607146497,negative,0.0017784920878437937
1271597979665866752,negative,0.008060382785010178
1271597979669901312,positive,0.7878984431607639
1271597979825291265,neutral,0.5885817645849453
1271597979846225920,negative,0.006469679400739249
1271597979930066945,neutral,0.35451443008515343
1271597980009848835,negative,6.746014266789122e-05
1271597981804802049,negative,0.0069085519314097225
1271597981855371266,negative,0.19137281542263082
1271597981880455168,negative,0.3040949491800166
1271597982081781765,negative,0.005442591338877343
1271597982295756800,negative,0.04631164341398002
1271597982903939073,neutral,0.526576474445737
1271597983298191360,negative,9.349510582122609e-06
1271597983298203648,negative,0.0017380276195492809
1271597983319146498,negative,0.006492069846530708
1271597983553818626,negative,0.044322005717568926
1271597983658676224,negative,2.7503115964574985e-06
1271597983814029312,positive,0.7878984431607639
1271597984128602112,negative,0.033089986882521925
1271597984258482177,negative,0.207800015035824
1271597984401276928,negative,0.005894416270567474
1271597984707420162,negative,1.8066554511466122e-05
1271597986322186242,negative,0.008178362527209763
1271597986494189568,negative,0.0019049449200032925
1271597986506854400,negative,0.013729276524283327
1271597987089784838,negative,0.2156552175590618
1271597987173527552,negative,0.0049024829505844945
1271597987538616320,negative,0.046484769731093445
1271597987786088453,neutral,0.3385252644667176
1271597988704595968,negative,0.07607258248687541
1271597988742418434,negative,1.8640813909346823e-13
1271597988918460421,negative,0.19696061213560703
1271597989304336384,negative,0.027623790815660947
1271597989396721665,negative,3.666420142228531e-05
1271597990181027840,negative,0.3155990631147836
1271597990780821504,negative,0.03639846518878914
1271597991074369536,negative,0.19602878182380895
1271597991271575555,neutral,0.652988088600254
1271597991300935680,positive,0.7878984431607639
1271597991351197696,neutral,0.43657793913830045
1271597991389007879,negative,3.9334700972247525e-05
1271597991540011009,negative,0.28768430820383784
1271597991674163200,negative,0.12638575508756936
1271597991724449792,positive,0.7878984431607639
1271597991779016704,negative,0.12056596353541715
1271597991883915265,positive,0.7878984431607639
1271597992546570240,negative,0.15193001520028493
1271597992789696512,negative,0.3005204860624975
1271597994194939909,negative,0.0005259214718878598
1271597994492809217,negative,0.04251423792646359
1271597994496921600,negative,0.1536586325299259
1271597994920550408,negative,0.0005358077387413497
1271597995499360263,negative,0.012602357555795463
1271597995893587968,negative,0.2606765541208349
1271597996292046853,negative,6.798106190617665e-05
1271597996535418880,negative,0.12227762356369955
1271597996791169025,negative,0.0002206961806210914
1271597997244026880,negative,0.1869384705606275
1271597997365878790,neutral,0.33677065988963156
1271597997441376256,negative,0.2407025547137797
1271597997529477120,negative,0.09456214018355273
1271597997630148608,neutral,0.4219484860627821
1271597997776830468,negative,4.143742682840951e-05
1271597998611460097,positive,0.7878984431607639
1271597998787694592,negative,0.06271311296451473
1271597998934568961,negative,1.1099715664075132e-06
1271597999056093186,neutral,0.3381189830050101
1271597999416905736,negative,0.015386386874891427
1271598000054337536,negative,0.0099536958179938
1271598000318681095,neutral,0.3381189830050101
1271598000721350657,negative,5.875633179993611e-06
1271598000792625152,negative,0.005626392366426678
1271598001191075840,negative,0.010891859901987141
1271598001320951809,negative,0.0011181448474606006
1271598001530769409,negative,0.05470356307280094
1271598002981961728,positive,0.7878984431607639
1271598003011252224,negative,0.0006231497894395036
1271598003040784384,negative,0.24257369881389068
1271598003225276422,negative,0.0005358077387413497
1271598003632181248,negative,0.018720000499947858
1271598004177457154,negative,0.00030273812842628435
1271598004622024705,neutral,0.49789225920557484
1271598004735283202,negative,0.05897235857735733
1271598004978569216,neutral,0.35451443008515343
1271598005288927232,negative,0.15797133755319195
1271598005611872258,negative,0.00026808485213618196
1271598007394471943,negative,1.7420822590254172e-05
1271598007675478016,negative,5.949763528238143e-07
1271598007809605641,negative,6.4827888834544124e-06
1271598008216379392,negative,0.0023170344461177867
1271598008472387588,negative,0.05161040848145953
1271598008606633984,negative,0.08002465081650481
1271598008761712640,negative,3.262796994869556e-05
1271598008950497280,negative,0.16417214791793616
1271598009151893506,negative,0.08923760749059473
1271598009248350215,negative,0.031165645198172956
1271598009390977024,neutral,0.6261391917079899
1271598009873321991,positive,0.916649847416321
1271598010196201473,negative,6.289469539182216e-06
1271598010217246722,negative,1.980388979137605e-09
1271598010254811138,negative,0.03786368867470405
1271598011257368581,neutral,0.49114048206328076
1271598011647504384,negative,0.002472413958545809
1271598012150808580,negative,0.08818161423987897
1271598012205326336,negative,7.2884477388465e-05
1271598012289224704,negative,0.0005287508200262566
1271598012473716738,negative,0.015946341074103896
1271598012557668354,negative,4.306354617242347e-05
1271598012700254208,negative,0.06751809550632865
1271598012830150656,negative,5.034024515756691e-09
1271598012998070272,negative,3.3302277288557554e-07
1271598013912428544,negative,0.02435601852684147
1271598014088372224,neutral,0.41661895030617113
1271598014134734848,negative,0.00019984109669266473
1271598014218592256,negative,6.879184444205881e-06
1271598015141249025,neutral,0.4507454498615163
1271598015338426370,neutral,0.551077815994506
1271598015967608834,negative,0.03180962742221007
1271598016642928640,negative,0.010434924409299426
1271598016739368961,negative,0.00035681379643484514
1271598016823267332,negative,0.28112816092110127
1271598016839979011,negative,0.19673426594911655
1271598017410408450,negative,0.1203090358454427
1271598017590820865,negative,0.03223959952660438
1271598017850806278,negative,0.002502567940949163
1271598019658616833,negative,0.00011791760518418482
1271598019914412033,negative,0.00048559593649531447
1271598020740743168,negative,0.00011791760518418482
1271598020883341313,negative,1.5804032492840705e-06
1271598020904222725,negative,0.0010602844139175006
1271598021051068418,negative,0.04580868801829515
1271598021239877632,negative,0.004363206950201385
1271598021462175750,neutral,0.41781860539170623
1271598022015758346,negative,0.0009175264165824337
1271598022217142274,negative,0.07619269198218341
1271598022485475328,neutral,0.4420606323680076
1271598022615588864,neutral,0.4706572305638992
1271598023768862720,negative,0.004719478011270874
1271598023794098177,negative,4.107269420261851e-06
1271598024008097792,negative,0.0002947660498268918
1271598024247123970,negative,0.00019984109669266473
1271598024574279680,negative,0.003026559745210884
1271598024637263874,negative,0.006530412676232573
1271598024653971456,neutral,0.3381189830050101
1271598024763092997,negative,3.9992743679653957e-05
1271598025123737601,negative,0.0004918445083161235
1271598026033774592,negative,0.0003495167594397269
1271598026096644096,negative,0.10083480718062086
1271598026147192833,negative,1.537662590671112e-09
1271598026520506369,negative,0.013670573633412467
1271598028101685250,negative,0.00016628924848785266
1271598028294631424,negative,3.272138340107271e-05
1271598028504403968,negative,0.08818161423987897
1271598028777050118,negative,0.13482499622800678
1271598028848279553,negative,0.008573513219027612
1271598029133545476,negative,0.3040949491800166
1271598029452312576,negative,0.1505073927745344
1271598029837971456,negative,0.10947484028698869
1271598029842374659,positive,0.9376878850995406
1271598029859143681,negative,0.00016628924848785266
1271598029905244160,negative,0.0013327655293858542
1271598029955530759,negative,0.22866131984486565
1271598029993316352,negative,0.005469263441703145
1271598030131732480,negative,0.00019984109669266473
1271598030295314435,negative,9.250877231731503e-05
1271598032044404736,neutral,0.6117142587681954
1271598032539332609,negative,0.026615173795510632
1271598032635625472,negative,0.2378411193086786
1271598033214586880,negative,0.00015194828200427033
1271598033638174720,negative,0.04360685795273374
1271598034485379072,negative,0.007520785450598255
1271598034791653377,negative,0.25032273387259285
1271598034808377345,neutral,0.5250137350369191
1271598035169169408,negative,0.00025521795545906155
1271598036754497536,negative,0.05610309040052827
1271598036905418752,negative,0.002458545700987179
1271598037027217409,negative,0.03403152905949353
1271598037098475520,negative,0.002395107361095619
1271598037509509120,neutral,0.5377775092341677
1271598037731811328,negative,0.0049024829505844945
1271598037849251843,negative,0.018488602296359454
1271598038427951104,negative,0.001842031509920941
1271598038667145217,negative,0.007113619415187826
1271598039120183301,negative,0.00019984109669266473
1271598039149555713,positive,0.7500377016963704
1271598041041121281,negative,0.006454675245826956
1271598041133453312,neutral,0.4097100818790701
1271598041154420737,positive,0.9998256361938697
1271598041200570369,neutral,0.34117024056417766
1271598041494061057,neutral,0.3583022362918858
1271598041536122881,negative,0.0013327655293858542
1271598041611538432,negative,0.18693584956905138
1271598041913602048,negative,0.15590454891793734
1271598042370760709,negative,0.0052481037657638166
1271598043213824001,neutral,0.41661895030617113
1271598043276759041,negative,0.009272739832239805
1271598045067698176,negative,0.00016628924848785266
1271598045445095425,positive,0.997126995515298
1271598045575000064,negative,0.03311309785054351
1271598045797527552,negative,5.513676211727703e-07
1271598045810118656,negative,0.0015153723335849727
1271598049501069313,negative,0.027565523875858356
1271598049534623744,negative,0.014286588659445626
1271598050251804672,neutral,0.3381189830050101
1271598050369138688,negative,1.8066554511466122e-05
1271598050494959616,negative,0.19552563706121598
1271598050511904769,negative,0.0010033410433637482
1271598050805506049,negative,0.00011341912160628809
1271598050880847872,negative,0.002577624486508094
1271598051010936833,positive,0.8058371119747353
1271598051522740224,positive,0.751202996363915
1271598053137547266,negative,0.0009728243099939967
1271598053569462274,negative,0.027306211591214814
1271598053804445696,negative,0.016656028492176282
1271598054366380033,negative,0.006592002370040873
1271598055394082817,negative,0.007974450836296689
1271598055402299392,negative,0.13972118511872622
1271598055423434752,negative,0.012164792431929873
1271598055989686277,neutral,0.3381189830050101
1271598056153243648,neutral,0.3381189830050101
1271598057457700864,negative,0.005894416270567474
1271598057734447107,neutral,0.437369725752128
1271598057847697408,negative,0.004586907188674905
1271598058233610241,negative,0.2993797778616394
1271598058267119616,negative,8.154604400939287e-05
1271598058351009792,negative,0.23533658488359116
1271598058439131137,negative,6.898181232754515e-05
1271598058489491456,negative,0.0918581850810184
1271598058648805377,negative,0.003396090401719769
1271598058770489344,negative,3.262796994869556e-05
1271598059303120896,negative,0.00019984109669266473
1271598059550642176,neutral,0.33046905009770516
1271598059655434241,negative,0.006036933886645478
1271598059722625028,negative,9.201371956156796e-05
1271598061551321088,negative,0.0019660331236129296
1271598061698060289,negative,0.012676502386934916
1271598061706346496,negative,1.8066554511466122e-05
1271598061802962944,neutral,0.3403391890910929
1271598061815500801,negative,0.049871831118045135
1271598062159327232,neutral,0.3353500257179539
1271598063212257281,negative,0.00019984109669266473
1271598063384244226,negative,0.23606294079739096
1271598063661060098,positive,0.7685322661239289
1271598063698825216,negative,8.154604400939287e-05
1271598064164274181,negative,0.20287655402541993
1271598066164957185,negative,0.00157921824750368
1271598066248880128,negative,0.027076930483470617
1271598066966069249,negative,0.0005351132759893319
1271598066970374148,negative,2.8553248734855253e-07
1271598067142332419,negative,0.008178362527209763
1271598067305852928,negative,0.0005087148823505901
1271598067935055874,negative,0.142041398655004
1271598067976826880,negative,0.0049024829505844945
1271598068270460928,negative,0.0010033410433637482
1271598069948116993,negative,2.130495818818265e-06
1271598070107484160,negative,0.05470356307280094
1271598070195609601,positive,0.8349855847003073
1271598070459924480,negative,2.825545534753193e-08
1271598070480896006,negative,8.154604400939287e-05
1271598070728396800,neutral,0.49789225920557484
1271598070782984193,negative,2.3317013066427984e-06
1271598071747497989,negative,7.512667084445575e-12
1271598071806394369,negative,0.09168196188985853
1271598072313724928,negative,0.00048559593649531447
1271598072552972289,negative,0.0003401859982350575
1271598072729161729,negative,0.0013327655293858542
1271598073056243713,negative,0.001001766229483603
1271598073219866626,neutral,0.39439463283712184
1271598075707097092,negative,0.0005351132759893319
1271598075732164610,negative,6.235445631675315e-06
1271598075858096129,negative,1.5004933579812915e-06
1271598076667604997,negative,0.2527505446423179
1271598077061861376,negative,0.06842503420026794
1271598077065871362,negative,6.503306324421448e-05
1271598077296750594,negative,0.017297953964333906
1271598077334429703,negative,0.24590223890549445
1271598077481308160,negative,0.0766498914366165
1271598077548380161,negative,0.03980030593590898
1271598077644849157,neutral,0.39225716132532573
1271598078433378304,positive,0.8523812924871951
1271598078676668416,negative,0.15894838135266348
1271598078689067008,negative,0.03840564920058137
1271598079087689728,negative,0.00026287908099298715
1271598079368663043,negative,0.05359087465943269
1271598079490260995,negative,3.4756179013684414e-05
1271598079532302336,positive,0.671337306919619
1271598079742017537,negative,0.06349743703886895
1271598079863554053,negative,0.00023401383018235538
1271598080442408960,negative,0.0002833791535977362
1271598082745085954,negative,0.029847324492047383
1271598082963247111,negative,0.0016737896560586971
1271598083047141383,neutral,0.4971689282361413
1271598083168538629,neutral,0.37137062280538924
1271598083718160384,negative,0.02219462288414203
1271598084414476290,positive,0.7878984431607639
1271598084800286720,negative,0.0017306761601493205
1271598085471440896,negative,0.0013391425022452087
1271598086083743744,negative,0.042364108019012636
1271598086851301376,negative,0.016878342473724942
1271598087035858945,negative,0.3040949491800166
1271598087065276418,negative,0.06767944512954789
1271598087249825794,negative,0.004304801242767708
1271598087497113603,negative,0.00016100482880607227
1271598087555948545,neutral,0.3542215593441729
1271598087648264192,neutral,0.34649228347486233
1271598088893890560,negative,0.03180962742221007
1271598089665642499,negative,0.017479316728356613
1271598091498672129,negative,0.012647944792544113
1271598091683184640,negative,0.0024392574860989938
1271598091993374721,negative,0.01719004681774222
1271598092115214337,negative,0.04216196266306605
1271598092144566274,negative,0.06067375102367972
1271598092429791233,positive,0.671337306919619
1271598092513619968,neutral,0.34117024056417766
1271598092886978561,negative,0.03547162266631169
1271598092903763968,negative,0.015661262735491132
1271598093356527616,negative,0.019585188083049366
1271598093503528961,positive,0.7878984431607639
1271598095063810050,negative,0.00019984109669266473
1271598095239917568,neutral,0.44280614448065786
1271598095382589440,negative,0.16437877331818024
1271598095785250817,negative,0.13223660272479967
1271598095827120130,negative,0.013722089811662992
1271598095860666368,negative,0.0011436552295596978
1271598096015908865,neutral,0.6349245451717109
1271598096808640517,negative,1.0271106477875249e-07
1271598096863150081,negative,1.483038702385533e-05
1271598096863170566,negative,0.268759511478412
1271598097005785088,negative,0.00015194828200427033
1271598097051729920,negative,1.4214576443322349e-05
1271598097093865473,neutral,0.49789225920557484
1271598097211232256,negative,0.0787981515100334
1271598099203588097,negative,5.228997440017325e-07
1271598099216162818,negative,0.003584587573599786
1271598100222668800,negative,1.5614538850636403e-07
1271598100784742401,negative,0.00028967189268688977
1271598100788977671,negative,0.007006140556179161
1271598100839370754,neutral,0.5977834989548008
1271598100956749824,neutral,0.3725458233667465
1271598100981874688,negative,1.668934601811228e-06
1271598101166514178,negative,0.007823042848881275
1271598101674033153,negative,0.0052377389269977655
1271598103494365190,positive,0.7878984431607639
1271598103863472128,negative,0.009445333732003855
1271598103955636225,negative,0.006037807319365434
1271598103976726528,negative,0.00019984109669266473
1271598104257724417,negative,0.04128357388082546
1271598104471654401,negative,0.0003145625250268503
1271598104727433217,negative,0.009272739832239805
1271598105151111169,negative,0.03988016535370237
1271598105197195265,negative,7.704362118212568e-05
1271598105209778177,negative,0.05909488874382952
1271598106191319042,neutral,0.4898631585877994
1271598106203893767,neutral,0.5844660558927414
1271598106379837440,neutral,0.40160181140451123
1271598106455482369,negative,0.19597490660505518
1271598107814494208,negative,0.0017650380977550831
1271598108087070721,negative,0.0019204012078376173
1271598108154216448,positive,0.7878984431607639
1271598108342980610,negative,5.777067332220201e-08
1271598108493918209,negative,0.00011791760518418482
1271598109378805761,negative,0.015482496204090129
1271598109806780418,negative,0.03272233978044458
1271598110112985088,neutral,0.4670100671583925
1271598110289117185,negative,0.20367766229747658
1271598110322708481,negative,0.0005358077387413497
1271598110721167366,neutral,0.5844660558927414
1271598111086034944,positive,0.8560290592048831
1271598112038096896,neutral,0.5533970533999424
1271598112168128514,positive,0.9119066581164684
1271598112377839616,negative,9.083535567067426e-06
1271598112574971904,negative,5.1064667367248355e-06
1271598112604327938,neutral,0.5136446707795853
1271598113023819781,neutral,0.4814216422911448
1271598113665490946,negative,1.377201163687307e-06
1271598113812291589,negative,0.00157921824750368
1271598113900371968,negative,3.262796994869556e-05
1271598114181390336,neutral,0.3381189830050101
1271598114282123265,negative,0.0009538224129284527
1271598114835750913,negative,0.0010272013420570506
1271598114953199618,negative,5.609324889412079e-05
1271598115351642114,negative,0.0012767735019782135
1271598116618113024,negative,0.005014943087364652
1271598117217959936,negative,0.24190043021159235
1271598117238996994,negative,1.3246117043244962e-05
1271598117910204416,negative,0.060490407011491755
1271598118090481665,negative,0.031252089843059085
1271598118522572800,negative,0.007642484822841732
1271598118614827010,negative,0.2701071699224488
1271598118736404482,neutral,0.6036802031617744
1271598119852138497,negative,2.0045161784882654e-06
1271598120296566785,neutral,0.5106289138987727
1271598120963575811,negative,0.03180962742221007
1271598121387274240,negative,0.008178362527209763
1271598121500520449,neutral,0.49789225920557484
1271598121567637505,neutral,0.4064281066055449
1271598121777131521,negative,0.0021415096140588834
1271598121806675968,negative,0.13970052175251185
1271598122251272192,negative,0.00048559593649531447
1271598122448441345,negative,0.025253823303586633
1271598122511327232,negative,0.002242760137522403
1271598123215925250,negative,0.028829308868103528
1271598124616896515,negative,0.06267860474099735
1271598124683927558,negative,0.00157921824750368
1271598124692373504,negative,0.26812582956602965
1271598125204078592,negative,0.0049024829505844945
1271598125434785797,negative,1.5244750353326087e-08
1271598125715730434,negative,0.282377927949972
1271598125765951488,negative,0.08132925342683112
1271598126202306561,neutral,0.5078939889731962
1271598126663598080,negative,0.04452883692303285
1271598126953115649,negative,0.0021452870902011496
1271598127330533377,negative,0.19502423039687414
1271598127473217538,negative,0.012522383558444582
1271598129196957696,negative,0.003974054793904126
1271598129754836993,negative,0.00052877120802249
1271598129821990912,negative,0.0017635975660206106
1271598130132369410,negative,0.002354434163065829
1271598130283364353,negative,0.006019199506236265
1271598130488901634,negative,0.13666746933319543
1271598130534940675,positive,0.9615673433593547
1271598131147419650,neutral,0.4925319814792465
1271598131554254850,positive,0.9978101977729391
1271598133395492872,negative,9.189977806455046e-05
1271598133412331529,negative,0.005243070241829302
1271598133458481152,negative,0.0041757591234566835
1271598133491965952,negative,0.01719004681774222
1271598133521285121,negative,0.053402077425382985
1271598134154670080,negative,0.32620683154629054
1271598134377033737,negative,0.0019049449200032925
1271598135039725569,negative,0.19077157295200275
1271598135228485632,negative,0.09754758486426898
1271598135249338369,negative,0.14197236713123318
1271598137614962690,negative,0.012676502386934916
1271598137744986113,negative,0.005894416270567474
1271598137854083072,negative,1.7420822590254172e-05
1271598137854111745,negative,0.0005351132759893319
1271598138005078022,negative,0.2178596778379981
1271598138399358977,negative,0.007032605876039598
1271598138743283713,negative,0.04739014385593059
1271598138932027392,negative,0.21921412548362115
1271598139494072320,negative,0.007657988082662639
1271598139691143168,neutral,0.437369725752128
1271598139812634624,negative,0.00016823968684374503
1271598139955388418,negative,0.02374125613834837
1271598140236455936,negative,0.008658099919513919
1271598141209444359,negative,0.012577331057344984
1271598141343752194,negative,0.1253996594205582
1271598141553418246,negative,0.00035625677862029427
1271598142094524416,negative,0.012164792431929873
1271598142128078848,positive,0.9976765698540261
1271598142501408768,negative,0.012676502386934916
1271598142853713921,negative,0.0005358077387413497
1271598143331799040,negative,0.025152324668022856
1271598143361163265,neutral,0.6200590102455651
1271598143378018305,negative,0.0019204012078376173
1271598144028061697,negative,0.0003659530760728328
1271598146011959299,negative,0.2824876424311173
1271598146305454082,negative,3.989741608300387e-06
1271598146389491714,negative,0.043598371671244036
1271598146922188806,neutral,0.4919151968743352
1271598146934788099,negative,0.009984974380686858
1271598147068997632,negative,0.005702699930454052
1271598147203149824,negative,0.0017431975231913528
1271598147270311939,negative,0.0020820088904731087
1271598147341561856,negative,2.7698444706359165e-05
1271598147706462209,negative,0.0010544497805837873
1271598147966586880,negative,0.002418228708076309
1271598148176220161,positive,0.7500377016963704
1271598148176224256,negative,0.0031380462099212607
1271598148222439427,negative,0.0026023019266201253
1271598148281143296,negative,0.012676502386934916
1271598148310441985,negative,0.2644615687732715
1271598148398579712,negative,0.011703220097117726
1271598148700590080,negative,0.02059462778075557
1271598148725678088,negative,0.10314861762569424
1271598149610737664,neutral,0.6200590102455651
1271598149740593152,negative,0.03840564920058137
1271598149891772416,negative,0.0003347158223056741
1271598150533419014,positive,0.8560290592048831
1271598150869024771,negative,4.954271055584559e-05
1271598151078723590,negative,0.06756897342989703
1271598151418478594,negative,1.5804032492840705e-06
1271598152391561216,negative,0.16162672419013735
1271598153419063297,neutral,0.4147342023902695
1271598154379649025,negative,0.007599598437030047
1271598154723491840,negative,0.00016823968684374503
1271598155130380289,neutral,0.37137062280538924
1271598155327574016,negative,0.17870078326640873
1271598156006989824,negative,0.029099837127491212
1271598156019568647,negative,0.04980515225483308
1271598156057210880,negative,0.0005552560224977691
1271598156065714178,negative,0.017902411391339176
1271598156065767425,negative,0.04776276729038092
1271598156074102786,neutral,0.6464141294422444
1271598156078350337,negative,0.07502432135491939
1271598156095127552,negative,3.94883546444668e-07
1271598156111806464,negative,0.13735603130602997
1271598156178837504,negative,0.0075272824851557165
1271598156229349377,negative,0.04495357886299508
1271598158460727296,negative,9.265558082163734e-06
1271598158858948608,negative,0.001919560641457895
1271598158951387136,negative,0.00011341912160628809
1271598159001792512,positive,0.6624055896622104
1271598159358242818,negative,0.07218329575012332
1271598159811293184,negative,9.250877231731503e-05
1271598159983149056,negative,0.00013066245250423222
1271598160000036864,negative,1.8066554511466122e-05
1271598160054489094,negative,0.09085561416420404
1271598160427679744,negative,1.5573828010895268e-07
1271598162201808896,negative,0.014706026733718415
1271598162407538692,negative,0.004074047576496962
1271598163229659138,negative,0.004648896468107872
1271598163351277573,negative,0.0651017219642605
1271598163716124672,negative,0.2473832551134976
1271598164320100352,negative,7.2884477388465e-05
1271598164571799552,negative,0.0049024829505844945
1271598164655603717,negative,0.0004918445083161235
1271598165465194496,negative,0.008679378831457526
1271598166513725443,negative,0.14905011436746882
1271598166660526080,negative,0.13223660272479967
1271598166736097280,negative,0.0023170344461177867
1271598166991941632,negative,0.0032445842554407653
1271598167188963331,negative,0.09398308202945528
1271598167247683584,neutral,0.49789225920557484
1271598167600115714,negative,0.05646824023323966
1271598167612588032,negative,0.003948632189898601
1271598167700758529,negative,0.009925182090391355
1271598167851773952,negative,0.2726519006423847
1271598168229232642,positive,0.8364860004538318
1271598168317329411,negative,0.011767763688193359
1271598168526991360,negative,0.0005358077387413497
1271598168677986304,neutral,0.6549879982098531
1271598168682172419,negative,0.0045742993991651935
1271598170603163651,negative,0.002886944683696644
1271598170607366145,neutral,0.35451443008515343
1271598170720608262,negative,0.03524389619559871
1271598171089666050,positive,0.9787696559167121
1271598171093897221,negative,2.4173075920074708e-05
1271598171152625665,negative,0.05715304496643487
1271598171194605568,negative,0.029160432015274185
1271598171454689280,negative,0.13083735126583557
1271598172352249861,positive,0.7878984431607639
1271598172465438725,negative,0.0017992158629631578
1271598172587134981,negative,0.00012973628862037405
1271598172649992192,negative,5.4603155814659825e-05
1271598172704555008,neutral,0.4505300336640562
1271598172712906756,negative,2.401015300702301e-07
1271598172822003712,negative,0.24190043021159235
1271598173157560327,negative,0.01655022480749108
1271598173371408388,neutral,0.4971689282361413
1271598173409234945,negative,0.011440303317509944
1271598175091134469,positive,0.7878984431607639
1271598175112114181,negative,0.0049024829505844945
1271598175510552576,negative,0.24024125806747199
1271598175820771329,positive,0.9319216049970304
1271598175871209480,negative,6.793494122188895e-08
1271598176894672896,negative,0.3101422954791652
1271598177032888320,negative,1.5478852763516434e-06
1271598177079177217,negative,0.0024392574860989938
1271598177175642112,negative,0.0005818677535884901
1271598178647842817,neutral,0.5356448639912923
1271598178937290752,negative,0.008009895716674934
1271598179411255296,negative,3.262796994869556e-05
1271598179511758848,negative,0.03311309785054351
1271598180564701185,negative,0.0003721840647809712
1271598180589883392,negative,3.287972913608189e-05
1271598180682121222,negative,0.03392608872251922
1271598180807905282,negative,0.0014214476222629195
1271598184238809088,negative,0.01969205560253852
1271598184255467520,neutral,0.47612382219919186
1271598184415051776,negative,0.000403579774307887
1271598184423448653,negative,0.006726160116820655
1271598184456957953,positive,0.7878984431607639
1271598184662523904,neutral,0.3358389660871344
1271598184712855552,negative,0.161502174641142
1271598184905805825,positive,0.9093946120793668
1271598185035829259,negative,0.142041398655004
1271598185371308032,negative,0.05042823739487247
1271598187376238594,negative,0.0013327655293858542
1271598187665674241,negative,0.0029603755942041385
1271598187883552768,negative,0.0031380462099212607
1271598188386869248,positive,0.9999989078734184
1271598188575756296,negative,0.0005955793925200283
1271598188663734272,negative,0.00027585667296755586
1271598188894597123,negative,0.05909488874382952
1271598188911382534,negative,0.029160432015274185
1271598188919652352,negative,0.0004841943005241228
1271598189037203457,neutral,0.3381189830050101
1271598189112688640,negative,0.002635600001373739
1271598189418774528,negative,0.019902541441685205
1271598189699883013,positive,0.7564135952241731
1271598190882631680,negative,0.025423849341311082
1271598191499259910,negative,0.11406351110031648
1271598191599902720,positive,0.9996760839193108
1271598191855710208,negative,0.0931484765041337
1271598191964835840,negative,0.043598371671244036
1271598192111636480,negative,0.0010124928719095897
1271598192476463104,negative,0.006037807319365434
1271598192874999815,negative,0.01073405466198634
1271598193155936262,neutral,0.3663177838328366
1271598193172639744,negative,0.004618487373893834
1271598193898172417,negative,0.07268283473336934
1271598195655802884,negative,0.0005351132759893319
1271598196171649026,negative,0.0010544497805837873
1271598196213587976,neutral,0.3381189830050101
1271598196838617091,neutral,0.6594073068999112
1271598196859572225,positive,0.7391856487794277
1271598196930883585,negative,0.0004493944919482128
1271598196968521728,negative,0.005894416270567474
1271598198013014017,negative,1.7420822590254172e-05
1271598198017142784,negative,7.057381430586534e-06
1271598198138777602,negative,0.0012767735019782135
1271598198398877701,negative,0.05909488874382952
1271598198516117504,negative,0.008189279664070856
1271598198654713866,negative,0.005894416270567474
1271598199711678467,negative,0.17597742879733788
1271598200357617667,negative,0.009272739832239805
1271598201108262915,negative,0.13735949575473483
1271598201225830400,negative,0.002526904577863
1271598201431306241,negative,0.0002102028423588158
1271598201695502336,negative,0.26029242966737215
1271598201716576256,negative,0.023063762581448332
1271598202010075136,negative,0.006267921006529414
1271598202223882241,negative,0.0005192140497531727
1271598202530287616,negative,0.01969579805630493
1271598202903572490,negative,0.005894416270567474
1271598203213881344,negative,0.019275600566481994
1271598203268403210,negative,6.547150004312279e-07
1271598204400828417,negative,2.0314056196711032e-06
1271598204585480194,negative,0.026594391015495343
1271598205256585217,negative,1.69597407704258e-05
1271598205508214784,negative,6.746014266789122e-05
1271598205826981890,negative,0.08346383870731802
1271598206531579904,negative,0.20695132830432936
1271598206607151104,negative,0.0007969433097646404
1271598206955241473,neutral,0.4864827405454799
1271598207584305153,negative,0.029353399028569177
1271598208335130624,negative,0.03416143747831388
1271598208473432064,negative,0.0049024829505844945
1271598209031303168,negative,5.695857302171394e-06
1271598209060798466,negative,0.24190043021159235
1271598209463390208,negative,3.262796994869556e-05
1271598209496944641,negative,0.03180962742221007
1271598209555668994,positive,0.7878984431607639
1271598209643749376,negative,0.13667982455125166
1271598209752801280,negative,0.08088527887921566
1271598209962516483,neutral,0.35451443008515343
1271598210507845644,negative,0.004200242610828894
1271598210755309568,negative,0.03980030593590898
1271598212525293571,negative,0.006185190395620605
1271598212734873600,negative,0.09868560958701918
1271598212764205056,negative,0.0049024829505844945
1271598212953051136,negative,0.32240292313138746
1271598213343125505,negative,0.24190043021159235
1271598213716377601,negative,0.007974450836296689
1271598213967908864,negative,0.007012448520741336
1271598214689456128,negative,0.05610309040052827
1271598217180909569,negative,0.2772523594959813
1271598217394823172,neutral,0.37137062280538924
1271598217499680769,negative,0.007954934633077601
1271598217935884290,negative,0.2625215642370314
1271598217956700165,negative,0.01719004681774222
1271598218015621120,negative,0.05689832123619928
1271598218141368321,negative,0.00019984109669266473
1271598219106095105,negative,0.0018245717156781035
1271598219965890560,neutral,0.5078939889731962
1271598220842618880,negative,0.0031689228047026997
1271598220897107970,negative,0.0049024829505844945
1271598221010190336,negative,0.001842031509920941
1271598221039632386,positive,0.9966132796774108
1271598221043826689,negative,0.10167601110184175
1271598221123616771,negative,0.006888822279433622
1271598221291327489,negative,0.00043147483177203986
1271598221912092675,negative,0.08002465081650481
1271598221962379264,negative,0.06309614197272938
1271598222017024001,negative,1.176706131424099e-05
1271598222365073411,negative,0.055729676515545584
1271598225330442240,negative,0.005894416270567474
1271598225364049921,neutral,0.4420606323680076
1271598225619902464,negative,0.02301667247206716
1271598225703788544,negative,0.10596032879096728
1271598226152579073,negative,0.0071479933406052385
1271598226316111872,negative,0.0882311381289216
1271598226848825344,neutral,0.402351277127366
1271598227213737984,negative,0.008720549738893395
1271598227419258881,positive,0.8670001297641313
1271598229608595456,negative,3.759814752818217e-05
1271598230644629506,negative,0.0027150223866055138
1271598230770462725,negative,0.058819150369799546
1271598230812442626,negative,0.1286701841404814
1271598231026307073,negative,0.0017380276195492809
1271598231781347330,negative,0.14789938647516646
1271598231844270080,positive,0.7878984431607639
1271598233572294657,negative,0.012447427632221408
1271598233878437890,negative,0.006481674552523457
1271598233911996418,negative,0.31231732632982556
1271598234130137089,neutral,0.35451443008515343
1271598234734080001,negative,0.0005351132759893319
1271598235241648133,negative,0.023881704366282723
1271598235275100161,neutral,0.437369725752128
1271598235359023105,positive,0.7234751529612524
1271598235388436487,negative,0.021468205824297266
1271598235765833732,negative,0.00023210368265778503
1271598235828830208,negative,0.13796582911837552
1271598236030173187,negative,0.0002833791535977362
1271598236097302530,negative,0.01672984848228456
1271598236608888833,negative,0.00256211813591583
1271598236617388038,negative,0.30647691423800943
1271598237766516737,negative,0.2847093328097419
1271598238362152961,negative,0.00028636209684804935
1271598239276503041,negative,0.18988403623910766
1271598239553212416,negative,0.12239827232910852
1271598239804911616,negative,0.0036819084354731664
1271598240283197445,negative,0.3258612946968692
1271598240350289920,positive,0.9973235232696616
1271598240652234754,negative,0.0007969433097646404
1271598241088446465,negative,0.018616442177140372
1271598241868582912,positive,0.7878984431607639
1271598242908815365,negative,0.0021648206226646664
1271598242921316352,neutral,0.5994534969101798
1271598243206574087,negative,0.007910618141662037
1271598243739324416,negative,0.00016628924848785266
1271598243856539650,negative,0.2824876424311173
1271598244049666054,negative,0.022245391777480614
1271598244125118465,negative,0.0025107588687328353
1271598246004240384,negative,0.10028076796832976
1271598246096445441,negative,7.806394353945723e-08
1271598246281052160,negative,0.00019984109669266473
1271598246482378757,negative,7.95196526314237e-06
1271598246570471424,negative,0.02726162813814235
1271598246624927750,negative,0.001713510430323396
1271598246926798848,negative,0.010036326833641442
1271598247128293377,negative,0.018231076434766017
1271598247128322048,negative,4.7272727331177665e-08
1271598247363121157,neutral,0.4545729117725756
1271598247426043904,negative,0.025527589564474408
1271598247761543170,negative,0.008573513219027612
1271598247987965952,negative,6.071718590547489e-05
1271598248034070528,negative,0.06545220731915767
1271598248508174337,negative,0.2013198904030459
1271598250240487425,negative,4.729272501205474e-05
1271598250299215873,positive,0.9071251711606904
1271598250445934595,negative,0.012017192431571493
1271598250718638082,negative,0.00021405623982687552
1271598250945060865,neutral,0.3687191056224944
1271598251406495745,negative,0.07618834533271573
1271598251414818817,neutral,0.44923837596776595
1271598252140486657,negative,0.2393078170734598
1271598252606005251,negative,3.262796994869556e-05
1271598252610084864,neutral,0.602242899185409
1271598252765429765,negative,0.005570813185070738
1271598252995932160,negative,0.04269907076138966
1271598253092593670,negative,0.044995808230143215
1271598253155500032,negative,0.00019984109669266473
1271598254518677508,negative,0.0010033410433637482
1271598254854148096,negative,0.05670946645000067
1271598254950682625,negative,0.3155990631147836
1271598257039454213,negative,1.3187410708117482e-06
1271598257316249601,negative,0.15590454891793734
1271598258700398593,negative,0.28768430820383784
1271598259010748417,negative,0.02428248049254861
1271598259081842688,negative,0.026091745880890922
1271598259211993089,negative,0.13191625478649
1271598259627147264,positive,0.8634447065160048
1271598259673366529,negative,0.3248410612445367
1271598259874803712,neutral,0.437369725752128
1271598259925127168,negative,0.0012179379642450823
1271598259937652736,negative,0.00016628924848785266
1271598260868788226,negative,0.0049024829505844945
1271598263154737155,negative,0.0077327770666584805
1271598263960047616,negative,0.005894416270567474
1271598264190672896,negative,0.048358560741624534
1271598264584994816,negative,0.01719004681774222
1271598264853450753,negative,0.0013391425022452087
1271598265490984960,negative,0.043623099728207396
1271598267248361472,negative,1.8066554511466122e-05
1271598267260973058,positive,0.7878984431607639
1271598267411959808,negative,3.3141745801475014e-05
1271598267898441729,negative,7.052155795352239e-15
1271598268515041280,negative,0.015072832971280543
1271598269160923137,positive,0.9787696559167121
1271598269244809221,positive,0.8682281387333595
1271598269530025985,negative,0.00027904261984271076
1271598269622337539,negative,0.0006018679628487836
1271598269710438405,negative,0.0001416548506366076
1271598269945319425,neutral,0.3381189830050101
1271598269953703937,negative,0.2889782600489871
1271598269999845377,negative,0.006759802676185766
1271598270138195970,negative,0.07592634041168378
1271598270322741248,negative,0.3040949491800166
1271598271602077697,neutral,0.49789225920557484
1271598271803293697,negative,0.00012620416619300753
1271598272461889536,neutral,0.3772243943709667
1271598272562503681,negative,0.2178596778379981
1271598272805732353,negative,1.4297321658902767e-09
1271598272935866373,negative,0.00048719743350714254
1271598273246216194,negative,0.00046762197326962054
1271598273715998720,negative,0.06700650490729922
1271598275800510464,negative,0.031051668411641604
1271598276073132034,negative,0.08818161423987897
1271598276454866944,negative,0.00019984109669266473
1271598276551344128,positive,0.9971599453449101
1271598276727496704,negative,0.0004989512452564605
1271598276740087813,negative,0.0049024829505844945
1271598276903604225,negative,0.12950625870450028
1271598277935484928,neutral,0.41781860539170623
1271598278090645506,negative,0.24092949526229332
1271598279738998786,negative,0.0035593124535974827
1271598280254906369,negative,1.2450066479316996e-06
1271598280267489280,negative,0.3040949491800166
1271598280678551554,neutral,0.6222793395156702
1271598281211154432,positive,0.8287490970904776
1271598281307676675,negative,0.12470830858519744
1271598281559326722,negative,0.0048031083353694045
1271598281676795905,negative,0.0020420342704147664
1271598281878102016,negative,0.0009833501624424573
1271598281945120769,negative,6.235445631675315e-06
1271598281995497472,negative,0.04886225666901804
1271598283010514947,negative,0.002395107361095619
1271598284004605963,negative,0.00013984067866413638
1271598284633751553,negative,0.017810689853548525
1271598284709167110,negative,0.08543006907936485
1271598284721786882,negative,0.0049024829505844945
1271598284788752384,negative,0.19502423039687414
1271598285044830220,negative,0.0002833791535977362
1271598285116133376,negative,0.07613036490264477
1271598285388742656,negative,0.0010574439661692945
1271598285606789121,positive,0.9969884738116033
1271598285694869504,negative,0.05058021939075474
1271598285795610624,negative,0.3155990631147836
1271598286420361216,negative,0.0049024829505844945
1271598286760263680,negative,0.01719004681774222
1271598286944821248,negative,0.049625321015014164
1271598288467300353,negative,0.002014998529721484
1271598288664514565,negative,0.13475453994927397
1271598288886693890,negative,3.4756179013684414e-05
1271598289289449475,negative,0.04251423792646359
1271598289339789318,negative,0.1528585303433575
1271598289968758784,negative,0.14358292134467315
1271598290258231296,negative,0.0003406518265563171
1271598290275053569,negative,7.052155795352239e-15
1271598290329645057,negative,0.1194251928928092
1271598290518376448,negative,0.0011721345138220143
1271598290635816962,negative,0.035414501441925865
1271598290728075275,negative,0.03980030593590898
1271598292724523008,neutral,0.437369725752128
1271598292820996098,negative,0.005894416270567474
1271598293177511938,neutral,0.33758533303423804
1271598293278240770,negative,6.547150004312279e-07
1271598293353730049,negative,0.046484769731093445
1271598293794140160,negative,2.7336254201504085e-05
1271598293966106624,negative,0.1154759273975014
1271598294381350912,negative,1.3647027687336287e-06
1271598295387975681,negative,6.547150004312279e-07
1271598296730152960,negative,0.004304179935250414
1271598296969216001,negative,0.020460072799473802
1271598297040302080,negative,0.03702471073184877
1271598297191505920,neutral,0.48196981190209903
1271598297225011201,negative,0.06166836267657191
1271598297359298561,negative,0.029160432015274185
1271598297367674880,negative,0.025423849341311082
1271598297770328078,negative,0.04128357388082546
1271598297795506190,negative,0.000339688469539509
1271598297833246721,negative,0.0021452870902011496
1271598297912836101,negative,0.0004873442880614934
1271598298361745410,positive,0.671337306919619
1271598298504351744,positive,0.8560290592048831
1271598298562994176,negative,0.00019984109669266473
1271598298684624897,negative,0.0005351132759893319
1271598300697964544,negative,4.306354617242347e-05
1271598301834547200,negative,0.00019984109669266473
1271598302048317440,negative,0.0006231497894395036
1271598302400860165,negative,0.004199007223133267
1271598302748966915,negative,0.007586868739720537
1271598302849531910,negative,0.12355953697292549
1271598302899863552,negative,1.5677530179259305e-08
1271598302941896704,negative,0.0001426530928375373
1271598303222927361,negative,0.10062534614280487
1271598304623767553,negative,0.0021065164622858642
1271598304724504577,negative,0.1653660353313202
1271598305307504645,negative,0.15590454891793734
1271598305546559488,negative,0.0002967224959500136
1271598305785581570,negative,5.705696199977568e-08
1271598305819217922,negative,0.0013743479147758988
1271598305823375366,negative,5.034024515756691e-09
1271598305961807874,negative,0.0009651300620894809
1271598306003746816,neutral,0.37137062280538924
1271598306351894530,negative,0.10798390454567959
1271598306767101954,negative,0.02655354672678872
1271598306875961344,negative,0.0029094496708346666
1271598306993541121,positive,0.7878984431607639
1271598307328978944,negative,1.2296254167430368e-07
1271598307580796934,neutral,0.34117024056417766
1271598307878604801,negative,0.0005358077387413497
1271598309027741699,negative,0.1367651294310149
1271598309086507008,negative,0.013078334428387274
1271598309715644417,negative,0.3040949491800166
1271598309774430210,negative,0.17789058408954797
1271598309778612225,neutral,0.33529275291902494
1271598309883342854,negative,0.15590454891793734
1271598309921226755,negative,0.012249342821084155
1271598310210535424,negative,0.002122826681086467
1271598310449545217,negative,0.005232926942877154
1271598310860689409,negative,2.0906663983748574e-06
1271598311636688896,negative,4.143742682840951e-05
1271598311720583168,negative,0.01722608034783812
1271598313276682246,neutral,0.47992950977680293
1271598313306021892,negative,0.008658099919513919
1271598313402400768,neutral,0.5382559630277205
1271598313570103296,neutral,0.378804211602009
1271598313658363904,negative,0.023336692626154305
1271598313662447616,negative,0.03840564920058137
1271598313670877196,negative,0.011767763688193359
1271598313729646592,negative,0.32620683154629054
1271598313729658882,negative,0.00010362574406025708
1271598313746436097,negative,0.02986553712777523
1271598313784123394,neutral,0.60143295910391
1271598314018963456,negative,0.0010124928719095897
1271598314174074880,negative,0.16942395525971868
1271598314585276417,negative,0.01719004681774222
1271598314597859328,negative,0.0014430253150947822
1271598314706874368,negative,0.0023336165182730995
1271598314912313344,negative,0.00021323646588724418
1271598315034083330,negative,0.007798982577035933
1271598317449994246,negative,0.29418641258187755
1271598317580017664,negative,0.30683214969479233
1271598317634453511,negative,0.18909143581032145
1271598317768552448,neutral,0.4901509385934901
1271598317810712576,negative,0.005626392366426678
1271598317831667714,negative,0.01879425341181135
1271598318108327936,neutral,0.34117024056417766
1271598319278657536,negative,1.7746080916783892e-07
1271598319370895362,negative,0.02406464017457059
1271598319425523712,negative,0.0018621124932638846
1271598319693946883,negative,0.07365918978461417
1271598319698051073,neutral,0.3381189830050101
1271598320381825024,negative,0.00016628924848785266
1271598320792862721,negative,7.068318948227815e-05
1271598320914481152,positive,0.9997580264596364
1271598321577189377,negative,0.0017219982098385736
1271598322202140672,negative,0.009372305320532348
1271598322273456135,negative,5.594148198836902e-06
1271598322445402117,negative,0.00016628924848785266
1271598322621521921,negative,0.0319832305431049
1271598322961317889,negative,0.00022914088582834575
1271598323502321665,negative,0.011441480875529703
1271598323665944576,negative,0.008658099919513919
1271598323699535872,negative,0.06800725531065226
1271598324345384973,negative,0.00017352200090689095
1271598324492238850,negative,0.03126835310781357
1271598324802437120,neutral,0.41661895030617113
1271598324844503040,negative,0.11539909781174437
1271598325087834112,negative,2.5144893589907698e-05
1271598326123724802,negative,0.0031126700648045186
1271598326136233984,negative,0.23568651887278078
1271598326476165122,negative,0.00019984109669266473
1271598326866206720,negative,9.345610740760639e-05
1271598326966824962,negative,0.20663116495501635
1271598327424061440,negative,0.18019535250716578
1271598327579193345,negative,0.0034351024886796126
1271598327893766144,negative,0.0011181448474606006
1271598328149663746,negative,0.045030335270114887
1271598328388571136,negative,0.01719004681774222
1271598329978392576,negative,0.03416143747831388
1271598330481704960,negative,0.008658099919513919
1271598330624315393,negative,0.01879425341181135
1271598331106676738,negative,9.208034378177232e-05
1271598331345743875,negative,0.053728919940624835
1271598332415279104,negative,6.903690428136312e-07
1271598332767539207,negative,0.06756897342989703
1271598332830498817,negative,0.00023882966192448517
1271598335489724417,negative,1.8066554511466122e-05
1271598335560953859,negative,0.025152324668022856
1271598335971848193,neutral,0.3658336169481177
1271598336320122880,negative,0.08177121938743333
1271598336500543489,negative,0.014526732885400169
1271598336726822913,negative,0.08002465081650481
1271598336949223424,negative,0.00016628924848785266
1271598338165612544,negative,5.034024515756691e-09
1271598338362806272,negative,0.005717096464096779
1271598339486867456,negative,0.0014450677079821195
1271598339566567424,negative,0.09479322597697783
1271598339860189190,neutral,0.3381189830050101
1271598340266962944,negative,0.0005351132759893319
1271598340426231808,negative,4.50491123474092e-05
1271598340589998080,negative,0.0004989512452564605
1271598340912881664,negative,0.002169992923019391
1271598342531723265,negative,0.03923319319884837
1271598342804353024,neutral,0.4097360213275736
1271598342951272449,negative,0.035046673597049154
1271598343232331780,neutral,0.4919151968743352
1271598343597195264,negative,0.28112816092110127
1271598343601434625,negative,8.685531905947347e-05
1271598343815344129,negative,0.00047552337677736906
1271598343924350982,negative,0.2878730980493887
1271598343945404421,negative,0.000132376457949845
1271598344679223296,negative,0.03702471073184877
1271598345044340736,negative,0.041863098365780615
1271598345119764480,neutral,0.41661895030617113
1271598345199460353,negative,0.22513179180885018
1271598345455353856,negative,0.0026290883475751756
1271598347048980480,neutral,0.3902134660359104
1271598347061735424,negative,4.908254204596775e-07
1271598348001259522,negative,0.00019984109669266473
1271598348479483904,negative,0.02726162813814235
1271598348491993089,negative,0.00019984109669266473
1271598348504576000,neutral,0.4507454498615163
1271598348936478720,negative,5.0058398476099015e-05
1271598348978528256,negative,0.00019984109669266473
1271598351004438529,negative,0.06994196782441826
1271598351058964480,neutral,0.35451443008515343
1271598351323201538,negative,0.25973443913933725
1271598351335723014,negative,0.1455958034777603
1271598351868289024,negative,0.2234587016537679
1271598352619188225,positive,0.684681524087661
1271598352623235072,neutral,0.5250137350369191
1271598353185374209,neutral,0.3381189830050101
1271598353336479745,negative,0.0004285341729758528
1271598353722363904,negative,0.19552563706121598
1271598355576168453,negative,3.0373461343041953e-05
1271598355739705345,negative,0.12273378680112947
1271598356100513792,positive,0.7878984431607639
1271598356414988288,negative,0.21765005307995183
1271598356696051718,positive,0.7878984431607639
1271598356738060288,negative,0.00016628924848785266
1271598356805156864,positive,0.7811538628498454
1271598356821917697,negative,0.00019984109669266473
1271598357396553733,neutral,0.3381189830050101
1271598358000472064,negative,0.12638575508756936
1271598358101135367,positive,0.9864231955275474
1271598358629511169,neutral,0.5950612311678684
1271598359372083206,negative,0.24190043021159235
1271598359653089281,negative,0.01719004681774222
1271598359791443968,negative,7.2884477388465e-05
1271598360332587009,negative,0.025152324668022856
1271598360542220289,negative,0.24270053556707355
1271598360747704322,negative,0.3248410612445367
1271598361221705731,negative,0.02726162813814235
1271598361276231683,negative,0.0025597592929858803
1271598361834127364,negative,0.0005351132759893319
1271598364115767296,positive,0.7878984431607639
1271598364627480583,negative,0.31732489718339985
1271598364765929472,negative,7.110215105563647e-09
1271598364971331584,negative,0.01394224286192618
1271598366020046852,negative,0.0006231497894395036
1271598366120706049,negative,0.0005398408134195537
1271598366242177024,negative,0.01719004681774222
1271598366284296197,neutral,0.3834122093626764
1271598367898992642,neutral,0.3381189830050101
1271598368226250754,negative,0.00025039076407772277
1271598368305840129,negative,0.04256490476029876
1271598368368844805,negative,0.0005351132759893319
1271598368486232065,negative,0.049625321015014164
1271598368972779526,negative,0.04692282387135488
1271598369253842944,negative,0.042756460493535355
1271598369576648704,negative,0.12239827232910852
1271598369702580224,neutral,0.3381189830050101
1271598369782235137,neutral,0.44654025683665294
1271598372529623040,negative,0.00023882966192448517
1271598373435564034,negative,0.015271358212807165
1271598373536239618,positive,0.7878984431607639
1271598373733380101,negative,0.03392608872251922
1271598373783642112,negative,0.13971399525614192
1271598374018584578,neutral,0.49789225920557484
1271598374236631042,negative,0.3248410612445367
1271598374358339585,negative,0.046484769731093445
1271598374412849154,negative,1.4087941363798072e-05
1271598376010649600,negative,0.1497822311135475
1271598376107335680,negative,0.3040949491800166
1271598376241504256,negative,0.02283848014645603
1271598376493219840,negative,0.15894838135266348
1271598376631574529,neutral,0.3592150091785483
1271598377055256577,negative,0.1256518955108437
1271598377256587265,negative,0.011703220097117726
1271598377592131584,negative,0.005894416270567474
1271598377671766019,negative,0.03739721917819511
1271598378363781122,negative,0.0007809020524228805
1271598378539982849,negative,1.56260701404286e-05
1271598380909826048,negative,0.052107072135803026
1271598380985221123,negative,0.00019984109669266473
1271598381606080512,negative,0.00025087234424520273
1271598381660585985,negative,0.00023882966192448517
1271598381832515588,negative,0.00023882966192448517
1271598381891190792,negative,0.0037668359875841838
1271598381970980871,negative,0.17789058408954797
1271598382721781767,negative,0.06809442624509073
1271598382813974530,negative,0.005477316271386722
1271598383078277121,neutral,0.3687191056224944
1271598383191515136,negative,0.0630355239562541
1271598383376019456,negative,0.1628976482749928
1271598383669673984,negative,0.0016737896560586971
1271598383686352897,negative,9.79469128605362e-07
1271598384437235713,negative,0.0016928098988438383
1271598384764391425,negative,0.002886944683696644
1271598384869183495,negative,0.20757850165123046
1271598385263509505,negative,1.5936469852570445e-07
1271598386186276864,negative,0.04692282387135488
1271598386324688896,negative,0.008316894369279295
1271598386467278851,neutral,0.3850948772444006
1271598387821936641,negative,0.0128245383174041
1271598388786663425,negative,0.029160432015274185
1271598388832845830,negative,0.15755753117255775
1271598389055143938,negative,0.018488602296359454
1271598389122273280,negative,0.007482040343368011
1271598389944254464,negative,0.001842031509920941
1271598390216974337,negative,0.021461148101751475
1271598390305054720,negative,0.008658099919513919
1271598390321676293,negative,0.00048559593649531447
1271598390485360641,negative,0.0023146817079828376
1271598390913236992,negative,0.00025521795545906155
1271598392985124865,negative,0.003645142796826916
1271598393324863490,negative,0.000132376457949845
1271598393329176577,negative,0.026538389128058414
1271598393652109312,negative,0.0027150223866055138
1271598393723363328,negative,0.0006755598966081016
1271598393782153219,negative,0.12223370080603098
1271598394742419457,negative,0.001842031509920941
1271598394952351745,negative,1.175642106011839e-05
1271598395375923205,negative,0.22875236496733742
1271598395841527808,negative,0.00010388548092725594
1271598396470591490,negative,0.0007580173523928184
1271598396508438529,negative,0.15797133755319195
1271598397452161027,negative,0.00021323646588724418
1271598397523292160,positive,0.9996654724645097
1271598397536047105,negative,0.025527589564474408
1271598397682782209,negative,0.212909346641467
1271598398416838659,negative,0.00012107840242147826
1271598398647525381,negative,0.03392608872251922
1271598398680911872,negative,0.015587129195576853
1271598398735552512,negative,0.19732532265434577
1271598398899183616,negative,0.01879425341181135
1271598399008227335,negative,9.250877231731503e-05
1271598399310233608,negative,0.2889782600489871
1271598399318564864,negative,0.18909143581032145
1271598399322828801,negative,0.15590454891793734
1271598399595393024,neutral,0.5635907821093047
1271598399737995264,negative,2.610105663182056e-06
1271598400010674176,negative,0.11406473752433555
1271598400241369090,neutral,0.6405754145382067
1271598401730289665,neutral,0.6594073068999112
1271598402720194560,negative,1.2247758007565383e-05
1271598402757955585,negative,0.01703272552303868
1271598402808274944,negative,2.176419310581008e-08
1271598403017940997,negative,0.015411969190119088
1271598403294822402,negative,4.2188086891818296e-07
1271598403323981824,negative,0.0002833791535977362
1271598403579981824,negative,0.28112816092110127
1271598403710001154,negative,0.0735181729119545
1271598403852648453,negative,0.3194594848544355
1271598404037160961,negative,6.873679032925189e-07
1271598405639385089,negative,0.024266507849056956
1271598405643571201,negative,5.008513535851009e-06
1271598405735890945,negative,0.27713283053988486
1271598405840703489,negative,0.000935559896047556
1271598406243360768,negative,0.025423849341311082
1271598406482432001,negative,0.10322884212948914
1271598407459667968,negative,0.03180962742221007
1271598407757574144,negative,0.004761259269558032
1271598407816282112,neutral,0.4925319814792465
1271598407828766721,negative,0.10468083000665482
1271598407967215617,neutral,0.60143295910391
1271598409753989120,negative,0.0398406189036926
1271598410181808128,negative,0.0011581771065540395
1271598410332663808,positive,0.9882423418625247
1271598410668355585,negative,0.18909143581032145
1271598410790064129,negative,0.039286133369671385
1271598410940833792,negative,7.348952031806204e-06
1271598410991353856,negative,0.005991157520707411
1271598411083644932,neutral,0.45650687803085166
1271598411406548992,negative,0.3148786518263568
1271598411561697281,negative,7.236773637704521e-08
1271598411779919874,negative,0.00019984109669266473
1271598413814140930,negative,0.25367821915720035
1271598413948354568,negative,0.142764183258788
1271598414401282049,negative,0.18108766465601922
1271598414476738560,negative,7.95196526314237e-06
1271598414657134595,positive,0.9071251711606904
1271598416024473601,negative,0.11926130386633402
1271598416401846272,negative,4.1950500645196926e-05
1271598418360586241,negative,7.236773637704521e-08
1271598418625003522,negative,0.308199125160694
1271598418742345730,positive,0.9860628416258699
1271598419241365504,negative,0.03695208748753567
1271598419510022145,positive,0.8521924025026527
1271598419564539912,negative,0.0013391425022452087
1271598419732127744,neutral,0.37137062280538924
1271598419761434625,neutral,0.48728019602140255
1271598419761598466,negative,0.014731221080776812
1271598420126384128,negative,0.10468083000665482
1271598420269191168,negative,0.013422656322708688
1271598420801785856,negative,0.031442179534935034
1271598420860579840,negative,5.4384303547585064e-05
1271598422651437056,negative,0.2675637579473606
1271598422722740226,neutral,0.5150519242632967
1271598423163179008,negative,7.34085919362028e-06
1271598423473639440,negative,0.05952519289747215
1271598423821737987,negative,0.01571365863287132
1271598424199176192,negative,0.0016480173314761264
1271598424375341056,negative,0.00019984109669266473
1271598424555532288,positive,0.7878984431607639
1271598424664801280,negative,1.0357769214090142e-05
1271598425105207296,negative,0.012157219429847021
1271598425709203456,negative,6.243921204846021e-05
1271598426577342464,positive,0.999925479458859
1271598427076358144,negative,0.12239827232910852
1271598427168747520,negative,0.0005358077387413497
1271598427181219840,positive,0.7878984431607639
1271598427571392512,negative,0.025423849341311082
1271598427630186498,negative,0.03547588364154337
1271598427957268480,negative,0.12239827232910852
1271598428284485633,negative,0.07576476733212008
1271598428389285893,neutral,0.4097100818790701
1271598428502589440,positive,0.7500377016963704
1271598428641013762,negative,0.026594391015495343
1271598428854910977,negative,0.02374125613834837
1271598430670819328,neutral,0.5968150982210016
1271598430817857536,neutral,0.3362384558529034
1271598431132430336,neutral,0.3721511770634008
1271598431140790272,negative,0.0979875270003081
1271598431639830528,negative,0.0019660331236129296
1271598431639949315,negative,0.0007564012384373795
1271598431681818625,negative,0.008141104384684097
1271598432570900480,negative,0.10062534614280487
1271598432675864577,negative,0.0034351024886796126
1271598432713506817,neutral,0.47697210391394973
1271598432814272513,negative,0.0013391425022452087
1271598435028918273,negative,0.22862000958994236
1271598435305754631,positive,0.9111934265340792
1271598435599335425,negative,0.005442591338877343
1271598435607642113,negative,0.3040949491800166
1271598435960053763,negative,0.000777100380740199
1271598436475944969,negative,0.02734764205970332
1271598436664717312,negative,0.000132376457949845
1271598436832497664,negative,0.04522832744869091
1271598436891201537,neutral,0.502476659090554
1271598437117489152,negative,6.236105015602125e-07
1271598438862458887,negative,5.531874381028928e-05
1271598439739129858,negative,0.0007678019967471645
1271598440024285184,negative,0.03460441372915606
1271598440267632640,negative,0.0015135849796267815
1271598440309559299,negative,0.26690173662491395
1271598440368275457,negative,0.08088527887921566
1271598440544382976,negative,0.1462919561686419
1271598441148317698,negative,0.020317130529569682
1271598443622875137,negative,0.0005375920135690113
1271598443765456897,positive,0.7878984431607639
1271598443954348034,negative,0.000604224892077083
1271598444248006667,negative,0.005571168276509316
1271598444952670208,negative,0.002886944683696644
1271598444998725632,negative,0.010448761412340165
1271598445044928512,negative,0.00013750562349187725
1271598445111816192,negative,9.11530616152658e-07
1271598445153996802,negative,1.8066554511466122e-05
1271598445162356736,negative,0.0024062061310469113
1271598445560770561,negative,0.046484769731093445
1271598445820891136,negative,9.359697654600583e-05
1271598446051500037,negative,0.01655022480749108
1271598446051504128,negative,0.00033777355552436797
1271598447339229184,neutral,0.49241486973749066
1271598447439818752,positive,0.7878984431607639
1271598447657922562,negative,0.011703220097117726
1271598448526217216,neutral,0.5951675001484593
1271598449012678659,negative,1.56260701404286e-05
1271598449025302530,neutral,0.38024924020910944
1271598449054699521,negative,0.2013198904030459
1271598449293701121,negative,6.746014266789122e-05
1271598449314729985,negative,0.060490407011491755
1271598449327308803,negative,0.006483801834163422
1271598449763520512,negative,0.2013198904030459
1271598449868374021,negative,0.1985816741338463
1271598450245844992,negative,0.0014399628685933888
1271598450291945474,negative,0.03460441372915606
1271598451688648705,negative,0.008178362527209763
1271598451806162947,negative,0.004818338226078496
1271598451847987200,negative,0.006665940216345721
1271598451952963584,negative,0.15894838135266348
1271598452166799361,negative,0.000132376457949845
1271598452254875648,negative,8.085540355084972e-05
1271598453265702913,negative,0.00019984109669266473
1271598453399982083,negative,0.22268863279919515
1271598453546577920,negative,0.02772639301037019
1271598454079250437,negative,6.898181232754515e-05
1271598454083670017,negative,0.09094452121304596
1271598454293364737,positive,0.7878984431607639
1271598454477860866,negative,1.8066554511466122e-05
1271598454616272896,negative,0.005894416270567474
1271598454716854272,negative,2.987944245261539e-06
1271598454788304896,negative,0.0006142129083108273
1271598455253872641,negative,0.13189341021109688
1271598455849435139,negative,0.08343887924363161
1271598455912304646,negative,0.0005358077387413497
1271598456075886592,negative,0.0013861122586575497
1271598456654704647,negative,0.003396090401719769
1271598457070014465,negative,0.28768430820383784
1271598457229316100,negative,0.17789058408954797
1271598457258639363,negative,0.012756996521318642
1271598457413939200,negative,0.0028764241777459866
1271598457594228737,negative,0.0014713206993767212
1271598460144254976,neutral,0.6200590102455651
1271598460232318976,negative,0.07982305525781652
1271598460333146113,negative,7.725046249125521e-05
1271598460685279233,negative,0.09038507580680345
1271598460693856256,negative,0.03460441372915606
1271598460702199808,negative,0.28112816092110127
1271598460773576706,negative,0.17789058408954797
1271598460836483074,neutral,0.4317730433104586
1271598460878221312,negative,0.20186754572743498
1271598461096509440,negative,0.00016628924848785266
1271598461327224833,negative,0.015833967096808822
1271598461331308545,negative,0.02571703806061148
1271598461381677060,negative,0.00023882966192448517
1271598461771812864,negative,2.1605999540900326e-05
1271598462199619585,negative,0.00015330966648727102
1271598462392557568,negative,0.10947484028698869
1271598462635630592,negative,0.0018903419073713964
1271598464170934274,negative,3.262796994869556e-05
1271598464280002561,positive,0.6960689815178244
1271598464477077506,negative,0.007492293006742919
1271598464523284480,negative,0.00017352200090689095
1271598464758054912,negative,0.025527589564474408
1271598464774950912,positive,0.7500377016963704
1271598465118875648,negative,0.0012716824907590537
1271598465265565696,positive,0.7878984431607639
1271598465664122881,negative,0.006559688168382441
1271598465689292805,negative,0.10526069328460248
1271598465714356225,negative,0.047790162846966265
1271598465936695297,negative,0.06763388102207464
1271598465945145344,negative,0.26812582956602965
1271598466125516800,neutral,0.3381189830050101
1271598467190751233,positive,0.9992883090423528
1271598468298084352,negative,0.10267997803220505
1271598468402995205,neutral,0.482957860389373
1271598469346553856,negative,0.08002465081650481
1271598470374326272,negative,0.06756897342989703
1271598470445621250,negative,6.715968077645994e-05
1271598470512758785,negative,0.039661460600298876
1271598470709809154,negative,0.03460441372915606
1271598470709817344,negative,0.0005674796125662681
1271598472718843904,negative,0.25472943918112745
1271598473092173825,negative,0.08791087012486679
1271598473213693952,negative,0.023616674905484032
1271598473499066369,negative,7.648371397097482e-05
1271598473515880448,negative,7.236773637704521e-08
1271598473641631745,negative,0.00033860826385687115
1271598473696235520,negative,0.29966756244955867
1271598474161725443,negative,0.025953869613651103
1271598474174386176,negative,0.21139109066500397
1271598474224599045,negative,0.002886944683696644
1271598474312781825,negative,0.08991031756420025
1271598474430238727,negative,0.039309880892793664
1271598474568613889,negative,1.8066554511466122e-05
1271598474773925888,negative,0.24190043021159235
1271598475088715777,negative,0.05890280611549582
1271598475218759681,negative,0.006220593506123027
1271598475298213888,negative,0.005934072506219557
1271598475449372672,negative,0.039661460600298876
1271598475562627077,negative,7.559685904674855e-07
1271598476284039172,negative,0.005506497586904003
1271598477080846336,negative,0.04674479343127386
1271598477374631936,negative,0.00028064051338352034
1271598477454249985,negative,0.01719004681774222
1271598477513052160,negative,3.679225988201024e-05
1271598477596860417,negative,2.361422293767854e-05
1271598477617909760,neutral,0.49789225920557484
1271598477655539719,negative,4.56599035593349e-06
1271598477672316930,negative,1.8066554511466122e-05
1271598477785444354,positive,0.7878984431607639
1271598477869551621,negative,0.02734764205970332
1271598478238588929,negative,1.8066554511466122e-05
1271598478473519111,negative,6.4675117100569094e-06
1271598481187184641,negative,0.16181369063462486
1271598481304481792,negative,0.0002768430341845152
1271598481426100224,negative,0.19552563706121598
1271598481774391301,negative,0.09901705703503477
1271598481904410627,neutral,0.5161368038990678
1271598482210672643,negative,4.50491123474092e-05
1271598482370048001,negative,0.1268028451552595
1271598483099865094,negative,0.020317130529569682
1271598483292729349,negative,0.02726162813814235
1271598484924166145,negative,0.22515719221902394
1271598485381537793,negative,0.000931453988696888
1271598485557653504,negative,2.368219676743104e-06
1271598485830320128,negative,0.26812582956602965
1271598486228779009,negative,0.03840564920058137
1271598486446845953,negative,0.15281065610726066
1271598486874656768,negative,0.1952814587246654
1271598486916608000,negative,4.107269420261851e-06
1271598487180902400,negative,0.2130698455231711
1271598487310917633,neutral,0.49789225920557484
1271598488472690690,positive,0.9376878850995406
1271598489303166976,negative,0.0010956943939382383
1271598489475125249,negative,0.008359996569711365
1271598489546428416,negative,0.0011491562900666431
1271598489861001216,negative,0.00010387638329264353
1271598489970016257,neutral,0.4786607135820931
1271598490150264834,negative,1.8066554511466122e-05
1271598490158800896,negative,0.0031999969833396615
1271598491240980480,negative,0.00019984109669266473
1271598491291324417,negative,6.898181232754515e-05
1271598491782057984,negative,0.1256518955108437
1271598491870081024,negative,0.2864145558920463
1271598493627539456,negative,0.009272739832239805
1271598494369943554,neutral,0.3615329197357872
1271598494483189760,neutral,0.4801180056153849
1271598494864691200,negative,0.24190043021159235
1271598495233957893,neutral,0.4737554465528978
1271598495309402117,negative,1.048845726197555e-05
1271598495502348289,negative,0.1505073927745344
1271598496118947856,negative,0.0002487677856993227
1271598496341262336,negative,0.00023882966192448517
1271598496563343360,negative,0.025667753840381006
1271598496668364801,negative,0.026594391015495343
1271598496722890752,negative,0.28112816092110127
1271598498098659328,negative,0.02015142009494866
1271598498127937538,negative,0.13223660272479967
1271598498283171840,negative,0.007599598437030047
1271598498618769408,negative,0.045755813488707685
1271598499268890625,positive,0.9615673433593547
1271598499449036800,negative,0.0013924812939047882
1271598499570778112,neutral,0.5823104348448783
1271598500527079425,negative,0.0027999667539612173
1271598500543856641,negative,0.0052377389269977655
1271598502154510337,neutral,0.46543376170070994
1271598502389452801,negative,0.00021323646588724418
1271598502519336961,negative,3.0000957535041316e-05
1271598502674608128,negative,0.007954934633077601
1271598503047901185,negative,0.10798390454567959
1271598503194775554,negative,1.8066554511466122e-05
1271598503886761986,positive,0.794303224688961
1271598504444678144,negative,0.03896058433961167
1271598504633196544,negative,0.24190043021159235
1271598504763424768,negative,0.015946341074103896
1271598506436894722,negative,0.00033608279409710656
1271598506759856128,negative,0.04445217217724994
1271598506868867072,negative,0.07607258248687541
1271598507347107840,negative,0.07576476733212008
1271598507552538624,negative,0.0053182875795082995
1271598507594481665,neutral,0.4944315937339493
1271598507770761217,negative,0.0056992034320245515
1271598508534087680,negative,0.00016628924848785266
1271598510249586691,neutral,0.60143295910391
1271598510270373888,negative,0.014278261436745971
1271598510375407622,negative,0.029102715898109248
1271598510564048896,negative,0.047684199047655786
1271598510601834497,negative,0.18108766465601922
1271598510631038976,negative,0.262812288778474
1271598510987714560,negative,0.08818161423987897
1271598511021125635,negative,0.10468083000665482
1271598511050690562,negative,0.008264829921880833
1271598511239254016,negative,0.01719004681774222
1271598511528857606,negative,0.10329182763909436
1271598511650414593,negative,1.176706131424099e-05
1271598511944011776,negative,7.2884477388465e-05
1271598512338329600,positive,0.7636744993218761
1271598512409468929,negative,0.15654650000414608
1271598512614957057,positive,0.7488486930287965
1271598512787066886,negative,0.10329182763909436
1271598514741694465,neutral,0.3504250978451571
1271598515018498048,negative,0.0027150223866055138
1271598515454697475,negative,0.005020365432057038
1271598515626676224,negative,1.4922294206730067e-16
1271598515697913856,negative,0.05071951589855135
1271598516088037377,positive,0.8439453603753593
1271598516310364162,negative,7.920732009380778e-06
1271598516670996483,neutral,0.3902428906087468
1271598516717203457,negative,0.2074948730639853
1271598516801069057,negative,0.20265029243782418
1271598516851351552,negative,0.10947484028698869
1271598516960452615,negative,0.0045461213988903645
1271598518680109061,negative,4.508775402725889e-06
1271598519514730498,negative,0.005505815107613092
1271598519594258434,neutral,0.34868285646526054
1271598519636246528,negative,0.08002465081650481
1271598519690899457,negative,0.3155990631147836
1271598519963521024,negative,0.015946341074103896
1271598520093552646,negative,0.24190043021159235
1271598520697589760,negative,0.00226833781817218
1271598520840196096,negative,0.07638420358625374
1271598520965922816,negative,0.005822977731892949
1271598521330909186,negative,0.005014943087364652
1271598521762885633,negative,0.00033287291598040416
1271598521876004864,negative,0.023637442949377106
1271598521968459777,positive,0.7878984431607639
1271598522962493446,negative,0.029160432015274185
1271598523289608192,negative,0.18909143581032145
1271598523436486656,negative,0.0015425978250262452
1271598523520364544,negative,0.055729676515545584
1271598524493369344,negative,0.06267860474099735
1271598525692993536,negative,0.03945870721426751
1271598525982310401,negative,0.09150171299916852
1271598526330527744,negative,0.031252089843059085
1271598527165214726,negative,0.00011775213026216606
1271598527521738752,negative,0.052327478307302215
1271598527614005250,neutral,0.5276086753782058
1271598527626567681,negative,0.017410047621452904
1271598528138063872,positive,0.9969884738116033
1271598528205410305,negative,0.009272739832239805
1271598528515772417,negative,0.026400004196187165
1271598529128140800,negative,0.0018375631550464277
1271598529664999424,positive,0.7878984431607639
1271598529794973697,negative,0.2619066384264206
1271598530638077953,negative,0.0008132956777704911
1271598531447607296,negative,0.002395107361095619
1271598531502059525,negative,0.0006353161916108383
1271598531850186764,negative,0.013722089811662992
1271598532084940801,negative,0.001098707846868685
1271598532169011201,negative,1.4932963172771887e-07
1271598532189982721,negative,0.08610327210075555
1271598532206768129,positive,0.6605134454078396
1271598532307365888,negative,0.002014998529721484
1271598532575801344,negative,6.879184444205881e-06
1271598532995223554,negative,3.1331698647888764e-05
1271598533184049158,negative,0.03152142041301475
1271598533422903296,negative,0.17870078326640873
1271598533540372485,negative,0.014096084507677246
1271598533683150850,negative,0.014190108181934225
1271598533758590976,negative,0.09878828278827648
1271598535729872897,negative,0.00378538790524712
1271598535847415809,negative,0.00016628924848785266
1271598536078082048,positive,0.8012999720020628
1271598536086470657,negative,0.04776276729038092
1271598536560455680,neutral,0.6057095957011978
1271598536585601024,negative,0.0014130485260332192
1271598536749199360,negative,0.005894416270567474
1271598537369927680,negative,0.0027150223866055138
1271598537462202369,negative,0.0028290743903026405
1271598538032586753,negative,0.0033204367619142816
1271598538221326336,negative,0.00029274355008496856
1271598539831992322,negative,6.746014266789122e-05
1271598539920080898,negative,0.2775542706643994
1271598539953655808,negative,0.10968444715585364
1271598540079476736,negative,0.20695132830432936
1271598540301701121,negative,0.0004081903254244877
1271598540880478209,negative,0.011134854785029838
1271598540993843200,negative,0.05610309040052827
1271598541224337415,negative,0.03639846518878914
1271598541643767813,positive,0.7878984431607639
1271598541832675329,negative,0.13438587698473853
1271598541874565126,negative,0.10468083000665482
1271598542264598531,negative,0.026594391015495343
1271598542373748736,negative,0.04580868801829515
1271598542700851206,negative,0.0006231497894395036
1271598543938244609,negative,0.2847093328097419
1271598543954903043,negative,0.02978956789286822
1271598544152154112,negative,0.12273378680112947
1271598544227532804,negative,0.00019984109669266473
1271598544336666626,negative,0.03460441372915606
1271598544533819393,negative,0.00029483483108291614
1271598545213075456,negative,0.06864479281429035
1271598545490116608,negative,0.08279649112484168
1271598545527857160,negative,0.020985670651917962
1271598545896947714,negative,0.12227762356369955
1271598546014343170,positive,0.9978107798613293
1271598546370940928,positive,0.7878984431607639
1271598548426067969,negative,0.0049024829505844945
1271598548761673729,negative,0.09104052678962289
1271598548883300353,negative,0.017458502160996668
1271598549210402816,negative,0.07843033526372054
1271598549214560257,negative,0.007032605876039598
1271598549650767875,negative,0.040438150894303665
1271598549772402688,negative,0.041863098365780615
1271598549835427841,negative,0.0010033410433637482
1271598550456164352,neutral,0.49776517041587154
1271598550669856769,negative,0.2013198904030459
1271598551051747328,negative,0.1588674854201955
1271598552591093760,negative,0.0026702030673725237
1271598553090187264,negative,0.010043953119318454
1271598553220157441,negative,0.2105774264678966
1271598553253711881,negative,5.656349763219473e-06
1271598553580752896,negative,3.989741608300387e-06
1271598553606033410,negative,5.080624212211495e-09
1271598553622818821,negative,0.027994019961084117
1271598553790636034,negative,0.0005351132759893319
1271598553987678214,neutral,0.47760839526369675
1271598554130321408,negative,0.024266507849056956
1271598554369458176,neutral,0.4507454498615163
1271598554885341184,negative,0.03169895381211228
1271598556474998785,negative,0.01270562230709515
1271598556743376907,neutral,0.34638483729906117
1271598556764348416,negative,0.0009380117642811359
1271598556936364032,negative,0.018119101046426365
1271598556961476608,negative,6.13436658435029e-06
1271598556999286785,negative,0.006592002370040873
1271598557443678208,negative,0.08002465081650481
1271598557498400772,negative,0.29679596592966745
1271598558148468736,negative,0.0010544497805837873
1271598558765088768,negative,0.005894416270567474
1271598558777610240,neutral,0.6234049249685203
1271598560497319936,negative,0.05572937242856591
1271598560874807296,negative,0.005333720814183585
1271598561130676224,negative,0.0022064834697839014
1271598561323560960,negative,1.8066554511466122e-05
1271598562149756928,negative,1.176706131424099e-05
1271598562447691776,negative,1.67824124727267e-05
1271598562581852160,negative,0.001635915424274238
1271598562674171907,negative,1.8066554511466122e-05
1271598562695172096,positive,0.7500377016963704
1271598563080970240,negative,0.007599598437030047
1271598565081649152,negative,0.01786866897430779
1271598565442420736,neutral,0.655905424544914
1271598565530501121,negative,3.611238077353531e-10
1271598565832482816,negative,0.0010033410433637482
1271598566205796352,negative,0.006492069846530708
1271598566486745091,negative,0.05610309040052827
1271598567304593414,negative,0.2047076563628078
1271598567896031233,negative,9.102863865556276e-09
1271598567946412035,negative,2.2922345033299528e-08
1271598567963201538,negative,0.005168163909304532
1271598569028571136,neutral,0.437369725752128
1271598569099874309,negative,0.0006231497894395036
1271598569196187648,negative,0.01719004681774222
1271598569364041733,negative,0.0013585308471485331
1271598569405984768,neutral,0.34117024056417766
1271598570093887488,negative,0.08901488430687854
1271598570114867205,negative,0.03675385767480211
1271598570232262656,negative,0.037108852320793896
1271598570697703424,negative,0.3066348748004976
1271598570790162433,negative,0.144067985834482
1271598571201138689,negative,6.682282336557367e-07
1271598571389927424,negative,0.025152324668022856
1271598571423498240,negative,0.011206740750360655
1271598571599605765,negative,0.28942909895720287
1271598572128124930,negative,0.0009150353363496623
1271598573558337542,negative,0.022089838449587965
1271598574548275200,negative,0.0004748727618833213
1271598574623735809,negative,0.11317230741301024
1271598575059963906,negative,1.56260701404286e-05
1271598575127060480,negative,0.3155990631147836
1271598575693312000,negative,0.041863098365780615
1271598576091742208,negative,0.0005358077387413497
1271598576519589888,negative,0.005477316271386722
1271598576771182592,negative,0.20695132830432936
1271598576867651584,negative,0.15894838135266348
1271598578146869248,negative,0.031097778746899535
1271598579010985989,negative,0.0004976353398234386
1271598579807924224,negative,0.04152518570936952
1271598579900178433,negative,0.09059606619840235
1271598579937918976,neutral,0.420146823159849
1271598580562825216,positive,0.8624340910525607
1271598580890034176,negative,0.2182817231767127
1271598580973756416,negative,1.8640813909346823e-13
1271598582563352576,negative,8.154604400939287e-05
1271598582576054276,negative,0.001842031509920941
1271598582743867394,negative,4.77401157178933e-09
1271598583100432386,negative,0.10468083000665482
1271598583113035779,negative,5.030397349704829e-05
1271598583578591232,negative,0.00019984109669266473
1271598583893106694,negative,0.002395107361095619
1271598583968645122,negative,6.39526469043575e-05
1271598586254499847,negative,0.18909143581032145
1271598586283921408,negative,0.006037807319365434
1271598586770468865,negative,0.002395107361095619
1271598587244417024,negative,0.00023882966192448517
1271598587345018882,negative,0.0005358077387413497
1271598588326535168,neutral,0.35451443008515343
1271598588397830145,negative,0.005820665306411165
1271598588838248448,neutral,0.613436439789702
1271598589291245568,negative,9.11530616152658e-07
1271598590331359233,neutral,0.41256018869119365
1271598591136665601,negative,0.11121422893593495
1271598591404990464,negative,0.0034351024886796126
1271598591447007233,neutral,0.6452400933055852
1271598591493107712,positive,0.8039970539096895
1271598591509966849,negative,0.1108517347518557
1271598591614779392,positive,0.9969884738116033
1271598591862280195,neutral,0.41781860539170623
1271598591937785857,negative,0.00014840749909568357
1271598592034312199,negative,1.4369133303213007e-05
1271598592923504640,negative,0.11967537148659518
1271598593040953344,negative,0.0010033410433637482
1271598593124646912,negative,0.11039593456744098
1271598594542493696,negative,0.0010120445452194901
1271598595439984646,negative,0.0003019377328803132
1271598595565912064,negative,0.03977251444423804
1271598596467462144,negative,0.00019548830464242078
1271598596882907140,negative,0.0001480925015341048
1271598596950036481,negative,4.50491123474092e-05
1271598597142908930,neutral,0.5432725834097724
1271598597256237056,negative,0.021089878999944398
1271598597558190081,negative,0.027306211591214814
1271598598384496641,negative,0.18661435905589432
1271598598858383361,positive,0.7878984431607639
1271598598963318784,negative,2.509446811557855e-05
1271598599466618880,positive,0.9999989078734184
1271598600649355265,neutral,0.4965352799650051
1271598601135947781,negative,0.007012448520741336
1271598601265975301,negative,0.01394224286192618
1271598602394251266,negative,0.013555530184371847
1271598602813534208,negative,6.898181232754515e-05
1271598603073654784,neutral,0.3831968993807614
1271598603170185216,negative,0.13223660272479967
1271598603551805446,negative,0.0008659915864473554
1271598603581169669,negative,0.006530412676232573
1271598603690299392,negative,0.02148972691184107
1271598603799232516,negative,0.08791087012486679
1271598603983880192,neutral,0.3381189830050101
1271598604067713024,negative,0.00032625171232757155
1271598604298399751,neutral,0.437369725752128
1271598607083462656,positive,0.671337306919619
1271598607108411392,negative,0.13482265451192804
1271598607632867328,negative,3.6826143228758263e-06
1271598607712518150,neutral,0.3897927340127827
1271598608056377344,positive,0.9462977543129986
1271598608530448384,negative,1.3503935416113397e-06
1271598608756826112,negative,0.005555856051150308
1271598608924782593,neutral,0.46603162292576156
1271598609218318339,negative,0.22513179180885018
1271598609474170880,negative,0.0033493025749803916
1271598609486745601,neutral,0.5425813081463247
1271598611734900742,neutral,0.36881495551320903
1271598611751751681,negative,0.008988574458257629
1271598611869163520,negative,1.8066554511466122e-05
1271598611911127041,negative,0.0006131577204185951
1271598612523474944,negative,0.04474466654197991
1271598612527452160,negative,0.2508909589606488
1271598612812910592,negative,3.131685002930926e-10
1271598612821278723,neutral,0.437369725752128
1271598613232324610,negative,0.008178362527209763
1271598613332930560,negative,0.11366188917437293
1271598613945372672,negative,0.011703220097117726
1271598614066978817,negative,0.03919977575863371
1271598614075318273,positive,0.7878984431607639
1271598616071663616,neutral,0.361513650808189
1271598616336007169,negative,0.00015194828200427033
1271598616659013634,negative,0.00019984109669266473
1271598616667291648,neutral,0.5288415083664897
1271598616977780739,negative,0.012447427632221408
1271598617791471618,negative,7.95196526314237e-06
1271598618491924485,negative,0.17553924241747834
1271598619662172160,negative,0.015577189604151682
1271598619913850882,negative,0.02265234333129096
1271598619926368257,neutral,0.6057095957011978
1271598619989344263,positive,0.997126995515298
1271598620035317760,negative,0.001596738307657661
1271598620157018115,negative,0.006755107414307434
1271598621255962624,negative,0.1645286504881391
1271598621272702976,negative,0.00538219475894898
1271598621323137026,negative,0.0031380462099212607
1271598621356707840,negative,0.06446732001068398
1271598621952180226,neutral,0.4814216422911448
1271598624087179264,negative,0.0814586078472321
1271598624405893122,neutral,0.3381189830050101
1271598625131499521,neutral,0.3847354639503703
1271598625722859520,negative,0.28112816092110127
1271598625739726848,negative,7.004060254234349e-07
1271598625865506817,negative,0.002395107361095619
1271598627073466374,negative,0.027532586259180133
1271598627451002880,negative,0.00012072083896891558
1271598627547484161,negative,0.002195768687836143
1271598628466032642,negative,0.09953671956293024
1271598628478615558,neutral,0.3381189830050101
1271598628671557632,neutral,0.45539778705163764
1271598629162278912,negative,0.11504380157532794
1271598629279502336,neutral,0.5950612311678684
1271598630177247235,negative,0.00020223239621551002
1271598630336487424,negative,0.0027150223866055138
1271598632488316929,negative,0.008488299020996822
1271598632857452545,negative,0.00023882966192448517
1271598632966459402,negative,0.06446732001068398
1271598633079709696,negative,0.0685022392774745
1271598633155207169,negative,0.2872073651215275
1271598633289474048,negative,0.00076965123023623
1271598633989935105,negative,0.11135128722898698
1271598636174962688,negative,0.007012448520741336
1271598636313518082,neutral,0.3381189830050101
1271598636376428544,negative,0.020738948306377236
1271598636435222533,negative,1.9917890669815844e-05
1271598636498116609,negative,0.04692282387135488
1271598636716240897,negative,0.018730102555591318
1271598637144068097,negative,0.07762784543750909
1271598637265686528,negative,0.0073657571861099206
1271598637387264000,negative,0.0006549098437380878
1271598637743652864,negative,0.0002558508086955222
1271598638079324160,neutral,0.4795717150232128
1271598638347804672,negative,0.15590454891793734
1271598638561722369,positive,0.8005636661319903
1271598640474337280,positive,0.6801874660219824
1271598640491114496,negative,0.12950625870450028
1271598641216720896,negative,0.0695742714656943
1271598641443192833,negative,0.007944665428534274
1271598642080755712,negative,0.05817995923428874
1271598642185592832,negative,0.12056596353541715
1271598642223296514,negative,1.8066554511466122e-05
1271598642357510144,negative,0.008573513219027612
1271598642609229824,negative,0.10468083000665482
1271598642651111426,negative,1.8502698623201556e-05
1271598643276140552,negative,0.002875965459117349
1271598644387557378,negative,0.008665726801949788
1271598644781776897,negative,0.006686634711896575
1271598644840599553,negative,0.17789058408954797
1271598645025144835,negative,1.176706131424099e-05
1271598645247225856,negative,1.8066554511466122e-05
1271598645322878976,negative,0.0024374777699117806
1271598645566152704,negative,0.020144476084628184
1271598645952032768,negative,0.1373705221731396
1271598646115602433,neutral,0.5994534969101798
1271598647185149953,negative,0.004304179935250414
1271598647277469699,negative,0.00023719053040000164
1271598647277490177,negative,0.005894416270567474
1271598647323607041,negative,0.19843051580315296
1271598647915040769,negative,0.2569624598473517
1271598649483628545,negative,0.28546081555305103
1271598650586730497,negative,2.867933648071903e-08
1271598650746175500,negative,0.1154759273975014
1271598651769524226,negative,0.015218848410651456
1271598652000210944,negative,0.00032160213366152373
1271598652381945856,neutral,0.4794670486014688
1271598652868288512,positive,0.7878984431607639
1271598652985708546,positive,0.7878984431607639
1271598653627490304,negative,0.14893131294217962
1271598654005161985,negative,0.021448393264282082
1271598654235836419,negative,0.04818598371554801
1271598654256807936,neutral,0.3381189830050101
1271598654567190528,positive,0.9376878850995406
1271598654776922113,negative,0.006145761094224257
1271598654793682944,negative,0.10329182763909436
1271598654881779712,negative,0.013815551599849757
1271598655196352515,negative,0.0049024829505844945
1271598657138114565,negative,2.5545664477025015e-05
1271598657259831296,neutral,0.3725458233667465
1271598657301704705,negative,0.22875236496733742
1271598657448685569,positive,0.7878984431607639
1271598657473822721,negative,0.00020220146771930266
1271598657595473934,negative,0.0037039873446359935
1271598657821970435,positive,0.7878984431607639
1271598657951993857,negative,0.004220495107536229
1271598657960398849,negative,0.004321510219822159
1271598658115559425,negative,2.1844192761304916e-06
1271598658140635137,negative,0.006952749356235636
1271598658237202435,negative,0.0009380117642811359
1271598658853707781,negative,0.026429192810730997
1271598661504577536,neutral,0.49114048206328076
1271598661580001280,negative,0.14867027952624556
1271598661789716481,negative,0.0011721345138220143
1271598662246948864,negative,0.00016628924848785266
1271598662251151361,negative,8.23509843850797e-05
1271598662427316224,positive,0.9035931669546551
1271598664327331844,negative,2.0357778305671182e-05
1271598664570544134,negative,3.617887476536744e-07
1271598664746704898,negative,1.461698760348495e-05
1271598665308626944,negative,0.18831017850138915
1271598665480712193,negative,1.4282680352932503e-05
1271598665757609990,negative,0.012676502386934916
1271598665870778369,negative,0.008658099919513919
1271598665908576256,negative,0.003845777065738956
1271598666403512321,negative,0.0008205832119282823
1271598666474758144,negative,7.2884477388465e-05
1271598666726375424,negative,0.009272739832239805
1271598666730672128,negative,0.007954934633077601
1271598667443712003,negative,0.00011791760518418482
1271598667523330049,negative,0.00019984109669266473
1271598667556966404,neutral,0.3381189830050101
1271598669578502145,negative,0.2997500542049134
1271598669951897606,negative,0.002242760137522403
1271598670350295043,negative,0.0004992282918657824
1271598670513934338,negative,0.1322080487341866
1271598670618570752,neutral,0.48728019602140255
1271598671625433094,negative,0.02726162813814235
1271598671797391360,negative,0.015042823667280525
1271598671923159040,negative,0.2013198904030459
1271598671935811588,neutral,0.437369725752128
1271598672220950530,negative,0.0005648400546063893
1271598672342548483,neutral,0.4925319814792465
1271598672460034048,negative,0.24190043021159235
1271598672640462849,negative,0.00011791760518418482
1271598672699109376,negative,0.15797133755319195
1271598674083287042,negative,0.053589277634184806
1271598674142007296,negative,0.02428248049254861
1271598674460762112,negative,0.0002833791535977362
1271598674552946688,neutral,0.34117024056417766
1271598674934726658,negative,0.012447427632221408
1271598674959912966,negative,0.00020699385537450494
1271598675031195650,negative,0.0012621969506292634
1271598675341410305,neutral,0.48728019602140255
1271598675391889408,negative,0.0049024829505844945
1271598675500859396,positive,0.7685322661239289
1271598676029431808,negative,0.017190274650207574
1271598676079755266,negative,0.0022064834697839014
1271598678281801729,negative,0.3025466160204708
1271598678424289280,negative,0.007065184433057396
1271598678793285634,negative,0.27021149831862407
1271598679233892353,negative,9.79469128605362e-07
1271598679426826240,negative,0.007550432766606432
1271598679871434757,negative,6.071718590547489e-05
1271598679946911744,negative,0.004393708458221603
1271598680643174400,negative,0.1489566653124116
1271598680685056013,negative,0.0009585156278904463
1271598680706035714,negative,0.007012448520741336
1271598680710287360,negative,0.00027904261984271076
1271598680890650624,negative,0.08361733269951543
1271598682283139072,neutral,0.3820472485190975
1271598682853474304,negative,0.005820665306411165
1271598682983616514,negative,0.27480059296125897
1271598683042254849,negative,0.00012902076796920332
1271598683126140928,negative,0.2847093328097419
1271598683256209409,negative,0.04776276729038092
1271598683520368646,negative,1.8066554511466122e-05
1271598683730128896,negative,0.0005419179732246382
1271598684480901120,negative,0.00019984109669266473
1271598684514508802,negative,1.0781126280447832e-12
1271598684527099905,negative,0.0026290883475751756
1271598684577370112,negative,0.28112816092110127
1271598686439723012,negative,0.02428248049254861
1271598686934642690,negative,0.032638335197396735
1271598687907721224,negative,0.10267997803220505
1271598687995731969,negative,1.67824124727267e-05
1271598688012587009,negative,0.0006605235656387664
1271598689576988675,neutral,0.437369725752128
1271598690625564675,negative,0.031169962192145084
1271598690713636865,positive,0.9995469853676254
1271598690872983553,negative,0.044281564838661754
1271598690877259777,negative,0.21603976955733373
1271598690936016896,neutral,0.35451443008515343
1271598691015471105,negative,0.047790162846966265
1271598691107901442,negative,0.005014943087364652
1271598691485450240,neutral,0.44709097055441516
1271598691707768832,neutral,0.6231301609365977
1271598691711881219,negative,0.00010330781086314503
1271598691900678145,negative,0.00014260433190411558
1271598691930050565,negative,0.2824876424311173
1271598692206874624,negative,0.07168218550266928
1271598692219437058,negative,0.015833967096808822
1271598692341080065,negative,0.06601848979090187
1271598692517150722,negative,0.08002465081650481
1271598692722761734,negative,0.03840564920058137
1271598693074886656,neutral,0.4507454498615163
1271598695574798341,negative,0.3192934488951355
1271598695901954048,negative,0.00016968194510970166
1271598696149417984,negative,0.00011740419595641868
1271598696195674112,negative,0.003951703928940141
1271598696283738113,negative,2.1950762677437728e-11
1271598696522813442,negative,0.12056560745521461
1271598696808042499,negative,0.0003196076051212894
1271598697051283457,negative,2.0314056196711032e-06
1271598697118412800,negative,0.05933952813602016
1271598697273421824,negative,1.8066554511466122e-05
1271598697307090946,negative,0.009272739832239805
1271598697307148288,negative,4.50491123474092e-05
1271598697407811584,negative,0.20695132830432936
1271598699488202752,negative,0.0005629299174020448
1271598699618144257,negative,1.5271228986062384e-05
1271598699764944900,negative,1.0959355209039085e-06
1271598701031505920,negative,0.07620576915585844
1271598701731930112,negative,0.00027585667296755586
1271598702302580737,negative,0.00019984109669266473
1271598703833427970,negative,0.001595334237663935
1271598703921508352,neutral,0.39796776742726014
1271598703984418816,negative,1.581670431332935e-07
1271598705817391104,negative,0.15570583247888495
1271598705867702274,negative,1.3317852781951307e-07
1271598706379325449,negative,0.0049024829505844945
1271598706459107328,negative,0.10968444715585364
1271598707469807617,negative,0.001842031509920941
1271598707692261376,negative,0.007032605876039598
1271598707713232896,positive,0.7500377016963704
1271598708686192640,negative,0.0020000389975109592
1271598708845686785,neutral,0.4149087849081385
1271598708858241025,negative,0.009090666028671647
1271598709294477317,negative,0.006530412676232573
1271598709676167170,negative,0.08818161423987897
1271598710179463169,negative,0.05470356307280094
1271598710464688131,neutral,0.34117024056417766
1271598710548504581,neutral,0.3381189830050101
1271598711739686912,negative,6.793709418131335e-06
1271598712138186752,negative,0.004170513126696329
1271598712620560384,negative,0.15464333262699684
1271598713375522817,negative,0.00016628924848785266
1271598713442615296,negative,0.0011491562900666431
1271598713622970369,neutral,0.437369725752128
1271598713866203136,negative,0.00016628924848785266
1271598714080178177,neutral,0.45539778705163764
1271598715845795840,negative,0.10873671238064131
1271598715896201219,negative,4.398577885597626e-06
1271598715934031880,negative,0.007599598437030047
1271598716001099783,negative,0.018488602296359454
1271598716005134336,negative,0.001842031509920941
1271598716357611521,negative,0.03852401479020202
1271598716366008321,negative,0.12239827232910852
1271598716462530560,negative,0.015946341074103896
1271598716542222336,negative,0.004304179935250414
1271598716638633985,negative,0.005131442112868792
1271598716760272902,negative,0.12638575508756936
1271598717523628033,positive,0.8700511201333181
1271598717964103682,negative,0.3040949491800166
1271598718152826887,negative,0.0034351024886796126
1271598720329662469,negative,0.008971469791555152
1271598720451297280,negative,0.041863098365780615
1271598720522637312,neutral,0.49789225920557484
1271598720702795776,negative,0.21880322314733167
1271598720958607362,negative,0.0372490556694225
1271598721235591171,negative,0.15894838135266348
1271598721512267776,negative,1.8066554511466122e-05
1271598721562669056,negative,0.04056810797147631
1271598721575391235,negative,0.007954934633077601
1271598721726324736,negative,0.007032605876039598
1271598722154139648,negative,0.028967202866613726
1271598722598801409,negative,1.56260701404286e-05
1271598722619596800,neutral,0.5288415083664897
1271598722707869703,negative,0.015386386874891427
1271598722812608515,neutral,0.49789225920557484
1271598724523974656,negative,0.05498101268075469
1271598724612083712,negative,0.00019984109669266473
1271598725106982912,negative,0.010356140249726191
1271598725559980034,negative,0.004425716064456931
1271598726088290304,negative,2.8304359672903987e-09
1271598728588201986,negative,0.018231076434766017
1271598729003499521,negative,0.09798262506481772
1271598729053696002,negative,0.007032605876039598
1271598729351610369,negative,0.0010124928719095897
1271598729628454916,neutral,0.5533970533999424
1271598729745895428,negative,0.00022251827830618967
1271598730299322368,negative,1.521227807961675e-05
1271598730299559937,negative,1.1770026006597142e-07
1271598730383446017,negative,0.1808542081725549
1271598730609860610,negative,0.28689202034227634
1271598730811183110,negative,0.0006374524184325787
1271598731129913344,negative,0.04671209586326816
1271598731176169472,negative,0.2042517137896546
1271598731310268416,positive,0.8890922804352984
1271598731603914752,negative,0.32637223140712546
1271598732665147393,negative,0.0002833791535977362
1271598732690313217,negative,6.668571383970173e-05
1271598732807680000,negative,0.0006461791842729699
1271598732920881152,negative,0.08361733269951543
1271598733122207750,negative,0.19147365325262294
1271598733201936384,negative,0.00016628924848785266
1271598733277331456,positive,0.7878984431607639
1271598733298458625,negative,0.11572948827861469
1271598734711951361,negative,0.20144567310913963
1271598734749634572,negative,0.0008703916224992033
1271598735173312512,negative,0.0615331638563064
1271598735546556417,neutral,0.5844660558927414
1271598735768739840,negative,0.01991638529144152
1271598735898955777,positive,0.9862779751550607
1271598737471803392,negative,0.28768430820383784
1271598737748635648,negative,6.464903331489322e-07
1271598737853255680,negative,7.236773637704521e-08
1271598738214137857,negative,0.014114023872165407
1271598738524471296,negative,0.00019984109669266473
1271598738574893056,negative,3.4756179013684414e-05
1271598738579087361,negative,0.00023882966192448517
1271598738579116037,neutral,0.437369725752128
1271598738784600064,negative,0.18245737505504034
1271598739157893120,negative,5.5715646012312354e-05
1271598740663603201,negative,0.013506006602051444
1271598741166993408,negative,0.0019003617336981265
1271598741498331138,negative,0.019457758458962367
1271598741586432006,negative,7.097359549322427e-07
1271598741775097857,negative,0.012529799531957675
1271598741787512832,negative,0.06601848979090187
1271598742072774656,negative,0.008971469791555152
1271598742295269376,negative,0.10394363811632616
1271598742366334976,negative,1.4282680352932503e-05
1271598742957776896,neutral,0.44709097055441516
1271598742999904256,negative,0.007954934633077601
1271598743108882432,negative,0.0039279647707441395
1271598743155073024,neutral,0.41661895030617113
1271598743440293888,negative,0.3248410612445367
1271598743473790976,negative,0.04886225666901804
1271598745596178432,negative,0.01719004681774222
1271598745671663618,negative,4.2188086891818296e-07
1271598745684078592,negative,0.021468205824297266
1271598745692618752,negative,0.0005358077387413497
1271598745977839616,negative,0.07183546722894582
1271598746766315527,neutral,0.47800712619015706
1271598746858598400,negative,0.012164792431929873
1271598746934153218,negative,0.00011791760518418482
1271598747412320259,negative,6.972020726866695e-06
1271598747500318721,negative,0.20695132830432936
1271598747781390336,negative,0.006185190395620605
1271598748234403841,negative,0.055729676515545584
1271598749542952966,negative,0.00023176107824081555
1271598750562205696,negative,0.013815551599849757
1271598750914547712,neutral,0.3850948772444006
1271598750935519232,positive,0.7780239415511206
1271598751187173378,negative,4.952193342149699e-06
1271598751283646464,negative,0.13711533949707508
1271598751468212224,negative,0.10606027064638844
1271598751648550912,negative,0.030020422706499864
1271598753443721218,negative,0.02711713266105864
1271598753644982273,negative,0.00048559593649531447
1271598754144161793,negative,0.02302233373853706
1271598754219556866,negative,0.024140464529457523
1271598754286755841,negative,0.1203090358454427
1271598754450288640,negative,0.19926380955779785
1271598754710401024,negative,0.0017595735042716478
1271598754714484736,negative,0.00022914088582834575
1271598754869719042,negative,0.1435329253164108
1271598754911698944,negative,0.28942909895720287
1271598755226226691,negative,0.00157921824750368
1271598755524083713,negative,5.603345764750276e-06
1271598756115419136,negative,8.154604400939287e-05
1271598757717606411,negative,0.004455339791055254
1271598757830934530,negative,0.005138054193560903
1271598758028066816,negative,0.005894416270567474
1271598758577528835,negative,0.08610393995521888
1271598758825013248,neutral,0.3381189830050101
1271598759332413440,negative,0.041863098365780615
1271598759340892161,negative,0.06756897342989703
1271598760389496832,negative,1.1371988776243205e-09
1271598760557031426,negative,0.0045952936059953774
1271598761052119045,negative,5.0058398476099015e-05
1271598762436239360,positive,0.7314102226456616
1271598762759262213,negative,0.05368241837099004
1271598762830393344,neutral,0.414310856389332
1271598763350597632,negative,3.481586028987605e-06
1271598763640008705,negative,0.025152324668022856
1271598763732357122,negative,3.9992743679653957e-05
1271598763832938496,negative,0.3007338242027491
1271598764126605312,negative,0.00648533876165331
1271598764332023808,neutral,0.3460075389048279
1271598764990566400,negative,0.21921412548362115
1271598766139850752,negative,0.00010338679440685032
1271598766190145536,negative,1.0959355209039085e-06
1271598766332805127,negative,0.20757850165123046
1271598766538227713,negative,0.008675271944755213
1271598766915756032,positive,0.7500377016963704
1271598766928334848,negative,0.00023882966192448517
1271598766949167105,negative,0.00021323646588724418
1271598767175798784,neutral,0.4814216422911448
1271598768119406593,negative,0.03853182978417251
1271598768304066566,neutral,0.45293461209902236
1271598768639471618,negative,0.20248184163684502
1271598770371702785,negative,9.100925655479844e-10
1271598770438967297,negative,1.5821000059472022e-06
1271598772670382081,negative,0.02726162813814235
1271598772951416833,negative,0.020610570979998574
1271598772955594752,negative,0.00048559593649531447
1271598773370847234,neutral,0.437369725752128
1271598773551104001,neutral,0.49789225920557484
1271598774591184896,negative,0.0006708149625670709
1271598774922682368,negative,3.6964229152765723e-07
1271598774935146496,negative,0.00027585667296755586
1271598775031803906,negative,0.024166864709311286
1271598776008884225,negative,0.013804948064497034
1271598776181022721,negative,0.004321510219822159
1271598776294215681,positive,0.9980816436675186
1271598776554266631,neutral,0.3381189830050101
1271598776592084995,positive,0.9969884738116033
1271598776747200512,negative,0.0014144525449177384
1271598776898203648,negative,0.16006992431268918
1271598777078439936,negative,0.049531525786750165
1271598778685042688,negative,0.007812801271745828
1271598778743652357,negative,0.0049024829505844945
1271598778831831041,neutral,0.4573656360702525
1271598779477737472,negative,4.8308553632323705e-06
1271598779502858240,negative,2.4081299961734066e-07
1271598779507052550,negative,0.0002833791535977362
1271598779788152832,negative,5.5181395583343835e-06
1271598779918094348,negative,0.067795214120854
1271598779930603520,negative,0.08002465081650481
1271598780136263682,negative,0.004304179935250414
1271598780295647233,negative,0.0014075703505829862
1271598780614422541,negative,1.8295213782520464e-05
1271598782946390021,negative,0.001869287112884431
1271598783328067585,positive,0.6645021883444644
1271598783466549250,neutral,0.35451443008515343
1271598783802085377,negative,0.32101386779993873
1271598783860805632,negative,0.14629155340797953
1271598784758403072,negative,0.001867237577727991
1271598784808726528,negative,0.00038776031490151476
1271598784821317632,negative,7.2884477388465e-05
1271598785114918912,negative,0.06141424613061973
1271598785563635712,negative,0.0018436072455114228
1271598785731452934,negative,0.0011943712266045462
1271598785836265472,negative,3.2529450548472155e-08
1271598785949585409,negative,0.00010015157584620417
1271598786058391553,negative,1.67824124727267e-05
1271598786133942272,negative,0.24190043021159235
1271598786234576897,negative,0.05326918938133399
1271598787069427713,negative,0.013670573633412467
1271598787367178240,negative,3.32257587951619e-05
1271598787388203009,neutral,0.437369725752128
1271598787392409603,negative,0.005364431360635184
1271598787518255107,negative,0.04495357886299508
1271598787807580162,negative,0.0002833791535977362
1271598787899858945,negative,0.03924799829766927
1271598788017295366,negative,0.00048005754622696295
1271598788084408321,negative,0.08791087012486679
1271598788654829568,negative,0.12950625870450028
1271598788986241026,negative,0.0049024829505844945
1271598789166538757,negative,1.961232742334071e-12
1271598789233643525,neutral,0.3381189830050101
1271598789418246146,negative,0.05610309040052827
1271598790106124288,negative,0.011703220097117726
1271598791422906369,neutral,0.39990369721810826
1271598791674732545,negative,0.0017306761601493205
1271598791918063618,neutral,0.3381189830050101
1271598792106795009,negative,0.00011341912160628809
1271598792140296192,negative,0.06050632267663863
1271598792232624128,negative,0.00547837878298446
1271598793033728001,negative,0.00018434213237246191
1271598793566404608,negative,0.00021198720786783407
1271598793981599747,positive,0.7878984431607639
1271598794250096643,negative,5.398336663327368e-05
1271598794472382467,negative,0.006825200045112113
1271598795642621952,negative,8.11134707067555e-06
1271598796250779649,negative,0.0049024829505844945
1271598796657418240,negative,0.011441099611464991
1271598796762484737,negative,0.00016628924848785266
1271598797077037059,negative,0.1612189036968002
1271598797488041987,negative,0.3040949491800166
1271598797542625280,negative,0.002704262894509311
1271598798410842128,negative,0.0006231497894395036
1271598798700195841,negative,0.00016628924848785266
1271598799979511808,negative,3.4756179013684414e-05
1271598800520519680,positive,0.9997585678287121
1271598800768053249,negative,0.00011341912160628809
1271598801665523712,negative,0.2382669582645585
1271598801711751176,negative,0.0003950008469141977
1271598802063945728,negative,0.24190043021159235
1271598802668003329,negative,7.795235197402605e-08
1271598803909521408,negative,0.0020262353210379917
1271598804299587585,negative,0.22837458946902603
1271598804526137344,negative,7.704362118212568e-05
1271598804576468995,negative,0.005735445937431668
1271598804643569664,negative,0.03416143747831388
1271598804685295618,negative,7.730518905627762e-07
1271598804710588417,negative,0.0049024829505844945
1271598804748419074,negative,0.2234587016537679
1271598804987449345,negative,4.245671447109878e-06
1271598805029457920,negative,0.03639846518878914
1271598805344030722,negative,0.025152324668022856
1271598805499207680,negative,0.004200242610828894
1271598805729804288,negative,0.0003196076051212894
1271598805784449025,negative,0.0018375631550464277
1271598805880844288,negative,0.19630073134035922
1271598808628187136,negative,4.597665822907128e-11
1271598808636559365,negative,0.0022588782293637964
1271598809051693057,negative,0.09632583051309793
1271598809060081664,negative,0.03980030593590898
1271598809248935950,negative,0.016841725979090564
1271598809253060617,negative,8.154604400939287e-05
1271598809290809345,negative,0.029190938110343397
1271598809852887040,negative,0.0015456607559429076
1271598809915641856,negative,0.04692282387135488
1271598810033160195,negative,0.0861737544556488
1271598810352025601,negative,0.0510672148070735
1271598810465103872,negative,0.0023170344461177867
1271598810574151681,negative,0.023881704366282723
1271598812356804608,negative,0.18559197711064812
1271598812532858881,negative,0.19502423039687414
1271598812956631043,negative,0.06517035142265601
1271598813334077447,negative,0.10062534614280487
1271598814051422208,negative,4.50491123474092e-05
1271598814055608320,negative,0.0010244033779348055
1271598814072315909,neutral,0.44654025683665294
1271598814273712129,negative,0.0006492814131888565
1271598814953160704,negative,0.00011341912160628809
1271598816509202433,positive,0.9605579148293183
1271598816735739905,negative,0.20186754572743498
1271598816781836294,negative,0.000132376457949845
1271598816844754944,negative,0.17789058408954797
1271598817268375552,negative,0.30490738131931094
1271598817519992832,negative,0.0010833993964469704
1271598818144980992,negative,0.12223370080603098
1271598818564476929,neutral,0.4461733275406525
1271598819239587840,negative,0.26964203488746474
1271598819336126464,negative,0.00011791760518418482
1271598819495612416,negative,0.013827551307807547
1271598819495620609,neutral,0.3719683911841855
1271598820674207746,neutral,0.652988088600254
1271598820892332032,neutral,0.37137062280538924
1271598820946673665,negative,0.008357265065000685
1271598821357891585,negative,1.3653968247108978e-07
1271598821504626695,negative,0.00433793213678022
1271598821634723847,negative,0.1536586325299259
1271598821676589057,neutral,0.4507454498615163
1271598821756276737,negative,0.10894939418895372
1271598821777330176,negative,0.0010544497805837873
1271598821894733824,negative,0.06756897342989703
1271598821991161860,negative,1.8066554511466122e-05
1271598822406402048,neutral,0.49789225920557484
1271598822653857797,negative,0.007012448520741336
1271598822884544512,negative,0.043598371671244036
1271598823194931202,negative,0.00019984109669266473
1271598824855932936,neutral,0.5755436691302463
1271598824923041792,neutral,0.34117024056417766
1271598825023684609,negative,0.013046003516838402
1271598825182986240,negative,0.09660921651950619
1271598825346564096,negative,7.95196526314237e-06
1271598825510187008,negative,3.072815189691473e-09
1271598825787068416,negative,0.17338037739458428
1271598826063831040,negative,0.2834039896712428
1271598826554605571,neutral,0.437369725752128
1271598827397668865,neutral,0.41781860539170623
1271598829016543232,negative,0.012848907993214448
1271598829050236929,negative,0.00023882966192448517
1271598829054447617,negative,0.004803630350370802
1271598829301837831,negative,0.17870078326640873
1271598830040035330,negative,0.014180116245918696
1271598830195101697,negative,0.08818161423987897
1271598830325284867,negative,0.045755813488707685
1271598830836989953,negative,0.21603976955733373
1271598831751311361,negative,0.04474466654197991
1271598831822671872,negative,0.06656437044045363
1271598832208482305,neutral,0.3715010251337556
1271598832233656321,negative,0.00048559593649531447
1271598833470967808,negative,0.015507477915338158
1271598833949179904,negative,0.12223370080603098
1271598834356019200,negative,0.08080865832782543
1271598834666389505,negative,0.015386386874891427
1271598835115180032,negative,0.046928134290160475
1271598835144355840,negative,0.0005955793925200283
1271598835211657216,positive,0.7500377016963704
1271598835240972288,neutral,0.437369725752128
1271598835706605569,negative,0.045673829107261546
1271598835903664130,negative,0.012147162257110768
1271598837547892736,negative,0.08232232537922325
1271598837954514945,negative,0.0034351024886796126
1271598837971456001,positive,0.916649847416321
1271598838567100417,negative,1.8066554511466122e-05
1271598838810161152,negative,0.0879840883401325
1271598838906839040,negative,7.288329393079235e-06
1271598839129047041,negative,0.01024470671513615
1271598839292743681,negative,0.05670946645000067
1271598839317889025,negative,0.10798390454567959
1271598839451971585,negative,0.004077199090876045
1271598839506636801,negative,0.30490738131931094
1271598840131522563,negative,0.012146866668358864
1271598840634802182,negative,0.1906115863132617
1271598841607999488,negative,0.00016628924848785266
1271598841951924224,negative,0.00023882966192448517
1271598842576867329,negative,0.12239827232910852
1271598842916548608,negative,0.0015291889672945551
1271598842933379073,negative,0.002971334935345824
1271598843214225408,negative,0.31820487300311295
1271598843805806593,neutral,0.47638887177747796
1271598843990327301,neutral,0.4353447131478714
1271598844162129920,negative,1.1059127166947172e-07
1271598844191653895,negative,0.03962647797229165
1271598844254584832,negative,7.2884477388465e-05
1271598844501995520,negative,0.00012780201789310445
1271598844539809794,negative,0.19746822309333745
1271598844678221825,negative,0.0056208215374589305
1271598844938199040,negative,2.9991597977357546e-05
1271598846502514688,negative,0.19502423039687414
1271598846527909888,negative,0.00016628924848785266
1271598846548869120,negative,0.027532586259180133
1271598846565658627,negative,0.0005351132759893319
1271598846834102273,negative,0.0009028042954317648
1271598846854955015,negative,0.0002833791535977362
1271598846930489344,negative,0.0013870813953320016
1271598847060566016,negative,0.11983793894305395
1271598847064604672,positive,0.7709089193965555
1271598847408685060,negative,0.04482299422897891
1271598847928786945,negative,0.04445217217724994
1271598848096587776,negative,0.00016628924848785266
1271598848239173632,negative,0.059889250246088856
1271598848281063424,negative,0.14635688980090628
1271598848658608128,negative,0.04662969588377247
1271598848801193984,positive,0.7504224026709876
1271598849698795522,positive,0.9826820724675885
1271598850000781312,neutral,0.6594073068999112
1271598850076225537,negative,0.016312424129250196
1271598850084569088,negative,3.55355186306911e-05
1271598850092855297,negative,0.2178596778379981
1271598850617335809,negative,0.014526732885400169
1271598850806026240,negative,0.009272739832239805
1271598850894159874,negative,0.28112816092110127
1271598851158413312,negative,0.022667811139730952
1271598851342950402,negative,0.09180553915890398
1271598851456217090,negative,0.013815551599849757
1271598851460194305,negative,0.04180772508825544
1271598852286668801,negative,0.00016628924848785266
1271598852311744514,negative,0.00980582695079923
1271598852408258561,negative,0.007116949793971698
1271598854291456001,negative,0.00023882966192448517
1271598854455070722,negative,0.010852231721746751
1271598854815862786,neutral,0.5727420752574133
1271598854828367872,negative,0.0014006743525459382
1271598854962544641,negative,7.2884477388465e-05
1271598855302283269,negative,0.296138897716236
1271598855369433088,negative,0.15255089226727195
1271598855554052097,negative,0.025527589564474408
1271598855575003142,negative,0.0007293899727560132
1271598855734378497,negative,0.0006231497894395036
1271598856036376577,negative,0.007764368309092945
1271598856061493248,negative,0.3155990631147836
1271598856476614657,negative,1.4282680352932503e-05
1271598856652886016,neutral,0.437369725752128
1271598856657162240,negative,0.002508670682122424
1271598856820658176,negative,1.4369133303213007e-05
1271598856929775616,negative,0.0085505401076397
1271598858619858945,negative,0.12296973471978083
1271598858720538624,negative,0.002395107361095619
1271598858754306049,negative,0.03840564920058137
1271598859056226304,negative,0.04386375358645082
1271598859387625474,negative,0.18108766465601922
1271598859970625536,negative,0.26812582956602965
1271598860092280840,negative,0.0006755598966081016
1271598860113268737,negative,4.21348199154753e-07
1271598860507455494,negative,0.32620683154629054
1271598860767571968,negative,0.3007338242027491
1271598860998021121,negative,5.078816053694743e-08
1271598861115469824,negative,0.0023170344461177867
1271598861354708994,negative,0.0005358077387413497
1271598862617194501,negative,6.236105015602125e-07
1271598862877298690,negative,0.05479259030273839
1271598862956998664,negative,0.0007969433097646404
1271598862982152194,negative,0.00035852298812000764
1271598863279939586,neutral,0.41781860539170623
1271598863305056258,negative,0.00869288412865247
1271598863695085569,negative,0.012164792431929873
1271598864190103553,negative,0.0310073215915003
1271598865075056640,negative,0.22308642937013143
1271598865125425154,neutral,0.37137062280538924
1271598865469386752,neutral,0.37377490205268193
1271598865511309312,negative,0.05290272634241225
1271598866807357442,neutral,0.5755436691302463
1271598867105157120,negative,0.00019984109669266473
1271598867285528581,negative,0.0009160942655618123
1271598867394560000,negative,0.012147162257110768
1271598867532963845,neutral,0.4965352799650051
1271598867923046401,negative,0.002395107361095619
1271598867977560064,positive,0.7807242156378242
1271598868157923328,negative,0.12950625870450028
1271598868963221506,positive,0.9063814621014111
1271598869181325314,negative,0.19502423039687414
1271598869252472832,negative,0.01719004681774222
1271598869726531584,negative,0.015386386874891427
1271598869961465856,negative,0.014378380875668518
1271598870104023040,neutral,0.37137062280538924
1271598870183784448,negative,0.02787912892189388
1271598870301155329,negative,0.00010362574406025708
1271598871039430656,negative,3.4756179013684414e-05
1271598871244931072,negative,0.05773950100514704
1271598871249027077,negative,0.09038507580680345
1271598871450316802,neutral,0.34117024056417766
1271598871811108866,positive,0.6624055896622104
1271598872100573184,negative,0.2606765541208349
1271598872306102273,negative,0.017203471581563014
1271598872469606400,negative,0.0006231497894395036
1271598873081835525,negative,0.04056810797147631
1271598873119805445,negative,0.008946509765230558
1271598873136562177,neutral,0.4728793898212868
1271598873492979717,negative,0.015946341074103896
1271598875535708160,negative,0.3040949491800166
1271598875871113217,negative,0.0011732070442110765
1271598875875270656,negative,1.8066554511466122e-05
1271598876106149890,negative,0.0005358077387413497
1271598876202545152,negative,0.001523220431579708
1271598876471017472,negative,0.00010517087682091452
1271598876798181379,negative,0.02731591900841246
1271598877385396224,negative,0.00016628924848785266
1271598877427318785,negative,0.07504951736294274
1271598877452402690,negative,1.9007496617215074e-09
1271598879637753858,negative,0.0005351132759893319
1271598879767695360,negative,0.20695132830432936
1271598879797121024,negative,0.004803630350370802
1271598880073768960,negative,0.0020208013330304804
1271598880350769152,negative,0.09823336521973365
1271598881013485568,neutral,0.4728793898212868
1271598881307086851,positive,0.97983763819365
1271598881390891009,negative,0.03002850738116171
1271598881571090432,positive,0.916649847416321
1271598881592111104,negative,0.02734764205970332
1271598881651011585,negative,0.0013876501219581817
1271598881680351232,neutral,0.34373392683122533
1271598883827744768,negative,0.0015425978250262452
1271598884029071361,negative,0.03962647797229165
1271598884133969920,negative,0.021468205824297266
1271598884305768450,negative,6.898181232754515e-05
1271598884364705792,negative,0.005537976034891802
1271598884381503495,negative,0.05715304496643487
1271598884767379458,negative,1.8066554511466122e-05
1271598884842688512,neutral,0.34264665327924104
1271598885065162755,neutral,0.5643557696225188
1271598885551640582,negative,4.9307556424482926e-05
1271598885564149760,negative,6.898181232754515e-05
1271598885635592193,negative,0.015946341074103896
1271598885765632007,negative,0.04444596458304828
1271598886315065345,negative,0.007032605876039598
1271598887741140993,positive,0.9769486047536281
1271598888026341377,negative,0.025152324668022856
1271598888420552705,negative,6.519795914627822e-12
1271598889011777538,negative,0.00017352200090689095
1271598889133576193,negative,0.00032625171232757155
1271598889842413574,negative,0.08361733269951543
1271598889980878848,neutral,0.45650687803085166
1271598890429542400,negative,4.554777724151888e-09
1271598892237365248,negative,0.017655356432515083
1271598892685987842,negative,0.15894838135266348
1271598892770099202,negative,0.037754524322696555
1271598892778487816,negative,9.250877231731503e-05
1271598893868838912,negative,7.730518905627762e-07
1271598893982244869,neutral,0.4670100671583925
1271598894384848901,negative,0.09682393350916083
1271598894967709696,negative,0.19502423039687414
1271598895324413952,negative,0.02272847276770877
1271598895517380610,negative,0.0005358077387413497
1271598895534047233,negative,9.345610740760639e-05
1271598896167477250,neutral,0.3381189830050101
1271598896741941248,negative,4.3459400057155485e-05
1271598896750477313,negative,0.002886944683696644
1271598897044086786,negative,0.22252779164072473
1271598897295654917,negative,0.06456672111475725
1271598897333493760,negative,1.8868640337261863e-06
1271598897534832640,negative,0.0117753024788921
1271598897547350019,negative,0.025423849341311082
1271598897669038083,positive,0.7031165784180139
1271598898071646209,negative,0.18909143581032145
1271598898163916808,negative,0.06432195795946428
1271598898486939648,negative,0.00019894404832740268
1271598898528899073,negative,0.04369448194719835
1271598898897915911,negative,0.0695742714656943
1271598900424724485,negative,7.559685904674855e-07
1271598900529463297,negative,0.001596738307657661
1271598900600766464,negative,8.566851677199958e-05
1271598900684750849,positive,0.8996914881973097
1271598900990877697,negative,0.07726486152604183
1271598901095731201,negative,0.0135114738962106
1271598901502582789,negative,0.0029824586995290856
1271598901565575168,positive,0.9556858708304484
1271598901724876802,negative,0.00010656732277610462
1271598901737385984,negative,0.3187937129715604
1271598901838196738,positive,0.7878984431607639
1271598902383448065,negative,0.001368612016707354
1271598902429601794,negative,0.005858557364250677
1271598903008399360,negative,0.0029907640403395983
1271598903348137986,negative,0.020317130529569682
1271598904606363648,negative,0.005894416270567474
1271598904824532993,negative,0.017190274650207574
1271598905382391808,negative,0.008668836594438374
1271598906208550913,positive,0.7500377016963704
1271598906808446977,negative,0.06756897342989703
1271598907114610690,negative,2.7141517862245213e-06
1271598907710222338,negative,0.18909143581032145
1271598908490350594,negative,0.018488602296359454
1271598908645339136,negative,0.0049024829505844945
1271598908666449921,neutral,0.4580689520345081
1271598908905529344,neutral,0.4324318813848978
1271598909039824896,negative,0.0672770373814434
1271598909111119872,negative,0.005355883534412729
1271598909178159109,negative,2.5144893589907698e-05
1271598909278818306,negative,0.07638420358625374
1271598909299855375,negative,0.0030652785281424038
1271598910356828160,negative,0.0023336165182730995
1271598910394564609,negative,0.0074214976452802684
1271598910407139330,negative,0.3148786518263568
1271598910486843398,neutral,0.476074900870249
1271598910880927744,negative,0.24190043021159235
1271598913427066881,negative,0.08361733269951543
1271598913502564353,negative,0.011587361565254159
1271598913599004674,negative,1.4282680352932503e-05
1271598913741631498,negative,0.00034875877820917056
1271598913775185927,negative,0.3248410612445367
1271598914035167233,negative,0.009155617702977244
1271598914064580609,negative,9.817252328973288e-05
1271598914072870916,negative,3.6826143228758263e-06
1271598914446163970,negative,0.31231732632982556
1271598914454642690,negative,0.04145328348062246
1271598914928611328,negative,0.01298509591667729
1271598915125678081,negative,0.2013198904030459
1271598915331252227,negative,0.0023170344461177867
1271598916094644225,negative,0.03180962742221007
1271598916665061377,negative,6.236105015602125e-07
1271598917109665795,neutral,0.4507454498615163
1271598917214441473,negative,0.28112816092110127
1271598917788942336,negative,0.24190043021159235
1271598918401511429,positive,0.8941579486424928
1271598918510555146,negative,0.0015251863704884693
1271598918632198146,negative,0.0318921114180213
1271598918904827904,negative,1.9625312542439724e-07
1271598919487836162,negative,0.3092477841474542
1271598919529660419,negative,0.10326445295892163
1271598919567511553,negative,0.009316905594615545
1271598919601045504,negative,0.13620285461209888
1271598920058261507,negative,0.026469258198538563
1271598921996021763,neutral,0.49789225920557484
1271598922868445184,negative,0.011144144601836133
1271598922876760065,negative,0.06601848979090187
1271598923044528132,negative,0.00016397075895749168
1271598923178807297,negative,3.0373461343041953e-05
1271598923325616133,negative,0.00036986781985034426
1271598923568705536,neutral,0.49114048206328076
1271598923719811072,positive,0.9998747567876236
1271598924420300802,negative,0.04251423792646359
1271598925540179968,negative,0.06756897342989703
1271598926299357185,neutral,0.4505300336640562
1271598926311776256,negative,0.00019407733317272557
1271598926873989120,negative,0.0021354723594557115
1271598927230492672,negative,0.14868589853355496
1271598927482171392,negative,0.1770978347910011
1271598928564228097,negative,2.825545534753193e-08
1271598928564236290,negative,0.0027150223866055138
1271598930183233536,negative,0.025423849341311082
1271598930627878914,negative,5.07194783549214e-06
1271598930644602881,negative,6.960495029676061e-06
1271598931290570752,negative,2.1873838936752645e-07
1271598931710017536,positive,0.7878984431607639
1271598932112506880,negative,0.0023170344461177867
1271598933811265537,negative,0.00023719053040000164
1271598934352203777,neutral,0.34117024056417766
1271598934373404672,negative,2.03219593005429e-05
1271598934780076039,negative,0.10059420734912478
1271598934847356933,negative,0.0003366071990679179
1271598934855692288,negative,0.2013198904030459
1271598934880686081,negative,0.3040949491800166
1271598935379808256,neutral,0.34117024056417766
1271598935405146112,negative,0.12273378680112947
1271598936411852800,negative,1.2727889888689838e-07
1271598936663437318,negative,0.0035758839023873816
1271598938114658311,negative,0.022491979114507978
1271598938144018435,negative,0.3194594848544355
1271598938718683136,negative,0.0019003617336981265
1271598938794139648,negative,0.00014350272263410614
1271598938861309954,negative,0.029847324492047383
1271598938865442816,negative,4.1059875989667547e-08
1271598939167428608,negative,0.0024968577181432848
1271598939230343170,neutral,0.3725458233667465
1271598939641393152,negative,0.004074047576496962
1271598939813416965,negative,2.402298401358159e-13
1271598939859533830,negative,9.270337491937225e-09
1271598940002177025,neutral,0.4797983056215736
1271598940325101568,negative,0.006304547275251841
1271598940375453696,negative,3.190421797255923e-08
1271598942497759233,negative,0.00016628924848785266
1271598942929780736,neutral,0.41557614730585196
1271598943454007301,negative,0.00016628924848785266
1271598944343207938,neutral,0.5136446707795853
1271598944368418816,negative,0.02428248049254861
1271598944657854470,negative,0.13445221045552044
1271598944670408704,neutral,0.38886436959109394
1271598944687214593,negative,3.759814752818217e-05
1271598944724779009,negative,0.0023170344461177867
1271598944863191040,negative,0.005894416270567474
1271598944934678528,negative,0.025152324668022856
1271598944985001988,negative,1.8066554511466122e-05
1271598946570428418,negative,0.019120401887154408
1271598946746589185,negative,0.0020000389975109592
1271598946880757764,negative,0.09682065438804816
1271598946884956160,negative,0.0029222022920998556
1271598946914353153,negative,6.236105015602125e-07
1271598947128262656,negative,0.0006231497894395036
1271598947174359041,negative,0.010037514670625025
1271598947228844032,negative,0.000132376457949845
1271598947321200645,neutral,0.3857377220897792
1271598947719622656,negative,9.250877231731503e-05
1271598948277510144,positive,0.7878984431607639
1271598948688461824,negative,0.01719004681774222
1271598948768190466,negative,0.0067656090279139425
1271598948881489922,negative,0.0002833791535977362
1271598950919761925,negative,0.19502423039687414
1271598951402213568,negative,0.21921412548362115
1271598951536504832,negative,0.0002833791535977362
1271598951641362438,negative,0.03840564920058137
1271598951754579968,negative,9.257629496936747e-08
1271598953407094784,negative,0.19696061213560703
1271598953809797125,negative,0.0931484765041337
1271598953872719873,negative,0.039286133369671385
1271598954078244866,neutral,0.5557609359217999
1271598954388447232,positive,0.7685322661239289
1271598954858283013,negative,0.020610570979998574
1271598955021950983,negative,0.0049024829505844945
1271598955554582531,negative,0.010462820569706455
1271598956343111680,neutral,0.473964753344039
1271598956431265793,negative,0.2772523594959813
1271598956514906122,negative,0.32927127325779737
1271598956619927554,negative,0.0009998132630746103
1271598956959731716,negative,0.00019984109669266473
1271598957312061448,negative,0.01044894778244478
1271598959308537856,negative,0.05610309040052827
1271598959811801089,negative,0.2369710931082333
1271598959824302081,negative,0.0049024829505844945
1271598960050831361,negative,0.001469901995705003
1271598960268935169,neutral,0.437369725752128
1271598960600326146,negative,0.03066741992929385
1271598960612970496,negative,0.022239639193932088
1271598961325862912,negative,0.00016628924848785266
1271598962114473984,negative,0.023426045205453435
1271598962202607616,negative,0.000132376457949845
1271598962223579136,neutral,0.3499352441185855
1271598963251187713,negative,0.008921147307527712
1271598963347554305,negative,0.04317724555541918
1271598963704160262,negative,0.12227762356369955
1271598963909693442,negative,0.13833449249373625
1271598964350095365,negative,0.08818161423987897
1271598964564013056,negative,0.3040949491800166
1271598964576595979,negative,0.10513300309028586
1271598964584972288,negative,0.03971934951296941
1271598964861816833,negative,0.000132376457949845
1271598964979183616,negative,0.0003291735782151038
1271598965377679360,negative,0.0003291735782151038
1271598965490888706,negative,0.0005358077387413497
1271598965591552000,negative,0.046484769731093445
1271598967852281856,neutral,0.47939072983868036
1271598967986573313,negative,1.4369133303213007e-05
1271598968452059136,negative,0.11039593456744098
1271598968745623558,negative,0.015386386874891427
1271598969819475968,negative,0.022174555350346264
1271598971744641024,negative,0.0006429708000017291
1271598972457623552,negative,0.005491895574107135
1271598972478644225,neutral,0.437369725752128
1271598972520599552,negative,0.3040949491800166
1271598972579217411,neutral,0.437369725752128
1271598972608696327,negative,0.009925182090391355
1271598972612816896,negative,0.009272739832239805
1271598973262888960,neutral,0.5994534969101798
1271598973422374915,negative,0.07966900205782966
1271598973543948288,negative,0.3283755955147836
1271598973762109442,negative,0.0011518029570618772
1271598973808230400,negative,0.07451860916872596
1271598974063898624,negative,0.01655022480749108
1271598974156378115,negative,0.0054957589640757636
1271598974282223616,negative,0.0026023019266201253
1271598975850872833,negative,6.217276266485304e-11
1271598975913787392,negative,0.005626392366426678
1271598976480030722,negative,4.50491123474092e-05
1271598976559611904,negative,0.3061668343924319
1271598976601554944,negative,0.1460605091437251
1271598976744251393,negative,0.0013391425022452087
1271598977948008450,neutral,0.3499352441185855
1271598978660855808,negative,1.2005966744307362e-06
1271598978761703426,negative,0.00019984109669266473
1271598979139153926,negative,9.526299488720319e-06
1271598979214606340,negative,5.64812312223519e-09
1271598979508248576,negative,1.8066554511466122e-05
1271598979600416769,negative,0.028648481905529474
1271598979625766919,negative,0.0615331638563064
1271598980540043265,neutral,0.3725458233667465
1271598980699430914,negative,0.007065184433057396
1271598980711972864,negative,0.00019984109669266473
1271598980925980673,negative,0.043846356520818516
1271598981554946048,negative,1.8066554511466122e-05
1271598981798395905,neutral,0.3749004676801908
1271598982523953153,neutral,0.34117024056417766
1271598982695989248,negative,0.32620683154629054
1271598982809022464,negative,0.10062534614280487
1271598983119622144,negative,0.015946341074103896
1271598984251891712,negative,0.0013861122586575497
1271598984273027072,negative,0.00013007990733561196
1271598984348471298,negative,0.0672770373814434
1271598985686462470,negative,3.759814752818217e-05
1271598985858494471,positive,0.9517380584075411
1271598986001035265,negative,0.010409351888161885
1271598986785198080,negative,0.0013283266148129181
1271598986844045313,neutral,0.3381189830050101
1271598987242606594,negative,1.4867211840977002e-08
1271598987578138627,negative,0.003438782250022894
1271598988677046272,negative,0.032638335197396735
1271598989788565505,negative,0.015661262735491132
1271598990077972482,negative,0.05610309040052827
1271598990761615360,negative,0.19981026727800333
1271598990971285510,negative,7.501225747916104e-11
1271598991235481600,neutral,0.46127768308170247
1271598991378190336,negative,2.128951370803973e-06
1271598991424270338,negative,7.143538720932053e-06
1271598991440924672,negative,0.0021432410624803565
1271598991571107840,negative,0.01719004681774222
1271598992284057600,negative,1.3460158114866486e-08
1271598993089445888,negative,0.01927059734805427
1271598993152212992,negative,0.0003233884312043605
1271598993269829632,negative,0.00016628924848785266
1271598993378807809,negative,0.0016737896560586971
1271598993689268226,negative,0.19502423039687414
1271598993903169538,negative,0.03980030593590898
1271598994209243136,negative,0.04269907076138966
1271598994758778881,negative,0.005014943087364652
1271598995018780673,negative,0.041863098365780615
1271598995056590849,neutral,0.5403215508489412
1271598995148857344,negative,0.008598260800046817
1271598995232694273,negative,0.0010956943939382383
1271598997237620736,negative,0.0005358077387413497
1271598997367672835,negative,0.24434750535132463
1271598997375942657,neutral,0.46388013727524513
1271598997451476994,negative,0.31732489718339985
1271598998093209600,negative,0.0023336165182730995
1271598998361640961,negative,0.04445217217724994
1271598998470737922,negative,0.002395107361095619
1271598998470766595,negative,0.0071479933406052385
1271598998596587520,negative,0.0006755598966081016
1271598998617501697,negative,0.0009133176759546036
1271598999078830086,negative,0.005894416270567474
1271598999372533761,negative,0.0005876782518682008
1271598999527661570,negative,0.24905078547023604
1271598999636754433,negative,0.19492560841664522
1271598999871447040,negative,0.0002558508086955222
1271599001104678912,neutral,0.37680543482765966
1271599001113157632,negative,0.005894416270567474
1271599001159303169,negative,0.03365236148123999
1271599001222164482,negative,0.00019984109669266473
1271599001616486400,negative,0.025855438124333892
1271599001708539904,negative,0.002395107361095619
1271599001759027201,negative,1.2609874138529169e-05
1271599002023194624,neutral,0.41661895030617113
1271599002044243968,negative,1.67824124727267e-05
1271599002048327681,negative,0.19552563706121598
1271599002102964229,negative,5.327236564267823e-09
1271599002849607681,negative,0.06842503420026794
1271599003008983042,negative,0.0005358077387413497
1271599003034169348,neutral,0.652988088600254
1271599003159928832,negative,0.01655022480749108
1271599004309229569,negative,0.0762907951563658
1271599006242820096,positive,0.717292930167153
1271599006410510336,negative,0.00016628924848785266
1271599006960037888,negative,0.008316894369279295
1271599007412953089,neutral,0.5911194909683506
1271599007496900608,negative,0.11330392519685359
1271599008100671488,negative,0.2824876424311173
1271599008788680705,negative,8.11134707067555e-06
1271599009078149122,negative,0.20823784992469868
1271599009753370624,negative,0.21022325253424842
1271599009812135936,negative,0.1268028451552595
1271599011091353600,negative,0.008084583901608097
1271599011779104768,neutral,0.47022341483285823
1271599012223823874,negative,0.00014840749909568357
1271599012609736704,negative,0.05772284166906833
1271599012836245510,negative,0.00014350272263410614
1271599013905592320,negative,0.3029968537174699
1271599014136381440,negative,0.0012621969506292634
1271599014459461639,negative,8.11134707067555e-06
1271599014656475138,negative,0.0002833791535977362
1271599014748794881,negative,0.1268028451552595
1271599014941650944,negative,0.00018052500103721563
1271599014992138240,negative,0.029160432015274185
1271599015004602368,negative,4.482972286831164e-06
1271599015268962304,negative,0.0009422503286568073
1271599015491239937,negative,0.06141424613061973
1271599015759659009,negative,0.00014350272263410614
1271599015902081024,negative,0.002886944683696644
1271599016007131136,negative,0.09650276030538073
1271599018498576389,negative,0.02326228288458376
1271599018754347011,neutral,0.3381189830050101
1271599018934767618,negative,1.4282680352932503e-05
1271599019345752065,negative,0.05473693261864232
1271599019408740353,negative,0.037870040060627
1271599019417047040,negative,8.154604400939287e-05
1271599022470500353,negative,0.0011476103271417274
1271599022885810177,negative,0.00042531017010704556
1271599023644905473,negative,0.02302233373853706
1271599023733059584,negative,0.041863098365780615
1271599024693444609,neutral,0.34546092169515824
1271599024798400513,negative,0.08610327210075555
1271599024798420992,negative,0.04034504994213668
1271599024890540033,negative,0.19552563706121598
1271599025230434304,negative,0.2432690597467076
1271599026497085446,negative,0.007599598437030047
1271599027461685249,negative,2.6695981015037323e-05
1271599027616874496,negative,0.007032605876039598
1271599028522942465,neutral,0.5953139771580094
1271599028715892737,negative,0.007624699741793814
1271599028736790531,negative,0.026102557911560516
1271599028766203909,negative,0.2847093328097419
1271599029160419328,negative,0.005894416270567474
1271599030498459648,negative,1.0955951956994023e-06
1271599030963965953,negative,0.06559550363989554
1271599030976593921,negative,0.12562572603558866
1271599031286927361,neutral,0.43239902574644784
1271599031417016326,negative,0.00520040308252152
1271599031421218819,positive,0.9690135590713432
1271599031630925826,negative,0.0031536233153725887
1271599032054448128,neutral,0.4670100671583925
1271599032285237251,negative,0.011524882308300772
1271599032335564801,negative,0.00019984109669266473
1271599032432046085,negative,7.2884477388465e-05
1271599032956321792,neutral,0.48728019602140255
1271599033283477505,negative,0.28112816092110127
1271599033568673793,negative,0.008658099919513919
1271599034726256642,negative,0.011534671344747179
1271599034977980416,negative,3.174733316086087e-06
1271599035309330432,neutral,0.3381189830050101
1271599035347087360,negative,0.02176437571497342
1271599035590328320,negative,0.0319832305431049
1271599035883950081,negative,0.04241769445244429
1271599036190031873,negative,0.01298509591667729
1271599036345319425,negative,0.009104855373765826
1271599036689252364,negative,0.0010574439661692945
1271599036718624768,neutral,0.5984647417168318
1271599036844445698,negative,0.00011791760518418482
1271599037137870848,negative,1.4282680352932503e-05
1271599038660575232,negative,0.05718135676253722
1271599039163830277,neutral,0.5078939889731962
1271599039444922368,negative,0.0027510989605443316
1271599040011083776,negative,0.012484248046966798
1271599040308875265,negative,0.009272739832239805
1271599040560537600,negative,0.15567460037341105
1271599040656965634,neutral,0.36434125657219296
1271599040891936773,negative,0.27038407678023463
1271599040908742656,negative,0.0005034695216335829
1271599040937857026,negative,0.001842031509920941
1271599041072242688,negative,0.005571168276509316
1271599041164476417,negative,0.3029968537174699
1271599041273638914,negative,8.935004897214377e-05
1271599041575559171,negative,2.5162473503324767e-06
1271599043509133312,negative,0.023872504189481978
1271599044108877825,negative,0.006759802676185766
1271599044129959936,negative,0.011013483629895885
1271599044549324800,negative,0.0010464582834329313
1271599044616478720,negative,1.1536731032851516e-05
1271599044700311555,negative,0.015386386874891427
1271599044968755200,negative,0.0832863836023537
1271599045543247873,neutral,0.3526434678804405
1271599046004703232,negative,0.05953817817461841
1271599046881234944,negative,0.00567345541570288
1271599047376322560,negative,4.7701921286861086e-05
1271599047590187010,neutral,0.3725458233667465
1271599047984459778,neutral,0.3381189830050101
1271599048135446528,negative,0.009295491810954544
1271599048340967425,negative,0.0787981515100334
1271599048340971521,negative,0.19552563706121598
1271599048806588417,negative,0.12638575508756936
1271599048894615554,neutral,0.4670100671583925
1271599049238552576,negative,0.003951703928940141
1271599049292972032,negative,0.11406473752433555
1271599051428040705,negative,0.1253996594205582
1271599051503435776,neutral,0.43962123866478686
1271599051599986688,neutral,0.4353447131478714
1271599051939688449,negative,1.5821000059472022e-06
1271599052413681664,neutral,0.437369725752128
1271599052472356864,negative,0.015946341074103896
1271599052556136448,negative,0.0010033410433637482
1271599053202247681,neutral,0.37137062280538924
1271599053562839040,negative,0.002242760137522403
1271599053827080192,negative,0.3040949491800166
1271599053906853899,negative,0.2178596778379981
1271599055517483009,negative,0.0049024829505844945
1271599055639064576,positive,0.9856339366098104
1271599055714607104,negative,0.00020238638988344894
1271599055832059905,negative,0.0014288171357174633
1271599055941091331,negative,0.00012973628862037405
1271599055953514496,positive,0.7878984431607639
1271599056016551937,negative,0.07383028006801262
1271599056347955201,negative,0.03840564920058137
1271599056809340928,neutral,0.35219407638019756
1271599057069318146,negative,0.2178596778379981
1271599057211883528,negative,0.001842031509920941
1271599057367183360,neutral,0.3381189830050101
1271599059762020360,negative,0.0005629299174020448
1271599060047273985,negative,0.00012420501629135366
1271599060315758592,negative,0.02734764205970332
1271599060668030977,neutral,0.3381189830050101
1271599060848443392,negative,0.3246445811942708
1271599061452324868,negative,2.028334723979904e-06
1271599061573996544,negative,0.0074669036003642405
1271599061699788801,negative,0.18909143581032145
1271599061989236737,negative,0.08002465081650481
1271599062165397504,positive,0.671337306919619
1271599062358413320,negative,0.06391736283948715
1271599064208023554,negative,0.21921412548362115
1271599065055342592,negative,0.12227762356369955
1271599065277575175,negative,0.13876827271831957
1271599065302736896,negative,0.10529821546652829
1271599065353064456,neutral,0.4353447131478714
1271599065357324303,negative,1.0072532966230194e-07
1271599065906786307,negative,0.0048031083353694045
1271599066435194881,negative,0.04885317442997018
1271599066636484609,negative,0.010298898409959192
1271599066800103424,negative,0.012146866668358864
1271599066900844549,positive,0.7878984431607639
1271599066951176202,negative,5.531874381028928e-05
1271599067219537921,negative,3.7750920186968655e-11
1271599068104581120,negative,0.03416143747831388
1271599068188495872,negative,0.008549124672885725
1271599068289040384,negative,0.31231732632982556
1271599068461047809,neutral,0.5604661215400841
1271599068465311744,negative,0.0002833791535977362
1271599068758904837,negative,0.0048031083353694045
1271599068792356864,negative,0.2569624598473517
1271599068800856064,positive,0.8673366514250048
1271599069551570944,negative,0.017330337580040312
1271599070021398529,negative,6.547150004312279e-07
1271599070277238787,negative,0.018720000499947858
1271599071032217605,negative,0.005894416270567474
1271599071267106818,negative,0.18909143581032145
1271599072407846914,neutral,0.3381189830050101
1271599073062268929,neutral,0.49579961878186113
1271599073376776199,negative,0.1460605091437251
1271599073628479488,negative,0.1853447716208767
1271599073859112960,neutral,0.616005678462541
1271599074475683841,negative,0.005131442112868792
1271599074706366465,negative,2.0224406668025417e-11
1271599074739916801,neutral,0.3499352441185855
1271599074937131008,negative,0.00023882966192448517
1271599075054571520,neutral,0.47767126215885464
1271599075184558080,negative,0.0414720313169039
1271599075381719040,negative,0.015946341074103896
1271599076681932800,negative,0.18909143581032145
1271599076694462465,negative,0.007389368129271988
1271599077155799040,negative,0.0026290883475751756
1271599077189390336,neutral,0.4507454498615163
1271599077369630720,negative,0.04444805491636417
1271599077650808832,negative,0.2349874370133175
1271599077801824256,negative,0.00010898152810495363
1271599077906681856,negative,0.0960708053198126
1271599078019923968,negative,0.31231732632982556
1271599078133170177,negative,0.00016100482880607227
1271599078158327810,negative,0.016447491419061072
1271599078640672768,neutral,0.3381189830050101
1271599078879694848,negative,0.01991638529144152
1271599078976172032,neutral,0.6057095957011978
1271599080867856384,negative,0.00019984109669266473
1271599080964268037,negative,1.9777806391167352e-05
1271599081450885120,negative,0.2889782600489871
1271599081547333635,positive,0.9145194741148972
1271599081714900992,negative,0.041863098365780615
1271599082100981766,negative,0.00019984109669266473
1271599082767876097,negative,0.0002831178103341276
1271599083002703873,negative,0.18894664216049947
1271599083652657153,neutral,0.34117024056417766
1271599085255110658,negative,0.01298509591667729
1271599085263425539,positive,0.9338531583458919
1271599085699633157,neutral,0.4088283590188507
1271599087205396481,negative,0.0931484765041337
1271599087608107016,negative,0.01924109928731941
1271599088279183360,negative,0.03402767239417841
1271599089134813185,negative,0.0028290743903026405
1271599090313441280,negative,0.322991140556309
1271599090330218496,negative,0.24257369881389068
1271599091353620480,negative,1.1681188238227523e-05
1271599091596886016,negative,0.0005212212119467589
1271599091601080323,negative,0.06482909123795111
1271599091710033921,neutral,0.49738919646342195
1271599092263772161,neutral,0.3847354639503703
1271599092360151040,negative,0.10972328502380733
1271599092553170950,negative,0.00419921053032244
1271599092662181895,neutral,0.4496962766777865
1271599093459148800,negative,0.003962663942309554
1271599093593366529,negative,0.03221236491021509
1271599094117666817,negative,0.2654769106322947
1271599094339760128,negative,8.807948677607718e-09
1271599094411059200,neutral,0.37137062280538924
1271599094511947776,negative,3.0373461343041953e-05
1271599094578937856,negative,0.238427545908539
1271599094679646209,negative,3.0153866093186707e-06
1271599095296262144,negative,0.0021312865825917665
1271599095392669696,negative,0.00011791760518418482
1271599095455657984,negative,0.0002777101416879783
1271599095497535489,negative,1.5056355775226714e-05
1271599095954788352,negative,0.0005351132759893319
1271599096034451459,negative,0.023154592472882776
1271599097473118209,negative,1.4087941363798072e-05
1271599097624084481,negative,0.007954934633077601
1271599097762459649,negative,0.026945162899131896
1271599098072903680,negative,0.0007969433097646404
1271599098190331909,negative,0.00023882966192448517
1271599098324451329,negative,0.18108112304250348
1271599098446184449,negative,0.30278654181733033
1271599098840395776,negative,0.0003817668947452522
1271599098949492742,negative,0.00026706758266826873
1271599099071078400,negative,0.2234587016537679
1271599099075268608,neutral,0.49789225920557484
1271599099134042120,negative,0.00013433701916419725
1271599099415015427,negative,0.06842503420026794
1271599099423449088,negative,1.8066554511466122e-05
1271599099440234499,negative,0.2178596778379981
1271599099456913409,negative,0.00010338679440685032
1271599099763142656,negative,0.28112816092110127
1271599099838697474,negative,0.15797133755319195
1271599101310906368,negative,4.988984106503519e-06
1271599101885497344,negative,0.010190485410463168
1271599102229438464,negative,0.2013198904030459
1271599102422323201,negative,0.1253996594205582
1271599102795542528,negative,0.01522312151214735
1271599103093485568,negative,2.1156380188343778e-05
1271599103429017607,negative,0.0005351132759893319
1271599103764508672,negative,0.0026037461823403096
1271599104234225671,negative,0.00011791760518418482
1271599104313958401,neutral,0.49789225920557484
1271599104884432896,negative,0.04152518570936952
1271599105089798145,negative,0.17789058408954797
1271599105836412929,neutral,0.34117024056417766
1271599106209783810,negative,0.2885999435089266
1271599106507628544,negative,0.00016628924848785266
1271599107312955398,neutral,0.4461603449519414
1271599107329556481,negative,0.03275811986694785
1271599107631648770,negative,1.8066554511466122e-05
1271599107715579904,negative,0.0011476103271417274
1271599107774259200,negative,0.031252089843059085
1271599107958804480,negative,0.014003200034624
1271599108256563202,neutral,0.3381189830050101
1271599108374114306,positive,0.7878984431607639
1271599110517403648,negative,0.00016397075895749168
1271599110601277441,negative,0.004389130216547856
1271599110697766913,negative,9.854271082050727e-09
1271599110743883778,negative,0.27292421987320603
1271599110848569344,negative,0.18909143581032145
1271599110865539073,negative,0.1631603941625876
1271599111544995845,negative,0.013670573633412467
1271599111758843904,negative,1.8066554511466122e-05
1271599111838580741,neutral,0.5515065784141607
1271599112077574145,negative,0.001842031509920941
1271599112165654528,negative,0.0510672148070735
1271599112253845504,negative,0.06756897342989703
1271599114405449728,negative,0.16459587208152346
1271599114753581058,negative,0.0005351132759893319
1271599114933940224,negative,0.014116400150415681
1271599115768680449,negative,0.03438070258207496
1271599115772846083,negative,0.01285103394715023
1271599115919667200,negative,0.0002833791535977362
1271599115932069888,negative,0.01655022480749108
1271599116087365632,negative,0.05676553902449732
1271599116112539648,negative,0.0009150353363496623
1271599116217434113,negative,6.351564906245972e-11
1271599116708184067,negative,0.009459850596007527
1271599116964057090,negative,2.01480361164436e-06
1271599118444638208,negative,0.13085061686186283
1271599118503141377,positive,0.7878984431607639
1271599118872391681,negative,0.23871696831429615
1271599119207981056,negative,0.031252089843059085
1271599119237332994,neutral,0.4353447131478714
1271599119627411457,neutral,0.4190935437062381
1271599119736373253,negative,0.2436472734913412
1271599119761620993,negative,0.012931243877657162
1271599119904247808,negative,0.11373813647022821
1271599120801771521,negative,0.0049024829505844945
1271599121107947522,negative,0.03980030593590898
1271599123167424513,negative,0.020293768977799775
1271599123498700800,negative,0.3040949491800166
1271599123653894146,negative,9.90132837414717e-05
1271599124119519240,negative,0.029160432015274185
1271599124304080902,neutral,0.5713753285917224
1271599124513583104,negative,0.0023402157507525973
1271599124522192896,positive,0.9783804411419724
1271599125163847683,negative,0.012147162257110768
1271599125696479232,negative,0.000132376457949845
1271599127344771073,negative,0.005131442112868792
1271599127344877568,negative,0.005894416270567474
1271599127646871554,negative,0.0006231497894395036
1271599127701454848,negative,0.017491531306464525
1271599128099856384,negative,0.010674117518023335
1271599128766754816,negative,9.79469128605362e-07
1271599128913592320,negative,0.0005358077387413497
1271599129110642689,positive,0.7500377016963704
1271599129190375424,negative,0.07762784543750909
1271599129337237504,negative,0.05670946645000067
1271599129345634305,negative,0.12796829516329647
1271599129735593986,negative,0.00023882966192448517
1271599129874087937,negative,0.05817995923428874
1271599130192818185,neutral,0.437369725752128
1271599131325153282,negative,1.8066554511466122e-05
1271599131920723968,neutral,0.4461603449519414
1271599132227112961,negative,0.026615173795510632
1271599132248027137,negative,0.0063698643765083655
1271599132285812739,negative,0.19552563706121598
1271599132357033984,negative,8.157543666926436e-05
1271599132503953409,negative,0.18007603410091055
1271599132759777281,negative,2.031213868337768e-07
1271599133053407233,negative,0.25919049002543937
1271599133288251392,negative,4.50491123474092e-05
1271599133535715328,negative,0.0002580519377169914
1271599133741199360,negative,7.95196526314237e-06
1271599135578300416,negative,0.0049024829505844945
1271599135989301249,negative,0.11361936480810535
1271599136090066948,negative,0.005820665306411165
1271599136240959490,negative,6.480740525265327e-06
1271599136337530880,negative,0.18264538590684004
1271599136937107457,neutral,0.3996580091506196
1271599137390317570,negative,0.1203090358454427
1271599137528651777,negative,0.13223660272479967
1271599137595719685,negative,0.02282647380578316
1271599139785076737,negative,6.236105015602125e-07
1271599139944620032,negative,0.00039100417992825234
1271599140120727553,negative,0.002395107361095619
1271599140410138625,neutral,0.46127768308170247
1271599140494020609,negative,0.023063762581448332
1271599140838014984,negative,0.013598160787417896
1271599140900831233,neutral,0.3381189830050101
1271599141270028289,negative,1.013671218956699e-05
1271599141358051329,negative,0.022433941109233455
1271599141408235521,negative,0.003582252419649563
1271599141450375168,negative,0.27460462691970755
1271599141559418881,negative,0.2654769106322947
1271599141777358848,negative,5.011836637473674e-09
1271599144529014789,neutral,0.42974296076503926
1271599144587624448,negative,0.06842503420026794
1271599144596094978,negative,0.08036903096359521
1271599144868753413,negative,0.00012420501629135366
1271599145191714819,negative,0.00019984109669266473
1271599145485316099,negative,0.0002833791535977362
1271599145560793088,negative,0.231007191316115
1271599145606950912,negative,2.5144893589907698e-05
1271599145720197120,neutral,0.34546092169515824
1271599145766322177,negative,0.29456521167494
1271599145791471616,negative,0.00014715169268817273
1271599146290511872,negative,0.00016100482880607227
1271599146357723136,negative,0.07467374768585798
1271599147926372353,negative,0.009159327055343357
1271599148010221571,negative,0.02428248049254861
1271599148010295303,negative,0.0009717626606603306
1271599148014407681,negative,0.24365190781488377
1271599148735901699,negative,0.03540741309347112
1271599149184581636,negative,0.1735162678381825
1271599149352456192,negative,0.012461089117349843
1271599149406990336,negative,0.0001448950561453411
1271599149776089092,neutral,0.41557614730585196
1271599149868355584,negative,0.26460737827120967
1271599150572978176,negative,0.22515719221902394
1271599150631661569,negative,0.0005351132759893319
1271599150832943104,neutral,0.439589607984053
1271599150963048450,negative,0.0003042655026821518
1271599152615563272,negative,0.011728996155089367
1271599152871411717,negative,0.03670255851540621
1271599152930213893,negative,0.0005025527464264806
1271599152980467712,neutral,0.4421809275895758
1271599153139855361,neutral,0.6594073068999112
1271599153399902209,negative,0.056349614331459165
1271599153618063363,negative,0.17461815590195745
1271599153802612736,negative,0.002975294047072932
1271599153806577664,negative,0.18189696381783874
1271599153831870473,negative,0.00023882966192448517
1271599154100404235,negative,0.28112816092110127
1271599154649841664,negative,0.00021323646588724418
1271599155308376069,negative,0.22575834606570705
1271599156193361933,negative,0.03180962742221007
1271599156545687552,negative,0.0017179404763293094
1271599156994465797,negative,0.2824876424311173
1271599157241958400,neutral,0.4670100671583925
1271599158743498752,negative,0.0012374096839788261
1271599160634904577,negative,0.0006231497894395036
1271599160773541888,negative,0.004078951870974193
1271599161281064960,positive,0.7878984431607639
1271599161457152000,negative,0.0015425978250262452
1271599161683689473,negative,0.059336292708775995
1271599161683689474,negative,0.0011324348605721902
1271599161687883776,neutral,0.49789225920557484
1271599161771687937,negative,0.2436472734913412
1271599161889210368,negative,4.4258464493188567e-13
1271599162065326080,positive,0.9949906444171778
1271599162706939904,negative,0.006216500535976021
1271599162715336704,negative,9.99658342808308e-05
1271599162790797313,negative,0.0029542428675614464
1271599163524947976,positive,0.8562852694896161
1271599164783198213,neutral,0.3670894903605887
1271599164925923330,negative,0.00019984109669266473
1271599165269778433,negative,9.345610740760639e-05
1271599165286555649,negative,0.00016823968684374503
1271599165462765570,negative,1.1513069172778595e-07
1271599165936631810,negative,0.001901169423473427
1271599165966036994,negative,0.00019984109669266473
1271599166003777537,negative,0.08561529818531403
1271599166100299777,negative,0.02435601852684147
1271599166108688384,negative,0.0005351132759893319
1271599166465114112,negative,0.304178186475401
1271599166570016769,negative,7.273631535157066e-08
1271599166637002753,negative,0.050988209433871536
1271599166637125643,negative,0.00019894404832740268
1271599167002083328,negative,0.18909143581032145
1271599167937355777,negative,0.011696686888317457
1271599169640239104,negative,5.6018110934002535e-11
1271599169787105280,neutral,0.4673421615500572
1271599170554560512,negative,0.004217006602231487
1271599170592419840,negative,0.005894416270567474
1271599170701479937,positive,0.997126995515298
1271599173150875648,negative,7.236773637704521e-08
1271599173301874688,negative,0.08343887924363161
1271599173532557312,negative,0.00132805127624121
1271599173729529856,negative,0.04444805491636417
1271599173847179271,negative,0.19239071130021815
1271599174291775490,negative,6.746014266789122e-05
1271599174350368768,positive,0.8560290592048831
1271599174367227904,negative,0.15227355731666825
1271599175575072769,negative,0.01167495145491787
1271599175633965057,negative,0.1222285390207962
1271599175956926465,neutral,0.5684752279504157
1271599177219350528,neutral,0.6582643402168333
1271599178469253122,negative,0.03180962742221007
1271599178515468288,negative,0.018720000499947858
1271599178532245504,negative,0.0019003617336981265
1271599178712580096,negative,0.27403404469589215
1271599179224109056,negative,0.16437877331818024
1271599179400392706,neutral,0.4814216422911448
1271599179425558528,negative,0.0002076434057979759
1271599179454914560,negative,0.02167965233884988
1271599179643662337,negative,8.973941284384083e-06
1271599179647848448,neutral,0.39461401579675004
1271599179790417923,negative,0.0013327655293858542
1271599180038000641,negative,0.01786866897430779
1271599180985794561,positive,0.9134132282592727
1271599181648596997,negative,0.19753827322328846
1271599182634192903,negative,0.005894416270567474
1271599183028523008,negative,0.0006231497894395036
1271599183032705031,neutral,0.34117024056417766
1271599183036727297,negative,0.034063562426954866
1271599183410192384,negative,0.000132376457949845
1271599183468859397,negative,1.56260701404286e-05
1271599183921844225,negative,0.010417856429093712
1271599185662533632,negative,0.020144476084628184
1271599185691922434,negative,0.10314861762569424
1271599186073583617,negative,8.771414620551129e-08
1271599186111234049,negative,0.0002833791535977362
1271599186153295879,negative,0.007954934633077601
1271599186186842114,negative,0.05817995923428874
1271599186476249089,negative,0.15931206484429183
1271599186870501376,negative,0.00157921824750368
1271599187357044742,negative,0.018720000499947858
1271599187541528588,negative,0.10267293010999029
1271599187583479808,negative,0.18559197711064812
1271599188200038401,neutral,0.5844660558927414
1271599188430721024,neutral,0.38017926804997
1271599188489441280,negative,0.019986340262364278
1271599188925648896,negative,0.0015425978250262452
1271599189735157760,negative,0.0011476103271417274
1271599189785554945,negative,0.09114215369062866
1271599189877821441,negative,0.0006033502706625389
1271599189923938304,negative,1.566824131255257e-09
1271599190087479299,negative,0.005894416270567474
1271599190750216193,negative,0.007069923852023234
1271599191719059457,neutral,0.3381189830050101
1271599191911956482,negative,0.212909346641467
1271599194005016577,negative,0.005894416270567474
1271599194352934912,negative,5.801359392792658e-06
1271599194768396289,negative,0.03534325353408794
1271599194990657537,neutral,0.3442340415168033
1271599195124793351,negative,0.0010544497805837873
1271599195867230209,negative,0.003984025281976401
1271599196043243520,negative,0.012164792431929873
1271599196131516416,neutral,0.6036802031617744
1271599196181876736,negative,0.017562576370092516
1271599198597677056,negative,0.03002850738116171
1271599199021383685,negative,0.03240998528181736
1271599199386316802,negative,0.000990107747158046
1271599199403085830,negative,0.005894416270567474
1271599199486869506,negative,0.04580868801829515
1271599199499374592,negative,4.637444816837808e-07
1271599199545626627,negative,0.00018924066473567403
1271599199784710145,negative,0.008803649652777256
1271599199914778624,negative,0.25888143731546853
1271599199990276096,negative,0.0007028931467689295
1271599200032219142,negative,0.08728022455094844
1271599200069976065,negative,0.09658838931814522
1271599200174780416,negative,0.00011309570730264128
1271599200330006529,negative,0.0005629299174020448
1271599202427174912,neutral,0.437369725752128
1271599202674659329,neutral,0.6080386821958005
1271599202745933824,negative,0.025423849341311082
1271599202829602816,negative,3.8632474149153675e-05
1271599203303804928,negative,0.00959994398555719
1271599203681173509,neutral,0.3381189830050101
1271599203698040832,negative,0.00011791760518418482
1271599203815473153,negative,1.8066554511466122e-05
1271599203882582017,negative,0.0012359037580937722
1271599204146782217,negative,0.023195242295274913
1271599204431847426,negative,0.08818161423987897
1271599204679520256,negative,0.03416143747831388
1271599205170196480,positive,0.8553276522580865
1271599205354803201,neutral,0.37356359750014606
1271599205367386117,negative,0.002354434163065829
1271599206860500994,negative,0.0018836644112498178
1271599207137361925,negative,0.09901705703503477
1271599207326121984,neutral,0.37137062280538924
1271599207451934721,positive,0.9577556031445253
1271599207670054912,negative,0.04495357886299508
1271599207699435523,negative,0.0002833791535977362
1271599208420737024,negative,0.000132376457949845
1271599210903805952,neutral,0.37137062280538924
1271599211063189506,negative,0.0003618294678994878
1271599211587481604,negative,0.00023882966192448517
1271599211625267201,negative,1.8066554511466122e-05
1271599211759513600,negative,0.00032625171232757155
1271599211830751232,neutral,0.41781860539170623
1271599212006965249,negative,0.09038507580680345
1271599212170444800,negative,0.025152324668022856
1271599212522696704,negative,5.542967029515448e-10
1271599212946481157,neutral,0.3996580091506196
1271599213361745920,neutral,0.3403391890910929
1271599215433658368,neutral,0.42507619662732005
1271599215454683144,negative,0.0006231497894395036
1271599215463014401,neutral,0.4507454498615163
1271599215509110784,negative,0.001842031509920941
1271599215576301576,negative,0.00025521795545906155
1271599215635021824,negative,0.00157921824750368
1271599215924436992,negative,0.13223660272479967
1271599215924465665,positive,0.9996223988018295
1271599216192782339,negative,1.3641832502341386e-06
1271599219103731712,negative,0.0319832305431049
1271599219472818183,negative,0.04776276729038092
1271599219661574144,negative,0.1894815869607847
1271599220697583618,negative,0.2178596778379981
1271599220722528256,negative,1.4282680352932503e-05
1271599221951602688,neutral,0.3381189830050101
1271599223415410692,negative,3.859099906610727e-06
1271599223541243912,negative,0.0005358077387413497
1271599223855857665,neutral,0.3688120122074838
1271599223901949952,negative,0.00012035958397278264
1271599224514400256,negative,9.208034378177232e-05
1271599224791216130,neutral,0.4673421615500572
1271599225495785479,negative,0.0005351132759893319
1271599225630064640,negative,0.03610781727128177
1271599226074562560,negative,0.20695132830432936
1271599226083061760,negative,0.005571168276509316
1271599226099728384,neutral,0.437369725752128
1271599226103848962,negative,0.007032605876039598
1271599226145976322,negative,0.22513179180885018
1271599226443771910,negative,0.02734764205970332
1271599227567824899,negative,0.0009010691749331601
1271599227844595712,negative,0.041863098365780615
1271599228352106496,negative,0.00023882966192448517
1271599229065146370,negative,2.724521591595678e-05
1271599229207744513,negative,0.10352793160984738
1271599229589430278,negative,0.01879425341181135
1271599230088556546,negative,0.02302233373853706
1271599230130536448,negative,0.13700671085720983
1271599230218407936,negative,0.25947272540011757
1271599230432526336,negative,0.0001099568741859968
1271599230730330119,negative,0.00157921824750368
1271599231678255106,negative,0.001842031509920941
1271599232684883968,negative,0.001595334237663935
1271599232793874437,negative,0.00600742399728498
1271599232898805763,negative,5.373335369042132e-05
1271599232953221120,positive,0.7968921235270905
1271599233188200449,negative,0.0022534008262551316
1271599234366799873,negative,0.1256518955108437
1271599234492620801,negative,0.03547588364154337
1271599234618286080,negative,0.018948082044407285
1271599234786234368,negative,0.2133296276089712
1271599235885121536,negative,3.8632474149153675e-05
1271599235981598721,negative,0.0001455594177334613
1271599235990007813,negative,0.18909143581032145
1271599236296044544,negative,0.0018621124932638846
1271599236644319233,negative,0.00048559593649531447
1271599237269204992,negative,0.11039593456744098
1271599237382504448,neutral,0.4937242027389161
1271599237839466496,negative,0.046857194745555386
1271599238191988741,positive,0.6624055896622104
1271599238313644034,negative,0.0016086291336319214
1271599238368186368,neutral,0.4494736039941976
1271599238674354177,negative,0.02337445915501153
1271599239068557313,positive,0.8562852694896161
1271599240087842818,neutral,0.6582643402168333
1271599240377184257,negative,0.1154759273975014
1271599240469516288,neutral,0.49789225920557484
1271599240775520257,neutral,0.37137062280538924
1271599241039921153,negative,0.030657206039888824
1271599241119641605,negative,0.023352538805519553
1271599241891393542,negative,0.0825886283591841
1271599241933225987,negative,0.03315174901881344
1271599242398830592,neutral,0.5063531925391163
1271599244273647616,negative,0.001583773692201441
1271599244915458050,negative,0.02184521887723198
1271599245125173248,negative,0.0005351132759893319
1271599245259419653,negative,0.031737110931215944
1271599246672900096,neutral,0.3381189830050101
1271599247054508032,negative,0.0031201508720574574
1271599248593899520,negative,0.06310391292852723
1271599248723845121,negative,7.236773637704521e-08
1271599248962916353,negative,2.3359448083286247e-07
1271599249273339909,negative,1.56260701404286e-05
1271599249306914816,negative,0.08346383870731802
1271599249394982923,negative,0.00016628924848785266
1271599249797591047,negative,0.12896458398457272
1271599250619670528,negative,0.02726162813814235
1271599250749743104,neutral,0.3381189830050101
1271599252830126085,negative,0.03003319968080097
1271599253081784321,negative,4.3760961717746185e-05
1271599253929033728,negative,0.01655022480749108
1271599254063263746,negative,0.018231076434766017
1271599254243610626,negative,0.0013327655293858542
1271599254415564801,neutral,0.47638887177747796
1271599254419787777,negative,0.3040949491800166
1271599254566506499,negative,0.21880322314733167
1271599254721699840,negative,0.005894416270567474
1271599254746914818,negative,0.0040149587529359956
1271599254889476098,negative,0.3040949491800166
1271599254923087880,negative,0.2105774264678966
1271599255116042240,negative,0.012676502386934916
1271599255187329024,negative,0.18472692079693492
1271599255443169280,negative,0.0011476103271417274
1271599256886038533,negative,0.0010544497805837873
1271599257322217474,negative,0.00031004621056320524
1271599258081333252,negative,1.69597407704258e-05
1271599258374942721,negative,0.04251423792646359
1271599258572029952,negative,0.07762784543750909
1271599258655997960,neutral,0.6315114734455297
1271599258785976320,negative,5.563136874403509e-07
1271599258785976324,negative,0.04445217217724994
1271599259469533184,negative,1.8066554511466122e-05
1271599261470175233,negative,0.0024968577181432848
1271599261881372673,negative,0.0001933554462516656
1271599262065782785,negative,0.0005489302797020867
1271599262162452480,negative,0.00016628924848785266
1271599262455955458,negative,6.15849961278219e-09
1271599262498017281,negative,0.004026724032116341
1271599262548275201,negative,0.09394433727693849
1271599262565109763,neutral,0.35451443008515343
1271599262867116032,negative,0.00041279808053524723
1271599263018110977,negative,0.029160432015274185
1271599263076712450,negative,0.009547239453779435
1271599265295462400,negative,0.0006231497894395036
1271599265517879296,negative,0.03852401479020202
1271599265601724417,negative,0.00015194828200427033
1271599266214141953,negative,0.06845950433205181
1271599266444632064,negative,0.019480414075701034
1271599266826420231,negative,0.05479259030273839
1271599267296272386,negative,0.00011341912160628809
1271599267312852993,negative,0.0024854367272693465
1271599267329839111,negative,0.02219462288414203
1271599267581440000,negative,0.000132376457949845
1271599269359816709,negative,7.869690987121255e-05
1271599269531836422,neutral,0.3902134660359104
1271599269536030721,negative,0.08002465081650481
1271599269544329222,negative,0.06626857316023484
1271599269833773058,negative,0.18693584956905138
1271599270102216706,negative,0.027565523875858356
1271599270202728448,negative,0.17908651147739374
1271599270815293442,negative,0.2824876424311173
1271599271079481345,negative,0.2824876424311173
1271599271234736129,negative,0.025152324668022856
1271599271280812033,negative,0.002402106420951482
1271599271373148160,positive,0.9311727402288322
1271599271624794112,negative,0.08529662661644008
1271599271708590082,neutral,0.4670100671583925
1271599271876362244,negative,0.1735162678381825
1271599272060805122,positive,0.8442014614349974
1271599272186675200,neutral,0.42507619662732005
1271599272262328321,negative,1.56260701404286e-05
1271599272354615306,negative,0.0003151247544846202
1271599273864384512,negative,0.08002465081650481
1271599273902252033,neutral,0.34638483729906117
1271599274023845888,neutral,0.35451443008515343
1271599274095075331,negative,5.695857302171394e-06
1271599274095267840,negative,0.0006646862251329879
1271599274418208771,negative,0.020300485815749243
1271599274577494016,negative,0.32620683154629054
1271599274581786624,negative,0.00019809352693600076
1271599274686586880,negative,0.0002558508086955222
1271599274908942337,negative,0.0005358077387413497
1271599274908962817,negative,0.30895589162194187
1271599274912919552,negative,0.3148786518263568
1271599275143827463,negative,0.00019984109669266473
1271599275361931265,negative,0.20044862252614132
1271599275546378241,negative,0.00029045499714776745
1271599275731030018,neutral,0.6117142587681954
1271599276293074946,negative,0.036178733550781904
1271599276335005698,neutral,0.4064281066055449
1271599278109208577,negative,2.683132621137717e-06
1271599278708965379,neutral,0.44654025683665294
1271599278968971265,positive,0.999993965007142
1271599278994214914,negative,0.00011571098414620407
1271599279069634560,negative,0.21965051353471385
1271599279707172865,neutral,0.6582643402168333
1271599279912747010,negative,7.47268879019467e-07
1271599280348954625,negative,0.019497674388495864
1271599280487387137,negative,0.009779574069014323
1271599280499851269,negative,0.014326544359331431
1271599280868990987,positive,0.7510431521111882
1271599280894115843,negative,0.12279167466125734
1271599281997254657,negative,0.05303921164265495
1271599282030891010,neutral,0.36016203400974833
1271599282039271427,negative,3.6224664958829003e-06
1271599282064408576,negative,0.16437877331818024
1271599282123137024,negative,0.10545773340580228
1271599282404167680,neutral,0.4673421615500572
1271599282546761733,negative,0.009090666028671647
1271599282785669120,negative,5.1048048333499485e-05
1271599283779833857,negative,0.016748851911337282
1271599284920758273,negative,0.0022534008262551316
1271599286313197570,negative,0.01786866897430779
1271599286657171456,neutral,0.3381189830050101
1271599286803820545,negative,0.28575338170862696
1271599286917238784,negative,0.053459270953486224
1271599287059779591,negative,0.00016823968684374503
1271599287315636225,positive,0.6672535029443466
1271599288280203264,negative,9.216160636525822e-14
1271599288322265089,negative,0.004304179935250414
1271599288682983429,neutral,0.48773238291385845
1271599288812961793,negative,0.009272739832239805
1271599289568055297,negative,0.0005773701266505416
1271599290637447169,negative,0.25147697806628566
1271599290767597569,negative,0.02292396995754225
1271599290792771585,neutral,0.3381189830050101
1271599291178446848,negative,0.05610309040052827
1271599291526774786,negative,0.06357050021962195
1271599291652616193,negative,0.00032625171232757155
1271599291660976128,negative,0.12950625870450028
1271599291706966016,negative,0.12239827232910852
1271599291799408642,negative,0.06486156437342806
1271599291988160512,negative,0.007798982577035933
1271599292256411649,negative,0.00017573713689529236
1271599294596988929,negative,0.0011324348605721902
1271599295767207936,negative,0.005253501071852982
1271599296027037696,negative,3.7698203701367254e-05
1271599296371216389,negative,7.2884477388465e-05
1271599296601677827,negative,0.10468083000665482
1271599297134559232,negative,0.0004209212527641502
1271599297142947847,negative,0.07396698010856327
1271599297814056960,negative,0.00016628924848785266
1271599299227316226,negative,1.655288173881752e-06
1271599299282063361,negative,0.015530884878333342
1271599299458105345,negative,0.24451971962283645
1271599299483308038,negative,0.021468205824297266
1271599299638501376,negative,0.021468205824297266
1271599299651153923,neutral,0.34638483729906117
1271599299743358976,neutral,0.6117142587681954
1271599300129275904,positive,0.7878984431607639
1271599300477431809,negative,0.00019984109669266473
1271599300695535617,negative,0.021087703105828005
1271599301454520321,negative,0.0007649837401678189
1271599301798625286,positive,0.7431631403261559
1271599303426015233,negative,0.004416245848791715
1271599303539208198,negative,0.0022396565939442623
1271599303916687360,negative,1.4282680352932503e-05
1271599304071958534,negative,0.0011324348605721902
1271599304248000512,negative,0.19552563706121598
1271599304294182912,negative,0.006530412676232573
1271599304449445888,negative,0.0015165111790316054
1271599304822665216,negative,0.0003826019939198399
1271599305003094016,negative,0.043598371671244036
1271599305065926657,negative,0.11975540878583434
1271599305086951424,negative,0.3248410612445367
1271599305149775875,neutral,0.4670100671583925
1271599305527263232,negative,0.02374125613834837
1271599305787228160,negative,0.003441067324396062
1271599305942601728,negative,0.2793168272936149
1271599306156507136,negative,0.00011341912160628809
1271599307754373120,neutral,0.3381189830050101
1271599307850944514,negative,0.00011058519070123326
1271599307888529408,negative,0.10468083000665482
1271599307926339585,negative,0.007032605876039598
1271599308220108800,negative,0.2795443100672663
1271599308698202112,negative,0.00016628924848785266
1271599308719230976,negative,0.00016628924848785266
1271599308920537095,neutral,0.49789225920557484
1271599309100929027,negative,0.1256518955108437
1271599309130063874,negative,0.021820053212243083
1271599309889437697,negative,0.00010015157584620417
1271599311609094144,negative,0.00016628924848785266
1271599312334700544,negative,0.002886944683696644
1271599312754167814,negative,0.28112816092110127
1271599313383276545,negative,0.0035086157928735763
1271599313513316352,negative,0.002886944683696644
1271599313546813440,negative,0.008488299020996822
1271599313601298440,negative,1.8066554511466122e-05
1271599313609805830,negative,0.21634522366354686
1271599313639084032,negative,8.329269144616642e-06
1271599314096328704,negative,0.0001728650377173661
1271599314322800640,negative,0.19260868886166668
1271599314360578050,negative,0.06843713803166913
1271599315564343296,negative,0.0077562207770218855
1271599315614683148,negative,0.0004780321517901649
1271599316864577537,negative,0.009272739832239805
1271599317246066688,negative,0.0011476103271417274
1271599317485105152,negative,7.260523527763882e-05
1271599317946707968,negative,0.021468205824297266
1271599318080856064,negative,0.3040949491800166
1271599318609334272,negative,0.0011476103271417274
1271599319892856832,negative,8.819110478607751e-06
1271599320106700800,negative,0.021468205824297266
1271599320106754051,negative,1.4835580773966824e-05
1271599320207425537,neutral,0.43335719287083785
1271599320387801089,negative,0.00017790270672818597
1271599320429723655,negative,0.013567825351571335
1271599320991760384,neutral,0.6580053754964954
1271599321302077445,negative,0.0023170344461177867
1271599321323012097,negative,0.013265831157646643
1271599322086375424,negative,0.0006549098437380878
1271599322279424000,negative,0.131133490611376
1271599322547748867,negative,0.0954790634920398
1271599322598121472,negative,0.02896445375041857
1271599322786787328,negative,0.006498651015592595
1271599323260817408,negative,0.22214248065973824
1271599323952881664,negative,0.0397003321286284
1271599324204597250,negative,0.00433793213678022
1271599324632211458,negative,1.8066554511466122e-05
1271599324733018112,negative,0.0003454272876104297
1271599325555163136,negative,0.000132376457949845
1271599325790044160,neutral,0.37137062280538924
1271599326138109952,negative,0.0011476103271417274
1271599326423404545,negative,0.0011476103271417274
1271599328176615425,negative,9.433741124872865e-08
1271599328201752577,neutral,0.437369725752128
1271599328562421767,neutral,0.35451443008515343
1271599329623638016,negative,0.012147162257110768
1271599329623642113,neutral,0.37137062280538924
1271599329661329410,negative,0.008658099919513919
1271599329715916806,positive,0.9999016178012409
1271599329829179394,negative,0.015697952340961496
1271599330244341760,negative,1.0716976513964881e-10
1271599330261164033,negative,0.023872504189481978
1271599330332495873,negative,3.759814752818217e-05
1271599330579951616,negative,0.0002833791535977362
1271599332962168833,negative,0.028999347059115888
1271599333595627520,neutral,0.39439463283712184
1271599333675237378,negative,0.0003291735782151038
1271599333952098304,negative,0.0074669692566692
1271599334203838471,negative,2.9031451193187287e-12
1271599334346424320,neutral,0.3566313625838256
1271599334350630913,negative,0.04106007609313538
1271599335059460097,negative,6.236105015602125e-07
1271599335080370176,negative,8.186481695460372e-07
1271599335181033473,negative,2.9930465357440106e-05
1271599335273369600,negative,4.249637215480449e-05
1271599335642411008,negative,0.03694952837636928
1271599336472875008,negative,0.06981671911723758
1271599336544186369,neutral,0.3637556176066104
1271599336590376966,negative,3.759814752818217e-05
1271599337391390721,negative,0.009667179994037087
1271599337735364608,negative,7.236773637704521e-08
1271599337936748546,neutral,0.3385252644667176
1271599338003849216,negative,0.0010930674322928845
1271599338100228096,negative,0.011760477858905443
1271599338456780800,neutral,0.4792687081820201
1271599338628808713,negative,3.0373461343041953e-05
1271599339178201088,negative,0.004077199090876045
1271599340763537410,negative,0.01655022480749108
1271599341086662657,negative,0.0031647613476299625
1271599341359284232,neutral,0.6117142587681954
1271599341455634432,neutral,0.37137062280538924
1271599341736730624,negative,0.2889782600489871
1271599341795450880,negative,0.0022921342604050035
1271599342718193664,positive,0.9615673433593547
1271599343045246976,neutral,0.5911194909683506
1271599344135950337,negative,0.017203471581563014
1271599344224002048,negative,0.001842031509920941
1271599345054474240,negative,0.07957031961944873
1271599345176117254,neutral,0.3381189830050101
1271599345562013697,negative,0.03980030593590898
1271599346828664835,negative,1.5804032492840705e-06
1271599347164049408,negative,0.08611286866235619
1271599347319390208,neutral,0.3318228626708164
1271599348938354688,negative,6.4589637908341395e-18
1271599349131288577,positive,0.7878984431607639
1271599349366063104,negative,0.31820487300311295
1271599349609496580,negative,0.036635462173720455
1271599349731131392,negative,0.19255580678131862
1271599349877932033,negative,0.043598371671244036
1271599349944987648,neutral,0.6240729958937642
1271599350133796870,negative,0.19894816053849246
1271599350314041344,neutral,0.3381189830050101
1271599350695759873,negative,0.12562572603558866
1271599350850994176,negative,0.01655022480749108
1271599353489166336,negative,1.4282680352932503e-05
1271599353547968513,negative,9.817252328973288e-05
1271599353623449601,positive,0.7500377016963704
1271599354185474050,negative,0.0281629802890357
1271599354370015233,neutral,0.37137062280538924
1271599354403586054,neutral,0.41781860539170623
1271599354483216384,negative,0.07733511082309595
1271599354638487553,neutral,0.42507619662732005
1271599354692939776,negative,0.00028691260630437813
1271599355305365510,positive,0.8411060409945251
1271599355334664194,positive,0.7500377016963704
1271599355368259584,negative,0.25947272540011757
1271599355431133187,negative,0.007599598437030047
1271599355628261376,negative,0.0011476103271417274
1271599355666010113,negative,0.047746741822060075
1271599355754094592,negative,0.3040949491800166
1271599358140510208,negative,0.19552563706121598
1271599358606299136,negative,0.02374125613834837
1271599358753071106,negative,0.00019984109669266473
1271599358773850114,negative,0.0010033410433637482
1271599358895628288,negative,4.143742682840951e-05
1271599359109541892,negative,0.0019049449200032925
1271599359176642561,negative,0.26812582956602965
1271599359193382912,negative,0.03840564920058137
1271599359373856769,positive,0.9997585678287121
1271599359394754561,negative,0.25947272540011757
1271599359659069447,negative,0.00847974471487335
1271599359747133440,negative,0.28136096593924664
1271599359893934084,negative,0.10468083000665482
1271599360040742914,negative,0.0006231497894395036
1271599360145534977,negative,0.004077199090876045
1271599360145580033,negative,0.1735162678381825
1271599360497909760,negative,0.07576476733212008
1271599362410516481,neutral,0.38493375027639
1271599363043852288,negative,0.012461089117349843
1271599363899273216,negative,0.0029907640403395983
1271599364084039680,negative,0.00012420501629135366
1271599364113403904,negative,0.0016737896560586971
1271599364276916228,negative,4.620058260489666e-06
1271599365044436994,negative,0.01879425341181135
1271599365988274177,negative,0.32637223140712546
1271599366307024896,negative,0.028431595891872056
1271599367301054464,negative,7.93058032892912e-07
1271599367439482881,negative,0.12082734449828159
1271599369020682241,negative,0.1256518955108437
1271599369427521539,neutral,0.5515065784141607
1271599370258046979,negative,0.00018144762277931797
1271599370413236226,negative,0.022044230422940722
1271599370715172864,negative,0.2532833859844703
1271599371038179329,negative,0.00023882966192448517
1271599371050799104,negative,0.06669142154511797
1271599372573310980,negative,0.2396261396702356
1271599374347522048,negative,0.020317130529569682
1271599374368477186,negative,0.04176908991441104
1271599374410248192,neutral,0.37137062280538924
1271599374620131328,negative,0.00048559593649531447
1271599374737473542,negative,1.4282680352932503e-05
1271599375035142144,negative,0.00020699385537450494
1271599375152807938,negative,8.154604400939287e-05
1271599375169417217,negative,0.03392608872251922
1271599375207272455,negative,0.07408930857575648
1271599375601537025,negative,0.014927617411632918
1271599375958106119,negative,0.2793168272936149
1271599376025165824,negative,0.00019984109669266473
1271599376285253632,negative,0.03670255851540621
1271599376369102849,negative,0.21660811791202764
1271599376528543745,negative,0.00023625391869308446
1271599379082706944,neutral,0.49789225920557484
1271599379212877824,positive,0.998606828427
1271599379527409664,negative,0.002418228708076309
1271599379737202695,negative,0.0074669692566692
1271599379942502400,negative,0.023872504189481978
1271599380684869633,negative,0.27069839133778073
1271599380894814208,negative,0.005571168276509316
1271599381146472448,neutral,0.3721511770634008
1271599382761218050,neutral,0.3381189830050101
1271599383440756736,negative,0.03416143747831388
1271599383822446592,negative,0.0010574439661692945
1271599384313106432,negative,0.2013198904030459
1271599384678092800,negative,0.10968444715585364
1271599384703258624,negative,0.00048559593649531447
1271599384782749697,negative,0.04587177256559181
1271599385143578626,negative,0.0015425978250262452
1271599385269370882,neutral,0.37137062280538924
1271599387081420802,negative,6.898181232754515e-05
1271599387198849024,negative,0.06111215845830857
1271599387773472774,negative,0.05621897286409777
1271599387924455425,negative,0.0074669692566692
1271599388264140801,negative,0.0049024829505844945
1271599388301889537,negative,0.0907785660506681
1271599388444540928,negative,1.333497223483924e-10
1271599388637478912,negative,0.10468083000665482
1271599388650020865,negative,0.0015256401293442623
1271599388826185729,negative,0.17553924241747834
1271599389321109507,neutral,0.6200590102455651
1271599389442801666,negative,0.04580868801829515
1271599389535014913,negative,0.0007147633756831525
1271599391435096064,negative,0.0010033410433637482
1271599391439192066,negative,0.00016628924848785266
1271599391468650496,neutral,0.6582643402168333
1271599392143876096,negative,0.016046483333653352
1271599392169041927,negative,7.068318948227815e-05
1271599392215236609,negative,0.00019984109669266473
1271599392408121347,negative,8.325127447948332e-06
1271599393003704321,negative,5.119666262174385e-05
1271599393096032256,negative,8.154604400939287e-05
1271599393112829952,negative,0.03316679131018992
1271599393263755264,negative,0.010433203618244792
1271599393813168138,negative,0.13223660272479967
1271599393955872770,negative,0.10948172359782397
1271599394048151554,negative,0.00717903698235961
1271599394127831041,neutral,0.3381189830050101
1271599395776143360,negative,1.1343727396149794e-06
1271599395943772161,negative,3.7698203701367254e-05
1271599396040462336,negative,5.78685715771267e-05
1271599396178874368,negative,0.22513179180885018
1271599396279529473,negative,0.004304179935250414
1271599396493328384,negative,8.073210760235679e-05
1271599396933812224,negative,0.039433821832599185
1271599397055475712,negative,0.002418228708076309
1271599397684551683,negative,0.08610327210075555
1271599399530041344,neutral,0.44054615157121163
1271599399832104961,neutral,0.37137062280538924
1271599399865630722,negative,0.2654769106322947
1271599399974526976,negative,0.24190043021159235
1271599400444362757,negative,0.010659200482673279
1271599400469446657,negative,0.002093516055440284
1271599400549302274,negative,0.00011791760518418482
1271599401392357381,negative,0.0016737896560586971
1271599402042503175,negative,0.0360071889657062
1271599403757973504,negative,0.015946341074103896
1271599404089249793,negative,0.2864145558920463
1271599404227518465,negative,0.00932747605811642
1271599404609417222,neutral,0.60143295910391
1271599404831703045,negative,0.022239639193932088
1271599404974313472,negative,1.819310087105359e-05
1271599405175574528,negative,0.17553924241747834
1271599405544718337,negative,0.020979264738921092
1271599405842530305,negative,0.023377786953838173
1271599405972574209,negative,0.026400004196187165
1271599406400356352,negative,0.2013198904030459
1271599406501056512,negative,0.013156991579726754
1271599406647836672,negative,0.0002487677856993227
1271599407620743168,negative,0.00036986781985034426
1271599407641890821,negative,0.25788399550692614
1271599407952265217,negative,0.047182451757074625
1271599408052875264,negative,0.04474466654197991
1271599408099078147,negative,0.21921412548362115
1271599408379985924,negative,0.1154759273975014
1271599408690405376,negative,1.2938173668581036e-05
1271599408824623104,negative,0.043598371671244036
1271599408896004096,negative,0.008658099919513919
1271599409994883072,negative,0.0070559825253273005
1271599410053623810,positive,0.8321177762507777
1271599410460479488,negative,0.0049024829505844945
1271599410716258311,negative,0.00015094195042799006
1271599412305727488,negative,1.0142792504784481e-07
1271599412305735680,negative,0.11147670237962103
1271599412310159360,negative,0.04532947372570538
1271599412356059137,negative,0.0877046897660737
1271599412641509376,negative,0.015946341074103896
1271599412737785857,negative,0.0006231497894395036
1271599412737867778,negative,0.06873676430715654
1271599412909871111,negative,0.0013327655293858542
1271599413048287233,negative,0.01719004681774222
1271599413333569542,negative,0.00443771747042514
1271599413396471810,negative,0.0049024829505844945
1271599413673287680,negative,0.15797133755319195
1271599413983621123,neutral,0.6200590102455651
1271599414419701760,negative,0.18896953975069808
1271599414520545284,negative,0.000999178853623193
1271599414566629379,negative,0.18495154894599722
1271599416017911808,negative,0.0002590260228471493
1271599416231813120,negative,0.00011791760518418482
1271599416537989122,negative,0.0011476103271417274
1271599417276215297,negative,2.0466304117355512e-08
1271599417469132800,negative,2.5596142971319136e-06
1271599417586601987,negative,0.01385413852512383
1271599418161025031,negative,0.0017650380977550831
1271599418375110657,negative,0.01496693041675585
1271599418433822720,negative,0.00010015157584620417
1271599420547698689,negative,7.236773637704521e-08
1271599420719730690,negative,0.0005351132759893319
1271599420816199683,negative,0.06772975265188584
1271599420845547521,negative,0.10326445295892163
1271599420916858880,negative,0.03639846518878914
1271599421181046784,negative,0.022325079993444425
1271599421374042113,negative,0.022522469859199055
1271599421801869314,negative,0.03980030593590898
1271599421889884160,negative,1.56260701404286e-05
1271599422573408256,negative,2.476490367336343e-05
1271599424695726080,negative,0.0003233884312043605
1271599424813314048,negative,0.019615346135470706
1271599424901279745,neutral,0.5674932451720763
1271599424939143169,positive,0.6812882083553091
1271599426096807936,negative,0.014885880596628423
1271599426272931841,negative,8.073210760235679e-05
1271599428982509570,negative,1.56260701404286e-05
1271599429523562496,negative,0.002018737472771262
1271599429787815936,negative,0.0005808279851900306
1271599429846523905,negative,0.00033608279409710656
1271599429942947840,negative,0.3040949491800166
1271599430458843137,negative,0.09877477944999204
1271599431155101696,negative,0.04622763662947095
1271599431230656512,neutral,0.36776496424210703
1271599431520059392,negative,0.0011476103271417274
1271599432677670912,negative,0.0003442444639700129
1271599433029910528,negative,0.0048031083353694045
1271599433294262272,negative,1.67824124727267e-05
1271599433403293696,negative,0.012676502386934916
1271599433428242432,negative,0.0017164370401530349
1271599433499717633,negative,9.250877231731503e-05
1271599433533272064,negative,0.00016628924848785266
1271599433801707523,negative,4.594286824698533e-05
1271599433835319298,negative,0.0005351132759893319
1271599434435002368,negative,0.0010512437128292194
1271599435492012038,neutral,0.3499352441185855
1271599437731807233,negative,0.03416143747831388
1271599437790556161,negative,0.05311200457497482
1271599438025408515,neutral,0.41781860539170623
1271599438235004929,negative,0.09776441600581039
1271599438423875586,negative,0.028301365994128396
1271599438742589447,negative,1.8066554511466122e-05
1271599438973349888,negative,0.03277261986675497
1271599439040348160,neutral,0.37137062280538924
1271599439250063368,negative,0.28112816092110127
1271599439472443392,negative,0.2864145558920463
1271599439724122112,negative,0.16675725443878675
1271599441452118016,negative,0.0011234640841963673
1271599441603166208,negative,0.01655022480749108
1271599441934508037,negative,0.012945584851795809
1271599442026782720,negative,3.830863388211669e-06
1271599442228064256,negative,0.00433793213678022
1271599442316218368,negative,0.28768430820383784
1271599442421075968,negative,0.0002833791535977362
1271599442655879168,negative,0.00023882966192448517
1271599442857209857,negative,0.08646277107998554
1271599443008270337,negative,5.1048048333499485e-05
1271599443306053632,negative,0.00011341912160628809
1271599443998060544,negative,0.053728919940624835
1271599445851897857,negative,0.007492293006742919
1271599445923291139,negative,0.0035086157928735763
1271599446678265857,negative,0.015946341074103896
1271599446816706560,negative,0.05470356307280094
1271599447382937600,neutral,0.4609310967808606
1271599447428837377,negative,9.11530616152658e-07
1271599447571492864,negative,0.005364431360635184
1271599449865936897,negative,0.19552563706121598
1271599450079838208,negative,0.003112566205757482
1271599450272776194,negative,0.0012453902121571873
1271599450755080192,negative,0.043598371671244036
1271599450776109056,negative,0.026400004196187165
1271599450994151425,negative,3.4756179013684414e-05
1271599451094859777,negative,7.886340358317108e-05
1271599451321167872,negative,3.7698203701367254e-05
1271599451682070529,negative,0.19255580678131862
1271599451732393985,negative,0.0044864174493609585
1271599452239867904,negative,0.00019984109669266473
1271599453967806465,negative,0.1370256875232013
1271599454148349952,neutral,0.38574772332677054
1271599454471233542,negative,0.00409306904977834
1271599454525816834,negative,0.000132376457949845
1271599454781607936,negative,0.000132376457949845
1271599454811041794,negative,2.707038351336914e-14
1271599454961926144,negative,0.16437877331818024
1271599455909875714,negative,6.448415002821306e-11
1271599456249688070,negative,0.3040949491800166
1271599456308400128,negative,0.0009533358135668035
1271599458619293696,negative,0.1915384221412824
1271599458917048320,negative,0.0297179698218504
1271599459336626182,negative,0.0769429441709325
1271599459647045632,negative,0.00020438227240451225
1271599459907010565,negative,0.0018836644112498178
1271599459986743297,negative,0.0010512437128292194
1271599460133584896,negative,0.012787002357948645
1271599460146130944,negative,0.013673785045429137
1271599460368424960,negative,2.9138016748212278e-05
1271599460372500481,negative,5.656349763219473e-06
1271599460439797760,negative,0.00019536842836825153
1271599460867506176,negative,0.0319832305431049
1271599460913745920,negative,3.69813474578988e-05
1271599462360723457,negative,0.1203090358454427
1271599463438655488,negative,0.001610497534965649
1271599464072065029,neutral,0.6080386821958005
1271599464122331144,negative,4.6243586624092926e-06
1271599464873066496,negative,0.018358367989957432
1271599464923398147,negative,0.00013745066324146078
1271599465019867136,neutral,0.6582643402168333
1271599465019957249,negative,0.10968444715585364
1271599465313402880,positive,0.8162744213566576
1271599465325977600,negative,0.0020259684078145915
1271599465330139136,neutral,0.6582643402168333
1271599465401647104,negative,0.005442591338877343
1271599465531662338,negative,0.01697712677738566
1271599466789908486,negative,0.12223370080603098
1271599467196813312,negative,0.1038071707707151
1271599467943378944,negative,0.0002558508086955222
1271599468060839938,negative,9.9776447420698e-05
1271599468274688000,negative,0.03730633043237119
1271599468438327296,negative,0.01410372560482181
1271599468534734854,neutral,0.4273670636659135
1271599468543201282,negative,0.0011324348605721902
1271599468782247937,negative,0.012157219429847021
1271599471063859201,negative,0.01163510314723742
1271599471592341504,negative,2.987944245261539e-06
1271599471709892609,negative,0.09456927287084557
1271599472292872192,neutral,0.4670100671583925
1271599472561324034,negative,0.14550157640395187
1271599472582287360,negative,0.012164792431929873
1271599472930422784,neutral,0.6549879982098531
1271599473458925568,negative,0.00041839660747462244
1271599473651855360,negative,0.026102557911560516
1271599474117423104,negative,0.04171250438620377
1271599474184503299,negative,0.013515552971693497
1271599474457051136,neutral,0.3308783520706519
1271599475044290563,neutral,0.5101604359937562
1271599475455393792,negative,0.007658173938220381
1271599475602178049,negative,0.0003330716112681384
1271599475740430337,neutral,0.37137062280538924
1271599476541665280,negative,0.00025521795545906155
1271599476709502977,negative,0.000589657979535255
1271599477024055306,negative,0.01640360936782787
1271599478047477760,positive,0.6812882083553091
1271599478261248000,negative,0.04987491721804784
1271599478697582592,negative,0.014526732885400169
1271599479087661056,negative,6.023072324638449e-08
1271599479158910977,negative,0.00015422761411549652
1271599479653838848,negative,0.022634100239947313
1271599479683272705,negative,0.00023882966192448517
1271599480119451656,negative,0.21022325253424842
1271599480459210752,positive,0.9633894245446962
1271599480572387328,negative,0.07762784543750909
1271599480836632577,neutral,0.3381189830050101
1271599481138622464,negative,0.000682995869835849
1271599481281220610,negative,0.008573513219027612
1271599481369346049,negative,0.028166698315174214
1271599482048782341,negative,0.15570583247888495
1271599483432861696,negative,0.05314333243880641
1271599483525255168,negative,0.008658099919513919
1271599483814645763,neutral,0.437369725752128
1271599484351414272,negative,2.434503389702442e-06
1271599484477353984,negative,0.0024688438262976476
1271599484615700481,negative,0.08329573710250045
1271599484879998978,positive,0.9995469853676254
1271599485181931520,positive,0.7500377016963704
1271599485307760640,negative,0.0003495697467172108
1271599485324529664,negative,0.0007809020524228805
1271599485383249923,negative,0.03786368867470405
1271599485400088578,negative,1.0976296120877031e-08
1271599485714653184,negative,0.008658099919513919
1271599485735616513,negative,0.0034597362307097366
1271599486024986625,negative,0.000132376457949845
1271599487534981120,negative,0.008359996569711365
1271599487996301321,negative,0.031252089843059085
1271599488222720001,positive,0.9990348162845109
1271599488600354816,positive,0.9999517846876005
1271599488692637697,negative,0.002483365873635651
1271599489200029696,negative,0.007954934633077601
1271599489611108353,negative,6.807255440551059e-06
1271599489682374658,neutral,0.33758533303423804
1271599489757982720,negative,0.2665244730220083
1271599491750166530,negative,6.717299581405822e-05
1271599491788013568,negative,0.002886944683696644
1271599491829956608,negative,0.08646277107998554
1271599491896967169,negative,0.0052377389269977655
1271599491943223296,negative,0.01628794900366218
1271599492073226241,negative,0.0008132956777704911
1271599492979134464,negative,0.05670946645000067
1271599493193048068,neutral,0.3381189830050101
1271599493373472768,negative,0.00016628924848785266
1271599493679628292,negative,0.08384635293073044
1271599494174556163,neutral,0.37137062280538924
1271599494300385281,negative,0.0004493944919482128
1271599494669520897,negative,0.037923919074804614
1271599496091312128,negative,0.07235160904019335
1271599496166694913,negative,0.02272847276770877
1271599496594685953,negative,0.006151678778412074
1271599496728842240,negative,0.1662187606994357
1271599496800227334,negative,0.0003361291710651222
1271599496921743366,negative,7.919870202411696e-06
1271599497471295488,neutral,0.6457423802859142
1271599497538347012,negative,0.0049024829505844945
1271599497664233474,negative,0.15797133755319195
1271599497693593603,negative,3.3223479639076364e-05
1271599497798434819,negative,7.94627891936782e-12
1271599498666655744,positive,0.6624055896622104
1271599498960109568,negative,0.28112816092110127
1271599499111268353,negative,0.0013097831887029278
1271599500491177984,negative,0.07167534475973181
1271599500554121229,negative,0.006252841694260427
1271599500801576962,negative,1.8066554511466122e-05
1271599500902182914,negative,0.00011341912160628809
1271599500918956033,negative,0.025423849341311082
1271599501166460933,negative,0.08791087012486679
1271599501288054784,positive,0.6747866869687326
1271599501401305088,neutral,0.5288415083664897
1271599501745229826,negative,1.8649498353071585e-05
1271599501891891201,negative,1.4282680352932503e-05
1271599502131171330,negative,0.005571168276509316
1271599502508482563,negative,0.001742255699642303
1271599502542155776,negative,0.00019984109669266473
1271599504454647809,negative,0.03695208748753567
1271599504505155585,positive,0.8094062014052025
1271599504656121860,negative,1.5804032492840705e-06
1271599504974909441,negative,0.1906115863132617
1271599505041956865,negative,0.04306151506233289
1271599505620766721,negative,0.0013924812939047882
1271599505750794240,negative,0.015946341074103896
1271599505771823106,negative,0.00022665895912088148
1271599506195390464,negative,0.00021323646588724418
1271599506237382657,negative,0.005626392366426678
1271599506258362368,negative,0.00019984109669266473
1271599506359025665,negative,0.17789058408954797
1271599506576953345,negative,0.01650456329576657
1271599506824540161,positive,0.7878984431607639
1271599506962948098,neutral,0.3726847435457324
1271599508804247552,negative,0.0029094496708346666
1271599508833566722,negative,0.2621435295041906
1271599509756313601,negative,0.03180962742221007
1271599510284906497,negative,0.008573513219027612
1271599510779822080,negative,0.17453743671759187
1271599510893072384,neutral,0.41781860539170623
1271599510993633282,negative,0.32003400364182666
1271599511035674624,negative,3.692481975416522e-05
1271599511102803968,negative,0.012676502386934916
1271599511526391809,neutral,0.4324318813848978
1271599513367707653,negative,0.0001416548506366076
1271599514206470144,negative,0.00016628924848785266
1271599515418705925,negative,0.0074669692566692
1271599515783569409,negative,0.0049024829505844945
1271599515842347008,positive,0.8447205346010738
1271599516274364419,negative,0.0008117460307162804
1271599516349878274,neutral,0.5734576952979002
1271599516907720705,negative,0.009282460124206523
1271599516928610305,negative,0.07802105340640744
1271599517419347968,negative,0.07962735446916128
1271599517763358728,negative,0.23956876241685812
1271599518224723968,negative,0.1735162678381825
1271599518618923009,negative,0.0019702562773176975
1271599518992281600,negative,0.0510672148070735
1271599519097110531,negative,1.56260701404286e-05
1271599519457841152,positive,0.982327385549412
1271599521487708160,neutral,0.3811228577784967
1271599521508753408,neutral,0.49789225920557484
1271599521848389632,negative,0.16863807278512583
1271599521886343168,negative,0.0002558508086955222
1271599522582585344,negative,0.00019984109669266473
1271599522804875269,negative,0.031252089843059085
1271599523773571072,negative,5.423133395360607e-06
1271599525271080961,positive,0.7141009606466298
1271599525321420802,neutral,0.4673421615500572
1271599525346643968,negative,0.1462919561686419
1271599526726340608,negative,0.023872504189481978
1271599526881579008,neutral,0.5403215508489412
1271599526974050306,negative,0.0024482396095133257
1271599527208910848,negative,0.03772461755890129
1271599527259234305,negative,0.003739316126521262
1271599527510904833,negative,8.263412785033978e-05
1271599527544356867,negative,0.05527488106794203
1271599529712930818,negative,0.00023210368265778503
1271599530073624581,negative,0.0008601678095736269
1271599530539188225,negative,0.0004342041537489902
1271599531189297153,negative,0.2432815723113727
1271599531285557250,negative,0.0005330289711396502
1271599531310952454,negative,0.16564012460528282
1271599534112747521,negative,0.0012767735019782135
1271599534385385473,negative,0.005364431360635184
1271599534389497858,neutral,0.40355809854757974
1271599534901248001,negative,2.9732551217823907e-05
1271599534938914817,negative,0.0061225935853597355
1271599534964170754,negative,0.003689380387998146
1271599535001919488,negative,0.0034351024886796126
1271599535442231297,negative,0.023881704366282723
1271599535442268160,negative,1.8066554511466122e-05
1271599535740145666,negative,0.3040949491800166
1271599539321925633,negative,0.0014534938976559968
1271599539343015938,negative,0.18602979319690183
1271599539343024129,negative,0.00011791760518418482
1271599539548536840,negative,1.8066554511466122e-05
1271599539783417857,negative,0.00044329739159912205
1271599539946954752,neutral,0.6582643402168333
1271599540567781376,negative,0.11349980770016938
1271599540676812802,negative,0.08384635293073044
1271599541037469700,negative,0.012676502386934916
1271599542367117319,negative,0.003874172707231458
1271599542501355520,neutral,0.35451443008515343
1271599542732034049,negative,0.002395107361095619
1271599542933340161,negative,0.049625321015014164
1271599543222767617,negative,0.017932237233876217
1271599543524745217,positive,0.8908236080214303
1271599543642017793,negative,0.2037786530733258
1271599543826681857,negative,0.0009028042954317648
1271599543868506114,negative,0.0025330647445916876
1271599543935807489,negative,0.0001959210180962552
1271599544107708418,negative,0.053816941074217195
1271599544220999682,negative,0.003269849062140251
1271599546506842115,negative,1.4282680352932503e-05
1271599546661888000,negative,0.16437877331818024
1271599546682888192,negative,0.17441048382648944
1271599547744124929,negative,0.023329957077237652
1271599548117417984,negative,0.00016628924848785266
1271599548138479616,neutral,0.6582643402168333
1271599548155285504,negative,0.0026381394122831055
1271599548343836673,negative,0.04504417525427621
1271599548507586561,negative,0.0015577499943007283
1271599548549521419,neutral,0.3658336169481177
1271599548599861248,negative,0.03848648029928805
1271599548641636354,neutral,0.3564603713498756
1271599548822106120,negative,0.07576476733212008
1271599548985757698,negative,0.2793168272936149
1271599548989759489,neutral,0.3564603713498756
1271599549178667010,negative,6.445151089042831e-05
1271599550818639872,negative,0.0005351132759893319
1271599550822785025,negative,5.4384303547585064e-05
1271599550965313536,negative,0.15668433334846943
1271599551074492421,negative,0.00026808485213618196
1271599551607005185,negative,0.0017215303669174912
1271599551623901185,negative,0.13366840844910818
1271599551833571329,negative,0.25850416671048887
1271599552404086785,neutral,0.6582643402168333
1271599552487923712,negative,0.0025855886720531677
1271599552949297153,negative,0.000132376457949845
1271599552970326021,negative,0.00025658245130169425
1271599553268068354,negative,0.00017323785705079548
1271599553297465344,neutral,0.35451443008515343
1271599553532182528,negative,0.0006231497894395036
1271599553570115585,negative,0.009272739832239805
1271599555126202374,negative,0.07876348041125039
1271599555570741249,negative,0.12056045216888053
1271599555692421120,negative,0.004938952825365576
1271599555902136321,negative,0.0003291735782151038
1271599556027957248,negative,0.2352088136972921
1271599556158009345,negative,1.3647027687336287e-06
1271599556342382593,negative,6.898181232754515e-05
1271599556892020739,negative,0.0076835698921136
1271599557265240064,negative,0.015946341074103896
1271599557592461312,negative,0.0045145950062914645
1271599558481633280,neutral,0.4064281066055449
1271599558825521152,negative,0.0006509684453558535
1271599559047811074,negative,0.00830025090695867
1271599559299522560,negative,0.03840564920058137
1271599559530209283,negative,0.2824876424311173
1271599559567867906,negative,0.009272739832239805
1271599559618121728,neutral,0.616005678462541
1271599559630782467,negative,0.0005330289711396502
1271599560176041984,positive,0.671337306919619
1271599560247238661,positive,0.7878984431607639
1271599560608137218,positive,0.8364860004538318
1271599560687677440,negative,0.00016628924848785266
1271599560843018240,negative,0.04880016919325289
1271599561123954691,negative,0.0016737896560586971
1271599561182785536,positive,0.6655241725032296
1271599563795726343,negative,0.10924901591113192
1271599564060057600,negative,0.002967861328473477
1271599564072669184,negative,0.0007904662856937187
1271599564101947398,negative,0.010329654993634156
1271599564156518400,negative,0.003951703928940141
1271599564613705728,negative,0.0018515925144791993
1271599564634677249,neutral,0.5476707655798202
1271599565146411009,negative,0.047790162846966265
1271599565276418048,negative,0.0005351132759893319
1271599565536407552,negative,0.238427545908539
1271599565570035712,neutral,0.3381189830050101
1271599567247749120,negative,0.16634619768336803
1271599567264333824,negative,2.9334022032383083e-06
1271599567390334977,negative,1.3246117043244962e-05
1271599567402864643,negative,0.12503321724290326
1271599567440666624,negative,0.008658099919513919
1271599567667113989,negative,3.989741608300387e-06
1271599567943991299,neutral,0.3381189830050101
1271599568220798981,negative,0.3208481424562907
1271599568367620099,negative,4.143742682840951e-05
1271599568426328071,neutral,0.3703249646846658
1271599568937984001,negative,0.010574150818056276
1271599569101619200,negative,0.018741600875037446
1271599569177063424,neutral,0.36063618308681494
1271599569256710144,negative,0.05897235857735733
1271599569437175811,negative,0.0002330099859460372
1271599569885900802,negative,0.2675637579473606
1271599571991506952,neutral,0.437369725752128
1271599572578701318,negative,0.030971041457898016
1271599573170036737,negative,0.2178596778379981
1271599573266505730,negative,0.025844336666652163
1271599573392334848,negative,0.014300086334016922
1271599573765480448,negative,8.533047907544956e-05
1271599575602733059,negative,0.0042687266733418775
1271599576370294785,negative,5.543949992676694e-07
1271599576903016451,negative,0.00023882966192448517
1271599576915550208,negative,0.09823336521973365
1271599576953376769,negative,0.07802105340640744
1271599577708351489,negative,6.746014266789122e-05
1271599579998322690,neutral,0.35451443008515343
1271599580241711104,negative,4.633961229564071e-05
1271599580497526784,negative,0.02282647380578316
1271599580648439808,positive,0.7488486930287965
1271599580707241984,negative,0.00019984109669266473
1271599580757491712,negative,4.978700785400763e-05
1271599581676044288,negative,0.13341406001625764
1271599581822775296,negative,0.00036986781985034426
1271599581948715008,negative,0.0004728456330976528
1271599582040993792,negative,0.18411135322596078
1271599582263365632,negative,0.2436472734913412
1271599582376583168,negative,0.004856615437275535
1271599582959603712,positive,0.9615673433593547
1271599583307730951,negative,0.0004989512452564605
1271599584100286466,negative,0.01209918177984399
1271599584272363520,negative,0.013100512036188457
1271599584549179392,negative,0.02176437571497342
1271599584750571531,negative,1.8066554511466122e-05
1271599585404825606,negative,0.08346383870731802
1271599585501331456,negative,0.28123893187966836
1271599585589366787,positive,0.7878984431607639
1271599585627119616,negative,1.69597407704258e-05
1271599586616975361,neutral,0.41781860539170623
1271599586839269376,negative,0.0882311381289216
1271599586864508931,negative,0.3084111548641047
1271599588617736193,neutral,0.437369725752128
1271599588646977540,neutral,0.41661895030617113
1271599588852539392,negative,0.0002833791535977362
1271599588986642433,negative,0.0693325856737508
1271599589590794242,negative,7.872444304157846e-07
1271599590274367489,negative,0.005014943087364652
1271599590303825922,positive,0.9666052637007704
1271599591251681281,negative,1.9625312542439724e-07
1271599591293620226,negative,0.00012035958397278264
1271599592942043136,negative,0.0026023019266201253
1271599593466232835,neutral,0.3385252644667176
1271599593499885568,negative,0.15641620741532233
1271599593676058630,negative,0.0037242993900792588
1271599593755750403,negative,0.029160432015274185
1271599593835368448,negative,0.000589657979535255
1271599593902485506,negative,0.006492069846530708
1271599594007408640,neutral,0.47022341483285823
1271599594212855808,negative,0.00021323646588724418
1271599594271637505,negative,0.2671763758484147
1271599594334556160,negative,0.001842031509920941
1271599594821033984,neutral,0.437369725752128
1271599594863054848,negative,9.250877231731503e-05
1271599595102113793,negative,0.009263039052917739
1271599595349585920,negative,0.011703220097117726
1271599596939214849,negative,0.17789058408954797
1271599597161504769,negative,0.06436798937792347
1271599597333479424,negative,0.0013861122586575497
1271599597509468161,negative,0.06210183675406332
1271599597681553408,positive,0.6710139882157614
1271599598692425734,negative,0.0007809020524228805
1271599599816499201,negative,0.016656028492176282
1271599600919613445,negative,0.00019984109669266473
1271599600944721931,negative,3.4067631606272863e-06
1271599601221611520,negative,0.0014384587433042301
1271599601280303105,negative,0.00016628924848785266
1271599601284415489,negative,3.1951195694619194e-05
1271599601510989824,negative,0.0007904662856937187
1271599601813000193,negative,0.12073936869769193
1271599601930457090,negative,2.969830632239158e-05
1271599601959780352,neutral,0.3381189830050101
1271599601968087042,negative,0.00016628924848785266
1271599602689548290,negative,0.25947272540011757
1271599603113177088,negative,0.13259430846401665
1271599603167760385,positive,0.9666052637007704
1271599603343900672,negative,0.03670255851540621
1271599605516505088,negative,0.010320231446011024
1271599605717897216,negative,1.8066554511466122e-05
1271599606628040710,negative,0.029160432015274185
1271599607022260225,negative,0.0014534938976559968
1271599607404003328,negative,0.01289347698519297
1271599607647219715,negative,5.389407897780519e-05
1271599607722713094,negative,0.02197240521931059
1271599607768899584,positive,0.8255919385829104
1271599607877959686,negative,0.13335819716337285
1271599607978606592,neutral,0.5288415083664897
1271599609580785665,negative,0.0005184692487570614
1271599610310660097,negative,0.05368241837099004
1271599610516004864,negative,6.254471262738497e-07
1271599610721697792,negative,0.2013198904030459
1271599610755272705,negative,0.30291920331743927
1271599610998534146,negative,0.006318092999455027
1271599611229192193,negative,0.006769110446710621
1271599611321425921,negative,5.4580604026650034e-11
1271599611665420289,negative,0.000132376457949845
1271599611682197509,positive,0.9666052637007704
1271599611942060032,negative,1.8066554511466122e-05
1271599611958853632,negative,0.003357509120011503
1271599612097376256,negative,0.0013876501219581817
1271599612164485121,negative,0.0013817499606871414
1271599613271781376,negative,0.03828471499040584
1271599613347332096,neutral,0.5533970533999424
1271599613359861760,negative,0.15797133755319195
1271599613397684224,neutral,0.6223096968397621
1271599613640835076,negative,3.7896317708846086e-05
1271599614202789888,negative,0.011703220097117726
1271599614257516546,negative,0.3155990631147836
1271599614303453184,negative,0.001744446928077292
1271599614383267840,negative,0.0277864180077742
1271599614693642247,negative,0.00018628896157047003
1271599615050240005,neutral,0.34117024056417766
1271599615121469441,negative,8.670791868806453e-06
1271599615188643840,negative,0.032937327986284494
1271599615494799362,neutral,0.3891798724869852
1271599615880638464,negative,0.0010002226601306535
1271599615905878016,negative,0.004247693302968186
1271599615952007169,negative,0.00021323646588724418
1271599617579184128,negative,0.006223159254756089
1271599617591914496,negative,0.0013789756440855201
1271599617927503874,negative,0.016046483333653352
1271599618699206661,negative,0.0026704190599279552
1271599618720178181,negative,0.03180962742221007
1271599618741227520,negative,0.09038507580680345
1271599619055644672,negative,0.013587844686304362
1271599619114500103,negative,0.025152324668022856
1271599619550699520,neutral,0.48728019602140255
1271599619622031361,neutral,0.3381189830050101
1271599619731066881,neutral,0.34117024056417766
1271599619785527300,negative,6.21411783730517e-06
1271599619852701697,negative,0.011393733554719801
1271599619970084865,negative,3.759814752818217e-05
1271599620196573184,negative,0.006769110446710621
1271599620498620418,negative,0.0018903419073713964
1271599621983387649,negative,0.19255580678131862
1271599622675402752,negative,0.00023882966192448517
1271599622679658497,positive,0.6638944989373795
1271599622721613824,positive,0.8442014614349974
1271599623128449026,negative,0.2401892717964539
1271599623388479488,negative,0.001993324911613161
1271599623463976960,negative,0.005894416270567474
1271599624361349120,negative,0.000795475305045569
1271599624625807362,negative,0.07744801988555815
1271599624827146244,negative,1.8066554511466122e-05
1271599625976365057,negative,0.28768430820383784
1271599626177720327,negative,0.05610309040052827
1271599626412421120,negative,8.533047907544956e-05
1271599626504884224,negative,0.2870811006600881
1271599626588741632,positive,0.9085448143940842
1271599627163369474,negative,0.10968444715585364
1271599627326951425,negative,0.0017215303669174912
1271599627503099904,negative,0.03962647797229165
1271599627666460674,negative,0.2319969589272471
1271599628035788800,negative,0.059421694465950324
1271599628060954625,negative,0.0005358077387413497
1271599628161409026,positive,0.8560290592048831
1271599628455157760,negative,0.00157921824750368
1271599628790743042,negative,0.1505073927745344
1271599628803289097,negative,2.3400940836259984e-11
1271599628811632641,negative,0.06872056405264473
1271599628962668544,negative,1.2298635433643464e-05
1271599630145531904,negative,0.15658981757631696
1271599630158123008,negative,0.007136589422256966
1271599630283943936,positive,0.9460527034997795
1271599630548111360,negative,0.0074203660221131605
1271599631408025600,neutral,0.43364296815193076
1271599631588134914,neutral,0.48709375727911214
1271599631655469056,negative,0.00011341912160628809
1271599631676383234,negative,3.076279541971728e-05
1271599631944699906,negative,1.8066554511466122e-05
1271599632552996865,negative,0.03962647797229165
1271599633178013696,negative,0.059421694465950324
1271599633203171335,neutral,0.48773238291385845
1271599634578837504,negative,2.0703527329386905e-05
1271599634604085254,negative,0.029605347622780845
1271599634788634624,neutral,0.5109642830073995
1271599635082080256,negative,0.04251423792646359
1271599636130803712,negative,7.777453180847328e-08
1271599636470472704,negative,0.005820665306411165
1271599637116456962,negative,0.09176429853466236
1271599637342887941,negative,0.008985463576805347
1271599637703598080,neutral,0.37137062280538924
1271599637724618752,neutral,0.4353447131478714
1271599638961938436,negative,0.1612189036968002
1271599639196729345,negative,0.04283844340723604
1271599639360352257,negative,0.03786368867470405
1271599639729516544,negative,0.016656028492176282
1271599639762960385,negative,0.001842031509920941
1271599639918260230,negative,0.0005351132759893319
1271599640018857986,neutral,0.3381189830050101
1271599640287170560,neutral,0.458452529704962
1271599640413188096,negative,0.0005358077387413497
1271599640497045505,negative,0.09289095302385417
1271599640845131777,negative,0.25973443913933725
1271599640853520384,negative,1.8302019430676678e-06
1271599640878764032,negative,0.001714702166105976
1271599641155571712,negative,0.0014534938976559968
1271599641348526083,negative,0.12056596353541715
1271599641621147654,negative,0.0011324348605721902
1271599642891956230,negative,0.09085561416420404
1271599643105857549,negative,9.661588386183203e-05
1271599643428892677,neutral,0.437369725752128
1271599643793784833,positive,0.6624055896622104
1271599643823157248,negative,0.00802754287186899
1271599644338872321,negative,0.004541580637007435
1271599644519403520,neutral,0.39059374023829274
1271599644917796866,negative,0.08818161423987897
1271599645349875714,negative,0.03487028531637995
1271599647241449473,neutral,0.3794095594708052
1271599647564410880,negative,0.1853447716208767
1271599647610503168,negative,0.21139109066500397
1271599647816065032,negative,0.18799620993132546
1271599647920807937,negative,0.0007904662856937187
1271599647920926720,negative,0.14179738715882773
1271599648092848133,negative,0.2398886060325194
1271599648201998336,neutral,0.4737554465528978
1271599648315256834,negative,2.247260680282803e-05
1271599648604594183,negative,0.00041839660747462244
1271599651737800705,negative,0.00033777355552436797
1271599651968425986,negative,0.09085561416420404
1271599652064972801,negative,0.0027036615008350557
1271599652639473664,negative,0.012676502386934916
1271599652765401088,negative,0.014820284067271448
1271599653344116736,negative,0.002014998529721484
1271599654673809408,negative,0.018358367989957432
1271599654988320768,positive,0.9997958796780055
1271599655550218240,negative,0.0026363915450906073
1271599655814488064,negative,0.0049024829505844945
1271599655877595138,negative,0.0022064834697839014
1271599656162734081,neutral,0.3499352441185855
1271599656389292032,negative,0.025144196561518128
1271599656498343937,negative,0.0099536958179938
1271599656951336961,negative,0.007904327301268043
1271599656963891200,negative,0.00016628924848785266
1271599657051918336,negative,0.0027150223866055138
1271599657135865864,negative,0.0005330289711396502
1271599657140051970,negative,1.8066554511466122e-05
1271599657202966532,neutral,0.6349245451717109
1271599657228152833,negative,0.00042689959324919305
1271599659459493888,negative,0.03066741992929385
1271599659497160704,negative,0.05670946645000067
1271599659501400064,negative,0.03975028382350633
1271599659878883328,negative,2.243289187211406e-05
1271599660139008005,negative,0.005014943087364652
1271599660378005505,neutral,0.5557609359217999
1271599660407414785,negative,1.8066554511466122e-05
1271599660730388482,negative,0.03840564920058137
1271599660780654592,negative,0.021603191415718308
1271599661053337603,negative,0.01628794900366218
1271599661057482752,negative,0.00433793213678022
1271599661363671043,negative,0.031252089843059085
1271599661434974211,negative,0.00016628924848785266
1271599662001160194,negative,0.01355600344767054
1271599662139682818,negative,0.023377786953838173
1271599662617813001,negative,6.547150004312279e-07
1271599663687311363,neutral,0.6116168077811921
1271599663934832640,negative,0.029180476855386953
1271599664148725763,negative,0.21603976955733373
1271599664417198081,negative,0.16861933920417765
1271599664689827841,positive,0.7685322661239289
1271599664735891459,negative,1.8066554511466122e-05
1271599664748429312,neutral,0.35451443008515343
1271599664748531712,neutral,0.35451443008515343
1271599665201496064,negative,0.24853412070910158
1271599665327284225,negative,0.0005396892432034939
1271599665352499201,negative,0.025986013737638435
1271599665448919040,neutral,0.40355809854757974
1271599665620934656,negative,0.0062428912764310816
1271599665746763777,negative,7.2884477388465e-05
1271599665943916549,negative,0.03743132236149799
1271599666128445445,negative,0.005894416270567474
1271599666170339328,negative,0.027306211591214814
1271599668024053760,negative,0.011582369681331599
1271599668397592576,negative,0.001842031509920941
1271599668577927168,neutral,0.41557614730585196
1271599669244825608,negative,0.12223370080603098
1271599669416800256,negative,0.10405950123499527
1271599669446049793,positive,0.7878984431607639
1271599669546815489,negative,0.16504952732389971
1271599669798408193,negative,0.006037807319365434
1271599670289223680,negative,0.0005351132759893319
1271599670322757635,negative,0.008662462868170809
1271599672176582656,negative,0.04633602256442129
1271599672528908288,negative,0.005442591338877343
1271599672570925057,negative,0.000110144867073977
1271599672616878085,negative,0.004455055220497679
1271599673153912832,neutral,0.43239902574644784
1271599673304846339,negative,0.0018872397992757413
1271599673774653440,neutral,0.3491609782215031
1271599673787265024,positive,0.9082584847535331
1271599674022072321,negative,1.8939212713978542e-12
1271599674055708678,negative,0.00019984109669266473
1271599674101764096,negative,0.023271481336417658
1271599676530274304,negative,1.848047913679797e-05
1271599676895178752,negative,0.02428248049254861
1271599677016866819,negative,0.08198486617569933
1271599677117513729,negative,0.0026551126890416
1271599677134311426,negative,0.010409351888161885
1271599677306175490,negative,0.0015425978250262452
1271599677423714305,negative,0.009272739832239805
1271599677620641792,negative,1.8066554511466122e-05
1271599677851516929,negative,0.009272739832239805
1271599678182887424,negative,9.639129142509545e-05
1271599678283546629,neutral,0.36016203400974833
1271599678342213632,negative,0.0012391219977611813
1271599678874943488,negative,0.02534543381487114
1271599678975549447,neutral,0.39439463283712184
1271599680531697666,negative,7.2884477388465e-05
1271599680745603072,negative,0.002418228708076309
1271599680758132738,negative,0.0002833791535977362
1271599681039204352,negative,0.0049024829505844945
1271599681139871744,negative,0.001596738307657661
1271599681563394049,negative,0.0005351132759893319
1271599681601253388,neutral,0.3381189830050101
1271599681622196224,negative,0.011767763688193359
1271599682481983488,negative,0.0022396565939442623
1271599682616205322,negative,0.08442023049846699
1271599682746277888,negative,3.4756179013684414e-05
1271599684818210816,positive,0.6624055896622104
1271599685703262213,neutral,0.3381189830050101
1271599685757816834,negative,0.0319832305431049
1271599685963317256,negative,0.043598371671244036
1271599686152044545,negative,0.0006272209033355878
1271599687032877057,positive,0.9862779751550607
1271599687171297280,negative,0.015654864710213757
1271599687221608448,negative,3.4756179013684414e-05
1271599687276118016,negative,0.0014534938976559968
1271599687422935042,negative,0.08384635293073044
1271599687498264576,negative,0.0008132956777704911
1271599687632633857,negative,0.0001358335348585277
1271599687800365056,negative,0.06756897342989703
1271599688119181312,negative,0.00019984109669266473
1271599688274382848,negative,0.00016100482880607227
1271599689398435841,negative,0.01969205560253852
1271599689415061504,negative,0.038226815925653024
1271599689545236485,negative,0.00019984109669266473
1271599689813630978,negative,2.0314056196711032e-06
1271599690090504192,neutral,0.49789225920557484
1271599690585423873,negative,0.0009175264165824337
1271599690954530816,neutral,0.49789225920557484
1271599691059396608,neutral,0.49789225920557484
1271599693219364871,neutral,0.3308783520706519
1271599694028984321,positive,0.7420091845386954
1271599694209220608,negative,9.67485817636865e-09
1271599694733590529,neutral,0.46855883295871753
1271599694926548992,negative,3.491398639487401e-07
1271599695073292288,negative,0.21910501591738127
1271599695123689478,negative,1.702735133371556e-05
1271599695710892033,negative,0.19724615924741964
1271599697405370372,negative,0.005722834625841344
1271599697703120896,neutral,0.47022341483285823
1271599697929678848,negative,0.0005358077387413497
1271599698135191554,positive,0.9997580264596364
1271599698185519106,negative,0.0009175264165824337
1271599698273542145,negative,0.008658099919513919
1271599698550243328,negative,0.007032605876039598
1271599699011788800,negative,1.69597407704258e-05
1271599699158544385,negative,0.05732823808423808
1271599699221495808,negative,0.0021497282238347225
1271599699880001536,negative,0.03989244617460361
1271599700064468993,negative,0.112644112625661
1271599701507354625,negative,0.0016856559927188259
1271599701754814464,negative,0.0019702562773176975
1271599701763203072,negative,0.00538219475894898
1271599702216044545,negative,0.09038507580680345
1271599703034081280,negative,0.07733511082309595
1271599703067635712,negative,0.007032605876039598
1271599703726030849,negative,0.0114713609795362
1271599703734575105,neutral,0.35100644867943676
1271599703747104769,negative,0.10169814161434426
1271599704128786433,negative,0.05303921164265495
1271599704917397504,negative,0.00033777355552436797
1271599705680515072,negative,0.023635102279001126
1271599705756250114,negative,0.3040949491800166
1271599705861099520,negative,0.0003087347795960647
1271599705907007488,negative,0.001842031509920941
1271599705949188096,negative,0.0518677584695308
1271599705978519552,negative,0.012676502386934916
1271599706154696711,negative,0.039309880892793664
1271599706263769088,negative,0.0099536958179938
1271599706368401408,negative,1.4282680352932503e-05
1271599706464976899,negative,0.027565523875858356
1271599707249422339,negative,6.627033866594066e-06
1271599708004384768,neutral,0.6036802031617744
1271599709841432576,negative,0.0004019667944958375
1271599710277517312,negative,0.17870078326640873
1271599710353186817,negative,1.4282680352932503e-05
1271599710860644352,negative,0.31732489718339985
1271599711032676352,negative,0.09384167013290853
1271599711569563649,negative,0.19753827322328846
1271599711871553536,negative,0.004304179935250414
1271599712676741121,negative,0.05817995923428874
1271599712957857792,negative,0.000132376457949845
1271599712961835008,negative,0.002395107361095619
1271599713880604673,negative,0.013505819122672463
1271599714073546752,negative,1.336759830662937e-07
1271599714333609984,negative,0.27292421987320603
1271599714660765697,negative,0.0007904662856937187
1271599714824335362,negative,0.15656016412455345
1271599714887237632,negative,0.12227762356369955
1271599714945949701,negative,0.10401250206118733
1271599714996236289,positive,0.7271262598962247
1271599715986137089,negative,0.1256518955108437
1271599716086583302,negative,0.047790162846966265
1271599718364299264,negative,0.015946341074103896
1271599718511120384,neutral,0.4925319814792465
1271599718582439937,negative,0.027565523875858356
1271599718871765003,positive,0.997126995515298
1271599718959910915,negative,0.0010864444027984318
1271599719110922245,negative,0.00012358293547957858
1271599719115116544,positive,0.9637723765212775
1271599719215587332,negative,0.005669274377629671
1271599719408635905,negative,0.0007809020524228805
1271599720457293824,negative,0.0005921515221018196
1271599720570523650,negative,0.07949154644143294
1271599720746663936,neutral,0.3381189830050101
1271599722499682304,negative,0.00016628924848785266
1271599722734780417,negative,0.08419981954000842
1271599722852225024,positive,0.7500377016963704
1271599722978070530,negative,0.023271481336417658
1271599723074519040,negative,4.908254204596775e-07
1271599723649081344,neutral,0.3381189830050101
1271599723716259842,neutral,0.437369725752128
1271599723779063808,negative,0.00014840749909568357
1271599723959537664,negative,0.018611238967347545
1271599724072763393,negative,0.043598371671244036
1271599724307582976,positive,0.796999695476245
1271599724764807170,negative,0.1853447716208767
1271599724865486850,negative,0.0004748727618833213
1271599724957773824,negative,0.011703220097117726
1271599725163220993,negative,0.3040949491800166
1271599725343621120,negative,0.12638575508756936
1271599726744539138,negative,0.026306588456672234
1271599726840946695,negative,0.3040949491800166
1271599726920642560,negative,0.06842503420026794
1271599727134507010,neutral,0.3381189830050101
1271599727235260422,positive,0.9005237053330327
1271599727679877121,negative,0.03402832044952999
1271599727684079617,negative,0.0005351132759893319
1271599727784665089,neutral,0.3381189830050101
1271599728065724416,negative,0.0018760233110255997
1271599728116084737,negative,0.2824876424311173
1271599728606818304,negative,0.000990107747158046
1271599728678121478,negative,0.0695742714656943
1271599728803840008,negative,3.2537200841004144e-06
1271599731165351936,neutral,0.437369725752128
1271599731907624960,negative,0.0005351132759893319
1271599731953864704,negative,7.891410592523245e-07
1271599732360720385,neutral,0.36157051415644564
1271599732536651777,negative,0.039309880892793664
1271599732729827329,negative,0.00174812024433325
1271599734042624000,negative,0.18909143581032145
1271599734495551489,negative,0.19502423039687414
1271599734998863873,negative,8.073210760235679e-05
1271599735007137793,negative,9.792234955558165e-05
1271599735464505345,negative,0.1952814587246654
1271599735749709825,negative,0.05081228673136709
1271599736362074113,negative,0.031252089843059085
1271599736382988290,negative,0.023428905895719134
1271599737364516864,negative,0.04532022183583893
1271599737385467904,negative,0.12158670319859165
1271599739184779264,negative,0.000132376457949845
1271599739289640969,negative,0.00018247877693896466
1271599739360948227,negative,0.08361733269951543
1271599739470065665,neutral,0.3381189830050101
1271599739474247684,negative,0.029116527078923028
1271599739591692288,negative,0.0023074244401217526
1271599740577341441,negative,0.05610309040052827
1271599740640256005,positive,0.7446122362764885
1271599740833140742,negative,0.0011324348605721902
1271599741214711808,negative,1.0881262526651868e-08
1271599741239992321,negative,0.0005358077387413497
1271599741374091264,negative,0.0002191348979825793
1271599741462339586,negative,0.00016628924848785266
1271599741743366146,negative,0.19866964481596217
1271599741827264521,negative,8.887355458009728e-10
1271599741890068481,negative,0.028967202866613726
1271599743412682757,negative,1.401449296190873e-05
1271599743572103169,negative,0.03471289379226505
1271599744461275138,neutral,0.35451443008515343
1271599745333673985,negative,0.002886944683696644
1271599745895669760,negative,0.04152518570936952
1271599745899823105,negative,0.008805898916281168
1271599746252181506,negative,5.268931099785267e-06
1271599746352926721,negative,0.0013327655293858542
1271599746407415808,negative,0.17553924241747834
1271599746520580100,negative,0.014267607217698182
1271599746952691713,negative,0.0512421537882429
1271599747212603392,negative,0.2078943588910157
1271599748412329984,negative,0.0011476103271417274
1271599748592648202,negative,0.01867733059576033
1271599748785541120,negative,0.12239827232910852
1271599748789743617,neutral,0.49789225920557484
1271599749033013254,negative,0.00011791760518418482
1271599749410574337,negative,0.12950625870450028
1271599749469265923,negative,1.67824124727267e-05
1271599749481857025,neutral,0.4496597994525201
1271599749934706688,negative,0.1952814587246654
1271599750073237505,neutral,0.37137062280538924
1271599750371041281,neutral,0.3726847435457324
1271599750421323777,negative,0.008203132826013019
1271599752023625729,negative,0.1842589795015692
1271599752048791552,positive,0.751202996363915
1271599752250101765,negative,0.005894416270567474
1271599752300412928,neutral,0.473964753344039
1271599752409485315,neutral,0.553802389001294
1271599752447176704,negative,0.10401250206118733
1271599752640172032,neutral,0.3835155837680488
1271599752765988866,negative,0.00019984109669266473
1271599753143476224,negative,0.00019984109669266473
1271599753541844997,negative,0.00016823968684374503
1271599753751650307,negative,0.0012987679114565035
1271599753986543616,negative,0.0005955793925200283
1271599754007453697,negative,0.07182540610068555
1271599754015731712,negative,0.01719004681774222
1271599754091380736,negative,0.20016502271981998
1271599754112372737,negative,0.18909143581032145
1271599754535895046,negative,0.06601848979090187
1271599755991408642,negative,0.02374125613834837
1271599756456996873,negative,0.0024113761615261
1271599756486283264,neutral,0.420146823159849
1271599756490551299,negative,0.26866327038951504
1271599756696002565,negative,0.0013391425022452087
1271599756842692609,negative,0.04674479343127386
1271599757090316289,negative,0.28112816092110127
1271599757329403904,negative,5.088180145933818e-09
1271599757413224450,negative,0.002103388743561244
1271599757522165760,negative,0.013215736956266502
1271599757710946306,negative,0.009272739832239805
1271599757732036609,negative,0.00011341912160628809
1271599757887180801,positive,0.9459696864395102
1271599758000492544,neutral,0.6036802031617744
1271599758109532161,negative,0.09456927287084557
1271599760638697472,negative,8.073210760235679e-05
1271599760869335047,negative,0.0032337206853360733
1271599761133535234,negative,0.005894416270567474
1271599761196490753,negative,0.24190043021159235
1271599761221541888,negative,0.014461682671751517
1271599761246826496,positive,0.8316100353582493
1271599761636851713,negative,0.10360796284296528
1271599761846648832,neutral,0.3909677405094468
1271599761905328128,positive,0.912262211829351
1271599762161221634,negative,0.00015831778651441755
1271599762253459457,neutral,0.473964753344039
1271599762299662337,negative,0.04776276729038092
1271599762484023296,negative,0.283440501803732
1271599762496724993,negative,0.3148661002664941
1271599762572292098,neutral,0.35451443008515343
1271599763125940224,negative,0.001842031509920941
1271599764715393024,neutral,0.49789225920557484
1271599764799475715,neutral,0.34212779492080586
1271599765143371776,negative,0.023875399651757456
1271599766233890822,negative,0.004902285523916794
1271599766569390080,negative,0.00132805127624121
1271599766674292736,positive,0.916649847416321
1271599767135629313,negative,6.29068015756847e-05
1271599768771407873,negative,0.26123670052509024
1271599769023102977,negative,0.023213408610128772
1271599769073451008,negative,1.4282680352932503e-05
1271599769371250688,negative,0.31820487300311295
1271599769517985794,negative,0.0060001580439276005
1271599769778085896,negative,7.236773637704521e-08
1271599770868617218,negative,0.02428248049254861
1271599771225071617,negative,0.005894416270567474
1271599771875250184,negative,0.03402056600955099
1271599772009476097,negative,0.0005380784057659275
1271599772911243264,negative,0.00019984109669266473
1271599774085545984,negative,0.0011324348605721902
1271599774098169857,negative,0.08947669604228267
1271599774182117377,neutral,0.49789225920557484
1271599774580510727,negative,0.00013130056121925964
1271599775343882240,neutral,0.44654025683665294
1271599775381704710,negative,0.00021323646588724418
1271599775457009664,negative,0.1653660353313202
1271599775457185792,negative,0.29470623387203065
1271599775570411520,negative,0.10401250206118733
1271599775620706308,negative,0.15590454891793734
1271599775943659526,negative,0.00023882966192448517
1271599777122312194,negative,0.17996905274177064
1271599777520553984,negative,0.0518677584695308
1271599777810124800,negative,0.03860276795337228
1271599777826975750,negative,0.00015194828200427033
1271599778040856576,positive,0.7842586057601225
1271599778112114689,negative,0.009272739832239805
1271599778128891910,negative,0.00019984109669266473
1271599779345293313,negative,0.005618452492658071
1271599779580125186,negative,0.021468205824297266
1271599779777298434,negative,0.07235160904019335
1271599780037136384,negative,0.0006231497894395036
1271599780142239745,negative,0.04930734849160038
1271599781551509505,positive,0.8905561955604361
1271599781903765506,negative,0.026615173795510632
1271599781987614720,negative,0.00023882966192448517
1271599782167842817,negative,0.24190043021159235
1271599782461652995,negative,0.2785928761937945
1271599782742634496,negative,0.059421694465950324
1271599782914658304,negative,0.10352793160984738
1271599783040385029,neutral,0.3315939287256875
1271599783313113089,negative,0.24531216546523807
1271599783556321281,negative,0.01879425341181135
1271599783636086784,negative,0.23699778876372793
1271599783644475393,neutral,0.4786607135820931
1271599783690620930,neutral,0.437369725752128
1271599783942262785,neutral,0.5072119503472683
1271599783950483456,neutral,0.37137062280538924
1271599785171128325,negative,0.005675698478268579
1271599786001682433,negative,0.008971469791555152
1271599786089742342,neutral,0.35451443008515343
1271599786156863488,negative,0.1735162678381825
1271599786286886912,negative,0.035217176111606026
1271599786295267331,negative,0.00277460616338558
1271599786584616960,negative,0.0002558508086955222
1271599786798600193,negative,0.1735162678381825
1271599786806870027,negative,0.0007444811289761364
1271599786932781063,neutral,0.37137062280538924
1271599787838750720,negative,1.3084445335270075e-06
1271599790653087744,negative,0.18108766465601922
1271599790657343488,negative,0.005894416270567474
1271599790757941248,negative,0.005226040729388327
1271599790804123648,neutral,0.386301521224711
1271599791005368320,negative,0.00014777110244878003
1271599791051542529,negative,0.00040087956948380336
1271599791735218177,negative,0.012485243180665512
1271599792020492289,negative,0.006040694461048425
1271599792054034433,negative,0.08818161423987897
1271599792091803648,negative,0.12490070956684199
1271599792565760000,negative,0.05706775107684721
1271599793144545280,negative,5.7218374031544516e-08
1271599793870168065,negative,0.0041691740438477
1271599794117644288,negative,5.674253277545323e-12
1271599794415337473,negative,0.00019984109669266473
1271599794629283841,negative,6.547150004312279e-07
1271599794855661574,negative,0.16437877331818024
1271599795015159808,negative,0.009634722189054938
1271599795103322118,negative,0.28112816092110127
1271599795396841472,negative,0.08361733269951543
1271599795585638401,negative,0.00023210368265778503
1271599795589844998,negative,0.17839922424192034
1271599795598229504,negative,0.15590454891793734
1271599795661148160,negative,0.0005774009971252819
1271599796021858304,negative,0.025152324668022856
1271599796143435777,negative,0.033163625454333524
1271599796701233152,negative,0.08002465081650481
1271599798936887297,negative,0.0023185666475635334
1271599799163408389,neutral,0.3850948772444006
1271599799431823360,negative,0.0033622119701372565
1271599799964483584,negative,0.031618726704460656
1271599800417423365,negative,0.026400004196187165
1271599800954347520,negative,0.026287330862979436
1271599802611089409,neutral,0.48773238291385845
1271599802657185798,negative,0.1971462700975004
1271599802745344001,negative,0.059421694465950324
1271599803307364352,negative,0.28172327200845015
1271599803781308420,negative,0.15797133755319195
1271599804079054848,negative,0.0010623626934252845
1271599804150398977,negative,0.14645465043150965
1271599804301348875,negative,0.0518677584695308
1271599804338991104,negative,8.631821102777773e-11
1271599804536274945,positive,0.8554205067066972
1271599804548878336,neutral,0.6582643402168333
1271599804553089025,negative,6.879184444205881e-06
1271599804590764032,negative,9.045306857022287e-06
1271599804770967552,negative,0.18909143581032145
1271599805010268161,negative,0.0027150223866055138
1271599805026971650,negative,1.4282680352932503e-05
1271599806696349696,negative,0.15464333262699684
1271599806956417026,negative,0.22513179180885018
1271599807317016583,negative,1.3246117043244962e-05
1271599807426113536,negative,0.012676502386934916
1271599807505657856,negative,0.0014534938976559968
1271599807690428418,negative,0.002967861328473477
1271599807983955973,negative,0.06494162266493382
1271599808080478208,negative,0.059421694465950324
1271599808822882305,negative,0.06756897342989703
1271599808873144320,negative,0.003232826252276022
1271599808915144704,negative,0.04907696882727438
1271599809045110786,negative,0.01613134221219101
1271599809422557185,negative,0.00011341912160628809
1271599810630516736,negative,0.02370772805097122
1271599811762913280,negative,0.30085512668007197
1271599811771412480,negative,0.025152324668022856
1271599811821789188,negative,0.00019984109669266473
1271599812018872320,neutral,0.4116172054238606
1271599812169916419,negative,0.006015805486545986
1271599812429873152,negative,0.0010033410433637482
1271599812597686272,negative,2.1821709283801455e-06
1271599812639678464,negative,3.262796994869556e-05
1271599812731899910,positive,0.9958841164345693
1271599815638556675,negative,0.007599598437030047
1271599815663718402,negative,2.8333579989743367e-06
1271599815797940225,negative,0.0005330289711396502
1271599815797997570,negative,0.017485030533824317
1271599816120950785,negative,0.00019984109669266473
1271599816158707718,negative,0.00016628924848785266
1271599817358225411,negative,0.005442591338877343
1271599817999945728,negative,0.0014785628863175722
1271599818012491776,negative,0.2771104867216245
1271599818595545089,negative,0.0009755811881193706
1271599819228921856,negative,0.00017309652161047475
1271599819568680960,negative,0.0003291735782151038
1271599820562747392,negative,0.20153812357352932
1271599821040824321,negative,8.154721141047658e-06
1271599821221097478,negative,0.0089506861218076
1271599821498077184,negative,0.15797133755319195
1271599821581926400,negative,0.05479259030273839
1271599822210990081,negative,7.484198525615054e-06
1271599823112855552,negative,7.236773637704521e-08
1271599823263842304,negative,4.437071062657138e-06
1271599823263870976,neutral,0.5532668856436371
1271599823846768641,negative,0.0004902956991506547
1271599824111046656,neutral,0.35451443008515343
1271599824320823296,neutral,0.6582643402168333
1271599824383741952,negative,0.012676502386934916
1271599824471810048,negative,0.00021323646588724418
1271599824618565638,negative,0.0007904662856937187
1271599824660463617,negative,0.07273354179329948
1271599825096781830,negative,0.3092477841474542
1271599827466571776,negative,0.0052481037657638166
1271599827500089345,neutral,0.5950612311678684
1271599827600760832,negative,0.1917101726863495
1271599827760095233,negative,0.0011476103271417274
1271599827881791488,negative,1.9912004055214138e-06
1271599827936256000,neutral,0.35451443008515343
1271599827978203141,negative,6.030089049467392e-07
1271599828104069121,negative,0.01522312151214735
1271599828246593536,negative,0.007550432766606432
1271599828724781056,negative,0.09114215369062866
1271599829383360520,negative,0.00019984109669266473
1271599829559508992,negative,0.19934428189768905
1271599829895073793,negative,0.04145328348062246
1271599830054375426,negative,0.0004892906620906311
1271599830113095680,negative,0.22232271081946509
1271599830197043201,negative,0.009941856613333824
1271599831472058368,negative,0.00021202076490612384
1271599832113840128,neutral,0.6057095957011978
1271599832289992704,negative,0.043598371671244036
1271599832306724864,positive,0.9505227471188973
1271599833258885120,negative,0.0023170344461177867
1271599833363746816,negative,0.043598371671244036
1271599833418100736,negative,0.19502423039687414
1271599833791574018,negative,0.18469609960127348
1271599835712565250,negative,8.227312718398505e-06
1271599836140371970,negative,0.002418228708076309
1271599836148764674,negative,0.0018903419073713964
1271599836207480833,neutral,0.6057095957011978
1271599836211666944,negative,0.023881704366282723
1271599836580675585,negative,0.01786866897430779
1271599836849156096,neutral,0.34229873303406183
1271599836962398208,negative,0.005592283250338149
1271599837356740613,negative,0.029967062290455194
1271599838363291648,negative,0.0005358077387413497
1271599838573006848,negative,0.00684700523264991
1271599839869112320,negative,0.002245298145806704
1271599841228009472,negative,0.00019984109669266473
1271599841454538752,neutral,0.4874332029158699
1271599841454555137,negative,0.0002551079176710559
1271599841647439874,negative,1.8066554511466122e-05
1271599841861234688,negative,0.10468083000665482
1271599842083520512,negative,4.362951122593131e-06
1271599842565988353,negative,0.0011476103271417274
1271599842717061120,negative,0.28112816092110127
1271599842897334274,negative,0.24945677482697023
1271599843165835264,negative,0.015063919202101962
1271599844092555264,negative,0.002647930587441848
1271599844533157889,negative,0.07255799178444283
1271599844994551808,negative,0.0096099907718678
1271599844998643718,negative,0.0022534008262551316
1271599845015457798,negative,5.695857302171394e-06
1271599845044871168,negative,0.043445455854577604
1271599845078454272,negative,0.06842503420026794
1271599845468442624,negative,3.9712642959673384e-07
1271599845594353664,negative,0.25379875909891914
1271599845866962944,negative,0.048817417127971205
1271599846202327041,negative,0.0011476103271417274
1271599846290489344,negative,2.5144893589907698e-05
1271599846370103297,negative,0.000188355330776431
1271599846424817664,neutral,0.5600590151184325
1271599848589086721,positive,0.9637723765212775
1271599849192988672,negative,1.8066554511466122e-05
1271599849234935811,negative,0.051514354942426906
1271599849620856832,negative,0.03999801289335847
1271599849956392961,negative,0.00016628924848785266
1271599850006732801,negative,0.0762907951563658
1271599850229022721,neutral,0.6057095957011978
1271599850346500101,positive,0.9999482569365901
1271599850635833344,negative,0.21298381805418062
1271599851181146119,negative,0.05939779063732054
1271599851516518400,negative,0.09635075044776671
1271599851881418752,negative,0.039433821832599185
1271599851915132928,negative,0.026615173795510632
1271599851957092355,negative,0.004464893361949762
1271599851986399233,neutral,0.526545098612232
1271599852061888518,negative,0.12142247560953873
1271599852623929346,negative,2.345825647860617e-13
1271599852636569605,negative,0.001610497534965649
1271599852644941829,positive,0.7714274107832059
1271599852707893248,negative,0.24190043021159235
1271599852833705985,negative,0.25947272540011757
1271599853315989510,negative,2.0737240523544915e-06
1271599853651603457,negative,0.32620683154629054
1271599854222028802,negative,1.4282680352932503e-05
1271599854322626565,negative,0.008662462868170809
1271599855073480706,negative,0.19502423039687414
1271599855165718528,negative,0.05610309040052827
1271599855920648192,negative,0.00027585667296755586
1271599857174810624,negative,0.00017309652161047475
1271599857317355520,negative,0.002418228708076309
1271599857770299393,negative,0.0002833791535977362
1271599857812283392,negative,0.00045965490612531783
1271599857845895174,negative,0.07107232034702773
1271599858621845505,negative,0.021468205824297266
1271599858659491841,negative,0.0007904662856937187
1271599858852474884,negative,0.05020577876357174
1271599859238346754,negative,0.03180962742221007
1271599859980742656,negative,0.0014534938976559968
1271599860966461441,negative,0.0004918445083161235
1271599860987412480,negative,0.24190043021159235
1271599860999913477,negative,3.262796994869556e-05
1271599860999995399,negative,0.00020668616896487088
1271599861524303873,neutral,0.35451443008515343
1271599861746544640,positive,0.9542449926161665
1271599862254120962,positive,0.8562852694896161
1271599862770012162,negative,0.16247375151618912
1271599863235588102,negative,0.15590454891793734
1271599863273267201,negative,0.0007904662856937187
1271599863327678464,negative,0.0049024829505844945
1271599863583715331,negative,0.05817995923428874
1271599865370476547,negative,7.236773637704521e-08
1271599865651515392,negative,0.02726162813814235
1271599865919750145,negative,0.011399283776636342
1271599865987059717,negative,0.0013384380803396535
1271599866075103242,negative,2.727943006058345e-07
1271599866297438209,neutral,0.47022341483285823
1271599866939047940,negative,0.2874836334941227
1271599867266293760,negative,3.114534135839746e-13
1271599867794731011,negative,0.00017309652161047475
1271599868256100353,neutral,0.6349245451717109
1271599868306481160,negative,0.00012079236670010415
1271599868373602306,negative,0.05933952813602016
1271599869938057221,neutral,0.6209663438596181
1271599869979815936,negative,0.0011476103271417274
1271599870042869761,negative,0.009272739832239805
1271599870198022144,negative,0.07508387297768396
1271599870210723840,negative,0.0005199757530542032
1271599870453874688,negative,0.012737839203494904
1271599870537842689,negative,0.15590454891793734
1271599870747574275,negative,0.0006558292821892826
1271599870755966981,neutral,0.36016203400974833
1271599870768537601,negative,0.03674790835495658
1271599871129157634,negative,0.2636954938308658
1271599871255068676,neutral,0.49789225920557484
1271599871695507457,negative,0.253503508402999
1271599873276641280,neutral,0.3794095594708052
1271599873461293060,negative,0.001993324911613161
1271599873931051011,negative,0.13223660272479967
1271599873939431431,negative,5.661989812069712e-07
1271599874241368065,negative,0.013722089811662992
1271599874312634369,neutral,0.4028169620995771
1271599874568605698,negative,1.1450858145519265e-06
1271599874623012864,negative,0.003689380387998146
1271599874656677888,negative,0.01719004681774222
1271599874744528896,positive,0.997126995515298
1271599875021471744,negative,0.0012359037580937722
1271599875105394688,neutral,0.4814216422911448
1271599875491352578,negative,0.3040949491800166
1271599877596856320,negative,1.4087941363798072e-05
1271599877794025473,negative,0.06296366931085659
1271599878129496064,negative,0.09593286878000609
1271599878322434053,negative,0.0004174251671298724
1271599878343458817,positive,0.7829557285607953
1271599878372765696,positive,0.7878984431607639
1271599878909693953,negative,0.15894838135266348
1271599879219904512,negative,0.15590454891793734
1271599879320731648,negative,0.06756897342989703
1271599879450574848,negative,0.24306415188228875
1271599880260255751,negative,0.00014840749909568357
1271599880432123905,positive,0.906554962629912
1271599880591507457,negative,0.025130321206687574
1271599880629190657,negative,0.03786368867470405
1271599880797126657,negative,0.014280702129345083
1271599881216577538,negative,0.004304988170931951
1271599882424500227,negative,0.21063171643352813
1271599882445500416,neutral,0.5377775092341677
1271599882885881856,negative,0.22754705942485148
1271599883577896965,negative,1.045692975534279e-09
1271599883678556160,negative,0.05659661432313544
1271599884127305729,negative,0.00157921824750368
1271599884773228550,negative,0.02711713266105864
1271599884781735943,negative,0.00010362574406025708
1271599885159145473,negative,1.4282680352932503e-05
1271599886052536320,negative,0.00017309652161047475
1271599886333509632,negative,0.001993324911613161
1271599886337748992,negative,6.4675117100569094e-06
1271599886668935168,negative,1.1038140644166557e-05
1271599886736244736,negative,0.010494997275244602
1271599887243714562,negative,0.041863098365780615
1271599887319252994,positive,0.9633894245446962
1271599887591718912,negative,3.24056843451643e-05
1271599887621160960,positive,0.7894744351279234
1271599887805628417,negative,0.20186754572743498
1271599888120324096,negative,3.7698203701367254e-05
1271599888166502400,negative,0.03239082664962028
1271599888707575815,negative,0.015411969190119088
1271599890242600960,negative,0.3029968537174699
1271599890343346176,negative,0.1964073813525806
1271599890372669440,negative,0.06181551993901096
1271599890603421701,negative,0.00016628924848785266
1271599890725044229,negative,0.01394224286192618
1271599890750148609,negative,0.0317293563294799
1271599891677171713,neutral,0.34117024056417766
1271599892419547147,negative,0.0762566651200354
1271599893874966534,negative,0.000605927744749717
1271599894021750784,negative,0.0002513682547655016
1271599894197911563,negative,0.052327478307302215
1271599894462115846,negative,0.11162762197975168
1271599894852222979,negative,0.00048559593649531447
1271599894990655491,negative,0.003957688271822123
1271599895762341888,negative,0.00019984109669266473
1271599895800135680,negative,0.037923919074804614
1271599896584286208,negative,1.8066554511466122e-05
1271599896802582528,negative,3.205040952185411e-05
1271599896970362881,negative,2.7030278326181367e-08
1271599897167323137,negative,7.2884477388465e-05
1271599898589302789,negative,0.030346777880785502
1271599898618724352,negative,0.0005123341386312347
1271599898773905410,neutral,0.33677065988963156
1271599899310796802,positive,0.7878984431607639
1271599899335888897,negative,0.15027383522202903
1271599899474264064,neutral,0.5377775092341677
1271599899512115211,negative,0.00017309652161047475
1271599899755401219,negative,0.001335069748704545
1271599900606767105,negative,0.001842031509920941
1271599901022081026,negative,0.11155288538521059
1271599901462454273,negative,0.12948431623601966
1271599901571514368,positive,0.9145697676292502
1271599901634248704,negative,0.23956876241685812
1271599902901092352,negative,0.005458943782018655
1271599902943072256,negative,0.06756682649496247
1271599903106641922,negative,1.557568054853505e-05
1271599903148572672,negative,0.09376628515476788
1271599903169548296,negative,0.00019984109669266473
1271599903219879936,negative,0.010314936683348127
1271599903450554368,positive,0.9488887222074014
1271599903786106881,negative,0.08818161423987897
1271599903802896385,negative,0.0558026035645196
1271599903861624833,negative,0.00016628924848785266
1271599904343896066,negative,0.0049024829505844945
1271599904452939776,negative,0.1216200432332618
1271599904578813957,negative,0.10267997803220505
1271599904583028736,negative,0.012229825209545084
1271599904700403713,negative,0.0002522215615555124
1271599904973041667,negative,0.00016628924848785266
1271599905098936320,negative,0.026615173795510632
1271599905245671426,negative,1.9548690902070894e-06
1271599907217059840,negative,1.8066554511466122e-05
1271599907225419776,negative,0.00409306904977834
1271599907338686467,neutral,0.3725458233667465
1271599907661664257,negative,0.09789928535029414
1271599908102057985,negative,8.073210760235679e-05
1271599908366286855,negative,0.07802105340640744
1271599908492120070,negative,3.469690092075004e-05
1271599908638916613,negative,0.15931206484429183
1271599909100290049,negative,0.005333720814183585
1271599909255417857,negative,0.03674790835495658
1271599909590962183,negative,0.07630332916926394
1271599909691588610,negative,0.013215736956266502
1271599909968510976,negative,0.03460441372915606
1271599910316621827,negative,9.9776447420698e-05
1271599911566532610,negative,0.24765343106174098
1271599911847501826,negative,0.0002833791535977362
1271599912619094017,negative,5.656349763219473e-06
1271599912682127360,negative,0.0005330289711396502
1271599912988393475,negative,0.006611344016850039
1271599913126760448,negative,0.00019984109669266473
1271599913214849024,negative,0.16874571362837645
1271599913714028544,negative,0.011296603117916113
1271599913747578882,negative,0.005458267119646063
1271599914271694848,negative,0.0005955793925200283
1271599914674524167,negative,0.024389767105844083
1271599914708021248,neutral,0.5600590151184325
1271599914917781511,negative,0.0825886283591841
1271599915244937222,negative,0.0049024829505844945
1271599915974656002,negative,0.012676502386934916
1271599916134121472,negative,0.008668836594438374
1271599916750721024,negative,0.13970052175251185
1271599916884938752,negative,0.07638420358625374
1271599917040046080,negative,0.17553924241747834
1271599917178466304,neutral,0.6231301609365977
1271599917602127874,negative,0.03859030450748233
1271599917711028224,negative,0.07640294740877937
1271599917753085955,negative,0.16147313333655375
1271599917757153280,negative,0.1660348779268793
1271599917988024320,negative,0.015661262735491132
1271599918063501312,positive,0.8007266922775306
1271599919212695554,negative,0.06847117620908924
1271599920089370624,negative,0.00019984109669266473
1271599920206798850,negative,1.8066554511466122e-05
1271599920483573764,neutral,0.41661895030617113
1271599920877887489,negative,0.19255580678131862
1271599921074929664,negative,0.2436472734913412
1271599921234354182,negative,4.4661144414498606e-06
1271599921280495616,neutral,0.3381189830050101
1271599921322512384,positive,0.997126995515298
1271599921590910978,negative,0.12441205125471601
1271599921624420354,neutral,0.3888964145301077
1271599923776143360,negative,0.0003618294678994878
1271599923859992578,negative,0.00012889790724097974
1271599923922862081,negative,0.1379121272865984
1271599924048809984,negative,0.00019984109669266473
1271599924166230016,negative,0.11403970747502302
1271599925479030790,negative,0.008150391972071932
1271599925554528256,positive,0.7927857493834024
1271599925810417674,negative,0.012931243877657162
1271599925927849985,negative,6.235445631675315e-06
1271599926099705861,negative,0.00019984109669266473
1271599928419266560,neutral,0.33390070129188043
1271599928557649922,negative,1.8066554511466122e-05
1271599928662470659,negative,5.149654916088031e-06
1271599928696016897,negative,0.04512978509595699
1271599928981311488,negative,0.03392608872251922
1271599929031634944,neutral,0.3381189830050101
1271599929505562624,negative,0.08791087012486679
1271599929685917698,negative,0.018720000499947858
1271599929983721473,negative,0.03487769456035089
1271599930407182338,negative,0.000188355330776431
1271599932194029568,negative,0.0518677584695308
1271599932772941825,negative,0.08361733269951543
1271599932953288706,negative,0.15516657216750998
1271599932961587202,negative,0.006769110446710621
1271599933410414593,positive,0.8118866211141739
1271599933523587072,negative,0.20924382369469444
1271599933884264448,positive,0.7342889744533279
1271599934446481415,negative,0.00017309652161047475
1271599934454796288,negative,0.0006231497894395036
1271599934479966209,negative,0.17553924241747834
1271599936535244801,negative,0.0006992281308866822
1271599936778301440,negative,0.1866935764977223
1271599936916934656,negative,0.003871472669684855
1271599937361412100,neutral,0.34833746111614683
1271599937374093319,negative,0.006421664738608088
1271599937491525632,negative,1.7026272538895374e-10
1271599937613107204,negative,0.026594391015495343
1271599937650855937,neutral,0.49789225920557484
1271599937659248640,negative,0.023377786953838173
1271599937814360064,negative,9.208034378177232e-05
1271599937944317952,positive,0.7878984431607639
1271599938116431873,negative,0.3040949491800166
1271599938242314241,positive,0.995067766032005
1271599938783391746,negative,0.0044279394827228475
1271599938976264197,positive,0.9997585678287121
1271599939295068161,negative,0.0005351132759893319
1271599939458482177,neutral,0.3381189830050101
1271599940431683584,negative,0.00011341912160628809
1271599940561776641,negative,0.007032605876039598
1271599940775694336,negative,0.005309502350649544
1271599941505425409,negative,0.004818338226078496
1271599941937516545,negative,0.027623790815660947
1271599942096863235,negative,0.00016628924848785266
1271599942306418688,neutral,0.3637043924248172
1271599942553894912,negative,1.2362364724214373e-07
1271599942554079233,negative,0.00016628924848785266
1271599942671519744,negative,1.175523017803958e-06
1271599943166365698,negative,0.027565523875858356
1271599943527149570,neutral,0.3346790214042157
1271599944391155712,negative,0.08713777365219258
1271599945120993283,negative,0.0006062101139062885
1271599945209053185,negative,0.00019894404832740268
1271599945368449024,neutral,0.41661895030617113
1271599945393545216,negative,0.2847093328097419
1271599945557082112,negative,0.005894416270567474
1271599945716346880,negative,0.2105774264678966
1271599946878390274,negative,0.00048559593649531447
1271599947268231169,neutral,0.3534575539115691
1271599947901734917,negative,0.029160432015274185
1271599948979675136,neutral,0.46127768308170247
1271599949311021056,negative,0.009667179994037087
1271599949415923713,neutral,0.6298914564730203
1271599950124777472,negative,0.0005000728954740911
1271599950426710018,negative,0.0017380276195492809
1271599950489673728,positive,0.7500377016963704
1271599950888140801,negative,0.008264829921880833
1271599951919841280,neutral,0.33677065988963156
1271599951982796800,negative,0.008662462868170809
1271599952041517056,negative,0.027172533066953827
1271599953366994951,negative,0.12239827232910852
1271599953668902912,negative,0.11082341754890901
1271599953861722112,positive,0.7878984431607639
1271599953870295043,negative,0.21328566923942638
1271599953928839168,neutral,0.41661895030617113
1271599954159644672,negative,0.0019204012078376173
1271599954612629504,negative,0.019379348106489912
1271599954646228992,negative,0.004238223789171678
1271599954897879040,negative,0.015946341074103896
1271599955111706627,negative,0.005894416270567474
1271599955568984064,negative,0.0005000728954740911
1271599956021952513,negative,0.08818161423987897
1271599956026101766,negative,0.08361733269951543
1271599957477335040,negative,8.443506775355315e-08
1271599957745831941,neutral,0.49789225920557484
1271599957775187970,negative,0.16342723778253837
1271599958026858496,negative,0.18909143581032145
1271599958412660736,negative,0.05817995923428874
1271599959385739266,negative,0.08443717298689003
1271599959809417217,negative,0.00016628924848785266
1271599959939276800,negative,0.011871773943297815
1271599960086269956,neutral,0.3381189830050101
1271599960119816193,negative,0.32620683154629054
1271599960245575680,negative,0.0321638783567143
1271599960274993152,negative,0.05610309040052827
1271599960404963328,negative,0.06466618758973336
1271599961566851073,positive,0.671337306919619
1271599962242068480,negative,0.28460987684008165
1271599963651350528,negative,0.00028967189268688977
1271599963764596736,negative,0.15188551927527152
1271599965765328898,negative,0.05103136406249846
1271599966172016640,negative,0.007954934633077601
1271599966599905280,negative,0.22454193253087304
1271599966767775744,negative,8.073210760235679e-05
1271599966901940226,neutral,0.41661895030617113
1271599967757643776,neutral,0.41661895030617113
1271599967812104193,negative,0.06601848979090187
1271599967833112577,negative,0.3040949491800166
1271599967929597953,negative,0.014300086334016922
1271599967929618432,negative,0.0019622313039133013
1271599968055259136,neutral,0.5533970533999424
1271599968097370114,negative,0.008178362527209763
1271599968160305153,negative,1.5133368460509306e-13
1271599968348966913,neutral,0.3637556176066104
1271599968369999874,negative,0.015946341074103896
1271599970135748615,negative,0.2349687565630227
1271599970412568582,neutral,0.3381189830050101
1271599970882371584,negative,3.953622885176091e-05
1271599971482009601,negative,0.003441067324396062
1271599971620597768,negative,0.2195769766090393
1271599971851276290,negative,5.890439978131305e-06
1271599971964420096,negative,0.002242760137522403
1271599974216871937,negative,0.00019984109669266473
1271599974309126146,negative,0.015946341074103896
1271599974367854594,negative,0.1382073030239792
1271599974518751233,positive,0.6812882083553091
1271599974585962497,negative,0.0005199757530542032
1271599975064121351,negative,0.06673451577485943
1271599975244464128,negative,0.23403350778239787
1271599975265378304,negative,0.0029802930630058945
1271599975479349248,positive,0.8988715839271422
1271599975999266816,negative,0.19314404871434201
1271599978117562370,negative,0.16173373348326206
1271599978478174209,neutral,0.437369725752128
1271599978562179072,negative,0.1203090358454427
1271599978780164096,neutral,0.6298914564730203
1271599978918621189,negative,0.010878555596076499
1271599979132485644,negative,0.00019984109669266473
1271599979237388288,negative,0.02407786982757331
1271599979925291011,negative,1.8066554511466122e-05
1271599979954651136,negative,0.00019984109669266473
1271599980508151809,neutral,0.5276683768280261
1271599980633980930,positive,0.9227944488367448
1271599980680286208,negative,0.0767349155149173
1271599980759973889,neutral,0.379611556832951
1271599980848066564,negative,0.07819544294636509
1271599982953533442,negative,0.11067805433060135
1271599983171702794,negative,0.025152324668022856
1271599983234633729,negative,0.002395107361095619
1271599983532412936,neutral,0.3857877066340349
1271599983536427009,negative,0.0005000728954740911
1271599983670841351,negative,0.00011092673492861494
1271599983901491202,negative,0.0006231497894395036
1271599983926501376,negative,7.236773637704521e-08
1271599984387989505,negative,0.00017309652161047475
1271599984438378502,negative,0.1755504954792931
1271599985813884928,negative,0.000188355330776431
1271599985860186112,negative,9.79469128605362e-07
1271599986044780544,neutral,0.4814216422911448
1271599986791387138,negative,2.987944245261539e-06
1271599986908807171,negative,1.8066554511466122e-05
1271599986950778880,negative,0.11162762197975168
1271599986975707138,negative,0.0005035964689382936
1271599987105902596,negative,0.005014943087364652
1271599987365945344,negative,6.161735811685456e-06
1271599987739238401,negative,0.06756897342989703
1271599988091555840,negative,3.272138340107271e-05
1271599988393619456,negative,0.00157921824750368
1271599988515262464,negative,0.13223660272479967
1271599988578095104,negative,0.13813544659012914
1271599988854923265,negative,0.0005358077387413497
1271599991275098112,neutral,0.41901263796461236
1271599991790985216,neutral,0.4673421615500572
1271599992000647169,negative,0.0013106017633156004
1271599992185200640,positive,0.875400507010502
1271599992642428929,negative,0.021106362968307153
1271599993166524417,neutral,0.49789225920557484
1271599993275678720,negative,0.00019984109669266473
1271599993409994753,neutral,0.3381189830050101
1271599995196768256,negative,0.00021405623982687552
1271599995561574401,negative,7.459041406810178e-05
1271599995704279044,negative,0.10968444715585364
1271599996111126530,negative,0.03066063447086587
1271599996140261376,negative,0.10169814161434426
1271599996203421696,negative,0.05610309040052827
1271599996429893636,positive,0.8560290592048831
1271599996731826176,positive,0.9615673433593547
1271599997105012736,negative,1.8066554511466122e-05
1271599997247684613,negative,0.030376491298936097
1271599997864337411,negative,0.00011419545028572776
1271599998094974977,negative,0.10968444715585364
1271599998296350726,negative,0.001869287112884431
1271599998321463303,negative,0.008971469791555152
1271599998380265474,negative,0.11719614381592805
1271599999491682310,negative,0.29250997931762135
1271600000221483010,negative,0.0007904662856937187
1271600000636784643,negative,0.05817995923428874
1271600000968114178,negative,0.00019984109669266473
1271600001576288262,neutral,0.46364466503952073
1271600001622441985,negative,0.0002833791535977362
1271600001651793921,negative,0.0002294170597525672
1271600001752412161,negative,0.013215736956266502
1271600002239008774,neutral,0.437369725752128
1271600003501428736,negative,0.0002558508086955222
1271600003581120512,negative,0.03180962742221007
1271600003589582848,negative,0.17065649062357452
1271600003698565127,negative,0.011377594187202546
1271600004084436993,negative,0.0012730642874925404
1271600004088631297,negative,0.16841729920146856
1271600004210319360,negative,4.143742682840951e-05
1271600004814209026,negative,0.0032672419503857455
1271600004881428483,negative,0.021468205824297266
1271600004940083200,negative,0.00016628924848785266
1271600005179011073,negative,0.23699778876372793
1271600005221101574,negative,0.00019984109669266473
1271600005418307584,negative,0.015946341074103896
1271600005456035841,negative,0.00019984109669266473
1271600005883654144,negative,0.019275600566481994
1271600008010379264,negative,0.01655022480749108
1271600008039727109,negative,0.08361733269951543
1271600008182337536,negative,0.19255132344527282
1271600008450715650,negative,0.018358367989957432
1271600008798838785,negative,0.008368545825157262
1271600008907849731,negative,0.023377786953838173
1271600009331519488,negative,0.03180962742221007
1271600009415442432,negative,0.0034351024886796126
1271600009444618240,negative,0.015411969190119088
1271600009755201536,negative,0.0037102536120277117
1271600012066279426,neutral,0.47992950977680293
1271600012343103488,negative,0.0075029004587476985
1271600012632354816,negative,0.24013158605959592
1271600012691152902,negative,0.021094698738163737
1271600013072896008,negative,0.0010544497805837873
1271600014163357698,negative,0.00010015157584620417
1271600014255480832,negative,0.0014534938976559968
1271600014872190982,neutral,0.5611924712938455
1271600015060787202,negative,0.006686634711896575
1271600015329447941,positive,0.7500377016963704
1271600015383736320,negative,0.0762907951563658
1271600016088588289,negative,0.0012227773188880245
1271600016210132992,negative,0.00012079236670010415
1271600016310841344,negative,1.8066554511466122e-05
1271600016868737026,neutral,0.3888964145301077
1271600017103519745,negative,0.1906115863132617
1271600017535574018,negative,0.3000437088963949
1271600017674055681,negative,1.3265246309341191e-05
1271600017703198720,negative,0.04251423792646359
1271600018009608197,neutral,0.3381189830050101
1271600018982666240,negative,0.05020577876357174
1271600019053907970,negative,5.488307459479319e-05
1271600019276132352,negative,6.898181232754515e-05
1271600019561492481,negative,0.06466618758973336
1271600020194721793,negative,0.11572948827861469
1271600020215574530,positive,0.7878984431607639
1271600021155328001,negative,2.000754724223377e-06
1271600021373321216,negative,0.0011908968341850397
1271600021725642753,negative,0.0003442444639700129
1271600022208086016,negative,0.1692134773320145
1271600022467932160,negative,6.623632633944085e-08
1271600022753337345,positive,0.7878984431607639
1271600024548507648,positive,0.7878984431607639
1271600024745586688,negative,0.018251173523423387
1271600025076994048,negative,4.143742682840951e-05
1271600025265737728,negative,0.0005442525700540525
1271600025542500353,neutral,0.36585650684830934
1271600025571860481,neutral,0.4064281066055449
1271600025831985152,negative,0.05058021939075474
1271600026385612802,negative,0.31383492529556056
1271600026406588420,negative,0.15688496657646347
1271600026465243138,negative,0.28112816092110127
1271600026523967490,negative,0.10423818545837245
1271600026918293506,negative,0.030346777880785502
1271600027039924225,negative,0.15641620741532233
1271600027492855808,negative,0.0008947628365021219
1271600027572436994,negative,0.10286096473437507
1271600028885422081,negative,0.00019984109669266473
1271600029954949120,negative,0.0032730786055496963
1271600030005198849,negative,4.143742682840951e-05
1271600030189789185,negative,0.00019984109669266473
1271600030621806597,neutral,0.6594073068999112
1271600030651162625,negative,0.00027382007603041545
1271600030814781440,negative,0.11162762197975168
1271600030969999376,negative,0.011939323911211058
1271600031326515201,negative,2.251453371788248e-07
1271600031401992198,neutral,0.46190020138227444
1271600032895074311,negative,0.15172430354159036
1271600033130074112,negative,7.850540423875295e-12
1271600033457209345,negative,0.0009587700871692808
1271600033700274177,negative,0.01655022480749108
1271600033843068931,neutral,0.3381189830050101
1271600034702929926,neutral,0.35451443008515343
1271600034711252993,negative,0.026400004196187165
1271600035021623297,negative,0.00157921824750368
1271600037089415169,negative,2.5144893589907698e-05
1271600037102080005,positive,0.9831203755972727
1271600037181755393,negative,0.0004025753976441893
1271600037441740802,negative,0.011703220097117726
1271600037550850048,negative,0.00019894404832740268
1271600037668233223,negative,2.683132621137717e-06
1271600037987000322,neutral,0.37137062280538924
1271600038008033280,neutral,0.3381189830050101
1271600038326800384,negative,0.0014534938976559968
1271600038993690626,negative,0.00010482587949708375
1271600039555670018,negative,0.005626392366426678
1271600041208082432,negative,0.08829822812867177
1271600041661267968,negative,0.22861954191474046
1271600041778540545,negative,0.24013158605959592
1271600042172977153,negative,0.0031380462099212607
1271600042315522049,neutral,0.4009380386730206
1271600042407845888,negative,0.0012743794848398225
1271600043133452289,negative,0.16437877331818024
1271600043217354752,negative,0.00016628924848785266
1271600043322114049,negative,0.08523901657993513
1271600043510820864,negative,0.02176437571497342
1271600043619999745,negative,0.001842031509920941
1271600043766583297,negative,0.007896090577936988
1271600045452931073,negative,0.16437877331818024
1271600046438584322,neutral,0.3381189830050101
1271600046602162176,negative,0.11162762197975168
1271600047097028614,negative,0.12239827232910852
1271600047189372929,negative,0.06014692363764993
1271600047600406530,neutral,0.36585650684830934
1271600048405700610,negative,0.0018375631550464277
1271600048489615360,negative,0.14197236713123318
1271600048552501249,neutral,0.37853411055525255
1271600049819090949,negative,0.06842503420026794
1271600050003738624,neutral,0.5666140499822833
1271600050016141312,negative,0.0014534938976559968
1271600050167263234,negative,0.08529662661644008
1271600050871902215,negative,0.12638575508756936
1271600050981011457,negative,0.0002833791535977362
1271600051601788928,negative,5.7076236681801836e-05
1271600051916242947,negative,0.0015026204791493076
1271600052033564674,negative,0.25482484639745506
1271600053921202177,negative,0.09668834973351019
1271600054139334659,negative,0.021468205824297266
1271600054214811648,negative,1.4375928851712901e-05
1271600054692990977,negative,0.004003586129204083
1271600054801924096,negative,0.021443708302736966
1271600055103836161,negative,0.007012448520741336
1271600055829618690,negative,0.00019984109669266473
1271600056274018304,negative,0.002395107361095619
1271600056450404353,negative,0.017062511939916807
1271600056467152896,negative,1.4282680352932503e-05
1271600056576036865,positive,0.9995845597596971
1271600056857231362,negative,0.11162762197975168
1271600056936824832,negative,7.725046249125521e-05
1271600057092014080,positive,0.7878984431607639
1271600057742241796,negative,5.034024515756691e-09
1271600058467844096,negative,0.01754022811652728
1271600058685960193,negative,0.004536900781055251
1271600059193462788,negative,0.016935366244756403
1271600059394785281,negative,0.07038753073446587
1271600059759632384,neutral,0.6298914564730203
1271600059977777152,negative,0.3029968537174699
1271600062167166981,negative,3.759814752818217e-05
1271600062880194565,negative,0.07255799178444283
1271600063060598791,negative,0.002567652557582111
1271600063517769728,neutral,0.4097360213275736
1271600064218255361,neutral,0.3534575539115691
1271600064717295617,negative,0.0011476103271417274
1271600064822218752,negative,0.00019984109669266473
1271600065916829697,neutral,0.49789225920557484
1271600066436964354,negative,0.1268028451552595
1271600066529243138,neutral,0.49789225920557484
1271600066747301889,positive,0.8007266922775306
1271600066952921088,neutral,0.437369725752128
1271600067045187586,negative,0.002886944683696644
1271600067149991936,negative,0.0006528781191144427
1271600068093636609,negative,0.1866935764977223
1271600068643217414,neutral,0.43344590928712023
1271600069171609603,negative,0.08861417597701966
1271600069222060033,negative,0.0007248860944721059
1271600069242949632,positive,0.7882017442862028
1271600070677409795,negative,0.13223660272479967
1271600070832664579,negative,5.460528568002877e-05
1271600071101091840,negative,7.068318948227815e-05
1271600071268696064,negative,1.8066554511466122e-05
1271600071344300033,neutral,0.3381189830050101
1271600071524655105,negative,0.05470356307280094
1271600071620976641,positive,0.7878984431607639
1271600071675609088,negative,0.3040949491800166
1271600071818313734,negative,0.28112816092110127
1271600072296464385,negative,0.00023882966192448517
1271600072418082818,neutral,0.6298914564730203
1271600072493608960,negative,0.3024893967607291
1271600072816541696,negative,0.16841729920146856
1271600073131122688,negative,7.2884477388465e-05
1271600074724966406,negative,0.0013391425022452087
1271600075421233152,negative,0.022086802690597207
1271600075668684809,negative,0.002971334935345824
1271600075802767360,negative,0.1952814587246654
1271600076301926400,negative,4.143742682840951e-05
1271600076423606273,negative,0.09030325140475876
1271600076452962305,negative,0.0035392493212584395
1271600077027631105,negative,0.002886944683696644
1271600077665116162,negative,1.9445035994352234e-10
1271600077971349505,negative,0.02689469579809193
1271600078067810305,negative,0.0003020560475949411
1271600079393226752,positive,0.9852898361833247
1271600079506411520,negative,0.0006172994803138982
1271600079573585920,negative,0.0014849680179610566
1271600080081092608,neutral,0.3381189830050101
1271600080156610562,negative,0.022058529085314017
1271600080391413761,negative,3.749320611604227e-05
1271600081066528769,negative,0.00011571296841476359
1271600082043969536,negative,0.010147272731134666
1271600083079962630,negative,0.0004220143413485146
1271600083163848706,negative,0.0615331638563064
1271600083432243201,negative,0.00016782175917007852
1271600083830636544,negative,0.01655022480749108
1271600084111831040,negative,0.015946341074103896
1271600085026189312,negative,0.26412987327331894
1271600085101617152,negative,0.002418228708076309
1271600085692846080,negative,0.15426889957733209
1271600085923696640,negative,7.287436132029692e-09
1271600086091472896,negative,0.00016628924848785266
1271600087500681220,negative,0.2042517137896546
1271600087806992384,negative,0.013722089811662992
1271600087874011137,negative,7.2884477388465e-05
1271600087928635398,neutral,0.43239902574644784
1271600088092196865,negative,0.01362574866026245
1271600088310321154,negative,1.8066554511466122e-05
1271600089325330432,neutral,0.4507454498615163
1271600089614684161,negative,0.30529207994391294
1271600089946095616,positive,0.7878984431607639
1271600090239680513,negative,0.03840564920058137
1271600092965978112,negative,0.001842031509920941
1271600093486034946,negative,0.007599598437030047
1271600093494480898,negative,0.000250257949253613
1271600093645455360,negative,0.1894815869607847
1271600094362718210,negative,0.19696061213560703
1271600096690548745,negative,0.010147272731134666
1271600096711507968,negative,0.013670573633412467
1271600096795406338,negative,0.046484769731093445
1271600097080627201,negative,0.00023882966192448517
1271600097286074368,negative,0.023377786953838173
1271600097395171328,negative,0.15802579800997316
1271600098074669056,negative,1.1386005893319493e-07
1271600098565402624,negative,0.1318810169026085
1271600098661859330,negative,0.015946341074103896
1271600098712133635,negative,0.03840564920058137
1271600099907579906,negative,0.020234006673554378
1271600099924287490,negative,0.00016628924848785266
1271600099995660288,negative,1.8066554511466122e-05
1271600100100489218,negative,5.071661443719407e-06
1271600100171747332,neutral,0.5734576952979002
1271600100733837313,neutral,0.36793715368924024
1271600100868005888,negative,0.004161944993784668
1271600101216133123,negative,1.4282680352932503e-05
1271600101342023681,positive,0.9801191567011345
1271600101413343232,negative,0.3040949491800166
1271600101744693248,negative,0.2814623313707707
1271600101904039938,negative,0.042367829210030884
1271600104575729667,neutral,0.34117024056417766
1271600104781348866,negative,0.005364431360635184
1271600105653559297,neutral,0.337663993814908
1271600105917988865,negative,0.12227762356369955
1271600105980747777,negative,0.01719004681774222
1271600106093940736,negative,0.0005955793925200283
1271600106471555072,neutral,0.49907803122199745
1271600106928771073,neutral,0.4552809504469654
1271600107222446085,negative,0.005894416270567474
1271600108283576320,negative,0.021836235448687867
1271600108338122752,negative,0.00019984109669266473
1271600108388454400,negative,0.2378411193086786
1271600108719820802,negative,0.0015570496063570223
1271600109512466432,positive,0.7878984431607639
1271600109948735490,negative,0.0034223436176562777
1271600110112321539,neutral,0.346723874072742
1271600110187798528,negative,0.0049024829505844945
1271600110322008068,neutral,0.3847354639503703
1271600110623789057,negative,0.08818161423987897
1271600110829527040,negative,0.00019984109669266473
1271600111274070017,negative,0.002967861328473477
1271600111295107072,negative,0.033270503514182106
1271600111374737413,negative,0.0308730041152256
1271600112494678022,negative,0.005211584107610013
1271600112834359304,negative,0.15174687009076293
1271600113065041921,neutral,0.3308783520706519
1271600113090203648,negative,3.436445371676411e-09
1271600113153126400,positive,0.9653749450597253
1271600113274834944,negative,0.07351486583933815
1271600114340179968,negative,0.1169854991671321
1271600114923188224,negative,0.01655022480749108
1271600114973491200,negative,0.01978380746670155
1271600115136880641,negative,1.1038140644166557e-05
1271600116806438918,negative,7.2884477388465e-05
1271600117099962379,negative,0.039258882631692554
1271600117565571074,negative,4.5148655432607525e-07
1271600117808689153,neutral,0.4673421615500572
1271600118186364930,negative,0.015426430183434202
1271600118832287745,negative,0.29702494492609893
1271600119155212289,negative,0.03678872048345911
1271600119339761666,negative,0.038226815925653024
1271600119360696321,negative,1.56260701404286e-05
1271600120891654144,negative,0.0016737896560586971
1271600120992317442,negative,2.5144893589907698e-05
1271600121524994053,negative,0.0006135322415782242
1271600121822818304,negative,0.02978956789286822
1271600121839575040,neutral,0.36585650684830934
1271600122271539205,positive,0.951512725752066
1271600122535780353,positive,0.7314102226456616
1271600123139817474,negative,0.21209599846615054
1271600123252965376,negative,0.0007904662856937187
1271600123353739266,negative,0.00016628924848785266
1271600123357913088,negative,0.19615375075358898
1271600123433365506,neutral,0.34117024056417766
1271600124238663680,positive,0.9350127696693753
1271600125169872898,neutral,0.4188643119456264
1271600126008664064,neutral,0.36434125657219296
1271600126277148672,negative,0.28112816092110127
1271600126419709952,neutral,0.33758533303423804
1271600126486704130,neutral,0.4399597727586978
1271600126608445441,negative,0.08322768738511874
1271600127984250881,negative,0.0027150223866055138
1271600127988432896,negative,3.262796994869556e-05
1271600129317974022,negative,0.021468205824297266
1271600129703727106,positive,0.7878984431607639
1271600130077134849,neutral,0.5130605840822943
1271600130269970434,negative,0.0011476103271417274
1271600130479796224,negative,0.0007964386099388562
1271600130739834881,negative,0.00013756136479610277
1271600132337700869,negative,0.016414261768289577
1271600133768196097,negative,0.046484769731093445
1271600134351134721,neutral,0.35451443008515343
1271600134846119939,negative,3.4756179013684414e-05
1271600134984552450,neutral,0.35647333468811593
1271600135114539009,negative,2.6883245087180605e-05
1271600135156498432,negative,0.03962647797229165
1271600135450112002,negative,0.027532586259180133
1271600135496101888,negative,1.67824124727267e-05
1271600135525601281,negative,1.5899861944108543e-08
1271600136112803840,neutral,0.353536436782937
1271600136381239298,neutral,0.35122404154036735
1271600138239254529,neutral,0.5645013849938622
1271600138411180033,negative,0.09901705703503477
1271600138411261952,negative,0.24942684410541588
1271600138709086208,negative,0.0025127489075120048
1271600138977452032,neutral,0.3381189830050101
1271600139350822917,negative,0.0014756080421756846
1271600139937951746,negative,5.741040106716967e-11
1271600140122546179,negative,0.0010643594707194018
1271600140348829696,negative,0.0006954389386675658
1271600140445417474,neutral,0.3381189830050101
1271600140474822656,negative,0.00019984109669266473
1271600141829464065,negative,0.0003503915022231604
1271600141883957249,negative,0.07409339196324671
1271600141947019266,negative,0.08623761248254022
1271600142072807424,neutral,0.6046767845999406
1271600142131625984,negative,0.03416143747831388
1271600142488154119,neutral,0.49789225920557484
1271600142739800064,negative,3.262796994869556e-05
1271600143532527623,negative,0.238427545908539
1271600143922577408,neutral,0.36585650684830934
1271600146330025984,negative,0.005894416270567474
1271600146506223619,negative,0.0006663568518520395
1271600146871054337,negative,0.0029222022920998556
1271600146984435713,negative,0.03772461755890129
1271600147802316800,neutral,0.3847354639503703
1271600148448186368,neutral,0.611484118974658
1271600148460822528,negative,0.19552563706121598
1271600150515875842,negative,0.0005330289711396502
1271600151224877058,negative,0.001583836671928133
1271600151820472323,negative,0.08775215154031346
1271600151853887488,negative,0.02726162813814235
1271600152264929281,negative,0.0002558508086955222
1271600152567074817,negative,0.0016754322975082508
1271600153414324230,negative,0.1735162678381825
1271600154597117953,negative,0.05368241837099004
1271600154760695808,negative,0.13666746933319543
1271600154819387398,negative,0.018119101046426365
1271600154987188225,neutral,0.43514570176353146
1271600155041677318,negative,0.051396575505471574
1271600155075252224,negative,0.0074669692566692
1271600155368796164,negative,0.06756897342989703
1271600155964452865,negative,0.12062958848350902
1271600156266369024,negative,0.010147272731134666
1271600156279005186,negative,0.0005358077387413497
1271600156648050695,negative,0.0003442444639700129
1271600159173025794,negative,3.759814752818217e-05
1271600159483363328,neutral,0.34373392683122533
1271600160179720193,negative,0.03840564920058137
1271600161026949122,negative,0.002418228708076309
1271600161207115776,negative,8.815334745178492e-05
1271600161236664327,neutral,0.3381189830050101
1271600161429565443,negative,0.0006231497894395036
1271600161463074817,negative,1.4282680352932503e-05
1271600161609994243,negative,1.7999779550730236e-08
1271600162872451073,negative,6.4675117100569094e-06
1271600163744813056,negative,1.8066554511466122e-05
1271600163954425856,negative,0.00021323646588724418
1271600163996327937,negative,0.032884624227359084
1271600164017504256,negative,0.0005703483552045097
1271600164130689025,negative,0.0005358077387413497
1271600165024075777,negative,0.32802131082856856
1271600165053509633,neutral,0.41661895030617113
1271600165804077056,negative,0.2757635455463922
1271600167310032897,negative,1.4367909500438071e-05
1271600167888846849,negative,0.002395107361095619
1271600168132063233,negative,1.8066554511466122e-05
1271600168199225346,neutral,0.39439463283712184
1271600168744497152,negative,0.08330060649973926
1271600169105096704,negative,0.002242450579647492
1271600169352650753,negative,0.2787748099827375
1271600169730011137,negative,6.898181232754515e-05
1271600170300354561,negative,1.8066554511466122e-05
1271600170774470656,neutral,0.48444763739718044
1271600171525210112,neutral,0.541837035795143
1271600171642740736,negative,0.005894416270567474
1271600171969896450,negative,0.028431595891872056
1271600172057985024,neutral,0.5463579770718612
1271600172980752384,negative,0.02969358716394983
1271600173525938178,positive,0.7878984431607639
1271600174088032256,neutral,0.34117024056417766
1271600174222065665,negative,0.03695208748753567
1271600175354646533,negative,0.0005098700610295081
1271600175434264576,negative,0.011144144601836133
1271600176826908673,neutral,0.6036802031617744
1271600177456058369,neutral,0.4786607135820931
1271600178093490177,negative,3.4756179013684414e-05
1271600179800494081,neutral,0.5674932451720763
1271600179888586752,neutral,0.5674932451720763
1271600180140392448,negative,8.653252905711976e-06
1271600180614385666,negative,0.0909509947015596
1271600180765306895,negative,0.0029603755942041385
1271600181415481345,negative,0.3040949491800166
1271600181570658309,negative,4.271126701192268e-07
1271600181574803458,negative,3.7698203701367254e-05
1271600181650259968,negative,0.0005351132759893319
1271600182145306625,negative,0.010147272731134666
1271600183177089024,negative,0.014526732885400169
1271600184259227648,negative,0.16818843477961168
1271600184829624320,negative,0.018059256307561434
1271600185416855553,negative,0.017374911179536583
1271600185915764737,negative,0.28112816092110127
1271600186624786433,negative,1.9007496617215074e-09
1271600188549890049,negative,0.08443717298689003
1271600189237858304,negative,4.718250737725355e-05
1271600189883768832,positive,0.840765347736127
1271600190257012736,negative,0.005894416270567474
1271600192333193217,neutral,0.49789225920557484
1271600192886693888,negative,3.9223293373495635e-08
1271600193318744065,negative,0.07403352982030903
1271600193465696256,negative,0.00023210368265778503
1271600193495011329,negative,0.1612189036968002
1271600193721360384,negative,0.02978956789286822
1271600194229080064,negative,1.7420822590254172e-05
1271600194283503621,negative,0.2931447647600165
1271600194417831938,negative,0.041894793809486804
1271600194480726017,negative,0.060490407011491755
1271600196833751041,negative,0.12227762356369955
1271600196984733696,negative,5.854072219382756e-08
1271600197282529282,negative,0.001842031509920941
1271600197467021312,negative,0.049211293752046484
1271600197886509057,negative,0.03528776649366452
1271600198243045377,negative,1.8066554511466122e-05
1271600198393962496,negative,0.25957116564489907
1271600198461071362,negative,0.00029729788915849783
1271600198842830850,negative,0.024864435263177366
1271600201225113601,negative,0.004202944138452892
1271600201594286080,negative,0.09632583051309793
1271600201762045952,negative,0.03180962742221007
1271600202135285760,negative,0.00012358293547957858
1271600202563096576,negative,0.009372305320532348
1271600202672152576,negative,7.730518905627762e-07
1271600202990981120,negative,0.1853447716208767
1271600203469131776,negative,0.12082734449828159
1271600205012574208,negative,1.8066554511466122e-05
1271600206342225921,negative,0.000132376457949845
1271600206816194560,negative,0.015577189604151682
1271600206849675264,negative,0.12003509490238082
1271600207235555329,negative,0.32637223140712546
1271600207835299845,negative,1.2215989155766135e-06
1271600207835344896,negative,0.000589657979535255
1271600209001435139,negative,0.033163625454333524
1271600209307537408,neutral,0.3381189830050101
1271600209823498241,negative,0.00463335343448798
1271600210028965889,negative,0.02006676452707925
1271600210997846016,negative,0.0074669692566692
1271600211119439872,neutral,0.6298914564730203
1271600211132063746,negative,0.0003210459615842927
1271600213417963522,negative,0.02187256854750729
1271600213426417669,neutral,0.3381189830050101
1271600213531262976,negative,1.8066554511466122e-05
1271600214177185798,negative,1.4282680352932503e-05
1271600214323978240,negative,0.007816173043045015
1271600214432985089,negative,0.09658838931814522
1271600214885961735,negative,0.10635776358571143
1271600214915403776,negative,0.045651999727485404
1271600215582261250,negative,0.07330960954207581
1271600215691321344,negative,0.02184521887723198
1271600216144306176,negative,1.8066554511466122e-05
1271600217595490305,negative,6.898181232754515e-05
1271600217616461826,negative,0.001034870740688272
1271600217654165504,negative,0.04928535712905778
1271600217973030914,negative,0.036218958597575464
1271600218077908993,negative,0.024222501888522735
1271600218128162817,negative,0.3029968537174699
1271600218170183687,negative,0.012915836153808978
1271600218379882496,positive,0.9165188514693049
1271600218795061249,negative,0.000544070197317933
1271600219025784833,negative,0.09212574455100801
1271600219285860353,neutral,0.3385252644667176
1271600219436855296,negative,0.001278503335434978
1271600219541704707,negative,0.28112816092110127
1271600220254670848,negative,0.023851596854133114
1271600221542375432,negative,0.08367560725821387
1271600221672398849,negative,0.013555530184371847
1271600222188310536,neutral,0.4995984121337905
1271600222624456715,negative,0.09387476832488258
1271600224801304576,negative,0.0023873514811361004
1271600225011077120,negative,1.8066554511466122e-05
1271600225740824576,negative,0.016323603901604332
1271600226638364678,neutral,0.437369725752128
1271600226663632900,negative,0.13790693520282393
1271600227619950599,negative,0.001842031509920941
1271600228173598721,negative,0.008590396519905641
1271600228282613760,neutral,0.3381189830050101
1271600229557522433,negative,0.0011447775578196605
1271600230161670145,negative,0.007012448520741336
1271600230383808522,negative,0.0006018679628487836
1271600230706884608,negative,0.06411143961752137
1271600231340077056,negative,0.2872448809192512
1271600231650668544,negative,0.0014534938976559968
1271600232023851016,negative,0.00019984109669266473
1271600232539860992,negative,0.0007761737142155309
1271600234318217216,negative,0.005014943087364652
1271600234943127557,neutral,0.46127768308170247
1271600235400364033,positive,0.6759791884546523
1271600235656118273,negative,0.004200242610828894
1271600236306354180,negative,0.005442591338877343
1271600236327325697,negative,0.0048031083353694045
1271600236834820097,negative,0.03002850738116171
1271600236859809792,negative,0.1512214947027693
1271600237325570049,negative,0.00023882966192448517
1271600239212888065,negative,9.729211208717466e-07
1271600239422476289,negative,0.0006231497894395036
1271600239602831360,negative,0.007012448520741336
1271600240387334145,negative,0.18559197711064812
1271600241444302848,neutral,0.3609038703134684
1271600241528184832,negative,0.04118516522688041
1271600241956044800,neutral,0.3381189830050101
1271600242081689600,negative,0.00011559616770533228
1271600242589405184,neutral,0.3850948772444006
1271600243218448385,negative,0.09202945664458874
1271600243222679552,negative,0.08278592923710822
1271600243671535617,neutral,0.437369725752128
1271600244267069440,negative,0.00174812024433325
1271600244447379456,negative,1.3246117043244962e-05
1271600244455870464,negative,0.26982158164921133
1271600246817206272,negative,0.0008132956777704911
1271600246838235137,neutral,0.5629269209659342
1271600247161192448,neutral,0.437369725752128
1271600247492542469,negative,0.04152518570936952
1271600248641720321,neutral,0.5154390501629182
1271600249430315010,negative,0.030490556140116767
1271600249564520449,negative,3.491398639487401e-07
1271600249816186881,negative,0.07802105340640744
1271600249874808833,negative,0.015868771750180834
1271600250944393216,negative,0.00022914088582834575
1271600251082850306,negative,0.01898114126559067
1271600251393187840,negative,0.001132178626346444
1271600251569410050,negative,0.012676502386934916
1271600251590381568,neutral,0.3725458233667465
1271600251871342592,negative,0.0005330289711396502
1271600251955265538,negative,0.0015425978250262452
1271600251955265541,negative,4.5139533112853945e-11
1271600252131454976,neutral,0.5964633900260566
1271600252844412928,positive,0.7792646322404597
1271600253091733505,negative,0.11643356736193854
1271600253196738560,negative,0.09013657050363925
1271600253465251840,negative,0.017998996199260105
1271600253876174848,negative,0.046484769731093445
1271600255096643584,neutral,0.37623152807160404
1271600255474241536,negative,0.3040949491800166
1271600255918903296,neutral,0.4673421615500572
1271600255998533632,negative,0.025986013737638435
1271600256459866115,negative,0.01298509591667729
1271600256761901059,negative,0.00012358293547957858
1271600257227522049,negative,0.28689202034227634
1271600257265254401,neutral,0.4670100671583925
1271600259471273984,negative,0.00048559593649531447
1271600259584724992,neutral,0.3381189830050101
1271600260348096513,negative,0.004764885744812812
1271600260587151363,negative,6.947181868133096e-09
1271600261895766020,negative,0.28942909895720287
1271600262327779328,negative,0.002967861328473477
1271600263824961536,negative,5.455010157438289e-05
1271600264043257856,negative,0.01879425341181135
1271600264542388224,negative,2.9131579884059085e-16
1271600265343520768,negative,0.05694114302368464
1271600265578385408,negative,0.0003532186479557807
1271600265620324352,negative,0.1268028451552595
1271600265981054976,neutral,0.49789225920557484
1271600267356778497,negative,0.012938571666340555
1271600268602474496,negative,5.268463864852023e-05
1271600269181280256,negative,2.2341924829761687e-05
1271600269458132993,negative,0.0005358077387413497
1271600272117284865,neutral,0.49789225920557484
1271600273908273152,negative,0.15978797413628154
1271600276781309952,negative,0.08794452901249411
1271600280279429123,positive,0.9974435267755617
1271600280505909249,negative,7.131029668819823e-05
1271600280577232909,negative,0.00174812024433325
1271600282389053441,neutral,0.45108090672135615
1271600284758880256,negative,1.4220750296783666e-05
1271600284909940737,neutral,0.4670100671583925
1271600285501317121,negative,0.006339766947095201
1271600285983444992,negative,0.014505710490460564
1271600289104068609,neutral,0.4031249397928232
1271600289204916225,negative,1.3540025780248112e-07
1271600289385263107,neutral,0.553802389001294
1271600290152828928,positive,0.9945394003258434
1271600291004272645,negative,0.0011324348605721902
1271600293978025984,negative,0.006153184015135794
1271600294217027586,neutral,0.437369725752128
1271600294317690881,neutral,0.37789045614278055
1271600294527295490,negative,0.013344016702077495
1271600297362755585,negative,0.06014692363764993
1271600298222587904,neutral,0.3381189830050101
1271600298491105285,neutral,0.3381189830050101
1271600298587566080,neutral,0.34533447752142954
1271600298872786944,negative,0.002137147636896495
1271600299380269061,negative,0.07811074648919265
1271600301208993792,negative,0.2942382983542949
1271600301217320960,negative,0.1398154997530414
1271600301527707648,neutral,0.6234049249685203
1271600301586423809,positive,0.6759791884546523
1271600301938806787,negative,0.13085061686186283
1271600303167635457,negative,0.26656221898795057
1271600303196995584,negative,0.005364431360635184
1271600305650761728,negative,0.004902285523916794
1271600308003786753,negative,0.06669142154511797
1271600308867735557,negative,0.10062534614280487
1271600310444797954,negative,0.0011017423176791223
1271600311912869889,negative,0.0002558508086955222
1271600311967322114,negative,0.027072058728918633
1271600314223919104,negative,0.15188551927527152
1271600314345553920,negative,0.07811074648919265
1271600314689507328,negative,0.2824876424311173
1271600316170014721,negative,0.11338245739417602
1271600317818449920,negative,2.69301000729116e-06
1271600318103662594,negative,0.07811074648919265
1271600319638765568,negative,0.023758272987789788
1271600320355786753,negative,0.08002465081650481
1271600320431489029,neutral,0.49789225920557484
1271600320452362240,negative,0.005894416270567474
1271600320670576644,negative,0.0001584975026227156
1271600321064828928,negative,0.012676502386934916
1271600323166167040,negative,0.0002558508086955222
1271600323375792130,negative,0.18108766465601922
1271600323719761925,neutral,0.437369725752128
1271600324919414792,negative,3.9712642959673384e-07
1271600326697721857,negative,0.0049024829505844945
1271600328673300483,negative,0.002242760137522403
1271600329348517888,negative,0.32637223140712546
1271600329885433857,negative,0.0016115305386467257
1271600331164532736,negative,0.1331100266750741
1271600331722555393,negative,0.142041398655004
1271600331949031426,positive,0.7878984431607639
1271600332288778240,neutral,0.56806031309156
1271600332926263297,neutral,0.3526434678804405
1271600333236699136,neutral,0.437369725752128
1271600334947958789,negative,0.2824876424311173
1271600335144943616,negative,0.006789591925591665
1271600335665201155,negative,0.00011341912160628809
1271600335946121217,negative,0.005894416270567474
1271600336856326146,negative,0.28112816092110127
1271600337720311817,negative,0.0002657416819317018
1271600337942646784,negative,0.04283844340723604
1271600339184160770,negative,0.03180962742221007
1271600339528138752,negative,0.0015198138629097578
1271600340060626944,negative,0.007032605876039598
1271600340731924480,negative,1.7420822590254172e-05
1271600342447394816,negative,8.887355458009728e-10
1271600342979932160,neutral,0.41661895030617113
1271600344137687042,neutral,0.4513605618894927
1271600346503266307,negative,0.07594647552978565
1271600347522498560,negative,0.00010409482156472062
1271600347891597317,negative,7.440437759663381e-05
1271600350261391360,neutral,0.3381189830050101
1271600351578337281,negative,0.00488517799892848
1271600352547266565,negative,0.19452413315037279
1271600353927147522,negative,0.04207650126545378
1271600354212417536,negative,0.0049024829505844945
1271600355739004928,negative,0.045456148654141694
1271600355802001408,negative,0.014526732885400169
1271600356150181888,negative,0.10326445295892163
1271600356712218624,negative,0.010147272731134666
1271600357295173639,negative,0.00010388548092725594
1271600358469636096,negative,1.8066554511466122e-05
1271600360235380739,negative,0.052666275785422836
1271600360415780864,negative,0.04251423792646359
1271600361107795969,positive,0.7878984431607639
1271600361267175425,negative,0.0011324348605721902
1271600361317466115,negative,0.013583473503912083
1271600361640529921,negative,0.0005199757530542032
1271600362294841347,negative,0.001842031509920941
1271600364555587584,negative,0.01879425341181135
1271600364840599552,negative,0.06551243654564594
1271600365054689282,negative,0.3040949491800166
1271600365948059651,negative,0.005333720814183585
1271600365977374720,negative,0.00019984109669266473
1271600366187098112,negative,0.000912239688992045
1271600368582090752,negative,0.005894416270567474
1271600368812732416,neutral,0.5130605840822943
1271600369374822401,negative,9.792066310055703e-05
1271600369848799232,negative,1.8066554511466122e-05
1271600370100338689,neutral,0.39439463283712184
1271600370146586626,neutral,0.6582643402168333
1271600370880577536,negative,0.0002558508086955222
1271600371044102146,negative,1.8066554511466122e-05
1271600372809977857,negative,0.009679320047447607
1271600372923068417,negative,0.001842031509920941
1271600373766250503,negative,0.16761663293676626
1271600373896273933,neutral,0.3381189830050101
1271600373988556800,negative,0.15978797413628154
1271600374034714625,negative,0.25947272540011757
1271600374063882241,negative,0.3120356863614379
1271600374416314368,neutral,0.4831294931072111
1271600374588162048,negative,0.013928116830504423
1271600374965813248,negative,0.012676502386934916
1271600375511027712,negative,0.0008016680207736192
1271600377159442433,negative,0.0005351132759893319
1271600378019266565,neutral,0.4175949728709486
1271600378027491328,negative,0.0018621124932638846
1271600378568736768,negative,0.02302233373853706
1271600378702790656,negative,0.17780161620890791
1271600379172655107,negative,0.09901705703503477
1271600379315322880,negative,0.032326456834016526
1271600379390758918,negative,5.149654916088031e-06
1271600381387091968,neutral,0.34546092169515824
1271600381391331329,neutral,0.3499352441185855
1271600381718671361,negative,0.0007969433097646404
1271600382536568833,negative,0.007012448520741336
1271600382750404609,negative,0.03115782779690509
1271600383530590209,negative,0.00019939660060795423
1271600385501863937,negative,0.005477316271386722
1271600385657114624,negative,0.12073936869769193
1271600386315636740,neutral,0.46127768308170247
1271600386378530816,negative,0.00646652069413859
1271600386554695680,negative,0.3040949491800166
1271600386651164675,negative,0.0005351132759893319
1271600386877448192,negative,0.015078372289820072
1271600388517629952,negative,9.433741124872865e-08
1271600390329569286,negative,0.00010015157584620417
1271600390388305922,neutral,0.3726847435457324
1271600390790942720,neutral,0.5684752279504157
1271600391097126912,negative,0.001993324911613161
1271600391164235777,negative,0.31793229079579644
1271600391231344640,negative,0.03493166466268914
1271600393806626818,negative,0.12653818509148596
1271600394033074176,negative,0.021596762611550118
1271600394792308740,neutral,0.41631297305422466
1271600395115094017,negative,0.0034898913847700107
1271600395232706562,negative,0.2013198904030459
1271600395371102208,negative,0.31603026250654725
1271600395975041024,negative,0.02341292172742968
1271600398101549056,negative,0.014386153794876884
1271600398193905665,negative,0.1842589795015692
1271600398294540288,negative,0.00010547948844938425
1271600398642659331,negative,0.2286913176916508
1271600398646890496,positive,0.7842586057601225
1271600400072945664,negative,6.377876364967577e-05
1271600400085458945,neutral,0.47582134085248684
1271600400760745984,negative,0.007954934633077601
1271600401129881600,negative,5.500066588062747e-07
1271600401259868162,negative,0.02734764205970332
1271600401381388288,negative,0.0002558508086955222
1271600402094530565,negative,0.0511723333881059
1271600402480476160,negative,1.800421037058757e-05
1271600402560094208,negative,0.1628976482749928
1271600402924883968,neutral,0.48187627129479954
1271600403184889856,negative,0.24190043021159235
1271600403252039680,negative,0.001518733939398667
1271600403285671936,neutral,0.34117024056417766
1271600403633909760,negative,0.001842031509920941
1271600403688427522,negative,5.594148198836902e-06
1271600403998801920,negative,0.02474038220294332
1271600404267073536,negative,0.03493166466268914
1271600404409671680,negative,4.633961229564071e-05
1271600404682309632,negative,0.0005330289711396502
1271600405030604807,negative,0.024864435263177366
1271600405508771841,negative,0.16098066602929328
1271600407161307136,neutral,0.4526782771247425
1271600407316516864,negative,0.0022480160405335303
1271600408201506816,negative,0.01298509591667729
1271600408243449858,negative,0.010961999482857513
1271600409233235969,negative,0.08278592923710822
1271600411296722944,negative,0.1705922914899837
1271600412416790529,neutral,0.3381189830050101
1271600415927234561,positive,0.7878984431607639
1271600417181364224,negative,0.000494881177633266
1271600418838188034,negative,0.13912907829249654
1271600419228303360,negative,0.05838581172579735
1271600419781951488,negative,0.2824876424311173
1271600420251742208,negative,0.08611738883313808
1271600420499214337,negative,0.0005000728954740911
1271600420847304713,negative,1.3420197374172079e-05
1271600422596337665,neutral,0.49789225920557484
1271600423502315531,negative,0.037733719800353935
1271600423980412929,negative,0.002967861328473477
1271600424269856768,negative,0.012676502386934916
1271600424903213063,negative,0.03873871747849495
1271600427231072257,neutral,0.6099730960493743
1271600428074127360,negative,0.022239639193932088
1271600429080682497,negative,1.8066554511466122e-05
1271600432746553344,negative,0.000192964947619275
1271600433417592839,neutral,0.4147342023902695
1271600433631502337,negative,0.006266999912702252
1271600434126508035,negative,0.005894416270567474
1271600435657392130,neutral,0.3381189830050101
1271600436760494080,neutral,0.437369725752128
1271600440333893632,negative,0.027306211591214814
1271600441223233537,negative,0.2378411193086786
1271600441571315712,negative,1.5614986059785385e-07
1271600441646813189,neutral,0.3381189830050101
1271600442330537984,negative,0.0015452566533909948
1271600443974725632,negative,0.00026891859107554424
1271600444473737216,negative,0.1536586325299259
1271600445715333126,negative,0.012447427632221408
1271600446159847424,positive,0.9769486047536281
1271600449112682498,negative,0.017901374737250977
1271600449976766468,negative,8.636426718173315e-05
1271600450106609664,neutral,0.34546092169515824
1271600450459099140,neutral,0.60143295910391
1271600452354834432,negative,0.0019702562773176975
1271600453290201099,negative,0.041894793809486804
1271600454053572608,negative,9.527035259136381e-05
1271600454779232261,neutral,0.37137062280538924
1271600454796029954,negative,0.002418228708076309
1271600454930247687,neutral,0.3381189830050101
1271600455047680003,negative,0.0005284549120824336
1271600455102148611,negative,0.005894416270567474
1271600457971048448,negative,0.00031004621056320524
1271600459074228225,positive,0.7878984431607639
1271600460940664834,negative,0.016685949385894808
1271600461183717377,negative,8.533047907544956e-05
1271600461955596288,neutral,0.3381189830050101
1271600462609944578,negative,0.0004485378155432695
1271600462840684544,positive,0.8301202352197115
1271600465860538369,negative,0.05817995923428874
1271600469870174208,negative,0.0019049449200032925
1271600469874540544,negative,1.1144967635822286e-07
1271600471514456067,negative,0.027994019961084117
1271600471648735232,negative,0.0049024829505844945
1271600473242566659,negative,0.038226815925653024
1271600473586491392,negative,0.31112750843044895
1271600474467250176,neutral,0.49789225920557484
1271600474886680579,negative,0.05294042651287497
1271600477394874369,negative,0.15109238146263732
1271600478556651520,neutral,0.6363930474244535
1271600478636433408,neutral,0.37137062280538924
1271600478955192320,negative,0.0015026204791493076
1271600479408140289,negative,0.000188355330776431
1271600481945686018,neutral,0.37137062280538924
1271600482323181568,negative,0.0016704401101283307
1271600482994143235,negative,1.8066554511466122e-05
1271600483354935296,negative,0.022239639193932088
1271600483422142465,negative,0.00034868078860480025
1271600483619217409,negative,7.34085919362028e-06
1271600485783556096,positive,0.7512095065712907
1271600486211346432,negative,0.07481806293871453
1271600486521671681,negative,0.00018262547866337343
1271600487096356865,negative,0.12339216808985286
1271600487360540674,neutral,0.3381189830050101
1271600490413989890,negative,0.04031304755783594
1271600490489344000,negative,0.012017192431571493
1271600490695057415,negative,0.007032605876039598
1271600490984456193,negative,0.06063088342233169
1271600491206770688,negative,0.006420051989284312
1271600495052894209,negative,0.013265831157646643
1271600495409410048,negative,0.00019984109669266473
1271600498416680960,negative,0.012676502386934916
1271600498521583616,negative,0.007954934633077601
1271600500459307008,negative,0.015465808328844952
1271600500941688834,neutral,0.3725458233667465
1271600503605133314,neutral,0.34546092169515824
1271600504607555584,negative,0.31203223204594543
1271600504846659584,positive,0.7537496968136259
1271600506755076099,negative,1.8066554511466122e-05
1271600507006717952,negative,1.8066554511466122e-05
1271600507040260098,neutral,0.39439463283712184
1271600507405119488,neutral,0.49789225920557484
1271600507841363969,negative,0.005735445937431668
1271600508017541121,negative,0.025986013737638435
1271600508021567488,negative,7.222155309576569e-05
1271600508181131267,negative,0.016685949385894808
1271600508399206401,negative,0.06682753912555767
1271600508688449536,negative,0.027306211591214814
1271600509082886144,negative,0.1154759273975014
1271600509477097474,neutral,0.6395261319482123
1271600511834378240,negative,0.005894416270567474
1271600513730121730,negative,0.0007123492326051376
1271600515168833536,neutral,0.49789225920557484
1271600516766863368,neutral,0.4482813438141666
1271600517546991616,negative,0.0005642948923023303
1271600518079496192,negative,0.038226815925653024
1271600519933505539,negative,0.007599598437030047
1271600520952610817,negative,0.0047137102469299585
1271600521640542208,negative,0.20318224841160543
1271600521695150080,negative,0.016223114370547183
1271600521711964162,negative,0.021468205824297266
1271600521732919298,negative,0.06158302712649781
1271600522097823745,negative,0.08343887924363161
1271600525612658694,negative,0.04540932891200433
1271600525801394178,neutral,0.41661895030617113
1271600526166294528,negative,0.03175663667155095
1271600528146006016,negative,0.00035625677862029427
1271600528183537666,negative,0.2288831687742195
1271600528804458496,negative,0.025986013737638435
1271600528867291136,negative,0.0049024829505844945
1271600529227919361,negative,0.011703220097117726
1271600529785802753,neutral,0.49789225920557484
1271600529945305093,negative,0.0015965888759310145
1271600531908235270,negative,0.04530943954868701
1271600532264759297,negative,4.015180422758175e-11
1271600532508024832,neutral,0.5296560394439433
1271600533200146432,negative,0.006184861924883278
1271600536609943554,negative,0.009913109438767385
1271600537990057990,negative,0.027306211591214814
1271600541802659847,negative,0.12171737882628544
1271600542113021952,negative,0.00020736692190768076
1271600542540693505,negative,0.03899986194188581
1271600542691852290,neutral,0.5503614595871701
1271600542696038402,negative,0.00600742399728498
1271600543287463937,negative,0.03180962742221007
1271600543358746625,negative,0.22495224425079308
1271600544747053056,negative,2.173832976097329e-05
1271600544822497280,negative,0.24350207569331334
1271600545736937475,negative,0.05407524571388609
1271600545757872128,negative,0.0001933554462516656
1271600545770409985,negative,0.06690195491908124
1271600546613469184,negative,0.06330893671289356
1271600549377519625,negative,0.01410372560482181
1271600549901844480,positive,0.6812882083553091
1271600550077923339,negative,0.01180321167277699
1271600550451138560,negative,0.0007124663635936876
1271600550585532417,negative,0.18655235329733938
1271600550862340097,neutral,0.3381189830050101
1271600553735438339,negative,3.802086388307244e-06
1271600554100154368,neutral,0.45343689499605994
1271600554620354561,negative,0.3045048828721179
1271600557464190977,negative,0.009547570844909866
1271600559628472327,negative,6.547150004312279e-07
1271600561373224960,negative,1.9565718695786653e-06
1271600561616494593,neutral,0.5533970533999424
1271600561809428482,negative,0.00011341912160628809
1271600562098917376,negative,1.5936469852570445e-07
1271600562384052224,negative,1.8066554511466122e-05
1271600563428327424,neutral,0.35210471724887477
1271600563428495365,negative,0.00010338679440685032
1271600563730423809,negative,0.013215736956266502
1271600564997103616,negative,7.34085919362028e-06
1271600565236219904,neutral,0.33758533303423804
1271600565596958728,negative,1.5440048244503262e-06
1271600565806456835,negative,0.06331706242844251
1271600565835849730,negative,0.019496519545369805
1271600565915656192,negative,9.433741124872865e-08
1271600565982597120,positive,0.8007266922775306
1271600566171557890,neutral,0.6298914564730203
1271600566259638273,negative,0.0019003617336981265
1271600566335143936,negative,0.22751162204829262
1271600566532177921,negative,0.009037409280744774
1271600566582620166,negative,0.03840564920058137
1271600566750400517,negative,0.0005000728954740911
1271600567148781568,negative,0.19502423039687414
1271600567324991488,negative,0.08818161423987897
1271600567974981632,negative,0.049625321015014164
1271600568008609792,negative,0.2443779802559405
1271600568524562432,negative,0.01879425341181135
1271600569954766850,negative,0.0907785660506681
1271600570076463104,negative,0.0025939246572181
1271600571288555521,negative,0.02259089288348126
1271600571640930304,negative,1.4207994611248564e-05
1271600571833876483,neutral,0.437369725752128
1271600572404322306,neutral,0.35451443008515343
1271600572701917185,negative,0.0007688332888385342
1271600572970516485,negative,0.01719004681774222
1271600574094508032,negative,0.005565348087501368
1271600574321045507,negative,0.00899129700807622
1271600574547595266,negative,0.13971399525614192
1271600575319285761,negative,0.003929537387220779
1271600575650713600,negative,0.3297583248428969
1271600575717793801,negative,6.547150004312279e-07
1271600575738675202,negative,0.03840564920058137
1271600576556564485,neutral,0.4156734508342319
1271600576816693255,neutral,0.49789225920557484
1271600577022214147,negative,0.00899129700807622
1271600578146287616,neutral,0.5755436691302463
1271600578502811648,negative,0.007816173043045015
1271600578729332736,negative,0.0001693097001887242
1271600579366789121,negative,0.000436943744743352
1271600579454873606,negative,1.4282680352932503e-05
1271600580218310656,negative,0.04692282387135488
1271600580981600258,negative,0.24032085334709008
1271600582629916672,negative,0.0002657416819317018
1271600583024283650,negative,2.2858124278971453e-05
1271600583301124097,negative,0.0011324348605721902
1271600583577792512,negative,0.1743374495766992
1271600584005730307,negative,0.026400004196187165
1271600585020768261,negative,0.021468205824297266
1271600585146589184,negative,0.15204101178962687
1271600585180135424,negative,0.012736355544591486
1271600585435951104,negative,3.759814752818217e-05
1271600586606235648,negative,0.05909488874382952
1271600586690105344,neutral,0.4814216422911448
1271600587126255617,negative,3.6826143228758263e-06
1271600587461791744,negative,0.001785576805624017
1271600587474436096,negative,0.06756897342989703
1271600587524706305,neutral,0.613436439789702
1271600588288114691,neutral,0.37137062280538924
1271600588573343744,negative,0.15426889957733209
1271600588921470976,negative,1.8066554511466122e-05
1271600589189898240,neutral,0.3381189830050101
1271600589496033282,neutral,0.49789225920557484
1271600589621919746,negative,0.1853447716208767
1271600590708244481,negative,0.008256923818815464
1271600590867628032,negative,0.05808372545712078
1271600591282802689,negative,0.0002833791535977362
1271600591958130688,negative,4.106852979607869e-09
1271600591962345473,neutral,0.48438543241577153
1271600592172048385,negative,0.038621974300584894
1271600592201318406,negative,0.32637223140712546
1271600595523207169,negative,6.0391010930021074e-05
1271600596341194752,negative,0.26681425345662235
1271600598153072640,negative,0.3047417248466973
1271600598199263234,neutral,0.4673421615500572
1271600598329233410,negative,0.0001372991342027409
1271600598601863169,positive,0.7878984431607639
1271600598836817921,negative,0.00023882966192448517
1271600600699088899,negative,0.04941055740363159
1271600602267738112,neutral,0.437369725752128
1271600602305478656,negative,0.13175300248253155
1271600603244965888,negative,0.08322768738511874
1271600603261808642,negative,0.0006018679628487836
1271600603366600706,negative,0.00011341912160628809
1271600603412729857,negative,0.0005358077387413497
1271600604075474946,negative,0.0001372991342027409
1271600604360478720,negative,0.1952814587246654
1271600604759162886,negative,0.05368241837099004
1271600604763361280,negative,2.4575771805138935e-05
1271600604822081540,negative,4.5655840689756915e-06
1271600604956278784,negative,0.004000792014980023
1271600605010722817,negative,0.12638575508756936
1271600605027602433,neutral,0.35451443008515343
1271600605145022464,negative,0.010624259256953967
1271600607791636481,negative,0.2398886060325194
1271600607795843072,negative,0.3169442171495978
1271600607963439104,negative,0.0773527808376074
1271600608013926401,negative,0.0023170344461177867
1271600608311562241,negative,1.8066554511466122e-05
1271600608429199360,negative,0.00014840749909568357
1271600608793985024,negative,0.00048271140050865844
1271600609112842240,positive,0.7878984431607639
1271600609356021767,negative,0.03433506395643756
1271600609372844037,negative,3.4756179013684414e-05
1271600609528107008,negative,0.0011476103271417274
1271600611616841728,negative,0.008203132826013019
1271600611641958400,negative,0.01879425341181135
1271600612199796746,neutral,0.35451443008515343
1271600612258521088,neutral,0.49789225920557484
1271600612577288193,negative,0.00019984109669266473
1271600612761833474,negative,0.03695208748753567
1271600613063888897,negative,2.601838503803135e-05
1271600613135171586,negative,0.022239639193932088
1271600613172838400,negative,3.759814752818217e-05
1271600613281980418,negative,0.2178596778379981
1271600613579788289,negative,6.547150004312279e-07
1271600613822992385,negative,0.01991638529144152
1271600613852278784,positive,0.6905900771438357
1271600617526636544,negative,0.18543243347095226
1271600617723588608,negative,0.16526224857795924
1271600617828614144,negative,2.6468928007900653e-07
1271600619015503873,negative,0.0006992281308866822
1271600620068208640,negative,0.15426889957733209
1271600620278030336,negative,1.8066554511466122e-05
1271600621515227136,negative,1.301083247385972e-07
1271600621607682048,negative,0.001842031509920941
1271600625177018369,negative,2.0757907719856787e-09
1271600625751556096,negative,0.19753827322328846
1271600625810378753,negative,0.24190043021159235
1271600625923624960,negative,0.24190043021159235
1271600626523398145,negative,0.30419589440833217
1271600626733113346,negative,1.8066554511466122e-05
1271600627135721472,negative,0.00019984109669266473
1271600627295059968,neutral,0.570559329140436
1271600630021447680,negative,0.1256518955108437
1271600633599188992,negative,0.04495357886299508
1271600634517688320,neutral,0.437369725752128
1271600634861584384,negative,0.06842503420026794
1271600634991706113,neutral,0.49789225920557484
1271600635520208897,negative,0.0010033410433637482
1271600637558603778,negative,1.5237520666116817e-05
1271600639047618561,negative,0.20137593585398197
1271600639148253185,neutral,0.34117024056417766
1271600639559102464,negative,0.10026986015802641
1271600639819292674,negative,0.011703220097117726
1271600641799073793,neutral,0.41781860539170623
1271600641899671554,negative,1.8066554511466122e-05
1271600642189144066,negative,0.024864435263177366
1271600642273009665,negative,0.018231076434766017
1271600642797309956,neutral,0.6234049249685203
1271600643124465665,negative,0.00012358293547957858
1271600645330608129,negative,0.005894416270567474
1271600645527781376,negative,0.05454616925535529
1271600646475710464,negative,0.08002465081650481
1271600646735769600,neutral,0.37137062280538924
1271600646941278213,neutral,0.4513605618894927
1271600647327174656,neutral,0.437369725752128
1271600650053443585,negative,0.28942909895720287
1271600650393210881,negative,6.898181232754515e-05
1271600652297396236,negative,0.08340430889993802
1271600656080650240,neutral,0.5114520767311611
1271600656592375811,negative,0.29658692968115125
1271600658047799296,negative,0.008879095274456204
1271600658328756228,negative,7.356532263868374e-06
1271600658660184065,negative,0.0012576775703648318
1271600660098748416,negative,0.00011244740552047213
1271600662086893574,negative,0.029502578515400557
1271600662963421185,negative,0.00026891859107554424
1271600664590852096,negative,0.002018737472771262
1271600664821600257,negative,0.13667982455125166
1271600665605763072,negative,0.0049024829505844945
1271600666633555969,negative,0.010147272731134666
1271600667195408385,negative,0.09395163155930569
1271600667593969664,positive,0.8731102835762212
1271600668407668739,negative,0.2234587016537679
1271600668630044672,negative,4.6697975529416996e-07
1271600668864847874,negative,0.1194251928928092
1271600671243075590,negative,0.020738948306377236
1271600671410847745,neutral,0.49789225920557484
1271600671469469697,negative,0.09038507580680345
1271600671985471499,negative,2.0757907719856787e-09
1271600672576811008,negative,0.21607765790112424
1271600672589230087,negative,0.012751299091372455
1271600672623005698,neutral,0.437369725752128
1271600672727691264,negative,0.033755161703907625
1271600673226928128,negative,0.001999008641280816
1271600673826766851,negative,0.2864145558920463
1271600674816614400,neutral,0.49789225920557484
1271600676133535744,negative,2.0757907719856787e-09
1271600676225855488,neutral,0.49789225920557484
1271600676599144449,neutral,0.437369725752128
1271600678977376256,positive,0.7878984431607639
1271600679379963904,negative,0.09038507580680345
1271600679950462977,negative,1.1681188238227523e-05
1271600680072077313,positive,0.7878984431607639
1271600682718474240,negative,0.3062573288903434
1271600682957770752,neutral,0.46949511137930444
1271600683645579265,negative,0.24190043021159235
1271600683733716992,negative,1.8066554511466122e-05
1271600684266389506,negative,0.049211293752046484
1271600687537930240,negative,1.8066554511466122e-05
1271600687537950725,neutral,0.3381189830050101
1271600687823142912,negative,3.989741608300387e-06
1271600691287474176,negative,0.050317991801570476
1271600691505704962,negative,0.0001358335348585277
1271600692835344387,negative,0.24190043021159235
1271600693539987456,negative,0.002967861328473477
1271600695607615488,positive,0.7878984431607639
1271600695830085640,negative,0.12619551266353682
1271600696681472000,negative,0.0005351132759893319
1271600697449029632,negative,0.0007019764465729825
1271600699994976256,negative,0.07389724561730047
1271600708345831425,negative,0.015577189604151682
1271600709734215681,neutral,0.38939414718971677
1271600710098927617,negative,7.559685904674855e-07
1271600710417817600,negative,0.06498962729575831
1271600712733143041,negative,0.0003826019939198399
1271600714490527744,neutral,0.3381189830050101
1271600714977026048,negative,0.10711968068903369
1271600716348403713,negative,0.007032605876039598
1271600716449226753,negative,2.439460808982115e-09
1271600716654587904,negative,0.15230306383856373
1271600716935659520,negative,0.004818338226078496
1271600721633456130,negative,0.03477696512290045
1271600721683722240,negative,0.010414781754571792
1271600722568773634,negative,0.005894416270567474
1271600725026537474,negative,0.19260868886166668
1271600725404127233,negative,5.767398891603422e-05
1271600725458481157,negative,0.2369710931082333
1271600725794177025,negative,0.13400349264029793
1271600725798330369,negative,0.023881704366282723
1271600725924220928,negative,7.068318948227815e-05
1271600726066835456,negative,0.0014003330645505363
1271600727501266945,negative,0.0005358077387413497
1271600729787170816,negative,2.342822375314909e-05
1271600729900408832,negative,0.1952814587246654
1271600730097491970,negative,0.0001372991342027409
1271600730357538816,neutral,0.4190663956646073
1271600730714013704,negative,3.4543230969790994e-07
1271600731196448768,negative,0.00026706758266826873
1271600733708849152,neutral,0.3385252644667176
1271600734052790274,negative,0.11822555934109047
1271600735155654656,negative,0.19552563706121598
1271600735348764672,neutral,0.5533970533999424
1271600735449481216,neutral,0.3582711781749802
1271600735659216899,negative,0.07388171950582473
1271600735684366337,negative,0.015697952340961496
1271600737596784640,positive,0.7490718634558039
1271600737664065536,negative,0.002014998529721484
1271600738058342402,negative,0.12720488621313522
1271600738570043392,negative,0.0099536958179938
1271600739526287364,negative,0.01655022480749108
1271600739626803200,negative,0.24190043021159235
1271600740000301056,neutral,0.37024548501859017
1271600742198018048,negative,0.02374125613834837
1271600743116607488,negative,0.015530884878333342
1271600745922453504,negative,1.8066554511466122e-05
1271600746451140610,neutral,0.3381189830050101
1271600747105456133,neutral,0.6146121604552968
1271600747210252293,negative,0.0011324348605721902
1271600748518875137,negative,0.25734137499921667
1271600750037282818,negative,0.2508636773619185
1271600750158905347,neutral,0.34322267253793753
1271600750267895809,neutral,0.3381189830050101
1271600752004382723,negative,0.20721613059284852
1271600754420301824,negative,0.0002558508086955222
1271600755083022336,negative,0.2794833697616939
1271600756974551044,negative,0.024565457766389853
1271600759688265728,negative,0.0005351132759893319
1271600760476913664,negative,0.05034456747065925
1271600762616000512,neutral,0.48728019602140255
1271600763173822465,negative,0.005894416270567474
1271600763652001795,negative,0.0006601815739363279
1271600763979141122,negative,0.3047417248466973
1271600767129059330,negative,0.0011324348605721902
1271600767535853570,neutral,0.33402218903110614
1271600767535906816,negative,0.0006791306262532766
1271600767632318469,negative,0.26812582956602965
1271600767703617537,negative,0.004200242610828894
1271600768060137473,negative,0.0005065181554444437
1271600768320241664,negative,0.001429817279275147
1271600768424882176,negative,0.0006231497894395036
1271600768479563776,negative,0.1628976482749928
1271600772199915520,negative,0.01552788654488999
1271600772476809222,neutral,0.46511884455441777
1271600772795564032,negative,0.00010338679440685032
1271600773038845955,negative,0.03772461755890129
1271600773248569344,negative,0.00019984109669266473
1271600773550522368,negative,0.0049024829505844945
1271600773567262720,negative,0.0010033410433637482
1271600775417004033,negative,0.0004180181240712814
1271600775458951169,negative,0.11822555934109047
1271600776578826243,negative,2.342822375314909e-05
1271600776734027777,negative,0.025152324668022856
1271600777199583232,negative,1.4282680352932503e-05
1271600777858109442,negative,1.066523623940734e-06
1271600777904226304,neutral,0.437369725752128
1271600777992249344,negative,0.01552788654488999
1271600778025799685,neutral,0.35451443008515343
1271600779544145920,negative,0.1757965270345081
1271600780114567168,negative,0.01655022480749108
1271600780231966720,negative,3.0373461343041953e-05
1271600780752150528,negative,0.1194251928928092
1271600780886396929,negative,0.02689469579809193
1271600780936691713,negative,1.060442443963043e-06
1271600781142175748,neutral,0.6234049249685203
1271600781456744449,negative,0.0002558508086955222
1271600781628600320,negative,0.04251423792646359
1271600784480837633,negative,0.010575617123220409
1271600785097449479,negative,0.193535918142673
1271600785923739653,negative,0.003217414187786527
1271600785948803080,negative,0.03644984505163267
1271600786645168129,negative,0.04990680164290237
1271600786988883968,neutral,0.3381189830050101
1271600788264169473,negative,0.006769110446710621
1271600788641583104,negative,0.008573513219027612
1271600788650037248,negative,0.03493166466268914
1271600792278118400,negative,0.0015616915982230419
1271600792282300417,negative,0.12101439709814321
1271600792634523649,negative,0.000859651230939332
1271600793054056448,negative,0.03840564920058137
1271600793188290562,negative,0.04828249189197242
1271600793410506754,negative,0.0002833791535977362
1271600793439866892,negative,2.247260680282803e-05
1271600793607602177,negative,0.21921412548362115
1271600794391900160,negative,2.987944245261539e-06
1271600796208168962,neutral,0.3381189830050101
1271600796229132288,negative,4.2188086891818296e-07
1271600796363304960,negative,0.006187625637894015
1271600796501753857,negative,1.1010302259326015e-06
1271600796648554502,negative,5.811014957101967e-05
1271600796736446466,negative,0.004498809683989076
1271600797642620928,neutral,0.35451443008515343
1271600797684387841,neutral,0.34117024056417766
1271600797843730433,negative,0.00947957500931297
1271600797906862083,positive,0.7878984431607639
1271600798204649472,negative,0.0518677584695308
1271600798502453253,neutral,0.437369725752128
1271600800691871744,negative,0.0319832305431049
1271600800851210246,negative,0.015499524251573568
1271600800914124800,negative,0.08278592923710822
1271600801044193281,negative,0.08041311685639528
1271600801102823430,negative,0.0010033410433637482
1271600801312583685,negative,1.56260701404286e-05
1271600801668984833,negative,0.0159286517317596
1271600801924997121,negative,0.006387635836590523
1271600802348630017,positive,0.9311727402288322
1271600802650611720,negative,0.09479048282058407
1271600804663906304,neutral,0.6320018424508008
1271600804672221184,negative,0.0014781351531475593
1271600804953235457,negative,0.01969205560253852
1271600805188186113,negative,0.24190043021159235
1271600805892763649,neutral,0.49557472908538175
1271600806240944128,negative,0.11190582976257811
1271600806391803905,negative,0.17553924241747834
1271600806584819712,negative,6.236105015602125e-07
1271600808451125250,negative,0.18795859623648656
1271600808736559110,negative,0.02374125613834837
1271600808916709376,negative,0.12082734449828159
1271600809369833473,negative,0.0009423993621855175
1271600809579548672,negative,1.521227807961675e-05
1271600809697054722,negative,3.759814752818217e-05
1271600811039166464,negative,0.00033287291598040416
1271600812951822337,negative,0.0018547416996451262
1271600813282979842,negative,0.0014534938976559968
1271600813685776385,negative,0.012676502386934916
1271600813958475776,negative,0.12619551266353682
1271600814591795205,negative,0.00016100482880607227
1271600815132868608,negative,0.08571621063463403
1271600815338409984,negative,0.0008134065879912916
1271600815711686656,negative,0.24190043021159235
1271600815749451784,negative,9.045306857022287e-06
1271600815908761600,negative,0.02428248049254861
1271600818249240578,positive,0.7263942724482546
1271600819331313664,neutral,0.44654025683665294
1271600822191820801,negative,0.012676502386934916
1271600822309343234,negative,0.022239639193932088
1271600823127224320,negative,1.56260701404286e-05
1271600823361994752,negative,0.0005358077387413497
1271600823563423747,negative,0.012164792431929873
1271600825840910337,neutral,0.4507454498615163
1271600826331652097,negative,1.56260701404286e-05
1271600826583261186,neutral,0.437369725752128
1271600827313074177,negative,0.01552788654488999
1271600827568971778,negative,1.8066554511466122e-05
1271600827745042433,neutral,0.3381189830050101
1271600828030337032,negative,0.0737765654785131
1271600828055465985,negative,1.69597407704258e-05
1271600830530179073,negative,0.006412243197078926
1271600831998185472,negative,1.67824124727267e-05
1271600832706945024,negative,0.002014998529721484
1271600834170761216,negative,0.0005351132759893319
1271600834493677569,negative,7.107129313605766e-05
1271600836045660160,neutral,0.34546092169515824
1271600836574154752,negative,0.001185416625889308
1271600836632891394,negative,0.0036656626550695087
1271600837106831360,negative,0.023881704366282723
1271600837874331649,negative,6.323989925998756e-07
1271600838679592961,negative,0.03180962742221007
1271600839786991616,negative,0.036528072883440794
1271600840596492290,negative,1.8066554511466122e-05
1271600840785174528,neutral,0.34117024056417766
1271600841347268609,negative,0.0010795360126831216
1271600842681004033,negative,0.0049024829505844945
1271600842702012421,negative,0.06656437044045363
1271600842777538562,neutral,0.34117024056417766
1271600842844581889,negative,0.001278503335434978
1271600843566067712,negative,0.10408910195701127
1271600843922583557,negative,1.060442443963043e-06
1271600844362911782,negative,0.018488602296359454
1271600845109501952,negative,0.06880070692038605
1271600847978328072,negative,0.2824876424311173
1271600848632713217,negative,0.000751833333940572
1271600849056403456,negative,0.30468958915460226
1271600849417048064,negative,0.012096647041236943
1271600850973134848,neutral,0.3381189830050101
1271600851094831105,negative,0.0011324348605721902
1271600851300294656,negative,0.03924173714767291
1271600851367407618,negative,0.03463289311446801
1271600851988221960,negative,0.003068446820896481
1271600852059422720,negative,0.013478363241937987
1271600852172779521,negative,0.025986013737638435
1271600852743213057,negative,2.342822375314909e-05
1271600853011574785,negative,1.56260701404286e-05
1271600855070851072,negative,0.06466618758973336
1271600855846920193,negative,0.007774310403976999
1271600856991805443,negative,0.0049024829505844945
1271600857264664578,negative,0.0002580519377169914
1271600860456521729,neutral,0.49789225920557484
1271600860729131010,negative,0.007492293006742919
1271600863816155137,negative,0.023758272987789788
1271600865246412801,negative,5.695424926241973e-05
1271600865472806913,negative,0.00015194828200427033
1271600867569999873,neutral,0.4110932025499727
1271600869029613573,negative,0.0007219726335502114
1271600869348306944,negative,0.0026824166798156334
1271600869851762688,negative,0.05817995923428874
1271600870195515400,neutral,0.5250137350369191
1271600870245969920,positive,0.7878984431607639
1271600871823028226,negative,0.0012222196229078211
1271600872376733698,negative,0.17870078326640873
1271600872963936267,negative,0.1834350297638294
1271600873345613824,negative,0.0005358077387413497
1271600873664401410,negative,0.00825105630307631
1271600873865654273,negative,1.8066554511466122e-05
1271600874507272192,negative,0.002968675020292067
1271600876075880448,positive,0.9945394003258434
1271600876235509760,negative,0.09479322597697783
1271600876856246272,neutral,0.3381189830050101
1271600877598621701,negative,0.027306211591214814
1271600880970870789,negative,0.0011491562900666431
1271600881126039553,negative,0.012447427632221408
1271600881490747392,negative,0.007032605876039598
1271600881885118464,neutral,0.3381189830050101
1271600882405105664,negative,1.8066554511466122e-05
1271600884745715713,negative,0.007599598437030047
1271600885601353729,negative,0.0015425978250262452
1271600886289256448,negative,0.007599598437030047
1271600886716997634,negative,0.0031190227752667526
1271600886855479300,negative,0.010447876986294818
1271600887409098753,negative,0.3101422954791652
1271600888692572160,negative,0.013815551599849757
1271600890345148416,negative,0.05817995923428874
1271600890353418240,neutral,0.3381189830050101
1271600890806448133,negative,1.8066554511466122e-05
1271600892656189442,neutral,0.3381189830050101
1271600894115827718,negative,0.021468205824297266
1271600894153498624,negative,0.0319832305431049
1271600894572929024,neutral,0.530068146978571
1271600895307001856,negative,0.15109238146263732
1271600895667642369,negative,0.019801982879180585
1271600897274101760,negative,0.0029665993856941913
1271600897676771330,negative,0.28112816092110127
1271600898024730624,neutral,0.34117024056417766
1271600898775670784,negative,0.012676502386934916
1271600898842800129,negative,2.1091026219192266e-13
1271600901816561664,negative,0.005894416270567474
1271600902798028805,negative,0.032326456834016526
1271600903062249472,negative,0.15797133755319195
1271600903494254592,negative,0.012676502386934916
1271600905482375168,negative,1.9007496617215074e-09
1271600905989718016,neutral,0.37874993579954885
1271600907076153347,negative,0.013778140484402714
1271600907122348032,negative,0.01430022231008194
1271600907747123200,negative,1.060442443963043e-06
1271600910645571584,neutral,0.4670100671583925
1271600910892797952,negative,0.13921610422693395
1271600911996116993,negative,0.0016115305386467257
1271600912000331778,negative,0.0002558508086955222
1271600912419651584,negative,0.3100151692649115
1271600913975828480,negative,0.0008183972365761561
1271600914562985984,negative,0.005957174166443491
1271600914999267331,negative,0.0005358077387413497
1271600915607363584,negative,0.19452413315037279
1271600915628396544,negative,0.004945306286551953
1271600915942903809,negative,0.0016603599880908053
1271600916689555456,negative,0.01552788654488999
1271600919080316930,negative,0.09096624238172979
1271600919612882944,negative,0.0008202803040625765
1271600919642124288,neutral,0.5250137350369191
1271600920137269248,negative,0.3100151692649115
1271600920166531075,negative,1.69597407704258e-05
1271600921986957312,neutral,0.6547637507585339
1271600922087522304,negative,0.0019283232625725896
1271600922087612416,negative,0.024044131973507476
1271600923073294340,negative,0.03670255851540621
1271600926957191173,negative,4.06825290283346e-05
1271600927456313344,negative,0.00027585667296755586
1271600927754117120,negative,0.005894416270567474
1271600927762526211,negative,0.0038817388255888495
1271600928517427201,negative,0.00010015157584620417
1271600929058566146,negative,0.041894793809486804
1271600932044840960,negative,0.28112816092110127
1271600932372058112,neutral,0.4775636392339482
1271600935010213888,negative,0.04265687304728908
1271600935421304832,negative,0.02700048021823465
1271600935433842688,negative,0.00010015157584620417
1271600935576444934,negative,0.003915536782030887
1271600938906771456,negative,0.27713283053988486
1271600939577888768,negative,0.0049024829505844945
1271600940701843456,negative,0.17870078326640873
1271600940873928704,negative,0.0003937017370495718
1271600941385555969,negative,0.11301127787547456
1271600941695893504,neutral,0.3381189830050101
1271600942052507655,negative,1.8066554511466122e-05
1271600942220144641,negative,0.041894793809486804
1271600943390318594,negative,1.8066554511466122e-05
1271600943835107330,negative,1.56260701404286e-05
1271600943877033984,negative,0.0003495167594397269
1271600945118547968,negative,0.001869287112884431
1271600945214808064,negative,0.07481806293871453
1271600945743515649,neutral,0.5533970533999424
1271600948213886977,negative,0.31123857948402617
1271600949040230401,negative,0.24190043021159235
1271600949677764609,negative,2.9912931858850745e-09
1271600950273347585,neutral,0.437369725752128
1271600951871377408,negative,0.0010643594707194018
1271600953393909760,negative,3.877058587467994e-06
1271600956266946561,neutral,0.4737554465528978
1271600957600784384,negative,0.015759487313826644
1271600957948923904,negative,0.07183594404988367
1271600959991566339,negative,0.008420858488123205
1271600960285048834,negative,7.725046249125521e-05
1271600962063552518,neutral,0.475189294985171
1271600964332654598,negative,0.005894416270567474
1271600964844367873,negative,0.04251865790289205
1271600965876158471,neutral,0.586550884684407
1271600966341713920,negative,0.000912239688992045
1271600968480800768,negative,0.00717903698235961
1271600968929443841,negative,0.09038507580680345
1271600969323810822,negative,0.07346455679396935
1271600970674380802,negative,0.0006231497894395036
1271600971123130368,negative,0.006769110446710621
1271600971664113664,negative,0.001842031509920941
1271600972255633408,negative,1.69597407704258e-05
1271600972314411013,negative,0.0006370330654613106
1271600972603613185,negative,0.1763242538407992
1271600972658245638,negative,0.30419589440833217
1271600973027225600,negative,0.0004534211434089581
1271600973115535360,negative,0.005894416270567474
1271600973761384454,neutral,0.4792687081820201
1271600974319230978,negative,0.00011341912160628809
1271600974470221824,negative,0.11741608099884654
1271600974872764417,negative,0.011144144601836133
1271600975091032064,negative,0.11753252004253456
1271600976441548801,negative,0.15840613630853195
1271600976953257986,negative,0.2234587016537679
1271600977242730504,neutral,0.3381189830050101
1271600977594834945,negative,0.00019809352693600076
1271600977737637890,negative,0.01552788654488999
1271600978157060096,negative,0.013344016702077495
1271600978790420484,negative,0.22357125547233703
1271600978806988800,negative,0.0044806240359063125
1271600979532746758,negative,0.2378411193086786
1271600980677791746,negative,1.1573159576951306e-05
1271600980715622400,neutral,0.6523448911414734
1271600980728016896,neutral,0.37137062280538924
1271600980770066432,negative,0.30275074495065474
1271600981785096192,negative,0.010147272731134666
1271600981902573568,negative,0.0005351132759893319
1271600983064207360,negative,0.00020668616896487088
1271600985337626624,neutral,0.37137062280538924
1271600986189189120,negative,0.01869269172761346
1271600986218520577,neutral,0.41756524527707944
1271600986319093763,negative,1.060442443963043e-06
1271600986608599040,negative,0.00011621384629295155
1271600987224989698,negative,0.03711284734398027
1271600987237744641,negative,0.0010124928719095897
1271600987254505472,negative,0.00027585667296755586
1271600988940570624,neutral,0.5734576952979002
1271600989078945795,negative,2.0757907719856787e-09
1271600989339033600,negative,0.0002833791535977362
1271600989863391232,negative,7.34085919362028e-06
1271600989901070338,negative,0.0049024829505844945
1271600990110744577,negative,0.003410092863709786
1271600990257590273,negative,0.2824876424311173
1271600991658479621,neutral,0.367226555021522
1271600993327775745,negative,3.759814752818217e-05
1271600994841919489,negative,0.29249187738094456
1271600996146438151,negative,0.06842503420026794
1271600996272287745,negative,6.898181232754515e-05
1271600996427485184,negative,0.0737765654785131
1271600996452569088,negative,0.007816173043045015
1271600996683091968,negative,0.007012448520741336
1271600996796567552,negative,0.016223114370547183
1271600996855304192,neutral,0.46127768308170247
1271600997404749825,negative,0.08002465081650481
1271600997706731525,negative,0.00038296342183522696
1271600997878632449,negative,0.024864435263177366
1271600998931476482,positive,0.9999752569728577
1271600999078207490,negative,0.07678130215016724
1271600999552086016,negative,0.022097698275437613
1271600999891980289,negative,0.13246148862232782
1271601000177172483,negative,0.19753827322328846
1271601000332353536,negative,0.015091091446142993
1271601000651112449,negative,0.010107625725569341
1271601000780980226,negative,0.00019894404832740268
1271601001737457666,negative,0.002395107361095619
1271601001951199233,neutral,0.37137062280538924
1271601002488180736,positive,0.8651618779548107
1271601002647617542,negative,0.03180962742221007
1271601003197075456,negative,0.0009175264165824337
1271601004254040067,neutral,0.3381189830050101
1271601004379856897,negative,0.2439450434197962
1271601006053396481,negative,0.2824876424311173
1271601007252865024,negative,0.0001372991342027409
1271601007265550336,negative,0.029277108765466527
1271601007701757953,negative,0.0006646862251329879
1271601007743717379,negative,0.01394224286192618
1271601007965937666,negative,0.29658692968115125
1271601008318308352,negative,1.8066554511466122e-05
1271601008377040898,negative,0.05817995923428874
1271601008557395968,negative,6.236105015602125e-07
1271601010184720391,negative,0.03402056600955099
1271601010524422154,negative,0.0007401276187983727
1271601010918608901,negative,7.236773637704521e-08
1271601011233341443,positive,0.9856339366098104
1271601011728269312,negative,0.0009150353363496623
1271601012047065094,negative,0.001842031509920941
1271601012055461888,negative,0.06481680375009435
1271601012953042945,negative,0.00123943796646125
1271601012999151616,negative,0.005131442112868792
1271601014651715585,negative,0.09409558908968844
1271601015633166338,negative,0.004930467346252308
1271601016342024193,negative,0.03610781727128177
1271601016983695361,negative,0.00019984109669266473
1271601017621282817,negative,0.08000202738784179
1271601018615316480,negative,0.1922260613119826
1271601018971750407,negative,3.918871660944331e-05
1271601018984452097,negative,3.0373461343041953e-05
1271601019328376835,negative,0.004393708458221603
1271601019340947457,negative,0.060490407011491755
1271601019722620936,negative,0.3040949491800166
1271601019764563970,negative,0.059371854367166486
1271601019873607680,neutral,0.35451443008515343
1271601020146253827,negative,0.3275068838229145
1271601022541193217,negative,0.11129047237555119
1271601022729891841,negative,0.3036890063882106
1271601023849816064,negative,0.0005358077387413497
1271601024478982146,negative,1.8066554511466122e-05
1271601027767242753,negative,0.00026891859107554424
1271601027960233984,negative,0.01552788654488999
1271601031735115776,negative,0.1338504058156824
1271601032456437762,negative,0.000818718804320256
1271601032800489475,negative,0.28112816092110127
1271601033056268288,negative,0.31112750843044895
1271601037162549248,negative,0.08079554699167538
1271601037498028035,negative,0.005894416270567474
1271601037682630656,negative,2.1862870836466692e-07
1271601039506997249,negative,0.005894945359942688
1271601039565819904,neutral,0.5533970533999424
1271601039679131648,negative,1.8066554511466122e-05
1271601041222615040,negative,0.041894793809486804
1271601041482625024,negative,0.013555530184371847
1271601043651137537,neutral,0.3381189830050101
1271601044951203840,negative,0.010147272731134666
1271601045119139847,negative,0.0005723520812190006
1271601046142386177,negative,0.04056810797147631
1271601046608060418,negative,0.020369985470073633
1271601048877182976,neutral,0.49738919646342195
1271601050009702400,negative,0.032326456834016526
1271601050370392064,negative,4.474327460090889e-06
1271601050823213057,negative,3.6826143228758263e-06
1271601050886246400,negative,0.027306211591214814
1271601050886254592,negative,0.2698474893401331
1271601050991165441,negative,0.12638575508756936
1271601052828282882,negative,0.0008043521486315233
1271601055189647365,negative,0.13666746933319543
1271601057534279681,negative,0.13970052175251185
1271601057668517891,negative,0.0005358077387413497
1271601058670837761,negative,0.2824876424311173
1271601060227035137,neutral,0.37755746558825415
1271601061183098881,negative,0.15188551927527152
1271601061971791872,positive,0.9932234692544494
1271601062068326402,negative,0.08610358808165267
1271601062638739461,negative,0.1364063100868809
1271601062932361216,negative,0.0009908234323365767
1271601064870129666,negative,7.876893342511707e-05
1271601065088057344,negative,0.02418230048136031
1271601065260171266,negative,0.0013327655293858542
1271601065578938374,negative,0.09691370112467167
1271601065927024645,negative,0.0034373326798483373
1271601065998323712,negative,0.005014943087364652
1271601066040332288,neutral,0.3353959934465169
1271601066598162443,negative,0.3020135550609068
1271601066656911360,negative,0.00010330781086314503
1271601069030858752,neutral,0.33046905009770516
1271601070456934400,neutral,0.34117024056417766
1271601070750474241,neutral,0.3689269789083293
1271601072361148416,negative,0.14645794242301804
1271601072990273537,negative,9.79469128605362e-07
1271601073300606976,negative,0.03323031246325333
1271601073476833280,neutral,0.3381189830050101
1271601073912864769,neutral,0.34033083195063174
1271601074282135552,negative,0.2824876424311173
1271601075095830530,negative,0.005894416270567474
1271601076924538880,negative,0.0038497674102916262
1271601078384066563,negative,0.25947272540011757
1271601078757400577,negative,0.05071150532714072
1271601079805833216,negative,0.004077199090876045
1271601079868813312,neutral,0.34117024056417766
1271601079873142792,negative,0.001889004958616495
1271601081378840576,negative,1.6429546470902981e-09
1271601081655623680,negative,0.0002992807109820847
1271601081848651776,negative,1.3208231772280295e-11
1271601082897010688,negative,0.01552788654488999
1271601085745168384,negative,0.0005284549120824336
1271601090056925185,negative,0.005894416270567474
1271601090732179456,negative,0.27008176187976546
1271601090958692352,negative,0.01595589735758848
1271601091252273158,negative,0.009535584598948064
1271601091638165504,negative,0.019122143574650734
1271601091642380289,neutral,0.4888670416897187
1271601092799787009,negative,0.0049024829505844945
1271601092934225927,negative,0.31112750843044895
1271601092950925312,negative,0.02726162813814235
1271601094775451649,negative,0.15160774025776982
1271601095085830145,negative,0.00023719053040000164
1271601095253602305,negative,0.0013327655293858542
1271601095895285760,negative,0.01045913259454188
1271601096096722946,negative,0.0005351132759893319
1271601096159563781,negative,2.4402755696069633e-05
1271601098185416705,negative,0.00011271138720767597
1271601099376668673,negative,0.0006377159425362998
1271601100160933889,negative,1.69597407704258e-05
1271601102400696325,neutral,0.3381189830050101
1271601102442557440,positive,0.8164494122030344
1271601102946029569,negative,0.0019660331236129296
1271601103214436354,negative,2.429404662231676e-10
1271601103713550336,neutral,0.557898695660988
1271601104053125120,negative,0.0007583799275712195
1271601104317448194,negative,0.23972773971202263
1271601106691506176,negative,0.0007796301736068034
1271601107127742464,negative,3.453472755021633e-06
1271601107501035520,negative,1.1076543234631078e-13
1271601107702177792,negative,0.003952235144892097
1271601108314656773,negative,0.04509687151357061
1271601108503363584,negative,1.56260701404286e-05
1271601111284224002,positive,0.7878984431607639
1271601111548510210,negative,1.060442443963043e-06
1271601112337055744,negative,0.0049024829505844945
1271601112676618240,neutral,0.49789225920557484
1271601115998621696,negative,0.08002465081650481
1271601116455763970,neutral,0.3381189830050101
1271601116711727104,negative,0.16675725443878675
1271601117143666690,negative,0.001067406653983586
1271601117181497347,negative,0.03804145621633427
1271601118272000001,negative,0.2285558880675311
1271601119219908608,negative,0.013458102227060694
1271601121749094400,neutral,0.3381189830050101
1271601121967198208,neutral,0.437369725752128
1271601123422613504,negative,0.27549675449796107
1271601123997212672,negative,1.56260701404286e-05
1271601125293244423,negative,0.3275068838229145
1271601125872074752,neutral,0.37137062280538924
1271601127671431175,negative,0.0002558508086955222
1271601128124317710,neutral,0.3381189830050101
1271601128191463424,negative,0.09273788504368523
1271601128749203457,negative,0.04377965535597809
1271601129663746053,neutral,0.49789225920557484
1271601130238357511,negative,0.0533443215897357
1271601130242486275,negative,0.0049024829505844945
1271601131656003585,negative,3.6044037609372196e-05
1271601132767502338,neutral,0.3512962391777336
1271601133333725185,negative,0.0018961459064252156
1271601133706977282,negative,1.6445845409116545e-05
1271601133845348353,negative,0.05848809746411725
1271601134009008128,negative,2.7109749146597328e-08
1271601134688444418,negative,0.03180962742221007
1271601135963516928,negative,0.09336259468692726
1271601136026488837,neutral,0.37137062280538924
1271601136286531594,negative,0.0017215303669174912
1271601137154699264,negative,0.03066741992929385
1271601138010333184,negative,8.510376367802184e-06
1271601140581498881,positive,0.997126995515298
1271601140635963392,negative,0.0009536207310569713
1271601140686368768,negative,0.27599855954002234
1271601140774436869,negative,0.0015011050931511439
1271601141932068864,negative,0.021468205824297266
1271601144234721280,negative,0.041894793809486804
1271601144528343040,negative,1.8066554511466122e-05
1271601144691818496,positive,0.7120506273945403
1271601146474397696,negative,0.04120546429502383
1271601147061645312,negative,0.002418228708076309
1271601147153911809,negative,0.14150250417258123
1271601147489345536,neutral,0.34117024056417766
1271601148462542848,negative,0.27599855954002234
1271601149326569472,negative,0.004681067402980314
1271601149519581185,negative,0.0005198316441025331
1271601150089986048,negative,6.547150004312279e-07
1271601150177865728,negative,0.0049024829505844945
1271601150538768386,positive,0.9338531583458919
1271601151826227200,negative,0.002645489156512073
1271601153449644032,negative,0.31112750843044895
1271601158222688256,negative,6.377346898447337e-05
1271601158419877888,negative,0.00979114180257363
1271601158998687750,negative,1.5149581338813634e-06
1271601159338209281,positive,0.7878984431607639
1271601163364962314,positive,0.7878984431607639
1271601163641786369,negative,0.1536586325299259
1271601166196051968,negative,0.005894416270567474
1271601166762287110,neutral,0.570559329140436
1271601170486906880,neutral,0.437369725752128
1271601171376017413,negative,0.0014469660638654254
1271601171564843017,negative,0.1313393571669683
1271601172323983360,negative,0.011052912318545723
1271601173007646722,neutral,0.38939414718971677
1271601173728911360,negative,0.07937387280159805
1271601175448694784,neutral,0.5114520767311611
1271601175683629057,negative,0.0046477926072822804
1271601176065331202,negative,0.3125680869613598
1271601176094683137,neutral,0.35451443008515343
1271601176233082881,negative,0.00012358293547957858
1271601176455323648,negative,5.695260290465519e-07
1271601176560033793,negative,0.0016705073839319395
1271601178992947200,negative,3.8632474149153675e-05
1271601179252764672,neutral,0.4507454498615163
1271601179575889921,negative,0.01552788654488999
1271601179609501696,neutral,0.34117024056417766
1271601179634565120,negative,0.033803405357086515
1271601179894702080,neutral,0.33758533303423804
1271601182201561088,negative,7.04652681956227e-05
1271601182356566017,negative,0.31251327812974533
1271601182772015104,negative,0.004393708458221603
1271601183258443776,negative,0.053039170867918234
1271601184000872451,negative,0.000132376457949845
1271601184000937984,negative,0.00023882966192448517
1271601184059600896,negative,0.018231076434766017
1271601184185421824,negative,0.31812769580849276
1271601186454593539,negative,0.0019660331236129296
1271601186467127297,negative,0.003974054793904126
1271601187008241666,negative,0.0026290883475751756
1271601187599446016,negative,0.06847117620908924
1271601187926740995,negative,0.10390628740675818
1271601187977138179,negative,0.1976850989955113
1271601188060958720,negative,0.049211293752046484
1271601188375539712,negative,0.0005330289711396502
1271601188501405698,negative,0.0027388455703613464
1271601188514009088,negative,0.0762907951563658
1271601191273840640,negative,0.07802105340640744
1271601191500361729,negative,0.0014534938976559968
1271601191869468674,negative,3.2526519299076335e-05
1271601192238448640,neutral,0.437369725752128
1271601192368513027,negative,0.012676502386934916
1271601192519565313,negative,0.007892749859270635
1271601193165492229,positive,0.684687678208344
1271601194813714433,neutral,0.5658867964590019
1271601194994106368,negative,0.00019984109669266473
1271601195589697536,negative,6.161735811685456e-06
1271601196151824384,negative,0.012676502386934916
1271601196478889984,negative,3.749320611604227e-05
1271601198945259520,negative,0.00023661594933649515
1271601199410790401,negative,0.011441480875529703
1271601199507288066,negative,0.024864435263177366
1271601199750328321,negative,0.27443656146977435
1271601200408997888,negative,0.004736029112803114
1271601200589418496,negative,0.05451553736912838
1271601200966897665,negative,0.2239177361304614
1271601201113640960,negative,6.547150004312279e-07
1271601201839329281,negative,0.014592387966216947
1271601203068260353,neutral,0.4219484860627821
1271601203135369217,neutral,0.4353447131478714
1271601203181428738,positive,0.8364860004538318
1271601203286343681,negative,0.012447427632221408
1271601203399385088,negative,0.00010597939015917402
1271601204590764032,negative,0.05610309040052827
1271601204787851270,negative,0.06756897342989703
1271601204817264642,negative,0.0010544497805837873
1271601205332983808,positive,0.9981713892831733
1271601205362524166,neutral,0.3318228626708164
1271601206352162816,negative,2.0189607681958518e-05
1271601207669334016,positive,0.8364860004538318
1271601207757455363,negative,0.01879425341181135
1271601208386519040,negative,4.50491123474092e-05
1271601208407592960,negative,0.02428248049254861
1271601208441147394,negative,2.3620900925533447e-09
1271601208571068417,negative,0.05897235857735733
1271601209959493632,neutral,0.6582643402168333
1271601210114670593,negative,0.0319832305431049
1271601211708448768,negative,0.31412367543781766
1271601212161511425,neutral,0.3396404128754322
1271601212262092800,negative,0.00023882966192448517
1271601212442492928,negative,0.00019984109669266473
1271601212576739331,negative,0.11338245739417602
1271601213029654533,negative,0.1628976482749928
1271601213365157889,negative,0.0033957523512591317
1271601213927297024,negative,4.746971740986603e-05
1271601214195630080,negative,0.00013577865851583618
1271601215558877189,positive,0.9708908268188241
1271601215630082048,negative,0.01552788654488999
1271601215848230914,negative,0.010704064169712311
1271601215877586944,neutral,0.3381189830050101
1271601216091537419,negative,0.003280477137038924
1271601216313864192,negative,0.21921412548362115
1271601216469041153,negative,0.1818865467288931
1271601216569696263,negative,0.00026706758266826873
1271601216733274112,positive,0.7878984431607639
1271601216959713280,negative,6.21411783730517e-06
1271601217001717761,negative,1.060442443963043e-06
1271601220101292032,negative,0.017325134294640974
1271601220214566913,negative,0.0011476103271417274
1271601220508147715,positive,0.753315724367709
1271601220583636992,negative,0.0003813432825445466
1271601220705226757,negative,1.8066554511466122e-05
1271601220759752708,negative,0.0040306180522074065
1271601220948500481,neutral,0.4337313584661197
1271601220986306562,negative,0.021468205824297266
1271601221573529600,negative,0.005894416270567474
1271601222504656899,negative,0.00019984109669266473
1271601222513037314,negative,9.79469128605362e-07
1271601222873726977,negative,0.022239639193932088
1271601224283013126,negative,0.17122708209395252
1271601224408760320,negative,0.0010544497805837873
1271601224819920896,negative,0.28112816092110127
1271601225285414913,negative,0.01969333496818119
1271601225390338048,negative,0.29658692968115125
1271601225717481472,negative,6.226201914878539e-12
1271601226107572225,negative,0.012461089117349843
1271601226283696128,negative,0.19502423039687414
1271601226283712514,negative,9.485337233476039e-11
1271601226795417600,positive,0.9801310048376656
1271601226962984961,neutral,0.34117024056417766
1271601228024332294,negative,0.31820487300311295
1271601228762484737,negative,0.007012448520741336
1271601229542633472,neutral,0.3381189830050101
1271601229810896896,negative,0.25947272540011757
1271601229823524865,negative,0.0009276192957932174
1271601230457028610,negative,7.470358989348931e-05
1271601232243810304,neutral,0.3395352837144183
1271601232914849800,negative,0.3275068838229145
1271601232973639680,negative,1.8066554511466122e-05
1271601233938116608,negative,0.012164792431929873
1271601234198376448,negative,0.01839085779465421
1271601234622009344,negative,1.3151293288029086e-07
1271601236794540033,negative,0.0011721345138220143
1271601236974817280,negative,0.01552788654488999
1271601237230858240,negative,0.09038507580680345
1271601238128439296,negative,0.03180962742221007
1271601240384757760,negative,1.6404781096299476e-06
1271601240833753089,negative,0.0005351132759893319
1271601241110581248,negative,0.00014881264989251078
1271601241148309504,neutral,0.6234049249685203
1271601241458704384,negative,0.005619125524497088
1271601241978802177,neutral,0.437369725752128
1271601242008100865,neutral,0.3725458233667465
1271601242989608962,negative,0.14308527386746261
1271601245636169728,negative,0.000339688469539509
1271601247565557761,negative,1.8066554511466122e-05
1271601248433770496,negative,0.27599855954002234
1271601249520099329,negative,0.0719104942292037
1271601249776001028,neutral,0.44334070663284225
1271601249855700999,neutral,0.3499352441185855
1271601251143356421,neutral,0.3381189830050101
1271601251747332096,negative,0.10326445295892163
1271601252107988993,neutral,0.48728019602140255
1271601253919981568,negative,0.00026706758266826873
1271601255035678721,negative,0.0049024829505844945
1271601257644507137,negative,0.03288473205519007
1271601258466549765,negative,0.012447427632221408
1271601258797903874,negative,0.014991899094609436
1271601259636838400,negative,1.060442443963043e-06
1271601260370759682,negative,5.468344909137891e-05
1271601260509097984,neutral,0.4569023918106783
1271601262400647169,negative,0.003441067324396062
1271601263734665218,neutral,0.4897939877472501
1271601263822516225,negative,5.4384303547585064e-05
1271601267366858753,negative,0.00011058519070123326
1271601268302249990,neutral,0.3845709177442849
1271601268323225600,neutral,0.3725458233667465
1271601270684606468,negative,0.11162762197975168
1271601270881689604,negative,0.003564012577123337
1271601270932017152,negative,0.03066741992929385
1271601271598972930,negative,0.07657545780382916
1271601276267253760,negative,0.030346777880785502
1271601276321660928,negative,0.000335777926383417
1271601277600923648,negative,0.0035139328611178476
1271601277873487872,negative,0.006795178827374594
1271601279291269120,negative,2.2341924829761687e-05
1271601284584542209,negative,0.25519573984395777
1271601285519880194,negative,0.13263770369668557
1271601286098681857,negative,0.010324490629687572
1271601286169931776,negative,0.15797133755319195
1271601286526439424,negative,0.09632583051309793
1271601287365373952,negative,0.13246148862232782
1271601287633698821,negative,0.021468205824297266
1271601288447266816,neutral,0.4507454498615163
1271601288782983168,neutral,0.3318228626708164
1271601288858546176,negative,0.04251865790289205
1271601289097629696,positive,0.8317742330524561
1271601289517060096,negative,0.01552788654488999
1271601291203153926,negative,0.05852378648116554
1271601291870044160,neutral,0.4217118844086705
1271601293509959682,negative,0.012164792431929873
1271601296798289920,negative,0.008359996569711365
1271601297901355014,negative,0.3275068838229145
1271601300292218880,neutral,0.437369725752128
1271601300296413186,negative,0.007032605876039598
1271601301500030977,negative,0.01552788654488999
1271601301504192512,negative,0.12780747419880645
1271601302649307139,negative,0.30930691864832854
1271601305300217866,negative,0.07354341437712586
1271601305455296512,negative,0.05670946645000067
1271601305824505861,negative,0.25947272540011757
1271601306004848640,negative,0.08002465081650481
1271601306017452034,negative,1.8066554511466122e-05
1271601307980304384,negative,0.0006646862251329879
1271601308030717952,negative,1.0642645821643195e-06
1271601308647251968,neutral,0.37137062280538924
1271601310031327232,neutral,0.6315114734455297
1271601310404575233,neutral,0.6098877086563688
1271601312380203011,negative,0.0005358077387413497
1271601312988356608,negative,0.2520394481300248
1271601313135177729,negative,0.0008522553940339
1271601314108190720,negative,0.01163442852301478
1271601314536046597,negative,0.007799772249639802
1271601316792602626,negative,0.000912239688992045
1271601318822662144,negative,0.000688138711330129
1271601320982532096,neutral,0.6410636933299579
1271601321460654081,negative,0.004723011612080077
1271601326074597376,negative,0.00174812024433325
1271601327001477126,negative,0.012676502386934916
1271601327458705408,negative,0.017790480136688425
1271601327504789505,negative,0.05817995923428874
1271601328460988418,negative,0.12623410484337377
1271601329287376898,negative,0.03180962742221007
1271601329719271424,negative,0.0748408102365535
1271601330046464001,negative,0.06052950854030898
1271601330721656832,positive,0.7878984431607639
1271601331699154945,negative,0.11241944902933511
1271601333494218752,negative,1.8066554511466122e-05
1271601333498494976,neutral,0.6508296860713119
1271601333561253893,negative,0.0019660331236129296
1271601333641101312,negative,0.002131154058536903
1271601334819655680,negative,0.0014553417066699393
1271601337386573826,negative,0.04251865790289205
1271601339148222465,negative,0.029459991800648205
1271601341912297474,negative,7.114264779214784e-05
1271601342168129537,negative,0.26251571372953
1271601342457544704,negative,0.007492293006742919
1271601343359139841,negative,0.16675725443878675
1271601343443210249,negative,0.0049024829505844945
1271601343833280514,negative,0.32642932923482926
1271601345628377090,negative,3.9992743679653957e-05
1271601345687142400,neutral,0.3381189830050101
1271601347813675008,neutral,0.49789225920557484
1271601351240429568,negative,0.07675759250107847
1271601351588556800,negative,0.23857770830203762
1271601351643074567,neutral,0.37759880199498763
1271601352414769154,neutral,0.3890639521475845
1271601354289623040,negative,0.010648031339205213
1271601354646093824,negative,0.0723132754669506
1271601354906243072,neutral,0.49789225920557484
1271601356244226049,positive,0.7878984431607639
1271601358811074561,negative,1.060442443963043e-06
1271601359016558592,negative,0.00032899115873517875
1271601359234699264,negative,0.31086359309396566
1271601359679295491,negative,0.0008991912671239344
1271601360186880001,negative,0.004001292238628254
1271601360505634817,negative,0.10461357857238672
1271601362783080450,neutral,0.49789225920557484
1271601362816696320,negative,0.3275068838229145
1271601362854428674,negative,0.0009150353363496623
1271601362984370176,negative,0.0005351132759893319
1271601363655421952,positive,0.8007266922775306
1271601363970072576,negative,0.0008023053033958973
1271601365467443202,negative,1.56260701404286e-05
1271601367568781313,negative,0.00033164967578510094
1271601371008176130,negative,0.03717054909496325
1271601372366962693,negative,1.8066554511466122e-05
1271601372442636291,positive,0.7868525013395837
1271601372631269376,neutral,0.437369725752128
1271601373172424709,neutral,0.3381189830050101
1271601373977722880,negative,0.09754758486426898
1271601375147941890,negative,0.0005351132759893319
1271601375466545152,negative,0.0049024829505844945
1271601375630077953,negative,0.003217414187786527
1271601375890345985,neutral,0.37137062280538924
1271601376070701057,neutral,0.36554634806999325
1271601376167149568,negative,0.025986013737638435
1271601376708251648,negative,0.00017384726612143135
1271601377467400194,positive,0.9459696864395102
1271601379149258753,negative,0.03180962742221007
1271601379803639808,negative,0.08287761945299116
1271601381472862210,negative,4.512337797008459e-08
1271601383393955840,negative,0.001982025076677185
1271601383553327105,negative,0.0005310808861522604
1271601383641214977,negative,0.04469476268576839
1271601383641436165,negative,0.00019984109669266473
1271601383683350529,negative,0.00012420501629135366
1271601384794849280,negative,0.27069839133778073
1271601384958373894,negative,0.06652028222170384
1271601386355150850,negative,0.15109238146263732
1271601387554701312,negative,0.24190043021159235
1271601387940524038,negative,0.1462269236542509
1271601388032851973,negative,0.004077199090876045
1271601388456423424,negative,0.3040949491800166
1271601388741689347,negative,0.008879095274456204
1271601389488222208,negative,0.19753827322328846
1271601389584764928,negative,0.000132376457949845
1271601389613887488,negative,0.00021323646588724418
1271601391811821571,negative,0.00032298183102102426
1271601392222953473,negative,0.00019984109669266473
1271601392231149568,negative,7.089972043857831e-05
1271601392348803072,neutral,0.439589607984053
1271601393258856451,negative,0.15476259631434447
1271601393309278209,negative,0.06429264523800138
1271601393388969984,negative,0.2013198904030459
1271601393393156097,negative,0.0002833791535977362
1271601393464475649,negative,1.8066554511466122e-05
1271601394047315968,negative,0.2677905026224625
1271601394265587712,negative,0.05368241837099004
1271601396169748480,neutral,0.3381189830050101
1271601396626972673,neutral,0.3381189830050101
1271601396928872449,negative,0.08002465081650481
1271601397189021697,negative,0.004671237942430555
1271601397725831170,negative,1.8406977812631955e-06
1271601397902049282,negative,0.05817995923428874
1271601399026069506,negative,0.0020809246725845575
1271601399026143235,negative,0.3125680869613598
1271601399231545345,negative,0.20856957026903136
1271601399630102529,negative,0.11983793894305395
1271601400238219267,negative,0.12116970116766315
1271601400468905984,negative,8.653252905711976e-06
1271601400733147137,negative,0.00729999388628654
1271601401001582593,negative,4.828992958017756e-07
1271601401425264641,negative,2.0314056196711032e-06
1271601402134093826,negative,0.0008154165367604188
1271601402226368513,neutral,0.3486960793492351
1271601402545045504,positive,0.9983075352990961
1271601402742214657,negative,0.0233836337753342
1271601402775629826,negative,5.4384303547585064e-05
1271601402989641728,negative,0.0048031083353694045
1271601404201795584,positive,0.9969682233022011
1271601405451632641,neutral,0.34117024056417766
1271601405564981249,negative,0.029459991800648205
1271601405590212609,positive,0.7878984431607639
1271601406173229056,negative,0.0011943712266045462
1271601406579965954,neutral,0.41557614730585196
1271601406588444672,neutral,0.3381189830050101
1271601406609371139,negative,0.00026706758266826873
1271601408437936129,negative,0.0011102407609067716
1271601408723353610,negative,0.00019894404832740268
1271601408773705729,negative,0.011651274296757686
1271601409109172230,negative,8.602011183778233e-06
1271601409239265281,negative,3.999181008519146e-09
1271601409314689026,negative,0.06466618758973336
1271601409650298888,neutral,0.35451443008515343
1271601410493251585,neutral,0.437369725752128
1271601410879057920,negative,0.012146866668358864
1271601412947030018,negative,0.01776981001935287
1271601413139898370,neutral,0.4274047939449264
1271601413379022848,negative,0.0048031083353694045
1271601413475446789,negative,0.0010033410433637482
1271601413714595847,negative,0.000912239688992045
1271601413932617728,negative,9.208034378177232e-05
1271601414398267393,negative,0.03493166466268914
1271601414406639617,negative,0.006827054676551039
1271601414482145281,negative,0.01786866897430779
1271601414930866176,negative,0.007267066988406865
1271601415299887104,negative,0.00019521026848872325
1271601416990265345,negative,0.03435802891054894
1271601417044754432,negative,0.13482060333671542
1271601417049067522,neutral,0.48656311295287125
1271601417103392768,negative,8.499669665591604e-05
1271601417967583232,positive,0.8560290592048831
1271601418269589504,positive,0.9983075352990961
1271601419456516097,negative,0.0015425978250262452
1271601419641139204,negative,0.030346777880785502
1271601419842318336,negative,0.0006474556280493485
1271601419968225280,negative,0.024488963645999402
1271601419976691716,negative,0.0032843570237656434
1271601420849033216,positive,0.684687678208344
1271601421121617922,negative,0.009519737527015864
1271601421650100224,negative,0.08002465081650481
1271601422509932545,negative,0.01655022480749108
1271601422690222080,neutral,0.39825874747498186
1271601424032555011,negative,0.00012973628862037405
1271601424380637184,neutral,0.6036802031617744
1271601424451936259,negative,0.0005358077387413497
1271601425349517312,negative,0.005708571122906952
1271601425827663872,negative,0.027369192976273934
1271601425924194305,negative,0.009565788346745128
1271601426330988544,negative,6.547150004312279e-07
1271601426356199424,negative,0.04251865790289205
1271601426393899008,negative,0.0006231497894395036
1271601426746220545,neutral,0.5755436691302463
1271601426880495617,negative,0.07802105340640744
1271601427090149378,positive,0.9637723765212775
1271601429464170497,negative,8.073210760235679e-05
1271601429598396416,negative,0.060084452779751704
1271601430173016064,negative,0.00023882966192448517
1271601431200641029,neutral,0.3381189830050101
1271601431204814853,negative,0.14385489589323358
1271601431355822080,negative,0.28112816092110127
1271601431607341056,negative,6.275433092557993e-06
1271601431620079617,neutral,0.37446887333563167
1271601433893273602,negative,1.060442443963043e-06
1271601433952083968,neutral,0.36507774192521764
1271601434170142725,positive,0.757269963647711
1271601435071963136,negative,0.03493166466268914
1271601438494523393,negative,0.03180962742221007
1271601439220080640,neutral,0.49789225920557484
1271601440461590528,negative,7.439118614335492e-08
1271601442609156103,neutral,0.3473101901087073
1271601442680377344,negative,5.4699752365427045e-05
1271601443267641345,negative,0.03066741992929385
1271601444932726785,negative,0.002967861328473477
1271601448074260483,negative,5.563136874403509e-07
1271601448682491904,neutral,0.3381189830050101
1271601449064189957,negative,0.07865802506016008
1271601449194135552,negative,0.003838393335864727
1271601450964193282,negative,3.759814752818217e-05
1271601451262005250,negative,0.007064080332269586
1271601451937206278,neutral,0.3396404128754322
1271601451954028545,negative,8.887355458009728e-10
1271601452822204418,neutral,0.5964753789218843
1271601452931321858,positive,0.7878984431607639
1271601454864896001,negative,0.013857081451404473
1271601455296905217,negative,0.04614105367089556
1271601455804362753,neutral,0.3381189830050101
1271601456798289920,negative,0.0049024829505844945
1271601459243749378,negative,3.6826143228758263e-06
1271601459675742215,neutral,0.3381189830050101
1271601460959199233,negative,0.0012359037580937722
1271601463869861888,negative,0.01552788654488999
1271601464344023040,positive,0.9145697676292502
1271601465719750657,negative,0.24190043021159235
1271601466348908544,negative,0.00010362574406025708
1271601468089434118,neutral,0.34999824167036153
1271601468324212737,negative,0.016940099433864833
1271601473533677570,negative,0.0037102536120277117
1271601474045308928,negative,0.014584256541782067
1271601474473099265,negative,0.2824876424311173
1271601474645233665,negative,0.0049024829505844945
1271601475815452672,negative,1.3647027687336287e-06
1271601476075282432,negative,0.027960305954493003
1271601476943646721,neutral,0.42191422235854953
1271601480198434817,negative,7.057993281688673e-07
1271601480881995776,negative,0.02772639301037019
1271601481691602944,negative,1.69597407704258e-05
1271601484300419073,negative,0.0008522553940339
1271601484757716992,neutral,0.3725458233667465
1271601485068017670,negative,0.1300244924050022
1271601485068075009,negative,0.00037732646391627837
1271601485323948032,negative,2.5529158065392486e-07
1271601486267666433,negative,0.0005358077387413497
1271601486846361607,negative,0.0002558508086955222
1271601489249697792,negative,0.01655022480749108
1271601489589477377,negative,0.010147272731134666
1271601490940039168,negative,0.10514448070994588
1271601492659707904,neutral,0.3709212129498952
1271601492718428160,negative,0.023851596854133114
1271601493314088961,negative,0.03674790835495658
1271601493792239616,negative,0.016083963032186826
1271601497936142338,negative,0.0964415183807772
1271601498666020864,negative,0.32521873450907374
1271601499114745856,neutral,0.437369725752128
1271601499756511235,negative,0.06034561721133902
1271601501732044802,negative,0.015685918464084816
1271601502063337473,positive,0.9784284147737594
1271601502927368193,negative,0.01552788654488999
1271601503187304448,neutral,0.34117024056417766
1271601505456570368,negative,0.020627302555158277
1271601506031206401,negative,0.0024688438262976476
1271601507230789635,neutral,0.56806031309156
1271601509906755586,neutral,0.6234049249685203
1271601512213630977,negative,0.01552788654488999
1271601513392148480,negative,2.5117952141234746e-05
1271601513518022656,negative,0.007599598437030047
1271601514046541824,neutral,0.49789225920557484
1271601514105188352,negative,0.0005351132759893319
1271601514130309121,neutral,0.49789225920557484
1271601515132792837,negative,4.763218606660049e-05
1271601516210724864,negative,0.0015163830863382844
1271601518014271488,negative,0.02418230048136031
1271601518165319681,negative,0.11039593456744098
1271601519448776704,negative,0.0021497282238347225
1271601519775883266,negative,0.15797133755319195
1271601519813464065,negative,0.1922260613119826
1271601520031592448,negative,0.01552788654488999
1271601520203743232,neutral,0.3381189830050101
1271601521818550273,negative,0.0016757579784505388
1271601522225352710,negative,0.0002966939623157892
1271601522355421185,negative,0.04023434400805237
1271601522380550144,negative,0.0007700670226405214
1271601522539986945,neutral,0.3381189830050101
1271601522867126272,negative,0.022239639193932088
1271601523705950215,negative,0.005963740368524079
1271601524666482693,negative,0.04745577454064255
1271601526365134854,negative,0.0015198138629097578
1271601526948220930,negative,1.7016112458401472e-05
1271601527166324744,negative,0.19502423039687414
1271601527518568449,negative,0.25947272540011757
1271601528281972736,negative,9.82853698438017e-06
1271601530781814786,negative,1.593935470407086e-10
1271601530815352835,negative,0.0007393833179042186
1271601531050053632,negative,0.03066741992929385
1271601531805196295,neutral,0.5014951470978767
1271601531859742720,negative,0.25850416671048887
1271601534363713537,neutral,0.3381189830050101
1271601534422433795,negative,0.012676502386934916
1271601535173173249,negative,0.08346383870731802
1271601535491940353,negative,0.018488602296359454
1271601535999528960,negative,0.0003495167594397269
1271601536205049856,negative,0.033270503514182106
1271601539501694976,negative,0.17384668057431643
1271601539858169856,negative,0.00048565789725911
1271601541556944896,negative,0.005894416270567474
1271601544274882560,negative,7.34085919362028e-06
1271601547093442562,negative,0.0006646862251329879
1271601548230090758,negative,0.25304544999048345
1271601551346450432,negative,0.0049024829505844945
1271601552386596865,neutral,0.437369725752128
1271601553431056384,negative,0.01749204835158394
1271601554559205378,negative,0.0025330647445916876
1271601556165722113,negative,0.2176894607963708
1271601557386096641,neutral,0.41661895030617113
1271601558166405121,neutral,0.3381189830050101
1271601558208339968,negative,0.30276802052130763
1271601558224924672,negative,0.018057457799133814
1271601560758259713,negative,4.970490947629509e-09
1271601561203027970,negative,0.01552788654488999
1271601561802878976,negative,0.002418228708076309
1271601564046757890,negative,0.018021567573523013
1271601564634025985,negative,0.18698064843967888
1271601570694692867,negative,1.8066554511466122e-05
1271601574318669824,negative,0.05817995923428874
1271601574666801152,negative,0.28112816092110127
1271601576357003265,neutral,0.4583784321128164
1271601577137233920,neutral,0.3381189830050101
1271601577267265539,negative,0.00014477622794388905
1271601577468596225,negative,0.0028025851096217047
1271601580073054209,negative,2.9885554036361554e-05
1271601580677255168,negative,0.0049024829505844945
1271601583126654978,negative,0.002418228708076309
1271601583390892033,positive,0.9970138863759941
1271601583478972422,negative,0.02515588357696957
1271601585467150336,negative,0.03914999556783272
1271601585785798657,neutral,0.34117024056417766
1271601585903329287,negative,0.011767763688193359
1271601589808218112,negative,0.04030462702937734
1271601589875281921,negative,0.001169014852805127
1271601589896253440,negative,0.0002833791535977362
1271601589963444224,negative,0.04251865790289205
1271601590139604993,negative,0.04941055740363159
1271601590315749376,neutral,0.4737554465528978
1271601590366076932,negative,0.005894416270567474
1271601590802116608,neutral,0.34117024056417766
1271601590886162432,negative,0.03313521616478881
1271601590982578177,negative,0.01552788654488999
1271601591062343681,negative,0.058978919832151824
1271601593440485379,negative,0.006769110446710621
1271601594723786752,negative,1.0757930904414469e-05
1271601594984017924,negative,0.0075897251443845645
1271601595663503362,negative,0.0048031083353694045
1271601596028223488,negative,0.007012448520741336
1271601597701898240,negative,0.00019965272296791002
1271601598029062149,negative,0.326516206821509
1271601598461083651,negative,0.0006231497894395036
1271601601883410432,negative,0.0003042493060766195
1271601602357596165,negative,0.054647607255212706
1271601603179696128,negative,0.0049024829505844945
1271601603200479232,negative,4.516165218560878e-05
1271601603552960517,negative,0.09038507580680345
1271601603896913920,negative,0.13564059653788915
1271601604123394049,neutral,0.46127768308170247
1271601604161126400,negative,0.01552788654488999
1271601604211269632,negative,0.0319832305431049
1271601604366565376,negative,6.236105015602125e-07
1271601604714795008,negative,0.0012487134250822873
1271601605121642496,negative,0.22751162204829262
1271601605130031104,negative,0.0005284549120824336
1271601606149255170,neutral,0.5147534410036048
1271601606186930184,negative,0.27069839133778073
1271601606644170752,negative,0.0011324348605721902
1271601607378075649,negative,2.5525158952979323e-05
1271601607382188032,negative,0.1671542399422514
1271601607621382149,negative,1.176706131424099e-05
1271601607713550336,negative,0.0023170344461177867
1271601607768248322,negative,0.193535918142673
1271601608502194179,negative,0.01655022480749108
1271601608766271489,neutral,0.44669975678228724
1271601608917422080,negative,0.14186228834906742
1271601610511220736,negative,0.01496693041675585
1271601611501002753,neutral,0.6022029612724913
1271601611694104576,negative,0.03416143747831388
1271601614814539776,negative,0.0099536958179938
1271601615561244672,negative,0.2378411193086786
1271601616022634503,negative,0.0026441413667698103
1271601616492408833,positive,0.9983075352990961
1271601616882458624,negative,0.0002833791535977362
1271601618597949445,neutral,0.33758533303423804
1271601619071832064,positive,0.997126995515298
1271601619218706432,negative,0.0028061480390637454
1271601619285704707,negative,0.012205753178599421
1271601619797372928,negative,0.011052912318545723
1271601620011421697,negative,0.005894416270567474
1271601621143707648,negative,0.01522312151214735
1271601622972600321,negative,0.01879425341181135
1271601622985121794,negative,9.09654557292609e-06
1271601623744352256,negative,0.00019984109669266473
1271601624075644928,negative,0.0029603755942041385
1271601624570568704,negative,0.3029968537174699
1271601625321406465,negative,0.00033164967578510094
1271601627351388161,positive,0.7878984431607639
1271601627456249860,neutral,0.437369725752128
1271601627884027904,negative,0.00204167288408541
1271601628148367361,negative,1.2020990345404165e-10
1271601628370530304,positive,0.8131889116770082
1271601629075308544,neutral,0.4064281066055449
1271601629079302144,negative,0.08002465081650481
1271601631021260800,negative,0.0018846546932631172
1271601631080087552,negative,0.000912239688992045
1271601631461703680,negative,0.0006231497894395036
1271601631491051520,negative,0.03416143747831388
1271601631789023232,negative,0.05817995923428874
1271601632183226370,negative,0.022772778477847345
1271601632703385600,negative,0.0005351132759893319
1271601635064778753,negative,0.00013116001622000574
1271601635417042947,negative,0.001842031509920941
1271601635668774914,negative,0.15894838135266348
1271601635723264000,negative,0.07937387280159805
1271601635853205504,negative,0.06950287028184945
1271601635970646018,negative,0.01298509591667729
1271601636092153856,negative,0.0004351613217155564
1271601636142657540,negative,0.0026023019266201253
1271601636159500288,neutral,0.3713653118771929
1271601636591484931,negative,1.7420822590254172e-05
1271601639447769089,negative,0.0016979192608886104
1271601639854673921,negative,0.0005358077387413497
1271601640144060416,negative,0.054994079140349234
1271601640152485891,neutral,0.38231782831432615
1271601643721617408,negative,0.01552788654488999
1271601643931316224,negative,0.07481806293871453
1271601644086734854,negative,0.3040949491800166
1271601644212494336,negative,0.07353641937145458
1271601644287987713,negative,0.0004019667944958375
1271601644539654144,negative,0.00035399813491339
1271601644560691200,neutral,0.3823916724275486
1271601644891828224,negative,7.559685904674855e-07
1271601645227474945,negative,0.05716906772144335
1271601645244252160,neutral,0.4147342023902695
1271601647723122690,neutral,0.437369725752128
1271601648096477187,positive,0.9983075352990961
1271601648373313537,negative,0.00015194828200427033
1271601649224765441,negative,0.02428248049254861
1271601649237274624,negative,0.0030412099979313352
1271601649438658561,negative,0.00019984109669266473
1271601649656750080,negative,0.00010015157584620417
1271601651816763392,negative,0.23938987168272977
1271601651862953984,negative,0.07481806293871453
1271601652664057856,negative,0.025667753840381006
1271601652731084808,negative,1.5804032492840705e-06
1271601652836052994,negative,0.0005632070510285128
1271601653515522050,neutral,0.49789225920557484
1271601653679099910,positive,0.684687678208344
1271601653695655938,negative,0.15323157825664108
1271601654031417344,positive,0.9856339366098104
1271601654123704320,neutral,0.3725458233667465
1271601656493416448,negative,0.08002465081650481
1271601656602525696,neutral,0.5563096674351545
1271601656707158016,negative,1.3956475926598365e-09
1271601657143611392,negative,0.000132376457949845
1271601657680465921,negative,0.022239639193932088
1271601658246529024,neutral,0.4673421615500572
1271601658368339968,negative,0.038444519666479555
1271601658770993153,negative,0.0002833791535977362
1271601659152609281,negative,0.09289095302385417
1271601660893200384,negative,0.00033486341501223456
1271601660910080001,negative,0.0023761115032911438
1271601661346275328,neutral,0.47978792988092944
1271601661887369217,negative,0.03359454236833642
1271601662076035074,negative,0.1761320119809451
1271601662159982594,negative,0.006429371492634544
1271601662243659776,negative,0.0023170344461177867
1271601662571003904,neutral,0.437369725752128
1271601662625566722,negative,0.19913514153563264
1271601664756252673,negative,0.0011864614844800574
1271601665792192515,negative,0.0007700670226405214
1271601666001960965,negative,0.0010033410433637482
1271601666022916096,negative,0.011703220097117726
1271601666605940737,negative,0.05963095548079688
1271601666899525632,negative,0.00019984109669266473
1271601667021180928,negative,6.19107912356467e-11
1271601667708989440,negative,0.29974194329755127
1271601668644376576,negative,0.1531014281047877
1271601668841447424,negative,0.0023527867072195645
1271601668862377984,negative,8.58761196702803e-06
1271601669374193668,negative,0.07218329575012332
1271601669403533319,negative,0.007550432766606432
1271601669810409472,negative,3.749320611604227e-05
1271601669957128192,neutral,0.47800712619015706
1271601670716260352,negative,0.0013553095786544948
1271601670741508096,negative,0.04251865790289205
1271601670741524486,negative,0.07638420358625374
1271601670804221952,negative,0.00017790270672818597
1271601670917685248,negative,0.0008001326175284165
1271601672796753921,negative,0.17870078326640873
1271601673014620160,negative,0.21921412548362115
1271601673094467587,negative,0.012017192431571493
1271601673404731393,negative,0.05897235857735733
1271601674214420483,negative,0.13345283042469455
1271601675082571777,negative,0.03670255851540621
1271601675220979712,negative,0.01552788654488999
1271601677263687680,negative,0.0002346400723050313
1271601677720850437,negative,0.018231076434766017
1271601677754421248,neutral,0.3721423283283095
1271601678408695809,negative,1.345744995052653e-05
1271601678656114689,negative,4.077881714625807e-10
1271601678828163072,neutral,0.34043395610079
1271601679130075137,negative,0.0049024829505844945
1271601679226613760,negative,0.007367734062126459
1271601679390162947,negative,0.0010124928719095897
1271601679587254274,negative,9.200306130512316e-05
1271601681583620096,negative,2.90536487686921e-06
1271601681671823360,negative,0.03747746763312574
1271601681701224449,negative,2.7112386160141126e-05
1271601681768214528,negative,0.26123670052509024
1271601682007437313,negative,0.04771198159362224
1271601682422603779,negative,0.015946341074103896
1271601683240488960,negative,0.15562529076464185
1271601683265699840,negative,0.013670573633412467
1271601683370520577,negative,2.832363204371297e-08
1271601683374759937,negative,0.0004748727618833213
1271601683534090242,negative,0.005894416270567474
1271601684150652928,negative,0.012676502386934916
1271601684272340992,negative,0.00042494734904782375
1271601685496885248,negative,0.05470356307280094
1271601685698404353,negative,1.5804032492840705e-06
1271601685807366145,neutral,0.5702125346608172
1271601685841002496,negative,0.003441067324396062
1271601685862002688,negative,0.0023170344461177867
1271601685954269184,negative,0.013229794318693866
1271601686134620162,negative,0.0021179745954072273
1271601686331756544,negative,0.06378596909450981
1271601686583414784,negative,0.14303345424033562
1271601687137071104,negative,0.001842031509920941
1271601689343283206,negative,0.0006674431170298267
1271601689506844672,negative,0.028431595891872056
1271601690530152450,negative,0.2884935836604933
1271601690630856706,negative,0.04580868801829515
1271601690861547520,negative,0.0012640037357231752
1271601690903564288,negative,0.0024062061310469113
1271601691184582659,negative,0.01869269172761346
1271601691805319169,negative,0.03840564920058137
1271601691813650434,negative,0.10798740673973299
1271601691838894080,negative,0.0964415183807772
1271601692153348098,neutral,0.49789225920557484
1271601694200279041,negative,0.009519737527015864
1271601694334423041,positive,0.7154964557641528
1271601695773073414,negative,0.00033287291598040416
1271601695777329152,positive,0.8279568069646384
1271601696070868992,negative,0.0005358077387413497
1271601696205164546,negative,0.0004844987907253327
1271601696322531330,negative,0.31256111950851495
1271601696540631040,neutral,0.5277759842869705
1271601697115328515,neutral,0.522567342745491
1271601699040505856,negative,0.04972779937479586
1271601699124400129,negative,3.69561265657146e-10
1271601699380232192,negative,0.0006728627838666724
1271601699413790720,negative,0.0005358077387413497
1271601699787022336,negative,0.13576598683437843
1271601699958845442,negative,5.895818074738155e-06
1271601700290297860,negative,0.00019984109669266473
1271601701003329536,negative,0.00025521795545906155
1271601702278443008,negative,0.0039037812889413086
1271601702706257925,negative,0.12551476228903677
1271601702819463175,negative,0.021071691358899372
1271601702882377729,negative,4.084921899780286e-09
1271601703150923776,negative,0.0002833791535977362
1271601703155052545,negative,0.03416143747831388
1271601703192756225,negative,7.336055119111281e-05
1271601703297695746,negative,0.00036986781985034426
1271601703448698881,negative,0.21660811791202764
1271601703478087680,negative,0.09629898425341812
1271601703897518080,negative,0.15109238146263732
1271601703931072512,negative,0.00019984109669266473
1271601704212017152,negative,0.004282656896085132
1271601704258220033,negative,0.00015020895560853226
1271601704375590917,negative,0.012157219429847021
1271601704769859585,negative,0.0005358077387413497
1271601704828452864,negative,0.0061917397416170455
1271601706837688320,negative,0.01552788654488999
1271601706900639749,negative,0.044415848827102325
1271601706934075392,negative,0.029459991800648205
1271601707093569536,negative,0.18574394670465516
1271601707135500291,negative,0.039433821832599185
1271601707198361602,negative,0.18909143581032145
1271601707479433222,negative,0.03587466023221373
1271601707781369864,negative,4.482972286831164e-06
1271601707831693317,negative,3.675946536343074e-06
1271601707907153920,negative,0.00157921824750368
1271601707991085066,negative,0.05588581722909747
1271601710847479809,neutral,0.46127768308170247
1271601711032012800,neutral,0.488980795869304
1271601711120101388,positive,0.6624055896622104
1271601711166246912,negative,0.028303820647889725
1271601711677726720,negative,0.027369192976273934
1271601712055418884,negative,0.0003198511053668124
1271601712323756032,neutral,0.437369725752128
1271601712458055680,negative,6.015695273629591e-15
1271601712516694016,negative,0.16181369063462486
1271601712529321984,negative,0.026591659030510178
1271601712659382273,negative,0.0029603755942041385
1271601712990760960,negative,0.05610309040052827
1271601713108090880,negative,0.03804145621633427
1271601713972117504,negative,0.15426889957733209
1271601714735599620,negative,1.67824124727267e-05
1271601715121397763,negative,0.0576698202990087
1271601715150753795,negative,0.00023882966192448517
1271601715192758273,negative,0.005894416270567474
1271601715243081729,negative,0.001842031509920941
1271601716094533632,negative,0.2491356059776983
1271601716123836417,negative,0.08082008098671678
1271601716522344448,negative,0.00011793316901768697
1271601716669054977,negative,0.00023882966192448517
1271601716882964487,negative,0.07802105340640744
1271601717042388996,negative,0.11162762197975168
1271601717373808648,negative,0.07919915565776343
1271601717411557379,negative,2.5250049208242876e-06
1271601719324151810,negative,0.07113350953825799
1271601719353450496,negative,0.0011430068027127969
1271601719936348160,negative,0.01552788654488999
1271601720083255298,negative,0.0020655792156688865
1271601720095899648,negative,0.00011901263857809462
1271601720385245185,negative,0.052722150362181516
1271601720947355652,negative,0.005894416270567474
1271601721081503744,neutral,0.3381189830050101
1271601721429635073,negative,1.69597407704258e-05
1271601721710710792,negative,0.18684817000425838
1271601721882677249,positive,0.8053021397975864
1271601722008449031,negative,0.006769110446710621
1271601722063011840,negative,5.165309083088886e-06
1271601723107414017,negative,0.20695132830432936
1271601723136716800,negative,0.0882311381289216
1271601723304337409,negative,0.2648773356186697
1271601723866517504,negative,0.007599598437030047
1271601723954663424,negative,0.005131442112868792
1271601724441141248,negative,0.0023330964321275995
1271601724856418307,neutral,0.4985928500860049
1271601724948729858,negative,0.2793168272936149
1271601724986458112,negative,3.4756179013684414e-05
1271601725477195777,negative,2.5144893589907698e-05
1271601725627981824,negative,0.01991638529144152
1271601725783318529,negative,0.11162762197975168
1271601728048246784,negative,0.0031380462099212607
1271601728341884928,negative,8.11134707067555e-06
1271601728643719169,negative,0.04633602256442129
1271601728673251333,negative,0.0002056512414077597
1271601728966836225,negative,0.0005000728954740911
1271601728991813633,negative,0.04692282387135488
1271601729277222917,negative,0.07762784543750909
1271601729663107075,negative,0.00048559593649531447
1271601729700757506,negative,0.1539623044922284
1271601729814122496,negative,0.00012566462751283675
1271601729969274882,negative,0.0558885799001062
1271601729981886464,neutral,0.437369725752128
1271601732230025216,negative,0.0002833791535977362
1271601732238311425,negative,0.1171389987669925
1271601732569763843,neutral,0.34117024056417766
1271601732955455489,negative,1.069176865735762e-09
1271601733068865536,negative,0.009864188536289781
1271601733232472065,negative,0.0016737896560586971
1271601733463093248,negative,0.024864435263177366
1271601733471555584,negative,0.0010643594707194018
1271601733551169538,negative,0.016656028492176282
1271601733765140481,negative,1.1521101936796828e-05
1271601733987426305,negative,0.12227762356369955
1271601734276853760,positive,0.671337306919619
1271601734583029762,positive,0.9376878850995406
1271601734645952514,negative,0.11162762197975168
1271601735623204866,negative,0.0142945131238688
1271601735707045888,neutral,0.4933158530710995
1271601736290009088,negative,0.000132376457949845
1271601736290054144,positive,0.7878984431607639
1271601736361394181,negative,0.039286133369671385
1271601736374013953,negative,0.04150684613820718
1271601736550158337,negative,0.11692329442466023
1271601736843739136,negative,0.008662462868170809
1271601736860360704,negative,0.18913660795200676
1271601737477107712,negative,2.8954300979461068e-05
1271601740148879360,neutral,0.4814216422911448
1271601740811468810,negative,7.2884477388465e-05
1271601741038071813,negative,0.08346383870731802
1271601741264490496,negative,0.046484769731093445
1271601741612625922,neutral,0.34638483729906117
1271601741696507907,negative,0.2875823829231306
1271601742082441218,neutral,0.5276683768280261
1271601742464065536,negative,0.00013433701916419725
1271601742724169728,negative,0.00300544955673876
1271601742808068099,positive,0.8703918919744492
1271601744448028672,negative,0.004883957926701671
1271601744515039233,negative,0.002831585181180253
1271601744724680705,negative,0.08002465081650481
1271601744779321351,neutral,0.42755866745518784
1271601744963710977,negative,0.008185536583616083
1271601745014161411,negative,3.1835938403710915e-06
1271601745068728333,neutral,0.4822464868792444
1271601745093955590,negative,0.028303820647889725
1271601745786015745,negative,0.20757850165123046
1271601745995522048,negative,6.351934113705779e-06
1271601746079633408,negative,1.8640813909346823e-13
1271601746251579392,negative,0.00018137287840119454
1271601748378103809,negative,0.0964415183807772
1271601748734550016,negative,0.28123893187966836
1271601748986265602,negative,3.4756179013684414e-05
1271601749476941826,negative,0.00016628924848785266
1271601749690908674,negative,0.09365175290187668
1271601749703503873,negative,4.37882775757875e-06
1271601749858508806,negative,0.023336692626154305
1271601749888040960,negative,0.028435567986380497
1271601750202396672,negative,0.004902285523916794
1271601750919741442,negative,0.005894416270567474
1271601751175634946,negative,0.01298509591667729
1271601752496836609,neutral,0.43480550007559693
1271601753868378114,negative,7.886340358317108e-05
1271601754057117696,negative,0.026591659030510178
1271601754115801089,negative,0.0003151247544846202
1271601754334015490,negative,0.00019984109669266473
1271601754661179393,negative,3.262796994869556e-05
1271601754761805829,negative,0.05571559393425266
1271601754929598471,negative,0.0002833791535977362
1271601756762517506,negative,0.03321609992358921
1271601757051932673,negative,0.0057893423743701775
1271601757471326208,negative,3.152322792760819e-06
1271601757559427072,negative,0.08197847040293153
1271601757739720704,negative,0.007954934633077601
1271601757869744128,negative,0.010741929144073329
1271601758322728965,negative,0.2724388926224287
1271601758725341186,negative,0.010147272731134666
1271601760076005377,negative,0.0005330289711396502
1271601760520585218,negative,1.3731535793662418e-07
1271601760587612160,negative,0.15426889957733209
1271601760977772544,negative,0.0011563055023189643
1271601761342668801,negative,0.0471429685005113
1271601761472720898,negative,0.000132376457949845
1271601761736941568,negative,2.475377567719212e-06
1271601761866919937,negative,1.56260701404286e-05
1271601761980203009,negative,0.0705323048779865
1271601761996939265,negative,0.012164792431929873
1271601762072440833,negative,0.002418228708076309
1271601762126848006,negative,0.23892579260418803
1271601762198335489,neutral,0.47022341483285823
1271601762303184897,negative,0.0010544497805837873
1271601762710040576,negative,0.0018183876902200331
1271601765125894145,neutral,0.6016603168931619
1271601765457301504,negative,0.0005351132759893319
1271601766421889030,negative,0.0010124928719095897
1271601766895927296,negative,0.00016628924848785266
1271601766900080641,neutral,0.3396404128754322
1271601767151796230,negative,0.15797133755319195
1271601767537676290,negative,0.1324816480086517
1271601767776649216,negative,0.0007969433097646404
1271601767948734466,negative,0.026615173795510632
1271601768254918656,positive,0.8890922804352984
1271601769844531205,negative,0.0031973172051447687
1271601770859581441,negative,1.060442443963043e-06
1271601771027353602,negative,0.00019984109669266473
1271601771178192896,negative,3.089926208827502e-05
1271601771442569216,negative,6.547150004312279e-07
1271601771689857024,negative,1.4282680352932503e-05
1271601771782144003,neutral,0.34117024056417766
1271601772126244866,neutral,0.41883660624644137
1271601773720014848,negative,0.043598371671244036
1271601773883518977,negative,0.0005330289711396502
1271601774302916608,negative,0.0005000728954740911
1271601774349123585,negative,0.015386386874891427
1271601774667972611,negative,0.00011341912160628809
1271601775196471298,negative,0.008735343336242155
1271601775263518721,neutral,0.5072119503472683
1271601775376764929,negative,0.000132376457949845
1271601775720742914,negative,1.5804032492840705e-06
1271601775838191617,positive,0.9983075352990961
1271601776890916864,negative,0.026091745880890922
1271601777033568258,positive,0.7878984431607639
1271601777188708352,negative,0.10329182763909436
1271601777880621057,negative,0.07173209874973695
1271601778207973377,neutral,0.49789225920557484
1271601778937794560,neutral,0.3897927340127827
1271601779097174021,negative,0.0678165372337791
1271601779348815876,negative,0.002018737472771262
1271601779470368773,negative,0.01552788654488999
1271601779680202752,negative,5.8580646182148146e-05
1271601779814301696,negative,0.008669211922248742
1271601780183490560,negative,0.00045907546696176166
1271601782008012800,negative,0.08000202738784179
1271601782062489601,negative,0.16733962349136758
1271601782217564161,neutral,0.6454679525862557
1271601782276255744,negative,0.014760537344916553
1271601782746165249,negative,0.025667753840381006
1271601782901420034,positive,0.7878984431607639
1271601782905622528,negative,0.12227762356369955
1271601783060574208,negative,0.028648481905529474
1271601783543078912,negative,0.08000202738784179
1271601783798890498,negative,0.00157921824750368
1271601783844909056,negative,1.8066554511466122e-05
1271601786336534535,negative,0.004057587163118031
1271601786353340417,negative,0.026594391015495343
1271601786487476227,negative,0.002367906770134696
1271601786726514690,negative,0.0002833791535977362
1271601786755915778,negative,0.029221171854788907
1271601787276066818,negative,0.3275068838229145
1271601787695398912,negative,0.05407524571388609
1271601787905196033,negative,0.001595334237663935
1271601787947139076,negative,6.172191630946386e-06
1271601788144287751,neutral,0.35451443008515343
1271601788496592896,negative,0.012676502386934916
1271601788848922625,negative,0.00028691260630437813
1271601790526672896,negative,0.3275068838229145
1271601790694408193,negative,0.26123670052509024
1271601791403089920,negative,2.87299227117462e-07
1271601792560836609,negative,0.0736103493337944
1271601792648990725,negative,0.023881704366282723
1271601793278107648,negative,0.06511908741675687
1271601793475248128,negative,0.00019984109669266473
1271601794649489408,negative,3.7698203701367254e-05
1271601794985021447,negative,0.03608881605954124
1271601795035521024,negative,0.07092030381722134
1271601795366899712,neutral,0.4737554465528978
1271601795484258304,neutral,0.40178205310173665
1271601795517878274,negative,0.01552788654488999
1271601795538788352,negative,1.4282680352932503e-05
1271601795693867008,neutral,0.5722751070188389
1271601795710803969,negative,0.21196202546971155
1271601795777912834,negative,0.16437877331818024
1271601795786248194,negative,0.000132376457949845
1271601795903696897,negative,0.032938814020609566
1271601795949834240,negative,1.8066554511466122e-05
1271601796146921473,negative,1.5804032492840705e-06
1271601796360941569,negative,0.029459991800648205
1271601798617366530,neutral,0.34117024056417766
1271601799934418944,negative,0.046484769731093445
1271601799942856704,negative,0.0049024829505844945
1271601800550981632,neutral,0.4569023918106783
1271601800731193345,negative,0.04495357886299508
1271601801691684865,negative,0.22320656769500688
1271601802182561792,negative,0.005894416270567474
1271601802664980480,negative,0.003061008705015652
1271601802958569474,negative,0.0018896691811764045
1271601803088576514,negative,1.793485288921745e-11
1271601803117854720,negative,0.0861737544556488
1271601803264737285,negative,0.30555579990975373
1271601803818414087,negative,0.2743051350402935
1271601803868745728,negative,0.31256111950851495
1271601803990306816,negative,0.009272739832239805
1271601804351082496,negative,0.0006322941464002306
1271601804569120774,negative,0.16181369063462486
1271601804585959426,negative,0.308199125160694
1271601804799860736,negative,0.0010512437128292194
1271601805017964546,negative,0.043598371671244036
1271601805441609728,negative,0.28913796957367
1271601805491929088,negative,0.1628976482749928
1271601805735198720,negative,0.13666746933319543
1271601807391932417,negative,2.247260680282803e-05
1271601807655989249,negative,0.008178362527209763
1271601807928594432,negative,0.00493095410019311
1271601807978987521,negative,0.003342045121436685
1271601808268500992,negative,0.00033777355552436797
1271601808377630720,positive,0.9674445099705544
1271601808511819776,negative,0.015868248382990783
1271601808646049792,negative,0.004139839420174502
1271601808729833473,positive,0.773164355869766
1271601808738324484,negative,0.0005330289711396502
1271601808792621056,neutral,0.34117024056417766
1271601808859893760,negative,0.006013999562242558
1271601808885022720,negative,0.04495357886299508
1271601809061294081,negative,0.00022689108012196495
1271601809166041088,negative,5.606243967029899e-05
1271601809413595137,negative,0.016447491419061072
1271601809484898306,negative,0.25318237069832455
1271601812018257920,negative,0.00013130056121925964
1271601812022464513,negative,2.721886505310533e-09
1271601812076929026,negative,1.8066554511466122e-05
1271601812160884738,negative,0.08259664052981665
1271601812395692033,negative,0.024809239478898727
1271601812433494021,negative,0.05816938765763572
1271601812790009856,neutral,0.6377489247690066
1271601812974567425,neutral,0.47697210391394973
1271601813184225280,negative,0.000444384653634083
1271601813456855043,neutral,0.5549127180421886
1271601813473472512,negative,0.01552788654488999
1271601813473681409,negative,6.869235430819808e-05
1271601813515534336,negative,0.02474038220294332
1271601813624676352,neutral,0.37137062280538924
1271601814157307904,negative,0.016841725979090564
1271601815851880448,negative,0.16172293845929064
1271601816845848578,negative,0.046484769731093445
1271601816892030978,negative,0.2486640047527842
1271601816929697794,neutral,0.570559329140436
1271601817126830082,negative,0.21603976955733373
1271601817206521857,neutral,0.5089004219517322
1271601817240174593,negative,0.0002833791535977362
1271601817303109633,negative,0.1853447716208767
1271601817395306502,neutral,0.3381189830050101
1271601817516937216,negative,0.12227762356369955
1271601819890757633,negative,0.005014943087364652
1271601819911966721,negative,8.073210760235679e-05
1271601820142571522,negative,0.024378548737290597
1271601820180385792,neutral,0.34117024056417766
1271601820398469125,negative,0.0009028042954317648
1271601820750819335,negative,0.005894416270567474
1271601820809531396,negative,1.4282680352932503e-05
1271601821015068673,neutral,0.40506534230917196
1271601821442805760,negative,0.0005351132759893319
1271601821656600576,negative,0.01552788654488999
1271601821715509248,positive,0.9909425043737482
1271601821728026624,negative,0.0005351132759893319
1271601822076071937,negative,0.0585301424596441
1271601822466220032,negative,1.8066554511466122e-05
1271601822969593857,negative,0.05909488874382952
1271601822982180864,negative,0.15590454891793734
1271601823045083143,negative,0.012676502386934916
1271601824328495105,neutral,0.5970403916437437
1271601824504709122,negative,1.0603286969273401e-08
1271601824521469952,negative,0.007816173043045015
1271601824953298945,negative,0.00204167288408541
1271601825095905282,negative,0.006037807319365434
1271601825725198336,negative,0.028431595891872056
1271601827017043970,negative,0.006151678778412074
1271601827235102723,negative,1.501997792626926e-08
1271601828426395648,negative,0.23606294079739096
1271601828740751361,negative,0.19924545451767137
1271601829474971648,neutral,0.3996580091506196
1271601830192177153,negative,0.000132376457949845
1271601830213140480,negative,3.096551105700191e-08
1271601830791790592,negative,0.002395107361095619
1271601832742322176,negative,7.2884477388465e-05
1271601832842932224,negative,1.0493438461949012e-05
1271601833098739712,positive,0.9927727531652106
1271601833278967809,negative,0.15426889957733209
1271601833522483203,negative,0.00011791760518418482
1271601834029912066,negative,0.1587653217128625
1271601834432610306,negative,0.0005019988229711717
1271601834512261120,negative,0.13223660272479967
1271601834713649159,negative,0.02428248049254861
1271601836345167872,negative,0.0029636791299903122
1271601836408156160,positive,0.7964588037514007
1271601836827574272,negative,0.026594391015495343
1271601837540552711,negative,8.217147800808236e-05
1271601837779623936,positive,0.9591577753886266
1271601837985222657,negative,0.0002049742042827899
1271601838454956033,negative,0.19552563706121598
1271601838492651520,negative,1.9565718695786653e-06
1271601839000059904,negative,0.1775401823356359
1271601839113412609,neutral,0.5230271910277728
1271601839398703104,negative,0.005505954586877534
1271601840505991174,negative,5.954885429016894e-11
1271601840577286146,negative,0.17205149217035345
1271601840702943232,negative,0.02282647380578316
1271601840707317762,negative,1.8066554511466122e-05
1271601840795377664,negative,0.00132805127624121
1271601841546149896,negative,0.00016628924848785266
1271601841596481536,negative,0.19272371871752378
1271601841831362560,negative,0.009888175672325607
1271601842166861826,negative,0.022239639193932088
1271601842296930306,negative,3.1331698647888764e-05
1271601842544349190,negative,0.14308527386746261
1271601844721049601,negative,0.04251865790289205
1271601845107150849,negative,0.01581962339908979
1271601845266456577,negative,0.05446895298064937
1271601845685944323,neutral,0.4353447131478714
1271601845757247490,negative,0.04251865790289205
1271601845798989824,negative,0.006433355913512592
1271601845987733504,negative,5.411394983321132e-13
1271601846239596544,negative,0.015946341074103896
1271601846352850944,negative,0.004464893361949762
1271601846486994944,negative,0.02915755271206269
1271601846692352000,negative,0.020137136772376742
1271601846860333057,negative,2.2341924829761687e-05
1271601847049039877,negative,0.02372232030422954
1271601847695007744,negative,0.00011791760518418482
1271601847703343105,negative,0.0013876501219581817
1271601849003581442,negative,0.00019984109669266473
1271601849184014338,negative,0.025152324668022856
1271601849284669440,negative,2.8885943478146695e-05
1271601849745969152,negative,0.19894816053849246
1271601849758552066,negative,7.236773637704521e-08
1271601849955749888,negative,0.004200242610828894
1271601850010103814,negative,0.01552788654488999
1271601850022846465,negative,0.001982025076677185
1271601850027061249,negative,0.18795859623648656
1271601850215731200,negative,0.18135203130807032
1271601850312282112,neutral,0.49789225920557484
1271601850773647362,negative,1.5821000059472022e-06
1271601850949816320,negative,0.3040949491800166
1271601851075645446,negative,0.03980030593590898
1271601851222425605,negative,0.00025521795545906155
1271601851608313857,negative,0.00019984109669266473
1271601851625091073,negative,0.0002558508086955222
1271601853395079175,negative,0.012017192431571493
1271601853520805888,negative,0.01689249307260506
1271601853558484992,negative,0.033149615113105706
1271601854795919360,negative,0.0046345934018919305
1271601855190138880,negative,0.00023882966192448517
1271601855320272898,negative,0.0012621969506292634
1271601856029040643,negative,0.00016628924848785266
1271601856696012801,negative,0.05817995923428874
1271601857425805312,negative,0.0074669692566692
1271601858130464770,neutral,0.4125734707749791
1271601858180775936,negative,0.05316089390398922
1271601858226933763,neutral,0.47022341483285823
1271601858251980800,negative,0.000384420433528669
1271601858969133057,negative,0.19502423039687414
1271601859250315264,negative,2.5067332281080292e-08
1271601859833323520,negative,0.04229096052263823
1271601859879473156,neutral,0.5533970533999424
1271601859900444678,negative,0.00019984109669266473
1271601860324048897,negative,0.00020276670487097198
1271601860651163653,negative,2.0314056196711032e-06
1271601861485830144,neutral,0.46127768308170247
1271601861766889472,negative,0.13445221045552044
1271601862454775808,negative,0.04580868801829515
1271601862530211851,negative,0.2694369986199594
1271601862563827712,negative,0.3275068838229145
1271601863180328961,negative,0.00012087283826559246
1271601863201304576,negative,0.005894416270567474
1271601863209766912,negative,3.55355186306911e-05
1271601863306199040,negative,0.01786866897430779
1271601863872466950,negative,0.0005351132759893319
1271601864107339778,negative,0.03128375507535223
1271601864467939328,negative,0.03670255851540621
1271601864509964302,negative,0.3285517428812296
1271601866049155072,negative,0.3019077985985031
1271601866141585409,negative,1.8066554511466122e-05
1271601866992951296,negative,0.14308527386746261
1271601867202715648,neutral,0.6234049249685203
1271601867219501056,negative,2.451633493288027e-12
1271601867341148161,negative,1.3271763080634645e-07
1271601867731152897,neutral,0.49780816483276497
1271601868519747584,negative,0.2941876211789913
1271601870155513858,negative,0.2847093328097419
1271601870176468992,negative,0.006266999912702252
1271601870541373440,neutral,0.3381189830050101
1271601870595919873,negative,0.13416392214510797
1271601870746894342,negative,4.5257911102648185e-05
1271601872026165248,negative,0.008541020680669314
1271601872042962945,neutral,0.49333739700952545
1271601872105807872,negative,0.009263039052917739
1271601872399290368,negative,0.0002558508086955222
1271601872407797760,positive,0.9145697676292502
1271601874140094465,neutral,0.4785047035876187
1271601874752471040,negative,0.00019984109669266473
1271601874874044417,negative,0.041894793809486804
1271601874878238720,negative,0.01719004681774222
1271601874966380546,negative,0.14005290526791664
1271601875423379456,negative,0.08818161423987897
1271601876136574982,negative,0.021295168826505204
1271601876870594562,negative,0.18795859623648656
1271601876883116033,negative,1.56260701404286e-05
1271601878355324930,negative,3.262796994869556e-05
1271601878367973377,negative,0.18135203130807032
1271601878762209281,positive,0.9460527034997795
1271601878766440449,positive,0.9983075352990961
1271601879240196097,negative,3.989741608300387e-06
1271601879269683206,neutral,0.49789225920557484
1271601879290527744,negative,0.015180144798222684
1271601879290646531,negative,0.021538693427971423
1271601879332651011,negative,0.11162762197975168
1271601879559163904,negative,0.007892749859270635
1271601880146178049,negative,0.0010033410433637482
1271601882335764482,negative,4.253730144853028e-07
1271601882478280705,negative,0.03437560345842898
1271601882847461376,neutral,0.34862716161394935
1271601882914590720,negative,0.0009175264165824337
1271601883438776320,negative,0.1800192639381209
1271601884109910018,negative,1.062063940850468e-06
1271601884219019270,negative,0.18909143581032145
1271601884441251841,positive,0.7500377016963704
1271601884701364231,negative,0.004764885744812812
1271601884755787778,neutral,0.48773238291385845
1271601884793417728,negative,0.004077199090876045
1271601886924341256,negative,0.05589297931314354
1271601887121465344,negative,0.006013999562242558
1271601887167553537,negative,0.004719478011270874
1271601887184334849,negative,0.015891713149884017
1271601887352160260,negative,0.0010033410433637482
1271601887654154240,neutral,0.6297664607005927
1271601888631422976,negative,0.002395107361095619
1271601888924925954,neutral,0.35451443008515343
1271601889357021184,negative,0.018693549425150512
1271601891621961733,negative,0.0006103084679402717
1271601891802255361,negative,0.1628976482749928
1271601891978489859,negative,0.3040949491800166
1271601892209102848,neutral,0.44709097055441516
1271601892624412679,negative,0.01552788654488999
1271601892699881472,neutral,0.3381189830050101
1271601892985131011,negative,8.317580942819911e-07
1271601893207244800,positive,0.9997580264596364
1271601895115800577,negative,0.27403404469589215
1271601895774224384,negative,9.09654557292609e-06
1271601896156016640,neutral,0.3823916724275486
1271601896520892417,negative,0.002967861328473477
1271601896642547713,negative,0.08474344951631987
1271601896801947648,negative,2.8802381559108463e-08
1271601896881610752,negative,0.026102557911560516
1271601897095430145,negative,6.393933317780204e-05
1271601897166815234,negative,0.037923919074804614
1271601898366304257,negative,0.0018375631550464277
1271601899654045696,neutral,0.41883660624644137
1271601899981213697,negative,0.04755507595224127
1271601900929114112,negative,0.017011270242630577
1271601901130391555,negative,0.03840564920058137
1271601901407219713,negative,0.043598371671244036
1271601901633703942,negative,0.018720000499947858
1271601902049021953,negative,0.00011341912160628809
1271601902095130626,negative,0.0001478289100120608
1271601902350991366,negative,0.25910548221962193
1271601902434705409,negative,1.176706131424099e-05
1271601903663751169,negative,0.06150549043266859
1271601903739138048,negative,0.00033287291598040416
1271601903932256257,negative,0.0825886283591841
1271601904053673985,negative,0.24531216546523807
1271601904255143936,negative,0.0319832305431049
1271601904427110407,neutral,0.5635907821093047
1271601904754311170,negative,0.0007904662856937187
1271601904892760064,negative,0.026717023310675433
1271601905010171904,neutral,0.3381189830050101
1271601905274363904,neutral,0.3381189830050101
1271601905454768128,neutral,0.3381189830050101
1271601905798610951,negative,0.1853447716208767
1271601905840644097,neutral,0.437369725752128
1271601907635757056,negative,0.006958251972922091
1271601908269101056,negative,0.02474038220294332
1271601908545970184,negative,0.019154536361915823
1271601908562767872,negative,0.027716858505850022
1271601909552615425,negative,0.012164792431929873
1271601909556789254,neutral,0.3381189830050101
1271601909900759040,neutral,0.45179930182515665
1271601910357917696,negative,0.11162762197975168
1271601910374694912,negative,0.0005082782003187716
1271601910445899776,negative,0.01305592677996788
1271601910622179330,negative,0.003689380387998146
1271601910626189312,negative,0.005302606233761681
1271601912085872640,negative,1.9921243586546582e-06
1271601912085970945,negative,0.0002833791535977362
1271601912123494400,negative,0.11516643427432266
1271601912253644801,negative,0.25318237069832455
1271601912304074758,negative,0.02428248049254861
1271601912874504194,negative,6.236105015602125e-07
1271601912970915840,positive,0.671337306919619
1271601913193213953,neutral,0.3669953212243205
1271601913725935617,neutral,0.34117024056417766
1271601914166366208,neutral,0.49789225920557484
1271601914367574017,negative,0.006013999562242558
1271601914438914048,negative,0.18795859623648656
1271601916284452865,negative,1.3246117043244962e-05
1271601916305444864,negative,0.32487682076984686
1271601917203025920,neutral,0.39825874747498186
1271601917240770560,neutral,0.6454679525862557
1271601917614075904,negative,0.006579521779023518
1271601917895094275,negative,0.0006231497894395036
1271601917962194946,negative,0.0005000728954740911
1271601918029291521,negative,0.011830181600428645
1271601918125768710,neutral,0.39329242364361594
1271601918268317701,neutral,0.4617384859019602
1271601918620520448,neutral,0.34117024056417766
1271601918935269377,negative,0.018483345227628057
1271601918968815616,neutral,0.4324318813848978
1271601919178485763,positive,0.9983075352990961
1271601919258025984,negative,0.008231210943959339
1271601920180752385,negative,0.12619551266353682
1271601920873041921,negative,0.0021098343141684518
1271601921573490693,negative,0.11162762197975168
1271601921879613440,positive,0.7918622569240754
1271601921955188737,negative,0.18795859623648656
1271601921992863745,negative,0.01552788654488999
1271601922215235586,neutral,0.49333739700952545
1271601922617769984,negative,0.039091732259357415
1271601922668204032,negative,0.11162762197975168
1271601923012116481,neutral,0.3381189830050101
1271601923062464517,negative,8.85352135414744e-06
1271601923087568899,negative,0.16437877331818024
1271601923364401152,negative,0.10947484028698869
1271601923368640513,negative,0.050323877629087625
1271601923452473347,negative,7.2884477388465e-05
1271601924715024384,negative,0.25318237069832455
1271601925033787392,negative,0.005894416270567474
1271601925339963393,negative,0.05817995923428874
1271601925658730497,neutral,0.336919625905539
1271601925868396550,negative,0.002418228708076309
1271601926271111170,negative,0.00042484371982646845
1271601926992519169,negative,0.0009010691749331601
1271601927030259713,negative,0.08611286866235619
1271601927202226177,negative,1.8066554511466122e-05
1271601927265140736,neutral,0.437369725752128
1271601927445413888,negative,0.00019984109669266473
1271601927630073861,negative,0.002886944683696644
1271601927743209477,negative,0.25318237069832455
1271601928695316482,negative,0.055729676515545584
1271601928800219138,negative,0.15204101178962687
1271601929261666305,negative,0.01552788654488999
1271601929324552194,negative,1.8066554511466122e-05
1271601929345478657,negative,0.22513179180885018
1271601929777557504,negative,0.13912907829249654
1271601929878212614,negative,0.05817995923428874
1271601930054307840,negative,0.03392608872251922
1271601930389741568,negative,0.2824876424311173
1271601930519957505,negative,1.0564431730701071e-11
1271601930763227137,negative,0.001842031509920941
1271601930851307520,negative,0.0049024829505844945
1271601930981093377,negative,0.08063168729622666
1271601931023257608,negative,0.025760697639120943
1271601931064971264,neutral,0.40446680944231517
1271601931069337600,negative,0.0015283004847885752
1271601931090309122,negative,0.02509409325019686
1271601931107004419,negative,0.04942439752015916
1271601931174268929,neutral,0.4147342023902695
1271601931190800385,negative,0.158646387209226
1271601931245371392,negative,0.00014060417660730678
1271601931258134540,negative,0.04942439752015916
1271601931333632004,negative,0.00032588143824506196
1271601932889702400,negative,0.0015600244684589246
1271601933002866688,negative,0.009620581326125859
1271601933338451968,negative,0.0004370498675389854
1271601934080843777,positive,0.9376878850995406
1271601934571462657,negative,0.15111125405662715
1271601934730919936,positive,0.6801874660219824
1271601934756184065,neutral,0.5080413626174292
1271601935225729028,neutral,0.34117024056417766
1271601935305641984,negative,0.010873064389172541
1271601937109188609,neutral,0.4183665392976809
1271601937687945216,negative,0.00016628924848785266
1271601937704763392,negative,4.799676682837348e-11
1271601938262523904,negative,0.16841729920146856
1271601938484785152,negative,0.04692282387135488
1271601939126587393,neutral,0.437369725752128
1271601939311202305,neutral,0.6523448911414734
1271601941194276864,negative,0.11380135328978583
1271601941408362496,negative,0.020687678052679757
1271601941517344774,negative,0.0510672148070735
1271601942050070530,negative,0.011020455986940585
1271601942192705536,negative,3.9054644764924817e-05
1271601942368747523,negative,3.0373461343041953e-05
1271601942591127560,positive,0.9983075352990961
1271601943132213248,negative,0.3040949491800166
1271601945699123200,negative,3.289241342631768e-08
1271601946063966208,negative,0.026844430132098973
1271601946671976449,neutral,0.46817320884523245
1271601946772848640,negative,0.21776305988665876
1271601946848301059,negative,0.0005358077387413497
1271601946881859584,negative,0.02635377027137408
1271601947523645440,neutral,0.5533970533999424
1271601947624255489,negative,0.3040949491800166
1271601947645280256,negative,0.015451722078315666
1271601948010008576,negative,0.027076930483470617
1271601949503139840,negative,0.0011943712266045462
1271601949629177856,negative,0.0005629299174020448
1271601949725667329,neutral,0.652988088600254
1271601950010871810,negative,0.015946341074103896
1271601950346350592,negative,0.22414219327297402
1271601950434312193,neutral,0.508376039892537
1271601950748901376,neutral,0.5989621695599217
1271601950874689536,neutral,0.46127768308170247
1271601950929358851,neutral,0.5204845468715149
1271601952019722244,negative,3.989741608300387e-06
1271601953919905797,negative,0.008608911802351274
1271601953974427648,negative,0.04251865790289205
1271601954217586689,negative,0.0002617506575670017
1271601954226155522,negative,0.3040949491800166
1271601954515570688,negative,0.07472149595297736
1271601956335898624,negative,3.6826143228758263e-06
1271601956545531906,negative,0.005894416270567474
1271601956683829248,positive,0.7621577862543767
1271601958634377217,positive,0.9997580264596364
1271601958973997056,neutral,0.49557472908538175
1271601959364157443,negative,0.0002966939623157892
1271601960035258368,negative,0.014114023872165407
1271601960165269505,negative,0.011703220097117726
1271601960194629632,negative,0.0016905711237955373
1271601960588922880,negative,0.00157921824750368
1271601962157510656,negative,0.015946341074103896
1271601962233061376,negative,0.005894416270567474
1271601962321133569,negative,0.13345283042469455
1271601962350452737,positive,0.7878984431607639
1271601962648309773,neutral,0.45539778705163764
1271601962933465088,negative,0.035739383890957856
1271601963176779781,negative,0.007012448520741336
1271601963319341056,negative,0.10748599412053919
1271601963478577153,negative,2.90536487686921e-06
1271601963612897285,negative,0.02332060513388942
1271601964032372737,negative,0.02219462288414203
1271601966376841216,negative,0.08292414888795976
1271601966611922944,negative,0.025423849341311082
1271601966825771018,negative,0.02650482368247653
1271601966896967680,negative,0.11719614381592805
1271601966955847680,negative,0.32620683154629054
1271601967144620032,negative,0.0279889774637231
1271601967538876417,negative,5.2770751233254055e-05
1271601967886983169,negative,0.18135203130807032
1271601968214138880,negative,0.00011791760518418482
1271601968381751297,negative,5.532612955270758e-08
1271601968843304960,negative,0.28768430820383784
1271601971141709825,negative,7.068318948227815e-05
1271601971208822784,negative,0.015946341074103896
1271601971695423490,negative,0.05610309040052827
1271601972660113408,negative,0.029459991800648205
1271601973075288065,negative,0.030349435383431822
1271601973092134912,negative,0.009272739832239805
1271601973402521601,negative,0.07666163017348634
1271601974568509444,negative,0.0006500828903953054
1271601974744621057,negative,0.0009086282115449202
1271601974924828672,negative,0.2573882600675242
1271601975055056901,negative,0.006220593506123027
1271601975193460737,neutral,0.45173918308127253
1271601975516450816,negative,0.07941761687612131
1271601975717695489,negative,0.00016628924848785266
1271601975784804352,negative,0.00607167225208421
1271601976032231424,negative,0.18662755844527773
1271601976191549440,negative,9.92576162115596e-06
1271601976581804033,negative,0.00019984109669266473
1271601976929894401,positive,0.6801874660219824
1271601977030512641,negative,0.0005358077387413497
1271601979417079809,negative,4.529768605039992e-05
1271601979735891969,negative,0.007987861711230561
1271601979891101703,negative,0.014300086334016922
1271601980134379522,negative,0.00015194828200427033
1271601980629233666,negative,0.14308527386746261
1271601980906053632,negative,0.3040949491800166
1271601981728096256,positive,0.684687678208344
1271601981904355329,negative,0.015832748593574853
1271601981963014144,negative,0.029160432015274185
1271601982210560000,negative,0.2724388926224287
1271601982327926784,neutral,0.5484202799860607
1271601983485546503,negative,0.01786866897430779
1271601983825330176,negative,0.008208172280011538
1271601983888207875,negative,0.0420197946716556
1271601984055980033,negative,1.145324750309397e-05
1271601984194457600,negative,0.0008055648518976463
1271601984630665222,negative,0.04251865790289205
1271601984739643394,neutral,0.3850948772444006
1271601984840351752,negative,0.009272739832239805
1271601985184305159,negative,0.28112816092110127
1271601987407228931,negative,2.5542510822079446e-09
1271601987730243586,neutral,0.49789225920557484
1271601987805679617,negative,7.2884477388465e-05
1271601987956637696,negative,0.04155864270855458
1271601988036427781,neutral,0.6298914564730203
1271601988166451200,negative,2.2335256044661803e-06
1271601988351004673,negative,9.039954873452565e-05
1271601988422287374,negative,0.029459991800648205
1271601988665520128,negative,0.11037562342356862
1271601988883668997,negative,0.0010272013420570506
1271601988904632322,negative,0.0011948268811087896
1271601989697314816,negative,0.02428248049254861
1271601989781250049,negative,0.0025381696598341242
1271601989961478145,negative,1.8066554511466122e-05
1271601989990985730,negative,0.07152762509154904
1271601990036946944,negative,0.002929482284074155
1271601990230032384,negative,0.013195683221295338
1271601991677083650,negative,0.2624841740346054
1271601991790276609,negative,0.00011092673492861494
1271601992046202880,negative,0.03416143747831388
1271601992159412224,negative,0.00016628924848785266
1271601992276873217,negative,0.07157380848667787
1271601992859881477,negative,0.06756897342989703
1271601993367289856,negative,0.29456521167494
1271601993946202114,negative,0.00011791760518418482
1271601994147467266,negative,0.00019984109669266473
1271601995875520512,negative,0.0007809020524228805
1271601996009746433,negative,0.00044940654850043107
1271601996072656903,negative,0.02558485802647693
1271601996076855297,negative,0.0022451110986042807
1271601996743815169,negative,0.002321032499016006
1271601996940926976,negative,0.0054393220886624705
1271601997331017728,negative,0.005442591338877343
1271601997511299073,negative,1.535697811692219e-05
1271601997813342210,negative,0.11983793894305395
1271601997867651072,negative,0.0034351024886796126
1271601998031466497,negative,0.00016628924848785266
1271601999944048643,neutral,0.46127768308170247
1271602000929665029,positive,0.8890922804352984
1271602001571393538,neutral,0.44654025683665294
1271602001713872898,negative,0.01552788654488999
1271602001877643265,negative,0.0025399496860323435
1271602002049609728,neutral,0.4737554465528978
1271602002091479042,negative,0.010873064389172541
1271602002229891074,negative,0.20120797568397142
1271602002510909440,negative,0.25318237069832455
1271602002582257666,neutral,0.41943708524338
1271602004352270337,negative,0.023070081313355348
1271602004519985152,negative,0.02428248049254861
1271602004675252230,negative,3.8632474149153675e-05
1271602005153366018,negative,1.3187410708117482e-06
1271602005782540289,negative,0.00019984109669266473
1271602006017351680,neutral,0.5237191043194829
1271602006109585417,negative,0.01552788654488999
1271602006881447936,negative,0.0010124928719095897
1271602006910795777,negative,0.001842031509920941
1271602008416370688,negative,0.06842503420026794
1271602008718442500,negative,0.04445217217724994
1271602009586774017,negative,0.04692282387135488
1271602010043924485,neutral,0.33768755958565827
1271602010127818753,negative,0.055729676515545584
1271602010152996864,negative,0.0029222022920998556
1271602010354319363,negative,0.25318237069832455
1271602010454974464,negative,0.0004077135454545248
1271602010496864256,negative,0.000132376457949845
1271602010928939008,negative,0.0061151083383946606
1271602011117682690,negative,0.00157921824750368
1271602011130286080,neutral,0.41225001601495925
1271602014099824641,negative,0.11041942561333166
1271602014368210944,negative,0.007599598437030047
1271602014477320195,neutral,0.5063531925391163
1271602014556876802,negative,0.008160793574866949
1271602014670262273,negative,0.16437877331818024
1271602015173558274,negative,0.07594647552978565
1271602015546867712,negative,0.014222072856956307
1271602016817688576,negative,0.06756897342989703
1271602017044238338,negative,0.2889782600489871
1271602017132109829,negative,0.000188355330776431
1271602017136492544,negative,0.12518371634853248
1271602017174204421,positive,0.997126995515298
1271602017199435776,negative,0.028431595891872056
1271602017438441472,negative,0.17441048382648944
1271602017761472512,negative,0.00019984109669266473
1271602018126364672,negative,0.0022396565939442623
1271602018982014977,negative,0.0023170344461177867
1271602019388833799,negative,0.0002833791535977362
1271602019447570432,neutral,0.4083883552499455
1271602019829256193,negative,0.006000293631960136
1271602019892187136,negative,0.13711533949707508
1271602021322371078,positive,0.6812882083553091
1271602021410504704,negative,0.0005358077387413497
1271602021859295235,neutral,0.4979953922313984
1271602022337458176,negative,0.19396285566609192
1271602022660399104,neutral,0.4188857323101202
1271602022949715970,negative,0.004282656896085132
1271602022970769413,negative,0.09058079122320778
1271602023050498053,negative,0.07408930857575648
1271602025600516097,neutral,0.4299371657496221
1271602026636627975,negative,0.04580868801829515
1271602026871427072,negative,0.0030943100478185576
1271602027022282753,negative,0.12239827232910852
1271602027613884416,neutral,0.5316624617817726
1271602027827773442,neutral,0.4712458673794124
1271602027848699905,negative,3.5604782255728766e-08
1271602027869679616,negative,0.12223370080603098
1271602029497135111,negative,0.035739383890957856
1271602029631361025,negative,0.013180901880475512
1271602029698461698,neutral,0.395535553100527
1271602029706838017,negative,0.00043886470254958856
1271602029769654272,negative,0.06756897342989703
1271602029824262145,negative,0.08897062142572873
1271602030084308992,negative,0.08343887924363161
1271602030092726273,negative,6.153066818946332e-05
1271602030121869313,negative,0.01552788654488999
1271602030172344325,negative,0.3040949491800166
1271602031069986820,positive,0.999996477823906
1271602031111704576,negative,0.019465027439018553
1271602031179059201,negative,1.4282680352932503e-05
1271602031233503232,positive,0.684687678208344
1271602031476776960,positive,0.9464350874993387
1271602031967395846,negative,6.898181232754515e-05
1271602033632698369,negative,0.010299753855971414
1271602033708146689,negative,7.123282215465884e-12
1271602033867599874,negative,0.006827054676551039
1271602033922134016,negative,2.1357168980632146e-05
1271602034094100480,negative,0.00014294154440235452
1271602034211512320,neutral,0.38219604004117014
1271602034857381889,negative,0.1593992522921882
1271602035457249282,negative,0.0006231497894395036
1271602036015063040,neutral,0.3381189830050101
1271602036057014273,negative,0.0597143261938212
1271602036329582597,negative,0.008359996569711365
1271602036623249409,negative,0.007816173043045015
1271602038816768002,negative,0.01552788654488999
1271602038934253573,negative,0.029459991800648205
1271602039185969152,negative,0.08002465081650481
1271602039446024192,negative,0.0072787727026928165
1271602039575973888,negative,1.690983347672478e-07
1271602039664115712,neutral,0.3381189830050101
1271602039773171717,negative,0.00016628924848785266
1271602039911591936,negative,5.379165966859468e-05
1271602040012263425,negative,0.008812558706291607
1271602040318263296,neutral,0.34117024056417766
1271602040712675328,negative,0.00032625171232757155
1271602040838512640,negative,0.06811227364420099
1271602042365231104,neutral,0.4494736039941976
1271602042562203648,negative,0.00331922673685571
1271602042570715136,negative,0.060490407011491755
1271602043095076864,negative,0.0006071495302970868
1271602043782758401,negative,8.457102746251861e-10
1271602043862552576,neutral,0.6200590102455651
1271602043862614017,negative,0.007012448520741336
1271602043896168458,negative,0.004238223789171678
1271602044030386176,negative,0.008231210943959339
1271602044118413312,negative,0.024576403304304616
1271602044164550658,negative,0.12227762356369955
1271602044256878592,negative,0.009121143975876439
1271602044604907522,negative,0.029459991800648205
1271602044642701314,negative,0.0125334757023024
1271602044735033351,negative,1.1566691595345598e-12
1271602044755902471,positive,0.7500377016963704
1271602044764291072,neutral,0.6412244212526698
1271602046257545216,negative,0.010409351888161885
1271602046542716931,neutral,0.5137900272443845
1271602047335497728,negative,0.08793208053960912
1271602047629119489,negative,1.062063940850468e-06
1271602047947808770,negative,0.00016628924848785266
1271602048673382400,negative,0.21603976955733373
1271602048849588224,negative,0.002354434163065829
1271602051269701633,negative,0.2941876211789913
1271602051391401984,negative,0.0001372991342027409
1271602051403915264,negative,0.10339211849962092
1271602051743576064,negative,0.001842031509920941
1271602051747733506,negative,6.236105015602125e-07
1271602051760435200,negative,0.025152324668022856
1271602052075081728,negative,0.2743968449745087
1271602052167327744,negative,0.012164792431929873
1271602052926328832,negative,1.4087941363798072e-05
1271602052976857089,negative,0.10239004641552193
1271602053085835264,negative,0.001010186825123796
1271602054616748032,negative,0.03840564920058137
1271602054960680962,negative,0.0624562279049065
1271602055011020802,negative,9.79469128605362e-07
1271602055057203200,negative,0.0672770373814434
1271602055216586754,negative,0.009272739832239805
1271602055266947074,negative,0.012781826619311187
1271602055426129920,negative,0.00017790270672818597
1271602055464062982,negative,4.099276033035437e-05
1271602055778578432,negative,0.02219462288414203
1271602055984164864,positive,0.9997585678287121
1271602056130854913,negative,0.026717023310675433
1271602056424501249,neutral,0.437369725752128
1271602058144219136,negative,0.00013614752085020908
1271602058874032135,negative,0.003217414187786527
1271602058899132418,negative,6.0916726163067244e-06
1271602058932649984,negative,0.09943559470752225
1271602059096346625,negative,0.028166698315174214
1271602059209592835,negative,5.132652842120902e-12
1271602059503075328,negative,0.03695208748753567
1271602059780009986,negative,0.22143236530764146
1271602059968724994,neutral,0.6473375883335414
1271602060010668032,neutral,0.46432849238051893
1271602060019085314,negative,0.0013923139612701304
1271602060329390081,negative,0.07802105340640744
1271602061273108484,neutral,0.4737554465528978
1271602062896369664,neutral,0.34124308666895037
1271602063349334016,negative,0.0049024829505844945
1271602063357681664,negative,7.294272053831671e-05
1271602063735209984,negative,7.896655954576735e-05
1271602063844216834,positive,0.6772981860950608
1271602064439889922,negative,0.02428248049254861
1271602064968294405,negative,0.028431595891872056
1271602067078098945,negative,0.0001635826111045423
1271602067304407040,negative,2.90536487686921e-06
1271602067350736902,negative,0.006769110446710621
1271602067690455042,negative,0.0001662886888068455
1271602067707006976,negative,0.009273273037907637
1271602068034400258,negative,0.006848788032133043
1271602068197904387,negative,0.00016628924848785266
1271602068269273088,negative,0.047790162846966265
1271602068545916929,negative,0.012017192431571493
1271602068768227328,negative,0.06842503420026794
1271602068885655553,negative,0.00033553393373079863
1271602069405929473,negative,0.18795859623648656
1271602072056745984,negative,3.6044037609372196e-05
1271602072194932737,negative,2.071292995473137e-06
1271602072291618816,negative,0.026615173795510632
1271602072824274952,negative,0.005571168276509316
1271602073054752768,negative,0.17553924241747834
1271602073059147777,negative,0.0014755796178986787
1271602073646268417,negative,0.012826801867198877
1271602073793167361,negative,0.0005358077387413497
1271602073835012097,negative,0.000161708445307877
1271602073881194497,negative,0.06411143961752137
1271602073973522438,negative,0.27599855954002234
1271602075839930369,neutral,0.44211953896211714
1271602076037120000,negative,0.00204167288408541
1271602076133609473,negative,0.2013198904030459
1271602076267819014,positive,0.987690305365419
1271602076297068544,negative,6.236105015602125e-07
1271602076607488001,negative,0.11162762197975168
1271602076749934592,negative,0.003351594457242129
1271602077312131072,negative,0.0049024829505844945
1271602077874171909,negative,1.7765734646278464e-06
1271602077941235714,negative,0.04836250067241644
1271602080000757760,negative,0.05470356307280094
1271602080113885184,negative,0.02087063289157723
1271602080520773632,negative,0.03392608872251922
1271602081229467648,negative,0.24117914730163717
1271602081850372097,negative,2.8028789038364547e-17
1271602082202689536,negative,0.3040949491800166
1271602082307608576,negative,0.0009028042954317648
1271602082576023552,neutral,0.49789225920557484
1271602082626314241,negative,0.004433673471171837
1271602084199178241,negative,0.08150452114965571
1271602084488581121,negative,0.001842031509920941
1271602084572467200,negative,2.860187703097972e-07
1271602084824190977,negative,0.0003979221049385022
1271602085222584320,negative,0.0009099547272055909
1271602085306470400,negative,6.4675117100569094e-06
1271602085310746625,negative,1.461698760348495e-05
1271602085356810241,negative,0.00174812024433325
1271602085394550786,negative,0.10456597253016496
1271602085641977862,neutral,0.49789225920557484
1271602085885337608,neutral,0.42691139254436433
1271602086543798272,negative,0.045780881943885916
1271602088691273729,negative,0.024691888969265708
1271602089160896512,negative,0.20832550326163138
1271602089173581827,neutral,0.5844660558927414
1271602089295114242,negative,0.01991638529144152
1271602089391767552,negative,0.0021970401277313888
1271602089463107584,negative,0.22420201400085646
1271602089655963653,negative,0.006469679400739249
1271602089802838017,negative,0.3040949491800166
1271602091220332545,negative,0.1491520731282705
1271602092407472128,negative,0.07275991195125503
1271602092474617856,negative,0.0006071495302970868
1271602093032431617,negative,1.8811864330476162e-05
1271602093518999558,negative,0.004043782203207689
1271602093548277760,negative,1.3548310573089967e-05
1271602093992939521,negative,0.18060494811356126
1271602094236205057,negative,2.2451914127256293e-06
1271602094299123713,negative,0.00016628924848785266
1271602094387146752,negative,0.02638382645489759
1271602094642995206,negative,0.22866131984486565
1271602095666409474,negative,0.0550415409128211
1271602096618561536,negative,0.1546999428266517
1271602096639479809,negative,0.0005330289711396502
1271602096824029190,negative,0.25318237069832455
1271602096878616576,negative,0.00019984109669266473
1271602097465819138,negative,0.04251865790289205
1271602097612562434,negative,0.19272371871752378
1271602097717379072,negative,1.56260701404286e-05
1271602097981554688,negative,0.028182883474039154
1271602098115928064,negative,0.11162762197975168
1271602098417930240,negative,0.015946341074103896
1271602098761879553,negative,0.07638420358625374
1271602100808499201,negative,1.8066554511466122e-05
1271602101043544064,negative,0.1906115863132617
1271602101601349632,negative,0.00810049573247005
1271602101727170562,negative,0.14150250417258123
1271602101739761666,negative,0.28112816092110127
1271602101748150272,negative,0.000132376457949845
1271602101806936064,negative,0.00157921824750368
1271602102037610496,negative,0.00029875946332117294
1271602102637338624,negative,3.37755282821296e-11
1271602103014895627,neutral,0.37137062280538924
1271602103065214976,negative,0.002014998529721484
1271602104789016577,negative,0.00016429501570993017
1271602105174745088,negative,0.0031380462099212607
1271602105430740993,negative,0.002395107361095619
1271602105921548288,neutral,0.5951675001484593
1271602106076499970,negative,0.26217184969147367
1271602106101837825,negative,0.11672905915186801
1271602106613579777,negative,0.03695208748753567
1271602106634571789,negative,3.2170972757072516e-05
1271602106676510722,negative,2.2945673600129114e-08
1271602106693292033,negative,0.0006517115340334996
1271602107662118912,negative,0.034900520875219346
1271602107691474944,negative,1.576272421787212e-07
1271602107821457408,neutral,0.3381189830050101
1271602109058887682,positive,0.7790959291044148
1271602109822062592,positive,0.8394629849739892
1271602110065446912,negative,0.1067748298512315
1271602110472298498,negative,0.0006728627838666724
1271602110543671296,negative,0.0011476103271417274
1271602110581428224,negative,0.08002465081650481
1271602110791127040,negative,0.16181369063462486
1271602110795255810,negative,0.02144202246214576
1271602110862327808,negative,0.002464055122179861
1271602110925352960,negative,0.1256518955108437
1271602111869050880,positive,0.9983075352990961
1271602113441697792,negative,4.50491123474092e-05
1271602113462841346,negative,0.005626392366426678
1271602113571938304,negative,0.002001085782583931
1271602113748107264,negative,0.0022480160405335303
1271602113873874945,negative,0.21921412548362115
1271602114310135809,negative,0.00016628924848785266
1271602114460975104,negative,1.4087941363798072e-05
1271602114763132934,negative,0.10499275426788209
1271602114813472769,negative,0.09488199780509962
1271602114947616768,neutral,0.39378634292984527
1271602114976940032,neutral,0.49789225920557484
1271602115153100800,negative,0.10028076796832976
1271602115300003840,negative,0.001842031509920941
1271602115811708929,negative,0.0047137102469299585
1271602117715910657,positive,0.9983075352990961
1271602117816565770,negative,0.0014534938976559968
1271602118642802688,neutral,0.6200590102455651
1271602118999375873,negative,0.006207977296146257
1271602119250980867,negative,0.2197100268113065
1271602119523565568,negative,0.00615483802571106
1271602120215625728,negative,0.0049024829505844945
1271602121616416768,negative,0.016656028492176282
1271602121926938624,neutral,0.437369725752128
1271602122010877953,negative,0.03180962742221007
1271602122241576960,neutral,0.35451443008515343
1271602122501402624,negative,0.0005330289711396502
1271602122770038789,negative,0.001842031509920941
1271602122904285184,negative,1.4961378415934426e-06
1271602123059400709,neutral,0.3448789537043245
1271602123063595008,negative,0.19150995903275583
1271602123172610056,neutral,0.44728280147558525
1271602123428573185,negative,0.09605117265323344
1271602123617296386,negative,0.029160432015274185
1271602123650859008,negative,0.0068154665196530125
1271602124212842496,neutral,0.6234049249685203
1271602125768921090,negative,0.17368001921484796
1271602126205181957,negative,0.001842031509920941
1271602126398070785,negative,9.241645481236544e-06
1271602126507200512,negative,0.0005358077387413497
1271602126561652739,negative,0.001008881167170146
1271602126691713024,negative,0.12597287902018944
1271602127081746437,negative,0.3275068838229145
1271602127098441729,negative,5.941642584251904e-06
1271602127220113409,neutral,0.49789225920557484
1271602127337635840,negative,0.3275068838229145
1271602127417143297,neutral,0.3909677405094468
1271602127434133504,neutral,0.437369725752128
1271602128260337664,negative,0.009272739832239805
1271602128314945541,negative,0.007217557042668576
1271602128465866752,negative,0.00013940477641151793
1271602129942319114,negative,0.14308527386746261
1271602130365722627,negative,0.24605128408014912
1271602130475012097,negative,0.0001319608910104452
1271602130554585090,negative,0.05407524571388609
1271602131259330561,negative,2.46704555813742e-06
1271602131682942977,negative,0.0048031083353694045
1271602132026707968,neutral,0.45819755872751483
1271602132207140864,negative,0.006635199647124439
1271602132496592901,negative,0.002395107361095619
1271602134249857025,negative,0.0022534008262551316
1271602134522507267,negative,0.00016628924848785266
1271602134728015873,negative,0.0319832305431049
1271602135919210501,negative,0.05048526000074075
1271602136330141697,negative,0.007851524530345622
1271602136359591936,negative,0.238427545908539
1271602136758005763,negative,0.01298509591667729
1271602138435727368,negative,0.01552788654488999
1271602139295555584,negative,0.028431595891872056
1271602139413057536,negative,0.03477220917675054
1271602139937280000,negative,0.10266802376493124
1271602140088238086,negative,0.21603976955733373
1271602140331552768,negative,0.2309169257188812
1271602140415393801,negative,7.725046249125521e-05
1271602141333983233,negative,0.01719004681774222
1271602141430513664,negative,0.0006231497894395036
1271602142693019650,negative,0.3208481424562907
1271602142776823809,negative,0.26108491743830875
1271602142923587589,negative,0.00016628924848785266
1271602143338823680,negative,0.003738600111901525
1271602143666098177,negative,0.012676502386934916
1271602143825453060,negative,0.00015194828200427033
1271602144081326080,negative,0.012447427632221408
1271602144261611522,negative,1.4673037331225123e-09
1271602144270049281,negative,0.022858138060115548
1271602144290975744,negative,0.0004904216419625536
1271602144391696387,negative,0.046484769731093445
1271602144450314240,negative,0.029459991800648205
1271602144848871425,neutral,0.3381189830050101
1271602145113051136,negative,0.06873383020652046
1271602145184407554,negative,0.0964415183807772
1271602145364762624,negative,0.012931243877657162
1271602146794852353,negative,3.55355186306911e-05
1271602147294052353,negative,0.029221171854788907
1271602147315060740,negative,4.066746051280154e-06
1271602147340300288,negative,3.068721595827535e-05
1271602147369668613,negative,0.008662462868170809
1271602147428372482,negative,0.0014214476222629195
1271602147432554496,negative,0.24190043021159235
1271602147923296256,negative,2.324258902988496e-05
1271602147998740482,neutral,0.38219604004117014
1271602148627922947,negative,0.033149615113105706
1271602148715966470,neutral,0.3872467850172093
1271602148841648130,negative,0.011767763688193359
1271602150913835008,negative,0.049625321015014164
1271602151379415040,negative,0.00010362574406025708
1271602152016957440,negative,0.00017497076147540081
1271602152239255552,negative,0.0005351132759893319
1271602152537014274,negative,0.044250324168224095
1271602152679579650,negative,0.13970052175251185
1271602152683831297,neutral,0.4794670486014688
1271602152834772997,negative,0.03416143747831388
1271602153451388929,neutral,0.3516006866083763
1271602153547657216,negative,1.8066554511466122e-05
1271602153552044034,negative,9.09654557292609e-06
1271602155418529792,negative,0.0005651100889115979
1271602155535949825,negative,0.007032605876039598
1271602155632365574,negative,0.005571168276509316
1271602155737227265,negative,0.00019984109669266473
1271602156097896454,negative,0.035739383890957856
1271602156446142464,negative,0.0034960759535748328
1271602156508975104,negative,0.013173214848810571
1271602157284995072,negative,7.236773637704521e-08
1271602157339521026,negative,5.554134669778088e-07
1271602157620465667,negative,9.9776447420698e-05
1271602157653901314,negative,0.2636843612670494
1271602157838532610,negative,0.05432537938909639
1271602159470206979,neutral,0.42888478876699554
1271602159512162309,negative,0.001327513341096493
1271602159768023042,negative,0.08791087012486679
1271602161097551873,negative,0.00022914088582834575
1271602161349062656,negative,0.0008213140480562836
1271602162381062144,negative,0.2675637579473606
1271602164452986882,neutral,0.3381189830050101
1271602164486615040,negative,6.113368402411272e-06
1271602164746551297,neutral,0.35451443008515343
1271602165019283457,negative,0.0015769054615501436
1271602165128273920,negative,0.0035579899646743423
1271602166080450560,positive,0.9948533262130378
1271602166168457217,negative,0.041894793809486804
1271602166202064896,negative,0.25318237069832455
1271602167909093379,neutral,0.41781860539170623
1271602168362123264,negative,0.0013876501219581817
1271602168466862081,negative,0.04043045069859812
1271602168500555778,negative,0.04899903183542826
1271602169515511808,negative,0.0007809020524228805
1271602169527939073,negative,0.0049024829505844945
1271602169834340355,negative,0.10748599412053919
1271602169947525126,neutral,0.41557614730585196
1271602169981153280,negative,0.18795859623648656
1271602170148917250,negative,0.11162762197975168
1271602170211774465,negative,8.887598262027388e-10
1271602172262780928,negative,0.3119097581480844
1271602172354912257,positive,0.684687678208344
1271602172485140480,negative,0.13074742469585315
1271602172581392390,negative,0.06494162266493382
1271602172959096833,negative,1.7521023811382117e-05
1271602173307215873,negative,0.3020135550609068
1271602173374169088,negative,0.14789938647516646
1271602173399502848,negative,0.0011476255044693873
1271602174141874187,negative,0.1268028451552595
1271602174196436995,negative,0.00018895445553569106
1271602174313799680,negative,0.003689380387998146
1271602174326304768,negative,0.013265831157646643
1271602174703931393,negative,0.0006071495302970868
1271602174733291523,negative,0.01552788654488999
1271602174951329793,negative,1.67824124727267e-05
1271602175039463424,negative,0.021468205824297266
1271602175215575040,negative,0.2800596501379602
1271602177119838208,negative,1.3033717592637366e-05
1271602177400877056,negative,0.006805599881460884
1271602177614794752,negative,0.029755178268819425
1271602177761566725,negative,0.025558818888774877
1271602177908318208,positive,0.9656668219855667
1271602178034208772,positive,0.9998256361938697
1271602178352910336,negative,0.10968444715585364
1271602178369687553,negative,2.0314056196711032e-06
1271602178512347137,negative,0.02074991039271881
1271602179040739331,neutral,0.42507619662732005
1271602179254751232,negative,6.0391010930021074e-05
1271602179321630722,negative,0.018231076434766017
1271602179346857984,negative,0.19502423039687414
1271602179523010561,negative,0.001842031509920941
1271602180726968320,negative,0.0007809020524228805
1271602181179953152,negative,3.837768999389445e-05
1271602182563889152,negative,0.12370910062859465
1271602182715031552,negative,0.02420849760265048
1271602182748594176,negative,0.005571168276509316
1271602182807322629,negative,0.2374599228114913
1271602182962515969,neutral,0.37979392754278357
1271602182995898368,negative,0.1046889084717727
1271602185126719488,negative,0.0006231497894395036
1271602185156124672,negative,0.2675637579473606
1271602185936265217,neutral,0.3499352441185855
1271602186040963072,neutral,0.40894589973255985
1271602186468941824,neutral,0.3381189830050101
1271602187198742531,negative,0.000912239688992045
1271602187240701957,negative,0.20331066130522818
1271602188763226112,negative,0.013229794318693866
1271602189140553730,negative,0.09629898425341812
1271602189245579265,neutral,0.3381189830050101
1271602190067646464,negative,0.02978956789286822
1271602190143062019,negative,0.0020093435034387666
1271602190357016578,neutral,0.3381189830050101
1271602193100156930,negative,0.3194594848544355
1271602193372717066,negative,0.07450912996073482
1271602193947414536,negative,0.04015054863169769
1271602193964113921,negative,0.018728488278615334
1271602194115112960,negative,0.28112816092110127
1271602194169683970,negative,0.28362498356430454
1271602194337468417,negative,7.921117960439938e-12
1271602194429722624,negative,0.03670255851540621
1271602194744311810,negative,0.06171939452886912
1271602194975019027,negative,0.14308527386746261
1271602195083989000,negative,0.020912742143390974
1271602197168640001,negative,9.006075019459937e-07
1271602197311238144,negative,0.3187710377262913
1271602197445382154,negative,0.013670573633412467
1271602197445464065,positive,0.951512725752066
1271602197449502720,negative,2.379183953546874e-05
1271602197617242112,negative,0.0762907951563658
1271602198217142272,negative,0.0005358077387413497
1271602198720495617,negative,1.8723272213032315e-06
1271602198737231872,neutral,0.34373392683122533
1271602198875639808,positive,0.9376878850995406
1271602198917464065,neutral,0.49789225920557484
1271602199420960772,negative,2.7290115818864114e-05
1271602201127837698,negative,2.90536487686921e-06
1271602201283178497,negative,0.05817995923428874
1271602201610387458,negative,1.8066554511466122e-05
1271602201732042753,negative,0.0002833791535977362
1271602202075938816,negative,0.25379875909891914
1271602202092670976,negative,0.005442591338877343
1271602202260447232,negative,0.0062572977002605746
1271602202273079297,negative,1.5804032492840705e-06
1271602202281467904,negative,0.0003060332790378293
1271602202285662208,negative,0.020985670651917962
1271602202394664960,positive,0.671337306919619
1271602202457579523,negative,0.2661570346184379
1271602202541543424,negative,0.015946341074103896
1271602202935787520,negative,0.00023882966192448517
1271602203204235265,negative,0.00020378781742672752
1271602203355222017,negative,0.005894416270567474
1271602203367821312,negative,0.2367857765170704
1271602205477535746,neutral,0.41781860539170623
1271602205590765568,negative,3.076279541971728e-05
1271602205875937281,negative,0.00019894404832740268
1271602205947072513,negative,0.02219462288414203
1271602205964021761,negative,1.56260701404286e-05
1271602206299566081,negative,0.19272371871752378
1271602206324776960,negative,0.13720819317682273
1271602207436296193,negative,0.012676502386934916
1271602207599853569,negative,9.733525677075872e-10
1271602208241520640,negative,0.0012761570013063534
1271602208308633600,neutral,0.3381189830050101
1271602208312823808,negative,0.037923919074804614
1271602208367312896,negative,0.004990297685839503
1271602209768292352,negative,2.92228665833785e-06
1271602210128965632,negative,0.27599855954002234
1271602210418372608,negative,0.034520638301257706
1271602210426814464,negative,2.0757907719856787e-09
1271602210435186688,negative,0.059253725748064805
1271602210930151424,negative,0.03817163636484352
1271602210963685377,negative,5.319176110516056e-05
1271602211336970242,negative,0.003483010364047527
1271602211467005952,neutral,0.3396404128754322
1271602211953561602,negative,0.0958020922353141
1271602212024782855,neutral,0.4274047939449264
1271602214172332032,neutral,0.5089004219517322
1271602214285402112,negative,5.4384303547585064e-05
1271602214528847872,negative,0.029459991800648205
1271602214658871296,neutral,0.41781860539170623
1271602214843400192,neutral,0.359718128697679
1271602215485128704,negative,3.8830011551398197e-07
1271602215497711616,negative,3.2280292026623975e-05
1271602215782879232,negative,0.005131442112868792
1271602216101646342,negative,0.23871696831429615
1271602216898629632,negative,0.01581962339908979
1271602217888464896,negative,0.0002138302158067878
1271602218014314496,neutral,0.5277759842869705
1271602218354069505,neutral,0.36434125657219296
1271602218546991106,negative,0.01606326909193472
1271602218588872707,negative,1.4282680352932503e-05
1271602218676994054,neutral,0.49789225920557484
1271602218727333890,negative,0.03962647797229165
1271602218882523137,negative,0.0005358077387413497
1271602219486494720,negative,0.000192964947619275
1271602219549429761,negative,0.1256518955108437
1271602219570409472,negative,0.001561607061434926
1271602219826114560,positive,0.8785031404427778
1271602220027568130,negative,0.00016628924848785266
1271602222237986817,negative,0.10326445295892163
1271602222284050433,negative,4.306354617242347e-05
1271602223412383746,neutral,0.3458331235627463
1271602223471099905,neutral,0.3381189830050101
1271602223705972737,positive,0.8226064990240496
1271602226570682369,negative,0.2864145558920463
1271602226742669312,positive,0.8890922804352984
1271602227749236736,negative,0.0002966939623157892
1271602228021821442,negative,0.02850842480389199
1271602228088823810,negative,0.00402679333048711
1271602228105707521,negative,0.19502423039687414
1271602229087256577,negative,0.2820386637943614
1271602229225668611,negative,0.3040949491800166
1271602229322153985,negative,0.1849722069218659
1271602230664323072,negative,0.01552788654488999
1271602230827900930,negative,0.04283844340723604
1271602231184424961,negative,0.1318810169026085
1271602231595368457,negative,7.057381430586534e-06
1271602231595413506,neutral,0.3381189830050101
1271602231780007939,negative,0.09178054961019984
1271602231817592834,negative,7.559685904674855e-07
1271602231951921160,negative,9.250877231731503e-05
1271602232102961153,negative,0.0002833791535977362
1271602232757231616,negative,0.002886944683696644
1271602233201823747,negative,7.725046249125521e-05
1271602233222639616,negative,0.013229794318693866
1271602233390452736,negative,0.10468083000665482
1271602233524850688,negative,0.0005955793925200283
1271602233679974401,negative,0.0008875053600332912
1271602233881382918,neutral,0.37137062280538924
1271602235659694088,negative,2.860187703097972e-07
1271602235965870080,negative,0.11983793894305395
1271602236112744448,negative,0.002312524736012372
1271602236351791106,positive,0.9997585678287121
1271602236523675650,neutral,0.3381189830050101
1271602236662124546,negative,0.004902285523916794
1271602237056454656,negative,0.00027382007603041545
1271602237379350528,positive,0.8004210340652667
1271602237479903232,negative,0.00019984109669266473
1271602237521965058,negative,0.11556679007395922
1271602237719134209,negative,0.00042510695841077096
1271602237865963520,negative,0.0013876501219581817
1271602238989819904,negative,0.01552788654488999
1271602239287803904,negative,0.00010362574406025708
1271602239346524161,negative,0.012676502386934916
1271602239522603009,neutral,0.35451443008515343
1271602239682105349,negative,5.018544757214448e-14
1271602239887470592,negative,0.00017273214863365333
1271602240172818439,negative,0.041303150670304184
1271602240185339906,negative,2.0757907719856787e-09
1271602240281772034,negative,0.26114012544698517
1271602240319619073,negative,7.2884477388465e-05
1271602240479006721,negative,0.05407524571388609
1271602241032486913,negative,0.24190043021159235
1271602241384972288,negative,0.07386891178858254
1271602243524059137,neutral,0.3909677405094468
1271602243595382786,negative,0.05446895298064937
1271602243599577090,negative,0.0002833791535977362
1271602243788255238,negative,4.650985078126962e-05
1271602243830251521,positive,0.9995176262678858
1271602243981193217,neutral,0.49789225920557484
1271602244266401792,negative,1.0339115410736286e-05
1271602244392292355,negative,0.0005850100482124905
1271602244413124608,negative,0.2234587016537679
1271602244971040769,negative,0.11162762197975168
1271602245012992000,negative,0.247063879962607
1271602245029834752,negative,0.0048453285067885845
1271602245478633473,negative,0.19863715144405783
1271602245797175296,negative,0.001842031509920941
1271602246103564293,positive,0.684687678208344
1271602246267043846,negative,0.00016628924848785266
1271602246560735232,negative,4.195978695391652e-05
1271602247500279810,negative,0.14466038820461277
1271602247638700032,neutral,0.44908874357215506
1271602247647006720,negative,0.015892352957055385
1271602247902863361,negative,3.4756179013684414e-05
1271602247961579520,negative,0.011013279854401599
1271602247978418179,negative,0.0009113880654557832
1271602248670490624,neutral,0.35451443008515343
1271602248683081730,negative,7.097359549322427e-07
1271602248896917504,negative,1.4282680352932503e-05
1271602249404465152,negative,0.0037841752216655686
1271602249597358080,negative,0.007816173043045015
1271602249941372929,negative,0.007599598437030047
1271602252348895232,negative,0.0070037235772165045
1271602252504076288,negative,0.18838670087218531
1271602253502316548,negative,0.0011337509543399677
1271602253892399105,negative,0.27292421987320603
1271602253955305472,negative,6.243921204846021e-05
1271602254030802944,negative,1.8066554511466122e-05
1271602254190182400,negative,0.0002558508086955222
1271602254198571009,negative,0.00016628924848785266
1271602254370549761,negative,0.029459991800648205
1271602254479527936,negative,0.16841729920146856
1271602254609596417,negative,0.06222145062405434
1271602255221981186,negative,0.1686996374486617
1271602255326851077,negative,0.0011476103271417274
1271602255893073920,negative,0.027565523875858356
1271602256060841984,negative,0.0001129800731553053
1271602256262189057,negative,0.00520040308252152
1271602256366891009,negative,0.00023210368265778503
1271602256425693185,negative,0.13116080920683587
1271602256576745479,negative,1.8014570153615212e-05
1271602256660566016,negative,0.059253725748064805
1271602256694128640,negative,0.007550432766606432
1271602256769662976,neutral,0.3794434373490297
1271602256824070144,negative,0.2937059456269498
1271602256975101952,negative,0.19753827322328846
1271602256996171781,negative,0.0003151247544846202
1271602257323270145,neutral,0.3396404128754322
1271602257474265088,negative,0.238427545908539
1271602257948282886,positive,0.9998256361938697
1271602258153791489,negative,0.001876240093956364
1271602258736635905,negative,0.0017058580464821363
1271602258837483521,negative,0.03180962742221007
1271602258912989184,negative,0.00045348811584063065
1271602259860865024,neutral,0.5140698817949555
1271602260070498306,negative,4.482972286831164e-06
1271602260154421249,negative,0.0005351132759893319
1271602260502441984,negative,0.001842031509920941
1271602261794467841,negative,0.00019548830464242078
1271602262020947969,negative,0.0007809020524228805
1271602262104629249,negative,0.0013443017353434762
1271602264604643330,negative,0.10743186211207315
1271602264881483776,negative,0.018955285277262084
1271602265338654722,negative,0.16172293845929064
1271602265443446784,negative,0.00032220821512888784
1271602265556684800,negative,0.013458101941893875
1271602265854484481,neutral,0.4252942769304538
1271602266118774784,negative,0.23606294079739096
1271602266538233857,negative,0.02428248049254861
1271602267494457347,negative,0.005626392366426678
1271602267553247232,negative,0.04251423792646359
1271602269130231808,negative,0.2116342426238279
1271602269180645378,positive,0.6624055896622104
1271602269750988800,negative,0.00011791760518418482
1271602270128529408,negative,0.00015194828200427033
1271602270652846081,negative,3.1331698647888764e-05
1271602271374192640,neutral,0.3381189830050101
1271602271516844035,negative,0.049907271457371595
1271602272166973441,negative,0.001904942340703651
1271602272196268032,negative,0.00132805127624121
1271602272238284806,neutral,0.3403391890910929
1271602272678678528,negative,0.00031560569349333003
1271602272930271232,neutral,0.3381189830050101
1271602273773326336,neutral,0.3381189830050101
1271602273844523009,negative,0.01552788654488999
1271602273907507200,negative,0.21131799118011757
1271602274465447936,negative,0.09846393709692677
1271602274607992832,negative,0.00016628924848785266
1271602274721304576,negative,0.0015385957294613859
1271602275090337801,negative,6.32713047525522e-06
1271602275094540289,neutral,0.43161563527106483
1271602276742893569,negative,0.002886944683696644
1271602276751355907,neutral,0.4670100671583925
1271602276910731265,negative,0.018720000499947858
1271602277690867712,negative,1.4282680352932503e-05
1271602277741142016,negative,0.015946341074103896
1271602278089228290,negative,0.04030462702937734
1271602278433198080,neutral,0.3475350139006598
1271602278454214656,negative,0.16509810409557213
1271602278655561734,negative,0.004879696652689515
1271602278840107010,negative,0.00016628924848785266
1271602279003684864,negative,0.00019984109669266473
1271602279242743815,negative,3.4756179013684414e-05
1271602279347392512,neutral,0.34117024056417766
1271602279431524354,negative,0.001659856152678817
1271602279804809216,negative,0.0002558508086955222
1271602281218260993,negative,0.0005694378092292867
1271602281444753409,negative,0.2889782600489871
1271602281712988160,negative,0.0014534938976559968
1271602281742467072,negative,0.00022774292450431733
1271602281851621382,negative,3.068721595827535e-05
1271602282061336577,negative,0.011515970198155707
1271602282141007872,negative,2.1263647234081398e-10
1271602282153545729,negative,0.04251865790289205
1271602282690469889,negative,0.020053710328194134
1271602282690469891,negative,0.027306211591214814
1271602282816172032,negative,0.01185259176209839
1271602283361587202,negative,0.03840564920058137
1271602285446119424,negative,0.0032153252691517614
1271602285676834816,negative,5.669449279422805e-06
1271602285802635264,negative,0.00016628924848785266
1271602286066835457,negative,0.012204247216786023
1271602286314295296,negative,0.002018737472771262
1271602286717001729,negative,0.21139109066500397
1271602287732015104,negative,0.06326627960981118
1271602287753015296,neutral,0.4100297751967527
1271602287845224454,negative,0.28689202034227634
1271602287887044610,negative,0.0011476103271417274
1271602288067522565,negative,0.28112816092110127
1271602289598480388,negative,0.2115458395650706
1271602290097623040,negative,0.22518024729337605
1271602290357604354,negative,0.24314016001542818
1271602290378539009,neutral,0.3725458233667465
1271602290424717312,negative,0.1268028451552595
1271602291653644288,neutral,0.5833488216906089
1271602292337389576,neutral,0.3365159411164302
1271602292375146499,neutral,0.439589607984053
1271602293553717251,negative,0.002000034493239567
1271602294275158018,neutral,0.6194182476373967
1271602294329692160,negative,0.11338245739417602
1271602294338064386,negative,0.1652208001194977
1271602294467985409,negative,8.533047907544956e-05
1271602294824542213,negative,0.23699778876372793
1271602294992371713,negative,0.01655022480749108
1271602295340441601,negative,7.34085919362028e-06
1271602295369850880,neutral,0.49789225920557484
1271602296942727168,negative,0.021468205824297266
1271602296997261312,negative,4.076775671873651e-05
1271602297156653056,negative,0.31888999851805766
1271602297991299072,neutral,0.5140698817949555
1271602299127902208,neutral,0.3381189830050101
1271602299480223745,negative,0.0005358077387413497
1271602299505238016,negative,1.8066554511466122e-05
1271602299861860353,negative,0.00026184803153367684
1271602299979227136,negative,0.027286506691060426
1271602300142923778,negative,0.11162762197975168
1271602300176523266,negative,0.00499236375945911
1271602300503691265,negative,3.759814752818217e-05
1271602300923138049,negative,0.013215736956266502
1271602301011144713,negative,0.002385125007943545
1271602301954863110,negative,0.007599598437030047
1271602302164533250,negative,0.008250161525719476
1271602302265241604,negative,0.018133380850616037
1271602302357512193,negative,7.2884477388465e-05
1271602302433067009,neutral,0.3381189830050101
1271602302864900096,negative,0.0025023475565534373
1271602302873468930,positive,0.9945394003258434
1271602303083085824,negative,0.0002174240222366867
1271602303401951232,negative,7.277867445808794e-05
1271602303540363265,positive,0.7852862538669199
1271602304500871170,negative,9.09654557292609e-06
1271602304530231298,negative,0.016878342473724942
1271602306199552000,neutral,0.37137062280538924
1271602306660872194,negative,0.0003449364178171198
1271602306878930947,negative,0.07576476733212008
1271602307558453257,negative,0.01552788654488999
1271602307919216643,negative,0.1203090358454427
1271602308296687616,negative,0.28768430820383784
1271602308401561600,neutral,0.3725458233667465
1271602308753895425,negative,1.7442874749911002e-07
1271602309064163330,neutral,0.48728019602140255
1271602309269786625,negative,0.08818161423987897
1271602309533970433,negative,0.00016628924848785266
1271602310272122882,negative,0.007919169085448367
1271602310586740742,negative,0.021468205824297266
1271602310695858177,negative,0.0002487677856993227
1271602310695858179,negative,0.04545643504668038
1271602311207542786,negative,0.012676502386934916
1271602311555620864,negative,0.000132376457949845
1271602311601762304,neutral,0.4274047939449264
1271602312038035457,negative,0.0003151247544846202
1271602312788807681,negative,0.0002520434054086585
1271602313124347910,negative,0.08259664052981665
1271602313598242818,negative,0.0001600211465469735
1271602314881708043,negative,0.03487028531637995
1271602315011784705,negative,0.00798617966158689
1271602315133423623,negative,0.03670255851540621
1271602315175362562,negative,3.989741608300387e-06
1271602315439542274,neutral,0.49333739700952545
1271602316169248770,negative,0.06349765122995937
1271602318618877957,negative,0.08000202738784179
1271602319004708866,negative,0.1638173718807725
1271602319277391874,neutral,0.3381189830050101
1271602319306653699,negative,0.004464893361949762
1271602319365373952,negative,0.00016823968684374503
1271602319604547591,negative,0.029459991800648205
1271602320124579840,positive,0.9187814280687083
1271602320133029888,negative,0.08818161423987897
1271602320409858048,negative,6.113368402411272e-06
1271602320787283968,negative,0.0016754322975082508
1271602321710088192,negative,0.015386386874891427
1271602321773023232,negative,0.028431595891872056
1271602322884493313,negative,0.04251865790289205
1271602323417112576,negative,0.00011791760518418482
1271602323861704709,negative,0.03416143747831388
1271602324025356289,neutral,0.41661895030617113
1271602324339744768,positive,0.8686654987276046
1271602324973199360,negative,0.0005000728954740911
1271602325115867137,neutral,0.49789225920557484
1271602325149417472,negative,0.0013876501219581817
1271602325191380998,negative,0.08718838156959892
1271602325371617280,negative,0.12092346319865985
1271602325610803201,neutral,0.4174584292574052
1271602325635969025,neutral,0.4663917579447527
1271602325640052736,negative,0.00017790270672818597
1271602326143410176,negative,4.000746326889858e-09
1271602327062020096,negative,3.759814752818217e-05
1271602327091281920,negative,0.00016628924848785266
1271602327389118465,negative,0.183639012656647
1271602327468769280,negative,0.0019687651147101645
1271602328169320453,negative,2.697169701541645e-06
1271602328567779328,negative,0.013722089811662992
1271602328592883712,negative,0.05316002553014076
1271602328639025152,negative,6.236105015602125e-07
1271602329364635654,neutral,0.4513605618894927
1271602329750470659,negative,3.6085731942346023e-07
1271602330161512448,negative,1.413888762921081e-11
1271602331264544768,negative,2.90536487686921e-06
1271602331457654785,positive,0.7238230910330393
1271602331562455042,negative,0.14308527386746261
1271602331650580483,negative,0.024864435263177366
1271602331696627714,neutral,0.49789225920557484
1271602331793215493,neutral,0.49789225920557484
1271602332137132032,negative,0.28942909895720287
1271602332204240896,negative,0.002547343254792422
1271602332330086401,negative,0.14893131294217962
1271602332359208960,positive,0.7878984431607639
1271602332485193729,negative,0.029459991800648205
1271602332698996736,negative,0.0024964964690922867
1271602333001093121,negative,0.0007245242002081785
1271602333177262080,negative,9.35017971943558e-10
1271602333181501443,negative,0.015631998968513194
1271602333328248832,negative,0.0004118730785509573
1271602333416329220,neutral,0.550204937610577
1271602333806362624,negative,0.00016628924848785266
1271602334024548352,negative,0.08700854423997667
1271602335542923265,negative,6.299958712628873e-06
1271602335748407299,negative,0.025986013737638435
1271602336004268036,negative,0.005812798379495269
1271602336079572992,negative,0.00018895445553569106
1271602336281001984,negative,0.20337728031970964
1271602336406929408,negative,0.18454790051078396
1271602336729882624,negative,0.13941479228615028
1271602336763457537,negative,0.24190043021159235
1271602336838955010,negative,0.003689380387998146
1271602336939552768,neutral,0.44728280147558525
1271602337321308161,negative,0.14308527386746261
1271602337682001923,neutral,0.437369725752128
1271602337715494912,negative,0.2973083154097642
1271602337874956290,neutral,0.34117024056417766
1271602338378264583,negative,0.003978235121386767
1271602340169240579,negative,0.0319832305431049
1271602340437667842,negative,0.0609982970357225
1271602341108736000,negative,0.001485412864179536
1271602341465198595,negative,0.00022838490032696813
1271602341544972288,negative,0.10947484028698869
1271602341993762816,negative,0.028431595891872056
1271602342585131010,negative,0.029459991800648205
1271602343063310338,negative,0.00157921824750368
1271602344417992704,negative,0.00016628924848785266
1271602344506150913,negative,0.08000202738784179
1271602344602546178,negative,0.00684700523264991
1271602345554534400,negative,0.15894838135266348
1271602345894387713,negative,0.00026706758266826873
1271602346670333953,neutral,0.3592150091785483
1271602347056267267,negative,4.39141554924546e-07
1271602348129910790,negative,0.0057893423743701775
1271602348243193857,negative,0.11162762197975168
1271602348591374338,negative,2.3135123893435565e-05
1271602348771680256,negative,0.006827054676551039
1271602348868153346,neutral,0.6231301609365977
1271602349379915786,negative,0.00016100482880607227
1271602350118113285,negative,0.00012358293547957858
1271602350122303488,negative,0.0037192924802589146
1271602350856253442,negative,0.24314699363538325
1271602352345231361,negative,0.28112816092110127
1271602352378839040,negative,0.13576598683437843
1271602352525631489,negative,0.007987861711230561
1271602352550817793,negative,0.25318237069832455
1271602352626241537,negative,0.11162762197975168
1271602352731144193,neutral,0.49789225920557484
1271602352823427073,neutral,0.437369725752128
1271602352949276672,negative,0.001364705874881289
1271602352974331915,neutral,0.3797422529231955
1271602353611976704,neutral,0.46127768308170247
1271602354169806848,positive,0.9633894245446962
1271602354245206018,negative,0.005105292847284635
1271602356313108480,neutral,0.5533959008009817
1271602356594016256,positive,0.9704655200114242
1271602356619063298,neutral,0.37137062280538924
1271602357076480000,negative,0.029459991800648205
1271602357688827904,positive,0.9999989078734184
1271602357940432901,positive,0.6753130051674372
1271602358225711104,negative,0.0029802930630058945
1271602358229905410,negative,0.0014393851596153505
1271602358263439363,negative,0.032326456834016526
1271602358703853568,negative,0.003396090401719769
1271602358712242181,negative,0.2354145513049876
1271602358896807937,negative,0.0006056870120402355
1271602359110717440,negative,0.12223370080603098
1271602360280907777,negative,1.958534673563231e-06
1271602361190866945,negative,1.4673037331225123e-09
1271602361304264712,negative,0.009026338817066633
1271602361820221440,neutral,0.5372318511317483
1271602361832820736,neutral,0.6503629794226561
1271602362159960065,negative,0.000759394058036063
1271602362189316097,negative,0.0004678184281778425
1271602362231263234,negative,0.21523613135362268
1271602362843574272,neutral,0.5472797109837109
1271602363057483776,negative,0.00355529729348884
1271602363892150275,negative,0.00016628924848785266
1271602365129535488,negative,0.009272739832239805
1271602365142048768,negative,0.160338993119413
1271602365188145154,neutral,0.6184245009491686
1271602365242781696,negative,0.02332060513388942
1271602365259538432,negative,0.016447491419061072
1271602365360209920,positive,0.9983075352990961
1271602365934813186,negative,0.008526617333041884
1271602366702370816,neutral,0.36016203400974833
1271602367545434117,negative,0.08613686869185548
1271602368040312833,negative,1.5089404795598312e-05
1271602369009156098,negative,0.10968444715585364
1271602369118208001,negative,0.2042517137896546
1271602369407717376,negative,0.10968444715585364
1271602369596395520,negative,0.1203090358454427
1271602369697021952,negative,0.1740105501457912
1271602370233892869,negative,0.32620683154629054
1271602370380791808,negative,0.2013198904030459
1271602370422738944,positive,0.7842586057601225
1271602370502369281,negative,0.0010544497805837873
1271602371068641280,negative,0.012676502386934916
1271602371144155136,neutral,0.41883660624644137
1271602371311927296,negative,7.808611801419737e-05
1271602371349659650,negative,3.378169980629614e-05
1271602371722801153,negative,1.0995306878709731e-06
1271602371739750401,negative,0.11594030851572361
1271602371743842310,neutral,0.47767126215885464
1271602371773321221,negative,0.17371183095574588
1271602373203423232,negative,0.1107543573356858
1271602374625329157,negative,0.0074669692566692
1271602374751199234,negative,3.7002537012802523e-06
1271602374981926912,negative,0.00045796606997158796
1271602375103561729,negative,7.724031615419871e-06
1271602375325888512,negative,0.0015425978250262452
1271602375481065472,negative,0.005894416270567474
1271602375632003078,negative,0.14438469863543443
1271602375774609412,negative,0.01978380746670155
1271602375816593408,negative,0.0008947628365021219
1271602376097640448,neutral,0.437369725752128
1271602376185503744,negative,0.12070660185580402
1271602378106601472,negative,0.32487682076984686
1271602378396008448,negative,0.0003495167594397269
1271602378442186753,neutral,0.49789225920557484
1271602378597371904,negative,2.079744580182051e-08
1271602378958163975,negative,0.16172293845929064
1271602379205509122,negative,5.204670833631974e-08
1271602379268534272,negative,0.00016100482880607227
1271602379352309766,negative,0.00043137469330731064
1271602379474046976,negative,0.3040949491800166
1271602379683762176,neutral,0.35451443008515343
1271602380275101696,negative,0.01552788654488999
1271602381608845312,neutral,0.48082731038055687
1271602381713801217,negative,0.2252708210708591
1271602382242082818,negative,3.7698203701367254e-05
1271602382288424960,negative,0.014592387966216947
1271602382405799936,negative,0.0048031083353694045
1271602382644875265,negative,0.01394224286192618
1271602382938361856,negative,0.1933311826096359
1271602383336935426,negative,0.049625321015014164
1271602383416508416,negative,0.016067361137479308
1271602383487819776,positive,0.9996503999951644
1271602383559196673,negative,0.3061668343924319
1271602383571869699,negative,0.008658099919513919
1271602383605452800,negative,0.11457386919941204
1271602383714504706,positive,0.8652093784784579
1271602383919988737,negative,0.12188755676841584
1271602384020615169,negative,0.014609387709347072
1271602384293081089,negative,0.041863098365780615
1271602384406544384,negative,0.25318237069832455
1271602385694187520,neutral,0.5140698817949555
1271602385870139392,negative,0.02219462288414203
1271602386134536192,negative,0.0684037647519599
1271602386180726784,negative,0.055173414449375686
1271602386679869440,negative,0.015078372289820072
1271602386990256128,negative,0.03066741992929385
1271602387409604608,negative,0.25318237069832455
1271602388688875522,negative,0.014991899094609436
1271602388814700544,negative,0.05610309040052827
1271602390391758850,negative,0.02301667247206716
1271602390450548738,negative,0.3275068838229145
1271602390609911818,negative,0.1628976482749928
1271602391209480192,negative,6.898181232754515e-05
1271602392631566337,negative,0.315652229030072
1271602392665141253,negative,0.06756682649496247
1271602392686104576,negative,0.17207553767574646
1271602394976210944,negative,8.137116910248049e-10
1271602395194118144,negative,0.011144144601836133
1271602395278180358,negative,0.21139109066500397
1271602395458539522,negative,0.008211693072723193
1271602395622113285,negative,0.00011652354375096756
1271602395626209280,negative,0.12376535589884852
1271602395726807041,negative,0.0049024829505844945
1271602396460920832,negative,0.0006231497894395036
1271602396628766720,negative,2.634454384769473e-07
1271602396922339329,negative,0.00025871637756529205
1271602397002059776,negative,0.0002833791535977362
1271602397035614210,negative,0.00021323646588724418
1271602397144547334,neutral,0.45539778705163764
1271602398428004353,negative,0.003738600111901525
1271602398541291520,positive,0.9488887222074014
1271602398558146561,negative,0.03315174901881344
1271602398679760896,negative,0.14308527386746261
1271602398683938816,negative,0.00019984109669266473
1271602398721708033,negative,0.000445268417004848
1271602399103389696,neutral,0.437369725752128
1271602399300509697,negative,0.04251865790289205
1271602399581474818,negative,0.00016628924848785266
1271602399661129734,negative,0.05592822758622173
1271602399883517952,negative,0.012676502386934916
1271602400089059330,negative,0.0518677584695308
1271602400885907457,negative,1.4087941363798072e-05
1271602402584670208,negative,0.015946341074103896
1271602402651787264,negative,8.819110478607751e-06
1271602402786005003,negative,1.8066554511466122e-05
1271602402848800768,negative,0.031252089843059085
1271602402928537600,negative,0.0008132956777704911
1271602403012489216,negative,0.07854764825854259
1271602403209555974,negative,0.07762784543750909
1271602403259883521,negative,0.006543900490802897
1271602403477983232,negative,0.0049024829505844945
1271602403876515842,neutral,0.60143295910391
1271602403972972546,negative,0.0003618294678994878
1271602404018933760,negative,5.993795056434886e-10
1271602404518252544,negative,0.0004493944919482128
1271602404551733248,negative,0.03980030593590898
1271602404585283590,neutral,0.41883660624644137
1271602404908285953,negative,0.14789938647516646
1271602404979597317,negative,0.00011791760518418482
1271602405344501760,negative,0.0010033410433637482
1271602405604560896,negative,0.025152324668022856
1271602406929969153,negative,1.8066554511466122e-05
1271602407001161729,negative,0.0029802930630058945
1271602407202570241,negative,0.05592822758622173
1271602407638732802,negative,0.03670255851540621
1271602408351727616,negative,0.22793783484927801
1271602408536313856,negative,0.13436796389140312
1271602409152921602,negative,0.015613064683794127
1271602409555603458,negative,0.18795859623648656
1271602410893475842,negative,0.2382669582645585
1271602410948038660,positive,0.9983075352990961
1271602411484983296,negative,0.009268852967679115
1271602411547906048,neutral,0.4128310231584992
1271602411619209224,negative,0.016841725979090564
1271602411665190912,neutral,0.49789225920557484
1271602411707211777,negative,0.09945486828265883
1271602411828887552,negative,0.035739383890957856
1271602412160086016,negative,0.011767763688193359
1271602412453859329,negative,3.315372693197072e-09
1271602412650979333,neutral,0.49114048206328076
1271602412793430017,negative,0.0003495167594397269
1271602412881620992,negative,0.284847717474953
1271602413213044736,negative,4.049698736702044e-07
1271602413389086720,negative,0.25318237069832455
1271602415289143296,negative,0.012898656797042735
1271602415318466562,negative,0.06772684556741071
1271602415410839552,negative,0.0005351132759893319
1271602415792463874,neutral,0.3720396856939469
1271602416337764352,negative,0.007012448520741336
1271602416623005701,neutral,0.5641156242479793
1271602416903995393,negative,0.03288473205519007
1271602416941760512,negative,0.00021486174134923317
1271602417071783936,negative,5.994019961598189e-09
1271602417491116032,negative,0.04075741605253876
1271602417562460162,negative,2.6526011706273852e-05
1271602417679949824,negative,0.011767763688193359
1271602417864450048,negative,0.00445582613709199
1271602417885462533,neutral,0.3381189830050101
1271602418787196928,negative,0.10932753837349826
1271602419684777984,negative,7.2884477388465e-05
1271602419873579008,negative,0.026500717776295032
1271602420058030082,negative,0.001842031509920941
1271602420267618306,negative,0.06466618758973336
1271602421119291392,negative,0.0019049449200032925
1271602421194784768,negative,0.09957656541082573
1271602421664489472,negative,0.0019233929657328222
1271602422478233603,negative,0.003714166889435638
1271602422557917185,negative,0.10499275426788209
1271602422633332737,negative,0.0483533488774575
1271602422725652481,negative,0.028562114124602852
1271602423296073728,negative,0.09957656541082573
1271602423644241921,negative,0.19552563706121598
1271602423820365824,negative,0.010147272731134666
1271602423858159617,negative,0.03840564920058137
1271602423987986432,positive,0.987243173798857
1271602424273403915,negative,0.0010033410433637482
1271602424554364930,negative,0.004922832856016196
1271602424600580097,negative,0.06955603435580518
1271602424642404354,negative,0.10545773340580228
1271602424642445313,negative,0.009272739832239805
1271602424877395969,neutral,0.3835155837680488
1271602425485557760,negative,6.161735811685456e-06
1271602425544290304,negative,1.804735369742081e-07
1271602425892306945,negative,0.015149885537679215
1271602426064371715,negative,0.008662462868170809
1271602426110455809,neutral,0.4028989040644179
1271602426412490757,negative,0.014592387966216947
1271602426814947328,negative,0.08002465081650481
1271602426823544839,negative,0.022044230422940722
1271602427528085505,negative,0.021526126149128945
1271602428463505409,negative,9.345174250703522e-08
1271602428585148416,negative,0.14410793523239068
1271602428740329472,negative,0.3040949491800166
1271602428845187082,neutral,0.437369725752128
1271602428849389568,negative,0.15012278869750098
1271602428887142400,negative,0.023377786953838173
1271602429402984453,negative,0.027623790815660947
1271602429671456768,negative,0.05817995923428874
1271602429751148547,negative,0.25318237069832455
1271602430052974592,negative,0.01552788654488999
1271602430522908672,neutral,0.4171084832741637
1271602432590536704,positive,0.7426115889549908
1271602432733335552,negative,0.0006143923658169182
1271602432804630528,positive,0.9992709220435428
1271602432951422977,negative,5.078731410971923e-05
1271602433593167872,negative,0.006530412676232573
1271602434016718850,negative,0.041894793809486804
1271602434142593032,neutral,0.3381189830050101
1271602434209730562,neutral,0.416127238973762
1271602434385670144,negative,0.007012448520741336
1271602434415177729,negative,0.0007372708837726138
1271602434721427457,negative,0.2819192202256438
1271602434729750529,negative,3.617985258911729e-05
1271602434788298757,neutral,0.4739633088775327
1271602435417661441,negative,1.8066554511466122e-05
1271602435740532737,negative,0.01719004681774222
1271602436185169920,negative,0.017978413594880165
1271602436357214209,negative,0.18909143581032145
1271602436369780738,negative,0.005894416270567474
1271602436604489728,negative,0.00758021311110439
1271602436675899395,neutral,0.36152360387721993
1271602436793348096,negative,0.027532586259180133
1271602436940140545,negative,0.0005173375307797978
1271602437174878209,negative,0.20089511724660072
1271602437267156993,negative,0.17441048382648944
1271602437544185856,negative,0.039561613490739035
1271602437816815617,negative,0.04771873471331869
1271602437892292608,negative,0.006467323996620646
1271602438064177157,negative,2.9489180874369595e-05
1271602438290767872,negative,0.004902285523916794
1271602438454345728,positive,0.8154950852205297
1271602438743756802,negative,0.012157219429847021
1271602439075094530,negative,0.00403743236411714
1271602440362700801,neutral,0.3381189830050101
1271602440685719552,negative,0.01567669547227158
1271602440748576768,neutral,0.37137062280538924
1271602441415348224,negative,0.07880574835573678
1271602441440514048,negative,0.19552563706121598
1271602441771978758,negative,0.01655022480749108
1271602442149466114,negative,0.06481210408727246
1271602442203881472,negative,0.0009175264165824337
1271602442250182656,negative,0.010873064389172541
1271602444682887168,negative,0.00019984109669266473
1271602444972298241,negative,0.3040949491800166
1271602445114847232,negative,0.31134529483504403
1271602445328752640,negative,3.601987864145422e-05
1271602445639208960,negative,0.022772778477847345
1271602445702049794,negative,0.04432762407766429
1271602445949386753,negative,0.0784843120730833
1271602446050013184,negative,0.0010033410433637482
1271602446628982785,negative,0.13223660272479967
1271602446981369857,negative,0.002418228708076309
1271602447111327749,negative,0.18382108387335008
1271602447258132480,negative,0.12391341008231757
1271602447291686914,negative,0.2116342426238279
1271602450449997824,negative,0.09402555791215148
1271602450567499776,negative,0.004343266112216106
1271602450840064001,negative,0.0001416548506366076
1271602450995089408,neutral,0.49789225920557484
1271602451838271488,negative,4.40937372909515e-05
1271602452224266242,negative,0.0005330289711396502
1271602453281148928,negative,0.0005358077387413497
1271602453386088448,negative,0.041894793809486804
1271602453994254337,negative,6.780770913963716e-09
1271602454132600833,negative,1.2210002173141288e-06
1271602454593929216,negative,0.00016823968684374503
1271602454703079425,negative,3.6044037609372196e-05
1271602455915175937,neutral,0.4525299360032805
1271602456305287173,negative,0.05676553902449732
1271602456481456128,negative,0.00045907546696176166
1271602457089470465,negative,7.236773637704521e-08
1271602457127288838,neutral,0.41083888124155565
1271602457408409602,negative,0.2378411193086786
1271602457949413378,negative,0.0008874600528617901
1271602458251403266,negative,0.06744017420151786
1271602458557587457,negative,0.18795859623648656
1271602458918338560,negative,0.04251865790289205
1271602459320954886,negative,0.0002558508086955222
1271602459337805824,negative,0.016778823495881307
1271602460021477376,negative,1.3773061972503753e-05
1271602460134723586,negative,0.1400363458598214
1271602460386381825,neutral,0.45179930182515665
1271602460457656321,negative,0.0007239283337842559
1271602461468504065,negative,1.4078607051581569e-07
1271602461514530822,negative,0.07547770013716507
1271602461636255745,negative,0.015386386874891427
1271602461644595203,negative,0.3267756758907018
1271602461908914178,neutral,0.6352643936176893
1271602461963202560,negative,0.0277864180077742
1271602461996912640,negative,1.4087941363798072e-05
1271602462491844609,negative,4.6280468394250195e-05
1271602462584123392,negative,0.006335297903121096
1271602462609281026,negative,0.00016628924848785266
1271602462688935939,negative,0.12638575508756936
1271602462898749441,negative,0.2824876424311173
1271602463154585601,negative,7.25332952347127e-06
1271602463548858371,neutral,0.3381189830050101
1271602463712448512,negative,0.0802169327237387
1271602465654419460,negative,0.13436796389140312
1271602465826172929,negative,0.0006231497894395036
1271602465914355713,negative,0.009090666028671647
1271602466258325510,negative,0.08818161423987897
1271602466421760001,negative,0.0034422701667282513
1271602466568667136,negative,0.00016397075895749168
1271602466661023745,negative,0.20367766229747658
1271602466883321857,negative,0.0319832305431049
1271602467130814465,negative,0.00016628924848785266
1271602467520811008,positive,0.684687678208344
1271602467864797185,neutral,0.41781860539170623
1271602468879622144,negative,4.027285594274803e-06
1271602469454348289,negative,0.009272739832239805
1271602469836148736,negative,0.0027608389615362983
1271602470020669441,negative,0.007006140556179161
1271602470075150336,negative,0.017998996199260105
1271602470330994689,negative,0.014592387966216947
1271602470431657984,negative,0.045258366132856706
1271602470591086592,negative,0.002971334935345824
1271602470695899136,negative,0.24257369881389068
1271602470767206401,negative,0.0005358077387413497
1271602470935019521,positive,0.7811538628498454
1271602471262183426,negative,0.00019984109669266473
1271602471329095686,negative,0.10459977435111918
1271602471413129223,negative,0.00016628924848785266
1271602471752929280,negative,0.0010512437128292194
1271602472071634945,negative,0.10748599412053919
1271602474089156609,neutral,0.41781860539170623
1271602474143625218,positive,0.7988054417878341
1271602474839916544,negative,0.000132376457949845
1271602474974162944,negative,1.858430522996556e-11
1271602475380998146,negative,0.025986013737638435
1271602475552907264,negative,2.8569445859956855e-06
1271602475846557696,negative,0.13223660272479967
1271602475972296709,negative,0.05160248909704672
1271602476442177536,negative,0.21660811791202764
1271602478077874177,negative,0.04474185142070119
1271602478145048576,negative,0.01552788654488999
1271602478417657856,negative,0.056714373755799255
1271602478430199809,neutral,0.4022100647732991
1271602478468018177,negative,0.005626392366426678
1271602478686113793,negative,0.22619620040918723
1271602478769979394,negative,0.13666746933319543
1271602478849630208,negative,1.5936469852570445e-07
1271602478933475333,neutral,0.5233301892022787
1271602479126450182,negative,0.007012448520741336
1271602479524954113,negative,0.0007809020524228805
1271602479877234699,negative,0.21660811791202764
1271602480116387840,negative,0.1125644442827439
1271602480409968641,negative,0.32620683154629054
1271602480640659456,negative,0.003689380387998146
1271602480653066241,negative,0.00027585667296755586
1271602480862896129,negative,0.00042028176580847533
1271602483274620928,negative,0.01006157976502933
1271602483299848193,neutral,0.4091554671711106
1271602483555639298,negative,0.002647930587441848
1271602483736043521,negative,0.04745577454064255
1271602483849281538,negative,2.136030090723097e-05
1271602483920621568,negative,1.9007496617215074e-09
1271602484385951744,negative,0.01552788654488999
1271602484755288065,negative,0.00035625677862029427
1271602484918857728,positive,0.684687678208344
1271602484948148224,negative,0.005295085403094948
1271602486978232320,negative,0.0003556188772877965
1271602487171129344,negative,0.0005358077387413497
1271602487858876416,negative,1.8066554511466122e-05
1271602488106459137,negative,0.3040949491800166
1271602488182018050,negative,0.0034483219390338015
1271602488572067840,negative,3.759814752818217e-05
1271602488693739525,negative,9.250877231731503e-05
1271602488714690561,negative,0.006759802676185766
1271602488936931329,negative,0.06138095024089372
1271602488949575682,negative,2.653653371996305e-11
1271602489163481089,negative,0.17628554038984484
1271602489213833216,neutral,0.49789225920557484
1271602489431855104,negative,0.0825886283591841
1271602489582903299,positive,0.7878984431607639
1271602490975432705,negative,0.18108766465601922
1271602491512233984,negative,0.000491972713927468
1271602491549982727,neutral,0.5213685553816502
1271602491629678593,negative,0.25318237069832455
1271602491713560577,negative,0.19552563706121598
1271602492724445185,negative,8.602011183778233e-06
1271602492825092096,negative,0.0319832305431049
1271602492929970176,negative,0.0002833791535977362
1271602493105950720,negative,0.004528981690275118
1271602493152256002,negative,0.00019984109669266473
1271602493559103488,negative,0.0005358077387413497
1271602495207411713,negative,1.4282680352932503e-05
1271602495421394944,negative,2.0523980733178365e-06
1271602495438159873,negative,4.6280468394250195e-05
1271602495593144322,negative,0.0020420342704147664
1271602495698198528,negative,0.02428248049254861
1271602495865999360,neutral,0.49789225920557484
1271602495882756096,negative,0.0005330289711396502
1271602495991746562,negative,2.254712459797814e-05
1271602496100761607,negative,0.09288522946839645
1271602496918761474,negative,0.26982158164921133
1271602497287749632,negative,0.00016766702548506537
1271602497589858305,negative,0.00011901263857809462
1271602498026037250,negative,0.1952814587246654
1271602499032682497,negative,7.2884477388465e-05
1271602499150123010,negative,0.00016628924848785266
1271602499191963656,neutral,0.36157051415644564
1271602499309494272,neutral,0.5684752279504157
1271602499888259078,negative,0.1628976482749928
1271602500542529536,negative,0.0033309307955204214
1271602501008142336,negative,0.0003658500875928728
1271602501129613313,negative,0.016656028492176282
1271602501473783808,positive,0.6624055896622104
1271602501591150594,negative,0.17122708209395252
1271602502245453825,negative,0.14308527386746261
1271602502505553920,negative,0.0014056336333883798
1271602503226982401,negative,4.955740790756763e-05
1271602503726088194,negative,0.05953817817461841
1271602503919063040,negative,0.20108382523202872
1271602503944228864,negative,1.1161898549572583e-12
1271602504195731456,negative,3.2132551684608033e-10
1271602504317276160,neutral,0.6503629794226561
1271602504455897090,negative,0.028175953777067414
1271602505173159939,negative,0.06474134707910958
1271602505294757888,negative,0.05897235857735733
1271602505441513473,negative,0.012164792431929873
1271602507492601857,negative,0.1391956478680612
1271602507748384770,negative,0.003947884445686983
1271602507752574977,negative,0.0019660331236129296
1271602508075597826,negative,2.7112386160141126e-05
1271602508557881351,negative,1.8066554511466122e-05
1271602508889235456,negative,7.704362118212568e-05
1271602508943765504,negative,0.11162762197975168
1271602509023453184,negative,0.00016628924848785266
1271602509090623495,negative,0.02302233373853706
1271602509459718145,negative,0.00016628924848785266
1271602509589680129,negative,0.0015425978250262452
1271602511670116352,negative,0.06756897342989703
1271602511800143872,negative,0.0020000389975109592
1271602511904817152,negative,1.8066554511466122e-05
1271602512227971072,neutral,0.3381189830050101
1271602512370585600,negative,1.67824124727267e-05
1271602512429268994,negative,9.9776447420698e-05
1271602512496332800,negative,0.0021179745954072273
1271602512664113152,neutral,0.35138810142877774
1271602512760578049,negative,0.004741287475257076
1271602512873828353,negative,8.532772844552888e-05
1271602512941002752,negative,7.2884477388465e-05
1271602513523998722,negative,0.022800342244157282
1271602513960189954,negative,0.23923325162317483
1271602514211807234,negative,0.08000202738784179
1271602514262196224,negative,0.00798617966158689
1271602516287983617,negative,0.00019984109669266473
1271602516841697280,negative,0.00011341912160628809
1271602517340758016,negative,7.529937781207599e-14
1271602517529550850,negative,5.7568976812114995e-05
1271602517667766272,negative,0.16437877331818024
1271602517827366918,negative,0.011441480875529703
1271602517953196033,positive,0.7927857493834024
1271602518280163328,negative,0.00011834937613432398
1271602518389411840,negative,1.5063080242777993e-08
1271602518477410305,negative,0.11162762197975168
1271602518657728512,neutral,0.34117024056417766
1271602518846574592,negative,0.009810895693620772
1271602518875934721,negative,2.4927669755055603e-13
1271602520079634432,negative,0.07762784543750909
1271602521329537025,negative,0.3040949491800166
1271602521769902080,negative,0.21139109066500397
1271602522185236482,negative,0.00016397075895749168
1271602523200196608,negative,1.8066554511466122e-05
1271602523443548160,negative,0.001595334237663935
1271602523464445952,neutral,0.35962726726529565
1271602523514822656,negative,0.18693584956905138
1271602523636412419,negative,0.29976230346950944
1271602523644854276,negative,0.00019984109669266473
1271602523762294785,negative,0.0002833791535977362
1271602524269809665,negative,7.920732009380778e-06
1271602524269817861,negative,0.002886944683696644
1271602524361904128,positive,0.9949207143787125
1271602524496244736,negative,0.00011341912160628809
1271602524546633730,negative,0.023881704366282723
1271602524647067648,negative,0.23699778876372793
1271602525192454145,negative,0.013670573633412467
1271602525192454146,negative,0.11162762197975168
1271602525255450627,negative,0.28112816092110127
1271602525674835968,negative,0.00019984109669266473
1271602525700075520,negative,0.011013279854401599
1271602525779759105,neutral,0.4662169283079212
1271602525788147712,negative,0.006949399477664635
1271602528166260736,neutral,0.48193496988320284
1271602529781121025,negative,0.007032605876039598
1271602530842218497,negative,0.0003084214056554202
1271602531181957120,negative,0.20757850165123046
1271602531773317125,negative,0.11162762197975168
1271602531781816321,positive,0.6812882083553091
1271602532046036993,negative,0.028946401667686826
1271602532624801793,negative,0.06687283281823907
1271602532893069312,negative,6.014864228984992e-05
1271602533132271618,neutral,0.3725458233667465
1271602533413212160,negative,2.766593581599896e-06
1271602533782478849,neutral,0.5421812039292873
1271602533933473792,negative,0.09784005185327141
1271602533950251009,negative,0.07609823327656848
1271602533992148995,neutral,0.4147342023902695
1271602534763966466,negative,0.015946341074103896
1271602534961090560,negative,0.0032775605287930854
1271602535170805761,neutral,0.5158465991168991
1271602535556579338,negative,0.00019984109669266473
1271602536752037888,negative,0.05368241837099004
1271602536819183620,negative,0.02474038220294332
1271602537364254720,neutral,0.6528504385164474
1271602537519595521,negative,0.0009271961208697203
1271602537771212801,neutral,0.5271830635860538
1271602537796440064,negative,0.001067406653983586
1271602538220052480,negative,0.01816722600231826
1271602538224238594,negative,0.12597287902018944
1271602538488434689,negative,0.0002558508086955222
1271602541311246337,negative,0.00157921824750368
1271602541734871040,neutral,0.49789225920557484
1271602541764251648,negative,0.012937198587968587
1271602541797806083,negative,0.04425341322826403
1271602541801996288,negative,0.0049024829505844945
1271602541831258113,negative,0.00018895445553569106
1271602541839757312,negative,0.0028452208663357383
1271602542519226371,negative,0.00011092673492861494
1271602542707904512,negative,0.0005351132759893319
1271602543009939456,negative,2.4961881835282142e-08
1271602543102169093,negative,0.0009277801167199862
1271602543840329729,negative,0.14015776373319971
1271602543903281153,negative,0.1513514464879823
1271602544024776706,negative,0.0049024829505844945
1271602545920622592,negative,0.0014534938976559968
1271602546189258753,negative,2.868272944210838e-06
1271602546432528385,negative,0.005366889164635993
1271602546478428160,negative,0.004012412114351331
1271602546495242240,negative,0.00036986781985034426
1271602546835099654,negative,0.014592387966216947
1271602546952622080,negative,0.02219462288414203
1271602546956632064,negative,0.10298750053471524
1271602546977767425,negative,8.321941070494749e-05
1271602547049054208,negative,0.003252381698783303
1271602547518734336,negative,0.10947484028698869
1271602549435412481,negative,0.01552788654488999
1271602549527846914,negative,5.606243967029899e-05
1271602549582331906,negative,0.0882311381289216
1271602549859274753,neutral,0.48728019602140255
1271602549892808704,negative,0.27012265494649884
1271602550140215296,negative,0.00019984109669266473
1271602550152876032,negative,0.1462919561686419
1271602550337343488,neutral,0.437369725752128
1271602550689546242,negative,4.8642314873069056e-11
1271602550744195073,neutral,0.4219484860627821
1271602551293648897,negative,0.0008995954928223581
1271602551381798913,negative,0.08346383870731802
1271602551557951492,negative,0.008168280403189471
1271602551683788800,negative,1.461698760348495e-05
1271602551872520194,negative,0.25318237069832455
1271602551989862400,negative,0.00016397075895749168
1271602553571225602,neutral,0.3381189830050101
1271602554141622272,negative,5.798744336321242e-05
1271602554275848192,neutral,0.5608256077843147
1271602554644893696,negative,0.041863098365780615
1271602554703667202,positive,0.9157370566859354
1271602555253067778,neutral,0.47301052088815143
1271602555873832960,negative,0.00011282811845650316
1271602555890647045,negative,0.0049024829505844945
1271602555978735616,negative,6.014864228984992e-05
1271602555978764295,neutral,0.46892188497180376
1271602556100382724,negative,0.00041279808053524723
1271602557811675137,negative,0.00016628924848785266
1271602557861998595,negative,0.007599598437030047
1271602558545670146,negative,0.18135203130807032
1271602558914740239,negative,3.0374827599143115e-07
1271602558977613824,negative,0.05407524571388609
1271602559283855360,negative,0.0001563084372489882
1271602559451529216,negative,0.002349562636552899
1271602559543914496,negative,8.25770363824955e-05
1271602559866863617,negative,0.0008001326175284165
1271602560508592128,negative,0.19640071182145585
1271602560588226562,negative,0.0006756911284651379
1271602562127577088,negative,0.00011791760518418482
1271602562555359235,negative,3.6665112331618853e-10
1271602563280965633,negative,0.00016628924848785266
1271602563612368896,negative,1.2951290811802365e-07
1271602563704590339,negative,0.010256456685725716
1271602564082040833,neutral,0.34117024056417766
1271602564123983874,negative,0.0004230559300757872
1271602565172596736,negative,0.0049024829505844945
1271602566493687809,negative,0.0006018679628487836
1271602566523228160,neutral,0.43239902574644784
1271602566535798784,negative,0.029221171854788907
1271602566724534274,neutral,0.46127768308170247
1271602566988804101,neutral,0.41557614730585196
1271602567278198785,negative,0.1011585694514215
1271602567362084864,negative,0.04251423792646359
1271602567404019713,negative,0.027565523875858356
1271602567676641281,negative,0.007954934633077601
1271602567756333057,negative,0.09820244960925315
1271602567974436864,neutral,0.44203796278016244
1271602568012001280,positive,0.9106973434493492
1271602568159014913,negative,2.475377567719212e-06
1271602568175771648,negative,0.26123670052509024
1271602568330960899,negative,0.015430470130248964
1271602568347738114,negative,9.03899146014297e-08
1271602568444157953,negative,1.8066554511466122e-05
1271602570541195265,negative,0.001842031509920941
1271602570612445184,negative,0.023741099752937863
1271602571153727488,negative,1.4282680352932503e-05
1271602571271114753,negative,4.6280468394250195e-05
1271602571703173127,negative,0.03180962742221007
1271602571975720961,negative,2.403784112129003e-09
1271602572131012608,negative,0.02474038220294332
1271602572676259841,negative,0.10932753837349826
1271602574651686912,negative,0.00019894404832740268
1271602574752452609,negative,0.0021243572501805827
1271602575385792513,negative,0.01552788654488999
1271602575465418759,negative,0.1853447716208767
1271602575494844418,neutral,0.6582643402168333
1271602575540998144,negative,0.001842031509920941
1271602575574478853,negative,0.037923919074804614
1271602575645839361,negative,0.002886944683696644
1271602576144900096,negative,0.0027595781955156553
1271602576220397570,negative,0.00016628924848785266
1271602577084481536,negative,0.04810069193990394
1271602577101279233,negative,0.08346383870731802
1271602579194011648,negative,0.001842031509920941
1271602579240374273,neutral,0.6234049249685203
1271602579844325381,negative,0.012017192431571493
1271602580100186115,negative,0.001596738307657661
1271602580204945415,negative,0.04504536570608191
1271602580548988928,negative,1.4282680352932503e-05
1271602580561563649,neutral,0.4539808796773663
1271602581115109377,negative,0.20331066130522818
1271602581203288064,negative,0.26964203488746474
1271602582935437312,negative,0.00048559593649531447
1271602583149383680,negative,0.014592387966216947
1271602583266832386,negative,0.3167761424343204
1271602583279407104,negative,1.3476317052720875e-06
1271602583363174400,negative,0.2053552523672899
1271602583526936576,negative,0.05166806590332395
1271602583715618817,negative,0.014592387966216947
1271602583774400512,negative,0.00042510695841077096
1271602583845711874,negative,0.21139109066500397
1271602584055406594,negative,0.07289845512535985
1271602584449699840,negative,0.00247587201425717
1271602584491622400,negative,0.21384768238216476
1271602584617279488,negative,2.90536487686921e-06
1271602584961384449,negative,0.05114092480692601
1271602585099808768,negative,0.3252169615728041
1271602585468915712,neutral,0.6200590102455651
1271602585577848833,negative,0.03840564920058137
1271602585921781760,negative,7.896655954576735e-05
1271602587196891137,neutral,0.4274047939449264
1271602587230507008,neutral,0.3996580091506196
1271602587243032581,neutral,0.4368347878126289
1271602587322679297,negative,0.023758272987789788
1271602587524108289,negative,0.001842031509920941
1271602587754692610,negative,0.00011791760518418482
1271602587800940544,negative,7.351814927022049e-07
1271602588149047296,negative,0.010409351888161885
1271602588715270145,negative,0.14978712506677885
1271602588778201090,negative,0.00017325662614099373
1271602588933337088,negative,7.236773637704521e-08
1271602589080174592,negative,0.16657362790899907
1271602589365387270,negative,0.00019984109669266473
1271602589369581568,negative,0.005571168276509316
1271602589713432576,neutral,0.458452529704962
1271602589801611264,negative,0.002470013597727687
1271602591428993025,negative,0.001842031509920941
1271602591823167488,negative,0.011144144601836133
1271602592150421505,negative,0.0957914794630909
1271602592158801920,neutral,0.5844660558927414
1271602592502743040,negative,0.00016628924848785266
1271602592674484224,negative,0.001842031509920941
1271602592808919041,positive,0.684687678208344
1271602593131888640,negative,0.06288906187820521
1271602593198989313,positive,0.9708641168379752
1271602593236692993,negative,6.547150004312279e-07
1271602593253470209,negative,0.001842031509920941
1271602593509175296,neutral,0.5089004219517322
1271602593639403527,negative,0.0048031083353694045
1271602593953918976,negative,0.003258068197353932
1271602595505868800,negative,0.19536839692311236
1271602595522633728,negative,0.3248410612445367
1271602596470456321,negative,1.8066554511466122e-05
1271602596684402688,neutral,0.46127768308170247
1271602596696989698,negative,0.0048031083353694045
1271602596701188099,negative,0.0023170344461177867
1271602596843851776,neutral,0.49789225920557484
1271602596940263424,neutral,0.3637556176066104
1271602596982272000,negative,0.0008103983664253912
1271602597112295427,neutral,0.3725458233667465
1271602597271650305,negative,0.22227220863865904
1271602597649158145,negative,0.16437877331818024
1271602597737218050,negative,0.005894416270567474
1271602597967863808,negative,0.09564489296893097
1271602597972127744,negative,0.00016628924848785266
1271602600044101633,negative,1.5203892574912195e-05
1271602600337715200,negative,0.01644450645723461
1271602600677433345,negative,3.3404968180999112e-09
1271602600874573826,neutral,0.44750918329995854
1271602600878714882,negative,0.02374125613834837
1271602600899731462,negative,0.013722089811662992
1271602600954208257,negative,0.0026023019266201253
1271602601147105280,neutral,0.6036802031617744
1271602601403039746,negative,0.00010859983214507296
1271602601499525120,positive,0.916649847416321
1271602601558188032,negative,0.004202944138452892
1271602601629540352,negative,1.3246117043244962e-05
1271602601742569472,negative,0.19502423039687414
1271602601801457666,negative,4.6280468394250195e-05
1271602601855983616,positive,0.9615673433593547
1271602601856053250,negative,1.290296094429216e-06
1271602602002825217,negative,0.003360875533936497
1271602602115989512,negative,5.878773575922929e-07
1271602604347461633,negative,0.0005380718888186476
1271602605098184709,negative,0.01033035119922062
1271602605215506432,negative,3.0585135985858914e-06
1271602607186903041,negative,0.28689202034227634
1271602607681941507,neutral,0.4242139049419
1271602607803584513,negative,0.000759394058036063
1271602607879065602,negative,0.009272739832239805
1271602608885637126,negative,0.004818224465877064
1271602609120595968,neutral,0.437369725752128
1271602609481297923,negative,0.03358417042512886
1271602609497899009,negative,0.14015776373319971
1271602609565110272,negative,0.15279167200372754
1271602609883758592,negative,0.18233502258822923
1271602609951039489,negative,0.1081009518584332
1271602610424987649,negative,1.8066554511466122e-05
1271602610706042884,negative,0.02332060513388942
1271602610840064001,negative,0.15797133755319195
1271602611238699009,negative,0.14308527386746261
1271602612362674177,negative,0.24712056159227955
1271602612551335937,negative,0.0007904662856937187
1271602612585091073,neutral,0.3485717548216292
1271602612710731776,negative,0.11390975061372646
1271602613037998080,negative,9.27474245996811e-07
1271602614078255110,negative,0.04094259444472335
1271602614548017154,negative,0.009121143975876439
1271602614690615298,negative,0.005196583866241051
1271602614841618432,negative,0.020627302555158277
1271602614992613381,negative,0.32620683154629054
1271602615151996928,negative,0.000132376457949845
1271602615206522881,negative,0.0018183876902200331
1271602615298768899,positive,0.9819203891607249
1271602616904986624,negative,0.25947272540011757
1271602617815306240,negative,0.000759394058036063
1271602618012442630,neutral,0.437369725752128
1271602618423484416,neutral,0.437369725752128
1271602618486403075,neutral,0.4507454498615163
1271602618633269248,neutral,0.41883660624644137
1271602618834530305,negative,4.6280468394250195e-05
1271602618901639171,negative,0.001842031509920941
1271602619010756608,negative,4.751089910266083e-08
1271602619254026241,negative,1.6975183088885619e-06
1271602619329454084,negative,2.1762213899941938e-13
1271602619878985728,negative,0.0615331638563064
1271602619954466818,negative,0.0008713156143761013
1271602620923285504,negative,0.04907696882727438
1271602621678260225,negative,0.08413000880975484
1271602621716082689,negative,0.1372335959875356
1271602621867003904,negative,0.015833967096808822
1271602622001229824,neutral,0.3381189830050101
1271602622563311618,negative,0.00027585667296755586
1271602622567518208,negative,0.01552788654488999
1271602623079120897,negative,0.00016628924848785266
1271602623737626624,negative,0.00028733063018710603
1271602623817281536,negative,0.00022914088582834575
1271602624232595456,negative,0.0364201159833948
1271602624945704960,negative,0.0672770373814434
1271602625402806272,negative,0.00019984109669266473
1271602625864175616,negative,0.006262600809589556
1271602626266791937,negative,0.00011791760518418482
1271602626338095105,negative,1.8066554511466122e-05
1271602626354991104,negative,0.010565685094163958
1271602626937982981,negative,0.040148265968795616
1271602627286097920,negative,0.07609823327656848
1271602627369930752,negative,6.236105015602125e-07
1271602629307535360,negative,0.24306415188228875
1271602629358084096,neutral,0.3381189830050101
1271602629366464512,neutral,0.4737554465528978
1271602629693583360,negative,9.433741124872865e-08
1271602629861355525,negative,0.00011341912160628809
1271602630133981184,negative,0.00014840749909568357
1271602630360522752,negative,0.0049024829505844945
1271602630473723905,negative,0.10947484028698869
1271602630532444162,negative,2.384813006499165e-05
1271602630930939904,negative,3.0373461343041953e-05
1271602631308455937,negative,0.0015425978250262452
1271602631505518593,negative,0.00016628924848785266
1271602633732751365,negative,0.00023882966192448517
1271602633774641158,negative,0.01552788654488999
1271602634189873153,negative,0.25318237069832455
1271602634798047233,negative,0.005014943087364652
1271602635976642560,negative,0.015946341074103896
1271602636530290688,neutral,0.5089004219517322
1271602636828131329,negative,0.0882311381289216
1271602636949721088,negative,0.30490738131931094
1271602636983238660,negative,0.08913284679716935
1271602637226549250,negative,0.059253725748064805
1271602637507457024,negative,0.0005330289711396502
1271602637662715904,negative,0.05817995923428874
1271602638128381952,negative,0.00019894404832740268
1271602638187102209,negative,3.989741608300387e-06
1271602638484897794,neutral,0.3381189830050101
1271602638820274177,neutral,0.38079969783585116
1271602639105675268,negative,0.012444108711133184
1271602639457968129,negative,1.69597407704258e-05
1271602639470551040,neutral,0.4219484860627821
1271602639474581504,negative,1.8066554511466122e-05
1271602639474757633,negative,0.25947272540011757
1271602640108097542,negative,0.138094518987045
1271602641873887233,negative,1.1252320771683853e-05
1271602642532302849,negative,0.00016628924848785266
1271602642553393152,negative,0.13666746933319543
1271602642909888513,neutral,0.6404664096554347
1271602642951770113,negative,0.18812086784397536
1271602643778129920,neutral,0.49789225920557484
1271602644038098944,negative,0.1628976482749928
1271602644574969858,negative,0.31732489718339985
1271602646021963784,negative,0.015386386874891427
1271602646395359234,negative,0.0010124928719095897
1271602646458212353,negative,0.3029968537174699
1271602646726643715,negative,0.2675637579473606
1271602646751772679,negative,0.04021638496373514
1271602647263477761,negative,0.29204044428619996
1271602647427158016,neutral,0.651955161539684
1271602647448072192,negative,0.13576598683437843
1271602647695593473,negative,0.008658099919513919
1271602648261840897,negative,0.0019702562773176975
1271602648765075463,negative,0.24765343106174098
1271602649050341381,neutral,0.48728019602140255
1271602650140860416,negative,0.26123670052509024
1271602650459418627,negative,0.0011476103271417274
1271602650509950978,positive,0.6912663504396676
1271602650669334529,negative,0.16509810409557213
1271602650782498818,negative,0.0014056336333883798
1271602651617247232,negative,0.00023719053040000164
1271602652145737729,negative,0.0005351132759893319
1271602652900724736,negative,3.8632474149153675e-05
1271602652909109250,negative,0.002395107361095619
1271602653022294016,negative,0.009272739832239805
1271602653123002371,negative,0.004393708458221603
1271602653232091136,positive,0.6624055896622104
1271602653366308865,negative,0.00157921824750368
1271602654448218112,negative,0.17553924241747834
1271602654938947584,negative,3.460652952883197e-06
1271602655467638784,negative,0.010741929144073329
1271602656012877824,negative,0.25318237069832455
1271602656012898305,neutral,0.3845052117033277
1271602656092569601,negative,0.061572356209183055
1271602656168075265,negative,0.01359956250126882
1271602656180490241,negative,9.775023309934082e-06
1271602656780234753,negative,0.0006474556280493485
1271602656788742144,neutral,0.4252942769304538
1271602658588098561,negative,0.22837458946902603
1271602659032793089,positive,0.9556858708304484
1271602659204780032,neutral,0.3381189830050101
1271602659586445312,negative,0.0009712385270065853
1271602660211187712,negative,1.8066554511466122e-05
1271602660366602246,positive,0.9856339366098104
1271602660555264001,negative,0.0011908968341850397
1271602660702146567,negative,0.059889250246088856
1271602661759074305,neutral,0.35451443008515343
1271602663357063173,negative,0.3040949491800166
1271602663403261952,negative,9.224318847063325e-11
1271602663831068673,positive,0.66839732280292
1271602664011378688,neutral,0.5136446707795853
1271602664200077312,negative,0.021468205824297266
1271602664611229696,negative,0.0031975490400159975
1271602664619438080,negative,0.06361169162130391
1271602664803983360,negative,0.013441343552534154
1271602664862777344,negative,0.02978956789286822
1271602664963477506,neutral,0.46127768308170247
1271602665240264705,negative,7.25332952347127e-06
1271602667316490241,negative,0.05670946645000067
1271602667442364417,negative,3.0373461343041953e-05
1271602668000206848,negative,0.005505815107613092
1271602668092481537,negative,0.2116342426238279
1271602668163731457,negative,0.00011244740552047213
1271602668469919746,negative,0.018231076434766017
1271602668616720391,positive,0.9856339366098104
1271602668830588932,negative,0.13436796389140312
1271602668897697792,negative,0.0031973172051447687
1271602671070457857,negative,4.143742682840951e-05
1271602671095611392,neutral,0.4136565312011753
1271602671485583361,neutral,0.6330455584487023
1271602671779303425,negative,0.22232271081946509
1271602671888281607,negative,0.000863139340323015
1271602671888338950,negative,0.2086228839071627
1271602671921909761,positive,0.9708641168379752
1271602671989010434,negative,0.020317130529569682
1271602672353849344,negative,0.14385489589323358
1271602672521687045,negative,0.12056045216888053
1271602672848773121,negative,0.004558410575349695
1271602673062752259,neutral,0.4064281066055449
1271602673909784576,neutral,0.34117024056417766
1271602675403165697,negative,0.002242760137522403
1271602675587702787,negative,0.03221236491021509
1271602676208472065,negative,0.01552788654488999
1271602676938219523,positive,0.7685322661239289
1271602677642911745,neutral,0.4447534025629569
1271602677668028416,negative,3.076279541971728e-05
1271602677697265664,negative,0.027532586259180133
1271602677852635136,negative,0.010434924409299426
1271602677982650368,negative,0.138094518987045
1271602680155209735,negative,0.10468083000665482
1271602680314593280,negative,0.01747022154546852
1271602681249816576,neutral,0.34117024056417766
1271602681841360903,negative,0.18909143581032145
1271602681862332419,neutral,0.46764355068197516
1271602681988120581,negative,0.029755178268819425
1271602682340540417,negative,8.690525529996709e-05
1271602682600591364,negative,9.58245275700534e-06
1271602683217162240,positive,0.7500377016963704
1271602683917541378,negative,0.0002558508086955222
1271602684676767744,positive,0.9787696559167121
1271602684857061376,neutral,0.5293700225891195
1271602685892898817,negative,0.007898530572952134
1271602685918285827,negative,0.2504270893075993
1271602685926653953,negative,0.01842463735869234
1271602685968560129,negative,0.28112816092110127
1271602686291566597,negative,0.007032605876039598
1271602686564204544,negative,0.0004299763539907078
1271602687277248512,negative,8.334234326277883e-06
1271602687801466880,negative,0.024745362038844244
1271602688267075584,negative,0.009090944519261759
1271602688803954689,negative,0.00759171382855958
1271602688824934403,negative,0.003611636602476282
1271602688925544448,negative,6.898181232754515e-05
1271602688946507776,negative,0.00016628924848785266
1271602689026273285,negative,0.000926271022375246
1271602689290485761,negative,0.021295168826505204
1271602689449787392,positive,0.8361315420967288
1271602689621856258,negative,0.3040949491800166
1271602689978191872,negative,0.00034452013456042375
1271602690406170630,negative,0.0010873410759697987
1271602690439643137,negative,0.0004477362765995132
1271602690460733440,negative,0.29184291944928725
1271602690552987651,negative,3.262796994869556e-05
1271602690729140224,negative,0.0013876501219581817
1271602692016799744,negative,8.956286318124282e-06
1271602692561960961,neutral,0.3820472485190975
1271602692562071553,negative,0.007954934633077601
1271602692905975809,negative,0.026342391562669237
1271602693048537094,negative,6.294110908670803e-07
1271602693165940738,negative,7.2884477388465e-05
1271602693585469440,neutral,0.49789225920557484
1271602693732208641,negative,0.0005351132759893319
1271602694071840768,positive,0.9106973434493492
1271602696399642624,negative,0.006795178827374594
1271602696546590720,neutral,0.5138463099038074
1271602696546652160,neutral,0.49789225920557484
1271602696571760640,negative,7.121720578473744e-05
1271602696643018753,negative,0.0006612129633377844
1271602696865316866,negative,0.00016628924848785266
1271602697305821185,negative,0.11162762197975168
1271602697347751936,negative,0.001842031509920941
1271602697561571329,negative,0.11162762197975168
1271602697632972800,negative,0.0003556188772877965
1271602697809137665,neutral,0.49789225920557484
1271602697913933825,neutral,0.3850948772444006
1271602698081763340,negative,0.13085061686186283
1271602700669595648,negative,0.0033309307955204214
1271602700778721281,negative,1.060442443963043e-06
1271602700933836802,positive,0.9687131883592587
1271602700971651074,negative,0.2553261496234046
1271602701089017856,negative,0.03323203420191993
1271602701533577216,negative,0.15026208640783667
1271602701823086593,negative,0.004490592819714069
1271602702011817985,negative,0.0013861122586575497
1271602702049476608,neutral,0.46127768308170247
1271602702590623744,negative,0.01100147970898983
1271602702590652422,neutral,0.437369725752128
1271602702674464768,negative,0.0002503401667670519
1271602702703869952,negative,0.0003291735782151038
1271602704687804417,negative,0.005894416270567474
1271602704779968512,negative,0.2864145558920463
1271602704951975936,negative,0.19753827322328846
1271602705417592834,negative,0.00016628924848785266
1271602705442766848,negative,0.0002580519377169914
1271602705472118786,negative,0.0010033410433637482
1271602705719603206,negative,6.547150004312279e-07
1271602706264752130,negative,2.7112386160141126e-05
1271602706306805761,negative,1.69597407704258e-05
1271602706449338368,negative,1.8066554511466122e-05
1271602706591997952,positive,0.9952558351919546
1271602708714266629,negative,8.533047907544956e-05
1271602708890476545,neutral,0.3381189830050101
1271602709385424896,negative,0.08048926307149065
1271602709662179336,negative,0.32643896277848355
1271602709678956544,neutral,0.49789225920557484
1271602709817245696,negative,2.0737240523544915e-06
1271602709821603841,negative,0.004942553113128432
1271602710123511813,neutral,0.6330455584487023
1271602710140329991,positive,0.7880261635076048
1271602710274596874,negative,0.1687371717995317
1271602710341550081,negative,9.342007991288264e-05
1271602710438125574,neutral,0.3609377047345681
1271602712577216513,positive,0.7896308023335322
1271602713273552896,neutral,0.3381189830050101
1271602713327960065,negative,0.1952814587246654
1271602713604882432,positive,0.8442014614349974
1271602713847926784,neutral,0.34117024056417766
1271602714040991746,negative,0.002349562636552899
1271602714124922882,negative,0.01655022480749108
1271602714376581120,negative,0.029118408084105686
1271602714577907712,neutral,0.36434125657219296
1271602715035123712,negative,0.01298509591667729
1271602715261534208,negative,0.00019984109669266473
1271602715622281216,neutral,0.45488923244964274
1271602717295874048,negative,0.1685216692648357
1271602717677543424,negative,0.07619269198218341
1271602717975359491,negative,0.00012428894664892842
1271602718235385856,negative,0.0003404579232405986
1271602718772203520,negative,4.038126988486373e-13
1271602719170736129,negative,0.006669649364830043
1271602719300759552,negative,0.0006231497894395036
1271602719409745920,negative,0.13878698831906844
1271602719506272256,negative,0.025152324668022856
1271602720093491201,negative,3.0674366019434994e-05
1271602721565691905,negative,1.4002658953750984e-06
1271602721695641600,negative,0.0585301424596441
1271602721867563013,negative,0.006759802676185766
1271602722177982464,negative,0.1810207427401869
1271602722236661761,negative,0.007599598437030047
1271602722333220866,negative,0.00032693996808049424
1271602722345803777,negative,2.0314056196711032e-06
1271602723180425221,negative,0.3248410612445367
1271602723398582272,negative,4.143742682840951e-05
1271602723608281088,negative,0.0033309307955204214
1271602725654917126,negative,0.004157637074495629
1271602726196129792,negative,0.32487682076984686
1271602726582050816,negative,0.14575760297016122
1271602726594424833,neutral,0.3662495052539392
1271602726854680577,neutral,0.48121668108857046
1271602727076990979,negative,0.17716616806426133
1271602727102091265,neutral,0.437369725752128
1271602727257333761,negative,0.18909143581032145
1271602727328649216,negative,7.2884477388465e-05
1271602727693488133,negative,0.00016628924848785266
1271602728377212938,neutral,0.4925319814792465
1271602728402161665,negative,2.90536487686921e-06
1271602728494673920,negative,9.04647924576665e-10
1271602730121998344,negative,0.029459991800648205
1271602730327576576,negative,0.004792412543621922
1271602730688229378,negative,0.00409306904977834
1271602730709192704,negative,0.25485679182001225
1271602730726031361,negative,0.008178362527209763
1271602731137073154,negative,0.00019984109669266473
1271602731363557376,negative,0.0014534938976559968
1271602731715788801,negative,0.0049024829505844945
1271602731942371328,negative,6.236105015602125e-07
1271602732315656193,negative,0.00019809352693600076
1271602732697292805,negative,0.02341292172742968
1271602734349893632,positive,0.7789393336096397
1271602734412828674,positive,0.7714274107832059
1271602734744178688,negative,0.00157921824750368
1271602734823809030,neutral,0.3381189830050101
1271602735641698304,negative,0.0013651081868890338
1271602735683600389,negative,0.016312424129250196
1271602735897509888,negative,0.06300697449819342
1271602735914385410,negative,0.023377786953838173
1271602735989825543,negative,2.536063563799784e-07
1271602736031817733,negative,0.000419171807567414
1271602736128294912,negative,0.0005358077387413497
1271602738334437377,negative,3.262796994869556e-05
1271602738359656454,negative,0.03840564920058137
1271602738670043137,negative,9.58960966671647e-07
1271602739135406081,neutral,0.3381189830050101
1271602739601162240,negative,1.362600136978839e-07
1271602739760427008,negative,0.21603976955733373
1271602739794128896,positive,0.8357176765005699
1271602739840028673,negative,0.0011476103271417274
1271602739953512450,negative,0.0014164895136393031
1271602740532318208,negative,0.026296877101261867
1271602740591026176,negative,0.00016628924848785266
1271602740712681472,negative,0.05613179351469032
1271602740733579264,neutral,0.5089004219517322
1271602740821667840,negative,1.5979322946629387e-05
1271602740821741574,negative,0.06425795079597196
1271602742876950529,negative,0.12638575508756936
1271602742897893376,negative,2.4147889957508483e-05
1271602743363407877,negative,7.559685904674855e-07
1271602743829041155,negative,2.4575771805138935e-05
1271602743879311364,positive,0.7378129874952126
1271602744571330564,negative,0.1735162678381825
1271602744583958528,negative,0.12227762356369955
1271602745083138049,negative,1.4282680352932503e-05
1271602745120829440,neutral,0.5145602399187613
1271602745317953536,negative,0.025152324668022856
1271602745989103616,negative,0.31218990156121346
1271602746492358656,negative,0.13223660272479967
1271602747163447296,negative,0.0963666577118249
1271602747364773888,positive,0.6624055896622104
1271602747444428800,neutral,0.49789225920557484
1271602747482222592,negative,0.000912239688992045
1271602747868090370,negative,0.0008411247581086293
1271602747989618689,negative,0.0002558508086955222
1271602748253929478,negative,1.69597407704258e-05
1271602748904144896,negative,0.08346383870731802
1271602750871220232,negative,0.0011234640841963673
1271602751089315840,negative,0.09708223796789353
1271602751777234949,negative,0.18108766465601922
1271602752179908609,negative,0.0041508198163433515
1271602752259579904,negative,0.1190309671211578
1271602752448126976,negative,0.0006231497894395036
1271602753131945986,negative,0.00035452609764690833
1271602753350045697,negative,0.02222044427123725
1271602753450717184,negative,0.0009370350490217805
1271602753454866432,negative,0.048832664470008835
1271602753509437440,negative,0.005934072506219557
1271602753933119489,positive,0.8364860004538318
1271602755459780608,negative,1.7456748702251462e-06
1271602755463856128,negative,0.0099536958179938
1271602755778404353,negative,0.014511397537374501
1271602755799572480,neutral,0.5608256077843147
1271602756000899073,negative,0.017458502160996668
1271602756302917635,neutral,0.5533970533999424
1271602756386787329,negative,0.26123670052509024
1271602756759977986,negative,0.10686343922081892
1271602756776796160,negative,0.00600742399728498
1271602756835475458,negative,0.138094518987045
1271602756843864066,negative,0.029562614859394442
1271602756873306112,negative,0.16437877331818024
1271602757196288000,negative,0.0024968577181432848
1271602757498273794,negative,0.18521124659147908
1271602759234719746,negative,0.0002833791535977362
1271602759444377600,negative,0.15455574302739308
1271602759452831764,negative,0.07841359574196761
1271602760824356864,negative,0.03717054909496325
1271602760849506307,negative,0.11983793894305395
1271602761201836032,negative,0.06904583584847347
1271602761214427136,negative,0.0033309307955204214
1271602761218568192,negative,0.00023210368265778503
1271602761356935168,negative,0.0007809020524228805
1271602761864536070,negative,3.1643534171576777e-10
1271602761990385665,negative,0.16109809990976584
1271602762233663495,negative,0.001842031509920941
1271602763370291200,negative,0.03283544743539144
1271602763676475394,negative,0.00021932226632272514
1271602763760312321,negative,0.000660800738864862
1271602763886190601,negative,0.02374125613834837
1271602764095913986,negative,0.01552788654488999
1271602764288753666,negative,8.333498828650935e-06
1271602764636971009,negative,0.025423849341311082
1271602764926218240,negative,0.01879425341181135
1271602765077323778,negative,0.024102170060590122
1271602765521915909,negative,0.01889938691155397
1271602765521969152,negative,0.04251423792646359
1271602765547155456,negative,0.11450691601152538
1271602767476523011,negative,9.422996661343263e-12
1271602767795191811,negative,1.2385562463588123e-05
1271602767908556805,positive,0.7878984431607639
1271602768541880320,negative,0.0010033410433637482
1271602768596348930,neutral,0.3850948772444006
1271602769229688833,negative,0.1608309763136136
1271602769393319941,negative,0.023696020030557378
1271602769858891778,negative,0.00016628924848785266
1271602769925988352,negative,0.005417881744294297
1271602770416742406,negative,0.11338245739417602
1271602771901452288,negative,0.16181369063462486
1271602772274642945,negative,0.0678165372337791
1271602773247787009,negative,0.00011341912160628809
1271602773512130567,negative,0.0006231497894395036
1271602773700812800,negative,0.0002260474604924265
1271602774027972609,negative,0.17716616806426133
1271602774464217091,negative,0.30692147690671534
1271602774581678080,negative,0.02219462288414203
1271602775022059522,negative,2.8525570399529745e-05
1271602775449796614,negative,0.0024968577181432848
1271602775693168642,negative,0.004042469881207859
1271602775693176833,negative,0.10458831134898472
1271602776104226819,negative,0.0049024829505844945
1271602777064706051,negative,0.00015194828200427033
1271602777291141120,negative,6.547150004312279e-07
1271602778163621888,negative,0.0015189302600885962
1271602778708815872,negative,3.759814752818217e-05
1271602779308593154,negative,0.006769110446710621
1271602779317026819,negative,0.001842031509920941
1271602780646539265,negative,0.0029603755942041385
1271602780734717952,negative,0.01552788654488999
1271602780793442304,negative,0.0012259480248626756
1271602781124800513,negative,0.11983793894305395
1271602781493870592,negative,2.0757907719856787e-09
1271602782362054658,negative,1.8066554511466122e-05
1271602782877945858,negative,0.021862687521183734
1271602783045763077,negative,0.03180962742221007
1271602783062355969,negative,7.25332952347127e-06
1271602783238656001,negative,0.0024220422492109857
1271602784194957313,negative,3.262796994869556e-05
1271602784257953793,negative,0.05610309040052827
1271602785793052672,negative,0.2931447647600165
1271602785881112579,negative,0.10748599412053919
1271602786195603457,negative,0.003003342687162159
1271602786279591936,neutral,0.5528584609162418
1271602786430521344,negative,3.883003962709166e-09
1271602786501828608,neutral,0.46496218499706055
1271602786556416010,negative,5.280724152640065e-06
1271602786870996995,neutral,0.6330455584487023
1271602787546279936,negative,0.028431595891872056
1271602787957145600,negative,0.07769035117355197
1271602788179546112,negative,0.3275068838229145
1271602788288483328,negative,0.0019660331236129296
1271602788372557828,negative,0.001595334237663935
1271602788536115201,positive,0.9998256361938697
1271602788636581888,negative,0.007012448520741336
1271602788720693255,negative,0.04755512871866949
1271602789085478912,negative,0.06883143107414492
1271602789760864269,negative,0.01655022480749108
1271602789953798146,negative,0.21921412548362115
1271602790087958529,negative,0.11983793894305395
1271602790696136709,negative,0.022916117921475028
1271602790843002884,negative,0.31256111950851495
1271602790931013633,negative,0.015321221952343218
1271602792881360897,negative,0.31112750843044895
1271602795511046144,negative,0.01552788654488999
1271602796924743680,negative,0.14119829651708896
1271602797084106752,negative,0.04251865790289205
1271602797646151680,negative,0.0028290743903026405
1271602798195589120,negative,0.03772461755890129
1271602799059578880,neutral,0.41781860539170623
1271602799080542208,negative,0.013265831157646643
1271602799546191873,negative,0.05581732086033559
1271602799617474561,negative,0.01894366748309968
1271602799667752961,negative,0.000934829825135224
1271602799789383682,negative,0.010147272731134666
1271602800057819139,negative,0.015661262735491132
1271602800175112192,negative,0.02734764205970332
1271602800380858369,negative,0.07514950052453873
1271602801253195776,negative,0.19866964481596217
1271602801496514560,negative,0.015386386874891427
1271602801668481025,negative,0.052340999163899074
1271602801798533120,neutral,0.437369725752128
1271602802033225728,negative,0.01552788654488999
1271602802096091136,negative,0.07841359574196761
1271602802620534787,negative,0.0005351132759893319
1271602802750640128,negative,0.012822345852146621
1271602802817748992,positive,0.6726680424322238
1271602803056787462,negative,0.027369192976273934
1271602803136438272,neutral,0.46127768308170247
1271602803165802497,negative,0.04023434400805237
1271602803597815809,negative,0.006744959493047083
1271602803778224128,neutral,0.49789225920557484
1271602805074284545,negative,0.1575237166839712
1271602805686575104,negative,0.015386386874891427
1271602805711790085,negative,0.0404836885667313
1271602805875367936,negative,0.013515552971693497
1271602806122831874,negative,0.05897235857735733
1271602806751805441,negative,0.008066905663039145
1271602806823301120,negative,0.033939775459019064
1271602807544692736,negative,1.5426812149512438e-07
1271602807813144577,negative,0.002441801639092284
1271602808093990912,positive,0.8354453140636424
1271602808492564485,neutral,0.3663177838328366
1271602808832352257,negative,0.06251120133776175
1271602809453129735,neutral,0.49789225920557484
1271602809465643008,positive,0.909277406978194
1271602809570549761,negative,0.11983793894305395
1271602810082283521,negative,5.994288040686886e-13
1271602810455494662,negative,0.0062572977002605746
1271602810598182912,negative,0.0005358077387413497
1271602810908479488,positive,0.9983075352990961
1271602811072122882,negative,1.6255498757368133e-07
1271602811181162497,neutral,0.49789225920557484
1271602811307003906,negative,0.028946401667686826
1271602811931951105,negative,0.00019984109669266473
1271602812103921664,negative,0.01217921580232419
1271602812183613442,negative,7.2884477388465e-05
1271602812229750785,negative,1.052719390708721e-05
1271602812259127296,negative,0.011634632649586838
1271602812401614848,negative,6.113368402411272e-06
1271602812410003457,negative,0.12040489496069662
1271602813634838530,negative,0.012196677606327488
1271602813676720128,negative,1.5130754934939751e-06
1271602813773262848,negative,0.2369710931082333
1271602813777465344,negative,0.0028452208663357383
1271602813823483905,negative,0.028554468680573954
1271602813840302080,negative,0.00021081136988481067
1271602814037491712,negative,0.020531827207189126
1271602814301597696,neutral,0.49789225920557484
1271602814326902784,negative,0.05610309040052827
1271602814364594176,negative,0.17716616806426133
1271602814461063168,negative,0.005626392366426678
1271602814649692160,negative,0.001842031509920941
1271602815018905600,negative,0.03486979852900789
1271602815048257536,negative,0.006759802676185766
1271602815228575748,negative,0.07802105340640744
1271602815304171520,negative,2.3135123893435565e-05
1271602815354515458,negative,7.795356862250676e-05
1271602815702532096,neutral,0.41781860539170623
1271602815744593920,negative,7.34085919362028e-06
1271602815857823745,negative,0.21110261097555388
1271602816168198144,negative,0.04580868801829515
1271602817812185089,negative,0.00435328137871512
1271602817904652288,negative,4.1235617498063445e-05
1271602818173022208,negative,0.1003551219528845
1271602818378543105,negative,0.03840564920058137
1271602818709721089,positive,0.684687678208344
1271602818886119426,negative,0.0005351132759893319
1271602819254980608,negative,0.18799620993132546
1271602819401990144,negative,0.025423849341311082
1271602819641028609,neutral,0.5077231089165246
1271602819775238147,neutral,0.6349245451717109
1271602819955646466,negative,8.154604400939287e-05
1271602820022763521,positive,0.7196599705301764
1271602820093865986,negative,0.04251423792646359
1271602820274204672,negative,0.006037807319365434
1271602822258151424,positive,0.6775847690898479
1271602822350385152,negative,0.3273567770571385
1271602822379982851,negative,0.24257369881389068
1271602823030099969,negative,0.012164792431929873
1271602823445336067,negative,2.576439216420168e-08
1271602823520751623,neutral,0.437369725752128
1271602823701106690,negative,0.16437877331818024
1271602823713693697,negative,0.00025061389431543335
1271602824162545665,negative,1.176706131424099e-05
1271602824384778240,negative,0.14575760297016122
1271602826188165121,negative,0.03323203420191993
1271602826863673345,negative,0.00308114249087142
1271602826926419968,neutral,0.437369725752128
1271602827060748290,negative,4.1386863022736685e-08
1271602827174035457,neutral,0.35451443008515343
1271602827425710082,negative,5.1420246397785346e-05
1271602827526365184,negative,0.0232216132678692
1271602829036224513,neutral,0.4064281066055449
1271602829413711874,negative,0.25318237069832455
1271602829619322881,negative,0.02987145319537244
1271602829858344960,negative,0.00013116001622000574
1271602830411993088,negative,0.11330392519685359
1271602831003389953,negative,0.0003211511703965302
1271602831066308610,negative,1.56260701404286e-05
1271602831091531776,negative,0.0005330289711396502
1271602831754006530,negative,0.0007904662856937187
1271602832261517313,negative,0.013362463677861027
1271602833427763200,negative,0.009759957374780099
1271602833863905280,negative,0.3167761424343204
1271602833884938241,positive,0.7488109481016215
1271602834300039168,negative,0.01356332404795456
1271602834514030592,negative,0.3040949491800166
1271602834727895043,neutral,0.3467885161523177
1271602834803482625,negative,0.26982158164921133
1271602835042512897,negative,3.55355186306911e-05
1271602835076132864,negative,0.025986013737638435
1271602835558404096,negative,0.015946341074103896
1271602835969511424,neutral,0.47022341483285823
1271602836200198146,negative,7.2884477388465e-05
1271602836418301952,positive,0.9980816436675186
1271602837244596226,negative,0.25947272540011757
1271602839006183425,negative,0.08413000880975484
1271602839689654272,negative,2.90536487686921e-06
1271602840268660736,neutral,0.45539778705163764
1271602841216524288,negative,0.006612800136446798
1271602841270935552,negative,0.01552788654488999
1271602841619181568,negative,0.012149671698450238
1271602842969624577,negative,0.013229794318693866
1271602843007496193,negative,0.03925393278931139
1271602843066171393,negative,0.3040949491800166
1271602843213053952,negative,8.46305577196766e-11
1271602843443703808,negative,0.0023761115032911438
1271602843980627968,negative,0.14308527386746261
1271602844332892162,negative,0.014654807833006326
1271602844437745669,negative,8.154604400939287e-05
1271602844903174144,neutral,0.40446850383880517
1271602845259755520,negative,0.03180962742221007
1271602847214419968,neutral,0.4971689282361413
1271602847738671104,positive,0.684687678208344
1271602847906496517,negative,0.18708717792582502
1271602847906500608,negative,0.0104512080296335
1271602848199933952,negative,0.001842031509920941
1271602848342646785,negative,3.759814752818217e-05
1271602848522997769,negative,0.015697952340961496
1271602848569188355,negative,7.068318948227815e-05
1271602848728592386,negative,0.07548348367933097
1271602849538084869,negative,0.0033309307955204214
1271602849559044096,negative,0.009704960773155082
1271602849663922177,negative,0.01581962339908979
1271602849689059328,negative,0.0004748727618833213
1271602849865256961,neutral,0.6023296007676843
1271602849965838337,negative,0.0011069774488250842
1271602850167230464,neutral,0.34546092169515824
1271602851555553281,negative,0.22513179180885018
1271602853119963136,negative,0.01044402755198754
1271602853325475842,negative,0.03418213087450025
1271602853426192385,negative,0.030376491298936097
1271602853526855683,negative,1.8066554511466122e-05
1271602853573021703,negative,0.00023882966192448517
1271602853979832321,negative,4.259011396938386e-05
1271602854101504000,negative,0.002886944683696644
1271602854176993280,negative,0.029459991800648205
1271602854218907659,negative,0.10743186211207315
1271602856311865344,negative,0.00016100482880607227
1271602856513191937,negative,1.0419770226571676e-06
1271602856655806467,negative,0.04852812716758337
1271602856886403073,negative,0.03239614105637475
1271602857255501826,negative,0.007851522397655828
1271602857557594117,positive,0.671337306919619
1271602857716965381,negative,1.5897030839887622e-09
1271602858182561792,negative,7.839176468625731e-05
1271602858346119168,negative,0.00025521795545906155
1271602858350313474,negative,0.0005351132759893319
1271602860132831232,negative,0.014022399293891213
1271602860271316992,negative,0.24799998774444978
1271602860300656642,neutral,0.6036802031617744
1271602861043077120,neutral,0.437369725752128
1271602861303095305,negative,0.01456879412988239
1271602861877624835,neutral,0.46580994113209095
1271602862183854080,negative,0.04739014385593059
1271602862221488128,positive,0.9954358158977953
1271602862993408007,neutral,0.47440943802835245
1271602863228309504,negative,0.022239639193932088
1271602864033607680,negative,0.022527061919757334
1271602864071282688,negative,0.0030866059610100975
1271602864075558917,positive,0.9369655325107868
1271602864117309440,negative,8.533047907544956e-05
1271602864226545665,negative,0.17716616806426133
1271602865296019463,negative,0.25947272540011757
1271602865434439680,negative,0.04430766544486312
1271602865686171648,negative,0.008658099919513919
1271602865887481857,negative,0.23923325162317483
1271602865962917889,neutral,0.6069003891336653
1271602866453692416,negative,0.30490738131931094
1271602866562772994,negative,0.037551689718882196
1271602868227837953,negative,0.04531377453364663
1271602868303224832,negative,0.004586907188674905
1271602868362137602,negative,0.3200228300480217
1271602868437618688,negative,0.03614873745837133
1271602868538220544,negative,0.1652031108640435
1271602868949340167,negative,0.012676502386934916
1271602868970229761,positive,0.7680911914335417
1271602869653864448,negative,0.011833680206554786
1271602869725270016,negative,0.051375473120460625
1271602869800665088,negative,6.262264796431603e-05
1271602870207610881,negative,0.03840564920058137
1271602870346027008,negative,0.0007252414903833302
1271602870408949760,neutral,0.48773238291385845
1271602870887071745,negative,0.05610309040052827
1271602871012921345,negative,0.03303259286337423
1271602872510296065,negative,9.361876380310321e-08
1271602873093087232,negative,0.0002558508086955222
1271602873940443138,neutral,0.35451443008515343
1271602874250739712,negative,0.0018300158936079708
1271602874313854976,negative,0.28689202034227634
1271602874443878405,neutral,0.36434125657219296
1271602875009990656,negative,0.1363633090262003
1271602875244916738,negative,0.08670906586693605
1271602876415119363,negative,1.67824124727267e-05
1271602876876546050,negative,0.038226815925653024
1271602877333680130,negative,0.05676553902449732
1271602877396631555,negative,0.3155990631147836
1271602877530869760,neutral,0.3396404128754322
1271602877761544193,negative,2.7419498784699005e-16
1271602878009020416,neutral,0.4778865348033335
1271602878227132417,positive,0.6619794853040635
1271602878235529218,negative,0.0003387423032704302
1271602879036567552,negative,0.035739383890957856
1271602881469321216,negative,0.05670946645000067
1271602881683226632,negative,0.12223370080603098
1271602882077495296,neutral,0.35451443008515343
1271602883100766210,negative,0.17441048382648944
1271602883931394049,neutral,0.49789225920557484
1271602884090748930,neutral,0.46580994113209095
1271602884363288576,neutral,0.43714985163009734
1271602884375961601,negative,0.010873064389172541
1271602885097402368,neutral,0.48728019602140255
1271602885403574272,negative,2.1119417303277485e-07
1271602885424545792,neutral,0.3381189830050101
1271602885617385472,negative,0.061381062710180706
1271602885755838466,negative,1.595372322361592e-06
1271602885885923328,negative,0.09149240946333695
1271602886389174284,negative,0.009864188536289781
1271602886913507330,negative,0.04145328348062246
1271602888201117697,positive,0.9376878850995406
1271602888205389827,negative,0.055173414449375686
1271602888519954433,neutral,0.4925319814792465
1271602889048424448,neutral,0.3381189830050101
1271602889165664256,negative,0.009090944519261759
1271602889270743040,negative,0.029459991800648205
1271602889320992768,negative,0.16715457790445035
1271602890021339136,negative,0.03695208748753567
1271602890323492864,positive,0.993706470755076
1271602890596122625,negative,0.12227762356369955
1271602891019649024,negative,7.146187265486398e-07
1271602891179077633,negative,0.028431595891872056
1271602891216879616,negative,1.7420822590254172e-05
1271602891627749377,negative,0.05486816743524521
1271602893431373825,neutral,0.3381189830050101
1271602893431414784,negative,0.0007512671052083172
1271602893485826048,negative,6.236105015602125e-07
1271602893599236096,positive,0.9574527696778912
1271602893871874050,negative,0.08002465081650481
1271602893884399616,negative,0.31732489718339985
1271602894081609729,negative,0.3169442171495978
1271602894287122437,negative,0.07539756283215703
1271602894479986689,negative,0.15163077921048468
1271602894534520832,negative,0.00019984109669266473
1271602894857535489,neutral,0.6330455584487023
1271602895096553473,neutral,0.46580994113209095
1271602895570587651,negative,0.0005351132759893319
1271602895591477248,negative,0.004304179935250414
1271602895637676032,negative,0.0001416548506366076
1271602896291930114,negative,0.0009968111881134896
1271602897629974530,positive,0.8322553407220382
1271602898359721987,positive,0.9145697676292502
1271602898691072000,negative,0.020985670651917962
1271602898988826624,positive,0.7500377016963704
1271602899496427520,negative,0.2504270893075993
1271602899546767360,negative,7.25332952347127e-06
1271602899685199872,negative,0.09492797246151588
1271602900083638276,negative,0.003427487464433246
1271602900112990208,negative,9.526957116457308e-10
1271602900180099072,negative,0.26812582956602965
1271602900674977792,negative,0.025152324668022856
1271602900708581378,negative,0.04258011744510042
1271602900943372288,negative,0.0008995954928223581
1271602901757177861,neutral,0.46580994113209095
1271602902663147520,negative,0.07783904481023335
1271602903338422272,negative,0.002014998529721484
1271602903980048384,negative,0.0048031083353694045
1271602904076619776,negative,4.143742682840951e-05
1271602904185569280,negative,2.2073079697060166e-05
1271602904298737665,negative,0.010147272731134666
1271602906232471554,negative,0.21603976955733373
1271602906630893571,negative,0.2185915789565138
1271602907004231686,negative,0.02910609299630047
1271602907083874305,neutral,0.3381189830050101
1271602907125649408,neutral,0.5859556207575051
1271602907457171458,neutral,0.3725458233667465
1271602908325269504,positive,0.9503343280911316
1271602908354637824,negative,0.09629898425341812
1271602908648308736,negative,0.0031380462099212607
1271602908660989952,negative,0.005833080407260612
1271602908694487042,negative,0.026594391015495343
1271602909118152709,negative,0.014592387966216947
1271602910804180997,negative,0.060490407011491755
1271602910875574273,negative,0.07316746539608127
1271602911756324864,negative,7.730518905627762e-07
1271602912800768002,negative,0.11162762197975168
1271602913303986187,negative,0.11162762197975168
1271602913425657860,neutral,0.33402218903110614
1271602913744433164,negative,0.00011791760518418482
1271602915627675651,negative,0.08002465081650481
1271602915979825153,negative,0.007032605876039598
1271602916030324738,negative,0.019929349249520303
1271602916068077578,negative,0.002886944683696644
1271602916407689216,negative,0.060490407011491755
1271602916428787719,neutral,0.364874811124246
1271602916432977921,positive,0.9983075352990961
1271602918790172672,negative,0.07762784543750909
1271602918794330117,negative,0.26812582956602965
1271602919402622977,negative,0.16745622533833668
1271602919415189504,negative,6.21411783730517e-06
1271602920589611009,negative,0.014457932186774344
1271602921235460096,negative,1.2358393864776342e-05
1271602921290031107,negative,0.038863628746033614
1271602921474609155,positive,0.919250368288601
1271602922116300801,neutral,0.4898631585877994
1271602922170744832,neutral,0.4064281066055449
1271602922326032390,negative,0.007255668359065637
1271602922565120006,neutral,0.42654411273417087
1271602922774814721,negative,0.002886944683696644
1271602922800001024,negative,0.0008995954928223581
1271602922984521728,neutral,0.46580994113209095
1271602923160600577,negative,2.2003259210270145e-13
1271602923881943045,negative,0.0011476103271417274
1271602924481687552,negative,6.236105015602125e-07
1271602924674781185,negative,0.10044460745915981
1271602924783894528,negative,0.006592002370040873
1271602925362655244,negative,0.036178733550781904
1271602925769494528,negative,0.1734946403731601
1271602925866045442,negative,0.1508355335747311
1271602927036137473,neutral,0.553802389001294
1271602927430512641,neutral,0.47848741139733153
1271602927644401667,negative,0.029459991800648205
1271602927770177537,negative,0.007599598437030047
1271602927866654720,neutral,0.5533970533999424
1271602927963115520,negative,3.284322676539855e-17
1271602928395132928,negative,0.00011341912160628809
1271602928453931008,negative,0.03962647797229165
1271602928466321408,neutral,0.5658553275901729
1271602930181976069,negative,0.00019984109669266473
1271602930546860032,negative,0.0006212642497341478
1271602930588803074,negative,0.0036581238671376305
1271602931071139843,negative,0.0014075703505829862
1271602931159248897,positive,0.7196599705301764
1271602931238793216,negative,0.2190375047393187
1271602931247329280,negative,0.1737436716876333
1271602931318611970,negative,0.018231076434766017
1271602931608027136,neutral,0.3385252644667176
1271602931637288970,negative,0.02557471803941216
1271602931708628996,negative,0.00622324400463981
1271602931993845766,negative,0.030344971164874196
1271602932698558464,neutral,0.4799455138736323
1271602932761460736,negative,9.68786469318994e-05
1271602933080211462,neutral,0.6582643402168333
1271602933642211334,negative,0.003871472669684855
1271602933763846145,negative,0.0005955793925200283
1271602934070083586,neutral,0.5475385610968239
1271602934502109187,neutral,0.5885817645849453
1271602934720184320,negative,0.21603976955733373
1271602935294824448,neutral,0.4985928500860049
1271602935919771650,positive,0.9505227471188973
1271602936049815552,negative,0.015946341074103896
1271602936322416644,negative,0.228035421362327
1271602936452390912,negative,0.24489484710550488
1271602936494395392,negative,0.014592387966216947
1271602936783699968,positive,0.9999746914881442
1271602936964157451,negative,0.00048719743350714254
1271602937136062467,negative,0.11162762197975168
1271602937412845568,negative,0.0007672834732109787
1271602937656115201,negative,0.02142564404714981
1271602937756815368,negative,0.00019024891656181355
1271602937798721542,neutral,0.35451443008515343
1271602937932861440,neutral,0.3641701878432622
1271602937979195392,negative,0.0004396257421278134
1271602939518484480,negative,0.046484769731093445
1271602939673686025,negative,0.0861737544556488
1271602939950510081,negative,0.0021179745954072273
1271602940474732545,negative,1.060442443963043e-06
1271602940495749121,negative,0.18838670087218531
1271602940684521474,negative,0.19343119447946558
1271602940701282304,negative,0.0006212642497341478
1271602940776722433,neutral,0.33758533303423804
1271602940957114370,negative,0.009997255132582329
1271602941561053188,negative,0.3136611485824274
1271602941925998597,negative,0.0018245717156781035
1271602942043398150,negative,0.00011341912160628809
1271602942613872641,negative,0.00010232349959486194
1271602943624646659,negative,0.22414517298029782
1271602943666651136,negative,0.2070870506923685
1271602943989624839,negative,1.9565718695786653e-06
1271602944027160576,negative,0.001674958102253002
1271602944492941312,negative,0.2724388926224287
1271602944501329920,negative,0.16437877331818024
1271602944606167043,negative,0.021468205824297266
1271602944706613248,negative,0.006216500535976021
1271602944752996356,negative,0.029847324492047383
1271602944933322754,negative,0.03288473205519007
1271602944962629632,negative,4.908254204596775e-07
1271602945084227585,negative,0.021090786056343052
1271602945231126528,negative,0.014180116245918696
1271602948037107714,negative,0.28112816092110127
1271602948146151425,negative,0.00019984109669266473
1271602948188053504,neutral,0.41557614730585196
1271602948695568384,neutral,0.36434125657219296
1271602948917747712,negative,0.3273567770571385
1271602949182173184,negative,0.0017635975660206106
1271602949265829888,negative,0.3273567770571385
1271602949656100865,negative,1.8066554511466122e-05
1271602949865627649,negative,0.021295168826505204
1271602949911797760,negative,0.00797149554647823
1271602950121467904,negative,0.3273567770571385
1271602950381752325,negative,7.2884477388465e-05
1271602950423658499,negative,0.012377722641850093
1271602950800961536,negative,0.3273567770571385
1271602952210284544,negative,0.00797149554647823
1271602952432758786,negative,2.054810215614506e-05
1271602952730337282,negative,1.8066554511466122e-05
1271602952831152133,negative,0.004652211087400809
1271602953036627979,negative,0.000188355330776431
1271602953204518914,negative,0.0010574439661692945
1271602953288327172,neutral,0.38520721178230566
1271602953330274305,negative,0.005631792132911843
1271602953636347904,negative,8.088607658869192e-08
1271602953795878912,negative,0.026108950925820152
1271602953862946817,positive,0.8702840046009886
1271602954164977670,negative,0.010409351888161885
1271602956434059265,negative,0.008602224868615097
1271602956715151361,negative,0.08933409924387598
1271602956769656833,neutral,0.33758533303423804
1271602956983570435,negative,0.015411969190119088
1271602957352448001,negative,0.03188009406503247
1271602957860159488,negative,3.0373461343041953e-05
1271602958275424257,negative,0.1070033348052139
1271602958464176129,negative,0.028482358154754774
1271602958916976640,negative,0.0018300158936079708
1271602960443887617,negative,0.0004422289104455365
1271602960947204099,negative,0.2724388926224287
1271602961563693056,negative,1.062063940850468e-06
1271602961869877249,negative,0.0006963952152771529
1271602961983078400,negative,0.10363647579154438
1271602962012520453,negative,0.062106721895254215
1271602962083844096,negative,0.0003291735782151038
1271602962381635584,negative,0.0005330289711396502
1271602962721312768,negative,8.154604400939287e-05
1271602962826252288,negative,0.12227762356369955
1271602962884894721,negative,0.005894416270567474
1271602963052707845,negative,0.03180962742221007
1271602965145628673,negative,0.010244924548410552
1271602965200150531,negative,0.1088642911265285
1271602965263069184,negative,0.0014106784139253617
1271602965707517953,negative,0.04605991633280787
1271602966634606592,negative,0.2824876424311173
1271602966777167873,negative,0.0045052957529801456
1271602967448358913,neutral,0.4202226285750935
1271602967800659968,negative,0.014426061374660001
1271602968064921602,neutral,0.46127768308170247
1271602968853446656,neutral,0.34117024056417766
1271602968870170626,negative,0.03460441372915606
1271602969461641217,negative,0.04283844340723604
1271602969734082560,negative,0.00046652154686829
1271602970078175234,negative,0.12116950939048997
1271602970178850816,positive,0.9615673433593547
1271602970317058049,neutral,0.4347993486323944
1271602970392776705,negative,0.13223660272479967
1271602970409553923,negative,0.06461648900837311
1271602970774376452,negative,1.3503935416113397e-06
1271602970954805248,negative,1.4087941363798072e-05
1271602971089031170,negative,0.22515719221902394
1271602971424546817,negative,0.07235160904019335
1271602971449659392,neutral,0.46580994113209095
1271602971672039424,negative,0.0621438262014438
1271602971856580608,negative,0.00011791760518418482
1271602971957063681,negative,0.026091745880890922
1271602973219721216,negative,0.03733235336625141
1271602973706256384,negative,0.005442591338877343
1271602973790085121,negative,5.621360090965116e-05
1271602973798473728,neutral,0.5185131226129148
1271602973957857280,negative,0.005894416270567474
1271602974138171392,negative,0.0004918445083161235
1271602974201167874,negative,0.3169442171495978
1271602974327013376,negative,0.2756630709029265
1271602974368968704,negative,0.02091108014858463
1271602974477955075,positive,0.9945394003258434
1271602974842855426,negative,0.01552788654488999
1271602974947790852,negative,0.06756897342989703
1271602975467728897,negative,0.24799998774444978
1271602977120247815,negative,0.0002558508086955222
1271602977393061889,negative,0.005894416270567474
1271602977493614592,negative,0.10335278362664925
1271602977518878727,negative,2.9801905727662858e-05
1271602978210938880,negative,0.044493475560124784
1271602978277883907,negative,0.0012721512839818478
1271602978840027137,negative,0.00023274403951982392
1271602979444056064,negative,0.10947484028698869
1271602979498594304,neutral,0.34117024056417766
1271602981050486785,negative,0.00010612963709590713
1271602981901864960,negative,0.03840564920058137
1271602982103236609,negative,4.40937372909515e-05
1271602982275239936,negative,0.050323877629087625
1271602982388469767,negative,0.15296560155784752
1271602982887489537,negative,0.005894416270567474
1271602983327989761,neutral,0.45343689499605994
1271602983764189185,negative,0.0003142370847559194
1271602985831936001,negative,0.0011324348605721902
1271602985840381952,negative,0.0003406518265563171
1271602986616315905,negative,0.00019984109669266473
1271602986742136832,negative,0.00028691260630437813
1271602986888957952,negative,0.2436472734913412
1271602987161522177,negative,0.13658468176176874
1271602987522314240,negative,0.25318237069832455
1271602989673910273,negative,0.0013265425613941623
1271602989841690624,negative,0.026615173795510632
1271602990336618497,negative,3.091098970064823e-06
1271602990496002055,negative,0.007599598437030047
1271602990957367297,negative,0.008573513219027612
1271602991003578368,negative,0.08278592923710822
1271602991045410818,negative,0.11822555934109047
1271602991045509122,negative,0.00015119138773630916
1271602991422980096,negative,0.043598371671244036
1271602992555397121,negative,0.0022480160405335303
1271602993935327233,negative,2.2985873847055202e-09
1271602994254053376,negative,2.5144893589907698e-05
1271602994929373184,negative,0.0016737896560586971
1271602995109736449,negative,0.00787846089634736
1271602995139092487,negative,0.029221171854788907
1271602995176910848,negative,0.00023882966192448517
1271602995260768256,negative,0.005894416270567474
1271602995302670336,negative,0.28172327200845015
1271602995323641859,negative,0.005926758548339452
1271602995382366208,neutral,0.34117024056417766
1271602995541741570,positive,0.7991256881143486
1271602995546001409,neutral,0.4064281066055449
1271602996032438272,negative,0.28172327200845015
1271602996481265665,negative,4.595777935403777e-05
1271602996544036864,negative,0.038237862804343
1271602998314176512,negative,0.17550586732753867
1271602998784004099,negative,0.001222224187740609
1271602998930792448,negative,0.1949555926536376
1271602999207628800,negative,0.003138964524360182
1271602999257960454,negative,0.09183513196837317
1271602999610220545,negative,0.00021932226632272514
1271602999819931648,negative,4.1386863022736685e-08
1271602999836712961,positive,0.7679530258885816
1271602999933140992,negative,0.005894416270567474
1271603000046469121,negative,1.2460558726330577e-05
1271603000759529472,negative,0.01552788654488999
1271603002512683008,negative,0.08475937353926506
1271603002965520384,negative,0.007898530572952134
1271603003007664128,negative,0.18838670087218531
1271603003221405697,negative,0.002914180377395866
1271603003343036416,negative,0.0005844036573216368
1271603004089798656,negative,0.029221171854788907
1271603004165087232,negative,0.0013679548208428787
1271603004362252288,negative,0.2819192202256438
1271603004492460032,neutral,0.4689538949456187
1271603004588711938,negative,0.0002558508086955222
1271603004614025221,negative,0.29150453131543796
1271603004911779841,negative,0.3167761424343204
1271603004987396096,negative,0.0816406681762288
1271603006577008641,negative,0.03840564920058137
1271603006581112832,negative,0.22324525333608042
1271603006618861568,negative,0.07470092935392211
1271603006857973760,negative,0.0002833791535977362
1271603006908309505,negative,0.14893131294217962
1271603007185133570,negative,0.03670255851540621
1271603007248097281,neutral,0.37044524374675014
1271603007529066498,negative,0.009391651134853483
1271603007663325184,negative,0.0062572977002605746
1271603007768100864,neutral,0.437369725752128
1271603008481132545,negative,0.01695334353729554
1271603008699236352,positive,0.9997580264596364
1271603010985234432,neutral,0.5306343871830489
1271603011144597506,negative,0.029459991800648205
1271603012327391234,negative,0.29497382620097906
1271603012499374080,negative,1.7239565658751701e-06
1271603012532920323,negative,0.24333349002945132
1271603012977463298,negative,0.007492293006742919
1271603013245943809,negative,0.08508023540400142
1271603013447278592,negative,7.896655954576735e-05
1271603013468078081,negative,0.006013999562242558
1271603015502442496,negative,0.25318237069832455
1271603015879983104,neutral,0.5566506921168509
1271603016336961537,negative,0.08077277496260193
1271603016433414144,neutral,0.37137062280538924
1271603016861396992,negative,0.00012035958397278264
1271603017029017600,negative,0.00016628924848785266
1271603017045999616,negative,0.0006231497894395036
1271603017985466368,neutral,0.5914465900851971
1271603018153316352,negative,0.2730432280808509
1271603018174287872,negative,0.2724388926224287
1271603019596136449,negative,0.012990095621005317
1271603019822628864,negative,0.0015425978250262452
1271603019885547520,negative,1.5386278746123147e-06
1271603020095160320,negative,0.041805109339581537
1271603020111859712,negative,3.989741608300387e-06
1271603020246155265,positive,0.6662902061507243
1271603020246265856,negative,0.0013327655293858542
1271603020455960576,negative,0.28112816092110127
1271603020489535495,negative,0.013441343552534154
1271603020762054656,neutral,0.433900013198526
1271603020942512132,negative,0.012017192431571493
1271603021424676869,negative,0.0023519586840437716
1271603023274479617,negative,0.06848994351944994
1271603023886852097,negative,9.251914655181045e-05
1271603023912017921,negative,7.25332952347127e-06
1271603024016871432,negative,0.06756897342989703
1271603024411099140,neutral,0.46580994113209095
1271603024574722050,neutral,0.3381189830050101
1271603024662847488,negative,0.01786866897430779
1271603024801206272,positive,0.8354453140636424
1271603025098964993,negative,0.039661460600298876
1271603025443008512,neutral,0.3371348131876588
1271603025463750657,negative,0.004077199090876045
1271603025526865922,negative,0.0002833791535977362
1271603025589800960,negative,0.15590454891793734
1271603028169293825,neutral,0.42311036531948254
1271603028244791296,neutral,0.48728019602140255
1271603028437741568,negative,1.8066554511466122e-05
1271603028517367810,neutral,0.5557609359217999
1271603028710342662,negative,0.06305520404056932
1271603028869689344,negative,0.007851524530345622
1271603028890652674,negative,6.161735811685456e-06
1271603028987187202,negative,0.005477316271386722
1271603029133996032,negative,3.759814752818217e-05
1271603029318516738,negative,0.020676479588455452
1271603029431726080,negative,0.02474038220294332
1271603029670875137,negative,0.0747363223353086
1271603029675069440,negative,0.16657491708767683
1271603030140608520,negative,0.23699778876372793
1271603030228635650,negative,0.00011572016670752847
1271603030237089793,negative,9.09654557292609e-06
1271603030421618690,negative,0.0056110453144678435
1271603030895583232,negative,1.8066554511466122e-05
1271603031776231424,negative,0.005571168276509316
1271603032032186368,negative,8.975645810809518e-07
1271603032246104064,negative,0.009090666028671647
1271603032606806023,negative,0.024860235352240356
1271603032917147649,negative,0.09943373966955113
1271603032929849349,negative,2.7109749146597328e-08
1271603032946388993,negative,0.012461089117349843
1271603033277939712,negative,0.0271165461827435
1271603033789673477,negative,0.010741929144073329
1271603034372669440,positive,0.9690135590713432
1271603036083884032,neutral,0.362160755458206
1271603036180398080,negative,0.11467059725612859
1271603036205592577,negative,0.3090669025049159
1271603036457242624,negative,0.0019702562773176975
1271603036641607681,negative,0.0002558508086955222
1271603036742443008,negative,0.003357509120011503
1271603037199613962,negative,0.00538219475894898
1271603037396594688,negative,0.001842031509920941
1271603037459542016,negative,0.02105533692084183
1271603037820391424,negative,0.003074076550435044
1271603038051016705,negative,0.00011341912160628809
1271603038269198342,negative,8.073210760235679e-05
1271603038516588546,negative,0.20439966089722336
1271603038575300608,negative,0.003138964524360182
1271603040156618752,negative,7.057381430586534e-06
1271603040756342784,negative,0.2591628747359818
1271603040764735489,negative,0.07941447091645598
1271603041310052353,negative,0.16675725443878675
1271603041595207680,neutral,0.60143295910391
1271603041972731904,negative,0.014333524322930311
1271603041993666561,negative,3.6525690505642486e-06
1271603041997918210,negative,0.00016628924848785266
1271603042044051456,negative,1.8066554511466122e-05
1271603042069209090,negative,0.023377786953838173
1271603042350100481,negative,0.020076375201637797
1271603042501214208,negative,0.25434008262040075
1271603044682170368,negative,0.002422082280793212
1271603044703244291,negative,0.028303820647889725
1271603045470818304,negative,0.015946341074103896
1271603045672144896,neutral,0.34117024056417766
1271603046192209920,negative,4.143742682840951e-05
1271603046963970048,negative,0.05368241837099004
1271603046997528578,negative,0.022239639193932088
1271603047052034048,neutral,0.45569861483012736
1271603048507478016,negative,0.041863098365780615
1271603048679424002,negative,0.06484588265038065
1271603049115586561,negative,0.03644984505163267
1271603049920897024,negative,0.005571168276509316
1271603050239741953,negative,0.00016628924848785266
1271603050243915776,negative,1.4282680352932503e-05
1271603050516549634,negative,0.00018895445553569106
1271603050956771330,negative,0.00048559593649531447
1271603051191730176,negative,0.00012903351568535414
1271603051376369665,negative,0.00011791760518418482
1271603051783172096,negative,4.421171397259686e-08
1271603052601098243,negative,0.0007673695010998259
1271603053138006016,negative,0.24270053556707355
1271603053368655873,negative,0.24799998774444978
1271603053502881793,negative,0.0007964386099388562
1271603053523881989,negative,0.26554665697281954
1271603053678993409,negative,0.20439966089722336
1271603054282858497,negative,0.28670334004929104
1271603055096709120,neutral,0.4737554465528978
1271603055604219905,neutral,0.5136446707795853
1271603055973236736,negative,1.362600136978839e-07
1271603056996737024,negative,0.020992131059480595
1271603057084764161,negative,0.00011791760518418482
1271603057374175232,neutral,0.37874993579954885
1271603058431180806,negative,0.14308527386746261
1271603058561232896,negative,0.3169442171495978
1271603059228127232,negative,0.002000034493239567
1271603059282583552,positive,0.8584832189918346
1271603060129832961,neutral,0.3381189830050101
1271603060243075072,negative,0.029459991800648205
1271603060368748544,negative,0.0026786510533146493
1271603060498927616,negative,4.1386863022736685e-08
1271603061266321410,negative,0.01552788654488999
1271603061400702976,negative,1.6654636151563243e-11
1271603061732114438,negative,0.027774963754309847
1271603062214443008,neutral,0.46127768308170247
1271603062478639104,negative,0.028431595891872056
1271603062570921987,negative,1.8066554511466122e-05
1271603062969434113,negative,6.4675117100569094e-06
1271603063397199872,negative,7.37922492671626e-05
1271603063506243587,negative,0.27599855954002234
1271603064164749313,negative,1.56260701404286e-05
1271603064227663873,neutral,0.4744007417802897
1271603065343430656,negative,0.0048031083353694045
1271603065506770944,negative,0.0005330289711396502
1271603066022887431,neutral,0.3381189830050101
1271603066295508992,negative,0.0029001390974730543
1271603066706571265,negative,1.8066554511466122e-05
1271603066798776320,negative,0.00012358293547957858
1271603067075600392,negative,0.001001766229483603
1271603067121815554,negative,0.0015135849796267815
1271603067436351488,negative,0.003661566802578958
1271603069747412994,neutral,0.38347657277191416
1271603069785079812,neutral,0.3381189830050101
1271603069806096394,negative,0.007012448520741336
1271603070326235138,negative,6.236105015602125e-07
1271603070573608960,negative,0.02326228288458376
1271603070884098048,negative,0.0104512080296335
1271603071014055943,negative,0.06842503420026794
1271603071555186688,negative,0.008432297374212848
1271603071798464516,negative,2.7112386160141126e-05
1271603072045850625,negative,0.08818161423987897
1271603072402325506,negative,0.13711533949707508
1271603074402942982,negative,0.2510551031344398
1271603074747043848,negative,0.00023090711452051032
1271603074881257473,negative,0.09139139382647436
1271603075002667009,negative,0.01552788654488999
1271603075325755394,neutral,0.3499352441185855
1271603075518803974,negative,0.002395107361095619
1271603075720065024,neutral,0.3920775259595825
1271603075866865670,negative,1.910025532379484e-06
1271603076215050240,positive,0.7334030526933847
1271603076340658176,negative,0.07552505417829987
1271603077079019526,negative,0.02184521887723198
1271603077959815168,negative,0.012676502386934916
1271603078047940615,negative,0.17553924241747834
1271603078702170113,negative,1.778531525073609e-05
1271603078756794373,negative,8.887355458009728e-10
1271603078983225344,negative,0.24257369881389068
1271603079046213632,neutral,0.437369725752128
1271603079071313923,neutral,0.45630849963698156
1271603079461437440,neutral,0.3499526812021913
1271603079545344001,negative,0.004074047576496962
1271603079801122823,negative,0.3119097581480844
1271603079897628674,negative,0.0615331638563064
1271603079989911552,negative,0.0271165461827435
1271603082070306817,negative,0.17595786076044628
1271603082275807234,negative,0.0052481037657638166
1271603082925727745,negative,0.008359996569711365
1271603083420807170,negative,0.005894416270567474
1271603084150661121,negative,0.00016100482880607227
1271603084687339521,negative,0.00018895445553569106
1271603085094207493,negative,0.01552788654488999
1271603085207617539,neutral,0.5445563229224946
1271603086151352321,negative,0.07901277326123035
1271603086189105153,negative,0.3100151692649115
1271603086885175296,negative,2.1570302201358984e-05
1271603087011205121,negative,0.3040949491800166
1271603087296262144,negative,0.00032625171232757155
1271603087896166400,negative,0.27403404469589215
1271603088089104384,neutral,0.4722942286818113
1271603088982372352,negative,0.0023170344461177867
1271603089150099457,negative,8.333498828650935e-06
1271603090425348098,positive,0.819320731144049
1271603090764886016,negative,0.0026786510533146493
1271603090962223104,negative,0.0027934175318294527
1271603090978942982,neutral,0.41661895030617113
1271603092488773632,negative,0.03695208748753567
1271603092568580102,negative,0.025337450087618434
1271603092786741252,negative,0.003605231651802118
1271603094783172608,negative,0.028091194247483554
1271603094812594186,negative,0.019230019197345516
1271603095190061065,negative,0.03840564920058137
1271603095458451456,positive,0.7334030526933847
1271603095726772224,negative,0.03402056600955099
1271603095806582784,negative,0.0017179404763293094
1271603095953387521,negative,0.10084917046897782
1271603096377077761,negative,6.0391010930021074e-05
1271603097027002368,negative,0.028648481905529474
1271603097819918336,negative,0.00016628924848785266
1271603098071502858,negative,0.19343119447946558
1271603098973159424,positive,0.8442014614349974
1271603099442925568,negative,5.4699752365427045e-05
1271603099992576001,negative,0.24211848413817008
1271603100026114051,negative,0.05610309040052827
1271603100470726656,negative,0.029459991800648205
1271603100625879042,negative,0.12867095959708635
1271603100642656256,negative,0.06299751337608024
1271603100760125446,negative,0.03180962742221007
1271603101187932161,negative,7.2884477388465e-05
1271603101481545729,negative,0.0023864531750042895
1271603101489758208,negative,0.0099536958179938
1271603101590585347,neutral,0.437369725752128
1271603101628280839,negative,0.1108199974944934
1271603104346263558,negative,0.05368241837099004
1271603104790822912,negative,0.13223660272479967
1271603104925077511,negative,0.01596698167875801
1271603105172533248,negative,0.24162982702985134
1271603105298370561,negative,0.00026706758266826873
1271603105617100802,negative,0.000365554513041858
1271603106623733761,negative,0.0002487677856993227
1271603106908905478,positive,0.7878984431607639
1271603106955038720,negative,0.10352793160984738
1271603107181584387,negative,0.18795859623648656
1271603107579998208,negative,0.029073944617664854
1271603107798056960,negative,0.011703220097117726
1271603108158808064,negative,0.25947272540011757
1271603108213329933,negative,0.07587745661513555
1271603108217417728,negative,0.13721847696827208
1271603108393582593,negative,0.01552788654488999
1271603108423090177,negative,0.055598147955499555
1271603108477571075,negative,0.25318237069832455
1271603108553113607,positive,0.6616734553997347
1271603108771176449,negative,0.09629898425341812
1271603108842475521,negative,0.138094518987045
1271603108901195776,neutral,0.49789225920557484
1271603109157056513,negative,0.29882877204505387
1271603111438831616,negative,0.02219462288414203
1271603111690461185,negative,0.31952485712153916
1271603112147640320,negative,5.339773935835801e-10
1271603112541933574,negative,0.0005765141761233737
1271603113024262144,negative,0.008879095274456204
1271603113208827904,neutral,0.34533447752142954
1271603114425057280,negative,0.05610309040052827
1271603114571898882,negative,0.09696127105087513
1271603115616321537,negative,0.033270503514182106
1271603115897376769,negative,4.246449181396365e-05
1271603115968679941,negative,0.1194251928928092
1271603116358631425,negative,0.027623790815660947
1271603117004476416,negative,0.25647665269442005
1271603117042229254,negative,0.016656028492176282
1271603117063364614,negative,0.002387112958085051
1271603117650595847,negative,0.007851522397655828
1271603117738668033,negative,6.39402190085078e-07
1271603117776408576,positive,0.6630780119702806
1271603117860302850,negative,0.28112816092110127
1271603117897940994,negative,0.03517394505903062
1271603118447513602,negative,0.08002465081650481
1271603119923892226,negative,0.13223660272479967
1271603120062300166,negative,6.367432771898265e-06
1271603120104185856,positive,0.7878984431607639
1271603120196530176,negative,0.0014056336333883798
1271603120267763712,negative,1.56260701404286e-05
1271603120653701123,negative,0.0271165461827435
1271603120687271937,negative,0.006435955658033327
1271603120943046659,negative,0.0023864531750042895
1271603120959827968,negative,1.290505866478751e-06
1271603120964067328,negative,2.0120737143063457e-07
1271603121257615360,negative,0.0049024829505844945
1271603121605705728,negative,0.00016628924848785266
1271603121668620288,neutral,0.49789225920557484
1271603122218164235,negative,0.045004552016967195
1271603122364985344,negative,4.268580433245975e-05
1271603122457190400,negative,0.0012621969506292634
1271603122524360704,positive,0.85621757823014
1271603124030124032,negative,0.008304781806230767
1271603124415991811,negative,0.010741929144073329
1271603124457922563,negative,0.10891292943332319
1271603124822736898,negative,0.23972773971202263
1271603125061812225,negative,0.1430580478035517
1271603125288402946,negative,0.22716145285946415
1271603125330284553,negative,0.0049024829505844945
1271603125737132032,negative,0.0010544497805837873
1271603126265675777,neutral,0.5475144922864627
1271603126273884160,negative,0.007032605876039598
1271603126299250688,negative,0.02700661107676372
1271603126454411264,negative,0.00010117005792230338
1271603128849371137,positive,0.919250368288601
1271603128912220163,negative,0.046484769731093445
1271603129121988608,negative,0.10703465264976827
1271603129184849920,negative,0.015174736390837863
1271603129365286912,negative,0.014991899094609436
1271603130128650240,negative,1.4369133303213007e-05
1271603130153742337,negative,0.002886944683696644
1271603130321551367,negative,0.006759802676185766
1271603130745139201,negative,6.898181232754515e-05
1271603130795319296,neutral,0.34570639918890506
1271603130883543042,negative,0.0007645506651501771
1271603132582289409,negative,1.7746080916783892e-07
1271603132842283008,negative,0.0005629299174020448
1271603132896874496,negative,0.0013310290153407923
1271603133567942662,negative,5.898783951952834e-07
1271603133668605952,negative,0.17553924241747834
1271603133781770242,positive,0.7033874483545114
1271603134260011010,negative,1.8066554511466122e-05
1271603134364860416,negative,0.025986013737638435
1271603134469754882,negative,0.17343625902771564
1271603136470360066,negative,0.003217414187786527
1271603136562638848,positive,0.8442014614349974
1271603136785002496,negative,0.001842031509920941
1271603136826933250,positive,0.8682486587147534
1271603136902414337,negative,1.0112865731833953e-05
1271603136919150592,negative,0.05909488874382952
1271603136923402242,negative,1.4282680352932503e-05
1271603137128865801,negative,0.0003291735782151038
1271603137472839681,negative,0.030657206039888824
1271603137648918530,negative,4.143742682840951e-05
1271603137804197888,neutral,0.5533970533999424
1271603138445955072,neutral,0.3381189830050101
1271603138462703616,negative,0.0034039531505119245
1271603138919837697,negative,0.00012085684475791294
1271603139020537858,negative,2.6807651461799523e-08
1271603140777799680,negative,0.0518677584695308
1271603141121900552,negative,0.007012448520741336
1271603141470019584,negative,4.50491123474092e-05
1271603141667151874,negative,0.0016496648384880137
1271603142057242633,negative,0.013229794318693866
1271603142988369922,negative,0.000791148031320063
1271603143013531649,negative,0.08350512444456576
1271603143130976257,negative,0.0026963121685078203
1271603143177056256,negative,0.06904583584847347
1271603143198085120,negative,0.05610309040052827
1271603143336435712,neutral,0.3381189830050101
1271603145135853568,negative,7.330823983790044e-07
1271603145140027394,negative,0.0016413998648035432
1271603145181888513,negative,0.056870447376820614
1271603145588776962,negative,0.012676502386934916
1271603146297663489,negative,0.04495357886299508
1271603146775764993,neutral,0.3381189830050101
1271603147056783360,neutral,0.41661895030617113
1271603147467710464,negative,0.030376491298936097
1271603147589353472,negative,0.04967727434299894
1271603148197675012,negative,0.0002833791535977362
1271603148403216384,neutral,0.5666140499822833
1271603149145587713,positive,0.6972720264721289
1271603149204307973,negative,0.02428248049254861
1271603149384671238,negative,0.0024968577181432848
1271603149594296321,negative,0.00538219475894898
1271603149934071808,negative,0.01305592677996788
1271603150022115328,negative,0.0006032102022545487
1271603150152138753,negative,0.0046869057934540775
1271603150667911169,negative,0.00015296158967459595
1271603150743633920,negative,0.10947484028698869
1271603150940667904,negative,0.01552788654488999
1271603151712456704,negative,9.485337233476039e-11
1271603151792222208,negative,0.3275068838229145
1271603152110977024,negative,3.262796994869556e-05
1271603153742561282,negative,4.50491123474092e-05
1271603153742581760,negative,0.12239908299179886
1271603153809670144,neutral,0.5914465900851971
1271603154124181505,negative,0.021603191415718308
1271603154501632007,negative,0.01552788654488999
1271603155005046785,negative,0.01552788654488999
1271603155013435394,negative,0.001312208133154687
1271603155399315457,negative,0.004626019295761309
1271603155495723008,negative,0.002927508340614188
1271603155537498112,negative,0.0049024829505844945
1271603157521567744,neutral,0.5884415996848704
1271603157857120257,negative,0.17789058408954797
1271603157911638017,negative,0.05444659935617295
1271603157949431809,negative,0.11162762197975168
1271603158108835842,neutral,0.433900013198526
1271603158167556102,negative,0.31256111950851495
1271603158700228608,neutral,0.43268539629841
1271603158717005826,negative,0.18909143581032145
1271603162206666752,negative,0.00105507142652821
1271603162491891720,negative,0.006469679400739249
1271603162743558146,negative,0.0007700670226405214
1271603163020382208,negative,0.3275068838229145
1271603163062243329,negative,0.0049024829505844945
1271603163418812416,negative,0.19502423039687414
1271603163699838981,negative,0.024266507849056956
1271603163745923072,negative,0.18135203130807032
1271603164257583106,neutral,0.437369725752128
1271603164664549376,negative,0.03180962742221007
1271603164966522880,negative,0.0020368208816492093
1271603165012676608,negative,0.029755178268819425
1271603166119972865,negative,0.00011341912160628809
1271603166203740170,negative,0.0006370330654613106
1271603166417731585,neutral,0.5715314424006551
1271603167025823744,negative,0.21114582803323056
1271603167122374661,negative,0.018720000499947858
1271603167285792769,negative,0.20777902490204944
1271603167818645504,negative,0.28768430820383784
1271603167910752256,negative,0.03324102657305994
1271603167973855232,neutral,0.3381189830050101
1271603168431013888,negative,0.010409351888161885
1271603168628137986,negative,2.0314056196711032e-06
1271603171333410821,negative,0.3040949491800166
1271603171740258306,negative,0.3040949491800166
1271603171794837504,negative,0.0013391425022452087
1271603171857780736,negative,0.010988545510612397
1271603172264611840,negative,0.0825886283591841
1271603172298174466,negative,0.005894416270567474
1271603173124460544,negative,0.04622763662947095
1271603173296345088,negative,0.000728941762710778
1271603173455728640,negative,0.029459991800648205
1271603173636087809,negative,0.00016628924848785266
1271603173766160385,negative,0.0025354455852608566
1271603173900369925,negative,0.28689202034227634
1271603174827319296,negative,0.10697750540444037
1271603174835728390,neutral,0.46580994113209095
1271603174898577413,negative,0.16509810409557213
1271603175179595776,negative,0.0099536958179938
1271603175213150209,negative,0.01786866897430779
1271603175263334400,negative,0.3149341475621416
1271603175313870855,negative,0.03840564920058137
1271603175460659200,neutral,0.46580994113209095
1271603175733309440,negative,0.014461682671751517
1271603175858909184,negative,0.03786368867470405
1271603175938838528,neutral,0.3542215593441729
1271603176140144640,negative,4.0178109814957645e-05
1271603176198868993,negative,1.062383567129638e-05
1271603176760848385,negative,1.9565718695786653e-06
1271603176886751234,neutral,0.5593868227950115
1271603176920268802,negative,0.005855623289056531
1271603177125806081,neutral,0.44654025683665294
1271603177318748161,negative,0.00017459299063748494
1271603178547499009,negative,5.941642584251904e-06
1271603179097128960,positive,0.7500377016963704
1271603179252260864,neutral,0.40345066827196585
1271603179411648512,negative,0.00032220821512888784
1271603180355432448,positive,0.9997580264596364
1271603180657401861,negative,7.057381430586534e-06
1271603180686761985,negative,7.059623927250184e-05
1271603180703379457,negative,0.0014534938976559968
1271603180800020480,negative,0.0019660331236129296
1271603180925784065,negative,0.000699525150254452
1271603181001326592,neutral,0.3381189830050101
1271603181219430401,negative,0.16437877331818024
1271603181320101888,negative,0.01073405466198634
1271603181856919553,negative,0.0011541140060924234
1271603182821691395,negative,1.8066554511466122e-05
1271603182829998082,negative,0.00032750445555531916
1271603183194963969,negative,0.046484769731093445
1271603183358406656,negative,1.8066554511466122e-05
1271603183412903939,negative,0.12056045216888053
1271603183887028224,negative,2.408244833928298e-06
1271603183970775040,neutral,0.5151939348714403
1271603184197349377,negative,0.004055765991982758
1271603184377749506,negative,0.27069839133778073
1271603184818102272,negative,0.004711196580251134
1271603184834940935,negative,0.0049024829505844945
1271603185216622594,positive,0.8100931921790693
1271603185333997568,negative,0.004475353618502788
1271603185468178433,negative,1.8066554511466122e-05
1271603186852380673,negative,0.16190625184204965
1271603186894323712,negative,0.01698640287437667
1271603187091410945,negative,0.0017164370401530349
1271603187095486464,negative,0.00021323646588724418
1271603187242414085,negative,0.20695132830432936
1271603187254988801,negative,0.025152324668022856
1271603187301179394,neutral,0.39701286531311264
1271603187317907456,negative,0.024266507849056956
1271603187418640385,negative,0.00033287291598040416
1271603187565420544,neutral,0.5505550505941735
1271603187779280896,negative,0.17500771182889457
1271603187871617024,negative,0.10862683704731754
1271603188861407232,negative,0.10697750540444037
1271603188936740864,negative,0.01552788654488999
1271603189247348739,negative,1.1304946586562049e-10
1271603189276696579,negative,1.1767778998808972e-06
1271603189314473986,neutral,0.57723208060306
1271603189327036418,neutral,0.43633692986418515
1271603189398323202,neutral,0.3711688072554479
1271603189436030976,positive,0.8922820877151986
1271603189650018304,negative,0.2847093328097419
1271603189998108680,negative,0.22591431816503554
1271603191180713984,negative,0.04251423792646359
1271603192372002818,negative,0.00011341912160628809
1271603192573431808,negative,0.016159843929690464
1271603192657313793,negative,0.033163625454333524
1271603192913158144,neutral,0.3385252644667176
1271603194016280576,negative,0.03670255851540621
1271603194230177793,neutral,0.5302972112942961
1271603194263678976,negative,0.10605150739716332
1271603194280521730,negative,0.030165148438711296
1271603194347560960,negative,0.05235627460240611
1271603195605921793,positive,0.9376878850995406
1271603196163653632,negative,0.32637223140712546
1271603196180328448,negative,0.00036986781985034426
1271603196365025281,negative,0.00040076035469845366
1271603196876767235,negative,0.024384837021381396
1271603197363322880,negative,5.5715646012312354e-05
1271603199649165312,negative,1.0442611143508883e-06
1271603199787642880,positive,0.9993613763097036
1271603199863119872,negative,0.06014692363764993
1271603199972126721,negative,3.2104345640487636e-05
1271603200055967744,neutral,0.5785569441721914
1271603200060162049,negative,1.5674574881087314e-10
1271603200328695813,negative,0.19343119447946558
1271603200366346250,negative,0.005533832103092816
1271603200601317381,negative,0.08933409924387598
1271603201461100545,negative,0.0018080013112127566
1271603201662431233,positive,0.8562852694896161
1271603202253864965,negative,0.06108501646346183
1271603202711064579,negative,0.00023882966192448517
1271603203784794119,negative,0.00018619166918409368
1271603204023869443,positive,0.9376878850995406
1271603204078395397,negative,0.24190043021159235
1271603204225208321,negative,2.0037886431811777e-05
1271603204548149248,negative,0.043598371671244036
1271603204908695552,negative,0.002395107361095619
1271603204950810630,negative,0.020089278679454585
1271603205231841282,negative,0.06326627960981118
1271603205491896320,negative,0.00010338679440685032
1271603205630234626,negative,0.01879425341181135
1271603206771011584,negative,0.01039853386367512
1271603208012681216,negative,0.011144144601836133
1271603208167833602,negative,0.03610825811766178
1271603208184573952,negative,0.19640071182145585
1271603208188833792,negative,0.001111287296866427
1271603208197156864,negative,0.006759802676185766
1271603209132552194,negative,0.001842031509920941
1271603209249980416,negative,0.01879425341181135
1271603209543585794,negative,0.007492293006742919
1271603209610674183,negative,0.038422977018700524
1271603209753296897,negative,0.0066517864029260925
1271603209971347456,negative,4.731191413056106e-07
1271603210063667203,neutral,0.38017926804997
1271603210084646913,negative,0.002113631233293449
1271603210134999047,negative,0.0005358077387413497
1271603210516664320,negative,0.00016628924848785266
1271603212076883969,negative,0.00016628924848785266
1271603212643155968,negative,0.0005358077387413497
1271603213389750273,negative,0.010741929144073329
1271603213708361729,negative,0.016656028492176282
1271603213716746241,negative,0.24605128408014912
1271603213729333248,negative,1.6375700795597124e-08
1271603213993639938,negative,0.23662773036547474
1271603214597582849,negative,0.007065184433057396
1271603214765510658,negative,1.4282680352932503e-05
1271603215105011717,negative,0.0049024829505844945
1271603215130378240,neutral,0.3725458233667465
1271603215189016576,negative,0.019470154057715076
1271603216770314243,negative,0.006769110446710621
1271603216795553793,negative,0.00015194828200427033
1271603216862654464,negative,0.05368241837099004
1271603217202393089,negative,0.2393078170734598
1271603217332387840,negative,0.13223660272479967
1271603217755967491,negative,0.1460605091437251
1271603218083205121,negative,4.306354617242347e-05
1271603218209034240,negative,0.00016628924848785266
1271603218728935425,negative,7.2884477388465e-05
1271603218955546626,negative,0.25318237069832455
1271603218980777989,negative,0.018842186792097412
1271603219047821312,negative,0.10660890444232315
1271603219102302208,negative,7.057381430586534e-06
1271603219542814722,negative,0.0006459743598993481
1271603220457152512,negative,0.00029656923794037877
1271603221002362880,negative,0.0024062061310469113
1271603221644132352,negative,0.015946341074103896
1271603222273294339,negative,0.0013567087775155876
1271603222399123459,negative,0.0005358077387413497
1271603222424289285,negative,3.549296409474663e-09
1271603222935941121,negative,0.004433673471171837
1271603223124738055,neutral,0.6234049249685203
1271603224559128576,negative,0.31750913535146613
1271603224785625089,negative,0.0005358077387413497
1271603225100259328,negative,0.06673421924137835
1271603225280552960,negative,0.0639359830463092
1271603225515393024,neutral,0.46576025453402564
1271603225817485312,negative,0.013815551599849757
1271603226345963520,negative,0.0948908403365332
1271603226509533184,negative,0.015218459054526196
1271603226752749569,neutral,0.3381189830050101
1271603226832494600,negative,0.059889250246088856
1271603226996092928,negative,0.009630421050129179
1271603227377766400,negative,0.055729676515545584
1271603227486752769,neutral,0.5884415996848704
1271603227679756290,neutral,0.3720396856939469
1271603228824633344,negative,0.003517429029724342
1271603228967395330,neutral,0.628036076658865
1271603229214851073,negative,0.007012448520741336
1271603229894348802,positive,0.9999746914881442
1271603229906927617,negative,0.00157921824750368
1271603230036942849,negative,2.4238968337949363e-07
1271603230125015040,negative,0.009415184643261012
1271603230460559360,negative,0.27626037608679505
1271603231039410178,negative,0.000337713668998792
1271603231240708098,neutral,0.35785643069366135
1271603231433674753,negative,0.0024968577181432848
1271603233346260992,negative,0.12619551266353682
1271603233631408130,negative,0.025152324668022856
1271603234059231232,negative,0.00014840749909568357
1271603234247970816,neutral,0.49789225920557484
1271603234541625344,negative,0.020014844347452418
1271603234692571138,negative,0.1736954294317703
1271603234927493122,negative,0.05311200457497482
1271603234986233856,negative,0.0002833791535977362
1271603237653749762,negative,0.0003060332790378293
1271603237653827586,negative,0.012676502386934916
1271603237997686787,neutral,0.49789225920557484
1271603238161301505,negative,0.1268028451552595
1271603238740078592,negative,0.2847093328097419
1271603238882684929,negative,0.03191069281262349
1271603238966566912,negative,2.4103465192703544e-05
1271603239004377090,negative,0.013215736956266502
1271603239121760262,negative,0.1685216692648357
1271603239507693568,neutral,0.616005678462541
1271603239520276481,negative,1.4282680352932503e-05
1271603239843237890,negative,0.021090786056343052
1271603240690487296,negative,0.006342968286556846
1271603241843937281,negative,0.05492914911702347
1271603242028449793,negative,0.001842031509920941
1271603242103902208,negative,0.00016628924848785266
1271603242410151937,negative,1.3476317052720875e-06
1271603242477277184,negative,4.1386863022736685e-08
1271603242645041157,negative,3.262796994869556e-05
1271603242666012673,negative,0.019259507283703924
1271603244091887619,negative,0.027623790815660947
1271603245878849536,negative,0.001595334237663935
1271603246230990848,negative,0.12749176555008918
1271603246658977792,negative,0.003001837545013809
1271603246683918336,neutral,0.3499352441185855
1271603247523016705,negative,0.016447491419061072
1271603247686529024,negative,0.0020093435034387666
1271603247749496832,negative,0.18795859623648656
1271603248009490435,negative,7.34085919362028e-06
1271603248907067392,positive,0.9376878850995406
1271603249171312640,negative,0.15403413547041234
1271603249259450368,positive,0.6624055896622104
1271603249917952004,neutral,0.387209319016033
1271603250110828545,negative,0.01552788654488999
1271603250278645760,negative,0.04251865790289205
1271603250572267521,positive,0.8785031404427778
1271603250584846339,neutral,0.48728019602140255
1271603250979110915,negative,0.014592387966216947
1271603251008462849,negative,0.014991899094609436
1271603251566313472,negative,0.13790693520282393
1271603251687886848,neutral,0.6117142587681954
1271603252044410881,negative,0.09492797246151588
1271603252262559744,negative,0.0010033410433637482
1271603253646692352,negative,0.008533262543156011
1271603254087110657,negative,0.13577217955051343
1271603254233792512,negative,0.00016628924848785266
1271603254301003776,negative,0.00021958020531490089
1271603254649028609,negative,4.476848978645551e-06
1271603255093624838,negative,0.00016628924848785266
1271603255177510912,neutral,0.3381189830050101
1271603255399809026,negative,0.02203109558120301
1271603255932366849,negative,0.020144476084628184
1271603256041582592,negative,0.013553733612223135
1271603256129716224,negative,0.09768632914162882
1271603256574332930,negative,0.0003304101929874612
1271603258277064705,negative,0.005014943087364652
1271603258298118144,positive,0.6624055896622104
1271603258512101381,neutral,0.6206872477481462
1271603258650439680,negative,0.00011341912160628809
1271603258973356032,neutral,0.3381189830050101
1271603259510317061,negative,0.012990095621005317
1271603259896102912,negative,0.016656028492176282
1271603259912773633,negative,0.06424910895443775
1271603260043001856,negative,0.0005358077387413497
1271603260105936896,negative,0.0004481032782312598
1271603260491739143,negative,0.3148786518263568
1271603260508553226,negative,0.024864435263177366
1271603260814696455,negative,3.0373461343041953e-05
1271603260831543304,negative,0.00011775213026216606
1271603262467293186,negative,0.14269806698464288
1271603262693806085,negative,3.242290509085294e-05
1271603263385808903,negative,0.00019984109669266473
1271603263482343424,negative,3.4756179013684414e-05
1271603263876599809,negative,0.24162982702985134
1271603264191188995,negative,0.0071479933406052385
1271603265071984641,negative,0.112644112625661
1271603266716139527,negative,0.001767186114073497
1271603267416571907,negative,0.015321854077554509
1271603267487875079,negative,0.00033387925398279604
1271603267521429504,negative,0.0006231497894395036
1271603267538161664,negative,0.29882877204505387
1271603267949268992,negative,1.8066554511466122e-05
1271603268242812929,negative,0.015661262735491132
1271603268624551936,negative,0.00016628924848785266
1271603268834201600,negative,0.0099536958179938
1271603268918149122,negative,0.27599855954002234
1271603270797217793,neutral,0.4447534025629569
1271603270931357696,negative,0.009831780820631483
1271603271162101760,negative,0.0002262406928320146
1271603271250128896,negative,0.1257100984194129
1271603271283679232,negative,0.1758022771461871
1271603271573143552,negative,0.0005358077387413497
1271603271807967233,neutral,0.437369725752128
1271603271854145539,negative,1.0493438461949012e-05
1271603271933857792,negative,0.09038507580680345
1271603272189706240,negative,0.00016628924848785266
1271603272495902721,negative,0.13876763345718127
1271603272600731648,negative,0.0009755811881193706
1271603273573728258,negative,0.02777553773955312
1271603273972297729,neutral,0.37137062280538924
1271603274861481987,negative,0.00031004621056320524
1271603274999873537,negative,0.17681869179821197
1271603275209547779,negative,0.00923163668342829
1271603275331186690,neutral,0.5586274034083963
1271603276048449546,negative,0.25973443913933725
1271603276287561734,neutral,0.4136565312011753
1271603276501393408,negative,3.8310264022537305e-16
1271603276505645061,negative,0.00016968194510970166
1271603276551794688,negative,1.7395367881482719e-07
1271603276975308802,negative,0.02442409588161093
1271603277231161345,negative,0.029459991800648205
1271603277264756739,neutral,0.37137062280538924
1271603277277396993,negative,0.05976204850440248
1271603277449347072,negative,0.00174812024433325
1271603277617127424,negative,0.0009755811881193706
1271603279248732162,negative,1.480916047824574e-11
1271603279395463174,negative,0.020799443395845992
1271603279408087040,negative,0.002018737472771262
1271603279529742336,negative,0.008763404314864706
1271603279651356672,negative,0.0004989512452564605
1271603279781396481,positive,0.7179535407903761
1271603279995297795,neutral,0.437369725752128
1271603280062427144,negative,0.27574794473944175
1271603280066551809,negative,0.00016628924848785266
1271603281479925760,negative,0.0049024829505844945
1271603283476516867,negative,0.01552788654488999
1271603284030210048,negative,0.002697199870049277
1271603284193705993,positive,0.7878984431607639
1271603284940333056,negative,0.138094518987045
1271603285082898434,negative,1.0959355209039085e-06
1271603285330460672,negative,5.1420246397785346e-05
1271603287746383872,negative,0.007987861711230561
1271603288023146499,negative,0.0015946732680079292
1271603288228708354,negative,0.003645142796826916
1271603288383815685,negative,0.000759394058036063
1271603288459431936,negative,0.06326627960981118
1271603288593633280,negative,7.730518905627762e-07
1271603288652349441,negative,4.620058260489666e-06
1271603288719478790,negative,0.0034039531505119245
1271603289138880512,negative,0.1404084962267737
1271603289830850561,negative,0.0011685987087233154
1271603290132922369,negative,0.1370256875232013
1271603290178895872,negative,0.00027585667296755586
1271603290309001216,negative,1.4745202263749767e-06
1271603290325876736,negative,0.018231076434766017
1271603291869372417,negative,0.0018300158936079708
1271603291919716352,neutral,0.3725458233667465
1271603292234268673,negative,0.01437328346292759
1271603292741816320,negative,1.4218070230133853e-08
1271603293844836352,negative,0.0014056336333883798
1271603294247452672,negative,0.0005330289711396502
1271603294268461059,neutral,0.41781860539170623
1271603296059502592,negative,4.40937372909515e-05
1271603296290160640,negative,0.005894416270567474
1271603296839577602,negative,0.15766457043122964
1271603297351335936,negative,0.01626007962497656
1271603297628102656,negative,0.0271165461827435
1271603297833623553,positive,0.7334030526933847
1271603297842061312,negative,0.13246148862232782
1271603298773147649,negative,0.06504669905710528
1271603298966044672,negative,0.04445217217724994
1271603298982866945,neutral,0.6330455584487023
1271603300425699328,negative,0.0009631973883223608
1271603300669030401,negative,0.0056110453144678435
1271603301235265536,negative,0.029160432015274185
1271603301294002178,negative,2.2902628872367208e-06
1271603301541429253,negative,0.017058362420636068
1271603301939806208,neutral,0.5905593841065292
1271603302216749062,negative,0.04885317442997018
1271603302304813059,negative,0.04737277183695965
1271603302329958400,negative,0.0031322515626683103
1271603302405308416,neutral,0.362160755458206
1271603302510268416,neutral,0.33044187471235137
1271603302652928000,negative,0.14645465043150965
1271603302732529665,negative,0.028431595891872056
1271603304557162497,negative,2.0593928471969214e-05
1271603305001684995,negative,0.13223660272479967
1271603305190391809,negative,0.09632583051309793
1271603305517588481,negative,0.0013226852660425217
1271603305664393217,positive,0.7238230910330393
1271603305718992896,negative,7.389534241423178e-05
1271603306192752645,negative,0.0005330289711396502
1271603306373103617,negative,0.0012284470224727762
1271603306716999682,neutral,0.3746765046790963
1271603306721239040,negative,1.4146884943175727e-09
1271603307174170624,neutral,0.5089004219517322
1271603307421724672,neutral,0.43138125207913736
1271603307556024320,negative,0.0037387964931947354
1271603307627319296,positive,0.9983075352990961
1271603307753222145,negative,0.31256111950851495
1271603309267292162,negative,0.00016628924848785266
1271603309405769728,negative,0.27403404469589215
1271603309590216705,negative,0.0816406681762288
1271603309686726657,neutral,0.40345066827196585
1271603309833408512,positive,0.9595664602051986
1271603309908865024,negative,0.0006231497894395036
1271603310332698626,negative,0.11162762197975168
1271603310806605824,negative,0.001595334237663935
1271603311020511236,negative,0.16841729920146856
1271603311272177664,negative,0.010165780175086792
1271603311410647040,negative,0.02050692836319715
1271603311435710464,negative,0.1385453857109973
1271603311456722946,negative,0.0015667422220642924
1271603311809048576,negative,0.01879425341181135
1271603312912207873,negative,2.247260680282803e-05
1271603312979136513,negative,5.0502621600810345e-06
1271603313520381952,negative,0.020941058608342028
1271603313708920838,negative,0.17122708209395252
1271603313738276864,neutral,0.49789225920557484
1271603313960800257,negative,0.041863098365780615
1271603313977540608,negative,3.5788314179515283e-06
1271603315055484928,positive,0.9574527696778912
1271603315906940929,negative,0.01099164640132244
1271603316053684225,negative,0.04324843524471755
1271603317731450881,negative,0.000132376457949845
1271603317790171152,negative,0.0007028931467689295
1271603317987315713,neutral,0.3381189830050101
1271603318201204737,negative,9.9776447420698e-05
1271603318205399048,negative,0.00013048818751432468
1271603318431928321,negative,0.12040489496069662
1271603318960402432,neutral,0.35940903891806947
1271603319044280327,negative,0.004433673471171837
1271603321145524226,negative,3.4756179013684414e-05
1271603321158070272,negative,0.002395107361095619
1271603321569193984,negative,0.2654769106322947
1271603321795641344,negative,0.020047026753666364
1271603321837625345,negative,0.11162762197975168
1271603322210918400,negative,0.0005358077387413497
1271603322265501704,negative,6.198213496625877e-06
1271603322450051073,negative,0.007898530572952134
1271603322525495296,negative,1.5804032492840705e-06
1271603322563235840,negative,0.00016628924848785266
1271603322613567490,negative,0.026091745880890922
1271603322626195462,negative,0.22513179180885018
1271603323230212097,negative,0.04258011744510042
1271603325658677248,negative,0.0006517115340334996
1271603325763489792,negative,0.03069204876950449
1271603325813874691,negative,0.005894416270567474
1271603325981429761,neutral,0.435593996076737
1271603326245838849,negative,0.034751173764522796
1271603326770196480,neutral,0.3381189830050101
1271603326858264576,neutral,0.3381189830050101
1271603326900006913,neutral,0.3499352441185855
1271603327227367428,negative,0.0012621969506292634
1271603327378157569,negative,0.15989314823977885
1271603327621459968,negative,0.24870534885733994
1271603327793537024,neutral,0.3396404128754322
1271603327869095938,negative,4.595777935403777e-05
1271603328028413952,negative,0.005894416270567474
1271603328376606722,neutral,0.4301698007898065
1271603329618059266,negative,5.0629768748737e-05
1271603329806696448,neutral,0.41661895030617113
1271603329978728451,negative,0.11142285245381837
1271603330192756738,negative,6.4675117100569094e-06
1271603330297614336,negative,0.015946341074103896
1271603330415038466,negative,1.67824124727267e-05
1271603330603782145,negative,0.0027893427949859193
1271603331295850497,negative,0.07657121189855537
1271603331694235651,negative,0.0041262470970027925
1271603331786592256,negative,0.03588175636912136
1271603332096892928,neutral,0.3582711781749802
1271603332159864832,negative,0.018720000499947858
1271603332239548416,negative,4.40937372909515e-05
1271603332646395904,negative,0.32487682076984686
1271603334290583553,neutral,0.37137062280538924
1271603334466670592,negative,0.032602585726997806
1271603334475022336,negative,0.009121143975876439
1271603335142019073,negative,0.0005351132759893319
1271603335435620352,negative,0.01552788654488999
1271603335569817600,negative,0.0009028042954317648
1271603335825686529,negative,0.00032625171232757155
1271603335901188096,negative,2.323402532434917e-06
1271603336035184640,neutral,0.4097360213275736
1271603336417067008,positive,0.684687678208344
1271603336714698753,negative,0.283440501803732
1271603336979132421,neutral,0.6212008086177256
1271603337012539392,negative,0.005103608251525445
1271603337180459009,negative,0.3040949491800166
1271603337922781185,negative,0.004430530379343175
1271603338262568960,negative,0.006963757512848268
1271603338321301505,negative,0.00020054820409489652
1271603338480693251,neutral,0.34533447752142954
1271603338530836480,negative,0.00012420501629135366
1271603338744905728,negative,0.00011686139391456512
1271603338753314816,negative,1.176706131424099e-05
1271603338891722754,positive,0.9517380584075411
1271603339009028096,negative,0.18795859623648656
1271603339147407368,negative,2.82465371857547e-06
1271603339306741764,negative,0.0014534938976559968
1271603339772428288,negative,0.008137502328782307
1271603340024131585,negative,0.0032775605287930854
1271603340237914116,negative,3.1939035560860206e-05
1271603342293204994,negative,1.3883632164977976e-10
1271603342372941827,negative,0.24299238759052857
1271603342389755904,negative,6.216607176366758e-06
1271603342779854851,positive,0.8824757861350008
1271603342838583296,neutral,0.3850948772444006
1271603343631290380,negative,0.05316002553014076
1271603343648063488,negative,0.00011791760518418482
1271603343803273221,neutral,0.6295412466769715
1271603343958441984,negative,9.392380940772108e-05
1271603344075825157,negative,0.00011155551123111399
1271603344080080896,negative,0.112644112625661
1271603344210038791,negative,0.24774292677641216
1271603344277200897,negative,0.00041458035770611544
1271603344440791041,negative,0.00019328371730703794
1271603346785345536,negative,0.27403404469589215
1271603346860904453,negative,0.32003400364182666
1271603346898632705,negative,0.010741929144073329
1271603346953175041,negative,0.13335819716337285
1271603347037003777,negative,0.0832616067651975
1271603347506827264,negative,0.024864435263177366
1271603347783667712,negative,0.013441343552534154
1271603348295294979,negative,0.28112816092110127
1271603348551147523,negative,0.11121422893593495
1271603350472216577,negative,0.01581962339908979
1271603350618898433,negative,0.0918581850810184
1271603350715412482,negative,0.016656028492176282
1271603350971260928,negative,0.012676502386934916
1271603351197646849,negative,0.06902885548356658
1271603351256514562,negative,5.9581900504029855e-05
1271603351311040513,negative,0.000461978987029925
1271603351545950213,negative,0.0003264685869497398
1271603351562727424,negative,1.56260701404286e-05
1271603351566901253,negative,0.001111287296866427
1271603352028303361,negative,0.26452909004521824
1271603352409903105,neutral,0.437369725752128
1271603352900689923,negative,8.381648454116685e-05
1271603353211060226,negative,1.8640813909346823e-13
1271603353395617794,negative,0.007954934633077601
1271603353424969733,negative,0.005479099288117338
1271603354972667904,negative,0.0013876501219581817
1271603354981093377,negative,0.0034949549509276498
1271603355199078400,negative,0.001842031509920941
1271603355484401666,negative,0.017786016297021666
1271603355501170689,negative,0.012676502386934916
1271603355505307648,neutral,0.4552809504469654
1271603355643711488,positive,0.8824757861350008
1271603355773808640,negative,0.007492293006742919
1271603355886870528,negative,0.0005648400546063893
1271603356419543041,negative,0.002395107361095619
1271603356440711171,negative,4.650985078126962e-05
1271603356457414657,negative,1.69597407704258e-05
1271603356679712768,negative,1.4369133303213007e-05
1271603356679770112,negative,7.875806384962151e-06
1271603357006934016,negative,0.13721847696827208
1271603357262639105,negative,0.17553924241747834
1271603357371809794,negative,0.13223660272479967
1271603357518565378,negative,6.236105015602125e-07
1271603358781050882,negative,0.24257369881389068
1271603359087296512,negative,0.19137281542263082
1271603359175368708,negative,0.006286251306751573
1271603359263440898,negative,0.01552788654488999
1271603359795933184,negative,0.012017192431571493
1271603359984779265,positive,0.7342889744533279
1271603360282664962,negative,0.04915038932183661
1271603363210289152,negative,0.2675637579473606
1271603363235409922,negative,0.002886944683696644
1271603364187344896,negative,0.00033777355552436797
1271603364556652544,negative,7.985506052558882e-08
1271603364967694337,neutral,0.46580994113209095
1271603365311586304,neutral,0.4375670387157726
1271603365320036358,negative,0.052262984314297656
1271603365718495233,negative,0.005366889164635993
1271603365752029184,negative,5.5715646012312354e-05
1271603365890441217,negative,0.0004504855105848457
1271603366062325771,negative,0.010595781021160548
1271603366620286986,negative,0.001842031509920941
1271603367362605056,negative,0.014421490987971464
1271603367396204550,negative,0.26051834953276104
1271603367505256449,negative,5.5715646012312354e-05
1271603367509463042,negative,0.1757295955700063
1271603368750911489,neutral,0.48728019602140255
1271603368859971585,negative,0.0028452208663357383
1271603369069682690,negative,0.15506871554626545
1271603369229135872,negative,0.0002558508086955222
1271603369237524480,negative,0.19566949484168028
1271603369677918208,negative,0.00012035958397278264
1271603369728258049,negative,1.1183495478345474e-08
1271603369761783808,negative,0.0012607724784801174
1271603370365726720,negative,0.004393708458221603
1271603371451932672,negative,3.155791299697551e-05
1271603371632451590,negative,0.00026706758266826873
1271603371800252423,negative,0.0001400531661575022
1271603372244770816,negative,0.005820665306411165
1271603372945178626,negative,0.0011161580185944627
1271603373347713026,negative,0.17371183095574588
1271603373465317376,negative,0.31386488665324247
1271603373482094592,negative,2.2872868016785674e-06
1271603373532499970,negative,0.3040949491800166
1271603373691883520,negative,0.001842031509920941
1271603373905547264,negative,0.2824876424311173
1271603374044176385,positive,0.9684121085062315
1271603374140657665,negative,0.04692282387135488
1271603375776415744,negative,0.11162762197975168
1271603376183283712,negative,1.8066554511466122e-05
1271603376594341888,negative,1.062063940850468e-06
1271603376741134345,negative,0.002536689033108404
1271603377328119808,negative,3.6964229152765723e-07
1271603377575690240,neutral,0.3381189830050101
1271603377605148677,negative,0.008658099919513919
1271603377756127232,negative,6.39402190085078e-07
1271603379861508097,negative,0.013229794318693866
1271603379907813383,negative,0.01552788654488999
1271603380201426947,negative,1.008453044415851e-05
1271603380402761728,negative,0.016973360953540174
1271603380696354816,negative,0.26812582956602965
1271603380843094017,negative,0.00019340934088335688
1271603381224734722,negative,1.49191621399608e-05
1271603381505851392,negative,0.013623932636696952
1271603381518446594,negative,4.076775671873651e-05
1271603384076824578,negative,0.0007904662856937187
1271603384194301952,negative,0.05610309040052827
1271603384722821120,negative,0.12857108971609227
1271603386115411971,negative,0.00016628924848785266
1271603386220187648,negative,0.0019702562773176975
1271603386434060292,negative,0.044547658249550245
1271603386492899330,negative,0.028431595891872056
1271603386593546240,negative,0.020985670651917962
1271603386933227520,negative,0.001006146461470546
1271603388329967617,negative,0.0002480448924663298
1271603388954759171,negative,0.047788313615759144
1271603389139423232,negative,0.00015194828200427033
1271603389680549905,negative,0.000132376457949845
1271603389747560451,negative,0.018365593585203184
1271603389852463104,negative,0.00026164661599891717
1271603390817226752,neutral,0.6582643402168333
1271603391010091008,negative,0.01552788654488999
1271603391073058828,negative,0.0002833791535977362
1271603391085588480,negative,0.0006231497894395036
1271603392452976640,neutral,0.6271071988852761
1271603392490725377,negative,0.025423849341311082
1271603392629047296,neutral,0.3794095594708052
1271603392775770114,negative,0.0049024829505844945
1271603392830476289,negative,0.02726162813814235
1271603393015033856,negative,0.030020422706499864
1271603393174343682,neutral,0.46580994113209095
1271603394780844033,negative,0.3275068838229145
1271603394797547524,negative,0.01879425341181135
1271603394977959937,negative,0.007954934633077601
1271603394982133762,negative,9.9776447420698e-05
1271603394982154246,negative,0.13583124471860994
1271603396760539136,negative,0.012676502386934916
1271603396894736384,negative,0.011013595902725022
1271603396932440064,negative,0.005159937700926149
1271603397104480263,negative,0.1637254229934074
1271603397486170112,negative,0.00023882966192448517
1271603397985284096,negative,0.02282647380578316
1271603398211768321,negative,0.10748599412053919
1271603398287261696,negative,0.32003400364182666
1271603398622797825,neutral,0.6405754145382067
1271603398828265472,negative,1.56260701404286e-05
1271603399226732547,negative,0.003919049548173325
1271603399243505664,negative,0.25318237069832455
1271603399482650624,negative,0.01879425341181135
1271603399545499649,neutral,0.6549879982098531
1271603401009303559,negative,0.003925977985244935
1271603401302913026,negative,0.0010094551313573773
1271603401374105600,negative,0.26423110492323404
1271603402095681541,negative,0.0053225937304254905
1271603402737410048,negative,0.1404084962267737
1271603402779361281,negative,0.00460397744675667
1271603402875850752,negative,0.00019984109669266473
1271603403060371457,negative,0.00011791760518418482
1271603403110612993,negative,0.0045874813864815
1271603403861393409,negative,0.2819192202256438
1271603404037652480,negative,0.1730330525136392
1271603405153280000,negative,0.02227547322637349
1271603405652242432,negative,0.0005358077387413497
1271603405836951552,negative,0.1735162678381825
1271603405945962497,negative,0.0002833791535977362
1271603405983809538,negative,0.07316485664414961
1271603406021500931,negative,1.521227807961675e-05
1271603406109642757,positive,0.7500377016963704
1271603406214500354,negative,0.0003556188772877965
1271603406688456705,neutral,0.6274708568440207
1271603406776545281,negative,0.2785928761937945
1271603406784868352,negative,0.04975157188070691
1271603407036583936,positive,0.9984295540060144
1271603407393034241,negative,7.37922492671626e-05
1271603407678328835,neutral,0.4737554465528978
1271603407758004225,negative,0.002395107361095619
1271603409100079110,negative,0.3103566366072311
1271603409356021762,negative,0.00014294154440235452
1271603409481879553,negative,1.8066554511466122e-05
1271603409502830592,negative,0.04058256486809901
1271603410140364807,negative,0.0049024829505844945
1271603410182209537,negative,0.028303820647889725
1271603410371063808,neutral,0.3381189830050101
1271603410513649665,neutral,0.4670100671583925
1271603410794471424,negative,0.008178362527209763
1271603410803003393,negative,0.0015425978250262452
1271603410832437248,negative,0.12638575508756936
1271603410882748416,negative,0.018720000499947858
1271603411004293122,negative,2.243289187211406e-05
1271603411105001475,negative,0.16756816175348466
1271603411318910977,negative,0.03288473205519007
1271603411524427789,negative,1.8066554511466122e-05
1271603413676109824,positive,0.7878984431607639
1271603413827096576,negative,0.18135203130807032
1271603413910818816,negative,0.1256754675891251
1271603414124855298,negative,0.1289597951152532
1271603414309502977,negative,7.2884477388465e-05
1271603414443724800,negative,0.0027368082846141867
1271603414527389696,negative,0.008625248354844163
1271603414611394560,negative,0.048214301480760065
1271603414770876417,negative,0.13982299742587062
1271603414905077761,negative,0.07388171950582473
1271603414972141569,neutral,0.33907248592056144
1271603415219671040,negative,3.040763501447786e-06
1271603418096943110,negative,0.0048031083353694045
1271603418348412928,negative,0.18189696381783874
1271603418495438848,neutral,0.3542215593441729
1271603418528919552,negative,2.773140400141548e-05
1271603418646188033,neutral,0.49789225920557484
1271603418759663616,negative,0.04155864270855458
1271603418772070401,negative,0.00016628924848785266
1271603418927374336,negative,0.031252089843059085
1271603419149529088,negative,0.19552563706121598
1271603419405574144,positive,0.6624055896622104
1271603419430686721,negative,2.2341924829761687e-05
1271603419598540802,negative,0.0041262470970027925
1271603419640401920,negative,0.10947484028698869
1271603420181467136,neutral,0.3381189830050101
1271603421963882496,neutral,0.6036802031617744
1271603422425382920,negative,0.0882311381289216
1271603423356518402,negative,0.00041279808053524723
1271603423440326656,negative,0.04251423792646359
1271603423448875008,negative,0.0832616067651975
1271603423973183489,neutral,0.3381189830050101
1271603424535154689,negative,0.061164090023989676
1271603424551993344,positive,0.8154950852205297
1271603426053492739,negative,0.00019984109669266473
1271603426166812673,negative,1.69597407704258e-05
1271603426170941440,neutral,0.39998917448249094
1271603426519068672,negative,1.67824124727267e-05
1271603426825326594,negative,9.626975316765107e-06
1271603426942689282,negative,1.8066554511466122e-05
1271603427013996545,neutral,0.3381189830050101
1271603427194236928,negative,0.0028290743903026405
1271603427525738496,negative,7.2884477388465e-05
1271603428213633028,negative,0.1683876859261627
1271603428402368514,negative,0.008798432792496822
1271603428859547649,negative,0.0013625503834893292
1271603429115342848,negative,0.025694700940673287
1271603429639626752,negative,0.006393746778414023
1271603430201659393,neutral,0.3381189830050101
1271603430721818624,negative,0.00016628924848785266
1271603431413886976,negative,0.008798432792496822
1271603431543889920,neutral,0.437369725752128
1271603431740977152,negative,0.04261518134136458
1271603431845830656,negative,0.02941902643901514
1271603432126910467,negative,0.015386386874891427
1271603432781164549,negative,0.0005351132759893319
1271603433334857729,negative,0.2793168272936149
1271603433716486146,negative,0.20695132830432936
1271603434379259905,negative,0.13223660272479967
1271603435167719424,negative,0.1731746784572899
1271603435863805952,negative,0.007363558616009477
1271603436807692288,negative,0.004393708458221603
1271603436866469888,negative,0.047711636119782644
1271603437030051847,negative,0.10697750540444037
1271603437277511681,negative,0.19753827322328846
1271603437571112961,negative,7.2884477388465e-05
1271603437621456896,negative,1.7420822590254172e-05
1271603438271508480,negative,0.0006639299168356227
1271603438305058816,negative,0.0018351500013268976
1271603439240458240,negative,0.030566512488258018
1271603439756283905,positive,0.9980816436675186
1271603440704270337,neutral,0.35451443008515343
1271603441014419456,negative,0.016776611360716075
1271603441614413827,negative,0.021693285386836146
1271603441631199232,negative,0.029459991800648205
1271603441941520384,negative,2.1753963123780722e-08
1271603442209914881,negative,0.018307959094432523
1271603443585728512,negative,0.2234587016537679
1271603443644411904,negative,2.7109749146597328e-08
1271603443967438848,negative,0.10748599412053919
1271603444181327872,negative,1.5685170663691435e-07
1271603444579815425,negative,0.09036137954939648
1271603444596510722,negative,0.25318237069832455
1271603445204738048,negative,0.007065184433057396
1271603447079591937,negative,0.11162762197975168
1271603447092129792,negative,0.0032775605287930854
1271603447503171586,negative,0.007599598437030047
1271603447771652097,negative,0.00016628924848785266
1271603447813603328,neutral,0.5710211662525364
1271603447897509889,negative,0.05313412123691785
1271603448157474817,negative,0.06425795079597196
1271603448174325760,negative,0.0022534008262551316
1271603448258199556,negative,0.001842031509920941
1271603449017307141,negative,0.015875080607848344
1271603449138941952,negative,0.22096155418618976
1271603451794018306,negative,0.10083480718062086
1271603452041453574,negative,0.02259169575039166
1271603452595101696,negative,0.2675637579473606
1271603452754505732,neutral,0.36434125657219296
1271603452980809728,negative,0.15989314823977885
1271603452989394944,negative,1.8066554511466122e-05
1271603453748527105,negative,0.037923919074804614
1271603454159523840,negative,0.015411969190119088
1271603454197129216,negative,0.15989314823977885
1271603454214057984,negative,0.13542263779219696
1271603454243409920,negative,4.40937372909515e-05
1271603454423773186,negative,0.011296328313435591
1271603454696398848,negative,0.14639319670833195
1271603455594020864,negative,0.00016628924848785266
1271603455845707777,positive,0.9401687219484677
1271603456113930241,negative,0.10822917808536252
1271603456374177792,negative,0.09831532122731897
1271603456466464772,negative,0.019416681812729514
1271603456751611904,positive,0.7760958457010583
1271603456835497984,negative,0.12945186439378584
1271603456843841536,negative,0.0068154665196530125
1271603456944607232,negative,0.2675637579473606
1271603457393397762,positive,0.7500377016963704
1271603457561104387,negative,0.0319832305431049
1271603457699479553,negative,0.009130632406983877
1271603459540889600,negative,0.01552788654488999
1271603460111249415,negative,0.28112816092110127
1271603460958384130,neutral,0.34117024056417766
1271603460971134976,neutral,0.4160938199907302
1271603461222694912,negative,0.03202174516230024
1271603461759655936,neutral,0.41901263796461236
1271603462271389700,negative,1.2476705914458675e-07
1271603462338482176,negative,6.164584439908113e-06
1271603463730888704,negative,0.00019894404832740268
1271603465442254849,neutral,0.37634702801884357
1271603465442267139,negative,0.12223370080603098
1271603465731506176,negative,0.3275068838229145
1271603466079698944,negative,7.512813418531286e-05
1271603466344022019,negative,0.11854063220524225
1271603466717335552,negative,0.10947484028698869
1271603466759278592,negative,0.024573085558803692
1271603466775953411,negative,0.04251423792646359
1271603468214689802,negative,0.0004951634223147297
1271603468218892288,negative,8.967180885230809e-05
1271603468411731968,negative,0.04251865790289205
1271603468424396800,negative,0.31112750843044895
1271603469007364097,negative,0.09183346180512393
1271603469183524866,negative,0.024266507849056956
1271603469393301504,negative,0.0002062964316058372
1271603469611184128,neutral,0.49789225920557484
1271603470089543686,negative,0.000188355330776431
1271603470278307843,neutral,0.49789225920557484
1271603472140570625,negative,0.00036986781985034426
1271603472245436416,positive,0.8922820877151986
1271603472249602049,negative,0.0832616067651975
1271603473029779458,negative,0.000188355330776431
1271603473969295362,negative,0.0023679982476035063
1271603474317242369,negative,0.06842503420026794
1271603474376130560,neutral,0.49789225920557484
1271603474791387136,negative,0.00010186377985504198
1271603476808769539,negative,0.012171498255398096
1271603477156945920,negative,0.008203132826013019
1271603477291192326,negative,0.000426425326169589
1271603477794492423,negative,0.023773880397601827
1271603477991612417,negative,0.2528317948202356
1271603478004146184,negative,1.6124483472858344e-06
1271603478293430272,negative,0.16437877331818024
1271603478347919360,negative,0.01552788654488999
1271603480227184640,negative,0.06813983420654068
1271603480696885250,negative,0.004305981908847982
1271603480839544833,neutral,0.437369725752128
1271603480898256897,negative,0.08933409924387598
1271603480961015808,negative,0.0003618294678994878
1271603482320146434,negative,0.1292013833099171
1271603482647289857,neutral,0.38219604004117014
1271603482756370437,neutral,0.49789225920557484
1271603482768834560,negative,0.04709892718796682
1271603482823458816,negative,0.05613179351469032
1271603482940903425,negative,1.060442443963043e-06
1271603483188383744,negative,0.008798432792496822
1271603483284824066,negative,0.07762784543750909
1271603483410673665,negative,0.0017306761601493205
1271603484819849217,negative,0.25379875909891914
1271603485113561094,negative,0.04745577454064255
1271603485151080449,negative,1.4282680352932503e-05
1271603485235011592,negative,0.01552788654488999
1271603485235085312,negative,0.012447427632221408
1271603485402894346,negative,0.0001728650377173661
1271603485411282946,negative,0.00027382007603041545
1271603485667196928,negative,2.2341924829761687e-05
1271603485969133569,negative,0.09390574869760035
1271603486061481984,negative,0.01655022480749108
1271603486103388160,negative,0.007599598437030047
1271603486703132678,negative,0.2614393102045018
1271603486820651009,negative,0.04283844340723604
1271603488884228098,negative,0.05020577876357174
1271603488917774337,negative,0.31231732632982556
1271603488947085313,negative,4.1386863022736685e-08
1271603489031049218,negative,0.0628455323579209
1271603489060290560,positive,0.9999572778514748
1271603489274200073,negative,0.0023662614762101136
1271603489391742978,negative,0.138094518987045
1271603489467179017,negative,0.029160432015274185
1271603489718841346,negative,0.0013924812939047882
1271603489786007552,negative,0.021468205824297266
1271603489827938304,negative,1.8066554511466122e-05
1271603490339590144,negative,2.7295868716593173e-06
1271603490415132672,negative,0.1735162678381825
1271603490662612992,negative,0.0003429533163819878
1271603490784251908,negative,0.009199233939556099
1271603490817703937,negative,0.00026706758266826873
1271603494802391040,neutral,0.36956673838238946
1271603495037210625,negative,0.059196645682587
1271603495217446912,negative,1.060442443963043e-06
1271603495620284416,negative,0.31626622200796833
1271603495645347846,negative,0.00019984109669266473
1271603497486684160,negative,0.0005358077387413497
1271603498220650500,negative,3.1967562606611574e-05
1271603498417893385,negative,0.18795859623648656
1271603499097370628,negative,0.0007561007382326649
1271603499206402048,negative,0.00157921824750368
1271603499210625024,negative,0.021873131606606658
1271603499319476225,negative,0.0003445392677246734
1271603499411931137,negative,0.0005000728954740911
1271603499588034566,positive,0.7488486930287965
1271603499768348674,neutral,0.3913919011489233
1271603499944382464,negative,0.027532586259180133
1271603500154306560,negative,7.707198874345142e-10
1271603501550927874,negative,0.027565523875858356
1271603501756567552,negative,5.32935659173664e-07
1271603501852962817,negative,0.0376149828330972
1271603501857112064,negative,0.02428248049254861
1271603502066868226,negative,0.059196645682587
1271603502163386373,negative,0.11162762197975168
1271603502301818887,negative,2.600334914808667e-07
1271603502406656000,negative,0.004416245848791715
1271603503627206656,negative,2.9419270363486983e-09
1271603503769755654,negative,0.32440357020980287
1271603503807500290,negative,0.19552563706121598
1271603504067612673,negative,0.02341292172742968
1271603505925697542,negative,0.07576476733212008
1271603506038870017,negative,0.00016628924848785266
1271603506198298625,negative,0.018910801022262412
1271603506680561664,negative,0.00019894404832740268
1271603506953302018,neutral,0.48728019602140255
1271603507309744129,neutral,0.6231301609365977
1271603507544698881,positive,0.785076654581485
1271603507875975169,neutral,0.5569460627050385
1271603508144484353,neutral,0.46580994113209095
1271603508274438146,negative,0.25318237069832455
1271603508404461568,negative,0.003721994369782944
1271603510593937408,negative,0.00019984109669266473
1271603510623252480,negative,0.005654729261988541
1271603510715482117,negative,0.00016628924848785266
1271603510740738048,negative,0.0251185050281657
1271603511659245568,negative,0.020985670651917962
1271603512103841793,negative,0.22630849533025918
1271603512196161542,negative,0.008195617810932788
1271603512271667200,negative,0.0005330289711396502
1271603512913334273,negative,0.2824876424311173
1271603514075230209,neutral,0.43309874607302173
1271603514100404224,negative,2.841396646748129e-05
1271603514322685952,negative,0.005469263441703145
1271603514419171334,negative,0.0017981195636125084
1271603514431733761,negative,1.3503935416113397e-06
1271603515799060486,neutral,0.41941594464284193
1271603516293840897,negative,0.2512321054223868
1271603516579119106,neutral,0.6330455584487023
1271603516629450753,neutral,0.437369725752128
1271603516986064901,negative,3.8431245989478195e-05
1271603518407925763,negative,0.03180962742221007
1271603518428852225,negative,0.00010068086106591317
1271603518554677249,negative,0.00016628924848785266
1271603518839894016,neutral,0.46580994113209095
1271603519066382336,negative,0.08818161423987897
1271603519217434625,negative,0.04776734379520932
1271603519976546304,negative,0.15894838135266348
1271603519984984064,negative,6.4827888834544124e-06
1271603520131796993,negative,0.0271165461827435
1271603520244834304,neutral,0.35451443008515343
1271603520538640385,negative,0.039661460600298876
1271603520882585601,negative,0.00011791760518418482
1271603521494925313,negative,0.00033044537108145556
1271603522052730880,negative,0.026102557911560516
1271603522157580293,negative,0.007954934633077601
1271603522941800449,negative,7.25332952347127e-06
1271603523088678912,negative,1.3246117043244962e-05
1271603523541700609,negative,1.8066554511466122e-05
1271603523705176064,negative,0.03786368867470405
1271603523776471040,negative,0.07061019067471257
1271603524074450944,negative,0.00023882966192448517
1271603524405800962,negative,0.0005358077387413497
1271603524430938112,negative,0.06138095024089372
1271603524611248131,negative,0.025986013737638435
1271603526653939719,negative,0.015946341074103896
1271603527475920901,negative,0.00010330781086314503
1271603527752781830,negative,0.03639846518878914
1271603528092585984,negative,0.0005330289711396502
1271603528134529026,negative,1.3476317052720875e-06
1271603528763617281,negative,0.02427574774900057
1271603529313144832,negative,0.3217691155802056
1271603529409531905,negative,0.14639319670833195
1271603531016003591,negative,0.0271165461827435
1271603531439628289,negative,0.0035098240236387224
1271603532177825792,negative,0.00019984109669266473
1271603532576276485,negative,0.00029954380849090545
1271603533062660096,negative,0.01552788654488999
1271603533339660288,negative,0.1853447716208767
1271603533423443968,negative,0.0271165461827435
1271603533519958023,negative,0.05773950100514704
1271603533687726080,neutral,0.4217118844086705
1271603533884915714,negative,0.00011155551123111399
1271603534014930944,negative,2.780646820514657e-05
1271603535663075330,negative,0.05588581722909747
1271603535692664843,negative,2.6513751606949904e-08
1271603535931674624,negative,0.05049276815853747
1271603536330194944,negative,0.00016628924848785266
1271603536367955969,negative,0.15989314823977885
1271603536435036161,negative,0.31224957863744857
1271603536695001090,positive,0.8824757861350008
1271603536736944134,negative,0.004304988170931951
1271603536774791169,negative,0.0447194780999
1271603536829308928,negative,0.009272739832239805
1271603537122861057,negative,0.002354434163065829
1271603537357811712,negative,0.26812582956602965
1271603537458364416,negative,0.0013861122586575497
1271603537466687489,negative,0.01667155244086857
1271603539257638912,negative,0.017152411748532576
1271603539312357376,negative,3.911842622160804e-09
1271603539882713098,negative,7.236773637704521e-08
1271603540058877952,negative,1.008453044415851e-05
1271603540092477442,negative,0.00023882966192448517
1271603540193132546,negative,0.21921412548362115
1271603540763521024,negative,0.03461907115306758
1271603540981682179,negative,0.008590396519905641
1271603541313032192,negative,1.8149505754617604e-05
1271603543506587649,positive,0.6624055896622104
1271603543594741761,negative,0.23316809640359565
1271603544211193856,negative,0.008668836594438374
1271603544320245765,negative,0.011708708880323729
1271603544446111745,negative,0.00016628924848785266
1271603544555167749,positive,0.7320935544129707
1271603544571949056,negative,0.00016628924848785266
1271603544681054211,negative,0.00011961031741866106
1271603544764944392,negative,0.007599598437030047
1271603544915873792,positive,0.9983075352990961
1271603545372889089,negative,0.00048559593649531447
1271603545482067968,negative,0.03980030593590898
1271603545754816513,negative,0.12082734449828159
1271603545788297227,negative,0.01552788654488999
1271603547663187969,positive,0.9488887222074014
1271603548099354624,negative,0.00011791760518418482
1271603548233531392,negative,0.002395107361095619
1271603549202452480,negative,0.11340809141765155
1271603549273718786,negative,3.170658942035036e-08
1271603549298987011,negative,1.69597407704258e-05
1271603549340917765,neutral,0.3381189830050101
1271603549928148992,neutral,0.4353447131478714
1271603549999374336,negative,0.00157921824750368
1271603550045433856,neutral,0.41661895030617113
1271603550217318400,negative,0.09167788302274728
1271603550854905858,negative,0.00029656923794037877
1271603553241571328,neutral,0.6330455584487023
1271603553589694464,negative,0.001356220786682788
1271603553631711237,positive,0.7500377016963704
1271603553782632448,negative,0.18795859623648656
1271603553828732928,negative,0.001098707846868685
1271603554235580416,negative,0.00011341912160628809
1271603556714524674,negative,0.25301038033995477
1271603556949336065,negative,0.28112816092110127
1271603557129687042,negative,0.043598371671244036
1271603557763108864,neutral,0.4461603449519414
1271603557846810624,neutral,0.37244960785870307
1271603557855363073,neutral,0.46580994113209095
1271603558195003393,neutral,0.437369725752128
1271603558442565632,negative,0.02726162813814235
1271603558513664001,negative,0.22055665962303347
1271603558614532098,negative,9.09654557292609e-06
1271603560220942336,negative,0.039433821832599185
1271603560413753346,positive,0.8868953502997019
1271603560640319489,neutral,0.4461733275406525
1271603560795471872,negative,1.8066554511466122e-05
1271603561030397954,negative,0.19502423039687414
1271603561164673024,neutral,0.35451443008515343
1271603561600675842,negative,0.013265831157646643
1271603561688948736,negative,0.06142490817272006
1271603562091442177,neutral,0.41941594464284193
1271603562343211008,neutral,0.602242899185409
1271603564507521025,negative,0.05670946645000067
1271603564624908288,negative,0.1612189036968002
1271603565086355457,negative,0.00016628924848785266
1271603565312667649,negative,1.468044191770219e-07
1271603566088765441,negative,0.059196645682587
1271603566378180609,negative,0.00026518796431838855
1271603566432661504,negative,0.0005955793925200283
1271603566545952769,neutral,0.5525111145535944
1271603566931828737,negative,0.06756897342989703
1271603569456791559,positive,0.8824757861350008
1271603569649737728,positive,0.7350028034673991
1271603570153062406,negative,0.004393708458221603
1271603570651967489,negative,1.8066554511466122e-05
1271603570790617098,negative,0.017172069723517324
1271603570903846914,negative,0.026721903884652072
1271603570920558593,negative,0.00016628924848785266
1271603571058933760,negative,0.12227762356369955
1271603571251908608,negative,0.18108766465601922
1271603571365236736,negative,0.024573085558803692
1271603571818139649,negative,0.03670255851540621
1271603571914489857,negative,0.03180962742221007
1271603572057268224,negative,0.009867950350129577
1271603573135204352,negative,1.1321568151071478e-05
1271603573881798662,negative,0.036139921395430076
1271603574041001984,negative,2.987944245261539e-06
1271603574229745664,negative,0.19269869232316536
1271603574250889218,negative,4.549094684559664e-13
1271603574305325056,negative,0.007252511046789174
1271603574347370498,negative,0.0002935139129572753
1271603574422695938,negative,0.007012448520741336
1271603574477291520,negative,0.00015194828200427033
1271603574561259520,neutral,0.4319988977346594
1271603574569463808,negative,0.07152762509154904
1271603574791864325,negative,0.0029802930630058945
1271603574926200839,negative,0.0010365935989710298
1271603574934581249,negative,0.0590517203284009
1271603575110733824,negative,0.0001550822067599986
1271603575735672833,neutral,0.47972181819238185
1271603575769235459,negative,0.03547588364154337
1271603575769247744,negative,0.11572948827861469
1271603576209641472,negative,0.003738600111901525
1271603577086148608,negative,0.00018895445553569106
1271603578310885377,negative,0.11190045547746601
1271603578432520192,negative,0.008074795508619684
1271603578575224837,negative,0.08450582712108895
1271603578638159876,neutral,0.37137062280538924
1271603578852061185,neutral,0.46580994113209095
1271603578927558661,negative,0.32003400364182666
1271603578969509888,negative,0.19502423039687414
1271603579221049346,negative,0.0016737896560586971
1271603579376283648,negative,3.7109226841037983e-07
1271603579782959105,negative,0.016656028492176282
1271603581196664834,negative,0.015946341074103896
1271603581372817408,negative,0.0019877092214262227
1271603581372825600,negative,0.013265831157646643
1271603581507035136,neutral,0.3725458233667465
1271603581985198080,negative,0.00019328371730703794
1271603582131896320,neutral,0.49789225920557484
1271603582136090624,negative,0.02978956789286822
1271603582199005186,negative,0.10326445295892163
1271603582605897729,negative,7.704362118212568e-05
1271603582668730368,neutral,0.4737554465528978
1271603582673080322,negative,0.012676502386934916
1271603582748549121,negative,0.0031194595866617615
1271603583012741122,negative,0.00023882966192448517
1271603585852289025,negative,0.19897201717175525
1271603586015940608,neutral,0.439589607984053
1271603586443751430,negative,0.002331324816660361
1271603586686992385,negative,0.29192644371024074
1271603587139932162,neutral,0.3381189830050101
1271603587366477824,negative,0.02154019426109886
1271603587492315138,negative,0.0022047028376949566
1271603587685257217,negative,0.027306211591214814
1271603589698539520,negative,0.018365593585203184
1271603589803323392,negative,9.250877231731503e-05
1271603589962625025,negative,0.009272739832239805
1271603589971095554,negative,5.5715646012312354e-05
1271603590021484545,negative,0.0010512437128292194
1271603590776393730,negative,0.0022674557675743975
1271603590776475648,neutral,0.6231301609365977
1271603590797418498,negative,0.3297583248428969
1271603590843564033,negative,0.00012366873741622168
1271603591325921280,negative,0.31812769580849276
1271603591426519043,negative,0.014378631732919206
1271603593955758084,negative,0.0474698563979688
1271603594165399553,negative,0.010455690337300476
1271603594224119808,negative,0.03772461755890129
1271603594408624130,negative,0.00026891859107554424
1271603594836443136,negative,0.015386386874891427
1271603594895261701,negative,0.006756894551752944
1271603595360772096,negative,0.18909143581032145
1271603595373412358,negative,4.40937372909515e-05
1271603595738255360,negative,0.08818161423987897
1271603596140765184,neutral,0.3696556049682052
1271603596489117697,positive,0.7842586057601225
1271603596539371521,negative,0.03290528020937338
1271603596539412481,negative,8.49537307728212e-08
1271603597940125696,negative,0.27443656146977435
1271603597948661760,negative,0.2824876424311173
1271603598485528576,negative,0.002584658343206838
1271603598623997955,negative,0.00011791760518418482
1271603598745579520,neutral,0.35163128834868035
1271603599324274688,negative,0.0049024829505844945
1271603599542571013,neutral,0.40446680944231517
1271603600108793857,negative,0.0010544497805837873
1271603602826694660,negative,1.8066554511466122e-05
1271603603057369088,negative,0.0005351132759893319
1271603603107610624,negative,0.000132376457949845
1271603603791384576,negative,0.22041592924475417
1271603603904446467,negative,0.32620683154629054
1271603604391157765,negative,3.6826143228758263e-06
1271603604491821065,negative,0.005355445421729125
1271603606354120704,negative,6.898181232754515e-05
1271603606798635011,negative,0.00013126445760907013
1271603607440416769,negative,0.0004206628747426742
1271603607465418752,negative,0.01552788654488999
1271603607620784129,negative,2.773140400141548e-05
1271603607692095489,negative,3.262796994869556e-05
1271603607725584387,positive,0.671337306919619
1271603607939489794,negative,0.0003406518265563171
1271603607998205954,neutral,0.49789225920557484
1271603608044187649,negative,0.13906856090761524
1271603608107261959,negative,7.135113701640622e-08
1271603608207884290,negative,0.10697750540444037
1271603608388321281,neutral,0.49789225920557484
1271603608627417090,negative,0.00016823968684374503
1271603608652480513,negative,0.00034248550143086077
1271603608749047814,negative,7.06065680365162e-06
1271603608979734530,negative,3.759814752818217e-05
1271603610783223810,negative,0.13583124471860994
1271603611475349504,negative,0.20757850165123046
1271603611848540165,negative,9.250877231731503e-05
1271603611991228417,negative,0.0723132754669506
1271603612276322305,negative,0.0049024829505844945
1271603612326731778,negative,6.21411783730517e-06
1271603615053107203,positive,0.9997580264596364
1271603615170531328,negative,1.4369133303213007e-05
1271603616076435457,negative,0.04258011744510042
1271603616424566785,negative,0.008658099919513919
1271603616533622784,positive,0.8824757861350008
1271603616676114433,negative,0.020144476084628184
1271603617280086017,negative,0.0006231497894395036
1271603619222237185,negative,0.1757295955700063
1271603619222245378,negative,0.00016628924848785266
1271603619616428032,negative,0.00036986781985034426
1271603619884826626,neutral,0.4241380430434768
1271603619947675648,neutral,0.46127768308170247
1271603619977220099,negative,2.443164864593417e-05
1271603620073607168,negative,3.2227242808501056e-05
1271603620484722693,negative,0.026594391015495343
1271603620811857920,negative,0.0011476103271417274
1271603620954308610,neutral,0.49789225920557484
1271603621059276800,neutral,0.46580994113209095
1271603621126422533,negative,0.00020675394561839143
1271603621394821125,negative,0.02850842480389199
1271603621608722435,negative,0.02272847276770877
1271603621696765952,positive,0.7685322661239289
1271603623173197830,positive,0.8924681265818637
1271603623919783941,negative,0.012164792431929873
1271603624242827265,negative,1.56260701404286e-05
1271603624381120512,positive,0.7545986572802088
1271603624523771909,negative,0.05529088565565996
1271603625073291265,negative,4.143742682840951e-05
1271603626033606656,positive,0.7431898147490712
1271603627715522560,negative,0.24190043021159235
1271603627820560384,positive,0.997986465499483
1271603627858243585,negative,0.10084917046897782
1271603628319465472,negative,0.0016754322975082508
1271603628340645893,negative,3.262796994869556e-05
1271603628462178305,negative,0.0005358077387413497
1271603628483252224,negative,0.0005000728954740911
1271603628776644609,negative,0.007012448520741336
1271603629104009220,negative,0.00016628924848785266
1271603629343080450,negative,0.035739383890957856
1271603629523435524,positive,0.8824757861350008
1271603629959643136,negative,0.15109238146263732
1271603630257233920,negative,0.04251423792646359
1271603632040009729,negative,0.2675637579473606
1271603632170041351,neutral,0.41781860539170623
1271603632178450432,negative,0.00019984109669266473
1271603632262254592,negative,0.10468083000665482
1271603632316825600,negative,0.1712047870318655
1271603633386332165,negative,0.3040949491800166
1271603633591848967,negative,0.01203997253984084
1271603633591922689,negative,0.002886944683696644
1271603634086776832,negative,0.005894416270567474
1271603634392924160,negative,1.498243284364437e-05
1271603634460151809,negative,3.262796994869556e-05
1271603635634311169,negative,0.0034360178782903024
1271603636066541568,negative,1.2650573661819271e-05
1271603636188086273,negative,0.009948484888605605
1271603636775288832,negative,3.4991323452319925e-05
1271603637018640385,neutral,0.3725458233667465
1271603637190422528,negative,6.236105015602125e-07
1271603637333221376,negative,0.04474466654197991
1271603637379313665,negative,0.010741929144073329
1271603637542944769,negative,0.1683876859261627
1271603637597454341,negative,0.0023170344461177867
1271603637618380806,negative,0.0017179404763293094
1271603637811380225,negative,0.006335297903121096
1271603637840678914,negative,0.007599598437030047
1271603637916250112,negative,0.0002331219123239042
1271603640093081600,neutral,0.553802389001294
1271603640428646401,negative,0.23972773971202263
1271603641238118401,neutral,0.3381189830050101
1271603641397411841,negative,0.00016628924848785266
1271603641485492224,negative,0.00023274403951982392
1271603642303418369,negative,0.03416143747831388
1271603642324393984,negative,0.0005330289711396502
1271603642366386177,positive,0.684687678208344
1271603642420719617,negative,0.0008932807974753905
1271603642450108416,negative,0.0004748727618833213
1271603642513096704,negative,0.01552788654488999
1271603642580250631,negative,0.00157921824750368
1271603642819379201,negative,0.009130632406983877
1271603643192684544,negative,0.18060494811356126
1271603644660670464,negative,0.00247886806511474
1271603645222719490,positive,0.6624055896622104
1271603645965053957,negative,0.007954934633077601
1271603646179028993,negative,8.154604400939287e-05
1271603646183231489,negative,0.10414365946908313
1271603648381046785,negative,0.026594391015495343
1271603648762507264,negative,1.8066554511466122e-05
1271603649161109504,negative,0.007898530572952134
1271603649165361153,negative,0.001980140456888812
1271603649660309506,negative,0.03272233978044458
1271603649693745152,negative,0.012665311346910053
1271603649698021376,negative,0.007112044392181312
1271603650260013056,negative,0.011060007021343377
1271603650285178880,negative,9.79469128605362e-07
1271603650658480130,negative,0.002547343254792422
1271603650670891009,negative,7.236773637704521e-08
1271603651065327621,negative,0.0005351132759893319
1271603651711102977,negative,0.00016390188723403493
1271603651732275202,positive,0.7500377016963704
1271603652403347459,negative,6.635103615185109e-05
1271603652453634048,negative,0.055173414449375686
1271603652491436032,negative,6.547150004312279e-07
1271603652705374208,negative,0.014592387966216947
1271603653145694215,negative,5.136937511768591e-12
1271603653481164800,negative,0.0035205866314355384
1271603653678424067,negative,1.3476317052720875e-06
1271603653804273669,negative,0.3275068838229145
1271603654030737410,negative,0.1536586325299259
1271603654399795200,negative,3.262796994869556e-05
1271603654596931586,negative,0.19827167320976694
1271603654705975296,negative,0.010147272731134666
1271603655125471236,negative,0.01786866897430779
1271603655511343104,negative,0.0847546101302029
1271603656794812418,negative,0.00878548968364992
1271603656899657729,negative,0.24190043021159235
1271603658384384001,negative,0.000759394058036063
1271603658443165706,negative,0.0271165461827435
1271603658908733440,negative,0.002364214793247178
1271603660015964162,neutral,0.5844660558927414
1271603661047767041,negative,0.01879425341181135
1271603661257367558,neutral,0.5089004219517322
1271603661374963713,negative,0.1761320119809451
1271603661559513088,negative,0.059889250246088856
1271603662205456384,negative,0.059196645682587
1271603662301933568,negative,0.048631689327132736
1271603662410805248,negative,0.0762907951563658
1271603663534985220,negative,0.21384768238216476
1271603663690240001,negative,0.11162762197975168
1271603665128656896,negative,0.00030417742154446046
1271603665435058177,negative,0.0022534008262551316
1271603665472798720,positive,0.7882017442862028
1271603665544110080,negative,0.0017419265039273334
1271603665804177409,negative,0.312644129282779
1271603666173206529,negative,0.05109758785891983
1271603666437517313,negative,3.666420142228531e-05
1271603666622046209,negative,0.0028540565873212483
1271603666705842177,negative,0.0002820508786354942
1271603666739478535,negative,7.2884477388465e-05
1271603666777247751,negative,0.0006527444789298844
1271603667242749953,negative,6.604321581933903e-05
1271603667481907200,negative,0.00016628924848785266
1271603669323198464,negative,0.007012448520741336
1271603669386100736,negative,0.001842031509920941
1271603670078103552,neutral,0.3725458233667465
1271603670266888193,negative,0.000132376457949845
1271603670300471297,negative,0.05817995923428874
1271603670845710342,negative,0.0005330289711396502
1271603670963060738,negative,0.00016628924848785266
1271603671126675457,negative,0.0007904662856937187
1271603672192102400,negative,1.3433455656728992e-05
1271603672221396993,negative,0.00019984109669266473
1271603672498221058,neutral,0.35451443008515343
1271603672808656896,negative,0.08000202738784179
1271603673475342336,negative,3.5157457977306495e-07
1271603674029031424,negative,0.0014666768495562323
1271603674029199360,negative,0.04495357886299508
1271603674054303745,negative,3.9992743679653957e-05
1271603674389897222,negative,0.009121143975876439
1271603674498895873,negative,0.10932753837349826
1271603674515734528,negative,7.236773637704521e-08
1271603674545086464,neutral,0.551077815994506
1271603675090337797,negative,0.0007904662856937187
1271603675497103360,negative,0.0003556188772877965
1271603675862110208,negative,0.02311804646448923
1271603675866095616,negative,0.11911568984867858
1271603675870507009,neutral,0.4312483588219366
1271603676147339264,negative,0.0002833791535977362
1271603676533137411,negative,0.14308527386746261
1271603677883744258,negative,0.11627452145703912
1271603677984444417,negative,0.01861528536504779
1271603678332497925,negative,0.17371183095574588
1271603678533869569,negative,0.0005392628219502408
1271603678722523138,negative,4.510885829286069e-05
1271603678781345797,negative,0.022239639193932088
1271603678869360640,negative,0.01583324343101025
1271603679250898944,negative,0.005626392366426678
1271603679330697218,negative,4.0704524326237375e-13
1271603679880241152,negative,0.09682065438804816
1271603680358338560,negative,0.002395107361095619
1271603680652005381,negative,0.0017306761601493205
1271603680693891072,negative,0.2013198904030459
1271603681818001408,negative,0.002885552384102251
1271603681918464000,negative,0.008798432792496822
1271603682061307906,negative,9.250877231731503e-05
1271603682824654849,neutral,0.46127768308170247
1271603682879197184,negative,0.04471905957801532
1271603683013332995,negative,0.13620285461209888
1271603683164389378,negative,0.2785928761937945
1271603683256602625,negative,6.898181232754515e-05
1271603683273461761,positive,0.7991256881143486
1271603683587956736,negative,0.0006231497894395036
1271603685026607110,negative,0.013815551599849757
1271603686112821248,negative,0.015174736390837863
1271603686289129472,neutral,0.437369725752128
1271603686368739330,negative,1.9261137221227915e-05
1271603686641459200,negative,1.8066554511466122e-05
1271603687513874432,negative,0.18813973867280442
1271603688021377024,negative,0.17553924241747834
1271603688256212993,negative,7.886340358317108e-05
1271603688478515201,neutral,0.33907248592056144
1271603688486903809,positive,0.8824757861350008
1271603688918876162,negative,6.547150004312279e-07
1271603688939945984,negative,0.032326456834016526
1271603689011150848,negative,0.1683876859261627
1271603689413730305,negative,0.19502423039687414
1271603690177286150,negative,0.06326627960981118
1271603690294697985,negative,0.022580389085052423
1271603690307289088,negative,0.0014056336333883798
1271603690638651398,negative,0.2793168272936149
1271603690768654336,negative,0.0271165461827435
1271603690974048258,negative,0.17553924241747834
1271603690974085120,negative,9.922195236940532e-06
1271603690978320386,neutral,0.3353500257179539
1271603691188076544,negative,0.0007969433097646404
1271603694715506689,neutral,0.35331916570458427
1271603695319429121,negative,0.18761191681888964
1271603695319494656,negative,0.01072113868673675
1271603695386603524,positive,0.9995469853676254
1271603695495585792,negative,0.07576476733212008
1271603695499837440,negative,0.1628976482749928
1271603696015740929,negative,4.306354617242347e-05
1271603696091246592,negative,5.78904342643394e-08
1271603696749686786,negative,0.020522835623474678
1271603696758071297,negative,0.059196645682587
1271603696779091968,negative,1.4071794754552723e-08
1271603697378787331,negative,0.10329182763909436
1271603698997833735,negative,0.0827209785442479
1271603699245297664,negative,0.025152324668022856
1271603699312406530,negative,0.1853447716208767
1271603699459244032,negative,0.049348474215627686
1271603699773734912,negative,0.01552788654488999
1271603699987734528,negative,0.2794653930830212
1271603700360982528,negative,0.03980030593590898
1271603700751048706,negative,0.000188355330776431
1271603700855865344,negative,6.746014266789122e-05
1271603700998574081,negative,0.0015135849796267815
1271603702915350528,neutral,0.437369725752128
1271603703535988737,positive,0.9157370566859354
1271603704463077379,negative,0.03039008331050322
1271603705524244482,negative,6.4675117100569094e-06
1271603705549336577,neutral,0.5511017205760296
1271603705637244928,negative,0.15989314823977885
1271603705725493254,neutral,0.5621131860393174
1271603705767395328,negative,0.14308527386746261
1271603706035871744,neutral,0.5157480844081103
1271603706144980993,negative,0.3275068838229145
1271603707076055040,negative,2.8210443818694804e-05
1271603707264798720,positive,0.8050852068734559
1271603707734405120,negative,0.1330579074135937
1271603708451676160,negative,5.270077197508156e-06
1271603709751984128,negative,0.027623790815660947
1271603709831712768,negative,0.1683876859261627
1271603709898887173,neutral,0.6212922596067524
1271603710045683714,negative,0.041863098365780615
1271603711392075781,negative,0.1757295955700063
1271603711597559809,negative,0.0632943000796299
1271603711824011264,negative,0.06200670843112903
1271603711836598276,negative,3.262796994869556e-05
1271603712029593600,negative,0.112644112625661
1271603712134311936,negative,1.8066554511466122e-05
1271603712172187651,negative,0.3155990631147836
1271603712453218304,negative,0.2675637579473606
1271603712901951490,negative,0.19640071182145585
1271603713241747457,negative,0.0006444353405736493
1271603715905069066,negative,0.12239827232910852
1271603715909222405,neutral,0.4064281066055449
1271603716626558977,negative,0.029968857030885542
1271603716962029570,neutral,0.36793715368924024
1271603717037535232,negative,0.008798432792496822
1271603718383861761,negative,0.006530412676232573
1271603719604445186,neutral,0.47848741139733153
1271603719621226496,neutral,0.3381189830050101
1271603719818235905,negative,0.01581962339908979
1271603719826739200,negative,2.1455042997460476e-06
1271603720162344965,negative,0.3217691155802056
1271603720246132736,negative,0.0019660331236129296
1271603720300761088,negative,1.8066554511466122e-05
1271603720497836035,negative,0.0577395518625684
1271603720577523712,negative,0.0832616067651975
1271603721361899520,neutral,0.5277759842869705
1271603721487757317,negative,0.0076680719491236445
1271603721777053699,neutral,0.437369725752128
1271603721781346305,negative,0.018453941771794394
1271603722158772225,negative,0.049211293752046484
1271603723895279617,negative,1.1806484918204592e-07
1271603724239044609,negative,0.00019990546099042103
1271603724927016960,negative,0.10556094541014964
1271603724935409664,negative,0.029459991800648205
1271603724956438528,negative,3.8632474149153675e-05
1271603724969009154,negative,0.00032588143824506196
1271603725812084736,positive,0.9691713926437164
1271603726114045952,negative,1.4282680352932503e-05
1271603726302601216,negative,0.31463515644679546
1271603727997317120,negative,0.18884248391470657
1271603728051773443,negative,0.0014104267254367766
1271603728404094976,negative,0.0041262470970027925
1271603728458690560,positive,0.8560290592048831
1271603728483790848,negative,3.0373461343041953e-05
1271603728685109249,negative,0.029221171854788907
1271603728710328320,negative,4.699923832371469e-05
1271603729364631553,negative,0.0013876501219581817
1271603729612132355,negative,0.00033514254717847595
1271603729742155776,neutral,0.5628157622678029
1271603730195058689,negative,0.25318237069832455
1271603730291589120,negative,0.00222564095891512
1271603730635468800,neutral,0.43239902574644784
1271603732199989249,negative,0.12227762356369955
1271603732392882176,negative,0.02428248049254861
1271603732489404417,negative,0.19615375075358898
1271603732518768645,negative,0.0020093435034387666
1271603732590067713,negative,0.005894416270567474
1271603732812357633,neutral,0.437369725752128
1271603733139513344,negative,0.07886991595025493
1271603733240131585,positive,0.9556858708304484
1271603733764464641,negative,0.018263572970062283
1271603733802213377,negative,0.01552788654488999
1271603736666832896,negative,2.7718437932992646e-05
1271603736805326848,negative,0.13666746933319543
1271603737262469120,negative,0.009272739832239805
1271603737426001925,negative,0.00019894404832740268
1271603737484832768,negative,0.0049024829505844945
1271603737770045442,negative,0.01552788654488999
1271603737874833409,negative,0.006828757762176845
1271603737895661568,negative,0.0006231497894395036
1271603738021474306,negative,7.236773637704521e-08
1271603738189258752,negative,0.0012693223584421339
1271603738411704320,negative,0.007954934633077601
1271603738508230657,negative,2.243289187211406e-05
1271603741012131841,negative,0.012157219429847021
1271603741104488448,negative,3.237384989190422e-05
1271603741322629120,negative,0.023377786953838173
1271603741498671104,negative,0.28689202034227634
1271603741595185154,negative,1.164841024350142e-06
1271603741721059329,negative,0.0031765230842898395
1271603741809160194,negative,0.1067748298512315
1271603741863686146,negative,0.0002833791535977362
1271603741939163138,negative,0.0007580173523928184
1271603742283042816,negative,0.11162762197975168
1271603742325051392,neutral,0.4884980247943256
1271603744313151488,negative,0.10884477916600746
1271603745894174720,negative,0.008211359558725201
1271603746770956293,negative,0.006037807319365434
1271603747119079424,negative,0.04885317442997018
1271603747714629633,negative,0.1536586325299259
1271603747853131779,negative,0.3040949491800166
1271603748708720641,negative,5.482334737980439e-07
1271603748931059717,positive,0.8560290592048831
1271603749119840256,negative,0.023881704366282723
1271603749543391238,negative,0.00016100482880607227
1271603749568548864,negative,0.3040949491800166
1271603749610455046,negative,0.002690376636190011
1271603749732126723,neutral,0.3381189830050101
1271603749828640768,negative,0.01164222263575829
1271603750130585601,neutral,0.5533970533999424
1271603750227054592,negative,0.046484769731093445
1271603750315139072,negative,0.011244923329808892
1271603750453551106,negative,0.002673403877653038
1271603751183360000,negative,0.0049024829505844945
1271603751598665733,negative,0.10697750540444037
1271603753263792128,neutral,0.4898631585877994
1271603753293144065,neutral,0.49789225920557484
1271603753389568005,negative,0.0832616067651975
1271603753616117762,negative,0.00019984109669266473
1271603753880346627,negative,0.03980030593590898
1271603754203316224,negative,0.030492220137437555
1271603754236891139,neutral,0.49789225920557484
1271603755226730497,negative,0.012676502386934916
1271603755478368257,negative,0.08677948931410025
1271603755482525696,negative,0.015311621205823477
1271603755717361665,negative,0.05670946645000067
1271603756040257536,negative,0.12391341008231757
1271603756673662976,negative,0.028488420650661404
1271603757416144897,negative,0.0009028042954317648
1271603757609103361,negative,0.01687832793969194
1271603757680414721,positive,0.8082347710787373
1271603757751709696,negative,0.07740486236626515
1271603757814632449,neutral,0.439589607984053
1271603758087180288,neutral,0.35138810142877774
1271603758263234560,negative,0.00018895445553569106
1271603758414299136,negative,7.2884477388465e-05
1271603758418530304,negative,0.00016628924848785266
1271603758535815172,negative,5.408819060316089e-05
1271603758670151680,negative,7.845510289372308e-06
1271603758867374081,neutral,0.3927679526421677
1271603759362314240,negative,0.00016628924848785266
1271603759383224320,negative,3.27760492428507e-10
1271603761740480514,negative,0.047788313615759144
1271603761891459079,negative,0.22727451274474617
1271603762164125697,negative,0.0006033113439926239
1271603762314874881,negative,0.09038507580680345
1271603762386305024,negative,0.0029617630826652124
1271603762881351682,negative,0.2116342426238279
1271603763028033536,negative,0.0005629299174020448
1271603763124543489,negative,0.21328566923942638
1271603763460128768,negative,4.758220544358925e-06
1271603763975983106,neutral,0.6194182476373967
1271603764047360001,negative,0.020985670651917962
1271603764340850688,neutral,0.52998752236538
1271603764454096898,negative,0.06511943671128845
1271603764554850307,negative,0.030376491298936097
1271603765787885568,positive,0.7493007141153053
1271603766027051008,negative,0.00010516954375082501
1271603766287126529,neutral,0.44196359691398207
1271603766408732672,negative,0.08002465081650481
1271603766605856769,negative,1.56260701404286e-05
1271603766727499778,negative,0.01606326909193472
1271603766744223745,negative,0.0013651081868890338
1271603767021129728,negative,0.014654807833006326
1271603767042064384,negative,4.40937372909515e-05
1271603767138562055,negative,0.0005358077387413497
1271603767247605760,negative,0.14893131294217962
1271603767381811202,negative,0.034779455107209166
1271603770061881344,neutral,0.3381189830050101
1271603770259132416,negative,0.1256518955108437
1271603770900852738,negative,1.0718456951620485e-05
1271603771227987968,negative,0.006769110446710621
1271603771299201025,negative,0.000912239688992045
1271603771408334850,neutral,0.437369725752128
1271603771597033472,negative,0.0030052964097848655
1271603772809191426,negative,0.0009175264165824337
1271603774440816640,negative,1.8066554511466122e-05
1271603774453317634,negative,6.746014266789122e-05
1271603774755307525,negative,0.00026891859107554424
1271603774780510209,negative,0.16666757311699068
1271603774906392577,negative,0.010947500080995359
1271603774952484865,negative,0.3155990631147836
1271603775107727360,negative,0.0615331638563064
1271603775271170048,negative,0.018943867753709574
1271603776223313925,negative,0.16841729920146856
1271603776760303618,negative,0.0832616067651975
1271603778295410688,negative,0.00019984109669266473
1271603778429435904,negative,0.00011341912160628809
1271603778584748032,negative,1.391661960090541e-06
1271603779100704768,negative,0.0034191302596708814
1271603779343802369,negative,1.657208914614082e-08
1271603779482406913,negative,0.22513179180885018
1271603779755036674,negative,0.08569628577464121
1271603780778426368,negative,0.00016628924848785266
1271603780803530752,negative,0.18422275898507876
1271603781273292802,neutral,0.34117024056417766
1271603782527283200,negative,0.01552788654488999
1271603782665846784,negative,0.0001372991342027409
1271603782766530560,negative,0.16407572091415107
1271603782787510272,negative,0.00011791760518418482
1271603783034904576,negative,0.09629898425341812
1271603783101972480,negative,8.589084956393062e-05
1271603783295012864,negative,0.008675271944755213
1271603783307493376,negative,0.005894416270567474
1271603783492083713,negative,0.002418228708076309
1271603783747792896,negative,0.008625248354844163
1271603784704196617,negative,1.7024992113409697e-05
1271603785190846465,neutral,0.6582643402168333
1271603785505353730,positive,0.6785308460858261
1271603785509593089,negative,0.00021486174134923317
1271603785631256582,negative,0.15853461679148867
1271603785694134272,negative,0.03840564920058137
1271603787204104197,negative,4.1018662848992355e-05
1271603787648598023,negative,0.20191376759993845
1271603787900354560,negative,0.06182806689660869
1271603787946393603,negative,0.007179808823568565
1271603788760190979,negative,0.048631689327132736
1271603788927979525,negative,0.18795859623648656
1271603789116641282,negative,7.2884477388465e-05
1271603789158584320,negative,0.0033309307955204214
1271603789288652800,negative,8.02497496147494e-06
1271603790869942277,neutral,0.6424110860400508
1271603791058649089,negative,0.01655022480749108
1271603791289352194,negative,0.006626029085976821
1271603791318724608,negative,7.2884477388465e-05
1271603791465496577,negative,0.18135203130807032
1271603792086282243,negative,0.11162762197975168
1271603792098836485,negative,0.004647067094510335
1271603792367071232,neutral,0.6307931538341343
1271603792518230019,negative,2.342822375314909e-05
1271603792887320580,negative,0.0694485464072126
1271603793365553153,negative,0.2793168272936149
1271603796087635969,negative,0.20186754572743498
1271603796406394881,negative,0.19115498583924112
1271603796729384961,positive,0.7314102226456616
1271603796842610688,negative,0.01552788654488999
1271603796880379912,neutral,0.47760839526369675
1271603797664636929,negative,0.19272371871752378
1271603797769490433,negative,0.18708717792582502
1271603797836484609,negative,0.24447104680354498
1271603797937266690,negative,2.3330555834868396e-09
1271603799266820099,negative,0.08002465081650481
1271603799342428165,negative,0.0012359037580937722
1271603799489208320,negative,0.18135203130807032
1271603799594094593,neutral,0.5277759842869705
1271603799887613953,negative,0.00016628924848785266
1271603799967268865,negative,0.03416143747831388
1271603800256720897,negative,7.704362118212568e-05
1271603800764276736,negative,0.13912907829249654
1271603801087229952,negative,0.0006212642497341478
1271603801531785216,neutral,0.3471587350631319
1271603801535983617,negative,0.012602357555795463
1271603802018385921,negative,0.004982586504289151
1271603802265849856,negative,0.1757295955700063
1271603802311974913,positive,0.6785308460858261
1271603802408398850,negative,0.011092231156777703
1271603803796779010,neutral,0.4507454498615163
1271603803830222850,negative,0.0052481037657638166
1271603803880595457,negative,0.30014570506861293
1271603804207808512,negative,0.0004712721767236093
1271603804316864512,negative,0.0005351132759893319
1271603804585197572,negative,0.027565523875858356
1271603804652425218,negative,0.08346383870731802
1271603804782428161,negative,0.027096375453988922
1271603806309101575,negative,0.10968444715585364
1271603806544039940,negative,8.887355458009728e-10
1271603806657220609,negative,0.015946341074103896
1271603806732771329,negative,0.02726162813814235
1271603807756173319,positive,0.813624217839597
1271603807928156166,neutral,0.6424110860400508
1271603808028811269,negative,0.05718288835033161
1271603808150454274,positive,0.7500377016963704
1271603808272072704,negative,0.0832616067651975
1271603808288866304,negative,0.0018836644112498178
1271603808548917249,negative,0.05479259030273839
1271603808984985600,negative,0.07979997240361188
1271603809052131337,negative,0.004372408182000144
1271603809475801089,negative,0.2013198904030459
1271603809685561346,negative,0.28689202034227634
1271603809731608579,negative,0.00011791760518418482
1271603809949802497,negative,0.00011661117984609478
1271603811845537792,negative,0.007599598437030047
1271603812281835520,negative,6.228718606594695e-07
1271603812537700353,negative,0.06778050974840834
1271603813086978048,positive,0.987243173798857
1271603813309386755,negative,0.14308527386746261
1271603813640630273,negative,0.026572187143815647
1271603813984677888,positive,0.7314102226456616
1271603814097960961,neutral,0.46580994113209095
1271603814341246977,negative,0.010702010985477352
1271603814609674240,negative,0.001869287112884431
1271603815771328513,negative,3.6955677291995728e-06
1271603816576753670,negative,0.0319832305431049
1271603816610349059,negative,0.08677948931410025
1271603816723410944,negative,0.005894416270567474
1271603816790659074,negative,1.4369133303213007e-05
1271603817826734080,negative,0.02191671216816986
1271603817877045248,negative,0.0031380462099212607
1271603817927315456,negative,0.027306211591214814
1271603818317246464,negative,0.2824876424311173
1271603818531258368,positive,0.7500377016963704
1271603818535563264,negative,0.00019984109669266473
1271603818745270272,negative,0.0015203913434989837
1271603818824941574,negative,0.10314861762569424
1271603818979946496,negative,0.0011476103271417274
1271603820355883022,negative,0.008778540264838717
1271603820364271616,negative,0.09632583051309793
1271603820372639744,negative,0.03518060885722172
1271603820397645824,negative,3.989741608300387e-06
1271603820582391814,negative,0.026102557911560516
1271603821513408512,negative,1.4186989520201003e-08
1271603821517684738,negative,7.2884477388465e-05
1271603822536855552,negative,0.0828404526834815
1271603822822150144,negative,0.0013327655293858542
1271603824520814593,negative,0.00016628924848785266
1271603824889925632,negative,0.00023882966192448517
1271603824894119936,negative,0.009573143840035447
1271603824915087360,negative,0.020985670651917962
1271603825225412610,negative,0.027994019961084117
1271603825330266113,neutral,0.33045001525632456
1271603825498095616,negative,0.03202174516230024
1271603826055929856,negative,0.031775113317289404
1271603826496176130,negative,0.0010899710314691692
1271603826756399105,negative,0.014592387966216947
1271603826957537280,negative,0.00016823968684374503
1271603827154849793,negative,0.03377850249797531
1271603828144705537,negative,0.012990095621005317
1271603828740235264,negative,0.0271165461827435
1271603829327495170,negative,0.0015425978250262452
1271603830099247105,negative,0.0041262470970027925
1271603830308962304,negative,0.0019204622659307138
1271603830724100097,negative,0.00023882966192448517
1271603830820614145,negative,0.0005330289711396502
1271603832942817280,negative,0.005392969421597986
1271603833018421251,negative,0.04305206939880702
1271603833949622275,neutral,0.5641156242479793
1271603834016731136,negative,0.31251327812974533
1271603834444492801,negative,1.56260701404286e-05
1271603835123888129,negative,1.1857237624525256e-05
1271603835216240640,negative,4.200220295080312e-05
1271603835656519682,negative,7.920732009380778e-06
1271603835706933249,negative,0.029390232212059084
1271603837623771142,neutral,0.3697674097288342
1271603837724434433,negative,0.00019984109669266473
1271603837774815232,negative,0.1258172326290387
1271603837875261441,negative,0.02879216010904455
1271603837888012288,negative,1.8066554511466122e-05
1271603838127149060,negative,0.012078235931190158
1271603838135435267,negative,0.2486640047527842
1271603838814957570,negative,0.008203132826013019
1271603838966026240,positive,0.9983075352990961
1271603839062495232,negative,0.020965330121750184
1271603841818034178,negative,0.0014265150665846013
1271603842061303813,negative,7.37922492671626e-05
1271603842287915015,neutral,0.437369725752128
1271603842547933185,negative,0.0009755811881193706
1271603842631819265,negative,0.0002906136769301884
1271603842858147840,negative,0.01552788654488999
1271603843227361282,negative,8.47956257986971e-09
1271603843755802625,negative,0.0031380462099212607
1271603844393373696,neutral,0.35451443008515343
1271603845752328196,neutral,0.49789225920557484
1271603846075174912,negative,5.656349763219473e-06
1271603846545104899,negative,0.00157921824750368
1271603846733799424,negative,0.015085497787000485
1271603846784188416,neutral,0.5844660558927414
1271603846901649409,negative,1.8066554511466122e-05
1271603847237193731,negative,0.000132376457949845
1271603847668961280,negative,0.0048031083353694045
1271603847719456769,negative,0.00016628924848785266
1271603848172523520,negative,1.5014959985348465e-05
1271603848273186817,negative,7.057381430586534e-06
1271603848336080896,negative,0.08002465081650481
1271603848386355206,negative,1.8066554511466122e-05
1271603849552211970,negative,6.236105015602125e-07
1271603850127060992,neutral,0.4513605618894927
1271603850299027459,negative,0.08000202738784179
1271603850756141057,negative,0.04666958279839493
1271603851599044608,negative,0.0001572934592044107
1271603852165423104,negative,3.262796994869556e-05
1271603852584894466,negative,0.06116452800873412
1271603853859962881,negative,0.005211875406557932
1271603854354808838,positive,0.9997585678287121
1271603854891679745,negative,0.0001631268377899169
1271603854979870721,negative,0.026469258198538563
1271603854996537344,negative,1.1521101936796828e-05
1271603855114067968,neutral,0.5844660558927414
1271603855256629256,negative,0.1728349785919146
1271603855470493697,negative,0.0016737896560586971
1271603856300965889,negative,0.0006975929141055585
1271603856322056194,negative,0.29453685752761255
1271603858159153158,negative,0.002395107361095619
1271603858565824513,negative,0.0049024829505844945
1271603859564179456,negative,1.3463055988973936e-06
1271603859572559872,negative,0.014217891247721407
1271603859849437186,negative,1.8066554511466122e-05
1271603860533100545,negative,2.5144893589907698e-05
1271603860675727361,neutral,0.3353500257179539
1271603860918792192,negative,0.021976590377649378
1271603861275492352,negative,0.026615173795510632
1271603862118584324,negative,0.008090216667089539
1271603862252785665,neutral,0.437369725752128
1271603863171354627,negative,0.08881289347627533
1271603863406161921,negative,0.00042689959324919305
1271603863594979328,positive,0.8523812924871951
1271603863678857217,negative,0.01250752310218787
1271603863733374978,negative,0.0003819118670963454
1271603866555936768,negative,0.00013233913933391087
1271603866837098496,positive,0.8824757861350008
1271603866895708160,negative,0.00957150223996344
1271603867168509952,neutral,0.33259098284980876
1271603867483082752,positive,0.8785031404427778
1271603867600465925,negative,0.0014849680179610566
1271603867697000448,negative,0.15894838135266348
1271603868078661632,positive,0.9909425043737482
1271603868388990977,neutral,0.4461733275406525
1271603868388995072,negative,0.022044230422940722
1271603868418412544,negative,0.050434232328243456
1271603871249555459,negative,0.001434014285679213
1271603872042278916,negative,0.018263572970062283
1271603872100909058,negative,0.026102557911560516
1271603872562176000,negative,0.0971627910497025
1271603872742678528,positive,0.9138073583765428
1271603872906326016,negative,0.23923325162317483
1271603873640259584,negative,0.0052481037657638166
1271603874470727680,negative,0.001435045443247043
1271603874797965319,negative,0.27713283053988486
1271603874957328385,negative,1.0484947292261371e-09
1271603874982432773,negative,0.0008659915864473554
1271603875246735361,negative,0.013173214848810571
1271603875456462854,negative,0.08663644888339714
1271603875720675328,negative,0.13436796389140312
1271603875754246145,negative,4.306354617242347e-05
1271603876265889798,neutral,0.35451443008515343
1271603876358209536,negative,0.26812582956602965
1271603877272530945,negative,0.1054220249376492
1271603877331308545,negative,0.0026474266740773504
1271603877629112320,negative,0.2836877314068293
1271603879071768576,negative,0.0585301424596441
1271603879088709632,negative,2.4280047405361685e-09
1271603879956922368,neutral,0.4545729117725756
1271603880128909313,negative,0.022210657842835234
1271603880254717959,negative,9.208034378177232e-05
1271603880648781824,negative,1.8066554511466122e-05
1271603880703361030,positive,0.7711265741656624
1271603881257193474,negative,0.1896160945619345
1271603881378746370,negative,0.005894416270567474
1271603881584332806,negative,0.026102557911560516
1271603883668844546,negative,0.02301667247206716
1271603883752685569,positive,0.6811278137961722
1271603883819913217,negative,0.003879911221391625
1271603883895402496,negative,0.002244409845045471
1271603884356784128,negative,0.07616471535994175
1271603884377747456,negative,0.02761977760557691
1271603884629413888,negative,0.014760537344916553
1271603885380157440,negative,0.00010015157584620417
1271603885531152386,negative,0.0002262406928320146
1271603885615058944,negative,0.09479322597697783
1271603887426998272,negative,0.31871696675416167
1271603889146650624,negative,2.7044474308368366e-05
1271603889356374016,negative,0.002402106420951482
1271603889393897472,negative,0.017869101204531855
1271603889519726593,negative,1.8066554511466122e-05
1271603889851301888,negative,0.008021642346070666
1271603891503849473,positive,0.8316100353582493
1271603891818229760,negative,0.02395997126309795
1271603891931504641,negative,0.0005085798840247583
1271603892250345473,negative,0.0020916589813277414
1271603892682293248,negative,0.01552788654488999
1271603892703440896,negative,0.00020238638988344894
1271603893089206274,negative,0.02726162813814235
1271603893282226176,negative,0.005894416270567474
1271603893651361792,negative,1.0915873037513454e-10
1271603893705814021,negative,0.04745577454064255
1271603894045589505,negative,0.021679742555532663
1271603894112698368,negative,0.11572948827861469
1271603894184022016,negative,0.10438872227708768
1271603895790440448,negative,0.011764407037257
1271603896251756545,negative,0.004652211087400809
1271603896566403072,negative,0.004170513126696329
1271603896688001024,negative,0.14308527386746261
1271603896725766144,negative,7.2884477388465e-05
1271603896952279040,negative,0.006492069846530708
1271603897048739841,negative,0.00020588847968821628
1271603897061249029,negative,0.2824876424311173
1271603897535213570,negative,0.008798432792496822
1271603897568768000,negative,0.0006330702245099921
1271603897841471493,negative,0.14106864917208103
1271603898139238400,negative,1.985921928177186e-07
1271603898248200192,negative,1.3604982269874283e-06
1271603898491572229,negative,2.5596142971319136e-06
1271603898495766535,negative,0.0125334757023024
1271603898508288005,negative,0.0002558508086955222
1271603898587975680,negative,1.1522453021515388e-07
1271603898655084551,negative,0.11142207120075065
1271603899884023810,negative,0.00027382007603041545
1271603899888275458,negative,7.812582153769906e-05
1271603899925966848,negative,0.002395107361095619
1271603900022509570,negative,0.0005955793925200283
1271603900391579648,negative,7.726090571122529e-07
1271603900823621633,negative,0.012676502386934916
1271603900911685632,neutral,0.5078939889731962
1271603901255561217,negative,0.01786866897430779
1271603901683433472,negative,0.03416143747831388
1271603901687566336,negative,2.525864974800626e-05
1271603901825941504,negative,0.026091745880890922
1271603901826060290,neutral,0.6579729128516124
1271603902182494210,negative,1.5164758350322127e-12
1271603902316765184,neutral,0.6582643402168333
1271603902958493697,negative,0.02282647380578316
1271603904460066819,negative,0.2486640047527842
1271603904640360449,neutral,0.46127768308170247
1271603904703279109,negative,0.0028395040280581236
1271603904741027841,negative,0.018365593585203184
1271603904745074689,negative,0.14347523238446636
1271603904904671232,neutral,0.34546092169515824
1271603905147875328,negative,0.08611286866235619
1271603905479180288,negative,0.13379357294161928
1271603905617682434,negative,0.010741929144073329
1271603905747734529,neutral,0.437369725752128
1271603906104242176,neutral,0.49206108799535125
1271603906691375106,negative,0.18708717792582502
1271603907123388416,positive,0.6801874660219824
1271603908499189762,negative,0.28112816092110127
1271603908536864768,negative,0.0005125483820286293
1271603908566106112,neutral,0.6388733437275337
1271603908708839431,negative,0.0023864531750042895
1271603908864065538,negative,0.22837458946902603
1271603908943716352,negative,0.05817995923428874
1271603909048569856,negative,0.16863807278512583
1271603909564522502,negative,9.447853669966019e-08
1271603909837099010,negative,6.547150004312279e-07
1271603910025842695,positive,0.7807983905760969
1271603910126559232,negative,0.17030831576539124
1271603910130556930,negative,0.2585316367003278
1271603910512381953,neutral,0.37137062280538924
1271603910801752064,negative,0.002395107361095619
1271603912617783301,positive,0.7117320897040385
1271603912647335938,negative,0.0018903419073713964
1271603913200939013,negative,0.16775993918114807
1271603913452589056,negative,4.40937372909515e-05
1271603913704247296,negative,0.0271165461827435
1271603913712709635,neutral,0.437369725752128
1271603913842663427,neutral,0.49789225920557484
1271603913846898690,negative,0.0032775605287930854
1271603913914028037,negative,0.16863807278512583
1271603914010439690,negative,0.00011791760518418482
1271603914127835136,negative,0.3215874951770725
1271603914283134984,neutral,0.5614152023143125
1271603914849374208,negative,0.14638975429083304
1271603914895495168,negative,0.32620683154629054
1271603916933943296,negative,7.896655954576735e-05
1271603916975808512,negative,0.03738503359409026
1271603917558878212,negative,0.1977764063844835
1271603917802127360,neutral,0.46932068751348016
1271603917986594820,negative,3.322907079691188e-08
1271603918284288000,positive,0.7878984431607639
1271603918393442304,negative,0.0009150353363496623
1271603918531895296,negative,7.302578667359781e-07
1271603918641004545,negative,0.09629898425341812
1271603919064621056,positive,0.7842586057601225
1271603919165304832,negative,0.028431595891872056
1271603919505031168,neutral,0.46890531756305875
1271603920855498752,negative,0.00028071451690032695
1271603921002344449,negative,0.03980030593590898
1271603921627348992,negative,0.31732489718339985
1271603921774051330,negative,0.0003291735782151038
1271603921841197057,negative,1.8241648747990062e-05
1271603922008977408,negative,0.0048031083353694045
1271603922201907200,negative,7.2884477388465e-05
1271603923112153088,negative,0.10352793160984738
1271603923187613702,negative,0.005626392366426678
1271603923279896578,negative,0.06425795079597196
1271603923498029056,negative,0.0016040571454872669
1271603923930005509,negative,0.1493343135435531
1271603924227829760,negative,0.0022064834697839014
1271603925494489093,negative,0.005894416270567474
1271603925918142471,negative,0.0011476103271417274
1271603925934911499,negative,0.2726868148929133
1271603926849269761,negative,0.08000202738784179
1271603926891139073,negative,0.028431595891872056
1271603927277068296,negative,0.00019984109669266473
1271603927302254592,neutral,0.5215344037405059
1271603929466449920,positive,0.8327266241881089
1271603929747468288,negative,0.008245074863351218
1271603930074509312,negative,1.8066554511466122e-05
1271603930720604162,neutral,0.3381189830050101
1271603932046004224,neutral,0.40009458467445147
1271603932243116033,negative,0.008446162008571439
1271603933480394754,negative,1.4282680352932503e-05
1271603933589446658,negative,0.03893372714627699
1271603933740400646,negative,0.08951509047948297
1271603934168219648,negative,0.002671403393780663
1271603934642176000,negative,1.019322437268821e-06
1271603935103631365,negative,0.005894416270567474
1271603935128756225,negative,0.012990095621005317
1271603935896371207,negative,0.296796676320169
1271603936085114887,negative,0.002402106420951482
1271603937603452928,negative,0.012062129576155765
1271603937729183746,negative,0.029293749788044776
1271603938031214604,negative,0.008163355571009761
1271603938102407169,negative,2.9039222019563666e-08
1271603938454839297,negative,0.0006231497894395036
1271603939469692928,neutral,0.6404664096554347
1271603939553824769,negative,0.10397805808801133
1271603940036087808,negative,6.871053703460927e-05
1271603940073844739,negative,0.0032397528512416673
1271603940174462976,negative,0.22513179180885018
1271603940417773569,negative,0.06656437044045363
1271603940757561344,negative,0.002402106420951482
1271603942544343041,negative,0.2824876424311173
1271603942707941377,negative,1.8145545526191618e-09
1271603942921814017,negative,2.010048050496408e-06
1271603943181860872,negative,0.06425795079597196
1271603943769071616,negative,0.0002202126418178924
1271603943936790529,negative,4.50491123474092e-05
1271603944179957761,negative,0.27292421987320603
1271603944184217602,negative,1.8066554511466122e-05
1271603945924935682,negative,0.3029968537174699
1271603946205962240,negative,0.007954934633077601
1271603946390503427,negative,0.0056110453144678435
1271603946759413760,negative,0.01394224286192618
1271603947632054276,neutral,0.4737554465528978
1271603950463209472,negative,0.16181369063462486
1271603950727434243,negative,0.25958497012839765
1271603951209779201,negative,0.1209971878130981
1271603951935328258,negative,0.032019043249208116
1271603952673587200,neutral,0.6547637507585339
1271603955102101504,negative,0.010637754603264047
1271603955399868416,negative,6.898181232754515e-05
1271603955714457601,negative,0.001842031509920941
1271603955936698368,negative,0.0005330289711396502
1271603956695945222,negative,1.8066554511466122e-05
1271603956804997126,negative,0.21131799118011757
1271603958755274754,negative,0.0005351132759893319
1271603959170465792,negative,0.00018854163197819284
1271603959237574657,negative,0.3040949491800166
1271603959489331200,negative,0.238427545908539
1271603959531257857,negative,1.8066554511466122e-05
1271603960143626241,neutral,0.35629046916267293
1271603960219140096,negative,0.18189696381783874
1271603960252686337,positive,0.6783691417468047
1271603961288691715,negative,2.0069419736023864e-08
1271603963117424641,negative,0.0011308234490000914
1271603963129970692,negative,0.0012767735019782135
1271603963821883392,positive,0.8096813988578614
1271603963964657667,negative,0.14867122440653568
1271603964329496578,negative,0.32584997425040324
1271603964614782979,negative,0.00014840749909568357
1271603964853788674,negative,0.056196285471311905
1271603964908273665,negative,0.002014998529721484
1271603964908273666,negative,0.05092065328822527
1271603965063561216,negative,0.023758272987789788
1271603965415677952,negative,1.176706131424099e-05
1271603965524836356,neutral,0.6330455584487023
1271603967068274688,negative,0.18693584956905138
1271603968846815234,neutral,0.5094785501264981
1271603969081704453,neutral,0.437369725752128
1271603969236758528,positive,0.8391948878453833
1271603969282826240,negative,0.0009472082622539038
1271603969295634432,negative,0.0012359037580937722
1271603969874448385,negative,0.007954934633077601
1271603969991860224,neutral,0.3381189830050101
1271603971724054534,negative,0.26812582956602965
1271603971795214337,negative,0.2369944225306557
1271603972478914560,negative,1.8066554511466122e-05
1271603972856598530,neutral,0.5070415181284574
1271603973519298562,negative,0.015654864710213757
1271603973598871552,negative,0.002671403393780663
1271603973737402368,positive,0.9556858708304484
1271603975561842691,negative,0.2883878872880984
1271603975570235393,negative,0.0010643594707194018
1271603975620562944,neutral,0.4814216422911448
1271603975939411968,negative,0.005894416270567474
1271603976694358017,negative,1.8066554511466122e-05
1271603976782270464,negative,0.002690376636190011
1271603976891482112,negative,0.003460326179390554
1271603977453473793,neutral,0.3904135734466044
1271603977587699712,negative,0.0018836644112498178
1271603980033044481,negative,0.0005358077387413497
1271603980070682629,negative,0.0010544497805837873
1271603980179816451,negative,0.04251423792646359
1271603980267896832,negative,0.010107625725569341
1271603980477571080,negative,0.011805339488363294
1271603980494397440,negative,0.005894416270567474
1271603980519575553,negative,5.227379344873984e-06
1271603981479862273,negative,0.0017380276195492809
1271603981689782273,negative,0.021603191415718308
1271603981819707393,negative,0.006530412676232573
1271603983866617857,negative,0.014592387966216947
1271603984386711552,neutral,0.49789225920557484
1271603985221369862,negative,0.3040949491800166
1271603985489833984,neutral,0.3381189830050101
1271603985804406784,negative,0.22866131984486565
1271603988153106432,negative,0.003592961312221011
1271603988643938306,neutral,0.4670100671583925
1271603989340094466,negative,0.020984889765180648
1271603989495394305,negative,0.0006231497894395036
1271603989717626881,negative,0.00979074298265704
1271603990673973251,negative,0.04622896572256117
1271603990787239938,negative,0.03666268671449341
1271603991114285057,neutral,0.35451443008515343
1271603991516938240,negative,0.000132376457949845
1271603991789649921,negative,0.09632583051309793
1271603993169592322,neutral,0.46127768308170247
1271603994050396161,negative,0.12638575508756936
1271603996726157316,negative,0.07152762509154904
1271603996915126272,negative,1.8640813909346823e-13
1271603997154127872,negative,9.780990879550621e-10
1271603997611192320,negative,0.06842503420026794
1271603998295015432,negative,0.020443019339686352
1271603998575886336,negative,0.007025989248332313
1271603998693429249,positive,0.7351384181249209
1271603998739640322,negative,0.05610309040052827
1271603998848475137,negative,0.001842031509920941
1271604001306484737,negative,0.10326445295892163
1271604001633636352,negative,6.807255440551059e-06
1271604001788899329,positive,0.6732198465200283
1271604001956679680,negative,1.56260701404286e-05
1271604001960853518,negative,3.1967562606611574e-05
1271604002233384963,neutral,0.6194840187767974
1271604002707439618,negative,0.0023170344461177867
1271604003428634624,negative,0.10865489559147104
1271604003709890561,neutral,0.34117024056417766
1271604003734986752,negative,0.00019984109669266473
1271604004951392258,neutral,0.3725458233667465
1271604005244792833,negative,0.06656437044045363
1271604005513433091,negative,0.1534740462565874
1271604005676953601,positive,0.997126995515298
1271604005681201152,negative,0.27292421987320603
1271604005978828800,neutral,0.5674748988285784
1271604006377402368,negative,0.31112750843044895
1271604006482255872,negative,0.0005351132759893319
1271604006524268544,negative,0.015661262735491132
1271604006679310337,negative,0.00023257576639207375
1271604006704594944,negative,0.014592387966216947
1271604009221193734,neutral,0.49789225920557484
1271604009397358594,negative,0.0004013529115535707
1271604009430892551,neutral,0.34117024056417766
1271604010005528577,negative,0.0006108154230050359
1271604010408185867,neutral,0.6129645931807741
1271604010689142784,negative,0.19530784977723603
1271604010773069824,negative,0.046484769731093445
1271604011330920448,negative,0.07566989475836321
1271604011947433987,negative,0.0004299763539907078
1271604012048158720,negative,0.00011341912160628809
1271604014212239361,negative,2.45683718380303e-09
1271604015500005376,negative,0.11345308915253484
1271604015671828483,negative,1.56260701404286e-05
1271604015776894976,negative,0.0012359037580937722
1271604015906697217,negative,0.24190043021159235
1271604017681043456,negative,1.8066554511466122e-05
1271604018587095046,negative,0.006417311871387404
1271604018767433728,neutral,0.5256040078125883
1271604019094577152,neutral,0.5499757213903295
1271604019316867072,negative,0.012447427632221408
1271604019849572352,negative,0.01879425341181135
1271604020424192002,negative,0.24190043021159235
1271604020457635840,negative,0.2310619415928183
1271604021845995522,negative,0.002547343254792422
1271604021879623680,negative,0.08818161423987897
1271604022349377536,negative,6.554817388129604e-08
1271604022470782977,negative,0.01552788654488999
1271604022823321602,negative,0.00016397075895749168
1271604022907219969,neutral,0.49327136501703633
1271604022957477888,negative,5.4384303547585064e-05
1271604023058149376,negative,0.0002336817165737692
1271604023372677121,negative,0.29882877204505387
1271604023448256512,negative,4.076775671873651e-05
1271604023511052288,negative,0.0004432138819080944
1271604024115167232,neutral,0.5635907821093047
1271604025847427074,positive,0.8824757861350008
1271604025864192003,neutral,0.3485752753154611
1271604025914544128,negative,4.901758492414421e-08
1271604026124242944,negative,0.020317130529569682
1271604026233303040,negative,0.021873131606606658
1271604026577244160,neutral,0.5586274034083963
1271604026820505600,positive,0.684687678208344
1271604027109883905,negative,0.00012358293547957858
1271604027340591104,negative,0.004304988170931951
1271604027348774912,negative,0.03402056600955099
1271604027927789571,negative,0.04636832371488807
1271604028108128256,negative,0.16841729920146856
1271604028229799936,negative,0.0662937591815175
1271604028548378626,negative,0.002683403453790307
1271604029232160770,negative,0.0007575675736602484
1271604030100451331,negative,3.262796994869556e-05
1271604030352117760,negative,0.00360604252663834
1271604030519816194,negative,1.69597407704258e-05
1271604030700244994,neutral,0.6300944948338142
1271604031228706818,negative,0.27292421987320603
1271604031497080832,negative,0.10326445295892163
1271604031539027969,negative,0.18559197711064812
1271604031589416963,positive,0.6809090327528422
1271604031677489152,negative,0.16611168829118567
1271604032168235009,negative,0.22144857621816272
1271604032768000004,negative,0.10126277536745418
1271604034747674626,negative,0.002671403393780663
1271604035024494594,negative,0.017190274650207574
1271604035456569344,neutral,0.46127768308170247
1271604036672708608,negative,0.0005330289711396502
1271604038593851393,positive,0.7592937526464564
1271604039294152705,negative,0.305247556962641
1271604039369854979,neutral,0.46127768308170247
1271604039608930305,negative,0.026594391015495343
1271604039646687233,negative,0.022239639193932088
1271604039898345472,negative,0.037923919074804614
1271604040602976257,negative,0.0678165372337791
1271604042653933570,negative,0.19914722629749806
1271604044071608323,negative,0.24257369881389068
1271604044579188736,negative,0.05610309040052827
1271604045170585602,negative,1.2955852380795956e-05
1271604045518647297,negative,0.02326228288458376
1271604047074791425,negative,4.40937372909515e-05
1271604047108284417,neutral,0.3381189830050101
1271604049750691845,negative,0.00016100482880607227
1271604049830383616,negative,3.916612462059164e-05
1271604050967048192,neutral,0.34117024056417766
1271604051634016256,negative,0.012394234478252107
1271604051931803648,negative,0.00012035958397278264
1271604052158304263,negative,8.819110478607751e-06
1271604053190029312,negative,0.002647930587441848
1271604053340876800,neutral,0.3883998902985792
1271604055857651712,neutral,0.49789225920557484
1271604056612618242,negative,0.10179370736767526
1271604056931405824,negative,0.005894416270567474
1271604057174573056,neutral,0.36434125657219296
1271604057212420097,negative,0.17971576328010624
1271604060358160385,negative,0.0005351132759893319
1271604061633011720,negative,0.29675754591222325
1271604063856181254,negative,0.033398492350208156
1271604063986122752,negative,0.17309034206570623
1271604065919741955,negative,0.0005351132759893319
1271604071942819846,negative,0.2614393102045018
1271604073381482504,negative,0.10276276288874499
1271604073565958147,negative,1.8066554511466122e-05
1271604074111275009,negative,4.40937372909515e-05
1271604075080155136,negative,0.002014998529721484
1271604077659643908,negative,0.22513179180885018
1271604077911252993,negative,1.69597407704258e-05
1271604078485929986,negative,0.32820856079107635
1271604080184635394,negative,0.02541700250088748
1271604080834686977,negative,0.00012038672450050088
1271604084458520576,negative,1.3853931157500259e-06
1271604084550836224,negative,0.25947272540011757
1271604084613828608,positive,0.7342889744533279
1271604085884628993,negative,0.00031004621056320524
1271604093543485441,positive,0.987742108941761
1271604094776619008,positive,0.7032100020467529
1271604095414140928,neutral,0.5846190691681313
1271604095560724482,negative,2.392173177867841e-05
1271604097364496385,negative,0.010147272731134666
1271604098283044865,negative,0.00024614256508499337
1271604099197423616,neutral,0.5659329661224951
1271604099729903616,negative,1.8066554511466122e-05
1271604100204019713,negative,0.012676502386934916
1271604101944573955,negative,0.08002465081650481
1271604102305284096,negative,0.18274656064760486
1271604102447992832,negative,1.3246117043244962e-05
1271604102968086528,negative,0.14308527386746261
1271604103043354625,negative,0.0002558508086955222
1271604104255717376,negative,0.0049024829505844945
1271604106830983168,negative,0.004043782203207689
1271604107879559169,negative,0.10944623756444331
1271604108726808579,negative,0.009675947035693862
1271604108823322624,negative,0.32620683154629054
1271604110471634944,negative,0.0025029464301735667
1271604110677196800,negative,3.372830916613846e-05
1271604111230881793,positive,0.7781647983588957
1271604112413646849,negative,9.250877231731503e-05
1271604112530997250,negative,0.06941873380859384
1271604112661123073,negative,0.00016628924848785266
1271604113986531329,negative,0.006116635385121882
1271604114267484160,negative,0.004177207747894189
1271604114514993152,negative,0.029459991800648205
1271604114682765318,negative,3.0962552911531483e-12
1271604114955341825,negative,0.06813983420654068
1271604115102142465,neutral,0.3760741904773604
1271604115198455810,negative,0.00012989962803287774
1271604115198611456,negative,0.07609823327656848
1271604115353874436,negative,0.014991899094609436
1271604115706183680,negative,2.664669099210336e-07
1271604118067597312,negative,0.010051527290742237
1271604118214381569,negative,0.01552788654488999
1271604118503723008,neutral,0.3381189830050101
1271604118545711105,negative,0.00023909490136337388
1271604119925555200,negative,0.018720000499947858
1271604120370253825,negative,6.50262198450383e-07
1271604122287058944,negative,0.00159540721985838
1271604122505093122,negative,0.0005358077387413497
1271604123146862592,negative,0.0010643594707194018
1271604123234979840,negative,0.05608214344296746
1271604123650195457,negative,0.002671403393780663
1271604123951960064,negative,0.19458465843081368
1271604124082200581,negative,6.958529520002451e-06
1271604124124151809,negative,0.002244409845045471
1271604124396773377,negative,2.5667031585027306e-18
1271604127232114689,neutral,0.49789225920557484
1271604127349575680,negative,4.40937372909515e-05
1271604130876973057,negative,0.0063698643765083655
1271604130889564160,negative,0.020612351152612285
1271604131652866048,negative,2.0314056196711032e-06
1271604132185505792,positive,0.7760958457010583
1271604132252725248,negative,4.40937372909515e-05
1271604132613423105,neutral,0.49789225920557484
1271604132655149056,negative,0.030376491298936097
1271604136853884929,negative,0.016778823495881307
1271604136925159424,negative,2.011746142905356e-06
1271604139047432192,negative,0.005894416270567474
1271604139240435712,negative,7.393428579463983e-05
1271604139722760193,neutral,0.4774644899510153
1271604140863631362,negative,0.25947272540011757
1271604143342436353,negative,0.0005351132759893319
1271604143841521664,negative,0.02726162813814235
1271604143849984002,neutral,0.3974519966569177
1271604144315473921,negative,1.8066554511466122e-05
1271604145213112320,neutral,0.437369725752128
1271604147830304771,negative,0.014683389588552323
1271604149210296320,negative,0.0019517780137528588
1271604149319319552,negative,1.56260701404286e-05
1271604151957454849,negative,0.014683389588552323
1271604152297291777,negative,0.0005240728511589916
1271604152481787913,negative,0.03559120771227771
1271604152662097921,neutral,0.3347767098503844
1271604154121752576,negative,0.05183057831536687
1271604154260246529,negative,0.00014840749909568357
1271604154864218113,negative,1.457237922013405e-07
1271604156168454145,negative,0.004177207747894189
1271604156600668165,negative,0.30555579990975373
1271604156982333441,negative,1.4369133303213007e-05
1271604157082984455,positive,0.7878984431607639
1271604157582114819,positive,0.8824757861350008
1271604157707890693,neutral,0.3751346193176845
1271604157812744192,positive,0.7364256371086986
1271604158320254977,negative,0.0009373853263303098
1271604158706180110,negative,0.002671403393780663
1271604158764929024,negative,0.018263572970062283
1271604159092047878,negative,0.002671403393780663
1271604160362885120,negative,0.2819935936312681
1271604160711065601,negative,0.008423410751575657
1271604161004650500,negative,0.0049024829505844945
1271604162489454592,negative,0.16181369063462486
1271604162732720136,negative,0.007342902430089088
1271604162921476097,negative,1.4282680352932503e-05
1271604164347428870,neutral,0.34117024056417766
1271604164972380162,negative,0.007310876104286899
1271604166297870336,negative,0.056318907672974004
1271604166608248832,negative,0.07481806293871453
1271604168369766400,negative,0.02428248049254861
1271604168927653889,negative,0.016960855446159082
1271604169049362442,negative,2.6172398165698245e-08
1271604169519104000,negative,0.001692668414928518
1271604169774899206,neutral,0.3381189830050101
1271604170051719168,neutral,0.3381189830050101
1271604170554920960,negative,0.007012448520741336
1271604170601054208,negative,0.027306211591214814
1271604170613755904,negative,0.2504270893075993
1271604170680909825,negative,0.007342902430089088
1271604171041431553,negative,0.002584113432613311
1271604172887031809,negative,0.30496032942923534
1271604174036389889,negative,0.2423558691565188
1271604174237597696,negative,0.00021323646588724418
1271604174375936000,negative,0.13694933918304536
1271604174912925696,negative,1.457237922013405e-07
1271604176955604999,negative,0.01786866897430779
1271604177077178368,negative,0.03833397652891995
1271604177219866624,negative,5.543949992676694e-07
1271604177316261893,negative,0.21057694035351035
1271604177488281601,negative,0.0031975490400159975
1271604177962229760,negative,0.11177006632071497
1271604178289405952,negative,1.457237922013405e-07
1271604179249836041,negative,0.0019702562773176975
1271604179296018432,negative,0.28112816092110127
1271604179501494272,negative,1.8066554511466122e-05
1271604179509948418,negative,6.126192052557634e-12
1271604180025774080,negative,0.018231076434766017
1271604181158318080,negative,0.0005358077387413497
1271604181300895744,neutral,0.4399607863895587
1271604181397315585,negative,5.5715646012312354e-05
1271604182903111686,neutral,0.60143295910391
1271604182978617344,neutral,0.38219604004117014
1271604183511293953,negative,0.0009028042954317648
1271604183557386240,negative,0.0022396565939442623
1271604184945774593,negative,3.5193233384739946e-05
1271604185478414343,neutral,0.6313169041010963
1271604185520316418,negative,9.09654557292609e-06
1271604186082357252,negative,0.0006016850917875224
1271604186183016448,negative,0.013598160787417896
1271604186644385792,negative,0.01879425341181135
1271604187520995333,negative,0.0003526290050985813
1271604187747561472,negative,0.014592387966216947
1271604189668532225,negative,0.007892749859270635
1271604189672677376,negative,6.617294604914129e-05
1271604190431924227,negative,0.027306211591214814
1271604190771642368,negative,0.046484769731093445
1271604190939406336,neutral,0.45715098558588957
1271604191077765121,negative,0.12040489496069662
1271604191279165444,negative,0.2976487403988343
1271604191367245825,negative,0.009121143975876439
1271604191585120256,negative,0.028648481905529474
1271604191702720513,negative,0.0006212642497341478
1271604191778295808,negative,0.17521052049565328
1271604191903940608,negative,0.013344016702077495
1271604193560797186,neutral,0.48773238291385845
1271604193816608768,negative,0.038824173382118896
1271604194210914306,negative,0.15797133755319195
1271604195112738817,negative,0.009343689406082534
1271604195506839552,neutral,0.34117024056417766
1271604195569872896,negative,0.0013876501219581817
1271604195880316930,negative,0.06541974318929474
1271604195976785921,negative,0.19321916606912493
1271604196010311680,negative,0.03840564920058137
1271604196043784194,negative,0.0004821863431033923
1271604198065528833,negative,0.11039593456744098
1271604198459703297,negative,0.13921610422693395
1271604198459813889,negative,0.13314645086739454
1271604199080460289,negative,0.2974462348277783
1271604199760019459,negative,8.138092571967198e-05
1271604202654117888,negative,0.0007410882883592059
1271604202742190080,negative,0.00040417110933076573
1271604203312623618,negative,0.00023882966192448517
1271604204218519562,neutral,0.4421162128546157
1271604206143766529,negative,0.010702010985477352
1271604206848352262,neutral,0.49789225920557484
1271604207217528832,negative,0.00019894404832740268
1271604207699873792,negative,0.13379357294161928
1271604207708233731,negative,0.08555348282348872
1271604207943135233,negative,0.07977979487627922
1271604208341401600,negative,0.10329182763909436
1271604208685527041,negative,0.0006353161916108383
1271604210765717505,negative,0.008713795688569186
1271604210996559873,negative,0.029459991800648205
1271604211000791042,negative,0.02015525802100196
1271604211072057352,negative,0.018231076434766017
1271604211902566401,negative,0.1256518955108437
1271604212082900993,positive,0.9279136590801355
1271604212141621248,negative,0.14639319670833195
1271604212221145090,negative,0.06654094444865617
1271604212313534464,negative,0.00010538952148332102
1271604215933210625,negative,0.016748851911337282
1271604216084271105,negative,0.24190043021159235
1271604216742772736,negative,0.0016794949495524075
1271604216851771392,negative,0.29922076576037687
1271604217510350848,negative,0.1256518955108437
1271604218789605377,negative,0.0054193948841475045
1271604219267764224,negative,0.06138095024089372
1271604219418677250,negative,0.3045644229236403
1271604219531931650,negative,0.005479099288117338
1271604220127576064,negative,0.0004013529115535707
1271604220571971584,negative,7.291213012961337e-07
1271604220584656898,negative,0.0014534938976559968
1271604220857376769,negative,0.21892791194398373
1271604221352304640,neutral,0.37770185056749606
1271604223105552384,negative,2.0287881980600272e-06
1271604223256547330,negative,0.025152324668022856
1271604223407513601,negative,0.0036193436979366244
1271604224116297728,negative,0.00027382007603041545
1271604224279764992,negative,2.627563874104287e-06
1271604224678260737,negative,1.1200603033493258e-07
1271604225366085635,negative,0.13746952391875583
1271604227111034883,negative,1.8066554511466122e-05
1271604227257876480,negative,1.8964756490125952e-10
1271604228323147776,negative,0.028431595891872056
1271604228683960320,negative,0.2042517137896546
1271604228864303104,negative,0.0013453102198115196
1271604229090635777,negative,0.01552788654488999
1271604229103325184,negative,0.0056842301224585366
1271604229262598144,negative,0.021976590377649378
1271604229489209344,negative,0.1398072778913167
1271604229698998274,positive,0.9625664265666044
1271604229745053704,negative,4.87482078471794e-08
1271604229925416960,negative,0.001430536515251317
1271604230537777152,neutral,0.437369725752128
1271604230743359489,negative,0.3040949491800166
1271604231292796929,negative,0.08578352535486854
1271604231850557440,neutral,0.49789225920557484
1271604232634933252,negative,0.21921412548362115
1271604233519972353,negative,0.0010033410433637482
1271604233729646592,negative,0.08259664052981665
1271604235847626752,negative,0.021359055967620885
1271604235864551424,negative,1.5795908605519077e-05
1271604236070137856,negative,0.013722089811662992
1271604236233695232,negative,0.02428248049254861
1271604236464381965,negative,0.26812582956602965
1271604236695076865,negative,0.1906798738078689
1271604237278027781,negative,0.01655022480749108
1271604238578311169,negative,0.00020385062827719643
1271604240134418432,negative,0.000912239688992045
1271604241065562112,negative,0.004199007223133267
1271604241149448192,negative,0.09038507580680345
1271604241321398276,negative,0.001842031509920941
1271604241556295682,negative,0.01786866897430779
1271604243955355649,positive,0.9983075352990961
1271604243980566531,negative,0.0049024829505844945
1271604244399915008,negative,1.67824124727267e-05
1271604244999811072,neutral,0.5357723395704971
1271604245280829444,negative,2.864760998472718e-07
1271604245440192514,negative,0.00983557703234398
1271604246027423747,negative,0.005364431360635184
1271604246207758336,negative,0.02428248049254861
1271604249017880578,neutral,0.3723346670655177
1271604252646014980,positive,0.9542043903517397
1271604253208072192,negative,0.003717021576752413
1271604253254012929,negative,1.8066554511466122e-05
1271604253258326016,negative,0.043993751196190985
1271604253987966977,negative,0.03853182978417251
1271604254604775425,negative,0.0029603755942041385
1271604256492015616,negative,1.8066554511466122e-05
1271604258262200326,negative,0.007954934633077601
1271604258304069636,negative,0.0008877955701288727
1271604258585153536,neutral,0.3381189830050101
1271604261726674944,negative,0.0005351132759893319
1271604261877698560,negative,3.7002310080118665e-06
1271604261957390341,negative,3.760129787168621e-05
1271604263169470464,negative,0.0832616067651975
1271604264998252551,positive,0.8562547526333174
1271604265174413312,neutral,0.6231301609365977
1271604265270890496,negative,0.2824876424311173
1271604265656647685,negative,0.038226815925653024
1271604266315190273,neutral,0.3381189830050101
1271604266935955456,negative,1.3476317052720875e-06
1271604269058273283,negative,0.13379357294161928
1271604270731792387,negative,0.0006785509298357823
1271604270748635139,negative,0.06656437044045363
1271604271331581953,negative,0.00010468302388866203
1271604273290321925,negative,0.005894416270567474
1271604274531893250,negative,0.060977394315009786
1271604274720657409,neutral,0.3381189830050101
1271604274938753024,negative,0.005894416270567474
1271604275169427463,negative,0.0006461231863970524
1271604277644005376,negative,7.725046249125521e-05
1271604278432579585,negative,0.059196645682587
1271604278998654976,negative,0.060150271046918
1271604279376314369,negative,0.0010124928719095897
1271604280248729600,negative,7.920850066656138e-07
1271604280676450305,negative,0.007032605876039598
1271604282039681025,negative,0.00027046471307394016
1271604282589097986,negative,0.029459991800648205
1271604283843190784,negative,0.30014570506861293
1271604284891815937,negative,4.40937372909515e-05
1271604285822861312,negative,1.934171615039613e-06
1271604286640791558,neutral,0.6236758608715638
1271604286854770689,positive,0.7878984431607639
1271604287085449219,positive,0.9081555118322933
1271604287878160385,negative,0.01552788654488999
1271604288020713475,negative,0.005894416270567474
1271604288171716609,negative,0.058213228590035325
1271604289979527174,negative,1.8066554511466122e-05
1271604290273120256,negative,0.013827551307807547
1271604290667282432,negative,0.09632583051309793
1271604291585925126,negative,0.32620683154629054
1271604291984412672,negative,0.238427545908539
1271604294190534656,negative,0.004177207747894189
1271604295021080577,negative,0.027306211591214814
1271604295046234112,negative,0.00023257576639207375
1271604295247572992,negative,0.014991899094609436
1271604296635858944,negative,0.1904981235127173
1271604297986453506,negative,0.00015477124699735817
1271604298477121536,neutral,0.3381189830050101
1271604298741436416,negative,0.08002465081650481
1271604299240480769,negative,0.00748051461349164
1271604300406493184,negative,0.00019521026848872325
1271604300469481474,negative,0.016447491419061072
1271604302788939777,negative,0.013756879965358352
1271604303237701632,negative,0.3155990631147836
1271604303405473792,positive,0.9846608780074275
1271604303543885829,negative,0.003942427204658983
1271604305146056706,neutral,0.437369725752128
1271604305183858688,negative,1.5252885602979405e-06
1271604305284534272,negative,0.027306211591214814
1271604305804636160,neutral,0.5136446707795853
1271604307033575425,negative,0.0016737896560586971
1271604310934257665,neutral,0.4089908316691636
1271604311055904768,negative,8.887355458009728e-10
1271604311336902662,negative,0.1363633090262003
1271604311836024833,negative,0.0009509395221391069
1271604311982845954,negative,2.0314056196711032e-06
1271604312658120706,negative,0.02734764205970332
1271604313362771969,negative,0.0009229076005555737
1271604313748537344,negative,0.00798617966158689
1271604314289692673,positive,0.9857191127093461
1271604315397017600,negative,0.028829308868103528
1271604315820560384,negative,0.2824876424311173
1271604316961456128,neutral,0.34117024056417766
1271604317146021889,negative,4.40937372909515e-05
1271604319406751745,negative,0.08322171785961782
1271604319549378561,negative,0.012565947490450584
1271604319775850498,negative,0.1256518955108437
1271604319855546375,positive,0.7760958457010583
1271604321050902529,negative,0.04445217217724994
1271604321176686592,neutral,0.4897939877472501
1271604321667305473,negative,0.2631685170996927
1271604322145636352,negative,0.00016628924848785266
1271604324922245120,negative,6.682282336557367e-07
1271604325295497218,neutral,0.35785643069366135
1271604325484163072,negative,0.016067361137479308
1271604326071484417,negative,0.014592387966216947
1271604326541209601,negative,0.004444279291738986
1271604327900229632,negative,0.0832616067651975
1271604329850343424,negative,5.703427043596952e-08
1271604331557634048,negative,0.014683389588552323
1271604331985334278,negative,0.0005850100482124905
1271604332060979200,negative,9.18763487168715e-06
1271604332144799745,positive,0.671337306919619
1271604332518150144,negative,0.1203090358454427
1271604332660752391,negative,0.05817995923428874
1271604332790775809,negative,0.0001372991342027409
1271604334049079296,neutral,0.37462991609367335
1271604334141345802,neutral,0.3862854870975211
1271604335177236483,negative,4.40937372909515e-05
1271604336850866176,neutral,0.3381189830050101
1271604337320570885,negative,0.12230747567950308
1271604337651916801,negative,0.3275068838229145
1271604338897702912,negative,0.0005358077387413497
1271604340055330821,negative,0.07070521465324456
1271604340977999872,negative,0.11572948827861469
1271604341950967808,negative,0.0008865108974727755
1271604344677416960,negative,3.1967562606611574e-05
1271604344991907842,negative,0.0012767735019782135
1271604345403060225,negative,0.03733235336625141
1271604346661359616,negative,0.027306211591214814
1271604346883649536,negative,0.0061225935853597355
1271604347642798080,negative,0.005020365432057038
1271604349492498432,neutral,0.5914465900851971
1271604349802668032,negative,3.702669272479147e-05
1271604351216152576,neutral,0.49789225920557484
1271604353388986370,negative,0.01552788654488999
1271604353443471361,negative,0.021873131606606658
1271604353657458688,neutral,0.34212779492080586
1271604354219376641,negative,0.0011476103271417274
1271604354420801537,positive,0.9034384879147956
1271604354445766656,negative,0.0027581086987424263
1271604354508828678,negative,0.3248410612445367
1271604354508873732,negative,0.00015835684631005644
1271604354999554049,negative,0.03711284734398027
1271604355272187904,neutral,0.34117024056417766
1271604355897180161,negative,1.095520016061721e-06
1271604357495230465,negative,0.00015194828200427033
1271604357646159873,negative,1.2183693433840065e-13
1271604357931417601,negative,0.22716145285946415
1271604358094839808,negative,0.021775127320516438
1271604358162067462,negative,1.858430522996556e-11
1271604358548017152,negative,0.002122826681086467
1271604359349010434,negative,0.008277070813861528
1271604361777549312,negative,0.26812582956602965
1271604362268356608,negative,0.1853447716208767
1271604362524180482,negative,0.056318907672974004
1271604362557689856,negative,0.11572948827861469
1271604362847150083,negative,0.0005358077387413497
1271604363769847809,negative,0.0048031083353694045
1271604364101038080,negative,0.005629173958600516
1271604364562612225,negative,0.14190584373426257
1271604365527257089,negative,0.04379111250220755
1271604366072561664,negative,0.0013876501219581817
1271604367133736961,negative,0.0005351132759893319
1271604367280361472,negative,0.2824876424311173
1271604367733506052,negative,1.56260701404286e-05
1271604367980969984,negative,0.000174889946044419
1271604368215879683,negative,0.00042689959324919305
1271604368287182849,negative,0.009119835213961742
1271604368526245889,negative,0.01786866897430779
1271604369952309249,neutral,0.5332959485023883
1271604370006827008,negative,0.05368241837099004
1271604370887630849,negative,2.9827688019391684e-06
1271604371059589120,negative,0.0015897561241740182
1271604371491610624,negative,7.471286116287664e-08
1271604371936215045,negative,0.0023170344461177867
1271604372082962433,negative,0.04251423792646359
1271604374083698688,negative,0.023928231253666908
1271604374154797056,negative,7.236773637704521e-08
1271604374330937345,neutral,0.4507454498615163
1271604374893182977,negative,0.019233722669908446
1271604375266476037,negative,0.19197340590982595
1271604375744581632,negative,0.00019984109669266473
1271604375853678592,neutral,0.3381189830050101
1271604375853694976,negative,0.00863710840373742
1271604376516399109,negative,0.013265831157646643
1271604376554147841,negative,0.00010015157584620417
1271604378311569415,neutral,0.3381189830050101
1271604378340921351,negative,0.3040949491800166
1271604379611623424,neutral,0.4737554465528978
1271604379955716096,negative,0.23851425906274445
1271604380085690370,negative,0.032937173332203536
1271604380744257537,negative,0.0017821119415779823
1271604382556139520,negative,1.8066554511466122e-05
1271604382568787969,negative,0.03840564920058137
1271604383067762689,negative,0.22543786011877007
1271604383143378949,neutral,0.35451443008515343
1271604383340326912,negative,0.0034351024886796126
1271604383692840968,negative,0.0376149828330972
1271604383701176321,negative,0.0743478243787104
1271604384179183620,negative,0.01642990455273921
1271604384854663173,negative,0.0014534938976559968
1271604386662359043,negative,0.00034868078860480025
1271604386754691074,negative,0.002224536109717466
1271604386767286278,neutral,0.5620951034077034
1271604387526344704,negative,0.002009465551963112
1271604388273041408,neutral,0.33758533303423804
1271604388469960704,negative,0.0005330289711396502
1271604388881186819,negative,0.0011476103271417274
1271604389006970880,negative,0.21892791194398373
1271604389040599041,negative,0.04379111250220755
1271604389275414528,negative,0.0014056336333883798
1271604389359255552,neutral,0.437369725752128
1271604390940590080,neutral,0.3381189830050101
1271604391313838082,neutral,0.4472149454613535
1271604391657852930,negative,0.00019521026848872325
1271604391938793473,neutral,0.4037362129612303
1271604392245047297,negative,1.8066554511466122e-05
1271604392484012032,negative,0.00024049819829068575
1271604392534224897,negative,0.0002558508086955222
1271604393092296710,negative,1.0826756170709785e-13
1271604395210407936,negative,0.002349627472276484
1271604395692654593,negative,0.007492293006742919
1271604396007337986,positive,0.7099288012533831
1271604397760536578,negative,0.029459991800648205
1271604398863667206,negative,0.13201048075354083
1271604399031402496,negative,0.01033035119922062
1271604399094333441,negative,0.018263572970062283
1271604399203328002,negative,0.003625007519964457
1271604399392067584,negative,0.2428710515943125
1271604399446601729,negative,0.001842031509920941
1271604399803170817,negative,0.030727997589984984
1271604399819849728,neutral,0.49789225920557484
1271604399983472645,negative,0.03840564920058137
1271604400059006976,negative,0.09038507580680345
1271604400298082304,negative,0.0034643534672531093
1271604400365072384,negative,0.0002083447054507626
1271604401552187393,negative,0.006469679400739249
1271604403305357314,negative,0.003217414187786527
1271604403477401605,negative,0.005894416270567474
1271604403578064896,neutral,0.46127768308170247
1271604404970553344,negative,2.7968771197945177e-06
1271604405071163392,negative,1.6458780376438604e-05
1271604405280935941,negative,0.278470435938575
1271604405473869824,negative,0.08142879803983738
1271604406115602433,negative,1.8066554511466122e-05
1271604407797452801,negative,0.01879425341181135
1271604407973621760,negative,0.010891859901987141
1271604408434991106,negative,1.9280805207240233e-06
1271604408468606977,negative,7.559685904674855e-07
1271604408766345219,positive,0.8734221928382347
1271604408896405505,negative,0.08639042719504526
1271604409651380224,negative,0.10826923337275109
1271604409865129984,negative,0.004940414556048324
1271604410456645633,negative,0.00013546842436395223
1271604410553192448,negative,0.0016040571454872669
1271604413346516993,neutral,0.59588349393785
1271604413514178560,negative,0.002537164015447557
1271604414072131584,negative,0.08535639365304613
1271604414445432843,negative,0.0004791760687217216
1271604414579695622,negative,0.0023298237265399688
1271604415787610112,negative,0.01552788654488999
1271604416144179200,neutral,0.437369725752128
1271604416404226048,negative,0.025152324668022856
1271604416525852672,negative,5.698916494242953e-07
1271604416689340416,negative,0.014993549277309384
1271604416962080768,negative,0.00019984109669266473
1271604417117249536,neutral,0.46127768308170247
1271604417935167493,negative,0.19125584716637198
1271604420674011137,negative,0.005894416270567474
1271604420703408129,negative,0.0041262470970027925
1271604420736880640,negative,0.0052481037657638166
1271604421579997184,negative,0.00011341912160628809
1271604421835792385,negative,0.0832616067651975
1271604422649565184,negative,0.002537164015447557
1271604422783705088,negative,0.00011292957316870326
1271604422813106177,negative,0.0011324348605721902
1271604423014469633,negative,0.07135788014798354
1271604423022784519,negative,0.03964575411272407
1271604423165390849,negative,0.00132805127624121
1271604424855687176,negative,7.236773637704521e-08
1271604425052819462,negative,0.0017635975660206106
1271604425346314241,negative,0.028648481905529474
1271604425732259840,negative,0.00019984109669266473
1271604426776760321,negative,4.620058260489666e-06
1271604428483821568,negative,0.15552819630158846
1271604428555063296,negative,0.012157219429847021
1271604428559265792,negative,0.02149319074417257
1271604429201039361,negative,0.12638575508756936
1271604429309919235,negative,0.007032076510333139
1271604430438359048,negative,0.1508355335747311
1271604430509674498,negative,0.1359538379780419
1271604430874349568,neutral,0.46127768308170247
1271604432661340166,negative,0.2889782600489871
1271604433122664458,neutral,0.6234049249685203
1271604433156259844,negative,2.5144893589907698e-05
1271604433521192961,negative,0.003527603887625049
1271604433693147137,negative,0.0005365129287524777
1271604433735110656,negative,1.8066554511466122e-05
1271604433823162369,negative,0.036178733550781904
1271604434330701824,neutral,0.34373392683122533
1271604434733326336,negative,0.00021836714845594398
1271604434834001925,negative,0.0012303939108124194
1271604435240828928,negative,2.92228665833785e-06
1271604436046155777,neutral,0.38970451596089567
1271604436855644166,negative,0.01719004681774222
1271604437371551746,negative,0.28768430820383784
1271604437602258944,negative,0.30531022540914704
1271604437803577345,negative,0.007032076510333139
1271604437837103106,negative,0.0005351132759893319
1271604438076018688,negative,0.001842031509920941
1271604438206160904,negative,1.8066554511466122e-05
1271604441091919873,negative,0.0032532732177941656
1271604441163149312,negative,0.0027595781955156553
1271604441469370368,neutral,0.37731060504817854
1271604441863553025,negative,0.00019984109669266473
1271604443545505793,negative,0.12146659625937294
1271604444296359944,negative,1.8607488176080226e-08
1271604444493463553,negative,0.01552788654488999
1271604445227503616,negative,0.0049024829505844945
1271604445525278721,neutral,0.41781860539170623
1271604445848178689,neutral,0.4147342023902695
1271604446145982467,negative,0.04495357886299508
1271604446703861761,negative,0.0997158110040941
1271604446796054528,negative,6.638387967003968e-07
1271604446938533888,negative,0.002671403393780663
1271604447123292165,negative,0.0005358077387413497
1271604447391682560,negative,7.648371397097482e-05
1271604447467188226,negative,0.1738866131763953
1271604447479808001,negative,0.04034226517407842
1271604447504826368,negative,0.08338412550793083
1271604447513391105,negative,0.26141384293156156
1271604447521779718,negative,0.253503508402999
1271604447563575296,negative,1.4522369856795109e-06
1271604447580286981,neutral,0.44293369882393957
1271604447593062407,negative,0.011640679532540811
1271604447605436417,negative,0.2127323209383065
1271604450088620032,negative,0.005894416270567474
1271604450667515905,negative,6.898181232754515e-05
1271604451615428609,positive,0.9666052637007704
1271604453876080640,negative,0.01552788654488999
1271604457835499520,negative,0.055082462523026274
1271604458791698432,negative,0.15846546484331314
1271604458938654728,neutral,0.48728019602140255
1271604459030941696,negative,0.002671403393780663
1271604459089678336,negative,0.002382170845602655
1271604459332947969,negative,0.0049024829505844945
1271604460159217665,negative,0.026594391015495343
1271604460788363264,negative,0.0736401149528525
1271604461815975940,negative,0.08413000880975484
1271604462243774470,negative,3.6826143228758263e-06
1271604462868709382,negative,0.01723177791979122
1271604463049023488,negative,1.8066554511466122e-05
1271604463107821568,negative,0.0072754342280606675
1271604463644614658,negative,0.003152718691514055
1271604468048637968,neutral,0.3725458233667465
1271604468421931008,negative,1.56260701404286e-05
1271604470716260353,neutral,0.4737554465528978
1271604470762344448,negative,0.022580389085052423
1271604470863073280,negative,0.0062572977002605746
1271604472335261697,negative,0.020542730230748752
1271604474524639232,positive,0.7238230910330393
1271604474688286722,negative,3.6258623680904545e-09
1271604475124256768,negative,0.15188551927527152
1271604476592431105,negative,0.00013676275109035171
1271604478853165058,negative,0.005894416270567474
1271604479314583553,negative,0.15989314823977885
1271604481495621632,negative,0.2621435295041906
1271604482967842818,negative,1.060442443963043e-06
1271604482992943104,negative,0.008812169421110449
1271604483089412096,negative,0.1067748298512315
1271604483987038210,negative,0.012676502386934916
1271604484532207616,negative,0.0089506861218076
1271604485253709826,negative,0.0013422285154126832
1271604487128408064,neutral,0.34117024056417766
1271604487409430529,negative,6.898181232754515e-05
1271604487447285760,negative,0.0005358077387413497
1271604488625893376,negative,0.0010522709194052216
1271604488844034049,negative,0.03180962742221007
1271604493378113536,negative,0.025986013737638435
1271604493713539072,negative,0.0032775605287930854
1271604496645447681,negative,0.0001548780094849897
1271604500575518721,negative,8.8979993884245e-05
1271604500894289920,negative,0.012676502386934916
1271604501003350017,negative,0.012447427632221408
1271604501183705090,negative,0.0013347806587708992
1271604501867302912,negative,5.443652754657909e-05
1271604502362304517,neutral,0.3897927340127827
1271604504710897664,negative,0.0025023475565534373
1271604505906417664,negative,0.006483801834163422
1271604506116194305,negative,0.00157921824750368
1271604506372059142,negative,0.007954934633077601
1271604509417050112,negative,0.25147697806628566
1271604510486605824,neutral,0.3381189830050101
1271604512483147778,neutral,0.5871271524990405
1271604513045188615,negative,0.0024968577181432848
1271604513124880384,negative,0.18099732902935056
1271604513602809858,negative,0.29305119211340136
1271604514223788032,negative,0.022239639193932088
1271604514928365569,negative,0.0271165461827435
1271604516895555584,neutral,0.4343471056562327
1271604517134622721,negative,9.899318531684661e-12
1271604518095073280,negative,0.0016737896560586971
1271604519181443075,negative,0.0049024829505844945
1271604519483265029,negative,0.005571168276509316
1271604521819615233,negative,0.3100151692649115
1271604521932861440,neutral,0.3381189830050101
1271604523023433728,negative,0.006090537263408103
1271604523560243200,negative,0.31112750843044895
1271604524273336326,neutral,0.34117024056417766
1271604524390768640,negative,1.8066554511466122e-05
1271604526844346368,negative,0.022221223192199414
1271604527330996224,neutral,0.44654025683665294
1271604528639553536,negative,0.002018737472771262
1271604528664776704,neutral,0.3381189830050101
1271604530774507521,neutral,0.3403391890910929
1271604531588145156,negative,0.027974412024493963
1271604531709829123,negative,6.635103615185109e-05
1271604532204748809,negative,0.04595123029358136
1271604535778250752,positive,0.9376878850995406
1271604537841893378,negative,0.002009465551963112
1271604538554945540,negative,0.0049024829505844945
1271604539284754434,negative,0.015577189604151682
1271604539305623553,negative,0.044832085051323294
1271604539532234752,negative,0.03541998119034479
1271604541662785536,negative,0.006611344016850039
1271604542271037446,negative,0.022239639193932088
1271604542317170689,negative,0.11044168664637871
1271604542669492224,negative,0.02952391783478596
1271604542904233984,negative,0.009316905594615545
1271604543101558791,negative,0.31812769580849276
1271604546029133824,neutral,0.3381189830050101
1271604546524020736,negative,0.0002558508086955222
1271604547694276610,negative,1.1655297113077202e-10
1271604550454001665,negative,6.236105015602125e-07
1271604551339081730,negative,0.2724110521978263
1271604551498567682,negative,0.0705107390413975
1271604551972540416,negative,0.12867095959708635
1271604552085757952,negative,0.22950651966578628
1271604552664522752,negative,0.00011341912160628809
1271604553339805698,negative,0.31812769580849276
1271604554870788097,positive,0.9909425043737482
1271604555009208320,negative,0.026844430132098973
1271604555067854848,negative,0.24257369881389068
1271604555088723969,negative,0.012461089117349843
1271604555617312770,negative,0.002395107361095619
1271604556091273216,neutral,0.37137062280538924
1271604556514889729,neutral,0.36434125657219296
1271604556757995520,negative,0.053787464656114704
1271604558662336512,negative,0.0056110453144678435
1271604558733729793,neutral,0.40349288250775955
1271604558754729984,negative,0.00011341912160628809
1271604559299973120,negative,0.004474204919210386
1271604559303995398,negative,0.0002855979543272296
1271604559694217217,negative,0.0049024829505844945
1271604560121880576,negative,0.027306211591214814
1271604560231108608,negative,0.31251327812974533
1271604561288015875,negative,0.08259437068109453
1271604561447399424,negative,0.0005358077387413497
1271604561585868800,neutral,0.437369725752128
1271604562949025792,negative,3.834152902454839e-10
1271604563053817858,negative,0.0015425978250262452
1271604564161167361,negative,0.08489519573120914
1271604566904188928,negative,0.3155990631147836
1271604567608897541,negative,0.00132805127624121
1271604568611323905,negative,0.02374125613834837
1271604568783290369,negative,0.01879425341181135
1271604568959225858,negative,0.0049024829505844945
1271604569047523333,negative,0.021075374755753565
1271604569785667584,neutral,0.5569460627050385
1271604569882202112,negative,0.023336692626154305
1271604571371159554,negative,0.00016600026710353454
1271604571450810368,negative,0.007520785450598255
1271604572746907649,negative,0.31218990156121346
1271604572973412353,negative,0.18810856018350422
1271604573388619776,negative,0.012157219429847021
1271604575343165440,negative,4.053523772302569e-05
1271604575376678913,negative,0.019624667275910786
1271604575481532417,negative,0.1735162678381825
1271604576433639426,negative,2.7968771197945177e-06
1271604577176084481,neutral,0.4064281066055449
1271604577645793286,negative,0.00019984109669266473
1271604577775878145,negative,0.011703220097117726
1271604578148970497,negative,0.10157736033405702
1271604580003000325,neutral,0.6211250523800235
1271604580233687048,negative,0.00026891859107554424
1271604580678275073,negative,0.0015946732680079292
1271604580871176194,negative,0.3194594848544355
1271604580875407360,negative,1.5310837119748104e-05
1271604581198430209,negative,1.2426875252602703e-06
1271604582137958400,negative,0.20695132830432936
1271604582276308994,negative,0.1460605091437251
1271604582653718528,negative,4.1059875989667547e-08
1271604583802929152,negative,6.635103615185109e-05
1271604584495099906,negative,3.666420142228531e-05
1271604584935419904,negative,0.0099536958179938
1271604585229160448,negative,0.08571621063463403
1271604585698783233,negative,3.835387940175317e-10
1271604586042855425,negative,2.5144893589907698e-05
1271604586214764544,negative,0.06883143107414492
1271604586239926276,negative,0.00010807751442310931
1271604588186087424,negative,0.005894416270567474
1271604588454567937,negative,0.018263572970062283
1271604588487966720,negative,0.1268028451552595
1271604588685266946,neutral,0.437369725752128
1271604588853026819,negative,0.006731716164488975
1271604588978864128,negative,4.715514646489059e-09
1271604589029097475,neutral,0.6190092104346936
1271604590182621184,neutral,0.34117024056417766
1271604592162344963,negative,7.886340358317108e-05
1271604592397053952,negative,9.828936438762749e-05
1271604592673988610,negative,0.05848809746411725
1271604592732704770,negative,0.00048559593649531447
1271604593957404672,negative,0.00749821534433784
1271604594850791424,negative,0.055024960286419386
1271604595249168384,neutral,0.45330597087403485
1271604596385906688,negative,0.0008023053033958973
1271604597283524610,neutral,0.5533970533999424
1271604597375799301,negative,0.002014998529721484
1271604597384249346,negative,0.3041558125781933
1271604598927757312,negative,0.25567163008788135
1271604599200374788,negative,0.014592387966216947
1271604599351173120,negative,0.004077199090876045
1271604600349622272,negative,0.258854253985214
1271604600685187073,negative,0.24190043021159235
1271604600693493760,negative,0.04283453581244521
1271604601058406401,negative,0.1757295955700063
1271604601243029506,negative,0.01552788654488999
1271604601826021376,negative,0.024573085558803692
1271604602270633987,negative,0.1256518955108437
1271604602597789696,negative,0.06813983420654068
1271604603092635654,negative,0.0077562207770218855
1271604605206573056,negative,0.06446732001068398
1271604605353263105,neutral,0.35906842681800916
1271604605357633541,negative,5.241640554925503e-05
1271604606213259265,negative,2.5144893589907698e-05
1271604606276177920,negative,0.05817995923428874
1271604606372663301,negative,0.012822345852146621
1271604606657802240,neutral,0.3810982801465354
1271604608889163776,negative,0.0054193948841475045
1271604609627435008,negative,0.3040949491800166
1271604609732222976,negative,0.00036281075567510607
1271604609849622528,negative,0.018231076434766017
1271604610491392000,negative,0.0005330289711396502
1271604610617217024,negative,0.025986013737638435
1271604611753934853,negative,0.0510672148070735
1271604611812593667,neutral,0.35485490852604634
1271604613360291841,negative,7.496392399991045e-05
1271604613406511104,positive,0.7238230910330393
1271604613423251458,negative,0.00048559593649531447
1271604613469179904,negative,3.3678494025380076e-08
1271604613981093890,negative,0.062106721895254215
1271604614689886209,negative,0.02726162813814235
1271604614719320065,negative,0.15797133755319195
1271604615189016578,negative,0.0001300475677691555
1271604615298113536,neutral,0.6503629794226561
1271604617525309447,negative,2.6676231831464265e-11
1271604618330402816,negative,0.1952814587246654
1271604618993246211,negative,0.00019809352693600076
1271604619026759680,negative,0.06797965764768034
1271604619081383936,negative,0.3194594848544355
1271604619869712384,negative,0.026028576436117123
1271604621367107584,negative,0.08193717994648349
1271604621669281792,negative,0.1477648425684758
1271604621786611712,negative,0.1038869170215666
1271604621925023746,negative,0.00015194828200427033
1271604622147366912,negative,0.00022914088582834575
1271604623095152640,negative,0.001842031509920941
1271604623443472384,negative,0.06813983420654068
1271604623724302336,negative,0.0006241418087332106
1271604623892271104,negative,0.0005330289711396502
1271604625624444940,negative,4.057685593043999e-06
1271604625628696576,negative,3.0373461343041953e-05
1271604625804754944,negative,0.10157736033405702
1271604626031173632,negative,0.0049024829505844945
1271604626329124870,negative,0.00016213217315136748
1271604626916343810,neutral,0.4276806903873118
1271604626966577152,negative,0.005968006781781199
1271604627109302274,neutral,0.6234049249685203
1271604627134246913,negative,0.0016705073839319395
1271604627159617539,negative,0.12223370080603098
1271604627205734404,negative,0.03670255851540621
1271604627377721346,negative,0.0013395998355518208
1271604627440574467,negative,0.001048505386327105
1271604627490983937,negative,0.16841729920146856
1271604627620970496,neutral,0.34117024056417766
1271604627839094784,negative,5.1110461772575314e-05
1271604628258525185,negative,0.01628794900366218
1271604629713887241,neutral,0.33388627013223837
1271604629881655297,neutral,0.35451443008515343
1271604630762463232,negative,0.03180962742221007
1271604630984810498,negative,0.0007580173523928184
1271604631576236032,negative,0.020627302555158277
1271604631836282880,negative,0.23123244762080786
1271604631941058561,neutral,0.437369725752128
1271604632016556033,negative,0.01552788654488999
1271604632222076929,negative,1.8066554511466122e-05
1271604634369560578,negative,0.004099010078445586
1271604634763898880,negative,0.030657206039888824
1271604635476918272,negative,0.000132376457949845
1271604635711803392,negative,0.03971978119463452
1271604635749552131,negative,0.02726162813814235
1271604636219105282,negative,0.09629898425341812
1271604636328263685,negative,0.001842031509920941
1271604638199021575,negative,3.759814752818217e-05
1271604638379360256,negative,0.15227355731666825
1271604638970773504,negative,0.0038171565090860367
1271604638991757312,neutral,0.437369725752128
1271604639058755584,positive,0.8377082963654496
1271604639474089994,neutral,0.4737554465528978
1271604639545413634,neutral,0.5150158393467543
1271604639591469058,negative,5.578731429534798e-06
1271604639629115393,negative,0.01471388400726941
1271604639822237697,neutral,0.5734576952979002
1271604639834820609,negative,1.8066554511466122e-05
1271604640304504832,negative,0.00018422905566971767
1271604641143414784,negative,0.002402106420951482
1271604642758234112,negative,3.4756179013684414e-05
1271604643022454784,neutral,0.4670100671583925
1271604643131527168,negative,0.00012358293547957858
1271604643177660416,neutral,0.5072119503472683
1271604643366424576,negative,0.08110662622354817
1271604643467079685,negative,0.0025646889211857547
1271604643664138243,negative,0.002671403393780663
1271604644662382592,negative,0.05773950100514704
1271604644784078848,negative,0.04436134248681252
1271604646516158464,neutral,0.34117024056417766
1271604646851891212,negative,0.05610309040052827
1271604647057403905,negative,0.004166796796196863
1271604647388733442,negative,0.1573584988166192
1271604647615217664,negative,0.002018737472771262
1271604647720038402,negative,0.22112029272243866
1271604647971692547,negative,0.0319832305431049
1271604651327176705,negative,0.012676502386934916
1271604651784314881,negative,0.1215691936540056
1271604651801088000,negative,0.012676502386934916
1271604653109719040,neutral,0.5861317530341207
1271604653390782470,negative,0.0015966954580499586
1271604655999660034,negative,0.0007124663635936876
1271604656389660672,negative,0.0013580043296151183
1271604659753451520,negative,0.07390833416662942
1271604661389127680,negative,0.04056810797147631
1271604661615804418,negative,0.05207000784709762
1271604662005833728,negative,0.0832616067651975
1271604664954261504,negative,0.01552788654488999
1271604666053341185,neutral,0.4737554465528978
1271604668070801408,negative,4.438089898645241e-05
1271604668389613573,neutral,0.34117024056417766
1271604668830015488,negative,5.1048048333499485e-05
1271604669786329088,negative,6.604321581933903e-05
1271604671724085248,negative,0.00013976206989127206
1271604672030224387,negative,4.109694437843008e-06
1271604672088944645,negative,0.044684846500877555
1271604672114176000,negative,0.04512049087738518
1271604673145966592,neutral,0.34117024056417766
1271604673955409920,neutral,0.3381189830050101
1271604673988792320,negative,1.8066554511466122e-05
1271604677008859136,negative,0.0072754342280606675
1271604678036533249,negative,0.005923196671512309
1271604678116159488,negative,0.0001880717037641148
1271604678573330439,neutral,0.3794095594708052
1271604678573338624,negative,0.15719341513715673
1271604680959963136,negative,0.31629144175691887
1271604681500999685,negative,9.610679196118578e-06
1271604682868305922,negative,0.20895929927606757
1271604683187118082,negative,0.20757850165123046
1271604683409367041,negative,0.007954934633077601
1271604683535237126,negative,0.0020342879510414896
1271604684952866821,negative,0.002571759838397157
1271604685762433024,positive,0.7878984431607639
1271604686089596934,negative,0.09038507580680345
1271604689407078401,negative,0.10567826438232282
1271604689776390145,negative,9.610679196118578e-06
1271604690128711681,negative,0.000990107747158046
1271604690388758528,positive,0.7878984431607639
1271604690665472001,negative,3.316406100476015e-05
1271604690766217217,negative,0.044415848827102325
1271604691118546944,negative,0.03313272521206818
1271604691315634177,negative,0.308199125160694
1271604693496745984,negative,0.0376149828330972
1271604694104920064,negative,6.547150004312279e-07
1271604695769980929,negative,0.0023761115032911438
1271604696088809472,negative,0.005894416270567474
1271604697808412678,negative,7.25332952347127e-06
1271604698446024705,neutral,0.4874332029158699
1271604699268091906,negative,0.022916822214606204
1271604699293245442,negative,9.250877231731503e-05
1271604699511369728,negative,0.026615173795510632
1271604701063188481,negative,0.06108501646346183
1271604701243625472,neutral,0.5277759842869705
1271604701667221512,neutral,0.3381189830050101
1271604703273648128,neutral,0.49789225920557484
1271604703705653252,negative,0.0003291735782151038
1271604704078974976,neutral,0.3996580091506196
1271604705966329858,negative,0.12709446863774565
1271604705966338048,negative,0.0271165461827435
1271604706910093312,negative,0.0832616067651975
1271604707161759745,negative,8.887355458009728e-10
1271604707237208064,negative,5.6618858704798864e-08
1271604709628002304,negative,0.014683389588552323
1271604711028748288,neutral,0.5037783305772945
1271604711255392262,negative,0.0271448617540619
1271604712224239616,negative,0.029459991800648205
1271604712274452480,negative,0.0011153014948229096
1271604714149273601,negative,0.01471388400726941
1271604715449614337,negative,0.0019702562773176975
1271604715575480321,neutral,0.6237786136318345
1271604715848163328,negative,0.002411765919542305
1271604717932642306,negative,0.02397471180123259
1271604718616395783,negative,0.15109238146263732
1271604719354630145,negative,0.002018737472771262
1271604720025690114,negative,1.56260701404286e-05
1271604720457723907,negative,0.007599598437030047
1271604721028079617,negative,0.01631227510870204
1271604722508550144,negative,0.06654094444865617
1271604723167031296,negative,0.01552788654488999
1271604723964088320,negative,0.00013399189005066696
1271604724266078208,negative,0.0035724228850200985
1271604724786237441,negative,0.01355600344767054
1271604731253841921,negative,5.831720619951849e-05
1271604732096888832,negative,5.1110461772575314e-05
1271604732130480128,negative,0.18662755844527773
1271604732633780225,negative,0.0007672394758795548
1271604735561412609,negative,0.1380111268141848
1271604735678824451,neutral,0.5931959055496094
1271604739453616128,negative,0.00014433997430935336
1271604741831905281,negative,0.0009150353363496623
1271604744642052099,negative,0.11983793894305395
1271604744721752069,negative,0.00493095410019311
1271604744797270018,neutral,0.5600590151184325
1271604746789552129,negative,0.07576476733212008
1271604747510976513,negative,1.69597407704258e-05
1271604747779227649,negative,0.08818161423987897
1271604748240781318,positive,0.9515732302560683
1271604748375019522,negative,3.138058527431169e-06
1271604748509159424,negative,0.09550483184966502
1271604748781838341,negative,0.007032605876039598
1271604749218045952,negative,0.3040949491800166
1271604749851332615,negative,0.14731646957486152
1271604750090244096,negative,1.8066554511466122e-05
1271604750144794624,negative,0.047037964391813195
1271604750375620609,negative,0.27713283053988486
1271604750803492866,negative,0.01120012019599953
1271604751835320320,negative,0.06405042724176194
1271604752212779008,negative,0.11012320453647718
1271604752481169416,neutral,0.49789225920557484
1271604753517199360,negative,0.07940854830408897
1271604753743712256,negative,0.007954934633077601
1271604754016239616,negative,0.009208208885992986
1271604755534614528,negative,0.06212219796681898
1271604755580796928,neutral,0.5191005602296166
1271604756960681985,negative,0.030346777880785502
1271604757321392130,neutral,0.5931959055496094
1271604758017650690,negative,0.018479866632640965
1271604758214836227,negative,0.005894416270567474
1271604759779254277,neutral,0.5089004219517322
1271604760236511232,negative,0.06756897342989703
1271604760496361472,negative,0.0018150110943193304
1271604760517492736,negative,0.0825886283591841
1271604760676876289,negative,0.021317271694840382
1271604760756531202,negative,3.642187349527079e-05
1271604760769187846,negative,0.004099010078445586
1271604760962052096,negative,0.1735162678381825
1271604761700134912,negative,0.0002558508086955222
1271604763986141186,negative,0.02738888129759384
1271604764690780161,negative,0.03418213087450025
1271604764753694720,neutral,0.437369725752128
1271604765038907396,negative,0.02787912892189388
1271604765554814978,negative,1.56260701404286e-05
1271604765563199489,neutral,0.4737554465528978
1271604765785538560,negative,0.0004118730785509573
1271604766053982211,negative,3.8905548427550704e-07
1271604766280503297,negative,2.8030351254000323e-05
1271604766418886662,negative,5.535287400172655e-05
1271604766695718917,negative,0.005295085403094948
1271604766939009025,negative,0.002814317268909141
1271604768855769090,negative,0.12709446863774565
1271604769203687425,negative,2.875382160014098e-07
1271604769304477701,neutral,0.3381189830050101
1271604769556172800,negative,0.0013861122586575497
1271604769749164032,negative,0.00010728836937975563
1271604770051100672,negative,0.13599013389338896
1271604770491346945,negative,0.0005629299174020448
1271604770604752896,negative,0.00019984109669266473
1271604770869055488,negative,7.634920281001737e-07
1271604771070377985,negative,1.3187410708117482e-06
1271604771175137283,negative,0.00016100482880607227
1271604771292614656,neutral,0.33792029946871827
1271604771368157185,negative,0.3155990631147836
1271604772689326081,negative,0.0004712721767236093
1271604772848754694,negative,0.0099536958179938
1271604772974583810,neutral,0.5357723395704971
1271604773347905543,neutral,0.4312483588219366
1271604773624647685,negative,0.20111725422193547
1271604773662285824,negative,0.0017650380977550831
1271604774207655941,negative,0.009756631120812109
1271604774413238272,negative,0.021468205824297266
1271604774585217025,negative,0.03670255851540621
1271604776678154240,negative,0.00019984109669266473
1271604777030483968,negative,0.003537256844907572
1271604782072049664,negative,0.01552788654488999
1271604782332104716,negative,0.10329182763909436
1271604782621503489,negative,0.07638420358625374
1271604782755528704,negative,0.01383146185653093
1271604782818643968,negative,0.018488602296359454
1271604783565213697,negative,0.08029400405294895
1271604783753895937,negative,0.00216024757690065
1271604785725259776,negative,0.32981255857963776
1271604786438307840,negative,0.00023210368265778503
1271604787948056577,negative,0.026572187143815647
1271604789315604487,neutral,0.437369725752128
1271604789550493698,negative,6.301008206325995e-05
1271604789567258624,neutral,0.49789225920557484
1271604789575659520,negative,1.5487474000526352e-05
1271604789672062976,negative,0.012953216390954404
1271604789927981056,neutral,0.3631454585847897
1271604790003466240,negative,0.1757295955700063
1271604790150266881,negative,0.002647719181947361
1271604790280282113,negative,0.020642835670937578
1271604790322233344,negative,1.6225244470647598e-05
1271604790796210176,neutral,0.3381189830050101
1271604791614078976,negative,0.03416143747831388
1271604794008973313,negative,0.002418228708076309
1271604794109513729,negative,0.04687070077968603
1271604795724496901,negative,0.1194251928928092
1271604795724517378,neutral,0.3996580091506196
1271604795795746816,negative,0.0001411374055423584
1271604797616070662,negative,0.19502423039687414
1271604798366846976,negative,0.19217210079384026
1271604798828294145,negative,2.525325827963234e-05
1271604799058968580,negative,3.9992743679653957e-05
1271604800182980610,negative,0.3275068838229145
1271604800296087552,negative,0.0049024829505844945
1271604801881673730,negative,0.08263500448964196
1271604803400056843,negative,0.012647944792544113
1271604803408408577,negative,1.4860940608495632e-09
1271604803492331520,neutral,0.34638483729906117
1271604803748200448,negative,3.8632474149153675e-05
1271604803764805632,neutral,0.5452626886458737
1271604804347887618,negative,0.17870078326640873
1271604805975322624,negative,0.007954934633077601
1271604807233671169,negative,0.0033579211517244917
1271604807392997381,negative,0.01552788654488999
1271604807623639041,negative,0.12149912787847783
1271604808173129729,negative,1.8066554511466122e-05
1271604810157088776,negative,0.1154759273975014
1271604810299686914,negative,0.00012374454595711728
1271604811000143878,negative,4.7657421358959806e-07
1271604811444695045,neutral,0.5032628910420979
1271604811478286336,negative,0.03288473205519007
1271604811809665025,negative,0.006469679400739249
1271604812124020736,negative,0.001842031509920941
1271604812363284481,negative,0.13263770369668557
1271604814540046337,negative,0.03493166466268914
1271604814888271873,neutral,0.5357723395704971
1271604815144071168,positive,0.9746843522707846
1271604815215366146,negative,0.04692282387135488
1271604815513006080,negative,0.002395107361095619
1271604815857102848,negative,0.001674958102253002
1271604816545042434,negative,0.00019984109669266473
1271604819288109057,negative,9.650995443289048e-06
1271604819912990720,negative,6.4675117100569094e-06
1271604820252807169,negative,0.005894416270567474
1271604820303110144,negative,0.002014998529721484
1271604820626071554,negative,0.17908651147739374
1271604820688994305,negative,0.017390931160172454
1271604821704019970,negative,0.002418228708076309
1271604822760845312,negative,0.018943867753709574
1271604823314632704,negative,0.11782606818104656
1271604823419506691,negative,0.009926969422336595
1271604823528476672,negative,0.021468205824297266
1271604823662530561,negative,0.0048031083353694045
1271604823775985670,negative,0.18884248391470657
1271604824182853634,negative,0.008359996569711365
1271604824468004864,negative,0.0056110453144678435
1271604824472199168,negative,1.8066554511466122e-05
1271604824711331847,negative,0.01879425341181135
1271604826993045505,negative,0.01359956250126882
1271604828788207621,negative,0.0005462908329800192
1271604828947517441,negative,0.04055523155972463
1271604829509480450,negative,0.01552788654488999
1271604829572513792,negative,0.01695334353729554
1271604832332382208,negative,0.01897279317689388
1271604835440136192,negative,1.8066554511466122e-05
1271604835528433664,negative,0.002418228708076309
1271604835637440512,positive,0.9713455084282997
1271604836388274176,neutral,0.5250137350369191
1271604836811800576,negative,1.6771283801436635e-05
1271604836811841536,negative,0.07659218846440227
1271604836824481792,negative,0.00019984109669266473
1271604837248106497,negative,0.025905060784366055
1271604838154022912,negative,0.01879425341181135
1271604840112828416,negative,0.1194251928928092
1271604840196567040,negative,0.09658838931814522
1271604841534697474,negative,0.003951703928940141
1271604843891830786,neutral,0.49789225920557484
1271604844327993345,negative,0.027306211591214814
1271604844755914752,negative,0.0005351132759893319
1271604847922630656,negative,0.00019452274425791388
1271604848203464704,negative,6.635103615185109e-05
1271604848476258304,negative,0.0005351132759893319
1271604848912265216,negative,0.07859864878557024
1271604852351696897,negative,0.07114039576706775
1271604853555580931,negative,0.014592387966216947
1271604856323821568,negative,2.342822375314909e-05
1271604856810323975,negative,0.1531014281047877
1271604857246494721,negative,3.559649110727338e-05
1271604858760630272,negative,0.0099536958179938
1271604861549907969,negative,0.005129439385923691
1271604861671538690,negative,0.029459991800648205
1271604862523002881,negative,0.03180962742221007
1271604865706401798,negative,0.006283031602150688
1271604867564400640,negative,0.0049024829505844945
1271604869263241216,neutral,0.49789225920557484
1271604870018215943,negative,0.01552788654488999
1271604870307622913,neutral,0.36434125657219296
1271604873092612097,negative,3.55180234329748e-05
1271604873809801222,negative,0.004177207747894189
1271604873969139712,negative,7.532773522474612e-07
1271604874464104449,neutral,0.3381189830050101
1271604876993273856,positive,0.7731278273020362
1271604877299453953,negative,0.19343119447946558
1271604877819592704,neutral,0.3996580091506196
1271604877987385345,negative,9.79469128605362e-07
1271604878696165381,negative,0.00331922673685571
1271604879023321090,negative,4.40937372909515e-05
1271604881481175044,negative,0.00013694100467940906
1271604881770643458,negative,1.56260701404286e-05
1271604883423100928,neutral,0.49789225920557484
1271604887877554176,negative,0.29480464590519895
1271604890196992000,negative,0.02726162813814235
1271604890931015682,negative,0.14024718427579172
1271604891815940096,negative,0.05568731849928401
1271604891912290304,negative,0.07152762509154904
1271604894030540803,neutral,0.3725458233667465
1271604894491971587,negative,0.1757295955700063
1271604894898827264,negative,2.3595965673925422e-07
1271604895100043270,neutral,0.6264167780517713
1271604895318228995,negative,0.01655022480749108
1271604896194797568,negative,0.26123670052509024
1271604898606526464,negative,0.12062958848350902
1271604898870763520,negative,0.029160432015274185
1271604898887618563,negative,8.533047907544956e-05
1271604899084713984,negative,1.69597407704258e-05
1271604899864809473,negative,0.3275068838229145
1271604903014793216,negative,0.00016628924848785266
1271604903220252675,negative,0.025098476340500178
1271604904159858690,negative,0.046771789690515216
1271604904264708101,neutral,0.39790636825805026
1271604904449183745,neutral,0.5357723395704971
1271604904776404992,neutral,0.49789225920557484
1271604907330736128,negative,0.0832616067651975
1271604907598999552,negative,5.4384303547585064e-05
1271604908563759104,negative,0.03180962742221007
1271604908777766913,neutral,0.3381189830050101
1271604909402738688,negative,0.026028576436117123
1271604909654360064,negative,0.015174590959722204
1271604912007401472,negative,4.40937372909515e-05
1271604912338550784,negative,0.0002558508086955222
1271604913336979457,neutral,0.5357723395704971
1271604914490413057,negative,0.013033272239179933
1271604917606760448,negative,0.1194251928928092
1271604919884230656,neutral,0.37137062280538924
1271604920022695937,negative,0.012164792431929873
1271604920651853824,negative,0.0005351132759893319
1271604923944374273,negative,0.000188355330776431
1271604924615479297,negative,0.1531014281047877
1271604927559843841,negative,0.04471905957801532
1271604928595791874,negative,3.989741608300387e-06
1271604929065553920,negative,0.0037102536120277117
1271604929329860609,negative,0.005250882945730276
1271604929384386562,negative,0.011703220097117726
1271604930764308480,negative,0.0007700670226405214
1271604930831437824,negative,0.1268028451552595
1271604931871625218,neutral,0.37137062280538924
1271604933062778881,neutral,0.4898631585877994
1271604933377343495,negative,0.026041506088579122
1271604933977137152,neutral,0.5357723395704971
1271604936447492098,neutral,0.34117024056417766
1271604937261060097,negative,0.0008865108974727755
1271604937915543552,neutral,0.4461733275406525
1271604938171449349,neutral,0.49789225920557484
1271604940897759238,negative,0.018231076434766017
1271604941187092480,negative,0.014837284317539536
1271604941606604800,neutral,0.5357723395704971
1271604942030200833,negative,0.05704173019693906
1271604942277472256,negative,1.8066554511466122e-05
1271604944660058114,negative,0.00019984109669266473
1271604945146519552,negative,0.05613179351469032
1271604946161500160,neutral,0.49789225920557484
1271604946652127235,negative,3.69141864839511e-06
1271604947768000519,negative,1.67824124727267e-05
1271604948116086784,negative,0.00019984109669266473
1271604948908867585,negative,0.00014945505515425882
1271604948954951682,positive,0.8228993052856974
1271604949110185984,negative,0.13711533949707508
1271604949269569536,negative,0.021317271694840382
1271604949663862784,negative,0.013651308230391082
1271604950263627776,negative,0.002671403393780663
1271604950271918080,negative,0.0005330289711396502
1271604950544666626,negative,0.22843951566141943
1271604950666264578,negative,9.606185295138693e-05
1271604950808887296,negative,0.1173393859443121
1271604950833876992,negative,0.02272847276770877
1271604951253430289,negative,0.05573004273764708
1271604952994058241,positive,0.7439142729884459
1271604953044455424,positive,0.6824837810859113
1271604953942036481,negative,0.00011092673492861494
1271604954504060928,negative,0.011013279854401599
1271604955087097856,negative,0.0023864531750042895
1271604955477131265,negative,0.002418228708076309
1271604957448409090,neutral,0.34373392683122533
1271604957490196481,negative,0.017485030533824317
1271604957846949890,neutral,0.5953139771580094
1271604958564159490,negative,0.000461978987029925
1271604959071666178,negative,0.00016397075895749168
1271604961160429571,negative,0.2180542432013676
1271604961336602624,negative,0.06719243550142938
1271604961831518209,negative,0.0049024829505844945
1271604962078924802,negative,0.0007231427052352044
1271604962183741441,negative,0.0558885799001062
1271604963437772800,negative,0.021411671151107634
1271604964033511427,positive,0.9983075352990961
1271604965513945089,negative,0.0014316896830363001
1271604965715447813,neutral,0.4569023918106783
1271604966696910850,negative,0.03840564920058137
1271604967313375232,neutral,0.35451443008515343
1271604967632252928,negative,0.002242760137522403
1271604967653076992,negative,0.18885651783481275
1271604968282349569,negative,0.17198379562750005
1271604969494511618,neutral,0.37433588308817456
1271604969851019266,negative,0.18528209351825642
1271604969934708736,positive,0.9969884738116033
1271604969955831808,negative,0.016821485277076456
1271604970249498624,negative,0.001869287112884431
1271604970459185152,negative,0.01719004681774222
1271604970593402881,negative,0.03416143747831388
1271604970593402882,negative,0.014972077498223192
1271604974183743488,negative,0.0004013529115535707
1271604974406053888,negative,0.22513179180885018
1271604974716440581,negative,0.1735162678381825
1271604975345557510,negative,0.002671403393780663
1271604975521710080,negative,6.4675117100569094e-06
1271604975714648065,negative,0.005894416270567474
1271604976058544129,negative,0.004469085542361054
1271604978231111685,negative,0.0049024829505844945
1271604979036545024,negative,0.16818843477961168
1271604979208519687,negative,8.16173565617303e-07
1271604979577520135,negative,0.14154507524386337
1271604980022206470,negative,6.113368402411272e-06
1271604982421258241,negative,0.0071479933406052385
1271604983201517573,neutral,0.47440008876201173
1271604984191336448,negative,9.319635167197022e-07
1271604984463974401,negative,0.0005351132759893319
1271604985336401921,negative,2.0757907719856787e-09
1271604985353076736,neutral,0.3499279833025448
1271604986292600832,negative,1.8474395336997782e-07
1271604986611470336,negative,0.250761926018034
1271604986804408322,negative,0.04992549301160525
1271604987324440580,negative,0.04406693369554184
1271604988054245376,negative,0.05368241837099004
1271604988108824576,negative,0.0011476103271417274
1271604988289134592,negative,0.2116342426238279
1271604988335345664,negative,0.019233722669908446
1271604989044183041,negative,8.22440140041647e-09
1271604989149032450,neutral,0.44293369882393957
1271604990872899584,negative,0.00012358293547957858
1271604990952513536,neutral,0.5844660558927414
1271604991296524288,negative,0.12974310845169645
1271604991346774017,negative,0.049625321015014164
1271604991384485890,negative,0.00019984109669266473
1271604992579981312,negative,0.0044848958725227294
1271604994912006144,negative,0.023960019884244264
1271604995423719426,negative,0.029221171854788907
1271604995440480257,neutral,0.35451443008515343
1271604995553722375,negative,0.0007700670226405214
1271604995578834945,negative,0.17553924241747834
1271604995654369280,neutral,0.49789225920557484
1271604995738214400,negative,0.005708571122906952
1271604996556161024,negative,0.06591102209852782
1271604996640047104,negative,0.14421851175933395
1271604996753293315,negative,0.007816173043045015
1271604996803563520,negative,7.919870202411696e-06
1271604997109751808,negative,0.011708708880323729
1271604997109809152,neutral,0.41557614730585196
1271604998871437313,negative,0.3040949491800166
1271605000066695169,negative,0.0017873466332414011
1271605000339427329,negative,0.0030930985899636264
1271605000784031745,neutral,0.3381189830050101
1271605002763677698,negative,0.008027242860661456
1271605003090907136,negative,7.258876275505858e-05
1271605004110106624,negative,2.03431537205805e-05
1271605004764360704,neutral,0.46127768308170247
1271605004810534918,negative,0.13943101846127195
1271605004886069248,negative,0.0071479933406052385
1271605005615869952,negative,1.56260701404286e-05
1271605005657595904,negative,6.898181232754515e-05
1271605005670203393,negative,1.8066554511466122e-05
1271605007666774017,negative,0.003410092863709786
1271605007872385033,negative,1.0253256554722824e-07
1271605008702857216,neutral,0.4670100671583925
1271605009034158081,negative,0.01879425341181135
1271605010015510529,negative,0.0013861122586575497
1271605011672444929,negative,0.12132513325596639
1271605012112838657,negative,6.604321581933903e-05
1271605012280549377,negative,0.01552788654488999
1271605012666466304,negative,1.457237922013405e-07
1271605012767158274,negative,0.032399792536517806
1271605016483246080,neutral,0.4886053638572531
1271605016537767936,negative,0.00028999105474641397
1271605017976410113,negative,0.138094518987045
1271605018219642886,negative,0.006530412676232573
1271605018458800135,positive,0.761247009986181
1271605018530123776,negative,0.05071150532714072
1271605019826024448,positive,0.9954358158977953
1271605019851325441,negative,0.049211293752046484
1271605019964592129,negative,0.025152324668022856
1271605020132139009,negative,6.814737771588547e-08
1271605020861976576,negative,0.002395107361095619
1271605021180911616,negative,0.1194251928928092
1271605021201833987,negative,0.026102557911560516
1271605021654880256,negative,0.0023170344461177867
1271605021856104449,negative,0.007599598437030047
1271605021919064064,negative,0.028648481905529474
1271605022350925824,negative,0.2486640047527842
1271605024032948224,negative,0.28112816092110127
1271605024196636673,positive,0.9483995123955411
1271605024205004802,negative,0.00424857049738017
1271605024356020224,negative,0.0005351132759893319
1271605025085718528,negative,0.006469679400739249
1271605025148678149,negative,3.262796994869556e-05
1271605025241018375,negative,0.00020588847968821628
1271605025433882624,neutral,0.49789225920557484
1271605025605931021,neutral,0.5588090662220649
1271605025672962052,negative,2.371088320605208e-05
1271605028348887043,negative,0.05669811207751097
1271605028437078022,negative,0.006530412676232573
1271605028969742336,neutral,0.5237191043194829
1271605029351436288,neutral,0.49789225920557484
1271605030207082497,negative,0.01552788654488999
1271605030219649024,negative,0.012523744032123817
1271605030630707201,negative,0.10114664872791884
1271605030781628417,negative,0.3275068838229145
1271605031079477248,positive,0.9954358158977953
1271605032815857672,negative,0.022580389085052423
1271605032866263041,negative,0.11425819077871775
1271605033012994048,neutral,0.36016814752658377
1271605033113714690,negative,0.00019984109669266473
1271605033856110593,negative,0.04251423792646359
1271605034418089987,negative,0.01552788654488999
1271605034774642690,negative,0.15978797413628154
1271605036414631939,negative,0.004371394934422091
1271605037127663616,negative,0.22055665962303347
1271605037307920384,negative,2.843152685788027e-06
1271605037811118080,negative,0.00029182069955432184
1271605038037770246,negative,0.0010544497805837873
1271605038570496002,negative,0.0002833791535977362
1271605038838931456,neutral,0.3381189830050101
1271605038859853824,negative,2.2006465485342663e-15
1271605038922772481,negative,0.03804145621633427
1271605038947811329,negative,0.0006231497894395036
1271605041648898048,negative,0.00023882966192448517
1271605041741344769,positive,0.684687678208344
1271605042634686466,positive,0.9231439455612939
1271605042991202304,positive,0.9954358158977953
1271605045486850050,neutral,0.437369725752128
1271605045621133312,neutral,0.5130605840822943
1271605046451548161,negative,0.02986553712777523
1271605046686466049,neutral,0.4461535061537963
1271605046753533954,negative,0.07678130215016724
1271605046782750720,negative,0.021295168826505204
1271605049177694208,neutral,0.34117024056417766
1271605049546940419,negative,0.012157219429847021
1271605049869979650,negative,0.0271165461827435
1271605050138378247,negative,1.69597407704258e-05
1271605050364899334,negative,0.011514322797433394
1271605050557829120,negative,0.17088545836014346
1271605050733887488,negative,0.06756897342989703
1271605050943700997,negative,0.025098476340500178
1271605051358883851,neutral,0.5136446707795853
1271605051837079553,neutral,0.3381189830050101
1271605055561641986,negative,0.0017345503203878316
1271605057553944576,negative,0.010498891827495306
1271605057721634818,negative,0.03180962742221007
1271605057809575938,negative,0.013651308230391082
1271605057956581376,neutral,0.3381189830050101
1271605058493243393,negative,0.059371854367166486
1271605059663663104,negative,0.0013327655293858542
1271605061983092736,neutral,0.48728019602140255
1271605062075404288,neutral,0.60143295910391
1271605063333621760,negative,1.56260701404286e-05
1271605063656538114,negative,0.15566629141018473
1271605063866290176,positive,0.6624055896622104
1271605063883132928,negative,0.041894793809486804
1271605065934127104,negative,0.17088545836014346
1271605066022162438,neutral,0.5357723395704971
1271605066965741569,negative,1.8066554511466122e-05
1271605067465011200,negative,0.030785803087380062
1271605067670532101,neutral,0.4462239128013263
1271605067825795072,neutral,0.3381189830050101
1271605068152832001,negative,0.000188989603261951
1271605070392692737,negative,0.005479099288117338
1271605071982231552,negative,3.0274801102091522e-05
1271605072972197888,neutral,0.34117024056417766
1271605073018327041,negative,0.00017255074875085764
1271605074867949568,neutral,0.4583784321128164
1271605074935111682,negative,0.0005358077387413497
1271605075136430081,negative,0.016827647723842706
1271605075249639424,negative,0.00174812024433325
1271605075874463744,negative,0.009142270426811075
1271605078718386176,positive,0.7572234379045634
1271605079049633794,neutral,0.49789225920557484
1271605080526131200,negative,5.1110461772575314e-05
1271605081373368326,negative,7.25332952347127e-06
1271605081541095425,negative,0.0025830320792044953
1271605082937647104,negative,1.176706131424099e-05
1271605084070297601,negative,0.001399028406326585
1271605084493713411,negative,0.23252902790450847
1271605085160833025,negative,6.898181232754515e-05
1271605087065059328,negative,0.23679171275157856
1271605088767770625,negative,0.31640893331451275
1271605091645218816,negative,0.0076008519607350345
1271605092794470400,negative,0.021468205824297266
1271605093209645057,negative,0.006611344016850039
1271605095378096128,negative,0.002967861328473477
1271605095411658753,negative,0.004083949797367266
1271605095784988674,negative,0.010648031339205213
1271605095873089543,neutral,0.5357723395704971
1271605097005490177,negative,0.00011956867844001535
1271605097433366529,negative,0.0015198138629097578
1271605097710018561,negative,0.11328906566888444
1271605097940889601,negative,0.01956563906493922
1271605099740254208,negative,0.01552788654488999
1271605100025348097,negative,0.11426736747578994
1271605100033777664,negative,0.012676502386934916
1271605101376024576,negative,0.2675637579473606
1271605101422161920,negative,0.0584989645647601
1271605101573165056,negative,0.004077199090876045
1271605101774299136,positive,0.9945394003258434
1271605104219688960,negative,0.0021205395765148414
1271605104639045632,negative,0.08002465081650481
1271605105016651777,negative,1.6743450461429702e-06
1271605105326948353,negative,0.049211293752046484
1271605105897472006,positive,0.8439453603753593
1271605107919065088,negative,0.2603124569832783
1271605109223546881,negative,0.12703271384507175
1271605110116941825,negative,0.005119736573066435
1271605110607474688,negative,0.17716616806426133
1271605110951403520,neutral,0.39825874747498186
1271605112553775104,negative,0.002671403393780663
1271605113778511873,neutral,0.437369725752128
1271605115041001473,positive,0.9713455084282997
1271605122489958400,negative,4.958307300214734e-05
1271605122972422145,negative,0.005479099288117338
1271605124826378242,negative,0.059371854367166486
1271605126038532099,neutral,0.5088040958032037
1271605129154711553,negative,6.711292538800063e-06
1271605129691660288,neutral,0.3381189830050101
1271605130840989696,negative,6.635103615185109e-05
1271605130987745281,negative,0.0001629385359371577
1271605134712340480,negative,0.005894416270567474
1271605135697944581,positive,0.9133772928752016
1271605138596212740,negative,0.07783904481023335
1271605138743009284,neutral,0.3381189830050101
1271605138902454274,negative,0.012447427632221408
1271605139397378049,neutral,0.3381189830050101
1271605140370477059,negative,0.010197085807850613
1271605141691654147,negative,0.18744293802899228
1271605142400483328,negative,0.027306211591214814
1271605142404714501,negative,0.19552563706121598
1271605142731685888,positive,0.9954434945212214
1271605142756962304,negative,2.180919888011239e-06
1271605143130300421,negative,1.4582233510377277e-05
1271605145877577735,negative,0.0861737544556488
1271605146590621696,negative,0.06714732549627017
1271605147253256192,neutral,0.3381189830050101
1271605148243165186,neutral,0.3883998902985792
1271605148872212480,negative,0.06182057940407165
1271605150340263936,negative,1.4282680352932503e-05
1271605150394789890,negative,0.01552788654488999
1271605150436777984,negative,0.036178733550781904
1271605150533259271,negative,6.898181232754515e-05
1271605150986260482,negative,5.164474682184637e-07
1271605151011405829,negative,1.8066554511466122e-05
1271605151024009216,negative,0.009759957374780099
1271605152215171079,negative,1.56260701404286e-05
1271605152353583107,negative,0.007599598437030047
1271605154845003777,negative,0.0832616067651975
1271605155302121472,negative,0.028569962661240445
1271605155318956034,negative,0.1067748298512315
1271605156056973312,negative,0.00015844624714031713
1271605156933754881,negative,0.0002670275083123869
1271605157114064901,negative,0.02777863923988599
1271605157302726658,positive,0.684687678208344
1271605158263140353,negative,0.2824876424311173
1271605158363967488,negative,4.40937372909515e-05
1271605158716289025,negative,0.012164792431929873
1271605158724714499,negative,0.0011434922114287168
1271605159148294144,neutral,0.33758533303423804
1271605160704434177,negative,0.09470656799793327
1271605161207554048,neutral,0.34117024056417766
1271605161635569667,negative,0.018263572970062283
1271605162432487426,neutral,0.3499352441185855
1271605162587631617,negative,0.0049024829505844945
1271605162893807616,negative,0.001669854372146918
1271605162981961728,negative,0.00011943789792564943
1271605163233619970,negative,0.026197923313326318
1271605164311535619,negative,0.00019328371730703794
1271605166622543872,positive,0.9990701572160731
1271605166937178113,negative,0.00032315599475010644
1271605167092310016,negative,0.2847093328097419
1271605167343964165,negative,1.3568937260647489e-14
1271605167364820992,negative,0.3169668140605262
1271605167444635648,negative,4.50491123474092e-05
1271605167943643136,positive,0.8439453603753593
1271605167989772289,negative,0.0005382591319621885
1271605168547790848,positive,0.993706470755076
1271605169235603457,negative,0.0662937591815175
1271605169839628288,negative,0.00019984109669266473
1271605171949391873,neutral,0.6234049249685203
1271605173614456833,negative,0.06756897342989703
1271605175321575425,neutral,0.6582643402168333
1271605175443165186,negative,0.002349627472276484
1271605177037066242,negative,0.009316905594615545
1271605177330438144,negative,0.1317821832586631
1271605177968209920,neutral,0.437369725752128
1271605178081345539,negative,0.21921412548362115
1271605179209654274,negative,0.05378192752732259
1271605180602163201,positive,0.9199679420384647
1271605180786769922,negative,0.06902885548356658
1271605181000462336,negative,1.8066554511466122e-05
1271605181080354816,neutral,0.41557614730585196
1271605181424140288,positive,0.8922820877151986
1271605181734518785,negative,1.8066554511466122e-05
1271605182523224065,negative,0.0004627017244381474
1271605183680782336,negative,0.00012087283826559246
1271605183726809089,negative,0.0049024829505844945
1271605184603488259,neutral,0.6297664607005927
1271605184876220418,negative,0.015360794228947589
1271605184964120576,negative,0.012017192431571493
1271605184997625857,negative,3.989741608300387e-06
1271605184997834752,negative,0.08450582712108895
1271605185236946944,negative,0.30468958915460226
1271605185589239808,negative,0.3275068838229145
1271605185731792897,negative,0.0004493944919482128
1271605185761206277,neutral,0.3381189830050101
1271605185979219971,negative,0.04495357886299508
1271605187677958144,negative,0.027994019961084117
1271605187954774016,negative,3.262796994869556e-05
1271605189175382016,negative,0.005536897487797683
1271605189275942915,negative,6.547150004312279e-07
1271605189317976065,negative,0.0832616067651975
1271605189452193798,negative,0.03416143747831388
1271605190274285568,negative,0.008218611030477002
1271605190534344705,positive,0.7842586057601225
1271605190815174656,negative,0.004681067402980314
1271605190857306112,negative,0.026028576436117123
1271605192769843200,negative,0.0019660331236129296
1271605192857919488,negative,0.000132376457949845
1271605193604509698,negative,0.03180962742221007
1271605193650647041,negative,0.06813129550413563
1271605193671454725,negative,0.006433355913512592
1271605194187509761,negative,0.004304988170931951
1271605194254618625,negative,0.0254038467215007
1271605194539876353,negative,0.01786866897430779
1271605195965956096,negative,0.01879425341181135
1271605195970093056,negative,0.24662590683717722
1271605196834197506,negative,0.003976061856514325
1271605197920493568,negative,0.002418228708076309
1271605198021107728,negative,3.4756179013684414e-05
1271605198348304385,negative,0.011498667091163109
1271605198411218950,negative,0.000716658156791698
1271605198595727361,negative,0.07152762509154904
1271605200248160256,negative,0.0013861122586575497
1271605200340516865,negative,0.09692883118304683
1271605200994938881,positive,0.7842586057601225
1271605201162682368,negative,0.3248410612445367
1271605201456201729,negative,7.34085919362028e-06
1271605201749696514,negative,0.0005330289711396502
1271605202202898435,negative,0.03015557249920751
1271605202580365314,negative,0.01552788654488999
1271605202861412353,negative,0.04251423792646359
1271605205524717568,negative,0.014991899094609436
1271605205780619273,negative,4.40937372909515e-05
1271605205998673921,negative,0.07802105340640744
1271605208699764738,negative,0.012990095621005317
1271605208704049153,negative,0.002101445885105147
1271605208854872066,negative,0.0049024829505844945
1271605208897015808,negative,0.11392493218546201
1271605209236672512,negative,0.163732837805527
1271605209668685827,negative,0.02738888129759384
1271605210767556609,negative,0.01306080434144152
1271605210801074176,negative,0.004586907188674905
1271605210809618434,positive,0.9999642357924706
1271605210818007046,negative,0.01552788654488999
1271605210901737473,negative,0.012147162257110768
1271605210994089990,negative,0.0031767307994237273
1271605212583690242,negative,0.00041389524410216275
1271605212772433928,negative,0.09629898425341812
1271605212994768903,negative,0.00012358293547957858
1271605213208563712,negative,0.0003013476501937888
1271605213355442177,neutral,0.3695996442358613
1271605213980491777,negative,0.19819772738772282
1271605214139711488,negative,0.1505073927745344
1271605214496391169,negative,0.000665164788172341
1271605214643023872,negative,0.1977201248360266
1271605214936776705,negative,0.05610309040052827
1271605217864355840,negative,0.02428248049254861
1271605218321600514,negative,0.007032605876039598
1271605218413854721,negative,3.4756179013684414e-05
1271605218501951489,negative,0.00023882966192448517
1271605218636152832,negative,0.0002833791535977362
1271605219005206530,negative,0.014683389588552323
1271605219827335168,negative,0.07357163037446056
1271605221244964869,negative,1.1758861122273578e-13
1271605221920301056,neutral,0.34117024056417766
1271605222784348161,negative,0.0056110453144678435
1271605225527205889,negative,0.021873131606606658
1271605226051645440,negative,0.05817995923428874
1271605226932494336,negative,0.11565338948549088
1271605227272245250,negative,0.01782102657941943
1271605228144599041,negative,0.001842031509920941
1271605229885276160,negative,0.00011341912160628809
1271605229977571328,positive,0.7760958457010583
1271605230359187456,negative,1.8066554511466122e-05
1271605230854176768,negative,0.024573085558803692
1271605231021850624,negative,0.04251423792646359
1271605231529398277,neutral,0.3381189830050101
1271605232464732160,negative,0.3040949491800166
1271605233970446337,neutral,0.49722855543915756
1271605234134069249,negative,1.176706131424099e-05
1271605234222194694,negative,0.012676502386934916
1271605234238980099,negative,0.29150453131543796
1271605234280935424,negative,0.0005358077387413497
1271605234528387073,negative,1.8066554511466122e-05
1271605234977169408,negative,0.3275068838229145
1271605235228827651,negative,0.12436129857871134
1271605236206051330,negative,0.0023170344461177867
1271605236340101120,negative,6.236105015602125e-07
1271605236604469248,negative,0.1776612860113294
1271605236667424769,negative,0.03180962742221007
1271605236847841280,negative,0.20609417757329118
1271605236906577923,negative,0.01552788654488999
1271605238668107779,negative,0.059371854367166486
1271605238877716480,negative,0.0035258514769196665
1271605239632797696,negative,1.8066554511466122e-05
1271605239809007617,negative,2.0314056196711032e-06
1271605242245918726,positive,0.9330485055510926
1271605242346561536,negative,0.002671403393780663
1271605242577158145,negative,0.0003406518265563171
1271605242887639040,negative,0.025098476340500178
1271605244682780677,negative,0.01355600344767054
1271605246481952768,negative,0.01552788654488999
1271605246817562630,negative,0.026028576436117123
1271605246859542528,negative,0.08002465081650481
1271605248927432704,negative,2.3573185270615708e-07
1271605249464315907,negative,0.10738371606304128
1271605250701643777,negative,0.012676502386934916
1271605250974244872,negative,1.3476317052720875e-06
1271605251158740993,negative,0.0832616067651975
1271605251318128645,negative,0.0005000728954740911
1271605252219944965,negative,0.07411926982528108
1271605253302075394,negative,0.23547448214396235
1271605256842084352,negative,0.06182057940407165
1271605259824218114,negative,5.1048048333499485e-05
1271605259987824640,negative,1.56260701404286e-05
1271605260394663936,negative,0.0001608214013635394
1271605261099241472,negative,7.033775197090262e-05
1271605264077201408,negative,5.1110461772575314e-05
1271605267759841281,negative,0.12638575508756936
1271605268535787522,negative,0.193630486008424
1271605269215223809,negative,0.0025023475565534373
1271605272365150208,negative,0.04907696882727438
1271605272721494016,negative,0.0033485528535400857
1271605276702134273,negative,0.0006630570627097527
1271605276924424192,negative,0.007599598437030047
1271605277318623232,negative,0.007492293006742919
1271605278354571269,negative,0.006827054676551039
1271605278371270656,negative,1.67824124727267e-05
1271605278488907776,negative,0.14902308746955298
1271605278564368384,negative,0.0002751504531963234
1271605278727909376,negative,1.469454395874089e-05
1271605279931674626,neutral,0.45330597087403485
1271605280342773764,negative,0.04009426361417171
1271605280757800962,negative,0.031878023019881185
1271605280770609152,negative,3.214083268742156e-10
1271605281361924096,negative,0.0002183029276204472
1271605281580072961,negative,1.8066554511466122e-05
1271605284084080643,negative,0.022239639193932088
1271605284113440768,negative,0.08413000880975484
1271605284344139784,negative,1.8066554511466122e-05
1271605285019439105,negative,0.03180962742221007
1271605285296234496,negative,0.0832616067651975
1271605285526867968,negative,0.002418228708076309
1271605286827106304,negative,0.04283844340723604
1271605289406603264,negative,0.016261486048594783
1271605289805062144,negative,0.20757850165123046
1271605290094428165,negative,0.02341292172742968
1271605293160464384,neutral,0.49789225920557484
1271605293785460738,negative,0.09038507580680345
1271605294544621570,negative,0.0048031083353694045
1271605295156989957,negative,2.0757907719856787e-09
1271605296926879744,negative,0.0009719856039942941
1271605298902548480,negative,0.0001416548506366076
1271605298919288839,neutral,0.37024548501859017
1271605300903251981,negative,0.0012605360212850749
1271605301725278210,negative,0.08677948931410025
1271605303323381762,negative,2.0952018843462918e-07
1271605303616966657,negative,0.0049024829505844945
1271605303621058560,negative,0.004104892321525623
1271605303822430209,negative,0.12445837313391678
1271605303914758144,negative,0.018231076434766017
1271605303981871104,neutral,0.49789225920557484
1271605305139486720,negative,0.00016628924848785266
1271605305173049346,negative,0.06108501646346183
1271605305936351232,negative,0.0012425817955949703
1271605306569654272,negative,0.012522383558444582
1271605306573893637,negative,0.016240458658105694
1271605306896846854,neutral,0.49789225920557484
1271605306989182976,negative,0.015946341074103896
1271605307316166656,negative,6.619942978797193e-05
1271605307328860167,negative,0.010701089573192053
1271605307421143041,negative,0.0009657580531202087
1271605309371449344,negative,2.9288601668258818e-12
1271605310113771523,negative,0.0003403263285936203
1271605310503911425,neutral,0.48728019602140255
1271605311351197696,negative,0.23465955525626536
1271605312299192325,neutral,0.3381189830050101
1271605313851047937,negative,0.2793168272936149
1271605314354176000,negative,0.005894416270567474
1271605314618626048,negative,0.00024632378488133105
1271605315616731137,neutral,0.37137062280538924
1271605316233428993,negative,0.004177207747894189
1271605317827248128,negative,0.21869957522259542
1271605318972309504,negative,0.0832616067651975
1271605319026819072,neutral,0.526576474445737
1271605319119114240,negative,0.015946341074103896
1271605321824378881,negative,0.00010178830016694122
1271605322109550592,negative,0.011291671248451733
1271605322226913280,negative,3.349107618031968e-05
1271605322923286528,negative,0.08330042348950213
1271605323124662273,positive,0.8022954637507164
1271605323137257473,negative,0.2824876424311173
1271605323686719488,neutral,0.437369725752128
1271605324034854914,negative,0.13436796389140312
1271605324173258753,negative,0.002886944683696644
1271605327256072207,negative,0.021619880930932842
1271605330422751233,negative,0.09073859781219133
1271605331123208192,negative,0.014310502985775625
1271605331613925376,negative,0.0005351132759893319
1271605331739783169,negative,0.005479099288117338
1271605332041580544,negative,5.656349763219473e-06
1271605334373806081,negative,0.1194251928928092
1271605334608674816,neutral,0.47065557682678993
1271605334801604609,negative,0.12056596353541715
1271605334805643265,negative,0.0003403263285936203
1271605334910611457,neutral,0.3725458233667465
1271605335258775555,negative,0.12003509490238082
1271605335921438725,negative,0.00016628924848785266
1271605336739180545,positive,0.7685322661239289
1271605337041317888,negative,0.05817995923428874
1271605337062244352,negative,0.00023719053040000164
1271605337095880707,negative,0.00016628924848785266
1271605337095909379,negative,0.005627223045778624
1271605338882617344,negative,0.027076930483470617
1271605339453038593,negative,0.013020474660298428
1271605340350668803,negative,0.11110455859072971
1271605340749127680,negative,0.01552788654488999
1271605343609552896,negative,0.06756595654986544
1271605343739678722,negative,0.00048732982616000683
1271605344066772993,negative,0.004469085542361054
1271605344268058624,negative,0.01786866897430779
1271605344326877186,neutral,0.3381189830050101
1271605344440070145,negative,1.8066554511466122e-05
1271605345014743040,positive,0.8916089430585038
1271605345081835522,negative,0.00016628924848785266
1271605347174752256,negative,0.0352180593316923
1271605347552198656,negative,0.07408930857575648
1271605347556433920,negative,0.0002833791535977362
1271605347711672320,negative,0.00019984109669266473
1271605347724206081,negative,0.0006236845315315295
1271605347929722880,negative,0.00012358293547957858
1271605348160299009,neutral,0.5150519242632967
1271605348647002114,neutral,0.6330455584487023
1271605349246795776,negative,7.34085919362028e-06
1271605349401808896,negative,0.006971821635413582
1271605349464899584,negative,0.014003334576109852
1271605351880654848,positive,0.8442014614349974
1271605352086360067,positive,0.9036288208541824
1271605352090476550,negative,0.013862792225410892
1271605352442793985,negative,0.09658838931814522
1271605352468025356,negative,0.022791661115742306
1271605352979718144,neutral,0.3381189830050101
1271605353294200835,negative,0.0049024829505844945
1271605353587900416,positive,0.7349888422069276
1271605353684361216,negative,0.06542922137181013
1271605355357900806,negative,0.11162762197975168
1271605356020580352,negative,0.00010809840825650669
1271605356393828352,negative,1.8310427227578072e-05
1271605356817457152,negative,0.02986553712777523
1271605357039714304,negative,0.0005351132759893319
1271605357304066049,negative,0.00044930667122536236
1271605357308239873,negative,0.0031626366268297694
1271605358323208192,negative,0.00021575848065662754
1271605358679785474,negative,0.11162762197975168
1271605359699013632,negative,0.2872708586356819
1271605360038744071,negative,0.001842031509920941
1271605360416227328,negative,0.07587745661513555
1271605360856567814,negative,0.0825886283591841
1271605361208934402,negative,0.1776254394538854
1271605361498357761,negative,0.018307856456535
1271605361611608065,negative,0.02162369256831097
1271605361687121920,negative,0.05975333958335618
1271605361699688449,negative,0.12256942247852932
1271605362257428480,negative,0.20337728031970964
1271605362261667840,negative,0.014310502985775625
1271605362467246080,negative,0.0832616067651975
1271605362739671040,negative,0.02738888129759384
1271605364031537152,negative,0.0062890390341501295
1271605364849590272,negative,0.31894895207988067
1271605366091120640,neutral,0.34117024056417766
1271605367999512588,negative,0.002019654028444963
1271605368045670403,negative,0.003628480029379444
1271605368087621632,negative,0.0825886283591841
1271605368221728774,negative,0.20092814036879367
1271605368309735424,negative,1.4282680352932503e-05
1271605368653860865,negative,0.08263500448964196
1271605368779669504,negative,3.972619992345438e-08
1271605368959963136,negative,0.023237544953726194
1271605368980979712,negative,0.0676711511413239
1271605369140400131,negative,7.022098544567409e-05
1271605369157058560,negative,0.0287698878173255
1271605369228472321,negative,2.277595587542832e-06
1271605369555615744,neutral,0.42692405419329105
1271605369735970816,neutral,0.5533970533999424
1271605369845014535,negative,0.014592387966216947
1271605370394419202,negative,0.006484039576829422
1271605370704867328,negative,0.1154759273975014
1271605370746810368,negative,0.00016397075895749168
1271605372235796480,negative,0.0071479933406052385
1271605372374007810,negative,0.09038507580680345
1271605372390866944,negative,0.0030792590047430592
1271605372609052677,negative,0.002368353537102394
1271605372718059520,negative,3.0373461343041953e-05
1271605372881711104,negative,0.017925439669329864
1271605373183524866,negative,0.0048031083353694045
1271605373204606976,negative,0.01719004681774222
1271605373800255488,positive,0.9376878850995406
1271605374039339008,negative,0.05610309040052827
1271605374458695680,negative,0.015946341074103896
1271605374710247424,negative,0.020144476084628184
1271605374840438785,negative,0.014461682671751517
1271605374941044736,negative,0.01552788654488999
1271605375092035584,negative,0.00016100482880607227
1271605375129849857,negative,0.00016628924848785266
1271605376790614016,positive,0.7488486930287965
1271605376996323329,negative,0.014310502985775625
1271605377013092355,negative,0.0015904174500992576
1271605377352810496,negative,0.026615173795510632
1271605377436536832,negative,0.13253071712145506
1271605377499570185,negative,0.08229543333060052
1271605377533202432,negative,0.00016628924848785266
1271605377738686470,negative,0.009272739832239805
1271605378162229248,negative,0.005127575902603595
1271605378183200768,negative,0.03211979858056497
1271605378329931776,negative,0.04251423792646359
1271605378791464960,negative,0.004652211087400809
1271605379512717313,negative,0.28286128465373983
1271605379600965632,negative,0.07097774057919216
1271605380645257228,negative,0.02332060513388942
1271605380678914048,negative,0.00016628924848785266
1271605380846686208,negative,0.00011185842159808205
1271605380989190145,negative,1.8066554511466122e-05
1271605381085696001,negative,0.0005358077387413497
1271605381358288896,negative,0.0043105333979841275
1271605382008504320,negative,0.04907696882727438
1271605382138548225,negative,0.0066870763049709445
1271605382541185024,positive,0.9708641168379752
1271605384797618176,negative,0.02329298299840352
1271605384910962692,negative,0.0016389966315902853
1271605384990654465,negative,0.005894416270567474
1271605385875656704,negative,0.0003890569917910718
1271605386827661313,negative,0.09528058865849887
1271605386873901056,neutral,0.5089004219517322
1271605386903269377,negative,0.01552788654488999
1271605386907435009,negative,0.007851522397655828
1271605387867967488,negative,0.007012448520741336
1271605388950061057,negative,0.0012132318589937422
1271605389377888256,neutral,0.5346180209913838
1271605390216585216,positive,0.9969884738116033
1271605390376124419,negative,0.002018737472771262
1271605390883635207,negative,0.00011341912160628809
1271605390959050763,negative,0.025986013737638435
1271605391043039237,negative,0.19866964481596217
1271605391135322112,negative,0.13963770492355695
1271605391424716800,negative,0.17471849602467449
1271605391575658497,negative,0.0024903569498676576
1271605391747682306,negative,2.013651364576399e-12
1271605391881834496,negative,7.822368507814697e-07
1271605392074833920,negative,0.14410793523239068
1271605392431149056,negative,0.02496772515293869
1271605393391792129,negative,0.029459991800648205
1271605393714827264,negative,0.030020422706499864
1271605393907736577,negative,0.03416143747831388
1271605394272632833,negative,0.024930210337728975
1271605394763382784,negative,0.09038507580680345
1271605396206215168,negative,0.188932403311468
1271605396281733122,negative,0.005820665306411165
1271605397489618951,negative,0.06430264127662322
1271605397787418624,neutral,0.37137062280538924
1271605398370504704,negative,0.00012358293547957858
1271605398483673089,negative,0.03840564920058137
1271605398940909569,negative,1.5295822187128162e-05
1271605399070916609,negative,0.052327478307302215
1271605399108583424,negative,0.0013327655293858542
1271605399364534272,negative,0.001278503335434978
1271605399477764096,positive,0.9376878850995406
1271605401994366976,neutral,0.47604585385447823
1271605402413785089,positive,0.6801874660219824
1271605402640297986,negative,0.03180962742221007
1271605402799616000,negative,0.020144476084628184
1271605403076493314,negative,0.0014430253150947822
1271605403118272513,negative,0.0010033410433637482
1271605403684610049,negative,0.04580868801829515
1271605405744054273,negative,0.017298333818985448
1271605406691885056,positive,0.9993613763097036
1271605406712754176,negative,2.7307639455565984e-05
1271605407128137728,neutral,0.46580994113209095
1271605408055132162,negative,0.023696020030557378
1271605408231075841,negative,0.24531216546523807
1271605409900568576,negative,0.00016628924848785266
1271605409950941189,negative,7.236773637704521e-08
1271605410303279104,positive,0.998730989168844
1271605410974359556,negative,0.007295532519751675
1271605411095785473,negative,0.0099536958179938
1271605411251204096,negative,0.018227388731906897
1271605411641274369,negative,0.06343551244115556
1271605411901300736,neutral,0.33402218903110614
1271605411964215301,negative,0.020188066625126205
1271605412144578560,neutral,0.551077815994506
1271605412429791233,negative,3.6913898853497445e-06
1271605412647886855,negative,0.17088545836014346
1271605414745067531,negative,0.00023882966192448517
1271605414900183040,negative,0.0011308234490000914
1271605414929580033,neutral,0.5569460627050385
1271605415135064066,neutral,0.37609422587007374
1271605415156072451,neutral,0.49789225920557484
1271605415428722689,negative,0.03115782779690509
1271605415554551809,negative,0.03541998119034479
1271605415877509120,negative,0.3040949491800166
1271605416082968576,negative,0.0429607276614003
1271605416200474627,negative,0.002967236849464087
1271605416250630146,positive,0.916649847416321
1271605418691829760,negative,0.08677948931410025
1271605419451060224,negative,0.10499275426788209
1271605419484434432,positive,0.7177974828893046
1271605419522306048,negative,0.0002833791535977362
1271605419782344706,negative,0.00012358293547957858
1271605419799187456,negative,0.0528224819303702
1271605419832737793,neutral,0.46580994113209095
1271605420126277634,negative,0.00048732982616000683
1271605420537380865,negative,0.12239827232910852
1271605420864540673,negative,0.005111895773989832
1271605420919074816,negative,0.022607876507339957
1271605420952563712,negative,9.9776447420698e-05
1271605421183295488,negative,0.012164792431929873
1271605421250404352,positive,0.7078855302152476
1271605421283790848,negative,0.04444805491636417
1271605421560782850,negative,0.01355600344767054
1271605422517092357,negative,0.06335108109906798
1271605422563176449,neutral,0.6316367719432414
1271605422969896960,positive,0.7191017733861276
1271605423079149569,negative,0.1400662032707861
1271605423158763520,negative,0.015386386874891427
1271605423364341761,negative,1.1617097350785926e-05
1271605423460638720,negative,0.016656028492176282
1271605423506731008,positive,0.9254478822625744
1271605423582457858,negative,0.08677948931410025
1271605424588914688,negative,0.2234587016537679
1271605424605798404,negative,0.00019984109669266473
1271605424924524546,negative,0.001098065308545404
1271605426933637121,negative,0.11304708475553576
1271605427843801088,negative,0.00011886501293057115
1271605428045189121,negative,0.039309880892793664
1271605428145795080,negative,0.0006004169503286683
1271605429035024386,negative,0.3275068838229145
1271605429152493569,negative,0.0052079543571100185
1271605429248851968,negative,0.15797133755319195
1271605430851174401,negative,0.0029824586995290856
1271605431392231426,negative,0.0002558508086955222
1271605431513649153,negative,0.01552788654488999
1271605431702556672,negative,0.17471849602467449
1271605432138764289,negative,0.027532586259180133
1271605432327434242,negative,0.17553924241747834
1271605432524648449,neutral,0.3381189830050101
1271605432633774080,neutral,0.43966996739416636
1271605432650543104,negative,0.2486640047527842
1271605433095028736,positive,0.707786939931333
1271605433199968259,negative,0.0374238442098398
1271605433288048640,negative,0.0769429441709325
1271605433388666880,negative,0.007954934633077601
1271605435204644864,negative,4.889336146168058e-09
1271605435435495424,negative,0.28689202034227634
1271605436257636352,negative,0.00016628924848785266
1271605436312141825,negative,0.1735162678381825
1271605436727222272,negative,0.08002465081650481
1271605437339762688,neutral,0.3353500257179539
1271605438212169728,negative,0.0004941983879011057
1271605439302639618,negative,0.0008744017588821575
1271605439625596929,negative,0.268759511478412
1271605439671787520,negative,0.19343119447946558
1271605439868919808,negative,3.262796994869556e-05
1271605440728772608,negative,6.154786609430966e-08
1271605441043333121,negative,0.06585380029774504
1271605441248854018,negative,4.908254204596775e-07
1271605442439938049,negative,0.014310502985775625
1271605442574237697,negative,0.005459991594478547
1271605443169857537,negative,0.09143755214583463
1271605443522109440,negative,0.16807300652536872
1271605443803131904,neutral,0.3381189830050101
1271605443899490304,negative,0.01544564750963558
1271605444348346369,negative,0.04164257938099828
1271605444755292162,negative,0.03904675698350721
1271605444851535872,negative,0.08981585095944097
1271605444931395584,negative,0.00046762197326962054
1271605445229260800,negative,5.1420246397785346e-05
1271605445287907328,negative,0.28112816092110127
1271605445568978945,negative,0.030346777880785502
1271605447729037312,negative,0.1279310020655865
1271605447812841473,negative,0.13666746933319543
1271605447901024256,positive,0.9556858708304484
1271605447955320833,negative,0.2234587016537679
1271605448152616960,neutral,0.5136446707795853
1271605448492429317,negative,0.027565523875858356
1271605448521777152,negative,5.979475878198159e-05
1271605449838780418,negative,0.0024250966422565906
1271605450404921344,negative,0.00016628924848785266
1271605451063517184,negative,0.0832616067651975
1271605451755528193,negative,0.00016213217315136748
1271605451872968704,neutral,0.49789225920557484
1271605452636332034,negative,0.31062133515766494
1271605453273825283,negative,4.40937372909515e-05
1271605453408043008,negative,0.07802105340640744
1271605453953339393,negative,0.00010015157584620417
1271605453982773248,negative,0.0006231497894395036
1271605454012067841,negative,0.013265831157646643
1271605454012141571,positive,0.8670001297641313
1271605454120996865,positive,0.8830788274688061
1271605454150537221,negative,0.005894416270567474
1271605454515441672,neutral,0.6231301609365977
1271605454544744450,negative,0.17729329083702194
1271605456264462338,negative,0.2116342426238279
1271605456415457281,neutral,0.6249516040013057
1271605456620814337,negative,0.2819192202256438
1271605457115889664,negative,2.243289187211406e-05
1271605457233248259,negative,0.0002558508086955222
1271605457711480833,neutral,0.34117024056417766
1271605458529169409,negative,0.28286128465373983
1271605460257214464,positive,0.8643123567076518
1271605460286701568,negative,0.08385439761957358
1271605460412575745,negative,0.14303823880677863
1271605460668485632,negative,0.1354309190375597
1271605460773277696,negative,1.4054288486898354e-05
1271605460806897665,negative,0.1861215907157772
1271605461025017857,positive,0.9979365032458728
1271605461419261952,negative,0.14308527386746261
1271605461473726464,negative,0.002418228708076309
1271605461507354627,neutral,0.3381189830050101
1271605461993701376,negative,0.01719004681774222
1271605463898079233,negative,0.001267901937315079
1271605464632082432,negative,0.07675679997346974
1271605465143808001,negative,0.2749187876312121
1271605465152139264,negative,0.0032436010776672993
1271605465944907777,negative,0.11162762197975168
1271605466536316934,negative,0.015544088314397976
1271605466699837446,negative,0.0025262391285171184
1271605466800574466,negative,0.13175300248253155
1271605466804731905,negative,0.02650482368247653
1271605468667031557,negative,0.21336455614595073
1271605468704788483,negative,0.001842031509920941
1271605468797054977,negative,0.0006212642497341478
1271605469396832261,negative,0.09690104011848619
1271605469573009410,negative,0.04414320621693064
1271605470797500418,negative,0.18795859623648656
1271605470843867136,neutral,0.5277759842869705
1271605471020044288,negative,0.00019780856938887616
1271605471049330689,negative,0.007816173043045015
1271605471225491456,negative,0.13436796389140312
1271605473209434112,negative,0.021743780348458912
1271605473351839745,negative,2.411224558128473e-07
1271605473544994818,negative,0.08237920952498591
1271605473968521219,negative,0.02110585722415685
1271605474157367298,negative,0.07638420358625374
1271605474937524231,negative,0.03179256927295408
1271605474983645192,negative,0.01879425341181135
1271605477374296064,negative,0.02850842480389199
1271605477839974402,negative,5.979475878198159e-05
1271605478833913856,negative,0.029459991800648205
1271605479110819840,negative,0.037923919074804614
1271605479219789824,negative,0.01552788654488999
1271605479442198528,negative,1.1789776130917507e-06
1271605479513489408,negative,0.151317015463617
1271605479807074304,positive,0.781828506977275
1271605481480609792,negative,0.0062572977002605746
1271605481736470529,negative,0.0002833791535977362
1271605481748918274,negative,0.004175152262249203
1271605482373996544,negative,0.2815004929841164
1271605482483077120,negative,0.0002558508086955222
1271605482499776512,negative,0.025986013737638435
1271605482906673152,negative,0.0003817668947452522
1271605483653206022,negative,0.00011341912160628809
1271605483737092096,negative,0.0027633445845082157
1271605485213368321,negative,0.0014652812106966766
1271605485448265729,negative,0.00798617966158689
1271605485720842241,negative,1.8066554511466122e-05
1271605485846831104,negative,7.559685904674855e-07
1271605485863567360,negative,0.03804145621633427
1271605486496989185,neutral,0.49789225920557484
1271605486853464064,neutral,0.6594073068999112
1271605487809806336,negative,0.005309705943116031
1271605489575526400,negative,0.018263290605302858
1271605489625903105,negative,5.979475878198159e-05
1271605489697280004,negative,0.03695208748753567
1271605489890181120,negative,0.000613395004741737
1271605489932042240,negative,0.001842031509920941
1271605490234114048,negative,4.5872567309709963e-07
1271605490393296896,negative,0.07319276920795949
1271605490410311682,negative,0.00012217046157678453
1271605490506764289,negative,0.00016628924848785266
1271605490829713408,negative,0.059371854367166486
1271605491622465537,negative,0.005571168276509316
1271605491643318272,negative,0.010406493366435239
1271605491966320640,negative,0.0011721345138220143
1271605492390014978,negative,0.00015194828200427033
1271605492649951233,negative,4.193183010329416e-05
1271605493954498561,negative,4.951186927671993e-06
1271605494071910403,positive,0.9711635416342552
1271605494453547011,negative,0.07940854830408897
1271605495577612288,negative,7.2884477388465e-05
1271605495669932032,neutral,0.46127768308170247
1271605495976034308,negative,0.0005351132759893319
1271605496064040962,negative,0.02496772515293869
1271605496068349957,negative,0.004619285242187315
1271605496563326978,negative,0.0832616067651975
1271605496827576322,neutral,0.3381189830050101
1271605496844357638,negative,0.0002558508086955222
1271605497226018816,negative,0.01006866725670779
1271605497377021953,negative,0.00016628924848785266
1271605498001924096,positive,0.7452980896785166
1271605498152759297,neutral,0.34117024056417766
1271605498316566529,negative,0.0002558508086955222
1271605498425606145,negative,1.3355121151999692e-05
1271605498593316866,negative,0.005536897487797683
1271605498626768896,negative,7.236773637704521e-08
1271605498631127041,negative,0.0672770373814434
1271605498886963206,negative,0.0054593031337714145
1271605498916360192,negative,0.0002102903690265725
1271605499197222912,negative,0.043598371671244036
1271605499289616385,negative,0.2889782600489871
1271605499432239104,negative,0.05610309040052827
1271605502389161985,negative,0.00016628924848785266
1271605503043538944,negative,0.037923919074804614
1271605504083664897,negative,0.0825886283591841
1271605504133877760,negative,2.0246172055304522e-05
1271605504222154752,negative,0.022723298566581
1271605504259784705,negative,0.09038507580680345
1271605504461111297,negative,0.04745577454064255
1271605504482201601,neutral,0.5381380119166523
1271605504796692480,negative,0.002796020236523674
1271605505098756097,negative,0.11162762197975168
1271605505283297295,negative,0.00016628924848785266
1271605506465906690,neutral,0.5250137350369191
1271605506826739712,negative,0.07388171950582473
1271605506889715719,negative,2.3066141176456656e-05
1271605507162243072,negative,5.358641223818073e-07
1271605507443351554,negative,0.00011791760518418482
1271605507736862721,negative,0.00589155426679564
1271605507879550976,negative,0.06138095024089372
1271605508118663168,negative,0.00016628924848785266
1271605508429012992,negative,0.03900674263476593
1271605508730994696,negative,0.025423849341311082
1271605509045526537,negative,0.23434961843659413
1271605510991740930,negative,0.0016344745703215022
1271605511008530432,negative,0.026615173795510632
1271605511050289153,negative,0.20180757755998815
1271605511058849793,negative,0.00016939191391272462
1271605511318900741,neutral,0.37137062280538924
1271605511364935680,negative,0.07815941043386954
1271605511675211776,negative,0.28286128465373983
1271605512187109376,negative,0.032429553893348506
1271605514833666048,negative,0.0072626259270995195
1271605515638812672,negative,0.151317015463617
1271605515655790598,negative,0.052953870092414874
1271605515915755520,negative,3.8561914769992557e-07
1271605516087832581,negative,0.1600527177438339
1271605516121149440,negative,0.001111287296866427
1271605516582739969,negative,0.004177207747894189
1271605517006356480,negative,6.108700971788971e-05
1271605517262127104,negative,0.00023882966192448517
1271605519707488256,negative,0.14630398566528457
1271605519929802762,negative,0.15145952499096524
1271605520126947330,negative,0.00016628924848785266
1271605520571535366,negative,6.695299644413986e-15
1271605521188040706,negative,0.006481674552523457
1271605521393618944,negative,0.026028576436117123
1271605521783631875,neutral,0.6000194189195832
1271605521896869889,negative,0.008420858488123205
1271605522110861313,negative,0.05368241837099004
1271605522496659457,negative,0.045472293327163356
1271605523419447297,negative,0.034468260667853155
1271605523444568064,negative,0.24257369881389068
1271605523637571585,neutral,0.35037246870997213
1271605523817869312,negative,9.250877231731503e-05
1271605524157644800,negative,4.40937372909515e-05
1271605524346306561,negative,0.018263572970062283
1271605524409311233,negative,0.04289355456758644
1271605524489031681,negative,0.005894416270567474
1271605524547633152,negative,1.4282680352932503e-05
1271605524749062144,negative,0.23182680822916144
1271605525025873921,neutral,0.49789225920557484
1271605525189402626,negative,4.098648189648551e-06
1271605525273346050,neutral,0.40625236156055655
1271605527861133312,neutral,0.437369725752128
1271605527873806338,negative,0.006483801834163422
1271605528133865474,negative,0.014683389588552323
1271605528205066240,negative,0.00016628924848785266
1271605528570060800,negative,0.2116342426238279
1271605528574210048,negative,1.56260701404286e-05
1271605529790513152,negative,0.06700650490729922
1271605529920638978,negative,0.030781595593562076
1271605531568988164,neutral,0.4507454498615163
1271605532424638468,neutral,0.3708105484377565
1271605532491689987,negative,0.03416143747831388
1271605533254901760,negative,0.001842031509920941
1271605533557096448,negative,0.030492220137437555
1271605533695451136,negative,0.002231804202616705
1271605533796175878,negative,5.034024515756691e-09
1271605536178520065,negative,7.34085919362028e-06
1271605536493101058,negative,0.0825886283591841
1271605537197735937,negative,0.0033957523512591317
1271605537348530176,negative,0.19552563706121598
1271605537554280449,negative,0.00016628924848785266
1271605537919176704,neutral,0.437369725752128
1271605537944322048,negative,0.00015194828200427033
1271605537961119746,negative,0.03980030593590898
1271605538133102593,neutral,0.3850948772444006
1271605538405724160,neutral,0.34117024056417766
1271605538409897989,negative,0.23316809640359565
1271605540444135424,negative,1.8917928222052547e-05
1271605540716711936,negative,0.03392608872251922
1271605540733374465,positive,0.9731573406798438
1271605541010173952,positive,0.7878984431607639
1271605541920538624,negative,7.37922492671626e-05
1271605542197346306,negative,9.771946713401645e-09
1271605542520344579,neutral,0.46127768308170247
1271605544332247042,negative,0.04337697280520385
1271605544432791553,negative,0.15894838135266348
1271605544743325698,negative,0.010237716565715196
1271605544785149953,negative,1.4282680352932503e-05
1271605544818794496,negative,0.26812582956602965
1271605545439502338,negative,0.055173414449375686
1271605545552789504,negative,0.2675637579473606
1271605545859002372,negative,1.6471353551898473e-05
1271605545917652992,negative,3.3882737744359582e-09
1271605548270661632,negative,0.041894793809486804
1271605548375511042,negative,7.725046249125521e-05
1271605548660723712,negative,0.0005358077387413497
1271605548765626368,negative,0.0002885399063383239
1271605548832698368,negative,0.1511753164584757
1271605548979490817,neutral,0.3381189830050101
1271605549214433280,negative,0.024864435263177366
1271605549839286274,negative,0.0003817668947452522
1271605549881319428,negative,0.0031795966452436908
1271605550007148545,negative,0.25147697806628566
1271605550023938048,negative,0.00029375407469456793
1271605550036500483,negative,0.04462454919508277
1271605552624340992,negative,2.1101917488188855e-06
1271605552750235649,positive,0.9574527696778912
1271605552775299072,negative,8.154604400939287e-05
1271605552859303936,negative,2.7968771197945177e-06
1271605553593085954,negative,1.8066554511466122e-05
1271605553811390466,negative,0.278117231395933
1271605553870012417,negative,0.14269806698464288
1271605554079772672,negative,9.136321960726516e-06
1271605554679603202,negative,0.0870468512945297
1271605554885070849,neutral,0.49789225920557484
1271605555019173889,negative,0.03625557075842817
1271605557225537543,negative,0.030554540337263524
1271605557506572290,positive,0.9969208302743207
1271605557544312833,negative,0.035230595410157765
1271605557682724864,negative,0.029160432015274185
1271605558299299840,negative,0.0022101410907957413
1271605558731329537,neutral,0.4911958434762874
1271605559318454274,negative,2.5144893589907698e-05
1271605559419113474,neutral,0.437369725752128
1271605559448436737,neutral,0.437369725752128
1271605559892963328,negative,1.2521100643292283e-06
1271605560123760641,neutral,0.5213685553816502
1271605561008807937,negative,0.08413000880975484
1271605561113677827,negative,0.00016100482880607227
1271605561256271878,negative,0.00011341912160628809
1271605561398906880,negative,0.0005703483552045097
1271605561822494720,negative,0.0022480160405335303
1271605561902034945,negative,0.08263500448964196
1271605563143708672,negative,0.021619880930932842
1271605563147911170,negative,0.014300086334016922
1271605563739254785,positive,0.6624055896622104
1271605563810631681,negative,0.012447427632221408
1271605565089816576,negative,0.26812582956602965
1271605565442187266,neutral,0.4153373325707398
1271605566146822145,negative,1.457237922013405e-07
1271605566650155011,negative,0.1926270397825894
1271605567224766467,negative,0.021619880930932842
1271605567321243648,negative,0.0020368208816492093
1271605567698722817,negative,0.0014316896830363001
1271605569695211521,negative,5.4636658934373804e-05
1271605569741377538,negative,0.003847006387802682
1271605569938489347,negative,0.1498986201033723
1271605570609582080,negative,0.1763547434473207
1271605570785681408,negative,0.20186754572743498
1271605571402301440,neutral,0.3430123339909977
1271605572589228039,negative,9.68169683002929e-09
1271605572857663489,negative,0.14186228834906742
1271605573776216064,negative,0.051266822587766867
1271605574279614470,negative,0.0011324348605721902
1271605574770229249,negative,0.16509810409557213
1271605574938103814,negative,6.563163276260448e-17
1271605575458140160,neutral,0.6330455584487023
1271605575495954436,negative,3.759814752818217e-05
1271605575802064897,negative,0.008573513219027612
1271605575881830401,negative,6.75553023009384e-07
1271605575886012416,negative,0.002671403393780663
1271605576250929158,negative,0.015654864710213757
1271605576628178945,negative,0.0006231497894395036
1271605576682950660,negative,0.08897890468075768
1271605577580449799,negative,0.012522383558444582
1271605577689563136,negative,0.0011093660721163436
1271605577924272128,neutral,0.34117024056417766
1271605578062839808,negative,0.00044085732395613184
1271605578343874560,neutral,0.3381189830050101
1271605578469695499,neutral,0.35451443008515343
1271605578893123584,negative,0.04674479343127386
1271605578939465729,negative,7.270435903690818e-07
1271605579203698700,positive,0.7334030526933847
1271605580529008640,negative,7.033775197090262e-05
1271605580596199424,negative,0.002027609399410612
1271605582664007680,negative,0.015528854675150725
1271605583037243392,neutral,0.5957399490333923
1271605583301484544,negative,0.0835584079908547
1271605584081584128,negative,0.014740852782159754
1271605584656203776,negative,0.1933311826096359
1271605584966692870,negative,0.2824876424311173
1271605585021005828,negative,0.024573085558803692
1271605585952174082,negative,0.045456148654141694
1271605586040360961,negative,4.5872567309709963e-07
1271605586447253506,negative,4.40937372909515e-05
1271605586832977925,neutral,0.49789225920557484
1271605587055464450,neutral,0.5207232607702701
1271605587328016385,negative,0.0018183876902200331
1271605588104024065,negative,0.25379875909891914
1271605588191928321,negative,4.951186927671993e-06
1271605589093896192,negative,1.164841024350142e-06
1271605590763008001,neutral,0.37137062280538924
1271605591094394880,negative,0.0022534008262551316
1271605591215968256,negative,3.55355186306911e-05
1271605591274926080,neutral,0.49789225920557484
1271605591354400769,negative,0.13638927232125064
1271605591568338944,negative,0.0008241555881271311
1271605591639818241,negative,0.2131543627644574
1271605591975264256,negative,0.0033309307955204214
1271605592021520384,negative,0.08000202738784179
1271605592461922310,negative,0.10180787920544142
1271605592466038786,negative,0.11640865706511044
1271605592558272520,negative,0.0005330289711396502
1271605592654786561,negative,1.8649498353071585e-05
1271605592705171456,negative,0.0694485464072126
1271605594466721793,negative,0.00016823968684374503
1271605595011985410,negative,0.3101422954791652
1271605595515367425,negative,0.16651131727955965
1271605596161290241,negative,0.04692282387135488
1271605596303896577,negative,0.005958027037861534
1271605596433911808,negative,0.12989968261550688
1271605596459073542,negative,0.005167449578657627
1271605596681318400,negative,0.014683389588552323
1271605598891716609,negative,0.00019984109669266473
1271605598891782147,neutral,0.606121508794751
1271605599021793284,negative,0.0005330289711396502
1271605599315337216,negative,0.08610393995521888
1271605599650938880,negative,0.000137197636816793
1271605599931940865,negative,0.00010015157584620417
1271605600045146112,neutral,0.5272493302781592
1271605600531742723,negative,0.05670946645000067
1271605600888258561,negative,0.03315174901881344
1271605601064423425,negative,0.12239827232910852
1271605601228009473,negative,7.2884477388465e-05
1271605601437577216,negative,0.0011476103271417274
1271605601525792768,negative,1.1221599309272293e-05
1271605602855325698,negative,0.058213228590035325
1271605603836796931,negative,0.009199233939556099
1271605603870400512,negative,0.00419921053032244
1271605604193144834,negative,0.0011476103271417274
1271605604495134720,negative,0.0009175264165824337
1271605604625330176,negative,0.005778437025234357
1271605604956680202,neutral,0.4700633317336335
1271605605078388741,negative,0.00040417110933076573
1271605605187362816,positive,0.9842436166313246
1271605607137792001,negative,0.02282647380578316
1271605607263600640,negative,0.02219462288414203
1271605607460671488,negative,0.0006231497894395036
1271605607720779778,neutral,0.3381189830050101
1271605608190443525,neutral,0.5635907821093047
1271605608333168641,negative,2.987944245261539e-06
1271605608450600960,negative,0.00567345541570288
1271605608488357888,negative,0.07097774057919216
1271605608970686465,neutral,0.4993408943324262
1271605609440346112,negative,0.0012987625444107712
1271605609671135233,negative,2.4837320596437188e-05
1271605609679540226,negative,0.20695132830432936
1271605609826332678,negative,0.026091745880890922
1271605609893367815,negative,0.08855424662249803
1271605609910218752,negative,0.002402106420951482
1271605611688583168,negative,0.11627554484572732
1271605612196106240,negative,0.025152324668022856
1271605612670078976,negative,0.015800835932238563
1271605612749549568,negative,9.281552443102293e-06
1271605613005504512,negative,4.40937372909515e-05
1271605613202677760,negative,0.00016628924848785266
1271605613206949890,positive,0.9376878850995406
1271605613349359616,negative,0.0062890390341501295
1271605613873844224,negative,0.001993324911613161
1271605613966110723,negative,0.004469085542361054
1271605613995462662,negative,0.02428248049254861
1271605615467679750,negative,4.5872567309709963e-07
1271605616289755138,negative,2.0757907719856787e-09
1271605616436535296,negative,0.15145952499096524
1271605616897900550,negative,0.0046164512115936624
1271605617090801664,negative,0.021680170081307976
1271605617476673536,negative,0.0006844721399310308
1271605617690652672,negative,0.00016628924848785266
1271605617791250432,negative,0.00016628924848785266
1271605618458210305,negative,2.2417492870304654e-08
1271605618479071232,negative,0.14620358942924028
1271605619674558465,negative,4.731932022226333e-06
1271605620018470914,negative,0.0008947628365021219
1271605620194578433,neutral,0.3381189830050101
1271605620253351937,positive,0.9856339366098104
1271605620291121152,negative,0.25318237069832455
1271605620630847488,neutral,0.3725458233667465
1271605620857286656,negative,0.021295168826505204
1271605621096415233,negative,0.003042396028061417
1271605622027378688,negative,3.6826143228758263e-06
1271605622371495936,negative,0.0006016850917875224
1271605622518296580,negative,0.31674133085712225
1271605623847821313,negative,0.00016213217315136748
1271605623982080006,negative,0.0021210536593744863
1271605624690917376,negative,0.011703220097117726
1271605624804081665,negative,0.0017058580464821363
1271605626129526792,negative,0.16916669563555928
1271605626158878721,negative,0.08000202738784179
1271605626452533254,negative,0.0018621124932638846
1271605626481848320,negative,0.005894416270567474
1271605626515468288,positive,0.684687678208344
1271605628184780801,negative,0.22324525333608042
1271605628377731072,negative,4.649162102954826e-05
1271605628822343681,negative,0.014310502985775625
1271605629099130880,negative,0.14308527386746261
1271605629103325185,neutral,0.6547288951483515
1271605629354991618,negative,0.00016628924848785266
1271605629703139328,negative,0.03804145621633427
1271605629807849473,negative,0.0006474556280493485
1271605632421056513,negative,0.32647174489332365
1271605632735608839,negative,0.014281188761534308
1271605632769146880,neutral,0.5914465900851971
1271605633582850049,negative,0.03639422850207402
1271605633654104070,negative,0.00018901569488404278
1271605634354552832,negative,0.1757295955700063
1271605634371325952,negative,0.11639954336616233
1271605634644008963,positive,0.6716509609873289
1271605634862022656,positive,0.8824757861350008
1271605637395419136,negative,0.021595106725349988
1271605637680713728,positive,0.7500377016963704
1271605637772910592,negative,0.035963487697469626
1271605638251130880,negative,0.2308253628710143
1271605638741852160,negative,0.0018836644112498178
1271605638838304774,negative,0.09038507580680345
1271605638947393537,negative,0.010335755068732652
1271605639052013568,negative,0.05216131990137509
1271605640884916224,negative,1.8066554511466122e-05
1271605641786916865,negative,0.04486194407692833
1271605642076266497,negative,0.012164792431929873
1271605642193768450,negative,3.8309434114800375e-11
1271605642399223809,negative,0.09132027840087219
1271605642453823488,neutral,0.6036802031617744
1271605642990694400,negative,0.1445224390034387
1271605643141689344,negative,0.005894416270567474
1271605644836114433,negative,7.236773637704521e-08
1271605645020626944,negative,0.009285440996826141
1271605645196869632,positive,0.8824757861350008
1271605645922443267,negative,0.06756595654986544
1271605647038087168,negative,1.56260701404286e-05
1271605647054983169,neutral,0.42507619662732005
1271605647805644802,negative,8.154604400939287e-05
1271605648099356672,neutral,0.3888964145301077
1271605648179019776,negative,0.003730122281691254
1271605649693163521,negative,0.08232232537922325
1271605649814827010,negative,0.0002923314630637549
1271605650087456770,positive,0.997126995515298
1271605650267820038,negative,0.19508401882477042
1271605650502672384,negative,8.914338795796336e-05
1271605651257597953,negative,0.0022249465736301284
1271605651555397632,neutral,0.3637556176066104
1271605651878404098,negative,0.012676502386934916
1271605653392388097,negative,0.01552788654488999
1271605653618995207,positive,0.684687678208344
1271605653769945088,negative,0.06671317787190234
1271605653807796229,neutral,0.5277759842869705
1271605654017511430,negative,0.00023882966192448517
1271605654474686464,negative,0.00016213217315136748
1271605654634053647,negative,0.1317821832586631
1271605654902509578,negative,0.14308527386746261
1271605655036706817,negative,0.036375427383150895
1271605655128793090,negative,3.314296190719719e-09
1271605655405813760,negative,0.19557848113893553
1271605655577792515,negative,0.027565523875858356
1271605655808413698,negative,0.10011170951173967
1271605657754644480,negative,1.4282680352932503e-05
1271605658585006082,neutral,0.49789225920557484
1271605658924744705,negative,0.0684037647519599
1271605659151335425,negative,0.0007103938426526802
1271605659705004037,negative,0.00019984109669266473
1271605659826630660,negative,0.010409351888161885
1271605659897921539,negative,0.32352687734737207
1271605659931418629,negative,0.14421851175933395
1271605661537886211,negative,1.8146249503402606e-07
1271605661823090688,negative,0.047037964391813195
1271605662372544514,negative,0.008149812848307899
1271605662884257794,negative,5.443937612095379e-06
1271605662892601344,negative,0.004077199090876045
1271605663035199488,negative,0.017634092310264325
1271605663312089090,negative,7.88411659061904e-11
1271605663551180802,negative,0.01552788654488999
1271605663756582912,negative,0.011703220097117726
1271605664796852227,negative,0.01695334353729554
1271605664952078336,negative,7.869368721313092e-05
1271605665006567424,neutral,0.3403391890910929
1271605665145008128,negative,0.00019984109669266473
1271605666017394689,negative,1.457237922013405e-07
1271605666646503424,negative,0.009272739832239805
1271605667187605504,negative,0.032327492063920084
1271605667372154880,negative,0.0012240488035935877
1271605667636314112,negative,7.236773637704521e-08
1271605668156506113,positive,0.6643661041507587
1271605668739506182,positive,0.8824757861350008
1271605670006185986,negative,0.01552788654488999
1271605670014484482,negative,4.908254204596775e-07
1271605670203318273,negative,0.09038507580680345
1271605670421331969,negative,0.1712047870318655
1271605670522114048,negative,0.002418228708076309
1271605671083929609,negative,0.03907200927797534
1271605671335809030,negative,0.31732489718339985
1271605671348310016,negative,0.018786730821930116
1271605671738433538,negative,0.13223660272479967
1271605672103174145,negative,0.19819772738772282
1271605672157892608,negative,0.013441343552534154
1271605674091388928,negative,0.006041233168134541
1271605674145837056,negative,0.09038507580680345
1271605674686980096,positive,0.9713455084282997
1271605674687021060,negative,0.22219038226115687
1271605674775064576,negative,1.56260701404286e-05
1271605675538485249,positive,0.7895619037717237
1271605675597103105,negative,0.0005351132759893319
1271605675618111489,negative,0.08375613837518274
1271605675735633923,negative,0.0640686884686425
1271605676410896391,negative,0.004304179935250414
1271605676515758080,negative,0.00036626575299569846
1271605676599586816,negative,0.02428248049254861
1271605676788322304,negative,0.05610309040052827
1271605678512185344,negative,0.007078588060730655
1271605679011368961,negative,0.00019984109669266473
1271605679091068929,negative,4.0888293042408934e-05
1271605679640457217,negative,0.21264829087486525
1271605679724388353,negative,0.03128375507535223
1271605680416395276,negative,0.002018737472771262
1271605680441622529,negative,0.3040949491800166
1271605680642895872,negative,0.0005815947704121288
1271605681183952899,negative,3.759814752818217e-05
1271605681267765250,negative,0.10499275426788209
1271605682756861952,neutral,0.46127768308170247
1271605682886885383,negative,7.301633524817291e-05
1271605682987364352,negative,0.0011476103271417274
1271605683482394626,negative,1.062063940850468e-06
1271605683658665984,positive,0.9690135590713432
1271605683918721024,negative,0.01552788654488999
1271605684199661570,negative,0.18949964065933536
1271605684539404289,negative,0.0034351024886796126
1271605684593926146,negative,4.908254204596775e-07
1271605685852266498,neutral,0.4461323387356842
1271605686720442374,negative,0.00019984109669266473
1271605686892285955,negative,0.04619958414386619
1271605687240589312,negative,0.00019984109669266473
1271605687739654146,neutral,0.4835504490397268
1271605687836164096,positive,0.9036288208541824
1271605687852896258,negative,0.0724700306923943
1271605687911669760,negative,0.04529331547429356
1271605688150573056,negative,0.0009113880654557832
1271605688154771456,neutral,0.48439634580644964
1271605688192532480,negative,0.1469281011971551
1271605688347668480,negative,0.014104081542262583
1271605688914116609,negative,0.00419921053032244
1271605689308364800,negative,0.03840564920058137
1271605691485163527,negative,0.01786866897430779
1271605691577491458,negative,0.002402106420951482
1271605691690692613,negative,0.003951703928940141
1271605691766235136,negative,0.028637051030616905
1271605691963379712,negative,0.1735162678381825
1271605692374364166,neutral,0.46127768308170247
1271605693234188288,neutral,0.526576474445737
1271605693439782912,negative,2.594914160645945e-07
1271605694064721921,negative,0.00016628924848785266
1271605694253367297,negative,0.0016438380924602809
1271605694643527680,negative,0.005958027037861534
1271605696040185858,negative,9.142416530757697e-06
1271605696287707137,negative,4.8010677246999025e-15
1271605697025843200,negative,0.0002301431880402553
1271605697189478412,negative,0.02174034513712297
1271605697248022528,negative,0.011703220097117726
1271605697789210627,negative,0.012164792431929873
1271605699177517059,negative,0.0023170344461177867
1271605699315982341,negative,0.23699778876372793
1271605699827642374,negative,0.14065986907000363
1271605699873853443,negative,0.00016628924848785266
1271605700641226752,negative,0.026717023310675433
1271605700893052928,negative,0.22268863279919515
1271605701132128258,negative,0.1194251928928092
1271605701148844032,negative,0.11162762197975168
1271605701488459777,negative,0.07407276384208626
1271605701622796288,negative,0.043598371671244036
1271605702021300224,negative,0.04572542382692378
1271605702058967041,negative,0.00011341912160628809
1271605703720022016,negative,0.0007904662856937187
1271605703862628353,negative,0.22513179180885018
1271605704512716800,neutral,0.437369725752128
1271605704592424962,positive,0.9974786100676782
1271605705049624581,neutral,0.3663512218953865
1271605705699520512,negative,7.236773637704521e-08
1271605705779314689,negative,0.07557725252316301
1271605705800327168,positive,0.9868169292870933
1271605705804521473,negative,0.002974726282716937
1271605705804591104,negative,0.06108501646346183
1271605705812795400,negative,0.13407952583716864
1271605705812910087,neutral,0.49789225920557484
1271605705842311169,negative,0.053341398806430206
1271605705892560896,negative,1.8416024673185206e-06
1271605705972252673,negative,0.15020487357350376
1271605705993322501,negative,0.00014309110062031292
1271605706043666437,negative,0.2788902468636368
1271605708086145025,negative,0.20186754572743498
1271605708350464002,negative,0.0037786927634857145
1271605708480491520,negative,0.003054528964758873
1271605708706836480,negative,0.002967236849464087
1271605708971282437,neutral,0.45715098558588957
1271605709029941248,negative,0.308401765245907
1271605709055164421,negative,0.003217414187786527
1271605709852082176,positive,0.9910320020707514
1271605712225996803,negative,0.00019984109669266473
1271605712398045187,neutral,0.34070393251019565
1271605712595140609,negative,0.013231411161816382
1271605712704110598,negative,5.2666154333286295e-08
1271605712788094976,negative,0.07654603397744213
1271605712922255362,positive,0.9814347677726546
1271605713035542528,negative,0.0049024829505844945
1271605713069015046,positive,0.8824757861350008
1271605713270444034,negative,0.00016628924848785266
1271605713635328001,negative,0.026469258198538563
1271605713752776704,neutral,0.40625236156055655
1271605713803059200,negative,0.12809647584146183
1271605715443027970,negative,1.0856610996279581e-11
1271605716189679619,negative,0.014837848071456201
1271605716500045826,neutral,0.42171720935301193
1271605718307745793,negative,0.05852378648116554
1271605720295911429,negative,0.13077623116791784
1271605720526487553,negative,0.128304270524939
1271605720551755777,negative,1.1190953161201648e-10
1271605720568549377,negative,0.00026706758266826873
1271605720597872640,negative,0.04882288140560382
1271605720610463745,neutral,0.6582643402168333
1271605720664989697,negative,0.0041262470970027925
1271605720857956352,negative,0.26866327038951504
1271605720962732035,negative,3.742015784345923e-05
1271605720966971392,negative,0.10429536545718548
1271605721273118720,negative,0.00014840749909568357
1271605721579294720,negative,0.0036762027405033326
1271605721591885824,negative,0.0007904662856937187
1271605721591939073,negative,2.0757907719856787e-09
1271605721696739329,negative,0.021468205824297266
1271605722015383552,negative,0.09038507580680345
1271605722694983680,negative,0.00019984109669266473
1271605722850234374,negative,0.003871472669684855
1271605725995962369,negative,0.0071479933406052385
1271605726385971200,negative,0.0016737896560586971
1271605726633328640,negative,0.0062890390341501295
1271605726666911744,negative,0.2552980922640114
1271605726952054785,negative,0.1317821832586631
1271605728646762496,negative,0.06138095024089372
1271605728885780480,negative,0.0762907951563658
1271605729342955520,negative,0.03840564920058137
1271605729410068480,negative,0.12453171247412817
1271605729854722050,neutral,0.37055239298879367
1271605729909264385,negative,0.00027669959607447113
1271605730030817281,negative,0.028431595891872056
1271605730349588481,negative,0.2793168272936149
1271605730412552194,negative,1.1825884898009526e-06
1271605730756497409,negative,5.5715646012312354e-05
1271605730911703040,negative,0.0005351132759893319
1271605733491191809,negative,0.0034815605659914684
1271605734569107456,negative,0.253503508402999
1271605735227453440,negative,0.07230217733364033
1271605735458308097,neutral,0.41661895030617113
1271605735634489345,negative,0.00036986781985034426
1271605735873548289,negative,0.04251423792646359
1271605735961563136,negative,0.0023574609423289692
1271605736313884673,negative,0.0005358077387413497
1271605736519405568,negative,0.0024440520341343867
1271605737194696704,negative,0.17146533791091018
1271605737257607169,negative,0.003360875533936497
1271605737907556357,neutral,0.49432385654773475
1271605738004271105,positive,0.7500377016963704
1271605738230743040,negative,0.11094136424517906
1271605738268434432,negative,0.043346717486536075
1271605738348204033,negative,0.00011341912160628809
1271605738440359938,negative,0.00543148732564375
1271605738465607682,positive,0.9376878850995406
1271605738507341824,negative,0.014353556496122648
1271605738767613952,negative,0.002418228708076309
1271605738889261058,neutral,0.437369725752128
1271605739312877570,negative,0.043598371671244036
1271605739530960896,negative,0.0005358077387413497
1271605741992980480,negative,0.003689380387998146
1271605742156595202,negative,0.0005351132759893319
1271605742328524800,neutral,0.3381189830050101
1271605742752149504,negative,0.00023034855846383522
1271605742949273607,positive,0.853264379886889
1271605743104471040,negative,0.007816173043045015
1271605743179968513,negative,0.06756897342989703
1271605743414841345,negative,0.2234587016537679
1271605743435886598,negative,0.01646319441783347
1271605743544909826,negative,0.26982158164921133
1271605743741960193,negative,0.00019984109669266473
1271605743758778375,negative,0.08610360968075333
1271605743909822464,negative,0.0002833791535977362
1271605743943397376,negative,0.11162762197975168
1271605744400502784,negative,9.232830440896517e-05
1271605745545474048,negative,6.898181232754515e-05
1271605745642090497,negative,0.08088527887921566
1271605745646174208,negative,0.002014998529721484
1271605745830825984,neutral,0.586550884684407
1271605745923117056,negative,0.02428248049254861
1271605746053124100,negative,0.30097376721421565
1271605746522710016,negative,0.19552563706121598
1271605747110031361,negative,0.0825886283591841
1271605747172990976,negative,0.04907696882727438
1271605747332382720,negative,1.457237922013405e-07
1271605747730788352,negative,0.030578471762904208
1271605747756019713,negative,0.01719004681774222
1271605747948949505,negative,0.007954934633077601
1271605749916012545,negative,3.380787820381077e-08
1271605750578757633,positive,0.6809090327528422
1271605750754873349,negative,0.02707092941744502
1271605750876364800,negative,0.026717023310675433
1271605750910066689,negative,0.0271165461827435
1271605752038404097,negative,1.8066554511466122e-05
1271605752361357313,negative,0.05207000784709762
1271605752369754112,negative,0.013670573633412467
1271605752575086593,positive,0.7878984431607639
1271605754122981378,negative,1.56260701404286e-05
1271605754173292545,negative,0.005626392366426678
1271605754475229186,negative,0.0005000728954740911
1271605754856947712,negative,0.05554831137336719
1271605755020480517,negative,0.0825886283591841
1271605755045654532,negative,0.005894416270567474
1271605755557314560,negative,0.006054711535172627
1271605755976863744,negative,0.08881289347627533
1271605756412997633,neutral,0.5089004219517322
1271605756442312705,negative,6.898181232754515e-05
1271605757142863873,negative,0.00028439537033195727
1271605758220787715,negative,6.221576867267968e-05
1271605758455697408,negative,0.04251865790289205
1271605758627508225,negative,4.698524176659785e-05
1271605758644240385,negative,0.03840564920058137
1271605758971478025,negative,0.00019984109669266473
1271605759609049088,negative,0.26423110492323404
1271605759655071744,negative,0.198961000312133
1271605759659425792,negative,0.0013651081868890338
1271605759810457601,neutral,0.6234049249685203
1271605759881687041,negative,0.2785928761937945
1271605760208842753,negative,3.2385123448568584e-14
1271605760485720064,negative,0.005626392366426678
1271605760842219528,negative,0.02219462288414203
1271605762536734721,neutral,0.3369540000966546
1271605762666749958,positive,0.6624055896622104
1271605762733731840,negative,0.12082734449828159
1271605762796728320,negative,0.0011535041004354517
1271605762838708226,negative,0.014683389588552323
1271605763396579330,negative,0.03840564920058137
1271605763631247361,negative,0.0351920082628652
1271605763807551488,negative,0.0005358077387413497
1271605763878912000,negative,0.25689657786388626
1271605764097015810,negative,0.00016628924848785266
1271605764248014849,negative,0.11584367271418608
1271605764424118272,negative,0.01355600344767054
1271605764482891776,negative,0.1693610899621612
1271605764797476870,negative,1.4256712843310762e-05
1271605766810730496,negative,0.0005351132759893319
1271605767297261568,negative,0.0005309899263458467
1271605767590772737,negative,1.8700616583753737e-05
1271605767813181448,negative,0.0017650380977550831
1271605768320626694,negative,9.250877231731503e-05
1271605768375205889,negative,0.0007750718506015363
1271605768542752768,neutral,0.33677065988963156
1271605769029521408,negative,0.14444456258043442
1271605769046278145,neutral,0.47767126215885464
1271605769130184704,negative,0.0074669692566692
1271605769310556161,negative,0.09696127105087513
1271605769725792258,negative,0.3040949491800166
1271605770715619330,negative,0.27899895255737545
1271605770778365954,negative,0.125563245732782
1271605770858246145,negative,0.05610309040052827
1271605771051155462,negative,0.005626392366426678
1271605771973910528,negative,0.03695208748753567
1271605772397486080,negative,0.030554540337263524
1271605772636618752,negative,2.9999111764736004e-05
1271605772703592448,negative,0.02734764205970332
1271605772858863622,neutral,0.437369725752128
1271605773106393088,negative,0.005250882945730276
1271605775312605184,negative,0.1933311826096359
1271605775316721670,positive,0.7334030526933847
1271605775358742529,negative,0.001842031509920941
1271605775400566784,negative,0.034942692555418264
1271605775648149504,negative,0.07097774057919216
1271605775677509639,positive,0.9825667177101985
1271605775891402753,negative,0.005211875406557932
1271605775933284352,negative,0.01641975797634411
1271605775950110720,negative,7.236773637704521e-08
1271605776143069186,negative,0.007560290912887576
1271605776860119042,negative,0.02116114665448737
1271605777053167616,negative,0.015411969190119088
1271605779502632961,negative,3.0374827599143115e-07
1271605779628527620,negative,0.002974726282716937
1271605780299616257,negative,0.03670255851540621
1271605780580573196,negative,0.00015194828200427033
1271605781050413059,negative,0.03493194515565957
1271605781180252161,positive,0.684687678208344
1271605781595598849,negative,0.003054528964758873
1271605781629190144,negative,0.14308527386746261
1271605781893394432,negative,0.05670946645000067
1271605783084642305,negative,2.325717166630894e-05
1271605783348883464,neutral,0.3381189830050101
1271605783445286912,negative,0.08002465081650481
1271605783562723329,negative,0.11029487587494127
1271605783600467973,negative,0.31732489718339985
1271605783759912960,negative,0.00600742399728498
1271605784212840448,negative,0.05368241837099004
1271605784405782535,negative,1.3476317052720875e-06
1271605784661708808,negative,0.027806986242359437
1271605785123082241,negative,0.0699362052529048
1271605785584447488,negative,0.05979470359888782
1271605785613799426,negative,0.16807300652536872
1271605785731178502,negative,0.04445217217724994
1271605787983478787,negative,7.463737568378894e-05
1271605788038004737,positive,0.8180638831372399
1271605788084183040,negative,0.14308527386746261
1271605788159741956,negative,2.5930398129238726e-12
1271605788314865664,negative,0.011375287578123694
1271605788373639169,neutral,0.3329700991312264
1271605788725915648,negative,1.1906881218337691e-06
1271605788814041089,neutral,0.6231301609365977
1271605789241815042,negative,0.0031380462099212607
1271605789518630913,negative,0.010435602040486866
1271605789535371265,negative,0.013863621545425898
1271605790034534402,negative,0.00012358293547957858
1271605790173016064,negative,0.14209066121264366
1271605791569727489,negative,0.00023882966192448517
1271605791594893312,negative,0.00023882966192448517
1271605791657771010,negative,0.24257369881389068
1271605791682854912,negative,0.0008306347426960146
1271605791976497152,negative,5.705795232540357e-06
1271605792085430273,negative,0.01552788654488999
1271605792303652865,negative,0.06738666633349248
1271605792442105856,negative,0.00012358293547957858
1271605792777609219,neutral,0.49789225920557484
1271605792941236224,negative,7.357014225843611e-15
1271605792953655297,negative,0.01552788654488999
1271605793008336900,negative,2.5144893589907698e-05
1271605793222094848,negative,0.01655022480749108
1271605793641631744,negative,0.0018506499210789733
1271605793905946626,neutral,0.5032628910420979
1271605793977139201,negative,0.008131125154971768
1271605794354716677,negative,0.0049024829505844945
1271605796049235969,negative,0.00012079236670010415
1271605796095262726,negative,0.27403404469589215
1271605796112142341,negative,0.00015422761411549652
1271605796183433221,negative,0.08461349573727069
1271605796334419968,negative,0.2507690365457542
1271605796363808768,negative,0.00021105079226849818
1271605796770635777,negative,0.001617900766754298
1271605797005508609,negative,0.012164792431929873
1271605797114568707,neutral,0.552909514419153
1271605797819240453,negative,0.05817995923428874
1271605799945752587,negative,0.11373813647022821
1271605800356720640,negative,0.00046896884191938333
1271605800411164673,neutral,0.4898631585877994
1271605800746627072,negative,0.0049024829505844945
1271605801606688768,negative,0.2364779441528968
1271605801896022019,positive,0.9954358158977953
1271605801984106498,negative,0.03840564920058137
1271605802336468998,negative,0.0250566002310472
1271605802416123917,negative,0.0005663744448370754
1271605802420363264,negative,0.041863098365780615
1271605804286840835,neutral,0.613436439789702
1271605804370714625,negative,0.05109781612903031
1271605804488163328,negative,0.012676502386934916
1271605804655927297,negative,0.00016628924848785266
1271605804672614400,negative,0.29974194329755127
1271605804798480385,negative,0.0004141658658076713
1271605805788389377,neutral,0.585859596587489
1271605806245376000,negative,0.019354180807840123
1271605806308433921,negative,0.003951703928940141
1271605806769876994,negative,0.019384713498939526
1271605807151489024,negative,0.0056110453144678435
1271605807155515392,negative,0.0013501268286246156
1271605808497917955,negative,0.25318237069832455
1271605809223524361,negative,0.0006037326141195463
1271605809307283456,negative,0.039433821832599185
1271605809567449088,negative,0.09658838931814522
1271605809701625857,neutral,0.4507454498615163
1271605810641211392,negative,0.138094518987045
1271605810712514560,negative,0.00016628924848785266
1271605810838343680,negative,4.40937372909515e-05
1271605812998426624,negative,0.001842031509920941
1271605813061263360,negative,1.205164081971739e-07
1271605813359128578,negative,0.003738600111901525
1271605813405245440,negative,0.007684271136888188
1271605813551992832,negative,0.13223660272479967
1271605814004981762,negative,0.13223660272479967
1271605814005030912,neutral,0.437369725752128
1271605814265024513,negative,0.03840564920058137
1271605814697119744,negative,0.25971069642187156
1271605815393337345,negative,1.3892001545653449e-05
1271605816953626624,positive,0.8103929851058385
1271605817444315136,negative,0.044250324168224095
1271605817565949952,negative,6.766179550320126e-06
1271605817981222912,negative,0.27599855954002234
1271605818434125824,negative,0.0025131893055114546
1271605818539028480,negative,0.12293469651624925
1271605818933248002,negative,0.0023170344461177867
1271605819323428869,negative,0.00016397075895749168
1271605819369537536,negative,0.2899736611670847
1271605819524763650,negative,0.05271038123773588
1271605819847647234,negative,0.09368142540527145
1271605821273669632,negative,0.0014056336333883798
1271605821433143303,negative,0.005536897487797683
1271605821693100033,negative,1.8066554511466122e-05
1271605821844094977,negative,0.012367825105855206
1271605821881888769,negative,1.5936469852570445e-07
1271605821970042881,negative,0.004513607126047012
1271605821990940674,negative,0.014683389588552323
1271605822909550596,negative,0.027565523875858356
1271605823203012609,negative,0.005020365432057038
1271605823240798208,negative,0.08198486617569933
1271605825144938496,negative,0.0002558508086955222
1271605825304432648,negative,0.09277549750773266
1271605825723908096,negative,0.018062956288546345
1271605825841377281,negative,1.480916047824574e-11
1271605826000752640,negative,0.0825886283591841
1271605826701139968,negative,0.007599598437030047
1271605826797613063,negative,0.005894416270567474
1271605826910896130,negative,0.31256111950851495
1271605827066114049,negative,1.3476317052720875e-06
1271605827418423303,negative,0.10972328502380733
1271605827426754564,positive,0.9856339366098104
1271605827707813888,negative,6.35748205593302e-08
1271605829150670848,negative,0.08498726006021959
1271605829347741701,negative,0.0862585611122625
1271605829649797120,negative,0.029459991800648205
1271605829901471744,neutral,0.3381189830050101
1271605829918167042,negative,0.2367857765170704
1271605830065029128,negative,0.32620683154629054
1271605830174085121,negative,0.015946341074103896
1271605830337671170,neutral,0.437369725752128
1271605830715129856,negative,0.004902285523916794
1271605830715138051,negative,0.23972773971202263
1271605830866132994,negative,0.0011698305926623
1271605831029583873,positive,0.6983801648067001
1271605831243649024,negative,0.03566097370128118
1271605831323312134,negative,6.364879192314276e-05
1271605833521082368,negative,9.11530616152658e-07
1271605833785360386,negative,0.00026706758266826873
1271605834431320065,negative,0.29103325718168266
1271605834460524544,negative,0.01925041639688001
1271605834733232128,negative,0.0825886283591841
1271605834888425473,negative,0.1021073888368367
1271605835421097984,negative,2.247260680282803e-05
1271605835567960065,negative,0.025852162569974572
1271605836679446528,negative,0.002244409845045471
1271605837837017088,negative,0.11162762197975168
1271605837899890691,negative,0.11111438690229838
1271605838252249088,negative,0.13666746933319543
1271605838420025344,negative,0.00016628924848785266
1271605838709391360,negative,0.0013327655293858542
1271605838717861890,negative,0.018358367989957432
1271605839313469440,negative,0.022070151024562414
1271605839623684099,negative,0.006971821635413582
1271605840043180032,neutral,0.4545729117725756
1271605843537117185,positive,0.8226064990240496
1271605843667058688,positive,0.9954358158977953
1271605843914612739,negative,0.00016628924848785266
1271605846578003968,negative,0.0975586494362921
1271605846636744707,negative,0.011013279854401599
1271605846745776128,neutral,0.6320018424508008
1271605846913495043,negative,0.0832616067651975
1271605847316221952,negative,0.020985670651917962
1271605847504883715,negative,0.00011791760518418482
1271605847798566913,negative,0.11162762197975168
1271605848117297153,negative,0.03670255851540621
1271605848230559751,negative,0.01879425341181135
1271605848364724224,negative,0.00012144718974361114
1271605848670982145,negative,0.013226181862001541
1271605848821899264,neutral,0.45539778705163764
1271605849044275201,neutral,0.33758533303423804
1271605849203658752,negative,0.08818161423987897
1271605851191742465,negative,0.13263770369668557
1271605851330052097,negative,0.021468205824297266
1271605852315750402,negative,0.0011476103271417274
1271605852890378240,negative,0.00019984109669266473
1271605853121118219,negative,0.13175300248253155
1271605853137842183,negative,0.00016628924848785266
1271605853477572611,negative,0.007169144745237478
1271605854329090048,negative,0.23306510746004727
1271605854555471872,negative,0.00012358293547957858
1271605855260160005,positive,0.684687678208344
1271605855331463173,negative,0.04692282387135488
1271605855486607361,negative,0.038226815925653024
1271605855528669191,neutral,0.34117024056417766
1271605856799461376,negative,0.0005875799821953803
1271605856988041218,negative,0.1731746784572899
1271605857021833219,negative,8.077144838536243e-05
1271605858871410694,negative,0.043336817334634826
1271605859882336256,negative,0.03392608872251922
1271605860138131458,negative,9.525350655590195e-05
1271605860586762240,negative,0.0021394903965801515
1271605861115363339,negative,0.1748885911614985
1271605861169979392,negative,0.0825886283591841
1271605861329375233,negative,0.021986901179243692
1271605861383880704,negative,0.1363633090262003
1271605863267143680,negative,5.768493180585859e-07
1271605863481061376,negative,0.2116342426238279
1271605863720071168,negative,0.0007964386099388562
1271605863971794944,neutral,0.5569460627050385
1271605864093409280,negative,0.0825886283591841
1271605864865116162,negative,0.1512214947027693
1271605865158713346,negative,0.14444456258043442
1271605865192161280,negative,6.635103615185109e-05
1271605865418809344,neutral,0.437369725752128
1271605865599037441,negative,0.09246441474258937
1271605865636720640,negative,8.533047907544956e-05
1271605867604062217,negative,0.022239639193932088
1271605868044472320,neutral,0.437369725752128
1271605868514213889,negative,0.27919330409268456
1271605868631646208,negative,6.236105015602125e-07
1271605869202018306,negative,0.041451790161061944
1271605869311070208,negative,0.019459056299063006
1271605869323661312,negative,6.807255440551059e-06
1271605870233821187,negative,0.06063088342233169
1271605870774890496,negative,0.08501234908203899
1271605871248883712,negative,0.06328871122139212
1271605871253037063,negative,0.03410956267724041
1271605871416573953,negative,0.011799609792025635
1271605871571804161,negative,0.00016628924848785266
1271605871576059904,negative,0.026594391015495343
1271605871777394695,negative,0.024140464529457523
1271605871911604225,negative,0.00020513882918262707
1271605872331051010,neutral,0.49789225920557484
1271605872351948802,negative,0.009121143975876439
1271605872633004033,neutral,0.3385252644667176
1271605872871997440,positive,0.8727661294950916
1271605873127895041,positive,0.8496322213967735
1271605873144717313,negative,0.18909143581032145
1271605873367035904,positive,0.7342889744533279
1271605873585131520,negative,0.014837848071456201
1271605875497676800,negative,0.030346777880785502
1271605876042936320,negative,0.0792979482627742
1271605876516888577,negative,0.009272739832239805
1271605876617551874,negative,0.15611350922895326
1271605876735033344,negative,0.0005358077387413497
1271605876810493952,negative,0.3012632853969198
1271605877053837319,neutral,0.4064281066055449
1271605877229801472,negative,3.6826143228758263e-06
1271605877833900033,negative,0.0049024829505844945
1271605878081404929,negative,3.7943521139028e-05
1271605879880724480,negative,0.06559550363989554
1271605880778379265,negative,0.001672232405324398
1271605881369759746,negative,0.00016100482880607227
1271605881520549890,negative,0.034942692555418264
1271605881524891649,negative,0.09038507580680345
1271605882317672453,negative,0.01355600344767054
1271605883999567873,negative,0.007012448520741336
1271605884226023435,negative,0.19634188109344572
1271605884238561282,negative,3.460652952883197e-06
1271605884871938048,negative,0.009272739832239805
1271605884951527424,neutral,0.5486392202546
1271605885320691718,negative,0.000912239688992045
1271605885442363393,negative,0.010507588344975458
1271605885568196609,negative,6.58228378214096e-07
1271605885568237569,neutral,0.4233164464452906
1271605885639540737,negative,0.10058963269728255
1271605885987667968,negative,4.5872567309709963e-07
1271605886339948545,negative,1.6757379111757278e-10
1271605887912873987,negative,0.027670920780122493
1271605888202260481,negative,0.001023080072984039
1271605888864980992,negative,1.8066554511466122e-05
1271605889502457856,neutral,0.4433186969981869
1271605889678671872,negative,0.00011791760518418482
1271605890060292096,negative,0.0022144532860655488
1271605890316038145,neutral,0.3396404128754322
1271605892228747264,negative,0.11962545636026893
1271605892513968131,negative,1.3692085873190756e-07
1271605892757291008,negative,0.000607616254311162
1271605893046718465,negative,0.001842031509920941
1271605893226995715,neutral,0.5235113493101414
1271605893310881792,negative,3.9992743679653957e-05
1271605893432516610,negative,0.0011024640369961872
1271605893881376770,negative,0.0041262470970027925
1271605894258794497,negative,0.2819192202256438
1271605894590214145,negative,0.01552788654488999
1271605894716035076,negative,0.00018193497391824748
1271605894745395200,negative,0.0010033410433637482
1271605896515407872,negative,0.1546999428266517
1271605896683061249,negative,0.15931206484429183
1271605896708100096,negative,0.0005647357861325781
1271605896951595009,negative,0.060490407011491755
1271605897010335744,negative,0.026615173795510632
1271605897131941889,negative,3.6066216163736304e-06
1271605897433772033,neutral,0.5089004219517322
1271605897941471242,negative,0.05027494548105934
1271605897949786123,negative,0.11162762197975168
1271605897958227968,negative,0.19897201717175525
1271605898063024129,positive,0.7878984431607639
1271605898088189957,negative,0.06756897342989703
1271605898667003904,negative,5.5715646012312354e-05
1271605900600623104,negative,0.026844430132098973
1271605900617359361,negative,0.03695208748753567
1271605900734869511,negative,0.0001561459320636987
1271605901330395137,negative,0.0024984796834510025
1271605902190301184,negative,0.015946341074103896
1271605902655840257,negative,0.07998739824766209
1271605902697811970,negative,0.004513607126047012
1271605902815174656,negative,0.00028352916188425993
1271605903259828225,negative,0.0615331638563064
1271605903595192320,negative,0.0006231497894395036
1271605903733796867,negative,0.046484769731093445
1271605904861990918,negative,0.001842031509920941
1271605905298264064,neutral,0.451439346188083
1271605905348591618,negative,5.1110461772575314e-05
1271605905579282432,negative,0.0004791760687217216
1271605905629614080,positive,0.6624055896622104
1271605906061524997,neutral,0.46580994113209095
1271605906451685376,neutral,0.5390926194679104
1271605906753622016,negative,0.0024719045149533027
1271605906850172928,negative,0.07420436539263325
1271605906862682113,negative,0.0017306761601493205
1271605906946621440,negative,0.0010936992153633232
1271605906984361996,positive,0.672444957694269
1271605907047284736,negative,0.0023170344461177867
1271605907194105857,negative,0.00012420501629135366
1271605908926337024,negative,0.17459880162667432
1271605909601619968,neutral,0.36771704690570534
1271605909698084869,negative,0.09559903857585186
1271605909957931008,negative,0.04251423792646359
1271605913561059335,negative,0.1674560699849472
1271605913699393538,negative,0.0825886283591841
1271605914047569920,neutral,0.6271071988852761
1271605914265620480,negative,0.19552563706121598
1271605914454208513,negative,7.236773637704521e-08
1271605914999668738,negative,1.56260701404286e-05
1271605915565936642,negative,0.01552788654488999
1271605917700800512,negative,0.01863282062599698
1271605917990223872,negative,8.817617634302625e-08
1271605918007013376,negative,0.2824876424311173
1271605918107648005,negative,0.3273567770571385
1271605918174765056,negative,0.0003291735782151038
1271605918896095233,negative,0.2824876424311173
1271605919688937476,negative,0.0032815737581281487
1271605920058015746,negative,0.08229543333060052
1271605921664380930,negative,0.03840564920058137
1271605921832210434,negative,0.1256518955108437
1271605921853177856,negative,0.08173756076037825
1271605922276806656,negative,0.009272739832239805
1271605922390069249,negative,0.0003291735782151038
1271605923077898240,negative,0.09492797246151588
1271605923123953671,negative,0.025207625078455243
1271605923618971651,neutral,0.46127768308170247
1271605923862151168,negative,3.913924603559637e-07
1271605925703548930,neutral,0.5845058972105897
1271605925820891136,negative,0.00012385283160231997
1271605925913047040,negative,0.0004118730785509573
1271605925980274688,negative,6.4675117100569094e-06
1271605926076788737,negative,2.759974980591995e-10
1271605927087468544,negative,0.11241944902933511
1271605927624544256,negative,0.08276086068977422
1271605928614191104,negative,0.10045912122780336
1271605930074005504,negative,0.003369280106529579
1271605930166272001,negative,1.3773061972503753e-05
1271605930245963778,negative,8.496343332523853e-05
1271605930300448769,negative,0.20822005335675026
1271605930367553536,negative,0.038539190255196074
1271605930413535233,negative,5.108437940351099e-11
1271605930854096897,negative,0.07919915565776343
1271605930933846017,negative,0.004074047576496962
1271605931160338435,negative,0.030629852070160793
1271605931416195073,negative,0.026091745880890922
1271605931483303936,negative,0.00012358293547957858
1271605932024164353,negative,9.16271570978245e-05
1271605934419087365,negative,0.002974726282716937
1271605934427713540,neutral,0.437369725752128
1271605934704517122,negative,4.810885990863816e-05
1271605934750683138,negative,0.0099536958179938
1271605935979606016,negative,0.00016628924848785266
1271605936570929153,negative,0.11101101928230397
1271605936617074688,negative,0.00027761566370317043
1271605936709406726,negative,0.00017430596260109162
1271605936721989632,negative,3.262796994869556e-05
1271605936889704449,negative,0.00010628846388946059
1271605937149804550,negative,0.10738371606304128
1271605937212665857,positive,0.997126995515298
1271605937292349440,negative,0.0271165461827435
1271605938412232704,negative,0.02428248049254861
1271605938563268608,negative,0.3040949491800166
1271605938609422336,negative,0.0001416548506366076
1271605938622009344,neutral,0.4302157084738883
1271605938693128198,negative,0.060977394315009786
1271605938726809601,neutral,0.3384567604034876
1271605939062407170,negative,0.0003808257510726143
1271605939112730624,negative,0.0010544497805837873
1271605939997720576,negative,3.0809842287518076e-05
1271605940018647040,neutral,0.3396404128754322
1271605940559720449,negative,0.02015845584088959
1271605940727373824,negative,0.006971821635413582
1271605942639976450,negative,0.2120335271377775
1271605942677835776,negative,0.006526038253524928
1271605942765920256,negative,8.887355458009728e-10
1271605942774366209,negative,0.018231076434766017
1271605943244066816,neutral,0.42824469964993805
1271605943244140544,negative,0.004304179935250414
1271605943898386438,negative,0.180931294838515
1271605944397561857,negative,0.10947484028698869
1271605944758214656,negative,0.00016823968684374503
1271605944867225602,negative,0.26235391897068655
1271605945068654595,negative,0.016375502201217754
1271605945148346370,negative,0.2180542432013676
1271605945483898888,negative,0.012676502386934916
1271605945735487488,negative,0.06142490817272006
1271605945748074496,negative,0.00015020895560853226
1271605945945161729,negative,0.14698501742508618
1271605946163302401,negative,1.6437750145513725e-06
1271605946301612038,negative,0.026028576436117123
1271605946347855874,negative,0.011703220097117726
1271605946918342658,negative,0.003610956701589038
1271605947086123008,negative,0.000912239688992045
1271605947518128128,negative,0.13666746933319543
1271605947664908288,positive,0.8154950852205297
1271605947719471105,negative,0.0041262470970027925
1271605948155650055,negative,0.005839070082829656
1271605948356931592,negative,7.142599903955576e-06
1271605949279731713,neutral,0.5914465900851971
1271605949313187841,negative,0.0066870763049709445
1271605949380407296,negative,0.006283031602150688
1271605949417971712,negative,0.027623790815660947
1271605949636259841,negative,0.008992613546548813
1271605951120850947,negative,0.01188263252378644
1271605951368507392,negative,0.03980030593590898
1271605951712329728,negative,0.02219462288414203
1271605951783550977,neutral,0.6028658899908536
1271605952039378944,negative,0.10020433244757102
1271605952060547074,neutral,0.41781860539170623
1271605952953942016,negative,0.060490407011491755
1271605953008406529,negative,7.730518905627762e-07
1271605953012666368,negative,0.0005330289711396502
1271605953113329665,positive,0.671337306919619
1271605954279284736,negative,0.0016737896560586971
1271605954950373387,negative,0.03840564920058137
1271605955294363649,positive,0.7500377016963704
1271605955424288768,negative,0.004598083364947147
1271605955470426114,negative,0.002009465551963112
1271605955546025984,negative,0.3275068838229145
1271605955747250181,negative,0.2675637579473606
1271605956179304455,neutral,0.4176208994335224
1271605956246417408,negative,4.336306676867869e-05
1271605956770582529,negative,0.03786368867470405
1271605957055918080,negative,0.020089278679454585
1271605957336932352,neutral,0.41781860539170623
1271605957395656705,positive,0.9792266878860058
1271605957483732994,negative,0.022239639193932088
1271605957789986816,negative,8.817617634302625e-08
1271605957974462466,negative,0.0006370029026086279
1271605958012272641,negative,0.000132376457949845
1271605958251249664,negative,0.0073842402833462885
1271605959136292866,negative,3.262796994869556e-05
1271605959429951489,negative,0.0027327232634250707
1271605959446724608,negative,0.043598371671244036
1271605960482664449,negative,0.03180962742221007
1271605960520486913,negative,0.05368241837099004
1271605960734367744,negative,6.635103615185109e-05
1271605960897937410,negative,0.028469441807403042
1271605960969256960,negative,0.02726162813814235
1271605961426337792,negative,3.902559230366993e-05
1271605961560449025,negative,0.0002558508086955222
1271605961665449985,negative,0.010197085807850613
1271605961753595904,negative,0.015946341074103896
1271605963410284544,negative,0.00937583664954826
1271605963577942016,negative,2.353725262325429e-05
1271605963594903552,negative,0.06972033370282527
1271605963770990592,positive,0.9615673433593547
1271605964064591872,negative,0.0032775605287930854
1271605964085571584,negative,0.013863621545425898
1271605964668428288,negative,0.025888164436121047
1271605964773392385,negative,0.0021740788813723847
1271605965092085760,neutral,0.441980662542865
1271605965343780864,negative,0.1715366351477394
1271605967021584384,negative,0.005894416270567474
1271605968040845314,negative,0.002402106420951482
1271605968049233921,negative,0.043598371671244036
1271605968489656321,negative,0.0020765717179915964
1271605968586125319,negative,0.06446732001068398
1271605968703553536,negative,0.17036189129659834
1271605968879714306,negative,0.00029729788915849783
1271605968963584000,negative,0.11340329930038257
1271605969148096512,positive,0.7685322661239289
1271605969232056320,negative,0.13790693520282393
1271605969617858560,negative,0.0006231497894395036
1271605969986953218,positive,0.9376878850995406
1271605970314031104,negative,0.01552788654488999
1271605970544852995,negative,0.05610309040052827
1271605972012879872,negative,0.005122342262274622
1271605972029636608,negative,0.038444519666479555
1271605972088360966,negative,0.018263572970062283
1271605972239298562,negative,0.03588175636912136
1271605972574900224,negative,0.0023170344461177867
1271605972793020417,negative,0.04251101102130717
1271605973086605313,negative,0.021359055967620885
1271605973434748928,negative,0.0825886283591841
1271605974730670080,neutral,0.3381189830050101
1271605975615787008,negative,0.003999434529078936
1271605976286797824,positive,0.681611455835383
1271605976316047361,positive,0.7214287115095169
1271605976462958594,negative,0.015661262735491132
1271605976597176320,negative,0.04474466654197991
1271605976655892480,negative,0.07576476733212008
1271605976689328128,negative,0.001267901937315079
1271605977066995712,negative,0.00027108605525542645
1271605977834536960,negative,0.04283844340723604
1271605977868099585,negative,0.04886225666901804
1271605978027327490,neutral,0.3598453037595603
1271605978056843270,negative,0.3045199532120566
1271605978325086209,neutral,0.34117024056417766
1271605980850278400,neutral,0.3381189830050101
1271605980950822912,neutral,0.5521746080291616
1271605981286465536,negative,0.021468205824297266
1271605981328400386,negative,7.2884477388465e-05
1271605981382946817,negative,0.07940854830408897
1271605981466824704,negative,0.00016628924848785266
1271605981978509312,negative,0.013722089811662992
1271605981982703616,negative,0.03772461755890129
1271605982284722176,negative,0.00010015157584620417
1271605984646049795,negative,0.238427545908539
1271605984658587648,negative,7.513448206016852e-12
1271605984692142081,negative,0.0049024829505844945
1271605984855818240,neutral,0.3381189830050101
1271605985073934336,neutral,0.437369725752128
1271605985375813632,neutral,0.437369725752128
1271605985971523585,negative,0.012994835743923315
1271605987384885248,negative,0.09690104011848619
1271605987695185921,negative,0.026091745880890922
1271605988014141441,neutral,0.35451443008515343
1271605988911493122,negative,0.0036819084354731664
1271605989146456064,negative,0.25694373039430407
1271605989175894019,negative,0.0034315198006325746
1271605989238878208,negative,0.00030145113517044536
1271605989276389377,positive,0.7878984431607639
1271605989356101632,negative,0.034942692555418264
1271605989477945344,negative,0.029240825664089667
1271605989595402241,negative,3.190421797255923e-08
1271605989985316864,negative,1.8066554511466122e-05
1271605990333521920,negative,0.0007809020524228805
1271605990371340300,negative,0.03910332650965552
1271605990471995392,negative,0.0037169529442464887
1271605992896245763,negative,0.009272739832239805
1271605993407942657,negative,0.01552788654488999
1271605993626091521,positive,0.9165830903467824
1271605993885954048,negative,0.03180962742221007
1271605993890361344,negative,0.002395107361095619
1271605993902870528,negative,0.19552563706121598
1271605993957285888,negative,0.004469085542361054
1271605994066452481,negative,0.0008995954928223581
1271605994079092736,negative,0.004077199090876045
1271605994129199104,negative,0.0022355820484203123
1271605994196525058,positive,0.6624055896622104
1271605994276089857,negative,0.01544564750963558
1271605994309799937,negative,5.695857302171394e-06
1271605994729152514,neutral,0.437369725752128
1271605995245051906,negative,0.12227762356369955
1271605995349958657,neutral,0.49789225920557484
1271605997195325440,neutral,0.3598453037595603
1271605997224804352,negative,0.046484769731093445
1271605997874839553,negative,0.01073405466198634
1271605998302748672,negative,0.19197328418290507
1271605998332018688,positive,0.9460527034997795
1271605998978043904,positive,0.7334030526933847
1271605999288356866,negative,4.9880084517186635e-05
1271605999623946241,negative,0.17792671109032768
1271605999661658115,negative,0.0049024829505844945
1271606000018128900,negative,0.0003432521435773018
1271606000131493888,negative,0.0004355682608037049
1271606001309872128,negative,0.0007904662856937187
1271606002186514433,negative,0.014593537623975958
1271606002224443392,negative,0.08000202738784179
1271606002433970178,neutral,0.34117024056417766
1271606002530627585,negative,0.00016628924848785266
1271606002950029313,negative,0.013863621545425898
1271606003419754497,negative,0.0010512437128292194
1271606003658784771,negative,0.00019984109669266473
1271606003746865157,negative,0.021619880930932842
1271606005504360452,neutral,0.437369725752128
1271606005814697985,negative,0.014310502985775625
1271606006267740161,negative,0.015530884878333342
1271606006733328384,negative,0.2515549324587203
1271606006913662976,negative,0.0027165376335115668
1271606007354064896,negative,0.3246752339317452
1271606007391813632,negative,0.0006231497894395036
1271606007723110400,negative,0.00014294154440235452
1271606007882551296,negative,0.0003979221049385022
1271606008398430213,negative,2.8401363083318675e-05
1271606009560170497,negative,0.01552788654488999
1271606010193608704,negative,0.26812582956602965
1271606010759741443,negative,0.000116321611897786
1271606011095330816,negative,0.17453743671759187
1271606011862945792,neutral,0.3381189830050101
1271606012370354178,neutral,0.5588090662220649
1271606012437581825,negative,0.00403784974862176
1271606014601842688,negative,0.08677948931410025
1271606014748459008,negative,0.0002558508086955222
1271606014803140609,neutral,0.37759880199498763
1271606015730036736,negative,0.002974726282716937
1271606015960571904,negative,0.00029656923794037877
1271606016057044992,positive,0.9803920407558684
1271606016178663425,negative,7.559685904674855e-07
1271606016531103746,negative,0.1729188807294752
1271606017151942656,negative,9.253759299873491e-05
1271606017290371075,negative,1.8066554511466122e-05
1271606018166972416,negative,0.02428248049254861
1271606018204749824,negative,0.10947484028698869
1271606018288619520,negative,0.0005351132759893319
1271606018364014592,negative,0.00021323646588724418
1271606018556989440,neutral,0.3441706034550177
1271606018909376512,neutral,0.48728019602140255
1271606019114835968,negative,0.13445221045552044
1271606019148349445,negative,0.06146414108646203
1271606019236540418,negative,6.898181232754515e-05
1271606019869880320,negative,0.0005362879434920542
1271606020020867072,negative,0.0233836337753342
1271606020293513222,neutral,0.4433186969981869
1271606020389785600,negative,0.014446208683692787
1271606020717064193,neutral,0.45886538103863367
1271606022457577479,negative,0.0009719856039942941
1271606022801686530,negative,0.00016001779379811934
1271606022952624129,negative,0.20334937111261464
1271606023657336837,negative,0.033149615113105706
1271606023778787329,negative,0.014426061374660001
1271606024693219328,negative,0.046484769731093445
1271606026471702529,negative,2.010048050496408e-06
1271606027541196800,negative,0.02406464017457059
1271606027671216133,negative,0.0072754342280606675
1271606027839037446,negative,0.010702010985477352
1271606027964866560,negative,0.22866131984486565
1271606028719853568,negative,0.06756897342989703
1271606029026037760,neutral,0.35451443008515343
1271606030800019456,negative,9.208034378177232e-05
1271606031945170945,negative,0.14599623808717493
1271606032066924544,negative,0.059253725748064805
1271606032238772226,negative,0.00460397744675667
1271606032565862400,negative,0.02496772515293869
1271606032637313025,negative,0.002395107361095619
1271606032792522752,negative,0.03180962742221007
1271606032859566083,negative,0.07388171950582473
1271606033509728256,negative,8.307886537524875e-07
1271606035682295814,negative,0.015386386874891427
1271606036202352641,negative,0.05473693261864232
1271606036235988992,positive,0.7500377016963704
1271606036437368834,negative,7.132164223244654e-05
1271606036617625601,negative,0.00016628924848785266
1271606036949086208,negative,0.018910801022262412
1271606036961456129,negative,1.8066554511466122e-05
1271606039067099138,negative,0.00157921824750368
1271606039364984833,negative,0.04423216348703162
1271606039910236160,neutral,0.49789225920557484
1271606040304340992,negative,0.01050236470853889
1271606040430350336,negative,0.16172293845929064
1271606040803586054,negative,0.04907696882727438
1271606041592107008,negative,0.32637223140712546
1271606042313531394,negative,0.1011585694514215
1271606043131461632,negative,0.0008865108974727755
1271606044033236992,negative,7.2884477388465e-05
1271606044385574919,negative,0.00016628924848785266
1271606044557553664,negative,0.007032605876039598
1271606045593534469,negative,0.16384019267309888
1271606045656469505,negative,0.002886944683696644
1271606045803151360,negative,0.00016397075895749168
1271606046679871489,negative,0.09812074417589682
1271606047824850944,negative,0.0013327655293858542
1271606047883628545,negative,0.3040949491800166
1271606047950753792,negative,0.09246441474258937
1271606048512708608,positive,0.9615673433593547
1271606049146101760,negative,0.0003291735782151038
1271606049183862785,neutral,0.3403212960277963
1271606049255104514,negative,0.01552788654488999
1271606049674534913,neutral,0.4670100671583925
1271606049758470146,negative,0.00021961728027368961
1271606050169532419,negative,1.176706131424099e-05
1271606050190483456,negative,1.5936469852570445e-07
1271606051608178688,negative,0.02744686095626657
1271606051670982656,negative,0.10092465956274108
1271606051830403073,negative,0.0066870763049709445
1271606052052783104,negative,0.006827054676551039
1271606052283449350,negative,0.011703220097117726
1271606052308606978,negative,0.08229543333060052
1271606052870594560,negative,0.00013126445760907013
1271606053004771329,negative,0.030578471762904208
1271606053243781120,negative,0.01558014464855175
1271606053390766080,negative,0.0009318493519530203
1271606053499789312,neutral,0.49789225920557484
1271606053675970560,negative,0.0033309307955204214
1271606054217015296,negative,0.0003219244092220534
1271606056444182531,positive,0.7334030526933847
1271606056523874304,negative,3.472879635016974e-08
1271606056599252993,negative,0.00022914088582834575
1271606056809005061,negative,0.015946341074103896
1271606057937272837,negative,1.0103943556166065e-10
1271606060453855233,negative,0.0027633445845082157
1271606060521005057,negative,5.955163430995854e-05
1271606060529352704,negative,0.029459991800648205
1271606060600655873,negative,0.03416143747831388
1271606060860805120,negative,0.01394224286192618
1271606061628350464,neutral,0.4507454498615163
1271606061942915073,negative,0.0023447283661449754
1271606062152548352,positive,0.8830788274688061
1271606064224632832,negative,0.001098065308545404
1271606064912441344,neutral,0.46388013727524513
1271606065247989762,negative,0.3007270370714989
1271606065440882689,negative,0.03980030593590898
1271606065638060032,negative,0.2956582277143434
1271606066376093698,negative,0.08048926307149065
1271606066409885696,neutral,0.4447534025629569
1271606066435043337,negative,0.0014135304663593642
1271606066762006529,negative,0.00016100482880607227
1271606068536209408,negative,0.0017650380977550831
1271606068624293888,negative,1.0545968468530755e-06
1271606068674781184,negative,0.005894416270567474
1271606068678983688,negative,0.004416245848791715
1271606068725121026,negative,0.14308527386746261
1271606068980973569,neutral,0.4792687081820201
1271606069392027649,negative,0.0049024829505844945
1271606069647691776,negative,1.8066554511466122e-05
1271606069786226694,negative,0.03840564920058137
1271606070541266945,negative,0.015265005482504515
1271606071006826496,negative,0.00011756083113487466
1271606071342313475,negative,0.0005358077387413497
1271606073833721856,neutral,0.4670100671583925
1271606074383220741,neutral,0.3820357472954385
1271606074483920898,neutral,0.3381189830050101
1271606074571980800,negative,0.002354434163065829
1271606074924314625,negative,0.1933311826096359
1271606074982924288,negative,0.3040949491800166
1271606075100401664,negative,0.015946341074103896
1271606076807565312,negative,0.0005765141761233737
1271606076925005824,negative,7.2884477388465e-05
1271606077071728640,negative,4.306354617242347e-05
1271606077281439751,negative,0.0005351132759893319
1271606077747015680,negative,8.514049163998978e-06
1271606077843529729,negative,0.16384019267309888
1271606078384467974,negative,3.3361857921999556e-05
1271606078573338624,negative,0.04495357886299508
1271606078904598528,negative,0.00016100482880607227
1271606080989278209,negative,0.0010373883246845908
1271606081299591170,negative,0.005103893580905735
1271606081324830722,negative,0.044415848827102325
1271606081496719368,negative,0.0049024829505844945
1271606081559592962,negative,0.007775443321856447
1271606081568079872,negative,0.04251423792646359
1271606081815543810,negative,0.029459991800648205
1271606081895063553,positive,0.7123433155916459
1271606082276818949,negative,0.005014943087364652
1271606082348240908,negative,1.9565718695786653e-06
1271606082419507203,negative,0.003282452552207927
1271606082436300801,negative,0.0005351132759893319
1271606082444673027,negative,0.03840564920058137
1271606082595516416,negative,0.01552788654488999
1271606082616647681,negative,1.7799793722063775e-06
1271606082650214401,negative,0.13223660272479967
1271606082700488706,negative,0.0049024829505844945
1271606083027681282,neutral,0.458452529704962
1271606083593940996,negative,0.0069944176082754935
1271606083606454274,negative,0.12960920261254316
1271606083698786304,negative,0.0016737896560586971
1271606083753259009,negative,0.03733235336625141
1271606085242191874,negative,0.0356220253297922
1271606085833687040,negative,0.007816173043045015
1271606085959516160,negative,3.167360028717838e-05
1271606086072762369,negative,0.2396621911436798
1271606086576091137,neutral,0.42695075000513394
1271606086777405441,neutral,0.34259019809003277
1271606087184273410,neutral,0.5718853110079096
1271606087599308802,neutral,0.36016203400974833
1271606087838507008,negative,1.8066554511466122e-05
1271606087989559302,negative,0.22232271081946509
1271606089306517506,negative,0.020542730230748752
1271606089453199360,neutral,0.441980662542865
1271606089516113920,negative,7.961690019446602e-10
1271606089532964868,negative,0.021603191415718308
1271606089646329864,neutral,0.5641156242479793
1271606089713217537,neutral,0.35138810142877774
1271606089738584065,negative,0.03804145621633427
1271606089885286407,neutral,0.441980662542865
1271606090317418497,neutral,0.3381189830050101
1271606090745155584,negative,0.14538813682312507
1271606090749394950,negative,0.0013876501219581817
1271606090766090240,negative,0.04474466654197991
1271606090854268929,negative,0.05953817817461841
1271606090954833920,neutral,0.437369725752128
1271606091051421696,negative,5.396390920312009e-10
1271606091131076610,negative,1.8640813909346823e-13
1271606091185623040,negative,0.3040949491800166
1271606091340808192,negative,0.07097774057919216
1271606091621609473,neutral,0.35138810142877774
1271606091634348032,negative,0.032185199470983396
1271606093605670923,negative,0.014837848071456201
1271606093706395653,negative,0.1256518955108437
1271606094432030721,negative,0.0033309307955204214
1271606094675099654,negative,1.4282680352932503e-05
1271606094729789441,negative,7.34085919362028e-06
1271606095002374144,positive,0.7334030526933847
1271606095375667200,negative,0.0009380117642811359
1271606095560179714,negative,0.052953870092414874
1271606095996489728,negative,0.046484769731093445
1271606096076079104,negative,0.009272739832239805
1271606096373993472,negative,0.015350423320564282
1271606096512208897,positive,0.9546896389976459
1271606098106163202,neutral,0.4217270523550445
1271606098118807553,neutral,0.4461603449519414
1271606098819198976,negative,0.002886944683696644
1271606098911350784,negative,0.016851910656664873
1271606099104288768,negative,0.0005330289711396502
1271606099234500616,negative,0.26812582956602965
1271606099783766016,negative,0.14385489589323358
1271606099892768769,negative,0.06395352793518708
1271606099997855744,neutral,0.49789225920557484
1271606100022964224,negative,0.18795859623648656
1271606100429811712,negative,0.2793168272936149
1271606102086447105,negative,0.034942692555418264
1271606102204039176,negative,3.738312111516744e-06
1271606102208151552,negative,0.0005358077387413497
1271606102405373953,neutral,0.60143295910391
1271606102895935489,negative,0.06972033370282527
1271606104032714752,neutral,0.47760839526369675
1271606104183758849,negative,0.19292541278691247
1271606104774987776,negative,0.028431595891872056
1271606106842791936,negative,0.015078372289820072
1271606106859507712,negative,0.19502423039687414
1271606106985500672,negative,0.04317724555541918
1271606106993852416,negative,7.559685904674855e-07
1271606107677622273,negative,0.012447427632221408
1271606107795009537,neutral,0.48812498994530507
1271606107996401664,negative,0.0072754342280606675
1271606108948488193,negative,0.029459991800648205
1271606110529748992,negative,0.0006492814131888565
1271606110663958528,negative,0.01650252746279921
1271606110802325504,negative,0.1313393571669683
1271606110915629057,negative,0.022609926619231387
1271606110978478082,negative,4.143742682840951e-05
1271606110999502848,negative,3.907132329808055e-12
1271606111523799041,negative,0.05610309040052827
1271606111691591681,negative,0.14308527386746261
1271606111846744070,negative,0.06267860474099735
1271606112144388096,negative,0.00032588143824506196
1271606112199028741,negative,0.06743992697160654
1271606112228454402,negative,0.00019984109669266473
1271606112350089217,negative,2.0743440609530152e-05
1271606112727363584,negative,0.002188635306823595
1271606114640105472,negative,0.01496693041675585
1271606115151872000,negative,0.0003159494949734521
1271606115214729217,negative,0.11807822018785873
1271606115390849025,negative,0.014592387966216947
1271606115411910660,negative,0.23679171275157856
1271606115864723456,negative,0.14622305181174747
1271606115877310465,negative,0.0006231497894395036
1271606116271689728,negative,0.009589963573791783
1271606116829417473,negative,0.005158663290084809
1271606118712774658,negative,0.0008684331524563765
1271606118826102784,negative,7.798151796630601e-07
1271606118867972096,negative,0.06182057940407165
1271606119509692417,negative,0.07469221961178564
1271606119656456199,neutral,0.5715314424006551
1271606119815839747,negative,0.001842031509920941
1271606120289714177,negative,0.017643005765877583
1271606120314961923,negative,0.00023882966192448517
1271606120843325440,negative,1.8640813909346823e-13
1271606120960929792,negative,7.000554135805792e-06
1271606121195855872,negative,3.262796994869556e-05
1271606121342566401,negative,0.0025023475565534373
1271606122978381826,negative,0.12040489496069662
1271606123028570112,negative,0.001842031509920941
1271606123049730049,negative,0.0832616067651975
1271606123402006528,negative,7.2884477388465e-05
1271606123607527425,negative,0.043598371671244036
1271606124219904000,negative,7.416979348800216e-10
1271606124408602634,negative,0.00015119138773630916
1271606124408602638,negative,0.0825886283591841
1271606124484210689,negative,3.072815189691473e-09
1271606124794560513,negative,0.00016628924848785266
1271606124794576900,negative,0.002827389539451857
1271606125063032833,negative,0.00023882966192448517
1271606127289962496,negative,0.006190178878016378
1271606127504109570,negative,0.1957458036321173
1271606127860625408,negative,0.045004552016967195
1271606128166633474,negative,0.03911729232939981
1271606128326164480,negative,2.3544798113926338e-05
1271606128514871297,negative,0.08531584851612871
1271606128561065989,negative,0.008798432792496822
1271606128707854336,negative,0.31298802906997886
1271606128758136835,negative,1.3282964313443203e-05
1271606129680924674,neutral,0.34117024056417766
1271606131497013248,positive,0.7512095065712907
1271606131505483778,negative,0.01552788654488999
1271606132021354497,neutral,0.6043213408441137
1271606132142899200,negative,0.0005265751361008142
1271606132214247427,negative,0.04622763662947095
1271606132327374849,negative,0.00032588143824506196
1271606132583411712,negative,0.00019894404832740268
1271606132625346560,neutral,0.48728019602140255
1271606132658733059,negative,0.0011476103271417274
1271606133170593794,negative,0.030578471762904208
1271606134022066178,negative,0.0009121087031901216
1271606134827343872,negative,0.00014840749909568357
1271606134873313280,negative,0.02772639301037019
1271606136316313601,negative,0.09038507580680345
1271606136404275200,negative,0.06972033370282527
1271606136450539521,negative,0.00023882966192448517
1271606137461387264,negative,0.13223660272479967
1271606137679380480,negative,0.039286133369671385
1271606137809448961,negative,1.4282680352932503e-05
1271606138295984129,negative,0.0350911101855446
1271606138308628481,negative,0.28112816092110127
1271606139877314560,neutral,0.5557609359217999
1271606139885510656,negative,1.4282680352932503e-05
1271606140074409987,negative,0.00019894404832740268
1271606140535738370,negative,0.017270017591343584
1271606141395644417,negative,0.04622763662947095
1271606141588561923,neutral,0.5364312937089994
1271606141903134723,neutral,0.4670100671583925
1271606141903163393,negative,0.0021699975561799987
1271606142184062977,negative,0.00019642326002409239
1271606143954096128,negative,0.0020961239628986615
1271606144235077632,neutral,0.45715098558588957
1271606144696487937,negative,0.1359493142088377
1271606144881098752,negative,0.0005953457165366905
1271606145430499328,negative,0.05492914911702347
1271606145464107008,negative,0.00011775213026216606
1271606145573101570,negative,7.236773637704521e-08
1271606145816428545,negative,0.01991638529144152
1271606145950658562,negative,0.11952078919998183
1271606145975803904,negative,0.009272739832239805
1271606146017697792,negative,7.65543043508159e-05
1271606146088886273,negative,0.011703220097117726
1271606148240637952,negative,0.044897649840717514
1271606148353966081,negative,0.028431595891872056
1271606148400119816,negative,0.0002833791535977362
1271606148538544129,negative,0.0005358077387413497
1271606148555321344,negative,5.824180668299484e-07
1271606148672749569,negative,0.0032775605287930854
1271606148790181894,negative,0.20325516127151255
1271606149171892224,negative,0.029160432015274185
1271606149251465216,negative,0.2504270893075993
1271606149473804293,negative,4.5788642422203646e-05
1271606149780045825,negative,0.21135112890439287
1271606150245634050,neutral,0.3381189830050101
1271606150300078080,neutral,0.37979392754278357
1271606152288239618,negative,0.09176050332888218
1271606152770584577,negative,4.731932022226333e-06
1271606152929951744,negative,2.5596142971319136e-06
1271606153160478720,negative,7.236773637704521e-08
1271606153164795911,negative,0.0029999092265010564
1271606153743605760,negative,9.758196908662068e-05
1271606153760460800,neutral,0.616005678462541
1271606154066526213,negative,0.0825886283591841
1271606154385395713,negative,1.1521101936796828e-05
1271606154574155783,negative,0.29150453131543796
1271606156943863808,neutral,0.6067041540879438
1271606156948115457,negative,1.2040183865503214e-09
1271606157464010752,negative,0.007888627322938107
1271606157480808448,negative,0.009272739832239805
1271606158168600576,negative,0.0049024829505844945
1271606158562865155,negative,0.0004912954043127956
1271606160773337089,negative,1.69597407704258e-05
1271606160991240195,negative,0.00020468373187694836
1271606162006237185,negative,0.16437877331818024
1271606162362859520,positive,0.9143932035143755
1271606162547449857,neutral,0.5965898960234255
1271606162824269824,negative,5.757580427846109e-05
1271606163293876224,negative,3.5788314179515283e-06
1271606163981778945,negative,0.2315181554461973
1271606164061478912,negative,0.01773802572406225
1271606164447322112,negative,0.0005212212119467589
1271606165651238919,negative,0.2862692039324887
1271606165672062976,neutral,0.3722169128233854
1271606166171328515,negative,0.12356919658920922
1271606166573981701,positive,0.9981181828106879
1271606167052091393,negative,0.14444456258043442
1271606167744151555,negative,0.0374238442098398
1271606168167886849,negative,0.03180962742221007
1271606169568763904,negative,0.000923680055298722
1271606169602265090,negative,0.0066870763049709445
1271606169707204609,negative,7.428222259588425e-05
1271606170114043904,negative,0.026102557911560516
1271606170189512704,negative,0.029459991800648205
1271606170873200641,negative,0.00019984109669266473
1271606171049308163,negative,0.0011430068027127969
1271606171053547521,negative,0.07146786711933852
1271606171393298438,negative,0.1275496048712171
1271606171758063616,negative,1.457237922013405e-07
1271606171938574336,negative,0.02435601852684147
1271606173746245632,negative,0.041894793809486804
1271606173951803392,negative,4.5872567309709963e-07
1271606174421585922,negative,0.00011791760518418482
1271606174497026050,negative,0.3247013834969909
1271606174740287489,negative,0.031231879134358223
1271606175293997057,negative,2.594914160645945e-07
1271606175449088006,negative,0.10636546383801938
1271606175809896449,negative,0.0030412099979313352
1271606177697333248,neutral,0.41557614730585196
1271606178032881665,neutral,0.6547637507585339
1271606178066432006,negative,0.026615173795510632
1271606178817196032,negative,0.006769110446710621
1271606178859098126,neutral,0.3782014927923854
1271606178917699584,negative,0.0003160575967488021
1271606179509276672,negative,0.1628976482749928
1271606179777650688,negative,1.457237922013405e-07
1271606180100669443,negative,0.0021283600206027154
1271606180469788672,negative,8.154604400939287e-05
1271606180541054979,negative,0.23306510746004727
1271606181669339136,negative,0.18909143581032145
1271606181786599424,negative,0.046484769731093445
1271606182009016323,neutral,0.652988088600254
1271606183133151233,negative,0.0834735359685559
1271606183598702592,negative,0.001842031509920941
1271606183959367680,negative,0.013215736956266502
1271606184085262336,negative,3.989741608300387e-06
1271606184630509568,negative,0.0041262470970027925
1271606186094313473,negative,0.05338484160735513
1271606186211717120,negative,0.016656028492176282
1271606186538930176,negative,1.0967841514002317e-05
1271606186614362114,negative,9.790176350779958e-07
1271606186819743745,negative,0.18795859623648656
1271606186824085505,negative,1.0349615455786193e-14
1271606186861826048,negative,0.05817995923428874
1271606187356835842,negative,4.4222583725377325e-08
1271606187595882498,negative,0.00012113528582138377
1271606187608465414,negative,0.007816173043045015
1271606189655293952,negative,0.0001015311745582566
1271606190460542977,negative,1.848047913679797e-05
1271606190754193409,neutral,0.35451443008515343
1271606190879932416,negative,0.00016628924848785266
1271606191043436550,negative,0.0022534008262551316
1271606191068766208,negative,1.9172124681804905e-05
1271606191068786689,negative,0.025152324668022856
1271606191513317377,negative,0.24976013886986978
1271606191609823237,negative,0.09412051680142991
1271606191752384512,negative,0.002734550441292349
1271606192108863488,negative,0.00021105079226849818
1271606192113094663,negative,0.0049024829505844945
1271606192889004032,positive,0.671337306919619
1271606192931057666,negative,0.00026772437004899557
1271606193027452934,negative,0.005479099288117338
1271606194394796040,neutral,0.3381189830050101
1271606195481182208,negative,0.00016628924848785266
1271606196626247680,negative,0.0004891384244872824
1271606196806447104,negative,0.0019660331236129296
1271606197167128577,negative,0.00026808485213618196
1271606197825744897,negative,0.008203132826013019
1271606198220046337,neutral,0.3702954252343909
1271606198714929152,negative,0.18795859623648656
1271606198769463297,negative,0.006815256925063544
1271606198886940673,neutral,0.35451443008515343
1271606198962393090,negative,0.014511397537374501
1271606199142711297,negative,0.17789058408954797
1271606199633444864,negative,0.003951703928940141
1271606199973302274,neutral,0.3384932184628731
1271606200526950400,negative,0.03418213087450025
1271606201143492611,negative,0.2659919245779967
1271606201298665477,negative,0.005479099288117338
1271606201713782784,negative,1.8066554511466122e-05
1271606203030757376,negative,0.017190274650207574
1271606203064487941,negative,0.25318237069832455
1271606203320336386,negative,0.0009695106843323813
1271606203743961101,negative,0.0005351132759893319
1271606204456984576,neutral,0.437369725752128
1271606205186801664,negative,0.0024968577181432848
1271606205371363330,negative,0.1735162678381825
1271606205451055111,negative,9.9776447420698e-05
1271606205606244352,negative,0.00033750883841625665
1271606206000480256,negative,0.06656437044045363
1271606206117957637,negative,0.1735162678381825
1271606207019704320,negative,3.6826143228758263e-06
1271606207191621633,negative,0.08127375066082441
1271606207216619520,negative,0.21010905378978179
1271606207342673921,neutral,0.49789225920557484
1271606207753715713,negative,0.04141175839988151
1271606207984177152,negative,0.002395107361095619
1271606208085049345,negative,0.0022064834697839014
1271606208902856704,negative,0.030376491298936097
1271606209154551808,neutral,0.437369725752128
1271606209158590470,negative,0.0001967696512868653
1271606209414602753,negative,0.0912201351449122
1271606209544683525,negative,0.012461089117349843
1271606211306233861,negative,0.27106378101883194
1271606211411148800,negative,0.010637754603264047
1271606211553693697,negative,2.0757907719856787e-09
1271606211696365568,negative,0.0003936898480426597
1271606211805405184,neutral,0.6194182476373967
1271606212124164097,negative,0.0005915075724676036
1271606212329705472,positive,0.8496322213967735
1271606212346490880,negative,0.19910837683287708
1271606212908417026,negative,0.0002833791535977362
1271606212946264064,negative,0.05368241837099004
1271606212967137282,negative,0.0271165461827435
1271606212988190725,negative,6.635103615185109e-05
1271606213227302912,negative,7.234886218897528e-05
1271606213734625280,negative,0.021295168826505204
1271606215198552064,negative,0.02893852940882959
1271606215345270784,negative,0.020738371847344825
1271606216016498694,negative,0.10551814338418411
1271606216146464768,negative,0.014300086334016922
1271606217497083906,neutral,0.5089004219517322
1271606217513803783,positive,0.6624055896622104
1271606219845795840,negative,0.06024864017578067
1271606220055629826,negative,0.002418228708076309
1271606220206616576,positive,0.9576701875237154
1271606220311363584,negative,8.27952091628276e-06
1271606220449857542,negative,0.0007176732349666806
1271606220487643137,negative,0.00011791760518418482
1271606220537901058,negative,0.020317130529569682
1271606220655407105,negative,0.08901488430687854
1271606220672114688,positive,0.9505227471188973
1271606220806254592,positive,0.7878984431607639
1271606220827373569,negative,0.018263572970062283
1271606220890222592,neutral,0.4371678023564083
1271606221108326401,negative,0.16756816175348466
1271606221448122369,negative,0.0018903419073713964
1271606221485805568,negative,0.0374238442098398
1271606223738212354,negative,0.0007809020524228805
1271606224002392070,neutral,0.3381189830050101
1271606224199565312,positive,0.9969884738116033
1271606224346394629,negative,0.20683928933776474
1271606224421715968,negative,0.01296601587534697
1271606224593793024,negative,0.3208015067815809
1271606224619016193,negative,5.695857302171394e-06
1271606224803381249,negative,0.23856615915530624
1271606224975540229,negative,0.00015194828200427033
1271606225600421889,negative,2.6296899006704753e-05
1271606225692700672,negative,0.0022064834697839014
1271606225919184897,negative,0.19552563706121598
1271606225961021443,negative,0.03654899984580755
1271606226078568449,neutral,0.46127768308170247
1271606226233683974,negative,1.8066554511466122e-05
1271606226418311168,negative,1.164841024350142e-06
1271606228515524609,negative,0.0029210573832208152
1271606229027209218,negative,8.515751522846976e-08
1271606229077561345,neutral,0.3381189830050101
1271606229186621442,neutral,0.34117024056417766
1271606229320658945,negative,0.28452613361763907
1271606229551525889,negative,1.4282680352932503e-05
1271606229756981249,negative,0.11983793894305395
1271606230008676352,neutral,0.3381189830050101
1271606230193254400,negative,0.31732489718339985
1271606232156176385,positive,0.999194242255796
1271606232399429633,negative,0.0825886283591841
1271606232843988992,negative,0.00180761944723976
1271606232986591233,negative,0.03416143747831388
1271606233053696000,positive,0.8651618779548107
1271606233091407872,negative,0.00105507142652821
1271606233783586828,negative,0.0001658783011141083
1271606233926172673,negative,0.238427545908539
1271606234052001792,negative,0.031880299151915294
1271606234060394503,negative,0.01552788654488999
1271606234152648705,negative,0.29103325718168266
1271606236400803842,negative,0.0022064834697839014
1271606237218693120,negative,0.00019984109669266473
1271606237717725185,negative,0.0071479933406052385
1271606237944336386,negative,1.6611736115185415e-06
1271606238418096130,negative,0.0049024829505844945
1271606238443376641,negative,0.00021323646588724418
1271606239332573185,negative,0.18693584956905138
1271606239693287424,neutral,0.3725458233667465
1271606240641245184,negative,0.133518073285984
1271606240787992579,neutral,0.49789225920557484
1271606241299591170,negative,0.12239827232910852
1271606241576595456,negative,0.029459991800648205
1271606241714995201,negative,0.12349429145986153
1271606241920499712,negative,0.013078704022416567
1271606242184658944,negative,0.09629898425341812
1271606242335756289,negative,0.08253524045161674
1271606242495078401,negative,0.013117141372475088
1271606242507739139,negative,0.21220052086505614
1271606242574766080,negative,0.007012448520741336
1271606242818109444,negative,4.177986058447483e-10
1271606243153641473,positive,0.9713516772779704
1271606245015851009,negative,0.1521613416138048
1271606245640802305,negative,0.1901747083673051
1271606245695373313,negative,0.001596738307657661
1271606245921820673,negative,1.56260701404286e-05
1271606245972213761,negative,0.05610309040052827
1271606249654755330,neutral,0.35108318232392427
1271606249784737793,negative,0.01305592677996788
1271606250602672136,negative,0.07802105340640744
1271606250971770886,neutral,0.437369725752128
1271606251416424450,negative,7.730518905627762e-07
1271606251529568256,negative,0.00016628924848785266
1271606251684798469,negative,0.1628976482749928
1271606253182124033,negative,0.053918075478237966
1271606253270130688,negative,0.0003495167594397269
1271606253639385088,negative,0.0022480160405335303
1271606253727485953,negative,6.4675117100569094e-06
1271606253848911872,negative,0.17729329083702194
1271606254096601088,negative,0.0099536958179938
1271606254100758528,negative,0.042772964893098335
1271606254172024833,negative,0.0917964221962369
1271606254541119489,negative,0.00019984109669266473
1271606254834798593,negative,0.1463123325916096
1271606254868336640,negative,0.02734764205970332
1271606255182909441,neutral,0.48728019602140255
1271606255501692928,negative,0.016827647723842706
1271606257204502528,negative,1.5113547983400143e-05
1271606257913397249,neutral,0.33758533303423804
1271606257976107010,negative,0.272569385766828
1271606258462871555,negative,0.04317065606796562
1271606259092000781,negative,0.32620683154629054
1271606259159089157,negative,0.271417425229502
1271606261570772994,negative,0.002402106420951482
1271606261851840516,negative,0.026315614900597323
1271606262027837441,negative,0.03743094014107543
1271606262132867072,negative,0.07348817144800547
1271606262556434433,neutral,0.6315114734455297
1271606262912991232,negative,0.09441176678052722
1271606263022080001,negative,1.7606509048117012e-06
1271606263051362306,negative,0.18795859623648656
1271606263126908928,negative,0.0012572532376039984
1271606265735712769,negative,0.010949873541411113
1271606266465415168,negative,0.09544104377421295
1271606267086286848,negative,6.28392182103613e-14
1271606267430285312,negative,0.020084975227713835
1271606267887472649,negative,0.0009177503516261305
1271606268319449088,negative,0.12638575508756936
1271606268327854080,negative,0.1521613416138048
1271606268462014465,negative,2.0757907719856787e-09
1271606268495527937,negative,0.03416143747831388
1271606268625653760,negative,0.005626392366426678
1271606269728690177,negative,0.03505179258399321
1271606270265634817,positive,0.997126995515298
1271606270731182087,negative,0.0271165461827435
1271606270878003206,neutral,0.39680964412894354
1271606271490379777,neutral,0.35451443008515343
1271606271993577476,negative,0.32620683154629054
1271606272777949184,negative,0.012754996330176942
1271606272798994432,negative,0.2884593983892954
1271606272861880322,negative,0.29451932042264645
1271606273096769537,negative,0.09038507580680345
1271606273327476739,negative,0.001842031509920941
1271606274522824705,negative,0.03980030593590898
1271606274573156352,negative,0.03670255851540621
1271606275894398976,negative,0.1203090358454427
1271606276443832322,negative,0.3029968537174699
1271606279006572544,negative,0.0027633445845082157
1271606279019155457,negative,4.50491123474092e-05
1271606279065174017,negative,0.005479099288117338
1271606280193482753,negative,9.044611452395225e-06
1271606280596094976,negative,0.00016628924848785266
1271606281330216961,negative,3.6826143228758263e-06
1271606281447641094,negative,0.11162762197975168
1271606281502167042,negative,3.4756179013684414e-05
1271606282865311744,negative,0.012422994235433046
1271606282999521280,negative,0.1256518955108437
1271606283045605376,negative,0.0006550569677524031
1271606283163127813,negative,0.027974412024493963
1271606284677189632,negative,1.205164081971739e-07
1271606284761038848,neutral,0.49789225920557484
1271606285033709570,negative,0.004304179935250414
1271606285407002630,positive,0.916649847416321
1271606286526951425,negative,6.182415086815956e-07
1271606286535340034,negative,4.420908198460823e-06
1271606286589800451,negative,0.015263631975348723
1271606288041029632,negative,0.009272739832239805
1271606288154349573,negative,4.143742682840951e-05
1271606288212987908,neutral,0.41781860539170623
1271606288376639488,negative,0.00157921824750368
1271606288594731008,neutral,0.5557609359217999
1271606291232890880,negative,0.015430274130910335
1271606291614568448,negative,0.0007479351290205682
1271606291782348806,neutral,0.38685675479803405
1271606292528979972,negative,0.00016628924848785266
1271606292591845376,negative,0.021468205824297266
1271606292763807745,negative,0.030578471762904208
1271606292763869184,negative,0.0014056336333883798
1271606292965142528,negative,0.032158205262896665
1271606293447524352,negative,0.0024968577181432848
1271606294932336640,negative,0.22513179180885018
1271606295288840193,negative,0.02428248049254861
1271606295464939520,negative,0.0023873514811361004
1271606295473381376,positive,0.8315591749792118
1271606295821500416,negative,0.18909143581032145
1271606295884251136,negative,0.03761886360589996
1271606295930511361,negative,0.0002487677856993227
1271606296006008832,negative,8.27952091628276e-06
1271606296270209024,negative,0.05670946645000067
1271606296303804419,negative,0.0046164512115936624
1271606297117499392,negative,0.015271358212807165
1271606297184649216,negative,0.0060253768484480295
1271606297461428230,negative,0.08429750789073566
1271606297788592128,positive,0.7300840865009319
1271606297910292480,negative,0.19255580678131862
1271606299273412613,negative,0.12223370080603098
1271606299298598913,negative,0.0008654212494235032
1271606299512442880,negative,0.2614937926735077
1271606299768299520,negative,0.07762784543750909
1271606299915100162,negative,0.00230043313191794
1271606300288282624,negative,0.02734764205970332
1271606300363960321,neutral,0.3381189830050101
1271606301555150852,negative,0.07802105340640744
1271606303425802240,negative,3.262796994869556e-05
1271606303765323776,negative,0.002974726282716937
1271606304478507008,negative,0.00016628924848785266
1271606304646270976,negative,5.1110461772575314e-05
1271606304772153352,negative,0.00038535564852719087
1271606305304850432,negative,0.02428248049254861
1271606305762009089,neutral,0.35451443008515343
1271606305862701056,negative,0.002014998529721484
1271606305933967361,negative,0.01879425341181135
1271606305967550465,negative,0.0004019667944958375
1271606307527819264,negative,0.00011341912160628809
1271606307938799616,neutral,0.3381189830050101
1271606308081414146,negative,2.2525945753383987e-06
1271606308400181249,negative,0.0007176732349666806
1271606308626550785,negative,0.04444805491636417
1271606308685467650,negative,0.013815551599849757
1271606308832231425,negative,0.024102170060590122
1271606309343952896,negative,0.3040949491800166
1271606310581108737,negative,0.004576720082140942
1271606310665179136,negative,0.00016628924848785266
1271606313211121664,negative,0.031878023019881185
1271606313223696384,negative,0.003410092863709786
1271606313739411458,negative,0.052646995287520405
1271606313882091521,neutral,0.3725458233667465
1271606314070917120,negative,0.04886225666901804
1271606314137980929,negative,3.2388508013506955e-08
1271606314951757825,positive,0.9633249320449176
1271606315492814860,negative,0.0027270990147415953
1271606316788854784,negative,0.030727997589984984
1271606317447352322,negative,0.07451860916872596
1271606317933834242,negative,0.07802105340640744
1271606318604967937,negative,4.143742682840951e-05
1271606318932078593,negative,0.07374298279308379
1271606319053713408,negative,0.04512957722755381
1271606320140038144,neutral,0.41781860539170623
1271606320215490560,negative,0.00014840749909568357
1271606320614068229,negative,0.08232872311514043
1271606321108975616,negative,0.30895589162194187
1271606321431949312,negative,0.21376034137890795
1271606322287566848,negative,0.00019984109669266473
1271606322371403776,positive,0.7215312026276036
1271606322937487362,negative,0.00388120957063614
1271606322983821317,negative,0.012676502386934916
1271606323390689282,negative,3.072815189691473e-09
1271606324351004672,negative,0.28286128465373983
1271606324477001729,negative,7.697251961169145e-09
1271606324929978373,neutral,0.5651393015448372
1271606325496238080,negative,0.06756897342989703
1271606325546496000,neutral,0.49789225920557484
1271606326033080320,negative,0.0006045697865658115
1271606326074933251,negative,0.001842031509920941
1271606326146334720,negative,0.028431595891872056
1271606326238552070,negative,0.004304179935250414
1271606326783889409,negative,0.0032775605287930854
1271606327236800515,neutral,0.44752146376960994
1271606328486703106,negative,0.00015194828200427033
1271606328734232576,neutral,0.4670100671583925
1271606329153552385,negative,2.8366452575696464e-07
1271606329287888896,negative,0.005571168276509316
1271606329329586177,negative,0.2815004929841164
1271606329535234049,negative,0.06669142154511797
1271606329862430725,negative,0.0005358077387413497
1271606330076225536,neutral,0.49789225920557484
1271606330306879489,negative,0.17122708209395252
1271606330646827010,negative,0.12974310845169645
1271606332714598400,negative,0.0005358077387413497
1271606332840345601,negative,0.018720000499947858
1271606332966215681,negative,0.0034351024886796126
1271606333024976896,negative,0.03365236148123999
1271606333075226625,negative,0.0013281620787524713
1271606333075329025,negative,0.24650526929459574
1271606333276598282,neutral,0.4003411106244799
1271606333507358729,positive,0.9615673433593547
1271606333754667009,negative,0.25147697806628566
1271606334002249728,negative,0.0032606034222383584
1271606334144692226,positive,0.8007266922775306
1271606334169976835,negative,0.0008055735677755359
1271606334547427332,negative,0.015078372289820072
1271606334555746305,negative,0.1336336348513645
1271606334929108994,negative,0.00014303991852115787
1271606335013031936,negative,0.00020378781742672752
1271606335138824194,negative,0.0046562799585034
1271606335151407105,negative,1.8066554511466122e-05
1271606337189875718,neutral,0.387209319016033
1271606337676419079,negative,0.012653097835596266
1271606337932349440,negative,0.00015119138773630916
1271606337940738049,negative,0.09038507580680345
1271606338402037761,negative,0.2940757070972935
1271606338787966978,negative,0.00012358293547957858
1271606339027054592,negative,0.13971399525614192
1271606339291107328,negative,0.054994079140349234
1271606339341561856,negative,0.00010362574406025708
1271606339635118082,negative,8.154604400939287e-05
1271606339647737856,negative,0.01410372560482181
1271606341123969025,negative,1.8066554511466122e-05
1271606341484916737,negative,0.047318264206951254
1271606341572927489,negative,0.17441048382648944
1271606341614874624,negative,0.08531584851612871
1271606341891743744,negative,0.0005358077387413497
1271606342411644928,positive,0.7878984431607639
1271606342495752193,neutral,0.6582643402168333
1271606342684418048,negative,0.00023838292556798522
1271606342827024385,negative,0.05817995923428874
1271606342940319744,negative,0.0019805152370791787
1271606343368085504,negative,0.006769110446710621
1271606343510753280,negative,0.10697750540444037
1271606345293279232,negative,0.2299990004187158
1271606345633013762,negative,0.0802169327237387
1271606345725358080,negative,0.005894416270567474
1271606345968607233,neutral,0.5598680090632836
1271606346065084417,negative,0.2522817600246395
1271606346354266113,negative,0.03402056600955099
1271606346987732992,negative,6.371294644183034e-06
1271606347025522689,negative,0.01581962339908979
1271606347201761280,negative,0.006481674552523457
1271606347331784707,negative,0.00011341912160628809
1271606347965087744,negative,0.00014840749909568357
1271606348078297088,negative,7.178974134898367e-06
1271606348359380992,negative,0.019620690397238273
1271606350070591492,negative,0.19502423039687414
1271606350141939713,negative,8.533047907544956e-05
1271606350150328323,negative,0.24257369881389068
1271606350565556224,negative,0.015946341074103896
1271606350670413824,negative,0.0005351132759893319
1271606350804586496,negative,0.08855424662249803
1271606351022579717,negative,0.0006231497894395036
1271606351651799045,negative,0.04580868801829515
1271606353740480513,neutral,0.5844812128851742
1271606353832919042,negative,0.012990095621005317
1271606354373943297,negative,0.00010210803184454437
1271606354466295813,negative,4.650985078126962e-05
1271606354671808514,negative,0.00157921824750368
1271606354826887168,negative,0.2869194334696859
1271606354877317120,negative,0.0056110453144678435
1271606355011477504,negative,1.1144967635822286e-07
1271606355191836676,negative,0.0004493944919482128
1271606356227719169,negative,0.0017359998819498788
1271606356710170634,negative,3.2295606212110764e-05
1271606357997780992,negative,5.712766667721915e-07
1271606358060625921,neutral,0.5049464534002475
1271606358496985089,neutral,0.45715098558588957
1271606358677295104,negative,0.03791920620891624
1271606359113502721,neutral,0.49789225920557484
1271606359117758465,negative,0.013960984207132843
1271606359604121601,negative,0.0420197946716556
1271606359734259713,negative,0.014837848071456201
1271606360547954689,neutral,0.49415198680324113
1271606361265184770,neutral,0.4112942716578618
1271606362347315200,negative,0.007823042848881275
1271606362578071552,negative,0.01552788654488999
1271606362624135169,negative,0.01719004681774222
1271606362678714373,negative,0.04634970887758334
1271606362716418049,negative,0.11162762197975168
1271606362930364422,negative,0.06182057940407165
1271606362951364608,negative,0.06756897342989703
1271606363261669376,negative,0.00011341912160628809
1271606363517419520,negative,1.8066554511466122e-05
1271606363706339328,negative,1.062063940850468e-06
1271606364117233666,negative,6.690052635260189e-07
1271606364280938497,negative,1.7746080916783892e-07
1271606366327787521,neutral,0.34117024056417766
1271606366533308416,positive,0.7244117310900612
1271606366830985224,negative,0.055840910738911696
1271606367112085505,negative,0.00048565789725911
1271606367955148800,negative,0.0015135849796267815
1271606367955156993,negative,0.1348899499064379
1271606368374587394,neutral,0.47697210391394973
1271606368428937216,neutral,0.5164106436311967
1271606368466808832,negative,0.00011559616770533228
1271606369053966336,negative,0.1735162678381825
1271606371042168833,negative,0.0014430253150947822
1271606371167985666,positive,0.7334030526933847
1271606371251822594,neutral,0.5061762531221766
1271606371973312512,neutral,0.3725458233667465
1271606372036235264,negative,0.00021105079226849818
1271606372556103680,negative,0.01552788654488999
1271606372698697729,negative,0.01719004681774222
1271606372728139778,negative,0.007666870695719071
1271606372761772034,negative,0.14308527386746261
1271606373135122432,neutral,0.437369725752128
1271606373210640384,negative,0.10608825542093243
1271606373537574912,negative,6.898181232754515e-05
1271606373768466433,negative,0.003141090285428243
1271606374598881280,negative,0.014991899094609436
1271606374988943361,negative,0.0009028042954317648
1271606375005605890,negative,0.16437877331818024
1271606375966216192,negative,4.265560785464094e-07
1271606376033288193,negative,2.7640587771035787e-11
1271606376113016832,negative,0.193535918142673
1271606376201142272,negative,0.0074768733175186695
1271606376750616578,negative,0.01552788654488999
1271606376851214337,negative,0.005894416270567474
1271606377295810560,negative,0.09658838931814522
1271606378835124224,negative,0.00331922673685571
1271606378944245761,negative,0.009272739832239805
1271606379065880576,positive,0.9460527034997795
1271606379233542147,negative,0.039309880892793664
1271606379392925696,negative,0.00041279808053524723
1271606379690762243,negative,0.01355600344767054
1271606379762135040,negative,4.50491123474092e-05
1271606380072402945,negative,0.00010386694260799716
1271606380424843266,positive,0.9928266663248895
1271606380445786113,negative,0.14308527386746261
1271606380508647424,negative,5.4384303547585064e-05
1271606380802322436,neutral,0.34212779492080586
1271606381083275264,neutral,0.3381189830050101
1271606383062982656,negative,0.0825886283591841
1271606384140918786,negative,0.025883191175002884
1271606384229068801,negative,0.0006212642497341478
1271606384359084032,negative,0.016745373426972753
1271606384661012483,negative,8.073210760235679e-05
1271606384799502338,negative,0.00010542398332270033
1271606384975646720,negative,0.00011571619590819014
1271606385021718530,neutral,0.3381189830050101
1271606385109807105,negative,0.0002487677856993227
1271606385227300865,negative,6.803727446110708e-05
1271606387542503424,negative,0.2512321054223868
1271606387827773442,negative,0.0006431827825088871
1271606388150673409,negative,0.12867095959708635
1271606388297469952,negative,0.042278211053224185
1271606388704321537,negative,0.0074669692566692
1271606388775702529,positive,0.8560290592048831
1271606389333463051,positive,0.7334030526933847
1271606389471879170,negative,0.00021575848065662754
1271606389870387200,negative,0.00019328371730703794
1271606390193377282,neutral,0.35451443008515343
1271606390398820352,negative,0.017790480136688425
1271606391359315968,negative,9.146202003090892e-06
1271606391581663234,negative,0.12720488621313522
1271606391627829250,negative,0.02726162813814235
1271606392097554432,negative,0.0008665485385232531
1271606392131145728,negative,0.04206297409795604
1271606392143712256,negative,0.01552788654488999
1271606392168894467,negative,0.08501234908203899
1271606392789643265,negative,0.001111287296866427
1271606392953192448,negative,8.154604400939287e-05
1271606393074855936,negative,0.00036986781985034426
1271606393829761025,negative,0.10959463138292411
1271606393930485765,negative,0.0825886283591841
1271606396166029316,negative,0.001842031509920941
1271606396774223875,negative,0.00023821897791048317
1271606397009121281,negative,0.009272739832239805
1271606397357174786,positive,0.6624055896622104
1271606397789069312,neutral,0.437369725752128
1271606398913318914,negative,0.0019805152370791787
1271606399215296512,negative,0.11039593456744098
1271606399794020352,negative,0.00020385062827719643
1271606400716849161,negative,0.008753075056427055
1271606400817475584,negative,4.40937372909515e-05
1271606400926580737,negative,0.20186754572743498
1271606401329135618,negative,0.05610309040052827
1271606401576534017,positive,0.9995469853676254
1271606401585106944,neutral,0.437369725752128
1271606401668984832,neutral,0.47800712619015706
1271606401681457153,negative,0.07152762509154904
1271606401761267722,negative,0.014333524322930311
1271606401979252737,negative,0.13970052175251185
1271606402138746882,negative,0.00019984109669266473
1271606402147135490,negative,8.013078018412087e-05
1271606402369413120,negative,0.00011791760518418482
1271606402449059843,neutral,0.4494736039941976
1271606402470088705,negative,5.695857302171394e-06
1271606404005142528,negative,0.0024681653026338
1271606404118458368,neutral,0.3381189830050101
1271606404290355201,negative,0.019898165213500133
1271606404504260609,negative,0.026591659030510178
1271606405183803393,negative,0.002974726282716937
1271606405469016068,negative,0.020144476084628184
1271606406064586752,negative,0.0002833791535977362
1271606406773383168,negative,9.846149325862882e-06
1271606407029305345,negative,0.08429750789073566
1271606408685981701,negative,0.0005937422012987841
1271606408895705088,positive,0.949717523635233
1271606409205960704,negative,0.011853479153050638
1271606409294200832,negative,0.0007809020524228805
1271606409373810688,negative,0.0005358077387413497
1271606409524887557,negative,0.005571168276509316
1271606409625509893,negative,0.04251865790289205
1271606409675902977,negative,0.0024688438262976476
1271606409713647616,negative,6.117274312095675e-06
1271606409843617792,negative,0.029734426349901286
1271606410258743296,negative,0.01552788654488999
1271606410569297920,positive,0.9983075352990961
1271606410581733376,negative,0.0034705722079317724
1271606410644684800,negative,0.0009028042954317648
1271606410804105218,negative,0.025152324668022856
1271606412645404678,negative,0.02378548406543998
1271606413085814787,negative,0.3040949491800166
1271606413148803074,negative,0.0011476103271417274
1271606414084112390,negative,0.00016628924848785266
1271606414243487744,negative,0.06896063962103985
1271606414511951874,negative,1.4168473642440115e-08
1271606414516146176,neutral,0.41899888949930975
1271606415132672001,positive,0.997126995515298
1271606415141060609,positive,0.7488486930287965
1271606416562966529,negative,0.04414320621693064
1271606416739127296,negative,0.00019984109669266473
1271606416869122048,neutral,0.5533970533999424
1271606417225584640,neutral,0.45539778705163764
1271606417393438720,negative,5.432847773084686e-07
1271606417506676744,neutral,0.5903255514018425
1271606417544425477,negative,4.482972286831164e-06
1271606417603035149,negative,0.10329182763909436
1271606418471337986,positive,0.9614362926366689
1271606418618159111,negative,6.187441933009095e-09
1271606419272466435,negative,0.13223660272479967
1271606419549233152,neutral,0.35451443008515343
1271606420757196800,negative,0.0049024829505844945
1271606420845232128,negative,0.025152324668022856
1271606421197553664,negative,0.03518060885722172
1271606421197635584,neutral,0.34117024056417766
1271606421273051136,negative,0.04979208078742575
1271606421369602051,negative,0.22837458946902603
1271606421491257344,negative,0.00014717054569147943
1271606422090940416,negative,0.0005358077387413497
1271606422229434369,neutral,0.37137062280538924
1271606423219249156,negative,0.021468205824297266
1271606425228324864,negative,0.006142650347210738
1271606425383469056,negative,0.00011791760518418482
1271606425496797184,negative,0.1462919561686419
1271606425836498946,neutral,0.4737554465528978
1271606426851401728,negative,0.1268028451552595
1271606426897711106,negative,0.00012358293547957858
1271606426918686720,negative,0.035799621162090754
1271606427119992833,negative,0.25318237069832455
1271606429682675712,negative,0.2369944225306557
1271606429825339392,negative,8.817617634302625e-08
1271606430190231552,negative,0.1256518955108437
1271606430374772741,neutral,0.3506033240790759
1271606430508998657,negative,0.09291794415085955
1271606430873911297,negative,0.007520785450598255
1271606431867973632,neutral,0.49789225920557484
1271606431926702082,negative,0.001098707846868685
1271606431939264512,negative,0.0007580173523928184
1271606432329277440,negative,0.1256518955108437
1271606433608589313,negative,0.006530412676232573
1271606433805594624,negative,0.016656028492176282
1271606434229293058,negative,7.896655954576735e-05
1271606434350936064,neutral,0.3381189830050101
1271606434464178176,negative,0.005894416270567474
1271606434606862336,negative,0.01573877361590357
1271606434975887361,negative,0.0025693906365803305
1271606434984329217,negative,0.15109238146263732
1271606435860942849,neutral,0.437369725752128
1271606435974176768,negative,0.0029069294952760324
1271606436058009601,negative,0.0032775605287930854
1271606437362499585,neutral,0.45539778705163764
1271606437500895232,negative,0.0010762678471310744
1271606437836476416,negative,0.008322376192515118
1271606437861421058,negative,0.0049024829505844945
1271606438046162944,negative,0.037923919074804614
1271606438251593730,negative,0.17413095010878632
1271606438255824896,positive,0.7896308023335322
1271606438331383808,negative,0.027306211591214814
1271606438604005376,negative,1.8066554511466122e-05
1271606438700494849,negative,0.001603093943160802
1271606438788345856,negative,0.014576594600991024
1271606439061176320,negative,0.10547217922005571
1271606439220559872,negative,0.2326789449985449
1271606439262466049,negative,0.005894416270567474
1271606439870640133,neutral,0.3504250978451571
1271606441862934532,negative,0.011013279854401599
1271606442194350081,negative,0.03416143747831388
1271606442391408640,negative,0.05599074932229159
1271606442966081536,negative,0.14685092603503147
1271606443125374981,negative,0.014310502985775625
1271606443305840641,negative,0.004513607126047012
1271606443377143809,negative,0.21921412548362115
1271606443490316288,neutral,0.3721511770634008
1271606443783962625,negative,0.060490407011491755
1271606446212382721,negative,0.043598371671244036
1271606446258638849,negative,0.0825886283591841
1271606446380191745,negative,0.29922076576037687
1271606446464081920,negative,0.0012594924599586888
1271606446602326016,negative,0.015800835932238563
1271606446724177926,negative,1.67824124727267e-05
1271606447131017221,negative,0.03840564920058137
1271606447202279424,negative,0.007987861711230561
1271606447818698752,negative,2.0488468017211466e-07
1271606447927783424,negative,0.31732489718339985
1271606448116527104,negative,0.263958890139773
1271606448292839424,positive,0.9459696864395102
1271606448464826369,negative,3.8177649034548366e-08
1271606448695529472,neutral,0.5136446707795853
1271606449370791942,negative,0.12709076119078092
1271606450117279744,negative,6.4675117100569094e-06
1271606450335494144,negative,0.00020385062827719643
1271606450343809024,negative,0.011291671248451733
1271606450440286208,negative,0.018381867668384025
1271606450482114560,negative,5.695857302171394e-06
1271606451442769921,negative,0.029459991800648205
1271606451493011456,negative,2.342822375314909e-05
1271606452067713026,negative,0.03840564920058137
1271606452327723008,negative,0.1735162678381825
1271606452810063874,negative,0.0003042493060766195
1271606454328479747,negative,0.005858557364250677
1271606454374535168,negative,0.06539839311658209
1271606454391320577,negative,0.0176519313509228
1271606454517223424,negative,0.002671403393780663
1271606454760464387,negative,1.531366292117134e-05
1271606454940766208,negative,0.007032605876039598
1271606455259594752,negative,0.043598371671244036
1271606455372779527,negative,0.00019984109669266473
1271606456211693568,neutral,0.34546092169515824
1271606456706629633,negative,0.05568731849928401
1271606458745065472,negative,0.009445333732003855
1271606459206447110,negative,0.034486081295645774
1271606459332247557,negative,0.0013651081868890338
1271606459374030849,negative,0.0005330289711396502
1271606459378302976,negative,1.961112648237229e-05
1271606459428753408,negative,0.016656028492176282
1271606459483250689,negative,3.0373461343041953e-05
1271606459617488897,negative,0.049052660630255186
1271606460166832129,negative,0.0007941626731875211
1271606460447731712,negative,1.4087941363798072e-05
1271606460557004807,negative,0.00021377627793972386
1271606460888354816,negative,7.470416654681035e-05
1271606460930195456,negative,0.2692363006091575
1271606461169307648,negative,0.004586907188674905
1271606463346216960,negative,0.01719004681774222
1271606463446859776,negative,0.24131342214011625
1271606463778127873,negative,0.00016628924848785266
1271606464302415872,negative,0.00016628924848785266
1271606464323477504,negative,0.00884448627626793
1271606464327671809,negative,3.8458181098027596e-05
1271606464348663808,negative,0.00029729788915849783
1271606464587673601,negative,0.024864435263177366
1271606464704987138,positive,0.9173580251250052
1271606464986128385,negative,0.03272233978044458
1271606465665662978,negative,0.14308527386746261
1271606466915549184,negative,0.3193123978213812
1271606467477622785,negative,0.04251865790289205
1271606467632730114,negative,0.036964433909582074
1271606468966580229,neutral,0.34117024056417766
1271606469197250561,neutral,0.37137062280538924
1271606471114006529,negative,0.01991638529144152
1271606471256674311,negative,0.2692363006091575
1271606472263241730,negative,0.23624040881716765
1271606472401727488,neutral,0.6582643402168333
1271606472795844608,negative,0.1977201248360266
1271606473437503488,negative,0.19640071182145585
1271606473735487494,negative,0.0066870763049709445
1271606474008145923,negative,0.036287249267104416
1271606474104602625,positive,0.9409892104111094
1271606475333537793,negative,0.06326627960981118
1271606475421556737,negative,0.01655022480749108
1271606475656478726,neutral,0.437369725752128
1271606475685875713,neutral,0.42041886627546027
1271606476273041410,neutral,0.3916387603988135
1271606476382011392,negative,0.08716220497489455
1271606476759392256,negative,0.0014993988193538906
1271606476985991168,negative,0.003217414187786527
1271606477015441409,negative,0.012676502386934916
1271606477153873921,negative,0.01552788654488999
1271606477409697792,negative,0.016748851911337282
1271606477560655874,negative,0.038539190255196074
1271606477602594821,negative,2.0314056196711032e-06
1271606477745258496,negative,0.02282647380578316
1271606479611518977,negative,1.5936469852570445e-07
1271606479955595270,negative,6.612435193184227e-07
1271606480106655744,negative,0.07607258248687541
1271606480177954816,negative,0.10071837865723263
1271606480370896897,negative,0.3040949491800166
1271606480706383872,neutral,0.437369725752128
1271606480748380160,negative,0.11162762197975168
1271606481327185921,negative,0.007599598437030047
1271606481515937792,negative,0.0010423965284818656
1271606482082107393,negative,1.8066554511466122e-05
1271606482119901190,neutral,0.4126477393052607
1271606482203815938,negative,0.00016628924848785266
1271606482346393600,negative,0.2940757070972935
1271606484032462856,negative,0.00016628924848785266
1271606484493877248,negative,0.09264188513015517
1271606484649095174,negative,0.00013733767253739423
1271606484653178880,negative,2.8328513205788466e-11
1271606484724482050,negative,0.0021144511446272397
1271606484774858753,negative,0.04590014144237001
1271606484795883520,negative,0.005894416270567474
1271606485227839490,negative,0.23316809640359565
1271606485387223040,negative,0.0009998132630746103
1271606485534101505,negative,0.08346383870731802
1271606485710143488,neutral,0.46580994113209095
1271606487853326339,neutral,0.37137062280538924
1271606487870210052,negative,1.5508720376233226e-06
1271606487949901825,negative,0.005201947910914389
1271606487970918400,negative,0.07682926052848185
1271606488088244229,neutral,0.5533970533999424
1271606488109387776,neutral,0.6330455584487023
1271606489099063298,neutral,0.34117024056417766
1271606489124425731,negative,3.759814752818217e-05
1271606489128599553,negative,1.3084445335270075e-06
1271606489170554884,neutral,0.437369725752128
1271606489371889664,negative,0.0052481037657638166
1271606489535389704,negative,0.00011791760518418482
1271606489740910592,negative,6.216789418620497e-05
1271606492412686336,neutral,0.4902469802226057
1271606492647624705,negative,0.00021105079226849818
1271606492693696513,negative,0.00014840749909568357
1271606493113171968,negative,0.00016628924848785266
1271606493884841984,negative,0.03221236491021509
1271606494069493760,negative,0.0023170344461177867
1271606494245650433,negative,0.008798432792496822
1271606494660870153,negative,0.07762784543750909
1271606494828642309,negative,0.0005358077387413497
1271606496304992256,negative,0.00617107441459516
1271606496430882816,negative,0.041863098365780615
1271606496896274433,negative,0.0005330289711396502
1271606497181528064,negative,5.089729454851779e-09
1271606497307512833,negative,0.22866131984486565
1271606497462702087,negative,0.0004493944919482128
1271606497580060673,negative,0.0003614613363981973
1271606497794023425,neutral,0.4643380556023647
1271606498523832321,negative,0.00015639816989837375
1271606498578366469,neutral,0.49789225920557484
1271606500520333314,negative,7.936028219775298e-06
1271606500591652864,negative,0.02301667247206716
1271606500625186820,negative,0.1977201248360266
1271606500746620928,negative,0.0002558508086955222
1271606501136891904,negative,0.023696020030557378
1271606501770252293,negative,0.007204732448817821
1271606501975764993,negative,0.03416143747831388
1271606502969794561,negative,0.29678462664921273
1271606503309533186,negative,0.004043782203207689
1271606504605601797,negative,0.0032775605287930854
1271606504634880006,negative,0.00016628924848785266
1271606504727236610,negative,0.3012140767674719
1271606504857186310,negative,0.12227762356369955
1271606505402490881,negative,0.02428248049254861
1271606505469591552,negative,0.03670255851540621
1271606505675112448,negative,0.29456521167494
1271606505771589632,negative,0.031252089843059085
1271606506992160769,negative,0.0005915075724676036
1271606507323392002,negative,0.03315174901881344
1271606509865250816,negative,0.008658099919513919
1271606509915570177,negative,0.00019984109669266473
1271606510364352514,negative,0.01879028836263589
1271606510435610626,negative,0.029390232212059084
1271606510465007616,negative,0.005479099288117338
1271606510641205248,neutral,0.5502668836499605
1271606510678933504,negative,0.00075982973605122
1271606510754451460,negative,0.014300086334016922
1271606510943174657,negative,7.236773637704521e-08
1271606511052165120,negative,0.006504957606550473
1271606511215788032,neutral,0.5303003355370113
1271606511387713538,negative,0.22232271081946509
1271606511954006017,negative,0.3275068838229145
1271606513421946882,positive,0.7500377016963704
1271606513677697025,negative,1.4087941363798072e-05
1271606513690435584,negative,1.0465681281500375e-05
1271606513849847809,negative,1.0610985490717517e-07
1271606514151755781,negative,0.08048926307149065
1271606514185392135,negative,4.107269420261851e-06
1271606514239909888,neutral,0.42974296076503926
1271606514487373827,negative,0.002886944683696644
1271606515020042241,neutral,0.36016203400974833
1271606515074564096,negative,1.8334532840644062e-05
1271606515288412162,negative,0.18909143581032145
1271606515506589696,negative,0.05610309040052827
1271606517222031362,negative,0.004316655482772831
1271606517666643969,negative,0.04445217217724994
1271606518119567362,positive,0.8824757861350008
1271606518270423040,negative,0.005055235561797886
1271606518652305408,negative,0.0003291735782151038
1271606518966779905,negative,0.01549423975549373
1271606519012880384,negative,1.8066554511466122e-05
1271606519021387776,negative,0.0020368208816492093
1271606520245923842,negative,0.0002558508086955222
1271606521563095047,negative,0.00043777290670736236
1271606522842398721,negative,0.009634722189054938
1271606522922053639,negative,0.004490592819714069
1271606523031101442,negative,7.236773637704521e-08
1271606523064713218,negative,0.009272739832239805
1271606524532711425,negative,0.008090983359372401
1271606524755038213,negative,0.061898746271034984
1271606524872359942,negative,0.0006212642497341478
1271606525627437056,negative,0.0006004169503286683
1271606525786755072,negative,0.055840910738911696
1271606526021681155,negative,0.012676502386934916
1271606526172557312,negative,0.29190387983725447
1271606526390816768,negative,0.20568423600320818
1271606527313543170,negative,0.008662462868170809
1271606527368089607,positive,0.9969884738116033
1271606527502286848,negative,0.2193366280394861
1271606527556796416,positive,0.8693523476469208
1271606527993024514,neutral,0.42507619662732005
1271606528466919426,negative,0.010197085807850613
1271606528953499649,negative,0.1811162946733356
1271606529075093504,positive,0.7500377016963704
1271606529985257472,negative,5.862059181613111e-07
1271606530710712321,positive,0.7878984431607639
1271606530824175616,neutral,0.5151149061654924
1271606531549736960,negative,0.08826843348749734
1271606533290409989,negative,0.02721255701106098
1271606533374304256,neutral,0.49738919646342195
1271606534020136966,negative,0.03268478514541501
1271606534443880448,negative,0.0033309307955204214
1271606535400161282,neutral,0.6330455584487023
1271606535886639104,neutral,0.5403215508489412
1271606535928627201,negative,0.07802105340640744
1271606535983071238,negative,0.253503508402999
1271606536494669824,negative,0.005571168276509316
1271606537182724097,neutral,0.34373392683122533
1271606538407497728,neutral,0.49789225920557484
1271606538805927936,negative,1.1534603039971147e-09
1271606539128909824,negative,0.0022396565939442623
1271606539145666562,negative,0.0056110453144678435
1271606539699343361,negative,0.0058433321260209035
1271606539816783872,negative,0.001842031509920941
1271606540210855936,negative,0.0046562799585034
1271606540261298177,neutral,0.3381189830050101
1271606540441657346,positive,0.7221259824864518
1271606540865122304,negative,0.0026712720595831858
1271606541075058688,negative,0.0012113812140326255
1271606543000141825,negative,0.13607831761114886
1271606543075729409,negative,0.2299990004187158
1271606543079870468,negative,0.010197085807850613
1271606543432089600,negative,0.1304949588849089
1271606543457423361,negative,0.00016628924848785266
1271606543507652613,negative,0.018231076434766017
1271606543910342656,negative,0.0066466275596347695
1271606544044523520,negative,0.00019984109669266473
1271606544359141377,neutral,0.34117024056417766
1271606544740814848,negative,1.985186062921915e-08
1271606544866643969,negative,0.03337537815819604
1271606545265164288,negative,0.00014840749909568357
1271606546561146880,negative,0.00016628924848785266
1271606546724802565,negative,1.8066554511466122e-05
1271606546817056770,negative,0.003325865387727802
1271606547035025408,negative,1.8066554511466122e-05
1271606547181899778,positive,0.9157759825443355
1271606547223846914,neutral,0.49789225920557484
1271606547282526208,negative,0.05573004273764708
1271606547840249856,negative,8.885792552648093e-05
1271606547983093761,negative,0.01182450921850007
1271606549660786689,negative,4.450799567202644e-05
1271606550487093250,negative,0.0004789595475737694
1271606551128805381,negative,0.0002948285175556737
1271606551753756678,negative,0.005442591338877343
1271606551879446529,negative,0.01552788654488999
1271606552030560257,negative,0.03840564920058137
1271606552135454722,negative,0.025152324668022856
1271606552462364672,negative,1.0827288305204405e-06
1271606552483545088,negative,7.2884477388465e-05
1271606552617717761,negative,0.08048926307149065
1271606552928141313,negative,0.0825886283591841
1271606555008516096,neutral,0.437369725752128
1271606555306311680,neutral,0.41736158041139987
1271606555578904578,negative,0.01900875441971468
1271606555704614913,negative,1.8066554511466122e-05
1271606556195504128,neutral,0.35451443008515343
1271606556434497539,negative,4.5872567309709963e-07
1271606556824670210,negative,0.1735162678381825
1271606556845658114,negative,2.4842851126227014e-10
1271606556933701634,negative,0.0005358077387413497
1271606557143433217,negative,0.22518024729337605
1271606557252476942,negative,0.002886944683696644
1271606557978112000,negative,0.007068497613263606
1271606559676739586,neutral,0.437369725752128
1271606559718674432,neutral,0.35451443008515343
1271606560016535553,negative,0.00157921824750368
1271606560494583808,neutral,0.49789225920557484
1271606560826052609,negative,1.0397108706795804e-05
1271606561350221826,neutral,0.34117024056417766
1271606561530503169,negative,0.001842031509920941
1271606562084335616,negative,0.012676502386934916
1271606564026277891,negative,0.025986013737638435
1271606564596654080,negative,0.001842031509920941
1271606564856770561,neutral,0.5024487404611014
1271606565485850625,negative,0.03980030593590898
1271606565674586115,neutral,0.6231301609365977
1271606565892534273,negative,0.00018895445553569106
1271606567767617536,negative,0.0825886283591841
1271606568157667328,negative,8.935004897214377e-05
1271606568602214401,negative,0.005894416270567474
1271606569193615360,negative,0.000912239688992045
1271606569382432771,negative,0.21594410470982733
1271606571764760576,negative,0.00014294154440235452
1271606571894820867,negative,0.00041288605563136844
1271606572087730178,negative,0.1740394884977066
1271606572146401280,positive,0.6850034352156221
1271606572255510529,negative,0.001842031509920941
1271606572259651585,negative,1.6946933117737098e-07
1271606572414832640,negative,0.0001172360149571565
1271606572423221248,negative,0.0028697113236847774
1271606572637138949,negative,0.01552788654488999
1271606572695916544,negative,0.12436129857871134
1271606572997840896,negative,0.00021105079226849818
1271606573111087105,negative,0.014874815820192785
1271606573216018432,positive,0.7244117310900612
1271606573228417024,negative,0.0024968577181432848
1271606573304098816,negative,0.0017492804809143934
1271606573333348352,negative,1.4282680352932503e-05
1271606573819928576,negative,0.00016628924848785266
1271606574151237632,negative,0.0002833791535977362
1271606574167945216,neutral,0.4054098881405991
1271606575912882178,negative,0.01879425341181135
1271606578412752898,negative,0.05909488874382952
1271606579226464256,negative,0.0009177503516261305
1271606580325253120,positive,0.8824757861350008
1271606580589592576,negative,0.1268028451552595
1271606581378060288,negative,0.10947484028698869
1271606581684289536,negative,0.3040949491800166
1271606581780721669,negative,0.0022534008262551316
1271606581805723650,negative,0.04251423792646359
1271606582103719937,negative,0.043950994818351255
1271606582124707841,negative,0.02088322436910321
1271606582179053568,negative,0.0032639164410431538
1271606582627966977,negative,0.016656028492176282
1271606585283031041,negative,3.0373461343041953e-05
1271606585484365824,negative,0.0002558508086955222
1271606585585029125,negative,0.013922458677313112
1271606585622700032,negative,4.40937372909515e-05
1271606585693999105,negative,0.019585188083049366
1271606586159628290,negative,0.11162762197975168
1271606586335690752,negative,0.00020378781742672752
1271606587338166272,negative,0.0033493025749803916
1271606587531108358,negative,0.005858557364250677
1271606588038668290,negative,0.2011070315722767
1271606588139323395,neutral,0.4879504231634038
1271606588634095618,negative,0.014310502985775625
1271606590718611457,negative,0.01719004681774222
1271606590827827204,neutral,0.3745723480616878
1271606590836178946,negative,0.16317924557532926
1271606591226339329,negative,5.280724152640065e-06
1271606591645720579,negative,6.40421581026064e-08
1271606591771607042,negative,0.018611238967347545
1271606593122177024,negative,5.979475878198159e-05
1271606593466048514,negative,0.00016628924848785266
1271606594007003139,negative,0.1977201248360266
1271606594124513280,negative,0.22513179180885018
1271606594124554247,negative,7.236773637704521e-08
1271606594153754626,negative,0.00013380190819082448
1271606594283769858,negative,0.007032605876039598
1271606594304786433,negative,0.1977201248360266
1271606594434981888,negative,0.023312399784888117
1271606594522894337,negative,0.1977201248360266
1271606594640412672,negative,0.26812582956602965
1271606594661429248,negative,0.07836344610624721
1271606595307352066,negative,0.04979208078742575
1271606595378708480,negative,0.08002465081650481
1271606595810668551,neutral,0.4744007417802897
1271606596834115585,negative,8.515833396477641e-11
1271606596896948226,negative,0.00016628924848785266
1271606597568135169,negative,0.1035110938627634
1271606597601693696,negative,0.2619066384264206
1271606598063067138,neutral,0.3381189830050101
1271606598138564608,negative,0.0071479933406052385
1271606598474125313,negative,0.30708767887067295
1271606598625091584,positive,0.8702840046009886
1271606599019266048,negative,0.00019984109669266473
1271606599363198976,positive,0.8142674875502512
1271606599614955521,negative,1.536102506433796e-14
1271606601309282305,negative,0.18661435905589432
1271606601837883392,negative,0.04692282387135488
1271606602198638593,negative,0.015946341074103896
1271606602429353985,positive,0.7521972012568743
1271606602899042308,negative,0.00026808485213618196
1271606602953564161,negative,0.0032775605287930854
1271606603008151555,negative,0.00011791760518418482
1271606603473657857,negative,0.16437877331818024
1271606606082584583,negative,0.038422977018700524
1271606606179041281,negative,0.03416143747831388
1271606606191562753,negative,0.05610309040052827
1271606606313201664,negative,0.023377786953838173
1271606606640361475,negative,0.014683389588552323
1271606606887817219,negative,0.01552788654488999
1271606607076564996,negative,0.21907319754057067
1271606607391019008,negative,0.007723622617970327
1271606607449899008,negative,0.0003387423032704302
1271606607533805571,negative,0.051421879814185195
1271606607584137216,negative,0.015946341074103896
1271606607584137217,negative,0.14814792702816804
1271606607596658688,neutral,0.45854899289271467
1271606607768682496,negative,0.0003151247544846202
1271606607886069760,negative,2.9489180874369595e-05
1271606609794514951,negative,0.00016628924848785266
1271606609798717440,negative,0.006769110446710621
1271606609899388928,neutral,0.3381189830050101
1271606610062958592,negative,0.25318237069832455
1271606610478194688,negative,0.012676502386934916
1271606611136610317,neutral,0.49789225920557484
1271606611522605056,negative,0.3012140767674719
1271606611702931456,positive,0.671337306919619
1271606611795156992,neutral,0.5607305244799008
1271606612071976960,negative,0.0028452208663357383
1271606612436889602,negative,0.0003291735782151038
1271606612671647745,neutral,0.55646003136402
1271606613439365120,negative,0.0860269983332032
1271606613846249475,negative,0.007486325152231857
1271606613900759045,negative,0.025152324668022856
1271606613921628161,negative,0.08309098226981171
1271606614110470144,negative,0.009390225234787658
1271606614349488128,negative,0.07949154644143294
1271606614735405056,neutral,0.49789225920557484
1271606614982885378,negative,0.008798432792496822
1271606615167377413,negative,1.4282680352932503e-05
1271606615305789442,negative,2.64201239903105e-07
1271606615536435203,negative,0.2889782600489871
1271606615813341186,negative,0.00012889790724097974
1271606617897828353,negative,0.0271165461827435
1271606618220871680,negative,0.008288499654130687
1271606618371887106,negative,2.328349297195862e-05
1271606618669670400,negative,0.03180962742221007
1271606618854211585,negative,0.11162762197975168
1271606619135246338,negative,0.021002982026239656
1271606619193913346,neutral,0.5711370514265512
1271606619290259458,negative,7.365207924516694e-11
1271606619323891712,negative,0.059889250246088856
1271606619357528065,negative,0.0052481037657638166
1271606619445637121,negative,0.22266323624658482
1271606620250951680,negative,0.0016413998648035432
1271606620598996992,negative,0.013722089811662992
1271606622360666112,positive,0.684687678208344
1271606622893342721,negative,1.8066554511466122e-05
1271606623254052864,negative,0.3040949491800166
1271606624252239874,negative,0.005894416270567474
1271606626496188416,negative,0.01552788654488999
1271606626584276992,negative,0.00039100417992825234
1271606626605305857,negative,0.00019984109669266473
1271606626831695878,negative,0.0337455164407271
1271606626966016000,negative,0.009272739832239805
1271606626991181830,negative,0.006769110446710621
1271606627074928640,negative,0.01552788654488999
1271606627075063810,negative,0.0825886283591841
1271606627448295425,negative,0.02428248049254861
1271606628089987073,negative,0.11162762197975168
1271606628219944965,negative,0.028562114124602852
1271606628341743616,negative,6.612435193184227e-07
1271606631227428869,negative,0.0049024829505844945
1271606631449669633,negative,0.000402884601555534
1271606631994925062,negative,0.07351486583933815
1271606637476839425,negative,0.0005916241054821734
1271606637506289665,negative,0.00027773661398556746
1271606637724348420,negative,0.0017164370401530349
1271606637934116864,neutral,0.5533970533999424
1271606639238447105,negative,0.0011721345138220143
1271606640551309315,neutral,0.37623152807160404
1271606640647835648,negative,0.000759394058036063
1271606640668626944,negative,0.001098065308545404
1271606640673017857,positive,0.9856339366098104
1271606640861642754,neutral,0.49789225920557484
1271606640907870218,negative,0.00010338679440685032
1271606641801207808,negative,0.06756897342989703
1271606641805463556,negative,0.10329182763909436
1271606642283474944,negative,0.19502423039687414
1271606642359099393,negative,0.12638575508756936
1271606642623348739,negative,0.002886944683696644
1271606643243941889,negative,0.0350911101855446
1271606643244126209,negative,0.0002666503234267232
1271606643491397632,neutral,0.34117024056417766
1271606643629928450,negative,6.807255440551059e-06
1271606643650736128,negative,6.973766290851843e-06
1271606643747360768,negative,0.22268863279919515
1271606643961323525,negative,0.13456312081642746
1271606643978047488,negative,6.031152384045997e-05
1271606644066209793,negative,2.3573185270615708e-07
1271606644091346945,negative,1.8066554511466122e-05
1271606644137512968,negative,0.06063088342233169
1271606644791808005,negative,0.23306510746004727
1271606645655834628,negative,1.56260701404286e-05
1271606645660016640,negative,0.02064447951183968
1271606647375499264,negative,0.2785928761937945
1271606648419868672,neutral,0.35451443008515343
1271606649086791683,positive,0.8824757861350008
1271606649350914048,negative,0.0730500065364789
1271606649371930630,negative,0.007395837238352428
1271606649514528769,negative,0.0010544497805837873
1271606651838177283,negative,0.005571168276509316
1271606652261806087,negative,0.3273567770571385
1271606652417060871,negative,1.8066554511466122e-05
1271606653205581825,positive,0.8909245527673904
1271606653260046339,negative,0.1154759273975014
1271606653368987648,negative,1.67824124727267e-05
1271606653855715328,negative,0.0019204012078376173
1271606653914435584,negative,0.001644215080193816
1271606655827001344,negative,0.3012140767674719
1271606655957061632,negative,2.987944245261539e-06
1271606655961182208,negative,0.0022064834697839014
1271606655994789893,negative,0.03166242211162832
1271606656158351360,negative,0.13223660272479967
1271606656162463746,negative,1.156967363238078e-05
1271606656237998080,negative,0.0075029004587476985
1271606657106264066,negative,0.00157921824750368
1271606657446002688,negative,0.06756897342989703
1271606657580175360,negative,0.002886944683696644
1271606657848655872,negative,0.007904528295325884
1271606658029010951,negative,0.0015378943789182786
1271606658473623553,negative,0.22232271081946509
1271606659790635008,negative,0.011434538951162124
1271606660117774342,negative,0.007032605876039598
1271606660168114176,negative,0.00019984109669266473
1271606660537167872,negative,0.00023248294134627708
1271606660554010625,negative,0.00016628924848785266
1271606661740929024,negative,0.00045175505332058766
1271606662009364484,negative,0.2533598538158614
1271606662441336832,negative,0.001842031509920941
1271606662751813633,negative,0.014837848071456201
1271606662886014981,neutral,0.3725458233667465
1271606663506780160,neutral,0.46127768308170247
1271606663989125120,negative,0.001111287296866427
1271606664312107008,negative,0.017777597318795944
1271606664450445312,negative,0.0009536207310569713
1271606664928440322,negative,2.987944245261539e-06
1271606665549426690,negative,0.027565523875858356
1271606665826250758,negative,0.0832616067651975
1271606666082074625,negative,0.025152324668022856
1271606666090422277,neutral,0.49789225920557484
1271606666140639232,negative,9.9776447420698e-05
1271606666220494851,negative,8.533047907544956e-05
1271606666342080518,negative,0.059650792510814926
1271606666467958788,neutral,0.3499352441185855
1271606668326027267,negative,3.0623622163159313e-06
1271606668355395584,neutral,0.4087132931625022
1271606668560945158,negative,0.1628976482749928
1271606668820975616,negative,0.0014526357096754062
1271606669051678722,neutral,0.35451443008515343
1271606669114404864,negative,0.08002465081650481
1271606669512867840,negative,0.007032605876039598
1271606669848567808,negative,0.0011476103271417274
1271606672763555841,negative,0.00019984109669266473
1271606673338175488,negative,0.03416143747831388
1271606673405288449,neutral,0.6002732381545549
1271606673963130888,negative,0.0825886283591841
1271606674269171712,negative,6.898181232754515e-05
1271606674407796741,negative,0.005554199415539517
1271606674512580613,negative,0.05423009526187128
1271606674751512576,negative,0.0099536958179938
1271606675036831745,negative,9.250877231731503e-05
1271606676668456962,neutral,0.37623152807160404
1271606676894953472,negative,0.03180962742221007
1271606676932657152,negative,0.272548904192896
1271606677759045632,negative,0.03711284734398027
1271606677809348608,negative,0.08916503246062732
1271606678165819392,negative,0.046950134394414214
1271606678576914433,negative,0.002295771243892231
1271606681047351296,negative,0.03268478514541501
1271606681068240896,negative,0.0099536958179938
1271606681651294209,neutral,0.3925583091917514
1271606681659674625,negative,0.2396621911436798
1271606682003607554,negative,0.00016628924848785266
1271606682234298368,negative,3.759814752818217e-05
1271606682636992514,negative,0.0012359037580937722
1271606683123531776,negative,2.7195887065233218e-08
1271606683173892099,negative,0.0380665861662506
1271606683266056192,negative,0.0001460038909209076
1271606685254246401,neutral,0.437369725752128
1271606685505896449,negative,4.997056086974385e-12
1271606685619097600,negative,1.3647076417340678e-05
1271606685879148545,negative,0.0068154665196530125
1271606685879152640,negative,0.026615173795510632
1271606686055366657,negative,0.037754524322696555
1271606686403506176,negative,0.032185199470983396
1271606686583848965,negative,0.03371670954505278
1271606686655172608,negative,0.00016628924848785266
1271606686772576257,positive,0.825568447058165
1271606687661686793,negative,0.16437877331818024
1271606689545027584,negative,0.03416143747831388
1271606689943490560,negative,0.00016628924848785266
1271606690669039621,negative,0.3248410612445367
1271606690710990852,negative,0.015411969190119088
1271606692682371072,negative,0.0028290743903026405
1271606692770349056,negative,0.008029302688279501
1271606693395345408,negative,0.0005916241054821734
1271606693886033920,negative,0.010540227990680027
1271606693898653696,negative,0.2512321054223868
1271606694636851202,negative,0.00019984109669266473
1271606694901157888,neutral,0.44718859704321334
1271606694985043973,negative,0.27781596414135684
1271606696415125504,negative,0.20692511397006863
1271606696662745088,negative,0.06483043008737355
1271606698067755009,negative,0.0011476103271417274
1271606698734571520,negative,0.026028576436117123
1271606699045072896,positive,0.822430701280339
1271606699179286530,negative,0.026594391015495343
1271606699191910400,negative,0.05817995923428874
1271606699460374529,neutral,0.3381189830050101
1271606699502206976,negative,1.9007496617215074e-09
1271606699506298881,neutral,0.34117024056417766
1271606699799896067,negative,0.000515151339196401
1271606700353761280,negative,0.002974726282716937
1271606700852854784,negative,0.004915015595146562
1271606701087744000,negative,0.1463300828683083
1271606701129695232,negative,0.0006579764570704445
1271606701947359232,negative,0.00014176886200861706
1271606702551564290,negative,0.03209570801765843
1271606702849380353,negative,0.060490407011491755
1271606702878621699,neutral,0.3353501348032355
1271606702945849344,negative,0.03980030593590898
1271606703071657984,negative,4.035094620453829e-07
1271606703377788930,negative,3.4756179013684414e-05
1271606703419789312,negative,0.0066870763049709445
1271606703453351938,negative,0.0052481037657638166
1271606704044720134,positive,0.7500377016963704
1271606704099201024,negative,3.989741608300387e-06
1271606705378529283,neutral,0.6445299979575163
1271606705940385793,negative,0.0010156375541814856
1271606706389217280,negative,0.06289708702050167
1271606706930438145,negative,0.287908719568404
1271606707471466496,negative,0.028902924723365274
1271606707555307520,negative,0.18662755844527773
1271606708301856768,negative,4.174804265929342e-05
1271606708687822848,neutral,0.49789225920557484
1271606708780105730,negative,0.00010636918441050081
1271606708968861698,negative,1.8154321323909298e-08
1271606709115662336,negative,0.030020422706499864
1271606709283368962,negative,0.15570583247888495
1271606709480501249,negative,0.01394224286192618
1271606710503956481,negative,0.15109238146263732
1271606711183425536,negative,0.0002833791535977362
1271606711279853568,negative,0.016223114370547183
1271606711841742850,negative,0.031878023019881185
1271606712324235265,negative,7.499015666697496e-06
1271606712370413568,negative,0.12158670319859165
1271606712449986560,negative,0.03983031260542193
1271606712634654721,negative,1.4673037331225123e-09
1271606712659849219,negative,0.08461349573727069
1271606712710107137,negative,7.25332952347127e-06
1271606712718385153,negative,0.02772639301037019
1271606712781455360,negative,0.07416391067742945
1271606714400415744,negative,0.0056110453144678435
1271606714639552516,negative,0.037265363399013575
1271606714689892352,negative,0.043598371671244036
1271606715734163457,negative,0.03757701526107872
1271606716413640704,negative,0.07416391067742945
1271606718523473920,negative,7.5551826282249205e-06
1271606718741520388,negative,0.026091745880890922
1271606718905159681,neutral,0.35037246870997213
1271606719215435776,negative,1.9023137221925128e-07
1271606719794171904,negative,0.0099536958179938
1271606720054386688,negative,0.14641671122034033
1271606720104669185,neutral,0.4064281066055449
1271606720180244480,negative,0.00013380190819082448
1271606722822635521,negative,5.656349763219473e-06
1271606722944270336,negative,0.00019984109669266473
1271606723246272512,negative,0.009272739832239805
1271606723418247173,negative,0.04445217217724994
1271606723489431557,negative,0.023131634633251734
1271606723493662720,negative,0.03999801289335847
1271606724311515137,neutral,0.6303610586453913
1271606724450017287,negative,0.0004712721767236093
1271606724571561991,negative,0.13539969241463307
1271606725297217536,positive,0.9954358158977953
1271606725800603648,positive,0.9034856567954894
1271606727100846082,negative,0.15931206484429183
1271606727453138945,negative,0.21139109066500397
1271606727482445824,negative,6.52039117696853e-06
1271606727562137602,negative,0.00016628924848785266
1271606727608274945,negative,0.0006881714379900076
1271606727734157315,negative,0.043598371671244036
1271606727952252928,negative,0.0005330289711396502
1271606727990030338,negative,0.03416143747831388
1271606728090583044,negative,0.06756897342989703
1271606729021808641,negative,0.2131543627644574
1271606729156034569,negative,0.22489487360754107
1271606729378271232,positive,0.7878984431607639
1271606731248934913,negative,0.18909143581032145
1271606731479474176,neutral,0.5533970533999424
1271606731911630849,negative,0.0005351132759893319
1271606732058505218,negative,0.00019984109669266473
1271606732096143362,neutral,0.3448789537043245
1271606732528254977,negative,0.3100151692649115
1271606732914069507,negative,0.04979208078742575
1271606733924970498,negative,4.40937372909515e-05
1271606734126284802,negative,0.0011476103271417274
1271606735518732288,negative,0.06756595654986544
1271606735644606464,negative,0.0005351132759893319
1271606735694954496,negative,6.715968077645994e-05
1271606735858515968,negative,0.00016628924848785266
1271606736911167489,negative,0.0046562799585034
1271606737058115584,negative,0.006769110446710621
1271606737536258050,negative,7.336055119111281e-05
1271606737682997248,negative,0.00014840749909568357
1271606737813020673,negative,0.005014943087364652
1271606737901142017,negative,0.002395107361095619
1271606739834716161,negative,0.00019984109669266473
1271606739847315461,neutral,0.4507454498615163
1271606739939491841,negative,0.3040949491800166
1271606740044390402,negative,0.10947484028698869
1271606740342255618,negative,0.11104083807056517
1271606740358959105,negative,1.8066554511466122e-05
1271606740472266752,positive,0.9376878850995406
1271606740539211776,negative,0.005934072506219557
1271606741218852864,negative,0.0013876501219581817
1271606741285904384,negative,0.0001154517557217532
1271606741545910273,negative,0.0004941983879011057
1271606743827611650,negative,4.143742682840951e-05
1271606744087658496,negative,0.0013876501219581817
1271606744377065475,negative,0.0027944876494342768
1271606744855326722,negative,0.07937258472169016
1271606745564143616,negative,0.005479099288117338
1271606745622876160,negative,3.9992743679653957e-05
1271606745840967681,negative,0.1745595537090638
1271606746298159104,negative,0.207800015035824
1271606746776326144,negative,2.610502299966891e-06
1271606747971584001,negative,0.018263572970062283
1271606748030423041,negative,0.00016628924848785266
1271606748152020993,negative,0.0001372991342027409
1271606748193980417,negative,6.9768290553208865e-06
1271606748722475010,negative,2.0757907719856787e-09
1271606748936376320,negative,0.007200311266254131
1271606749385183232,negative,0.00019984109669266473
1271606749389357058,negative,0.07832913641924975
1271606749594869766,negative,0.18693584956905138
1271606749993279488,negative,0.0825886283591841
1271606750152622083,negative,0.3040949491800166
1271606752153403392,negative,0.027306211591214814
1271606752761479168,negative,1.2121623421102017e-06
1271606753252253696,negative,0.007816173043045015
1271606753898176514,neutral,0.48773238291385845
1271606754019872770,negative,0.07802105340640744
1271606754368016385,negative,0.007904528295325884
1271606754594435073,negative,1.8066554511466122e-05
1271606754980364293,negative,0.25318237069832455
1271606756507029504,negative,0.0018080013112127566
1271606756620279813,negative,0.011296603117916113
1271606756779663361,negative,0.004936722234137815
1271606756829954048,negative,0.21220052086505614
1271606757262008323,negative,0.10468083000665482
1271606757723459585,negative,0.0860269983332032
1271606758071508994,negative,0.002671403393780663
1271606758088286211,negative,0.0006018679628487836
1271606758285422593,positive,0.8496322213967735
1271606758310662144,negative,0.09149240946333695
1271606758470029313,neutral,0.4663917579447527
1271606758545350656,negative,0.017119747451486526
1271606758713307137,negative,0.004177207747894189
1271606759447310338,negative,0.00016397075895749168
1271606760646815744,negative,0.03660097038433717
1271606760772681730,negative,6.019595686110978e-05
1271606762098102272,negative,0.0072754342280606675
1271606762123206656,negative,0.0066870763049709445
1271606762215559170,negative,0.0071479933406052385
1271606762236502016,negative,0.021468205824297266
1271606762567872513,negative,0.07046459816691346
1271606762718867459,neutral,0.4341892133421794
1271606762739621889,negative,0.10142126433927792
1271606762865639425,negative,2.526998053072769e-06
1271606763188563968,negative,0.3155990631147836
1271606763201183745,negative,0.1313393571669683
1271606763217969152,negative,0.1398072778913167
1271606763498987522,negative,0.0005536051192438104
1271606763830247424,negative,0.005194089159707631
1271606764765577220,negative,0.2303524577434104
1271606765294149634,negative,0.020361387063799214
1271606765302546432,neutral,0.3523697508763128
1271606765604556810,negative,0.002418228708076309
1271606766183251970,negative,0.0033309307955204214
1271606766598385664,negative,0.0011476103271417274
1271606766619557888,negative,0.31112750843044895
1271606766808322054,negative,0.009550573902758918
1271606767722598401,neutral,0.5566506921168509
1271606768800600066,negative,0.13223660272479967
1271606769064738816,neutral,0.33758533303423804
1271606769140338689,negative,0.12672370747294512
1271606769446539264,negative,0.012512935718309217
1271606769664626696,negative,0.007032605876039598
1271606770146910209,negative,0.01879425341181135
1271606770377429000,neutral,0.5020617739658875
1271606770633498624,negative,0.004741287475257076
1271606771166130178,negative,0.18909143581032145
1271606773225607168,negative,0.22866131984486565
1271606773330436096,negative,0.0006570819892714113
1271606773368213505,negative,0.08000202738784179
1271606774290931712,negative,0.0023170344461177867
1271606774446030848,negative,0.009272739832239805
1271606774446067714,neutral,0.43568801257974293
1271606774492213248,negative,0.026594391015495343
1271606774534201349,negative,0.05338484160735513
1271606775075213312,negative,0.09178054961019984
1271606775276548096,negative,0.039433821832599185
1271606777310740481,negative,0.09968508808715745
1271606777860284416,negative,0.0004791760687217216
1271606778078388224,negative,6.558505609504909e-06
1271606778342576128,negative,0.0031960241172628114
1271606778422112257,negative,1.8066554511466122e-05
1271606778514468864,negative,0.007032605876039598
1271606778543902721,negative,0.3040949491800166
1271606778728308736,negative,0.12990279083583772
1271606779030450176,negative,0.010873064389172541
1271606779449937921,negative,0.005397308829591935
1271606779475001344,neutral,0.49789225920557484
1271606779537956870,negative,0.018720000499947858
1271606779584163845,negative,0.017891936279502474
1271606779831414784,negative,0.005984800516498399
1271606780846575616,negative,0.002903032034133632
1271606781425397762,negative,0.1478033335894025
1271606781811310598,negative,0.00016628924848785266
1271606782591369216,negative,0.03772461755890129
1271606783262502912,negative,0.025179264961090898
1271606785741328385,negative,0.01879425341181135
1271606786508746752,negative,0.055345900946705044
1271606786882232321,negative,0.0014796661253154632
1271606786919931905,neutral,0.5484474577116055
1271606787653976065,negative,0.01520772421942431
1271606787662327812,negative,0.0009913707956264411
1271606787695927296,negative,3.262796994869556e-05
1271606787721003009,negative,3.0372654390924224e-05
1271606789889548288,negative,0.00024204042334460707
1271606789906325504,negative,7.37922492671626e-05
1271606789986029568,negative,0.03786368867470405
1271606790430564352,neutral,0.4971689282361413
1271606790430605312,negative,0.00157921824750368
1271606790833266688,negative,0.08901488430687854
1271606791051325440,negative,2.4856439477581594e-11
1271606791563026445,negative,4.1386863022736685e-08
1271606791927988231,negative,6.4675117100569094e-06
1271606792003432449,negative,0.25622478967000745
1271606792011821056,negative,9.9776447420698e-05
1271606794088075264,neutral,0.5734576952979002
1271606794251616258,negative,0.001842031509920941
1271606794293477389,negative,0.005795551796050634
1271606794486460417,negative,0.00016100482880607227
1271606794708803586,negative,0.17329444880519315
1271606795107282945,negative,0.0002558508086955222
1271606795522281472,neutral,0.616005678462541
1271606795740622848,negative,0.10019503415575093
1271606795916713985,negative,0.05474708984512118
1271606795916718080,negative,0.003079945429224483
1271606796164218881,negative,0.0005351132759893319
1271606796440834048,negative,0.15894838135266348
1271606796529131521,negative,0.0022588782293637964
1271606796889788417,negative,0.03315174901881344
1271606798424969224,negative,0.14444456258043442
1271606798592684033,negative,0.0882311381289216
1271606798659829761,negative,0.2698474893401331
1271606799179886593,negative,0.00019984109669266473
1271606799653842944,negative,0.02496772515293869
1271606799653842945,neutral,0.3381189830050101
1271606799691657216,negative,0.0007809020524228805
1271606800140337153,negative,8.706466921576989e-08
1271606800228454400,negative,0.11162762197975168
1271606800299823110,negative,0.0825886283591841
1271606800606015488,negative,0.0060253768484480295
1271606800765386753,negative,9.856312979888975e-05
1271606800836702208,negative,0.004469085542361054
1271606800874274816,negative,0.05610309040052827
1271606801360969728,negative,1.0193573799390017e-05
1271606801369370624,negative,0.00016628924848785266
1271606801889460229,negative,0.001083752314065492
1271606802434551808,negative,0.268759511478412
1271606802724065280,negative,0.0010033410433637482
1271606802921205760,neutral,0.4918142595573457
1271606803231621120,negative,0.0005351132759893319
1271606803302932480,negative,0.00045972333667137187
1271606803671982081,negative,0.06436016606436236
1271606804166950912,negative,0.007464888106435977
1271606804296773632,negative,0.002579018183635513
1271606804473098240,negative,0.00010338679440685032
1271606804552671232,negative,0.07481806293871453
1271606804762353666,neutral,0.6345301920864311
1271606805181931526,negative,0.0008527203112921817
1271606806616453120,negative,0.0011476103271417274
1271606806779957248,negative,0.041894793809486804
1271606806779957251,neutral,0.35072646077096314
1271606806893277186,neutral,0.34117024056417766
1271606806993866753,negative,0.041863098365780615
1271606807384018944,negative,0.00014840749909568357
1271606807413178368,negative,3.4302768238324115e-13
1271606807769817090,neutral,0.5382559630277205
1271606808755482624,negative,0.06504378653402026
1271606811024596992,negative,0.0010033410433637482
1271606811787919360,negative,0.002395107361095619
1271606811859312640,negative,0.015654864710213757
1271606812173877251,positive,0.7515012059383184
1271606813230870534,negative,0.2940757070972935
1271606813247639561,negative,0.0008614290823811499
1271606813306368001,negative,0.2619066384264206
1271606814019330048,negative,0.1628976482749928
1271606814287769601,negative,0.0005955793925200283
1271606814593949701,negative,0.007012448520741336
1271606815134973952,negative,1.2426875252602703e-06
1271606815499997185,negative,7.37922492671626e-05
1271606815655067648,negative,0.0009177503516261305
1271606815671943168,negative,0.009199233939556099
1271606815973945349,negative,0.16437877331818024
1271606816150106113,negative,0.19405377739972046
1271606816510750725,negative,0.013722089811662992
1271606816657608705,negative,0.01099164640132244
1271606817102213120,negative,0.012676502386934916
1271606817173405697,negative,0.004602429988106412
1271606817383239682,negative,9.754209343313948e-05
1271606819165818882,negative,1.5720647397600066e-05
1271606819421589504,negative,0.12867095959708635
1271606819459403778,negative,0.03840564920058137
1271606819690029056,negative,0.08002465081650481
1271606819715153920,negative,0.055173414449375686
1271606819727736834,negative,2.2600023169425756e-05
1271606819866238977,negative,0.05423009526187128
1271606819929153536,negative,7.336055119111281e-05
1271606819966894080,negative,0.10081189791228742
1271606820025634817,negative,3.262796994869556e-05
1271606820533006337,negative,7.744429830736366e-06
1271606820776349699,negative,0.0004285853610504178
1271606821371867138,negative,0.004247693302968186
1271606821476872192,negative,0.07836344610624721
1271606821526990848,negative,2.0992115092537728e-10
1271606824115060737,positive,0.671337306919619
1271606824849084416,negative,0.007904528295325884
1271606824941338625,negative,0.007904528295325884
1271606825511579648,negative,0.0010156375541814856
1271606825750794242,negative,0.03840564920058137
1271606826086342656,negative,0.1536586325299259
1271606826090532864,negative,0.0004748727618833213
1271606826187001858,negative,0.23513767425551418
1271606827692683266,negative,0.002378208324813241
1271606827705384960,positive,0.7061163358998831
1271606828527386626,negative,7.080118261024104e-06
1271606829341081600,negative,2.0314056196711032e-06
1271606829534130176,neutral,0.5534133316493424
1271606829588647937,negative,0.011514187605801024
1271606829601050625,negative,0.05897235857735733
1271606829760548865,negative,1.8066554511466122e-05
1271606829936754690,negative,8.154604400939287e-05
1271606830138101762,negative,1.8066554511466122e-05
1271606830171672577,negative,0.0014796661253154632
1271606832126197761,negative,2.987944245261539e-06
1271606832138682368,negative,0.0005358077387413497
1271606832910553088,negative,0.0005351132759893319
1271606833204125701,neutral,0.4513605618894927
1271606833577201665,negative,0.1391038895845122
1271606833581621248,negative,0.06046306836896892
1271606833589911554,negative,0.0007969433097646404
1271606834349199360,negative,0.00157921824750368
1271606835867418626,negative,0.008573513219027612
1271606836022706176,negative,0.00011791760518418482
1271606836190416896,negative,0.0016737896560586971
1271606836274307072,positive,0.9266939550863877
1271606836320493573,negative,0.018720000499947858
1271606836425158656,negative,0.013598160787417896
1271606836513423360,positive,0.9983075352990961
1271606836710576129,negative,0.18135561514579393
1271606836974759937,negative,0.01394224286192618
1271606837129945088,negative,0.14308527386746261
1271606837327126529,negative,0.00662412854325613
1271606837427810311,negative,0.08127303329844576
1271606837499092993,neutral,0.48773238291385845
1271606837830471680,negative,6.635103615185109e-05
1271606838090293249,negative,0.001098065308545404
1271606838212116480,negative,0.10597266527747273
1271606840556761091,negative,0.13382906156908364
1271606841672380416,neutral,0.4784817678432553
1271606842095996934,neutral,0.35451443008515343
1271606842607775745,negative,0.0010124928719095897
1271606843115069440,negative,0.01552788654488999
1271606844360925185,negative,0.004513607126047012
1271606844889366530,negative,0.08826843348749734
1271606844981678080,negative,0.07216658143073101
1271606845006725120,negative,0.01552788654488999
1271606845107507201,neutral,0.41631297305422466
1271606845111705605,negative,7.25332952347127e-06
1271606845128540165,negative,0.011514187605801024
1271606846051233798,negative,0.018119101046426365
1271606846495887360,negative,0.2675637579473606
1271606848639164416,negative,0.0013861122586575497
1271606849259929605,negative,0.0005351132759893319
1271606849402548225,positive,0.7878984431607639
1271606849406672896,negative,0.2350298175983451
1271606850111156224,negative,0.007032605876039598
1271606850174234624,positive,0.862370046693799
1271606850295914496,negative,0.0006272209033355878
1271606850472030214,negative,0.00032780388669959585
1271606850572685314,negative,0.00016628924848785266
1271606851503824898,positive,0.7878984431607639
1271606853613608964,negative,0.08229543333060052
1271606854162890752,negative,0.00014294154440235452
1271606854867496960,negative,0.027623790815660947
1271606854901280771,negative,0.006626133437373249
1271606855152865280,negative,0.18909143581032145
1271606855605710848,negative,6.898181232754515e-05
1271606855853387779,negative,0.06656437044045363
1271606856092471296,negative,0.014592387966216947
1271606856109232134,negative,0.0015137752915084853
1271606856457367553,negative,0.0006231497894395036
1271606857963048960,negative,0.004393708458221603
1271606858311139328,negative,4.5872567309709963e-07
1271606858520780800,negative,0.0012215861118514426
1271606858885758976,negative,0.00016628924848785266
1271606859305287680,negative,0.0005358077387413497
1271606859309383680,negative,4.40937372909515e-05
1271606859821129729,negative,1.4369133303213007e-05
1271606860051873792,positive,0.684687678208344
1271606861293400064,neutral,0.4792687081820201
1271606861339463682,negative,0.022605489132004792
1271606861389799425,negative,0.09727101476427306
1271606861637267458,negative,0.09377521552118616
1271606861721198593,negative,0.07802105340640744
1271606861897379846,negative,1.0123764098930839e-05
1271606862098640896,neutral,0.4638792620831137
1271606862534914054,negative,0.027532586259180133
1271606863872905216,negative,0.03493166466268914
1271606864019628032,negative,0.0003403263285936203
1271606864200060930,negative,0.00013380190819082448
1271606864246190081,negative,0.01719004681774222
1271606865592496130,negative,0.024864435263177366
1271606865655468032,negative,0.014683389588552323
1271606865659678720,negative,0.0074214976452802684
1271606865865199616,negative,0.014108717531710288
1271606866066448384,negative,0.05817995923428874
1271606866142003201,neutral,0.3381189830050101
1271606866733342720,neutral,0.502476659090554
1271606866754273280,negative,0.008322376192515118
1271606866968076293,negative,0.014706026733718415
1271606868159475714,negative,0.0036455074505376997
1271606868344025089,positive,0.9995469853676254
1271606868360773633,negative,0.11162762197975168
1271606868406931457,negative,0.032862261561450924
1271606868578729984,negative,0.01655022480749108
1271606868776030208,negative,0.2889782600489871
1271606869505835011,negative,0.00016628924848785266
1271606869543522304,negative,0.1256196865792625
1271606870227238912,negative,0.13667982455125166
1271606871393284096,negative,0.00010877936172874412
1271606871451766784,negative,0.0004677603607222736
1271606871611375622,negative,0.016936617570429142
1271606872240467968,negative,0.05610309040052827
1271606873792352256,negative,0.019159829323456775
1271606873918017536,negative,0.00021323646588724418
1271606874308259840,negative,0.004513607126047012
1271606874329231360,neutral,0.5533970533999424
1271606874857668608,negative,3.4756179013684414e-05
1271606875365216256,neutral,0.5651393015448372
1271606875461767174,negative,0.03416143747831388
1271606875663011841,neutral,0.37137062280538924
1271606876212465664,negative,0.002963837756516446
1271606876220907520,negative,0.03315174901881344
1271606877885956096,negative,0.008658099919513919
1271606877986729984,negative,0.0002833791535977362
1271606878590636033,negative,0.011006582682158613
1271606878783639552,negative,0.2178596778379981
1271606879446327296,negative,1.8066554511466122e-05
1271606879547011074,positive,0.9856339366098104
1271606879563722752,negative,0.08059121914270201
1271606879563796481,negative,1.2121623421102017e-06
1271606880238923776,negative,0.04251423792646359
1271606880264163329,negative,0.3040949491800166
1271606880331317248,negative,6.635103615185109e-05
1271606880792707072,negative,3.4756179013684414e-05
1271606882160050186,negative,0.0046562799585034
1271606882210328576,negative,0.11983793894305395
1271606882705293312,negative,6.635103615185109e-05
1271606882940203009,negative,0.01552788654488999
1271606883036598273,negative,3.272138340107271e-05
1271606883539988482,negative,0.09765316638011631
1271606883657420800,positive,0.7500377016963704
1271606883665817601,negative,0.00016628924848785266
1271606883917287424,negative,0.037265363399013575
1271606884781510659,negative,0.04031304755783594
1271606886324977665,negative,0.3040949491800166
1271606886547292165,negative,0.09617443119879558
1271606886593368070,negative,0.0013539013510606103
1271606887058935815,negative,0.15931206484429183
1271606887801331720,negative,0.14308527386746261
1271606887813971968,negative,0.003048053828705817
1271606887885074432,negative,2.0906663983748574e-06
1271606888120160256,negative,0.060490407011491755
1271606888355037184,negative,0.00863325085184235
1271606890586419200,negative,0.1471954132692647
1271606890720571399,neutral,0.49789225920557484
1271606891051921408,negative,0.00040417110933076573
1271606891223961600,negative,0.00011341912160628809
1271606891911819264,negative,0.041894793809486804
1271606892410830854,negative,0.019751349956170616
1271606892989743107,negative,0.26964203488746474
1271606893795049473,negative,4.50491123474092e-05
1271606894717734913,negative,0.1118133418519621
1271606894793285633,neutral,0.46299972032636183
1271606894831042565,negative,0.0016352889820744972
1271606894843527168,negative,0.1256518955108437
1271606895200145408,negative,0.05610309040052827
1271606895518912514,negative,0.018358367989957432
1271606895858585600,negative,2.56700506280321e-07
1271606896915603457,negative,0.006971821635413582
1271606899868340229,negative,7.2884477388465e-05
1271606900107423750,negative,0.0011476103271417274
1271606900682100737,negative,0.00029286184369080933
1271606900887412737,neutral,0.41715648808607636
1271606901671952386,negative,0.2819935936312681
1271606902196252675,negative,0.008735343336242155
1271606903529967618,negative,0.007904528295325884
1271606903781699584,negative,0.12076059558374863
1271606904590987265,neutral,0.3746765046790963
1271606904675020801,negative,0.1670031816638357
1271606904754786304,negative,0.3029968537174699
1271606904880496640,negative,0.07836344610624721
1271606904989646850,neutral,0.37137062280538924
1271606905065086979,neutral,0.35969453759321335
1271606905270685698,negative,0.03315174901881344
1271606905362944000,negative,0.06203051974259992
1271606905555824640,negative,0.02428248049254861
1271606905576861696,negative,0.00010178830016694122
1271606907720040448,negative,0.00010362574406025708
1271606908357615618,neutral,0.47301052088815143
1271606911830388736,neutral,0.4054098881405991
1271606911948001286,negative,0.16859400771889674
1271606912350662657,negative,0.1853447716208767
1271606912585523200,negative,0.08229543333060052
1271606913109762055,neutral,0.46127768308170247
1271606914250670081,negative,0.007904528295325884
1271606914254856192,positive,0.8824757861350008
1271606914321920001,negative,0.07226002583146042
1271606914539978758,negative,3.0373461343041953e-05
1271606914699472897,negative,0.0061982330093672214
1271606915630538752,negative,0.3025257355711298
1271606915802546176,negative,5.089729454851779e-09
1271606915928395778,negative,0.0049024829505844945
1271606915987058688,negative,0.04436707170119851
1271606916314210305,negative,0.2322535223837437
1271606916368732160,negative,0.0027633445845082157
1271606916595081216,negative,0.19053173891098474
1271606916658212864,neutral,0.437369725752128
1271606917157269504,negative,0.04241740531429944
1271606917245394951,negative,0.08229543333060052
1271606920781193217,negative,0.24077012781498855
1271606920890265600,neutral,0.5063531925391163
1271606920961560578,negative,1.8164089030632538e-05
1271606921078792192,negative,1.6004538559647434e-05
1271606921204838401,negative,7.2884477388465e-05
1271606922769240065,neutral,0.3933410571741267
1271606922844782593,negative,0.0020886768787727597
1271606923159146496,negative,0.07709467559588491
1271606924203548673,negative,6.635103615185109e-05
1271606924283428864,negative,0.007012448520741336
1271606924413407238,negative,0.1317821832586631
1271606924656742400,negative,0.01359956250126882
1271606924690087936,negative,0.0016511672422248012
1271606924904185856,negative,0.021340828518003827
1271606925327773696,negative,0.0023170344461177867
1271606925487112194,negative,0.12227762356369955
1271606925797490690,negative,2.024809105924905e-09
1271606926372212737,negative,0.04251865790289205
1271606926821011456,negative,1.1360699343502982e-05
1271606928783765505,negative,0.002395107361095619
1271606929232723970,negative,0.004469085542361054
1271606929815715841,negative,0.021619880930932842
1271606929937166336,negative,7.784299674345077e-08
1271606930499350528,neutral,0.3353501348032355
1271606930897764353,negative,7.34085919362028e-06
1271606932479127552,positive,0.8121609302852915
1271606932567134210,negative,1.8066554511466122e-05
1271606932604948481,negative,0.00015194828200427033
1271606932621664258,negative,4.508777547679436e-05
1271606932659482625,negative,0.0007969433097646404
1271606933728813056,negative,0.016336984704555996
1271606934626603008,negative,0.11983793894305395
1271606934664286209,negative,0.08259664052981665
1271606934790078464,negative,0.0005875799821953803
1271606935654150144,negative,0.011041462140205259
1271606936602062859,negative,0.00015292140809764813
1271606936685903873,negative,0.2013198904030459
1271606936857989121,negative,0.00026706758266826873
1271606937008746496,negative,7.332315852747983e-05
1271606937877196803,negative,0.059253725748064805
1271606938183311361,neutral,0.49789225920557484
1271606938552467456,negative,0.008635966700947108
1271606938732646400,negative,0.0011705581161463618
1271606938770571265,negative,0.27911311844825526
1271606938783137792,negative,0.2458097436367366
1271606940741898241,negative,0.22132813188437866
1271606940800606210,negative,0.004304179935250414
1271606941861756928,negative,0.005669272977097584
1271606942239199232,negative,4.40937372909515e-05
1271606942574788608,negative,0.062106721895254215
1271606943073947648,neutral,0.3381189830050101
1271606943287783424,negative,0.25669525248446573
1271606945259171840,negative,0.008480942735315716
1271606945259180032,negative,1.8066554511466122e-05
1271606945443692544,positive,0.6624055896622104
1271606945707950085,positive,0.9410315315513818
1271606946001563648,negative,4.242146054032493e-10
1271606946169262080,negative,0.15028360160214135
1271606946253230081,negative,0.059371440089654316
1271606946315919360,neutral,0.5523247125925838
1271606946404106240,negative,0.010951882667355063
1271606946425077761,neutral,0.3381189830050101
1271606946727165957,neutral,0.47848741139733153
1271606946739752960,negative,0.018231076434766017
1271606947020591104,negative,0.001098065308545404
1271606947175956481,negative,0.0019660331236129296
1271606947209457665,negative,0.024576403304304616
1271606947733790720,negative,0.2167244124588786
1271606949197615105,negative,0.04580868801829515
1271606949260464128,negative,0.00016628924848785266
1271606949302411265,negative,0.0011476103271417274
1271606949709254656,negative,0.0825886283591841
1271606949868638209,neutral,0.37137062280538924
1271606949898043393,neutral,0.3381189830050101
1271606950367825921,neutral,0.6234049249685203
1271606950489460739,neutral,0.49789225920557484
1271606950573334534,negative,0.00021486174134923317
1271606950741016577,negative,0.0002558508086955222
1271606950816604162,negative,0.00157921824750368
1271606951286317056,negative,0.0005351132759893319
1271606951412195331,negative,0.0126851415174309
1271606951877713920,negative,9.846112622665163e-05
1271606951953281024,negative,7.358550363526976e-06
1271606952406257664,negative,0.04030462702937734
1271606954314457088,negative,0.1655906251533679
1271606955145117696,neutral,0.49789225920557484
1271606955275100161,negative,0.05670946645000067
1271606955358875648,negative,0.04113957940559559
1271606955442872320,negative,0.007851522397655828
1271606955874742272,negative,0.2076559053117412
1271606955941998594,neutral,0.601427718905314
1271606956260765697,negative,0.05368241837099004
1271606956718010368,negative,8.817617634302625e-08
1271606958601232384,negative,4.40937372909515e-05
1271606958823538688,negative,0.021943867287285472
1271606959427457024,negative,0.1655906251533679
1271606959452626945,negative,0.0013651081868890338
1271606960950063104,negative,0.18795859623648656
1271606962195660802,negative,0.00011341912160628809
1271606962380328960,negative,0.09985012222801161
1271606962636152832,neutral,0.6036802031617744
1271606963026169856,negative,0.2866734682260696
1271606963542073345,negative,6.629999020042288e-09
1271606963567316994,negative,0.00023719053040000164
1271606964049588227,negative,0.12239827232910852
1271606964066193408,negative,0.08063168729622666
1271606964095614977,negative,0.05952519289747215
1271606964099796992,negative,0.0005053508524951855
1271606964108197889,negative,0.0002310041047937487
1271606964179685383,negative,0.0009836954191519709
1271606964326404097,negative,0.2755142912575231
1271606964401901574,negative,0.009090944519261759
1271606964607426560,negative,0.014592387966216947
1271606966574551040,negative,0.0398014617614562
1271606966587215872,negative,0.018133380850616037
1271606966842949632,negative,1.3883296712449827e-12
1271606967761592331,negative,0.05413064170332609
1271606967811878912,negative,0.03180962742221007
1271606968311046150,negative,0.238427545908539
1271606970441744384,negative,0.05338484160735513
1271606971142209536,neutral,0.34212779492080586
1271606971561582592,negative,0.32223083868682745
1271606971674906624,negative,0.3076468941279571
1271606971981012993,negative,0.23679171275157856
1271606972073336832,negative,7.057381430586534e-06
1271606974363381760,negative,0.020317130529569682
1271606975202308096,negative,0.012676502386934916
1271606975353114624,negative,0.10959463138292411
1271606975437160450,negative,0.03180962742221007
1271606975722389510,negative,0.007084010729095181
1271606975885987843,neutral,0.4288558791275312
1271606976330547200,negative,0.07802105340640744
1271606976653537281,negative,0.0024749771868158954
1271606977001672709,negative,0.04979208078742575
1271606979178397696,negative,0.29871908235400996
1271606979203653632,negative,0.07802105340640744
1271606979211993089,negative,0.03867043237916487
1271606979862110208,negative,0.05479259030273839
1271606979966926848,neutral,0.5332959485023883
1271606979996397569,negative,0.2785928761937945
1271606980159901700,negative,0.10697750540444037
1271606980319170560,negative,1.050011867807132e-08
1271606980411416576,neutral,0.49432385654773475
1271606980449271809,neutral,0.5737169409274328
1271606980571009031,negative,2.1325020582735424e-08
1271606981158146049,negative,0.002886944683696644
1271606983460900865,negative,0.0066870763049709445
1271606983905497089,negative,0.001044186500424915
1271606984060686336,negative,3.759814752818217e-05
1271606984450748417,negative,0.137588999078651
1271606984551342080,negative,0.00021105079226849818
1271606984677048321,negative,2.2527062693072176e-05
1271606984975024128,negative,3.105427072698109e-07
1271606985432150017,negative,0.04923251751751397
1271606985474138113,neutral,0.47448197936046366
1271606986136866818,negative,1.0958894822078906e-05
1271606987063771136,negative,2.562174075555843e-05
1271606987462070273,negative,0.05880812121903459
1271606987780997120,negative,0.12818168373585428
1271606988481445893,negative,0.009272739832239805
1271606988481466369,positive,0.9983075352990961
1271606988875718656,negative,0.005894416270567474
1271606989093777413,negative,0.0005358077387413497
1271606989265797120,negative,0.04580868801829515
1271606989588770817,positive,0.9587731198869118
1271606991241252865,negative,0.12621657916482057
1271606991522279425,negative,0.2864603219299572
1271606991631376385,negative,0.020300485815749243
1271606991908212737,negative,0.002197301264707923
1271606992117870593,negative,0.0020827411610692174
1271606992159809537,negative,0.022510735123702174
1271606992210182144,positive,0.7842586057601225
1271606992394649602,negative,1.4282680352932503e-05
1271606992700944384,positive,0.8381447601708778
1271606992839143425,negative,0.0028395040280581236
1271606993095188481,negative,0.02104824135671077
1271606993179021314,negative,0.011514187605801024
1271606993212637184,negative,0.09696127105087513
1271606995238506497,negative,0.0003634248463347149
1271606995632762880,negative,0.1194251928928092
1271606995976683520,negative,0.021338217631596768
1271606996316368897,negative,0.0011476103271417274
1271606996467363842,negative,0.03840564920058137
1271606996538658817,negative,0.14619589582907594
1271606996714823681,neutral,0.42862220373643034
1271606996857491458,negative,0.017270017591343584
1271606996983336962,negative,1.5804032492840705e-06
1271606997079777280,negative,0.01786866897430779
1271606997335650305,negative,4.620925247000751e-06
1271606997805412362,neutral,0.49789225920557484
1271606998128361473,negative,0.03840564920058137
1271607000544227333,negative,0.03180962742221007
1271607000967917568,negative,0.002886944683696644
1271607001529925633,positive,0.8824757861350008
1271607001580175361,negative,0.0006231497894395036
1271607002569949184,negative,8.533047907544956e-05
1271607004067397637,negative,0.08002465081650481
1271607004088487937,negative,7.142995414998777e-09
1271607004130312192,negative,2.945129640153543e-06
1271607004264640514,negative,1.69597407704258e-05
1271607004268617728,neutral,0.437369725752128
1271607004503642113,neutral,0.4792687081820201
1271607004591767553,negative,0.0008995954928223581
1271607004856037376,negative,0.03175513460760941
1271607004918886400,negative,0.047318264206951254
1271607005464100865,negative,0.0832616067651975
1271607005573189632,negative,0.0004013529115535707
1271607008265932800,negative,2.3333137440716548e-05
1271607008370872327,negative,0.07893620137771398
1271607008660258816,negative,0.0005358077387413497
1271607009423626241,negative,0.012676502386934916
1271607010333806592,negative,0.020627302555158277
1271607010509746176,negative,0.008359996569711365
1271607010816073730,negative,0.24211615369643905
1271607010862260224,negative,0.004179414241304562
1271607012304928769,negative,0.1777932355566871
1271607012590264322,negative,2.2475624410699514e-05
1271607012640591878,negative,0.0033309307955204214
1271607012858769410,neutral,0.553802389001294
1271607013106233345,negative,0.17771064086376637
1271607013236256768,negative,0.09789928535029414
1271607013374640128,negative,0.038268468967598265
1271607013487804423,neutral,0.48728019602140255
1271607014347636736,negative,6.236105015602125e-07
1271607014502862849,negative,7.166878058909998e-12
1271607016415526912,positive,0.9954358158977953
1271607016738312194,negative,0.019181355526515998
1271607017233399814,positive,0.9145697676292502
1271607017401208832,negative,0.00010338679440685032
1271607017749262336,negative,0.06967412768575953
1271607018030325760,negative,0.12955930161847976
1271607018919518208,negative,0.15819866289337176
1271607020718821376,negative,0.24590223890549445
1271607022157533189,neutral,0.33402218903110614
1271607022845415427,negative,0.00013380190819082448
1271607022908145664,negative,0.01552788654488999
1271607023256449026,negative,7.236773637704521e-08
1271607023273205760,negative,2.476490367336343e-05
1271607025579982848,negative,0.026717023310675433
1271607025735217161,negative,0.14847732986193016
1271607025844314113,neutral,0.5641156242479793
1271607025970135041,negative,0.09939110364879965
1271607026339192834,negative,0.01879425341181135
1271607026532192264,negative,0.23204681207993674
1271607026708332544,negative,0.00019984109669266473
1271607026720874496,negative,0.03532626412434709
1271607026846752769,negative,0.00019984109669266473
1271607027773538304,negative,0.0049024829505844945
1271607029438832642,negative,0.0380665861662506
1271607029560487938,negative,0.00013892683950724857
1271607029598167045,negative,0.005894416270567474
1271607030210592769,negative,0.00012358293547957858
1271607030248284160,negative,0.00023062343782204265
1271607030885888010,neutral,0.49789225920557484
1271607030961192960,negative,0.005833080407260612
1271607030994931712,negative,0.015946341074103896
1271607031217217538,negative,0.00983557703234398
1271607031410163712,negative,0.007851522397655828
1271607033083682816,negative,0.0002833791535977362
1271607034039934976,negative,0.005894416270567474
1271607034128084999,negative,2.499010130698712e-06
1271607034581041152,positive,0.9376878850995406
1271607034878795782,negative,0.3040949491800166
1271607035054850048,negative,0.07824970105022538
1271607035235373056,negative,0.0073626262504706405
1271607035432366081,negative,0.0018193609623112276
1271607035910447106,negative,0.002395107361095619
1271607036095205383,negative,0.1735162678381825
1271607036179030017,neutral,0.5885817645849453
1271607037533790210,neutral,0.37137062280538924
1271607038108459008,neutral,0.49789225920557484
1271607038188171264,negative,0.07097774057919216
1271607038599143425,positive,0.7500377016963704
1271607039035392001,negative,0.012650772461633616
1271607039152791552,neutral,0.5878172752365411
1271607039169527808,neutral,0.49789225920557484
1271607039668690944,neutral,0.5033564785258586
1271607039823929344,negative,0.05024200986999199
1271607040000102400,negative,0.3040949491800166
1271607041044418560,negative,0.002437290383575474
1271607041526837248,negative,1.8272598965800136e-05
1271607041640091653,neutral,0.49789225920557484
1271607041749135362,negative,0.0279889774637231
1271607042244050946,negative,0.1853447716208767
1271607042453602304,negative,0.002974726282716937
1271607042600587265,negative,0.046484769731093445
1271607042638315521,negative,6.282304288829026e-07
1271607042659287040,negative,0.04213468735244932
1271607042751561728,negative,0.03670255851540621
1271607042764087297,negative,0.012613580549422784
1271607042818572290,negative,0.03315174901881344
1271607042915123206,negative,8.514049163998978e-06
1271607043057737730,negative,0.057006858362013926
1271607043066155009,negative,0.0006510602639626416
1271607043145764864,negative,4.50491123474092e-05
1271607043166744583,negative,0.03002850738116171
1271607043573657600,negative,0.08677948931410025
1271607043829489665,negative,0.030346777880785502
1271607045964230656,negative,0.11356715600771959
1271607045993779201,negative,0.13970052175251185
1271607046253748226,negative,0.002395107361095619
1271607046530453505,negative,0.16437877331818024
1271607046631276544,negative,0.005894416270567474
1271607046731968518,positive,0.863814643834973
1271607046765453312,negative,0.09038507580680345
1271607047256182790,negative,7.873690627731737e-05
1271607047595884544,negative,0.026717023310675433
1271607048078266371,negative,0.02176437571497342
1271607048518512640,negative,0.007032605876039598
1271607049038761985,negative,0.0005351132759893319
1271607050657599489,negative,0.19552563706121598
1271607052058734593,negative,0.014278448416635066
1271607053153427461,negative,0.1336336348513645
1271607054227181570,negative,0.007904528295325884
1271607054545956866,negative,0.15495317151005183
1271607055464488960,negative,0.0004237931799940918
1271607055967612928,negative,0.0010033410433637482
1271607056152383489,neutral,0.5472797109837109
1271607056290717697,negative,8.533047907544956e-05
1271607056299167746,negative,0.002418228708076309
1271607056802471936,negative,0.020336006363748063
1271607056970072064,negative,0.0005330289711396502
1271607058329227264,positive,0.9574527696778912
1271607058819735552,negative,1.8066554511466122e-05
1271607058911997952,negative,3.4756179013684414e-05
1271607059218391046,negative,0.021619880930932842
1271607059495165952,negative,0.0005351132759893319
1271607059772030977,negative,0.1203090358454427
1271607059793031171,negative,0.0029617630826652124
1271607060090818560,positive,0.8334668135013449
1271607060250198017,negative,8.27952091628276e-06
1271607060854190080,negative,0.0023864531750042895
1271607062447955969,negative,0.0005824161527219168
1271607062934495233,negative,0.0037102536120277117
1271607063077150722,negative,0.06250454515852677
1271607063152668675,negative,0.06446732001068398
1271607063559503873,negative,5.444342254870857e-06
1271607063647567873,negative,0.05610309040052827
1271607063790092288,negative,0.0004877731098956822
1271607063811104768,negative,0.012164792431929873
1271607063916011526,negative,7.294957270628126e-07
1271607064264093701,negative,7.2884477388465e-05
1271607064599703562,neutral,0.48981727590787455
1271607064695992326,negative,0.008050145261039131
1271607065010507776,negative,0.0049024829505844945
1271607065140760582,neutral,0.437369725752128
1271607065300078592,negative,0.00014942705321635666
1271607065308430343,negative,5.979475878198159e-05
1271607067229519872,negative,0.03980030593590898
1271607067984506880,positive,0.671337306919619
1271607068009660416,negative,0.014129542994769427
1271607069158846465,negative,0.0018872397992757413
1271607069171384320,negative,0.0010033410433637482
1271607069339197440,neutral,0.4153373325707398
1271607069578268677,negative,0.05573004273764708
1271607069599285249,neutral,0.48439634580644964
1271607071604170752,negative,5.1420246397785346e-05
1271607072845692929,negative,0.000188989603261951
1271607072891695104,negative,0.007032605876039598
1271607073177026561,neutral,0.49789225920557484
1271607075706208257,negative,0.03980030593590898
1271607076842868737,negative,0.00011786464336493508
1271607076918353921,negative,1.457237922013405e-07
1271607077115514880,negative,0.18795859623648656
1271607077383929862,negative,0.0005358077387413497
1271607077459365889,negative,0.12638575508756936
1271607077501317126,negative,0.1286186773708648
1271607077530714112,negative,0.09038507580680345
1271607077744582657,negative,0.12073936869769193
1271607079321600000,negative,0.05670946645000067
1271607079589928962,negative,0.12239827232910852
1271607079900516352,negative,0.029870806381039356
1271607080043102208,negative,0.0009629358380340679
1271607080089198600,neutral,0.533262969222796
1271607081221656576,negative,0.0009719856039942941
1271607081347559424,negative,0.1531014281047877
1271607081888624640,negative,0.08088527887921566
1271607082203127808,negative,0.007954934633077601
1271607083826327552,negative,9.87000482778955e-05
1271607083931222016,negative,0.03670255851540621
1271607084191277056,negative,0.05928374602523261
1271607084388241408,negative,0.007032605876039598
1271607084392513536,negative,0.006530412676232573
1271607084782686208,negative,0.07836344610624721
1271607084891676679,neutral,0.5885741398387773
1271607084912648192,negative,0.11572948827861469
1271607085113974784,negative,0.01806151386686634
1271607087886458880,negative,0.04444805491636417
1271607088444256256,negative,0.19502423039687414
1271607088633036805,negative,0.009502624938088483
1271607088637046784,negative,0.0010124928719095897
1271607088783986695,negative,0.00157921824750368
1271607088809234432,negative,0.02383007004676358
1271607089090244608,negative,1.8066554511466122e-05
1271607089241165824,negative,0.020522835623474678
1271607089404743685,negative,1.9496257398480732e-10
1271607089450946560,negative,0.029160432015274185
1271607089534767112,negative,0.0005629299174020448
1271607089786490883,negative,2.7968771197945177e-06
1271607089799061505,negative,0.2642984175522277
1271607091870957573,negative,6.784788078086591e-05
1271607091929550848,negative,4.050314249138319e-05
1271607092734984197,negative,8.887355458009728e-10
1271607092856619010,negative,0.0074669692566692
1271607093137727490,negative,0.0007809020524228805
1271607094219812865,negative,3.5788314179515283e-06
1271607094672752642,negative,0.1288925134774278
1271607096107139074,negative,0.00021323646588724418
1271607096317009922,neutral,0.6457423802859142
1271607096384073729,negative,0.014683389588552323
1271607096396722176,negative,0.01850500044802263
1271607096421814272,negative,1.5936469852570445e-07
1271607096824528898,negative,0.00048559593649531447
1271607096950378497,negative,3.2694960554415472e-06
1271607097122271233,negative,6.635103615185109e-05
1271607097457852421,negative,0.00016628924848785266
1271607097504018434,negative,4.147984095869018e-06
1271607097608867840,negative,0.016936617570429142
1271607097717854209,negative,0.0002558508086955222
1271607100507131905,negative,0.0002558508086955222
1271607100754591745,neutral,0.33941226253769047
1271607100947472384,negative,1.9097840192644116e-05
1271607101115322369,negative,0.002974726282716937
1271607101127831555,negative,0.0077562207770218855
1271607101312438272,negative,2.288732216960084e-05
1271607101979348992,negative,0.020985670651917962
1271607102851756038,negative,0.0672770373814434
1271607103740878850,negative,0.21921412548362115
1271607104718151682,negative,0.0008995954928223581
1271607104776830976,negative,0.0024749771868158954
1271607104818884609,negative,0.0009719856039942941
1271607105041170432,negative,0.2675637579473606
1271607105162788865,negative,0.05311442981510892
1271607105343172608,negative,0.002671403393780663
1271607105754193922,negative,0.19753827322328846
1271607105909338112,negative,0.012676502386934916
1271607105997463558,negative,0.0005358077387413497
1271607106152660993,negative,0.12889344147456178
1271607106173456386,negative,0.00016628924848785266
1271607106400129025,negative,0.00011791760518418482
1271607106593062914,negative,0.005820665306411165
1271607106995662848,negative,0.09690104011848619
1271607107138334722,negative,0.03666268671449341
1271607108933488642,negative,0.07416391067742945
1271607109088686080,negative,0.0003576536741836477
1271607109239681025,negative,7.2884477388465e-05
1271607109298327553,positive,0.709682256832036
1271607109331963904,negative,0.05367691246514087
1271607109549993991,negative,0.0006261123052132582
1271607109713616898,negative,0.08758065087506962
1271607109994627077,negative,0.029459991800648205
1271607111252918272,positive,0.671337306919619
1271607111282089986,negative,1.8066554511466122e-05
1271607111299010560,negative,0.007657988082662639
1271607112821547008,negative,0.18693584956905138
1271607113496887296,negative,0.20695132830432936
1271607113543028736,negative,2.4508878904756154e-05
1271607113861795841,neutral,0.5332959485023883
1271607114583031808,positive,0.671337306919619
1271607114880991232,negative,0.02485837199573893
1271607117460443141,negative,0.11210473111719652
1271607117489885184,positive,0.7488486930287965
1271607118173536256,negative,0.0003576536741836477
1271607119427534848,negative,0.02466027340644892
1271607119654109189,negative,0.0022534008262551316
1271607121382191106,negative,0.04165147297761846
1271607121520582657,neutral,0.3381189830050101
1271607121897979904,negative,0.007954934633077601
1271607122200051712,negative,0.1699125633421899
1271607122325897216,negative,0.00016628924848785266
1271607122342658050,negative,6.8210092718033174e-06
1271607122636275723,negative,0.005908020148963276
1271607122728542211,positive,0.6762889093186595
1271607123638657026,negative,5.2770751233254055e-05
1271607123684798464,neutral,0.6404664096554347
1271607123697418241,negative,3.55355186306911e-05
1271607123810664448,negative,0.014592387966216947
1271607124003520518,negative,0.015946341074103896
1271607125354127361,negative,0.07474365143465628
1271607125815390208,negative,0.3170153878363644
1271607125836476416,negative,0.0002833791535977362
1271607126167891969,negative,0.16172293845929064
1271607126406946816,neutral,0.5533970533999424
1271607126641856512,negative,0.07420436539263325
1271607127065284608,negative,0.001842031509920941
1271607127107424259,neutral,0.4662169283079212
1271607129720393729,negative,0.003977502689543781
1271607129913335808,negative,0.18909143581032145
1271607130437701632,negative,0.001050365034535866
1271607130441814017,negative,0.08343887924363161
1271607130735304705,negative,1.7266676256360037e-06
1271607130756452357,negative,0.01552788654488999
1271607130823503876,negative,0.05670946645000067
1271607130974552064,negative,2.3618037531945023e-09
1271607131029098501,negative,0.027532586259180133
1271607131750440960,negative,0.026844430132098973
1271607134401081344,negative,0.016656028492176282
1271607135156174848,negative,0.0007085137434612972
1271607135223402497,negative,0.0832616067651975
1271607135261077512,negative,0.0005351132759893319
1271607136112594946,negative,0.32620683154629054
1271607136154529792,negative,0.0017827975437518131
1271607136208982016,neutral,0.4670100671583925
1271607137949679616,negative,0.019318555789699914
1271607137991606274,negative,0.18664109437547516
1271607138138370049,negative,3.610033225478971e-05
1271607138163589121,negative,0.0017741620639437482
1271607138478145537,neutral,0.6330455584487023
1271607138859782146,negative,0.025152324668022856
1271607139522564096,negative,4.855182901209692e-06
1271607140394942466,negative,0.10329182763909436
1271607140571123712,negative,0.004801158505584074
1271607140910796801,negative,1.457237922013405e-07
1271607142399782912,negative,0.05338484160735513
1271607142731132928,positive,0.9997981881538703
1271607142731177984,negative,0.0006231497894395036
1271607143121076226,neutral,0.34117024056417766
1271607143746191362,negative,0.006971821635413582
1271607143934853121,negative,0.0010417223580364197
1271607146795487233,negative,1.7420822590254172e-05
1271607146858201088,negative,0.008114763420204766
1271607146887753746,positive,0.8162730725260576
1271607147189673984,neutral,0.5509169285059448
1271607147835518976,negative,0.019521584684726853
1271607147944706048,negative,0.00011341912160628809
1271607148498358272,negative,1.8066554511466122e-05
1271607148565401608,negative,0.11162762197975168
1271607149089734659,negative,0.05610309040052827
1271607149152649216,positive,0.9969884738116033
1271607149265813512,negative,0.014514890970223137
1271607149416906752,negative,0.000132376457949845
1271607151253995521,negative,0.005477316271386722
1271607151363055616,negative,0.11162762197975168
1271607151392370690,positive,0.9651340736600955
1271607151576985600,neutral,0.5710211662525364
1271607151698550790,negative,0.0001658783011141083
1271607151748923393,negative,0.0010956943939382383
1271607151857991681,negative,0.06446732001068398
1271607152180895744,negative,0.04141175839988151
1271607152742973441,negative,0.06373965896826557
1271607154714214401,negative,0.0008746025866795184
1271607154823303173,negative,0.18559197711064812
1271607155020398592,neutral,0.34871614663331296
1271607155418857474,neutral,0.3725458233667465
1271607156215738368,neutral,0.37874993579954885
1271607156287176705,neutral,0.3381189830050101
1271607156735950854,negative,0.15797133755319195
1271607157444808704,negative,9.250877231731503e-05
1271607157511860230,positive,0.8518112864803666
1271607157524508672,neutral,0.47760839526369675
1271607157604130817,negative,0.16437877331818024
1271607157725835264,neutral,0.616005678462541
1271607157771980800,negative,0.006037807319365434
1271607159684567042,negative,0.17050660584486196
1271607160804343809,negative,7.505727519920346e-07
1271607160980504576,neutral,0.3448789537043245
1271607161165135872,positive,0.8824757861350008
1271607161345499136,negative,0.2030431045570996
1271607161546854401,negative,0.0005351132759893319
1271607161681043456,negative,0.00016628924848785266
1271607162423218176,negative,0.02219462288414203
1271607163643813889,negative,0.2824876424311173
1271607164336046082,negative,0.01226537699938641
1271607164461887495,negative,0.0003576536741836477
1271607164725940226,negative,0.001842031509920941
1271607165036478464,positive,0.6624055896622104
1271607165157953536,negative,0.04143428635665898
1271607165342662667,negative,0.2847093328097419
1271607165669855232,positive,0.8439453603753593
1271607166991040513,negative,0.001382991083000927
1271607167259418624,negative,0.22220324005576558
1271607167305633792,negative,0.044324420907366276
1271607167397830657,negative,0.021468205824297266
1271607167867662336,negative,0.03639846518878914
1271607168077307906,negative,0.16008308991637252
1271607168077377536,negative,1.4282680352932503e-05
1271607168333221890,negative,0.12158670319859165
1271607168463183873,negative,0.037923919074804614
1271607168580624384,negative,0.0005358077387413497
1271607168727257088,negative,1.56260701404286e-05
1271607168798769152,negative,0.003054528964758873
1271607169109110784,negative,0.18795859623648656
1271607169125933058,positive,0.8439453603753593
1271607169377542144,negative,0.00016628924848785266
1271607169385934848,neutral,0.47848741139733153
1271607171818704896,negative,0.0010124928719095897
1271607172150038528,negative,0.0003495167594397269
1271607172254896129,negative,0.007032605876039598
1271607172502376450,neutral,0.49789225920557484
1271607172779126790,negative,0.003431078817335948
1271607173131522048,neutral,0.46388013727524513
1271607173181833216,negative,0.18763026281999376
1271607173202825216,negative,0.01655022480749108
1271607173718704128,negative,0.00016628924848785266
1271607173735464963,negative,0.04934492479964096
1271607173995511810,negative,0.0350911101855446
1271607174100324352,neutral,0.3381189830050101
1271607174477877250,negative,0.0002833791535977362
1271607174628868098,negative,0.04495357886299508
1271607176247812103,negative,0.18586377051934405
1271607177611010049,negative,0.0016737896560586971
1271607178508546048,negative,0.3040949491800166
1271607179494281216,negative,0.0027069481163371043
1271607180307959809,negative,0.00023719053040000164
1271607181029359616,negative,0.03980030593590898
1271607181071339520,negative,0.0825886283591841
1271607181088038913,negative,0.26812582956602965
1271607181746540546,negative,0.013211949344764894
1271607182241476608,negative,0.0013876501219581817
1271607182484819968,neutral,0.5223790886978289
1271607184221069312,negative,0.0516584316766727
1271607184770678786,negative,0.012164792431929873
1271607184917487616,negative,0.022239639193932088
1271607185605300230,positive,0.9183636713082419
1271607185617846272,negative,0.002169043334550651
1271607185815023617,negative,0.007287645420194194
1271607186242842624,negative,0.0832616067651975
1271607186259447809,neutral,0.41715648808607636
1271607186267963400,negative,0.037805361250228736
1271607188335648771,neutral,0.6352975797792266
1271607188814016512,negative,0.2884593983892954
1271607189178847233,negative,0.012447427632221408
1271607190206517248,negative,0.0011180166855352734
1271607190407843841,negative,0.0005629299174020448
1271607191095648257,negative,0.034942692555418264
1271607191141842945,negative,1.4282680352932503e-05
1271607191649292288,negative,0.029847324492047383
1271607192366518272,neutral,0.4080901501042571
1271607192576233474,negative,0.3093429635187353
1271607192764866560,neutral,0.3384567604034876
1271607192764981253,negative,0.060490407011491755
1271607192777633793,neutral,0.35451443008515343
1271607193918455809,negative,0.0066870763049709445
1271607194539167745,negative,9.126602492251962e-05
1271607194555998210,negative,0.1169854991671321
1271607196703264768,negative,0.007904528295325884
1271607196909015041,negative,0.26123670052509024
1271607197315801088,negative,0.01552788654488999
1271607197450014720,negative,0.02428248049254861
1271607197512933376,negative,0.05610309040052827
1271607197710106624,negative,0.004902285523916794
1271607197970116613,negative,0.00036986781985034426
1271607198083428352,neutral,0.437369725752128
1271607198397890560,neutral,0.6212008086177256
1271607198406320130,negative,0.0271165461827435
1271607198452334592,negative,0.011077204388198885
1271607198511136770,negative,0.014278448416635066
1271607198951579648,negative,0.1256518955108437
1271607198989324288,negative,0.0021970401277313888
1271607199165558787,negative,0.07841359574196761
1271607199303962624,neutral,0.6209663438596181
1271607199413014529,neutral,0.4064281066055449
1271607200926928897,negative,0.001842031509920941
1271607201161936901,negative,0.07416391067742945
1271607201304625159,negative,1.176706131424099e-05
1271607201430372360,neutral,0.437369725752128
1271607201447239681,negative,0.1256196865792625
1271607201669566464,negative,0.0395684344638374
1271607201757458432,negative,0.08259664052981665
1271607201891864577,negative,2.1049339573219188e-05
1271607202353229825,negative,0.0049024829505844945
1271607202420318208,negative,0.00010338679440685032
1271607202449707015,negative,0.05817995923428874
1271607202709671939,negative,0.31256111950851495
1271607202969780225,negative,0.021468205824297266
1271607203082862592,negative,0.03100219172949503
1271607203548577793,negative,1.2348413593548691e-06
1271607203741523968,negative,0.3040949491800166
1271607204517470208,negative,0.019076068501844467
1271607205100486660,negative,2.5144893589907698e-05
1271607205595435008,neutral,0.4784817678432553
1271607206216192001,negative,0.1203090358454427
1271607206459445248,negative,0.028431595891872056
1271607207495454720,negative,0.059855670751022085
1271607207600091142,negative,6.898181232754515e-05
1271607207759503360,negative,0.08259664052981665
1271607209206722563,negative,2.7968771197945177e-06
1271607209273761794,negative,0.009519737527015864
1271607209420603404,negative,0.04920948796146745
1271607209907101696,neutral,0.35162223925252284
1271607210351775746,negative,0.27238417307277085
1271607210498560000,negative,0.2847093328097419
1271607210649550849,negative,3.703975359494141e-05
1271607210783772672,neutral,0.5586274034083963
1271607211861725187,negative,0.02734764205970332
1271607212348018689,negative,0.014426061374660001
1271607214034337792,negative,0.28112816092110127
1271607214478745600,positive,0.9999999906320625
1271607214541877250,negative,0.015946341074103896
1271607214554349569,negative,0.027565523875858356
1271607214764105728,negative,0.09038507580680345
1271607214906716161,positive,0.751202996363915
1271607214906773505,negative,1.439523273294565e-05
1271607215225520128,negative,0.19502423039687414
1271607215359774721,negative,0.00157921824750368
1271607215829336064,neutral,0.482957860389373
1271607216202747904,negative,0.00025521795545906155
1271607216265728000,negative,0.0032775605287930854
1271607216324239361,neutral,0.3745723480616878
1271607217171677188,negative,0.009272739832239805
1271607217561665537,negative,0.03739569407788047
1271607218392236036,negative,0.007934110465076694
1271607218488688643,negative,0.006237533599976069
1271607218564104192,negative,1.8066554511466122e-05
1271607219004596224,positive,0.751202996363915
1271607220040597505,negative,0.16407572091415107
1271607221886091264,negative,0.004572307079228206
1271607222766878720,negative,0.005894416270567474
1271607222787809282,negative,0.018480737012004846
1271607222976630785,negative,9.039954873452565e-05
1271607223467364353,negative,0.018263572970062283
1271607223618342915,negative,1.2594790035075632e-06
1271607223651835904,negative,0.04580868801829515
1271607223731531777,negative,0.05670946645000067
1271607224004014080,negative,7.332315852747983e-05
1271607224029401088,negative,0.009192943045046682
1271607226042630145,negative,0.05610309040052827
1271607226508214279,negative,9.208034378177232e-05
1271607226747191296,negative,0.2367857765170704
1271607226751385604,negative,0.007904528295325884
1271607227191869440,negative,0.011885421604799605
1271607227443564544,negative,0.00015769559710654562
1271607227510644737,negative,1.1978598780372835e-07
1271607227737010176,negative,0.00463335343448798
1271607227951001600,negative,0.28112816092110127
1271607229024739329,positive,0.916649847416321
1271607231012900866,negative,4.4067509282208626e-05
1271607231897907201,negative,0.3040949491800166
1271607231902081026,negative,0.06656437044045363
1271607231927193608,negative,0.00016628924848785266
1271607232577372160,negative,0.13223660272479967
1271607234674536457,negative,0.00016628924848785266
1271607234745810951,negative,0.012164792431929873
1271607235312070661,negative,0.026102557911560516
1271607235358187525,neutral,0.49789225920557484
1271607235437686784,negative,3.989741608300387e-06
1271607235974778880,neutral,0.5161368038990678
1271607236469686273,negative,0.23973255880067554
1271607236532592641,negative,0.0002833791535977362
1271607236553576448,negative,0.0635588945178307
1271607236633264129,negative,0.23923325162317483
1271607238629572608,negative,0.01991638529144152
1271607239405641729,negative,0.14308527386746261
1271607239699120128,negative,0.14227348812766163
1271607239879655424,negative,0.008697316959270498
1271607240076771328,negative,3.0373461343041953e-05
1271607240173248512,negative,0.0002121173322912345
1271607240617799683,negative,1.3680522583937372e-05
1271607241209151488,positive,0.987243173798857
1271607241238609922,positive,0.6879149963555511
1271607243071422464,negative,0.059253725748064805
1271607243239276546,negative,0.022239639193932088
1271607243587440641,positive,0.9999989078734184
1271607243633577984,negative,0.003235748187215404
1271607243742613506,negative,0.001596738307657661
1271607243813912576,negative,8.012227063632288e-05
1271607243889311744,negative,0.07802105340640744
1271607244128497664,negative,0.03717054909496325
1271607244745060352,negative,2.1304608576308493e-10
1271607244761726976,negative,0.0003403263285936203
1271607245063819264,negative,0.01552788654488999
1271607247529885697,negative,1.8066554511466122e-05
1271607248528257029,neutral,0.3620844676782505
1271607248578625538,negative,0.0005330289711396502
1271607248645697542,negative,4.40937372909515e-05
1271607248696102919,negative,0.0014527819186073414
1271607248826109953,negative,0.05599074932229159
1271607248838688768,negative,0.024551302731119187
1271607249216077825,negative,0.01462961559164303
1271607249262256129,negative,6.113368402411272e-06
1271607249560109056,negative,1.8066554511466122e-05
1271607251699208194,positive,0.9713455084282997
1271607251787304961,negative,0.12227762356369955
1271607251858489345,negative,0.14444456258043442
1271607252277960704,negative,0.043693898083064606
1271607252512911363,negative,0.023741099752937863
1271607253553090560,negative,7.730518905627762e-07
1271607253817270272,negative,0.14616092763437233
1271607253901213697,negative,0.01786866897430779
1271607254182133760,negative,0.0002833791535977362
1271607254215733260,negative,0.001842031509920941
1271607254316277760,negative,0.0022288770943302704
1271607254379356160,negative,0.20001641594056402
1271607254538747907,negative,0.0005358077387413497
1271607255448895489,neutral,0.49789225920557484
1271607255587098624,neutral,0.553802389001294
1271607256371662848,negative,0.05031701606368455
1271607256493113344,negative,0.007012448520741336
1271607256749166592,negative,4.40937372909515e-05
1271607257176948738,negative,0.07408930857575648
1271607257306935297,negative,0.0003616220663025772
1271607257638350848,negative,0.017259546767727986
1271607257730560005,negative,0.0003616220663025772
1271607259618062336,negative,0.043598371671244036
1271607259836166146,negative,0.03180962742221007
1271607259966124033,negative,0.012676502386934916
1271607260138082304,negative,0.00282143925593625
1271607260599517189,neutral,0.5844660558927414
1271607260599521283,neutral,0.5151043850077403
1271607260687544321,negative,0.18838670087218531
1271607260901507074,negative,0.00019984109669266473
1271607261111214083,neutral,0.5414209664686436
1271607261111214085,negative,0.0029210573832208152
1271607262260400128,negative,0.00016628924848785266
1271607263933935621,negative,0.0005150626490426586
1271607264647024640,negative,0.0003291735782151038
1271607264936419333,negative,0.0009755811881193706
1271607264961417216,negative,0.16680418264550417
1271607265120997376,negative,0.012295636897929346
1271607265251004416,neutral,0.35451443008515343
1271607265276067840,neutral,0.5533970533999424
1271607265645211650,neutral,0.5844660558927414
1271607266173747200,negative,0.00899129700807622
1271607268031827970,negative,0.0380665861662506
1271607268115492867,negative,0.006623404445140642
1271607268405100545,negative,0.2819935936312681
1271607268790996993,negative,0.00017323785705079548
1271607268862300160,negative,0.2864603219299572
1271607268933582848,negative,3.339741811586186e-09
1271607268950396928,neutral,0.49789225920557484
1271607270166736899,positive,0.751202996363915
1271607270229540866,negative,0.009273535509204792
1271607270300884993,negative,0.0013876501219581817
1271607272809082883,negative,0.050676401422048496
1271607273299869696,negative,0.15045831301231644
1271607273408823298,negative,0.000543624066264661
1271607273568100358,neutral,0.5238039798682683
1271607274658766848,negative,1.8066554511466122e-05
1271607274839199744,negative,0.19552563706121598
1271607276361695233,negative,0.18274738795673875
1271607276562984960,negative,0.02176437571497342
1271607277032800256,negative,0.025152324668022856
1271607277745823745,negative,0.002354434163065829
1271607278374920192,neutral,0.4670100671583925
1271607279247384577,negative,0.01552788654488999
1271607279570300933,negative,0.0018903419073713964
1271607280660819969,negative,0.003871472669684855
1271607280870490112,negative,0.000319013029786105
1271607281101295618,negative,1.8066554511466122e-05
1271607281373904896,negative,0.2847093328097419
1271607281545875457,negative,0.0005351132759893319
1271607281554161665,negative,0.0001027959131272133
1271607281621315585,negative,0.00023491077989750225
1271607281927553024,negative,0.18761191681888964
1271607282032353280,negative,0.01526290891763862
1271607282166648832,negative,0.0025023475565534373
1271607282426617857,positive,0.791931412268203
1271607282913157120,negative,0.002354434163065829
1271607285006110721,negative,0.1539623044922284
1271607285534658562,negative,0.007032605876039598
1271607285782065152,negative,3.4756179013684414e-05
1271607285815676933,neutral,0.4670100671583925
1271607285824053254,negative,0.005634724841850216
1271607285920325632,negative,0.022364307277266526
1271607286457339909,neutral,0.3723346670655177
1271607286713196544,negative,0.07520233926586449
1271607286797041666,negative,0.0011005392796578106
1271607287057125377,negative,0.014592387966216947
1271607289267531776,negative,0.06430264127662322
1271607290081292289,neutral,0.34816632737138115
1271607290639114240,negative,0.001111287296866427
1271607290941124608,negative,0.12426419735589615
1271607291213762561,negative,0.0808734307058016
1271607291343712256,neutral,0.3381189830050101
1271607291423469575,negative,0.05425259927542247
1271607291519946755,negative,0.0011710690316914924
1271607293122134021,negative,0.00011791760518418482
1271607293558304768,positive,0.7562876541182222
1271607293835128832,positive,0.8824757861350008
1271607294116212736,negative,4.6143167194274274e-06
1271607294636285952,negative,0.0006231497894395036
1271607294753755137,negative,0.14247366531399236
1271607295357652994,negative,0.013863621545425898
1271607295533879296,negative,0.0025064321942484097
1271607295827415041,negative,1.060442443963043e-06
1271607296200753152,negative,0.06756897342989703
1271607296423088128,negative,0.002395107361095619
1271607296427204609,negative,0.06831148579510166
1271607297584889857,negative,0.04504536570608191
1271607297924530178,neutral,0.5495922250151081
1271607298192928769,negative,1.8066554511466122e-05
1271607298629271552,negative,0.027565523875858356
1271607298813812740,negative,0.19640071182145585
1271607299153502208,negative,0.024079234888943507
1271607299178725377,negative,0.06838030942110379
1271607299359080448,negative,0.09180680850559436
1271607299480698881,negative,0.0002693566350414121
1271607299547766784,negative,0.0013327655293858542
1271607300017528835,negative,0.005421429697484497
1271607300076249089,negative,0.04920948796146745
1271607300092858368,negative,0.08002465081650481
1271607301607055361,negative,0.14385489589323358
1271607301787521024,negative,0.016909107509337606
1271607301829427200,negative,0.0005358077387413497
1271607301862854656,negative,6.898181232754515e-05
1271607301871460354,negative,0.0825886283591841
1271607302047531008,negative,8.154604400939287e-05
1271607302286688256,negative,1.893011663124382e-05
1271607302542499842,negative,0.00021932226632272514
1271607302823587842,negative,1.7420822590254172e-05
1271607302978768898,negative,0.1336336348513645
1271607302982787072,negative,0.006804533117224326
1271607305881206784,negative,0.0009028042954317648
1271607305893826565,negative,0.00157921824750368
1271607306002694146,negative,0.21776305988665876
1271607306170576896,negative,0.0176519313509228
1271607306367774720,negative,0.0016737896560586971
1271607306556407809,positive,0.8695775641868938
1271607307101667328,neutral,0.3850948772444006
1271607307261169664,negative,0.26840284679951576
1271607307328122881,negative,0.04444805491636417
1271607307885883393,negative,0.01552788654488999
1271607307953229824,negative,0.0006306548635208072
1271607308125167617,negative,0.05338484160735513
1271607308288692225,negative,0.04580868801829515
1271607308515184640,negative,0.26812582956602965
1271607309811269639,negative,0.0005818572449601816
1271607310037778434,negative,1.4282680352932503e-05
1271607310440214528,positive,0.9954358158977953
1271607310973108226,negative,0.07416391067742945
1271607311216152576,negative,0.000980996703914764
1271607311388246016,negative,0.02428248049254861
1271607311442808835,negative,0.0016352889820744972
1271607311732224001,negative,0.0840719347218928
1271607312034131969,positive,0.7878984431607639
1271607314198519808,negative,0.05817995923428874
1271607314353737728,negative,5.948394699159373e-10
1271607314584408069,negative,0.2824876424311173
1271607314831769601,negative,0.006037807319365434
1271607314894581760,negative,0.0005330289711396502
1271607314940919808,neutral,0.38390289535765726
1271607315020623878,negative,0.00021259443269662335
1271607315486171137,negative,0.2515549324587203
1271607315779608576,positive,0.9954358158977953
1271607316333428737,negative,0.00014840749909568357
1271607316664643585,negative,0.002395107361095619
1271607317142913024,negative,7.2884477388465e-05
1271607317218201601,negative,0.08677948931410025
1271607317528604672,negative,0.27160123365312977
1271607318858420224,negative,0.06941873380859384
1271607318954815489,negative,0.00032588143824506196
1271607319005192193,negative,0.004860290456441912
1271607319051350016,negative,0.0025023475565534373
1271607320494125062,negative,0.006151678778412074
1271607322692014080,negative,0.002418228708076309
1271607322784260096,positive,0.9997580264596364
1271607322960257025,negative,0.0005096005686759362
1271607323690221570,positive,0.8474835847802383
1271607323732185089,negative,0.0018375631550464277
1271607324675846145,negative,0.2785928761937945
1271607326701731847,negative,0.04324843524471755
1271607326739480578,negative,4.147984095869018e-06
1271607326823374848,negative,0.26530898065256464
1271607328307994624,negative,0.10831766230001016
1271607328371064835,negative,0.005894416270567474
1271607328442327046,negative,0.08826843348749734
1271607328589131776,neutral,0.3381189830050101
1271607328735989760,negative,0.0024968577181432848
1271607330879102976,negative,5.1048048333499485e-05
1271607331432861697,negative,0.001842031509920941
1271607331500036096,negative,0.015946341074103896
1271607331835523072,negative,0.07587745661513555
1271607331860725760,negative,0.07762784543750909
1271607332254949376,neutral,0.4185878331954426
1271607332275982336,negative,8.817617634302625e-08
1271607332414402565,negative,0.0005850100482124905
1271607332796055552,negative,0.00035625677862029427
1271607332989022208,neutral,0.3381189830050101
1271607333097881602,negative,6.236105015602125e-07
1271607333349711873,negative,0.2664064784016309
1271607333500719104,negative,0.2349957441709727
1271607335127969793,negative,0.0023170344461177867
1271607335329370118,negative,0.02428248049254861
1271607335346151425,negative,0.0010033410433637482
1271607335635562496,negative,0.28286128465373983
1271607336071843840,negative,0.005917207175242558
1271607336247967744,negative,8.432274634077955e-08
1271607336373751808,negative,4.9872901254304144e-05
1271607336868679682,neutral,0.49738919646342195
1271607337128800257,negative,0.1336336348513645
1271607337179140096,neutral,0.5528584609162418
1271607339154657280,negative,2.0165898846672867e-06
1271607339427209216,negative,0.015800835932238563
1271607339452334084,negative,0.007904528295325884
1271607340027064320,negative,0.0018652191879855878
1271607340069015553,neutral,0.437369725752128
1271607340551340033,negative,0.0014085018742596908
1271607341516029952,negative,0.07632200085312704
1271607341562068993,negative,6.35748205593302e-08
1271607341675417600,negative,1.0959355209039085e-06
1271607341847379968,negative,0.00016823968684374503
1271607342312783872,negative,0.01552788654488999
1271607343688683526,positive,0.7031165784180139
1271607344590438400,neutral,0.5414209664686436
1271607344636530689,negative,0.03090141765763011
1271607345261342720,negative,0.009761345140847096
1271607345743888390,neutral,0.34117024056417766
1271607346633080832,negative,0.0020570445288949466
1271607347249582083,negative,4.40937372909515e-05
1271607347358715904,negative,0.22695773199677524
1271607348038184960,negative,0.11162762197975168
1271607348109258752,negative,1.0533671402212068e-08
1271607348398895105,negative,0.07352752299950092
1271607348457504769,negative,0.0003273700545089249
1271607348864442368,positive,0.8532766674751437
1271607349007048707,positive,0.7342889744533279
1271607349011263488,negative,4.908254204596775e-07
1271607349149487106,positive,0.8078621214425754
1271607349472616449,negative,1.3276809508447062e-05
1271607349959102465,negative,0.00023882966192448517
1271607350093365249,negative,0.00014840749909568357
1271607350223306754,neutral,0.6231301609365977
1271607350231814144,negative,0.05338484160735513
1271607352006004737,negative,0.023317986772486768
1271607352202952704,negative,0.26599024707411584
1271607352249257984,negative,0.00020385062827719643
1271607352509165568,negative,0.16863807278512583
1271607352609865728,negative,0.01741431888165114
1271607353348104193,negative,0.175229931346864
1271607353637396480,negative,2.146967376518157e-10
1271607353771687936,neutral,0.3381189830050101
1271607353792659457,negative,0.18894664216049947
1271607353872388096,negative,0.20186754572743498
1271607354228957190,negative,0.2215684059962375
1271607354560299014,negative,0.0802169327237387
1271607354954592261,negative,0.025152324668022856
1271607356066070528,negative,4.40937372909515e-05
1271607356086943745,negative,0.012676502386934916
1271607356393226242,neutral,0.45660300666847325
1271607357261389824,negative,0.009199233939556099
1271607357320151040,negative,9.377950006560572e-05
1271607358125416451,negative,0.00032588143824506196
1271607358330933251,positive,0.6809619936874682
1271607358427484160,negative,0.03980030593590898
1271607358444244994,neutral,0.35138810142877774
1271607358603616257,negative,0.00016100482880607227
1271607359102746630,neutral,0.3592150091785483
1271607361480937482,negative,0.060490407011491755
1271607361996759043,negative,0.011406993911680357
1271607362311331840,negative,0.0002833791535977362
1271607362575622146,negative,9.377950006560572e-05
1271607362781163521,negative,1.5056355775226714e-05
1271607363099918340,negative,0.00016628924848785266
1271607364597059585,negative,3.155791299697551e-05
1271607364622462976,negative,1.9007496617215074e-09
1271607365155069954,negative,0.031252089843059085
1271607365528322050,negative,0.09180680850559436
1271607365683609600,neutral,0.35451443008515343
1271607365696204801,neutral,0.41781860539170623
1271607365922631687,neutral,0.5368123575378274
1271607366035951618,negative,0.0003576536741836477
1271607366400827393,negative,0.0005358077387413497
1271607367138897920,negative,0.0009175264165824337
1271607367793328128,negative,0.008435480938169943
1271607368737067011,negative,0.16172293845929064
1271607368862830592,negative,0.059421694465950324
1271607369382985729,negative,0.002886944683696644
1271607369492058112,negative,0.005447026089117688
1271607370087567360,neutral,0.5027183608828694
1271607370276364288,negative,0.09412051680142991
1271607370708332545,negative,0.0019900274390327525
1271607370708369409,positive,0.7760958457010583
1271607370997739522,negative,1.8066554511466122e-05
1271607372885004288,negative,0.03794618911638615
1271607372998270983,negative,1.8066554511466122e-05
1271607373464043522,negative,0.0037102536120277117
1271607373501591553,negative,0.18884248391470657
1271607374277574656,negative,1.8478295385763337e-10
1271607374420287497,neutral,0.6547637507585339
1271607374600642563,negative,3.759814752818217e-05
1271607375116500993,negative,0.026102557911560516
1271607375364009986,negative,0.04445217217724994
1271607375695425536,positive,0.7685322661239289
1271607377389932544,negative,0.028431595891872056
1271607377687728136,negative,0.0005773701266505416
1271607377935192064,positive,0.9954358158977953
1271607377968746497,negative,3.164900517885014e-10
1271607378392289281,positive,0.684687678208344
1271607378627133440,negative,1.8066554511466122e-05
1271607378673352704,negative,0.31732489718339985
1271607378933243905,negative,0.0049024829505844945
1271607379004723200,neutral,0.437369725752128
1271607379063377920,negative,0.026615173795510632
1271607379885465601,negative,0.005894416270567474
1271607380011253762,negative,0.053039170867918234
1271607381395472385,negative,0.07802105340640744
1271607381525291008,negative,0.01552788654488999
1271607381601013761,negative,0.00015739941362448245
1271607381613576192,negative,0.005858557364250677
1271607382221770756,negative,0.005479099288117338
1271607382351794176,negative,0.07940854830408897
1271607382460825600,negative,0.00533814168559049
1271607382691459073,negative,0.18525414646254426
1271607383148638210,negative,0.016386119053893478
1271607383261941761,negative,0.0845031107075617
1271607383521984516,positive,0.997126995515298
1271607383668723712,negative,0.00015194828200427033
1271607383937220608,negative,4.585868034277895e-05
1271607384000135177,negative,2.2621370169019452e-07
1271607385438724096,negative,0.0018652191879855878
1271607385501679616,negative,1.4282680352932503e-05
1271607386180956160,negative,0.02896445375041857
1271607386181074944,negative,0.173756311271842
1271607386554408964,negative,0.003871472669684855
1271607386759970817,negative,0.14789938647516646
1271607387028324357,negative,0.11605903016801976
1271607387187630080,negative,0.0048031083353694045
1271607387678560260,negative,0.006598995617026006
1271607387741401092,negative,2.9489180874369595e-05
1271607387837915137,negative,0.00016628924848785266
1271607388454469639,negative,0.08992315683592457
1271607388462817284,neutral,0.3381189830050101
1271607388613873664,negative,0.06756897342989703
1271607388639027201,negative,0.17771064086376637
1271607389645660161,positive,0.684687678208344
1271607390014779393,negative,4.40937372909515e-05
1271607390203494406,negative,0.00011791760518418482
1271607390736134145,negative,0.15894838135266348
1271607391163908102,negative,0.2793168272936149
1271607391721852928,negative,0.010663953312504037
1271607392216678400,negative,0.0005351132759893319
1271607392275292160,negative,0.015284829527177104
1271607392560701441,negative,0.0011229307013557906
1271607392673857536,negative,0.1735162678381825
1271607394255151106,negative,0.05368241837099004
1271607394448089088,negative,0.1505073927745344
1271607394628485120,negative,0.00832436291048417
1271607394880106500,negative,6.107991166794134e-05
1271607394989195264,negative,0.03416143747831388
1271607395232301057,negative,2.0011432215384426e-05
1271607395765161985,negative,0.00019984109669266473
1271607395869851648,negative,0.0006231497894395036
1271607395890929667,negative,0.29456521167494
1271607396092252160,negative,0.14444456258043442
1271607396859772929,negative,0.007586845073125798
1271607398092943361,neutral,0.5089004219517322
1271607398617284610,negative,0.0012771135366231345
1271607398793347073,negative,0.059421694465950324
1271607398847983618,negative,0.1203090358454427
1271607399112159232,negative,0.0002833791535977362
1271607399124779008,negative,0.3100748300151212
1271607400487780353,negative,0.01552788654488999
1271607402996137984,negative,1.4768359578560393e-05
1271607403017121798,negative,0.0002814605537801416
1271607403168124931,negative,0.00019984109669266473
1271607403247742976,negative,2.180919888011239e-06
1271607403625267200,negative,0.1253996594205582
1271607403679748098,negative,0.08791087012486679
1271607404183109634,neutral,0.34179054981092377
1271607404321529858,negative,0.05338484160735513
1271607407098109952,negative,1.56260701404286e-05
1271607407978983424,negative,7.2884477388465e-05
1271607408171900928,neutral,0.48728019602140255
1271607408301936642,negative,0.17553924241747834
1271607408935284743,negative,0.04668379443294194
1271607409518182400,negative,0.001605736721599251
1271607410600210433,negative,0.0073107086724516455
1271607411363778560,negative,0.12085056242752613
1271607411367911425,positive,0.9376878850995406
1271607412059852801,neutral,0.49789225920557484
1271607412101910534,negative,1.4282680352932503e-05
1271607412101914624,negative,0.02301667247206716
1271607412362018816,negative,0.027565523875858356
1271607412538126336,negative,0.04504536570608191
1271607412894699521,negative,2.4837320596437188e-05
1271607413091819521,negative,0.027255057198898973
1271607414756904962,negative,0.011419113974740182
1271607414840864768,negative,0.20197939090560768
1271607414844985347,negative,0.0831872599257575
1271607415209971713,negative,2.9489180874369595e-05
1271607415406866432,negative,0.0025023475565534373
1271607415520313350,negative,0.012929437622733525
1271607415792943110,negative,0.27713283053988486
1271607416048824326,negative,0.01552788654488999
1271607416258322432,negative,0.013236169114866346
1271607416694734850,negative,0.07937258472169016
1271607419785879553,negative,0.0015577880387727951
1271607420121280512,negative,0.04619958414386619
1271607420251406336,negative,0.04445217217724994
1271607420322799616,negative,6.14213796739392e-05
1271607420414984192,negative,0.11089788597873636
1271607420842885121,negative,4.40937372909515e-05
1271607421102886912,negative,0.00010189049506113715
1271607421279047682,negative,0.13379589637888498
1271607423179128832,negative,0.0007021734252260472
1271607423388782592,neutral,0.5833488216906089
1271607423539851265,negative,0.001596738307657661
1271607423753650176,negative,0.12227762356369955
1271607424286326785,negative,0.0021698797808021686
1271607424554799105,negative,1.5382141538821555e-06
1271607424777060352,negative,0.18248482392937262
1271607425095827456,neutral,0.4827185043432857
1271607425699909633,negative,0.011377594187202546
1271607425876049920,negative,0.005894416270567474
1271607426224177154,negative,6.368067766289238e-05
1271607426777780224,negative,0.0099536958179938
1271607427717386242,negative,0.002197301264707923
1271607428052914177,negative,0.05071786008692442
1271607428363288576,negative,0.000461978987029925
1271607428723900417,negative,0.0014085018742596908
1271607428883329024,neutral,0.3403391890910929
1271607429218746369,neutral,0.33860867785784576
1271607429361479680,negative,1.9683847306805227e-09
1271607430171045888,negative,0.018263572970062283
1271607431580311552,negative,0.00040417110933076573
1271607432314335233,negative,0.05209538812882177
1271607433182482437,neutral,0.49789225920557484
1271607433211850754,negative,0.24799998774444978
1271607433941733377,negative,0.18795859623648656
1271607434256232448,negative,8.073210760235679e-05
1271607434281463809,negative,0.027181046580584924
1271607435753672704,negative,0.06613604957060346
1271607436168826880,negative,0.003001837545013809
1271607436177297414,negative,0.001745335053281024
1271607436588322819,positive,0.8774916832966492
1271607436613427201,negative,0.3248410612445367
1271607436969984000,negative,9.250877231731503e-05
1271607437510893574,negative,0.0006231497894395036
1271607437620101120,negative,0.0003469350900784672
1271607437649420288,negative,0.007389368129271988
1271607437687164936,negative,0.2371963833692645
1271607437745946624,negative,0.00033287291598040416
1271607439952171014,negative,0.012447427632221408
1271607440161886211,negative,0.3275068838229145
1271607440333631488,negative,0.03100219172949503
1271607440467951617,negative,0.022791661115742306
1271607441017487362,negative,0.028431595891872056
1271607441088753664,positive,0.9556858708304484
1271607441298522113,neutral,0.6447106702010343
1271607441361420288,negative,0.0688114809047932
1271607441709346816,negative,0.2889782600489871
1271607441755648004,negative,3.262796994869556e-05
1271607442397442048,negative,0.0324592168961008
1271607442464440321,negative,0.16346109174630638
1271607442632212480,negative,0.0071479933406052385
1271607443492081666,negative,0.1952814587246654
1271607444284858368,negative,7.896655954576735e-05
1271607444712697857,negative,0.005894416270567474
1271607445119516673,negative,0.02176437571497342
1271607445572538370,negative,0.0002833791535977362
1271607445673193473,negative,0.010681078379886806
1271607446021300226,positive,0.9201710137996238
1271607446239358980,neutral,0.437369725752128
1271607446356754432,negative,0.009816105200820933
1271607446600105984,negative,0.0007809020524228805
1271607448483196928,negative,0.19145403365290203
1271607449750028290,negative,0.24363561393578026
1271607450093961219,negative,4.138115230187289e-05
1271607450618089472,positive,0.9999999906320625
1271607451733852160,negative,0.04031304755783594
1271607453210345473,negative,2.987944245261539e-06
1271607453847863296,negative,0.003963837273754207
1271607453915000833,neutral,0.3381189830050101
1271607454187630593,negative,0.24190043021159235
1271607455114579969,negative,0.00018616457851440142
1271607455508598784,negative,1.8066554511466122e-05
1271607455596806144,negative,0.137588999078651
1271607455722737668,negative,0.0076220226614507666
1271607456838365185,negative,0.250411290256409
1271607457308127235,positive,0.6645021883444644
1271607458125889536,negative,4.50491123474092e-05
1271607458948096000,negative,0.046484769731093445
1271607459342430208,negative,0.002886944683696644
1271607459552034816,negative,0.004470722361413761
1271607459669397504,negative,7.332315852747983e-05
1271607459929640961,negative,0.0005358077387413497
1271607459950596096,negative,0.3040949491800166
1271607461171146754,negative,0.002886944683696644
1271607461229858816,negative,2.0039740517719965e-05
1271607461309485057,neutral,0.49789225920557484
1271607461364072449,negative,0.0005358077387413497
1271607461628256256,negative,0.00010338679440685032
1271607461875642369,negative,0.01552788654488999
1271607461955371008,negative,0.08110662622354817
1271607461959610369,negative,0.00257990499523626
1271607462009987075,negative,0.0584989645647601
1271607462014189568,negative,3.262796994869556e-05
1271607462353920002,negative,2.6379894484541785e-06
1271607462416834560,negative,0.28768430820383784
1271607463175958528,negative,0.05368241837099004
1271607463285067777,positive,0.684687678208344
1271607465117966339,neutral,0.34117024056417766
1271607465591873538,negative,0.04814768014287844
1271607466296373249,negative,6.294110908670803e-07
1271607466762153987,negative,2.1583473056491964e-10
1271607466887962624,negative,0.11565831723135343
1271607466921508864,negative,0.2888977195597115
1271607467001229312,positive,0.8154950852205297
1271607467504517130,negative,7.873690627731737e-05
1271607467710001153,negative,0.05384598286067104
1271607467928158210,negative,5.2559763776194033e-05
1271607468443996165,negative,0.00032588143824506196
1271607468984922112,negative,1.8066554511466122e-05
1271607469475799040,negative,0.03840564920058137
1271607469912006657,negative,0.14731646957486152
1271607469953953794,negative,0.0046562799585034
1271607470218231815,positive,0.9227944488367448
1271607471463940096,negative,7.178974134898367e-06
1271607471514308611,neutral,0.49789225920557484
1271607471673671682,negative,7.2884477388465e-05
1271607471963078657,neutral,0.46127768308170247
1271607471983996928,negative,3.262796994869556e-05
1271607472499851264,negative,0.0023170344461177867
1271607473468776449,negative,0.05368241837099004
1271607473485553664,negative,0.06118130601773216
1271607473670062081,neutral,0.3381189830050101
1271607473762455553,negative,3.8632474149153675e-05
1271607473926004737,negative,0.29456521167494
1271607474605326336,negative,0.16863807278512583
1271607474789986306,negative,0.011703220097117726
1271607476144812032,neutral,0.49789225920557484
1271607476572442624,negative,0.0005955793925200283
1271607477675704320,neutral,0.37024548501859017
1271607478019600386,negative,0.03519941193569037
1271607478158065666,negative,0.02428248049254861
1271607478460076035,negative,0.0099536958179938
1271607478648745984,neutral,0.3499352441185855
1271607479072243713,negative,0.001842031509920941
1271607479349186561,negative,0.021468205824297266
1271607479483367425,negative,6.113368402411272e-06
1271607480032821248,negative,0.14237112598726331
1271607480599134209,negative,0.01552788654488999
1271607480796221441,neutral,0.49789225920557484
1271607481295343616,negative,0.010631124413101968
1271607481932713984,negative,0.01552788654488999
1271607482343882752,negative,0.11197378698117733
1271607483115745281,negative,1.991071783227586e-05
1271607483157618690,negative,0.18795859623648656
1271607483295870976,negative,0.024752933674497334
1271607483329654785,negative,0.0001219308584119175
1271607483430326277,negative,0.11082341754890901
1271607483786805248,negative,0.00016628924848785266
1271607483837054976,neutral,0.3867737279337002
1271607486576054273,negative,0.29761571709333384
1271607487204974592,neutral,0.43239902574644784
1271607487398137862,negative,1.8066554511466122e-05
1271607487662301184,negative,0.00015194828200427033
1271607487817486337,negative,0.1683876859261627
1271607487905529858,negative,0.19894816053849246
1271607488417271808,negative,0.002402106420951482
1271607488606068736,negative,7.3200259425789204e-06
1271607490560622594,negative,0.0011051876796506935
1271607491445563392,negative,4.9735565768539735e-05
1271607491839889408,negative,0.05368241837099004
1271607491898544128,negative,0.04804110157909807
1271607491906994182,neutral,0.6582643402168333
1271607492267716610,negative,0.0011943712266045462
1271607492599066624,negative,0.28286128465373983
1271607494566010880,negative,0.2076559053117412
1271607494566187011,neutral,0.5502668836499605
1271607494704537602,negative,0.00012374454595711728
1271607495040081920,negative,4.3930833070491606e-05
1271607495178489857,negative,0.21571393332256075
1271607495878938626,positive,0.8423785366537869
1271607496164114432,negative,2.318747610752888e-05
1271607496197705730,negative,0.00080527223309356
1271607496218681351,neutral,0.40186287910381435
1271607496801738754,negative,0.00016628924848785266
1271607497149775873,negative,0.0014526357096754062
1271607497250439168,negative,0.00021575848065662754
1271607497271513088,negative,2.358438738138184e-08
1271607499255357440,negative,0.0003363550464749351
1271607499297349632,negative,0.0003616220663025772
1271607499720921088,negative,0.01772327320640916
1271607499972579331,negative,0.01826254553270469
1271607500324864000,negative,0.08098917461551021
1271607500740210689,negative,0.015041488663519955
1271607500752773121,positive,0.9902463144689173
1271607501327421448,negative,0.006954018946111578
1271607501411233799,neutral,0.49789225920557484
1271607501507760128,negative,0.000368754938050187
1271607502061199360,negative,0.018119101046426365
1271607502724116481,negative,4.2797444846558254e-07
1271607503021842434,negative,0.004503731320009572
1271607503541940224,negative,0.01863282062599698
1271607503546089474,negative,0.0474459692391914
1271607504217223179,negative,0.00029417244616848816
1271607504364081152,negative,0.13223586983323474
1271607504812810245,negative,0.0694485464072126
1271607505366499328,neutral,0.3381189830050101
1271607505651712000,positive,0.684687678208344
1271607505731440641,negative,0.00020385062827719643
1271607507191021570,negative,0.0061982330093672214
1271607507375587331,neutral,0.45420817579090644
1271607508231208960,negative,0.3040949491800166
1271607508256403458,negative,0.01767540036066555
1271607508818329600,negative,0.13220841596582839
1271607508830806017,negative,0.04251423792646359
1271607508923289606,negative,0.1508355335747311
1271607508940005378,negative,0.015330984207942707
1271607509166501894,negative,0.0037102536120277117
1271607510223532035,negative,0.0009028042954317648
1271607510454145025,negative,0.00019984109669266473
1271607511423094784,negative,0.10600606211472394
1271607511850893312,negative,0.2382669582645585
1271607512580493312,negative,0.01552788654488999
1271607512672931841,negative,0.011571710306983514
1271607513281105920,negative,6.898181232754515e-05
1271607513885138946,positive,0.729041304458344
1271607514073874432,negative,0.13382906156908364
1271607515671904256,negative,0.04251423792646359
1271607515898404864,negative,0.002395107361095619
1271607516225515520,negative,1.965009628437037e-06
1271607516229746690,neutral,0.4494736039941976
1271607516548358146,negative,0.019318555789699914
1271607517311905792,negative,0.00012985256718919675
1271607519010381824,negative,0.0011943712266045462
1271607519778156544,negative,0.04452012351409817
1271607519941734400,negative,1.8640813909346823e-13
1271607520184938497,negative,5.5096951081189474e-05
1271607520235335681,negative,1.8066554511466122e-05
1271607520306647041,negative,1.8888472661522834e-08
1271607520478494722,negative,0.004077199090876045
1271607520822530048,negative,2.610105663182056e-06
1271607521070010369,negative,0.007012448520741336
1271607521409667072,negative,9.433741124872865e-08
1271607521938231297,negative,0.04529331547429356
1271607521946611713,negative,0.01786866897430779
1271607521971777536,negative,0.2446719785998273
1271607522064031744,neutral,0.3960636543743813
1271607522223423488,negative,1.7926145335462156e-08
1271607523871686657,negative,2.1507001044004356e-05
1271607524026957826,negative,0.0049024829505844945
1271607524412870657,negative,0.08474344951631987
1271607524509339649,neutral,0.3403391890910929
1271607524605734913,negative,0.00019984109669266473
1271607525285265408,negative,0.020971955116200154
1271607525322997761,negative,0.0009422307854323117
1271607525834731521,negative,7.2884477388465e-05
1271607525910159360,negative,0.00016628924848785266
1271607526077972481,negative,0.11082341754890901
1271607528103784449,negative,0.000335777926383417
1271607528531640320,neutral,0.3381189830050101
1271607528548425729,negative,0.23362296494639243
1271607529412481024,negative,0.00027882768904371276
1271607529508941824,negative,0.0026083666594883515
1271607529638936578,negative,0.0008946592426382487
1271607529810857985,negative,0.01773802572406225
1271607529995481088,negative,0.04445217217724994
1271607530226147339,negative,0.32620683154629054
1271607530532278272,negative,0.03733235336625141
1271607530628636673,positive,0.684687678208344
1271607530691706881,negative,0.00016628924848785266
1271607532511952897,negative,0.00016905510622694975
1271607533615157249,neutral,0.3381189830050101
1271607534000893952,negative,0.01371965217289779
1271607534101639168,negative,0.0009718466650070903
1271607534265217024,negative,3.262796994869556e-05
1271607534290440192,negative,0.0003540316210284599
1271607534458228736,negative,0.024760878963432906
1271607536744116229,negative,0.112644112625661
1271607536769269761,negative,0.06896063962103985
1271607537197035522,negative,0.029160432015274185
1271607537255813126,negative,0.014544467631665916
1271607537750638592,positive,0.8364860004538318
1271607537801089026,neutral,0.3723346670655177
1271607537834565632,negative,4.225409481189738e-05
1271607538065145856,negative,0.0048031083353694045
1271607538111438850,negative,0.0036170673465579953
1271607538623172611,neutral,0.4507454498615163
1271607538727952385,negative,3.8900979165329496e-05
1271607538803507201,negative,0.0013327655293858542
1271607540586024960,negative,0.06415102745430357
1271607540737093632,negative,0.03946362706313461
1271607541882118151,negative,0.06613604957060346
1271607542498709505,negative,0.0024968577181432848
1271607542662213633,negative,0.0602137389859889
1271607542871994370,negative,0.003689380387998146
1271607542876168192,negative,0.08413000880975484
1271607543144558593,negative,1.5016782422236586e-05
1271607545795403777,neutral,0.3385252644667176
1271607546118320134,negative,0.0003291735782151038
1271607546642599938,negative,0.010873064389172541
1271607546751705090,neutral,0.49789225920557484
1271607547787538432,neutral,0.5817341837740495
1271607549352181765,negative,0.004143428264602653
1271607549352181766,neutral,0.34638483729906117
1271607549494800385,neutral,0.6036802031617744
1271607550564171776,neutral,0.5243306209051068
1271607551172509697,negative,0.013722089811662992
1271607551344467968,neutral,0.3381189830050101
1271607551453519872,negative,9.9776447420698e-05
1271607553303154696,neutral,0.4884980247943256
1271607553458388993,negative,1.1681188238227523e-05
1271607554683142144,negative,0.002098919259104901
1271607554699923456,negative,0.00016628924848785266
1271607555438129152,negative,8.783975009085693e-08
1271607555597512709,negative,0.14153322247914352
1271607555723321349,negative,5.1048048333499485e-05
1271607555991777280,negative,0.009272739832239805
1271607557044539392,negative,1.2656804455877355e-06
1271607557983887360,negative,0.011540163931986777
1271607558613209091,neutral,0.46127768308170247
1271607558827098114,negative,0.04593978896177672
1271607559154069504,negative,0.2663312715985176
1271607559191920640,neutral,0.3381189830050101
1271607559430995971,negative,0.005571168276509316
1271607559443578880,negative,0.006266999912702252
1271607559867248642,negative,7.873690627731737e-05
1271607560450105345,neutral,0.34117024056417766
1271607561851191296,negative,0.025152324668022856
1271607561859616768,negative,0.0003830289768865513
1271607561935093763,negative,0.03804145621633427
1271607562094477312,negative,0.11188787788324749
1271607562270629888,negative,0.0825886283591841
1271607562383884290,negative,8.332931975732457e-09
1271607562752925697,negative,0.009272739832239805
1271607563147194368,negative,0.0176519313509228
1271607563159625728,negative,0.01552788654488999
1271607563973464066,negative,0.004852755013735426
1271607564191649793,negative,0.04504536570608191
1271607564455870464,negative,0.003195835282850379
1271607565877743616,negative,0.0003291735782151038
1271607566020337669,negative,0.0688114809047932
1271607566104236032,negative,0.07000702653693959
1271607566695628805,positive,0.9547770153605029
1271607566813011975,negative,0.031169962192145084
1271607566955687940,negative,0.03695208748753567
1271607567014342656,negative,1.4282680352932503e-05
1271607567161016321,negative,0.04251423792646359
1271607568415313922,negative,0.029847324492047383
1271607568792682498,negative,2.5144893589907698e-05
1271607569946198016,negative,7.2884477388465e-05
1271607570168532992,negative,0.04251423792646359
1271607570822823940,negative,0.026091745880890922
1271607571384807424,negative,0.10329182763909436
1271607571615539201,negative,0.16841729920146856
1271607571699433475,negative,0.16024675113151934
1271607571976040456,negative,0.21289327654770523
1271607572664066049,negative,0.0474459692391914
1271607573628796928,neutral,0.33075522820484277
1271607574186668038,negative,0.06813983420654068
1271607574425632774,negative,0.018358367989957432
1271607574484471808,neutral,0.37137062280538924
1271607574866034689,negative,0.18909143581032145
1271607575629438976,neutral,0.5903255514018425
1271607575860129793,negative,0.0003168660277170403
1271607576288006147,negative,0.00016397075895749168
1271607576996859905,negative,0.20695132830432936
1271607578469052421,negative,0.0009028042954317648
1271607578657685504,neutral,0.4047214283799102
1271607578674507776,negative,0.0013327655293858542
1271607579060375553,negative,0.059253725748064805
1271607579077160960,negative,2.3497310866883425e-05
1271607579123294208,neutral,0.49789225920557484
1271607579224035329,negative,0.20630927443680686
1271607579299377152,negative,0.021931454066848186
1271607579592937472,neutral,0.5250137350369191
1271607579974795264,neutral,0.37457610088591226
1271607580440301568,negative,0.0005210389141289965
1271607580788391938,neutral,0.60143295910391
1271607580872368129,negative,0.05479259030273839
1271607582776528897,negative,0.01719004681774222
1271607582918991873,positive,0.7350408927241908
1271607583196041216,negative,0.0005703483552045097
1271607584911319041,negative,0.08909031135550761
1271607585011990529,negative,0.10692136180516502
1271607585234472961,positive,0.6889515947671969
1271607585330823168,negative,0.00520040308252152
1271607585729400834,negative,0.3248410612445367
1271607586056540160,negative,7.873690627731737e-05
1271607587130060800,negative,0.00048565789725911
1271607587469959168,negative,1.9007496617215074e-09
1271607587927138304,negative,0.05670946645000067
1271607588002697217,negative,7.873690627731737e-05
1271607588145201152,negative,5.1048048333499485e-05
1271607588518531077,negative,0.0001416548506366076
1271607588669534209,negative,0.00019984109669266473
1271607589151875075,negative,3.991484589515581e-06
1271607589185478656,negative,0.012375302517133981
1271607591248986112,negative,0.18884248391470657
1271607591844622336,neutral,0.6330455584487023
1271607591894908928,negative,0.2378411193086786
1271607592477917191,negative,0.03416143747831388
1271607592826085376,negative,0.00011341912160628809
1271607592830283776,negative,1.3455745562937083e-07
1271607593048424455,negative,0.00029875946332117294
1271607593564286977,negative,0.015946341074103896
1271607594881179648,neutral,0.6140235623106174
1271607594994499586,negative,0.0033309307955204214
1271607595032248320,negative,0.05937400543569683
1271607595283906560,negative,0.00019984109669266473
1271607595804090368,negative,2.095385694694507e-05
1271607596110118914,negative,0.0038543944986604278
1271607596332601346,negative,6.294110908670803e-07
1271607596613582851,negative,0.3040949491800166
1271607599348285440,negative,0.013722089811662992
1271607599448940545,negative,0.0002834215439378345
1271607599545430019,negative,0.01355600344767054
1271607599578910725,neutral,0.6036802031617744
1271607600090619910,negative,0.0002099078723830312
1271607600438808579,negative,2.5144893589907698e-05
1271607600921141248,negative,0.007775443321856447
1271607601093058562,negative,0.01098425994062258
1271607601193799680,negative,0.007012448520741336
1271607601222971393,neutral,0.49789225920557484
1271607601906802688,neutral,0.5950612311678684
1271607602166861826,negative,0.0020093435034387666
1271607603273981952,negative,0.05878789696110753
1271607603689390082,negative,0.0016352889820744972
1271607604423405568,negative,6.775150192639362e-08
1271607604603740162,negative,0.011514187605801024
1271607605127901185,negative,0.01552788654488999
1271607605148909568,negative,3.0059813829827105e-05
1271607605190942720,negative,0.0255698682603974
1271607605320876034,negative,0.10497175517367525
1271607605400686593,negative,0.047047496936025196
1271607605698244608,negative,0.2042517137896546
1271607606520557570,negative,0.00016628924848785266
1271607607787237377,negative,0.22055665962303347
1271607607866818560,negative,0.00047889043789425486
1271607607975981057,neutral,0.3381189830050101
1271607608277950467,negative,0.005014943087364652
1271607608504389635,negative,0.0008134065879912916
1271607608693207042,negative,0.28337455898901065
1271607609196412929,negative,0.24339632402902336
1271607609548845058,negative,0.06267860474099735
1271607612166082561,negative,0.07416391067742945
1271607612535189509,negative,0.0030426891581729954
1271607613197869056,negative,0.0023864531750042895
1271607613663436800,negative,0.07408930857575648
1271607613915049984,negative,0.01741431888165114
1271607614397243392,negative,4.109694437843008e-06
1271607614627962881,negative,0.07492246987831469
1271607616385531904,negative,0.14285800135072432
1271607616507084805,neutral,0.45715098558588957
1271607616570097664,negative,0.012461089117349843
1271607616633032704,negative,0.023194172152940756
1271607616666550280,negative,0.19753827322328846
1271607617832521728,positive,0.7878984431607639
1271607617958354945,negative,0.00025521795545906155
1271607618147155968,neutral,0.4533875129928825
1271607618403000325,neutral,0.437369725752128
1271607618549755906,negative,2.2160030693828505e-09
1271607618591756290,neutral,0.653534366374974
1271607618868576256,neutral,0.3385252644667176
1271607618973253632,negative,0.04143428635665898
1271607620294660097,neutral,0.46127768308170247
1271607620344913922,negative,0.03204476675125208
1271607620584038404,negative,2.5614632076968442e-05
1271607620990914561,negative,0.00798617966158689
1271607621389291528,negative,0.005917207175242558
1271607621456465923,negative,0.0033248363906384338
1271607621523517440,negative,0.002485112346469607
1271607622094000128,negative,0.3185943730888575
1271607622622302209,negative,6.245586780471127e-08
1271607622723084288,negative,0.005571168276509316
1271607622735716355,negative,0.07390833416662942
1271607622995591169,negative,0.00022914088582834575
1271607624518287361,negative,0.19687652004424405
1271607624740503553,negative,0.2000429587474738
1271607624841248770,negative,0.0002833791535977362
1271607625201913856,negative,3.32257587951619e-05
1271607625596260352,negative,0.0005330289711396502
1271607626175000576,negative,0.00011791760518418482
1271607626334429185,positive,0.9983075352990961
1271607626934214656,negative,0.11854063220524225
1271607626992926721,negative,1.457237922013405e-07
1271607628762931200,negative,0.05290272634241225
1271607629060673538,negative,0.28222075455235174
1271607629106774018,positive,0.9183636713082419
1271607629362663424,negative,4.40937372909515e-05
1271607629396180994,negative,0.0014796661253154632
1271607631233368065,negative,0.0825886283591841
1271607631434702848,negative,0.0006086268616434255
1271607633049522178,negative,1.169791295733132e-06
1271607633150128129,negative,0.0001261375916477504
1271607633460461570,negative,0.03435517566230214
1271607634089689088,neutral,0.3888964145301077
1271607636044271617,negative,0.014114109364485783
1271607637264797696,negative,0.01719004681774222
1271607637503860736,negative,0.01741431888165114
1271607637646479360,negative,6.287286736910626e-06
1271607638032371714,negative,1.8066554511466122e-05
1271607638107852801,negative,0.0825886283591841
1271607638879547397,negative,1.8066554511466122e-05
1271607640016261122,negative,7.822368507814697e-07
1271607640175632385,negative,0.0002558508086955222
1271607641727537153,positive,0.8824757861350008
1271607641870077960,negative,7.707443613241162e-06
1271607641937252353,negative,6.098890110035832e-09
1271607641987416064,negative,1.8066554511466122e-05
1271607642994155520,negative,0.002402106420951482
1271607643459682304,negative,7.178974134898367e-06
1271607643568836614,negative,0.04251423792646359
1271607645674385408,negative,0.014310502985775625
1271607645879914496,negative,0.10211555869630044
1271607645930225667,negative,0.03519941193569037
1271607646341214209,negative,0.06656437044045363
1271607646475497474,negative,0.007904528295325884
1271607647251263489,negative,0.0019233929657328222
1271607647712804870,negative,0.22513179180885018
1271607648044097536,negative,0.050936863065929754
1271607649646325767,negative,1.9113426365218353e-06
1271607651319848961,negative,4.8349118708022894e-06
1271607651630268418,negative,1.060442443963043e-06
1271607651848380416,negative,0.018263572970062283
1271607653119205377,negative,0.09566708010186255
1271607653895155720,negative,0.08173756076037825
1271607654352330754,neutral,0.3381189830050101
1271607654389964801,negative,0.14412400130484818
1271607654616629249,negative,0.0023170344461177867
1271607655166021633,negative,0.02428248049254861
1271607655572869120,negative,0.0002430828876694409
1271607655665188864,negative,0.0099536958179938
1271607656252350464,negative,0.014683389588552323
1271607656587952128,neutral,0.41661895030617113
1271607658026618881,negative,0.006611344016850039
1271607658584424449,negative,0.0049024829505844945
1271607658647257090,negative,0.09765316638011631
1271607659054149632,neutral,0.4505321887460425
1271607659519709192,negative,0.2864145558920463
1271607659523985408,negative,0.0832616067651975
1271607659821699074,neutral,0.37137062280538924
1271607662346674177,negative,0.2015868149441682
1271607662371840000,negative,0.002395107361095619
1271607662669676546,negative,0.00012358293547957858
1271607662757765120,neutral,0.5306062126274756
1271607663269490693,negative,0.05407524571388609
1271607663672131585,negative,0.008763404314864706
1271607664045445120,negative,0.0032775605287930854
1271607664116527104,positive,0.6616482477766037
1271607664229801984,negative,0.0003576536741836477
1271607664330579968,negative,4.3876365453705465e-08
1271607664414527488,negative,0.0005598589423717584
1271607666582761473,negative,0.27069839133778073
1271607666775818241,negative,0.004177207747894189
1271607667186950145,negative,0.02428248049254861
1271607667270791169,negative,6.251130229497722e-06
1271607667430170625,negative,0.002268133967478269
1271607667476185090,neutral,0.4637873003373923
1271607667514060802,neutral,0.49789225920557484
1271607667946029056,negative,0.03917361887578451
1271607668143206401,negative,2.095347722321258e-06
1271607668268990465,negative,0.00019984109669266473
1271607668281655296,negative,0.0003576536741836477
1271607671418994689,negative,0.020216777985471078
1271607671746109443,neutral,0.6595155245213925
1271607675390963724,negative,0.0068154665196530125
1271607675462148096,negative,1.1240356101587028e-05
1271607675843903488,negative,0.038539190255196074
1271607676401782785,negative,0.000589657979535255
1271607676506705921,negative,0.00012421545336841437
1271607677223927809,negative,0.0077562207770218855
1271607677878251522,negative,0.008662462868170809
1271607679094591488,negative,0.00932747605811642
1271607679413256193,negative,0.028833460141031685
1271607679505575938,negative,0.00011791760518418482
1271607679555973122,neutral,0.5496678701602578
1271607679971139589,neutral,0.3381189830050101
1271607679979606016,positive,0.8824757861350008
1271607680315121670,negative,1.2264964905704066e-06
1271607680352890880,negative,0.002671403393780663
1271607680717774848,negative,0.018263572970062283
1271607680784793601,negative,0.008203132826013019
1271607681174900738,negative,0.004942550053069163
1271607681242009602,negative,0.005894416270567474
1271607681405591557,negative,0.00340503766493521
1271607682034733056,positive,0.9574527696778912
1271607683255283717,negative,0.0008853400931619051
1271607684425531392,negative,0.00012035958397278264
1271607685356515329,positive,0.9945394003258434
1271607685599735808,negative,0.019275600566481994
1271607685746753539,negative,0.10697750540444037
1271607686073704448,negative,1.2661155387315868e-05
1271607687411912706,negative,0.064748686295729
1271607688133214208,negative,0.0031380462099212607
1271607688246562818,negative,0.0832616067651975
1271607688250654724,negative,0.031880299151915294
1271607688464654336,negative,0.036287249267104416
1271607689760649217,negative,0.01552788654488999
1271607690133897217,negative,0.00157921824750368
1271607690142322695,negative,0.08088527887921566
1271607690360508422,negative,0.00012348685368194622
1271607691589357568,negative,0.16181369063462486
1271607691597606912,positive,0.6616482477766037
1271607691786498048,negative,0.07919915565776343
1271607692008792065,negative,0.0005358077387413497
1271607692168245248,negative,0.00035548602020651855
1271607692319174663,negative,0.0004719822691071304
1271607692520497153,negative,0.002671403393780663
1271607692688347136,negative,0.09632583051309793
1271607692885463045,negative,1.8066554511466122e-05
1271607692931596288,negative,0.00011791760518418482
1271607693283921920,negative,0.1735162678381825
1271607693401305089,negative,0.008822317665318881
1271607693665603585,negative,6.097322271423718e-09
1271607694185635840,negative,0.021478721682248736
1271607695813021697,negative,0.10643964607938076
1271607695926267904,negative,0.02485837199573893
1271607696165351424,negative,0.00016628924848785266
1271607696291225602,negative,0.00353871041738338
1271607696765210624,neutral,0.3385252644667176
1271607696861433856,negative,0.026028576436117123
1271607697054609409,negative,0.24190043021159235
1271607697763381248,negative,0.0001566092652849778
1271607699373948929,negative,3.989741608300387e-06
1271607700330352640,negative,0.02427760841764014
1271607700506492929,negative,0.24190043021159235
1271607700867203072,negative,0.0011066262152824098
1271607701009764352,negative,0.1462919561686419
1271607701597048838,negative,0.1683876859261627
1271607701886337030,neutral,0.4165309224258717
1271607702612033536,negative,0.0008132956777704911
1271607702939217920,positive,0.9007804071101414
1271607703329218562,neutral,0.3381189830050101
1271607703408795648,negative,0.15145952499096524
1271607704180547584,negative,0.034942692555418264
1271607704180711424,negative,0.00044216811314603285
1271607704243580929,negative,0.0685022392774745
1271607704969068544,negative,0.00016628924848785266
1271607706013622274,negative,0.03786368867470405
1271607706730758145,negative,0.007954934633077601
1271607706961481728,negative,0.00013600084088002853
1271607707167002624,negative,0.202493870235518
1271607707322253314,negative,0.015946341074103896
1271607709356433408,positive,0.7500377016963704
1271607709662658561,negative,0.06879279543168802
1271607709801086976,neutral,0.37137062280538924
1271607709977047040,negative,0.02734764205970332
1271607709985619968,negative,0.018466444544083464
1271607710157623301,negative,0.14308527386746261
1271607710606192640,positive,0.9694326708822146
1271607710786576385,neutral,0.34204090801782494
1271607710857871360,negative,0.16437877331818024
1271607711340335105,negative,0.015386386874891427
1271607712707743754,negative,0.31674133085712225
1271607712846090240,negative,0.0010338956440583513
1271607712875495424,negative,0.01991638529144152
1271607713282301952,negative,0.01879425341181135
1271607713559175168,negative,0.00016766702548506537
1271607713605263360,negative,1.8066554511466122e-05
1271607714691473410,negative,0.12239827232910852
1271607715148836865,negative,0.011098787436705426
1271607715224260608,neutral,0.35451443008515343
1271607715320737792,negative,0.14444456258043442
1271607716922953729,negative,0.017430157333356202
1271607716994260992,negative,0.10420434892544869
1271607717279514624,negative,0.001993324911613161
1271607717480804353,negative,0.001842031509920941
1271607717661159428,negative,0.0033309307955204214
1271607718000963584,negative,0.016527321395206927
1271607718395236352,negative,0.029390232212059084
1271607718852386817,negative,0.0005330289711396502
1271607718940479489,neutral,0.473964753344039
1271607718978162690,negative,0.00019984109669266473
1271607719162605568,negative,0.016158083106141023
1271607719259185153,negative,1.3084445335270075e-06
1271607719452172288,negative,1.209043322307741e-05
1271607719569522689,neutral,0.4425214217760938
1271607719657693186,negative,0.016393619886294203
1271607721259917314,negative,2.6437488720543037e-05
1271607721440301056,neutral,0.5388548909213534
1271607721532329984,negative,0.0023519586840437716
1271607721658388485,negative,0.0006252439437049471
1271607721666600966,positive,0.684687678208344
1271607721826156544,negative,0.11856651198901716
1271607721998065665,neutral,0.5844660558927414
1271607722782461952,negative,0.10968444715585364
1271607723013148672,negative,0.07843033526372054
1271607723205881856,negative,0.21618983523893978
1271607723243835393,negative,0.2486473130447939
1271607723256213504,negative,3.064329563765139e-05
1271607723344498690,negative,0.00016628924848785266
1271607723617107968,negative,0.03786368867470405
1271607725131210752,negative,0.014991899094609436
1271607725378723847,negative,0.059421694465950324
1271607725391298565,negative,0.012448012705658798
1271607725785583617,negative,0.18854684553251258
1271607726054035458,negative,0.00034758395362281526
1271607726062350336,negative,0.00016628924848785266
1271607726217416704,neutral,0.34117024056417766
1271607726448300033,negative,0.19819772738772282
1271607727052251143,negative,0.02726799159945002
1271607728847425542,negative,0.11186683064831432
1271607729476349953,negative,0.19563760923581308
1271607729757417476,negative,0.16714054917278034
1271607730063773702,negative,1.176706131424099e-05
1271607730743259136,negative,0.14385489589323358
1271607730919391233,negative,0.03772461755890129
1271607731280109571,negative,0.037923919074804614
1271607731678588928,negative,0.013265831157646643
1271607731732922369,negative,0.001842031509920941
1271607731871526917,neutral,0.3721923770120492
1271607733108854784,negative,0.11242491616193699
1271607733570211840,neutral,0.43101962089316714
1271607733750583296,negative,0.10733214151826027
1271607733876383745,negative,0.0001099568741859968
1271607734354542593,negative,0.00013380190819082448
1271607734916562945,negative,0.009502624938088483
1271607735050817537,negative,3.6257392382155806e-08
1271607735122083848,negative,0.2777799324000466
1271607735436447744,negative,0.17084956620039515
1271607735654678531,negative,0.003978156390246386
1271607736011296769,negative,0.0049024829505844945
1271607736061571072,negative,0.0013876501219581817
1271607737886138368,negative,0.03794618911638615
1271607737928028160,negative,0.3040949491800166
1271607738255257601,negative,0.003028474746213394
1271607739224076288,negative,0.018231076434766017
1271607739597426689,negative,0.10211194387348924
1271607739618258950,negative,0.03100219172949503
1271607739819663364,positive,0.684687678208344
1271607740549472258,negative,0.0008320276783906353
1271607741036068864,negative,7.2884477388465e-05
1271607741954564102,negative,1.7765734646278464e-06
1271607742524985345,negative,0.015697952340961496
1271607742562795520,negative,0.0008023053033958973
1271607742856335362,negative,0.01719004681774222
1271607742898352128,negative,6.664892158529211e-06
1271607743133085696,positive,0.9999999906320625
1271607744190124034,negative,0.0014534938976559968
1271607744408309760,neutral,0.5710211662525364
1271607744559288320,negative,3.38352351609071e-08
1271607744697700352,negative,0.1720767428995029
1271607746593460224,negative,0.05313412123691785
1271607746840997889,neutral,0.3381189830050101
1271607747239346176,negative,0.15894838135266348
1271607747298156547,negative,1.5570027010574494e-05
1271607747692441600,negative,6.906582129691416e-07
1271607747709001728,negative,0.0008836000186417134
1271607747872796674,negative,0.09528058865849887
1271607747897933825,neutral,0.3582711781749802
1271607748392824832,positive,0.668391973541089
1271607748543815686,negative,0.0049682436035739875
1271607748954918914,negative,0.059421694465950324
1271607749303054339,negative,0.03794618911638615
1271607749504307200,negative,0.00023882966192448517
1271607749537906690,neutral,0.4673421615500572
1271607749621800960,negative,0.00016628924848785266
1271607750317965312,negative,0.007012448520741336
1271607750359908354,negative,0.04504536570608191
1271607750724923398,negative,1.4282680352932503e-05
1271607750792019969,negative,0.04529331547429356
1271607751077232640,negative,0.00020385062827719643
1271607751320403968,positive,0.9082584847535331
1271607752910045184,negative,0.02875915327635028
1271607753149120512,negative,0.0007809020524228805
1271607754457853952,negative,0.13301487802794315
1271607754650763266,negative,0.13666746933319543
1271607755292450817,negative,0.01552788654488999
1271607755347038215,negative,0.013265831157646643
1271607755409948673,negative,0.0832616067651975
1271607755661553673,neutral,0.437369725752128
1271607755716132865,negative,2.498475528079595e-11
1271607755854548992,negative,4.925491429415396e-05
1271607756613615616,negative,0.005518231794479473
1271607756714369024,negative,0.09749915278724053
1271607756840218625,negative,0.00021069512135290784
1271607757028892672,negative,0.1364063100868809
1271607757146411012,negative,0.18285022876567553
1271607758715064322,neutral,0.5100484645188305
1271607759520198657,neutral,0.553802389001294
1271607759864303618,negative,0.003942427204658983
1271607760212418560,neutral,0.35260928573316896
1271607760631803904,positive,0.9615673433593547
1271607760875028480,negative,0.12638575508756936
1271607761265201152,negative,4.3861803982592885e-09
1271607761399361538,neutral,0.3720396856939469
1271607763819511813,negative,0.00028269559465636334
1271607764620652547,negative,0.00027585667296755586
1271607765144702982,negative,0.0002558508086955222
1271607765773975553,negative,0.001842031509920941
1271607767225323522,negative,0.0008659915864473554
1271607767313219584,negative,0.25147697806628566
1271607768433274880,negative,0.03416143747831388
1271607768580046850,negative,0.31732489718339985
1271607769016262663,negative,0.03794618911638615
1271607769582493696,negative,0.28286128465373983
1271607769699962880,negative,0.04584128722012484
1271607771297767425,negative,0.0013253152562373864
1271607771675279361,negative,1.8066554511466122e-05
1271607771755155458,negative,0.05573004273764708
1271607772027772929,negative,0.3275068838229145
1271607772275245057,negative,0.007892749859270635
1271607772858191874,negative,0.0017936061701156409
1271607773332004865,negative,0.2076559053117412
1271607773483106305,negative,0.023377786953838173
1271607773739061250,negative,0.1258172326290387
1271607773894230016,negative,0.00010338679440685032
1271607774183448582,negative,0.0762907951563658
1271607775081066502,negative,0.0063698643765083655
1271607775521411073,negative,0.0031380462099212607
1271607775655858176,negative,0.135317741356158
1271607775706128384,negative,1.5382141538821555e-06
1271607775924236289,positive,0.9510571618716318
1271607776913981441,negative,0.0825886283591841
1271607777190764544,neutral,0.49789225920557484
1271607777291534338,negative,0.09632583051309793
1271607777924919297,negative,0.0010544497805837873
1271607778109464576,positive,0.684687678208344
1271607778113708033,negative,0.1256518955108437
1271607779673989120,negative,0.01552788654488999
1271607780105953287,negative,4.40937372909515e-05
1271607780923883526,negative,0.00016628924848785266
1271607780965617665,neutral,0.6273227045535843
1271607780991021056,negative,0.13223660272479967
1271607781037146121,negative,0.05670946645000067
1271607781049630723,negative,0.006759802676185766
1271607781854973953,negative,0.003645142796826916
1271607782777729024,neutral,0.3996580091506196
1271607783213932544,negative,0.28942909895720287
1271607783411023878,negative,4.174804265929342e-05
1271607783675301890,negative,5.55367047553674e-06
1271607783784353792,neutral,0.38206843311007627
1271607783885021185,negative,0.055024960286419386
1271607784375824384,negative,0.00019984109669266473
1271607784489062400,neutral,0.3381189830050101
1271607784950374400,negative,0.008359996569711365
1271607785239851011,negative,4.40937372909515e-05
1271607785357262848,negative,3.3223479639076364e-05
1271607785705345025,positive,0.9999111310530924
1271607787026616321,negative,0.03979066150650768
1271607787915743238,negative,2.5596142971319136e-06
1271607788112879616,negative,0.015087360862365647
1271607788494630914,negative,3.4527843218665698e-12
1271607789647884288,negative,6.898181232754515e-05
1271607789694210048,negative,5.5715646012312354e-05
1271607789886926848,negative,0.0005115273570263362
1271607790503694336,neutral,0.437369725752128
1271607790788804608,negative,0.00016628924848785266
1271607790977593344,neutral,0.36152360387721993
1271607791137013760,negative,0.0825886283591841
1271607792676286464,negative,0.006635199647124439
1271607793263443968,negative,0.002886944683696644
1271607793666097152,negative,0.07878532044085078
1271607794190315523,negative,0.12239827232910852
1271607794266001408,negative,0.249454777489987
1271607794454736898,negative,7.236773637704521e-08
1271607794584768514,positive,0.7878984431607639
1271607794928672768,negative,0.04258011744510042
1271607796426031105,negative,0.16173137033392473
1271607796627193857,neutral,0.42191422235854953
1271607796757336070,negative,4.306354617242347e-05
1271607796858060800,negative,0.0014085018742596908
1271607797113905152,negative,0.0022396565939442623
1271607797424234497,negative,0.004902285523916794
1271607798028214273,neutral,0.3381189830050101
1271607798149906432,negative,0.2396621911436798
1271607798284144641,negative,0.026469258198538563
1271607798456033281,positive,0.684687678208344
1271607798858686464,negative,0.009272739832239805
1271607798896431104,negative,0.00016628924848785266
1271607801996083200,negative,0.02485837199573893
1271607802281308162,neutral,0.5230447700401869
1271607802310557696,negative,0.00016628924848785266
1271607802352545794,negative,0.005894416270567474
1271607802360930305,negative,0.12188755676841584
1271607802910388224,negative,0.002860690853247869
1271607803023687680,negative,0.059889250246088856
1271607803103322113,negative,1.56260701404286e-05
1271607803245969409,negative,0.027565523875858356
1271607803573088256,neutral,0.43335719287083785
1271607804843999232,negative,1.557568054853505e-05
1271607805733036032,negative,0.007363558616009477
1271607805741580288,negative,0.00019984109669266473
1271607805770858496,negative,0.11782606818104656
1271607805880008705,negative,2.452056000868214e-05
1271607807033344001,negative,0.2862692039324887
1271607809105375232,negative,0.00016628924848785266
1271607809428410369,negative,2.350041561430632e-06
1271607809436798980,negative,1.67824124727267e-05
1271607810061721604,negative,0.3030326019878415
1271607810221056001,negative,4.40937372909515e-05
1271607811152195585,negative,0.007904528295325884
1271607811181629442,negative,3.0503489605003837e-05
1271607812058222593,neutral,0.41781860539170623
1271607812460883969,negative,0.04898690450569815
1271607813224177665,negative,0.029459991800648205
1271607813878448138,negative,0.005211584107610013
1271607814813888512,negative,0.0002081416385594838
1271607815828897799,negative,0.09901705703503477
1271607817863118848,negative,0.0912201351449122
1271607819276636161,negative,0.2820386637943614
1271607819800727552,negative,0.019846537309922908
1271607820727787520,negative,0.026328357914081352
1271607822149656577,negative,0.002671403393780663
1271607823487639554,negative,0.0029802930630058945
1271607823894482946,negative,0.00019561203745586765
1271607825681301504,negative,7.910403912028935e-10
1271607826331217920,neutral,0.36052601620181324
1271607827644051457,negative,0.0022240033182757113
1271607829963714561,negative,0.00304662946130001
1271607831624589314,negative,2.626712714687293e-08
1271607832627032064,negative,0.0005351132759893319
1271607832681631744,positive,0.9615673433593547
1271607832949993472,negative,0.21870709429963361
1271607832979410944,negative,1.8066540501241874e-05
1271607835001065472,negative,0.12470830858519744
1271607835063914496,negative,0.008719171186861859
1271607835634401280,neutral,0.3381189830050101
1271607838662709248,negative,0.09579518241588308
1271607838960386054,negative,3.072815189691473e-09
1271607839094603776,negative,0.02085235422351936
1271607839094714369,negative,0.059421694465950324
1271607839199571976,negative,0.015386386874891427
1271607840038420481,negative,0.00016628924848785266
1271607840503824385,neutral,0.3348010794205169
1271607842668187650,neutral,0.5063531925391163
1271607842785681409,neutral,0.437369725752128
1271607844106899456,negative,0.014592387966216947
1271607844908011520,negative,0.19343119447946558
1271607846791254016,negative,0.029160432015274185
1271607847311355905,negative,1.176706131424099e-05
1271607847588151297,negative,0.2000429587474738
1271607847781048320,negative,0.29761571709333384
1271607849215569921,negative,1.5739274111062045e-06
1271607851060998145,negative,6.898181232754515e-05
1271607851417587712,negative,0.2210566050778413
1271607851652452352,negative,0.0049024829505844945
1271607852986175498,neutral,0.4737554465528978
1271607853053288448,positive,0.8974092223087392
1271607855238524934,neutral,0.553802389001294
1271607855381176323,negative,0.09632583051309793
1271607856035495936,negative,0.020542730230748752
1271607856165457922,neutral,0.3725458233667465
1271607857163583489,negative,0.00013381649184651212
1271607857662869504,negative,1.8066554511466122e-05
1271607858048782337,negative,0.02485837199573893
1271607861580357637,negative,0.03183119796134849
1271607861810835456,neutral,0.49789225920557484
1271607863539052552,neutral,0.3381189830050101
1271607863543283716,negative,0.0019003617336981265
1271607863924805633,negative,1.8066554511466122e-05
1271607864797388800,neutral,0.3499352441185855
1271607865774661632,negative,1.2296254167430368e-07
1271607865837604875,negative,0.0176519313509228
1271607869201362944,negative,0.06312645625547049
1271607871655096321,negative,0.0049024829505844945
1271607872917561346,negative,0.0005351132759893319
1271607873643126785,negative,0.06767944512954789
1271607874217807878,negative,0.13833309762488608
1271607876277153793,negative,0.0013358908189990304
1271607876675665926,neutral,0.37137062280538924
1271607876839190537,negative,0.01298509591667729
1271607877459992578,negative,0.0832616067651975
1271607877820657664,neutral,0.5911194909683506
1271607878068002816,negative,0.016457573627811403
1271607881163563008,negative,0.0029603755942041385
1271607881490501632,negative,0.02824035610062846
1271607881767563266,negative,7.34085919362028e-06
1271607885496307713,negative,4.40937372909515e-05
1271607885634719744,negative,0.00017790270672818597
1271607886435794944,negative,0.2013198904030459
1271607889447104513,negative,1.8066554511466122e-05
1271607890030329857,negative,0.03519941193569037
1271607890109968385,negative,0.012676502386934916
1271607891536076800,negative,0.0049024829505844945
1271607893289316353,negative,0.18884248391470657
1271607894400737280,negative,0.10468083000665482
1271607897395531776,negative,0.03519941193569037
1271607897571631104,negative,2.200843705821915e-07
1271607897806516225,positive,0.7878984431607639
1271607897911439361,negative,0.02474038220294332
1271607898955829248,negative,0.009459850596007527
1271607901954748417,negative,0.0032572768255207133
1271607902365720576,negative,0.005452367939963074
1271607902873300998,negative,6.547150004312279e-07
1271607903837921283,negative,0.1368202254613191
1271607904341307403,negative,0.19857732199704528
1271607904630693889,negative,0.011514187605801024
1271607904949489664,neutral,0.4312483588219366
1271607905196945410,negative,0.17553924241747834
1271607906471903232,negative,0.24289795294153263
1271607906610413571,positive,0.9992709220435428
1271607906610434050,negative,0.0709131445650569
1271607906862010369,negative,0.03416143747831388
1271607908090986496,neutral,0.34117024056417766
1271607908321632256,negative,0.00033777355552436797
1271607910045323264,negative,0.031977599624847974
1271607910917963776,negative,0.09901705703503477
1271607911316443137,negative,0.02374125613834837
1271607914239836162,negative,0.0002558508086955222
1271607914369699840,negative,0.2234587016537679
1271607915154149377,negative,0.00013380190819082448
1271607915825246209,neutral,0.43058762746616297
1271607915925864456,negative,0.008449813496367274
1271607916035014656,negative,6.113368402411272e-06
1271607916261511168,neutral,0.437369725752128
1271607916735483906,neutral,0.4737554465528978
1271607917008097282,negative,1.8066554511466122e-05
1271607918761250821,negative,0.025986013737638435
1271607918765506562,negative,0.2724388926224287
1271607918836645888,negative,0.1952814587246654
1271607919373619200,negative,0.001842031509920941
1271607919394594816,negative,0.00019984109669266473
1271607919537258496,negative,0.03924799829766927
1271607919822372864,negative,4.40937372909515e-05
1271607920606789632,negative,0.018381867668384025
1271607922334871552,negative,0.0049024829505844945
1271607922376806400,positive,0.9954358158977953
1271607922926260224,negative,0.05645091320842756
1271607922976571392,positive,0.9338531583458919
1271607923358261252,negative,7.236773637704521e-08
1271607923572162561,negative,0.0005358077387413497
1271607923672788994,negative,0.011774230617248985
1271607923681173514,negative,0.2208455381299553
1271607923966447616,positive,0.9971599453449101
1271607926784962571,negative,0.03418213087450025
1271607926961197056,negative,0.2819935936312681
1271607927900692480,negative,0.08616619118794791
1271607928303296512,negative,0.04529331547429356
1271607931130327040,negative,0.0003495167594397269
1271607931994243072,negative,0.008203132826013019
1271607931994333185,negative,0.14403442453884338
1271607932036304896,negative,0.185757580820247
1271607932925423617,negative,0.0004465695326249078
1271607933244039169,negative,0.02154187330171401
1271607933256830978,neutral,0.5505550505941735
1271607935303651328,negative,0.0832616067651975
1271607935379087360,neutral,0.5799295279393276
1271607935739838464,negative,0.08860871433772777
1271607937262407680,negative,0.12227762356369955
1271607937526620160,negative,0.0022813267544280606
1271607939447631872,negative,0.0032572768255207133
1271607939837628416,negative,0.03896222046903292
1271607939841830919,negative,0.3047417248466973
1271607939917373440,negative,8.533047907544956e-05
1271607941540581379,negative,0.010272461449272522
1271607941909696512,negative,0.25318237069832455
1271607941947437057,neutral,0.37137062280538924
1271607943390048256,negative,0.03002850738116171
1271607943704842240,positive,0.79711965298778
1271607943868362752,negative,0.17553924241747834
1271607944405061632,negative,0.0003576536741836477
1271607944606560262,negative,0.060977394315009786
1271607944916983809,negative,0.07668147300930846
1271607945881583616,negative,0.0005358077387413497
1271607946070446081,negative,0.3040949491800166
1271607946154213376,positive,0.9612544365152835
1271607947592859649,negative,0.03761886360589996
1271607948134043654,negative,0.0034358452519303185
1271607948234706944,negative,0.03418266711195334
1271607948272336896,negative,0.03416143747831388
1271607948566048768,negative,9.932549394720972e-08
1271607948691804161,negative,0.08002465081650481
1271607948691877888,neutral,0.437369725752128
1271607948926758912,negative,0.01719004681774222
1271607949006430209,negative,0.011703220097117726
1271607949438443521,negative,0.010272461449272522
1271607951640444928,neutral,0.3381189830050101
1271607951862751238,negative,0.08914272029432306
1271607952349241356,negative,0.020985670651917962
1271607953087434752,negative,5.008513535851009e-06
1271607953158737920,negative,0.018488602296359454
1271607953339101185,negative,0.058213228590035325
1271607953829879812,negative,0.0005664754589600321
1271607953951522817,negative,4.990364165483673e-09
1271607953959903233,negative,0.04509615620829587
1271607954031226880,negative,0.004077199090876045
1271607954190618624,neutral,0.437369725752128
1271607957265014785,negative,0.3040949491800166
1271607957868945411,neutral,0.604852637200713
1271607958351175680,neutral,0.37137062280538924
1271607958498152451,negative,1.8066554511466122e-05
1271607960196788224,negative,0.3007270370714989
1271607960200937472,negative,0.10538210580616462
1271607960410763264,negative,0.018488602296359454
1271607961127997441,neutral,0.5088040958032037
1271607961161478144,neutral,0.3381189830050101
1271607962281349123,negative,0.0015286532904261786
1271607962570641408,negative,0.1336336348513645
1271607962939936769,negative,0.00011341912160628809
1271607963019550721,negative,0.05589297931314354
1271607963149414400,positive,0.9622164735345696
1271607963292229637,neutral,0.35451443008515343
1271607964512780293,negative,9.819752313967723e-06
1271607964621770755,positive,0.9713455084282997
1271607965083205632,negative,9.11530616152658e-07
1271607965255192576,neutral,0.3381189830050101
1271607965771014145,negative,0.0030953601386427988
1271607966035333121,negative,0.0049024829505844945
1271607966056275968,negative,0.03772461755890129
1271607966228250631,negative,0.0006510602639626416
1271607966354100225,negative,0.08278592923710822
1271607967205388289,negative,0.001842031509920941
1271607968971108352,negative,6.236105015602125e-07
1271607969168461824,negative,0.00014840749909568357
1271607969403342848,negative,0.025986013737638435
1271607970049282048,positive,0.9077372307601291
1271607970401366016,negative,0.1350461160282743
1271607970477101058,negative,0.08308784159107432
1271607970531401728,neutral,0.34503062106406457
1271607970602921984,negative,0.3269316682454237
1271607970682540033,neutral,0.6234049249685203
1271607970749730818,negative,0.0027808698149584888
1271607971034824706,negative,0.007976924045193396
1271607971068297216,negative,0.025667753840381006
1271607971185713152,negative,0.0003576536741836477
1271607971190059008,negative,0.00019984109669266473
1271607971986968578,negative,0.0036129992716970112
1271607972892991490,neutral,0.5533970533999424
1271607972972695552,negative,0.026848168763094787
1271607973568303104,negative,0.0780118054391583
1271607973614215168,negative,0.055345900946705044
1271607973773795328,negative,0.0001099568741859968
1271607973899616261,neutral,0.6234049249685203
1271607973907963906,negative,0.004716419951002206
1271607973970837504,negative,0.038539190255196074
1271607974054723586,negative,0.16024675113151934
1271607974151233536,negative,0.0049024829505844945
1271607974499438593,negative,0.08450582712108895
1271607974721658882,negative,0.31324943800111776
1271607974839169026,negative,0.0018961459064252156
1271607976978198533,neutral,0.3381189830050101
1271607977041104897,negative,0.11351613628387963
1271607977494142976,positive,0.8601459272076534
1271607977586438144,negative,0.00027540012829884526
1271607977905131520,negative,4.40937372909515e-05
1271607978052005888,negative,0.018231076434766017
1271607978265686017,negative,0.0011476103271417274
1271607978706296832,negative,1.360019686077198e-08
1271607981273161729,negative,6.547150004312279e-07
1271607981403189250,negative,4.40937372909515e-05
1271607981818462210,negative,0.0010033410433637482
1271607982602756096,neutral,0.372248466010449
1271607982858612736,negative,0.0642211715050016
1271607982980120576,negative,0.01552788654488999
1271607983630319616,negative,0.03840564920058137
1271607985396203520,negative,0.05610309040052827
1271607985442377738,negative,0.1731746784572899
1271607985715007491,negative,0.0510672148070735
1271607985874391044,negative,0.0029222022920998556
1271607986289549313,positive,0.9788305735208267
1271607986369236992,negative,0.04512017296824241
1271607986759368705,negative,0.0024243095112091106
1271607987195523073,neutral,0.4324318813848978
1271607989774974976,negative,0.03180962742221007
1271607990475460608,negative,0.0019708827189957507
1271607990769115141,negative,2.247260680282803e-05
1271607990982979584,negative,0.001346819439832122
1271607991821713409,negative,0.0947528838866194
1271607992077574145,negative,0.29761571709333384
1271607992350322688,negative,0.19125584716637198
1271607993075892224,negative,0.0001592856806255156
1271607994061590528,neutral,0.52589880289608
1271607994258804736,negative,2.339885318649441e-05
1271607994615136256,negative,0.04251423792646359
1271607995466747905,negative,6.83999561647646e-06
1271607995479265280,negative,1.56260701404286e-05
1271607998029406216,positive,0.7469519386785671
1271607998121684992,negative,0.11375875692478003
1271607999954550784,negative,0.02374125613834837
1271608000453771265,negative,4.40937372909515e-05
1271608002823327744,negative,0.3025259078261516
1271608003733700608,negative,0.0832616067651975
1271608004178296832,negative,2.010048050496408e-06
1271608004539015169,neutral,0.4513605618894927
1271608006510284800,negative,0.15797133755319195
1271608006913003523,negative,7.873690627731737e-05
1271608006942359552,negative,0.24190043021159235
1271608007172993030,negative,0.01719004681774222
1271608007273648129,neutral,0.49789225920557484
1271608007344914432,negative,0.0033309307955204214
1271608007537963008,negative,0.059196645682587
1271608007873495041,negative,0.00027585667296755586
1271608010830381066,negative,0.05620571572289885
1271608012382384128,negative,0.0099536958179938
1271608012482871296,negative,0.00013600084088002853
1271608012785025033,negative,0.026469258198538563
1271608016627011584,neutral,0.437369725752128
1271608016643805184,negative,0.0014796661253154632
1271608017298087936,negative,0.23400788063969535
1271608017386078210,positive,0.8354453140636424
1271608017486823425,negative,0.13092765494536635
1271608018757537793,negative,0.0004872549597563688
1271608019046920193,negative,0.01705853849946435
1271608019131019264,negative,0.020738948306377236
1271608019277635584,negative,0.015832748593574853
1271608019877593089,negative,0.0010080104902374545
1271608020057948161,positive,0.838736027921027
1271608020443762688,negative,1.1215213181122477e-07
1271608020733173762,negative,0.012676502386934916
1271608020900941825,negative,6.547150004312279e-07
1271608024453591040,negative,0.11375875692478003
1271608024508096513,negative,0.024573085558803692
1271608024516513793,negative,0.09470656799793327
1271608026420645888,negative,0.002418228708076309
1271608027838402560,negative,0.018231076434766017
1271608028337446913,negative,0.002314278996346799
1271608028639506432,negative,6.547150004312279e-07
1271608028786126848,negative,0.013344016702077495
1271608029641936896,negative,0.29761571709333384
1271608030149390336,negative,0.16384019267309888
1271608031294472192,positive,0.9856339366098104
1271608031751606274,negative,0.022239639193932088
1271608033567813633,negative,1.8066554511466122e-05
1271608033886507009,negative,0.011767763688193359
1271608034381479936,negative,0.002418228708076309
1271608037715968000,negative,0.09038507580680345
1271608038017978372,negative,0.027565523875858356
1271608038126948352,negative,0.00461785976165046
1271608040740061184,negative,0.029978740756236206
1271608041239166977,negative,0.021619880930932842
1271608041834786816,negative,0.00039359739718236483
1271608041905860608,negative,0.0006517178094656676
1271608042052706304,negative,0.07899020586992525
1271608042191282178,negative,0.002671403393780663
1271608045177577472,negative,0.007122466379509052
1271608048864370688,negative,7.766594696915051e-05
1271608049493594118,negative,0.0380665861662506
1271608050491719682,negative,0.21870709429963361
1271608052572184576,negative,0.005477316271386722
1271608052899368962,negative,0.006556084386778741
1271608053289320455,negative,0.0005351132759893319
1271608053385887745,negative,0.12684266648284373
1271608054065385472,negative,0.2522817600246395
1271608054568685568,negative,0.11162762197975168
1271608054920949760,negative,5.047023933043112e-06
1271608055004672000,negative,0.0049024829505844945
1271608055101378561,negative,0.012676502386934916
1271608055113961472,negative,0.0022240033182757113
1271608056657391616,negative,0.0040128857269110035
1271608056686628865,negative,0.0176519313509228
1271608057047351296,neutral,0.46127768308170247
1271608057244549121,negative,0.16024675113151934
1271608058171412480,negative,0.0023170344461177867
1271608062122450944,negative,0.03803681835558493
1271608062906896386,negative,0.05153265035499715
1271608063552704512,negative,0.22877509001993804
1271608063603113985,negative,0.012676502386934916
1271608063963922438,negative,0.00041190438668821085
1271608065767415809,negative,0.007032605876039598
1271608065914175489,negative,0.3025466160204708
1271608066178519041,negative,0.05817995923428874
1271608067143151617,neutral,0.458452529704962
1271608067273220096,negative,0.2367857765170704
1271608067575201793,neutral,0.5528584609162418
1271608069852672002,negative,1.576272421787212e-07
1271608069877891073,negative,6.682282336557367e-07
1271608070049861633,negative,0.029459991800648205
1271608070939049985,negative,0.11330392519685359
1271608071379443712,negative,0.004304179935250414
1271608072394420229,negative,0.0019660331236129296
1271608072574771201,neutral,0.3403391890910929
1271608073703116811,negative,2.362016171542883e-05
1271608073887645697,negative,7.2884477388465e-05
1271608075854794752,neutral,0.6508296860713119
1271608076341215232,negative,0.010918320349130326
1271608076429213697,neutral,0.34117024056417766
1271608077821915136,negative,0.009272739832239805
1271608078388125701,negative,0.005469603659502378
1271608078891454466,positive,0.7892192136942436
1271608083769425920,neutral,0.4737554465528978
1271608084088193026,neutral,0.437369725752128
1271608085916852224,negative,0.0012359037580937722
1271608086579601408,neutral,0.49789225920557484
1271608086638112768,neutral,0.4555733802917416
1271608087275802624,neutral,0.3725458233667465
1271608087468703744,negative,0.05817995923428874
1271608087741452288,negative,0.28112816092110127
1271608090778091527,negative,0.09408124876512612
1271608090991955976,negative,0.3275068838229145
1271608092090863616,negative,0.15109238146263732
1271608092195794944,negative,0.0176519313509228
1271608092279660544,negative,4.6362136650036224e-05
1271608092749377538,negative,0.00015194828200427033
1271608092858474496,positive,0.7763618468361643
1271608094770987008,negative,0.051158269541033044
1271608094859108356,negative,0.19552563706121598
1271608096729763840,negative,4.802427220079499e-05
1271608097421905920,negative,0.29761571709333384
1271608098705326082,negative,0.030346777880785502
1271608098814296064,negative,0.0014796661253154632
1271608099992977413,negative,0.0736103493337944
1271608100278210568,negative,4.174804265929342e-05
1271608100433297408,negative,0.04925278691943705
1271608101008007168,negative,6.113368402411272e-06
1271608101502742528,negative,1.6255498757368133e-07
1271608101666385921,negative,7.332315852747983e-05
1271608101725024256,negative,0.10499275426788209
1271608101972488192,negative,0.06138095024089372
1271608101989494786,negative,0.002395107361095619
1271608102736080899,negative,0.03840564920058137
1271608103813947394,negative,0.0005330289711396502
1271608104560594945,neutral,0.5230753842821284
1271608104581554178,neutral,0.3381189830050101
1271608104682225664,negative,0.03840564920058137
1271608105269248001,negative,0.002929482284074155
1271608105990852609,negative,0.0024210352665125015
1271608106166956035,negative,0.0014021566445390097
1271608107311992832,negative,0.0007778682441031111
1271608107404349441,negative,0.308199125160694
1271608107727192064,negative,0.011337179049890338
1271608107764981760,negative,0.04554128890816777
1271608108083789824,negative,0.017190274650207574
1271608108549197824,negative,0.26160034825332407
1271608108784259073,negative,7.687945830938876e-07
1271608111690928128,negative,0.0016597852258889818
1271608112018075653,negative,0.00016100482880607227
1271608112127057920,neutral,0.43161563527106483
1271608112408125441,negative,2.247260680282803e-05
1271608112936480769,negative,0.00013380190819082448
1271608113985191936,negative,0.2522817600246395
1271608114039717889,negative,4.40937372909515e-05
1271608114069090304,negative,0.06756897342989703
1271608114077409280,negative,0.0002558508086955222
1271608115281235970,negative,0.033163625454333524
1271608115662852096,negative,0.030410378867170552
1271608115784560640,negative,0.01552788654488999
1271608115985879040,negative,0.0001859079397160621
1271608116845645824,negative,0.21921412548362115
1271608116900134913,negative,0.03840564920058137
1271608117026066432,negative,0.012441685706526245
1271608120830287874,negative,0.014592387966216947
1271608120972886016,negative,0.013063983496265145
1271608121224507392,negative,0.059902362004136386
1271608121551699970,negative,0.0005351132759893319
1271608121648123905,negative,6.228718606594695e-07
1271608121895653376,negative,5.598507106464836e-07
1271608123862798341,negative,1.7622097106287195e-07
1271608123879456769,negative,0.007382977875575236
1271608124068237312,neutral,0.4097360213275736
1271608124106047488,negative,0.1628976482749928
1271608124449763328,negative,0.01719004681774222
1271608124978364422,negative,0.01741431888165114
1271608125653766146,negative,0.21049803618568497
1271608127121743875,negative,0.0030953601386427988
1271608128040247297,negative,0.045332948077669646
1271608129533415424,negative,0.012676502386934916
1271608129567031297,negative,0.062096723712628664
1271608129587904513,negative,0.059253725748064805
1271608129608994816,negative,0.14237112598726331
1271608129680269320,negative,0.0017250342912934725
1271608130120581121,negative,7.236773637704521e-08
1271608130439389195,negative,0.011703220097117726
1271608132033183744,negative,0.0002558508086955222
1271608133081862144,negative,0.31112750843044895
1271608133241233408,negative,0.10777138388523605
1271608133396230144,negative,7.236773637704521e-08
1271608136185626627,negative,0.002395107361095619
1271608136244375558,negative,0.019233722669908446
1271608136391065600,negative,0.03180962742221007
1271608136491819008,negative,0.01552788654488999
1271608136693157889,neutral,0.3381189830050101
1271608137003536384,negative,0.0049024829505844945
1271608137246748673,negative,0.3040949491800166
1271608137355792390,negative,0.2056750182681465
1271608138136006658,negative,0.03180962742221007
1271608138534436865,negative,7.155758157274232e-06
1271608138618286081,neutral,0.437369725752128
1271608140228853760,negative,5.742145873981763e-06
1271608140551905280,neutral,0.41491000612003814
1271608140891656193,negative,3.331243360109337e-05
1271608141512351744,negative,0.023851596854133114
1271608141516607488,negative,0.28112816092110127
1271608141650649094,neutral,0.3996580091506196
1271608141843701767,neutral,0.3381189830050101
1271608142355402758,negative,0.18693584956905138
1271608142476922881,negative,0.13014207095243102
1271608142552539137,negative,0.05432537938909639
1271608143110438912,neutral,0.35451443008515343
1271608144809152514,negative,0.0389694560868541
1271608144851021827,negative,0.0033309307955204214
1271608144934903824,positive,0.7878984431607639
1271608145153069057,negative,0.09038507580680345
1271608145585016832,negative,0.014992671086619485
1271608146096685059,negative,0.00105507142652821
1271608146260361217,neutral,0.34638483729906117
1271608148873424898,negative,0.020941058608342028
1271608149217120257,negative,3.0373461343041953e-05
1271608150018449410,negative,7.369976557332128e-05
1271608151033499653,negative,0.28112816092110127
1271608151230431233,negative,0.002907180435720587
1271608152736366592,neutral,0.43555359722578285
1271608152946085889,negative,8.420584707656355e-08
1271608152954490881,negative,0.002395107361095619
1271608153264848896,negative,0.16024675113151934
1271608153906401280,negative,0.011703220097117726
1271608154535743495,negative,2.010048050496408e-06
1271608154783186949,negative,0.030376491298936097
1271608154875445248,negative,0.05610309040052827
1271608155416539142,neutral,0.5071534961906664
1271608155424915456,negative,7.896655954576735e-05
1271608157270347776,negative,0.0005351132759893319
1271608157333270533,neutral,0.34117024056417766
1271608157568217088,neutral,0.5533970533999424
1271608157580787714,negative,0.2446719785998273
1271608158117642240,negative,0.00019984109669266473
1271608159807954952,negative,1.7926145335462156e-08
1271608160386600961,negative,0.04251423792646359
1271608160655204352,negative,0.015042823667280525
1271608161460531200,negative,0.001842031509920941
1271608161783427075,negative,0.002469864334713371
1271608162026762240,negative,0.0013327655293858542
1271608162098044930,negative,0.25318237069832455
1271608163217915909,negative,0.0003576536741836477
1271608164249563136,negative,0.009199233939556099
1271608164929228801,negative,0.00039359739718236483
1271608165637992448,neutral,0.33758533303423804
1271608165856051201,negative,0.02515588357696957
1271608166153945094,negative,0.02567083373024202
1271608166325911553,positive,0.875400507010502
1271608166560776197,negative,0.00020756344422891168
1271608166837620745,negative,0.00017790270672818597
1271608166946611203,negative,0.060490407011491755
1271608167185727488,positive,0.9012406121917883
1271608167659704321,positive,0.941882452108565
1271608170213978114,negative,6.4675117100569094e-06
1271608170390183938,negative,0.015697952340961496
1271608170474024960,negative,0.0002833791535977362
1271608171413622786,negative,6.460410607428665e-09
1271608171807850497,positive,0.9983075352990961
1271608172663525378,negative,0.0004531999332977302
1271608174370607104,negative,0.2778159216577611
1271608174395764736,negative,0.029693358917741004
1271608174462808064,negative,0.3040949491800166
1271608175331028993,negative,0.1853447716208767
1271608175373045765,positive,0.8354453140636424
1271608175427551233,negative,0.12638575508756936
1271608175859556352,negative,1.56260701404286e-05
1271608175985192960,negative,0.006731716164488975
1271608175985393664,negative,0.007012448520741336
1271608179131064321,negative,0.00026540637257409743
1271608179152113665,negative,5.478956406880323e-05
1271608179336585217,neutral,0.49789225920557484
1271608179361820673,positive,0.7878984431607639
1271608179504435201,negative,4.088808963717643e-06
1271608180011937793,neutral,0.4583784321128164
1271608180187906048,negative,0.021873131606606658
1271608180536160258,negative,4.6177606172811964e-10
1271608181656031238,negative,0.11672905915186801
1271608183040217089,neutral,0.616005678462541
1271608183417647104,negative,6.071718590547489e-05
1271608183551938562,negative,0.007532632844571311
1271608183593807872,negative,0.02815106775029503
1271608183698620422,negative,0.2042517137896546
1271608183832948736,negative,1.9519199039088787e-07
1271608183971295234,negative,0.017271824461745057
1271608184172658690,negative,1.1681188238227523e-05
1271608184554303488,negative,0.0019851884997072315
1271608185477087232,negative,0.00010015157584620417
1271608186672500736,negative,0.1616878964055972
1271608187515437057,negative,4.40937372909515e-05
1271608187582656518,negative,0.23679171275157856
1271608188350148614,negative,1.8066554511466122e-05
1271608188677189632,positive,0.9954358158977953
1271608189700767744,negative,1.526047300404084e-06
1271608190950469632,negative,0.04774223596246692
1271608191407796225,negative,0.05368241837099004
1271608191889993729,negative,1.8066554511466122e-05
1271608192347316226,negative,0.0011476103271417274
1271608193001586688,negative,0.1731746784572899
1271608194968805378,negative,3.9009360692643497e-05
1271608195023163392,negative,0.0003151247544846202
1271608195581194242,negative,0.008746034316148682
1271608195790798848,negative,0.07802105340640744
1271608196721934337,negative,0.005894416270567474
1271608196965244928,negative,7.155758157274232e-06
1271608197191794688,positive,0.858407178877966
1271608198768836608,neutral,0.49789225920557484
1271608199318245379,negative,0.0002262406928320146
1271608199540625415,neutral,0.5149461134753471
1271608200022892545,negative,0.01029718495654105
1271608200035553280,negative,1.6199115082509235e-05
1271593153431298056,negative,0.014872416507932081
1271593155310374915,negative,0.009272739832239805
1271593157164175361,positive,0.8193170396370022
1271593158846173186,negative,0.15191918980608066
1271593158867070976,negative,0.04624534540673794
1271593159978561536,negative,0.019524462202343162
1271593159986995201,negative,0.0005773701266505416
1271593161450815490,negative,0.16172293845929064
1271593163132555264,neutral,0.48773238291385845
1271593163279544321,negative,0.00014294154440235452
1271593163963142145,negative,0.06648539481257931
1271593165120831488,negative,0.035599812410501364
1271593165573758977,negative,0.0002332317210277558
1271593165603180545,negative,0.01071626663688627
1271593165670223874,negative,2.0435405040992564e-08
1271593165796126721,negative,0.019524462202343162
1271593166165114881,neutral,0.41781860539170623
1271593167691878400,negative,0.0993033688590763
1271593168488857607,negative,9.9776447420698e-05
1271593168878870529,negative,0.0009239527814685392
1271593169155694599,negative,0.07388171950582473
1271593170728517632,negative,0.021478721682248736
1271593171768795138,negative,0.0007385362686266582
1271593172683173890,negative,0.00025521795545906155
1271593173173899264,negative,0.0009380117642811359
1271593173303910401,negative,0.0024697473685696505
1271593173534605312,negative,0.06756682649496247
1271593174029516801,negative,0.13223660272479967
1271593176294457350,negative,0.08408569831069067
1271593177338822658,negative,0.2486640047527842
1271593179402383361,negative,0.027565523875858356
1271593179599470592,negative,0.005491895574107135
1271593179960225798,negative,4.704102326890114e-08
1271593181499609091,negative,0.30715132947557017
1271593183697346563,negative,1.2041778116526505e-06
1271593183705694210,negative,0.004763004056573551
1271593185895202822,neutral,0.6200590102455651
1271593186352234496,negative,0.00016628924848785266
1271593187262500867,negative,0.008331482500099642
1271593188621529089,negative,0.0003387423032704302
1271593189468667909,neutral,0.6498170773593885
1271593190357905409,negative,0.023872504189481978
1271593191523876864,negative,0.0003495697467172108
1271593192262184960,negative,0.005366889164635993
1271593192589332482,negative,9.250877231731503e-05
1271593192941477890,negative,0.12734760073519494
1271593197047775234,negative,0.29761882098551057
1271593197731483648,negative,0.2569624598473517
1271593199409270786,negative,1.2484682212719983e-05
1271593201611259904,negative,0.2793168272936149
1271593201950957569,negative,0.00016628924848785266
1271593202554793984,negative,3.460652952883197e-06
1271593202634633217,negative,0.29587564488164086
1271593204165509122,negative,0.17000669475869049
1271593204186525696,negative,0.035599812410501364
1271593204303921152,negative,0.11284726226985291
1271593204706664448,negative,0.029160432015274185
1271593204765294603,negative,0.008988574458257629
1271593206287863809,negative,0.02282647380578316
1271593206543798273,negative,0.021475766395536715
1271593206883299328,negative,0.015010393226499129
1271593207386734592,negative,0.00016628924848785266
1271593209949495296,negative,0.009272739832239805
1271593211149070336,negative,0.001595334237663935
1271593211849592832,neutral,0.3370208274225786
1271593213468557313,neutral,0.5528584609162418
1271593213476864000,negative,0.012106035139509952
1271593214458372097,negative,0.0672770373814434
1271593216123572230,negative,0.00901476896034623
1271593216320712711,neutral,0.387209319016033
1271593216962375682,neutral,0.41781860539170623
1271593219109855233,neutral,0.6498170773593885
1271593219541864451,negative,7.2884477388465e-05
1271593220632428545,negative,0.009272739832239805
1271593220762468357,negative,0.029160432015274185
1271593221043507201,negative,0.09660921651950619
1271593222985441280,negative,0.13223660272479967
1271593223216156672,negative,0.07472564476701704
1271593223396433920,negative,0.015946341074103896
1271593224260521984,negative,0.013741857931848572
1271593224264732672,positive,0.7828085921711104
1271593225560653825,negative,0.00019914639811986312
1271593225615224838,negative,0.0024968577181432848
1271593226244243457,negative,0.049104666582742935
1271593226336600064,negative,9.250877231731503e-05
1271593226919706624,negative,0.00011791760518418482
1271593227402051585,negative,0.02301667247206716
1271593227506900992,negative,0.00024362985314396526
1271593227800510471,negative,4.565532849744775e-08
1271593227905372163,negative,0.0003151247544846202
1271593228060549122,neutral,0.4507454498615163
1271593228299575300,negative,0.008658099919513919
1271593230379909121,positive,0.8354453140636424
1271593231457886208,negative,0.13223660272479967
1271593231571136513,negative,0.08964462753279401
1271593232108060674,negative,0.0017125853811969492
1271593233701797888,negative,0.09690104011848619
1271593234037387264,positive,0.7500377016963704
1271593235207663617,negative,0.0364201159833948
1271593236138688512,negative,3.549296409474663e-09
1271593237137022978,negative,0.015946341074103896
1271593237539667969,negative,0.0043058460677515755
1271593237648756747,negative,7.2884477388465e-05
1271593239397703681,negative,2.4899710431274806e-05
1271593241389838336,negative,0.09660921651950619
1271593241775915008,negative,0.029553529991656998
1271593242266607616,negative,7.2884477388465e-05
1271593242589626369,negative,0.0003160575967488021
1271593242895814664,negative,0.0884471278725728
1271593244242165760,negative,2.4899710431274806e-05
1271593244435058688,negative,0.0016737896560586971
1271593248209993728,neutral,0.3803446484734935
1271593250349072385,negative,0.0003030807481812882
1271593252823732225,negative,5.770788710018872e-05
1271593253708738565,negative,0.028829308868103528
1271593254555959304,negative,0.047412125835671906
1271593256279818240,neutral,0.41903556269510045
1271593256434843648,negative,0.035599812410501364
1271593257248665603,positive,0.9737497485985791
1271593257361956864,negative,0.00157921824750368
1271593257605238785,negative,0.048100551816043904
1271593258527993856,negative,0.20860811677192834
1271593259211636737,negative,0.005491895574107135
1271593260142731264,negative,3.272138340107271e-05
1271593260541190147,negative,0.035599812410501364
1271593262906847233,neutral,0.41230968593555883
1271593264337096708,negative,0.00016628924848785266
1271593265402445825,negative,0.013695855304580722
1271593266660757505,negative,0.0016737896560586971
1271593267067531265,negative,0.00011791760518418482
1271593267596005379,negative,0.24299238759052857
1271593268099366912,negative,0.005626392366426678
1271593268694974464,negative,0.2675637579473606
1271593270850793472,negative,0.0008638955619720093
1271593271370944518,negative,0.015946341074103896
1271593271555493890,neutral,0.36152360387721993
1271593271710662658,negative,0.04580868801829515
1271593271928610817,negative,1.4226845943118981e-05
1271593273237307392,negative,0.006483801834163422
1271593273581281282,negative,0.011128542455444866
1271593274227261440,negative,0.04580868801829515
1271593274231230466,neutral,0.3996580091506196
1271593275309383685,negative,0.005103608251525445
1271593277645623297,negative,0.24131342214011625
1271593278404792323,neutral,0.4021149003531734
1271593281428873218,negative,0.006032739082330913
1271593285597958145,negative,0.05506823867388736
1271593285598011394,negative,0.06958132814893248
1271593285665112066,negative,1.8241648747990062e-05
1271593286277500928,neutral,0.35777003672846364
1271593286877294592,negative,0.09660921651950619
1271593288882102272,negative,0.0001139469947711921
1271593290085789698,negative,0.02496772515293869
1271593292946382850,negative,0.16407572091415107
1271593293151961090,negative,0.00016628924848785266
1271593293869187073,negative,0.0026504093849532844
1271593295068700672,negative,0.1098532331803782
1271593296255729664,negative,0.015946341074103896
1271593296763240448,negative,0.03546858933729098
1271593298210295810,negative,0.00016628924848785266
1271593344867676160,negative,0.0672770373814434
1271593345215799297,negative,0.00016628924848785266
1271593346243260416,negative,0.016310175217200528
1271593349175218177,neutral,0.3851085747219109
1271593349196242945,negative,0.17000669475869049
1271593349938585607,negative,0.0012044465421223894
1271593350177730565,negative,0.002886944683696644
1271593350857187333,negative,0.13223660272479967
1271593353033981954,negative,1.062063940850468e-06
1271593353549881344,negative,0.06838030942110379
1271593357870055425,negative,0.050186261375411795
1271593357970718720,negative,0.008208172280011538
1271593359065452550,negative,0.019584921618246442
1271593359270871045,negative,0.04474466654197991
1271593359577100288,negative,0.01188176102597367
1271593360323686402,neutral,0.41781860539170623
1271593360692850688,negative,0.07388171950582473
1271593364719316993,positive,0.7260414356832114
1271593365222690816,negative,0.2577680330382598
1271593366057299968,positive,0.7500377016963704
1271593369416929281,negative,0.0615331638563064
1271593370025103360,negative,0.00025521795545906155
1271593370104877058,negative,0.0010679686286008123
1271593370432032771,negative,0.0006549098437380878
1271593372403236865,neutral,0.504990332637638
1271593373783060482,neutral,0.35623074964471785
1271593374588559363,negative,0.00016628924848785266
1271593374739574785,negative,0.010918320349130326
1271593375184150534,negative,1.4488940181764096e-05
1271593376291446785,negative,0.003689380387998146
1271593377050566656,negative,0.00016628924848785266
1271593379009302530,negative,0.00157921824750368
1271593379571343367,negative,0.24693223010133372
1271593379651076097,negative,3.786518349471908e-07
1271593379906891776,negative,0.0007529343973142698
1271593380095692803,negative,0.3087290515561506
1271593382113153024,negative,0.09696127105087513
1271593382393991168,negative,4.0178109814957645e-05
1271593384868708352,negative,0.0033393775228273506
1271593385053360129,negative,0.00011791760518418482
1271593385665671169,negative,0.009697578567193312
1271593386311647235,positive,0.671337306919619
1271593387230101522,negative,0.0017125853811969492
1271593388698107907,negative,1.1031590571321597e-06
1271593388861722630,negative,0.033166761703334977
1271593388891148288,negative,0.03980030593590898
1271593389646102536,neutral,0.3420212962774882
1271593390656847873,negative,7.2884477388465e-05
1271593391420321792,negative,0.011339482960253678
1271593392934453248,negative,0.07597971304128286
1271593396612841472,negative,3.251887784698872e-05
1271593397267116032,negative,0.0045803542235909505
1271593398575566848,negative,0.036507390507669595
1271593399221714945,negative,8.819110478607751e-06
1271593399456616448,negative,0.00012686333897746161
1271593400450666497,negative,0.00457741567608691
1271593401390116867,neutral,0.4513605618894927
1271593401574711303,negative,0.13223660272479967
1271593403734728709,negative,0.00011791760518418482
1271593405425082369,negative,7.566567867422725e-06
1271593405747994625,neutral,0.41781860539170623
1271593406695796736,negative,4.833240848586095e-06
1271593409984311297,positive,0.8496322213967735
1271593411246727169,neutral,0.3888964145301077
1271593412777607168,negative,0.00016628924848785266
1271593413109075968,negative,0.0009726900863191853
1271593413779976193,negative,0.2994244519637496
1271593414723862530,negative,0.035599812410501364
1271593414908350468,neutral,0.4561391004649059
1271593416321875970,positive,0.848089873119554
1271593416829415425,negative,0.0062890390341501295
1271593417290719234,negative,1.788425597784209e-07
1271593418070929408,negative,0.029160432015274185
1271593418297245696,negative,0.19767106493145628
1271593419341737989,negative,0.021160813749068422
1271593422101655557,negative,0.00011791760518418482
1271593423821250566,negative,0.18909143581032145
1271593424165142531,negative,0.06958132814893248
1271593424475566081,negative,0.0009380117642811359
1271593424672690180,negative,0.0018245717156781035
1271593425264168961,positive,0.7500377016963704
1271593425838669824,negative,0.009272739832239805
1271593426027339778,negative,0.001597036572107795
1271593426102956032,negative,0.0023948607090501814
1271593426585354245,negative,0.009272739832239805
1271593427667431426,negative,0.02368602281223585
1271593429861097473,negative,8.386150373978125e-06
1271593430926462981,negative,0.0024968577181432848
1271593431224156171,negative,0.005571168276509316
1271593431404548098,negative,0.10045912122780336
1271593431991713792,negative,0.00016628924848785266
1271593432788729857,negative,0.0009380117642811359
1271593433153617920,negative,0.0071314570470149925
1271593434248351744,negative,0.014436328568871955
1271593434969669638,neutral,0.41781860539170623
1271593435846279168,negative,0.23972773971202263
1271593436840419329,positive,0.7500377016963704
1271593439029858310,negative,0.09522841354654255
1271593440602710017,negative,7.934330097778262e-14
1271593440736927745,negative,0.0026399971537055967
1271593441043062786,negative,0.015946341074103896
1271593441349316608,negative,0.00077049455553471
1271593442041348096,negative,0.1509638433843287
1271593445346476032,positive,0.7500377016963704
1271593446055260161,negative,2.8148899823444874e-09
1271593446722191362,negative,0.029160432015274185
1271593446730608642,negative,0.0017306761601493205
1271593447774998530,negative,0.07388171950582473
1271593449159041024,negative,0.005491895574107135
1271593449255559168,negative,0.28854426538347494
1271593450723594246,negative,0.17000669475869049
1271593452027940864,neutral,0.3499352441185855
1271593453290319872,negative,0.003793611489066115
1271593454968229889,negative,5.4576458062072865e-05
1271593455144271872,negative,0.30307968535251084
1271593455517601793,negative,0.003689380387998146
1271593456188551168,negative,0.028829308868103528
1271593456566231040,negative,3.251887784698872e-05
1271593459200282632,negative,0.1693610899621612
1271593460081008640,negative,0.04580868801829515
1271593460114522112,positive,0.7500377016963704
1271593460156465152,negative,0.00011791760518418482
1271593460269801472,negative,0.004828517106090691
1271593460429094912,negative,0.1203090358454427
1271593460651495427,negative,0.0029802930630058945
1271593461679108098,negative,0.004304179935250414
1271593461876174849,positive,0.7500377016963704
1271593462295453696,negative,0.0008397824034587712
1271593464648663041,negative,0.22619620040918723
1271593465273561088,negative,7.2884477388465e-05
1271593466800340995,negative,0.10947484028698869
1271593467186159616,positive,0.9460527034997795
1271593468008321036,negative,0.0016737896560586971
1271593468645826560,negative,7.057381430586534e-06
1271593469027463168,positive,0.9487729807090731
1271593469144903681,positive,0.7500377016963704
1271593470118035456,negative,0.0002260474604924265
1271593470168186880,negative,0.07734286752731534
1271593471493767169,negative,0.09571227820691126
1271593473582542849,negative,0.21139109066500397
1271593473901096960,negative,0.005211584107610013
1271593475239227394,negative,0.00172479361160261
1271593475960700929,negative,0.00016628924848785266
1271593477541777408,positive,0.9999798462759929
1271593478846328836,negative,0.2785928761937945
1271593479517474816,negative,7.37922492671626e-05
1271593479878184967,negative,0.22404129122681452
1271593481321005058,negative,0.18095176497099996
1271593482231205890,negative,0.14308527386746261
1271593482776383488,negative,0.30307968535251084
1271593483271364610,negative,0.0006045697865658115
1271593483455860737,negative,0.0005773701266505416
1271593485364105216,negative,0.00010078073774051949
1271593487276933120,positive,0.671337306919619
1271593487511834624,positive,0.8496322213967735
1271593488459509760,negative,0.00016628924848785266
1271593488564584449,negative,0.03392608872251922
1271593488937824261,neutral,0.3468565961997838
1271593489793458178,neutral,0.49789225920557484
1271593489852219393,positive,0.8976302734990018
1271593491223715844,negative,0.0007592583240811136
1271593492385599488,negative,0.00016628924848785266
1271593493614510080,negative,0.023776231151570154
1271593494239309824,negative,0.006132282148935854
1271593495472504833,negative,9.9776447420698e-05
1271593497376837632,negative,0.015946341074103896
1271593498077204488,negative,0.007409717213441548
1271593499914371072,negative,7.2884477388465e-05
1271593501663297538,negative,0.04474466654197991
1271593501692747778,negative,0.14308527386746261
1271593501906608130,negative,0.0644459970540765
1271593501940240384,negative,0.021478721682248736
1271593503265566721,negative,0.05670946645000067
1271593503991226368,negative,0.017960678137063632
1271593506524536832,negative,0.010335755068732652
1271593554083749894,negative,2.4899710431274806e-05
1271593554205442048,neutral,0.6457423802859142
1271593554591301632,negative,0.00011791760518418482
1271593556319354884,negative,0.0008551997966282803
1271593557024034818,negative,0.0003151247544846202
1271593557036589056,negative,0.09412051680142991
1271593557233561600,neutral,0.33677065988963156
1271593557623820291,negative,0.001249402941077617
1271593559834189825,negative,0.10227099752920764
1271593560262008833,negative,0.21139109066500397
1271593562224750592,positive,0.9680329397904123
1271593565349507072,negative,0.005469263441703145
1271593568264749058,negative,9.250877231731503e-05
1271593568801558528,neutral,0.563256487631067
1271593569363648513,negative,0.003689380387998146
1271593569871151104,negative,0.00016628924848785266
1271593570248675332,negative,0.09288522946839645
1271593570647113738,negative,0.009147028361685162
1271593571225747456,negative,0.1254679582732849
1271593571582464000,negative,0.0007564012384373795
1271593572345810944,negative,0.005626392366426678
1271593573243400192,positive,0.6624055896622104
1271593573796974595,negative,3.251887784698872e-05
1271593575768260611,negative,0.009272739832239805
1271593576586260481,negative,0.015946341074103896
1271593576745652224,negative,3.251887784698872e-05
1271593577198608384,negative,4.21078124389845e-06
1271593578561769473,positive,0.8928918946878618
1271593579874484225,positive,0.7500377016963704
1271593581409689605,negative,5.726722218456189e-05
1271593582873452546,negative,0.00011791760518418482
1271593583070662657,negative,0.00047889043789425486
1271593583158661123,negative,0.005211584107610013
1271593583456460806,negative,0.0008515628728641715
1271593585583030273,negative,0.039661460600298876
1271593585973121027,negative,0.00016628924848785266
1271593587235598336,negative,0.0016737896560586971
1271593587332001792,neutral,0.41781860539170623
1271593587940028416,negative,0.051976152367978194
1271593588837593089,negative,0.07512872835667493
1271593590133792770,negative,0.02176437571497342
1271593592230903808,negative,0.0023534245130970907
1271593592780394496,negative,0.008988574458257629
1271593592944046082,negative,0.004888230830736915
1271593594739200000,negative,0.11284726226985291
1271593598853808128,negative,9.250877231731503e-05
1271593600858705920,negative,0.02883295591198557
1271593601877803011,negative,0.009272739832239805
1271593601953402880,negative,0.2793168272936149
1271593602481872902,neutral,0.4564578472590881
1271593602506993664,negative,7.2884477388465e-05
1271593606160297984,negative,0.013846401880164469
1271593606273478658,negative,0.016878342473724942
1271593606785032192,neutral,0.4480917965842999
1271593608525873152,negative,0.0016737896560586971
1271593610430025728,negative,0.0364201159833948
1271593611088584705,negative,0.00016628924848785266
1271593613340880897,negative,0.009272739832239805
1271593615433793541,neutral,0.33677065988963156
1271593616000135170,negative,0.024266507849056956
1271593617224798210,neutral,0.4264188971709622
1271593617296166914,neutral,0.33677065988963156
1271593617614913537,negative,0.0016737896560586971
1271593619124899840,negative,0.2585316367003278
1271593620668329985,negative,0.31732489718339985
1271593621192691717,negative,0.01722608034783812
1271593621586735104,negative,0.018291966506685426
1271593621842800647,negative,0.00016628924848785266
1271593623235235842,negative,0.11284726226985291
1271593626368385026,positive,0.8496322213967735
1271593627039469569,negative,0.001249402941077617
1271593628327174144,negative,0.05670946645000067
1271593629388361729,negative,0.21139109066500397
1271593629472210944,negative,0.06896063962103985
1271593629841326081,positive,0.673434944282879
1271593630021619715,negative,0.11284726226985291
1271593631372259328,negative,3.251887784698872e-05
1271593633049870336,negative,0.0023146977517314177
1271593633653948419,negative,0.050186261375411795
1271593633968295936,negative,0.029390232212059084
1271593634664595457,neutral,0.39304425608616916
1271593636426366977,negative,0.012907099803185587
1271593636984238080,positive,0.9615673433593547
1271593637386891264,negative,0.000680019396171286
1271593637953011712,negative,0.0059180585547387735
1271593638427049984,negative,0.0004748727618833213
1271593638754168833,negative,0.010918320349130326
1271593639630815234,negative,0.05670946645000067
1271593641195307010,negative,0.05670946645000067
1271593642327773184,negative,0.20435731331862916
1271593643841814528,neutral,0.33677065988963156
1271593644877897730,negative,0.07949154644143294
1271593645230174211,negative,0.025527589564474408
1271593645246947328,negative,0.03980030593590898
1271593646366867458,negative,0.03946362706313461
1271593648807870466,negative,7.329881162457961e-08
1271593649760059392,negative,0.02282647380578316
1271593650011672584,negative,0.041116034370703186
1271593650959659008,negative,0.03413407328682215
1271593652209496064,neutral,0.33677065988963156
1271593652947648512,positive,0.7500377016963704
1271593653564301312,negative,0.00011791760518418482
1271593655099424769,neutral,0.41781860539170623
1271593656240214016,negative,0.00025521795545906155
1271593656999464960,negative,0.00027464001689086966
1271593657058103298,negative,0.0025541880563141432
1271593657871798273,negative,0.043336817334634826
1271593661881614336,neutral,0.4183665392976809
1271593662007427077,negative,1.2555037439299305e-05
1271593662489735169,positive,0.9901151944909762
1271593663928336385,positive,0.6738302004762706
1271593664024727556,negative,0.00233944005841024
1271593664326893576,neutral,0.33677065988963156
1271593664930856960,negative,0.20814248213732567
1271593667208318977,negative,0.0040301364764146344
1271593667468447750,negative,0.2078643459837964
1271593667686514688,negative,0.11768024707978327
1271593669229936640,negative,1.8779598203991775e-05
1271593672216326146,negative,8.457102746251861e-10
1271593673000652800,neutral,0.3916387603988135
1271593675299205123,neutral,0.33677065988963156
1271593675307524097,negative,0.07388171950582473
1271593677027266566,negative,0.005626392366426678
1271593677593419776,negative,0.0016737896560586971
1271593678071640067,negative,0.01606326909193472
1271593678461689857,negative,3.251887784698872e-05
1271593678814040064,negative,0.0003196076051212894
1271593678843322369,negative,0.005462202358319574
1271593679468343297,negative,0.00011791760518418482
1271593679787040769,negative,0.0016737896560586971
1271593680999153667,negative,0.18647951733205514
1271593681473110023,negative,0.00016628924848785266
1271593682156883972,negative,0.023872504189481978
1271593684258246658,negative,0.00025521795545906155
1271593684824358912,negative,1.7988784319639086e-05
1271593685608730625,neutral,0.33677065988963156
1271593686456045568,negative,0.00016628924848785266
1271593686795780097,negative,0.0672770373814434
1271593687261347840,negative,0.0015135849796267815
1271593687361953794,negative,0.00016628924848785266
1271593688532123650,negative,0.2569624598473517
1271593688553185280,negative,0.0005184667522590482
1271593688574066688,negative,3.251887784698872e-05
1271593690260258816,positive,0.9901151944909762
1271593690407079937,negative,0.00011791760518418482
1271593690478362624,negative,0.04896156942107933
1271593692990709760,negative,0.021478721682248736
1271593693775093763,negative,2.4899710431274806e-05
1271593694467153921,neutral,0.4971689282361413
1271593694592983050,negative,3.515582066355362e-05
1271593694693675009,negative,0.009272739832239805
1271593694836162561,negative,0.015271358212807165
1271593695175999488,negative,3.251887784698872e-05
1271593695566061568,negative,0.025527589564474408
1271593697185054720,negative,0.035599812410501364
1271593697407361024,negative,0.21139109066500397
1271593698745298946,negative,7.057381430586534e-06
1271593699038896130,negative,0.04145328348062246
1271593701274419200,negative,0.32034762746010265
1271593702142640128,negative,0.00016628924848785266
1271593702947983361,neutral,0.4507454498615163
1271593703677796354,negative,0.06022539668568428
1271593703925309440,negative,0.015946341074103896
1271593704411795457,negative,0.03392608872251922
1271593705108131841,negative,0.00157921824750368
1271593706110488576,negative,0.0615331638563064
1271593706307686404,negative,0.00016628924848785266
1271593706844454912,neutral,0.33391980312752817
1271593709042360320,negative,0.002181548399688642
1271593711668006912,negative,0.10485877658051802
1271593712305520640,negative,5.589423355218721e-05
1271593752612798464,negative,0.000514631456590893
1271593753011261442,negative,0.005491895574107135
1271593753942384640,negative,0.11324237674844222
1271593754076602368,neutral,0.5645013849938622
1271593754256908298,negative,0.0045814948469267225
1271593755078987777,negative,0.031252089843059085
1271593755922051080,negative,0.005211584107610013
1271593756362506243,negative,0.02301667247206716
1271593756886806529,neutral,0.41781860539170623
1271593757947936771,negative,2.4207532588774146e-05
1271593758077915148,negative,0.00016628924848785266
1271593759050993664,negative,0.04580868801829515
1271593759688581122,negative,0.035599812410501364
1271593759843762178,negative,0.05670946645000067
1271593761160732672,neutral,0.5387190600295468
1271593762863689729,neutral,0.33677065988963156
1271593763404517377,negative,7.712469263144676e-07
1271593763425705985,negative,0.005211584107610013
1271593766252666885,negative,1.8412264907385886e-08
1271593766558851073,negative,0.09288522946839645
1271593767766818818,negative,0.0001658783011141083
1271593768060432384,neutral,0.4971689282361413
1271593768362430471,negative,0.10227099752920764
1271593769989812224,negative,0.0006131577204185951
1271593770107232259,neutral,0.3888964145301077
1271593773282340873,negative,0.07734286752731534
1271593773634654208,neutral,0.5684752279504157
1271593775601770496,negative,0.00024229101243876362
1271593776063094786,negative,0.009925182090391355
1271593778416160769,negative,0.026615173795510632
1271593779716395008,negative,0.12186808433261274
1271593780135759872,neutral,0.36914634773041555
1271593782241300480,negative,0.00016628924848785266
1271593787064754177,neutral,0.6091155607163609
1271593787433893889,negative,0.0005196638481169628
1271593789304582146,positive,0.8475995067736509
1271593789849821185,negative,0.21139109066500397
1271593790160109568,negative,0.02282647380578316
1271593790973849600,negative,0.12314774325680786
1271593791510675458,negative,4.908254204596775e-07
1271593792878063617,negative,0.0009429244685238
1271593793087852546,negative,0.06668609165494245
1271593793284866049,negative,0.04474466654197991
1271593793461116930,negative,0.011493496506635306
1271593794337718278,negative,0.0023185666475635334
1271593794627141632,negative,0.009272739832239805
1271593795075751938,negative,0.12082083032144628
1271593795142864897,negative,0.03786368867470405
1271593796824961024,negative,0.03331363998894868
1271593796921409536,negative,0.0008551997966282803
1271593797194039297,negative,0.00016628924848785266
1271593799081496578,negative,0.00025521795545906155
1271593799517642753,negative,0.2675637579473606
1271593799555469314,negative,0.00016628924848785266
1271593800129896450,negative,0.2632048324655577
1271593801094701057,negative,0.32003400364182666
1271593801254162432,negative,0.050186261375411795
1271593802067783681,negative,0.13223660272479967
1271593802709508097,neutral,0.33677065988963156
1271593803779055616,negative,2.688409684611903e-05
1271593804898930690,negative,0.002774341631671317
1271593807595831298,negative,0.05226162569223055
1271593808946442241,negative,0.10947484028698869
1271593809911189504,negative,0.1462919561686419
1271593810909442049,negative,0.07388171950582473
1271593811098075143,negative,0.02301667247206716
1271593811911811079,negative,0.10468083000665482
1271593811932823552,negative,0.07408930857575648
1271593812029108224,negative,0.002244409845045471
1271593812280905729,negative,0.0006140651628205111
1271593812411002886,negative,0.009272739832239805
1271593813572796420,negative,1.8674871586394597e-07
1271593814965321728,negative,0.011824671861269169
1271593818824081409,neutral,0.3996580091506196
1271593819037982720,negative,0.0010679686286008123
1271593819369353218,positive,0.7500377016963704
1271593820073975808,negative,0.049104666582742935
1271593822540255236,negative,0.029553529991656998
1271593822821253120,negative,7.260568581810303e-06
1271593823387496449,negative,0.13223660272479967
1271593824146665473,negative,0.059889250246088856
1271593825396457475,negative,0.01799738892351542
1271593825539182597,positive,0.7500377016963704
1271593826453504002,negative,0.154722652203728
1271593826625499137,neutral,0.33677065988963156
1271593826633859072,negative,0.022220393031504145
1271593826776465416,negative,0.005571168276509316
1271593826818424834,negative,0.001634388087125726
1271593827439165440,negative,0.015386386874891427
1271593828621922304,negative,0.0003990251344169782
1271593831201374208,negative,0.06548498904982185
1271593833155956736,negative,0.014802744268416596
1271593833311150082,negative,0.004367859078277413
1271593834426896384,negative,0.0017125853811969492
1271593834603065352,negative,0.29882877204505387
1271593835580309510,negative,0.16172293845929064
1271593838256275456,positive,0.6826572252283474
1271593838327578625,positive,0.9615673433593547
1271593839183175686,negative,0.0005894982712968736
1271593839183179776,negative,0.17000669475869049
1271593839221002240,negative,0.16437877331818024
1271593840269504513,negative,0.02257355332096558
1271593840307245058,negative,0.03980030593590898
1271593841599053825,negative,0.015946341074103896
1271593844161773570,negative,0.2569624598473517
1271593844904206339,negative,0.04474466654197991
1271593845021724674,negative,0.00011791760518418482
1271593848108650499,negative,0.09153342572169273
1271593848838467591,negative,0.05843411891255408
1271593849425661952,neutral,0.6200590102455651
1271593849664782337,negative,7.782519040718101e-07
1271593850738483207,negative,0.06668609165494245
1271593852248473600,negative,0.00029758282114844634
1271593852613337090,negative,0.31888999851805766
1271593852793733122,negative,0.03980030593590898
1271593853620039680,positive,0.8354453140636424
1271593853984870401,negative,0.07283874062637874
1271593855218069505,negative,0.013832604122025508
1271593855314526211,negative,0.0004918445083161235
1271593858644795393,negative,2.4899710431274806e-05
1271593859152216064,neutral,0.4136565312011753
1271593859701633025,negative,7.2884477388465e-05
1271593860553158656,negative,0.08290538118050511
1271593861547282432,negative,0.04452012351409817
1271593862239268864,negative,7.2884477388465e-05
1271593863799603200,negative,0.2569624598473517
1271593865967960078,neutral,0.33677065988963156
1271593867037609985,negative,3.251887784698872e-05
1271593867381538822,negative,0.003083015605696648
1271593870229471232,negative,0.005477316271386722
1271593873547104258,negative,0.009474970492273627
1271593873769447425,negative,0.00016628924848785266
1271593874130120704,neutral,0.3851085747219109
1271593877045157889,negative,0.2793168272936149
1271593877078671360,negative,6.081359117869497e-07
1271593878123155458,negative,0.0023185666475635334
1271593878177624065,neutral,0.5189020479895041
1271593878655848449,negative,0.13660463928807928
1271593878907387905,positive,0.9460527034997795
1271593879775698945,negative,0.00011580106111802472
1271593879893159940,negative,0.002886944683696644
1271593882229387267,positive,0.6812882083553091
1271593883198259201,neutral,0.6570570837248025
1271593884452298753,neutral,0.49467540442198243
1271593888071979008,negative,0.044250324168224095
1271593888755703808,negative,0.20000167676000255
1271593888852201478,negative,0.012873455043567772
1271593889850417159,negative,0.02301667247206716
1271593890487959552,negative,0.0033493025749803916
1271593890571792385,negative,0.0006549098437380878
1271593891968532480,negative,0.04580868801829515
1271593892656427011,negative,0.04474466654197991
1271593893990141954,negative,0.0016737896560586971
1271593894048915456,negative,0.008658099919513919
1271593896691318787,negative,0.11284726226985291
1271593897353973761,negative,0.015946341074103896
1271593897605640199,negative,0.04896156942107933
1271593897886658560,negative,0.030020422706499864
1271593898335522817,negative,0.002886944683696644
1271593899816075264,neutral,0.5017543432377519
1271593901074386945,negative,4.398577885597626e-06
1271593901602807808,negative,0.07086171581625303
1271593902051655680,negative,0.04053299590947886
1271593903741964288,negative,9.513875121040007e-05
1271593904178151427,negative,0.3039247639081256
1271593905017012225,negative,0.09646544615802992
1271593905507762176,negative,0.3058667657864141
1271593906258526209,neutral,0.33677065988963156
1271593907458097154,positive,0.8439925691239514
1271593910033420291,negative,0.02301667247206716
1271593912629690370,negative,4.482259225045574e-06
1271593914231857152,negative,0.04996564915979911
1271593960356675586,negative,0.0380665861662506
1271593960444760064,negative,0.00538219475894898
1271593961447215104,negative,0.00042218692713737486
1271593962139193345,negative,0.00798617966158689
1271593962432860161,negative,0.03392608872251922
1271593962487324672,negative,0.035599812410501364
1271593962848083970,negative,0.0022064834697839014
1271593963120623616,positive,0.7500377016963704
1271593963422658560,negative,0.0025262391285171184
1271593963531706369,negative,7.057381430586534e-06
1271593964286681088,positive,0.9175642892529333
1271593965561790465,negative,2.0058075993084004e-05
1271593966601940992,negative,0.00018022335337908866
1271593969051332608,negative,0.014647492972828476
1271593970272002049,negative,0.00016628924848785266
1271593971505037313,negative,0.07408930857575648
1271593971811340288,neutral,0.4420606323680076
1271593972595654656,negative,0.00180761944723976
1271593972692123648,negative,0.0003291735782151038
1271593973006680064,negative,0.053140809492412
1271593973853945857,negative,0.002886944683696644
1271593974076039168,negative,0.00016628924848785266
1271593976446025728,negative,0.031252089843059085
1271593976672530433,negative,0.238427545908539
1271593977049952256,negative,0.0003196076051212894
1271593978677334028,negative,0.002886944683696644
1271593980619177984,negative,0.0024968577181432848
1271593982011850752,negative,0.004304179935250414
1271593982213193728,negative,0.00014294154440235452
1271593982661758976,negative,0.324143532302878
1271593984025075713,negative,0.002886944683696644
1271593984314441730,negative,0.004304179935250414
1271593984394174464,negative,0.19696061213560703
1271593984629116929,negative,0.04667227208242681
1271593985283428359,negative,0.00020438227240451225
1271593985757392902,negative,0.09178054961019984
1271593986420019200,negative,0.0005069214639593293
1271593987317608448,neutral,0.3428879594272255
1271593987409838080,negative,0.015367981662728895
1271593988357681153,negative,0.005103608251525445
1271593989674799104,negative,8.13080358104158e-06
1271593991167975430,positive,0.6826572252283474
1271593992849952781,negative,0.0019204012078376173
1271593993667837952,negative,0.05469377252489354
1271593994162712576,negative,0.12085056242752613
1271593995731439617,negative,0.06203051974259992
1271593996754845696,negative,0.004304179935250414
1271593996758863873,neutral,0.4734299937483974
1271593997207822336,positive,0.943479172462514
1271593997924876288,negative,0.026102557911560516
1271593998109609984,negative,9.297759656890575e-05
1271594000483520513,neutral,0.6406430477245607
1271594001066602499,negative,0.10468083000665482
1271594001095897093,negative,0.00016628924848785266
1271594001909547010,negative,0.00016628924848785266
1271594002702307328,negative,0.0005375320260926774
1271594002777849857,negative,0.04580868801829515
1271594004040351746,negative,0.08048926307149065
1271594005311127558,negative,0.00016574518783419407
1271594007454453761,negative,7.2884477388465e-05
1271594008515686401,negative,0.025527589564474408
1271594008612085760,negative,0.03989823694564954
1271594010751037445,negative,0.13113610441286444
1271594011325804544,negative,0.00016628924848785266
1271594011585888257,negative,0.005491895574107135
1271594012001161216,positive,0.7408362879892153
1271594013611745280,positive,0.9991117920197664
1271594014173609985,negative,0.014716943346039282
1271594014966525953,positive,0.6826572252283474
1271594016216236034,negative,0.27292421987320603
1271594016883142656,negative,0.08913284679716935
1271594017025818625,negative,0.0672770373814434
1271594019580239872,negative,0.25910767712545896
1271594019982839808,negative,0.009272739832239805
1271594021299933184,positive,0.7500377016963704
1271594024063791104,negative,0.18548676576018241
1271594025154482176,negative,0.035599812410501364
1271594025947193345,negative,0.015946341074103896
1271594026018508801,negative,0.0685022392774745
1271594026538545153,negative,0.2010278546047505
1271594027276795906,negative,0.00016628924848785266
1271594029558398979,negative,0.005487808575808731
1271594029977866240,negative,0.1253996594205582
1271594030560956417,negative,0.04145328348062246
1271594030753738752,negative,7.524729885270843e-05
1271594030963601410,negative,0.01816722600231826
1271594031118770180,negative,0.02301667247206716
1271594031223627776,negative,0.00011791760518418482
1271594032255381505,negative,0.21998879315226239
1271594034323247105,negative,0.029160432015274185
1271594036076429315,negative,7.2884477388465e-05
1271594036747472896,negative,0.07388171950582473
1271594038316150784,negative,0.010244924548410552
1271594038748000256,negative,0.01890048741435966
1271594039738056709,negative,0.056308083198875314
1271594040732106754,negative,0.0882311381289216
1271594040950001664,negative,1.409193568760546e-08
1271594041134776323,negative,2.4899710431274806e-05
1271594041210294273,negative,0.03315174901881344
1271594041264820226,neutral,0.5646816220814923
1271594041403203586,negative,7.2884477388465e-05
1271594041608744967,negative,0.035599812410501364
1271594043131207680,positive,0.8154950852205297
1271594043923988481,negative,0.011703220097117726
1271594044796346368,negative,0.003720993606777128
1271594046939693056,negative,0.09288522946839645
1271594047174475776,negative,0.04580868801829515
1271594047463964672,neutral,0.46359260598732893
1271594048609026053,negative,0.00180761944723976
1271594051050094592,negative,0.00016628924848785266
1271594053574877184,neutral,0.409906671774321
1271594055953264643,negative,0.008420858488123205
1271594057270263808,negative,4.162394006142329e-05
1271594059698778119,negative,0.00020438227240451225
1271594061271629824,neutral,0.3803446484734935
1271594061787512833,negative,0.0009249381265562423
1271594063624646657,negative,0.0004242886580713493
1271594065986031618,negative,0.04258011744510042
1271594065994215424,negative,7.173453699974905e-07
1271594066187345922,negative,1.557568054853505e-05
1271594066313183232,negative,9.9776447420698e-05
1271594069047812096,negative,0.059263965181369414
1271594069832224769,negative,0.07142593433723819
1271594070486536198,negative,0.005571168276509316
1271594071346249734,negative,0.0096099907718678
1271594071602143234,negative,0.0003291735782151038
1271594071996465154,neutral,0.48773238291385845
1271594074269769728,negative,0.00011791760518418482
1271594076970848256,neutral,0.4175127894986201
1271594078371811328,negative,0.19696061213560703
1271594082251476999,neutral,0.33677065988963156
1271594082574520320,negative,2.243289187211406e-05
1271594082792595456,negative,3.972877288052222e-08
1271594082805088256,negative,0.041949785870551815
1271594083971223552,negative,7.261434104983514e-05
1271594084508094464,negative,0.000514631456590893
1271594084965195776,negative,3.251887784698872e-05
1271594085208461312,negative,0.0057893423743701775
1271594085669908483,negative,0.09288522946839645
1271594087846686720,negative,0.04880046869943663
1271594088723296257,negative,0.0006549098437380878
1271594089574621185,negative,0.04638451527043731
1271594090061234176,negative,0.0040425414539528295
1271594091101462528,negative,0.02301667247206716
1271594094725382146,negative,0.05670946645000067
1271594094918336514,negative,0.19696061213560703
1271594097036361728,negative,0.16437877331818024
1271594097908858880,negative,0.21643777703880746
1271594098349219842,negative,1.0162238326020917e-06
1271594099880099840,negative,8.615524982871151e-05
1271594100047962116,neutral,0.4420606323680076
1271594100169609218,negative,0.19696061213560703
1271594100417060864,neutral,0.6457423802859142
1271594100551229445,negative,0.0001658783011141083
1271594101008412674,negative,0.19696061213560703
1271594101054386176,negative,4.326713618556199e-06
1271594104116436997,negative,0.009272739832239805
1271594106930724864,negative,0.023189128206912525
1271594107820015622,negative,0.05495385505987401
1271594108486909953,negative,0.014349658327240139
1271594109304737793,negative,9.250877231731503e-05
1271594110097526791,negative,0.02318652398976473
1271594110655303681,negative,0.11330392519685359
1271594112567959554,negative,0.004304179935250414
1271594114824495105,neutral,0.33677065988963156
1271594115420106752,negative,0.02074991039271881
1271594116481273857,neutral,0.46127768308170247
1271594116699295744,negative,0.18909143581032145
1271594116779048960,negative,7.712469263144676e-07
1271594118783918094,negative,0.02924059520138855
1271594120637747200,negative,0.0009984078806255909
1271594121174691840,negative,0.00022539023398599224
1271594121812156417,negative,0.0014720590088211731
1271594122051231745,negative,2.824066468991747e-07
1271594122609070082,negative,0.24590311229347844
1271594122835562497,negative,0.0006549098437380878
1271594123351506950,negative,0.1722203759060297
1271594123544403969,negative,0.00157921824750368
1271594123737419776,positive,0.8354453140636424
1271594124504977410,negative,0.005571168276509316
1271594124735643648,negative,0.14916162807048855
1271594125234765825,neutral,0.40623006246991744
1271594127013163009,negative,0.07408930857575648
1271596536582098949,negative,0.19696061213560703
1271596537592909825,negative,0.1269753858477138
1271596538926641152,negative,0.0019074458912793574
1271596538935066624,negative,0.05670946645000067
1271596538964447234,negative,0.015946341074103896
1271596539543240710,negative,0.005397308829591935
1271596541619437571,positive,0.764301849397399
1271596542181412864,negative,5.590046057761908e-12
1271596542298898435,negative,0.00016628924848785266
1271596542370230272,negative,0.004736124140377966
1271596543573966850,negative,0.00016628924848785266
1271596543649316865,negative,0.12965473981048037
1271596547097100288,negative,0.031252089843059085
1271596547311091712,negative,0.010555898862091281
1271596551446630402,negative,0.04690948260417253
1271596553032085504,negative,0.009272739832239805
1271596553074073602,negative,0.005626392366426678
1271596553116045313,negative,0.002526904577863
1271596553128599560,negative,0.00011791760518418482
1271596555632549895,negative,0.09205357166081136
1271596555712163840,negative,0.0003365465578038819
1271596558216245248,negative,0.003669344687512462
1271596559105474560,negative,0.018720000499947858
1271596560577695744,negative,0.0036819084354731664
1271596561307484160,negative,0.0032348719423990636
1271596562586710016,negative,1.3773061972503753e-05
1271596562679042048,negative,0.03392608872251922
1271596564029607943,negative,0.00016628924848785266
1271596564688048131,negative,0.00033278497065820353
1271596567187906562,negative,0.01606326909193472
1271596570337783809,negative,0.015946341074103896
1271596571361046530,negative,0.07854354605092159
1271596572623753217,neutral,0.33003281657961914
1271596572955103236,negative,0.05470356307280094
1271596574091722752,negative,0.04622763662947095
1271596574683000832,negative,0.11977335694342968
1271596575920455681,positive,0.9615673433593547
1271596576490713088,negative,0.023696020030557378
1271596577380057088,negative,0.0012590450702868604
1271596579074576386,negative,0.2861479720919631
1271596580211167240,negative,0.00012644960810580868
1271596580727119877,negative,0.22661135115490305
1271596580882300928,negative,0.00016628924848785266
1271596584137039878,negative,0.1367651294310149
1271596584199954432,positive,0.9759785737357111
1271596584485007362,negative,0.0099536958179938
1271596584724246529,negative,1.7452054151775804e-08
1271596586943098882,negative,0.01836913126577908
1271596587324788742,negative,0.15191918980608066
1271596587924389888,negative,0.16437877331818024
1271596588570419200,negative,0.010852231721746751
1271596590822830083,negative,0.05563755247620556
1271596591741272069,negative,0.008178362527209763
1271596591883923456,negative,0.010604210492953741
1271596592269799427,negative,0.0334982722620667
1271596592387297281,negative,0.015386386874891427
1271596592982896642,neutral,0.5885817645849453
1271596593054130176,negative,0.25262144973169665
1271596593284874240,negative,0.005571168276509316
1271596593452630016,positive,0.8890922804352984
1271596594400571392,negative,0.12239827232910852
1271596595788816384,positive,0.7500377016963704
1271596596837396480,negative,0.0009587700871692808
1271596596904579072,negative,7.566567867422725e-06
1271596597600825345,negative,0.10947484028698869
1271596598146019330,negative,0.005129152766992385
1271596599924404224,negative,0.016656028492176282
1271596601362927617,negative,0.1838783515906262
1271596603439296512,negative,0.0009380117642811359
1271596604567556097,negative,6.62937379243165e-07
1271596606362705920,negative,3.2675367438102387e-06
1271596607172157442,negative,0.29179710783750507
1271596607683866626,negative,7.2884477388465e-05
1271596607742578688,negative,0.029160432015274185
1271596607855828992,negative,0.07356178470561033
1271596607935516673,negative,0.003689380387998146
1271596608275255297,negative,0.016656028492176282
1271596608346558468,negative,0.11307352902793141
1271596608359194624,negative,0.008658099919513919
1271596610334666755,neutral,0.5195043217754086
1271596612855439366,negative,0.015946341074103896
1271596613799161859,neutral,0.43239902574644784
1271596614671642630,negative,0.07762784543750909
1271596616697483264,negative,0.04580868801829515
1271596617376948225,negative,0.0615331638563064
1271596617473425409,negative,0.0002260474604924265
1271596619495092225,negative,0.006708733731595742
1271596620359106561,neutral,0.5755436691302463
1271596620900155393,negative,0.00016628924848785266
1271596623387340800,negative,0.006589958754298384
1271596623802642432,negative,0.023352538805519553
1271596625199271939,negative,0.17522951496553743
1271596625224445952,negative,0.00025521795545906155
1271596625719431168,negative,1.557568054853505e-05
1271596625723568128,negative,0.024141717395058694
1271596626780577797,negative,0.22707567550596763
1271596626981695488,negative,0.001596738307657661
1271596626986119168,positive,0.6826572252283474
1271596627317460992,negative,0.008658099919513919
1271596628017909766,negative,3.251887784698872e-05
1271596628550594562,negative,0.005778215388417792
1271596630005870595,negative,0.0008911326357624584
1271596630291165184,negative,7.057381430586534e-06
1271596630341496833,negative,0.08384635293073044
1271596630530240513,negative,0.050186261375411795
1271596631226486784,negative,0.031252089843059085
1271596631880871937,negative,0.2654769106322947
1271596632392577024,negative,0.039661460600298876
1271596632778387458,negative,0.009272739832239805
1271596635173392389,negative,0.00016628924848785266
1271596636108718087,negative,0.1367651294310149
1271596636716904450,negative,5.346775821944557e-07
1271596637664751617,negative,0.1203090358454427
1271596638406995969,negative,0.1375925757520165
1271596638704934912,negative,0.0048951655562629905
1271596639631835136,negative,0.004238223789171678
1271596640911028229,negative,0.08567657350151074
1271596643746447362,negative,0.061898746271034984
1271596645059354629,negative,0.07408930857575648
1271596646183219205,negative,0.016656028492176282
1271596646225383424,negative,6.21083482557879e-05
1271596647659851779,negative,0.00016628924848785266
1271596648330932225,negative,0.02301667247206716
1271596648775528449,positive,0.943479172462514
1271596649446608897,negative,4.143742682840951e-05
1271596649996042241,negative,0.0018692893905295238
1271596650289643528,negative,1.735733842281931e-05
1271596651405283328,negative,0.061898746271034984
1271596652021850112,negative,0.018040498095797754
1271596652063850496,negative,0.05529088565565996
1271596652999180289,negative,0.055729676515545584
1271596654257266688,neutral,0.3932599081399451
1271596655771435008,negative,0.2872448809192512
1271596655976910849,negative,0.19610032810912953
1271596656245514241,negative,1.11042245298227e-06
1271596657596076033,negative,3.0514669849106077e-05
1271596658216886272,negative,0.22252779164072473
1271596658720210949,negative,0.041833848696292114
1271596659311628291,negative,0.015946341074103896
1271596661333274624,neutral,0.35668611043152587
1271596661631070208,positive,0.7510431521111882
1271596662780243975,positive,0.7894688805036548
1271596663463915522,negative,0.024266507849056956
1271596663644266502,negative,0.00016628924848785266
1271596664667725825,negative,1.8412264907385886e-08
1271596665007472641,negative,0.09453210324329077
1271596665087168513,negative,0.009630234073369688
1271596665598689285,positive,0.9111114115588386
1271596666471297025,negative,4.143742682840951e-05
1271596666580348934,positive,0.9978169640946377
1271596666957844481,negative,0.055729676515545584
1271596669000388608,negative,0.14308527386746261
1271596670292234240,negative,0.10947484028698869
1271596671328309248,negative,1.8327709478248075e-05
1271596672536260609,neutral,0.5475144922864627
1271596674566238209,negative,0.000505477082987558
1271596675895828480,negative,0.0003291735782151038
1271596680396374022,neutral,0.3566313625838256
1271596680824184834,negative,3.117605524092455e-06
1271596681671426048,negative,0.03315174901881344
1271596682250194945,negative,0.005451090951149446
1271596682602479616,negative,0.048890856073135716
1271596683571466241,negative,0.015946341074103896
1271596684435492864,negative,0.04580868801829515
1271596685559345152,negative,0.014260468929456694
1271596685756641280,negative,0.058819150369799546
1271596685945442304,negative,0.08926563130994455
1271596686058668034,neutral,0.49789225920557484
1271596688910802946,negative,8.975645810809518e-07
1271596689166675968,negative,0.005477316271386722
1271596689330180096,negative,0.011939323911211058
1271596718094782464,negative,0.015386386874891427
1271596720284209153,negative,0.2775542706643994
1271596721030782976,negative,0.21139109066500397
1271596722133893121,negative,0.00157921824750368
1271596723069165568,positive,0.7500377016963704
1271596724444966914,negative,0.11098028009515915
1271596725099278338,negative,0.059889250246088856
1271596725598408704,negative,3.251887784698872e-05
1271596726403641345,negative,4.2328744380673446e-05
1271596728094003201,negative,0.008658099919513919
1271596730103074823,negative,0.0018928490391772429
1271596730291826689,negative,0.13863401735719894
1271596730627342341,negative,0.0120389275582806
1271596731415711744,negative,0.12239827232910852
1271596734234443777,negative,0.023195242295274913
1271596734452563970,negative,7.2884477388465e-05
1271596734662221824,negative,0.0005151904020217801
1271596736344199169,negative,0.00538219475894898
1271596738613252097,positive,0.7500377016963704
1271596738797805570,negative,0.00016628924848785266
1271596738940416000,negative,0.0012018538772929916
1271596740144254977,negative,0.03166242211162832
1271596740605628418,negative,0.00012644960810580868
1271596742044258305,negative,0.00180761944723976
1271596742237138945,positive,0.9942661175410712
1271596742438346753,negative,0.0005695989887737609
1271596743461756928,positive,0.6738302004762706
1271596746360184835,negative,0.0334982722620667
1271596747043868673,negative,0.058773508666578045
1271596749539459072,negative,0.0008248378535085898
1271596752534228992,neutral,0.5387190600295468
1271596752760721408,negative,0.003689380387998146
1271596753750458368,negative,0.008320198917418928
1271596754056642562,positive,0.9242712274469315
1271596754081927168,negative,0.2872448809192512
1271596754744442881,positive,0.9615673433593547
1271596755017220096,negative,0.1683425597893752
1271596755310784514,neutral,0.5063531925391163
1271596756460068865,negative,0.1322080487341866
1271596759056371715,negative,0.07388171950582473
1271596760234954757,negative,0.0029802930630058945
1271596761077997568,negative,0.008658099919513919
1271596762638188545,negative,0.002120071251560583
1271596764928360448,positive,0.8354453140636424
1271596768493539335,positive,0.6624055896622104
1271596768954855428,negative,0.00016628924848785266
1271596769101701123,neutral,0.5557609359217999
1271596771689537536,negative,0.006833408814722097
1271596772524199938,negative,0.00022539023398599224
1271596773824438277,negative,0.0011860718457161782
1271596775321845760,negative,0.0615331638563064
1271596780325486592,negative,0.2872448809192512
1271596780916965377,negative,0.02301667247206716
1271596781273518092,negative,0.12239827232910852
1271596781453762560,negative,0.10468083000665482
1271596781520908288,negative,0.049907271457371595
1271596781999132672,negative,0.2654769106322947
1271596783605555200,negative,0.22252779164072473
1271596787074240518,negative,0.0005912390873654153
1271596790043697153,negative,0.0035720965160342
1271596790127775744,negative,0.0615331638563064
1271596790610038785,neutral,0.3499526812021913
1271596790958129154,negative,0.0029802930630058945
1271596791650271233,negative,7.2884477388465e-05
1271596793760014340,negative,9.650663144374592e-06
1271596793890045952,negative,0.0035720965160342
1271596794158346240,negative,0.0010373883246845908
1271596794632429573,negative,0.0003291735782151038
1271596797618794498,negative,0.015946341074103896
1271596800152088576,negative,3.072815189691473e-09
1271596800957460480,neutral,0.4147342023902695
1271596801490116610,negative,0.05495385505987401
1271596801594974209,negative,0.21139109066500397
1271596801779531776,negative,0.055729676515545584
1271596802253508614,negative,4.343679394982547e-07
1271596802765139968,negative,0.0024968577181432848
1271596805403402241,negative,0.0056787467663711845
1271596805428580353,negative,0.11823943254512995
1271596808012206081,positive,0.7500377016963704
1271596808523911169,negative,0.00157921824750368
1271596809534738436,positive,0.9955106789522307
1271596809819959296,negative,0.0016737896560586971
1271596813590675462,negative,0.02176437571497342
1271596814798643201,negative,0.20439966089722336
1271596815209684993,neutral,0.4794670486014688
1271596815780061192,negative,0.07388171950582473
1271596817076097024,negative,0.00016628924848785266
1271596820028895234,negative,9.250877231731503e-05
1271596820217712640,neutral,0.5645013849938622
1271596820486066176,negative,0.08356362150529717
1271596822264455174,negative,0.055729676515545584
1271596825171185665,neutral,0.45539778705163764
1271596825540206592,negative,0.011134854785029838
1271596827633221634,negative,0.0334982722620667
1271596828002320385,negative,0.2654769106322947
1271596828413345793,negative,0.044250324168224095
1271596829596098561,negative,1.164841024350142e-06
1271596831005446144,negative,4.3773702790033255e-06
1271596833668767744,negative,0.001155394726711274
1271596836588060678,negative,0.00157921824750368
1271596837405888513,negative,0.004579331363529045
1271596837431107585,negative,0.042786122983909394
1271596839419199494,negative,0.00011791760518418482
1271596839641518080,negative,0.14308527386746261
1271596841809973254,negative,0.009272739832239805
1271596845819736076,negative,0.10947484028698869
1271596846146715649,negative,0.12239827232910852
1271596846180433920,negative,0.026102557911560516
1271596848244015106,negative,0.09379690422787225
1271596849028268032,negative,0.0007431154321536557
1271596849120661507,negative,0.0030446887958087442
1271596850471219201,negative,0.0013097565735761484
1271596852425744390,negative,0.01007657239380108
1271596853470138369,negative,0.19512902450161523
1271596854208323584,negative,0.05470356307280094
1271596856360022017,negative,0.2675637579473606
1271596856401944576,neutral,0.6598167482987676
1271596856733294592,negative,0.07780169588527301
1271596857265983489,negative,0.19696061213560703
1271596857899266048,negative,0.00016628924848785266
1271596858041827329,negative,0.11531675734952891
1271596858205503489,neutral,0.41781860539170623
1271596860369776640,negative,1.8241648747990062e-05
1271596860449447937,negative,0.0057893423743701775
1271596861405700096,negative,9.250877231731503e-05
1271596863389605888,negative,0.1596846653215311
1271596863813234688,negative,0.055729676515545584
1271596863980998661,neutral,0.36092538477910746
1271596865079980032,negative,0.016594687215976765
1271596865570713600,neutral,0.6598167482987676
1271596865583276032,positive,0.7500377016963704
1271596865956376577,negative,0.07854354605092159
1271596867110002688,neutral,0.49789225920557484
1271596867298754562,negative,0.016703353531897575
1271596868154384387,negative,0.2743051350402935
1271596870046007297,negative,0.18909143581032145
1271596872289988609,neutral,0.3916387603988135
1271596872927531011,negative,0.008658099919513919
1271596875087568897,positive,0.8154950852205297
1271596878854074370,neutral,0.3364249807723919
1271596879768403969,negative,7.2884477388465e-05
1271596879978135553,negative,0.0002487677856993227
1271596881358061569,negative,0.0003613131276386131
1271596881626443780,negative,0.016286125791499385
1271596883811733504,negative,0.0334982722620667
1271596883828449280,negative,0.003689380387998146
1271596884050825222,neutral,0.41781860539170623
1271596884218560512,negative,7.2884477388465e-05
1271596884407324673,negative,0.00016628924848785266
1271596885824978945,negative,0.07255799178444283
1271596888115085312,negative,0.10251465221546956
1271596888320610305,negative,0.055729676515545584
1271596888672948226,positive,0.6624055896622104
1271596888937172995,negative,0.238427545908539
1271596894033248256,negative,0.020691518690072505
1271596895597727745,neutral,0.6091155607163609
1271596896394661888,negative,0.00016628924848785266
1271596897090842625,negative,3.251887784698872e-05
1271596897753460736,negative,0.005910202517763211
1271596897875173379,neutral,0.33464742395728
1271596934290161664,negative,0.00016628924848785266
1271596936404107265,negative,0.00016628924848785266
1271596937335181312,negative,0.015386386874891427
1271596938182483968,positive,0.7500377016963704
1271596938501279744,negative,0.010656132409465554
1271596939033919488,positive,0.7500377016963704
1271596939533062147,negative,0.13223660272479967
1271596939646246912,negative,0.04145328348062246
1271596942351642625,negative,0.020460072799473802
1271596944050307074,neutral,0.5101604359937562
1271596944339722241,negative,0.00016628924848785266
1271596944876584960,negative,0.008561535295825097
1271596945304440841,negative,0.0006110324463405993
1271596945837043714,negative,0.02301667247206716
1271596946491428869,neutral,0.36016203400974833
1271596946902351877,negative,0.0640686884686425
1271596947145732103,neutral,0.38864108389754903
1271596947804237824,negative,0.012399976387192126
1271596948290539521,negative,0.0332608288756739
1271596948320026630,neutral,0.5844380935493508
1271596949850992640,negative,0.029160432015274185
1271596951528751107,negative,0.044179880756355164
1271596954049564672,negative,0.0007258331772167784
1271596954343149568,negative,9.846149325862882e-06
1271596954829676544,negative,7.139339790634853e-07
1271596954846474248,neutral,0.4348306026261923
1271596955555311617,negative,0.0615331638563064
1271596955601457153,negative,0.03980030593590898
1271596955718701056,negative,5.049010412194993e-07
1271596957354655746,negative,0.27931079634205835
1271596958893912064,negative,0.2793168272936149
1271596959544025088,negative,0.1253996594205582
1271596959565074432,negative,0.052587225807859427
1271596962392027141,negative,0.21603976955733373
1271596964006834179,negative,0.052587225807859427
1271596967165153282,negative,0.00538219475894898
1271596970994532359,negative,0.0001455594177334613
1271596971644653568,negative,0.009560872003017551
1271596971648790534,negative,0.0013097565735761484
1271596972366082050,negative,0.09195959732529473
1271596972495994881,negative,0.0011268166855893421
1271596974102413313,negative,0.2501008089784364
1271596974651969537,negative,0.03980030593590898
1271596977550213121,negative,1.5508720376233226e-06
1271596977621532672,negative,0.2793168272936149
1271596977692782595,negative,0.011682250969282649
1271596977856425984,negative,0.0017306761601493205
1271596978967916546,negative,0.005211584107610013
1271596980079337474,negative,0.018720000499947858
1271596980150710278,negative,0.002886944683696644
1271596980645609474,negative,0.01693256984173673
1271596981727657984,negative,7.2884477388465e-05
1271596982000287744,negative,0.0022655814773819235
1271596982205898758,negative,0.12622125124651223
1271596982516305920,negative,3.8431245989478195e-05
1271596982814085121,neutral,0.526545098612232
1271596984273702912,negative,0.03315174901881344
1271596986265997314,positive,0.671337306919619
1271596987209732099,neutral,0.3388666270450093
1271596988740644866,negative,0.03698380761107348
1271596990326026240,neutral,0.3414330873752426
1271596992741937154,neutral,0.3916387603988135
1271596992985051137,negative,0.0018405111832592704
1271596995862564864,negative,0.10177414374037104
1271596996877520898,negative,0.04116506090928473
1271596998177599489,negative,0.21289327654770523
1271596998387355648,negative,0.016656028492176282
1271596998806953987,negative,0.00016628924848785266
1271596998995726338,negative,1.3733040537914779e-08
1271596999033393153,negative,5.316752468093329e-05
1271596999293513730,negative,0.04445217217724994
1271596999335448582,negative,0.061898746271034984
1271596999633231872,negative,0.0918581850810184
1271596999784177666,negative,0.19767106493145628
1271597000866365441,negative,0.12994389457017524
1271597002116206599,negative,0.04580868801829515
1271597002481111040,negative,0.00016628924848785266
1271597003399708675,negative,0.08048926307149065
1271597003630354438,negative,0.0008248378535085898
1271597005983428608,negative,0.059889250246088856
1271597007740833792,negative,0.00016628924848785266
1271597008516714496,negative,0.05670946645000067
1271597009171030021,negative,0.051187784737298826
1271597009812717572,negative,0.31562848000357085
1271597010714529792,negative,0.011703220097117726
1271597010794184704,negative,0.009272739832239805
1271597015768670210,negative,0.03540741309347112
1271597017031196672,negative,0.021934540707860852
1271597017115111431,negative,7.704362118212568e-05
1271597021334368261,negative,0.002568892176328095
1271597025503608832,negative,0.13223660272479967
1271597027076554753,negative,0.006032194594089851
1271597028129361921,negative,0.00016628924848785266
1271597028280279040,neutral,0.5195043217754086
1271597028355776515,negative,0.16437877331818024
1271597028372611073,negative,0.01772690085378121
1271597029903523840,negative,0.009263039052917739
1271597030151016449,negative,1.362600136978839e-07
1271597030268448768,negative,0.23807036521796154
1271597030960316417,negative,0.16437877331818024
1271597031681859586,negative,0.00011791760518418482
1271597032663367686,negative,0.015946341074103896
1271597033548402689,negative,0.00016628924848785266
1271597034215280640,negative,0.14893131294217962
1271597034680676352,negative,0.008678322453005143
1271597036782174213,positive,0.9417384588460593
1271597038497681408,negative,0.0006549098437380878
1271597038959054855,negative,0.002790473503468035
1271597039047061509,negative,0.04580868801829515
1271597040322183168,negative,7.712469263144676e-07
1271597040888434688,negative,0.026469258198538563
1271597042431901697,negative,0.16437877331818024
1271597045141266433,negative,2.4414650645607224e-08
1271597045141377027,negative,0.02220550408502333
1271597047355969536,negative,0.0022534008262551316
1271597047817396224,negative,0.02301667247206716
1271597047943069697,negative,0.03345485995407941
1271597049398640643,negative,7.2884477388465e-05
1271597049860014081,neutral,0.5266607897375037
1271597051294502915,neutral,0.5557609359217999
1271597052380602368,negative,0.00016628924848785266
1271597052884127746,negative,0.00157921824750368
1271597053529993216,negative,0.015946341074103896
1271597053534240769,negative,0.007432483674728788
1271597055308443651,negative,0.13036511436239584
1271597057103532032,negative,0.32003400364182666
1271597057179033600,negative,0.00016628924848785266
1271597059318169602,negative,0.0022064834697839014
1271597060962295808,negative,0.19696061213560703
1271597061260132353,negative,4.143742682840951e-05
1271597062656864261,negative,0.2185336306390161
1271597063579619336,negative,1.8700616583753737e-05
1271597065047597056,negative,0.013078334428387274
1271597066117144577,negative,0.06931033169605402
1271597068361109505,negative,0.29882877204505387
1271597070298894338,negative,4.908254204596775e-07
1271597070441480192,positive,0.8418714218963996
1271597071842381825,negative,0.00157921824750368
1271597072056233984,negative,0.008662462868170809
1271597073675231233,negative,0.16172293845929064
1271597073729757184,neutral,0.4545729117725756
1271597075097149441,neutral,0.522567342745491
1271597075264868352,negative,1.3773061972503753e-05
1271597075441074181,negative,0.1253996594205582
1271597076200251394,negative,0.00014900681969878246
1271597076338683904,negative,0.014697889805242607
1271597077567606785,negative,0.09453210324329077
1271597077924061184,negative,0.019333937200986497
1271597079383719937,negative,0.00016628924848785266
1271597079392063488,negative,0.12239827232910852
1271597080507801602,negative,0.32003400364182666
1271597080662990848,negative,0.00030299843959672086
1271597081409531905,negative,3.251887784698872e-05
1271597081648443392,negative,0.0012607724784801174
1271597081891921920,negative,0.03957470752783128
1271597084546936832,negative,0.00016628924848785266
1271597084765028363,negative,0.22427554837265642
1271597085322645504,negative,0.10468083000665482
1271597087126368257,neutral,0.6598167482987676
1271597088275652608,negative,0.00011791760518418482
1271597088456028161,negative,0.03980030593590898
1271597089227751424,negative,9.035306090641438e-07
1271597089273925633,negative,8.377214718556239e-05
1271597089710116870,negative,2.9178458301932758e-05
1271597090033078274,negative,0.01960605674510256
1271597090175582213,negative,0.00014310857158786675
1271597090196590597,negative,0.002188888745014767
1271597090985201664,negative,0.017960678137063632
1271597091773546502,negative,7.2884477388465e-05
1271597092247670785,negative,0.0882311381289216
1271597093598244864,negative,0.2872448809192512
1271597100682416129,negative,0.00157921824750368
1271597102917799936,negative,0.011703220097117726
1271597147159437318,negative,0.02282647380578316
1271597147784458245,negative,0.10947484028698869
1271597148321140736,negative,0.00016628924848785266
1271597149453762562,negative,1.3503935416113397e-06
1271597150409981952,neutral,0.3864031866001049
1271597151957725189,negative,0.2675637579473606
1271597152561750016,negative,0.12239827232910852
1271597153304051712,negative,0.059263965181369414
1271597154084192261,negative,0.08567657350151074
1271597154965086215,negative,0.006639003908709647
1271597155925573632,negative,0.08700854423997667
1271597157045473281,negative,0.06648539481257931
1271597157968236544,negative,0.002886944683696644
1271597158224015362,positive,0.8403867315473634
1271597158928613377,negative,0.002354434163065829
1271597159020998658,negative,0.00016628924848785266
1271597159608209410,negative,0.07255799178444283
1271597159964643330,negative,0.16437877331818024
1271597161998884865,negative,0.23207491963764787
1271597162317701122,negative,0.0022534008262551316
1271597163592769540,negative,0.005397308829591935
1271597164188352512,negative,0.32808129697419713
1271597164544831489,negative,0.16866863175516558
1271597164725182471,negative,0.007727183623267464
1271597165039755269,negative,0.22619620040918723
1271597165341822978,negative,0.00016628924848785266
1271597166583255041,negative,0.10947484028698869
1271597167581552641,negative,0.014006359751636163
1271597167694827522,neutral,0.3813931779717356
1271597168042733569,negative,0.061898746271034984
1271597168160395265,negative,0.00011791760518418482
1271597170731487235,negative,0.00012072083896891558
1271597172086263809,negative,0.027556450356519963
1271597172878950400,negative,0.00016628924848785266
1271597175437496320,negative,0.0007592583240811136
1271597175865294849,negative,4.143742682840951e-05
1271597176934879234,negative,0.02965934212394405
1271597177643515905,negative,0.061898746271034984
1271597178163732480,negative,3.251887784698872e-05
1271597178344091648,negative,7.057381430586534e-06
1271597179111604225,negative,0.010409351888161885
1271597179409510400,negative,0.002886944683696644
1271597179455655936,negative,0.0882311381289216
1271597180957138945,negative,0.21269840684287064
1271597182676762625,negative,0.0334982722620667
1271597183738023936,negative,0.19696061213560703
1271597185524793345,negative,0.08384635293073044
1271597188305600518,negative,0.31732489718339985
1271597188330803200,negative,0.002314971440726258
1271597188511076354,negative,0.23281264227908388
1271597190801174529,negative,0.017297953964333906
1271597190834728960,negative,0.0016737896560586971
1271597191178719243,negative,0.001249402941077617
1271597191312875521,negative,8.154604400939287e-05
1271597194320240640,negative,0.00016628924848785266
1271597194676776960,negative,0.13223660272479967
1271597197092704257,neutral,0.4971689282361413
1271597198015430656,negative,0.001595334237663935
1271597198422114304,negative,0.008178362527209763
1271597198883643392,negative,0.09690104011848619
1271597199185584131,negative,0.10545490971311897
1271597200284561414,negative,4.060316340183943e-05
1271597200477425665,negative,0.31732489718339985
1271597201190531076,positive,0.8092014523908012
1271597202843066369,negative,0.0334982722620667
1271597204646617090,negative,0.23207491963764787
1271597205800005634,positive,0.6968073737799838
1271597205963649026,negative,0.0035720965160342
1271597207809150978,negative,7.566567867422725e-06
1271597207901417472,negative,0.01606326909193472
1271597210090770432,negative,7.247636489550399e-05
1271597211026145280,negative,0.00016628924848785266
1271597211458174976,negative,0.002154549855428317
1271597214243205121,negative,0.015946341074103896
1271597215505616898,negative,0.05300964209131013
1271597216923295744,negative,0.0057893423743701775
1271597217401446400,negative,0.029553529991656998
1271597218978553856,negative,1.164841024350142e-06
1271597220324880391,negative,0.030520104643771043
1271597220358479874,negative,0.0005311469395199292
1271597220694044672,negative,7.356866137603042e-05
1271597221755133954,negative,7.37922492671626e-05
1271597222308831234,neutral,0.3592554721243534
1271597222430486528,negative,0.09412051680142991
1271597223353225217,negative,0.0011178982111396747
1271597223609073665,positive,0.8418714218963996
1271597224317849602,negative,0.001595334237663935
1271597224934457345,negative,0.0024968577181432848
1271597225630732288,negative,0.10468083000665482
1271597225655898115,negative,0.00016628924848785266
1271597226217832448,negative,0.31888999851805766
1271597226582835200,negative,7.704362118212568e-05
1271597227283267584,negative,0.053862435437332504
1271597229531373569,negative,0.004995027540562221
1271597236141555713,negative,0.014918287633617619
1271597240616980493,negative,7.2884477388465e-05
1271597241560596480,negative,0.018134308750327257
1271597242252697602,negative,0.00020438227240451225
1271597243532001280,negative,0.0004694378520457896
1271597244333133830,negative,0.2793168272936149
1271597244354084864,negative,0.013481005270325632
1271597246853808128,negative,0.0028895979286868686
1271597247218753544,neutral,0.33677065988963156
1271597249425006592,negative,0.238427545908539
1271597249882136577,negative,0.04474466654197991
1271597251077509122,negative,0.014003334576109852
1271597251413118977,negative,0.011824671861269169
1271597252738347008,negative,0.05670946645000067
1271597254407839746,neutral,0.6200590102455651
1271597258765672451,negative,0.00538219475894898
1271597260422463488,positive,0.7500377016963704
1271597260896436224,negative,3.251887784698872e-05
1271597263039737856,negative,0.00016628924848785266
1271597264511750144,negative,4.949919279466177e-06
1271597264922988545,negative,0.1629503653316563
1271597265220775936,positive,0.7500377016963704
1271597265560403969,negative,0.00968677623991872
1271597267141693440,negative,0.02301667247206716
1271597267737292801,negative,0.30790022168255726
1271597268068716544,negative,0.16437877331818024
1271597268832006144,neutral,0.43239902574644784
1271597269121404930,neutral,0.4507454498615163
1271597272824938496,negative,0.02406464017457059
1271597273391251463,negative,0.0003291735782151038
1271597274754359299,negative,0.0005407770537549754
1271597276864135169,positive,0.9759785737357111
1271597278244098048,negative,0.2549782779003366
1271597279452020741,neutral,0.48439634580644964
1271597279930130433,negative,0.061898746271034984
1271597282463485955,negative,0.2782142530098762
1271597283944120321,negative,1.164841024350142e-06
1271597286708195334,negative,0.00157921824750368
1271597287215697920,negative,7.2884477388465e-05
1271597288201355264,negative,0.000986572234680842
1271597289178611712,negative,0.009272739832239805
1271597289782546432,negative,0.009272739832239805
1271597293238661120,negative,8.154604400939287e-05
1271597294387937281,negative,4.143742682840951e-05
1271597296002764806,negative,0.001249402941077617
1271597296162136072,negative,9.92793204103648e-15
1271597296698916869,negative,0.2793168272936149
1271597297202323456,neutral,0.33218997165471514
1271597297416187904,negative,0.001595334237663935
1271597297974104065,negative,0.0953222897471776
1271597298921996288,negative,0.011682250969282649
1271597300058656769,negative,2.825545534753193e-08
1271597300364820480,negative,0.0003291735782151038
1271597301119713280,negative,0.00016628924848785266
1271597301769875457,negative,0.004304179935250414
1271597302747213831,negative,0.10468083000665482
1271597303317630976,negative,0.026615173795510632
1271597306358435840,negative,0.009272739832239805
1271597335135555584,negative,0.0016737896560586971
1271597336284868608,positive,0.7500377016963704
1271597337371009025,negative,2.035881679519066e-07
1271597341619994624,negative,0.2793168272936149
1271597341942992897,negative,0.052587225807859427
1271597342303629314,negative,0.038830899524594044
1271597342505021440,negative,0.09812074417589682
1271597344342016001,negative,0.00016628924848785266
1271597346263097346,negative,9.28840048124349e-08
1271597348230180866,negative,0.21603976955733373
1271597349446520832,negative,0.007398326782816139
1271597351468179457,negative,0.03742606011877842
1271597353598926855,negative,0.0071314570470149925
1271597355368882177,negative,8.154604400939287e-05
1271597355729444865,neutral,0.36016203400974833
1271597355960336385,negative,0.027623790815660947
1271597357604405248,negative,0.009272739832239805
1271597360192253953,negative,0.0395684344638374
1271597360813092864,negative,0.00157921824750368
1271597361039581184,negative,0.08646277107998554
1271597361589075974,negative,0.06643443850685461
1271597363442978817,negative,0.01883496492332951
1271597366961831936,negative,0.033149615113105706
1271597368379572224,negative,0.07520233926586449
1271597369587568640,neutral,0.3461301612184773
1271597369751154688,negative,0.009272739832239805
1271597371382730752,negative,7.2884477388465e-05
1271597372192231424,positive,0.6624055896622104
1271597373236658176,negative,0.1409029612795784
1271597373534474240,negative,0.3147442895623986
1271597373601521667,negative,0.00011755400509523139
1271597374150979584,negative,0.0022534008262551316
1271597376881471488,negative,0.00016628924848785266
1271597377384841222,negative,0.00011791760518418482
1271597377602887690,negative,0.00020438227240451225
1271597379138064387,negative,0.009948484888605605
1271597379897061380,negative,0.00016628924848785266
1271597379934982144,negative,1.0039286878014918e-06
1271597380773740544,negative,0.1088225579264642
1271597381314805760,neutral,0.526545098612232
1271597381683949568,negative,8.154604400939287e-05
1271597382376083458,negative,4.143742682840951e-05
1271597386285158403,negative,0.024266507849056956
1271597386759122950,positive,0.9974019301037603
1271597388931780609,negative,0.0010209018953636505
1271597390592643073,negative,8.154604400939287e-05
1271597391536369664,negative,0.020084975227713835
1271597392488472577,negative,8.154604400939287e-05
1271597392941506561,negative,0.00046762197326962054
1271597393134473218,negative,4.398577885597626e-06
1271597393339916288,negative,0.005211584107610013
1271597395143426051,positive,0.9603877078171027
1271597395806167042,negative,0.14308527386746261
1271597396431175681,negative,0.005211584107610013
1271597396473020419,neutral,0.3566313625838256
1271597397894991878,negative,0.0001658783011141083
1271597398037598213,negative,0.005792966920858257
1271597398893236224,negative,6.0387293898023436e-06
1271597399258140672,negative,7.057381430586534e-06
1271597401078448130,negative,0.02278805638623874
1271597401233600514,negative,0.04896156942107933
1271597401313247232,negative,7.057381430586534e-06
1271597401774702594,positive,0.9238736932261877
1271597402496131074,negative,0.2326253035463406
1271597403196489728,negative,0.008745462555890116
1271597403221655555,negative,0.006145761094224257
1271597404786167809,negative,0.005296310809590432
1271597410071056388,negative,7.2884477388465e-05
1271597410377179138,negative,0.0007514118514354205
1271597411043966976,negative,0.26593736652664085
1271597412474380295,neutral,0.6570570837248025
1271597413124444161,positive,0.7510431521111882
1271597416945528838,negative,0.015386386874891427
1271597417327210497,negative,0.031169962192145084
1271597419684339712,negative,0.0031894709140447737
1271597420560908288,negative,0.21603976955733373
1271597421689294850,negative,0.19176162067841537
1271597421789880322,negative,0.04258011744510042
1271597422180020225,negative,0.1269753858477138
1271597422217756672,negative,0.00016628924848785266
1271597422498713601,negative,2.4899710431274806e-05
1271597422905524229,negative,7.903485360688558e-05
1271597423899672585,negative,0.014974038503875336
1271597423954219009,negative,0.0022064834697839014
1271597424067436549,negative,0.00016628924848785266
1271597424163815429,positive,0.8748936635320782
1271597424419708930,neutral,0.3688120122074838
1271597425673764864,negative,7.057381430586534e-06
1271597427372539906,negative,0.0029802930630058945
1271597430216196096,negative,0.0014727740485538394
1271597430681845760,negative,0.005329141619911078
1271597430849581060,negative,0.007624699741793814
1271597432162353153,negative,0.1590944303373127
1271597433647177729,negative,0.09690104011848619
1271597433693315072,negative,0.012059666328163068
1271597434205016068,negative,0.002886944683696644
1271597436432273408,negative,0.08340563839063311
1271597436440543233,negative,0.004094971858534865
1271597436583186441,negative,0.2793168272936149
1271597438927765506,negative,4.701275901204577e-06
1271597439938592773,negative,0.017960678137063632
1271597440521531392,negative,0.0018405111832592704
1271597441536741376,negative,0.014084714266604624
1271597441654153221,negative,2.4899710431274806e-05
1271597441775738881,negative,0.028645310676511025
1271597442019069958,negative,0.053140809492412
1271597442706935811,negative,7.2884477388465e-05
1271597444053323777,positive,0.7500377016963704
1271597444070064130,negative,0.00016628924848785266
1271597445437247488,negative,0.04128357388082546
1271597446171328512,negative,0.00016628924848785266
1271597447492616194,negative,0.00012977459874776177
1271597452030873600,negative,0.030102962130404507
1271597453331042305,positive,0.7500377016963704
1271597453536419841,negative,4.925220128641612e-06
1271597459073118210,negative,0.00016628924848785266
1271597461728047104,negative,9.250877231731503e-05
1271597463263199235,negative,0.0006414258503256927
1271597463770710027,negative,0.025184429125877723
1271597464076894212,negative,0.012171498255398096
1271597464332767232,negative,0.018720000499947858
1271597465964347395,negative,0.011703220097117726
1271597466903814145,neutral,0.36016203400974833
1271597467163856896,negative,0.015946341074103896
1271597467755307010,negative,3.837768999389445e-05
1271597468279607296,negative,1.8412264907385886e-08
1271597470536077313,negative,0.2621435295041906
1271597471475683328,negative,0.015946341074103896
1271597472129802241,negative,0.018720000499947858
1271597472176111616,negative,3.251887784698872e-05
1271597472826241026,negative,0.027440029382456124
1271597473912545286,negative,0.00016628924848785266
1271597474013159424,negative,0.18909143581032145
1271597474088656896,negative,0.002684797877339052
1271597475250556928,negative,0.009272739832239805
1271597475753799681,negative,0.00046762197326962054
1271597476793987074,negative,0.2864145558920463
1271597478362710016,negative,0.02644409414121884
1271597480128495616,negative,0.05732823808423808
1271597480912789504,negative,0.026615173795510632
1271597481143525376,negative,0.17522951496553743
1271597485606109184,negative,0.044219876401677856
1271597489729273856,negative,0.00016628924848785266
1271597490161278982,negative,0.00016628924848785266
1271597490417152002,negative,0.015631418177161006
1271597490425520128,negative,0.0003291735782151038
1271597491704811520,negative,0.1474561844791197
1271597491725701121,negative,0.0001416548506366076
1271597492191322112,negative,0.00011791760518418482
1271597493269286912,neutral,0.36016203400974833
1271597493344600065,negative,0.21445661357996074
1271597495148216320,negative,0.2569624598473517
1271597495542517760,negative,0.055729676515545584
1271597495873929216,negative,0.28177427645092895
1271597497161580545,negative,7.057381430586534e-06
1271597497279012866,negative,0.009272739832239805
1271597499107676172,negative,0.00016823968684374503
1271597499116130307,negative,0.0008076991738120771
1271597500034699266,negative,0.13280836654810102
1271597501821353984,negative,0.053939819133290434
1271597502433767424,negative,0.006592002370040873
1271597502534422528,negative,0.005626392366426678
1271597503033548801,negative,3.830639651382992e-05
1271597503876485122,negative,7.2884477388465e-05
1271597504526790662,negative,0.10947484028698869
1271597505122373638,positive,0.875804501302929
1271597505902530561,negative,0.011703220097117726
1271597507550871554,negative,0.009272739832239805
1271597508528087040,negative,0.06847502381939695
1271597509656395777,negative,0.01999172547592393
1271597510256189441,negative,0.05398132386401642
1271597510293946369,negative,7.61692087268555e-05
1271597511875211264,negative,3.251887784698872e-05
1271597511942307840,negative,0.013832604122025508
1271597511946444801,negative,0.028829308868103528
1271597513544474624,negative,0.00011003211814468425
1271597514089803777,negative,4.143742682840951e-05
1271597514341453825,negative,0.012522383558444582
1271597514970533890,negative,0.004238223789171678
1271597515142561792,negative,0.07762784543750909
1271597553071652865,negative,0.009577547696804497
1271597554971684864,negative,7.2884477388465e-05
1271597555261071360,negative,0.00019914639811986312
1271597555395280897,negative,0.32231609592571275
1271597557446107136,negative,0.011682250969282649
1271597557521813505,negative,1.164841024350142e-06
1271597557999951873,negative,0.06688957655723031
1271597558239039490,negative,0.18909143581032145
1271597561380343808,negative,0.00016628924848785266
1271597561732882432,negative,0.00016628924848785266
1271597561888092161,negative,0.07255799178444283
1271597562001317891,negative,0.015495196099990964
1271597562735267841,neutral,0.5471020461600712
1271597563171475457,neutral,0.5885817645849453
1271597564664647685,negative,0.014626738518668182
1271597564719030272,negative,0.23281264227908388
1271597564857647105,positive,0.671337306919619
1271597567399395329,negative,0.0016136384660284026
1271597568166899712,negative,0.008178362527209763
1271597568884199431,negative,0.002886944683696644
1271597569001603075,negative,1.4530544656520685e-05
1271597571052625920,negative,0.07504111504274476
1271597571883118597,negative,0.0022064834697839014
1271597572470251520,negative,0.00016628924848785266
1271597573682475021,negative,4.482972286831164e-06
1271597575288864770,negative,0.018720000499947858
1271597575540482049,neutral,0.36016203400974833
1271597576999981057,negative,0.044219876401677856
1271597577855737856,negative,0.0029802930630058945
1271597578237476871,negative,0.0009361472042512209
1271597579327995909,negative,0.006005128771758645
1271597581295067139,negative,0.006037807319365434
1271597581341204480,negative,0.02767354624375706
1271597581966159873,negative,4.143742682840951e-05
1271597582368641024,negative,0.00015364674161336286
1271597582385643525,negative,0.0029802930630058945
1271597582456938496,negative,0.04413853096719286
1271597585329991681,negative,0.002684797877339052
1271597585761996800,negative,0.18909143581032145
1271597585883594758,negative,0.011703220097117726
1271597586353475585,negative,4.143742682840951e-05
1271597587284611073,negative,0.0029802930630058945
1271597587347496960,negative,0.00016628924848785266
1271597588639354881,negative,9.250877231731503e-05
1271597589813702659,positive,0.7500377016963704
1271597592867147778,negative,1.4530544656520685e-05
1271597593945083905,neutral,0.5471020461600712
1271597595190857734,negative,0.0001416548506366076
1271597595429941249,neutral,0.37988771506375624
1271597595585060865,negative,0.2864145558920463
1271597596893741058,negative,0.0099536958179938
1271597598965747713,neutral,0.5475144922864627
1271597599703937024,negative,0.03599146111286539
1271597602627297280,neutral,0.5224160851291691
1271597602711072768,negative,0.12239827232910852
1271597603939954688,negative,0.28856698383825785
1271597604841930754,negative,7.2884477388465e-05
1271597608419680257,negative,4.30148072202637e-06
1271597608507670528,negative,0.043858286581068495
1271597610969772034,positive,0.8154950852205297
1271597612089647109,negative,0.00016628924848785266
1271597613004005376,negative,0.023872504189481978
1271597613083656195,negative,3.251887784698872e-05
1271597613494661120,negative,1.687687643189613e-09
1271597614023180288,negative,0.008658099919513919
1271597614547578881,negative,0.025640992896656993
1271597614555959297,neutral,0.5382559630277205
1271597616627716098,negative,0.02772639301037019
1271597618989338626,negative,0.31732489718339985
1271597624391598081,neutral,0.4255440481010681
1271597626996264962,negative,9.250877231731503e-05
1271597627944120332,negative,0.002886944683696644
1271597630657830912,negative,0.08646277107998554
1271597633606475780,negative,0.22339120729338718
1271597635682603008,negative,0.006472192182352536
1271597635682684931,negative,0.0001416548506366076
1271597636416606209,negative,0.0033427357495793334
1271597637192605696,negative,0.0002487677856993227
1271597638987796480,negative,0.0003291735782151038
1271597639679774728,negative,0.02724850514749215
1271597641458159618,negative,0.2862692039324887
1271597642041212936,negative,0.13223660272479967
1271597643941048320,negative,0.30895589162194187
1271597643958030336,positive,0.7500377016963704
1271597644209623042,neutral,0.45539778705163764
1271597646797508609,negative,0.002127697413838248
1271597650920517638,negative,0.006554211663221809
1271597651700649985,neutral,0.36016203400974833
1271597651750989825,negative,0.12239827232910852
1271597652812185600,negative,0.003009668355977317
1271597653428785158,negative,0.002378641816150978
1271597653969850370,negative,0.1203090358454427
1271597654196342785,negative,0.029160432015274185
1271597656238940162,negative,2.4899710431274806e-05
1271597659262988288,negative,0.19696061213560703
1271597661188128774,negative,0.0334982722620667
1271597661313994753,negative,0.0037039873446359935
1271597662396018689,negative,0.0011597645236038512
1271597662677000192,negative,0.0011597645236038512
1271597663733944322,negative,0.15512767306549083
1271597664308772864,negative,0.15512767306549083
1271597665223147527,negative,0.00016628924848785266
1271597665680347137,negative,0.001595334237663935
1271597668666617862,negative,0.05880812121903459
1271597670188998659,negative,0.021106362968307153
1271597670210166784,negative,0.03980030593590898
1271597673943109637,negative,0.23923325162317483
1271597674672926723,negative,0.09803512179917526
1271597674895151104,negative,0.04258011744510042
1271597674983239680,negative,3.373492774743975e-05
1271597675826294784,positive,0.9976765698540261
1271597676723912704,negative,0.019479410975471956
1271597677390823426,negative,0.000518597035473163
1271597678787530753,neutral,0.4217270523550445
1271597680091967488,neutral,0.3663254965114958
1271597681450930182,negative,3.251887784698872e-05
1271597681828298754,negative,0.1917502176004944
1271597684650991616,negative,7.712469263144676e-07
1271597685217378307,negative,0.055729676515545584
1271597685481635841,negative,0.31732489718339985
1271597688585322497,negative,0.05670946645000067
1271597689759772672,negative,0.037779385445052
1271597689948471301,neutral,0.6080386821958005
1271597690539958272,negative,0.018126532623021104
1271597691135504386,negative,7.133977311278145e-10
1271597691848531974,negative,0.0007795886463002891
1271597692058304518,negative,0.014697889805242607
1271597692582576129,negative,0.015946341074103896
1271597695128518657,negative,0.005034614175276367
1271597695753433088,negative,0.015631418177161006
1271597696634228736,negative,0.1474561844791197
1271597697821216770,negative,0.03556878753995066
1271597698924322819,negative,0.015946341074103896
1271597699092156416,negative,0.007030228653196644
1271597699712811008,negative,0.12118315310551082
1271597700501377029,negative,0.024266507849056956
1271597701352710146,negative,2.035881679519066e-07
1271597701902348288,negative,0.00016628924848785266
1271597702678302720,negative,0.015946341074103896
1271597702761951232,negative,0.011703220097117726
1271597703261282309,negative,0.008668836594438374
1271597704276213760,negative,0.03980030593590898
1271597705006141440,positive,0.8809043908733358
1271597705094148096,negative,0.02158462469058107
1271597706276995072,positive,0.7500377016963704
1271597708839698432,negative,0.04103808605092451
1271597710840401925,neutral,0.5729047508925295
1271597711628939264,neutral,0.4348306026261923
1271597711695937537,negative,0.2479622837164747
1271597712182566912,negative,0.009272739832239805
1271597712186707969,neutral,0.526545098612232
1271597712685727744,negative,3.460652952883197e-06
1271597713050796032,negative,8.154604400939287e-05
1271597715126996992,negative,0.03911684163661599
1271597715760336897,negative,0.005211584107610013
1271597716020375553,negative,0.0011945142191686934
1271597716196515843,negative,0.021106362968307153
1271597717257682946,negative,0.08048926307149065
1271597717551284224,negative,0.000683228686613055
1271597718247538692,negative,0.2606765541208349
1271597718423646208,negative,0.14308527386746261
1271597720877350913,negative,0.0033991842703517306
1271600124691701762,negative,0.0802169327237387
1271600124821733377,neutral,0.3662353971919655
1271600125190832133,negative,6.0030656451699375e-05
1271600125966790656,negative,0.00016628924848785266
1271600126222630912,negative,7.2884477388465e-05
1271600126339973120,negative,0.13963770492355695
1271600126977617920,negative,0.02394297812395357
1271600128151953411,negative,0.010681078379886806
1271600133252186115,positive,0.9218065724366253
1271600133466198017,positive,0.7500377016963704
1271600134489587715,negative,0.052587225807859427
1271600134934102016,negative,0.055729676515545584
1271600135223627776,negative,0.10798390454567959
1271600135277932548,negative,0.19467362986331851
1271600138440540162,negative,0.0003613131276386131
1271600138532896768,negative,0.18909143581032145
1271600140545978368,negative,0.11162762197975168
1271600140852264965,negative,3.251887784698872e-05
1271600140911067136,negative,0.015386386874891427
1271600142123139072,neutral,0.6544357113799306
1271600144744677380,positive,0.840765347736127
1271600144841089024,neutral,0.6457853509825277
1271600146069979138,negative,9.48886006207265e-06
1271600146330107905,negative,3.251887784698872e-05
1271600148267794432,negative,0.029160432015274185
1271600151342256128,negative,0.026615173795510632
1271600153095528448,negative,0.00016628924848785266
1271600154370588679,negative,0.0003978662136954545
1271600155423313920,negative,0.00016628924848785266
1271600156224487424,neutral,0.48773238291385845
1271600156991844352,negative,0.17441048382648944
1271600159529500672,negative,0.15172430354159036
1271600159537991680,negative,0.031252089843059085
1271600160741752832,positive,0.7646606454684338
1271600160783597571,negative,0.00016628924848785266
1271600162465615873,neutral,0.41781860539170623
1271600163086360582,negative,0.0334982722620667
1271600163765784581,negative,0.0002102028423588158
1271600164671651840,negative,0.030520104643771043
1271600164831141889,negative,0.11162762197975168
1271600164982132736,negative,0.0007904662856937187
1271600165753929729,negative,0.18909143581032145
1271600165858816001,negative,0.11162762197975168
1271600166836076544,negative,1.625979719624611e-05
1271600168102699010,negative,0.03365236148123999
1271600170304786432,negative,0.21603976955733373
1271600171500044288,negative,0.02125031567560672
1271600173999849473,negative,0.008178362527209763
1271600174205468674,negative,0.00016628924848785266
1271600177120493568,negative,0.009272739832239805
1271600178403831808,neutral,0.3564603713498756
1271600178965868544,neutral,0.3564603713498756
1271600179087577088,negative,0.00157921824750368
1271600179154731008,negative,0.00016860597091585103
1271600179779710978,negative,0.004304179935250414
1271600180136161280,negative,0.0010512437128292194
1271600184867393540,negative,0.009272739832239805
1271600184988925953,negative,0.05034456747065925
1271600185064542208,negative,0.04452012351409817
1271600185198686214,neutral,0.5063531925391163
1271600185496354816,neutral,0.439097061681715
1271600187568504832,negative,0.02609491482742112
1271600187664928768,negative,0.00016628924848785266
1271600188549926912,negative,0.0334982722620667
1271600188654837761,negative,0.11162762197975168
1271600189208498181,positive,0.9570284248653042
1271600191200731137,negative,0.2675637579473606
1271600191578177536,negative,0.0007904662856937187
1271600192052006912,negative,0.09180553915890398
1271600193067196423,negative,0.00016628924848785266
1271600194770042881,positive,0.7500377016963704
1271600195432787970,negative,0.00016628924848785266
1271600198695952393,negative,0.00016628924848785266
1271600200809951232,negative,4.143742682840951e-05
1271600201447493633,negative,1.9777806391167352e-05
1271600201787232257,negative,0.001595334237663935
1271600202290475008,positive,0.6812882083553091
1271600203771056133,negative,0.009272739832239805
1271600203930284032,negative,3.352327843133718e-05
1271600205847298053,positive,0.7334030526933847
1271600206086320128,positive,0.872062759871255
1271600206262476800,negative,0.023352538805519553
1271600207961210881,negative,0.041863098365780615
1271600208066088960,negative,0.32003400364182666
1271600209999560704,neutral,0.39907528913096074
1271600216718917636,negative,0.0009045811547282676
1271600217889091585,negative,1.3773061972503753e-05
1271600219889831936,negative,0.09412051680142991
1271600220078518272,negative,0.0672770373814434
1271600220388950019,negative,0.1859982049138781
1271600221768814592,negative,5.691097040564636e-05
1271600222226067456,negative,0.025423849341311082
1271600223937269760,negative,7.2884477388465e-05
1271600225317240835,negative,0.014006359751636163
1271600227208871936,negative,0.010409351888161885
1271600229876367361,negative,0.1203090358454427
1271600230400753664,negative,0.12239827232910852
1271600236750872577,negative,0.18909143581032145
1271600239808516097,negative,0.0016034919563370528
1271600240869736448,negative,7.2884477388465e-05
1271600242006384642,negative,0.0509234215209876
1271600242241216513,negative,0.16437877331818024
1271600243482800128,negative,0.018720000499947858
1271600244774469632,negative,0.024057331512429052
1271600244875317248,neutral,0.36016203400974833
1271600244883685376,negative,0.00016628924848785266
1271600248880803840,negative,3.251887784698872e-05
1271600249421914113,neutral,0.3480913427848382
1271600250692698112,neutral,0.5463665679204465
1271600251401535491,negative,0.00011791760518418482
1271600254878703617,neutral,0.41661895030617113
1271600254941646848,neutral,0.34816632737138115
1271600255927308289,negative,0.011703220097117726
1271600256505966592,negative,0.19767106493145628
1271600256740884483,negative,0.004304179935250414
1271600257164550148,negative,0.051809367455641846
1271600257579782146,negative,1.062063940850468e-06
1271600258804600833,negative,0.033149615113105706
1271600259400114177,negative,0.04474466654197991
1271600259983122433,negative,0.18909143581032145
1271600260251414529,negative,0.16437877331818024
1271600261719560193,negative,0.1513514464879823
1271600261983862784,negative,0.0007564012384373795
1271600263481131009,negative,7.050333776737172e-05
1271600264978542592,negative,0.01960605674510256
1271600265972584449,negative,0.0015919888640705193
1271600266052239360,negative,0.07783904481023335
1271600266077495296,neutral,0.4507454498615163
1271600266165522436,negative,7.380203497289003e-05
1271600267222548480,negative,0.07416391067742945
1271600267981664258,negative,0.18909143581032145
1271600268426215424,negative,0.0046102046405892515
1271600269537787904,neutral,0.42507619662732005
1271600271018295296,negative,0.0882311381289216
1271600272570228737,negative,5.849996697746246e-06
1271600273191047169,negative,2.2660725324494632e-05
1271600273501364226,neutral,0.522567342745491
1271600275133026307,negative,0.04674479343127386
1271600276911214593,negative,0.00016628924848785266
1271600277343395842,negative,6.69109186432083e-10
1271600278618374144,negative,5.742230115317966e-07
1271600279969038336,negative,0.01071626663688627
1271600280589619202,positive,0.8058371119747353
1271600281000779776,negative,0.11162762197975168
1271600281038589953,negative,0.00016628924848785266
1271600282938597376,negative,0.00025521795545906155
1271600284469518338,negative,0.06720244401829256
1271600285899685888,negative,0.004416245848791715
1271600286105288709,negative,0.02301667247206716
1271600287501955073,negative,0.06896063962103985
1271600289112567819,negative,0.002169992923019391
1271600289867534340,negative,0.0006687865171235666
1271600290094080000,negative,0.0017540416746058475
1271600290274443269,negative,0.010036326833641442
1271600290714619904,neutral,0.36016203400974833
1271600291373334529,negative,0.11162762197975168
1271600291385937922,neutral,0.6544357113799306
1271600294590320641,negative,0.2793168272936149
1271600295274065921,negative,7.704362118212568e-05
1271600295378915328,negative,4.949919279466177e-06
1271600295991300097,negative,0.03421521900382613
1271600296167424000,negative,0.00016628924848785266
1271600296544870401,negative,2.3468559035606605e-13
1271600297266331648,negative,0.06203051974259992
1271600297828376576,negative,0.002886944683696644
1271600298948202496,negative,0.16172293845929064
1271600299640328192,negative,0.0004339574580390042
1271600300324007937,negative,9.201371956156796e-05
1271600303603777538,negative,0.027565523875858356
1271600303717208069,negative,0.0007904662856937187
1271600304203673600,neutral,0.5855146562840373
1271600307726925825,negative,0.015946341074103896
1271600308507082758,negative,0.025423849341311082
1271600310402809858,negative,0.00016628924848785266
1271600310910423040,negative,0.00016628924848785266
1271600311472230402,negative,0.17789058408954797
1271600312906735616,negative,0.021631452839518554
1271600312940445701,negative,0.011703220097117726
1271600314043584513,negative,4.143742682840951e-05
1271600314630709249,negative,0.3090174163030208
1271600314945351681,negative,0.05584461153836012
1271600316316696576,negative,0.12239827232910852
1271600317105426435,negative,0.018134308750327257
1271600317956841472,negative,8.154604400939287e-05
1271600318028054530,negative,0.1748885911614985
1271600319965933572,negative,8.154604400939287e-05
1271600320833978373,neutral,0.41661895030617113
1271600322599768064,negative,0.003738600111901525
1271600323216519170,negative,0.00011791760518418482
1271600324785197059,positive,0.9615673433593547
1271600325552726018,negative,0.10968444715585364
1271600331097546755,negative,0.24523279756045951
1271600331147874306,negative,0.07235160904019335
1271600332150386695,negative,0.04128357388082546
1271600332695638017,negative,0.025423849341311082
1271600333278507009,negative,2.016583760981249e-07
1271600333295357954,negative,3.251887784698872e-05
1271600333597409280,neutral,0.4001021607442458
1271600335295922176,negative,0.10468083000665482
1271600336940208129,neutral,0.41781860539170623
1271600338441732098,negative,0.025423849341311082
1271600338492108801,negative,0.005626392366426678
1271600339339206657,negative,0.04674479343127386
1271600340945612801,negative,0.00011791760518418482
1271600346683637761,negative,0.0008492831164469671
1271600347669237761,negative,0.04755512871866949
1271600348126416898,negative,0.00016823968684374503
1271600348537511936,negative,0.01263487382205341
1271600348927602694,negative,0.00016628924848785266
1271600350798270464,negative,0.22173056989900203
1271600352069136389,negative,3.251887784698872e-05
1271600355244158976,negative,0.008668836594438374
1271600355546206208,negative,0.031368623554837084
1271600357999816707,neutral,0.5310934982837057
1271600358935191554,negative,0.13223660272479967
1271600358998126592,negative,0.28253500156667344
1271600359912464388,negative,0.10298557338898431
1271600360050876416,negative,0.00016628924848785266
1271600361732702209,negative,0.002987148186803184
1271600364333289472,negative,3.251887784698872e-05
1271600364677148672,negative,0.12239827232910852
1271600364693843968,negative,0.18233502258822923
1271600365172072448,negative,0.14097467724810112
1271600366044528641,negative,0.00016628924848785266
1271600366585614336,negative,0.31732489718339985
1271600367646707714,negative,0.00011791760518418482
1271600369387405314,neutral,0.47767126215885464
1271600370050105345,negative,0.0016136384660284026
1271600371270639618,negative,0.0005410264435965395
1271600372302430208,negative,0.03943637585830332
1271600372457627649,negative,0.0037472196127091894
1271600372935688193,negative,0.11162762197975168
1271600373594234880,negative,0.04622763662947095
1271600376106684416,neutral,0.4317730433104586
1271600376484106242,positive,0.8418714218963996
1271600376865751040,positive,0.8890922804352984
1271600376945479680,negative,0.009627747308083953
1271600378040266752,negative,0.010409351888161885
1271600378983915537,negative,0.03980030593590898
1271600379248050177,negative,0.008178362527209763
1271600379441172481,negative,2.9178458301932758e-05
1271600379759939584,negative,0.11162762197975168
1271600381768855552,negative,0.12239827232910852
1271600381919932423,negative,0.00016628924848785266
1271600382708416513,negative,0.00016628924848785266
1271600384587563009,negative,0.09412051680142991
1271600385195749377,negative,0.04755512871866949
1271600388681146370,positive,0.6691491676081341
1271600389444550657,negative,0.11162762197975168
1271600389771714560,neutral,0.3916387603988135
1271600391663292416,negative,0.12239827232910852
1271600392749699074,negative,0.015946341074103896
1271600393701621760,negative,0.12239827232910852
1271600394775539717,negative,0.009724229185849755
1271600395647889408,negative,0.00157921824750368
1271600396809592832,negative,0.015569333486641903
1271600397115850753,negative,0.037108852320793896
1271600399426838528,negative,0.22812399704143999
1271600399573757952,negative,0.09288522946839645
1271600399607377921,negative,0.002886944683696644
1271600401566007297,negative,0.00016628924848785266
1271600402887249920,negative,0.11162762197975168
1271600403373797382,negative,0.04622763662947095
1271600405563269123,negative,0.0022064834697839014
1271600405793947652,negative,0.008178362527209763
1271600406930632711,negative,0.31732489718339985
1271600408214061056,neutral,0.3651191754201797
1271600408562225153,negative,0.013832604122025508
1271600410617352193,neutral,0.6544357113799306
1271600412697735169,negative,0.0007423007700769165
1271600413154988034,neutral,0.49789225920557484
1271600414799077376,negative,0.03392608872251922
1271600416657231872,negative,0.0334982722620667
1271600417265389569,negative,0.00157921824750368
1271600418091655169,negative,0.07207650801711764
1271600419169619971,neutral,0.5092492460878077
1271600420004270081,negative,3.5604782255728766e-08
1271600421102972929,negative,0.006037807319365434
1271600421417766913,neutral,0.4190935437062381
1271600421501534208,negative,0.0851059123475947
1271600421619085312,negative,0.002886944683696644
1271600421727924224,negative,0.0006784235097797078
1271600423770755073,negative,0.04996284476462266
1271600423829471233,neutral,0.4662169283079212
1271600423908937729,negative,0.2400584705209541
1271600424785784833,negative,0.18909143581032145
1271600425201020930,positive,0.7500377016963704
1271600425557463042,negative,0.00016823968684374503
1271600425817513985,negative,0.015946341074103896
1271600425893052422,neutral,0.3480913427848382
1271600425918255104,negative,0.17000669475869049
1271600428355129345,negative,0.25910767712545896
1271600429814743040,negative,1.2521100643292283e-06
1271600429823135748,negative,0.12950625870450028
1271600431286956033,negative,0.025527589564474408
1271600431421063168,negative,0.0002355472701445713
1271600431760695298,neutral,0.48438543241577153
1271600439310585865,negative,0.0364201159833948
1271600441537814531,negative,0.02607285821643534
1271600442728988672,negative,0.02301667247206716
1271600443051986949,positive,0.9218065724366253
1271600444469633024,negative,0.044250324168224095
1271600444977152001,negative,0.24590311229347844
1271600445425934336,negative,0.10947484028698869
1271600446902349824,neutral,0.3996580091506196
1271600449783762944,negative,0.02640896163655041
1271600450630975490,negative,3.251887784698872e-05
1271600452061335558,negative,4.143742682840951e-05
1271600455261532160,negative,0.18065461751285122
1271600455483785217,negative,2.4899710431274806e-05
1271600457354563584,negative,0.004018611877888443
1271600458558300165,negative,0.13223660272479967
1271600458948390913,negative,0.09288522946839645
1271600459816501248,negative,0.015386386874891427
1271600460554780672,negative,0.10401250206118733
1271600461892726784,negative,2.826462064459585e-05
1271600462547030016,negative,3.460652952883197e-06
1271600462702272512,neutral,0.3396404128754322
1271600463612383237,negative,0.11162762197975168
1271600465327898627,negative,0.018405174931227626
1271600466598793217,negative,7.2884477388465e-05
1271600466951094273,negative,0.16721056823019648
1271600467806650373,negative,0.010409351888161885
1271600468045762560,negative,0.11162762197975168
1271600468406538245,neutral,0.5495922250151081
1271600469123780610,negative,0.2501008089784364
1271600470285529088,negative,1.8412264907385886e-08
1271600472537866240,negative,0.11338245739417602
1271600472894423040,negative,7.2884477388465e-05
1271600474978910209,negative,0.021106362968307153
1271600478242189313,negative,0.11162762197975168
1271600479055884289,negative,0.008658099919513919
1271600479093563392,positive,0.6624055896622104
1271600479991205889,negative,0.020084975227713835
1271600482268610564,negative,0.0004219252788017271
1271600484982423555,negative,0.01068482724068802
1271600485192122369,negative,0.18574394670465516
1271600486676905987,negative,0.1203090358454427
1271600486794301440,negative,0.002255146416754294
1271600487297622017,negative,1.7649349592754364e-10
1271600487721304072,negative,0.08239614744311737
1271600490518908933,negative,0.1203090358454427
1271600496277667845,neutral,0.48439634580644964
1271600496961257474,negative,0.16437877331818024
1271600497615609857,negative,0.005571168276509316
1271600498605465601,negative,0.16437877331818024
1271600499683471363,negative,0.00016628924848785266
1271600500497154054,negative,0.1576243657246588
1271600501805723648,neutral,0.3403391890910929
1271600503089217538,negative,0.0004629275112279373
1271600503122624515,negative,7.2884477388465e-05
1271600503252758530,neutral,0.5714035446144284
1271600503600766976,negative,0.03345485995407941
1271600505316347906,negative,0.0015283004847885752
1271600507942027265,positive,0.6812882083553091
1271600508118142976,negative,0.009272739832239805
1271600508122345478,neutral,0.3823579612382744
1271600510169161729,negative,0.01163510314723742
1271600510559301633,negative,0.00025521795545906155
1271600510882263042,positive,0.9737497485985791
1271600512685813760,negative,7.2884477388465e-05
1271600513054892032,negative,0.017665604790278573
1271600513801478156,negative,0.015386386874891427
1271600514430496771,negative,7.2884477388465e-05
1271600516615811073,negative,5.122815442068806e-05
1271600517337149440,positive,0.7500377016963704
1271600517391831040,negative,0.18909143581032145
1271600519354728448,positive,0.7500377016963704
1271600520462041094,negative,0.015386386874891427
1271600520814305282,negative,0.10352793160984738
1271600521548357637,negative,0.00016628924848785266
1271600522747920384,negative,0.015946341074103896
1271600522932269056,negative,0.015450070542756196
1271600524283052034,negative,0.015946341074103896
1271600526380105729,negative,7.057381430586534e-06
1271600527718170625,negative,0.09288522946839645
1271600528238284806,negative,2.7186288753563646e-05
1271600528263348226,negative,0.01606326909193472
1271600528359927809,positive,0.839777294371981
1271600528913506304,negative,0.18853991154792968
1271600530222186502,neutral,0.3396404128754322
1271600531358846976,negative,0.11162762197975168
1271600531878883328,neutral,0.5063531925391163
1271600532180926464,negative,0.11008771527725059
1271600532491251714,neutral,0.36890285037924797
1271600535133515776,negative,0.2675637579473606
1271600535255371780,negative,0.04776276729038092
1271600535720931328,neutral,0.3396404128754322
1271600537033748482,negative,0.0509234215209876
1271600538254221312,negative,0.00016628924848785266
1271600538858242048,negative,0.04474466654197991
1271600539512573952,negative,0.08152795384705933
1271600539839737858,negative,5.122815442068806e-05
1271600540720513024,positive,0.6942308149021214
1271600540959608833,negative,0.0016737896560586971
1271600541186080768,neutral,0.5855146562840373
1271600542331084803,negative,0.2367857765170704
1271600543065092102,negative,0.0055726771020671775
1271600546680647681,positive,0.9994246820902423
1271600549079769092,negative,7.057381430586534e-06
1271600549490819077,negative,0.06453135004924106
1271600549868253185,negative,0.016749564453861727
1271600551487127552,negative,0.2049480114048363
1271600551697043461,positive,0.8442014614349974
1271600555400613889,negative,0.015386386874891427
1271600557409685506,negative,0.0024968577181432848
1271600557539627008,neutral,0.4507454498615163
1271600558642737152,negative,0.062255113664279896
1271600560567922688,negative,0.018469702239864577
1271600564145659905,negative,0.00157921824750368
1271600569375997954,negative,0.0022064834697839014
1271600573037662208,negative,0.007200311266254131
1271600573549367296,negative,0.00046762197326962054
1271600573910003712,negative,0.05506823867388736
1271600574765637633,neutral,0.3396404128754322
1271600575570993152,negative,0.026615173795510632
1271600576929947650,negative,0.012934205770716798
1271600576955125760,negative,1.4185771587739037e-06
1271600578934775809,negative,0.0015283004847885752
1271600579027107842,neutral,0.4147342023902695
1271600580084072449,negative,0.11162762197975168
1271600581002563584,negative,0.004304179935250414
1271600581413666816,negative,0.0003056202738620354
1271600581870673920,negative,0.011703220097117726
1271600582458040321,negative,0.0025354455852608566
1271600585704271874,negative,0.028829308868103528
1271600585725358080,negative,0.10468083000665482
1271600587319250944,negative,0.03980030593590898
1271600589609336832,negative,0.008683777764710727
1271600593711370242,neutral,0.3396404128754322
1271600596223754242,negative,0.10798390454567959
1271600596664102912,negative,0.07235160904019335
1271600597762863104,negative,0.00798617966158689
1271600601298808832,negative,2.7805512401918756e-05
1271600602502610945,neutral,0.3687191056224944
1271600603207208960,negative,0.008662462868170809
1271600603433762816,negative,0.00016628924848785266
1271600603618295810,negative,0.005626392366426678
1271600603630886912,negative,0.002886944683696644
1271600605564469254,negative,0.002472413958545809
1271600605958717442,negative,0.18795859623648656
1271600606923436032,negative,0.09412051680142991
1271600608735199233,negative,3.647174342497627e-06
1271600613588119553,positive,0.8496322213967735
1271600614645002245,negative,8.807948677607718e-09
1271600615555239936,negative,0.008263904878978521
1271600615584608258,positive,0.7500377016963704
1271600617283358721,neutral,0.3414330873752426
1271600617442721792,negative,9.9776447420698e-05
1271600618503839744,negative,0.03980030593590898
1271600618591989760,negative,0.010918320349130326
1271600622811430912,negative,0.00291321229343164
1271600622970732549,negative,0.0685022392774745
1271600623398469632,negative,0.08568955070561995
1271600623574810625,negative,0.009627747308083953
1271600624111693824,negative,0.041863098365780615
1271600624484917248,positive,0.9976765698540261
1271600624745041922,negative,0.2872448809192512
1271600625097289728,negative,0.0615331638563064
1271600627131482124,negative,7.2884477388465e-05
1271600627727171584,negative,0.029847324492047383
1271600628565975040,negative,0.00016628924848785266
1271600629476216832,neutral,0.3396404128754322
1271600629786574848,positive,0.9615673433593547
1271600630428295169,neutral,0.5599581364860494
1271600631350992897,negative,0.002971334935345824
1271600633737555975,negative,7.566567867422725e-06
1271600637118222336,neutral,0.5195043217754086
1271600638267478017,negative,0.002886944683696644
1271600639949316097,neutral,0.42507619662732005
1271600640196780032,negative,1.0116361176390614e-07
1271600641018920961,neutral,0.3396404128754322
1271600641052377089,negative,0.17729329083702194
1271600641585152000,negative,0.032024159883472715
1271600641639473153,negative,0.18795859623648656
1271600643766173696,negative,0.32003400364182666
1271600645217357824,negative,0.0369400736745712
1271600645716525056,negative,0.005477316271386722
1271600646328811520,negative,0.10947484028698869
1271600648912592897,negative,0.2367857765170704
1271600649420054529,negative,0.00041279808053524723
1271600650854576129,negative,0.0615331638563064
1271600653463363584,negative,3.251887784698872e-05
1271600653559791621,negative,0.18909143581032145
1271600653815734273,negative,0.14653088336213962
1271600654545498112,negative,0.002255146416754294
1271600658219761664,negative,0.0054090737765154166
1271600661541593088,negative,0.00016628924848785266
1271600661571010560,neutral,0.5063531925391163
1271600661742968834,negative,0.04258011744510042
1271600662430781441,negative,0.00016628924848785266
1271600664347631618,negative,0.015386386874891427
1271600665031331840,negative,0.0029802930630058945
1271600669749886976,negative,2.7125848454639183e-05
1271600669829615617,negative,0.0071314570470149925
1271600670693625858,neutral,0.5130605840822943
1271600670701953025,negative,0.006483801834163422
1271600670857101313,negative,0.041863098365780615
1271600671545069568,positive,0.7500377016963704
1271600672601858048,negative,0.049126966708144926
1271600672610242561,negative,0.00546559686097177
1271600672614477824,negative,0.14308527386746261
1271600672618582017,negative,0.3267756758907018
1271600672618639363,neutral,0.3959702891452904
1271600672639717376,negative,0.1915352885510931
1271600672710918144,neutral,0.5025260517334001
1271600672736022529,negative,0.026091745880890922
1271600672752824320,neutral,0.3458247051478145
1271600672903839744,negative,1.1264995067085307e-05
1271600673101099009,negative,0.09865424066978401
1271600673184874497,negative,0.010384659658862589
1271600673201836032,positive,0.8475995067736509
1271600673218605056,neutral,0.42891745589627694
1271600673239547908,negative,3.273864310640569e-05
1271600673252151298,negative,0.0003941774091770479
1271600673377988608,negative,4.865704363160167e-07
1271600673386229765,positive,0.9489655976651785
1271600673398812672,negative,0.10808760471121871
1271600673600278529,negative,0.04755512871866949
1271600673767821313,negative,0.02114980236371779
1271600673784823817,negative,0.000846844263577932
1271600673789009925,negative,0.23281264227908388
1271600673864290304,negative,0.038401962453463834
1271600674434883585,negative,0.005491895574107135
1271600675013697536,negative,0.016421495468155915
1271600677496766465,positive,0.7334030526933847
1271600678054563841,negative,0.18795859623648656
1271600679136702469,negative,0.11162762197975168
1271600679153553414,negative,0.18909143581032145
1271600679870705664,positive,0.9615673433593547
1271600680017551367,negative,0.00016628924848785266
1271600681380507648,neutral,0.526545098612232
1271600683796574209,negative,0.031252089843059085
1271600684056612867,negative,0.0597143261938212
1271600684627042305,negative,0.011291671248451733
1271600685608509440,positive,0.9976765698540261
1271600686447419392,neutral,0.45539778705163764
1271600687709732871,negative,0.15968989268927192
1271600687751839744,negative,0.036780352699542856
1271600688896696321,negative,0.097605446239405
1271600689446338562,negative,0.2146258664877687
1271600693577580544,negative,3.693648523863028e-05
1271600693703557123,negative,0.04755512871866949
1271600693854511105,neutral,0.4147342023902695
1271600694622068736,negative,2.601881740094022e-07
1271600694982840321,negative,0.014076162524562482
1271600695687483398,neutral,0.6200590102455651
1271600696559689730,neutral,0.5707899731977283
1271600696572416004,negative,9.133862302657517e-05
1271600698157944836,negative,0.18795859623648656
1271600698367586306,negative,2.104989080876087e-08
1271600698594144259,negative,0.32003400364182666
1271600698703196162,negative,0.02872081749021064
1271600698870947847,negative,0.02301667247206716
1271600698967367681,negative,0.0005419179732246382
1271600699919523842,negative,0.0057893423743701775
1271600701282455553,negative,0.014777947692119077
1271600702922674178,neutral,0.34853628624500577
1271600703996334081,neutral,0.3836005520512109
1271600705116278785,negative,9.133862302657517e-05
1271600705766412291,negative,0.011453360446734121
1271600706076770304,negative,0.0015283004847885752
1271600706554867712,negative,0.04580868801829515
1271600707355979777,negative,0.14893131294217962
1271600709927153666,negative,0.0016737896560586971
1271600710388453376,negative,0.00047889043789425486
1271600712225521665,negative,0.001595334237663935
1271600712271704066,negative,0.013481005270325632
1271600712443662338,positive,0.681611455835383
1271600713144156163,negative,0.11338245739417602
1271600714104651776,negative,0.18909143581032145
1271600714381484032,negative,4.908254204596775e-07
1271600714415058947,negative,0.053402077425382985
1271600715660746752,negative,0.11338245739417602
1271600716486934528,negative,0.3267756758907018
1271600716717740032,negative,0.0016737896560586971
1271600717191680002,negative,0.20771934817642312
1271600717925580802,negative,0.00016628924848785266
1271600719771156483,negative,0.00011791760518418482
1271600719892746241,negative,0.0001530037390956955
1271600720165437441,negative,0.0007019764465729825
1271600721138507778,negative,0.10968444715585364
1271600721952215040,negative,0.00024051102098485966
1271600721960583169,negative,0.09288522946839645
1271600723080417282,negative,0.11162762197975168
1271600724204564480,negative,0.077154190498508
1271600725311840257,negative,0.14308527386746261
1271600726133874688,negative,7.566567867422725e-06
1271600726322696193,negative,0.00016628924848785266
1271600727153152003,negative,0.238427545908539
1271600727237017600,negative,9.133862302657517e-05
1271600729006977025,negative,9.133862302657517e-05
1271600731003510787,negative,0.2675637579473606
1271600731649261570,negative,0.0026893992725146557
1271600731943043073,negative,0.00016628924848785266
1271600732102426624,negative,0.22509533311490187
1271600732798509057,negative,0.08235119539971127
1271600732819447808,negative,0.015386386874891427
1271600733113253889,negative,0.10286935039762236
1271600734333816832,negative,0.0017380276195492809
1271600734891651073,negative,0.2828136932208214
1271600737722695681,neutral,0.3396404128754322
1271600737873727491,negative,0.006037807319365434
1271600738146418688,negative,0.20683928933776474
1271600738234482689,negative,0.00016628924848785266
1271600738628763648,negative,0.00016628924848785266
1271600738851061760,neutral,0.3396404128754322
1271600739589259265,negative,0.14308527386746261
1271600741002678274,negative,0.19640071182145585
1271600744249069574,negative,0.0004918445083161235
1271600744391757824,negative,0.07416391067742945
1271600744865640455,negative,0.007256062810927009
1271600745293459456,negative,0.0015283004847885752
1271600747390648320,negative,0.26834902616417194
1271600747537448962,neutral,0.5204845468715149
1271600748753752067,negative,0.010358646588461258
1271600749336813571,negative,0.004304179935250414
1271600752058871808,negative,0.3036885893297514
1271600753342328832,negative,0.009787578848042856
1271600753573011456,positive,0.7500377016963704
1271600754386702336,negative,0.00016628924848785266
1271600755133292548,positive,0.8181191031146429
1271600755628105730,negative,1.5570027010574494e-05
1271600756601339905,negative,0.2367857765170704
1271600756756537345,negative,0.009233402525808346
1271600757192654852,negative,0.2793168272936149
1271600757595398144,negative,0.031252089843059085
1271600758706909186,negative,0.016792699629045515
1271600758962569216,negative,0.0002355472701445713
1271600759151394818,negative,0.021478721682248736
1271600762192191488,negative,0.12075240040955537
1271600762318213120,negative,0.005397308829591935
1271600762964054016,negative,0.00016628924848785266
1271600763987464193,neutral,0.3491609782215031
1271600764490784768,negative,0.11338245739417602
1271600765526847490,neutral,0.4561385536903323
1271600768328630279,negative,4.482972286831164e-06
1271600768748064768,negative,0.001418276757936756
1271600770711015424,negative,0.010409351888161885
1271600770950053893,negative,0.005477316271386722
1271600771726028803,negative,0.0003361291710651222
1271600771801513985,negative,0.002886944683696644
1271600772401319936,neutral,0.6406430477245607
1271600773269540864,negative,0.18795859623648656
1271600774213238784,negative,0.04674479343127386
1271600774368448513,positive,0.7334030526933847
1271600774448058369,negative,0.015946341074103896
1271600774674513925,neutral,0.5557609359217999
1271600776771764225,negative,0.10468083000665482
1271600776960512002,negative,0.0017306761601493205
1271600777019170817,negative,0.0004979674206574027
1271600777107320834,negative,0.2558007835437801
1271600778512412672,negative,0.002886944683696644
1271600778801790976,negative,0.00020054820409489652
1271600779019857926,negative,0.014436328568871955
1271600779611127808,negative,0.2105774264678966
1271600779984584711,negative,0.0009388690908687018
1271600780685041665,negative,0.004578676687020537
1271600781691625472,negative,0.05153265035499715
1271600782039814151,negative,0.09326068164579845
1271600782895394816,negative,0.07929208852948737
1271600783084191751,negative,0.00016628924848785266
1271600785369989120,negative,0.008658099919513919
1271600785965625344,positive,0.671337306919619
1271600787404345345,neutral,0.507415174953679
1271600788884860929,neutral,0.6406430477245607
1271600789568487425,negative,3.1209356554896404e-06
1271600789803405314,negative,0.0017623084296638008
1271600790315192321,negative,0.029562614859394442
1271600790814285824,negative,0.07244340629826707
1271600792286494720,negative,0.11162762197975168
1271600792416501765,negative,0.025423849341311082
1271600793049878528,negative,0.018720000499947858
1271600793565757441,neutral,0.3414330873752426
1271600794094034945,negative,0.17729329083702194
1271600794392055809,negative,0.018720000499947858
1271600798229823490,negative,0.00016628924848785266
1271600800532279297,negative,0.10468083000665482
1271600801052594178,negative,0.007520785450598255
1271600801111105539,neutral,0.3396404128754322
1271600801144848386,negative,0.0022701157420424328
1271600801866285058,negative,0.18795859623648656
1271600802990342144,neutral,0.5475144922864627
1271600803334230016,negative,0.00116681355907406
1271600805007757313,negative,3.251887784698872e-05
1271600806651969536,negative,0.02176437571497342
1271600807096406016,negative,0.3075355738117986
1271600807834726400,negative,0.02407019773522935
1271600808270761984,negative,2.0058075993084004e-05
1271600810611429381,negative,0.0014164895136393031
1271600811131449344,negative,3.251887784698872e-05
1271600813228666880,negative,0.017350435903261335
1271600814667284480,negative,0.0045633841646111
1271600817318084608,negative,0.18795859623648656
1271600817980784642,negative,0.00016628924848785266
1271600818546933761,positive,0.675277127010771
1271600818580578307,negative,0.020017152640813038
1271600819457179650,negative,2.856070680283765e-07
1271600821948559360,negative,7.2884477388465e-05
1271600822938468353,negative,0.0019160854595860282
1271600824146411520,positive,0.6826572252283474
1271600824343359488,negative,0.00015687914948532683
1271600825442369536,neutral,0.4629109370937038
1271600825757040641,negative,0.31732489718339985
1271600827711569920,negative,0.001595334237663935
1271600828667826179,negative,0.05498101268075469
1271600828995047425,negative,0.11162762197975168
1271600829892526081,negative,0.030020422706499864
1271600830295216133,negative,1.986555996969008e-06
1271600832971190272,positive,0.671337306919619
1271600834330144768,negative,0.0017913127606634795
1271600835038978049,positive,0.7500377016963704
1271600835491794944,negative,0.2936061732147653
1271600836356067331,negative,0.09153342572169273
1271600837438124034,negative,0.009272739832239805
1271600841586290694,positive,0.8890922804352984
1271600843054354433,negative,0.00016628924848785266
1271600844618817537,negative,0.11162762197975168
1271600845327601667,negative,3.968796931710423e-05
1271600846179119104,negative,0.00020438227240451225
1271600847496065026,negative,0.03980030593590898
1271600848024539142,negative,0.2367857765170704
1271600849614184448,negative,0.00157921824750368
1271600850549563393,negative,1.214888813473732e-12
1271600850713051144,negative,0.00016628924848785266
1271600850763423744,negative,0.12950625870450028
1271600852072005643,negative,0.11854063220524225
1271600852759953409,negative,0.017637825835663097
1271600853317611525,negative,0.0009329273747997209
1271600853418487810,negative,0.1859982049138781
1271600854869606409,negative,0.18795859623648656
1271600862306144256,negative,0.16437877331818024
1271600862578610176,negative,0.21251240906665383
1271600863015034880,positive,0.9615673433593547
1271600863489011717,negative,0.029562614859394442
1271600865149956096,negative,0.00798617966158689
1271600867075141633,neutral,0.48728019602140255
1271600868828123137,neutral,0.5914038393955112
1271600868882866176,negative,0.0015283004847885752
1271600868933148673,negative,7.2884477388465e-05
1271600869792985089,negative,0.17789058408954797
1271600874289336327,negative,0.011946024056433045
1271600874704551938,negative,9.435524045312856e-07
1271600877216899072,negative,0.0486894681679443
1271600877497876482,negative,0.10468083000665482
1271600878387187712,negative,0.0014714697432358698
1271600879616045058,negative,0.17329444880519315
1271600880526262277,negative,0.32003400364182666
1271600881298014208,positive,0.7500377016963704
1271600881536991233,negative,0.03786368867470405
1271600882849910785,negative,0.10903914129611224
1271600883588005889,negative,0.00016628924848785266
1271600883617402883,negative,0.24067327277943062
1271600883919392768,negative,1.2986077433200872e-05
1271600884250599424,negative,0.31562848000357085
1271600888159879169,negative,4.268511135170512e-06
1271600889023905794,negative,0.00032588143824506196
1271600889065865221,neutral,0.42507619662732005
1271600889766326272,negative,0.003689380387998146
1271600890940739585,negative,0.0016737896560586971
1271600891108491271,neutral,0.4614554972265678
1271600891347402753,negative,0.02193627352002719
1271600893100769280,negative,0.00016628924848785266
1271600895160135685,positive,0.7894688805036548
1271600895201931265,negative,0.011703220097117726
1271600896393318407,negative,0.00032588143824506196
1271600898368770050,positive,0.7500377016963704
1271600898402377729,negative,0.0007904662856937187
1271600900772114434,negative,0.00016628924848785266
1271600903120969728,negative,0.009272739832239805
1271600903842344962,negative,0.023195242295274913
1271600904618328065,positive,0.7500377016963704
1271600905255821314,neutral,0.41781860539170623
1271600907046789120,negative,0.024266507849056956
1271600907613097985,negative,0.11162762197975168
1271600908552622081,negative,0.0024968577181432848
1271600908586176514,negative,0.27911311844825526
1271600908737155073,negative,1.8700616583753737e-05
1271600911375269888,negative,4.143742682840951e-05
1271600911400316930,negative,0.025423849341311082
1271600912470093824,negative,0.055729676515545584
1271600913363488768,negative,0.012357484852934463
1271600914114232320,negative,7.2884477388465e-05
1271600914374299648,positive,0.671337306919619
1271600914411945989,negative,0.11162762197975168
1271600915016015873,negative,7.704362118212568e-05
1271600916614037505,negative,0.00157921824750368
1271600917012533248,negative,0.00020434854058571137
1271600918165811200,negative,0.2828136932208214
1271600918405033985,negative,0.00013352268778751185
1271600919021531136,negative,0.00031436353999296675
1271600919042547712,negative,0.10947484028698869
1271600920812556291,positive,0.8785031404427778
1271600921265483779,neutral,0.42507619662732005
1271600922741923840,negative,0.008662462868170809
1271600923270406147,negative,3.596728690239501e-05
1271600923815657472,positive,0.7500377016963704
1271600923920543745,negative,0.002354434163065829
1271600923991846916,negative,0.025423849341311082
1271600924427837441,negative,9.25107519941692e-06
1271600927703777280,negative,0.07613036490264477
1271600929549271040,negative,7.2884477388465e-05
1271600930023145477,negative,0.14308527386746261
1271600930195046400,negative,6.014864228984992e-05
1271600930266415106,negative,0.04445217217724994
1271600930887254018,negative,0.17036189129659834
1271600931998760967,negative,0.025602071801807243
1271600932124536833,positive,0.671337306919619
1271600933433233413,negative,0.07246898486749906
1271600934343376896,negative,0.01821560744768329
1271600936029310976,neutral,0.3526434678804405
1271600936318894080,negative,0.003791092909134171
1271600936688005120,negative,0.1638173718807725
1271600937266827265,negative,4.143742682840951e-05
1271600937862344706,negative,0.00013204648327904084
1271600937967259648,negative,0.07860853438563391
1271600938478907392,negative,0.015946341074103896
1271600940060217349,negative,7.2884477388465e-05
1271600940097966085,negative,0.011167783095367735
1271600941272387585,negative,0.0003613131276386131
1271600942866186240,negative,0.018720000499947858
1271600943205883906,neutral,0.3526434678804405
1271600944413921280,negative,0.055729676515545584
1271600944581619713,negative,0.020017152640813038
1271600945462419458,negative,0.055729676515545584
1271600946095808512,negative,0.00011791760518418482
1271600946318061568,negative,0.024266507849056956
1271600946385235968,neutral,0.4794670486014688
1271600946645254145,neutral,0.3396404128754322
1271600947739783169,negative,0.05670946645000067
1271600947798708224,negative,0.11162762197975168
1271600950495465472,negative,0.2872448809192512
1271600952634679297,negative,0.0002260474604924265
1271600952848588800,negative,6.4349631066773e-08
1271600953049915393,neutral,0.3996580091506196
1271600954593480704,negative,0.12950625870450028
1271600956585791497,negative,0.009272739832239805
1271600956623532033,negative,0.010679680048993464
1271600958582206465,negative,0.21139109066500397
1271600958745841670,negative,0.016656028492176282
1271600959333052416,negative,0.0997158110040941
1271600959442092033,negative,7.2884477388465e-05
1271600960708784130,negative,0.2775542706643994
1271600960809455617,negative,0.029553529991656998
1271600961283293193,negative,0.002886944683696644
1271600961417629697,negative,0.18795859623648656
1271600962470318081,negative,0.008208172280011538
1271600962885615616,negative,0.002186672518953217
1271600962956918784,negative,0.00016628924848785266
1271600963158257670,negative,0.0615331638563064
1271600964638773254,negative,0.0006305791254564582
1271600964638826496,negative,4.6387123259677084e-05
1271600964743675904,negative,0.00011791760518418482
1271600965024714752,negative,0.207812000337651
1271600965704192000,negative,0.13185800359190072
1271600966018752512,neutral,0.4028553331640237
1271600966945693698,negative,1.3773061972503753e-05
1271600966970859521,neutral,0.6570570837248025
1271600967717445634,negative,0.027565523875858356
1271600968036204546,positive,0.9955106789522307
1271600970083045376,negative,0.015041581147442556
1271600975258796034,negative,0.09690104011848619
1271600976785543169,negative,0.0023712439165388837
1271600976831578113,negative,0.0017974406403928834
1271600977213370368,negative,4.908254204596775e-07
1271600977733394432,negative,4.147984095869018e-06
1271600978551361537,negative,0.003472136995667891
1271600979230830592,negative,0.19696061213560703
1271600979415310341,negative,1.9958636919913425e-09
1271600979805376512,negative,0.10468083000665482
1271600980216500231,negative,0.001312949993972907
1271600980509982720,negative,0.00157921824750368
1271600980757549056,neutral,0.34853628624500577
1271600981587963905,neutral,0.6074460149691038
1271600982250659841,negative,0.00016628924848785266
1271600983072747520,negative,0.002472413958545809
1271600984821825539,negative,4.908254204596775e-07
1271600986201735171,negative,7.2884477388465e-05
1271600987262922753,negative,0.11162762197975168
1271600987476758528,negative,0.008658099919513919
1271600988248510465,negative,3.251887784698872e-05
1271600989766922240,negative,0.18795859623648656
1271600990672715777,negative,0.013229794318693866
1271600991822020608,negative,0.00016628924848785266
1271600992774217728,negative,0.19781449836638926
1271600992879022081,positive,0.9218065724366253
1271600994007351296,negative,0.0022064834697839014
1271600994766462976,negative,1.395111556057342e-06
1271600995139756032,negative,7.2884477388465e-05
1271600997312446474,negative,0.0019017849765830435
1271600998037979136,negative,0.00020054820409489652
1271600998444867585,negative,0.015386386874891427
1271601002354016256,negative,0.2675637579473606
1271601002722947072,negative,0.016656028492176282
1271601004585406465,negative,0.11162762197975168
1271601008288956419,negative,0.23855500076556868
1271601009169707015,negative,0.11977335694342968
1271601009907961857,negative,7.2884477388465e-05
1271601010067361792,negative,0.025423849341311082
1271601010218356743,negative,0.31732489718339985
1271601012772679680,negative,7.2884477388465e-05
1271601013829533698,negative,0.012602652645885191
1271601015754838016,negative,0.24878942829231404
1271601016824303616,negative,0.0003291735782151038
1271601016971149313,negative,0.015495196099990964
1271601017344360448,negative,0.18909143581032145
1271601018380390400,negative,0.0002487677856993227
1271601019051376640,negative,0.112644112625661
1271601019793879040,neutral,0.42507619662732005
1271601019814805504,neutral,0.5382559630277205
1271601020024561671,negative,0.10468083000665482
1271601021727449093,negative,0.0882311381289216
1271601022981402624,negative,0.2775542706643994
1271601024483110913,neutral,0.4402571704036702
1271601024743112711,negative,4.143742682840951e-05
1271601025343008768,negative,0.16551724055211098
1271601026060206080,negative,0.19640071182145585
1271601027150725120,negative,0.009272739832239805
1271601027675049990,negative,0.015386386874891427
1271601028199317504,negative,0.18795859623648656
1271601028421627904,negative,0.00016628924848785266
1271601028572631041,positive,0.9113284659123833
1271601029747015680,negative,0.11162762197975168
1271601030464225281,negative,0.00020438227240451225
1271601030485114882,negative,0.04755512871866949
1271601032280367104,negative,0.00016628924848785266
1271601033672712192,negative,0.011703220097117726
1271601035912663040,negative,0.06845950433205181
1271601037112205313,negative,0.025423849341311082
1271601037804277761,negative,0.04452012351409817
1271601038018195458,negative,0.006483801834163422
1271601038903119875,negative,0.26834902616417194
1271601040526323714,negative,0.04886225666901804
1271601041834983424,negative,0.00016628924848785266
1271601042967289856,negative,0.02282647380578316
1271601044087332871,negative,0.031252089843059085
1271601045555331073,negative,0.00022689108012196495
1271601046364848128,negative,0.026591659030510178
1271601046645870592,negative,0.19767106493145628
1271601047769878531,negative,0.031252089843059085
1271601048898146304,negative,7.2884477388465e-05
1271601049724280832,negative,0.18795859623648656
1271601051041509378,negative,0.16437877331818024
1271601052320661512,negative,4.908254204596775e-07
1271601053583237120,negative,0.0022064834697839014
1271601054359023616,negative,0.00016628924848785266
1271601054514327553,negative,5.316752468093329e-05
1271601056338915328,negative,0.00520040308252152
1271601058184232962,neutral,0.45715098558588957
1271601059031478272,negative,0.07807593035177782
1271601059451088896,negative,0.0007904662856937187
1271601060403007488,negative,0.17441048382648944
1271601060667224064,negative,0.0004392493036821608
1271601061330145281,neutral,0.5130605840822943
1271601061447557121,positive,0.9974019301037603
1271601062106054656,negative,0.04755512871866949
1271601065792864258,negative,0.00016628924848785266
1271601065876754438,negative,5.606243967029899e-05
1271601066879209472,negative,0.2675637579473606
1271601067697098752,positive,0.671337306919619
1271601067885821952,negative,0.2793168272936149
1271601068124880896,negative,0.2367857765170704
1271601072654757891,negative,0.015946341074103896
1271601073145425922,negative,0.26740184739849737
1271601075037052929,negative,3.076279541971728e-05
1271601076614107136,negative,0.008310271807678177
1271601077234917379,negative,0.018443986910308744
1271601077918617602,negative,0.2215684059962375
1271601078295904257,negative,0.027565523875858356
1271601080644796422,negative,0.2775542706643994
1271601081508933633,negative,0.17789058408954797
1271601082045804544,neutral,0.5130605840822943
1271601083509379072,negative,0.008178362527209763
1271601084231008258,negative,0.007200311266254131
1271601084231016454,negative,0.0029802930630058945
1271601084746870785,negative,0.0017380276195492809
1271601086093316096,negative,1.164841024350142e-06
1271601088244809728,negative,0.024057331512429052
1271601090354692097,negative,0.045583965708181
1271601091717685248,negative,0.0007904662856937187
1271601094494507015,negative,0.04930734849160038
1271601095035564033,negative,4.908254204596775e-07
1271601096155422721,neutral,0.4507454498615163
1271601098353192965,negative,3.251887784698872e-05
1271601098579750913,negative,0.001595334237663935
1271601098651041792,negative,0.1322080487341866
1271601099410112513,negative,0.05001805657259167
1271601099456331776,negative,1.8137968138356366e-10
1271601100035162112,negative,0.027565523875858356
1271601100085506050,negative,0.016310175217200528
1271601101133971456,negative,0.10748599412053919
1271601101448642564,negative,0.02420708135483371
1271601102081929216,negative,0.00036803446981283934
1271601102358638592,negative,0.016656028492176282
1271601104443322368,negative,0.011453360446734121
1271601105156411393,negative,0.13223660272479967
1271601105533837312,negative,0.04423683866252473
1271601105601015811,positive,0.7500377016963704
1271601107073224704,positive,0.8890922804352984
1271601109153443840,negative,0.097605446239405
1271601110608945153,negative,7.704362118212568e-05
1271601110973853696,negative,0.016656028492176282
1271601112940937216,negative,0.00016628924848785266
1271601113737854977,neutral,0.3403391890910929
1271601113989513217,negative,0.025423849341311082
1271601115453362176,negative,0.010679680048993464
1271601115684057089,negative,0.2367857765170704
1271601117475016704,negative,9.250877231731503e-05
1271601117626056706,negative,0.14308527386746261
1271601118238343169,negative,0.04580868801829515
1271601118561304585,negative,0.13220841596582839
1271601119693869056,neutral,0.41781860539170623
1271601119979081729,negative,0.1169854991671321
1271601121035988998,positive,0.8118466702549869
1271601124144021504,negative,0.07388171950582473
1271601124223705088,negative,0.00157921824750368
1271601126778028037,negative,0.19640071182145585
1271601127310667777,negative,0.023872504189481978
1271601128124420097,negative,1.7746080916783892e-07
1271601129600757760,negative,0.001595334237663935
1271601130062123010,negative,0.16437877331818024
1271601130112520192,negative,0.010335755068732652
1271601130951380992,negative,5.122815442068806e-05
1271601131580461056,negative,0.00016628924848785266
1271601131727306752,negative,0.025423849341311082
1271601131848962049,negative,0.10947484028698869
1271601135149821952,neutral,0.36016203400974833
1271601137016283138,negative,0.10968444715585364
1271601138668843008,negative,0.00990820064964846
1271601139482529792,negative,0.11162762197975168
1271601141055459329,negative,0.12470830858519744
1271601142062080007,negative,0.14308527386746261
1271601143001624581,negative,0.23425394449994805
1271601147749511174,negative,0.04580868801829515
1271601150379413505,negative,4.143742682840951e-05
1271601151381733377,negative,0.00040076035469845366
1271601152593969154,negative,0.1651339015998375
1271601154162638849,negative,0.008988574458257629
1271601155232145408,negative,0.10947484028698869
1271601159531266050,negative,0.00016628924848785266
1271601160240201728,negative,4.143742682840951e-05
1271601160462438400,negative,0.00016628924848785266
1271601160609292288,negative,4.601636811835057e-12
1271601163495002113,negative,5.316752468093329e-05
1271601163822075905,negative,0.025423849341311082
1271601164065419266,negative,0.00016628924848785266
1271601165063593986,positive,0.7500377016963704
1271601166867144706,negative,0.3036885893297514
1271601166909083649,negative,0.00016628924848785266
1271601167852806144,neutral,0.365920965543093
1271601169895428096,negative,0.0054090737765154166
1271601170042273792,negative,0.08562965564926603
1271601170470092806,negative,0.00016628924848785266
1271601171036241925,positive,0.9460527034997795
1271601171241865217,negative,0.18795859623648656
1271601171304714246,negative,0.07388171950582473
1271601177831116800,negative,2.243289187211406e-05
1271601179882029056,negative,0.07762784543750909
1271601180809060357,negative,0.010631124413101968
1271601181564043265,negative,0.20895929927606757
1271601184202252288,negative,0.041863098365780615
1271601190338527232,negative,0.03277261986675497
1271601190497931264,negative,0.06025816613028304
1271601191634509827,neutral,0.3396404128754322
1271601192842530816,negative,0.06025816613028304
1271601194750947328,negative,0.015946341074103896
1271601195153588224,negative,7.2884477388465e-05
1271601197636628487,negative,0.2290561067704067
1271601200715227136,negative,0.31888999851805766
1271601200882991105,negative,0.2393078170734598
1271601201306632192,negative,0.028301365994128396
1271601201688317954,negative,0.00021928723194611813
1271601202397134850,neutral,0.3414330873752426
1271601203563188225,negative,0.18795859623648656
1271601205026971649,negative,2.387305135960878e-08
1271601208084619269,neutral,0.41661895030617113
1271601208130785280,negative,0.029847324492047383
1271601208931868672,negative,0.24131342214011625
1271601209284190209,negative,0.025423849341311082
1271601209590321152,negative,0.0008248378535085898
1271601209816875008,negative,0.026615173795510632
1271601210055954435,negative,0.21436818246869901
1271601212404781056,negative,0.2367857765170704
1271601212585115653,negative,0.14308527386746261
1271601213667147779,negative,0.259653885933585
1271601216804524036,negative,1.7746080916783892e-07
1271601217177890820,negative,0.039091732259357415
1271601217303719937,negative,0.04531377453364663
1271601217668632576,negative,0.18909143581032145
1271601218855620608,negative,0.03980030593590898
1271601222361985025,negative,0.05209538812882177
1271601222794072068,negative,0.00684700523264991
1271601222831820800,negative,9.133862302657517e-05
1271601223129579520,negative,3.251887784698872e-05
1271601224308027393,negative,0.1269753858477138
1271601224664653824,negative,0.11162762197975168
1271601226669412354,negative,0.18795859623648656
1271601228364029953,negative,0.003001837545013809
1271601228397465600,negative,0.00010231573789327896
1271601229416804354,negative,0.0003291735782151038
1271601229609779200,negative,0.0016136384660284026
1271601231157477377,negative,9.133862302657517e-05
1271601231933440003,negative,0.01695334353729554
1271601233099456513,negative,0.03556878753995066
1271601233665630209,negative,0.00520040308252152
1271601234147979265,negative,0.00013906308440825416
1271601234269659137,neutral,0.36019981443056903
1271601234697506816,negative,4.143742682840951e-05
1271601235964166150,negative,0.016656028492176282
1271601238434594817,negative,0.00016628924848785266
1271601238954717185,negative,0.21139109066500397
1271601239206301696,negative,0.10468083000665482
1271601239873204225,negative,0.11162762197975168
1271601240284237824,negative,7.2884477388465e-05
1271601240653389824,negative,0.03980030593590898
1271601240808411136,negative,0.0006131577204185951
1271601242545041408,negative,0.0006558292821892826
1271601244046581760,neutral,0.5373821650884119
1271601244679929857,negative,0.0019204012078376173
1271601246772908033,negative,9.133862302657517e-05
1271601247167090688,negative,9.133862302657517e-05
1271601247506755584,negative,0.04445217217724994
1271601248190554112,negative,1.6421326882551793e-05
1271601248362520577,negative,0.11162762197975168
1271601248827895808,negative,0.0007904662856937187
1271601250195431424,negative,0.18795859623648656
1271601250837159937,negative,9.9776447420698e-05
1271601250975522816,negative,0.13436796389140312
1271601251759915011,negative,0.0054090737765154166
1271601252108046336,negative,0.013229794318693866
1271601253458546688,negative,0.21603976955733373
1271601253580185608,negative,0.05670946645000067
1271601253777387520,negative,0.00016628924848785266
1271601253911392256,negative,0.0672770373814434
1271601256776241160,negative,9.9776447420698e-05
1271601260140154880,negative,0.01695334353729554
1271601260232400896,neutral,0.4545729117725756
1271601260597325824,negative,0.00016628924848785266
1271601261012496384,negative,0.0066282675599543045
1271601262165987328,negative,0.18795859623648656
1271601264737103874,negative,0.0685022392774745
1271601266079092736,negative,0.01581962339908979
1271601266247032832,neutral,0.48121668108857046
1271601267299753985,negative,0.18909143581032145
1271601269233160192,negative,0.002244409845045471
1271601269682188294,negative,1.8700616583753737e-05
1271601269787037697,negative,0.15590454891793734
1271601270760124419,negative,0.0882311381289216
1271601274534932481,neutral,0.651074148168585
1271601275121987585,negative,0.016792699629045515
1271601276623650822,negative,0.18795859623648656
1271601277781368832,negative,0.04956848050032665
1271601279542988804,negative,0.029854293693054906
1271601280729985024,negative,0.0334982722620667
1271601281304596486,negative,0.00016628924848785266
1271601281329758209,negative,0.24712056159227955
1271601282130812929,negative,0.04474466654197991
1271601282537738240,negative,9.35017971943558e-10
1271601282571255808,negative,0.03980030593590898
1271601282579599360,negative,0.031169962192145084
1271601286534791169,negative,0.04580868801829515
1271601286547415044,negative,0.10748599412053919
1271601291656146944,negative,0.016656028492176282
1271601294332104707,negative,0.00016823968684374503
1271601294965440514,negative,0.19640071182145585
1271601295779037184,negative,0.013229794318693866
1271601298031271936,negative,0.010873064389172541
1271601298471899139,negative,0.16437877331818024
1271601300153798663,negative,0.31597189949666654
1271601302548643840,negative,0.013332996974668533
1271601303052001281,negative,0.01695334353729554
1271601303953838081,negative,0.015946341074103896
1271601303987400704,negative,0.25379875909891914
1271601305639890944,negative,0.12170213744038995
1271601305862025218,negative,0.13000240336373292
1271601306214584320,negative,2.9701894286150635e-08
1271601309226016768,negative,0.008064347599571213
1271601310874447877,negative,0.04755512871866949
1271601311436464129,positive,0.9759785737357111
1271601312400994304,negative,0.0008672049641758801
1271601312464076800,negative,5.316752468093329e-05
1271601314020155392,negative,0.14308527386746261
1271601315098099712,neutral,0.41661895030617113
1271601316712808448,negative,0.07235160904019335
1271601317262262272,negative,5.1420246397785346e-05
1271601317732061187,negative,0.13223660272479967
1271601317992161281,negative,3.251887784698872e-05
1271601318596169729,negative,0.005626392366426678
1271601318654853120,negative,0.04580868801829515
1271601319908958209,negative,0.11162762197975168
1271601323507699713,negative,0.0876161185901264
1271601324224917506,negative,0.11142285245381837
1271601324350599170,negative,0.0332608288756739
1271601325315362816,negative,0.026091745880890922
1271601325386719233,negative,0.28452613361763907
1271601325420302336,negative,0.01581962339908979
1271601325902528515,negative,3.624975897420668e-05
1271601330411495424,positive,0.6624055896622104
1271601331745230848,negative,0.00016628924848785266
1271601332101709829,negative,0.008486624127688346
1271601332307275781,negative,0.026091745880890922
1271601333846585349,positive,0.848089873119554
1271601334060539904,negative,0.13436796389140312
1271601335968903170,negative,7.566567867422725e-06
1271601338917490690,negative,3.072815189691473e-09
1271601338930036741,negative,0.11162762197975168
1271601339236257793,negative,0.07388171950582473
1271601341845118980,negative,0.0011054814071141113
1271601342205886464,negative,0.01695334353729554
1271601347083866112,negative,0.007987861711230561
1271601348245696512,negative,0.2367857765170704
1271601348711251975,neutral,0.3959702891452904
1271601348837019648,negative,0.09630927277173018
1271601350271332353,negative,7.2884477388465e-05
1271601352930721793,negative,0.015946341074103896
1271601353006161921,negative,0.029160432015274185
1271601353794760706,negative,0.008064347599571213
1271601353903747074,negative,0.18795859623648656
1271601354994266112,negative,0.0334982722620667
1271601355551944704,negative,0.014300086334016922
1271601357208911873,negative,0.012403401901737339
1271601358026739717,negative,0.08073685607076372
1271601358123171841,negative,0.06582325749887745
1271601358140039168,negative,0.003026057413045261
1271601358643200000,neutral,0.3418039758173492
1271601359595409408,negative,0.00016628924848785266
1271601360174268417,negative,0.0024968577181432848
1271601361457684480,positive,0.6624055896622104
1271601362569232384,negative,0.01581962339908979
1271601362770542592,negative,0.10227099752920764
1271601362782961665,negative,0.00028116827697978014
1271601364859097090,negative,0.05300964209131013
1271601369456271367,negative,0.00016628924848785266
1271601369510817793,negative,0.018910801022262412
1271601370156670978,negative,0.04155864270855458
1271601373600235522,neutral,0.4523553515441583
1271601373692518401,negative,0.0035345325729275916
1271601375156338688,negative,0.1119230950333687
1271601376183947265,negative,0.00025521795545906155
1271601376867606535,negative,0.19640071182145585
1271601377060499458,negative,0.00016628924848785266
1271601377710669825,positive,0.8475995067736509
1271601380046843904,negative,0.0022064834697839014
1271601380093034497,negative,0.027623790815660947
1271601381120630790,negative,0.16863807278512583
1271601381397483522,negative,8.807948677607718e-09
1271601381724557313,negative,0.19640071182145585
1271601381842001926,negative,0.1748885911614985
1271601383691685888,negative,0.18909143581032145
1271601384174084098,negative,7.37922492671626e-05
1271601384387784706,negative,0.0035720965160342
1271601384450859013,negative,7.2884477388465e-05
1271601384899649536,negative,0.009272739832239805
1271601385180663814,neutral,0.3396404128754322
1271601388615798790,negative,0.10468083000665482
1271601389907718144,negative,0.022858138060115548
1271601390918537216,negative,0.03980030593590898
1271601392642412545,negative,0.015946341074103896
1271601393904816134,negative,0.18909143581032145
1271601395502891008,negative,0.018720000499947858
1271601396312354818,negative,0.18795859623648656
1271601397344108545,negative,0.00014294154440235452
1271601398749290496,neutral,0.4063693123588674
1271601403593703424,positive,0.9615673433593547
1271601404617129991,negative,7.2884477388465e-05
1271601404763942914,negative,0.0021210536593744863
1271601404797386754,negative,0.00012072083896891558
1271601405980225537,negative,0.00013756354971328132
1271601407242776576,negative,0.00016628924848785266
1271601407515213824,negative,0.1374605037400451
1271601407624241152,negative,0.029854293693054906
1271601407913754626,neutral,0.5989621695599217
1271601407972593666,positive,0.9976765698540261
1271601410308784128,negative,0.19897201717175525
1271601410401021952,negative,2.4867050112568982e-05
1271601410660904960,neutral,0.5989621695599217
1271601411885862912,negative,0.002186672518953217
1271601413253214208,negative,0.043678979334007585
1271601413261611009,negative,0.11162762197975168
1271601413983023105,negative,0.015392900698170219
1271601415207759882,negative,0.002354434163065829
1271601415283257344,negative,0.02176437571497342
1271601415341903872,negative,0.0022577741517743133
1271601415476195328,negative,0.00016628924848785266
1271601416633794561,negative,0.007987861711230561
1271601417862742016,negative,0.00016628924848785266
1271601420937187330,negative,0.11162762197975168
1271601421297778688,negative,0.00016628924848785266
1271601421398339585,negative,0.14250501065378668
1271601424200273922,negative,0.0033973366708683443
1271601424280010752,negative,0.0001124980579103788
1271601424300982274,neutral,0.36016203400974833
1271601424460320768,negative,0.18795859623648656
1271601424468783110,positive,0.8475995067736509
1271601424523280385,negative,0.07607258248687541
1271601425508777984,negative,0.0018231803071658234
1271601426054119424,negative,0.0882311381289216
1271601426184224775,negative,0.010565685094163958
1271601426234347521,negative,0.3013458973472402
1271601427291439105,negative,0.24712056159227955
1271601427819855872,negative,0.0006071495302970868
1271601427916431365,negative,0.004238223789171678
1271601428826644480,negative,0.03526099274679048
1271601431339032576,negative,0.21634522366354686
1271601432123379712,negative,0.0003291735782151038
1271601432777625600,negative,0.04580868801829515
1271601432895029255,negative,0.0003160575967488021
1271601433582993414,negative,8.975645810809518e-07
1271601434145013760,negative,0.008617527581598046
1271601434148999168,neutral,0.5454113778902021
1271601434908332032,negative,0.0024968577181432848
1271601440188960769,negative,0.16437877331818024
1271601440453201921,negative,0.09877477944999204
1271601440990134272,negative,9.250877231731503e-05
1271601445490606082,negative,0.00016628924848785266
1271601446283329537,negative,0.1591288378678159
1271601446648193024,neutral,0.3872467850172093
1271601447214424064,negative,1.736166595512087e-07
1271601447600377857,positive,0.6624055896622104
1271601448317603840,negative,0.00025521795545906155
1271601448581763074,negative,0.32556835430966824
1271601448703471617,negative,1.3647027687336287e-06
1271601449760415744,negative,0.0005773701266505416
1271601451203264513,neutral,0.3396404128754322
1271601451932901376,negative,0.09660921651950619
1271601453145227266,neutral,0.48773238291385845
1271601454260854785,positive,0.671337306919619
1271601454311235584,negative,0.0006071495302970868
1271601455342944257,neutral,0.36016203400974833
1271601455934451718,negative,0.1638173718807725
1271601456588742657,negative,0.015946341074103896
1271601456882290688,negative,0.0006687865171235666
1271601459688284161,neutral,0.3396404128754322
1271601461617664000,negative,0.15240070309996914
1271601461663862784,negative,0.02222044427123725
1271601461957402624,negative,0.012449581035193908
1271601462376890369,negative,0.006037807319365434
1271601462632747008,negative,0.005626392366426678
1271601462670483458,neutral,0.3491609782215031
1271601463228317697,negative,0.04580868801829515
1271601465296072704,negative,3.251887784698872e-05
1271601465380012032,negative,0.18135203130807032
1271601467447803905,neutral,0.43239902574644784
1271601467582033921,negative,2.9074761396433545e-05
1271601468349562883,negative,0.16437877331818024
1271601468731203584,negative,0.00016628924848785266
1271601469599502337,negative,0.10468083000665482
1271601470773870593,negative,0.03392608872251922
1271601472573227013,negative,0.041863098365780615
1271601473206587393,negative,0.040959747305503155
1271601474418728961,negative,0.0015773086949123474
1271601477388247042,negative,0.001485412864179536
1271601477514072065,positive,0.671337306919619
1271601477577031685,negative,0.2743051350402935
1271601480550793222,neutral,0.5885817645849453
1271601481163120640,negative,0.0016737896560586971
1271601482844995584,negative,0.0018245717156781035
1271601483033837569,negative,0.0045814948469267225
1271601483214213125,negative,0.05153265035499715
1271601483843112961,neutral,0.6544357113799306
1271601485613334528,negative,0.11162762197975168
1271601486573842437,negative,0.2605353086347878
1271601487500775424,negative,0.00016628924848785266
1271601489484689408,negative,0.0029969071835296264
1271601490361233408,negative,0.003252267201457678
1271601491279859715,negative,0.002886944683696644
1271601492282216448,negative,3.1552965230185975e-07
1271601492286418945,negative,0.00016628924848785266
1271601494123560961,negative,0.018720000499947858
1271601494521937922,negative,0.03333091376333229
1271601495360798724,negative,0.010873064389172541
1271601495885123584,negative,7.057381430586534e-06
1271601496703016962,negative,0.016656028492176282
1271601496975687680,negative,0.002886944683696644
1271601497600655365,negative,0.0003291735782151038
1271601498351419392,negative,0.023696020030557378
1271601498984714241,negative,0.10600606211472394
1271601499336998913,negative,0.00011791760518418482
1271601503149703168,negative,0.007987861711230561
1271601503485255683,neutral,0.42507619662732005
1271601504454090758,negative,0.11162762197975168
1271601504500305926,negative,0.16437877331818024
1271601504517074944,negative,0.11286580536092235
1271601505129435137,negative,0.10514594192724581
1271601509193695235,neutral,0.38886436959109394
1271601509835444224,negative,0.1654020003380127
1271601510116360197,negative,0.13223660272479967
1271601510175117312,negative,7.057381430586534e-06
1271601510573649922,negative,0.00016628924848785266
1271601511030640640,negative,0.011703220097117726
1271601511378845696,negative,0.004847569591014615
1271601511831752704,neutral,0.46896527145839584
1271601512280666117,positive,0.9141258512940443
1271601514163953664,negative,3.562139296305062e-06
1271601514193313794,positive,0.953515920290111
1271601515380293632,negative,0.18795859623648656
1271601516529491968,negative,0.005469263441703145
1271601516688932869,neutral,0.37400647588809266
1271601516890202112,negative,0.0022534008262551316
1271601517104152576,neutral,0.4507454498615163
1271601517359964163,negative,0.020522835623474678
1271601517712285696,negative,0.026591659030510178
1271601518353973249,negative,0.18135203130807032
1271601520061054978,negative,0.00016628924848785266
1271601521138991114,negative,0.015946341074103896
1271601522833608707,negative,0.04755512871866949
1271601523362017280,negative,0.06433673948282995
1271601524658049024,negative,0.016792699629045515
1271601525706706950,negative,0.017960678137063632
1271601529083121664,negative,0.005991157520707411
1271601529305382912,negative,0.07244340629826707
1271601529703849985,positive,0.8154950852205297
1271601532828626944,negative,0.00016628924848785266
1271601533277351936,negative,0.3029968537174699
1271601534778793984,negative,0.010681078379886806
1271601535819157505,negative,0.002886944683696644
1271601536049778692,negative,1.062063940850468e-06
1271601536716734465,negative,0.2605353086347878
1271601537371037697,negative,0.00016628924848785266
1271601539094925312,negative,0.13436796389140312
1271601539463995394,negative,0.010679680048993464
1271601542316142598,negative,0.2576732984519138
1271601543217807360,negative,0.11101101928230397
1271601544438460416,negative,0.015386386874891427
1271601547798106125,negative,0.015723927220660263
1271601548146225152,negative,0.02222044427123725
1271601548532101120,negative,3.272138340107271e-05
1271601548913709056,neutral,0.5387190600295468
1271601550121721861,negative,0.14308527386746261
1271601551904313344,negative,0.014531874547476398
1271601552243994625,negative,0.14308527386746261
1271601553758138371,negative,7.2884477388465e-05
1271601554945118208,negative,7.566567867422725e-06
1271601555733692416,neutral,0.46127768308170247
1271601558694891523,negative,0.0003618294678994878
1271601559047110656,negative,4.3773702790033255e-06
1271601562255753227,negative,1.3503935416113397e-06
1271601563157528577,negative,0.00016628924848785266
1271601563564302336,negative,0.0023519586840437716
1271601566244577281,negative,5.927308944121069e-05
1271601567741939713,negative,0.044046225459729534
1271601568501112833,negative,0.011941987894627097
1271601570946433024,negative,0.00016628924848785266
1271601572074737664,negative,0.07762784543750909
1271601573567791106,negative,0.0009524922101438517
1271601574150897664,negative,0.018720000499947858
1271601574251552774,negative,0.1076021105796469
1271601574553452544,negative,0.0334982722620667
1271601574679384069,negative,0.015946341074103896
1271601574993952768,neutral,0.33538566091411587
1271601575392411649,negative,1.1989018125818046e-12
1271601575602110466,negative,0.17441048382648944
1271601577086894081,negative,0.01695334353729554
1271601577585979393,negative,7.2884477388465e-05
1271601578429087744,negative,0.008178362527209763
1271601578508718080,negative,0.0010623626934252845
1271601579272085504,negative,0.005469263441703145
1271601579582541830,negative,2.7685005064547776e-09
1271601580190707714,negative,0.018720000499947858
1271601580337496064,negative,0.18135203130807032
1271601583747448833,neutral,0.5953139771580094
1271601585072803841,negative,3.251887784698872e-05
1271601585500688386,negative,0.09133246744251405
1271601589325791232,negative,0.0003990251344169782
1271601589531353088,negative,4.3773702790033255e-06
1271601590420594688,negative,0.010873064389172541
1271601590651191296,negative,0.026615173795510632
1271601592744148992,negative,0.10748599412053919
1271601594509996032,negative,0.009272739832239805
1271601594900140033,negative,0.00025521795545906155
1271601605234786305,negative,6.503306324421448e-05
1271601605427843073,negative,0.09294710460893202
1271601608921681921,negative,0.016310175217200528
1271601612339982337,negative,0.05153265035499715
1271601613111771136,positive,0.9124430092234189
1271601613321449472,negative,0.05670946645000067
1271601613443158016,negative,0.00010713095856292405
1271601615204765702,negative,0.11162762197975168
1271601615317995520,negative,0.0011434480703759317
1271601615942885376,negative,8.753920799618929e-05
1271601616379150337,negative,0.22553797406827636
1271601618329501702,negative,0.002886944683696644
1271601619180888067,negative,0.00016628924848785266
1271601622205030402,negative,0.0008248378535085898
1271601623698223105,neutral,0.3379443681938658
1271601624063062017,negative,0.1298660686734304
1271601625665331201,negative,0.025423849341311082
1271601626479046656,negative,0.0188674164410274
1271601628043456514,negative,7.069322083816744e-08
1271601628450185216,negative,0.0332608288756739
1271601629029175297,negative,0.15275460094860513
1271601629415059456,negative,0.11162762197975168
1271601630002249729,negative,0.00021549168969304446
1271601630249717763,negative,0.07387461328030331
1271601630270697472,negative,0.02013529226565097
1271601630555897856,negative,0.005469263441703145
1271601630945988610,negative,0.18795859623648656
1271601631965196288,negative,0.05049276815853747
1271601633345093632,negative,0.013780440513744368
1271601634083291142,negative,0.015946341074103896
1271601634662105089,positive,0.7334030526933847
1271601635152687105,negative,0.12239827232910852
1271601636742479873,negative,2.536063563799784e-07
1271601637396791301,positive,0.7500377016963704
1271601638764150784,negative,0.08259664052981665
1271601639863070721,negative,0.013229794318693866
1271601640097882114,negative,0.11155621202687102
1271601640362123266,negative,0.010642554362539518
1271601640504688649,negative,5.122815442068806e-05
1271601642056699905,negative,0.00016628924848785266
1271601642589339650,negative,0.009272739832239805
1271601643621167106,neutral,0.41781860539170623
1271601645265313794,negative,0.14308527386746261
1271601645814718465,negative,0.08259664052981665
1271601646087409666,negative,0.0008515628728641715
1271601647937077249,negative,0.006483801834163422
1271601648234901505,negative,0.00520040308252152
1271601649950306307,positive,0.7350028034673991
1271601651560919043,neutral,0.5991912560758702
1271601653637099520,negative,0.00016628924848785266
1271601657017765889,negative,0.22227220863865904
1271601657038745613,negative,1.4645278062282278e-05
1271601657449721863,negative,0.2941056163298043
1271601658238246914,negative,0.0016737896560586971
1271601659312029698,negative,0.010873064389172541
1271601659794391041,negative,0.0017431419163874476
1271601660276748290,negative,0.07235160904019335
1271601662512201731,negative,0.13074742469585315
1271601663216726017,negative,3.460652952883197e-06
1271601664475217920,negative,0.015946341074103896
1271601669210603520,negative,0.3036885893297514
1271601669600612356,negative,0.18795859623648656
1271601670372417541,negative,1.062063940850468e-06
1271601670510784512,neutral,0.49789225920557484
1271601672742146049,negative,0.08646277107998554
1271601673023229952,negative,0.0334982722620667
1271601673836863488,negative,1.668934601811228e-06
1271601674092777477,negative,0.003957401606732542
1271601674189242368,negative,0.131133490611376
1271601674461884416,negative,0.0032391574504263233
1271601674885500929,negative,1.062063940850468e-06
1271601676991037441,negative,0.05153265035499715
1271601677062324225,negative,0.02301667247206716
1271601678320533505,negative,0.025423849341311082
1271601680111542273,negative,0.23522858550440395
1271603929575567361,negative,0.0011799643524417992
1271603930347290624,negative,0.0099536958179938
1271603930972160005,negative,0.008658099919513919
1271603931123257344,positive,0.7334030526933847
1271603935271362563,negative,0.16165599854216808
1271603936789770242,negative,0.12279167466125734
1271603940661039105,negative,0.00016628924848785266
1271603941969518592,negative,1.2521100643292283e-06
1271603942548480000,negative,0.00016823968684374503
1271603943387398145,negative,6.635103615185109e-05
1271603943622291456,negative,1.3339182601501262e-05
1271603945014800385,negative,0.18795859623648656
1271603945111203840,negative,0.09453210324329077
1271603945182461953,negative,0.14868589853355496
1271603945576808450,positive,0.6965033372846612
1271603946902208512,negative,0.005533832103092816
1271603949376884736,negative,0.04580868801829515
1271603950433849345,negative,0.0003618294678994878
1271603950706360327,negative,7.2884477388465e-05
1271603951016738817,negative,0.009272739832239805
1271603952807796740,positive,0.8824757861350008
1271603959766167553,neutral,0.6528504385164474
1271603959812313088,negative,0.002349562636552899
1271603962295222274,negative,0.10748599412053919
1271603962362449920,negative,0.02842180779995757
1271603962471481345,negative,0.05049276815853747
1271603964954513408,negative,0.031252089843059085
1271603965273223169,negative,0.004416245848791715
1271603966393159681,negative,0.0672770373814434
1271603966535782402,negative,0.02884233203719741
1271603968326713344,negative,0.1253996594205582
1271603968356073477,neutral,0.6330455584487023
1271603969899593734,negative,0.0271165461827435
1271603973607260160,negative,0.19255580678131862
1271603976354619392,negative,0.06816892915003438
1271603977117929472,negative,0.28452613361763907
1271603978330128384,negative,0.005934072506219557
1271603978510438400,negative,0.007442716051719579
1271603980364402688,negative,0.14575760297016122
1271603981765271554,negative,0.0014273773487160331
1271603982004367363,negative,0.18909143581032145
1271603982301970432,negative,0.005934072506219557
1271603982360883201,negative,0.027565523875858356
1271603984290250757,negative,0.22518024729337605
1271603985515008000,negative,0.00011791760518418482
1271603985577803776,negative,8.154604400939287e-05
1271603985846349824,negative,3.251887784698872e-05
1271603987029131264,negative,0.1757295955700063
1271603989528928256,negative,0.018910801022262412
1271603989843513345,negative,0.008867661565150273
1271603991277903872,positive,0.8824757861350008
1271603992007716864,negative,0.15783613268628938
1271603994666971138,negative,0.055729676515545584
1271603994868285443,negative,0.06896063962103985
1271603995019079681,negative,0.0332608288756739
1271603996143181824,neutral,0.46580994113209095
1271603996306755584,negative,0.02772639301037019
1271603998601117696,negative,0.10352793160984738
1271603998915788801,negative,0.005633212636809011
1271603999318388741,negative,0.03980030593590898
1271603999989514242,negative,8.996833864689993e-06
1271604001516093440,negative,0.005569928757087516
1271604001847406593,positive,0.8928918946878618
1271604002099167234,negative,0.00011791760518418482
1271604004213137410,negative,0.015386386874891427
1271604008256495616,negative,0.005626392366426678
1271604011876188161,negative,0.00016628924848785266
1271604014023675904,negative,0.00016628924848785266
1271604014107570177,negative,5.316752468093329e-05
1271604014149521408,negative,0.00016628924848785266
1271604014342385664,negative,0.05153265035499715
1271604015344820224,negative,0.038422977018700524
1271604018876383233,positive,0.8490974189541377
1271604019996381185,negative,0.05071951589855135
1271604020906471426,positive,0.6624055896622104
1271604022978412544,negative,5.0182460955274366e-05
1271604025558011904,negative,0.002886944683696644
1271604027441192966,negative,0.027623790815660947
1271604031098585092,negative,3.251887784698872e-05
1271604033757863942,negative,0.04474466654197991
1271604035095855104,negative,0.00016628924848785266
1271604035498450944,negative,0.005128393104940962
1271604036962140160,negative,0.04693284827650406
1271604038866309120,neutral,0.440937906447398
1271604039634038785,neutral,0.41781860539170623
1271604041034936321,positive,0.9060204614922889
1271604041106292737,negative,0.02176437571497342
1271604041479532544,negative,0.00016628924848785266
1271604043123699718,negative,7.2884477388465e-05
1271604044457541633,negative,2.402066615735613e-05
1271604044591751169,negative,0.0035720965160342
1271604045514506245,negative,0.07255799178444283
1271604045518639111,negative,0.053140809492412
1271604045577424899,negative,0.008658099919513919
1271604047011872771,negative,0.015946341074103896
1271604047137722370,negative,6.435882279963726e-06
1271604047729111042,negative,0.031252089843059085
1271604048609894400,negative,0.18909143581032145
1271604050300198920,negative,0.04445217217724994
1271604050950307841,negative,0.17000669475869049
1271604054540591106,negative,0.18058527588742232
1271604055207555073,negative,0.2834039896712428
1271604058273480704,negative,1.6260440081970257e-06
1271604058638422016,neutral,0.46580994113209095
1271604059154382848,negative,2.4899710431274806e-05
1271604059431227392,neutral,0.41661895030617113
1271604060341317632,negative,0.0029802930630058945
1271604060362280960,negative,0.238427545908539
1271604060626530309,neutral,0.5179561528208961
1271604061335412736,negative,0.0004918445083161235
1271604062010527744,negative,0.11338245739417602
1271604062744690688,negative,1.461475165617702e-08
1271604063470268418,negative,0.00016628924848785266
1271604063709335552,negative,0.00037459245710691626
1271604065164685315,negative,7.37922492671626e-05
1271604066490163201,negative,0.031252089843059085
1271604068176269313,negative,0.2011070315722767
1271604070650974209,neutral,0.5058578584573977
1271604070747422721,negative,7.2884477388465e-05
1271604070818680832,negative,0.015946341074103896
1271604074354540550,negative,2.4867050112568982e-05
1271604074421653506,negative,0.22518024729337605
1271604074497138689,negative,0.00016628924848785266
1271604075495292928,negative,0.00016628924848785266
1271604075700813825,negative,0.003957401606732542
1271604077349216256,negative,2.4899710431274806e-05
1271604077504405504,negative,0.031252089843059085
1271604078485729280,negative,0.15989314823977885
1271604078649409536,neutral,0.4188675817171114
1271604079157010432,negative,0.00016310527538505323
1271604080461385730,negative,0.0016352889820744972
1271604082185310208,negative,0.0013932320517623816
1271604083040956416,negative,0.0003421594237118166
1271604083573624833,negative,0.0003525360820243981
1271604085104533505,negative,0.18909143581032145
1271604085775613953,negative,0.1757295955700063
1271604086702563330,negative,0.00157921824750368
1271604086887120902,negative,0.005686779006135095
1271604088510316545,neutral,0.6330455584487023
1271604089554710529,negative,0.00016628924848785266
1271604091609726976,negative,0.0013932320517623816
1271604093518254081,negative,3.072815189691473e-09
1271604094315175936,negative,0.18909143581032145
1271604095091003393,negative,0.00014294154440235452
1271604095497973769,negative,3.1271087761686957e-06
1271604097284820993,negative,6.635103615185109e-05
1271604099507683331,negative,0.004304179935250414
1271604100845711360,negative,0.00157921824750368
1271604101781114880,negative,0.00157921824750368
1271604103718805505,neutral,0.4600204839826697
1271604104188567552,negative,0.04755512871866949
1271604128268128257,negative,0.0004989025182391388
1271604129199161350,negative,0.0008248378535085898
1271604129643798528,neutral,0.5500670085826928
1271604130071666688,positive,0.8496322213967735
1271604130356879363,negative,1.164841024350142e-06
1271604131673911296,negative,0.10947484028698869
1271604131694817281,negative,0.00016628924848785266
1271604131992612864,negative,0.18909143581032145
1271604132751855617,negative,0.0022064834697839014
1271604133414547459,negative,9.201371956156796e-05
1271604133997547520,negative,0.0369400736745712
1271604134525972485,negative,0.029160432015274185
1271604134924476419,negative,0.14308527386746261
1271604135423508481,negative,0.011778649398699076
1271604140519698437,negative,0.008798432792496822
1271604140691599360,negative,0.008658099919513919
1271604143145324545,negative,7.2884477388465e-05
1271604143476670464,negative,4.1909311489242454e-07
1271604145108037632,negative,0.0011181448474606006
1271604146748231682,negative,4.833240848586095e-06
1271604147046006784,negative,0.00016628924848785266
1271604148170043392,negative,0.135504446656063
1271604148442730496,negative,0.10089358852524961
1271604150573453313,negative,0.001111287296866427
1271604151638732801,negative,0.00016628924848785266
1271604152678957062,negative,0.015946341074103896
1271604156512468992,negative,0.16890275327355725
1271604158626516992,negative,0.0003618294678994878
1271604158798454784,negative,0.00011791760518418482
1271604160698425345,positive,0.7500377016963704
1271604162187403267,negative,7.37922492671626e-05
1271604164402073603,neutral,0.46892188497180376
1271604168671793157,negative,1.0008182071283965e-06
1271604169724567552,negative,0.11162762197975168
1271604170966081536,negative,0.11162762197975168
1271604171452579842,negative,0.00011791760518418482
1271604172148936704,negative,4.908254204596775e-07
1271604172408922112,negative,0.16437877331818024
1271604173176528896,negative,0.31674133085712225
1271604173818265601,negative,0.03894699598190265
1271604173923106816,negative,0.002886944683696644
1271604174808064003,negative,0.00025162766091045005
1271604174883565570,negative,0.08677948931410025
1271604176116645888,negative,0.0017981195636125084
1271604179015000064,negative,5.118199335733694e-07
1271604179455410178,negative,1.7746080916783892e-07
1271604180222799872,negative,0.19767106493145628
1271604180793335808,positive,0.8824757861350008
1271604181707653120,negative,0.00016628924848785266
1271604182672445442,negative,1.062063940850468e-06
1271604182919843847,negative,2.7112386160141126e-05
1271604183460745218,negative,0.005416431492793158
1271604183804841987,negative,0.00016628924848785266
1271604183934918657,negative,0.14575760297016122
1271604189165170689,negative,0.00016628924848785266
1271604189702086658,negative,0.006458798411390174
1271604190607966209,negative,0.0770096925049541
1271604191568564224,negative,8.154604400939287e-05
1271604193762127872,negative,0.1129098058907083
1271604195582492672,negative,0.18909143581032145
1271604197809586176,negative,0.08467130943588871
1271604198174601221,negative,0.20222480248258873
1271604199818539009,negative,0.0029802930630058945
1271604200070426626,positive,0.6917662005363898
1271604200376500229,negative,0.07388171950582473
1271604200414359552,negative,0.07762784543750909
1271604203341983744,negative,8.154604400939287e-05
1271604204042366976,negative,0.25225119064754553
1271604205225160705,negative,0.01816722600231826
1271604205707571201,negative,0.1757295955700063
1271604207032905728,negative,0.0007904662856937187
1271604207183896577,negative,0.13187086411754936
1271604207259279360,negative,0.032299013851671075
1271604209218211840,positive,0.9976765698540261
1271604209532600320,negative,1.873312713972654e-05
1271604209859866624,negative,4.482972286831164e-06
1271604210711384076,negative,0.0017380276195492809
1271604211701055489,negative,0.005640355314546862
1271604211956973580,negative,8.154604400939287e-05
1271604212267462657,negative,0.05153265035499715
1271604218290454530,neutral,0.3996580091506196
1271604218428784645,negative,0.00016628924848785266
1271604218516963328,positive,0.6641587252072634
1271604218915422211,negative,0.00016628924848785266
1271604220056256517,negative,0.2785928761937945
1271604222673522689,negative,0.001415267542877716
1271604223181033473,negative,0.00016628924848785266
1271604225328451584,neutral,0.46580994113209095
1271604225844416513,negative,0.09036137954939648
1271604226213453825,negative,0.02104824135671077
1271604226653855744,negative,8.313368570223025e-07
1271604230240063488,negative,0.04417766261118047
1271604233394159617,negative,7.2884477388465e-05
1271604233926737926,negative,3.941812292123186e-09
1271604233931034630,negative,0.12224857467673568
1271604233981353984,negative,2.8333579989743367e-06
1271604234639851523,negative,0.24536754441628758
1271604235801694209,negative,0.0007904662856937187
1271604236661460993,negative,0.00157921824750368
1271604237055770625,negative,0.20915413459103013
1271604237206786048,negative,0.029390232212059084
1271604237328437249,positive,0.8824757861350008
1271604237814956034,negative,0.0011493050494263198
1271604238070644736,negative,0.2197100268113065
1271604238511202304,positive,0.8121609302852915
1271604242650890240,negative,0.010930464169523755
1271604242940387329,negative,0.0021210536593744863
1271604243166830599,negative,0.14308527386746261
1271604243997372420,negative,0.008798432792496822
1271604244324528129,negative,0.002244409845045471
1271604246954364929,negative,0.10947484028698869
1271604249235947520,negative,0.06841569834098066
1271604250578214914,positive,0.9685180043115185
1271604252184580096,negative,0.11162762197975168
1271604252717318145,negative,0.00016628924848785266
1271604257838583808,negative,0.06773962384042315
1271604259629514758,negative,0.2367857765170704
1271604261663772673,negative,5.316752468093329e-05
1271604261957390339,negative,0.07342416918945759
1271604262443851776,negative,0.174262099714878
1271604262678810626,negative,0.2367857765170704
1271604263123329024,negative,0.26740184739849737
1271604263886741511,negative,0.008449646076124384
1271604266516520961,negative,0.2063972653131377
1271604267925848066,negative,0.14308527386746261
1271604268131397632,negative,1.1162902000035233e-05
1271604269167370240,negative,0.19696061213560703
1271604270681542657,negative,0.04504536570608191
1271604270878597122,negative,0.002512171443262372
1271604271474229249,negative,0.31788254395441884
1271604272514334720,negative,0.05290272634241225
1271604272548007936,negative,0.0271165461827435
1271604272816246784,positive,0.7002952282361323
1271604274368299008,negative,0.0009010691749331601
1271604275303636992,negative,0.0035004571265533583
1271604275773407233,negative,0.00016628924848785266
1271604276289245185,negative,0.13120893646714316
1271604276582928384,negative,0.005571168276509316
1271604276847140864,negative,0.00016823968684374503
1271604279560876034,negative,0.0045814948469267225
1271604283306397696,positive,0.9615673433593547
1271604285340626945,negative,0.059889250246088856
1271604286062055426,neutral,0.365920965543093
1271604287056031744,negative,0.0015010177122694512
1271604290881273858,negative,0.14308527386746261
1271604291481022465,negative,0.11162762197975168
1271604291799617536,negative,0.057305277663183635
1271604291959209985,negative,0.02784741128018723
1271604292798091270,negative,0.057305277663183635
1271604294869975043,negative,0.24530125907767636
1271604295063031808,negative,7.37922492671626e-05
1271604295230795777,negative,0.03278573624975908
1271604298703499264,negative,0.006369569158277832
1271604302310780928,negative,0.32513624782639977
1271604302340030464,negative,0.05670946645000067
1271604303350939648,negative,0.0002018841882757141
1271604305158705153,negative,2.5725414882517895e-06
1271604334376214542,negative,0.11162762197975168
1271604336993480704,neutral,0.3526434678804405
1271604337677123591,negative,0.05290272634241225
1271604337995907073,neutral,0.4183665392976809
1271604340533473287,neutral,0.48272476118736957
1271604342177566726,negative,0.002886944683696644
1271604342957711367,negative,9.381904268580713e-07
1271604343398072321,negative,0.0003618294678994878
1271604347273707520,negative,0.00016628924848785266
1271604347487555584,negative,0.006726525713762582
1271604348968210433,negative,0.015946341074103896
1271604349047717889,negative,0.2436472734913412
1271604349748285441,positive,0.7334030526933847
1271604350050283520,neutral,0.4507454498615163
1271604350570414082,negative,0.16509810409557213
1271604350935339008,negative,3.287099210714783e-08
1271604351098896384,neutral,0.48728019602140255
1271604351694503941,negative,3.604528470641534e-07
1271604352181055489,neutral,0.49780816483276497
1271604357482582016,negative,0.18909143581032145
1271604359034482688,negative,0.0022534008262551316
1271604359701413888,negative,0.002244409845045471
1271604359755956226,negative,0.09453210324329077
1271604360519323648,negative,0.00011791760518418482
1271604360875835393,neutral,0.41781860539170623
1271604360892604417,negative,1.8368459986713774e-09
1271604361446203392,neutral,0.5885741398387773
1271604363224477697,negative,1.0718456951620485e-05
1271604363820228610,negative,0.12085056242752613
1271604364432506880,negative,7.2884477388465e-05
1271604364877201408,positive,0.8692993944246968
1271604365221134337,negative,0.00016628924848785266
1271604367536336898,negative,0.0003291735782151038
1271604368454844416,negative,0.000645105850954617
1271604368580710400,negative,0.0010512437128292194
1271604369042165762,negative,0.09016573001373314
1271604369797058561,negative,0.00016628924848785266
1271604369998467072,negative,0.00016628924848785266
1271604371558719488,negative,0.1757295955700063
1271604371743215617,neutral,0.4299371657496221
1271604372498255884,positive,0.7607150054059497
1271604373311848455,negative,0.04237969647701272
1271604373395779584,negative,0.0672770373814434
1271604374503075844,negative,7.2884477388465e-05
1271604375828533253,negative,0.0016737896560586971
1271604377543901184,negative,0.1203090358454427
1271604379297218563,negative,0.00016628924848785266
1271604380500779009,negative,0.00016628924848785266
1271604380798799872,negative,0.2074998769118976
1271604381603868672,negative,0.00016823968684374503
1271604382111539201,negative,0.00016628924848785266
1271604383550263297,neutral,0.6330455584487023
1271604384951140353,negative,0.020291915288165104
1271604386150653952,negative,0.0006719395818796868
1271604389619392512,negative,6.635103615185109e-05
1271604390122721280,negative,0.04688376978488251
1271604391707992064,negative,1.0718456951620485e-05
1271604392446189568,negative,0.11646736149581895
1271604394824478720,negative,0.27354616864156034
1271604394849710080,negative,0.00016628924848785266
1271604398913970176,positive,0.8824757861350008
1271604399673139201,negative,0.02332060513388942
1271604400893521920,negative,0.03980030593590898
1271604404454596608,negative,0.0016737896560586971
1271604404911734784,negative,0.059889250246088856
1271604405507407878,negative,0.00012089126824265975
1271604406056890368,negative,0.04776276729038092
1271604406472134657,negative,0.16573074846774594
1271604406878982146,negative,6.635103615185109e-05
1271604408103690241,negative,0.04258011744510042
1271604408229511168,negative,0.0016737896560586971
1271604409538154496,negative,0.18909143581032145
1271604410456707074,negative,0.00016628924848785266
1271604412088287232,negative,0.0007691848100084282
1271604412105007104,negative,0.03980030593590898
1271604413690494977,negative,0.006118916549405704
1271604418278862849,negative,0.10468083000665482
1271604421231869952,negative,0.02301667247206716
1271604422062243841,negative,0.11640865706511044
1271604423551340545,neutral,0.6185760217968171
1271604425182851072,neutral,0.48728019602140255
1271604426546036737,negative,0.024056590040877717
1271604426692755456,negative,1.5320426648825892e-07
1271604427439378433,negative,0.00016628924848785266
1271604428475424768,negative,1.500872102815901e-06
1271604429888851971,negative,0.0025262391285171184
1271604432409694208,negative,0.21139109066500397
1271604432556433408,negative,0.029160432015274185
1271604434699771905,negative,0.008208172280011538
1271604434833989634,neutral,0.5454113778902021
1271604436381687808,negative,7.2884477388465e-05
1271604436989771776,negative,0.2793168272936149
1271604437015048192,negative,0.10996414181271565
1271604437254057984,negative,0.0672770373814434
1271604437405089797,negative,0.0010566458547788696
1271604438571069445,negative,0.11162762197975168
1271604438738878464,negative,0.0528224819303702
1271604439200272385,negative,0.017755853848730626
1271604439569268737,negative,7.2884477388465e-05
1271604441687482374,negative,0.03331363998894868
1271604444921241603,negative,0.13658468176176874
1271604447169466373,negative,0.008798432792496822
1271604447450447873,negative,0.018926203425987626
1271604447484010497,negative,1.1926575955439709e-05
1271604447500808195,negative,0.0007334241759557903
1271604447504973825,negative,0.2022185256692713
1271604447529930753,negative,0.013870748930393187
1271604447534350337,negative,0.23872442128325652
1271604447689478144,neutral,0.33044187471235137
1271604448633278470,neutral,0.6179218016796508
1271604450231271438,negative,0.00016628924848785266
1271604451267272707,negative,0.21869957522259542
1271604452043165697,negative,0.009272739832239805
1271604452756205569,negative,0.12188099383392151
1271604452898856961,negative,7.2884477388465e-05
1271604453997772801,neutral,0.3888964145301077
1271604455520251904,positive,0.7824574931392382
1271604455570432001,neutral,0.36016203400974833
1271604456409481216,negative,0.00016628924848785266
1271604456627544064,negative,0.18909143581032145
1271604457042780169,negative,0.11162762197975168
1271604457634234376,negative,0.2870811006600881
1271604457923579904,negative,0.0127630766441732
1271604458003345408,negative,0.08770506878949116
1271604458523447296,negative,0.0597143261938212
1271604461094477825,negative,0.11162762197975168
1271604462084382720,negative,0.0008117460307162804
1271604464206610432,negative,0.16540289773782368
1271604465813065729,negative,0.014333524322930311
1271604465821458432,neutral,0.3591243160212272
1271604467448897542,negative,7.2884477388465e-05
1271604467746643976,negative,0.002422082280793212
1271604467939643393,negative,0.008798432792496822
1271604468992401409,negative,7.2884477388465e-05
1271604469386657795,negative,0.04145328348062246
1271604470187786241,negative,0.015946341074103896
1271604472251285509,negative,0.05323140956348307
1271604472272347136,negative,0.0576698202990087
1271604474176516098,negative,1.0265385359036484e-05
1271604474839273473,negative,0.04580868801829515
1271604478853218304,neutral,0.3379443681938658
1271604479159414791,negative,0.0235244322498904
1271604480858038272,negative,0.022363416616827343
1271604481482989569,negative,0.09412051680142991
1271604483068477446,negative,0.21603976955733373
1271604483076665345,negative,0.0005351821620782588
1271604483974447104,negative,9.250877231731503e-05
1271604484129595393,negative,5.1420246397785346e-05
1271604484494495745,negative,0.00026903236022661996
1271604484544835584,negative,0.0010536567443182562
1271604484683284480,negative,0.0001416548506366076
1271604485249515521,negative,0.00016628924848785266
1271604486004506627,negative,0.003738600111901525
1271604486390366213,negative,0.18795859623648656
1271604486428114945,negative,3.251887784698872e-05
1271604487631917058,negative,0.0008996443990111168
1271604489083068418,positive,0.7334030526933847
1271604491339599875,negative,0.13436796389140312
1271604492136591363,positive,0.8824757861350008
1271604494011445248,negative,7.787589003716447e-06
1271604496163123203,negative,0.0016737896560586971
1271604496318242816,negative,0.00016628924848785266
1271604497035427845,negative,0.018842292591995564
1271604498327310337,negative,0.0918581850810184
1271604501015941128,negative,0.3185011950405954
1271604501192101890,negative,0.0334982722620667
1271604522478120966,positive,0.8824757861350008
1271604524294209540,negative,0.10947484028698869
1271604524323672066,negative,0.030020422706499864
1271604524441128965,negative,0.0025354455852608566
1271604525120524290,negative,0.07783904481023335
1271604525913329666,negative,1.0198729095270316e-06
1271604525980422145,positive,0.8824757861350008
1271604528278843394,negative,0.0271165461827435
1271604528681549824,negative,0.009272739832239805
1271604528933208064,negative,0.07408930857575648
1271604529512005632,positive,0.7500377016963704
1271604531114266625,negative,3.894089692902438e-05
1271604532787720197,negative,6.635103615185109e-05
1271604535241424897,negative,0.07416391067742945
1271604536377999361,negative,0.00016628924848785266
1271604536671711234,negative,0.08384635293073044
1271604538135494657,negative,0.00016628924848785266
1271604538240372736,negative,0.03278573624975908
1271604538399526912,negative,0.011703220097117726
1271604539163136000,positive,0.9690135590713432
1271604539641266177,negative,0.00016628924848785266
1271604540404613121,negative,0.009272739832239805
1271604541121859584,negative,0.026102557911560516
1271604547199401984,negative,0.0008601678095736269
1271604547379757058,negative,0.09824891633759814
1271604549216763906,negative,0.015946341074103896
1271604550315773953,negative,0.00010110783726800389
1271604551624376321,neutral,0.6330455584487023
1271604552089862144,negative,0.08677948931410025
1271604552182136834,negative,0.009272739832239805
1271604552664600581,negative,3.272138340107271e-05
1271604556288462855,negative,7.610211073284418e-07
1271604558041677826,neutral,0.5063531925391163
1271604560210153472,negative,7.2884477388465e-05
1271604560843485190,negative,0.10972328502380733
1271604561606774789,negative,0.013313065425487528
1271604562130944000,negative,0.03518060885722172
1271604562391175168,neutral,0.5557609359217999
1271604564182122497,negative,0.0271165461827435
1271604565226512384,negative,0.013778568618065205
1271604565536845824,negative,1.164841024350142e-06
1271604565624983554,negative,0.00016628924848785266
1271604569257148421,negative,3.4836407824939736e-07
1271604569727008768,negative,0.10350630340889612
1271604569844432897,negative,0.0332608288756739
1271604570699988992,negative,0.04622763662947095
1271604572314832896,negative,0.2793168272936149
1271604572382023686,negative,0.07388171950582473
1271604573829058562,negative,0.0010623626934252845
1271604574038745089,negative,0.08567657350151074
1271604575750033411,negative,0.2675637579473606
1271604575808692224,negative,0.015946341074103896
1271604576072994818,negative,0.05498101268075469
1271604578711146496,negative,1.4561221193134247e-07
1271604580116291585,negative,0.00016628924848785266
1271604580254695424,negative,0.03752307032528501
1271604581949149190,negative,0.02332060513388942
1271604582410526720,negative,0.03111884169181148
1271604582708326400,negative,0.18909143581032145
1271604584151166978,negative,0.022491979114507978
1271604584331370496,negative,0.07515431499195
1271604584985829377,negative,0.07388171950582473
1271604585816133632,neutral,0.36016203400974833
1271604586541993986,negative,0.00016628924848785266
1271604586902458369,negative,0.17405151703121263
1271604587292753922,negative,2.6804636647382496e-09
1271604587481440262,negative,0.009263039052917739
1271604587783471104,negative,0.0016737896560586971
1271604590027440129,positive,0.8824757861350008
1271604590061006854,negative,0.00016628924848785266
1271604590241349632,negative,0.009272739832239805
1271604590383898626,negative,0.00016628924848785266
1271604591608684552,negative,4.21348199154753e-07
1271604595412930566,negative,3.251887784698872e-05
1271604596083916806,negative,0.1748885911614985
1271604596306305025,negative,0.277954330965519
1271604597208088578,negative,0.06198034757497047
1271604597589671936,positive,0.7500377016963704
1271604602367066114,negative,0.005626392366426678
1271604602488659968,negative,0.18517129489218892
1271604603520454658,negative,0.005060715460467758
1271604605928067072,negative,0.02301667247206716
1271604605990903810,negative,0.00016628924848785266
1271604606792019973,negative,0.015386386874891427
1271604606917906433,negative,0.009272739832239805
1271604608545239040,negative,2.0994758308450262e-05
1271604609275113474,negative,0.10968444715585364
1271604615738462214,negative,0.00015604376729335
1271604616355024902,negative,0.0022655814773819235
1271604617076445188,negative,0.2793168272936149
1271604619047833608,negative,5.316752468093329e-05
1271604620087955461,negative,0.00016628924848785266
1271604620167729153,negative,0.08677948931410025
1271604620641669120,negative,0.00016628924848785266
1271604620951879680,negative,0.31688889334720627
1271604621925105665,negative,0.014310502985775625
1271604622478770178,negative,0.18795859623648656
1271604622994690050,negative,6.635103615185109e-05
1271604624215195648,neutral,0.4794670486014688
1271604626249449478,negative,0.00011791760518418482
1271604628807987201,negative,0.0271165461827435
1271604628845727749,negative,0.0003618294678994878
1271604630062075905,negative,0.027565523875858356
1271604630087139335,negative,0.07607258248687541
1271604631114833922,negative,0.00016628924848785266
1271604631253254144,negative,0.006671498508494697
1271604632532508676,negative,0.008480942735315716
1271604632876449793,negative,0.00016628924848785266
1271604632981245953,negative,0.1237194301403856
1271604633283289088,negative,4.143742682840951e-05
1271604633446817792,neutral,0.34124308666895037
1271604634512220160,negative,4.143742682840951e-05
1271604637565665281,negative,7.2884477388465e-05
1271604637804769282,positive,0.6772359369434212
1271604637964144640,negative,0.10242354195451976
1271604638068989952,negative,6.635103615185109e-05
1271604638169681928,negative,0.0017079602651855653
1271604639293734912,neutral,0.49789225920557484
1271604640963088386,negative,0.015946341074103896
1271604641046974467,negative,5.167016480120786e-07
1271604641063677952,negative,0.18909143581032145
1271604641952935937,neutral,0.34107819817155566
1271604643051835398,negative,0.0615331638563064
1271604644146544641,negative,0.021106362968307153
1271604648890241024,neutral,0.45788083899429993
1271604649443954688,negative,0.018926203425987626
1271604651071283205,negative,0.011703220097117726
1271604652124012552,positive,0.8154950852205297
1271604652413530116,negative,0.008798432792496822
1271604655487885320,negative,0.00041279808053524723
1271604655815090176,positive,0.8824757861350008
1271604655953510402,negative,0.015946341074103896
1271604655987068928,negative,0.00014616018673219855
1271604656402300928,negative,0.0615331638563064
1271604659803783170,negative,0.07388171950582473
1271604660831506433,negative,0.057392441882768645
1271604661708079105,negative,0.00011791760518418482
1271604662442045440,negative,0.17789058408954797
1271604666527354881,neutral,0.46580994113209095
1271604666808360960,negative,0.026091745880890922
1271604668716761095,negative,0.1767879804856335
1271604668939079680,negative,1.3282964313443203e-05
1271604669249466370,negative,0.13130999595279355
1271604670293737472,negative,0.00010210803184454437
1271604672151916549,negative,0.005571168276509316
1271604672747442176,negative,0.0022534008262551316
1271604674831872001,negative,0.3140901849506936
1271604674924351488,negative,7.566567867422725e-06
1271604677692588032,negative,0.001214010143225063
1271604678124613633,positive,0.7500377016963704
1271604678338412544,neutral,0.45788083899429993
1271604681974919172,negative,0.00025521795545906155
1271604682474115074,negative,0.0021210536593744863
1271604683480719360,negative,0.029160432015274185
1271604684894199809,positive,0.8824757861350008
1271604685993115648,negative,0.00016628924848785266
1271604687419199495,negative,4.824387892816208e-06
1271604687540760580,negative,0.0006927478524521789
1271604687616323589,neutral,0.3396404128754322
1271604688824262662,negative,0.003337623646148725
1271604689579188224,negative,0.026615173795510632
1271604690820763650,negative,0.10328101350046438
1271604691152121863,negative,0.00016628924848785266
1271604692540436480,negative,0.06649029281931358
1271604692565528576,negative,0.014310502985775625
1271604693702258688,negative,0.0015577880387727951
1271604693719035905,negative,0.2930687246234914
1271604695908450306,negative,0.031405153294534714
1271604696088797184,negative,8.780363292447948e-07
1271604697628135424,negative,0.04474466654197991
1271604697888161792,negative,0.11343370896790503
1271604698873843714,negative,0.00020471047638584278
1271604707904180229,negative,0.07515431499195
1271604709636411392,positive,0.9266939550863877
1271604709950984195,neutral,0.6063306570745927
1271604710278148101,negative,0.00016628924848785266
1271604710630477824,negative,4.908254204596775e-07
1271604710949244928,negative,0.010317952620287587
1271604711116939271,negative,0.2817862745794183
1271604711465066496,negative,0.00011791760518418482
1271604711951458305,positive,0.7297257400512418
1271604712207515657,neutral,0.5684752279504157
1271604712530378752,positive,0.8121609302852915
1271604713360896003,negative,0.0016737896560586971
1271604716275892225,negative,0.10267999819234541
1271604717148307457,positive,0.7500377016963704
1271604718566023174,negative,0.008208172280011538
1271604721166450693,neutral,0.47448197936046366
1271604726346534912,negative,0.0099536958179938
1271604726627475456,negative,0.025423849341311082
1271604726665281536,negative,0.00016628924848785266
1271604726761689089,positive,0.671337306919619
1271604726912729088,negative,0.0015803933263256094
1271604727764127746,negative,0.1274165519302653
1271604729831981057,negative,0.04731582588635462
1271604730637234176,negative,0.00021329264510770338
1271604730754674689,negative,2.4899710431274806e-05
1271604731266445314,negative,0.2436472734913412
1271604731278999552,negative,0.03980030593590898
1271604734839922688,negative,0.0016737896560586971
1271604735754280960,positive,0.8824757861350008
1271604738128326657,neutral,0.3370208274225786
1271604739302723587,negative,0.0008223538688986929
1271604739692810243,negative,0.00011791760518418482
1271604739839537155,negative,7.77244468098534e-12
1271604741026562048,negative,0.0802169327237387
1271604743664742402,negative,0.1237194301403856
1271604744537231361,negative,0.00016628924848785266
1271604745149526017,negative,4.72839249363253e-06
1271604747364114433,positive,0.9615673433593547
1271604748970582016,negative,3.251887784698872e-05
1271604749343784960,negative,0.00016628924848785266
1271604749880766465,negative,0.00016628924848785266
1271604750878937088,negative,0.009272739832239805
1271604751201980416,negative,0.2167244124588786
1271604753391161344,negative,0.0004918445083161235
1271604753735311362,negative,0.27012265494649884
1271604753777246211,negative,0.018720000499947858
1271604754880311301,negative,0.002314971440726258
1271604756449054721,negative,0.00016628924848785266
1271604758021840906,negative,0.0028528927334805915
1271604760089632769,negative,0.17355629391422267
1271604760702062592,negative,0.21571393332256075
1271604761998045185,positive,0.8824757861350008
1271604762396557313,negative,2.4899710431274806e-05
1271604765856759814,negative,0.14575760297016122
1271604766460841984,neutral,0.41781860539170623
1271604767433863169,negative,0.09765316638011631
1271604769396871173,neutral,0.57723208060306
1271604769551986702,negative,0.002011634341865091
1271604770604630018,positive,0.8824757861350008
1271604773393960972,negative,0.2675637579473606
1271604774190841856,negative,6.635103615185109e-05
1271604774392213504,negative,0.2940757070972935
1271604774413021184,negative,0.0006882787901456486
1271604774740393986,negative,0.1203090358454427
1271604777336610816,negative,0.0016737896560586971
1271604777353445381,negative,2.914569472994342e-06
1271604781107249152,negative,0.13223660272479967
1271604782374039555,negative,0.0882311381289216
1271604782604615685,negative,0.00016628924848785266
1271604783707828224,negative,0.00023909490136337388
1271604789244198913,negative,0.03980030593590898
1271604789516865543,negative,0.1462269236542509
1271604794071842817,negative,0.014310502985775625
1271604794273267714,negative,0.025184429125877723
1271604794625527811,negative,0.13223660272479967
1271604794709467145,negative,0.00157921824750368
1271604794864676865,negative,0.2585316367003278
1271604795766341633,negative,0.008798432792496822
1271604796164890626,negative,0.0003613131276386131
1271604796580118528,negative,0.00016628924848785266
1271604797213478912,positive,0.7334030526933847
1271604797628612608,negative,0.025423849341311082
1271604800459689984,negative,0.013957968761830843
1271604802376601600,positive,0.9998423518421911
1271604803706261510,negative,0.023352538805519553
1271604803785891841,negative,0.09690104011848619
1271604804377292801,negative,0.00016628924848785266
1271604804545019906,negative,0.06203704298993541
1271604806252146694,negative,0.018365593585203184
1271604806847791109,negative,4.379477340219214e-06
1271604808114491393,negative,0.11162762197975168
1271604808374419456,negative,0.050186261375411795
1271604809402060800,negative,0.16437877331818024
1271604809787936768,negative,0.0005351821620782588
1271604809834078209,neutral,0.47697210391394973
1271604811524341760,negative,0.024266507849056956
1271604812652650499,negative,3.4034107417289026e-06
1271604813340565504,neutral,0.49789225920557484
1271604814238138368,negative,0.02282647380578316
1271604814246481920,negative,0.05670946645000067
1271604816926703616,negative,0.009272739832239805
1271604816993796096,negative,0.00016628924848785266
1271604820739125249,negative,0.0007904662856937187
1271604820890185728,negative,0.001111287296866427
1271604820961624064,negative,0.08677948931410025
1271604822983225344,negative,0.067795214120854
1271604824296116224,negative,0.011703220097117726
1271604824312856576,negative,0.00684700523264991
1271604828754542599,negative,0.0054090737765154166
1271604829840912385,neutral,0.34521007763734596
1271604831120228353,negative,0.32513624782639977
1271604831887732738,neutral,0.5904638269305923
1271604833674461197,negative,0.18909143581032145
1271604833917812738,negative,0.11162762197975168
1271604835536830470,negative,0.11640865706511044
1271604836073684993,negative,0.0005773701266505416
1271604839341056003,negative,0.04258011744510042
1271604839726878721,negative,1.823522118085522e-11
1271604840238587906,positive,0.9995176262678858
1271604840658067461,negative,0.0630355239562541
1271604841463386114,negative,0.008798432792496822
1271604841580654592,negative,2.7185536144919887e-06
1271604850384650240,positive,0.9480169176880194
1271604851856859136,negative,0.00016628924848785266
1271604853802926080,negative,0.00011791760518418482
1271604853823942662,negative,0.13223660272479967
1271604856269266947,negative,0.0271165461827435
1271604857829548032,negative,0.061268516641410385
1271604859431723015,negative,2.6633435036510125e-11
1271604860807413767,negative,0.018926203425987626
1271604865261862918,negative,4.268511135170512e-06
1271604865706360834,negative,0.2718540668853499
1271604866335608833,negative,0.016656028492176282
1271604866994110465,negative,0.00016628924848785266
1271604868105592838,positive,0.8824757861350008
1271604868818624513,negative,0.11162762197975168
1271604869519020033,positive,0.9680224927478368
1271604869611302913,negative,0.026615173795510632
1271604869862916096,negative,0.00011791760518418482
1271604870299168769,negative,0.00011791760518418482
1271604870932566023,negative,1.9921243586546582e-06
1271604872127766528,negative,0.18795859623648656
1271604872182407178,negative,0.04455276186121532
1271604872496939009,negative,0.05670946645000067
1271604872622870530,negative,0.2011070315722767
1271604872778068016,positive,0.8824757861350008
1271604873738563584,negative,0.04400580074479547
1271604874296385538,neutral,0.4547339089356543
1271604874396995584,positive,0.7500377016963704
1271604874493353984,negative,0.03786368867470405
1271604875202310144,negative,0.12428394992865599
1271604876557070337,negative,0.0005410264435965395
1271604876678770689,negative,9.201371956156796e-05
1271604877450285059,negative,0.18795859623648656
1271604878033420288,negative,0.010244924548410552
1271604878188609540,negative,0.31562848000357085
1271604879010738177,neutral,0.49789225920557484
1271604879484686336,neutral,0.3496217803851855
1271604879975493632,negative,0.005571168276509316
1271604880554287106,negative,0.00016628924848785266
1271604881200222210,negative,0.015946341074103896
1271604881368010752,negative,0.00011791760518418482
1271604884350124039,negative,0.00016628924848785266
1271604884530495488,negative,0.031252089843059085
1271604885226688514,negative,0.005477316271386722
1271604885386080257,negative,0.00016628924848785266
1271604886145314817,negative,0.0001530037390956955
1271604886841540614,positive,0.6705040028249518
1271604886883504130,negative,0.009272739832239805
1271604891836874753,negative,0.10972328502380733
1271604894768730112,negative,0.13848657927328076
1271604895930626048,negative,0.00016628924848785266
1271604896509427713,negative,0.007577110674714278
1271604897830625280,negative,3.717465381743362e-08
1271604905707479040,negative,0.044046225459729534
1271604906349268994,positive,0.7334030526933847
1271604907553013763,negative,0.07191491525619813
1271604909012652033,negative,0.2367857765170704
1271604910057029633,negative,0.00016628924848785266
1271604913408299008,neutral,0.46580994113209095
1271604913664073729,negative,0.010578594335116822
1271604914352017411,negative,0.0003291735782151038
1271604914444214275,negative,0.0009873667714168795
1271604915010523139,negative,0.015946341074103896
1271604916117811200,negative,0.014310502985775625
1271604916247842817,negative,0.00016628924848785266
1271604916600090626,negative,0.002886944683696644
1271604917015363585,negative,7.704362118212568e-05
1271604919288676353,positive,0.9955106789522307
1271604920400195585,negative,0.0035785456304978517
1271604921008259072,negative,0.00011791760518418482
1271604921838850049,negative,0.014310502985775625
1271604922031710209,negative,0.00016628924848785266
1271604923570876416,negative,0.18795859623648656
1271604923847921667,negative,0.0035720965160342
1271604924888072195,negative,0.03980030593590898
1271604926108635136,negative,0.023872504189481978
1271604927396274181,positive,0.7297257400512418
1271604927442423808,neutral,0.3353501348032355
1271604928667095045,negative,0.03392608872251922
1271604931590586369,negative,0.0027165376335115668
1271604932114894848,neutral,0.57723208060306
1271604932840431623,negative,0.0271165461827435
1271604933620531201,negative,0.06904059697966031
1271604934472015874,neutral,0.4367242166103568
1271604937223479298,negative,2.3262033670499025e-05
1271604937416376323,negative,0.009272739832239805
1271604938192367616,negative,0.0334982722620667
1271604939119300608,negative,0.00016628924848785266
1271604940075667456,neutral,0.47448197936046366
1271604946358751232,negative,0.00684700523264991
1271604946656530432,negative,0.08048926307149065
1271604949466693632,negative,0.005626392366426678
1271604949865152512,negative,0.00016628924848785266
1271604952394272770,negative,0.11854063220524225
1271604952520105990,negative,0.0003958823105506821
1271604953329664000,negative,0.008798432792496822
1271604953841205248,negative,0.001596738307657661
1271604954466144257,neutral,0.49789225920557484
1271604956177580032,negative,0.17703527757336518
1271604956332806144,negative,6.635103615185109e-05
1271604957364568065,negative,3.894668616295658e-05
1271604957704306688,negative,0.10947484028698869
1271604959411306496,negative,0.05122897473978728
1271604959725879298,negative,0.015946341074103896
1271604960128569345,negative,0.18909143581032145
1271604960287916034,positive,0.6624055896622104
1271604961214959617,negative,7.2884477388465e-05
1271604961583996929,positive,0.6624055896622104
1271604963005865987,negative,0.02328650621723348
1271604964226449410,negative,3.251887784698872e-05
1271604966294278146,neutral,0.5911194909683506
1271604968823414785,positive,0.7500377016963704
1271604968894746624,negative,0.00023856541519172474
1271604970232721408,negative,0.005633212636809011
1271604970740166658,neutral,0.49789225920557484
1271604970761211909,neutral,0.49789225920557484
1271604973869191168,negative,0.030492220137437555
1271604974993227787,negative,0.12062958848350902
1271604975622381570,negative,0.0004918445083161235
1271604976431792130,negative,0.10643649442366492
1271604976490622976,negative,1.6149814865457874e-09
1271604976876388352,negative,0.00016628924848785266
1271604977996304391,negative,0.3173302772080717
1271604979124654081,negative,7.2884477388465e-05
1271604979137044480,negative,0.0040425414539528295
1271604980139474944,negative,0.005934072506219557
1271604981460860929,negative,0.0013053957738590736
1271604981985153025,negative,5.316752468093329e-05
1271604983805468673,negative,0.2793168272936149
1271604983973269504,negative,0.2930687246234914
1271604984128421888,positive,0.8473093434345697
1271604984476504064,negative,1.007556842258086e-05
1271604987534151680,negative,0.1693610899621612
1271604990080139270,neutral,0.38635108709041244
1271604992022110208,neutral,0.42507619662732005
1271604992219193344,negative,0.15989314823977885
1271604992659644416,negative,0.0003618294678994878
1271604994421161985,negative,4.004775643574316e-07
1271604996262559744,negative,0.18708717792582502
1271604996413554689,negative,0.021836235448687867
1271604997441101825,negative,0.00016628924848785266
1271604997831176200,negative,0.017092132956904187
1271604997835427840,negative,4.908254204596775e-07
1271604998019911687,negative,0.18909143581032145
1271605000180031489,negative,0.0010512437128292194
1271605000817520642,negative,0.019128618309335012
1271605002868531201,negative,0.0016737896560586971
1271605004751843342,negative,0.00016628924848785266
1271605007465484288,negative,0.0024968577181432848
1271605008174374913,negative,5.867741093846742e-07
1271605008593813506,negative,0.00016628924848785266
1271605010548301825,negative,0.03980030593590898
1271605013928968192,negative,0.009272739832239805
1271605014847524866,negative,7.2884477388465e-05
1271605016172933121,negative,0.00020438227240451225
1271605019352031235,negative,0.02772639301037019
1271605020694384646,negative,0.19190552258308913
1271605024548966400,negative,2.5240272258492876e-12
1271605025161216002,negative,0.18060494811356126
1271605025945653248,negative,0.04607799230734983
1271605026000158720,negative,7.2884477388465e-05
1271605026150998016,negative,0.3146906803294409
1271605026922860544,negative,1.2521100643292283e-06
1271605027992371201,negative,0.1203090358454427
1271605028671946753,negative,0.00011791760518418482
1271605032065081344,negative,0.09690104011848619
1271605032912371723,negative,1.6354447155767684e-08
1271605036007723011,negative,0.08677948931410025
1271605036536266752,neutral,0.6570570837248025
1271605037786161152,negative,4.0859664367083635e-05
1271605038117462022,negative,0.00157921824750368
1271605038578720773,negative,0.00019291591051735337
1271605038805327872,negative,3.251887784698872e-05
1271605038885089282,negative,0.023872504189481978
1271605039262568449,negative,0.009272739832239805
1271605039891652609,negative,0.0009036848429115102
1271605041451995149,negative,0.03166242211162832
1271605043112935425,negative,0.15258244920568986
1271605044035702784,negative,3.251887784698872e-05
1271605045570572289,negative,0.15590454891793734
1271605047802150912,negative,0.13223660272479967
1271605048078974976,negative,0.12062958848350902
1271605048322203649,negative,0.12950625870450028
1271605048666140673,negative,0.16690329989446312
1271605051513954306,neutral,0.5101604359937562
1271605052046745603,negative,0.0007116654940254003
1271605053967785985,negative,0.005211875406557932
1271605054156480513,negative,0.11162762197975168
1271605054852792320,negative,0.025179264961090898
1271605055523893248,negative,0.002886944683696644
1271605055620333573,negative,0.02282647380578316
1271605055842652163,negative,0.002354434163065829
1271605056618541058,neutral,0.49789225920557484
1271605057050546178,negative,0.010741929144073329
1271605057927159808,negative,0.019929139405438896
1271605059831259136,negative,0.0024968577181432848
1271605060888334336,negative,0.014310502985775625
1271605062117265408,negative,0.00020438227240451225
1271605063794843648,negative,0.001057895744916084
1271605063795068928,neutral,0.4006619094397905
1271605064134778881,negative,0.16737454761971196
1271605064310931457,neutral,0.47448197936046366
1271605064868790273,negative,0.0012018538772929916
1271605065296613391,negative,0.023352538805519553
1271605067003633665,negative,2.476490367336343e-05
1271605068836585474,negative,0.026615173795510632
1271605069084078080,negative,4.400097523689878e-06
1271605069385998336,negative,0.14097467724810112
1271605069516079112,negative,0.014310502985775625
1271605069616689152,negative,0.027565523875858356
1271605070682038274,negative,0.0271165461827435
1271605070694580225,negative,0.014310502985775625
1271605072661811200,negative,0.009272739832239805
1271605074758860801,negative,4.908254204596775e-07
1271605076721840130,negative,5.839962806253709e-05
1271605079720759296,negative,7.37922492671626e-05
1271605081083953155,negative,0.0006071495302970868
1271605082317033474,negative,0.003738600111901525
1271605083998949379,negative,9.100224106035966e-11
1271605084007346177,negative,0.0022064834697839014
1271605086247141376,negative,0.0016737896560586971
1271605088486854661,negative,0.10281865860490967
1271605090974085120,negative,0.03872053408271566
1271605093297795078,negative,0.10748599412053919
1271605093377495042,negative,0.1630255168469118
1271605111597473797,negative,0.021034653604667473
1271605113971519488,negative,0.11527553300876674
1271605114558713858,negative,0.00016628924848785266
1271605115946962945,negative,0.029390232212059084
1271605116160933893,negative,0.0001994031527202946
1271605116710215680,negative,0.0879840883401325
1271605116802646017,negative,0.015946341074103896
1271605120103481345,negative,0.2220630586242678
1271605120107712512,negative,0.015723927220660263
1271605120216817665,negative,0.055729676515545584
1271605120405573632,negative,0.1909045750890955
1271605120724340736,negative,0.00016628924848785266
1271605121391222796,negative,0.061898746271034984
1271605123526123520,negative,7.2884477388465e-05
1271605123903565824,negative,0.061898746271034984
1271605124625031169,negative,0.031252089843059085
1271605125447065600,positive,0.8858505560263975
1271605126013296640,negative,0.1757295955700063
1271605126264913922,negative,0.061898746271034984
1271605126856355845,negative,0.00016628924848785266
1271605128018235394,negative,0.015946341074103896
1271605128592797696,neutral,0.46580994113209095
1271605128831938563,negative,9.192241181711597e-06
1271605130262175744,negative,2.4899710431274806e-05
1271605132418068481,negative,0.0685022392774745
1271605132975730688,positive,0.8154950852205297
1271605133164646400,positive,0.8670001297641313
1271605133361676289,negative,0.00157921824750368
1271605133470728193,negative,0.031169962192145084
1271605134020100099,negative,0.002413585264302729
1271605134531932160,neutral,0.41781860539170623
1271605136230682626,negative,0.007474582056065492
1271605137107271680,negative,0.04474466654197991
1271605137480519681,negative,1.164841024350142e-06
1271605137505611776,negative,0.12361453513662739
1271605139682590721,neutral,0.4366914569658585
1271605141775532033,positive,0.998730989168844
1271605144908685313,neutral,0.36016203400974833
1271605145646829576,negative,4.143742682840951e-05
1271605146175393798,negative,0.14308527386746261
1271605147853037568,negative,0.2785928761937945
1271605150696734720,negative,2.6010165780283218e-06
1271605151300759553,negative,0.19176447863475837
1271605151762206727,negative,0.10972328502380733
1271605152278097920,neutral,0.46580994113209095
1271605152701509632,negative,0.0332608288756739
1271605152806567941,negative,0.05058021939075474
1271605153137917955,negative,3.251887784698872e-05
1271605154580779009,negative,0.07403102268635814
1271605156543684608,negative,0.0015577880387727951
1271605158561136640,negative,0.26152009625822153
1271605160238878720,negative,0.008658099919513919
1271605162122063873,positive,0.7500377016963704
1271605162377981953,negative,0.0023679982476035063
1271605162981851136,negative,0.11162762197975168
1271605164059877377,negative,0.16690329989446312
1271605164324069376,negative,0.020547794786788122
1271605164969951232,negative,0.00016628924848785266
1271605165049536512,negative,0.08642401257582867
1271605167461478402,positive,0.8824757861350008
1271605168325275649,negative,0.00016823968684374503
1271605170489528322,negative,1.2521100643292283e-06
1271605171508764673,negative,0.112644112625661
1271605174268825600,positive,0.6824954808545389
1271605174277193730,negative,0.051696067795241725
1271605174939914241,negative,0.04455276186121532
1271605175040577537,negative,0.011703220097117726
1271605176210788354,negative,0.051696067795241725
1271605178706296833,negative,0.00016628924848785266
1271605179188731904,negative,0.18909143581032145
1271605179322961921,negative,1.3503935416113397e-06
1271605182674071552,positive,0.6738302004762706
1271605184037302278,neutral,0.47448197936046366
1271605184570032131,negative,0.15258244920568986
1271605186012815360,positive,0.8824757861350008
1271605186218295297,negative,0.08677948931410025
1271605186423861249,negative,0.002886944683696644
1271605187376033794,negative,4.601636811835057e-12
1271605196888702977,negative,8.154604400939287e-05
1271605197689798657,negative,0.13223660272479967
1271605197895348224,negative,0.002886944683696644
1271605198478356480,negative,0.012931243877657162
1271605200109723648,negative,0.00032588143824506196
1271605200151818242,negative,0.00538219475894898
1271605201150128130,negative,0.00011791760518418482
1271605201208827904,negative,0.09759503489949886
1271605201577934855,negative,0.0429607276614003
1271605202559340545,negative,0.03240898057030952
1271605202567622656,negative,0.013072646194381421
1271605205063348230,negative,0.03980030593590898
1271605209287008256,negative,0.008449646076124384
1271605209333186560,negative,0.00016628924848785266
1271605209660297219,negative,0.2793168272936149
1271605211212197890,negative,0.000141688483225613
1271605211359051776,negative,0.31251327812974533
1271605212067880962,negative,0.19640071182145585
1271605212495646721,negative,0.00016628924848785266
1271605212646723584,negative,0.002354434163065829
1271605213082849281,negative,0.00016628924848785266
1271605214546497536,neutral,0.35138810142877774
1271605214798372865,negative,0.041863098365780615
1271605216937459712,negative,0.2941056163298043
1271605217205895169,negative,6.109259481098835e-05
1271605217583345667,negative,0.18795859623648656
1271605220452302848,negative,9.9776447420698e-05
1271605220456435714,negative,0.02176437571497342
1271605222071246849,negative,0.1028525092209339
1271605222671101959,negative,0.10968444715585364
1271605222704586753,negative,0.18909143581032145
1271605223023394822,negative,0.0019204012078376173
1271605224801734659,negative,0.011703220097117726
1271605224843681793,negative,0.0334982722620667
1271605227259478016,negative,4.633961229564071e-05
1271605229017083909,negative,0.021106362968307153
1271605229495222272,positive,0.7811538628498454
1271605229771882497,negative,0.04504536570608191
1271605229885239298,negative,0.00036626575299569846
1271605233639186437,positive,0.9615673433593547
1271605234171691013,positive,0.9356385269639761
1271605235933483008,positive,0.8824757861350008
1271605237678301184,negative,0.00011791760518418482
1271605238445871116,negative,0.006532306330358704
1271605239523823616,negative,1.5520146098271112e-06
1271605239691595781,negative,0.308401765245907
1271605239980920834,negative,0.00016628924848785266
1271605240358408192,negative,9.9776447420698e-05
1271605241025310726,negative,0.0021475064901471967
1271605241121845249,negative,0.20177377654882808
1271605242405236738,negative,0.04606307355514073
1271605243818606592,negative,0.00032588143824506196
1271605244384993280,negative,2.4899710431274806e-05
1271605246268256257,negative,0.0748221703099464
1271605249044865026,negative,0.008063894025170614
1271605249598464000,negative,0.031169962192145084
1271605249606922242,negative,0.010741929144073329
1271605250185625601,neutral,0.5981182876672758
1271605252329013248,negative,0.013627774530930373
1271605253230690304,negative,0.04433088705846947
1271605254828810240,negative,0.05670946645000067
1271605255613100033,negative,0.00016628924848785266
1271605255747391489,positive,0.7612012257030353
1271605255847809025,negative,0.10045912122780336
1271605257387347970,neutral,0.46580994113209095
1271605257873903616,negative,0.09033016158004677
1271605258834378752,negative,0.1693610899621612
1271605258880462849,negative,6.635103615185109e-05
1271605258968600576,negative,0.07762784543750909
1271605261908824064,negative,0.11162762197975168
1271605264542830592,negative,0.04606307355514073
1271605264802885638,negative,1.500872102815901e-06
1271605265180135425,negative,0.15590454891793734
1271605267495518214,negative,0.00016628924848785266
1271605268552564737,negative,0.10468083000665482
1271605268959428609,negative,0.0022534008262551316
1271605269156552704,negative,7.2884477388465e-05
1271605269194309634,negative,9.250877231731503e-05
1271605269357834240,negative,0.0003387423032704302
1271605270909562880,negative,0.013627774530930373
1271605272780423168,negative,0.02892093630421967
1271605274466496516,negative,0.00018895445553569106
1271605275401699330,negative,0.25000012679009054
1271605276316184576,positive,0.6705040028249518
1271605278392246272,negative,0.1203090358454427
1271605281001267201,negative,4.143742682840951e-05
1271605283211665408,negative,1.6471353551898473e-05
1271605283333144576,negative,0.00032588143824506196
1271605283505213446,negative,0.00016628924848785266
1271605285849874437,neutral,0.4794670486014688
1271605285875056640,negative,0.03859030450748233
1271605290778099713,negative,0.00016628924848785266
1271605291067588608,negative,0.00016628924848785266
1271605291466063877,negative,0.00014294154440235452
1271605291621154816,negative,0.10169814161434426
1271605292850196485,positive,0.6624055896622104
1271605292988542983,negative,0.03414342099335901
1271605294297157632,negative,5.604300277749549e-05
1271605295110860805,negative,0.0002781273609843699
1271605295391875072,negative,0.1757295955700063
1271605295442128896,negative,0.3282419999848567
1271605296889319424,negative,0.00010793616725193488
1271607849576280064,negative,0.00016628924848785266
1271607850545164290,negative,0.19696061213560703
1271607850834579456,negative,0.00798617966158689
1271607851476230144,negative,0.0334982722620667
1271607852130381824,negative,0.16714054917278034
1271607857310564357,negative,9.250877231731503e-05
1271607857914556417,negative,0.000683228686613055
1271607857990041600,negative,0.03090141765763011
1271607859692920832,negative,7.2884477388465e-05
1271607861152448514,negative,7.873690627731737e-05
1271607862150774789,negative,7.928283320356676e-05
1271607863832608775,neutral,0.4507454498615163
1271607864101085184,negative,0.0271165461827435
1271607866160447490,negative,0.011703220097117726
1271607866848423937,negative,0.026914407703152784
1271607867141959681,negative,9.250877231731503e-05
1271607869385949189,negative,4.633961229564071e-05
1271607871994765312,negative,0.32808129697419713
1271607873747980298,neutral,0.4495344631450724
1271607874536562688,negative,0.00016628924848785266
1271607876210081792,negative,0.005858557364250677
1271607876830846976,negative,0.06880539667629017
1271607880660201480,negative,0.21603976955733373
1271607882379923459,negative,0.03980030593590898
1271607882447040515,negative,0.13223660272479967
1271607883323580417,negative,0.250411290256409
1271607884414058496,negative,0.009090666028671647
1271607886016176129,negative,0.0035720965160342
1271607887316598784,negative,9.174499670944894e-10
1271607887807287302,negative,0.015946341074103896
1271607888251936768,negative,0.010409351888161885
1271607889086431234,neutral,0.4507454498615163
1271607889577336832,neutral,0.46580994113209095
1271607891104018432,negative,0.03204476675125208
1271607892186222592,negative,6.635103615185109e-05
1271607892484018177,negative,0.0948908403365332
1271607893826113537,negative,0.17441048382648944
1271607895180926978,negative,0.0672770373814434
1271607896875425792,negative,0.015946341074103896
1271607897177362432,positive,0.8154950852205297
1271607898011992066,negative,7.2884477388465e-05
1271607898251186176,negative,0.007624699741793814
1271607899182313474,negative,0.19646725268225987
1271607899446378496,negative,0.04092784135459379
1271607899643621376,positive,0.957658719428936
1271607900184678400,negative,0.11162762197975168
1271607901505966080,negative,0.00011154354165961759
1271607907919020032,negative,0.0029802930630058945
1271607909143638016,negative,0.0062890390341501295
1271607910129373184,negative,0.03462731222251857
1271607911811215360,positive,0.998730989168844
1271607912163684353,negative,0.008658099919513919
1271607912364941312,negative,0.09009659962011608
1271607912369192960,negative,0.08677948931410025
1271607912956399618,negative,0.09288522946839645
1271607913761685504,negative,0.002559713606879604
1271607914034335749,negative,0.0003291735782151038
1271607915674206210,negative,0.009272739832239805
1271607917809188864,negative,0.055840910738911696
1271607922884214786,positive,0.7244117310900612
1271607923458879489,negative,0.0028107759800309958
1271607927166717952,negative,2.3262033670499025e-05
1271607927422562306,negative,0.08677948931410025
1271607927741300737,negative,0.17441048382648944
1271607928198516741,negative,0.0016737896560586971
1271607929515327488,neutral,0.5783005014588919
1271607929884598272,negative,0.0332608288756739
1271607930794713089,negative,0.00016628924848785266
1271607931306479617,negative,0.0334982722620667
1271607933793640451,negative,0.00016628924848785266
1271607935488208897,negative,0.050186261375411795
1271607935949434880,negative,0.2576153109132495
1271607940533776389,negative,0.00028691260630437813
1271607941251162112,negative,0.23923325162317483
1271607942907920395,positive,0.7141009606466298
1271607943482552320,negative,0.00016628924848785266
1271607943855833088,neutral,0.393763658010106
1271607946083000325,negative,0.011669587514782085
1271607947244822529,negative,0.0014085018742596908
1271607947253166082,neutral,0.41781860539170623
1271607950105284608,negative,0.13223660272479967
1271607951082565633,negative,0.06904583584847347
1271607952886116352,negative,0.00016628924848785266
1271607956082229249,negative,3.251887784698872e-05
1271607957013348354,negative,0.017318544737474087
1271607957218824192,negative,0.14308527386746261
1271607958137430017,neutral,0.3807197072669242
1271607960683384833,negative,0.10497175517367525
1271607961316667392,negative,0.006623404445140642
1271607962197467138,negative,0.0022655814773819235
1271607962323181571,negative,7.37922492671626e-05
1271607963061542917,negative,0.00025521795545906155
1271607964047155206,neutral,0.41781860539170623
1271607964919648259,negative,0.21634522366354686
1271607968598052866,positive,0.6624055896622104
1271607968761548801,negative,0.0017125853811969492
1271607970237997056,negative,2.243289187211406e-05
1271607970724491265,negative,0.03980030593590898
1271607970779090944,negative,0.007168038772824774
1271607971588509697,negative,0.011703220097117726
1271607971596734464,negative,0.024828541259672654
1271607972083490816,negative,0.018926203425987626
1271607975065587714,negative,0.00520040308252152
1271607975803858952,negative,0.14308527386746261
1271607976428744705,negative,3.072815189691473e-09
1271607977112469504,negative,7.2884477388465e-05
1271607977984704512,negative,0.021612727875236944
1271607978853007360,negative,0.007904528295325884
1271607978957737984,negative,0.16714054917278034
1271607980883169287,negative,0.021943867287285472
1271607981944320002,neutral,0.4937242027389161
1271607982737022976,negative,0.00016628924848785266
1271607983064178689,negative,8.89217450543728e-05
1271607985371066368,negative,0.0024968577181432848
1271607985610076163,negative,0.19431944802727116
1271607986763583489,negative,0.03980030593590898
1271607987828781056,negative,0.11162762197975168
1271607989087145984,neutral,0.4477487668987325
1271607990794293249,negative,9.133862302657517e-05
1271607990970392577,negative,0.004931056709081676
1271607991209349120,positive,0.794969438597525
1271607995978440709,negative,0.05880812121903459
1271607996062334982,negative,0.11162762197975168
1271607996129435649,negative,0.11330392519685359
1271607996280438786,negative,0.2501008089784364
1271607997492604928,negative,0.002472413958545809
1271607997916160000,negative,0.01412893986117105
1271607998230781952,negative,0.015386386874891427
1271607998465654784,negative,0.041431205850108566
1271607999056896000,negative,0.002314971440726258
1271608001632382976,negative,0.024266507849056956
1271608002265731077,negative,0.02338109995540585
1271608002987073536,negative,0.00016628924848785266
1271608005075832833,negative,0.19696061213560703
1271608006673870848,negative,0.002886944683696644
1271608007047200770,negative,0.027565523875858356
1271608008942878721,negative,0.09891388691255545
1271608011476303872,negative,0.0008184380563825783
1271608011551846402,negative,9.133862302657517e-05
1271608011765821440,negative,0.2501008089784364
1271608011950358531,negative,0.2793168272936149
1271608012910866432,negative,0.03980030593590898
1271608013263196160,negative,0.006037807319365434
1271608015095988224,negative,0.3156588066581908
1271608016782139393,negative,0.18909143581032145
1271608018678034433,negative,9.133862302657517e-05
1271608020317933569,neutral,0.41781860539170623
1271608021622362112,negative,0.00016628924848785266
1271608021689364480,negative,0.009090666028671647
1271608022129876992,negative,0.07416391067742945
1271608023341907968,negative,0.0023327578742774174
1271608023354613760,negative,0.0054090737765154166
1271608027402194944,negative,0.10968444715585364
1271608027968417792,negative,0.04776276729038092
1271608029159600131,neutral,0.48728019602140255
1271608029293752325,negative,0.001595334237663935
1271608029805494276,negative,0.04402407262315421
1271608029990060032,negative,0.10947484028698869
1271608030766026753,negative,0.14444456258043442
1271608031198023682,negative,0.00016628924848785266
1271608032137547776,negative,0.002967236849464087
1271608036323479554,negative,0.1462919561686419
1271608038714232832,negative,1.6004461559065887e-10
1271608043533414401,neutral,0.5570711613696543
1271608043869016065,negative,0.03518060885722172
1271608044384813057,negative,9.250877231731503e-05
1271608044925878272,negative,0.008658099919513919
1271608046540730369,negative,0.00011791760518418482
1271608046683328514,negative,0.026102557911560516
1271608046821576706,positive,0.9138073583765428
1271608048138825731,negative,0.18795859623648656
1271608082003644416,negative,0.001031979323887517
1271608082221731840,negative,0.014957971675920433
1271608082792157186,negative,0.07783904481023335
1271608083140284417,negative,0.002886944683696644
1271608085489033218,negative,0.005469263441703145
1271608085572997120,negative,0.003689380387998146
1271608085812056065,negative,0.0057893423743701775
1271608086374088705,negative,0.002028613253832301
1271608087477137409,positive,0.9460527034997795
1271608088835964928,negative,0.005633212636809011
1271608088840282113,negative,7.057381430586534e-06
1271608089972793347,negative,0.04318995823933925
1271608090421612544,negative,0.11324237674844222
1271608091352510464,positive,0.9999999906320625
1271608094271905792,negative,0.0003806397911481164
1271608098441105412,positive,0.8824757861350008
1271608098675924995,negative,0.02650482368247653
1271608098747277317,negative,4.143742682840951e-05
1271608099464458241,negative,0.008658099919513919
1271608099745550343,neutral,0.46580994113209095
1271608101205139457,negative,0.10947484028698869
1271608101389643777,neutral,0.5919789356740291
1271608103688175617,negative,0.03843634973879556
1271608104879222785,positive,0.7802467975867374
1271608105697189889,negative,7.37922492671626e-05
1271608106053763076,negative,0.0035345325729275916
1271608106972327936,positive,0.8418714218963996
1271608107295268865,negative,0.02301667247206716
1271608109363011584,negative,0.008658099919513919
1271608110520709121,positive,0.6624055896622104
1271608111820931075,negative,0.13668493691939873
1271608112382980102,negative,0.07587745661513555
1271608114371088386,neutral,0.46580994113209095
1271608115688083461,negative,0.08384635293073044
1271608116161974272,positive,0.6624055896622104
1271608116568829957,negative,0.0012761655135181923
1271608116623392768,negative,0.00016628924848785266
1271608117134897153,positive,0.8252928208014776
1271608117176999941,negative,0.00011791760518418482
1271608117529399296,negative,4.143742682840951e-05
1271608117638332416,negative,0.00016628924848785266
1271608119022374912,negative,0.2076559053117412
1271608120540790785,neutral,0.35138810142877774
1271608124085067776,negative,0.0006728627838666724
1271608124412178432,negative,0.13601038638475507
1271608125272047618,negative,0.0015461352129948103
1271608127255908353,negative,0.00016628924848785266
1271608131651543040,neutral,0.3702954252343909
1271608137770991621,positive,0.671337306919619
1271608137930457092,neutral,0.40620369592392663
1271608138995728386,neutral,0.41781860539170623
1271608139515932672,negative,0.0017125853811969492
1271608142019866624,negative,0.025423849341311082
1271608142846136320,negative,0.02332060513388942
1271608143613767680,negative,0.28286128465373983
1271608144377122818,positive,0.7500377016963704
1271608144561659906,positive,0.8725319576749487
1271608144565764097,negative,0.00016628924848785266
1271608144758738947,negative,0.008658099919513919
1271608145283092482,negative,0.11162762197975168
1271608145857654784,negative,0.031252089843059085
1271608147199750144,negative,0.0018993331550702017
1271608148051165184,negative,0.00157921824750368
1271608148256788480,negative,0.1462919561686419
1271608149074743296,negative,0.00016823968684374503
1271608149695279105,negative,0.09510720939052819
1271608150047817729,negative,7.2884477388465e-05
1271608151759077381,negative,0.22518024729337605
1271608154825031680,negative,0.00016628924848785266
1271608156267913217,neutral,0.4545729117725756
1271608160864874497,negative,0.001249402941077617
1271608162882289665,negative,0.02074477270345482
1271608165013086208,negative,0.00016628924848785266
1271608166057422849,positive,0.9460527034997795
1271608167034695680,neutral,0.40100852203516024
1271608167659638784,neutral,0.46580994113209095
1271608167684689925,negative,0.03786368867470405
1271608169706532865,neutral,0.5047475887707477
1271608169878491138,neutral,0.43239902574644784
1271608171044503552,negative,0.00025521795545906155
1271608171870793728,positive,0.7500377016963704
1271608172038574081,negative,7.2884477388465e-05
1271608172042739712,negative,0.05166006760689663
1271608173263228930,negative,7.2884477388465e-05
1271608174077005832,negative,0.13223660272479967
1271608174190223360,positive,0.6850770058699224
1271608174835982342,negative,0.30895589162194187
1271608174857068544,negative,0.00011791760518418482
1271608175716741120,negative,0.0016737896560586971
1271608177344294917,negative,0.0004449994463308597
1271608179290525699,positive,0.9978169640946377
1271608179906867200,negative,0.0015332853731142978
1271608180112580608,negative,0.16437877331818024
1271608182503346178,negative,0.007904528295325884
1271608183337955328,negative,0.012004517798692419
1271608184776597507,positive,0.8868953502997019
1271608185506410496,negative,4.542500927210398e-05
1271608185808400386,negative,0.00538219475894898
1271608185846145024,neutral,0.48773238291385845
1271608189470072832,negative,0.0014085018742596908
1271608189583347712,negative,0.07388171950582473
1271608191420375040,negative,0.2695255386117349
1271608191999250432,positive,0.7500377016963704
1271608193035239425,neutral,0.46127768308170247
1271608194830401536,negative,3.251887784698872e-05
1271608195161735171,positive,0.8824757861350008
1271608195702829056,negative,0.0271165461827435
1271608196092887045,negative,9.9776447420698e-05
1271608196201930752,neutral,0.3396404128754322
1271608196663255040,negative,0.026615173795510632
1271608196818493442,positive,0.6624055896622104
1271608197816684544,negative,0.18795859623648656
1271608198898868224,negative,0.00016628924848785266
1271608200001880065,negative,0.011703220097117726
1271608200014503937,negative,0.00016628924848785266
1271608201901899778,negative,9.553063379696503e-08
1271608203290324992,negative,0.0022534008262551316
1271608204867354628,negative,0.047912290521591565
1271608205311979527,negative,0.18795859623648656
1271608205890785281,negative,0.04430782397924109
1271608206201143300,negative,0.029627281159776163
1271608206301724672,negative,0.07762784543750909
1271608208633847808,negative,7.2884477388465e-05
1271608209170522112,negative,3.4991323452319925e-05
1271608211238539265,negative,0.01695543629101093
1271608212131844098,negative,0.17368316823801994
1271608214858194944,negative,0.0022064834697839014
1271608216846303232,negative,0.1305131345096017
1271608218821763072,negative,0.13223660272479967
1271608220067549184,negative,0.00016628924848785266
1271608220386308096,negative,0.19696061213560703
1271608221036417026,negative,0.0020377348050183972
1271608221246070789,negative,3.765947824382986e-05
1271593122816856064,negative,0.001770353159796993
1271593122842066946,negative,0.253503508402999
1271593122850619392,negative,0.00011300980318351567
1271593122854649857,negative,0.14772491463462326
1271593122867212289,negative,0.0015920783803172467
1271593122879934469,negative,5.68939979736607e-08
1271593122883964928,negative,0.000379978061556261
1271593123047604225,negative,0.002122644152690771
1271593123068522498,negative,0.15493507090729172
1271593123093848065,negative,0.1715997985182068
1271593123114708993,negative,0.001770353159796993
1271593123127361538,negative,0.06409709021794528
1271593123156840451,negative,3.444905371224673e-05
1271593123165147138,positive,0.9754362764514383
1271593123186200577,negative,0.023880906617577132
1271593123211169792,negative,0.001770353159796993
1271593123223793665,negative,3.4104804711638034e-05
1271593123379019777,negative,0.27818813600193143
1271593123425157120,negative,0.0036121788031715715
1271593123467145216,negative,2.1441174923231902e-05
1271593123563532288,negative,0.0077162576963358525
1271593123572056067,neutral,0.42507619662732005
1271593123613937664,neutral,0.47612895188823273
1271593123664314369,negative,0.0019354767214644615
1271593123680927745,negative,3.0360872708922334e-05
1271593123689508864,negative,3.372515321865455e-09
1271593123752431616,negative,0.0956229343008981
1271593123827691521,negative,0.00018015609707246557
1271593123865600000,negative,2.190496979416656e-05
1271593123878014976,negative,0.1385453857109973
1271593123928473600,negative,0.003125316657797323
1271593124004069384,neutral,0.6488874517258852
1271593124012462081,negative,8.668403832121506e-05
1271593124033413120,negative,0.02696737489504612
1271593124075311104,negative,0.0020321349138803257
1271593124213788674,negative,3.465157569264131e-05
1271593124259721216,positive,0.7452709368180067
1271593124335403008,negative,0.0006619629198169916
1271593124461195265,negative,3.0844801566090945e-06
1271593124641378307,negative,0.0154373259585352
1271593124696150020,negative,0.001770353159796993
1271593124813516801,negative,0.01270562230709515
1271593125023277058,negative,0.005511644221384125
1271593125040054273,negative,1.303178600968904e-06
1271593125085995008,negative,0.01491186565773114
1271593125115498507,negative,3.67269636011018e-07
1271593125128081410,negative,0.07230972764704506
1271593125144920065,negative,0.03840564920058137
1271593125161635840,negative,0.04108434284883127
1271593125186867200,negative,0.05952519289747215
1271593125228797959,neutral,0.37069511919348275
1271593125316710400,negative,0.11330708693684782
1271593125539188737,negative,0.01066573399809314
1271593125555974145,neutral,0.33209808214716663
1271593125585186816,negative,0.00029578864422110507
1271593125706977280,negative,0.0008981889496598773
1271593125778206721,negative,0.001770353159796993
1271593125908111362,negative,0.16577812050128762
1271593125954363392,negative,0.00016419436988439717
1271593125966827520,negative,0.04272380558217641
1271593126063415300,negative,0.16407572091415107
1271593126105362432,negative,0.003517429029724342
1271593126138912768,negative,1.8071423721078942e-08
1271593126206078977,negative,0.00684700523264991
1271593126226886657,negative,0.06368720103662871
1271593126227042305,negative,0.0024293830190501254
1271593126231248897,negative,0.002256317013291634
1271593126268817410,neutral,0.5372318511317483
1271593126277181441,neutral,0.3817868571462269
1271593126428389387,negative,0.0020321349138803257
1271593126491111424,negative,0.0020321349138803257
1271593126524669953,negative,0.09337884554016143
1271593126537449473,negative,0.006620028337443573
1271593126570815489,negative,0.003404223667103734
1271593126600118272,negative,0.001770353159796993
1271593126742773760,negative,0.001770353159796993
1271593126755536896,negative,0.27292421987320603
1271593126767915013,negative,8.392737242481846e-06
1271593126768136192,negative,0.00032578007026466097
1271593126855979009,negative,8.00104990843247e-05
1271593126906327040,positive,0.878708708309711
1271593131297955843,negative,0.020567393119929233
1271593131750932482,negative,0.001086161986502189
1271593132187140096,negative,0.0003009057960067728
1271593133462224898,negative,2.610105663182056e-06
1271593260331368448,negative,0.005997994969765444
1271593260440530946,negative,0.10697750540444037
1271593261027733504,negative,0.02428248049254861
1271593261120000000,negative,0.005427610956719905
1271593261724041221,negative,0.005427610956719905
1271593261887610886,negative,0.013670573633412467
1271593263431127046,negative,0.20517950337197216
1271593263640776705,negative,0.03840564920058137
1271593263787630593,negative,0.0824915517437399
1271593264324530176,negative,0.06070951744942645
1271593265599406082,negative,2.987944245261539e-06
1271593267281498112,neutral,0.33758533303423804
1271593270846599168,negative,0.09247221267086034
1271593271236722688,negative,6.604346032172726e-07
1271593271492521987,negative,0.28222839339349737
1271593271819669507,negative,0.06592072384727543
1271593272356503556,neutral,0.4453817490056766
1271593272650215425,negative,0.19753827322328846
1271593272906076163,negative,0.05479259030273839
1271593273103134720,negative,0.00034694250360375195
1271593273438752781,negative,0.2468973875867962
1271593274336333826,negative,0.021873131606606658
1271593275628142593,neutral,0.3471587350631319
1271593275707854849,negative,0.04495357886299508
1271593275930091525,negative,0.024971210949762058
1271593276911562752,negative,0.06465825351538639
1271593277339447296,negative,0.007012448520741336
1271593278375428096,negative,0.0017087920244632216
1271593279168163840,negative,0.0007961644988772602
1271593280346742785,positive,0.674801908713306
1271593280619175938,negative,0.033837434998364245
1271593280682127360,negative,0.0006231497894395036
1271593282347446274,negative,0.0016754322975082508
1271593282687111169,negative,0.06326627960981118
1271593282796126209,negative,0.1250394177911437
1271593283974815746,negative,0.22513179180885018
1271593285266681858,negative,0.046484769731093445
1271593286461992961,negative,2.5918679891144843e-10
1271593286571098115,negative,0.00038285317534352556
1271593286768242689,negative,0.01506161306881757
1271593286931828736,negative,0.006731716164488975
1271593286986158081,negative,6.236105015602125e-07
1271593287263100928,negative,1.4187975721925792e-05
1271593287346982912,negative,0.025667753840381006
1271593287590252546,negative,0.009727947062108402
1271593287632195584,negative,0.007012448520741336
1271593288299143168,negative,0.1735162678381825
1271593288945086467,negative,0.0049931257891536055
1271593289448374272,negative,0.002547343254792422
1271593289620189184,negative,5.695857302171394e-06
1271593289624489985,negative,1.4183863573047128e-18
1271593290857680896,negative,0.008190042507167457
1271593291042062337,negative,0.007012448520741336
1271593291360768000,neutral,0.5495922250151081
1271593292745125889,negative,0.005702699930454052
1271593293126778881,neutral,0.6435753295428343
1271593293306945537,negative,0.06838731696402534
1271593295152644096,negative,0.001910612464469716
1271593295274283008,negative,0.00166201371544442
1271593297191096324,negative,0.0254038467215007
1271593297216143360,negative,0.020469551002790937
1271593297530757120,neutral,0.33113200015936756
1271593298403213313,negative,0.002690128540545374
1271593298856218626,negative,0.18693584956905138
1271593299023986689,negative,0.004153700774451661
1271593300013862913,negative,0.29506351636783923
1271593300718485505,negative,0.02980640167285976
1271593300944924673,positive,0.8890922804352984
1271593301154684929,negative,0.016286125791499385
1271593301293125638,negative,0.04495357886299508
1271593301980971011,negative,0.0794787737729412
1271593302484291591,negative,0.02711713266105864
1271593304090529792,negative,0.0048031083353694045
1271593304124252161,negative,0.007012448520741336
1271593306238091265,negative,0.014599131926261314
1271593306850459658,negative,0.0017087920244632216
1271593307567767568,negative,0.03980030593590898
1271593307978772482,negative,0.05625944778328097
1271593308146581504,negative,0.0022396565939442623
1271593309954326528,negative,0.030254515561254233
1271593311111909376,negative,0.02428248049254861
1271593311468486656,negative,0.0023185666475635334
1271593312223473664,negative,0.024677929255776866
1271593313506938887,negative,0.3040949491800166
1271593313708257280,negative,0.00011524587397659053
1271593314005987330,positive,0.8883983257081591
1271593315796992000,negative,0.0016754322975082508
1271593316426092546,negative,0.04251423792646359
1271593316916707329,negative,3.55355186306911e-05
1271593318204530688,negative,0.004153700774451661
1271593318531637248,negative,0.3092554970748467
1271593318741274624,positive,0.8066560153220066
1271593319144001536,negative,0.32240292313138746
1271593319899021313,negative,2.5144893589907698e-05
1271593320050044933,negative,0.17553924241747834
1271593320800587778,negative,0.17553924241747834
1271593321031274496,negative,0.03695208748753567
1271593321329287168,positive,0.8867648577036734
1271593321358647296,negative,0.00010651569066383772
1271593321434152960,negative,0.00010136029845018516
1271593322390282240,negative,0.001842031509920941
1271593322654633984,negative,0.09184040873162057
1271593323606802433,neutral,0.4562200742556131
1271593325880135681,positive,0.7602886081728985
1271593328224731136,neutral,0.4834273250965279
1271593328400912384,negative,0.00010888153167369292
1271593328811954176,negative,0.3040949491800166
1271593329034133504,negative,1.907745253316226e-10
1271593329218682880,positive,0.9999739766285363
1271593331559141377,neutral,0.37955182366539003
1271593333631127552,negative,0.007012448520741336
1271593334398685184,negative,0.05599074932229159
1271593335589752832,negative,0.017893904904988076
1271593335996768261,neutral,0.5580106789290911
1271593336013557760,negative,0.002710688381485039
1271593336252612608,negative,0.2663312715985176
1271593338093875200,negative,0.007892749859270635
1271593338182000640,neutral,0.35451443008515343
1271593338420985861,negative,0.02428248049254861
1271593338970550273,negative,0.004393708458221603
1271593339255697408,negative,0.012486227219532946
1271593341386403840,negative,0.06766342743616652
1271593342162403329,neutral,0.5046004017031596
1271593343240323072,negative,9.11530616152658e-07
1271593343449956353,negative,0.3040949491800166
1271593343663910912,negative,0.014300086334016922
1271593345043791878,negative,0.00021323646588724418
1271593345605865472,negative,0.06847769508378992
1271593346423808006,negative,0.07079633608134572
1271593347065483264,negative,0.003021455988587913
1271593348130897921,negative,0.0694485464072126
1271593350139908096,negative,0.138222591135534
1271593465068093443,negative,0.07638420358625374
1271593465718149120,negative,0.06756897342989703
1271593466502447104,negative,0.0032019498800548826
1271593466770923520,negative,0.19588331655705646
1271593468175974403,negative,1.9565718695786653e-06
1271593468196982785,negative,0.06428858986360275
1271593469455335424,negative,0.004825658429369569
1271593470751367168,negative,0.0015425978250262452
1271593471418208258,negative,0.3040949491800166
1271593471732785154,negative,0.06267860474099735
1271593472575909891,negative,0.00012909962572340593
1271593472630407168,negative,0.0510672148070735
1271593473938948097,negative,0.3194594848544355
1271593476522721280,negative,0.061381062710180706
1271593477449580544,negative,0.04430766544486312
1271593478640685056,negative,0.19856437418152836
1271593480612122629,negative,0.029221171854788907
1271593481404928006,negative,0.01786866897430779
1271593482386173953,negative,5.695857302171394e-06
1271593482784653312,negative,0.005427610956719905
1271593483095224321,negative,0.001001766229483603
1271593483644612611,negative,0.10144942151281487
1271593484319952898,negative,0.027532586259180133
1271593484407967755,negative,4.306354617242347e-05
1271593486681284609,negative,0.0015425978250262452
1271593486781804545,negative,0.0010033410433637482
1271593487767687170,negative,0.12582316481727124
1271593488157741059,negative,4.650985078126962e-05
1271593489537609728,negative,6.101499555858418e-06
1271593490963730432,negative,0.0006231497894395036
1271593491173380097,negative,0.12582316481727124
1271593492331053056,negative,0.005702699930454052
1271593492393988098,negative,0.018360823191417172
1271593493144768522,negative,4.1059875989667547e-08
1271593493471924226,negative,0.004664103619831487
1271593493656408066,negative,0.015785842212538693
1271593493765505025,negative,0.0071479933406052385
1271593494633680896,negative,7.18736437868155e-06
1271593495141199872,negative,0.07802105340640744
1271593496663805952,negative,0.007012448520741336
1271593497850757121,negative,0.012258150637911417
1271593498832142336,negative,0.027532586259180133
1271593499281051655,negative,2.1748364606025563e-05
1271593499499134977,negative,0.0022396565939442623
1271593499822080000,neutral,0.42143960748268994
1271593500543508481,negative,0.0106582572344356
1271593500715483136,negative,0.01879425341181135
1271593500740587520,negative,0.22837458946902603
1271593501491372037,neutral,0.49789225920557484
1271593501906612224,negative,0.05625944778328097
1271593502267359233,neutral,0.35451443008515343
1271593502716108804,negative,0.04692282387135488
1271593503425003521,neutral,0.4796490145440826
1271593504209358849,negative,0.06756897342989703
1271593504716853249,negative,0.012347907951820055
1271593504964304902,negative,1.4632120839424007e-07
1271593505513598976,negative,7.236773637704521e-08
1271593505899663361,negative,0.2623827775999211
1271593506491043840,negative,0.2156053338188283
1271593506759274496,negative,0.0023170344461177867
1271593506826526727,negative,0.00020487407608389335
1271593507178807296,negative,0.0009028042954317648
1271593507325710338,negative,1.4187975721925792e-05
1271593507606626304,negative,0.011639155442711917
1271593507610939392,negative,0.0002833791535977362
1271593507757723649,negative,0.01270562230709515
1271593508525277184,negative,0.03350994416451657
1271593509468897282,negative,0.03294390326149699
1271593509871591425,negative,0.03840564920058137
1271593509993287681,neutral,0.5409692926580761
1271593510182010883,negative,1.4232799329738553e-05
1271593510215573505,negative,9.09654557292609e-06
1271593510995714048,negative,0.01968756515259333
1271593511369007108,negative,0.007031173967248271
1271593512325263360,negative,0.037551689718882196
1271593513826897920,neutral,0.5826009004579629
1271593514657361921,negative,0.0002833791535977362
1271593514909007873,negative,0.03980030593590898
1271593514934177794,negative,0.0005304861083478886
1271593515894673408,negative,0.05118602128311794
1271593518096662529,positive,0.8916089430585038
1271593518235029508,negative,0.21901926185641368
1271593518235111425,negative,0.02428248049254861
1271593519048777738,negative,0.004664103619831487
1271593519145156610,negative,0.07006122444756348
1271593519325614080,negative,0.029221171854788907
1271593519564587008,negative,0.04691524640550148
1271593522408415232,negative,0.028580189076902678
1271593522681073671,negative,0.060977394315009786
1271593522752303104,negative,0.0071479933406052385
1271593522915708928,negative,0.00021323646588724418
1271593524073545729,negative,0.07200010554329295
1271593525478600709,negative,0.009273273037907637
1271593527064113152,negative,9.707451076599116e-07
1271593529844871169,negative,0.019837067051382298
1271593529970757632,neutral,0.6569287930057107
1271593530142666754,negative,0.006330936802858112
1271593532164386821,negative,0.07638420358625374
1271593532265037824,negative,0.007295532519751675
1271593532294336515,negative,0.07268283473336934
1271593532965486595,neutral,0.6200590102455651
1271593533909196800,negative,0.00012217046157678453
1271593535477776390,negative,2.180593730047001e-05
1271593537004503041,negative,0.002395107361095619
1271593537709264897,positive,0.7841252084022767
1271593538359156736,neutral,0.5744077257535232
1271593538422177792,neutral,0.35451443008515343
1271593538439065600,negative,0.23872007754166424
1271593538447454214,negative,0.0013883300640475228
1271593538581680129,negative,0.0013422869196148164
1271593539290497026,negative,0.0279889774637231
1271593539911192576,negative,0.0004989512452564605
1271593541026840576,negative,0.25485679182001225
1271593541370810369,negative,0.2934658314997545
1271593541417021442,negative,0.053623442375143215
1271593541819674626,negative,0.009207494219139741
1271593541953781768,negative,2.610105663182056e-06
1271593543354781696,negative,0.0006231497894395036
1271593545414164482,negative,0.0036282285406506434
1271593545539993604,negative,0.027565523875858356
1271593545867112455,negative,0.012780692341698095
1271593545896464385,negative,4.5754440653712876e-05
1271593547049979906,negative,3.759814752818217e-05
1271593547184123913,negative,0.009265544069142541
1271593547637174274,negative,0.0009998132630746103
1271593549696565248,negative,0.0009752669618580515
1271593550644461568,negative,0.0002833791535977362
1271593550749118464,negative,0.005700690866329429
1271593551579807744,negative,2.368219676743104e-06
1271593551802097666,negative,0.001842031509920941
1271593551995056129,negative,0.014599131926261314
1271593552099676160,positive,0.993420456607683
1271593552460603393,negative,0.15282060284122093
1271593553676906502,negative,0.007012448520741336
1271593554519998464,negative,0.0009028042954317648
1271593665367101440,negative,0.05368241837099004
1271593666029772801,neutral,0.35451443008515343
1271593666814119942,negative,0.05625944778328097
1271593667485208576,negative,0.003949908940469121
1271593669636894723,negative,0.002438483962027135
1271593670844825602,negative,0.10499275426788209
1271593670911971333,negative,0.18662755844527773
1271593671037779968,negative,0.001842031509920941
1271593671402586115,negative,0.011885421604799605
1271593671432028160,negative,0.05625944778328097
1271593671717261312,negative,0.012780692341698095
1271593672468041734,negative,2.872987793305573e-06
1271593672619016194,negative,0.00038303216930323446
1271593672698744846,negative,0.26812582956602965
1271593673071955970,negative,0.09492797246151588
1271593673151713282,negative,0.11373813647022821
1271593674397364225,negative,0.0013883300640475228
1271593674930114566,negative,0.06756897342989703
1271593675118780422,negative,9.321482231825697e-06
1271593676280487936,negative,0.10822917808536252
1271593676511350786,positive,0.9583508908061004
1271593678755303424,negative,0.28689202034227634
1271593678872731648,negative,0.05479259030273839
1271593679149568000,negative,0.002714598599412135
1271593679841644546,negative,0.030970748644414174
1271593680101572608,negative,0.3155990631147836
1271593682534313990,negative,0.10134028605591529
1271593684165955584,negative,0.0029517525637897694
1271593684551651328,negative,4.114675269595496e-07
1271593685050892294,negative,0.02272847276770877
1271593687525588994,neutral,0.5878681317396183
1271593687949008896,negative,0.005427610956719905
1271593691849900032,negative,1.848047913679797e-05
1271593691979886593,neutral,0.3471587350631319
1271593692827209728,neutral,0.35451443008515343
1271593695121494016,negative,0.3040949491800166
1271593697361174528,negative,0.04251423792646359
1271593697671602178,neutral,0.4737554465528978
1271593698833375234,neutral,0.35451443008515343
1271593699512901637,neutral,0.3921392596637016
1271593699881910272,negative,0.004568801380305996
1271593700116836352,negative,0.10891292943332319
1271593700158771200,positive,0.9928266663248895
1271593700913819648,positive,0.9816001381552858
1271593701178052608,negative,0.22837458946902603
1271593704101314560,negative,7.730518905627762e-07
1271593705422667779,negative,0.00015020895560853226
1271593706588704770,negative,0.26795118967824144
1271593707263983618,negative,0.0010033410433637482
1271593707272314880,negative,0.06402939762091278
1271593707607920641,negative,0.17553924241747834
1271593708895571970,negative,0.05484481797443394
1271593710883680256,negative,0.046484769731093445
1271593711345033229,negative,0.0006419047260213068
1271593711500066816,negative,0.002395107361095619
1271593711672197121,negative,0.004490592819714069
1271593712049631233,negative,0.004021148458542559
1271593712284557312,positive,0.9962913659582096
1271593712540364807,negative,0.0021166407788814462
1271593713983270912,negative,0.00011901263857809462
1271593715350503424,negative,0.001842031509920941
1271593715413315585,negative,0.0017087920244632216
1271593716055183366,negative,0.132051744067243
1271593716503973888,neutral,0.6200590102455651
1271593716680196098,negative,0.24381905159322634
1271593717124784128,negative,0.27525946589101646
1271593718278172677,negative,0.0006231497894395036
1271593718684975104,negative,0.16407572091415107
1271593719192367104,negative,0.002395107361095619
1271593719565860864,negative,0.2731073645540409
1271593720161452032,negative,0.1122578270097093
1271593721079959552,negative,0.01628794900366218
1271593721168093184,positive,0.9403978634961007
1271593721176428544,negative,0.025382816428595932
1271593721809850368,negative,0.31894895207988067
1271593722141163522,negative,0.011582369681331599
1271593723240071169,negative,0.02734764205970332
1271593723768573952,negative,0.0002833791535977362
1271593724380803072,negative,0.04251423792646359
1271593724984909824,negative,0.0032959539639058986
1271593725840539648,neutral,0.5003859365790927
1271593729200136192,neutral,0.6280501524549721
1271593731209248770,positive,0.9873747814096973
1271593731263733760,positive,0.6619794853040635
1271593732547231744,negative,0.10246431494655313
1271593733369278465,negative,0.0077768945570033535
1271593734904246275,negative,0.0125334757023024
1271593736305180672,negative,0.039524083184747934
1271593736942825472,neutral,0.47848741139733153
1271593737563648003,negative,0.04161717728125513
1271593737848868869,negative,0.0004118730785509573
1271593738175946752,negative,0.07520233926586449
1271593738255687680,negative,0.10587995582426299
1271593738603765761,positive,0.8883983257081591
1271593739044167691,negative,3.4309750124081536e-05
1271593739526471680,negative,0.005427610956719905
1271593739983650823,negative,0.0009901581999376412
1271593740533104640,neutral,0.35451443008515343
1271593740633886722,negative,0.3040949491800166
1271593741476704262,negative,0.001842031509920941
1271593742299017216,negative,0.05715304496643487
1271593742575833088,negative,3.262796994869556e-05
1271593743196524544,negative,0.0036964838971348664
1271593743582294016,negative,0.308199125160694
1271593743615959041,negative,0.2772523594959813
1271593744438042624,negative,0.004875284520783133
1271593745167921152,negative,0.05670946645000067
1271593745398587392,negative,0.01786866897430779
1271593746082258945,negative,0.0056917698488451905
1271593746333868033,neutral,0.35451443008515343
1271593746363305986,neutral,0.35451443008515343
1271593746640109568,negative,0.030657206039888824
1271593747021795329,neutral,0.5006086376065693
1271593747160141824,negative,0.09422403567773045
1271593747554414598,negative,0.014694209047314482
1271593747671740417,negative,0.13014207095243102
1271593748531683329,negative,0.3040949491800166
1271593749009829895,negative,0.0008132956777704911
1271593751320854529,negative,1.176706131424099e-05
1271593751480340482,negative,0.0071479933406052385
1271593751585206277,negative,0.18949964065933536
1271593751958433792,negative,3.4756179013684414e-05
1271593752407216131,negative,0.0017087920244632216
1271593753401311232,negative,0.004074047576496962
1271593753921441793,negative,0.21111044902398746
1271593754059780096,negative,0.018358367989957432
1271593754290421761,neutral,0.6028658899908536
1271593754642784257,negative,0.07576476733212008
1271593755645181959,negative,0.02711713266105864
1271593756400197632,negative,0.019454368425044728
1271593757285117952,negative,0.001842031509920941
1271593758036017157,negative,0.0009028042954317648
1271593758182834176,negative,0.3040949491800166
1271593758187032576,negative,0.013960984207132843
1271593760925913088,negative,1.64281694113317e-06
1271593878152286209,negative,8.08785671553836e-06
1271593878215430149,negative,0.007816456490142749
1271593878223818754,negative,3.55355186306911e-05
1271593878823591936,neutral,0.35451443008515343
1271593879104450561,negative,0.17553924241747834
1271593879867994113,negative,0.0007809020524228805
1271593880274731009,negative,0.05610309040052827
1271593880690012160,negative,7.010365739555119e-05
1271593881050787841,negative,2.7618001867940443e-05
1271593882191609858,negative,0.0013883300640475228
1271593882699157507,negative,0.32425426372181554
1271593883185623041,negative,6.4675117100569094e-06
1271593883907100673,negative,0.06559917470219938
1271593884406218752,negative,0.013441343552534154
1271593884615946240,negative,0.2056750182681465
1271593885647634432,negative,0.0032959539639058986
1271593885740019712,negative,0.32620683154629054
1271593886373167105,negative,0.005427610956719905
1271593886977122304,negative,0.00463335343448798
1271593887237316610,negative,0.08664974324900343
1271593887430250501,negative,0.02978956789286822
1271593887992332299,positive,0.8905561955604361
1271593888852082689,negative,0.039433821832599185
1271593889439322113,negative,8.07974085738389e-09
1271593890433376256,negative,0.0013218175577883408
1271593895160356872,negative,0.01628794900366218
1271593896389140480,negative,0.21710876706232005
1271593896426913792,negative,0.06330904016113874
1271593896573837315,negative,2.5614319208760026e-06
1271593896661979136,negative,3.262796994869556e-05
1271593898431963136,positive,0.8254010231557128
1271593899492913152,negative,0.0005703483552045097
1271593900432666625,negative,6.4675117100569094e-06
1271593901808390145,negative,0.03547588364154337
1271593902701674496,negative,0.04692282387135488
1271593905876873221,negative,0.00016100482880607227
1271593906262720513,negative,0.07638420358625374
1271593906644418566,negative,4.142206314792036e-12
1271593906925338625,neutral,0.5586274034083963
1271593907118174208,negative,0.00015693812713209226
1271593907122561031,negative,0.3248410612445367
1271593907558678529,negative,9.521820685757015e-07
1271593908426821632,negative,0.0003583670096521119
1271593910196817920,positive,0.7616384081063461
1271593910276632576,negative,0.062483993766903695
1271593911937650695,negative,0.001842031509920941
1271593912474402821,negative,0.0032959539639058986
1271593912478707712,negative,0.0013876501219581817
1271593912738725889,negative,0.0032959539639058986
1271593912742936576,neutral,0.33113200015936756
1271593913170759686,neutral,0.4364671917774722
1271593914189975556,negative,0.0032959539639058986
1271593915527901184,negative,6.210591437861472e-05
1271593916970815489,negative,0.0013883300640475228
1271593917847396352,negative,0.03695208748753567
1271593918820384768,negative,0.0779996644304394
1271593919147630598,negative,0.06841346132218885
1271593919923531776,negative,0.02777863923988599
1271593920829382656,negative,0.0005212212119467589
1271593921152536582,negative,0.07576476733212008
1271593921622106113,negative,0.09517776482254245
1271593921907482625,negative,0.00027904261984271076
1271593922725384194,negative,0.0007024428090593878
1271593923232890882,negative,0.002860690853247869
1271593923434164225,negative,0.00012902076796920332
1271593924516368386,negative,0.2974462348277783
1271593925485174793,negative,0.08817808333805145
1271593925787168770,negative,0.007220642980619409
1271593926152126464,positive,0.9556858708304484
1271593926508470272,neutral,0.616005678462541
1271593926630289408,negative,2.624816709062187e-06
1271593926781210625,negative,0.0997461381803123
1271593926928093184,positive,0.7974270161998741
1271593927704010752,negative,0.0026899530008048685
1271593927930413058,negative,0.0006869522510005038
1271593928114892800,neutral,0.5046004017031596
1271593928127643648,negative,0.05610309040052827
1271593930182873088,negative,0.12834007218042814
1271593931243786240,negative,0.0011761053866021728
1271593931344617474,negative,0.013095107206999015
1271593931537633280,negative,0.07358220564196775
1271593931982200833,negative,0.10423818545837245
1271593932430999554,neutral,0.49789225920557484
1271593932539998210,negative,0.0674514447204098
1271593932552646663,negative,0.007012448520741336
1271593932875534336,negative,0.00030613164798681813
1271593932976041984,negative,0.021873131606606658
1271593933307404288,negative,0.03191070573730849
1271593933785772033,negative,0.1437999438274475
1271593935320895495,negative,3.3784365051030664e-05
1271593935383691265,negative,1.4535863622671192e-05
1271593935501176832,negative,0.00021323646588724418
1271593935702458369,negative,1.176706131424099e-05
1271593935731900418,negative,0.1735162678381825
1271593935878619136,negative,0.06453866732915321
1271593936327499776,negative,0.0032959539639058986
1271593936461717505,negative,0.1253996594205582
1271593936470106112,negative,0.02858573298173288
1271593936910508034,negative,0.0032754351312852255
1271593938047184896,negative,0.09094452121304596
1271593938571460608,negative,0.0002833791535977362
1271593938726649858,negative,0.00010338679440685032
1271593939007680512,negative,0.05670946645000067
1271593939158609926,negative,0.041805109339581537
1271593940186214400,negative,0.1382073030239792
1271593940916019200,negative,0.015661262735491132
1271593942031593472,negative,0.0032959539639058986
1271593942870568963,negative,0.08725195196597674
1271593943499603968,negative,6.236105015602125e-07
1271593943554293766,negative,0.0013883300640475228
1271593944535625730,negative,0.0006231497894395036
1271593944925851650,negative,0.003405286049915974
1271593945244536832,negative,0.0510672148070735
1271593946192310273,negative,0.05118602128311794
1271593946313969665,negative,0.1952814587246654
1271593946376962048,negative,0.006400747001269419
1271593946523762691,negative,3.262796994869556e-05
1271593949027803138,negative,1.8874422198371515e-05
1271593949115953153,negative,1.4187975721925792e-05
1271593949673795587,negative,0.0007783165580530249
1271593950198063104,negative,0.0558885799001062
1271593950592335873,negative,0.009686711128098116
1271593950747467777,negative,0.004509174608633202
1271593950760128517,negative,0.012567640583325441
1271593951896707078,neutral,0.4792687081820201
1271593952597196800,negative,0.03840564920058137
1271593952735567874,negative,0.0038765649254877015
1271593953222111232,negative,0.1253996594205582
1271593953964503042,negative,0.03695208748753567
1271593954539180034,negative,0.003237131595457598
1271593954954207233,negative,0.002395107361095619
1271593955545710596,negative,0.0022396565939442623
1271593955994546178,negative,0.2458097436367366
1271593956376264705,negative,0.18189440087049463
1271593956611182597,negative,0.0017179404763293094
1271593957684924416,negative,0.04495357886299508
1271593957844271108,negative,0.0013336661306699246
1271593958657974272,negative,0.0005372911005155454
1271593959786192896,negative,2.1278796809660235e-19
1271593960809672705,neutral,0.36481683894818484
1271593961338134531,negative,0.10094563497278858
1271593962273411073,negative,0.0001135572247810931
1271593962298642432,negative,0.0007969433097646404
1271593962609037314,negative,0.3040949491800166
1271593962835509248,negative,0.09492797246151588
1271593963380707329,negative,0.0018668182725755159
1271593963468832769,negative,3.297487035934411e-10
1271593964257320961,negative,0.018796083985478627
1271593965528051712,negative,0.014278448416635066
1271593966257963008,negative,1.0897235451284938e-07
1271593966765510658,negative,0.02592378030655535
1271593968111955974,negative,0.00278849207655785
1271593968330047494,negative,0.002395107361095619
1271593970708041730,neutral,0.49789225920557484
1271593971320385536,negative,0.0008737865427384384
1271593971924578305,negative,0.06492380256797402
1271593972067119105,negative,6.4675117100569094e-06
1271596441568448512,negative,0.06025710062349696
1271596442126254080,negative,0.3040949491800166
1271596442440916992,negative,0.0005172871999428656
1271596445041405952,negative,0.3092477841474542
1271596445242552320,negative,0.1473005753130234
1271596446161211397,neutral,0.49789225920557484
1271596446756810764,negative,3.759814752818217e-05
1271596447750709248,negative,0.00033287291598040416
1271596447931170817,negative,0.033149615113105706
1271596448182865922,negative,0.3092554970748467
1271596449386631170,negative,0.10947484028698869
1271596450548416512,negative,0.016656028492176282
1271596450858905605,negative,0.12332846211687437
1271596451748069377,negative,0.004399544190625546
1271596451840299008,negative,0.014724220190767431
1271596453056647168,negative,0.006759802676185766
1271596453102669824,negative,0.0006018679628487836
1271596453408976901,negative,0.011571710306983514
1271596454855884800,negative,0.05118602128311794
1271596455354970113,negative,0.001842031509920941
1271596455401324546,negative,0.00011559616770533228
1271596456064045056,negative,0.004737236795274242
1271596456395378688,neutral,0.5072119503472683
1271596456873537537,negative,0.033149615113105706
1271596456949035011,negative,0.2013198904030459
1271596457364271109,neutral,0.4064281066055449
1271596457628504065,negative,0.00031694746217586663
1271596457825533958,negative,1.5535188661795936e-05
1271596457834012673,negative,0.0009585156278904463
1271596458740011009,negative,0.18909143581032145
1271596459201384453,neutral,0.35451443008515343
1271596459381555203,negative,0.021659817050564002
1271596460367384576,negative,0.20517950337197216
1271596461076201472,negative,0.0016932895717404065
1271596461076230149,negative,0.22513179180885018
1271596462632247298,negative,0.05470356307280094
1271596462703620097,positive,0.9034856567954894
1271596462800019458,negative,0.001842031509920941
1271596463366254593,negative,0.015948716175502246
1271596463634755597,negative,0.19819772738772282
1271596465006280704,negative,0.0319832305431049
1271596465245356033,negative,0.0005793937850860579
1271596466818240513,negative,0.001842031509920941
1271596467254370305,negative,0.0319832305431049
1271596467640098816,neutral,0.5486392202546
1271596467665469441,neutral,0.36543760813346904
1271596468093063168,negative,0.00023210368265778503
1271596468982427649,negative,0.0032959539639058986
1271596469338939393,negative,0.0017087920244632216
1271596470328852485,negative,0.02428248049254861
1271596470379175942,negative,0.039309880892793664
1271596470458875904,negative,0.0002833791535977362
1271596471276564482,negative,0.27069839133778073
1271596471671013376,negative,0.00015712389013015113
1271596472140734469,negative,6.000568700147799e-07
1271596472174329857,negative,4.637109549875354e-07
1271596474191745024,negative,0.002395107361095619
1271596474682552328,negative,0.05368241837099004
1271596475949051904,negative,0.007012448520741336
1271596476884377600,negative,0.20582928440525614
1271596477123567618,negative,0.0007969433097646404
1271596477140221952,negative,1.420511439379819e-06
1271596477203263488,negative,0.011644732619909668
1271596477203320832,negative,0.01879425341181135
1271596477656285186,neutral,0.46127768308170247
1271596478037803009,negative,0.0006231497894395036
1271596478264487936,negative,0.00011341912160628809
1271596479065526274,negative,4.8955211524647354e-05
1271596479153668097,negative,4.182457827160868e-07
1271596479602479112,neutral,0.38407986312158976
1271596480411951104,neutral,0.5586274034083963
1271596480919244800,negative,0.19552563706121598
1271596481007550466,neutral,0.5914465900851971
1271596481703624705,negative,5.7512016660983764e-05
1271596481892540416,neutral,0.3724848716259374
1271596482068692992,negative,0.05670946645000067
1271596483507179520,negative,0.00029618799960601504
1271596483696082944,negative,0.20582928440525614
1271596484723650560,negative,6.359744069334603e-07
1271596484945944577,negative,5.18788063785002e-05
1271596485784809472,negative,0.0032959539639058986
1271596486590169088,negative,0.030781595593562076
1271596487940673537,negative,0.0005955793925200283
1271596488980824072,negative,0.002206307751701731
1271596489496764417,neutral,0.44054615157121163
1271596489727410181,negative,0.001842031509920941
1271596491019374592,negative,0.25472943918112745
1271596491090640899,negative,0.011534671344747179
1271596491208097793,negative,0.10697750540444037
1271596491363233794,negative,8.41512539797204e-09
1271596491723939841,negative,3.53478291651138e-05
1271596492512538625,negative,0.22866131984486565
1271596493015617536,negative,0.001842031509920941
1271596493032624131,negative,0.060490407011491755
1271596493057769472,negative,2.610105663182056e-06
1271596493594603521,negative,0.019852906323353733
1271596493607186432,positive,0.6643661041507587
1271596493716275202,negative,0.11322443037107636
1271596494592675840,negative,0.28426419202572667
1271596495083634701,negative,0.024725905027713404
1271596495125598213,negative,0.008598731956873698
1271596496820088832,negative,0.17553924241747834
1271596496983666689,negative,0.007295532519751675
1271596497310801923,negative,9.941373350128527e-08
1271596500183928836,negative,0.17122708209395252
1271596500418572288,negative,0.002395107361095619
1271596500439752705,negative,0.016656028492176282
1271596501052112903,negative,0.20582928440525614
1271596501299613698,negative,0.05670946645000067
1271596501463117829,negative,0.26812582956602965
1271596502335590406,negative,6.6379706423660316e-06
1271596502843039745,negative,8.681905039772308e-06
1271596502922727426,negative,0.03980030593590898
1271596503392497671,negative,4.4072361470595466e-07
1271596503560327169,positive,0.9323207928015352
1271596504315289601,negative,0.05670946645000067
1271596504407474177,neutral,0.4461323387356842
1271596505628016640,negative,0.00018137287840119454
1271596505640599553,negative,0.046484769731093445
1271596506873761792,negative,0.0004084473475698522
1271596506919903232,negative,0.3040949491800166
1271596507393929216,neutral,0.33113200015936756
1271596507565895683,neutral,0.4147342023902695
1271596508106895363,negative,0.22862000958994236
1271596508740227082,negative,3.361535233107819e-13
1271596509428137989,negative,0.0006317539724892693
1271596509868384256,negative,0.17553924241747834
1271596510124351489,negative,0.22936725895334592
1271596510753538049,negative,0.02282647380578316
1271596512393510913,negative,0.0032959539639058986
1271596512796123136,negative,2.368219676743104e-06
1271596513983070210,negative,0.005820665306411165
1271596514050215942,negative,0.05953817817461841
1271596515329531904,negative,0.0007931005643519122
1271596515618938882,negative,0.06492380256797402
1271596515736399873,negative,0.002790110565525953
1271596516101296139,negative,0.1308452209614454
1271596516197662721,negative,3.0373461343041953e-05
1271596516344582144,positive,0.8697332229725097
1271596516851974145,negative,0.11999652969375764
1271596518789668864,negative,0.0032959539639058986
1271596519687426048,negative,0.10314861762569424
1271596520635318273,neutral,0.6181024952735569
1271596521256030209,negative,0.002395107361095619
1271596521926975488,negative,4.309626959898529e-05
1271596523143532544,negative,0.23964736527354968
1271596523323785216,negative,3.355898450974455e-05
1271596524171132928,negative,1.0746252470904019e-10
1271596524791910406,negative,0.027565523875858356
1271596526419283973,negative,0.002395107361095619
1271596528478687234,negative,1.1827147958064714e-08
1271596528512237574,negative,0.007707686465493811
1271596528747139072,negative,0.1284511242345716
1271596530387103745,negative,0.020469551002790937
1271596531330609152,negative,0.11085153259866308
1271596531557322754,negative,0.01879425341181135
1271596532211560449,negative,0.0008015336842674633
1271596533482430464,negative,0.16006992431268918
1271596649068949504,negative,0.0032959539639058986
1271596649131896832,negative,4.469701224412782e-06
1271596649194946560,negative,0.1244245966045766
1271596649677303808,negative,1.4187975721925792e-05
1271596650428063752,negative,1.4646355844108882e-05
1271596650776219649,negative,0.26812582956602965
1271596654664310786,negative,6.279107176068996e-05
1271596654802731011,negative,0.2619066384264206
1271596655029215233,negative,0.2746559954443051
1271596655805173761,negative,0.007012448520741336
1271596656643977216,negative,0.0020959491327330357
1271596658858565639,negative,1.971892198480891e-06
1271596659160596482,negative,0.02428248049254861
1271596659210956800,negative,0.2013198904030459
1271596659441623046,negative,0.002395107361095619
1271596659957534722,neutral,0.413250671274227
1271596660225966081,negative,0.12227762356369955
1271596660938940416,negative,2.997645040332642e-05
1271596661140160512,negative,0.14714851045812866
1271596662117588996,negative,0.0013876501219581817
1271596662633279488,positive,0.878708708309711
1271596662717247489,negative,0.002395107361095619
1271596663006736391,neutral,0.6313169041010963
1271596663807737856,negative,0.15709026691647476
1271596664348803072,negative,0.20582928440525614
1271596664898424833,negative,0.18725314621253059
1271596664978112512,negative,6.30727029242739e-06
1271596665288491008,negative,0.0037784799084131003
1271596665389137920,negative,0.016656028492176282
1271596667301658631,neutral,0.35451443008515343
1271596667507216385,negative,0.001842031509920941
1271596668123635712,negative,0.24270053556707355
1271596669080080386,neutral,0.616005678462541
1271596669122076672,negative,5.695857302171394e-06
1271596671076630529,negative,0.0013876501219581817
1271596671651074048,negative,0.23964736527354968
1271596672683032576,negative,1.4187975721925792e-05
1271596673421082625,negative,0.019030972540138892
1271596673635176450,negative,0.00033777355552436797
1271596673849065472,negative,0.3226933002380954
1271596674889117697,negative,0.20582928440525614
1271596676411686912,negative,0.3040949491800166
1271596676516581379,negative,0.009391651134853483
1271596677804306432,neutral,0.5495922250151081
1271596678274048000,negative,0.0004309624193928185
1271596678869651460,negative,0.06267860474099735
1271596679364370433,negative,0.00183556232641822
1271596679624523778,negative,0.14619589582907594
1271596679653920768,negative,0.05368241837099004
1271596681054818304,negative,0.1398072778913167
1271596683252637700,negative,1.8640813909346823e-13
1271596683365933058,negative,0.03840564920058137
1271596684838088704,negative,0.10423818545837245
1271596685534343170,negative,0.009689251270520673
1271596685660217344,negative,0.00016100482880607227
1271596686692016129,negative,0.0016435735756863364
1271596687564341251,neutral,0.3850948772444006
1271596688050921474,negative,7.132164223244654e-05
1271596689292320770,negative,0.0048031083353694045
1271596690525417472,negative,0.20582928440525614
1271596692471549959,negative,0.11234552888829064
1271596693012779010,negative,0.021541253906686608
1271596693172215809,negative,1.0219770565373095e-07
1271596693243510787,negative,0.2864145558920463
1271596693855916033,negative,0.20582928440525614
1271596694174457856,negative,0.0048031083353694045
1271596695592321029,negative,0.15894838135266348
1271596696150171650,negative,0.0034483219390338015
1271596696687071235,negative,0.00684700523264991
1271596697341353985,positive,0.7592511987356627
1271596697873821699,negative,0.002395107361095619
1271596698020823040,negative,0.1735162678381825
1271596698587013120,negative,1.9565718695786653e-06
1271596698825981952,negative,0.0073328289796317885
1271596699031568384,neutral,0.35451443008515343
1271596699581104128,negative,0.03840564920058137
1271596700361244672,negative,0.0023185666475635334
1271596700994502656,neutral,0.35451443008515343
1271596701124628482,negative,0.07645284187388722
1271596701783142401,negative,0.015411969190119088
1271596702689112066,negative,0.22252779164072473
1271596703502733312,negative,0.03146522717388322
1271596703616053253,negative,0.3040949491800166
1271596703645401089,negative,0.23872007754166424
1271596703884419072,negative,0.20582928440525614
1271596703951577088,negative,0.0012816603052496118
1271596704693923841,negative,0.0005955793925200283
1271596705021071360,negative,0.001166259530530785
1271596705444749312,negative,0.0041178238821338795
1271596706170392576,negative,0.2013198904030459
1271596706354860033,negative,0.0013883300640475228
1271596707210579973,negative,0.002977968729073666
1271596708154101760,negative,0.26964203488746474
1271596708548546561,negative,9.208034378177232e-05
1271596708766547971,negative,0.2056750182681465
1271596709249003520,negative,0.03840564920058137
1271596709303459841,negative,0.016656028492176282
1271596710196895746,neutral,0.5552433420321525
1271596710456893445,negative,5.149654916088031e-06
1271596710524051457,negative,5.5715646012312354e-05
1271596711350358021,negative,0.05588134014639994
1271596711648034816,negative,0.013670573633412467
1271596712600223744,negative,3.8632474149153675e-05
1271596713355235328,negative,0.00012196147961701473
1271596713539756033,neutral,0.6022029612724913
1271596713912995841,negative,0.001001766229483603
1271596714114375681,neutral,0.49789225920557484
1271596715141935110,negative,0.0032959539639058986
1271596716060483586,negative,0.12965473981048037
1271596716320530433,positive,0.8118866211141739
1271596716458999810,negative,0.0032959539639058986
1271596716559605761,negative,5.726210350130075e-12
1271596716836487168,negative,0.31810367173510906
1271596717121601537,negative,0.04460431216703969
1271596717385883648,negative,1.3603977768787162e-07
1271596718409371649,negative,0.025152324668022856
1271596718480666625,negative,0.00028644739584200376
1271596719206273024,neutral,0.49789225920557484
1271596719688556545,negative,0.2976487403988343
1271596719990595584,negative,0.06756897342989703
1271596720099454977,negative,0.0009175264165824337
1271596720732979204,negative,0.13971399525614192
1271596720745562113,negative,3.6769189104993516e-14
1271596721500418048,negative,1.0743693579193609e-05
1271596722863685633,negative,0.000639964535360043
1271596722918166528,neutral,0.35451443008515343
1271596723073429515,neutral,0.5377775092341677
1271596723186675713,negative,0.19432532171059494
1271596723438260225,negative,9.487619532256207e-05
1271596723509567489,negative,0.02711713266105864
1271596723563974657,negative,0.023937518049173347
1271596724491104256,negative,0.06559550363989554
1271596724566609922,negative,0.0002833791535977362
1271596724876906496,neutral,0.4814216422911448
1271596725145350146,negative,0.004265291694922927
1271596725162119170,negative,0.004074047576496962
1271596726340726785,negative,2.7834637040753586e-06
1271596729691803648,negative,0.001842031509920941
1271596730023362562,negative,0.0002833791535977362
1271596731323555840,negative,3.491398639487401e-07
1271596731436797959,negative,0.0032959539639058986
1271596731675836416,negative,1.4087941363798072e-05
1271596732531515393,negative,0.0031332283575049727
1271596734259564545,negative,0.0013876501219581817
1271596734700027904,negative,0.025034400796154713
1271596735220133891,negative,0.01879425341181135
1271596736230850561,negative,0.08442023049846699
1271596737048780800,negative,0.1735162678381825
1271596737547862016,negative,0.0007580173523928184
1271596737984167937,negative,0.022723298566581
1271596738038714368,negative,0.3092554970748467
1271596738437091330,neutral,0.35451443008515343
1271596738625835008,negative,0.0070037235772165045
1271596738772697089,negative,0.04495357886299508
1271596739028348928,negative,0.0017087920244632216
1271596864949956608,negative,0.005052329783471078
1271596865398677504,negative,0.0032959539639058986
1271596865549594626,negative,0.0032959539639058986
1271596865881071622,negative,0.00024668772903998056
1271596866954768384,negative,0.0003368385524187759
1271596867579764737,negative,0.025152324668022856
1271596868082991104,negative,0.16380704349768305
1271596868145946628,negative,7.236773637704521e-08
1271596868380827648,negative,0.00422716101484398
1271596868812918785,negative,0.00019984109669266473
1271596870780026880,negative,0.012722016938694417
1271596872029831169,negative,0.00019984109669266473
1271596872394833920,negative,0.26812582956602965
1271596872466149376,negative,0.03547588364154337
1271596874022236162,negative,1.5535188661795936e-05
1271596875809017857,neutral,0.35451443008515343
1271596876375048194,neutral,0.5554037302606657
1271596878447226881,negative,6.488053464005818e-07
1271596879348973573,negative,0.0077562207770218855
1271596879365750790,negative,2.5144893589907698e-05
1271596879621562368,negative,0.0037784799084131003
1271596879650926592,negative,0.00876818393534975
1271596880724623360,negative,0.00019984109669266473
1271596880896708609,negative,0.00019984109669266473
1271596881110499330,negative,0.00019984109669266473
1271596881576157185,negative,0.001842031509920941
1271596881773092865,negative,0.0006231497894395036
1271596883492786177,negative,0.027532586259180133
1271596883891367936,negative,0.029737396496204136
1271596885627809796,neutral,0.5887973398928581
1271596885627875328,negative,0.0028290743903026405
1271596885954846720,negative,0.01426350579830756
1271596886294769665,neutral,0.3307252752772689
1271596886521249794,neutral,0.45018417732041005
1271596886588342272,negative,0.04495357886299508
1271596886986821634,negative,0.00019984109669266473
1271596887578198016,negative,0.12355953697292549
1271596888190365698,negative,0.05118602128311794
1271596888974856193,neutral,0.5586274034083963
1271596889058816001,neutral,0.5703278129266797
1271596889247539201,negative,4.877534878256204e-07
1271596889994035201,negative,0.001309785741166898
1271596890224721932,negative,0.09955512162098228
1271596891252256768,negative,0.1216200432332618
1271596891378192384,negative,0.01879425341181135
1271596891734769666,negative,3.2732762292972605e-05
1271596891780898818,negative,0.20582928440525614
1271596894939217925,negative,0.0033539242605022594
1271596895387791360,negative,0.0005955793925200283
1271596896348336128,negative,8.802169802190043e-05
1271596896545628160,negative,0.11140673216756722
1271596897552269313,negative,0.000157410183869939
1271596897711554560,neutral,0.5158655772727035
1271596897715675136,negative,0.0970674466251377
1271596897736839169,negative,0.08063168729622666
1271596897799557121,negative,0.2349769771313352
1271596897858396162,negative,0.013598160787417896
1271596897871056898,negative,0.0009241571887014849
1271596897883447296,negative,0.22877457539955592
1271596897967497217,negative,0.0970674466251377
1271596898093109248,negative,0.013131919945781093
1271596898634383360,negative,0.1735162678381825
1271596898927984641,negative,0.00019984109669266473
1271596899653599238,negative,0.029870806381039356
1271596900257579008,negative,0.00040705240224095786
1271596900333031427,negative,4.644395010123948e-05
1271596901037735941,negative,1.1190646468671416e-05
1271596901528469506,negative,0.3092554970748467
1271596902224736257,negative,0.0071479933406052385
1271596903373983745,negative,0.00023210368265778503
1271596903516512257,negative,0.013670573633412467
1271596904795824131,negative,0.0032959539639058986
1271596904875536391,negative,6.104966626501781e-05
1271596904896319488,negative,0.02978956789286822
1271596904996990977,negative,0.001842031509920941
1271596906960084992,negative,0.1412589031008617
1271596907014610952,positive,0.9712226418008998
1271596907161358336,neutral,0.5844660558927414
1271596907828256768,negative,0.0006303836960479509
1271596908532977666,negative,2.904612458470626e-06
1271596908889473024,negative,0.013670573633412467
1271596909266944000,negative,3.0881401896599384e-07
1271596909594120192,negative,0.033089986882521925
1271596909728337921,negative,0.17553924241747834
1271596909791150081,negative,0.05209513818181278
1271596909870960642,negative,0.03809292138075826
1271596909980012544,positive,0.9262977138262638
1271596910445498369,negative,6.236105015602125e-07
1271596910504263681,negative,0.0013883300640475228
1271596910554611712,negative,0.009945799346532495
1271596910919315456,negative,0.29922076576037687
1271596911322152962,negative,0.00020130697172407878
1271596911888338944,negative,1.5535188661795936e-05
1271596912270065666,negative,0.00019984109669266473
1271596912588869632,negative,0.0018145369456383565
1271596913058603008,neutral,0.5845058972105897
1271596913201221633,negative,0.22252779164072473
1271596913360621568,negative,0.060490407011491755
1271596914341969928,negative,0.03082162278249762
1271596914471923718,negative,0.20608528299433623
1271596914748919809,positive,0.9708641168379752
1271596915273195520,neutral,0.5136446707795853
1271596915705229312,negative,0.0011701105593493336
1271596915763761153,negative,0.0006260853797702268
1271596917366181888,negative,0.13341406001625764
1271596917617766402,negative,0.00019984109669266473
1271596917659774976,negative,0.00019984109669266473
1271596917953302529,neutral,0.4925319814792465
1271596918762811393,negative,0.011667634444679982
1271596918792245248,neutral,0.5751779457432107
1271596919165501441,negative,2.7960046651170133e-11
1271596920239054848,negative,0.02978956789286822
1271596921275117573,negative,0.016699047215027768
1271596921833037827,negative,2.4575771805138935e-05
1271596922768437248,negative,0.19744689011255426
1271596923141656576,negative,0.00015887542780427727
1271596923930238980,negative,0.0029222022920998556
1271596924018348038,neutral,0.35451443008515343
1271596924307681280,neutral,0.36016203400974833
1271596924810997761,negative,0.025152324668022856
1271596925062701057,negative,0.05610309040052827
1271596925062721537,negative,0.0032959539639058986
1271596925163319296,negative,0.06756897342989703
1271596925826011136,negative,0.00011775213026216606
1271596926580879361,negative,0.06330904016113874
1271596926690103296,neutral,0.6200590102455651
1271596927143067655,negative,0.025335470055696557
1271596927658819584,negative,0.022781937531998017
1271596927684153346,negative,0.009799196688882992
1271596928191680514,negative,0.00016100482880607227
1271596928808222722,negative,0.039358238763144426
1271596929206628354,negative,0.3040949491800166
1271596930280443904,negative,2.929122592096337e-05
1271596930355933184,negative,0.1735162678381825
1271596930410393600,negative,0.00019984109669266473
1271596931404496896,negative,0.021765701327527677
1271596932281044994,negative,0.027565523875858356
1271596933035982851,negative,0.1253996594205582
1271596934080294912,negative,0.15426889957733209
1271596935418388480,negative,0.00011901263857809462
1271596936022372352,negative,0.0006231497894395036
1271596937230397444,negative,0.0319832305431049
1271596937574338560,negative,0.00015020895560853226
1271596938350247936,negative,0.001971274398005457
1271596938828353536,positive,0.9999989078734184
1271596938899701761,negative,0.00019984109669266473
1271596939293921281,negative,0.0030837611697726933
1271596940547981316,negative,0.14619589582907594
1271596940657143814,negative,8.013078018412087e-05
1271596941609238528,negative,0.00019984109669266473
1271596941730668544,negative,0.17568874955488478
1271596942309588993,negative,0.00019984109669266473
1271596942347456514,neutral,0.3307252752772689
1271596942469091328,negative,0.30276893072889394
1271596944083877891,neutral,0.46543376170070994
1271596944415129607,negative,0.05419187280139829
1271596944532672513,negative,0.1735162678381825
1271596944616497158,negative,6.98781825876543e-08
1271596945790906369,negative,2.247260680282803e-05
1271596946424291328,negative,0.00019984109669266473
1271596947275763712,negative,0.11387530825353984
1271597059544670213,negative,5.708287260194622e-13
1271597059850764293,negative,0.0009560075987504374
1271597060752650240,negative,0.3092554970748467
1271597061390184451,negative,4.132332291260216e-16
1271597061444718592,negative,0.0005703483552045097
1271597062363193347,negative,2.987944245261539e-06
1271597062862372864,negative,0.05773950100514704
1271597063105654786,negative,0.0006231497894395036
1271597063256420354,negative,1.6508253799091446e-06
1271597063713837059,negative,0.12223370080603098
1271597063722209285,negative,0.04495357886299508
1271597064535900160,negative,0.025152324668022856
1271597064661630976,negative,0.0008918120535222557
1271597066179887104,neutral,0.46127768308170247
1271597067199225858,negative,0.0032959539639058986
1271597067958353920,negative,1.2915379723851716e-06
1271597068222705664,negative,0.0004999406163911409
1271597068352720896,negative,0.00019984109669266473
1271597068436504576,negative,0.05118602128311794
1271597068520480771,neutral,0.34846581907205404
1271597069732626433,neutral,0.6508296860713119
1271597070353338368,negative,0.0002833791535977362
1271597070365995009,negative,0.0035733681834012087
1271597070412103682,negative,0.20582928440525614
1271597070907060225,negative,0.0007248860944721059
1271597071573962752,negative,0.020443019339686352
1271597071796142081,negative,0.13346161075887344
1271597073465475073,negative,0.22513179180885018
1271597074098860033,negative,0.018358367989957432
1271597074140856320,negative,1.4187975721925792e-05
1271597074241503232,negative,0.3040949491800166
1271597074262491137,negative,0.05724842662534737
1271597074728001538,negative,0.05773950100514704
1271597074769801217,negative,0.00048559593649531447
1271597074807734273,negative,0.04692282387135488
1271597075571097601,negative,0.02272847276770877
1271597075797434369,negative,0.05897235857735733
1271597076254769153,positive,0.6672535029443466
1271597077223673856,negative,0.02734764205970332
1271597077622149121,negative,0.006759802676185766
1271597078771372039,negative,0.11373813647022821
1271597078863544322,neutral,0.616005678462541
1271597079798910976,negative,0.0009028042954317648
1271597080235126788,negative,0.033089986882521925
1271597080251904000,negative,0.0006231497894395036
1271597080847491072,negative,0.10143634559551983
1271597080859967490,negative,0.0017087920244632216
1271597081875136513,negative,0.02428248049254861
1271597082403639297,negative,0.00693163773022305
1271597083066236929,negative,0.00019984109669266473
1271597084387487746,negative,0.1256518955108437
1271597084404318211,positive,0.7912894855913492
1271597084743958530,negative,0.0004118730785509573
1271597085423534080,negative,7.474192803170379e-07
1271597085469683712,negative,0.01786866897430779
1271597088548274176,negative,0.0006212642497341478
1271597090162929666,negative,0.002395107361095619
1271597090209226752,negative,0.3040949491800166
1271597091672989696,negative,0.0037898864447585548
1271597092679618560,negative,0.00019984109669266473
1271597092977467393,negative,0.21013651884268314
1271597093086511105,negative,0.0023170344461177867
1271597093870809092,negative,0.21130626141648023
1271597094424285184,negative,7.236773637704521e-08
1271597095481495554,negative,0.09650276030538073
1271597096647475200,negative,0.03475355419558646
1271597096878120960,negative,0.00019984109669266473
1271597097100259328,negative,0.20582928440525614
1271597097574371328,negative,0.011144144601836133
1271597097947664384,negative,0.00010238255196026201
1271597098547515398,negative,0.0068154665196530125
1271597098740469766,positive,0.7842586057601225
1271597099025653766,neutral,0.35451443008515343
1271597099822583809,neutral,0.4575795939055755
1271597100455694336,negative,0.023937518049173347
1271597100812447744,negative,0.049794281849753354
1271597100871094272,negative,0.06005368891043387
1271597101496098823,negative,0.0017827975437518131
1271597102259302400,negative,0.08322768738511874
1271597102674706432,negative,0.015042823667280525
1271597102775390209,negative,0.3048520505142996
1271597103706525698,neutral,0.33758533303423804
1271597103932936193,negative,0.005427610956719905
1271597104155242498,negative,1.373543105258317e-05
1271597104331460613,negative,3.4756179013684414e-05
1271597104788635654,negative,6.138789253479428e-06
1271597104809431040,negative,0.15894838135266348
1271597105463865344,negative,0.2852936505751292
1271597106030161920,negative,0.020985670651917962
1271597106394996738,negative,0.30276893072889394
1271597106822647810,negative,0.0015425978250262452
1271597107061948416,negative,3.2223979901435447e-07
1271597107322007553,positive,0.6774928441101707
1271597107900755968,negative,0.31732489718339985
1271597108076916737,negative,5.943223080772858e-09
1271597108718682112,neutral,0.4146992649590121
1271597108991332355,negative,4.50491123474092e-05
1271597109104517122,negative,0.0004493944919482128
1271597110752948226,negative,0.00019984109669266473
1271597111117668353,negative,0.20582928440525614
1271597111264632834,negative,0.0027150223866055138
1271597113177075712,negative,6.228718606594695e-07
1271597113433116672,negative,0.19552563706121598
1271597113827364865,negative,3.262796994869556e-05
1271597115353923584,negative,0.0032959539639058986
1271597116331307010,neutral,0.35451443008515343
1271597117530832897,negative,0.05479259030273839
1271597120890392576,negative,0.015321221952343218
1271597121020575745,negative,1.4961378415934426e-06
1271597121381244928,negative,0.02428248049254861
1271597121842618368,neutral,0.482957860389373
1271597122689925120,neutral,0.4324318813848978
1271597123193184256,negative,0.0034185274331367563
1271597123923042304,negative,0.2942350875573643
1271597124732493824,negative,0.00011341912160628809
1271597124963180544,negative,0.004074047576496962
1271597125042831363,negative,2.5302360213794874e-05
1271597125218992128,negative,2.264814623994834e-05
1271597125755904006,negative,1.4187975721925792e-05
1271597126234103808,negative,0.26452909004521824
1271597127299465217,negative,0.0364201159833948
1271597127534346241,negative,0.00033287291598040416
1271597127626567682,positive,0.9627703181418313
1271597129035890688,negative,0.0010724974099575134
1271597130201923584,neutral,0.4309496164279775
1271597130386456577,neutral,0.35451443008515343
1271597131774734336,negative,0.00019984109669266473
1271597133309902849,negative,0.001308080546728601
1271597133431521285,negative,0.03002850738116171
1271597133469085696,negative,2.1488424508884954e-07
1271597135235092480,negative,0.00019984109669266473
1271597135490772992,negative,0.0009175264165824337
1271597135901806593,negative,0.029605347622780845
1271597136543653890,negative,0.3040949491800166
1271597136782622720,negative,1.5535188661795936e-05
1271597137088974850,negative,0.021862687521183734
1271597137214701570,negative,5.133018201609242e-06
1271597137307086848,negative,0.005062768184709824
1271597138326290432,negative,0.019072982127931494
1271597138947067910,negative,0.02428248049254861
1271597139630710784,negative,0.00019984109669266473
1271597140624670720,neutral,0.36016203400974833
1271597141585268737,negative,0.05484608130290896
1271597141610442759,negative,0.15853461679148867
1271597141782298624,negative,0.027108486340526733
1271597142319271936,negative,0.11234552888829064
1271597145473384448,negative,7.65543043508159e-05
1271597145603391489,negative,0.00314183309557651
1271597145842475008,negative,0.3040949491800166
1271597146350014464,negative,1.4761853437288257e-05
1271597147440459777,negative,0.00019984109669266473
1271597147880919040,positive,0.878708708309711
1271597149348921344,neutral,0.5021800225664945
1271597149390684160,negative,0.03483175679877139
1271597150120505344,negative,7.236773637704521e-08
1271597151240544256,negative,9.09654557292609e-06
1271597151639023617,negative,0.3104768668598676
1271597151852859398,negative,4.112014072418542e-07
1271597152402276352,negative,0.05773950100514704
1271597272183300096,negative,0.00010338679440685032
1271597272669851649,negative,0.00019984109669266473
1271597273164787712,negative,5.175764481945716e-12
1271597275853316097,negative,0.0007969433097646404
1271597275882696704,negative,0.11514245892940614
1271597276021100545,negative,0.0013883300640475228
1271597276201398272,negative,0.001842031509920941
1271597276331413505,negative,0.0012809309763419335
1271597276348264456,neutral,0.35451443008515343
1271597277082275845,negative,0.00019984109669266473
1271597277237428225,negative,0.00021323646588724418
1271597277614944256,negative,1.1827147958064714e-08
1271597277895962624,negative,0.0005955793925200283
1271597279036596224,negative,3.55355186306911e-05
1271597279078727687,positive,0.8092014523908012
1271597280357949445,negative,0.006321427891080591
1271597280559353868,negative,0.011571710306983514
1271597280685105153,negative,3.4756179013684414e-05
1271597281205256192,negative,0.021862687521183734
1271597281628782593,negative,0.23872007754166424
1271597281750458369,negative,1.4187975721925792e-05
1271597282052448256,positive,0.712005753369881
1271597282299768832,neutral,0.3308783520706519
1271597283856056321,negative,1.4187975721925792e-05
1271597284757843978,negative,0.009864188536289781
1271597284858478592,negative,9.422996661343263e-12
1271597285131067399,neutral,0.4219484860627821
1271597285554749440,negative,0.07906596284057361
1271597286804475904,negative,0.03460441372915606
1271597286896828417,negative,0.2619066384264206
1271597287165194242,negative,0.0005955793925200283
1271597287299584001,negative,1.048845726197555e-05
1271597287626510337,negative,0.19552563706121598
1271597287987347457,neutral,0.5495922250151081
1271597288369065985,negative,5.695857302171394e-06
1271597288817864705,negative,0.0017952350338157777
1271597289572835329,negative,0.024498313878149557
1271597290587914241,neutral,0.5495922250151081
1271597290596241410,positive,0.9523739634120467
1271597290667507712,negative,0.06626857316023484
1271597291825053696,negative,0.021873131606606658
1271597291904937984,negative,0.0010827722489691073
1271597293238616066,negative,0.11902375980829122
1271597294475816960,negative,0.002395107361095619
1271597295247732739,negative,0.00033287291598040416
1271597296782802947,negative,0.009208208885992986
1271597296942297088,negative,0.00033777355552436797
1271597297634287616,negative,0.0016705073839319395
1271597298460626946,negative,0.054994079140349234
1271597298812882946,negative,0.030893959762349755
1271597299106492417,negative,0.08357821457533585
1271597299395964928,negative,0.04251423792646359
1271597300154904581,negative,0.00036986781985034426
1271597300549398528,negative,0.00019984109669266473
1271597300607926273,negative,7.236773637704521e-08
1271597301484662787,negative,0.325741429960614
1271597301488812037,negative,0.00019984109669266473
1271597303355150336,negative,0.033904433194331556
1271597305356005376,negative,3.262796994869556e-05
1271597306052255752,negative,0.0032959539639058986
1271597306261970944,negative,0.0023336165182730995
1271597306471690241,negative,7.138461273554897e-08
1271597307071533056,negative,0.268759511478412
1271597308052938753,negative,0.02176032108236157
1271597308363276288,negative,0.04886225666901804
1271597308832911360,negative,0.05773950100514704
1271597309026066432,negative,0.04495357886299508
1271597309214760960,negative,2.254107978932841e-06
1271597311693594625,negative,0.1253996594205582
1271597312066891782,negative,0.00011341912160628809
1271597313010495489,negative,1.4530544656520685e-05
1271597313136435201,negative,0.04304231514597478
1271597313765576704,negative,0.00016100482880607227
1271597313987928065,negative,0.03695208748753567
1271597314734534659,negative,0.0010033410433637482
1271597315699232771,negative,0.20707820422228654
1271597315858608133,negative,0.00019984109669266473
1271597315980025856,negative,0.0017380276195492809
1271597316999450625,negative,0.0579896093273341
1271597317309837312,negative,0.08439870801850848
1271597317427040258,positive,0.7564066440909288
1271597317838245891,neutral,0.43984387113576223
1271597318257639424,negative,0.00011341912160628809
1271597318668726272,negative,0.3248410612445367
1271597319755051008,negative,0.3248410612445367
1271597320908320768,negative,0.007012448520741336
1271597320979783680,negative,0.004149072019199837
1271597321826922496,negative,0.07841359574196761
1271597322967842819,negative,0.12227762356369955
1271597323232120838,negative,0.029553529991656998
1271597324414914561,negative,0.0006231497894395036
1271597326100918272,negative,0.0032959539639058986
1271597326616997894,negative,0.3248410612445367
1271597326755229696,negative,7.236773637704521e-08
1271597326898003969,positive,0.8480250688154356
1271597327564718080,negative,0.19552563706121598
1271597327845900288,negative,0.014869990095983502
1271597328026210305,negative,5.573730137525668e-05
1271597328361754624,negative,0.05773950100514704
1271597328923795457,neutral,0.3721590919647393
1271597330760900609,neutral,0.3721590919647393
1271597330853232640,negative,0.20582928440525614
1271597330932862977,negative,0.24282853458207806
1271597331935305728,negative,0.0018903419073713964
1271597332165951489,neutral,0.565723433375839
1271597332166049794,negative,0.020317130529569682
1271597332375777281,negative,0.0005955793925200283
1271597333059338241,negative,0.005427610956719905
1271597334498086912,negative,0.0010832759365153113
1271597335538208768,negative,0.19753827322328846
1271597335634751488,negative,0.00013363267814825618
1271597336490360833,negative,0.24257369881389068
1271597337505345542,negative,0.0021877108434880865
1271597337543159808,negative,1.1678521571016203e-07
1271597338000265216,negative,0.007012448520741336
1271597339451494410,negative,0.07819544294636509
1271597339724189696,negative,0.0008132956777704911
1271597339933892608,negative,0.23872007754166424
1271597340000845824,negative,0.20582928440525614
1271597340256874499,negative,0.0010830927421164552
1271597340734951426,neutral,0.49789225920557484
1271597341800357888,negative,0.3092554970748467
1271597342328713216,negative,0.013799079281731642
1271597342358110208,negative,0.08439870801850848
1271597343289208833,neutral,0.5495922250151081
1271597343373168644,negative,0.25032273387259285
1271597344329535488,negative,0.2916551015992388
1271597344752984064,negative,0.00011901263857809462
1271597345596223488,negative,0.22513179180885018
1271597345629548545,negative,1.6008447942725586e-05
1271597346422390785,neutral,0.3709491165362941
1271597346539831297,negative,0.12435042853167522
1271597346783199234,neutral,0.5495922250151081
1271597346925817856,negative,0.24257369881389068
1271597347861127170,negative,0.00017570395805509585
1271597348033040390,negative,3.759814752818217e-05
1271597348779634691,neutral,0.4814216422911448
1271597348792107009,negative,0.014426061374660001
1271597348968374273,negative,0.0002262406928320146
1271597349220093952,negative,0.00019984109669266473
1271597350046367745,negative,0.005427610956719905
1271597351593840640,negative,0.04251423792646359
1271597351652687872,negative,0.12059272859075973
1271597351921123328,negative,0.0013883300640475228
1271597352000933888,negative,0.05773950100514704
1271597352206376966,negative,0.0002833791535977362
1271597355331203072,negative,5.28010638360818e-08
1271597355825950721,negative,0.054994079140349234
1271597356417417223,negative,1.1827147958064714e-08
1271597357562560512,negative,0.00019984109669266473
1271597474503933958,negative,0.10329182763909436
1271597475141496832,negative,2.5144893589907698e-05
1271597475447652353,negative,0.00019809352693600076
1271597477121179648,negative,0.014680577362190975
1271597477343498242,negative,0.00019984109669266473
1271597477452492801,negative,3.419669052137375e-08
1271597477557403648,negative,0.00018850399237038578
1271597477960077313,negative,3.3029779955926076e-05
1271597479067365376,negative,2.610105663182056e-06
1271597479901962241,negative,0.143235905832326
1271597480124329985,neutral,0.5174797911556382
1271597480900083712,negative,8.733157639872064e-07
1271597481688694784,negative,0.08322768738511874
1271597481739124737,negative,0.06392868289243588
1271597481835606016,negative,0.3248410612445367
1271597482670088193,negative,0.0024152038861070244
1271597483165192192,negative,1.1552875359909447e-09
1271597483467124737,neutral,0.33758533303423804
1271597483521708032,negative,0.19197284740281215
1271597483815309315,negative,0.0032959539639058986
1271597485149085703,negative,0.0032036570137153773
1271597486138888192,negative,0.0007931005643519122
1271597486356996103,neutral,0.35451443008515343
1271597486889721857,negative,0.0002833791535977362
1271597486931619852,negative,6.338287430572971e-07
1271597487841820674,negative,0.001842031509920941
1271597488680681474,negative,0.08818161423987897
1271597488827293696,negative,0.0003366071990679179
1271597489402056705,negative,9.208034378177232e-05
1271597490534522881,positive,0.6672535029443466
1271597491398549504,positive,0.8247669562449279
1271597492904345601,negative,0.07591966922940857
1271597492996472833,negative,4.4894906890516194e-13
1271597493042765824,negative,0.00023210368265778503
1271597493462106115,negative,1.4232799329738553e-05
1271597494099759104,negative,2.8970608809661268e-06
1271597494355591168,negative,1.8704153172303646e-08
1271597494938611718,neutral,0.5272520488921942
1271597496201027585,neutral,0.4925319814792465
1271597497257992192,negative,0.1084167547741416
1271597497383817216,negative,0.0002833791535977362
1271597497719365632,negative,0.212909346641467
1271597498608615429,negative,3.557904952463547e-08
1271597498633785344,negative,0.00019984109669266473
1271597502496727040,negative,4.526239944140948e-06
1271597502601576450,negative,0.07802105340640744
1271597502828027904,negative,0.07921818271926241
1271597503029415936,negative,0.0005703483552045097
1271597503490686976,negative,0.13716228924181623
1271597503750651904,negative,0.05773950100514704
1271597503855702017,neutral,0.5844660558927414
1271597504103096321,negative,0.009207494219139741
1271597504350564358,negative,0.0349005164285156
1271597505260773376,negative,3.262796994869556e-05
1271597507068325888,negative,0.2565641934359879
1271597510512070659,neutral,0.5844660558927414
1271597510642065408,negative,0.002395107361095619
1271597511036166144,negative,0.29150453131543796
1271597511275360256,negative,0.207800015035824
1271597512235913219,negative,0.3040949491800166
1271597512499933185,neutral,0.36437956648951986
1271597512718258176,negative,0.08192915744090515
1271597513334763524,negative,0.007012448520741336
1271597513880018946,negative,0.0007044824753088685
1271597514324684805,negative,3.759814752818217e-05
1271597514333065216,negative,0.00019984109669266473
1271597514731540480,negative,0.010681078379886806
1271597514844565505,negative,4.099276033035437e-05
1271597515096367104,negative,0.018946184862073848
1271597515343908865,negative,0.00019984109669266473
1271597517193515010,negative,0.03270554513488423
1271597517562675204,negative,0.0003368385524187759
1271597517898121216,negative,0.0052481037657638166
1271597518804021248,negative,1.1059127166947172e-07
1271597520066695170,negative,0.0003368385524187759
1271597520460922880,negative,0.03817198101765494
1271597520498524160,negative,0.005392517267368777
1271597522042183681,negative,0.0016031587306433357
1271597522365165571,negative,0.01394224286192618
1271597522553880577,negative,0.12435042853167522
1271597523304579072,negative,0.016656028492176282
1271597525892464640,negative,0.00036986781985034426
1271597526098026497,negative,0.2667195955633697
1271597526630580225,negative,0.0006231497894395036
1271597527247306753,negative,0.01879425341181135
1271597527662460929,negative,0.00023210368265778503
1271597527683543042,positive,0.9708641168379752
1271597527691923456,negative,0.03547588364154337
1271597529633820674,negative,0.2754270282686694
1271597529948397573,negative,0.002395107361095619
1271597530338529280,negative,0.0970674466251377
1271597530602766339,neutral,0.400240816406067
1271597530795724800,negative,0.001842031509920941
1271597530820653056,neutral,0.5072847843397149
1271597531034726400,negative,2.7624369543224257e-05
1271597531152211969,negative,0.03032311265749922
1271597532045545474,neutral,0.6285610484322399
1271597532204994562,neutral,0.4348589661609955
1271597532544565250,negative,0.006543900490802897
1271597532716642304,negative,0.1762768753113944
1271597533681369093,negative,0.02143682670121971
1271597534151049217,negative,0.046484769731093445
1271597534407020544,negative,0.020985670651917962
1271597534474121217,positive,0.6799994859011903
1271597534570520579,negative,0.0001728650377173661
1271597534897754113,negative,4.0652529722633645e-06
1271597535694655488,negative,0.020384004621459628
1271597536227270661,neutral,0.5150519242632967
1271597537045200902,negative,0.009070243550299801
1271597539469467649,negative,0.06756897342989703
1271597539612151810,negative,8.955773156678394e-05
1271597539784044546,negative,0.023943940493703415
1271597540547403776,negative,0.12223370080603098
1271597540681580544,negative,0.15039826580427387
1271597540924940294,negative,0.0052481037657638166
1271597541461762051,negative,0.14731646957486152
1271597541734387713,negative,0.02096489858639599
1271597542569099265,neutral,0.5395981994168679
1271597542631895043,negative,0.30276893072889394
1271597544200646658,neutral,0.33718210223372386
1271597544498479109,negative,0.00019984109669266473
1271597544628461568,negative,0.24282853458207806
1271597544905166849,negative,0.005934072506219557
1271597544976584708,negative,0.07635247539133265
1271597545383477248,positive,0.9169158148046974
1271597545417048064,negative,0.06267860474099735
1271597546801168389,negative,1.599658516603558e-05
1271597547874738176,negative,0.030829985560264585
1271597548311019522,negative,0.0023170344461177867
1271597548441153536,negative,0.2606765541208349
1271597549481271304,negative,3.3753903641299107e-07
1271597549485461504,negative,0.32620683154629054
1271597550022332416,negative,0.01879425341181135
1271597551381340161,negative,8.073210760235679e-05
1271597552060825606,negative,0.03350983990045876
1271597554447286272,neutral,0.35451443008515343
1271597554476576768,negative,0.08895573763113673
1271597556011798533,negative,0.00019984109669266473
1271597557991571458,negative,2.9753855619527087e-06
1271597558406754304,negative,0.0013883300640475228
1271597558599688193,negative,0.1931244873232041
1271597560608759808,neutral,0.46127768308170247
1271597561262948354,negative,0.08818161423987897
1271597561925767169,positive,0.9740347879493898
1271597563142160385,negative,0.3040949491800166
1271597563548925953,negative,0.0007969433097646404
1271597564899602445,negative,3.759814752818217e-05
1271597565054607360,negative,0.17122708209395252
1271597684298833920,negative,0.0002833791535977362
1271597684655349762,negative,0.03840564920058137
1271597684923797504,neutral,0.34638483729906117
1271597685036982272,negative,0.00019984109669266473
1271597685800394758,negative,7.071372173516814e-05
1271597685968158721,negative,5.7512016660983764e-05
1271597686043656194,negative,0.025844336666652163
1271597687268429824,negative,0.17349739040032533
1271597687608139777,negative,5.1845809766525576e-14
1271597689520771075,neutral,0.5495922250151081
1271597690288328709,negative,0.00048559593649531447
1271597690984505344,negative,0.00019984109669266473
1271597691630280704,negative,0.03840564920058137
1271597693735968769,negative,0.04299023216636093
1271597694335795209,negative,0.2624291318351579
1271597694834872321,negative,0.0002833791535977362
1271597694901907457,negative,0.00021323646588724418
1271597694969090049,negative,0.0007931005643519122
1271597696244232193,negative,0.008541020680669314
1271597696596545543,positive,0.6915914717396549
1271597697015914497,negative,0.001842031509920941
1271597697070399488,negative,0.026306588456672234
1271597697267531777,negative,0.30466741446153434
1271597698144223239,negative,0.0013883300640475228
1271597700270616576,neutral,0.49588617794928946
1271597701180928003,negative,0.004822136626861716
1271597701487042562,neutral,0.3996580091506196
1271597701487046657,negative,0.007012448520741336
1271597701654695939,negative,7.236773637704521e-08
1271597701969346563,negative,0.05118602128311794
1271597701994602499,negative,0.26812582956602965
1271597702070054914,negative,0.0022402020253415
1271597703173210113,negative,0.18674292614187946
1271597703613431808,negative,0.0017087920244632216
1271597704578322435,neutral,0.5844660558927414
1271597704909635584,negative,0.062297027473749544
1271597705249255426,negative,0.021786723647717197
1271597705316499458,negative,0.07638420358625374
1271597705668722690,negative,0.0077562207770218855
1271597706075611137,negative,0.1805674632900489
1271597706251771905,negative,0.0007809020524228805
1271597706696429570,negative,0.3248410612445367
1271597706717401088,negative,2.92228665833785e-06
1271597709233991680,negative,0.04619958414386619
1271597711591198723,negative,0.0010033410433637482
1271597711981240320,negative,2.5144893589907698e-05
1271597712295821312,neutral,0.4785047035876187
1271597712442642432,negative,0.0017087920244632216
1271597712803164160,negative,0.054994079140349234
1271597714187288576,negative,0.019030972540138892
1271597714258759682,negative,0.016656028492176282
1271597714741043206,neutral,0.4253751746326775
1271597714841665536,negative,0.0016705073839319395
1271597715026317314,negative,0.0010033410433637482
1271597715458273281,negative,0.2013198904030459
1271597716234264581,neutral,0.5844660558927414
1271597716385210369,negative,0.2013198904030459
1271597717391839233,negative,0.0009587700871692808
1271597717513547777,negative,1.7365404282891057e-05
1271597717643542529,neutral,0.33046905009770516
1271597718159450113,negative,0.07819544294636509
1271597718415294466,negative,7.463983136707135e-05
1271597718608269315,negative,0.00021486174134923317
1271597720172556288,negative,7.236773637704521e-08
1271597720399228928,negative,0.002402106420951482
1271597720705232896,neutral,0.4402571704036702
1271597720982208512,negative,0.0032959539639058986
1271597721359716352,negative,0.07802105340640744
1271597721682612227,negative,0.019030972540138892
1271597722479583233,negative,0.30466741446153434
1271597722827517952,negative,0.27069839133778073
1271597726568939525,negative,0.00010338679440685032
1271597729089716224,negative,0.00019984109669266473
1271597729609908227,negative,3.262796994869556e-05
1271597729853120513,negative,1.176706131424099e-05
1271597730285129733,negative,4.990364165483673e-09
1271597730536841216,negative,8.462455017688027e-08
1271597730721402881,negative,0.08279649112484168
1271597730746576896,negative,0.0034483219390338015
1271597732688531456,negative,0.00844877610261944
1271597733019897862,neutral,0.43010935300609193
1271597733225345024,negative,0.054994079140349234
1271597734353608712,negative,0.05897235857735733
1271597735666466818,negative,0.12082734449828159
1271597735712563200,negative,0.13574703626398354
1271597735930556416,negative,0.12082734449828159
1271597737289580550,negative,7.965513524550161e-07
1271597738183069696,negative,7.411250096865393e-05
1271597738262769665,negative,0.19781449836638926
1271597738828972034,negative,2.2527062693072176e-05
1271597738917007360,negative,0.00019984109669266473
1271597739755876355,negative,0.02192309669344144
1271597740594728961,negative,0.07351486583933815
1271597740762546181,negative,0.04938879538386823
1271597741488160769,negative,0.31732489718339985
1271597741756616707,negative,0.0006231497894395036
1271597742264143872,negative,0.00180761944723976
1271597742398242832,negative,0.013722089811662992
1271597742570291202,positive,0.8152484261605888
1271597743354580993,positive,0.9999989078734184
1271597743413354496,negative,0.05610309040052827
1271597743434354689,negative,0.01394224286192618
1271597743597854720,negative,0.07576476733212008
1271597744763871233,negative,0.011939323911211058
1271597744768135175,neutral,0.3566313625838256
1271597745258876928,negative,0.1522878689539644
1271597745728520193,negative,3.759814752818217e-05
1271597745980276737,negative,0.0006131577204185951
1271597747217543173,negative,0.03639195861583491
1271597747506905088,negative,0.149756850265469
1271597747507023872,negative,0.000859651230939332
1271597747741884416,negative,0.26812582956602965
1271597748257722368,negative,0.004077425433998081
1271597749058908161,negative,0.03840564920058137
1271597749222473728,neutral,0.5495922250151081
1271597749251817477,negative,0.0023336165182730995
1271597749432127489,negative,0.0009028042954317648
1271597750744952834,neutral,0.49789225920557484
1271597752800161795,negative,0.13912907829249654
1271597753714511872,negative,0.0019314204947293004
1271597754419208193,negative,0.05118602128311794
1271597754888990720,negative,0.0694485464072126
1271597755425849344,neutral,0.33828269650708315
1271597757447503879,negative,0.04251423792646359
1271597757925593089,negative,0.2864145558920463
1271597758286184449,negative,0.04234109978798434
1271597758412136449,negative,0.028987673857218493
1271597758949011457,negative,0.00183623192532429
1271597759301332993,negative,0.014511397537374501
1271597759813029889,negative,0.016656028492176282
1271597759943053315,negative,0.03460441372915606
1271597760857485312,negative,0.00022914088582834575
1271597760932974592,neutral,0.4348589661609955
1271597761419452418,negative,2.4292326142164508e-05
1271597761864089600,negative,0.0016686142840030475
1271597762073804800,neutral,0.6028658899908536
1271597763340333057,negative,0.05773950100514704
1271597763705241600,negative,0.0004600617711122659
1271597763826941952,negative,0.06873383020652046
1271597763919319040,negative,0.00019984109669266473
1271597764795867137,negative,0.0016778554243184285
1271597765089509378,negative,0.0006231497894395036
1271597765798383616,negative,0.1474561844791197
1271597766683299841,negative,0.039014460224992505
1271597768063270912,positive,0.8245828262585854
1271597768377761793,negative,0.1473005753130234
1271597770219180033,positive,0.8601804737882565
1271597770370093058,negative,0.05653483848631175
1271597771661901826,negative,0.00020130697172407878
1271597772593135618,neutral,0.3716712376022116
1271597773092204544,negative,0.00014880440246465003
1271600268271116290,negative,0.0005330289711396502
1271600268719915008,negative,0.0518677584695308
1271600268946391040,negative,0.05104839567400084
1271600269965606912,neutral,0.4353447131478714
1271600270435397632,negative,0.009309943882316202
1271600270481469440,negative,0.01865295740399528
1271600270905147395,negative,0.20695132830432936
1271600271613968385,positive,0.8883983257081591
1271600272008249344,negative,0.005427610956719905
1271600272478011392,negative,0.0052377389269977655
1271600272977072129,neutral,0.35451443008515343
1271600273920790528,negative,0.001001766229483603
1271600274176606208,negative,0.002395107361095619
1271600274881368067,negative,0.0002833791535977362
1271600274885488640,negative,2.5144893589907698e-05
1271600275510505472,negative,0.0007231666556967055
1271600275837468673,negative,1.176706131424099e-05
1271600275996979201,negative,0.0003442444639700129
1271600276491907073,negative,7.886340358317108e-05
1271600276584255494,negative,0.04518201643954324
1271600276642947072,negative,0.027532586259180133
1271600277527973891,negative,0.01719004681774222
1271600278685573122,negative,0.07037936367715383
1271600281529323521,negative,0.0014534938976559968
1271600281550303232,negative,0.24686680233239025
1271600282913382405,negative,0.006759802676185766
1271600283727138816,negative,0.00019984109669266473
1271600283756494848,negative,3.262796994869556e-05
1271600283941048321,negative,0.03547588364154337
1271600283953528838,negative,0.20479322039951375
1271600284641505281,negative,0.04469999899494714
1271600285446746118,negative,0.012157219429847021
1271600285631123457,neutral,0.5288415083664897
1271600286667284480,negative,0.12227762356369955
1271600286726053889,neutral,0.5509038543434097
1271600288001134593,negative,2.5144893589907698e-05
1271600288194011136,negative,0.00013343325688104895
1271600288542142468,negative,1.4282680352932503e-05
1271600289586577408,negative,0.007012448520741336
1271600290052087809,negative,0.08901488430687854
1271600290308009985,neutral,0.36585650684830934
1271600291109109768,negative,0.0013883300640475228
1271600291130085381,negative,0.0013633461395869228
1271600292291903488,negative,6.236105015602125e-07
1271600292769992706,negative,1.4282680352932503e-05
1271600292916838400,neutral,0.35451443008515343
1271600292916838401,negative,0.031457780623343874
1271600293948657665,negative,0.013215736956266502
1271600294221225989,neutral,0.4507454498615163
1271600294225420289,neutral,0.33406124630918316
1271600294246469632,negative,0.0010033410433637482
1271600296377094144,negative,0.30466741446153434
1271600296926621696,negative,0.007816173043045015
1271600297652224000,negative,0.01786866897430779
1271600299015274496,negative,0.015087514603793603
1271600299116056576,negative,8.990708822960293e-06
1271600299518701568,negative,2.5144893589907698e-05
1271600299887734785,negative,0.03840564920058137
1271600301485600770,negative,0.06551243654564594
1271600302374993920,neutral,0.35451443008515343
1271600302404317186,neutral,0.4539808796773663
1271600303129989120,negative,0.0004118730785509573
1271600305734586370,negative,0.01228493228487779
1271600305772396546,negative,0.09195959732529473
1271600306728636416,negative,0.13971399525614192
1271600306766438400,negative,0.0074669692566692
1271600306908848133,negative,0.20582928440525614
1271600307039068162,neutral,0.6298914564730203
1271600307269754885,negative,1.5535188661795936e-05
1271600309060743169,negative,0.011228913468033844
1271600309073326080,negative,0.10191419465821433
1271600309782151168,neutral,0.4821413986694746
1271600310021169155,negative,0.32289465729122374
1271600312239955968,negative,0.009738779965660577
1271600312688803847,neutral,0.4353447131478714
1271600314001567745,negative,0.05610309040052827
1271600314244911104,neutral,0.36585650684830934
1271600314307796993,neutral,0.3385252644667176
1271600314328715264,negative,0.01628794900366218
1271600315062722560,negative,0.06411143961752137
1271600315658272769,neutral,0.3850948772444006
1271600317021356035,negative,0.001842031509920941
1271600317092843520,negative,3.0373461343041953e-05
1271600317675823105,negative,0.20582928440525614
1271600317717766144,neutral,0.5160689368092862
1271600317784903680,negative,0.0011476103271417274
1271600317839310849,negative,0.00019984109669266473
1271600317906464769,negative,0.004393708458221603
1271600318443372545,negative,3.448297072524675e-08
1271600318887886849,negative,0.1975383921457794
1271600319340974080,negative,3.4756179013684414e-05
1271600321718939648,negative,4.0383207390418544e-08
1271600322981527558,negative,0.0002833791535977362
1271600323593986055,negative,0.0005104167533015507
1271600324495552513,negative,0.08818161423987897
1271600325313605632,negative,0.0048031083353694045
1271600325384945664,neutral,0.3471587350631319
1271600325485617153,negative,0.3092554970748467
1271600325590282240,negative,0.0032959539639058986
1271600325867253761,negative,0.053963260034567556
1271600325946826753,negative,7.601043435643055e-08
1271600326622302209,neutral,0.4797983056215736
1271600327264010240,negative,0.04272380558217641
1271600327528116224,negative,0.09212574455100801
1271600328308338688,negative,0.008255331954784461
1271600329067552769,negative,0.3040949491800166
1271600329168162818,negative,0.054112771793753796
1271600330678185987,negative,0.000132376457949845
1271600330740989952,negative,0.03695208748753567
1271600330816487424,negative,0.00023882966192448517
1271600331202453504,negative,0.021680170081307976
1271600332242661382,negative,0.03840564920058137
1271600332670459904,negative,0.14913372667494915
1271600333521915904,negative,0.045228741245825564
1271600333853163520,negative,0.00011341912160628809
1271600333949714432,negative,0.00019984109669266473
1271600334041997312,negative,0.0694485464072126
1271600334184632320,positive,0.9869123029851777
1271600334323027968,negative,0.019120401887154408
1271600334612434952,negative,0.04112680605642032
1271600334759174144,negative,1.4282680352932503e-05
1271600336218796044,negative,0.0011476103271417274
1271600336956870656,negative,7.236773637704521e-08
1271600337158316034,negative,0.03695208748753567
1271600337586176001,negative,0.001842031509920941
1271600337942646785,negative,2.92228665833785e-06
1271600337976209409,negative,0.0011786697987142996
1271600338374623234,negative,0.22513179180885018
1271600338919927810,negative,0.00019984109669266473
1271600342275416066,negative,4.990364165483673e-09
1271600344116715521,negative,0.022044230422940722
1271600344750055424,negative,0.00023882966192448517
1271600345261772800,negative,0.019351828594508198
1271600345785892864,negative,0.06842503420026794
1271600345869942786,neutral,0.35304271117187436
1271600347560022016,negative,5.4636658934373804e-05
1271600348294254593,negative,0.0659891301685957
1271600349477048320,negative,0.11425819077871775
1271600350303260675,negative,0.010594907690778605
1271600351410630656,negative,3.0373461343041953e-05
1271600351678955527,negative,1.4282680352932503e-05
1271600354837385216,negative,0.021806097133940813
1271600355093159937,negative,1.8640813909346823e-13
1271600355428708352,negative,0.03011827921499664
1271600409778495489,negative,0.005131442112868792
1271600409895936000,negative,0.04067150657767096
1271600410059554818,negative,7.5007544026278e-09
1271600410445451264,negative,0.1901747083673051
1271600410785185792,negative,3.679225988201024e-05
1271600411645018113,negative,0.00019984109669266473
1271600412257325058,neutral,0.4673421615500572
1271600413494607875,negative,0.23977558277364092
1271600413746356229,negative,0.06847117620908924
1271600414618615808,negative,0.0006231497894395036
1271600416057417728,negative,0.020940167565598626
1271600416481034245,negative,0.012196677606327488
1271600418926321669,negative,0.0006231497894395036
1271600418964082689,negative,0.19552563706121598
1271600419450621952,neutral,0.4673421615500572
1271600420033568768,negative,0.04518201643954324
1271600420251668481,negative,1.3336992026017714e-05
1271600420796981248,negative,0.0017087920244632216
1271600420939599872,negative,1.4187975721925792e-05
1271600421187059712,negative,6.243921204846021e-05
1271600421266735105,negative,0.12227762356369955
1271600422361485313,negative,0.00014028490818830523
1271600422604726273,neutral,0.4744007417802897
1271600422805856256,negative,0.3092554970748467
1271600423938523137,negative,0.0010033410433637482
1271600423997181953,negative,0.0002833791535977362
1271600424076926977,negative,7.236773637704521e-08
1271600424919973888,negative,0.0661267933130362
1271600424974417920,negative,0.0011476103271417274
1271600425104539648,negative,0.26681425345662235
1271600426190856194,negative,0.018358367989957432
1271600426220228608,negative,0.009159276878098088
1271600426312400896,negative,0.2042517137896546
1271600426568335371,negative,0.00019984109669266473
1271600427977576449,neutral,0.6376684695122986
1271600428048941066,negative,5.330683536080834e-07
1271600428338368514,negative,0.21550500998632524
1271600428426330112,negative,9.655718789386256e-06
1271600428531298308,neutral,0.4324318813848978
1271600428896174081,negative,0.0019852791304033135
1271600429072371712,negative,0.06582325749887745
1271600429592428554,negative,0.0020093435034387666
1271600430670155777,negative,1.1839174990003476e-05
1271600430791958530,negative,0.10423818545837245
1271600431731544065,negative,0.07802105340640744
1271600432360587264,negative,0.30466741446153434
1271600434042540032,negative,0.0011476103271417274
1271600434436689920,negative,0.20582928440525614
1271600434956791808,negative,0.31251327812974533
1271600436001341441,negative,0.008541020680669314
1271600436894674945,positive,0.9556858708304484
1271600437154721792,negative,0.006769110446710621
1271600437372678146,negative,1.605051790949944e-08
1271600437716811776,negative,1.4282680352932503e-05
1271600438245285889,negative,1.5936469852570445e-07
1271600438362673152,negative,0.0017087920244632216
1271600439809716230,negative,0.027532586259180133
1271600440531173376,negative,0.010663953312504037
1271600441747439617,positive,0.9708641168379752
1271600442456375296,neutral,0.3721590919647393
1271600442871410695,negative,0.01950518360416313
1271600443332984832,negative,0.0010574439661692945
1271600443513344001,negative,0.04444805491636417
1271600443655966721,negative,0.03840564920058137
1271600443878227971,negative,0.00619580750535846
1271600444591267841,negative,0.06626857316023484
1271600444880683009,positive,0.9201271293984138
1271600446378041344,negative,0.2428532015088221
1271600447879393280,negative,2.406335939956569e-12
1271600448382910465,negative,0.0023170344461177867
1271600449645404162,negative,0.0031380462099212607
1271600451457372160,negative,0.008981033482120296
1271600452208144385,negative,0.001976388103981032
1271600454795964416,negative,0.0018597897241628678
1271600455680843777,negative,0.005131442112868792
1271600458134667266,negative,0.14269806698464288
1271600461603237888,negative,0.013236169114866346
1271600461959827461,negative,0.01719004681774222
1271600462270214144,negative,0.03144237252661828
1271600462723198977,negative,0.26690173662491395
1271600463922724866,neutral,0.39439463283712184
1271600466112188417,negative,0.16715457790445035
1271600466208657411,negative,0.3040949491800166
1271600466565238784,negative,0.011144144601836133
1271600468842745857,negative,0.011748585462841651
1271600471795314688,negative,0.04251423792646359
1271600472672083970,negative,1.5842379830439356e-06
1271600473787817985,negative,0.023336692626154305
1271600473846448134,negative,0.00019984109669266473
1271600474358079488,negative,0.0014534938976559968
1271600474941202438,negative,0.046484769731093445
1271600474983186433,negative,0.000132376457949845
1271600475025137665,negative,0.015654864710213757
1271600475058712576,negative,9.11530616152658e-07
1271600475188518912,negative,0.17553924241747834
1271600476438573064,negative,0.14731646957486152
1271600476761587713,negative,0.23972773971202263
1271600476874838016,negative,0.04692282387135488
1271600477013184513,negative,7.488769256016567e-10
1271600477130698754,negative,0.2072584414628316
1271600477722087424,negative,0.0010033410433637482
1271600477864681473,negative,0.05610309040052827
1271600478455918593,negative,0.0017087920244632216
1271600479663984641,negative,0.008608911802351274
1271600481769525248,negative,0.26653640769684944
1271600482507776000,negative,0.23972773971202263
1271600482977558533,negative,0.24257369881389068
1271600484743213056,negative,3.7698203701367254e-05
1271600484919345152,negative,0.0031380462099212607
1271600485326295041,negative,0.018522343508980077
1271600485863170049,neutral,0.4814216422911448
1271600486496559105,negative,0.0006755598966081016
1271600486832058370,negative,0.3092554970748467
1271600487704469505,negative,1.6325262991049172e-07
1271600487733825536,negative,0.0825886283591841
1271600487981293568,negative,4.076775671873651e-05
1271600488144871430,negative,0.015411969190119088
1271600488673312768,negative,0.0014534938976559968
1271600488702763008,negative,0.01628794900366218
1271600489919131654,negative,3.4756179013684414e-05
1271600490493722625,negative,1.5535188661795936e-05
1271600490518851586,negative,0.0002833791535977362
1271600490523111428,negative,0.06842503420026794
1271600491500392448,negative,0.029605347622780845
1271600492821479424,neutral,0.6298914564730203
1271600492855152640,negative,5.333717583397151e-05
1271600492922245120,negative,0.0013883300640475228
1271600493605912581,neutral,0.6298914564730203
1271600495337943040,negative,0.0016754322975082508
1271600496353083392,negative,0.0077562207770218855
1271600496420237313,negative,0.0018127753890081672
1271600496684433413,negative,2.0334457912426257e-13
1271600497548550144,negative,6.175613951024589e-07
1271600497653415938,negative,0.11741608099884654
1271600498177650688,negative,0.0020420342704147664
1271600498353659904,neutral,0.4487194524068523
1271600498358001672,negative,0.0019957757213651295
1271600499477921793,negative,0.23606294079739096
1271600499670712320,negative,0.30276893072889394
1271600500425682944,negative,0.007012448520741336
1271600501629636608,negative,0.11085153259866308
1271600502288064512,neutral,0.5021800225664945
1271600502703357955,negative,0.2727820138720657
1271600502736859136,negative,0.0017087920244632216
1271600502745284611,negative,9.514131947490493e-12
1271600503177306112,negative,0.16841729920146856
1271600503571599360,negative,0.00022132243336928103
1271600503735099393,positive,0.878708708309711
1271600503936503811,negative,0.015162487681666286
1271600504813039621,negative,0.0005330289711396502
1271600506478252033,negative,0.0005858560358387774
1271600506776031232,negative,0.0085505401076397
1271600507291725824,negative,1.804735369742081e-07
1271600507916652546,negative,0.005427610956719905
1271600509678432256,neutral,0.4187598663895119
1271600510085353504,negative,0.0010544497805837873
1271600510789877763,neutral,0.41631297305422466
1271600512123764736,negative,0.0071921883121907676
1271600514011021312,negative,0.011144144601836133
1271600514065670144,negative,0.017425570050416235
1271600514334064643,negative,0.03695208748753567
1271600514380120064,negative,0.005131442112868792
1271600514434625537,neutral,0.4884980247943256
1271600514698969094,neutral,0.4064281066055449
1271600515508572160,negative,0.08791087012486679
1271600517492375554,negative,0.005997994969765444
1271600517538557958,negative,0.0008134065879912916
1271600518109020162,negative,0.0019402889893144859
1271600519077933057,negative,0.12227762356369955
1271600519274954752,negative,0.008040598515989726
1271600519954522113,negative,0.024864435263177366
1271600520017346562,negative,0.16841729920146856
1271600520017457155,negative,2.5144893589907698e-05
1271600520407498759,negative,0.3040949491800166
1271600520583577603,negative,0.12227762356369955
1271600520583659520,negative,0.00011341912160628809
1271600521066020866,positive,0.761247009986181
1271600523183964161,neutral,0.4673421615500572
1271600523876040706,negative,0.0005955793925200283
1271600523934756864,neutral,0.4487194524068523
1271600524190797830,negative,0.000177292257231011
1271600524413059072,negative,0.0006474556280493485
1271600524467601409,negative,0.0021497282238347225
1271600524572450828,negative,0.0007036323370425928
1271600524744327173,negative,0.06894700696570229
1271600525541363717,negative,0.19753827322328846
1271600526833090560,neutral,0.49789225920557484
1271600528485691392,negative,0.05773950100514704
1271600529223925761,neutral,0.33758533303423804
1271600529538514946,positive,0.799621201429487
1271600530515734528,negative,0.04251423792646359
1271600530696081411,negative,0.26452909004521824
1271600532214427648,negative,0.0017087920244632216
1271600532344442880,negative,1.4187975721925792e-05
1271600533455978501,negative,3.7698203701367254e-05
1271600533707489280,negative,0.11425819077871775
1271600533997072387,negative,0.22232271081946509
1271600534252859397,negative,0.125563245732782
1271600534835859456,negative,0.08279649112484168
1271600536513626119,negative,2.554818420072091e-05
1271600537872498689,neutral,0.35451443008515343
1271600538635964417,negative,0.3248410612445367
1271600539156000769,neutral,0.486155721208464
1271600539189432320,negative,0.002395107361095619
1271600539529359362,negative,6.531919277502743e-05
1271600539604676608,negative,0.23132552623192204
1271600539739074562,neutral,0.5343655424372993
1271600540095373312,neutral,0.4351694115250478
1271600541785882625,negative,0.059253725748064805
1271600542016569345,negative,0.00019984109669266473
1271600542750515200,negative,0.0005330289711396502
1271600543115489280,negative,0.000365577970734581
1271600543128080391,negative,0.011141643550693017
1271600545648775168,negative,0.03739721917819511
1271600546441580545,negative,0.01628794900366218
1271600546479321095,negative,0.00019984109669266473
1271600547326500864,neutral,0.4507454498615163
1271600547468992513,negative,0.17439136522930762
1271600547980853251,negative,0.02594444329287701
1271600548609957888,negative,0.00019984109669266473
1271600550325477377,negative,0.3040949491800166
1271600550451109889,negative,0.0005330289711396502
1271600550631690240,negative,3.0373461343041953e-05
1271600551202115585,negative,1.8649498353071585e-05
1271600554154885121,negative,0.025152324668022856
1271600554335035392,negative,0.0011476103271417274
1271600554519736321,negative,0.021873131606606658
1271600555094429699,negative,0.0005482137251758952
1271600555580813312,negative,0.0028245300752868818
1271600556222619648,negative,0.0029862172778931
1271600556906250240,neutral,0.6231301609365977
1271600556977651712,negative,0.3040949491800166
1271600557166342144,neutral,0.413250671274227
1271600557174730756,negative,0.04251423792646359
1271600558244323333,negative,0.0014534938976559968
1271600558256926726,negative,0.002395107361095619
1271600558609248257,negative,0.046484769731093445
1271600558982475777,negative,0.007012448520741336
1271600636031840256,negative,0.00011341912160628809
1271600636107390978,negative,0.018955285277262084
1271600636350443522,negative,3.759814752818217e-05
1271600636665016323,positive,0.8279952469365855
1271600638053531654,negative,0.04503614259423978
1271600638137335809,negative,0.01552788654488999
1271600639101923328,negative,0.012205753178599421
1271600639773224960,negative,0.01552788654488999
1271600640251301889,negative,5.1309019644089255e-08
1271600641140547586,negative,0.0032959539639058986
1271600641518026752,negative,0.0032959539639058986
1271600641723502593,negative,0.0015561591605220597
1271600641991938051,neutral,0.6279672973516283
1271600642432385024,neutral,0.3716712376022116
1271600642642063360,neutral,0.5844660558927414
1271600643447427075,negative,0.0002833791535977362
1271600643623526401,negative,1.4282680352932503e-05
1271600644621766657,negative,0.10134028605591529
1271600645175341056,negative,0.007761028894850524
1271600645242523648,negative,0.005702699930454052
1271600645410189312,negative,0.20582928440525614
1271600646681243649,negative,0.24838507353448092
1271600647020961792,negative,0.2013198904030459
1271600647859777536,negative,0.025667753840381006
1271600647885017088,neutral,0.3884904871738842
1271600649541758982,negative,0.0012953578302414776
1271600650321825800,negative,0.000132376457949845
1271600650632212481,negative,1.1906313665719083e-09
1271600651819257858,negative,0.16181369063462486
1271600653438259200,negative,0.01786866897430779
1271600653987713024,negative,0.0034483219390338015
1271600654218407937,negative,0.0023154807436983568
1271600654474260480,negative,0.006769110446710621
1271600655539585024,negative,0.3040949491800166
1271600655862583299,negative,0.16181369063462486
1271600656923721730,negative,0.00011341912160628809
1271600657653469190,negative,0.012780692341698095
1271600657682665472,negative,0.0017058580464821363
1271600659180204034,negative,1.4187975721925792e-05
1271600659767480323,negative,1.151874238492843e-14
1271600659834511367,negative,0.18132649864231687
1271600660006367239,negative,1.804735369742081e-07
1271600660983808006,negative,0.014426061374660001
1271600661034041346,negative,0.001982025076677185
1271600662502088704,negative,0.007810433637214576
1271600663492014082,negative,0.03416143747831388
1271600663647014913,negative,0.11171655678870182
1271600663747846145,negative,0.1952814587246654
1271600664028700672,negative,0.039433821832599185
1271600664335069184,negative,0.01628794900366218
1271600664808833024,negative,0.0032959539639058986
1271600665329045505,negative,0.00010338679440685032
1271600665496780800,negative,0.0013883300640475228
1271600667333967872,neutral,0.6298914564730203
1271600667451437056,negative,0.207800015035824
1271600668709707783,neutral,0.6582643402168333
1271600670030942222,negative,0.010437265732365582
1271600670164914176,negative,6.236105015602125e-07
1271600671079518214,neutral,0.5130605840822943
1271600671347945473,negative,0.2409543371364005
1271600671566049280,negative,6.113312946385684e-05
1271600672031617026,negative,0.24838507353448092
1271600672543252487,positive,0.7246596942362523
1271600672589312001,negative,0.00019311482932615038
1271600672597630976,negative,0.18684817000425838
1271600672656420864,negative,0.0002135718279441484
1271600672669085696,negative,1.5859706851725093e-05
1271600672711065600,negative,0.05937400543569683
1271600672719306753,negative,0.11939429990455816
1271600672740343810,negative,0.012857518405930923
1271600672757239809,positive,0.9287996480493849
1271600672761188359,negative,0.05934097460409791
1271600672949956608,negative,0.0003020984548891333
1271600673151483905,positive,0.9287996480493849
1271600673180782594,negative,0.0006208400899447004
1271600673243770882,negative,1.4022416483653077e-05
1271600673256206336,negative,0.141447996206482
1271600673285566465,negative,0.2510551031344398
1271600673319120896,negative,0.23603690275365521
1271600673361219592,negative,0.015305741217984576
1271600673369579520,neutral,0.3887618930191385
1271600673432338434,negative,0.06016830258901061
1271600673449283584,negative,0.1400363458598214
1271600673528909825,negative,0.07640294740877937
1271600673532960771,negative,0.06276982146897277
1271600673549942785,negative,0.002094687721692422
1271600673629634565,negative,6.142465792319176e-05
1271600673696747520,negative,0.07123882924962982
1271600673713315840,negative,0.22591431816503554
1271600673717497856,negative,0.012260116364223313
1271600673784836096,negative,0.08000202738784179
1271600673868701696,neutral,0.38702715931850645
1271600673893777408,negative,0.12598365162806868
1271600675932254208,neutral,0.35451443008515343
1271600676867620865,negative,0.001670097225270882
1271600677043810304,negative,0.1256518955108437
1271600678528593920,negative,0.003943979764286414
1271600678562136067,neutral,0.41557614730585196
1271600679115784193,negative,0.30466741446153434
1271600680583774209,negative,0.01495499715105783
1271600681548316672,negative,0.04886225666901804
1271600682886483976,negative,0.1757965270345081
1271600683234590726,negative,0.0014917101539091088
1271600683553157122,negative,0.001842031509920941
1271600683561758720,negative,0.008104192649967177
1271600683716927489,neutral,0.439589607984053
1271600683855249409,negative,0.023064339226864117
1271600684622888960,negative,0.004686857717629223
1271600686153838593,negative,0.00019984109669266473
1271600686359183360,negative,0.18812086784397536
1271600686761865216,negative,0.05773950100514704
1271600686845878279,negative,0.0018070818348479318
1271600687042920452,negative,0.024864435263177366
1271600688326414336,negative,1.438594471855548e-07
1271600688603299846,negative,0.009826261752229797
1271600688775208961,negative,0.0068154665196530125
1271600689182117888,negative,0.00011829729665023814
1271600690096492544,negative,0.01879425341181135
1271600690645721091,negative,0.01552788654488999
1271600691073765377,negative,0.0011532229813198114
1271600691346366465,negative,0.15894838135266348
1271600691568619524,negative,0.020469551002790937
1271600691614822401,negative,0.019933516092525926
1271600691828658184,neutral,0.3789078833964253
1271600694311649288,negative,0.20834617761245666
1271600694852796419,negative,0.04324843524471755
1271600695020605444,negative,0.009015108412816051
1271600695632736257,negative,0.22861954191474046
1271600696186621952,negative,0.00278849207655785
1271600697411276800,negative,5.951831154316817e-07
1271600697553891329,negative,0.07733511082309595
1271600698694737920,negative,0.0013883300640475228
1271600698799452160,negative,0.00033287291598040416
1271600699416043521,negative,0.021873131606606658
1271600699873169408,positive,0.7318887693148708
1271600700376657922,negative,0.3298071580610977
1271600701085540354,negative,0.00019984109669266473
1271600701244936192,negative,0.05092036139597094
1271600702197043204,negative,0.00024118715647211518
1271600702217957376,negative,0.046484769731093445
1271600704025698310,negative,0.0013883300640475228
1271600704558227456,negative,0.01879425341181135
1271600705963462656,negative,0.015231381503100543
1271600706932203522,negative,8.935004897214377e-05
1271600707242807296,negative,0.008353984180451442
1271600707330850819,negative,0.023428905895719134
1271600707708366850,neutral,0.5641156242479793
1271600708224200706,negative,0.1757965270345081
1271600708618518528,negative,0.019837067051382298
1271600709016969216,negative,0.04067150657767096
1271600709344133127,negative,0.05491586967719396
1271600709725814785,negative,0.002395107361095619
1271600710300381184,negative,0.00048559593649531447
1271600710963126278,negative,0.01552788654488999
1271600711206404096,negative,0.14064957882056495
1271600711600660480,negative,0.2369710931082333
1271600711948795905,negative,0.031602468390831584
1271600712015917057,negative,0.00023882966192448517
1271600712091402241,negative,0.18309442036711643
1271600712439541766,neutral,0.5606323634258134
1271600715291602946,negative,0.0006608555833249155
1271600716763869185,negative,0.0021990324893014007
1271600716860268544,negative,0.05419187280139829
1271600717866942464,neutral,0.36585650684830934
1271600717950787584,negative,0.08252804907235253
1271600719871827973,negative,0.28768430820383784
1271600720148680704,negative,0.014197905411499638
1271600722300112896,negative,0.08838592724877833
1271600722694602757,negative,0.004732199758054552
1271600723827085318,negative,0.0006212642497341478
1271600725055795200,negative,0.07841359574196761
1271600725198503936,neutral,0.3499352441185855
1271600726137901056,negative,1.4282680352932503e-05
1271600726142304258,negative,4.539674011843497e-05
1271600726402150400,negative,0.20582928440525614
1271600726649769984,negative,0.00019984109669266473
1271600727857790978,negative,0.060490407011491755
1271600727878701059,negative,0.0319832305431049
1271600728226832385,negative,0.0006231497894395036
1271600730550476801,negative,0.1952814587246654
1271600731137728514,neutral,0.6527739874012229
1271600731640889344,negative,0.0011476103271417274
1271600731729125377,neutral,0.46127768308170247
1271600732035145729,negative,0.001842031509920941
1271600732073078791,negative,0.0019121353560357245
1271600732081475584,negative,4.8349118708022894e-06
1271600733654310915,negative,0.07514950052453873
1271600734484733952,negative,0.0319832305431049
1271600734744784896,negative,0.016878342473724942
1271600735264759808,negative,0.0017087920244632216
1271600735323635720,negative,0.0007809020524228805
1271600735491260418,negative,0.20582928440525614
1271600735671681024,negative,0.00048559593649531447
1271600735915048960,neutral,0.5000207374305432
1271600735948550151,neutral,0.39148555583824224
1271600737215287298,neutral,0.4043906982074959
1271600737730957312,negative,0.01552788654488999
1271600737861226497,neutral,0.3744559681496792
1271600737890504704,negative,0.18554305595375797
1271600737949224960,negative,0.06756897342989703
1271600739371094019,neutral,0.439589607984053
1271600739547320321,negative,0.00020668616896487088
1271600739857686531,negative,0.008634092587565438
1271600740071505924,negative,0.03840564920058137
1271600740256055299,negative,0.0845532889512894
1271600740637855750,negative,1.804735369742081e-07
1271600742088847361,negative,0.0014534938976559968
1271600742609158146,positive,0.7318887693148708
1271600742651084801,negative,0.07731315278696389
1271600743397634048,negative,0.04251423792646359
1271600743640793088,negative,7.236773637704521e-08
1271600743733231618,neutral,0.4353447131478714
1271600744140021760,negative,0.0024326942836890887
1271600744441905152,positive,0.940424727920266
1271600744710508544,negative,1.0200935078407116e-08
1271600744945369088,negative,0.0014393851596153505
1271600745029283840,negative,0.046484769731093445
1271600745197035520,negative,0.01552788654488999
1271600745767460865,negative,0.2409543371364005
1271600745868124160,negative,0.00019984109669266473
1271600747235487744,negative,0.11939429990455816
1271600748581789696,negative,0.04495357886299508
1271600748732825600,negative,0.009761342938395421
1271600749257134080,neutral,0.48728019602140255
1271600749651341314,positive,0.8883983257081591
1271600750372589568,negative,0.0010525914444489493
1271600751106801671,negative,0.05610309040052827
1271600752008613888,negative,0.004700855434022282
1271600753115901953,negative,4.854533840358207e-06
1271600753417883648,neutral,0.42733371111086393
1271600753896030209,negative,0.0011476103271417274
1271600754315444225,negative,0.0005330289711396502
1271600754994720768,negative,0.0014534938976559968
1271600755401785344,negative,0.024864435263177366
1271600756089663489,positive,0.9999021312730041
1271600756714622976,negative,0.1757965270345081
1271600757196849154,negative,0.2680235923392783
1271600757842862081,negative,0.0013883300640475228
1271600759101165569,negative,3.759814752818217e-05
1271600759667412992,negative,0.0011476103271417274
1271600760711720960,negative,0.00044229416911129054
1271600762318139392,positive,0.9580056151555126
1271600763286913026,negative,0.01552788654488999
1271600763320532993,negative,0.0036932642609722286
1271600763442286592,negative,0.00011341912160628809
1271600763974885378,neutral,0.4264188971709622
1271600817641000966,negative,0.18554305595375797
1271600818035347456,neutral,0.43568801257974293
1271600818496700416,negative,0.02428248049254861
1271600818668650497,negative,7.133965564406141e-08
1271600819067064325,neutral,0.5119191283169773
1271600819171885056,neutral,0.5537594535812065
1271600819465367552,negative,0.01863282062599698
1271600819532558336,negative,0.014426061374660001
1271600821478862848,negative,4.8514682762318765e-05
1271600821726257153,negative,0.30466741446153434
1271600822040834048,negative,3.759814752818217e-05
1271600822179201024,negative,0.1893132010762119
1271600822808391682,negative,0.2828136932208214
1271600822904897548,negative,0.15590454891793734
1271600823101874176,negative,0.0005955793925200283
1271600823307509760,neutral,0.473964753344039
1271600823852838914,negative,0.1893132010762119
1271600825962553345,negative,0.01552788654488999
1271600826356817920,negative,0.06756897342989703
1271600827405221889,negative,0.01306080434144152
1271600827522789384,neutral,0.3471587350631319
1271600828642586624,negative,0.00017733704042088345
1271600830035169281,negative,2.6942414632924577e-05
1271600830270132225,negative,0.0005330289711396502
1271600831842979840,negative,1.853774521164982e-06
1271600832379867137,neutral,0.616005678462541
1271600832706867200,negative,0.0003308734275861382
1271600833671696384,negative,9.485337233476039e-11
1271600834439086081,negative,0.0010033410433637482
1271600835210940417,neutral,0.3385252644667176
1271600835521323010,negative,1.7230343141599547e-10
1271600835525373953,negative,0.0022480160405335303
1271600836590870528,negative,0.09423784828321737
1271600837668802563,negative,0.21970006233076392
1271600838633537536,negative,0.0019140250839325993
1271600838818107394,negative,0.05610309040052827
1271600838927138818,negative,0.010702010985477352
1271600839757565953,negative,0.00019984109669266473
1271600840273526785,negative,0.10527153750611985
1271600840394997760,neutral,0.482957860389373
1271600840902692865,neutral,0.33113200015936756
1271600841049411585,negative,0.008067617107752596
1271600841561178114,negative,0.0017087920244632216
1271600842001571840,negative,0.04067150657767096
1271600842446196736,negative,0.04067150657767096
1271600842739769344,negative,0.016849346770454316
1271600842957885442,negative,0.10329182763909436
1271600843092041733,negative,0.0015425978250262452
1271600843461144577,negative,0.014197905411499638
1271600843935145984,negative,0.02428248049254861
1271600843947757568,negative,0.0002629583548233648
1271600845751189504,neutral,0.49789225920557484
1271600846925705216,negative,1.4282680352932503e-05
1271600850033676292,negative,0.07802105340640744
1271600851321118720,negative,0.04251423792646359
1271600853175205888,negative,1.3604982269874283e-06
1271600853305249803,negative,0.012780692341698095
1271600853732950017,negative,0.3092554970748467
1271600853825314819,negative,0.00011341912160628809
1271600854118944769,negative,0.014197905411499638
1271600854743875586,negative,8.085540355084972e-05
1271600855024832514,negative,0.02986553712777523
1271600855150706689,negative,0.012888746285479738
1271600856417304576,negative,0.03758660193397826
1271600857910575110,negative,0.005820665306411165
1271600858401292288,negative,0.025152324668022856
1271600860775288834,negative,0.038037404912857516
1271600861114961923,negative,0.04251423792646359
1271600861488316423,negative,0.024864435263177366
1271600862113280000,negative,0.05808371761203586
1271600862750801920,negative,0.1412589031008617
1271600864579502082,negative,6.4675117100569094e-06
1271600865196101632,negative,0.02428248049254861
1271600865888153601,negative,3.728957142596155e-13
1271600865946763265,negative,0.18662755844527773
1271600866634747904,negative,0.22866131984486565
1271600866647310340,negative,0.06756897342989703
1271600866970173446,positive,0.9556858708304484
1271600867612004353,negative,0.04324843524471755
1271600867930710018,negative,0.08615879527263536
1271600869671395330,negative,0.0006212642497341478
1271600869675544576,negative,0.0011445182287234854
1271600870195695624,negative,0.054994079140349234
1271600871424524291,negative,0.1952814587246654
1271600873043570688,negative,0.11741608099884654
1271600873135841281,negative,0.03002850738116171
1271600873483808770,negative,0.0014534938976559968
1271600873723113472,negative,0.014526732885400169
1271600874754723840,negative,0.05934097460409791
1271600874851373056,neutral,0.33113200015936756
1271600874922618882,negative,0.0323418985372901
1271600875191009280,neutral,0.35451443008515343
1271600876420059136,negative,0.0019957757213651295
1271600876503826436,negative,0.16174538851524367
1271600878382985217,negative,0.01786866897430779
1271600879301427200,negative,0.025253823303586633
1271600879976747008,negative,0.006769110446710621
1271600881616764933,negative,0.11345308915253484
1271600882111721474,negative,0.3040949491800166
1271600882396925952,negative,0.0013876501219581817
1271600883097235457,negative,0.0032959539639058986
1271600883172691968,negative,0.034204994447265165
1271600883344855040,negative,0.23699778876372793
1271600884552814592,negative,2.755652825506704e-09
1271600885014110209,negative,0.011375287578123694
1271600885559328768,negative,0.24257369881389068
1271600885861318657,negative,0.3092554970748467
1271600885899112450,negative,0.004149072019199837
1271600886024994817,negative,0.0003793116699639738
1271600887157477380,negative,1.4282680352932503e-05
1271600887866306560,neutral,0.4508136580325282
1271600888394788864,negative,0.00816317251042805
1271600888960839680,negative,0.02734764205970332
1271600889070080002,neutral,0.5089004219517322
1271600889481101314,negative,0.012833123558163526
1271600890550591490,negative,0.024864435263177366
1271600890554789890,neutral,0.3499352441185855
1271600891259506688,negative,0.11301618065148124
1271600892127719426,negative,0.0006231497894395036
1271600892169641993,negative,4.314319939740787e-07
1271600892740067329,negative,0.01769005066667111
1271600893834735616,negative,0.3040949491800166
1271600895185375232,negative,0.2409543371364005
1271600895256649728,negative,0.02428248049254861
1271600896238071808,negative,0.0004163490080721216
1271600896783376384,negative,0.00019984109669266473
1271600897056026624,negative,0.005820665306411165
1271600897131413506,negative,0.01719004681774222
1271600897441902592,negative,8.376306158677251e-05
1271600897538301953,negative,0.0004080505682316392
1271600897764864001,negative,0.0007726847363686367
1271600898238812160,negative,0.0002833791535977362
1271600898733735936,neutral,0.6231301609365977
1271600898981138432,neutral,0.5505550505941735
1271600899039940608,negative,0.03169851137368055
1271600899048210433,negative,3.262796994869556e-05
1271600899580932096,negative,0.23207491963764787
1271600899845226498,negative,3.8632474149153675e-05
1271600900092522496,negative,7.236773637704521e-08
1271600900130234369,negative,0.03761886360589996
1271600900382081026,negative,0.007892749859270635
1271600900621185024,negative,0.0006231497894395036
1271600900692418560,negative,0.1853447716208767
1271600900876963841,negative,0.06756897342989703
1271600901514502145,negative,0.004074047576496962
1271600901942317056,negative,0.23207491963764787
1271600901967482881,negative,0.0002833791535977362
1271600902269317120,negative,0.001842031509920941
1271600902403735552,negative,0.0054193948841475045
1271600902445477891,negative,0.0011476103271417274
1271600903527608320,negative,0.17553924241747834
1271600903888535553,negative,1.5936469852570445e-07
1271600904408649728,neutral,0.3637043924248172
1271600904568004608,negative,0.01552788654488999
1271600904869945344,negative,3.262796994869556e-05
1271600905100681216,negative,0.024102916993088985
1271600906061176832,negative,0.022132274036682446
1271600906212200449,negative,0.005296965831044357
1271600906832736256,negative,0.15426889957733209
1271600907835387904,negative,0.1757965270345081
1271600909991231488,positive,0.9996998174678516
1271600910049869824,neutral,0.5844660558927414
1271600911073370112,negative,0.02428248049254861
1271600911828295680,negative,0.001842031509920941
1271600911962509318,negative,0.3040949491800166
1271600912339996672,negative,0.013923320180141504
1271600913715736580,negative,0.09212574455100801
1271600914273579009,negative,0.06756897342989703
1271600914277847040,negative,0.002395107361095619
1271600916496560135,negative,0.0009439315221011187
1271600918585315333,neutral,0.422973362659888
1271600918832779264,negative,0.22513179180885018
1271600918916550656,negative,0.20582928440525614
1271600919768072192,negative,0.030893959762349755
1271600920871256064,negative,0.0010544497805837873
1271600920938385408,negative,0.05934097460409791
1271600922192490497,negative,1.5535188661795936e-05
1271600922528026624,negative,0.12227762356369955
1271600922775388165,negative,6.4675117100569094e-06
1271600922867703814,negative,6.780161235544341e-05
1271600923828203521,negative,0.008353984180451442
1271600923899564033,negative,0.004925060695538808
1271600924054691840,neutral,0.43568801257974293
1271600924172025856,negative,1.176706131424099e-05
1271600924461600771,negative,0.03840564920058137
1271600925069713410,negative,0.00019984109669266473
1271600925694664710,negative,5.321882298474012e-07
1271600925916958722,neutral,0.35451443008515343
1271600925992464385,negative,0.020317130529569682
1271600926067957762,negative,0.006726160116820655
1271600928207052800,neutral,0.5505471610441991
1271600928647495680,negative,0.020627302555158277
1271600931323424770,negative,0.07275991195125503
1271600931952644097,negative,0.04649643706151712
1271600932099325954,negative,0.0002833791535977362
1271600932695035910,negative,0.19525327177609553
1271600933135437824,negative,0.1757965270345081
1271600933433196545,negative,0.0011005228159859614
1271600933487681536,negative,0.3092554970748467
1271600934192283648,negative,0.06433496911907997
1271600934271868929,positive,0.6808291233541428
1271600934863417344,negative,0.01719004681774222
1271600934993494016,negative,0.05588581722909747
1271600935123460096,negative,0.07841359574196761
1271600935589089280,negative,0.23088168004346588
1271600936637562881,negative,0.01552788654488999
1271600936817917952,negative,0.041962196668385326
1271600936931164160,negative,1.2728998626734413e-05
1271600936981614594,negative,0.01969186692240438
1271600937203875846,negative,0.14269806698464288
1271600937627508736,negative,0.05368241837099004
1271600938420178951,negative,0.047746741822060075
1271600940433498113,negative,0.0004465695326249078
1271600940651601922,negative,0.16181369063462486
1271600941289164800,negative,0.060879738698440454
1271600942115422208,positive,0.8118866211141739
1271600942299914240,negative,1.4087941363798072e-05
1271600942371094529,negative,0.053728919940624835
1271600942803226625,negative,0.10197702515101412
1271600943856050177,negative,1.2463675153336832e-06
1271600945076543488,neutral,0.5105071964440666
1271600946645291008,negative,1.1409802148757985e-05
1271600948805349382,negative,1.0493438461949012e-05
1271600948822016001,negative,3.239396394209819e-14
1271600948843085825,negative,0.01879425341181135
1271600949136707584,negative,0.08279649112484168
1271600949698670592,negative,0.01879425341181135
1271600949879091201,neutral,0.346723874072742
1271600950478884864,negative,3.4756179013684414e-05
1271600952835858433,negative,0.00033287291598040416
1271600952856854528,negative,0.014426061374660001
1271600953557467137,negative,0.19552563706121598
1271600954748567552,negative,0.0017558473083870824
1271600954786361344,negative,0.0825886283591841
1271600955151220740,negative,2.2659188908438446e-06
1271600956942290951,negative,0.26812582956602965
1271600958397730816,negative,0.12101439709814321
1271600958745669632,negative,0.0011476103271417274
1271600959043616768,negative,0.2013198904030459
1271600959903412226,negative,0.009738779965660577
1271600960306110464,negative,0.0007809020524228805
1271600960419184640,negative,0.05246536788709703
1271600961006514176,negative,0.0013883300640475228
1271600961132298240,negative,0.001001766229483603
1271600961644122123,negative,0.24257369881389068
1271600962961133570,negative,0.03792781486114205
1271600964407943168,negative,0.0006231497894395036
1271600965716713473,negative,0.30466741446153434
1271600966333317121,positive,0.9999760538234272
1271600967490863104,negative,0.08277323846492807
1271600968581492736,negative,0.0010033410433637482
1271600969382584321,positive,0.8141954626931848
1271600969541918721,neutral,0.4722942286818113
1271600969697185794,negative,0.02219462288414203
1271601020301217792,neutral,0.35100644867943676
1271601020767002624,negative,0.193535918142673
1271601021417148418,negative,0.01552788654488999
1271601021740101632,negative,0.0006231497894395036
1271601022130151424,negative,0.08761952451368936
1271601022587138048,negative,0.01552788654488999
1271601023191302146,negative,3.0373461343041953e-05
1271601023241633792,negative,0.28768430820383784
1271601023573000192,negative,0.3040949491800166
1271601023778467840,negative,0.012157219429847021
1271601023929344000,negative,1.8327193689044302e-07
1271601024185270274,negative,0.01552788654488999
1271601026190249987,negative,0.034468260667853155
1271601026412527617,negative,0.028967202866613726
1271601028312363008,negative,0.16354012682158242
1271601028518027264,negative,0.27410435454136306
1271601028857835526,negative,0.0004077135454545248
1271601029465944064,negative,0.0895392584943594
1271601029876858881,negative,0.3282419999848567
1271601030996901890,negative,0.002138599437454252
1271601031068213249,negative,0.07733511082309595
1271601031206572032,negative,0.0038816893809924574
1271601032015933441,negative,0.0011476103271417274
1271601032192278528,negative,0.060490407011491755
1271601032783675392,negative,0.03840564920058137
1271601033190543363,negative,0.13721847696827208
1271601034113105921,neutral,0.49789225920557484
1271601035161804800,neutral,0.6057095957011978
1271601035610447872,negative,0.0013218175577883408
1271601036399013888,negative,0.1868215662379787
1271601036617228294,negative,0.1256518955108437
1271601036785078276,negative,0.06756897342989703
1271601037451816961,negative,0.01719004681774222
1271601039796551681,negative,0.014197905411499638
1271601040543019013,negative,0.15894838135266348
1271601040782241792,negative,3.235765164388996e-08
1271601041004470272,negative,0.023635102279001126
1271601041147117569,negative,1.4282680352932503e-05
1271601041306456064,negative,1.2607823774460431e-05
1271601041570770944,neutral,0.3744559681496792
1271601041763643392,negative,0.02428248049254861
1271601044590456832,negative,0.07037936367715383
1271601046830428172,negative,0.18981560197061917
1271601047102840832,neutral,0.6313169041010963
1271601047421833217,positive,0.9982360962521561
1271601048520515584,neutral,0.4507454498615163
1271601048843694085,negative,0.005820665306411165
1271601051020472320,negative,0.00947957500931297
1271601052438102016,negative,0.03840564920058137
1271601052626956288,neutral,0.43568801257974293
1271601054300491782,negative,0.006530412676232573
1271601054749208576,positive,0.9954358158977953
1271601055067930624,negative,0.0034483219390338015
1271601055323824128,neutral,0.35451443008515343
1271601055386742793,negative,0.00019984109669266473
1271601055768469504,negative,0.012313937342949983
1271601055978196992,negative,6.761362554810488e-05
1271601056452161541,negative,0.26812582956602965
1271601056842121216,negative,0.031964581028108494
1271601056925900800,negative,0.12056045216888053
1271601057022578689,negative,7.65543043508159e-05
1271601057169276928,negative,0.01719004681774222
1271601057244893184,negative,0.16181369063462486
1271601057437802500,negative,0.002395107361095619
1271601057530105856,negative,0.021862687521183734
1271601057601327104,negative,0.016748851911337282
1271601059778232320,positive,0.919250368288601
1271601060302462976,neutral,0.3396404128754322
1271601060772302848,negative,0.00021486174134923317
1271601061216899074,negative,0.06539839311658209
1271601061413994496,negative,0.002395107361095619
1271601062261059585,positive,0.878708708309711
1271601062886150145,negative,0.000132376457949845
1271601063163039744,neutral,0.35451443008515343
1271601063213305856,negative,0.11646670032790614
1271601063355797504,negative,0.09546166772299793
1271601063863476225,negative,0.02428248049254861
1271601064220004352,neutral,0.4792687081820201
1271601064454782976,negative,3.4756179013684414e-05
1271601064748425216,negative,0.23809205888502222
1271601065818021896,negative,0.0007853912639260176
1271601066539270144,negative,0.029755178268819425
1271601067323723783,negative,2.9208991982894948e-05
1271601067344592897,negative,0.01552788654488999
1271601067747352576,negative,0.0032959539639058986
1271601068208730114,negative,0.03840564920058137
1271601068456230912,negative,1.066523623940734e-06
1271601068993019907,negative,9.627884188622179e-11
1271601069005520896,negative,0.30276893072889394
1271601069144104962,negative,0.00021323646588724418
1271601071954235392,negative,0.0017087920244632216
1271601072851779584,negative,0.003241076879441445
1271601074302930945,negative,0.027532586259180133
1271601074600886274,negative,0.01552788654488999
1271601074915495938,negative,0.00020668616896487088
1271601075699757056,negative,0.023336692626154305
1271601077692043264,negative,0.00019984109669266473
1271601079428530176,negative,0.00019984109669266473
1271601079873142791,negative,0.047790162846966265
1271601081596948480,negative,0.001842031509920941
1271601081936687104,neutral,0.3972102064871324
1271601082230362112,neutral,0.5537594535812065
1271601082255446016,negative,3.3023698816561787e-07
1271601083392065538,negative,2.5144893589907698e-05
1271601083480186881,negative,0.0005703483552045097
1271601084096749569,negative,0.00019984109669266473
1271601084616683520,negative,0.001842031509920941
1271601084717568001,negative,0.0031380462099212607
1271601085715636225,negative,0.11406473752433555
1271601086550310912,negative,0.033904433194331556
1271601087347167233,negative,0.01356332404795456
1271601088052027392,negative,0.00019984109669266473
1271601089369030659,neutral,0.35451443008515343
1271601089650065424,positive,0.8883983257081591
1271601090618851335,negative,0.0007809020524228805
1271601091344568320,negative,0.00019984109669266473
1271601091633983488,negative,0.005820665306411165
1271601092028227585,negative,0.1735162678381825
1271601092640624640,positive,0.9996079935255772
1271601093739458562,negative,0.26964203488746474
1271601095249403905,negative,0.2854630828485572
1271601095354302465,negative,0.1735162678381825
1271601096184795136,negative,1.461698760348495e-05
1271601097434693632,negative,0.04941055740363159
1271601098034483200,neutral,0.33758533303423804
1271601098260955137,negative,0.00042472561726326414
1271601098357452800,negative,0.3040949491800166
1271601098399404033,negative,0.03287503532323285
1271601098739060737,negative,0.07619269198218341
1271601099774889984,negative,0.004800411781989462
1271601100832071685,negative,0.00019984109669266473
1271601102413324290,positive,0.9946503378996538
1271601104145600518,negative,0.011249851269973498
1271601105399676931,negative,0.024356821716172435
1271601107006078977,negative,0.1906115863132617
1271601107102511105,negative,0.02007748709938238
1271601107152900096,negative,0.10329182763909436
1271601107203231744,negative,0.19753827322328846
1271601107513589762,negative,0.04067150657767096
1271601107714932737,neutral,0.4146992649590121
1271601108461420544,negative,0.020317130529569682
1271601108666839040,negative,0.0869493192144862
1271601108776091649,neutral,0.5844660558927414
1271601109690462208,negative,0.18559197711064812
1271601111485603840,negative,0.025667753840381006
1271601111871508481,negative,0.30466741446153434
1271601111976284160,negative,0.30466741446153434
1271601112089534470,negative,0.01879425341181135
1271601112680972289,negative,0.0017058580464821363
1271601112936861703,negative,0.014197905411499638
1271601112957825025,negative,0.0020368208816492093
1271601114635481088,neutral,0.39439463283712184
1271601115277201410,neutral,0.4507454498615163
1271601115306635264,negative,7.236773637704521e-08
1271601115776221184,negative,0.052158798788941974
1271601115776376835,neutral,0.3919276791078506
1271601116560711680,negative,0.1458355974293721
1271601118322229251,negative,0.035025276786444605
1271601118523658244,negative,0.0028452208663357383
1271601119077244928,negative,2.791835642824649e-08
1271601119408553984,negative,7.396369732257389e-08
1271601119664324610,negative,0.27069839133778073
1271601119714672640,negative,0.007012448520741336
1271601120981311488,negative,0.001842031509920941
1271601121325391873,negative,0.19552563706121598
1271601121996480514,negative,2.96962938337838e-06
1271601122394988550,neutral,0.34638483729906117
1271601122705207296,negative,0.0022480160405335303
1271601125284864000,negative,0.00023882966192448517
1271601125343584257,negative,0.01719004681774222
1271601126207619072,negative,0.20582928440525614
1271601127042068480,negative,0.001842031509920941
1271601127528771586,negative,6.4675117100569094e-06
1271601127939805191,negative,0.046484769731093445
1271601128199917568,negative,0.002395107361095619
1271601128367669255,negative,0.3169442171495978
1271601128732610561,negative,3.9635005593742785e-12
1271601129458225153,negative,0.20582928440525614
1271601130074710017,negative,0.00014698153556440456
1271601130104127488,negative,0.07802105340640744
1271601131408457734,negative,0.010706368727839864
1271601131454640128,negative,0.0011476103271417274
1271601132268400640,negative,0.0006231497894395036
1271601132771606530,negative,0.002395107361095619
1271601133589458945,negative,0.20582928440525614
1271601134600323072,negative,0.12223370080603098
1271601134893805568,negative,3.1195138860606553e-06
1271601135489560577,negative,0.04067150657767096
1271601135950970880,negative,0.16181369063462486
1271601136290521090,negative,0.19913514153563264
1271601136345190407,negative,0.3040949491800166
1271601136890531840,negative,0.0004465695326249078
1271601137255211008,negative,0.015654864710213757
1271601137276329987,negative,3.7708186277501006e-08
1271601138132037632,negative,0.00012909070963474672
1271601138513653760,negative,0.001842031509920941
1271601138572419077,negative,0.0006231497894395036
1271601139314810882,negative,8.359623066193849e-10
1271601140627648512,negative,0.00021323646588724418
1271601141646864384,negative,0.001692668414928518
1271601141869088768,negative,8.11134707067555e-06
1271601142825451520,negative,0.3040949491800166
1271601143785811968,negative,0.15590454891793734
1271601143970398208,negative,0.04646968228091187
1271601144985346048,negative,0.15677327585863085
1271601145505611781,negative,0.19861777635878736
1271601145644044289,negative,0.16841729920146856
1271601145748881409,negative,0.20707820422228654
1271601146247786498,negative,0.0048031083353694045
1271601146470203392,negative,0.010578520101019874
1271601148097593350,negative,0.12068864300538287
1271601148651282432,negative,0.006883606025104728
1271601149729296384,negative,0.00952714344736787
1271601150287122432,negative,0.00280622881636959
1271601150844973057,negative,0.007816173043045015
1271601151683649538,negative,0.0017766731267392702
1271601151918714880,negative,2.6311621196713497e-05
1271601152157609985,positive,0.684687678208344
1271601154041020418,negative,1.0959355209039085e-06
1271601154707898368,negative,0.0071479933406052385
1271601154741481473,negative,0.0319832305431049
1271601155139919872,negative,0.06326627960981118
1271601155324469250,negative,0.00022914088582834575
1271601155332804609,negative,3.262796994869556e-05
1271601155911618567,negative,0.0071479933406052385
1271601155995586570,negative,0.0011476103271417274
1271601156423397377,negative,0.006769110446710621
1271601156486291456,negative,0.0011908968341850397
1271601157320908801,negative,0.0052481037657638166
1271601157476159488,negative,0.00048559593649531447
1271601157891330054,negative,0.0004077135454545248
1271601158705106944,negative,0.22513179180885018
1271601159661326337,neutral,0.5887973398928581
1271601160353439744,negative,0.01639102795020826
1271601160508641288,negative,3.663470120753033e-12
1271601162370846720,negative,0.15894838135266348
1271601162446307328,negative,0.004347437076781549
1271601164463693824,negative,0.0585301424596441
1271601164749017088,neutral,0.3850948772444006
1271601164883243008,negative,0.00026547182025463297
1271601165667622912,negative,0.14269806698464288
1271601166368071680,negative,0.00019984109669266473
1271601166485458944,positive,0.8162744213566576
1271601166644908039,negative,0.09739148917716273
1271601166959489027,negative,0.18949964065933536
1271601167575982082,negative,0.00019984109669266473
1271601167748009985,negative,0.0024243095112091106
1271601167798276097,negative,0.19753827322328846
1271601167924109314,negative,0.0010033410433637482
1271601168993718273,negative,0.01552788654488999
1271601168993734656,negative,0.0035579899646743423
1271601169039790081,negative,0.2042517137896546
1271601169488646144,negative,0.00019984109669266473
1271601169945804802,neutral,0.5089004219517322
1271601170310725632,negative,0.13575285090972905
1271601170805657601,negative,0.26812582956602965
1271601171019464706,negative,0.01552788654488999
1271601171711643648,negative,0.3040949491800166
1271601172315504641,positive,0.684687678208344
1271601172487516160,negative,0.2892691579560957
1271601172567207938,negative,1.4282680352932503e-05
1271601174576324609,negative,0.0017087920244632216
1271601230012469248,neutral,0.46432849238051893
1271601230834515968,negative,0.1628976482749928
1271601231102910464,negative,0.01719004681774222
1271601231291613184,negative,0.00048559593649531447
1271601231325249541,negative,0.0001638883321062645
1271601231325265922,negative,0.03840564920058137
1271601232541442049,negative,0.05118602128311794
1271601233590210561,negative,0.3194594848544355
1271601234173198336,negative,2.126546506496971e-07
1271601234441453568,negative,0.20582928440525614
1271601234689081350,neutral,0.35451443008515343
1271601235221794818,negative,1.5535188661795936e-05
1271601236274556935,negative,0.04692282387135488
1271601237004374019,negative,0.0558885799001062
1271601237201485833,negative,0.004925997795644351
1271601237910327296,negative,0.0032959539639058986
1271601238421970944,negative,0.05368241837099004
1271601239059509248,negative,0.00019984109669266473
1271601239864815616,neutral,0.35759516094294297
1271601239936172032,neutral,0.4673421615500572
1271601240082993157,negative,0.0015425978250262452
1271601240183627778,negative,0.01552788654488999
1271601240598876162,negative,0.2296531174757447
1271601241869758466,negative,1.4282680352932503e-05
1271601242482135043,negative,1.1350598839742716e-07
1271601242494640128,positive,0.8501205417292643
1271601242876325888,negative,0.153059218693298
1271601242935042056,negative,1.4187975721925792e-05
1271601243069091842,negative,0.002395107361095619
1271601243362938881,negative,0.0023170344461177867
1271601243711045635,negative,0.3092554970748467
1271601244390514688,negative,0.006769110446710621
1271601244528877571,negative,0.00019984109669266473
1271601244759564293,negative,0.07570662255215949
1271601245246160897,positive,0.8116793128679421
1271601246609321985,negative,0.009391651134853483
1271601247959867392,negative,0.00024668772903998056
1271601249243197442,negative,0.30137086641175986
1271601249339793410,positive,0.7852565685776763
1271601249872310272,negative,0.0018756719863689262
1271601250581336064,neutral,0.4539808796773663
1271601251327893507,negative,0.08000202738784179
1271601252946841600,negative,0.01552788654488999
1271601253185990659,negative,3.99362702555458e-05
1271601254037426176,neutral,0.49789225920557484
1271601254632796160,negative,0.0005330289711396502
1271601254687522817,negative,0.20582928440525614
1271601254750273536,negative,0.01747022154546852
1271601255522189315,negative,0.06756897342989703
1271601256046485516,negative,0.024864435263177366
1271601256902033408,negative,0.014197905411499638
1271601257736740865,negative,0.05952519289747215
1271601257917173767,negative,0.0013876501219581817
1271601258567262214,negative,0.00014350272263410614
1271601259045363713,negative,0.00023882966192448517
1271601259762638848,negative,4.746971740986603e-05
1271601260479815683,positive,0.9999760538234272
1271601260685385730,neutral,0.473964753344039
1271601260798631937,negative,0.014426061374660001
1271601260865761280,negative,0.16181369063462486
1271601264409935873,negative,0.04862324935773125
1271601266469281793,negative,0.0694485464072126
1271601266716815366,negative,0.21399156164827163
1271601266724966400,negative,0.0006231497894395036
1271601266943279104,negative,0.013159089088344103
1271601267077505024,negative,0.025152324668022856
1271601267480109057,positive,0.8562852694896161
1271601268176412674,positive,0.9981969392803822
1271601269933826048,negative,0.001842031509920941
1271601271837876225,positive,0.684687678208344
1271601275558342656,negative,0.00019984109669266473
1271601275608510465,neutral,0.5089004219517322
1271601276271329281,negative,0.01552788654488999
1271601277668130816,negative,0.0017087920244632216
1271601278582472704,negative,0.02165593314797304
1271601280205676545,negative,0.00020227892693368282
1271601281145229312,negative,0.03416143747831388
1271601281157783553,negative,0.00020447728589009003
1271601281224839169,negative,0.00032985411978050987
1271601281556189184,negative,0.046484769731093445
1271601281686286344,negative,7.236773637704521e-08
1271601281824677889,negative,7.483302785379282e-06
1271601283288498177,negative,0.0006546793395808792
1271601284160917506,negative,0.1659980948950808
1271601284894859264,negative,0.004161670416173645
1271601286526296064,negative,0.01991638529144152
1271601286534873089,negative,0.0017829391413830135
1271601287277281281,negative,0.30276893072889394
1271601287780536321,negative,0.09594482611307516
1271601288669794304,neutral,0.35451443008515343
1271601288913063936,negative,0.13971399525614192
1271601289382760449,neutral,0.44196359691398207
1271601289819013120,negative,0.0005330289711396502
1271601290011906050,negative,0.021873131606606658
1271601290615939072,negative,0.01991638529144152
1271601291006017537,negative,0.06063761507262629
1271601291354009603,negative,0.006013999562242558
1271601291530207233,negative,0.0011024243332760665
1271601291786149888,negative,0.18734069158624306
1271601292872486915,negative,0.06330904016113874
1271601293925191682,negative,0.2872708586356819
1271601294516649984,positive,0.7626924096239935
1271601294952849409,negative,0.0023170344461177867
1271601295149936646,negative,0.0003430139905882077
1271601296005627906,negative,0.11572948827861469
1271601298048200704,negative,0.0071479933406052385
1271601298367021056,negative,9.804733896785132e-05
1271601299025428481,negative,0.01552788654488999
1271601299562340357,negative,0.12256942247852932
1271601300799655937,negative,0.2506301288813492
1271601301609017344,negative,5.470454804996148e-05
1271601302074732544,negative,0.00019984109669266473
1271601302393536512,negative,0.20582928440525614
1271601302519328768,negative,0.001842031509920941
1271601302548754438,negative,7.236773637704521e-08
1271601303899246592,negative,0.23972773971202263
1271601303949651969,negative,0.0032959539639058986
1271601304603889664,negative,0.3092554970748467
1271601305652428807,negative,0.03840564920058137
1271601306457608192,negative,0.01552788654488999
1271601307296530433,negative,0.0014534938976559968
1271601307476992000,negative,3.4756179013684414e-05
1271601307581919234,negative,0.002402106420951482
1271601309511278592,negative,1.4282680352932503e-05
1271601309775532033,negative,0.0002262406928320146
1271601311453249541,negative,0.06150549043266859
1271601311599824897,negative,0.0031973172051447687
1271601311637803010,neutral,0.35451443008515343
1271601311927152640,negative,0.0862585611122625
1271601312346574855,positive,0.9708641168379752
1271601314104070145,negative,0.00021323646588724418
1271601314573824000,neutral,0.6057095957011978
1271601316079468545,negative,0.015798264362928652
1271601316561854469,negative,0.010702010985477352
1271601316972892160,negative,0.00019984109669266473
1271601317493039111,negative,0.011134350509074709
1271601320491913217,negative,0.01552788654488999
1271601320965943298,negative,0.00019984109669266473
1271601321263673344,negative,8.755508846122947e-17
1271601322345861120,negative,0.010262982075273793
1271601323365056513,negative,0.0013883300640475228
1271601323411111947,neutral,0.5845058972105897
1271601323469914115,negative,0.00023882966192448517
1271601323981627393,negative,0.001145262049805479
1271601324451397632,negative,0.002151623854465394
1271601324610719745,negative,0.007092153093791144
1271601326020009984,negative,0.13548752557023483
1271601328029130753,negative,0.0003366071990679179
1271601328075288577,negative,0.0003567574044389488
1271601329262268416,positive,0.684687678208344
1271601330252111872,negative,0.0013883300640475228
1271601333330751494,negative,0.1893132010762119
1271601333343264769,negative,0.006726160116820655
1271601333829861386,negative,0.0003265186234567584
1271601335968940033,negative,0.0020420342704147664
1271601336140869632,neutral,0.5612455364836099
1271601336837124097,negative,0.1893132010762119
1271601337499869186,negative,0.00019984109669266473
1271601337613127680,neutral,0.379467591128643
1271601338204524552,negative,0.0054193948841475045
1271601338313576460,negative,0.009034882019401856
1271601339227922434,negative,0.010613013122005499
1271601340532158464,negative,6.675606633781987e-11
1271601340549148677,negative,3.262796994869556e-05
1271601341299937283,negative,0.06756897342989703
1271601342705012736,negative,0.19552563706121598
1271601343157977088,negative,0.00012572888224293848
1271601343246020609,negative,0.0011476103271417274
1271601344030232576,negative,0.03416143747831388
1271601344063909894,negative,0.008785892773347218
1271601344223350792,negative,0.04067150657767096
1271601344768544772,negative,5.2129639471231915e-14
1271601345955495936,negative,0.02268855345571849
1271601345959800833,negative,0.00019984109669266473
1271601347385851904,negative,0.05918601199261244
1271601348170178560,positive,0.9999485160034135
1271601348392386567,negative,7.785229346402584e-05
1271601348501319680,negative,0.00023210368265778503
1271601348828594177,negative,0.00571920047254871
1271601349243703297,negative,0.20582928440525614
1271601351655657473,neutral,0.38219604004117014
1271601351718469634,negative,0.001842031509920941
1271601353266208769,negative,1.8640813909346823e-13
1271601353647968261,negative,0.060490407011491755
1271601354079735808,negative,0.003879911221391625
1271601356411830275,negative,0.04251423792646359
1271601356755939329,negative,0.008598260800046817
1271601357540282369,negative,3.759814752818217e-05
1271601357712240640,negative,0.0016972596556582772
1271601358504894464,negative,1.8649498353071585e-05
1271601360627253250,negative,0.00019984109669266473
1271601361419931665,negative,0.0008971904738566657
1271601361692606464,neutral,0.35451443008515343
1271601363475148800,negative,3.759814752818217e-05
1271601365060669448,neutral,0.6582643402168333
1271601366180429833,negative,1.5936469852570445e-07
1271601367417794560,negative,0.08818161423987897
1271601367656914944,negative,0.021680170081307976
1271601367686283265,negative,0.01552788654488999
1271601368416083968,negative,0.0018070818348479318
1271601368638410752,neutral,0.5089004219517322
1271601369053564934,negative,0.023750114948028256
1271601370269986823,positive,0.8930674542781669
1271601371482066945,negative,0.32620683154629054
1271601372027387905,negative,0.08088527887921566
1271601372258058240,negative,0.0715162968018897
1271601373034024960,negative,0.007610397457833496
1271601373185015808,negative,0.00010338679440685032
1271601373327622144,negative,0.0077562207770218855
1271601374191652867,negative,0.00011341912160628809
1271601374619488256,negative,0.00030498720154535115
1271601374787244034,negative,0.020627302555158277
1271601375085019146,neutral,0.35451443008515343
1271601375777095681,negative,0.002395107361095619
1271601376200724482,negative,0.0002833791535977362
1271601376284549120,negative,0.000132376457949845
1271601376871809024,negative,1.3187410708117482e-06
1271601377219940352,negative,0.002196176783496412
1271601377895165952,positive,0.9983075352990961
1271601378440421384,negative,0.21451115414557062
1271601379015090177,negative,0.23699778876372793
1271601379371409408,negative,0.20479322039951375
1271601380076249088,negative,4.173231022196117e-07
1271601380675985409,negative,0.04251423792646359
1271601381246480386,negative,0.00019984109669266473
1271601381762314246,negative,0.22569592930048585
1271601382118658048,negative,0.25095109259636633
1271601382915805190,positive,0.9954358158977953
1271601433394270209,negative,0.01719004681774222
1271601433951993856,negative,0.30276893072889394
1271601434367320064,negative,0.01879425341181135
1271601434589573122,negative,0.046484769731093445
1271601434786697216,negative,0.0017087920244632216
1271601435352989696,negative,0.001842031509920941
1271601436770566147,negative,0.0005330289711396502
1271601437148172293,negative,0.011943988531122109
1271601437999599617,negative,0.014526732885400169
1271601438209257481,negative,0.015218701913533757
1271601438494535680,negative,0.033803405357086515
1271601438834204678,negative,0.00019984109669266473
1271601440449052673,negative,0.005440676116484176
1271601440918626304,negative,0.06770876476806173
1271601442000863236,negative,0.00020447728589009003
1271601443615670281,negative,0.00014698153556440456
1271601444798545921,negative,6.4195018668993e-07
1271601445414920192,neutral,0.33758533303423804
1271601446321098758,neutral,0.3542215593441729
1271601446493052931,negative,0.0017087920244632216
1271601447013101568,neutral,0.6582643402168333
1271601447411560448,negative,0.00012217046157678453
1271601447579160576,neutral,0.4744007417802897
1271601447822594050,negative,2.6965131982658553e-05
1271601450003685379,negative,3.262796994869556e-05
1271601450075009025,negative,1.3336992026017714e-05
1271601450188070913,negative,0.12200505096217465
1271601450532077568,negative,0.013635045235059647
1271601450561556480,negative,0.1312875803368009
1271601450947411968,negative,6.4675117100569094e-06
1271601451094216706,negative,0.1270875250081474
1271601453614972930,negative,6.113368402411272e-06
1271601453820510209,negative,0.002395107361095619
1271601453828890628,negative,0.004586907188674905
1271601454177046530,negative,0.06605402230179933
1271601454885875713,negative,0.02219462288414203
1271601455791775746,negative,0.16841729920146856
1271601456878141440,negative,0.2587269077235342
1271601457838592001,negative,1.0959355209039085e-06
1271601458014826503,negative,1.4187975721925792e-05
1271601458027225088,negative,0.3045199532120566
1271601459134705664,negative,0.03283947982858986
1271601459705020416,negative,0.05933952813602016
1271601460179095555,positive,0.9983075352990961
1271601461080854529,negative,0.0007580173523928184
1271601461345034240,negative,1.804735369742081e-07
1271601461525467141,negative,1.5535188661795936e-05
1271601461546319872,negative,0.0015425978250262452
1271601462070607872,negative,0.0017087920244632216
1271601462456565761,negative,0.007932345909550137
1271601463240863745,neutral,0.6313169041010963
1271601463316414464,negative,2.236867053465882e-05
1271601463530328064,negative,0.1473005753130234
1271601464570454017,negative,0.0071479933406052385
1271601464767664128,negative,0.3092554970748467
1271601464926965761,negative,2.6285884467849824e-05
1271601466764144642,negative,0.26380686187630403
1271601467611365377,neutral,0.3385252644667176
1271601467917508611,negative,0.00029286184369080933
1271601469813403654,negative,0.26812582956602965
1271601470715166721,positive,0.8364860004538318
1271601470912094208,neutral,0.4348589661609955
1271601470941601799,negative,0.014269482128165879
1271601471499448320,negative,0.07233377395973335
1271601473575628802,negative,4.959652780143534e-13
1271601476469690369,negative,0.0744583002214503
1271601477530923013,negative,0.0343344030699872
1271601479670005763,negative,0.014526732885400169
1271601479879712768,negative,0.3040949491800166
1271601480156446720,negative,1.3763511698004373e-13
1271601480374431744,negative,0.014593545946370199
1271601481540612096,neutral,0.5844660558927414
1271601481658109957,negative,0.0006231497894395036
1271601482727645184,negative,0.19753827322328846
1271601483092500489,negative,0.00011341912160628809
1271601483230916611,negative,0.03840564920058137
1271601484530987009,negative,0.014129542994769427
1271601484682031106,negative,0.03695208748753567
1271601485026152448,negative,0.04251423792646359
1271601485055504391,neutral,0.4274047939449264
1271601485768544256,negative,0.22837458946902603
1271601486451990532,negative,0.06361169162130391
1271601487454466049,negative,7.4245118523860006e-06
1271601487517552643,negative,0.0007030267048519969
1271601487731470337,negative,0.006726160116820655
1271601488003915786,negative,0.00204167288408541
1271601488322797568,negative,0.004064997097985472
1271601488633253888,negative,0.004393708458221603
1271601488792518659,neutral,0.6582643402168333
1271601489421701125,positive,0.8883983257081591
1271601489446830080,negative,2.8221381607743185e-06
1271601489493008385,negative,0.00019984109669266473
1271601490004590592,negative,0.023635102279001126
1271601490017374209,negative,0.3040949491800166
1271601490726174720,negative,0.0003436678667977889
1271601491938328576,negative,0.16181369063462486
1271601492181516295,negative,0.2116342426238279
1271601492273893376,negative,0.012552839472727178
1271601492542345216,neutral,0.4496597994525201
1271601494450745344,negative,0.01879425341181135
1271601495008587777,positive,0.9999760538234272
1271601495201533953,negative,0.28421272257404057
1271601497885880320,negative,0.00045796606997158796
1271601497894256641,negative,0.0013883300640475228
1271601498883932163,negative,0.15894838135266348
1271601499861397504,negative,1.4282680352932503e-05
1271601500276523014,neutral,0.4986480287086785
1271601500381417472,negative,0.0032959539639058986
1271601501585248257,negative,1.0722619500092419e-09
1271601501736181761,negative,0.0035086157928735763
1271601502038212609,negative,4.810043670435335e-05
1271601502080192518,negative,0.00020668616896487088
1271601502088564738,negative,0.20695132830432936
1271601502201790471,negative,0.00010338679440685032
1271601503011319811,neutral,0.35451443008515343
1271601503313301504,negative,0.00020447728589009003
1271601503615188995,negative,0.06756897342989703
1271601504005341184,negative,0.014526732885400169
1271601504273694734,negative,0.014526732885400169
1271601504684838912,negative,0.23275997761612227
1271601504894451713,negative,0.0009998132630746103
1271601505079037952,negative,0.00016397075895749168
1271601505573965825,negative,0.00019984109669266473
1271601506622541825,negative,0.11406473752433555
1271601507658543104,negative,0.01552788654488999
1271601508254187521,negative,0.07275991195125503
1271601509004988423,negative,0.20582928440525614
1271601509550231552,negative,0.2367857765170704
1271601510149951488,negative,0.00023882966192448517
1271601511383121920,negative,0.3009753754252726
1271601512318410753,negative,0.00011341912160628809
1271601512318488576,negative,0.3092554970748467
1271601512498835459,negative,0.0009028042954317648
1271601513861984256,negative,0.0018538103078512423
1271601514344337408,negative,0.07802105340640744
1271601515363479554,negative,0.026343474101416582
1271601515527094272,negative,0.3092554970748467
1271601515946479616,negative,0.03840564920058137
1271601516529487872,negative,0.023960019884244264
1271601517083144192,negative,0.26812582956602965
1271601517188067331,negative,0.0002207216881686612
1271601517288660992,negative,0.06539839311658209
1271601517393567744,negative,0.012382999241659877
1271601517674594305,negative,0.03075476425039545
1271601517749915648,negative,0.01719004681774222
1271601518475538434,negative,0.19552563706121598
1271601518823845888,negative,0.00034248550143086077
1271601518853095427,neutral,0.35451443008515343
1271601519767494658,positive,0.9983075352990961
1271601519998021632,negative,0.18684817000425838
1271601520518160386,positive,0.878708708309711
1271601521214578688,negative,0.001842031509920941
1271601521571004416,negative,0.22875236496733742
1271601521873031169,negative,0.01552788654488999
1271601523076870144,negative,0.01552788654488999
1271601523609538566,negative,0.2724388926224287
1271601524683214849,negative,0.12335699992625365
1271601525060546560,negative,0.08818161423987897
1271601525924691971,negative,0.000859651230939332
1271601526717452288,negative,7.236773637704521e-08
1271601527057256449,negative,0.09629898425341812
1271601527107526661,negative,0.037923919074804614
1271601528319741954,neutral,0.6046767845999406
1271601528579788800,negative,0.01084482165321172
1271601529984823296,negative,0.01088093301637732
1271601530823639040,negative,0.032534292572803714
1271601530865623042,negative,0.04251423792646359
1271601531218022406,neutral,0.40506534230917196
1271601531255750658,negative,0.0694485464072126
1271601531666792450,negative,0.00016406528310906142
1271601532199411712,negative,0.021873131606606658
1271601532711120896,negative,0.2781648067018724
1271601533080276994,negative,0.060490407011491755
1271601533398814720,negative,0.0007248860944721059
1271601533826842625,negative,1.0863239990120009e-05
1271601533944164352,negative,0.07841359574196761
1271601534036586497,negative,0.08000202738784179
1271601534221070336,negative,0.19723385215279404
1271601534535516160,negative,0.0006231497894395036
1271601534611197953,negative,0.2367857765170704
1271601535408095233,positive,0.9999760538234272
1271601536024621056,negative,0.001356058025427754
1271601536163078144,negative,0.00019984109669266473
1271601536595046401,negative,2.4947759712756835e-07
1271601537777795072,negative,6.113368402411272e-06
1271601538407043072,negative,0.2013198904030459
1271601539333963776,negative,0.10423818545837245
1271601540453871616,negative,0.02428248049254861
1271601541670227968,negative,0.1324077874297826
1271601541963812866,negative,2.0299127505750014e-05
1271601542970454016,negative,0.0008737865427384384
1271601543876411396,negative,1.8640813909346823e-13
1271601543960317952,negative,2.247260680282803e-05
1271601544065138689,negative,0.00019984109669266473
1271601545210183682,negative,0.020985670651917962
1271601545273126912,negative,0.00019984109669266473
1271601546476883969,negative,0.054994079140349234
1271601547164647424,negative,0.010175215934936959
1271601548746010630,negative,0.12223370080603098
1271601548905213952,negative,0.19552563706121598
1271601549039501312,negative,0.25472943918112745
1271601549173719043,negative,0.1639199214478211
1271601549232480258,negative,0.00019984109669266473
1271601549534531585,negative,1.6802228272226421e-06
1271601549580685313,negative,9.696006304944629e-06
1271601550943760384,negative,0.05186626199945408
1271601551207849984,negative,0.0017058580464821363
1271601551405129729,negative,0.052784929460943056
1271601553435213824,negative,0.0018846546932631172
1271601555440128000,negative,0.05610309040052827
1271601555578519552,negative,0.0003961453013717242
1271601555788238850,negative,0.0010647366977811932
1271601556278870017,negative,2.4947759712756835e-07
1271601556979429382,neutral,0.5981268553141355
1271601557214244865,negative,1.943371050389212e-07
1271601557667274752,neutral,0.5710279180665347
1271601557830799361,negative,9.11530616152658e-07
1271601558422159363,negative,0.01069809144889031
1271601558803877888,neutral,0.5502668836499605
1271601559391006720,neutral,0.5722751070188389
1271601559919562752,negative,0.0020420342704147664
1271601560208969730,negative,0.016878342473724942
1271601560519348224,negative,0.23699778876372793
1271601560754282496,negative,1.4187975721925792e-05
1271601560833925120,negative,7.463983136707135e-05
1271601562394165249,negative,0.04067150657767096
1271601562696196100,negative,0.002000034493239567
1271601562759106562,negative,0.018800517754607393
1271601562851434497,negative,0.0009028042954317648
1271601563023310848,positive,0.8227118448470228
1271601563350585346,negative,0.006293327213538216
1271601565023956992,negative,0.015975424002949934
1271601565175099392,negative,0.05610309040052827
1271601566659870720,negative,0.21618983523893978
1271601566848450560,negative,0.0744280051800933
1271601567024558081,negative,0.0744280051800933
1271601567062515713,positive,0.9999760538234272
1271601567318323200,negative,2.3505716506293385e-12
1271601567507140609,negative,8.085540355084972e-05
1271601568622817281,neutral,0.46838778093762407
1271601569952419840,negative,0.0005330289711396502
1271601570434564097,negative,0.0037192924802589146
1271601570866532352,positive,0.8683584104549097
1271601572410208256,negative,0.1523407658963084
1271601572691279873,negative,0.00023882966192448517
1271601573693546497,negative,0.12725098133623503
1271601573714518016,negative,0.01552788654488999
1271601575283372032,negative,0.02428248049254861
1271601575396610048,negative,0.0017595955858337225
1271601575493058561,negative,0.1324816480086517
1271601576256380930,positive,0.878708708309711
1271601577724465153,neutral,0.35451443008515343
1271601579045593088,negative,0.00017014637511765648
1271601580501065728,negative,0.23931610713210247
1271601580735819777,negative,0.01552788654488999
1271601582552072202,negative,0.00014366832072015785
1271601582908440576,negative,0.060490407011491755
1271601583130734593,negative,0.029605347622780845
1271601583315451904,negative,0.3040949491800166
1271601583625605120,positive,0.7287928412293937
1271601583831343106,negative,0.01552788654488999
1271601584024125440,positive,0.684687678208344
1271601584531574784,negative,0.00011991444321177718
1271604047045447680,negative,0.0046468232395230165
1271604048534351874,negative,0.002395107361095619
1271604049033510918,negative,0.0021990324893014007
1271604050203680770,negative,0.16666757311699068
1271604051541622786,neutral,0.35451443008515343
1271604052158111744,neutral,0.33677065988963156
1271604052439302145,positive,0.987243173798857
1271604053563277313,negative,0.027532586259180133
1271604053668171776,negative,0.018263572970062283
1271604053852803073,negative,0.0022591967940225888
1271604054238650368,negative,0.0023170344461177867
1271604054251225088,negative,1.747114677494974e-05
1271604054960025605,negative,0.0002833791535977362
1271604055182323712,negative,0.0020109628808810905
1271604055845023746,negative,0.03772461755890129
1271604057233338369,negative,0.2764156917168689
1271604057568927746,negative,0.0010940957862054135
1271604058244202498,negative,0.026844430132098973
1271604059250851840,negative,0.0006018679628487836
1271604059661897732,negative,0.20582928440525614
1271604059712237569,positive,0.9034856567954894
1271604061532454913,positive,0.8562852694896161
1271604061532565505,negative,0.05610309040052827
1271604061641588743,negative,0.054036936668965134
1271604062878945282,negative,0.05610309040052827
1271604063029903360,negative,0.22666339588475556
1271604063042445312,negative,0.007012448520741336
1271604063117991936,negative,0.10499275426788209
1271604064732749824,negative,3.778821437650622e-11
1271604065181618181,negative,0.0694485464072126
1271604066985050112,negative,0.1628976482749928
1271604067253567491,negative,0.22513179180885018
1271604068113408001,neutral,0.611833685293675
1271604068784336896,negative,0.0011476103271417274
1271604070449586177,negative,7.236773637704521e-08
1271604070789165057,negative,0.0006231497894395036
1271604071716265985,negative,0.12223370080603098
1271604072135577600,neutral,0.5089004219517322
1271604072576102401,negative,0.026149726472829888
1271604072592936961,negative,0.0017087920244632216
1271604074899820544,negative,0.25318237069832455
1271604075675758592,negative,0.03840564920058137
1271604076074225667,negative,0.1735162678381825
1271604077114392576,negative,0.3040949491800166
1271604077584158720,negative,0.030346777880785502
1271604079362551808,negative,0.018226558976197797
1271604079832305664,negative,0.00011341912160628809
1271604081149325314,negative,0.00028133969113704064
1271604081463869441,negative,1.7410655077625368e-06
1271604082420207617,negative,0.07638420358625374
1271604082822787073,negative,0.00019984109669266473
1271604082910924806,negative,0.014426061374660001
1271604083191885824,negative,0.07638420358625374
1271604083414183936,neutral,0.33113200015936756
1271604083992952832,negative,0.060490407011491755
1271604084236263425,negative,0.018358367989957432
1271604084441780225,negative,0.01879425341181135
1271604084446019586,negative,0.012990095621005317
1271604084752044032,negative,0.0016040571454872669
1271604087906156546,negative,0.007012448520741336
1271604088573169669,negative,0.0005330289711396502
1271604089663692800,negative,0.0028756081852582644
1271604090229927936,negative,0.029221171854788907
1271604091576295425,negative,0.006769110446710621
1271604091647594496,negative,0.05368241837099004
1271604094394748928,negative,0.00048559593649531447
1271604094478802951,negative,0.1735162678381825
1271604094885650433,negative,0.02428248049254861
1271604095447638017,negative,0.24257369881389068
1271604095707754502,negative,0.18566497071022464
1271604096794066944,negative,0.004393708458221603
1271604096827621376,negative,0.22666339588475556
1271604097129549824,negative,0.014197905411499638
1271604097603506178,negative,0.0002833791535977362
1271604097960083457,negative,0.018263572970062283
1271604098178007041,negative,0.30276893072889394
1271604099604189185,negative,0.05118602128311794
1271604101009342464,negative,0.02428248049254861
1271604102439604226,negative,0.09945672729231445
1271604102833868800,negative,0.3040949491800166
1271604102871556096,negative,0.04251423792646359
1271604103278460928,negative,0.0016040571454872669
1271604103458807810,negative,0.0029201318203805303
1271604103551090688,negative,0.12391341008231757
1271604104301809666,negative,0.0021166407788814462
1271604104327020546,positive,0.8395385766829319
1271604104721244166,neutral,0.3485752753154611
1271604104851324928,negative,0.0006361226716943459
1271604105887330304,negative,0.0041262470970027925
1271604106155765760,negative,5.937731586024009e-05
1271604106432581632,negative,9.11530616152658e-07
1271604106856144896,positive,0.7434250697065227
1271604106944266242,negative,0.20582928440525614
1271604107233673216,negative,0.24231408116687433
1271604107258875904,negative,0.00046762197326962054
1271604107565031425,negative,0.1256518955108437
1271604108659695616,negative,5.979475878198159e-05
1271604108890443776,negative,0.15215386959612018
1271604110421364742,negative,0.00010249164189079287
1271604110522044417,negative,0.06492380256797402
1271604112052846592,negative,0.05599074932229159
1271604112233283584,negative,6.565894813324051e-05
1271604112380100615,negative,0.013722089811662992
1271604112522690560,negative,0.03980030593590898
1271604112958857216,negative,0.3092554970748467
1271604113994809346,negative,0.25047141985858384
1271604114452033538,negative,0.02428248049254861
1271604114779144193,negative,0.16841729920146856
1271604115685216258,negative,0.00046762197326962054
1271604116180041729,neutral,0.47760839526369675
1271604117622964229,negative,1.5535188661795936e-05
1271604117677445126,negative,0.03416143747831388
1271604117929148418,negative,0.0033741729391828213
1271604119879536641,negative,0.0012960215112498411
1271604120361762817,negative,7.463983136707135e-05
1271604120869376002,negative,0.30466741446153434
1271604120877760513,neutral,0.4971524632307937
1271604120907132928,negative,0.10921866545018166
1271604121229983744,negative,0.0650454430085005
1271604122060554240,negative,0.0005664754589600321
1271604122459004935,negative,0.005667878122085793
1271604123188822016,negative,4.429079122840152e-13
1271604123553718274,negative,9.049908296075811e-07
1271604123847340034,neutral,0.6582643402168333
1271604123872497665,positive,0.6630699652177434
1271604124212232192,neutral,0.46127768308170247
1271604124518359046,negative,0.1256518955108437
1271604124631486465,negative,0.003955981670299839
1271604125315338241,negative,1.1380282236046008e-06
1271604125717929984,negative,0.1735162678381825
1271604126217113610,negative,0.007178443606498532
1271604127890575360,negative,0.0376149828330972
1271604128859525120,negative,0.001029383296188527
1271604128880435201,negative,0.0002833791535977362
1271604128985362433,negative,2.246716534748429e-07
1271604129127976965,negative,0.03457292515678232
1271604129467686913,positive,0.9980816436675186
1271604130356826113,negative,0.011687571099399352
1271604131560595458,negative,1.5804032492840705e-06
1271604132177158144,negative,0.024573085558803692
1271604133246746624,negative,0.1256518955108437
1271604133699739649,negative,0.00033486341501223456
1271604135633321985,negative,0.18890365927011651
1271604136899776513,negative,0.0014691720074647087
1271604138237997056,negative,1.5535188661795936e-05
1271604138300919808,negative,0.046484769731093445
1271604138783186944,negative,0.22707567550596763
1271604139689152514,negative,0.1045928262520695
1271604140532215809,negative,0.1628976482749928
1271604140716654592,negative,0.03695208748753567
1271604141522026499,negative,0.21630055314231794
1271604142289625089,negative,0.0002615687323407889
1271604142306463744,negative,0.01879425341181135
1271604142360997888,negative,0.10607500870368694
1271604142449012736,negative,0.002395107361095619
1271604143648641024,negative,3.4514516728995087e-09
1271604143661223946,negative,0.010980562069043645
1271604143849791488,negative,0.0006018679628487836
1271604146098130946,negative,0.3155990631147836
1271604147096256512,negative,0.024864435263177366
1271604147348017164,negative,0.0023170344461177867
1271604147465248768,negative,0.0005330289711396502
1271604147650015233,negative,4.306354617242347e-05
1271604147918458885,negative,0.1683876859261627
1271604148111380480,negative,7.463983136707135e-05
1271604148534947843,negative,0.1735162678381825
1271604150753619970,negative,2.2246938039987137e-07
1271604151756226560,negative,0.13790693520282393
1271604152670588928,negative,4.392397221900177e-05
1271604153723338755,negative,0.3092554970748467
1271604154251849728,negative,0.30466741446153434
1271604253153517574,negative,0.018263572970062283
1271604253417787395,negative,2.5829964484970995e-07
1271604253526831105,negative,0.021603191415718308
1271604254176878593,negative,0.01552788654488999
1271604254600560641,negative,0.00019984109669266473
1271604255053557761,neutral,0.42094365922674676
1271604255728828416,negative,3.1967562606611574e-05
1271604256261505025,negative,3.1211771605406277e-07
1271604257301684225,negative,0.15282060284122093
1271604257981169665,negative,0.25318237069832455
1271604259738583041,negative,0.009225526820805012
1271604260103479298,neutral,0.3471587350631319
1271604260191363072,positive,0.684687678208344
1271604260472590342,negative,2.2495314607709465e-09
1271604260602609664,negative,0.00019984109669266473
1271604262259351552,negative,0.01552788654488999
1271604262276038656,negative,0.0028290501498071208
1271604262359965696,negative,0.11782606818104656
1271604262724874240,negative,0.0013876501219581817
1271604262808715268,negative,6.236105015602125e-07
1271604263010160641,negative,0.059253725748064805
1271604263517593600,negative,0.018263572970062283
1271604263664443393,negative,0.0077562207770218855
1271604264746594304,negative,0.00033777355552436797
1271604266487164929,negative,0.22513179180885018
1271604266789228545,negative,0.0006231497894395036
1271604268173340672,negative,0.01552788654488999
1271604268269572099,negative,0.01552788654488999
1271604268668248065,neutral,0.6307931538341343
1271604269129650177,neutral,0.4722942286818113
1271604269293146113,neutral,0.47760839526369675
1271604270715023366,negative,0.028671578439051198
1271604270744383488,negative,0.004700855434022282
1271604271121944578,negative,0.004652211087400809
1271604271893680128,negative,0.07802105340640744
1271604272111575040,negative,0.0023170344461177867
1271604272585756672,negative,3.262796994869556e-05
1271604272824647681,negative,0.001842031509920941
1271604272971624449,negative,0.0008132956777704911
1271604273181163522,negative,0.0011476103271417274
1271604274200342528,positive,0.9954358158977953
1271604274707996674,positive,0.9986783298620188
1271604274875809793,negative,0.05610309040052827
1271604275261644800,negative,0.001842031509920941
1271604275584667648,negative,0.010702010985477352
1271604276247347200,negative,0.10514682965803585
1271604276301791238,negative,6.294110908670803e-07
1271604276444508160,negative,0.10372375080713163
1271604276675186689,negative,0.012134753881449037
1271604277010669569,negative,0.0010544497805837873
1271604277178400769,negative,0.028786362617285535
1271604277203664897,negative,0.01552788654488999
1271604277379764228,negative,0.0013883300640475228
1271604277455142913,negative,8.85405725728845e-06
1271604277664866304,negative,0.04098641668922148
1271604278587789313,negative,5.979475878198159e-05
1271604280663908353,negative,4.311407577499894e-05
1271604281322409985,negative,6.692575023569774e-05
1271604282480037889,negative,0.32473803576341426
1271604284363341824,negative,0.3092554970748467
1271604285336440832,negative,0.0002652453948296373
1271604285449666560,negative,5.2203950227212875e-05
1271604285550342144,negative,8.809804920587487e-06
1271604286972190721,neutral,0.35451443008515343
1271604287576080387,negative,0.0007580173523928184
1271604287907540994,negative,0.006952749356235636
1271604287982927873,negative,0.06330904016113874
1271604288477896704,negative,0.06138095024089372
1271604289522278400,negative,0.25318237069832455
1271604290038218752,negative,0.001842031509920941
1271604290084364289,negative,0.012134753881449037
1271604290705068041,negative,0.03840564920058137
1271604291145433089,neutral,0.5495922250151081
1271604292974247937,positive,0.6643661041507587
1271604293242548224,negative,0.0011476103271417274
1271604293657931776,negative,0.3040949491800166
1271604294249218048,neutral,0.6582643402168333
1271604294391934976,negative,0.0005194455109160785
1271604294668746754,negative,0.03840564920058137
1271604294979072000,negative,1.4282680352932503e-05
1271604295092273152,negative,0.00033777355552436797
1271604297357307909,negative,0.0036932642609722286
1271604297487265792,negative,0.1735162678381825
1271604298766417920,negative,0.01719004681774222
1271604298774962176,negative,0.00019984109669266473
1271604298909024257,negative,0.0003119392445729173
1271604299626434560,negative,0.048486621073263604
1271604300591005697,negative,1.2338335542551253e-05
1271604301702578177,negative,9.11530616152658e-07
1271604303057358848,neutral,0.33758533303423804
1271604303409668096,negative,0.003160127804428426
1271604308283400198,negative,0.001442080609872342
1271604308736385026,negative,0.2847093328097419
1271604308920819713,negative,0.001842031509920941
1271604309537456131,negative,0.00041279808053524723
1271604309671792640,negative,1.4282680352932503e-05
1271604310204248065,neutral,0.3448013705982636
1271604310661632000,negative,0.01394224286192618
1271604311286562818,negative,0.06461648900837311
1271604312188354567,negative,0.01552788654488999
1271604313614417920,negative,0.0006231497894395036
1271604313882836993,negative,0.0005629299174020448
1271604314369339392,negative,0.28421272257404057
1271604314730094592,negative,0.13971399525614192
1271604314843291649,neutral,0.42507619662732005
1271604315283734528,negative,0.00010915205205687377
1271604316483268608,negative,0.00048559593649531447
1271604316856414209,negative,0.012134753881449037
1271604320157306880,negative,0.0022480160405335303
1271604321264848901,negative,0.21835815008163306
1271604322300813315,negative,0.001842031509920941
1271604322695098368,negative,0.0023336165182730995
1271604322992865286,negative,0.002725002203141971
1271604324037206017,negative,0.03522801978430889
1271604324158889984,negative,0.17035267952243013
1271604324305645568,negative,0.0008550819257118599
1271604325471719424,negative,0.0013876501219581817
1271604327434473472,negative,0.03377850249797531
1271604327694479361,neutral,0.3566313625838256
1271604328952987650,negative,0.03416143747831388
1271604329468829697,negative,0.138094518987045
1271604329720565760,negative,0.07416391067742945
1271604332815880193,negative,0.0006231497894395036
1271604333142896640,negative,0.20582928440525614
1271604333419941889,negative,0.0008145458072673966
1271604333977747456,negative,0.27069839133778073
1271604334040698881,negative,0.0006428362277032057
1271604335454150656,negative,0.004345661502062062
1271604336095789056,negative,2.219612982464299e-09
1271604336141971463,negative,0.01359383100391454
1271604336158806020,positive,0.8432688888049942
1271604336733360129,negative,0.3040949491800166
1271604337215668225,positive,0.878708708309711
1271604338180460546,negative,0.3040949491800166
1271604339229032448,negative,0.00011341912160628809
1271604340436983811,negative,4.50491123474092e-05
1271604340596375553,negative,0.0023336165182730995
1271604341141577730,negative,0.26812582956602965
1271604341795741696,negative,0.0023170344461177867
1271604341988868107,negative,0.00019984109669266473
1271604342215368704,negative,0.012134753881449037
1271604344211804160,negative,8.254324991715455e-06
1271604344463544321,negative,0.0027539257492577656
1271604345105272833,negative,0.01552788654488999
1271604345566646272,negative,5.0224454011484456e-08
1271604346019622912,negative,0.005911592286293773
1271604346191478785,negative,2.5829035532470158e-12
1271604348141928449,neutral,0.47062690198552487
1271604348771074049,negative,0.0869493192144862
1271604349144358913,positive,0.9996526678408445
1271604349295304705,negative,0.02428248049254861
1271604350805295105,neutral,0.47062690198552487
1271604351228936192,negative,0.002395107361095619
1271604351312617472,negative,0.001842031509920941
1271604352285736960,negative,0.01621104864267569
1271604352382373888,negative,0.0026899530008048685
1271604352826867712,negative,0.0007809020524228805
1271604353124753408,negative,0.02428248049254861
1271604448557699072,negative,0.20856957026903136
1271604450969268225,negative,0.0013381836151095696
1271604452013879296,negative,0.0319832305431049
1271604452248649729,negative,0.0015425978250262452
1271604453205061635,negative,0.1628976482749928
1271604453234393090,negative,0.00019984109669266473
1271604453473476609,negative,0.0010124928719095897
1271604453720969216,negative,0.00019984109669266473
1271604454417223680,neutral,0.5403215508489412
1271604456132657158,negative,0.029487089149967956
1271604457298694145,negative,0.02003134261650945
1271604457869062144,negative,0.20582928440525614
1271604458737348612,negative,0.07940854830408897
1271604459311976448,negative,0.027617220541364316
1271604459718815744,negative,0.00039100417992825234
1271604459978797067,positive,0.8674763676925706
1271604460909985793,negative,0.04406196954971862
1271604461178421249,negative,0.03840564920058137
1271604461597798400,negative,0.0010574439661692945
1271604461601820673,negative,3.0373461343041953e-05
1271604461979471872,negative,3.262796994869556e-05
1271604462700953602,negative,0.013722089811662992
1271604463241920515,neutral,0.6582643402168333
1271604463636226050,negative,0.05368241837099004
1271604464311468033,negative,0.001899703164678399
1271604464710017026,negative,0.04015011988847008
1271604465112621057,negative,0.12442926070494024
1271604465167208448,neutral,0.5495922250151081
1271604465586573314,negative,0.3092554970748467
1271604466450563073,negative,0.0018872397992757413
1271604467037847553,negative,1.45804774138236e-06
1271604467251716097,negative,1.9565718695786653e-06
1271604467696390145,neutral,0.46127768308170247
1271604468115783681,negative,0.014426061374660001
1271604469013217281,negative,0.020575742157051907
1271604470057783296,negative,0.30466741446153434
1271604471131504640,negative,2.9350537825939154e-05
1271604472146472961,negative,0.0029222022920998556
1271604472305811457,negative,0.0011476103271417274
1271604473161371648,negative,0.13819880381372895
1271604474126061569,negative,0.01552788654488999
1271604474218455040,positive,0.7085568967440061
1271604474411450370,negative,0.024573085558803692
1271604474713378816,negative,0.0014534938976559968
1271604474923167749,positive,0.8364860004538318
1271604475850108930,negative,0.24090856102309163
1271604476017852416,negative,0.001520295622973786
1271604476097552390,negative,4.979386744023943e-07
1271604477200482306,negative,0.012134753881449037
1271604478123421701,negative,0.03377850249797531
1271604478899367939,negative,0.0020093435034387666
1271604479201349632,neutral,0.5032628910420979
1271604480254107649,negative,0.00020557317543558066
1271604480962899969,neutral,0.35451443008515343
1271604480983916545,negative,0.011639155442711917
1271604481663201281,negative,0.0018656780513818523
1271604482200211456,negative,1.4282680352932503e-05
1271604482774896640,negative,0.01552788654488999
1271604483332747264,negative,0.018263572970062283
1271604483534065673,negative,0.00019984109669266473
1271604484238704640,negative,0.0032959539639058986
1271604485215969280,negative,0.00019984109669266473
1271604485354336261,negative,0.3040949491800166
1271604485723426818,negative,4.076775671873651e-05
1271604486247677954,neutral,0.45715098558588957
1271604486327369728,negative,0.013348698696640422
1271604486377803779,negative,0.00010338679440685032
1271604487023661056,negative,0.01552788654488999
1271604487149453312,negative,0.05747295298460584
1271604487229243394,negative,0.025152324668022856
1271604487350779904,negative,0.001842031509920941
1271604487946461185,negative,0.006298135712823486
1271604488848248834,negative,0.012134753881449037
1271604489280204800,positive,0.9999760538234272
1271604490706341888,negative,0.0052481037657638166
1271604490865704966,negative,0.00016252578873958754
1271604491033497607,negative,0.0015253453202676175
1271604491318689794,negative,0.144067985834482
1271604491335479297,negative,0.007816173043045015
1271604491868086272,negative,0.25318237069832455
1271604492673351681,negative,0.0005629299174020448
1271604492673433603,negative,0.001842031509920941
1271604492837040128,negative,5.979475878198159e-05
1271604494023917568,negative,0.00019328371730703794
1271604495441633280,negative,0.008744681865972517
1271604497421385728,negative,5.478956406880323e-05
1271604498562236416,negative,0.00019984109669266473
1271604498830635009,negative,0.0033819350415423017
1271604498897743873,negative,0.13721847696827208
1271604499375775744,negative,0.001949872938021535
1271604499828944907,negative,0.0013883300640475228
1271604500080533512,negative,0.005876610640757575
1271604500453867521,negative,0.001180684714139007
1271604501250793474,negative,0.007892749859270635
1271604501259190272,negative,0.0011476103271417274
1271604502286807041,negative,0.049625321015014164
1271604502596972545,negative,7.336055119111281e-05
1271604502811025408,negative,0.3092554970748467
1271604503188516866,negative,0.06756897342989703
1271604504203591680,negative,0.06150549043266859
1271604504337813505,neutral,0.46838778093762407
1271604505273122816,negative,0.025423849341311082
1271604505856090116,negative,4.1284410078582785e-06
1271604506522980352,negative,0.3092554970748467
1271604506543960064,negative,0.018263572970062283
1271604507017912320,positive,0.8364860004538318
1271604507747778560,neutral,0.5394746130306876
1271604508284551171,negative,0.030346777880785502
1271604508909539334,negative,0.15402851870130246
1271604509140230144,negative,6.896636161813786e-07
1271604509177974788,negative,0.001434014285679213
1271604509329014784,negative,0.013318024859268971
1271604509559619584,negative,0.04502887320898077
1271604509735653377,negative,0.015686613719952548
1271604510063046669,negative,3.7101401360841924e-05
1271604510843121664,negative,0.002402106420951482
1271604511350628353,negative,0.017711612438931844
1271604513082880003,negative,3.400406137923838e-05
1271604513124823040,neutral,0.45539778705163764
1271604513263226880,negative,0.0006130522178358414
1271604513271623680,positive,0.7493271088277749
1271604513334415361,negative,6.236105015602125e-07
1271604513347174401,negative,0.021873131606606658
1271604513590267904,negative,0.04251423792646359
1271604513917620225,negative,0.25809633703857343
1271604513930084352,negative,0.012134753881449037
1271604514513014789,negative,0.2060412248188657
1271604514601271298,neutral,0.46855883295871753
1271604515066822656,neutral,0.47760839526369675
1271604515754717185,negative,0.03259804952937413
1271604517868625926,negative,0.000132376457949845
1271604518413676544,negative,6.236105015602125e-07
1271604518539743238,negative,0.000132376457949845
1271604519009505280,negative,2.551133217289848e-17
1271604519928057859,negative,3.262796994869556e-05
1271604520091627520,negative,0.05498101268075469
1271604521719005186,negative,0.01552788654488999
1271604522109087745,negative,0.012134753881449037
1271604522440368131,negative,0.2764156917168689
1271604523304472576,negative,2.8516602325674657e-05
1271604524864737281,neutral,0.40176164596866815
1271604526143987718,negative,0.1735162678381825
1271604526429212674,negative,0.00038139136970891693
1271604527528136705,negative,0.14973193768487553
1271604527536406529,negative,0.0049409580237242574
1271604527574192130,neutral,0.5844660558927414
1271604527632916480,negative,6.4675117100569094e-06
1271604527783768064,neutral,0.40176164596866815
1271604529230995457,negative,1.797094928923864e-05
1271604530539528192,negative,0.0001751311047052526
1271604530690445312,negative,0.012134753881449037
1271604531135049731,negative,0.0013876501219581817
1271604533932818433,negative,0.0005330289711396502
1271604534142545921,negative,0.01719004681774222
1271604534180286464,negative,0.0017087920244632216
1271604534322909184,negative,0.10064550866853342
1271604536113795072,negative,0.0825886283591841
1271604536264843266,negative,0.02186103759724613
1271604536340369409,negative,5.080967390517385e-05
1271604537921593345,negative,6.63117165919284e-05
1271604538743623680,negative,0.001842031509920941
1271604538944954368,negative,0.0319832305431049
1271604540517675008,negative,0.03353686085364244
1271604542837145600,negative,0.0011476103271417274
1271604543638265856,negative,0.000455817947965788
1271604544003244032,negative,0.037923919074804614
1271604545299329024,neutral,0.3499352441185855
1271604545336913920,negative,0.00036986781985034426
1271604545924272128,negative,0.004203578946040614
1271604546415009792,negative,1.3903553390774748e-07
1271604546993864704,negative,0.03840564920058137
1271604547316826112,negative,0.0020965304170313414
1271604547807576064,negative,0.012990095621005317
1271604548340236294,negative,1.1724351329659106e-08
1271604548445122562,neutral,0.3850948772444006
1271604548554153984,negative,0.07866276574833043
1271604549061615617,neutral,0.6231301609365977
1271604549489438721,negative,0.0010124928719095897
1271604549623693312,negative,0.001842031509920941
1271604652463751169,negative,0.062106721895254215
1271604653646544896,negative,0.012134753881449037
1271604655177555968,negative,0.01879425341181135
1271604655999660033,negative,9.812520022777508e-07
1271604657295630336,negative,0.0002833791535977362
1271604657362788352,negative,0.1256518955108437
1271604659501723650,negative,0.17553924241747834
1271604659728330752,negative,0.12223370080603098
1271604660076412928,negative,0.002395107361095619
1271604660936142850,negative,0.08322768738511874
1271604661527683072,negative,0.22513179180885018
1271604662106558467,negative,0.1853447716208767
1271604662555336704,negative,0.00019984109669266473
1271604664212115462,negative,0.2847093328097419
1271604664526651394,negative,0.05849220887593463
1271604664551657472,neutral,0.5238039798682683
1271604665218727939,negative,0.0033819350415423017
1271604665357041664,negative,0.014544467631665916
1271604665684242433,negative,0.0011476103271417274
1271604665839468544,negative,0.00019984109669266473
1271604666720088064,negative,0.15636764280599078
1271604667047448576,negative,0.00712324750618077
1271604667047456770,negative,0.004925060695538808
1271604667773063169,negative,0.018263572970062283
1271604667886247945,negative,0.0013381836151095696
1271604667898908680,negative,0.09198557044543045
1271604668087533574,negative,0.0002833791535977362
1271604668506963981,negative,0.011461085124362365
1271604669580742656,negative,0.001117501141735901
1271604670767812610,negative,0.013095107206999015
1271604671644340225,negative,4.794176923068649e-05
1271604672437116933,negative,0.3273567770571385
1271604672751689733,negative,0.0254038467215007
1271604672848158721,negative,0.018263572970062283
1271604672852365313,neutral,0.3857069854471758
1271604675775795202,negative,0.0032959539639058986
1271604675796762626,negative,0.14839969819651125
1271604676547481601,negative,0.12227762356369955
1271604677445115904,negative,0.07153387123418292
1271604678057435142,negative,0.16841729920146856
1271604678191714307,positive,0.9980816436675186
1271604678334320645,positive,0.8949933181832114
1271604678493601793,negative,0.00011779079434541396
1271604678518767616,neutral,0.47578879397472973
1271604678678196230,negative,0.037923919074804614
1271604681391964160,negative,0.0002833791535977362
1271604681735901189,negative,0.0032959539639058986
1271604683069706241,negative,6.4675117100569094e-06
1271604683879133185,negative,0.00019984109669266473
1271604684323782656,negative,0.013960984207132843
1271604685133230081,negative,0.0001728650377173661
1271604685821140992,negative,0.008541020680669314
1271604685967953921,negative,6.189160713406551e-07
1271604688463503360,neutral,0.5844660558927414
1271604689436585987,neutral,0.35451443008515343
1271604690493468672,negative,0.043445455854577604
1271604690636222470,negative,0.028431595891872056
1271604691072364555,negative,0.01552788654488999
1271604691370233856,negative,0.012181902782395953
1271604691667910658,negative,7.222839776462103e-09
1271604692276006912,negative,5.401990966274742e-05
1271604692313874434,negative,0.20582928440525614
1271604692812881921,negative,0.005911592286293773
1271604693983256576,negative,0.00019984109669266473
1271604694209695744,negative,0.001382848092821864
1271604694343987200,negative,0.14619589582907594
1271604695845478404,negative,0.21853578439204704
1271604695849721857,negative,0.0005330289711396502
1271604696365531139,negative,0.14839969819651125
1271604696382271488,negative,0.016414261768289577
1271604696692649987,negative,9.11530616152658e-07
1271604697690976256,positive,0.7951792188585226
1271604697728761863,negative,0.002395107361095619
1271604699087724546,negative,3.1088326645927267e-06
1271604699158863872,negative,0.0051985944112663916
1271604699251302401,negative,0.14244276915296944
1271604699544911874,negative,0.01552788654488999
1271604700576612354,negative,0.002402106420951482
1271604700916396040,negative,0.10947484028698869
1271604701025492993,negative,0.005225136139719639
1271604701579091970,negative,0.0014064316290206581
1271604701952270337,negative,0.02272847276770877
1271604702279421952,negative,0.0017087920244632216
1271604703256875008,negative,0.037923919074804614
1271604704276033536,negative,0.00012892017730378714
1271604705060323328,negative,0.005250882945730276
1271604705291046912,negative,0.22124800114772075
1271604706377371650,negative,0.06756897342989703
1271604706402619394,neutral,0.35451443008515343
1271604707736379392,negative,0.0350911101855446
1271604708336177158,negative,0.0007253308691352388
1271604709699325954,negative,0.026294549609662817
1271604709816754180,neutral,0.42507619662732005
1271604711238496256,negative,0.004469085542361054
1271604711414730754,negative,0.044147751027233874
1271604711809056779,negative,0.0010331325779239504
1271604711985160194,negative,0.009962138006310736
1271604712031338497,neutral,0.3471587350631319
1271604712232628224,negative,0.06138095024089372
1271604713071489025,negative,0.015654864710213757
1271604715353026560,negative,0.1735162678381825
1271604715818754054,negative,1.1042940748506627e-05
1271604716930301955,negative,0.07666163017348634
1271604717458731015,negative,0.23699778876372793
1271604717672632320,negative,0.09682065438804816
1271604718188576770,negative,0.19676776728519935
1271604719878909959,negative,3.0373461343041953e-05
1271604721070063616,negative,0.32620683154629054
1271604721313349642,negative,0.000132376457949845
1271604721334304769,negative,0.046484769731093445
1271604721380462593,negative,0.0688396898311674
1271604722093490179,neutral,0.5031283630806145
1271604722370326530,negative,0.0006231497894395036
1271604722621915136,negative,0.0005664754589600321
1271604723280482311,negative,0.005977160896732042
1271604723376939008,negative,0.0013876501219581817
1271604723636895744,negative,0.11651474749549631
1271604723859066880,negative,0.005427610956719905
1271604724589039617,negative,0.00022914088582834575
1271604724995887104,negative,0.09696933425399112
1271604725083828224,negative,0.005427610956719905
1271604725331513344,negative,0.07576476733212008
1271604726161948674,negative,0.12315463288480447
1271604726354849794,negative,0.020165086286034656
1271604726690459653,negative,0.20582928440525614
1271604727038574596,negative,1.2528355014084362e-08
1271604727126659075,negative,0.001993324911613161
1271604728850518018,negative,0.0013883300640475228
1271604729274142721,negative,2.1438322529331307e-06
1271604729408303105,negative,0.22875236496733742
1271604732004429825,negative,8.085540355084972e-05
1271604732457553924,negative,0.0350911101855446
1271604733967564800,negative,0.00019984109669266473
1271604734802235401,negative,0.008255331954784461
1271604735175307264,negative,0.17553924241747834
1271604735334891530,negative,7.785229346402584e-05
1271604735418777600,negative,6.4675117100569094e-06
1271604735875964928,negative,1.5056355775226714e-05
1271604735993360385,neutral,0.4064281066055449
1271604736022675458,negative,0.013800439362136761
1271604736484167681,negative,0.0017087920244632216
1271604737213894656,neutral,0.4792687081820201
1271604738451267585,negative,0.059633583730941415
1271604738690297856,negative,0.03840564920058137
1271604740963528706,negative,0.002672344253981202
1271604740996993024,neutral,0.3721423283283095
1271604741018181632,negative,0.059253725748064805
1271604741127262209,negative,0.000132376457949845
1271604742746255360,negative,0.3248410612445367
1271604742943387648,negative,0.0035579899646743423
1271604744881135616,negative,2.7968771197945177e-06
1271604747024445441,neutral,0.3721590919647393
1271604841501122560,negative,0.012786556793436217
1271604843921186816,neutral,0.3857377220897792
1271604843996516352,positive,0.878708708309711
1271604844328091648,negative,0.0032019498800548826
1271604844562984960,positive,0.6801874660219824
1271604846525927424,negative,0.0033819350415423017
1271604847981330433,negative,0.05573004273764708
1271604848077737990,negative,0.0694485464072126
1271604848400556033,neutral,0.5495922250151081
1271604848509825024,negative,0.023635102279001126
1271604848526610437,negative,1.9666212832133517e-14
1271604848702689280,negative,3.262796994869556e-05
1271604851827511299,positive,0.8440682070281623
1271604852762841090,negative,0.008635966700947108
1271604853274488833,negative,2.8523782127399346e-09
1271604853387735041,negative,9.208034378177232e-05
1271604853392003074,negative,0.0008174091297572815
1271604855170314240,neutral,0.35451443008515343
1271604855174463489,neutral,0.45245273640314976
1271604855505911814,positive,0.9237292734026425
1271604857359794176,negative,0.015608883452828327
1271604857380757505,negative,0.010437265732365582
1271604860333559808,negative,6.4675117100569094e-06
1271604861365186561,negative,0.04251423792646359
1271604861805756417,negative,0.0015425978250262452
1271604863068262401,neutral,0.4146992649590121
1271604863135289346,negative,0.14731646957486152
1271604865723256832,negative,0.00011341912160628809
1271604867199467520,negative,9.11530616152658e-07
1271604868269182976,negative,0.012990095621005317
1271604868432658433,negative,0.014197905411499638
1271604869162508288,negative,0.00031911350535227987
1271604869212901377,negative,0.0071479933406052385
1271604869896581120,negative,0.30935565980373736
1271604870144036867,negative,0.28768430820383784
1271604870261420032,negative,0.0035579899646743423
1271604872970936320,negative,0.05673632146350992
1271604873742692353,negative,0.00020385062827719643
1271604873902133248,negative,1.0959355209039085e-06
1271604874396999680,negative,1.195246780985715e-05
1271604874455724032,negative,0.06330904016113874
1271604876519378944,negative,0.02571703806061148
1271604876582293504,negative,0.004074047576496962
1271604876724690944,negative,0.1795709355421092
1271604877198852097,negative,0.014197905411499638
1271604879279247362,negative,0.0033819350415423017
1271604880193531909,negative,0.008382698685582468
1271604880810139648,neutral,0.3721590919647393
1271604881275707393,negative,0.006646015974841579
1271604881988739078,negative,0.004925060695538808
1271604882668167168,neutral,0.6231301609365977
1271604882697523203,negative,0.06941360496004637
1271604883507097601,negative,0.03416143747831388
1271604883611947008,negative,6.414381629226533e-08
1271604884706557952,negative,0.10106844843838553
1271604885398720513,negative,0.05470356307280094
1271604885709078529,negative,4.32429560704523e-19
1271604885763559424,negative,0.193535918142673
1271604887588126722,negative,0.00019984109669266473
1271604887999131648,negative,0.0002833791535977362
1271604888942915586,neutral,0.4253751746326775
1271604889492185089,negative,0.01552788654488999
1271604889702010883,negative,1.4994255518804174e-09
1271604890318536704,neutral,0.6549879982098531
1271604890436022273,negative,1.8640813909346823e-13
1271604891094593544,negative,0.23872007754166424
1271604891669147650,negative,0.0017087920244632216
1271604892000571393,negative,6.236105015602125e-07
1271604892185047041,neutral,0.35451443008515343
1271604895070683136,negative,0.1735162678381825
1271604896215650304,negative,0.008011867880802938
1271604896614285312,negative,0.006769110446710621
1271604897734168576,negative,0.00011341912160628809
1271604898262593536,negative,7.019996920294874e-07
1271604898656710656,neutral,0.3471587350631319
1271604899449430022,negative,0.30137086641175986
1271604899466358785,negative,0.0013883300640475228
1271604899738943489,negative,0.027255057198898973
1271604900686819329,negative,0.0004493944919482128
1271604900733112321,negative,0.02978956789286822
1271604902872199169,negative,0.24573535557399825
1271604903144763392,negative,0.004773292818895664
1271604903304138752,negative,0.20001641594056402
1271604903530692610,neutral,0.5186818430030707
1271604903660498949,negative,0.04251423792646359
1271604904021438464,negative,0.09670857220843217
1271604904109408258,negative,0.018750822220399293
1271604904386342914,neutral,0.5130605840822943
1271604904877068288,neutral,0.33113200015936756
1271604905531375617,negative,0.3040949491800166
1271604905636134913,negative,3.513463525464744e-11
1271604906068250624,negative,0.008635966700947108
1271604907838234625,negative,0.004513607126047012
1271604909054603264,neutral,0.43010935300609193
1271604909541072899,negative,0.07802105340640744
1271604910442848256,negative,0.000132376457949845
1271604911038500865,negative,0.03239082664962028
1271604911600517121,neutral,0.46576025453402564
1271604911650885633,negative,0.014972077498223192
1271604911722106881,negative,0.004967610068162571
1271604913668317184,negative,0.0032959539639058986
1271604914561732608,negative,0.05897235857735733
1271604914742087680,positive,0.9983075352990961
1271604916671348740,negative,0.005131442112868792
1271604917703245825,negative,0.05118602128311794
1271604917887787009,negative,0.2116342426238279
1271604918713909248,negative,0.0004476513096312345
1271604919179644937,negative,0.007012448520741336
1271604919343210499,neutral,0.3497807839507894
1271604919754260480,negative,0.00011341912160628809
1271604920387383296,negative,0.01552788654488999
1271604921406799874,negative,0.018263572970062283
1271604926263824384,negative,6.236105015602125e-07
1271604926335070209,neutral,0.5635907821093047
1271604930462220290,negative,0.25147066562722076
1271604931234070528,positive,0.9968062758434055
1271604931544276992,neutral,0.3471587350631319
1271604931959668736,negative,0.3092554970748467
1271604932215521281,negative,9.09654557292609e-06
1271604932785946624,negative,0.02705925288094621
1271604936036384768,negative,0.007012448520741336
1271604936036532224,negative,0.014197905411499638
1271604938083360768,negative,9.650995443289048e-06
1271604938456604673,negative,0.2042517137896546
1271604939228426248,negative,0.047388197199171436
1271604940776050690,negative,0.03002850738116171
1271604941644333058,negative,0.0010033410433637482
1271604941770063872,negative,0.32620683154629054
1271604942407598080,negative,0.0071479933406052385
1271604942898429960,negative,1.2624563574016062e-08
1271604942982336512,negative,0.0975586494362921
1271605051035959296,positive,0.8697431384329776
1271605051492978689,negative,0.01176350095195221
1271605052499734528,negative,0.001692668414928518
1271605054743740419,negative,5.979475878198159e-05
1271605055628730368,negative,0.32620683154629054
1271605056463409154,negative,4.4600349786835625e-06
1271605056484196352,negative,0.0024731271472764943
1271605057386094595,negative,0.22866131984486565
1271605057864204288,negative,0.028431595891872056
1271605057893666816,negative,1.4756359327230678e-10
1271605058183012353,negative,0.0033819350415423017
1271605059646873600,neutral,0.5495922250151081
1271605059936120833,negative,0.26964203488746474
1271605060477353984,negative,5.6888771647764467e-08
1271605060619980800,negative,0.007932345909550137
1271605062188449792,neutral,0.4884980247943256
1271605062930960384,negative,0.20757850165123046
1271605063178489856,positive,0.9983075352990961
1271605065170792449,negative,8.410901143066392e-13
1271605065556656128,positive,0.7443742741219878
1271605066739449862,positive,0.9556858708304484
1271605067053842435,negative,0.05479259030273839
1271605067054014468,neutral,0.4744007417802897
1271605067108532224,negative,0.00026793388169543973
1271605067964198914,negative,0.32620683154629054
1271605068345688064,negative,0.0005330289711396502
1271605068769439746,negative,0.03949668802347794
1271605068811259904,negative,0.01552788654488999
1271605069327159296,negative,0.05368241837099004
1271605069407027207,neutral,0.42507619662732005
1271605069725806592,negative,1.9060875261835547e-06
1271605070568792066,negative,0.0489753143952919
1271605070644170752,negative,1.176706131424099e-05
1271605072930078721,negative,0.12149912787847783
1271605073123192834,negative,0.08088527887921566
1271605073932701697,negative,0.00043840730824724715
1271605074083667971,negative,0.28768430820383784
1271605074150789120,negative,0.3155990631147836
1271605074180149255,negative,0.00019984109669266473
1271605074591129601,negative,0.00019984109669266473
1271605074616352768,negative,0.2872708586356819
1271605075929161728,negative,0.1735162678381825
1271605076025458689,negative,0.00012079236670010415
1271605076902232065,negative,0.03946695285877898
1271605076914778114,negative,0.00019328371730703794
1271605078420578306,negative,0.012878024992025382
1271605078500278272,negative,2.751590857568863e-08
1271605079771090944,negative,0.026844430132098973
1271605080299577347,neutral,0.3497807839507894
1271605080672755715,negative,0.0005330289711396502
1271605080714809345,negative,0.021855264341522837
1271605080819671041,negative,0.012157219429847021
1271605083755679744,negative,1.5936469852570445e-07
1271605083927650304,negative,0.011295740574418895
1271605084338696198,negative,0.008582063307604342
1271605086574313480,negative,0.13445221045552044
1271605086691577859,negative,0.002672344253981202
1271605087044079617,negative,0.02978956789286822
1271605087450943489,negative,0.20582928440525614
1271605087467704321,negative,0.20057252148985946
1271605087526367234,negative,0.0009028042954317648
1271605087983423488,negative,0.003885296900424741
1271605088423944192,negative,0.02219462288414203
1271605088939732992,negative,9.11530616152658e-07
1271605089132838912,negative,0.05118602128311794
1271605090239909888,negative,1.9982986127223633e-06
1271605091846537217,negative,0.3155990631147836
1271605093050257412,negative,0.000950052849793557
1271605093390069761,negative,0.05118602128311794
1271605093469732866,negative,0.14247366531399236
1271605094228856832,negative,0.030931004524810207
1271605094887436289,positive,0.7600092100518454
1271605094992265216,negative,0.0017123487626319943
1271605096292515840,negative,0.16841729920146856
1271605097466822662,negative,0.02428248049254861
1271605099052310529,neutral,0.3850948772444006
1271605099186577408,negative,0.2864145558920463
1271605099610210305,neutral,0.3909677405094468
1271605100113354753,negative,0.0032959539639058986
1271605100147019783,negative,0.001842031509920941
1271605100583272448,positive,0.6801874660219824
1271605101119979520,negative,0.00021323646588724418
1271605101363367937,positive,0.9999760538234272
1271605102047084547,negative,0.20192146540072348
1271605102407606272,negative,0.0006231497894395036
1271605102533582855,negative,0.1917101726863495
1271605102533632001,negative,0.059305628679563474
1271605102722183169,negative,0.01552788654488999
1271605103271841792,negative,0.1969374548252346
1271605103640948739,negative,0.0005955793925200283
1271605103653457920,negative,0.20582928440525614
1271605103942918145,negative,1.4282680352932503e-05
1271605104886644736,negative,0.00010338679440685032
1271605105008222208,negative,1.579356368926729e-06
1271605105167605761,negative,0.004469085542361054
1271605105633173509,negative,0.012134753881449037
1271605105872248834,negative,0.0010033410433637482
1271605106627227653,negative,7.463983136707135e-05
1271605107059236865,negative,0.19572260508701617
1271605107629494272,negative,0.00036986781985034426
1271605107893972992,negative,0.05670946645000067
1271605109399736320,negative,0.037923919074804614
1271605110196625409,negative,0.03840564920058137
1271605110829973509,negative,2.7968771197945177e-06
1271605111354200064,negative,0.14421851175933395
1271605111798693888,negative,0.00013380190819082448
1271605113346547713,neutral,0.5071205093471065
1271605114290274305,negative,0.025034400796154713
1271605115447894023,negative,0.1117245565382631
1271605117494661121,negative,9.319635167197022e-07
1271605117725409288,negative,0.0014590872185573
1271605120351047685,negative,0.0033819350415423017
1271605120694976512,neutral,0.45763982362661293
1271605123152838657,neutral,0.37711049937988483
1271605123463036928,negative,2.5711403750356846e-05
1271605123568095234,negative,0.00021323646588724418
1271605123693740033,negative,0.05573004273764708
1271605123916214279,negative,0.001842031509920941
1271605127217139718,negative,7.595363777167313e-05
1271605127531638784,negative,0.32620683154629054
1271605127938375680,negative,0.23872007754166424
1271605129154682882,negative,0.0005330289711396502
1271605129251299329,negative,0.018263572970062283
1271605129251340288,neutral,0.48357347728475064
1271605129972609024,negative,0.002395107361095619
1271605130639613953,negative,0.15424279368048904
1271605130765504514,negative,0.20582928440525614
1271605130857717760,negative,0.11934150252672307
1271605131478536193,neutral,0.36473491957778936
1271605131872796679,negative,5.979475878198159e-05
1271605132124397568,negative,0.0014534938976559968
1271605132623581184,negative,0.008929854574881886
1271605132745216002,neutral,0.34212779492080586
1271605133957378048,negative,0.001842031509920941
1271605135681245187,negative,8.073210760235679e-05
1271605136796901378,negative,0.007932345909550137
1271605137744723974,negative,1.0672219801112813e-06
1271605137807728646,neutral,0.5586274034083963
1271605139460087808,negative,0.004455055220497679
1271605139489665027,negative,0.0006800070938656946
1271605140504686594,negative,4.1059875989667547e-08
1271605140936626176,negative,0.028431595891872056
1271605141444136962,neutral,0.5586274034083963
1271605141502939138,negative,0.002601169750418636
1271605142085926912,positive,0.9263679793783623
1271605142098501635,positive,0.8364860004538318
1271605142274691072,negative,5.197969828562233e-06
1271605142865899520,negative,0.016821981101989455
1271605144074031104,negative,2.7968771197945177e-06
1271605144803819520,negative,0.06500825220390125
1271605237627924480,negative,0.03840564920058137
1271605237707673600,negative,0.3092554970748467
1271605240232652804,negative,1.5535188661795936e-05
1271605240480096257,negative,0.020890789641875112
1271605240941490177,negative,0.1735162678381825
1271605241243242496,negative,0.001842031509920941
1271605241264443394,negative,0.0007809020524228805
1271605241474158603,negative,0.02272847276770877
1271605241713221637,negative,0.144067985834482
1271605241943818241,negative,0.0013381836151095696
1271605242652753920,neutral,0.49789225920557484
1271605243051159557,negative,0.28768430820383784
1271605243160248326,negative,0.1204526781231683
1271605244837969920,negative,0.012523744032123817
1271605245022519298,negative,0.08818161423987897
1271605245030916097,negative,0.2546597611582681
1271605245395767297,neutral,0.47800712619015706
1271605245542633472,negative,0.004925060695538808
1271605246049976321,negative,0.18453632301168263
1271605246649929728,negative,0.033485598055794555
1271605248373608448,negative,0.19552563706121598
1271605249157902336,neutral,0.430474269009624
1271605250529640450,negative,0.0009028042954317648
1271605250533789697,negative,0.01879425341181135
1271605250709831693,positive,0.684687678208344
1271605251175518209,neutral,0.4507454498615163
1271605251553005568,negative,0.056095799913082285
1271605252110929925,negative,0.26452909004521824
1271605252354125825,neutral,0.3635264442911286
1271605253373386752,negative,0.0010544497805837873
1271605253532721152,negative,0.0006240917852486058
1271605254388428806,neutral,0.5570590983391689
1271605256137342981,negative,0.01359956250126882
1271605256250691585,negative,0.18844634409069744
1271605256816742400,negative,2.987944245261539e-06
1271605256871448577,negative,0.16181369063462486
1271605257198436352,negative,0.0007231427052352044
1271605257844506627,negative,0.31251327812974533
1271605258217836544,negative,0.01427562312895402
1271605258352054273,negative,0.0825886283591841
1271605258624602112,negative,0.0041262470970027925
1271605258968543232,neutral,0.42507619662732005
1271605260239454208,negative,0.31251327812974533
1271605260474351619,negative,0.20582928440525614
1271605262646943750,negative,0.31251327812974533
1271605262751862786,negative,0.0006231497894395036
1271605262802210817,negative,7.886340358317108e-05
1271605262957379585,neutral,0.4722942286818113
1271605262961577986,negative,0.2875661321222859
1271605263309701120,negative,0.09780571505122729
1271605264165240832,negative,0.0013876501219581817
1271605264693764097,negative,0.00019984109669266473
1271605267579285504,negative,0.05118602128311794
1271605268472672256,negative,1.0622959130794406e-07
1271605269525602306,negative,0.0022480160405335303
1271605269567614976,negative,0.01879425341181135
1271605269735276544,negative,7.236773637704521e-08
1271605270393823239,negative,0.0041262470970027925
1271605270653870083,neutral,0.5089004219517322
1271605270968442883,negative,0.00013432762952842367
1271605271530369024,negative,0.17553924241747834
1271605272960786443,neutral,0.3996580091506196
1271605273145344001,negative,0.00020447728589009003
1271605273828810752,neutral,0.6395048331977211
1271605273900318720,negative,0.19753827322328846
1271605274604974084,neutral,0.4500725548254488
1271605274692943874,negative,0.015306561096638879
1271605275443765252,negative,1.2389698436144325e-08
1271605277222150145,negative,0.06654094444865617
1271605278115540997,negative,0.3040949491800166
1271605281106116608,negative,0.25318237069832455
1271605281378701312,negative,7.559685904674855e-07
1271605282959962113,negative,0.025152324668022856
1271605283178119168,negative,0.07802105340640744
1271605284746801152,neutral,0.5089004219517322
1271605284830666753,negative,0.1735162678381825
1271605285015236608,negative,0.01859867808336033
1271605285057187846,neutral,0.4324318813848978
1271605285401042944,negative,0.09363878856705637
1271605285589827584,negative,1.1827147958064714e-08
1271605286403477504,negative,0.00011341912160628809
1271605287129096192,neutral,0.6582643402168333
1271605287536001025,negative,0.00024606888240320183
1271605287892500481,negative,0.006896288158770629
1271605287934402561,negative,0.24032085334709008
1271605288085475329,negative,6.926706385093787e-06
1271605288181870594,negative,0.009121143975876439
1271605288538382336,negative,4.076775671873651e-05
1271605289230503936,negative,0.00013275039905146304
1271605289368850433,negative,1.4282680352932503e-05
1271605289440161792,negative,0.006530412676232573
1271605289666543616,negative,0.30466741446153434
1271605289851240448,negative,0.17223645149067227
1271605292766240772,negative,0.025152324668022856
1271605293093281793,negative,0.00048559593649531447
1271605294985027584,neutral,0.47840844706262076
1271605295828086784,neutral,0.4329425207711516
1271605296063004678,negative,0.008203132826013019
1271605297635876865,neutral,0.3384567604034876
1271605298139185152,negative,0.006543900490802897
1271605298906759168,negative,0.0071479933406052385
1271605300517392386,negative,0.05368241837099004
1271605302404632576,negative,0.001842031509920941
1271605303180775425,negative,0.0002833791535977362
1271605303415640071,negative,0.061795465285550716
1271605303730155528,negative,0.002395107361095619
1271605304455815169,negative,0.016656028492176282
1271605304946548737,negative,0.00011092673492861494
1271605305047003136,negative,0.001842031509920941
1271605305462476800,negative,0.0031111810630146766
1271605306599014401,negative,0.05020577876357174
1271605307173715969,negative,0.00019984109669266473
1271605307857408009,negative,0.19753827322328846
1271605308083916800,negative,0.049625321015014164
1271605308574568453,negative,2.7968771197945177e-06
1271605309589590017,negative,0.0004077135454545248
1271605309711228930,negative,0.004393708458221603
1271605310717931521,negative,0.15931206484429183
1271605312433336321,negative,0.006756461222730384
1271605312668291073,negative,0.22513179180885018
1271605312940802048,negative,3.759814752818217e-05
1271605313473441792,negative,7.236773637704521e-08
1271605314056568832,negative,0.04495357886299508
1271605315964936192,neutral,0.6330455584487023
1271605316032114689,negative,0.1731145605581382
1271605316254420992,negative,0.19269869232316536
1271605317097357312,negative,0.16841729920146856
1271605317957271552,negative,1.2492207854993581e-11
1271605318066360320,negative,0.0014582962621459432
1271605318947135488,negative,0.04067039305276717
1271605319542681602,negative,0.00019984109669266473
1271605319664353282,negative,0.00033777355552436797
1271605320415162369,neutral,0.5215344037405059
1271605320608079872,negative,0.06756897342989703
1271605321040101376,negative,0.006461802838888908
1271605321115545606,negative,0.00021486174134923317
1271605323065786368,negative,0.0048031083353694045
1271605323648786433,negative,0.06751511757930305
1271605323921530880,negative,0.21828229027432275
1271605324328439812,negative,0.0044848958725227294
1271605325448327168,negative,0.007006140556179161
1271605326266195968,negative,0.012134753881449037
1271605326853345288,neutral,0.33044187471235137
1271605327717425152,negative,0.16662985763634744
1271605327952334848,negative,0.2013198904030459
1271605328421896192,negative,0.028648481905529474
1271605328472236033,negative,0.0005330289711396502
1271605328568676352,negative,0.0007248860944721059
1271605328573083650,negative,0.004238223789171678
1271605328770187265,negative,0.05610309040052827
1271605330464604163,negative,0.20582928440525614
1271605330976411648,negative,0.016656028492176282
1271605331001516033,negative,0.029337026497184223
1271605331546845184,neutral,0.6330455584487023
1271605331592753152,positive,0.684687678208344
1271605331848822785,negative,0.01552788654488999
1271605331995525123,negative,2.3076694717338906e-09
1271605332469583873,negative,0.0007149974670670421
1271605333312626689,negative,0.00013303732513199603
1271605333664858112,positive,0.9999760538234272
1271605335355281409,negative,0.3040949491800166
1271607806492389382,negative,0.00039359739718236483
1271607806685257728,negative,0.02428248049254861
1271607807457058818,negative,0.00047620538813628206
1271607807469551616,negative,0.06138095024089372
1271607807624822784,neutral,0.46127768308170247
1271607807733792776,positive,0.8725319576749487
1271607808207671296,negative,0.0032959539639058986
1271607808732119042,negative,0.0017087920244632216
1271607809856151554,negative,0.00021323646588724418
1271607812565630976,negative,0.00019984109669266473
1271607812733493248,negative,0.1917101726863495
1271607814469881864,negative,0.3040949491800166
1271607814570590208,negative,0.002395107361095619
1271607816302800896,negative,6.076635397888089e-10
1271607816785199104,positive,0.9939228187974358
1271607817053577222,negative,7.518801335497323e-06
1271607817691160581,negative,0.03769357507336731
1271607818202877953,negative,0.01552788654488999
1271607820664942595,negative,0.0002833791535977362
1271607820899758080,negative,0.14303856226325856
1271607821642186759,neutral,0.4064281066055449
1271607823177330690,negative,8.197763052350226e-05
1271607823324057605,negative,2.0761154366819886e-07
1271607823747743744,neutral,0.5134052851368351
1271607823906922496,negative,0.005917207175242558
1271607823982448641,neutral,0.36152360387721993
1271607824766963712,positive,0.660674226180196
1271607824808849408,negative,2.7617674922990575e-07
1271607825765150721,neutral,0.33758533303423804
1271607826054549505,negative,0.14204894104217688
1271607826960592897,negative,0.08132603782408326
1271607827321303040,negative,0.005427610956719905
1271607828776652800,negative,0.006530412676232573
1271607829456130049,negative,0.3092554970748467
1271607831058354179,negative,2.3961776409436585e-06
1271607831469289472,negative,0.02815106775029503
1271607831544856576,neutral,0.5495922250151081
1271607832786481152,negative,5.961607781058456e-07
1271607832845193216,negative,0.0003119392445729173
1271607833381961729,negative,5.765570715936469e-09
1271607833600147458,negative,0.01741431888165114
1271607834313187328,negative,0.030020422706499864
1271607834518716416,negative,0.0099536958179938
1271607834803912706,negative,0.0054376246117802795
1271607837584744448,positive,0.9999752569728577
1271607838285201408,negative,0.0022870867237586817
1271607838431944709,negative,0.0013883300640475228
1271607838888976384,negative,0.15676257419554315
1271607838989787138,negative,0.022070151024562414
1271607839681908736,negative,0.00042689959324919305
1271607840222990337,negative,5.961607781058456e-07
1271607840936013826,negative,0.00019984109669266473
1271607841250578433,negative,0.00020865490250347976
1271607841766465536,neutral,0.40777925186500125
1271607841871269890,negative,0.0011476103271417274
1271607842718580736,negative,6.958761738852656e-08
1271607842756276224,negative,0.013095107206999015
1271607843163181057,negative,0.000132376457949845
1271607843649511424,negative,1.176706131424099e-05
1271607843704246275,negative,0.025605011520610524
1271607844253696000,negative,0.08860871433772777
1271607844585029634,negative,0.06756897342989703
1271607844710649856,neutral,0.49789225920557484
1271607845197434880,negative,0.000132376457949845
1271607845285396481,negative,0.055345900946705044
1271607845742686208,negative,0.015360794228947589
1271607846862495746,negative,0.04251423792646359
1271607849219751937,negative,0.0014850901466978246
1271607849874055169,negative,0.00019984109669266473
1271607850155085824,negative,0.015654864710213757
1271607850729644035,negative,0.2394112410673028
1271607851786670080,negative,0.020985670651917962
1271607852466081794,negative,0.04495357886299508
1271607853124595712,negative,0.0006579764570704445
1271607853246185474,neutral,0.5414209664686436
1271607854361960449,negative,0.10580345947582274
1271607854458376192,negative,0.3040949491800166
1271607855179640833,negative,0.00012217046157678453
1271607855561531392,negative,0.0032959539639058986
1271607856261971973,negative,0.007012448520741336
1271607856811425793,negative,0.0825886283591841
1271607856849027072,negative,0.0032639164410431538
1271607858111688706,positive,0.684687678208344
1271607859302842368,negative,0.0013883300640475228
1271607859403464705,negative,2.929122592096337e-05
1271607859592269826,negative,0.034942692555418264
1271607860221353990,negative,0.004925060695538808
1271607860733128706,negative,0.06326627960981118
1271607862163365888,negative,0.08353293024023767
1271607862737768448,neutral,0.49114048206328076
1271607863677517824,negative,0.3040949491800166
1271607865325674500,negative,0.07829045402742517
1271607865745252357,negative,0.005917207175242558
1271607865967607808,neutral,0.5635907821093047
1271607866470944771,negative,0.08229543333060052
1271607866957402113,negative,0.03418213087450025
1271607867121033216,negative,5.698916494242953e-07
1271607867343167493,negative,0.01552788654488999
1271607867955654656,negative,0.0002833791535977362
1271607869616652289,positive,0.660674226180196
1271607869675376644,neutral,0.37874993579954885
1271607870124167168,negative,0.27235684387146236
1271607870531014656,negative,0.00035984045017756926
1271607871390781444,negative,1.7457624150963653e-06
1271607871613132800,negative,0.004925060695538808
1271607872082923520,negative,0.0825886283591841
1271607872653230085,negative,0.3040949491800166
1271607873194393603,neutral,0.6196193017447872
1271607874112729099,negative,0.2042517137896546
1271607874494640130,negative,0.0825886283591841
1271607874503008257,negative,0.00019984109669266473
1271607874830184449,negative,0.13305552896326842
1271607875039891458,negative,9.198889870843895e-05
1271607875446673408,neutral,0.4507454498615163
1271607875966660608,neutral,0.5495922250151081
1271607875996188672,negative,0.19676776728519935
1271607876876984323,negative,0.04495357886299508
1271607878160449537,negative,0.20582928440525614
1271607878223376395,negative,0.0008132956777704911
1271607879255146496,positive,0.9556858708304484
1271607880085626881,negative,0.022238915498442247
1271607881587216384,negative,0.02219462288414203
1271607881675288576,negative,0.22232271081946509
1271607881683685381,negative,0.0001613342116412079
1271607882178592770,negative,0.060490407011491755
1271607885529669633,negative,0.0017058580464821363
1271607885563334657,negative,2.7716736438152572e-06
1271607886221844481,negative,0.00037332878292785035
1271607886855225346,negative,6.926706385093787e-06
1271607887887024128,neutral,0.42507619662732005
1271607889120186369,neutral,0.35451443008515343
1271607889166323713,positive,0.660674226180196
1271607889614913536,negative,0.20582928440525614
1271607890588176384,negative,0.07802105340640744
1271607893826076672,negative,0.05338484160735513
1271607894102982656,negative,0.0002833791535977362
1271607894606327808,negative,0.0012094540103805226
1271607895319339009,negative,0.0001786928182220335
1271607895948439553,neutral,0.437369725752128
1271607897420677120,negative,0.06756897342989703
1271607897454071810,negative,5.307195155930124e-07
1271607897936613376,negative,0.00019984109669266473
1271607898712440833,negative,0.004265291694922927
1271607899014430720,negative,0.07106293939463618
1271607899115139073,negative,0.003083107625239969
1271607900411224068,negative,0.018263572970062283
1271607900553822211,neutral,0.36016814752658377
1271607994808229891,positive,0.9999760538234272
1271607995831640065,negative,0.00019984109669266473
1271607996339179522,neutral,0.3772243943709667
1271607996729176064,negative,0.08229543333060052
1271607997547102211,neutral,0.413250671274227
1271607998218199040,neutral,0.5537594535812065
1271607999036080130,negative,0.004905651006569299
1271607999245758466,positive,0.6616482477766037
1271607999279149056,negative,0.001606251683345603
1271608000013389826,negative,6.113312946385684e-05
1271608000210440194,negative,0.006505857309986627
1271608000957026304,positive,0.6643661041507587
1271608001238007810,negative,0.02567083373024202
1271608002781511680,negative,0.026844430132098973
1271608004035710978,negative,0.02428248049254861
1271608004304084993,negative,0.0024089141929716043
1271608005612756996,negative,0.17349739040032533
1271608006162157568,negative,9.115710346895758e-06
1271608006921408514,negative,0.00012007739320470474
1271608007592415232,negative,0.07576476733212008
1271608008024432640,negative,0.14421851175933395
1271608008028676096,negative,0.00020385062827719643
1271608008443940870,negative,7.983528040946802e-11
1271608008565374976,negative,0.10456597253016496
1271608009479815174,neutral,0.6298914564730203
1271608010444550145,negative,0.00011341912160628809
1271608010587111425,negative,0.03695208748753567
1271608011178381312,negative,0.0006231497894395036
1271608011484737543,negative,3.097758691699734e-05
1271608011677675522,negative,0.021603191415718308
1271608011690254336,negative,0.028339640985869663
1271608012227084289,negative,0.06756897342989703
1271608012508143616,negative,0.028303820647889725
1271608013028298752,negative,1.1934384502780253e-05
1271608014122844161,negative,7.236773637704521e-08
1271608014622142469,positive,0.8747814320998506
1271608015171526656,negative,0.16181369063462486
1271608015246901248,negative,0.31793229079579644
1271608015528091648,positive,0.8118866211141739
1271608015968403456,negative,0.3040949491800166
1271608015993688069,negative,0.08939447940040138
1271608016161234945,negative,1.89343291201141e-05
1271608016815742980,negative,0.0003576536741836477
1271608017851736065,negative,0.0008132956777704911
1271608018933821440,negative,0.053384173997270905
1271608019873341445,negative,0.1867768004656135
1271608020368310278,negative,0.02427760841764014
1271608020468994049,negative,0.006777354155074971
1271608020557053952,negative,0.12173214536796537
1271608020645052416,negative,0.00023882966192448517
1271608021668564993,neutral,0.49789225920557484
1271608021915926529,negative,0.10314861762569424
1271608022238932992,negative,0.00023882966192448517
1271608022272442370,negative,0.19746822309333745
1271608023400673280,negative,0.23479954788099483
1271608023400808450,negative,0.0006755598966081016
1271608023530835970,neutral,0.42507619662732005
1271608023534927872,negative,0.00011341912160628809
1271608023623106563,negative,0.05470356307280094
1271608025019645952,positive,0.7929342772098369
1271608025120415744,negative,0.020985670651917962
1271608026194116608,negative,0.0825886283591841
1271608026357796864,negative,0.3040949491800166
1271608026429108226,negative,0.015661262735491132
1271608027263700994,negative,0.021862687521183734
1271608028375052288,negative,6.338460139354082e-05
1271608030040375296,negative,4.5872567309709963e-07
1271608030313021440,negative,0.0017087920244632216
1271608030799507458,negative,0.2343481144925954
1271608031227383808,negative,0.0022396565939442623
1271608031344812032,negative,0.007012448520741336
1271608031869112320,negative,0.043551401265209067
1271608032485654528,positive,0.919250368288601
1271608032649187333,negative,0.05610309040052827
1271608033781657600,negative,0.00014366832072015785
1271608035341930497,negative,0.06138095024089372
1271608035388149760,negative,0.00017325662614099373
1271608036424114185,positive,0.987243173798857
1271608037040689152,negative,1.043248617955407e-06
1271608038156353536,negative,0.0002714407755980118
1271608038198149122,negative,0.0025968347023697844
1271608038449971202,negative,0.00013380190819082448
1271608038571606017,negative,0.07921101342195769
1271608039238483968,negative,0.0002833791535977362
1271608039410450432,negative,0.012157219429847021
1271608039737565185,negative,0.00019984109669266473
1271608042287779840,negative,0.17035267952243013
1271608043332079616,negative,6.869201183363976e-11
1271608043713814528,negative,0.27858897977984093
1271608043713835008,neutral,0.33758533303423804
1271608043919290368,negative,6.228718606594695e-07
1271608044145819649,negative,0.00115985550935552
1271608044603027456,negative,0.0005850100482124905
1271608044649095170,negative,0.0011476103271417274
1271608044665913344,negative,0.0825886283591841
1271608044942696450,negative,0.0007993915861848239
1271608046222020610,negative,0.0009508272843341419
1271608046393929732,neutral,0.33302824456013586
1271608046846763008,negative,0.001842031509920941
1271608047601934338,negative,9.214686396594859e-09
1271608049292185602,negative,0.15171409877028627
1271608049371885568,negative,0.04251423792646359
1271608049803972608,negative,0.0041262470970027925
1271608049812172800,negative,7.559685904674855e-07
1271608050470678528,negative,0.0005330289711396502
1271608050642825218,negative,0.04092886857998794
1271608051259359232,negative,0.0017476140480414124
1271608051452334085,neutral,0.4274047939449264
1271608051750092803,negative,2.5144893589907698e-05
1271608052777541632,negative,8.073210760235679e-05
1271608053109002240,negative,0.11883424930534874
1271608053524283393,negative,0.03840564920058137
1271608054006665227,neutral,0.6424298116378623
1271608054811971584,negative,0.0007234546878975459
1271608055046774785,negative,0.0005536713910531228
1271608055566938113,negative,0.0068154665196530125
1271608055780835334,negative,9.866485166184126e-08
1271608056313413634,negative,2.0246172055304522e-05
1271608056967843841,negative,0.22866131984486565
1271608057127211008,neutral,0.4438555063981136
1271608057173348352,negative,0.05610309040052827
1271608057445965824,negative,7.546845632800469e-07
1271608058272079872,negative,6.537473902666942e-06
1271608058523914246,negative,0.002803283164954134
1271608059136290818,negative,0.07802105340640744
1271608059215982592,negative,0.03840564920058137
1271608059543027712,negative,0.001692668414928518
1271608059656372226,negative,0.268759511478412
1271608060826419200,negative,4.619854304125491e-11
1271608062638460934,negative,0.0004728451584316064
1271608063422758912,negative,0.00019984109669266473
1271608063888408577,negative,0.11234552888829064
1271608064114917383,negative,3.759814752818217e-05
1271608065570242560,negative,0.029221171854788907
1271608067231232000,neutral,0.40777925186500125
1271608067302424578,negative,0.018178645741661517
1271608070242742273,negative,0.00039100417992825234
1271608071538778113,negative,0.1735162678381825
1271608072356524032,negative,0.01719004681774222
1271608073073942531,negative,0.0024243095112091106
1271608074483257347,positive,0.9983075352990961
1271608074978148355,negative,3.262796994869556e-05
1271608075393343488,negative,0.0007231427052352044
1271608075540144128,negative,0.03002850738116171
1271608077582622720,negative,1.4282680352932503e-05
1271608077889032192,negative,0.05610309040052827
1271608078216069121,negative,0.021603191415718308
1271608078585278464,negative,0.01552788654488999
1271608079621263360,negative,0.027565523875858356
1271608081085009920,negative,0.08322768738511874
1271608081823170560,negative,0.00014776708917714314
1271608081835798530,negative,0.01552788654488999
1271608082867634178,negative,0.025882537075896325
1271608083022839808,neutral,0.43161563527106483
1271608083832352769,negative,0.08644627493108628
1271608084444573699,negative,9.922563958704833e-05
1271608084453101570,negative,0.1256518955108437
1271608086546038786,negative,0.012134753881449037
1271608087250681858,negative,0.06756897342989703
1271608088508936197,neutral,0.46127768308170247
1271608089037475841,negative,0.01786866897430779
1271608089133879297,neutral,0.34212779492080586
1271608089616306176,neutral,0.4805737486111101
1271608090266267648,negative,4.248465031732165e-07
1271608091352748032,negative,0.20159380095351803
1271608092149665794,negative,0.01552788654488999
1271608093634433025,negative,0.0011476103271417274
1271608094120972297,negative,0.06138095024089372
1271608094196412416,negative,0.0018896691811764045
1271608095270146051,negative,0.0018896691811764045
1271593123219636226,negative,0.007851522397655828
1271593123567865857,negative,0.012188883486078758
1271593124217982981,negative,2.591075758586456e-07
1271593124356165633,negative,0.021006306259734667
1271593129557229573,neutral,0.4447646601078042
1271593131155341316,negative,0.020144476084628184
1271593131595759616,negative,0.057796491944330515
1271593134938439680,negative,0.0005337906805971943
1271593134938624010,negative,6.512984620610969e-07
1271593135391608832,negative,0.00024331008020368132
1271593136104640512,negative,2.591075758586456e-07
1271593138944122882,negative,1.7698973498943423e-06
1271593143599677441,negative,1.933585310464779e-12
1271593143943790598,negative,0.043598371671244036
1271593150373642242,negative,0.000776930710446512
1271593158728704000,positive,0.9163803889450196
1271593160377012229,negative,0.025639399470099983
1271593164357472257,neutral,0.36288309791345896
1271593164873371648,negative,1.2712363670539786e-05
1271593172716617729,negative,0.12838812939548025
1271593178118971399,negative,0.1108724225574676
1271593185492508675,negative,0.0007792890403448442
1271593187359035393,negative,0.0002815662178472116
1271593191666528258,negative,0.15511201658124632
1271593197181915136,negative,0.02200490802371666
1271593204106891265,negative,4.2019044841720455e-13
1271593205306396678,negative,0.00033486341501223456
1271593209806950400,negative,2.0894430853727684e-06
1271593212034068480,negative,0.012737839203494904
1271593213300805639,negative,0.00013450526358577575
1271593214093467649,negative,0.0004134496194434338
1271593220405964804,negative,0.0006219621228194243
1271593223878672385,negative,0.006730568270745507
1271593227611594753,neutral,0.5136446707795853
1271593230182858752,negative,5.223963154146071e-07
1271593230937853952,negative,1.8896538521504345e-07
1271593240714719232,negative,0.02688418786477901
1271593243264921600,negative,0.00011901263857809462
1271593244623863808,negative,0.023498078279576007
1271593245726904322,negative,0.0007792890403448442
1271593245865361413,positive,0.8918884668879794
1271593247262081025,negative,0.056870447376820614
1271593252047802368,negative,4.418744347648673e-08
1271593261405216772,negative,0.0007792890403448442
1271593265712807937,negative,0.20536328777216717
1271593266245447682,negative,5.072916749394908e-07
1271593266820067332,negative,0.0012817192444642314
1271593267726036992,negative,0.0004197882042641723
1271593271207366657,negative,5.3402306337549835e-09
1271593277393784833,negative,0.00012420501629135366
1271593278920691712,negative,0.000113343914034636
1271593279201607680,negative,0.009846560555935899
1271593280762007552,negative,2.5913046767858217e-08
1271593281093238785,neutral,0.5687857095665848
1271593287825137667,negative,2.5913046767858217e-08
1271593290375278593,negative,0.027448640656931353
1271593292308807686,negative,0.0004079997663301192
1271593292845719562,negative,0.00045895412894266175
1271593293395222531,negative,4.470454366216858e-06
1271593298721898497,negative,0.02393603630821267
1271593300210978817,negative,0.005794459723821739
1271593301217611782,negative,0.0007792890403448442
1271593308725411840,neutral,0.4175127894986201
1271593309069283332,negative,7.539512380711145e-05
1271593309891432448,negative,0.03874410311432249
1271593315230777345,negative,0.177087985158205
1271593323640340481,negative,0.003529407935744416
1271593326735654912,negative,0.0010699644006365427
1271593328010723331,negative,4.694837174932634e-12
1271593333559832577,negative,0.021709604332655785
1271593335774380034,negative,0.0009607316885177706
1271593343747792896,neutral,0.5178862083008084
1271593350576177153,negative,0.25335515689688143
1271593352962678786,negative,9.969173768673451e-05
1271593357719089154,negative,1.8881990349305467e-06
1271593357832327171,negative,1.0198028466979829e-08
1271593379248439298,negative,0.000741947848106599
1271593380871655427,negative,0.00010447085625790439
1271593386819100675,negative,0.0001221317705956237
1271593388773531648,negative,0.13296808662116355
1271593412979044353,negative,3.200679592691947e-07
1271593416988725249,negative,0.04280065465232672
1271593421409587200,negative,1.1794016215872175e-14
1271593425377378306,negative,0.0007792890403448442
1271593428736978944,neutral,0.3546720800208321
1271593429353377793,negative,0.000301994072047382
1271593438484606978,negative,0.027448640656931353
1271593440007147522,negative,0.001101274878681515
1271593443316379649,neutral,0.4447646601078042
1271593447774998529,negative,0.02217154377743696
1271593448659959812,negative,0.016209290790676872
1271593448978681856,negative,1.1645731125497214e-05
1271593455815450627,negative,0.00011901263857809462
1271593456104886273,negative,1.6401177591361535e-06
1271593458260680704,negative,0.013656656250988898
1271593461419048960,negative,3.819310916515898e-05
1271593462727684096,negative,6.987994075042121e-05
1271593464254382090,negative,3.95659475333077e-07
1271593464925388800,negative,3.862754752462262e-09
1271593466708004871,negative,0.00025275081646389605
1271593467161063425,negative,6.006962404464335e-05
1271593469300047873,negative,4.707722522669544e-10
1271593473045598210,negative,0.0001753508518566849
1271593474492694528,negative,0.3072980061491629
1271593479513260034,negative,0.0012817192444642314
1271593480268271619,negative,0.027448640656931353
1271593484168974344,neutral,0.40489943793404687
1271593485158801408,negative,0.02393603630821267
1271593486446399490,negative,0.004026072618864484
1271593494390415360,negative,0.00378108630191286
1271593500161826821,negative,0.00843722953100808
1271593502934290432,negative,0.010571701777548669
1271593505429880832,negative,2.5913046767858217e-08
1271593505681485826,negative,9.378891785843558e-05
1271593509519265797,negative,9.02743384951262e-07
1271593512467861505,negative,4.947093285723205e-07
1271593513776345090,negative,5.871142133800969e-05
1271593514086916097,negative,0.0008678122531088177
1271593515865309184,negative,0.043598371671244036
1271593517849153536,neutral,0.5601188978225298
1271593521535950849,negative,0.00378108630191286
1271593525696741383,negative,0.0015405430897715265
1271593526812426240,negative,0.00378108630191286
1271593528133595137,negative,0.00011829639309848987
1271593530381795328,negative,2.093945499802632e-09
1271593532353118209,negative,0.00017194366572796755
1271593533670072330,negative,0.043598371671244036
1271593536362815490,negative,0.16820808951819544
1271593538816442370,negative,3.819310916515898e-05
1271593542285250561,negative,0.0008799829917635452
1271593548601794564,negative,0.01576748106588416
1271593551705583616,negative,0.0007792890403448442
1271593552540286977,negative,0.09206767259960509
1271593554104778752,negative,0.00378108630191286
1271593554985521152,negative,0.0024552000628847576
1271593555304370187,negative,0.0007792890403448442
1271593557019721729,negative,0.00378108630191286
1271593558643019777,negative,5.488848520983693e-14
1271593559808974849,negative,0.027448640656931353
1271593565714595841,negative,0.0007792890403448442
1271593567832674310,neutral,0.526576474445737
1271593568944168961,negative,0.0030496810765797346
1271593569674018816,neutral,0.47022341483285823
1271593576783319041,negative,0.014046147897169525
1271593579509682176,negative,3.085633039620424e-09
1271593580046532608,negative,0.047261405567618334
1271593584739979266,negative,0.25335515689688143
1271593585490657281,negative,0.033572730696548155
1271593588812656640,negative,0.0007792890403448442
1271593595884240896,negative,0.05364613986245537
1271593600636387329,negative,0.015496306010626303
1271593600867016706,negative,0.16998841990606575
1271593602154725381,negative,0.13930720077829303
1271593607636701185,negative,0.001017290661838239
1271593612250427393,negative,0.08190488325837685
1271593612845998082,negative,0.02145668812901573
1271593622958465026,negative,0.020144476084628184
1271593627135983619,negative,0.0963666577118249
1271593636547956741,negative,0.0007792890403448442
1271593642717741056,negative,0.0862585611122625
1271593655191699456,negative,5.2406656090681935e-08
1271593657397886980,negative,0.0898587353619473
1271593658597376001,negative,0.02688418786477901
1271593660245839872,negative,0.00015194828200427033
1271593662120693763,negative,2.5913046767858217e-08
1271593662393319424,negative,0.021857520388329284
1271593662837854209,negative,0.0004419507747243764
1271593665018945537,negative,0.0019331679559819218
1271593666436530176,neutral,0.47022341483285823
1271593667191623680,negative,2.8745452236342755e-08
1271593669297156098,negative,0.0002815662178472116
1271593673248124928,negative,0.025578724618177142
1271593676888838150,negative,0.0003240520471554586
1271593681171156993,negative,0.04739014385593059
1271593686904836097,negative,0.21331909504142105
1271593692013486083,negative,0.25335515689688143
1271593694693654528,negative,4.155105459460981e-05
1271593695805136896,positive,0.9376878850995406
1271593697860337664,neutral,0.5499524036871953
1271593701043732492,negative,0.043598371671244036
1271593703514218496,negative,0.00027050415832496503
1271593704416055299,positive,0.7928118076695136
1271593706806743040,negative,2.591075758586456e-07
1271593707586936835,negative,0.0009486254436701966
1271593714394238978,negative,0.00022235725057107158
1271593715593875458,negative,0.0007792890403448442
1271593715652575233,negative,4.155105459460981e-05
1271593717183512576,negative,2.6643837204404427e-05
1271593723730812931,negative,0.25335515689688143
1271593725580500992,negative,0.10793704106138172
1271593728822697985,negative,0.27171713020500216
1271593730936578048,negative,0.010679770357073081
1271593741711822860,negative,0.04538995088049146
1271593742273843201,negative,3.5086033579857617e-06
1271593743657902092,negative,1.384054840354023e-06
1271593746061242369,negative,0.25335515689688143
1271593749282463744,negative,1.366687324393454e-08
1271593749303513088,negative,0.0011647030668985843
1271593750058369024,negative,0.003529407935744416
1271593750435946497,negative,0.043598371671244036
1271593751119568896,negative,5.467873578520654e-08
1271593751899668482,negative,0.0018203862982037456
1271593754588299266,negative,0.1811103836121281
1271593762175643649,negative,0.00597049474419858
1271593762691710977,negative,9.969173768673451e-05
1271593765380202497,positive,0.9465664790846496
1271593772279902211,negative,0.004026072618864484
1271593780831977474,neutral,0.4447646601078042
1271593781268230144,negative,1.1048393623313924e-06
1271593781301776388,negative,0.017679924830153806
1271593786796376065,negative,0.037251443669164615
1271593787966533633,negative,0.3191167659071414
1271593788637495296,negative,0.0007792890403448442
1271593791154262016,negative,0.26452909004521824
1271593793469534208,negative,5.505232152633796e-07
1271593798137794560,negative,0.00378108630191286
1271593799509295106,negative,0.0012621969506292634
1271593801891618817,negative,0.3042404147264943
1271593801891696640,neutral,0.3385252644667176
1271593804076703744,negative,0.27726466253723114
1271593822015959040,negative,0.011226408456562906
1271593823915986945,negative,0.0007792890403448442
1271593825585238018,negative,4.470454366216858e-06
1271593825794916352,negative,4.47473228583899e-05
1271593830387781638,negative,9.969173768673451e-05
1271593835966222337,negative,0.0012817192444642314
1271593838386257920,negative,5.0557647569287815e-05
1271593846443511814,neutral,0.47022341483285823
1271593857227030529,negative,1.6622990374699103e-06
1271593859424882690,neutral,0.5687857095665848
1271593867649974273,neutral,0.4177692264811307
1271593868622991361,negative,0.007851522397655828
1271593869252136961,negative,0.005640490184301766
1271593871605202944,negative,9.969173768673451e-05
1271593873970733058,neutral,0.48164547114327055
1271593876541882368,negative,2.591075758586456e-07
1271593880329367554,negative,2.310712315916819e-07
1271593881239420929,negative,1.8718559923887837e-06
1271593884917915648,negative,7.875159430450579e-05
1271593894824808449,negative,2.5913046767858217e-08
1271593905054781440,negative,0.01856782267069138
1271593906594078720,negative,2.6643837204404427e-05
1271593908867231744,negative,0.006167157291696216
1271593922087845890,negative,0.0008008309839006699
1271593926965813248,negative,0.0007792890403448442
1271593927393624064,negative,0.03229431056441894
1271593932158361603,negative,0.00010496803012038405
1271593934972649472,negative,3.311242878274827e-13
1271593939804532740,negative,0.021627431454297928
1271593940328873984,negative,0.0007792890403448442
1271593942077898752,negative,0.00378108630191286
1271593944598679554,negative,0.00017899738302113943
1271593949061419009,negative,2.591075758586456e-07
1271593953289216001,negative,9.468015237581616e-07
1271593958641197058,negative,0.27012265494649884
1271593965985431552,negative,0.0012621969506292634
1271593976357883904,negative,0.0024552000628847576
1271593976878059521,negative,3.819310916515898e-05
1271593977691676674,negative,0.04538995088049146
1271593978937425920,negative,6.731619622251113e-05
1271593979553988609,negative,0.0005515286234204468
1271593987690967040,negative,0.0012817192444642314
1271593989200846848,negative,0.00378108630191286
1271593995588849664,negative,0.01962949821830605
1271593999242014722,negative,4.516631207498421e-06
1271594000340914177,negative,0.08557489684757463
1271594001926422528,negative,0.0007792890403448442
1271594003146866688,negative,0.001350602398731681
1271594003235045379,negative,1.0959355209039085e-06
1271594016270888961,negative,0.00017194366572796755
1271594016862240773,negative,0.02393603630821267
1271594020494553088,negative,5.551831813506857e-17
1271594024198197252,negative,0.02217154377743696
1271594026387505153,negative,0.25335515689688143
1271594027750756354,negative,9.969173768673451e-05
1271594031898923018,negative,0.043598371671244036
1271594033622769665,negative,3.9452938836547317e-05
1271594046704832518,negative,0.0002284168289116694
1271594047455604744,negative,0.00011031304550549644
1271594049762443265,neutral,0.4209661743188113
1271594052128067584,negative,0.0006704657079413895
1271594058230661120,negative,2.415986810837837e-08
1271594058801197056,negative,0.0007562809404406284
1271594061376434177,negative,9.076541062222078e-07
1271594063767142401,negative,0.23544763312084108
1271594066183098368,negative,0.0012817192444642314
1271594068485824513,negative,0.0011647030668985843
1271594075565809665,negative,0.00015194828200427033
1271594075750350849,negative,3.919612254579468e-11
1271594077524357121,neutral,0.5719050349931522
1271594078199861250,negative,1.3286846500490968e-05
1271594079084830720,negative,1.584078080531081e-05
1271594083241377792,negative,2.5545664477025015e-05
1271594084629655553,negative,0.25335515689688143
1271594086991040512,negative,3.3940188236765445e-11
1271594089373458433,negative,2.5133744298571577e-10
1271594092317814792,negative,0.00011901263857809462
1271594105773215744,negative,0.043598371671244036
1271594108096860162,negative,0.004120441813319072
1271594111020208135,negative,0.10793704106138172
1271594114153426948,negative,1.2921038204782216e-06
1271594115663310850,negative,0.0005849941390049283
1271594115826724864,negative,0.052876672392994324
1271594117655678981,negative,0.0007792890403448442
1271594121094979585,negative,0.00015194828200427033
1271594123347349506,negative,3.5937589662538915e-05
1271594136139956225,negative,0.0019266910680100849
1271594136571908096,negative,0.0024552000628847576
1271594136584552450,negative,7.358044346501416e-05
1271594139541557249,negative,0.0008875246711521162
1271594140653019141,neutral,0.4175127894986201
1271596321854627840,negative,0.003973822344403243
1271596322773184517,negative,0.10253632564806826
1271596323243012101,negative,3.142655117161189e-10
1271596329987452928,negative,9.467218193172036e-07
1271596331010797569,negative,0.08459657919632661
1271596333581860865,negative,2.636601230446188e-06
1271596343115624453,negative,0.04981205101671804
1271596343757332481,negative,0.00027511079564193657
1271596343925051392,negative,0.021857520388329284
1271596347511185408,negative,0.0008614290823811499
1271596348882800641,negative,0.0019535187321242874
1271596349117644800,negative,2.6179229459274218e-05
1271596350036197378,negative,0.003973822344403243
1271596350623416320,negative,0.0007792890403448442
1271596352997412865,negative,0.0012184469232403693
1271596359611711495,negative,2.591075758586456e-07
1271596366196887554,negative,0.011767852579308109
1271596366532411392,negative,0.25335515689688143
1271596371435565057,negative,0.012654041711163942
1271596375160078337,negative,0.00012420501629135366
1271596378804944896,positive,0.9376878850995406
1271596381069807616,negative,0.003343791758710994
1271596382374281221,negative,1.3529877496386562e-12
1271596383414489091,negative,7.374540670217284e-05
1271596383548723203,negative,0.0013429014042424278
1271596385343877121,negative,0.0012094116007891338
1271596386224689154,negative,0.003973822344403243
1271596386967072768,negative,2.7253022227746426e-05
1271596387969503233,negative,1.2603463253681366e-05
1271596392654438400,negative,9.969173768673451e-05
1271596396320301057,negative,3.621256586992945e-06
1271596399591915520,negative,1.2603463253681366e-05
1271596401840082944,neutral,0.3403391890910929
1271596402083352583,negative,2.5913046767858217e-08
1271596403056312325,negative,8.898413419572841e-08
1271596406311211009,negative,5.078340349789644e-06
1271596413688983552,negative,0.0007792890403448442
1271596414544601088,negative,0.02217154377743696
1271596414980829185,negative,0.02393603630821267
1271596426997362688,negative,0.013103677953208789
1271596432768864257,negative,0.001721101308862727
1271596433435693056,negative,0.003973822344403243
1271596433637023747,negative,0.0012817192444642314
1271596438838001664,negative,0.00378108630191286
1271596439119020033,negative,2.6137610439811833e-08
1271596442759639043,negative,0.3042404147264943
1271596442818424834,negative,0.002400385706485326
1271596443460042752,negative,0.00378108630191286
1271596443996913664,negative,0.0012184469232403693
1271596460040163328,negative,1.3828955192694888e-07
1271596468613365761,negative,0.03735484851104384
1271596473512333312,negative,0.003343791758710994
1271596477001936897,positive,0.8354453140636424
1271596477274521600,negative,7.710356283245963e-14
1271596480109973505,negative,0.003973822344403243
1271596481439358976,negative,4.499869136502425e-16
1271596486321725446,negative,0.0002667901678586284
1271596489018662913,negative,0.03152235848055541
1271596492504039424,negative,0.003725184257017783
1271596502293655552,negative,0.25335515689688143
1271596502591451140,negative,0.00015194828200427033
1271596503467995136,negative,0.0007792890403448442
1271596508073414661,negative,0.09540948145500172
1271596508413124613,negative,0.0007792890403448442
1271596515744677888,positive,0.737382595529454
1271596519641227272,negative,0.0008516384286088191
1271596520102670338,negative,0.08208636034458286
1271596526524141576,negative,0.0006003604397022168
1271596526922543104,negative,0.00027511079564193657
1271596527430053890,negative,0.012509109306323828
1271596531678937089,negative,1.867592843708036e-07
1271596537026617345,negative,0.0007792890403448442
1271596538398154752,negative,0.011280592027584541
1271596540793163776,neutral,0.5257204288850167
1271596548552613889,negative,0.0004134496194434338
1271596555691270145,negative,0.025659849145033102
1271596555838128129,negative,0.0012817192444642314
1271596558816075778,negative,0.00378108630191286
1271596566105722882,negative,0.003973822344403243
1271596568500670469,negative,0.09915610094810702
1271596574414712839,negative,0.021040165727756896
1271596574515347457,negative,3.819310916515898e-05
1271596582992064512,neutral,0.49789225920557484
1271596583059181568,negative,0.18055749493518314
1271596586154569735,negative,0.023076548437209583
1271596588062986240,negative,0.25335515689688143
1271596589182783493,negative,2.3324898933725808e-06
1271596590877347841,negative,3.966981569613598e-06
1271596591145771009,negative,0.010259748450212628
1271596593343430661,negative,6.790530162834492e-05
1271596598557057025,negative,0.003973822344403243
1271596600444542978,negative,0.000134357185112244
1271596602352951297,negative,1.1892413705521815e-11
1271596608942211072,negative,0.003973822344403243
1271596611181989895,negative,0.04611722474526772
1271596611769176064,negative,0.00552348947739771
1271596613220339721,negative,0.0008600396597804504
1271596621726388224,negative,0.03181500786814573
1271596627380310022,negative,0.009622572310954156
1271596631725662214,negative,0.0007792890403448442
1271596631771811841,negative,2.7552409492258844e-07
1271596632631541765,negative,1.8150893801795408e-05
1271596638096760837,negative,0.0049340759822273155
1271596644669313025,negative,0.0014399628685933888
1271596644929339393,negative,4.375276947488724e-05
1271596650725769218,neutral,0.6392631539626294
1271596652252495872,neutral,0.4378569275963912
1271596661698105348,negative,0.037251443669164615
1271596666450259975,negative,0.003973822344403243
1271596669038211072,negative,0.003973822344403243
1271596671965646848,negative,0.043598371671244036
1271596677560967168,negative,0.0004876366714578215
1271596678131433472,negative,9.969173768673451e-05
1271596681356853250,negative,0.0017955415245871978
1271596686801080320,negative,0.0004876366714578215
1271596689002868736,negative,0.0012817192444642314
1271596691653869568,negative,9.969173768673451e-05
1271596691720978432,negative,0.010246868042062453
1271596692861857792,negative,6.320489341911389e-05
1271596694162100224,negative,0.012473307433307785
1271596696829640704,negative,0.00015194828200427033
1271596702282264581,negative,0.005147216063673702
1271596711534829569,negative,3.4991268952957282e-12
1271596713468473345,negative,0.0007792890403448442
1271596715041345536,negative,0.0007792890403448442
1271596719273390086,negative,0.043598371671244036
1271596719570972674,negative,0.0008758140422094308
1271596721458610184,negative,1.4023897710794074e-05
1271596727628333058,negative,0.01339437267397855
1271596728052060160,negative,0.04280065465232672
1271596733378822144,negative,2.591075758586456e-07
1271596734372855814,negative,0.09921123420211639
1271596737191383041,negative,0.003973822344403243
1271596737220825088,negative,0.02102177281801538
1271596737325666305,negative,0.021857520388329284
1271596738156154880,negative,0.0008614290823811499
1271596748121792514,negative,0.003973822344403243
1271596757345095682,negative,0.03005060275768275
1271596762537562114,negative,0.003973822344403243
1271596764823502849,negative,0.003973822344403243
1271596765385560064,negative,3.573143789176972e-09
1271596769881862148,negative,0.051359782873174525
1271596770720702464,negative,0.0008830687634917141
1271596776001277953,negative,0.003973822344403243
1271596780120145928,negative,2.3402542705577445e-05
1271596783634956290,negative,0.003973822344403243
1271596783966224387,negative,0.043598371671244036
1271596784834543617,negative,2.3402542705577445e-05
1271596787397255168,negative,0.00378108630191286
1271596788043128833,negative,0.02688418786477901
1271596793852280836,negative,0.25335515689688143
1271596795169308673,negative,2.591075758586456e-07
1271596799707557891,negative,0.010679770357073081
1271596804207935488,negative,0.003973822344403243
1271596808507133952,negative,1.995211515033963e-05
1271596808591101954,negative,0.00015194828200427033
1271596809115373568,negative,0.003973822344403243
1271596811095080963,negative,4.097816158278059e-06
1271596815301959680,negative,0.04505282528461236
1271596816430256133,negative,1.2196347779163147e-06
1271596816891629569,negative,0.004451096442316898
1271596823518404608,negative,0.13863377107692237
1271596827201220610,negative,0.0342623162494508
1271596828732133376,negative,0.003973822344403243
1271596832729321474,negative,0.003973822344403243
1271596838320209921,neutral,0.38925109863976903
1271596843810656258,negative,0.00022235725057107158
1271596850689314817,negative,0.0007792890403448442
1271596850798301195,positive,0.9376878850995406
1271596856490016768,negative,7.961697753169088e-05
1271596860537520128,negative,4.64111547042975e-07
1271596860776558593,negative,0.00015194828200427033
1271596872277336070,negative,3.021171421855605e-06
1271596873401450497,negative,0.027448640656931353
1271596877352521728,negative,0.00033701147518726325
1271596880196243456,negative,1.2603463253681366e-05
1271596884088553472,negative,0.00011892351649418949
1271596887519485952,positive,0.673970131622978
1271596889520115714,negative,0.002920460525951908
1271596892154138624,negative,0.043598371671244036
1271596892191887363,negative,0.007851522397655828
1271596894318399488,negative,2.060799762295034e-06
1271596896746967040,positive,0.9959838921252293
1271596900454674433,negative,0.003973822344403243
1271596908289671168,negative,7.785834959777342e-12
1271596913029189633,negative,0.002410440647724755
1271596913884909568,negative,2.5913046767858217e-08
1271596917466828800,negative,0.0004876366714578215
1271596917529751557,negative,4.155105459460981e-05
1271596918892830721,neutral,0.6189256794489393
1271596920448978946,negative,9.969173768673451e-05
1271596920637657091,negative,0.14538500776156432
1271596921287774213,negative,4.098561365774487e-17
1271596925142413312,negative,0.043598371671244036
1271596928892051456,negative,0.05918674079165848
1271596932645957633,negative,0.00015194828200427033
1271596933711347723,negative,2.5916267264925463e-06
1271596937872105472,negative,3.066807388963688e-05
1271596938304028679,negative,0.004578848363093363
1271596940518658050,negative,0.010350347340446348
1271596945774174211,negative,0.11506561529136326
1271596946730467328,negative,0.10253632564806826
1271596947208654848,negative,0.02042384579121631
1271596947804217347,negative,0.003973822344403243
1271596952145268745,negative,0.01124089626509279
1271596963654520834,negative,6.239851611922464e-08
1271596967471263748,negative,1.615608504840609e-13
1271596969555906562,negative,0.019444929487919847
1271596969899761670,negative,0.00011193593515254716
1271596972034703361,negative,0.025639399470099983
1271596975608213506,negative,0.0007181692333256263
1271596979278184454,negative,1.9060249676753185e-12
1271596980431699968,negative,0.005700200638824289
1271596980905611265,negative,0.055725390905542925
1271596981987815425,negative,0.003973822344403243
1271596986442096642,negative,9.401129896902936e-05
1271596988740534272,negative,0.0012621969506292634
1271596991437512704,negative,0.0006704657079413895
1271596992553254913,negative,0.00011031304550549644
1271596998924414976,negative,0.003973822344403243
1271597000920793088,negative,0.003973822344403243
1271597007107428359,negative,0.0007792890403448442
1271597008504205312,negative,0.10253632564806826
1271597011100262400,negative,0.003973822344403243
1271597012086071296,negative,0.005700200638824289
1271597015575789569,negative,7.351855914289468e-07
1271597017631002625,negative,0.027448640656931353
1271597019711320065,negative,0.10253632564806826
1271597023431663619,negative,1.3973821039360964e-07
1271597024044036097,negative,0.04974724211023482
1271597025277218818,negative,0.003973822344403243
1271597039269404673,negative,0.005195042746741752
1271597039386857475,neutral,0.49789225920557484
1271597039852441600,negative,1.2603463253681366e-05
1271597043988025344,negative,0.003973822344403243
1271597047385382913,negative,1.9776222508820046e-08
1271597048001777664,negative,0.00011991444321177718
1271597051063816198,negative,9.656849847324523e-07
1271597052036866051,negative,8.701428326622808e-05
1271597052473065474,negative,2.193420522902472e-05
1271597056495247360,negative,0.0007792890403448442
1271597063764094986,negative,1.2244817895580458e-12
1271597071469088768,negative,0.03286490300788411
1271597073553653760,negative,0.21921412548362115
1271597073947860993,negative,2.580937963646855e-06
1271597080876900353,negative,0.00029582788881604065
1271597091991818240,negative,7.156067975149232e-06
1271597092893491203,negative,8.701428326622808e-05
1271597093036134401,negative,0.04211765179267479
1271597093380071425,negative,0.003973822344403243
1271597094147690499,neutral,0.47022341483285823
1271597094525157377,negative,0.0033765450566541496
1271597096915918849,negative,0.0007792890403448442
1271597097742217218,negative,0.316469533656467
1271597104398508032,neutral,0.45784765885989215
1271597106575355906,negative,0.043598371671244036
1271597107435184135,negative,0.043598371671244036
1271597112015368194,negative,0.0012621969506292634
1271597112636170240,negative,0.003973822344403243
1271597112900423680,negative,0.0007792890403448442
1271597117451177986,negative,0.00011142296621576636
1271597130982068224,negative,2.3324898933725808e-06
1271597140486356993,negative,0.0008614290823811499
1271597146089951232,negative,0.25335515689688143
1271597147323015168,negative,0.055907589247424797
1271597151139831809,negative,1.9776222508820046e-08
1271597152226156545,negative,0.013863621545425898
1271597152729432064,negative,0.0033765450566541496
1271597163311706112,negative,0.02522245056210948
1271597165496983557,negative,0.027448640656931353
1271597166318977029,negative,4.262221513790034e-05
1271597175173263360,negative,0.0012621969506292634
1271597177668866053,negative,0.003973822344403243
1271597179048771584,negative,0.0007792890403448442
1271597179531116544,negative,0.005806849218190481
1271597182710353920,negative,0.02727216023653068
1271597188313948160,negative,0.04981205101671804
1271597189190553605,negative,0.007851522397655828
1271597196832657413,negative,0.02217154377743696
1271597202683486208,negative,0.020144476084628184
1271597208471822341,negative,0.1556140994261776
1271597210073993217,negative,0.00029154540305524406
1271597213790109701,negative,0.21921412548362115
1271597215597899781,negative,0.10253632564806826
1271597221272850432,negative,0.043598371671244036
1271597224699576321,negative,0.0001708847797689893
1271597235290210304,negative,0.003814108163842695
1271597237622255616,negative,0.23294068455996694
1271597242181353479,negative,0.03874410311432249
1271597242294689792,negative,0.003973822344403243
1271597254214852608,negative,0.0007792890403448442
1271597256785920001,negative,0.0011514194115039024
1271597257041813504,negative,9.443690629162034e-07
1271597258237149186,negative,0.0011514194115039024
1271597258488909824,negative,0.0009708482868476519
1271597259268820994,negative,0.0002818809383247842
1271597263173890050,negative,0.016495004903866888
1271597264037961735,negative,4.865219026305133e-11
1271597265262710785,negative,2.5567874596957107e-05
1271597270975352837,negative,0.21921412548362115
1271597271231184899,negative,0.00646364561207488
1271597276486684674,negative,0.18194548230551302
1271597279086927872,negative,0.0015861855832779727
1271597283331768321,negative,0.030736005571041863
1271597289631555586,negative,0.00021647768823655032
1271597289723887616,negative,1.0297995759595006e-06
1271597290554261504,negative,0.004290037388607409
1271597298741587968,negative,2.7846781213824184e-06
1271597300247396352,negative,0.0012630831170038354
1271597303825149952,negative,0.00260339549608864
1271597304122953728,negative,3.819310916515898e-05
1271597305918038024,negative,0.05364613986245537
1271597307130249216,negative,0.00015194828200427033
1271597310280118272,negative,0.0014987689407853601
1271597310632476673,negative,0.00019507795142191794
1271597312381456384,negative,4.6501859940505806e-07
1271597317041328129,negative,0.053140809492412
1271597323177668609,negative,0.06803310776578682
1271597324683395072,negative,2.2789771628605624e-05
1271597333923409921,negative,0.03735484851104384
1271597340911177728,negative,0.02393603630821267
1271597345457811456,negative,0.003973822344403243
1271597353477320707,negative,3.388983239722801e-08
1271597355503161344,negative,0.000186870021905239
1271597355696078850,negative,0.00020244117892311358
1271597359143804928,negative,0.08826551518822837
1271597366974582784,negative,0.003973822344403243
1271597371433062400,negative,2.7635042353302115e-09
1271597372632715264,negative,0.0007792890403448442
1271597379800743936,negative,0.0012817192444642314
1271597391960068101,positive,0.7523492196731302
1271597396523454464,negative,5.966836602680692e-06
1271597401736990727,negative,0.027448640656931353
1271597401959272448,negative,1.4057613180033522e-11
1271597402957516804,negative,0.0007792890403448442
1271597405297926145,negative,0.003973822344403243
1271597405532835845,negative,2.6495504360751003e-10
1271597406069624833,negative,0.12834040612909528
1271597418723905539,neutral,0.49789225920557484
1271597418770022400,negative,0.23294068455996694
1271597419902504962,negative,0.039388925445341484
1271597423647916034,negative,2.204073901978338e-05
1271597424046465024,negative,3.621256586992945e-06
1271597424851722242,negative,0.0037769454121348005
1271597434553196545,negative,7.108037944153608e-05
1271597438781067265,negative,0.043598371671244036
1271597439246643206,negative,0.012737839203494904
1271597458532024321,negative,0.020144476084628184
1271597462168522754,negative,0.0007792890403448442
1271597462634074112,negative,0.003973822344403243
1271597463170887682,negative,0.008732705358646405
1271597468145389569,negative,0.003973822344403243
1271597468652838912,negative,0.003973822344403243
1271597470548721666,negative,0.023076548437209583
1271597478886989824,negative,9.969173768673451e-05
1271597479620902913,negative,2.5879362668712387e-09
1271597480866713601,negative,1.992898004785106e-09
1271597494439424000,neutral,0.47022341483285823
1271597498457559047,neutral,0.42110568522073166
1271597505680232448,negative,0.004792262699803094
1271597509920555008,negative,0.004079551964237448
1271597510637879298,negative,0.00015194828200427033
1271597518649020417,negative,0.0012973237139301931
1271597522264494080,negative,0.007851522397655828
1271597526819516419,negative,0.25335515689688143
1271597527486398466,negative,1.4484917895270907e-10
1271597528765665282,negative,0.007851522397655828
1271597531626160129,negative,6.108716952254628e-11
1271597534641893376,negative,2.6137610439811833e-08
1271597539972784131,negative,0.011718499768500725
1271597546771808259,negative,0.0011647030668985843
1271597549493739522,negative,0.020144476084628184
1271597549825273856,negative,0.0017125853811969492
1271597549846179840,negative,1.6553226614194768e-06
1271597550026579969,positive,0.9376878850995406
1271597550269870081,negative,0.008407517064171418
1271597550777315328,negative,2.004921253850881e-07
1271597551041511426,negative,2.9070923024362388e-05
1271597551087730688,negative,7.302230655546502e-07
1271597565956558848,negative,0.03286490300788411
1271597568766730241,negative,0.0009372671867283373
1271597572092768256,negative,0.020144476084628184
1271597574714273800,negative,0.040288383949253936
1271597575737671680,negative,0.003973822344403243
1271597579793506304,negative,0.10599452733639633
1271597580636565504,negative,0.003343791758710994
1271597587431411714,negative,1.5341723752426209e-06
1271597587590774787,negative,0.025078742602303892
1271597588282855425,negative,0.012654041711163942
1271597591881560069,negative,0.003973822344403243
1271597599217287168,negative,7.084752127017189e-05
1271597599485722626,negative,0.003814108163842695
1271597608591659011,negative,2.0532248931612766e-05
1271597611234086912,negative,0.0007792890403448442
1271597619631054849,negative,0.030939648901928896
1271597620264386560,negative,0.003973822344403243
1271597621455585282,negative,0.0007792890403448442
1271597624026705921,negative,0.021857520388329284
1271597624446066689,negative,0.003973822344403243
1271597625943474176,negative,9.969173768673451e-05
1271597631547027457,negative,4.155105459460981e-05
1271597634441154562,negative,0.0007792890403448442
1271597635992989696,negative,0.0009708482868476519
1271597640225079297,negative,0.027448640656931353
1271597641596633088,negative,0.00011668379284097025
1271597645904183296,negative,3.911583185469445e-06
1271597649754492933,negative,0.004821811556308185
1271597656293474311,negative,7.238406902402059e-13
1271597656339603456,negative,2.5913046767858217e-08
1271597656486350850,positive,0.9126838194532707
1271597664853987330,negative,0.003973822344403243
1271597669383798785,negative,4.529796457119202e-06
1271597671892111360,negative,0.0012300676373032244
1271597675117522944,positive,0.9999766345689093
1271597676203778048,negative,0.0007792890403448442
1271597676589715456,negative,8.003284203024864e-06
1271597677747343361,negative,0.003973822344403243
1271597679110389760,negative,0.0007792890403448442
1271597679785783297,negative,0.033572730696548155
1271597680633012224,negative,0.0007792890403448442
1271597685397696515,negative,0.25335515689688143
1271597686765113344,negative,0.0019038511763290265
1271597698244902912,negative,0.003973822344403243
1271597698324537345,negative,0.003973822344403243
1271597704024637441,negative,0.0009486254436701966
1271597713839337473,negative,9.969173768673451e-05
1271599891626762240,positive,0.7251729371248693
1271599894042742785,negative,2.5913046767858217e-08
1271599897834409986,negative,4.368875533015115e-05
1271599906004897798,negative,0.043598371671244036
1271599910299803658,negative,0.0014755702298544654
1271599919455809537,negative,0.04887220730903763
1271599921968357377,negative,1.7138561335571095e-09
1271599922371014656,negative,0.0022554135836954105
1271599923671240704,negative,0.0005554218152617718
1271599942885408769,negative,0.020144476084628184
1271599944005226496,negative,2.2790034006795764e-15
1271599946333130752,negative,0.12749187625208142
1271599949021667328,negative,0.0010806695904337599
1271599952716840961,negative,2.4063359543752813e-06
1271599953245241345,negative,0.0004842041587017527
1271599953752854528,negative,7.777559286937582e-07
1271599953966661633,negative,0.00378108630191286
1271599957573873664,neutral,0.526576474445737
1271599958026866693,negative,0.0007792890403448442
1271599966331510784,negative,0.020144476084628184
1271599972698464262,negative,0.021405406620931915
1271599980592140291,negative,1.1124518455370492e-08
1271599983364579331,negative,0.0013429014042424278
1271599984539041805,negative,0.0012817192444642314
1271599985281417216,negative,0.043598371671244036
1271599999948906496,negative,0.0005212212119467589
1271600001408475136,negative,0.010739981470247
1271600002750656512,negative,1.2948795981605198e-14
1271600003014942722,negative,1.9527337500220196e-05
1271600003077869568,negative,0.0007792890403448442
1271600003644100609,negative,0.04280065465232672
1271600003774058502,negative,0.003973822344403243
1271600005330190336,negative,3.966822552530398e-17
1271600008920551429,negative,0.3178621324071323
1271600009012789253,negative,4.838497189316997e-08
1271600011751587840,negative,7.553365003436782e-07
1271600012758138880,negative,4.870543254678841e-13
1271600020882587657,negative,6.145047124734806e-05
1271600024162574336,negative,0.0001059828356607451
1271600024812748803,neutral,0.6188516680113663
1271600025500598273,positive,0.6939884891293776
1271600039081791490,neutral,0.5742634858709563
1271600046971195392,negative,0.04280065465232672
1271600048669892609,negative,0.028923364317601757
1271600061265346561,negative,0.005195042746741752
1271600069335187456,negative,0.0009097612640917122
1271600070379671552,negative,0.0014463569451518387
1271600071994421250,negative,0.039388925445341484
1271600073869328385,negative,2.3825992459236895e-11
1271600075094065152,negative,0.0007792890403448442
1271600081066774528,negative,9.969173768673451e-05
1271600085273579520,negative,0.003973822344403243
1271600088222220290,negative,0.3178621324071323
1271600090424074246,neutral,0.47022341483285823
1271600098636640257,negative,0.07141646449969946
1271600103179071489,negative,0.0012621969506292634
1271600109164417024,negative,0.0007792890403448442
1271600121105526784,negative,0.0024552000628847576
1271600130458898435,negative,3.3646577560298557e-07
1271600133025783810,negative,0.09673658393130964
1271600136834203648,negative,0.0012817192444642314
1271600141196238850,negative,2.3692468240564367e-06
1271600143045885953,negative,0.0014399628685933888
1271600151262527494,negative,2.424472613278189e-05
1271600151883386880,negative,0.02393603630821267
1271600155528134657,negative,9.969173768673451e-05
1271600156765573120,negative,0.0007792890403448442
1271600158137036801,negative,0.0008702075355773363
1271600160666198016,negative,0.012654041711163942
1271600166030790656,negative,0.0001439439077271006
1271600170963255301,negative,0.03725822418196405
1271600171483365383,negative,0.04206157332076232
1271600176227123202,neutral,0.3639021489049453
1271600177938341888,negative,0.005195042746741752
1271600177971974144,negative,0.017706573398704156
1271600180232704004,negative,0.0007792890403448442
1271600190999445507,negative,0.030670274228765823
1271600191942975488,negative,0.17270826211216203
1271600192832376832,negative,4.706002930049394e-06
1271600195046907905,negative,9.969173768673451e-05
1271600197097918465,negative,0.0001312963218041482
1271600197940981765,negative,0.027448640656931353
1271600198779797505,negative,0.0007792890403448442
1271600203750129664,negative,0.012737839203494904
1271600210486145024,negative,0.003973822344403243
1271600212147142656,negative,0.002229466605090298
1271600215603261447,negative,0.07322852455570943
1271600218962825216,negative,0.009831873075936911
1271600220514717697,negative,0.1556140994261776
1271600221898838016,negative,0.0013510195801002803
1271600223387824129,negative,0.00015194828200427033
1271600229775785984,negative,2.987298776719555e-05
1271600232908947456,negative,4.911685377189082e-06
1271600233194106880,negative,0.18572526141134157
1271600233961721859,negative,0.020125676599585248
1271600237203857409,negative,8.600463405118338e-10
1271600237245870081,negative,0.0009428546690388684
1271600240970383360,negative,0.00015194828200427033
1271600242203320320,negative,9.637871592730907e-08
1271600244451663874,negative,1.1366661997645509e-09
1271600251527409664,negative,0.0023016278338917682
1271600252936695813,negative,1.6553226614194768e-06
1271600255327485953,negative,9.969173768673451e-05
1271600262919176198,neutral,0.4793230534748989
1271600263296684032,negative,1.6041330117019808e-05
1271600264085200897,negative,2.1555484296154016e-07
1271600271223853059,neutral,0.47022341483285823
1271600271379124227,negative,0.021579300129720203
1271600272201134082,negative,7.845754142205334e-07
1271600278178013189,negative,5.13111563555057e-05
1271600280472297473,negative,0.008732705358646405
1271600281009164288,neutral,0.5716012724331843
1271600283643240448,positive,0.6692960082438675
1271600291494932480,negative,0.056348301136172535
1271600296389722113,neutral,0.4785583059603393
1271600297559851015,negative,1.2536660182554678e-06
1271600311199772673,negative,0.0021405188688738966
1271600311304683520,negative,1.6041330117019808e-05
1271600315708694528,negative,0.00015194828200427033
1271600339985346560,negative,8.817523008907074e-09
1271600342711652353,negative,0.0005554218152617718
1271600345660227584,negative,0.0003689724226777469
1271600345874149376,negative,6.992095040276581e-09
1271600348063506432,negative,0.043598371671244036
1271600352383680513,negative,0.021857520388329284
1271600353159589889,negative,0.0007792890403448442
1271600354459889670,negative,0.3169582959316926
1271600359300108293,negative,0.0020733943920108093
1271600360197685248,negative,2.5545664477025015e-05
1271600361527279617,negative,2.9744964746835835e-10
1271600362093522944,negative,0.022375551056946393
1271600362747654146,negative,0.03782523386136421
1271600364740116480,negative,2.6576920437012556e-06
1271600372394704901,negative,0.000290370551184125
1271600373279711234,negative,0.25335515689688143
1271600376752615425,negative,0.0007792890403448442
1271600384340090880,negative,0.08298859892739842
1271600389318639618,negative,7.663737203179467e-05
1271600390413434886,negative,0.027448640656931353
1271600403487109120,negative,0.026922854003997063
1271600406091706368,negative,0.25335515689688143
1271600411980574726,negative,0.25335515689688143
1271600412592869377,negative,0.0026685567440717325
1271600413708636161,negative,0.19303647819621367
1271600415759622147,negative,0.003973822344403243
1271600415793131520,negative,0.03419228981321651
1271600421249986560,negative,0.0006003604397022168
1271600421778395137,positive,0.9870752462886712
1271600428090875905,negative,0.003808059304477504
1271600430167085056,negative,0.0001925580891817986
1271600434780803074,negative,6.6705870613561576e-06
1271600440996741120,negative,0.14905015746352102
1271600443857174528,negative,2.3245851787696e-05
1271600445283328002,negative,0.01150349487764005
1271600460445683712,negative,0.003973822344403243
1271600471015411714,negative,0.25335515689688143
1271600476379848704,negative,0.003973822344403243
1271600478120484864,negative,1.211628174153691e-05
1271600482830684163,negative,0.023076548437209583
1271600484785238016,negative,9.916492485058788e-05
1271600487951937539,negative,0.25335515689688143
1271600490388783104,negative,7.342207587508177e-10
1271600493903712257,negative,9.527859430964512e-05
1271600498945265666,negative,0.003973822344403243
1271600502665555969,negative,0.00015194828200427033
1271600504280363010,negative,0.04538995088049146
1271600504318148608,negative,0.02393603630821267
1271600506725687297,negative,0.02508018467321002
1271600507040251912,neutral,0.49789225920557484
1271600512887066626,negative,0.00824579858409366
1271600514535436288,negative,0.03298210907421296
1271600519237287937,negative,0.03874410311432249
1271600519304314881,negative,0.00010738053503235835
1271600523251265544,positive,0.833445851625726
1271600525428043776,positive,0.7928118076695136
1271600530146709512,negative,0.02770583849791173
1271600533262999552,negative,0.0004876366714578215
1271600536882688001,negative,0.0007792890403448442
1271600541152534531,negative,0.007877791004338278
1271600546760146945,negative,0.0019266910680100849
1271600548349911041,negative,3.218128057863908e-11
1271600557376057353,negative,0.0005554218152617718
1271600562111426561,negative,0.3039634081090174
1271600565789704193,negative,4.684867541176746e-10
1271600569589915648,negative,0.09673658393130964
1271600575273197568,negative,0.3178621324071323
1271600585138192389,positive,0.9969569543223912
1271600585574252549,negative,0.09093657863504354
1271600585704341504,negative,0.005700200638824289
1271600598744535040,negative,2.1634458305219648e-10
1271600599197462528,negative,1.9776222508820046e-08
1271600601441472513,negative,0.25335515689688143
1271600603744153600,negative,0.0012817192444642314
1271600604239089664,negative,0.00022180667815420704
1271600606659129346,negative,0.003973822344403243
1271600608487903235,neutral,0.3312049449851378
1271600615383347200,negative,0.03735484851104384
1271600623557935105,negative,0.0007792890403448442
1271600625520951296,negative,3.165963374595287e-09
1271600635943825409,negative,6.6705870613561576e-06
1271600636363264000,negative,0.003973822344403243
1271600640121323520,negative,3.819310916515898e-05
1271600642964979712,negative,0.0007792890403448442
1271600648195203072,negative,0.028773988756013513
1271600656114225158,negative,9.969173768673451e-05
1271600657250779139,negative,4.988801190956567e-09
1271600661659111424,negative,0.0004876366714578215
1271600663160553473,negative,0.0017017224815010336
1271600664905486336,negative,0.0007792890403448442
1271600673935761409,negative,1.1019132318140517e-05
1271600674065707009,negative,0.00811970650195645
1271600678696337408,neutral,0.5716012724331843
1271600679640064005,neutral,0.5136446707795853
1271600679950442497,negative,0.003973822344403243
1271600686069841920,neutral,0.47022341483285823
1271600686854295552,negative,3.627377198942668e-06
1271600690201313285,negative,0.003973822344403243
1271600690624946178,negative,5.523143771151545e-07
1271600691979718657,negative,0.0001708847797689893
1271600696459169794,negative,0.0012621969506292634
1271600698640261122,negative,0.0007792890403448442
1271600699919544321,negative,0.0007792890403448442
1271600700464812033,negative,6.775669796293046e-05
1271600701626556417,negative,0.002663186914708059
1271600704659038208,negative,0.019139834107579298
1271600707695775746,negative,1.623197519491518e-16
1271600708375150593,negative,0.003973822344403243
1271600711369924610,negative,0.0007792890403448442
1271600711898411014,negative,0.008233225624647024
1271600713861419008,negative,0.25335515689688143
1271600716050763776,negative,2.292771283649376e-13
1271600716935761923,negative,0.0002902885242343335
1271600722661031936,negative,0.003973822344403243
1271600724372271104,negative,2.2056762429567617e-12
1271600726771449856,negative,0.003973822344403243
1271600727186649093,negative,0.0012817192444642314
1271600728335945728,negative,0.00034439565909152577
1271600733624958977,negative,1.7834604511147558e-07
1271600734094733313,negative,0.003973822344403243
1271600739627028480,negative,0.25335515689688143
1271600740033798144,negative,1.869409142047399e-07
1271600740415520771,negative,0.00011372472568146704
1271600749231964163,negative,4.155105459460981e-05
1271600752482533383,negative,0.0007792890403448442
1271600752956497920,negative,3.819310916515898e-05
1271600754537771008,negative,0.00043666882976833843
1271600760392953856,negative,1.8361164590399416e-06
1271600763089887233,negative,0.0012817192444642314
1271600764738252803,negative,0.0007792890403448442
1271600764931235843,negative,0.014224106204098596
1271600767527464960,negative,0.003973822344403243
1271600775521763329,neutral,0.6468945809167461
1271600777891508226,negative,0.0033896074302749665
1271600780575797249,negative,0.0005554218152617718
1271600782127882240,negative,0.039034233565084994
1271600785550446594,negative,0.0005554218152617718
1271600792911384576,negative,9.969173768673451e-05
1271600794119409665,negative,7.213034540976793e-05
1271600795931283459,negative,0.043598371671244036
1271600796615028742,negative,1.1708577983748429e-06
1271600799290929153,negative,0.05364613986245537
1271600801191006208,negative,1.4841994182096625e-07
1271600801774022656,neutral,0.47022341483285823
1271600802503757826,negative,0.010673425801626802
1271600803397070849,negative,5.0663782780169465e-11
1271600804747571200,negative,0.0005554218152617718
1271600815413907457,negative,0.006929737215179384
1271600827023704065,negative,0.0012817192444642314
1271600828139347970,negative,0.0007792890403448442
1271600833294143490,negative,0.017274739577996207
1271600834283855874,neutral,0.3353252233007004
1271600836112760833,negative,0.02688418786477901
1271600840441303041,negative,0.004307909371238314
1271600844002275330,negative,5.328122027976406e-05
1271600854127255559,negative,0.10253632564806826
1271600857629499392,negative,0.0002606420962203261
1271600861421199360,negative,0.0007792890403448442
1271600867532308480,negative,5.8770300554516694e-05
1271600873203007493,negative,0.25335515689688143
1271600875920863233,negative,0.016085302705008284
1271600877317619713,negative,1.1461657988174425e-12
1271600877334335488,negative,0.003927365466610835
1271600883277709312,negative,0.25335515689688143
1271600884385013762,negative,0.0007792890403448442
1271600884678565889,negative,0.027448640656931353
1271600895189540865,negative,0.02393603630821267
1271600899526463488,negative,9.969173768673451e-05
1271600905486585857,negative,5.328122027976406e-05
1271600910951727104,negative,0.10253632564806826
1271600920338497542,negative,0.0007792890403448442
1271600922469097472,negative,0.0005554218152617718
1271600922947391488,neutral,0.4158931139414871
1271600923740180480,negative,1.891524717038387e-06
1271600928555175939,negative,0.003973822344403243
1271600938151804934,negative,1.03227094188646e-07
1271600946330644480,negative,0.003973822344403243
1271600954354384896,negative,0.0016789230642475174
1271600956967473154,neutral,0.5136446707795853
1271600971127406592,negative,0.027448640656931353
1271600971995635714,negative,0.0007055434673390869
1271600972633079808,negative,4.658857442660136e-08
1271600974830997504,negative,0.21921412548362115
1271600979012718593,negative,0.06572203944385062
1271600979146944513,negative,0.0007792890403448442
1271600979251691521,negative,0.0038625619296733874
1271600982410084352,negative,0.0006444494204062134
1271600986214170624,neutral,0.47268602453120073
1271600988655419392,negative,0.027448640656931353
1271600990177890306,negative,0.043598371671244036
1271600990521884673,negative,0.0035877627117413776
1271600994217005056,negative,0.00024331008020368132
1271600999690579968,negative,0.0003556778641959266
1271601000365907969,negative,0.003197047913559469
1271601006158151680,negative,0.00015194828200427033
1271601007773077505,negative,0.0001637783708948402
1271601009769447426,negative,0.00012420501629135366
1271601011791212544,negative,2.1320676862092714e-05
1271601013196234752,negative,0.25335515689688143
1271601013217284097,negative,1.2880745854191807e-09
1271601014169317376,negative,0.1287535689691784
1271601015553490945,negative,0.023076548437209583
1271601016253943815,negative,0.027448640656931353
1271601021731639296,negative,0.12765471028887768
1271601024281829376,neutral,0.3502735076107209
1271601025011593221,negative,0.006893700493119208
1271601027314262020,negative,0.004110314075403365
1271601028404850688,negative,1.7125753318568827e-09
1271601030216781824,negative,0.003973822344403243
1271601039087714304,negative,0.0006685942052026029
1271601042065686528,negative,0.010636117756613219
1271601047287369729,negative,0.0007792890403448442
1271601049552457728,negative,5.328122027976406e-05
1271601055390994433,negative,0.0005554218152617718
1271601057307799554,negative,0.00017715684922948183
1271601064391905280,negative,2.3324898933725808e-06
1271601068393324551,negative,2.5913046767858217e-08
1271601069060239361,negative,2.6606961170380055e-05
1271601076349870080,negative,0.0007792890403448442
1271601077130080256,negative,0.04320846759427319
1271601079772483585,negative,9.969173768673451e-05
1271601084759498757,negative,5.829732106274269e-07
1271601092481212416,negative,2.591075758586456e-07
1271601102321000449,neutral,0.37705790534627653
1271601103315111937,negative,0.003973822344403243
1271601107844956165,negative,1.348471352340007e-07
1271601108213956608,negative,0.0014151929542558816
1271601116275453952,negative,2.7705669942530213e-05
1271601118037057536,negative,0.006649919049823146
1271601119651860480,negative,0.0007792890403448442
1271601120809533440,negative,0.0007792890403448442
1271601121249894400,negative,0.019111075643177527
1271601121925218304,negative,0.039388925445341484
1271601122357022721,negative,0.0005554218152617718
1271601124987060229,negative,1.9465880312969812e-11
1271601128560443392,negative,0.3029968537174699
1271601130800394240,negative,0.05364613986245537
1271601141902708738,negative,9.980839623237924e-05
1271601143123267589,negative,0.227789564714376
1271601143593009153,negative,0.003973822344403243
1271601145404948482,negative,4.8185917112742636e-11
1271601153214742529,negative,0.027448640656931353
1271601156494589953,negative,2.591075758586456e-07
1271601159850135552,negative,0.16998841990606575
1271601161213272067,negative,0.002663186914708059
1271601163272622080,negative,1.5004086174472698e-09
1271601166728790021,negative,0.010362754752275287
1271601168809156613,negative,0.0011514194115039024
1271601176136560642,negative,0.0052593690440516485
1271601177646465024,negative,9.502073045255116e-08
1271601177680109568,negative,1.0168584100560398e-07
1271601183682179075,negative,0.003973822344403243
1271601184881750017,negative,0.17121180593437718
1271601188807589888,positive,0.7928118076695136
1271601192259522567,negative,5.942519197424506e-05
1271601197770780677,negative,0.027448640656931353
1271601203256967171,negative,0.003973822344403243
1271601208529170433,negative,5.328122027976406e-05
1271601210701864962,negative,0.2177665805949066
1271601215344967680,negative,0.01586816400227076
1271601217660125186,negative,0.0007792890403448442
1271601219723767814,negative,0.0003090710030972056
1271601229894909954,negative,0.021627431454297928
1271601231853686784,negative,2.591075758586456e-07
1271601240590385154,negative,0.003973822344403243
1271601242700210177,neutral,0.5371933678101786
1271601245283921922,negative,3.800242034537433e-11
1271601246298832902,negative,0.1556140994261776
1271601254016450561,negative,0.0007792890403448442
1271601254985318401,negative,0.003343791758710994
1271601256126124033,negative,0.02191818655842801
1271601266830061573,negative,4.470454366216858e-06
1271601267316490251,negative,0.03735484851104384
1271601277261303816,negative,4.0875816700363147e-08
1271601285964447744,neutral,0.504042316238987
1271601287092736000,positive,0.9792949370659957
1271601291802927115,negative,2.0511896779644424e-05
1271601293568749577,negative,0.008112642669410088
1271601298018729985,negative,2.5545664477025015e-05
1271601304109006849,neutral,0.47022341483285823
1271601306348793857,negative,0.05411359107180595
1271601307476951042,negative,6.905759819101601e-06
1271601309137940482,negative,1.3786696397342119e-08
1271601320051593222,negative,1.9776222508820046e-08
1271601326380769280,negative,0.0007792890403448442
1271601329073532928,negative,5.2406656090681935e-08
1271601338045120512,positive,0.675075910969942
1271601357229903872,negative,0.0007792890403448442
1271601360820219904,neutral,0.5136446707795853
1271601366201442304,neutral,0.47022341483285823
1271601366960680960,negative,8.817523008907074e-09
1271601373184962560,negative,0.25335515689688143
1271601376880099328,negative,0.25335515689688143
1271601377131794432,negative,2.59596826436565e-06
1271601378775887876,negative,0.004110314075403365
1271601380785078273,negative,5.55916628216025e-05
1271601388070502402,negative,0.00012420501629135366
1271601390377451524,negative,2.0163299892076426e-12
1271601395532169216,negative,0.14905015746352102
1271601396144537603,negative,0.0006444494204062134
1271601401987248131,neutral,0.47022341483285823
1271601405946744832,negative,0.003973822344403243
1271601406491926528,positive,0.9999674813013126
1271601409356632065,negative,0.25335515689688143
1271601424208625664,negative,1.3981135701933392e-06
1271601425106206721,negative,0.0007792890403448442
1271601425492082688,negative,7.156067975149232e-06
1271601425999638529,neutral,0.47022341483285823
1271601428390428672,negative,0.01643048893669901
1271601431569559552,negative,0.004259262233888365
1271601434014990340,neutral,0.3673860249355832
1271601436057571330,negative,0.00474445431352908
1271601437420683265,negative,0.04538995088049146
1271601438825865216,negative,0.0006028382741222671
1271601447373803523,negative,0.00015194828200427033
1271601448720228352,negative,0.07414833241600664
1271601450934730752,negative,0.003973822344403243
1271601456060280832,negative,0.00378108630191286
1271601456454479872,negative,0.3039634081090174
1271601457322758145,negative,0.00014563760465402816
1271601458329407489,negative,0.0004134496194434338
1271601458903990273,negative,0.06600768309100218
1271601459075956737,negative,1.4506083391993263e-06
1271601463328899072,negative,6.496159774529271e-07
1271601465161908231,negative,2.6606961170380055e-05
1271601468076961792,negative,0.00037859747429117865
1271601468102119425,negative,0.0007792890403448442
1271601469230395393,negative,0.046305154119009345
1271601471734325249,negative,0.05364613986245537
1271601476255854592,positive,0.9959838921252293
1271601476960468994,negative,5.2761286090008345e-08
1271601478080364545,negative,0.0001163972093712751
1271601480429195265,negative,6.320489341911389e-05
1271601482681536514,negative,0.014224106204098596
1271601484824788992,negative,1.9776222508820046e-08
1271601490705240064,negative,0.000135678152489211
1271601500599603207,negative,0.17241558850776134
1271601509260722177,negative,4.155105459460981e-05
1271601510271590400,positive,0.9701352592144618
1271601513429962753,negative,3.4261415180762044e-07
1271601513966829568,negative,0.023076548437209583
1271601515908792321,negative,9.722682271040433e-14
1271601515946442752,negative,4.321223807037782e-06
1271601526067400705,negative,9.817849516972591e-07
1271601526797205504,negative,0.00015194828200427033
1271601532027523072,negative,0.19858282595742896
1271601534149812234,negative,0.002663186914708059
1271601536892915712,negative,0.0007792890403448442
1271601537635188736,negative,0.06572203944385062
1271601537811390464,negative,0.0006444494204062134
1271601542517399554,negative,0.25335515689688143
1271601543574364161,negative,0.0007792890403448442
1271601543666634757,negative,0.0007792890403448442
1271603699970969600,negative,2.976180154064081e-07
1271603701136965632,negative,0.06415290810251417
1271603701829054466,negative,2.6432670047490237e-05
1271603711769444352,negative,0.25335515689688143
1271603715011743745,negative,3.13241335145604e-08
1271603717104599042,negative,0.1527135830916288
1271603718174146560,negative,0.003973822344403243
1271603724490813441,negative,0.0022079410438184985
1271603725623349254,positive,0.6692960082438675
1271603727795879936,negative,0.301663292520945
1271603728886501376,negative,0.0004134496194434338
1271603729121390594,positive,0.7338949411823614
1271603731025539072,negative,0.0004876366714578215
1271603731935703040,negative,9.911121821250558e-07
1271603735463186435,negative,0.003973822344403243
1271603736109109248,negative,0.0009571269987269763
1271603739149950978,negative,0.00019330106401679281
1271603744086654976,negative,3.13241335145604e-08
1271603746204725250,negative,0.1850248685669981
1271603747253297155,neutral,0.4133867355402301
1271603752617861120,negative,0.018376445187170718
1271603754631155719,neutral,0.5719050349931522
1271603770372296709,negative,0.0005748913100271254
1271603776303005698,negative,8.708957419996399e-12
1271603781675950080,negative,0.0007792890403448442
1271603781906640897,negative,0.0004918445083161235
1271603785060810753,negative,4.835825792340669e-05
1271603788315492352,negative,0.022756689006162182
1271603794879619075,negative,0.013863621545425898
1271603795756290048,negative,0.01892545080097914
1271603805155733504,negative,3.13241335145604e-08
1271603810084012032,positive,0.9969569543223912
1271603810289541120,negative,0.05364613986245537
1271603817025613825,neutral,0.49789225920557484
1271603817126207489,negative,0.027448640656931353
1271603818980048896,negative,0.007141355873720889
1271603825007382529,negative,0.014815672307757403
1271603826911559681,negative,0.0012621969506292634
1271603827091869696,negative,0.00019987718983082833
1271603827653951498,negative,0.009274408291879015
1271603833437904898,negative,0.18265464015883343
1271603836331921409,negative,0.00017715684922948183
1271603840492752897,negative,0.0004918445083161235
1271603840589139969,negative,0.025517921564856844
1271603842711420928,negative,3.13241335145604e-08
1271603844645097473,negative,0.00019987718983082833
1271603847602077696,negative,0.0007792890403448442
1271603849846050816,negative,3.819310916515898e-05
1271603854350651392,negative,0.0035694118157521253
1271603857378983937,negative,0.0012817192444642314
1271603863704014848,negative,0.017274739577996207
1271603865377439744,negative,1.493351541563942e-12
1271603866405163014,negative,0.021857520388329284
1271603872176504833,negative,3.13241335145604e-08
1271603872461664259,negative,0.013863621545425898
1271603872470089732,negative,0.055173414449375686
1271603873229221888,negative,3.13241335145604e-08
1271603874000965632,negative,3.13241335145604e-08
1271603882938990592,negative,2.864944699679629e-09
1271603883568238592,negative,9.803286309499334e-06
1271603886781075457,negative,0.02393603630821267
1271603903948300288,negative,0.06572203944385062
1271603904053161985,negative,0.0007792890403448442
1271603904069996545,negative,0.0012817192444642314
1271603913683337222,negative,0.25335515689688143
1271603915004489729,negative,0.0012817192444642314
1271603920205471744,negative,0.00015194828200427033
1271603924634566661,negative,0.0022069609607645044
1271603926027116544,negative,3.13241335145604e-08
1271603927067373569,negative,3.13241335145604e-08
1271603929177038848,negative,7.512062127766569e-05
1271603930301161472,negative,0.0011678994517018819
1271603931739807750,negative,0.021101064495955096
1271603934390620160,negative,0.1996122545288139
1271603935061528577,neutral,0.5203223382647371
1271603935690833920,negative,2.71269230892099e-07
1271603939532779520,negative,2.864944699679629e-09
1271603942514757632,neutral,0.5379266496271432
1271603948735082497,negative,4.908064861619437e-09
1271603952463855618,neutral,0.3866817470061961
1271603955345379328,negative,1.1016844559686629e-06
1271603955416608772,neutral,0.5734576952979002
1271603965424263174,negative,3.13241335145604e-08
1271603967705964549,negative,6.369492866753104e-09
1271603969530437633,negative,0.0012817192444642314
1271603970335813635,negative,0.11680804896281333
1271603972219064321,negative,0.043598371671244036
1271603973938610187,negative,1.736006826818255e-11
1271603976635592704,neutral,0.47022341483285823
1271603978388869120,negative,3.819310916515898e-05
1271603978858569729,negative,0.00015194828200427033
1271603982906142720,negative,1.8831307783501424e-09
1271603984713879553,negative,0.010985865550421312
1271603992783699969,negative,0.00024329484579056174
1271603999633035264,negative,0.02609260891320579
1271604001927303169,negative,0.3072980061491629
1271604008680120321,negative,1.3444137395232571e-06
1271604011343458304,negative,3.523261981139534e-06
1271604015101591552,negative,0.043598371671244036
1271604018306039809,negative,3.13241335145604e-08
1271604021225156609,negative,0.0011167919284637221
1271604025503473664,negative,3.671280695882408e-05
1271604028711948288,neutral,0.6593617425799017
1271604028737290242,negative,0.13080075495934332
1271604032721862659,negative,1.2175083449925039e-10
1271604041131360256,negative,3.627377198942668e-06
1271604042758787072,negative,0.0005655695531988788
1271604042859450370,negative,7.396369732257389e-08
1271604046659452929,negative,7.262005213377275e-07
1271604047297032193,negative,2.5913046767858217e-08
1271604057480675328,negative,3.514999062911006e-07
1271604057782792192,negative,0.03782523386136421
1271604058516750336,negative,7.371927119587654e-05
1271604062060937217,negative,2.0747603071343957e-07
1271604063214411778,negative,0.06482144093750956
1271604067412971521,negative,2.1353769623197753e-05
1271604069329584128,positive,0.7119673152006476
1271604076812406785,negative,0.00015194828200427033
1271604078032957442,negative,0.0009632315329365627
1271604083883991040,negative,3.13241335145604e-08
1271604088711634949,negative,2.7552409492258844e-07
1271604098954076160,negative,0.0007792890403448442
1271604099709050881,negative,3.13241335145604e-08
1271604099843268610,negative,9.605277684662675e-09
1271604101848031232,negative,1.7122824041125215e-07
1271604102779285504,negative,1.304792562333591e-05
1271604103639191555,neutral,0.3967705729685495
1271604106327666689,negative,0.0027237128135382954
1271604112816312322,negative,2.6432670047490237e-05
1271604114414280710,negative,5.854893210316455e-06
1271604114988904449,negative,3.13241335145604e-08
1271604115622236162,negative,0.00012420501629135366
1271604117237043201,negative,2.83112347341766e-17
1271604121255239682,negative,0.0021164155613867643
1271604123083968518,negative,6.424733137806539e-05
1271604123541127168,negative,0.25335515689688143
1271604131459928065,negative,0.027448640656931353
1271604142692339713,negative,0.09980701220041785
1271604143493349381,positive,0.9376878850995406
1271604144147759105,neutral,0.5017543432377519
1271604145942925314,negative,1.2617121010083664e-07
1271604148400766976,negative,0.004578848363093363
1271604148719534080,negative,0.04950690970385857
1271604152846647298,negative,3.819310916515898e-05
1271604153236799488,negative,0.003136719322201218
1271604160996261888,negative,0.0007792890403448442
1271604163420590080,negative,0.00015120709483806887
1271604164452368384,negative,0.10930092280065183
1271604165970624512,negative,0.02688418786477901
1271604166511779840,negative,4.527155013377167e-05
1271604168709545984,negative,0.12628562866734705
1271604175164637185,negative,0.00037859747429117865
1271604175726678016,negative,0.012737839203494904
1271604179841306627,positive,0.9376878850995406
1271604183653847040,negative,0.00027284424493900875
1271604184299823105,negative,1.1645731125497214e-05
1271604184383709194,negative,0.0007792890403448442
1271604190079582208,negative,0.2876708998557109
1271604191509860352,negative,0.00015194828200427033
1271604195339251712,negative,3.819310916515898e-05
1271604206735065089,negative,7.20374202272136e-07
1271604209935437825,negative,8.236149399730977e-05
1271604209960583168,negative,0.043598371671244036
1271604212485574656,negative,0.03735484851104384
1271604213513170944,negative,0.29727401531723624
1271604223172653057,negative,0.013863621545425898
1271604224091131905,negative,4.4457493147160626e-08
1271604225009647618,negative,9.969173768673451e-05
1271604230131003393,negative,3.819310916515898e-05
1271604230411952135,negative,3.13241335145604e-08
1271604236418252801,negative,0.0035822722695175815
1271604238058172422,negative,0.027448640656931353
1271604238364393475,negative,0.003973822344403243
1271604243942817792,negative,0.00011150141333370024
1271604246392311814,negative,0.0011514194115039024
1271604246681661440,negative,2.2791211207754474e-05
1271604247424098304,negative,0.0016436658668009412
1271604254768279554,negative,0.0009708482868476519
1271604263165267968,negative,0.0007792890403448442
1271604269532184576,negative,0.00017006120693043828
1271604273063886848,negative,0.0002642043767778271
1271604274901012480,negative,0.25335515689688143
1271604276029243393,negative,0.003973822344403243
1271604278235410433,negative,0.002663186914708059
1271604279204339714,negative,0.0008192114668621001
1271604280047349761,neutral,0.5024778445288034
1271604282182242304,negative,0.059479541499674306
1271604284761812992,negative,0.043598371671244036
1271604287790108672,negative,0.05024580329512114
1271604290147188737,negative,2.591075758586456e-07
1271604290629644288,negative,0.1041395392790597
1271604290814173184,negative,0.04280065465232672
1271604291535605760,negative,0.013863621545425898
1271604292726767616,negative,3.13241335145604e-08
1271604293716459520,negative,0.004899843658466779
1271604294761021443,negative,0.00015194828200427033
1271604300989501440,negative,0.003973822344403243
1271604302981758976,negative,3.13241335145604e-08
1271604305456500736,negative,1.0252502308781649e-05
1271604311311745025,negative,0.023034379355119518
1271604313903837184,neutral,0.5469345602171767
1271604317947117568,negative,0.0007792890403448442
1271604324389486601,negative,0.031031221282115853
1271604324863553536,negative,0.18973635551895118
1271604325694013440,negative,1.2190534316404286e-05
1271604330404216839,negative,0.00234399743839465
1271604335047303170,negative,1.4673037331225123e-09
1271604336607592452,negative,6.320489341911389e-05
1271604339304529920,negative,0.002383085908498227
1271604343326871555,negative,0.03874410311432249
1271604344085975047,positive,0.9959838921252293
1271604351069491204,negative,0.00019987718983082833
1271604353057652738,negative,1.0085526676637303e-06
1271604357595828228,negative,0.25335515689688143
1271604368907927552,negative,0.2593231691662499
1271604369163800580,negative,0.10930092280065183
1271604373269950464,negative,0.003973822344403243
1271604377300676608,negative,0.25335515689688143
1271604385517314049,negative,0.022169811045579052
1271604386565951495,negative,0.017274739577996207
1271604387534843904,negative,5.114058294504991e-10
1271604388352720902,negative,0.0008870950180079292
1271604389178937345,negative,2.437312208851998e-05
1271604389250306048,negative,0.0009708482868476519
1271604390030344192,negative,0.0001906454499183836
1271604392555315200,negative,0.0002624430319936997
1271604392832229378,negative,0.2104463377817853
1271604395424219136,negative,7.156067975149232e-06
1271604397081051138,negative,0.13080075495934332
1271604404358168576,negative,9.378891785843558e-05
1271604404815347713,negative,3.73302963657615e-05
1271604405037563904,negative,2.83112347341766e-17
1271604411584913413,negative,3.13241335145604e-08
1271604415431139329,negative,0.020202692826793496
1271604415955435521,negative,3.636800039912855e-12
1271604420657070085,negative,2.5545664477025015e-05
1271604424671145985,negative,0.043598371671244036
1271604430010568704,positive,0.9969569543223912
1271604433038737408,negative,2.561923490578009e-10
1271604448033411072,negative,5.669679776519736e-06
1271604450281521156,positive,0.9959838921252293
1271604453620297730,negative,0.0007792890403448442
1271604461736210432,negative,3.13241335145604e-08
1271604462663208960,negative,0.003973822344403243
1271604472091983872,negative,0.0005284180937081547
1271604479469772800,negative,0.020144476084628184
1271604480447057921,negative,7.041814263039948e-08
1271604481713717248,negative,0.013863621545425898
1271604482799960064,negative,1.4414594304056418e-06
1271604483341070341,negative,1.337365443421503e-07
1271604487061483521,negative,5.301332735209568e-06
1271604497148719104,negative,0.023076548437209583
1271604497551409152,negative,3.13241335145604e-08
1271604498251894784,negative,7.411746737194606e-09
1271604500239958023,negative,3.0535312204572185e-06
1271604502689390594,negative,0.00010178830016694122
1271604506430668801,negative,0.0009428546690388684
1271604507781337088,negative,0.003973822344403243
1271604507990986757,negative,0.01713333829902933
1271604508045393921,negative,0.13296808662116355
1271604511036051459,negative,0.017274739577996207
1271604517092691970,negative,0.00024329484579056174
1271604517474271242,negative,0.00010178830016694122
1271604522020978689,negative,0.21425732759670996
1271604522897547267,negative,0.01967429644265587
1271604523157635078,neutral,0.3967705729685495
1271604527003828226,negative,6.953533168009936e-10
1271604530862571520,positive,0.9969569543223912
1271604530921328640,negative,0.25335515689688143
1271604532905160704,negative,0.16998841990606575
1271604540358483968,negative,0.027448640656931353
1271604547811717122,negative,0.25335515689688143
1271604548113707011,negative,0.26733288767339414
1271604551217487876,negative,0.003973822344403243
1271604551276249088,negative,2.591075758586456e-07
1271604552202981377,negative,0.020144476084628184
1271604552215732224,negative,1.9349556766496318e-06
1271604554682040320,negative,5.599396718834997e-05
1271604559522271233,negative,0.00015194828200427033
1271604564677058561,negative,0.09935304796575459
1271604566119919616,negative,4.227442810141056e-06
1271604566572830720,negative,0.0002836657836955092
1271604569533972481,negative,0.00017194366572796755
1271604575024418816,negative,3.290436631795919e-07
1271604577876553728,negative,0.000110144867073977
1271604578514067456,negative,0.043598371671244036
1271604579126456323,negative,0.003973822344403243
1271604581965979648,negative,0.0963666577118249
1271604582049873920,positive,0.8359561759379115
1271604584943955968,negative,0.012087796059602937
1271604585069719552,negative,0.043598371671244036
1271604592208424967,negative,1.3379518079089293e-12
1271604594762711041,negative,1.1063070342788749e-05
1271604600924246017,negative,0.00378108630191286
1271604604837470210,negative,0.05411359107180595
1271604605076549632,negative,5.784596680419256e-08
1271604605261144065,positive,0.9376878850995406
1271604608478195712,positive,0.9417897806009492
1271604610046795776,negative,3.5232383568260455e-08
1271604610919206915,negative,2.6643837204404427e-05
1271604619173605376,negative,0.056870447376820614
1271604620222177281,negative,0.003973822344403243
1271604623837626373,negative,0.0024831076775966962
1271604624965816320,negative,1.4238677528499028e-08
1271604627293835264,negative,0.00019987718983082833
1271604630116581376,negative,0.03509919274811489
1271604631223795712,negative,3.1860253439659826e-05
1271604633719369728,neutral,0.33064746009548945
1271604637959929858,negative,2.9081253562428255e-06
1271604641873215493,negative,2.2735171842535415e-06
1271604643097796608,negative,0.006643117594932374
1271604649519448069,positive,0.9376878850995406
1271604654347096065,negative,0.25335515689688143
1271604655244656648,neutral,0.3726847435457324
1271604663968825344,negative,0.011676387916380693
1271604670822309893,negative,2.8360160808226687e-08
1271604671396765696,negative,0.2869194334696859
1271604671401152512,negative,0.08758737150184653
1271604673829576707,negative,0.027381554319076195
1271604675176026113,negative,0.23108660748076523
1271604683631661056,negative,1.7524826388907321e-07
1271604687393955841,negative,3.13241335145604e-08
1271604692246769664,negative,2.577865486470134e-05
1271604701398695936,negative,2.5913046767858217e-08
1271604702602543104,negative,4.96525401282323e-08
1271604707094663168,negative,8.475451375533525e-05
1271604709019856897,negative,0.0005554218152617718
1271604718025035776,negative,1.4238677528499028e-08
1271604718033403904,negative,9.969173768673451e-05
1271604721539784706,negative,0.003973822344403243
1271604721837539335,negative,0.0010422939263744222
1271604721992847361,negative,0.0006431827825088871
1271604725000155136,negative,0.043598371671244036
1271604728942800896,negative,4.470454366216858e-06
1271604729060233227,negative,4.470454366216858e-06
1271604730276360192,neutral,0.458452529704962
1271604731081711617,negative,0.2585322227668767
1271604731627147264,positive,0.9969569543223912
1271604739072045063,negative,0.005195042746741752
1271604744176439296,negative,0.013863621545425898
1271604744478494720,negative,0.0006003604397022168
1271604756134481926,negative,0.06572203944385062
1271604759875772421,negative,2.2861164993909722e-08
1271604760181977089,negative,3.996965326055668e-05
1271604761444442112,negative,0.0024994533388251207
1271604769845624833,negative,2.6432670047490237e-05
1271604771854725120,negative,0.0005875799821953803
1271604775163920384,negative,0.009679697226881443
1271604775809925121,neutral,0.5107983958083244
1271604781841293318,negative,0.0007792890403448442
1271604784991272960,negative,0.003973822344403243
1271604787545616384,negative,0.00019987718983082833
1271604787637862400,negative,0.0012621969506292634
1271604795388956673,negative,0.0001528696657626556
1271604795476971521,neutral,0.5381380119166523
1271604799428005888,negative,0.050680277981710216
1271604806155673600,neutral,0.6197912756284948
1271604811595644928,negative,0.0001400169496509958
1271604819141238787,positive,0.9999999386684683
1271604820638605314,negative,0.0035694118157521253
1271604825030045696,positive,0.8439925691239514
1271604826590322689,negative,0.002663186914708059
1271604830948044802,positive,0.7248214674420727
1271604834265976832,negative,0.021857520388329284
1271604834622492673,neutral,0.49789225920557484
1271604837499768832,negative,4.1122663980944286e-05
1271604850812424194,negative,0.027448640656931353
1271604851269566465,negative,0.02874102055079453
1271604854323101696,negative,0.0007792890403448442
1271604858630610944,negative,3.13241335145604e-08
1271604859222011904,negative,0.0007792890403448442
1271604864393646080,negative,5.201119359412208e-05
1271604873054822400,negative,0.035739383890957856
1271604877257572352,negative,0.0007792890403448442
1271604882395615235,negative,0.003973822344403243
1271604883242790912,negative,5.201119359412208e-05
1271604884853448704,negative,0.013863621545425898
1271604887432945664,negative,5.31096031993393e-12
1271604887730749440,negative,0.25335515689688143
1271604889911799808,neutral,0.3703257756319079
1271604892969373699,negative,0.06280573447787345
1271604894240309248,negative,2.591075758586456e-07
1271604894659682306,negative,3.13241335145604e-08
1271604895603404800,negative,9.969173768673451e-05
1271604897146945536,negative,6.008535582781147e-07
1271604909985738753,negative,3.302311776803308e-06
1271604913081143296,negative,0.06572203944385062
1271604914016452608,negative,1.9776222508820046e-08
1271604917644509190,negative,5.246629217414813e-07
1271604924544167939,negative,9.969173768673451e-05
1271604934568484864,negative,0.20640859496168476
1271604935432507392,negative,0.0006003604397022168
1271604937760309248,negative,4.321223807037782e-06
1271604954692833282,negative,0.02886478674182281
1271604954768293899,negative,1.1678169405946746e-07
1271604957263933445,negative,3.087407697667953e-08
1271604958501224448,negative,3.13241335145604e-08
1271604960799657984,negative,0.0012817192444642314
1271604960854257670,negative,0.020144476084628184
1271604967791644673,negative,0.13080075495934332
1271604970471776261,negative,0.01585927159183324
1271604970492657665,negative,5.201119359412208e-05
1271604979875405824,negative,0.009831695671700995
1271604980097716224,negative,0.00035950518836046707
1271604980542246912,negative,0.027448640656931353
1271604981829943298,negative,0.00019654215381883827
1271604981897052160,negative,0.00029154540305524406
1271604989987827712,negative,0.003973822344403243
1271604991724224512,negative,0.0007453773155390154
1271604993339142144,negative,3.13241335145604e-08
1271604993842266112,negative,0.014895770315661023
1271604997868920833,negative,0.006821854048185387
1271605002537242625,negative,0.0006003604397022168
1271605003501932549,negative,0.03733235336625141
1271605004172881920,negative,3.621256586992945e-06
1271605006794461185,negative,2.59497586137412e-05
1271605007322951682,negative,0.04302567857305047
1271605007541026816,neutral,0.46768893561354014
1271605007985631232,negative,0.043598371671244036
1271605008170131456,negative,0.006511047377196409
1271605012787949568,neutral,0.3384567604034876
1271605014918725638,negative,4.470454366216858e-06
1271605032098684928,negative,0.004026072618864484
1271605034858545159,positive,0.9376878850995406
1271605036523626496,negative,2.8983184371084203e-06
1271605037748424704,negative,0.0024139595207924897
1271605040374001665,negative,3.934063736159776e-05
1271605042399907847,negative,1.1642518391738386e-08
1271605042836058114,negative,0.009831695671700995
1271605043360391169,negative,0.00011901263857809462
1271605043863715844,negative,0.00015194828200427033
1271605044069257222,negative,5.201119359412208e-05
1271605048083128321,negative,1.6826360170800922e-10
1271605052365561858,negative,0.03284698426362029
1271605059634319360,negative,1.5652717317855547e-07
1271605063165894656,negative,0.0012817192444642314
1271605063560105998,negative,0.25335515689688143
1271605066471026689,neutral,0.37874993579954885
1271605069134417922,negative,0.003973822344403243
1271605071558606853,negative,0.013863621545425898
1271605077023830016,negative,0.0014771649749766495
1271605091318071298,neutral,0.49932337670129334
1271605093448777730,negative,0.013863621545425898
1271605096674099200,negative,0.023076548437209583
1271605099182329856,negative,1.7946347015794918e-07
1271605101199835136,negative,0.00015194828200427033
1271605101963157505,negative,0.06482144093750956
1271605106367254530,negative,0.019700526617173884
1271605106690215937,negative,4.155105459460981e-05
1271605108254572546,negative,3.13241335145604e-08
1271605109378744322,negative,0.0033906441434295768
1271605111475838977,negative,0.00011341804726759386
1271605113065439234,negative,0.007627775640989407
1271605113946324994,negative,0.00015194828200427033
1271605117029138433,negative,0.00010287765393167045
1271605117339435008,negative,0.013863621545425898
1271605126667567104,negative,2.0163299892076426e-12
1271605128425021441,negative,0.009528276361871741
1271605132468289537,negative,0.00015194828200427033
1271605137992286208,negative,0.0016236965662228381
1271605142807351296,negative,0.009057556825082249
1271605145818877953,negative,1.115608096201646e-06
1271605156862361600,negative,0.003973822344403243
1271605157206392833,negative,0.025517921564856844
1271605161182576641,negative,0.02609698077403527
1271605161614589952,negative,0.0007792890403448442
1271605165670318080,negative,0.020144476084628184
1271605167461367809,negative,0.055173414449375686
1271605167910195201,negative,0.003973822344403243
1271605175720034306,negative,0.00019417985667980286
1271605176818900992,negative,0.021857520388329284
1271605178165272578,neutral,0.5372318511317483
1271605181457858563,negative,0.03320447140230739
1271605182288273408,negative,0.00014760171688493984
1271605187648552963,neutral,0.4423270183391987
1271605187807973376,negative,0.003973822344403243
1271605189443715073,negative,3.13241335145604e-08
1271605191662604289,negative,0.05975333958335618
1271605192228851713,negative,3.13241335145604e-08
1271605197236834304,negative,0.00012177868963493865
1271605204744581125,negative,0.011226408456562906
1271605206661230594,negative,0.009215807647094912
1271605212407648257,negative,0.00718475232443401
1271605221458837507,positive,0.8255589590713013
1271605223484788737,negative,4.368875533015115e-05
1271605227427450880,negative,0.045034097364920075
1271605229084184577,negative,0.035739383890957856
1271605229373579267,negative,0.017274739577996207
1271605236080279554,negative,0.0003359840197643751
1271605239334998016,negative,0.24303663045387028
1271605239565684736,negative,0.0007133571115936003
1271605251515256832,negative,0.0008031804765544271
1271605258188251137,negative,0.05975333958335618
1271605259891347463,negative,0.03782523386136421
1271605265348145153,negative,0.005210925822096901
1271605272935612423,negative,0.0011096017665203465
1271605277067030528,negative,6.441752290057626e-06
1271605277087981569,negative,0.25335515689688143
1271605278509760518,negative,0.0007792890403448442
1271605279382294529,negative,0.043598371671244036
1271605285208174593,negative,0.043598371671244036
1271605285438849024,negative,4.96525401282323e-08
1271605286596468737,negative,1.9776222508820046e-08
1271605292724359169,negative,3.302259489623091e-05
1271605295366709249,negative,0.00017715684922948183
1271605301402271744,neutral,0.36497691040634456
1271605304652955650,negative,3.13241335145604e-08
1271605305248448512,negative,2.8414726413255235e-13
1271607641807216642,negative,1.732075861000235e-14
1271607643573047296,negative,0.043598371671244036
1271607649453461506,negative,0.04280065465232672
1271607650120327170,negative,0.022608121923847924
1271607657951084547,negative,0.16479224394180916
1271607660518035456,negative,9.969173768673451e-05
1271607661457522689,positive,0.904048794438636
1271607661470126081,neutral,0.5499524036871953
1271607664477384704,negative,0.02094449721532443
1271607667405082626,negative,1.1091192919435628e-08
1271607672442368001,negative,2.864944699679629e-09
1271607673247711238,negative,0.00378108630191286
1271607678272524289,negative,0.08627261284208661
1271607680356974593,negative,1.8866658492098544e-12
1271607681694994433,negative,3.13241335145604e-08
1271607682441584641,negative,1.3916314723852034e-06
1271607684849184768,neutral,0.5734576952979002
1271607688519200768,negative,0.00463192377939903
1271607692570886144,neutral,0.44846293211155425
1271607692826759169,negative,9.969173768673451e-05
1271607694441410561,negative,1.9851360564268447e-14
1271607694693208070,negative,0.0004681464191559355
1271607696320585729,positive,0.9959838921252293
1271607701722800128,negative,0.02508560513208075
1271607708219736064,positive,0.8562852694896161
1271607708672811008,negative,0.003973822344403243
1271607710547615746,negative,0.02217154377743696
1271607716168024064,negative,0.043598371671244036
1271607721104678912,negative,0.021857520388329284
1271607723608637440,negative,0.003973822344403243
1271607724061622272,negative,6.299067903108445e-09
1271607725693325312,negative,3.571902845152348e-11
1271607728843055105,negative,0.0005091906965185413
1271607730017652737,negative,0.043598371671244036
1271607731787612166,negative,0.07850752184877872
1271607738951401474,negative,0.005336973545921714
1271607740209729536,negative,0.04280065465232672
1271607748569051137,negative,0.0780318099055187
1271607750158663680,neutral,0.4813946940799583
1271607750649425921,negative,3.0309861867224016e-05
1271607752134217728,negative,0.053140809492412
1271607753337909253,negative,0.027448640656931353
1271607753455423490,negative,1.1063070342788749e-05
1271607757192531972,negative,0.0012817192444642314
1271607765698523136,negative,9.646674514966949e-06
1271607766206033920,negative,0.017274739577996207
1271607773609025537,negative,0.04420883073102676
1271607773680320512,negative,5.888491148007758e-11
1271607776184238081,negative,0.003973822344403243
1271607776494727176,negative,5.201119359412208e-05
1271607779971739653,negative,0.005336973545921714
1271607782723194880,negative,0.0012817192444642314
1271607787777392640,negative,0.0007792890403448442
1271607788138123264,negative,0.00012420501629135366
1271607795922673665,negative,0.005336973545921714
1271607804198076418,negative,0.003973822344403243
1271607806962122752,negative,1.105190466126612e-05
1271607809344524288,negative,0.25335515689688143
1271607814293721089,negative,0.08627261284208661
1271607814901940225,negative,0.10253632564806826
1271607822267158530,negative,9.969173768673451e-05
1271607823554809862,negative,6.298061577877532e-05
1271607830089551877,negative,0.00010727251813388175
1271607832140492800,negative,0.08627261284208661
1271607836238381056,negative,2.330847916735066e-13
1271607838645903361,negative,0.07097774057919216
1271607842747879425,negative,0.03469042503555125
1271607845889249280,negative,0.0005554218152617718
1271607849081339904,negative,0.004809341026803037
1271607850981359616,negative,0.014697661650542178
1271607853254500352,negative,0.022608121923847924
1271607854936600576,negative,0.0018382392990682708
1271607855607689216,negative,0.003973822344403243
1271607860049444865,negative,0.020144476084628184
1271607863916605450,negative,0.19958777960264615
1271607864709259268,negative,2.591075758586456e-07
1271607869369180160,negative,0.0007792890403448442
1271607870245789696,negative,0.027448640656931353
1271607872804225024,negative,0.043598371671244036
1271607876323348482,negative,1.2225741901226784e-15
1271607877539639296,negative,0.05517467173575961
1271607879796228096,negative,0.013863621545425898
1271607881473941505,negative,0.0033906441434295768
1271607882015014913,negative,0.00010178830016694122
1271607885282361344,negative,0.027448640656931353
1271607887626813440,negative,0.1677373890435687
1271607892433666048,negative,0.15511201658124632
1271607892622348288,negative,0.09673658393130964
1271607897244532736,negative,0.003136719322201218
1271607898423033856,negative,0.0001668499205770989
1271607898876108800,negative,8.578807710341404e-14
1271607902260920320,negative,3.13241335145604e-08
1271607903783436290,negative,3.13241335145604e-08
1271607905167474688,negative,0.25335515689688143
1271607905297498117,negative,1.965244819270363e-07
1271607911765213190,negative,0.005604135301278593
1271607914583724037,positive,0.9959838921252293
1271607918165622784,negative,1.1350329040069836e-06
1271607928156491776,negative,0.005336973545921714
1271607929255481344,negative,2.8171634785052573e-07
1271607931524526080,negative,4.721056764140827e-05
1271607931713335298,negative,0.0035668396426933625
1271607932975828992,negative,0.04420883073102676
1271607938977804288,negative,7.250588978979076e-05
1271607939443417091,negative,3.13241335145604e-08
1271607940718493696,negative,0.022608121923847924
1271607950143115265,negative,2.8881067474451386e-07
1271607954425483264,negative,0.05736764146048837
1271607954559643649,negative,1.348471352340007e-07
1271607958066118656,negative,0.004809341026803037
1271607958842023943,negative,1.740325691148425e-07
1271607961937379329,negative,0.0036511306804576176
1271607962570838017,negative,7.211026385312394e-07
1271607963178893314,negative,3.13241335145604e-08
1271607963975929858,negative,0.03284698426362029
1271607965787852800,negative,0.010636117756613219
1271607966043643905,negative,0.1677373890435687
1271607971953422336,negative,0.0015966954580499586
1271607976370089984,negative,4.227442810141056e-06
1271607976424505348,negative,4.264899428339201e-08
1271607977502543872,negative,0.003973822344403243
1271607979100364800,negative,0.020144476084628184
1271607981629681665,negative,0.039034233565084994
1271607982481199105,negative,0.009831695671700995
1271607982518865922,negative,0.027448640656931353
1271607982997020673,negative,2.591075758586456e-07
1271607983923965952,negative,0.02886478674182281
1271607987212300288,negative,0.0819395479063813
1271607989024305153,negative,0.003973822344403243
1271608003100368896,negative,9.660964905715069e-05
1271608005285613568,negative,0.022608121923847924
1271608008955609088,negative,0.00010727251813388175
1271608011321233408,negative,0.0007792890403448442
1271608017855938561,negative,5.8770300554516694e-05
1271608022947688448,negative,0.0005101279442122274
1271608024667488264,negative,7.722052326231138e-08
1271608029331574785,negative,0.014046147897169525
1271608033567744005,negative,0.008166757856313923
1271608037539790849,negative,0.04420883073102676
1271608041142657024,negative,0.022608121923847924
1271608054866378752,negative,0.006915349379782324
1271608057831792640,negative,0.10930092280065183
1271608058637156353,positive,0.9481674396891687
1271608061040492544,negative,0.25335515689688143
1271608072344084486,negative,0.024140746374129725
1271608073505947656,negative,0.027448640656931353
1271608073719885824,negative,0.01069406466074509
1271608077943480322,negative,3.13241335145604e-08
1271608078048337920,negative,0.003136719322201218
1271608080481112064,negative,0.0001554743702790651
1271608082293043200,negative,8.665633771975477e-07
1271608089188458499,negative,0.2482875174237973
1271608090434076673,negative,3.0293276104415417e-06
1271608093244301312,positive,0.9969569543223912
1271608094674608129,negative,0.18398219423133538
1271608098487222272,negative,0.014224106204098596
1271608105470701569,negative,0.007070053917322754
1271608106611609601,negative,2.714842741937645e-12
1271608107613945856,negative,3.819310916515898e-05
1271608108104761345,negative,0.02393603630821267
1271608109195309057,negative,2.591075758586456e-07
1271608110281633793,negative,0.001721101308862727
1271608116505952256,negative,0.0007792890403448442
1271608117567070209,negative,0.0007792890403448442
1271608117923655683,negative,0.10930092280065183
1271608117952995331,negative,0.029467647346454535
1271608119043543046,negative,0.00015194828200427033
1271608119790100480,negative,0.08627261284208661
1271608121312624641,neutral,0.6115235235809408
1271608122218631169,negative,0.023314991110218897
1271608125460799488,negative,0.08627261284208661
1271608130477207558,negative,0.007851522397655828
1271608131571847169,negative,0.0006003604397022168
1271608132179865605,negative,0.003973822344403243
1271608132834398208,negative,0.004809341026803037
1271608132888911872,negative,0.0007792890403448442
1271608134927355904,negative,0.025639399470099983
1271608136420347904,negative,0.022608121923847924
1271608139369021441,negative,0.03782523386136421
1271608141646569473,negative,4.944333237084783e-07
1271608142372245507,negative,0.04280065465232672
1271608143852843013,negative,6.312883094322387e-07
1271608150236499968,negative,0.00019987718983082833
1271608158893387776,negative,0.022608121923847924
1271608160084688899,negative,0.027448640656931353
1271608160147603456,negative,0.0045262277825076445
1271608160248348672,negative,1.740325691148425e-07
1271608162328739840,negative,0.010679770357073081
1271608164086153216,negative,0.0033906441434295768
1271608171707224068,positive,0.7928118076695136
1271608171845599236,negative,0.04420883073102676
1271608173431054337,negative,2.591075758586456e-07
1271608173724606464,negative,0.25086754663153804
1271608174257352704,negative,0.009712868643460045
1271608176589316096,negative,0.0007792890403448442
1271608179852443648,negative,0.04420883073102676
1271608180561317902,negative,0.026051636672777954
1271608183505727488,positive,0.7928118076695136
1271608183832928256,negative,3.621256586992945e-06
1271608186298970112,negative,0.022608121923847924
1271608186517192704,negative,5.201119359412208e-05
1271608190501879808,negative,0.0007792890403448442
1271608190766059521,negative,0.03677933417642297
1271608195702837249,negative,0.000110144867073977
1271608205119033344,negative,0.003973822344403243
1271608206306037762,negative,0.00017715684922948183
1271608215994658816,negative,0.047138769236184645
1271608217425129478,negative,0.04280065465232672
