Tweet_ID,Sentiment_Label,Probability_pos
1274356329566605314,negative,0.032591626156969596
1274356329671471105,negative,0.003722503096012636
1274356329956737024,negative,4.547475594547499e-07
1274356330329931776,negative,0.28012854938590276
1274356331915259907,neutral,0.39604182870492727
1274356332162772992,positive,0.7670439620061743
1274356332192124930,positive,0.9570551753354347
1274356332397834246,negative,4.559043923715367e-06
1274356332443791360,negative,0.04818837579057421
1274356332506669057,negative,0.19004683942148068
1274356332691255296,negative,0.024543173281610986
1274356332913725440,neutral,0.3688120122074838
1274356333098217473,negative,0.0005049383945791751
1274356336118001664,neutral,0.5362220642805355
1274356336344485889,negative,0.23527589306685104
1274356336638164992,negative,0.0026460565599347647
1274356336709566464,negative,0.08501573180126992
1274356336726355969,negative,0.0011215207366607506
1274356336751411200,negative,0.0004287076073332949
1274356336818413568,negative,0.29819585618167127
1274356340849291265,negative,4.864359754624921e-05
1274356341377810432,negative,0.2287204738240156
1274356341440733191,negative,0.0011215207366607506
1274356341696495617,negative,7.517882340463558e-05
1274356342183145474,negative,0.06378955332320364
1274356344917823490,negative,0.0005683118282090822
1274356345446244352,negative,0.09707120963723771
1274356345819594752,negative,0.012690009512474188
1274356345861484545,negative,0.3024660712305549
1274356345928589315,negative,0.002380567447099597
1274356346826051584,negative,5.404851328125515e-06
1274356348990472193,negative,0.2697965898796189
1274356349040803840,negative,0.10143686131096087
1274356349187559425,negative,0.2925932547470978
1274356350533935106,negative,0.010629929935971807
1274356350550781952,negative,0.015063038548651141
1274356353251803137,negative,0.10143686131096087
1274356353272885250,neutral,0.5564726114626116
1274356354166251521,negative,0.0021772946379553845
1274356354237337603,negative,0.03952295404961664
1274356354812125184,neutral,0.527455186405601
1274356354975662083,negative,9.782089804679564e-13
1274356357773299712,negative,0.0021772946379553845
1274356358247260160,negative,7.8949439461894e-07
1274356358452776960,negative,0.0092744064496032
1274356361703415809,negative,0.23366925421704698
1274356361942491138,negative,0.08080836305199973
1274356361946714123,negative,2.340285383367088e-06
1274356362416398336,negative,0.08917284233375622
1274356362441523200,negative,0.13949552936821852
1274356362575638529,negative,0.004843091236173927
1274356362575851526,negative,2.8975726408417256e-05
1274356363641135105,positive,0.8231650927145474
1274356363733471232,neutral,0.4140695600300784
1274356365901864961,negative,0.00517989528748498
1274356367147651077,negative,0.0011215207366607506
1274356368410120193,negative,0.0004107827319747899
1274356370272333832,negative,7.239704411086981e-05
1274356371002138625,negative,0.003722503096012636
1274356374441517056,negative,0.04289787151280537
1274356375494295554,negative,0.028996426596279438
1274356375666204672,negative,0.11733166319877615
1274356376840671232,negative,0.015093446074711086
1274356377536913409,negative,5.638842540002211e-06
1274356378514214913,negative,0.00014459406381251767
1274356378698747905,neutral,0.49789225920557484
1274356379357192195,negative,0.0032220218210910244
1274356379562770432,neutral,0.49789225920557484
1274356379868954624,negative,0.0864815640667331
1274356382574223362,negative,0.001176576043179804
1274356382746189824,positive,0.9353106167917037
1274356382800785409,negative,0.18097169728096155
1274356382968557569,negative,0.2417208868741504
1274356383668940801,positive,0.897740620973573
1274356384042278912,negative,0.005402909033626645
1274356384297971715,negative,0.004843091236173927
1274356384432259072,negative,0.3005420295032887
1274356387221561344,negative,0.2650546152584906
1274356387271905282,positive,0.897740620973573
1274356388035268614,negative,2.2607703055852016e-05
1274356388056137729,negative,0.05372918993154974
1274356388089692160,negative,0.015522987730443905
1274356388505010179,negative,0.023732173558476437
1274356388534386690,negative,0.22986236924992928
1274356389025062914,negative,0.023732173558476437
1274356391076081664,negative,0.017169035988930263
1274356391139033088,negative,0.01058061203408373
1274356391151652864,negative,0.004843091236173927
1274356391852027913,neutral,0.41284655950888277
1274356392409825280,negative,0.00012655821123306118
1274356392518922240,negative,0.010568633580234937
1274356392552550400,negative,0.27259426513634494
1274356393290629120,negative,9.385188058505495e-05
1274356395253682176,negative,0.0012932623361720983
1274356395345948672,negative,0.00014459406381251767
1274356395610120200,neutral,0.5136446707795853
1274356396272816130,negative,0.00014459406381251767
1274356396277075975,negative,0.0003584078801193428
1274356397392695298,negative,0.051446496679694934
1274356400119066624,negative,0.003401178487566604
1274356400131584000,neutral,0.40819334745054037
1274356400706199556,negative,0.009935315374205203
1274356400932573184,negative,0.0543228575088828
1274356401033416709,negative,0.00015460851393024952
1274356401050128384,negative,2.2607703055852016e-05
1274356401620627458,negative,0.005402909033626645
1274356403361193985,negative,0.00014459406381251767
1274356403495481348,negative,1.0294854089048046e-05
1274356403797278722,negative,0.05235741503585981
1274356403965054977,negative,0.29761571709333384
1274356404187467778,neutral,0.6330605148831481
1274356404627869696,negative,0.00014459406381251767
1274356404678090757,negative,0.13949552936821852
1274356404887920640,negative,0.0007391849399406651
1274356405189988352,negative,0.29761571709333384
1274356405286420481,negative,0.006354201342832068
1274356405995220992,negative,8.443564912871401e-05
1274356407354249219,negative,3.38794706851042e-05
1274356407576469504,negative,0.010785900994061105
1274356407794651138,positive,0.992376140522499
1274356408302133249,negative,0.0002315339218930539
1274356408943853574,positive,0.880977722113856
1274356408989835267,negative,0.0021205043851629407
1274356409015111680,negative,0.00014459406381251767
1274356411930234883,negative,0.0004451610967735279
1274356412739727360,negative,0.0011215207366607506
1274356413226266624,neutral,0.5136446707795853
1274356413800775682,negative,0.0037397652971283076
1274356413859594242,negative,0.056461238694214086
1274356414102876161,negative,2.8559230086442238e-05
1274356414379671554,negative,0.01140068344308785
1274356414501097475,negative,0.02224072822516149
1274356416195760129,negative,0.009932906980315596
1274356416409677826,negative,0.005402909033626645
1274356416439091200,negative,1.8887063078370873e-05
1274356416518787072,positive,0.9260460732612994
1274356416871047169,negative,0.27727401342063945
1274356417395376129,negative,0.030348883602446253
1274356417466687489,neutral,0.41086073247608174
1274356417554722817,negative,0.29761571709333384
1274356418204794880,negative,0.2831891036741124
1274356418255237121,negative,0.009475642132611239
1274356420389924869,negative,0.05235741503585981
1274356420448628741,negative,1.7055023601627304e-05
1274356420700442625,negative,0.005208067668512745
1274356420855595008,negative,0.13790906241702833
1274356421044379654,negative,0.030380902981738126
1274356421887496196,negative,0.29761571709333384
1274356425528094725,negative,1.2479476733319172e-06
1274356425729466368,negative,8.443564912871401e-05
1274356426517987328,negative,0.0017963022944715468
1274356428891881474,negative,2.821616886393238e-08
1274356428921339905,negative,0.2654417857709204
1274356428975804422,negative,1.157691023603853e-05
1274356429781192704,positive,0.6775664804819568
1274356430490030080,negative,0.0006360989026349712
1274356430645211136,negative,0.11199186793547575
1274356433472163845,neutral,0.4507454498615163
1274356433530826753,negative,1.5863391174719927e-07
1274356434499702788,negative,5.25933231523432e-06
1274356435309277185,negative,0.007628685414413218
1274356435489619968,negative,0.0004451610967735279
1274356437238648832,negative,2.787297328760927e-09
1274356437301497856,negative,0.00014459406381251767
1274356437343449088,negative,0.13620376014645258
1274356437859303427,negative,8.577860058429092e-08
1274356437867618304,negative,0.0011215207366607506
1274356438073094145,negative,0.09965753329704123
1274356438077444098,negative,0.00023130434030800405
1274356438333259781,negative,2.6483642060587684e-05
1274356438824034305,negative,0.15215269785080596
1274356441499877381,negative,0.0049024829505844945
1274356441529409542,negative,0.0009581082970024793
1274356441667612673,negative,0.13949552936821852
1274356441994989573,negative,0.0006964325229273362
1274356442494046217,negative,0.00268487711822836
1274356442888355842,negative,0.018191370886849637
1274356442997444613,neutral,0.46127768308170247
1274356445769797632,negative,0.0004997387406073534
1274356446214447104,negative,0.00014459406381251767
1274356446256410629,negative,0.0020460591653395483
1274356446340222978,negative,0.29761571709333384
1274356446696742913,neutral,0.3885268397075019
1274356446952472577,negative,8.123347876440576e-05
1274356447460167680,negative,2.1444922790941962e-07
1274356447963422722,positive,0.8862975862036888
1274356448001130502,negative,0.00014459406381251767
1274356448034775042,negative,7.589656355795267e-15
1274356449276280834,negative,6.380634862153258e-09
1274356451675443203,negative,1.881384387698016e-05
1274356451809648641,negative,0.2417208868741504
1274356452350705665,negative,0.13949552936821852
1274356452560375809,negative,0.0009177032978133025
1274356453818671112,positive,0.7696697345512227
1274356454967971844,negative,0.0014834560368225168
1274356455064420353,neutral,0.37142605093897746
1274356455072808960,positive,0.9572347682085854
1274356455257387008,negative,2.2602570496715594e-09
1274356455764897798,negative,0.06918815053954762
1274356458138882049,negative,0.13949552936821852
1274356458382073858,negative,0.007628685414413218
1274356459476787200,negative,0.2874155152818156
1274356459787223041,negative,7.894223846104546e-12
1274356463297794049,neutral,0.3739660090720109
1274356463402733573,negative,5.692839550525292e-09
1274356463738204165,negative,0.016699969447194558
1274356464078000129,negative,9.605695090760871e-05
1274356467391397888,negative,9.255100718481835e-07
1274356467831844865,negative,0.017991842672489843
1274356467898990592,negative,0.17085650338555278
1274356468247126018,negative,0.12720409749564066
1274356468481953793,positive,0.897740620973573
1274356471447388166,negative,0.2700152070006991
1274356471732543489,negative,0.12004138264278501
1274356471782932480,negative,0.001132561607937439
1274356471904468992,negative,0.06764060514628334
1274356472445575171,negative,0.03397246138056221
1274356472521068555,negative,0.09988079043538062
1274356472823058433,negative,0.01140068344308785
1274356475486404610,negative,0.0031344737746078497
1274356475675246592,negative,0.007628685414413218
1274356475994013696,negative,2.006714880962501e-06
1274356476073648128,negative,5.692839550525292e-09
1274356476405059584,negative,0.275958358184994
1274356476459528193,negative,0.22852063535029601
1274356479886102535,negative,0.0030420362025487526
1274356479949225984,negative,0.004843091236173927
1274356480259604480,negative,8.789458901419966e-05
1274356480288972802,negative,0.04451909539849402
1274356480402001920,negative,0.004843091236173927
1274356480972554241,negative,5.245341406359682e-05
1274356481144602624,negative,0.09977246573008015
1274356483518607361,negative,0.0031810526184103587
1274356484009340928,negative,1.0019573933316266e-05
1274356484227452928,negative,0.01140068344308785
1274356485045264385,negative,0.11199186793547575
1274356487784034306,negative,0.13949552936821852
1274356488547569664,negative,0.022907119750078545
1274356488568479744,negative,0.001616511283051386
1274356488585216000,negative,8.596238989481519e-05
1274356488891518983,negative,3.538269529979841e-05
1274356491663945729,negative,0.00017613828927026876
1274356492154568705,negative,0.019544565461810527
1274356492641210368,negative,0.004843091236173927
1274356492943196160,negative,3.232106420126455e-09
1274356499243040768,negative,0.304438077563564
1274356501243662336,negative,4.491573920022894e-06
1274356505534509059,negative,0.002130140345898313
1274356507971391490,negative,0.001472430999378014
1274356513474252800,negative,0.055162715980691446
1274356514136842240,negative,0.13949552936821852
1274356514837409793,neutral,0.367723429618483
1274356516896858113,negative,2.2607703055852016e-05
1274356517538594816,negative,0.000157023955872178
1274356517710499843,negative,0.3003706752166792
1274356518197043201,negative,0.0004382808987524101
1274356518201307142,negative,0.2699104143653567
1274356518335496199,negative,0.024147017549054288
1274356518339653634,negative,1.2255812347468656e-09
1274356521988694016,negative,0.0049024829505844945
1274356522907308033,neutral,0.5266120789752364
1274356523293118470,negative,0.09500766960955674
1274356523943198721,negative,0.1283830983719342
1274356524043952128,negative,5.738846105075878e-05
1274356524475977729,negative,2.3101608992774267e-05
1274356525826482176,negative,0.08501573180126992
1274356526451482624,negative,0.0018153409973280076
1274356526912802816,negative,0.021455602323664284
1274356527395155968,negative,0.004843091236173927
1274356527516782593,neutral,0.49789225920557484
1274356527751663619,negative,2.0452212128368524e-05
1274356530213781506,negative,0.004843091236173927
1274356531333652481,negative,8.123347876440576e-05
1274356531581145088,negative,0.011606710214429173
1274356533623754755,negative,0.08917284233375622
1274356533925724166,negative,0.2512243101250744
1274356534030610432,negative,2.787297328760927e-09
1274356534118625280,negative,2.8656526328885995e-06
1274356534290665472,negative,0.013047133110961593
1274356534391300096,negative,2.2607703055852016e-05
1274356535184015360,negative,0.08654687246911817
1274356538484891649,negative,3.6781950507885285e-08
1274356538518286336,negative,0.00025995428544422664
1274356538883354625,negative,0.04868413656103167
1274356539587997696,negative,0.2417208868741504
1274356539629977601,negative,0.062193204442211165
1274356539814547458,negative,0.0003977561693541925
1274356544042422273,negative,1.637839043713939e-08
1274356544163831808,negative,0.001616511283051386
1274356546600931335,negative,0.0005500612242291591
1274356546638696448,negative,0.01728505599946055
1274356547670413318,negative,0.10188734314977094
1274356548454809603,negative,0.030841295272662494
1274356549360791553,negative,2.2607703055852016e-05
1274356550895837184,negative,0.13949552936821852
1274356551130677248,negative,0.03116998981212295
1274356551936065537,negative,0.004843091236173927
1274356552565248000,negative,0.019544565461810527
1274356555077554176,negative,0.00219605513359385
1274356555203448843,negative,0.08501573180126992
1274356556063281152,neutral,0.49789225920557484
1274356557132656641,negative,1.612600296105982e-07
1274356560089710592,negative,1.6608178713826846e-05
1274356560777576448,negative,0.029331371672898794
1274356560937041920,negative,0.0032840455103954687
1274356563852083200,negative,0.13949552936821852
1274356564087001089,neutral,0.39886736114682453
1274356564518977536,negative,1.7240898212433143e-05
1274356564799954949,negative,0.05942892623855671
1274356567186591745,negative,0.003420226946203081
1274356567652159490,negative,4.252631993129395e-06
1274356567731773441,negative,0.00014459406381251767
1274356568289574913,neutral,0.5920923241123381
1274356571527696389,negative,0.13949552936821852
1274356571716362241,neutral,0.5622704517746023
1274356571884093440,neutral,0.48615065671522084
1274356572500774914,negative,0.009581080777797013
1274356572911800322,negative,0.19280440579614377
1274356573251534851,negative,0.00014459406381251767
1274356573599600640,negative,0.15626703473319276
1274356575541563392,negative,0.009932906980315596
1274356575814156289,negative,0.015522987730443905
1274356576762114049,positive,0.8153111697752119
1274356577487564800,negative,0.13949552936821852
1274356577512947713,positive,0.786839479448977
1274356577630330883,negative,0.00014459406381251767
1274356577953251330,negative,0.026141381877069415
1274356579819757569,negative,0.31609996668142204
1274356580390068225,negative,0.009260821476657884
1274356581686284293,negative,6.14052241949791e-06
1274356582378332165,negative,0.004843091236173927
1274356584009924608,negative,0.018220451514098804
1274356584190218240,negative,2.6483642060587684e-05
1274356585586974722,negative,0.00025995428544422664
1274356586169937920,negative,0.0002619169659521643
1274356586182512640,negative,0.0016226874476580964
1274356588027867136,negative,0.29761571709333384
1274356588141318146,positive,0.763492726677842
1274356589089169410,negative,0.0003050253566732271
1274356589105946630,negative,0.01140068344308785
1274356589454114818,negative,2.1696129733191414e-05
1274356593187065858,negative,0.26298267653865953
1274356593484656642,negative,0.07617266421972577
1274356593635856385,neutral,0.42421042103873935
1274356593971298304,negative,0.18097169728096155
1274356596500574208,positive,0.9288951787156476
1274356596680900608,negative,2.2607703055852016e-05
1274356597888700417,positive,0.7796136311013893
1274356598010511360,negative,0.004894413852251384
1274356598182469634,negative,0.0002898684857118755
1274356598706757635,negative,0.018191370886849637
1274356600677863424,negative,0.012846080129989043
1274356601298837504,negative,0.13826357535628392
1274356601311428608,negative,0.040970351992710576
1274356601512747014,negative,0.01531891885728109
1274356601680429056,negative,5.692839550525292e-09
1274356602167066629,negative,0.0436156495744784
1274356602263539715,negative,0.018191370886849637
1274356602523529221,neutral,0.38227762192080983
1274356602531872768,negative,0.018885420088082226
1274356602540261377,negative,0.017217041267188926
1274356602733240320,negative,0.004843091236173927
1274356604880601088,negative,0.0007699370890113074
1274356605270851585,negative,0.04814276828391792
1274356605291769857,negative,4.547475594547499e-07
1274356605539233795,negative,0.17329523008513723
1274356605832908800,negative,0.02767837041596725
1274356605853880320,neutral,0.49789225920557484
1274356606243762178,negative,1.2142951356898647e-05
1274356609175752704,negative,2.474207654491325e-10
1274356609213399041,negative,0.0010368153683389815
1274356609444130816,negative,1.1071183644491722e-08
1274356609989382145,positive,0.7904165066893509
1274356610106830850,negative,0.00014459406381251767
1274356610148610048,negative,0.25581042421126
1274356610400423938,neutral,0.6592116967931048
1274356610815553540,negative,0.123715031565141
1274356611058892801,neutral,0.34885928748701395
1274356613500088321,negative,1.157691023603853e-05
1274356613592350722,negative,0.00014459406381251767
1274356613911117824,negative,0.0015886185383380143
1274356614099693569,negative,0.271581968949276
1274356614540206081,negative,8.411034708429735e-06
1274356615320305664,negative,0.014483351438101805
1274356616322854913,negative,0.005402909033626645
1274356617635672071,negative,0.042505425952213564
1274356618222854144,negative,0.00871136587818132
1274356618365267968,negative,0.002284088023727909
1274356618621157376,neutral,0.34212779492080586
1274356619191648256,negative,0.31820487300311295
1274356622006063105,negative,0.00014459406381251767
1274356622266073090,positive,0.9978027533085746
1274356622270369793,positive,0.9956207468520586
1274356622740029440,negative,2.2607703055852016e-05
1274356623188901890,negative,8.443564912871401e-05
1274356626036797440,negative,0.001616511283051386
1274356626053451778,negative,0.1363585901897884
1274356626624036869,negative,0.01140068344308785
1274356626984755200,negative,0.11531206543918708
1274356627748110338,negative,2.6483642060587684e-05
1274356628066893825,negative,0.13172800381638772
1274356630306652160,negative,0.1276704743674488
1274356630415646720,negative,0.05942892623855671
1274356631174811650,negative,0.13172800381638772
1274356631279525890,negative,7.041376792595837e-08
1274356631376142339,negative,0.0011215207366607506
1274356631711748097,negative,0.13949552936821852
1274356632097632257,negative,0.0009490806865321574
1274356634278559745,neutral,0.393608347162755
1274356634383519746,negative,0.1484124147537912
1274356634710671360,neutral,0.3642662573897441
1274356635218186240,negative,0.06107259465190921
1274356635289309184,negative,0.0013600199239907236
1274356635759194112,negative,0.29761571709333384
1274356635809579010,neutral,0.46127768308170247
1274356638586191880,negative,0.07327654202549114
1274356638770769921,negative,0.11772869326079732
1274356638904877060,negative,1.0378879310951544e-13
1274356639810965504,negative,0.012122582319864251
1274356640121335808,negative,0.2417208868741504
1274356640607883270,negative,0.005179260577913655
1274356643048947713,negative,4.32668813204203e-06
1274356643178917894,negative,0.29761571709333384
1274356644240150530,negative,0.022867538512081245
1274356644286271490,negative,0.0007528443689151465
1274356644319760385,negative,0.05649243982286472
1274356644667953152,negative,0.0021625795954240763
1274356644856594434,negative,0.028989094823026612
1274356646869979142,negative,0.21881622695821315
1274356647234863109,negative,0.2783281880037514
1274356647335428098,negative,0.04414466288842822
1274356647356502017,negative,0.2619308992831716
1274356647897505792,negative,0.07864985060077
1274356648090513408,negative,0.08259735720615825
1274356648690225153,negative,0.009932906980315596
1274356649051009024,negative,0.002871261416241973
1274356650971987968,neutral,0.5694702354948552
1274356651219443714,negative,2.72991417275754e-05
1274356651643023360,negative,0.025012113669309388
1274356652540522498,negative,0.19750062137011246
1274356652876148743,negative,6.179342267073135e-07
1274356653173997569,negative,0.0025244154240155283
1274356655531188230,negative,0.014506080150742501
1274356655732424705,negative,0.004107564963769028
1274356655845781505,negative,2.2607703055852016e-05
1274356656147771399,positive,0.9400995602577226
1274356656370003972,positive,0.880977722113856
1274356656697217026,negative,0.045857634982754254
1274356656827236353,negative,0.0011215207366607506
1274356656944660480,neutral,0.5890236486322925
1274356659456966659,negative,0.001774234454284591
1274356659519881217,negative,0.0021772946379553845
1274356659931041792,negative,0.019332733054495625
1274356659977179141,negative,0.00014459406381251767
1274356660832780289,negative,0.0065637628605112065
1274356661218676736,negative,0.29761571709333384
1274356661751296001,negative,0.11199186793547575
1274356661969436673,negative,0.00012418129369424808
1274356661977853953,negative,0.02008601788606137
1274356662028075010,negative,0.1247332507029434
1274356663517163521,negative,0.010335353938672565
1274356663701520384,negative,0.2799852519493358
1274356663965884416,negative,0.0008969658827128978
1274356664137846786,negative,0.06975115247675547
1274356664213344257,negative,0.00011010545946446123
1274356664251146241,negative,0.00022677326675106535
1274356664356024320,negative,1.157691023603853e-05
1274356664443994115,negative,0.0056165612274417746
1274356664536371206,negative,0.07604394451796871
1274356664788025345,negative,0.004845512593524563
1274356664829952000,neutral,0.5136446707795853
1274356665110925318,negative,0.01714300493503244
1274356665463255041,neutral,0.3642662573897441
1274356668176924672,negative,1.7240898212433143e-05
1274356668357369856,negative,5.25933231523432e-06
1274356668512587776,negative,0.19141647306432188
1274356668642603010,negative,0.03990504252263662
1274356668894261249,negative,0.01140068344308785
1274356669556850694,negative,0.22082230916661
1274356669644931073,positive,0.9357008006204267
1274356670085369859,positive,0.763492726677842
1274356670098034689,negative,0.31609996668142204
1274356670110539776,negative,0.2102378603500306
1274356670152560640,neutral,0.41284655950888277
1274356672916606977,negative,0.028930418441322908
1274356673558298626,negative,0.09465090221525894
1274356673759543296,negative,0.0006403553289584176
1274356673822502912,negative,0.32506685266967134
1274356676859068416,negative,1.6675810245025011e-06
1274356677157027842,negative,0.00018108900766014856
1274356681506521089,neutral,0.4538262507762595
1274356681846263817,negative,0.20716647287638693
1274356682341199874,negative,0.0011215207366607506
1274356682664050688,negative,0.00027014359179035764
1274356684971036672,negative,0.0073021112228521525
1274356685101039618,negative,0.003368816176566307
1274356686216663041,negative,0.14377504778978745
1274356688779345924,neutral,0.6256370019830304
1274356688976515072,negative,0.030380902981738126
1274356689010114561,negative,8.871183786073271e-06
1274356690511695873,negative,0.004843091236173927
1274356691585372166,negative,2.2525811635623394e-05
1274356694345277441,neutral,0.34322267253793753
1274356694475329542,negative,0.12004138264278501
1274356694789865472,positive,0.8166186890370012
1274356695028957185,positive,0.7690362510244284
1274356695213338624,negative,0.004843091236173927
1274356699994877954,negative,0.0011215207366607506
1274356701450428418,negative,0.01408215689278019
1274356701995634688,neutral,0.4686555698045724
1274356702381346816,negative,0.004843091236173927
1274356702947823616,negative,0.0011215207366607506
1274356703367217152,negative,5.686518028202719e-06
1274356703392342016,negative,0.15922624373425048
1274356705669910528,negative,0.07149627943053821
1274356706181595138,negative,0.04868413656103167
1274356706240278530,negative,0.00014720039733041293
1274356706697531392,negative,0.001102310072806244
1274356708182286336,negative,0.26192351310595835
1274356709746782208,negative,0.13949552936821852
1274356710157795328,negative,0.01531891885728109
1274356710220664833,positive,0.9997370820378277
1274356710497562624,negative,0.001616511283051386
1274356711181160448,negative,4.319194916105919e-06
1274356711466381314,negative,0.003722503096012636
1274356711579664389,negative,0.028930418441322908
1274356711923515392,neutral,0.43899891735460295
1274356712523337728,negative,0.018621091952989277
1274356713953669120,negative,0.00495411671295918
1274356714159177728,neutral,0.3643183843193712
1274356714389864449,negative,0.0007206278447072315
1274356714796507138,negative,0.2945911720623878
1274356715190812673,negative,8.123347876440576e-05
1274356715400695808,positive,0.9400995602577226
1274356718252838913,negative,0.001102310072806244
1274356718646902784,negative,0.1979923035512618
1274356719141957634,negative,0.13949552936821852
1274356719720828928,negative,0.21285288727602453
1274356720408592384,negative,0.0005881791848059362
1274356722325508097,negative,0.0007206278447072315
1274356722350665732,negative,0.022058174672311495
1274356722400989184,negative,0.2417208868741504
1274356722581323777,negative,0.004843091236173927
1274356722640044039,negative,2.088422457257334e-05
1274356723017531399,negative,0.0013932642399945938
1274356723965403137,negative,2.4345633452662714e-05
1274356724212924419,negative,0.0023763880365369615
1274356724636385282,neutral,0.4274140538829391
1274356727262015489,negative,0.2993907110775389
1274356728172294152,negative,0.0011215207366607506
1274356728424009728,negative,0.22860109472680132
1274356731955613697,negative,0.015548998880221356
1274356732471513089,negative,0.02340131144698345
1274356732853202947,negative,3.56014113371759e-05
1274356734987993088,negative,1.404054265000646e-06
1274356735025782785,negative,2.787297328760927e-09
1274356736506433536,negative,2.2607703055852016e-05
1274356737034813440,negative,0.033968898473641485
1274356739836706822,neutral,0.3561781015588856
1274356740046323715,negative,0.3029968537174699
1274356741162098696,negative,0.006812636562690789
1274356741300510721,negative,0.24151054019797136
1274356741367631879,negative,0.02257224168597576
1274356741485080576,neutral,0.36629112225818244
1274356743418466309,negative,8.123347876440576e-05
1274356744119091200,negative,0.028908378244971285
1274356747919142915,negative,0.05106637002907062
1274356748250464259,negative,0.020006098081177908
1274356749315854344,negative,0.00021020526819592297
1274356749366169601,negative,0.0030868343231219035
1274356749672288258,negative,0.011606710214429173
1274356749995302913,negative,0.09980884089838911
1274356751773642752,negative,0.06242241308467077
1274356751882530816,negative,0.22082230916661
1274356752063045632,negative,0.05750852537312632
1274356752704843776,negative,0.01140068344308785
1274356753300434944,neutral,0.49789225920557484
1274356757914095616,negative,0.09965753329704123
1274356758006251522,negative,0.29761571709333384
1274356758513934338,negative,0.11089845607972984
1274356760036270082,neutral,0.6301234559680013
1274356761206628354,positive,0.9357008006204267
1274356761214894081,positive,0.8286012028805883
1274356761768665088,negative,0.05592593259625326
1274356761839968256,negative,1.6729818824145825e-05
1274356761919492097,negative,0.10399499614065881
1274356761944825856,negative,0.14972594958396251
1274356762112675845,negative,0.13172800381638772
1274356765845528583,negative,1.157691023603853e-05
1274356766461968384,negative,1.1071183644491722e-08
1274356768596844544,negative,0.07000300816486019
1274356768823484416,negative,0.015383906002539973
1274356769192542209,negative,0.009474666268600985
1274356770526433282,negative,0.038153568964844585
1274356772652953600,negative,0.004907558063504056
1274356773063983106,negative,0.0032840455103954687
1274356773101715464,negative,0.00011182006027244708
1274356773206536193,negative,1.1071183644491722e-08
1274356773487611905,negative,0.0021625795954240763
1274356773491814400,negative,3.2168268457044074e-09
1274356774087376896,negative,0.24967675257842897
1274356774280151045,negative,0.001102310072806244
1274356774410301442,negative,1.4306411760880183e-11
1274356775182098433,negative,1.1414135324069458e-05
1274356777245708289,positive,0.6810793037399041
1274356777296027650,positive,0.9595673418537176
1274356777669271553,negative,0.004843091236173927
1274356778139037696,negative,0.0024903398026611505
1274356778399039488,negative,0.13331246529389748
1274356781909782528,positive,0.897740620973573
1274356782119387136,neutral,0.57723208060306
1274356782207549440,negative,0.09606844382509597
1274356782304018438,negative,0.002600666370832763
1274356782366941184,negative,0.07637021371006789
1274356782547308544,negative,2.7108556307266677e-07
1274356785558798336,negative,0.000918536316417107
1274356785751695360,negative,0.0006729174116501988
1274356786057928706,negative,7.456608140148072e-11
1274356786988974081,negative,8.706496523464614e-05
1274356787005853696,negative,0.1536054714235828
1274356789337784320,negative,0.23551118650719516
1274356790524694534,negative,0.003401178487566604
1274356790784937991,negative,0.21659070216520487
1274356790939881472,negative,0.001616511283051386
1274356793704173571,negative,0.05592593259625326
1274356794337497088,negative,0.20931499392799818
1274356794954002434,negative,0.007408528475507318
1274356794958241793,negative,0.010958942067279256
1274356795109244932,negative,1.320147234466522e-06
1274356795184685056,negative,0.00014459406381251767
1274356795595726855,negative,0.00014459406381251767
1274356795645952000,negative,2.6737659445654676e-06
1274356795847344128,negative,0.004545226477745859
1274356795851649024,positive,0.990955449951103
1274356798024228865,negative,1.8576927081808796e-05
1274356798275936257,negative,0.00011056241566858799
1274356798997307393,negative,1.1071183644491722e-08
1274356799110602752,negative,0.3217774717738044
1274356802683957250,negative,0.001616511283051386
1274356803124563969,negative,0.0004978609648478751
1274356803472625664,negative,0.0011215207366607506
1274356803585953794,neutral,0.5311422675267464
1274356803627868161,negative,0.12959920737750286
1274356803652988929,negative,0.09596768519551088
1274356806903648256,negative,0.0006198398001893309
1274356807234977793,negative,0.00409141323912462
1274356807306080258,negative,4.319194916105919e-06
1274356807381778432,negative,6.240484421552342e-05
1274356807499161603,negative,0.00034280553938465517
1274356808073822208,negative,0.001616511283051386
1274356810724433920,negative,0.0007321342685305799
1274356811290861568,negative,0.18774543635597718
1274356811395719168,negative,0.008253882948524631
1274356811492179968,negative,0.0011215207366607506
1274356811718692870,negative,7.694083864662256e-07
1274356811760574464,negative,0.004843091236173927
1274356812725260289,negative,0.21663218523124433
1274356814348460033,negative,0.00013808145719256134
1274356814591733760,positive,0.7893757318015241
1274356814679867392,negative,0.018621091952989277
1274356815296368640,negative,0.00014459406381251767
1274356815472574472,negative,4.864359754624921e-05
1274356816022036480,neutral,0.5606006730307823
1274356816647016448,negative,1.1071183644491722e-08
1274356816823103488,neutral,0.43910695607919187
1274356819692072963,negative,0.0018153409973280076
1274356819759190016,negative,0.04414466288842822
1274356820719611906,negative,0.06071459138399188
1274356821210398720,negative,0.2417208868741504
1274356821621342208,negative,0.00033657941518493335
1274356823126990853,negative,0.003222832135696301
1274356823504683010,neutral,0.5017543432377519
1274356823634644992,neutral,0.3532865964934425
1274356824049954816,negative,1.1363545401781928e-09
1274356824351875072,negative,1.1071183644491722e-08
1274356824939073539,negative,0.0007315135167748733
1274356825194926081,negative,0.00014459406381251767
1274356825438248963,negative,0.03074863399940268
1274356827396939780,negative,0.004843091236173927
1274356827552198657,negative,0.02201085893018373
1274356828005154817,negative,0.0576478234700326
1274356828609171456,negative,0.17085650338555278
1274356828730769412,negative,0.0012655814615645468
1274356828948901899,negative,0.19517719809756018
1274356829607337984,negative,0.00030417941789619173
1274356831704539137,positive,0.9633391482172087
1274356831758856197,negative,0.007613231690886118
1274356831784251393,negative,0.24041041695884746
1274356832727949312,negative,0.05942892623855671
1274356833164111872,negative,0.002606617668337085
1274356834116272128,neutral,0.55807635845211
1274356835617779712,negative,0.009581080777797013
1274356836423041031,negative,0.11199186793547575
1274356836687319041,positive,0.897740620973573
1274356836993576989,negative,0.05548285078597709
1274356837006139392,negative,0.004427865377390981
1274356837094170625,negative,0.13438735747132774
1274356839761752069,negative,0.00014459406381251767
1274356840718110720,neutral,0.40919560907609875
1274356841082793990,negative,0.018191370886849637
1274356841267552256,negative,0.07581117311733465
1274356841284112388,negative,0.002453196595429744
1274356841435234307,negative,1.8702409184941465e-05
1274356841472983041,negative,0.05814451259550101
1274356843561787394,negative,0.0026542863827568176
1274356844098654210,negative,6.179342267073135e-07
1274356844182544391,negative,0.09965753329704123
1274356844778139650,negative,0.0011956509539378089
1274356844811649035,negative,0.0019914152836347475
1274356845407277057,negative,0.00025995428544422664
1274356845591834625,negative,0.017006077985430357
1274356848628506625,negative,7.1391983796287e-05
1274356848666316803,negative,0.00014459406381251767
1274356849018646528,negative,0.030380902981738126
1274356849337421827,negative,0.0007964470658061719
1274356849480011777,negative,0.2054599392834711
1274356849551257601,negative,0.0007964470658061719
1274356849698050051,neutral,0.5931607790579888
1274356850100703232,neutral,0.47712990614180867
1274356850138525696,negative,5.1274952542685175e-06
1274356851891724288,negative,0.0007964470658061719
1274356852441133059,negative,8.443564912871401e-05
1274356852713820161,negative,9.782089804679564e-13
1274356853091246081,negative,0.09071717251954439
1274356853112213506,neutral,0.3361739228097194
1274356853976244224,negative,0.13949552936821852
1274356854072791040,negative,0.01984376981645
1274356854609584131,negative,0.003906608184926543
1274356854643142657,negative,9.901944537474272e-09
1274356856866119684,negative,0.21285288727602453
1274356857021308930,neutral,0.44231347627872375
1274356857155530753,negative,0.0003050253566732271
1274356858073960450,negative,0.0007699370890113074
1274356858094891012,negative,0.1586532958226233
1274356858137042945,negative,0.18097169728096155
1274356858153820160,negative,0.05431939966609225
1274356858434830343,negative,6.183685942881332e-05
1274356858439024640,negative,0.2379179722279587
1274356858451570690,positive,0.8453084887224482
1274356860834009088,negative,2.2607703055852016e-05
1274356861337243648,negative,0.0011215207366607506
1274356861425389568,negative,0.003317290997832128
1274356861878390784,negative,0.01140068344308785
1274356861932916736,negative,0.12947518482285486
1274356861936889856,negative,0.001616511283051386
1274356862088024064,negative,1.1063130400649612e-07
1274356862666801152,negative,1.1071183644491722e-08
1274356865087016960,negative,0.001616511283051386
1274356865321893890,neutral,0.41284655950888277
1274356865464438784,neutral,0.36373160216578426
1274356865800056834,negative,2.3267968052925182e-06
1274356865900654593,negative,0.004843091236173927
1274356866546630656,positive,0.9321088513040883
1274356867645550594,negative,0.00021141921140676293
1274356867855237126,positive,0.6779764534728264
1274356867968499713,neutral,0.34034832118682773
1274356869465858048,negative,0.03840157533963977
1274356869549699079,negative,0.2799852519493358
1274356870766084097,negative,0.004843091236173927
1274356873706246146,negative,0.013131102140532444
1274356873723076608,negative,0.054859627763875096
1274356874188652545,negative,0.2501365838229996
1274356874700361729,neutral,0.5844952997138847
1274356874951917569,negative,1.4740643186484637e-05
1274356875195228161,negative,0.0020460591653395483
1274356878538166273,negative,0.00029787951984732905
1274356879205060608,negative,0.0011215207366607506
1274356881969098752,negative,0.00010625244679299407
1274356882279448577,negative,1.7240898212433143e-05
1274356882346520582,neutral,0.40819334745054037
1274356882380070912,negative,8.123347876440576e-05
1274356882401083394,negative,8.219918243676127e-06
1274356882954739712,negative,0.001616511283051386
1274356883139244032,negative,0.1266919358380019
1274356883382587394,negative,0.01140068344308785
1274356887677472768,negative,0.0011215207366607506
1274356888117755904,negative,0.004843091236173927
1274356891657928704,negative,0.2602790863586344
1274356892018651136,negative,0.02906590257740929
1274356892282884098,negative,0.04868413656103167
1274356894698811396,negative,0.05897235857735733
1274356894719717382,negative,8.352694308659825e-05
1274356894971432960,negative,0.09965753329704123
1274356896259080192,negative,0.03474024201811504
1274356896770686977,negative,0.31609996668142204
1274356897253076992,negative,0.04868413656103167
1274356898482053120,negative,0.037212358860493275
1274356899555586056,negative,0.004843091236173927
1274356899794821121,negative,0.004843091236173927
1274356899857739776,negative,0.0009490875911381241
1274356899912265729,negative,0.0011215207366607506
1274356900868558853,negative,0.055162715980691446
1274356901661286400,negative,0.0798813010626473
1274356901745176580,negative,0.02102601543626555
1274356902953021440,negative,2.1257718642197767e-06
1274356903347396608,negative,0.0021772946379553845
1274356904253370368,negative,0.03962874667877952
1274356904806899713,positive,0.8286012028805883
1274356904844759042,negative,0.015548998880221356
1274356907034185733,negative,9.588657873695021e-08
1274356907445227521,negative,1.1071183644491722e-08
1274356907541704709,negative,4.864359754624921e-05
1274356907701084163,negative,0.0032840455103954687
1274356911803109376,negative,0.16223511525113327
1274356913275375617,negative,0.04868413656103167
1274356915728982017,negative,0.01140068344308785
1274356915729022978,positive,0.7112264328727067
1274356915754217474,negative,2.2607703055852016e-05
1274356916198744064,negative,0.2517706050121777
1274356916752461826,negative,2.5387323369938468e-08
1274356917104717827,negative,0.004843091236173927
1274356917717143555,negative,0.0049024829505844945
1274356917973004288,neutral,0.3864031866001049
1274356918048473088,negative,0.02947751795762648
1274356918094569474,negative,0.009561567747260623
1274356918132396032,negative,0.004000833649550977
1274356920384655361,neutral,0.4507454498615163
1274356921080918017,negative,1.9682342839024566e-07
1274356921093455872,negative,0.05942892623855671
1274356921844346881,negative,7.482590918262696e-05
1274356923794706439,negative,9.782089804679564e-13
1274356923991801856,negative,0.004843091236173927
1274356925723967488,negative,0.2417208868741504
1274356925849907201,negative,1.7240898212433143e-05
1274356929012404231,neutral,0.46276743800412934
1274356929922347008,neutral,0.3702765055239573
1274356930023059456,negative,0.020582057850369755
1274356932564959232,negative,0.05674881579282759
1274356932959068160,negative,0.001616511283051386
1274356933353504774,negative,0.04250562460034989
1274356933672271873,negative,7.072858428978606e-09
1274356936360812545,neutral,0.4831742975469772
1274356936813797377,negative,0.09500766960955674
1274356937350688769,negative,0.29761571709333384
1274356938088857600,negative,0.01140068344308785
1274356938139152384,negative,0.0025832145447018512
1274356938634125317,negative,0.2417208868741504
1274356940462841858,negative,0.0005816704725602916
1274356941062639616,negative,4.6502030495869363e-10
1274356941360422913,negative,0.03024922126914728
1274356942576726016,negative,0.048318633927124204
1274356944824918019,negative,0.21663218523124433
1274356945286291456,negative,0.17085650338555278
1274356945907056641,negative,2.3235344957351224e-05
1274356949291864065,negative,8.768611723949809e-07
1274356954098552832,negative,0.005179260577913655
1274356954509574150,negative,0.0018755487956458447
1274356954572480512,negative,0.29761571709333384
1274356956707409922,negative,0.0022790231091694133
1274356956787101696,negative,4.363683219221795e-06
1274356957219078146,negative,0.00014459406381251767
1274356957382676481,negative,0.05280117951526036
1274356957990858752,positive,0.9907984498517554
1274356958208950274,negative,0.006066758494981596
1274356958494162946,negative,0.0012918245661096017
1274356958972256257,negative,0.00014459406381251767
1274356961681825795,negative,0.0021625795954240763
1274356961962864646,negative,0.07815206051504993
1274356962205949954,negative,4.0137644822369474e-06
1274356962436808706,negative,0.00029787951984732905
1274356962482888704,negative,0.21770277103081329
1274356962600329217,negative,0.032572484885857414
1274356962743005186,negative,0.0021625795954240763
1274356963959353344,negative,0.15965566904953105
1274356964110356480,negative,0.007628685414413218
1274356964156477440,negative,0.0032840455103954687
1274356964164874243,negative,3.671182010777574e-08
1274356965637054464,negative,0.00021141921140676293
1274356965800624130,negative,0.056634523800294545
1274356965876080641,negative,0.03140120920213366
1274356966811406336,negative,0.005564209398615825
1274356967004180481,negative,8.773650393327699e-05
1274356970133356545,negative,8.123347876440576e-05
1274356970275782659,neutral,0.43250459200886754
1274356970716303361,negative,0.10850792594965541
1274356970909249536,negative,0.012873405819125971
1274356973987868673,negative,0.17085650338555278
1274356974012907520,negative,0.004843091236173927
1274356974314876931,negative,0.2799852519493358
1274356974315089921,negative,2.2607703055852016e-05
1274356974608580611,negative,1.0019573933316266e-05
1274356974746927106,negative,1.1071183644491722e-08
1274356975313334273,negative,0.0011171186280900822
1274356975569117186,negative,0.006590469754560142
1274356975632101377,negative,1.16031189221073e-06
1274356975820775425,negative,0.3051146961105203
1274356976122806272,negative,0.0001358703917174953
1274356976139612166,neutral,0.49789225920557484
1274356978077372416,negative,0.1008595673337973
1274356978257727488,negative,7.1617052512773746e-06
1274356978354204672,negative,0.028378887640468434
1274356979222405126,negative,1.1769823052983612e-06
1274356979226599430,neutral,0.49789225920557484
1274356980086382592,negative,0.025962099686381572
1274356982724603906,negative,8.965027721173752e-05
1274356982884052998,neutral,0.39633590521461504
1274356982988840969,negative,0.2617529036331704
1274356983710330881,negative,0.18886162651211091
1274356986671439872,negative,2.2589835298332566e-10
1274356987069947905,negative,2.2607703055852016e-05
1274356987145355264,negative,2.5814051177269787e-07
1274356987363540993,negative,1.0313725556903455e-06
1274356987405328385,negative,0.01141249426884361
1274356987862683648,positive,0.785886593659979
1274356987862700037,negative,0.11199186793547575
1274356987942313990,negative,0.018961986186147167
1274356988433108993,negative,1.914171953153588e-05
1274356988537901056,neutral,0.35451443008515343
1274356989045338117,negative,0.13949552936821852
1274356990970679297,negative,0.10977260725410494
1274356991071264768,negative,0.11329270801458025
1274356991134220291,negative,0.05738731705847255
1274356991847272448,negative,0.004427865377390981
1274356992497397761,negative,0.001616511283051386
1274356992509980675,negative,0.0019024209561890092
1274356992656781312,neutral,0.49789225920557484
1274356995752108034,negative,0.1419265381406
1274356995852603392,positive,0.7523114011654305
1274356996305805313,neutral,0.4064281066055449
1274356996549029891,negative,0.01140068344308785
1274356996947546112,negative,0.06472892908172624
1274356997173972997,negative,2.1111432807319157e-05
1274356997215776769,negative,0.05760449214329574
1274357000273616903,negative,0.11475779585400081
1274357000579710977,negative,0.13949552936821852
1274357000940523521,negative,0.00031664341689508044
1274357000952885251,negative,0.015859269476485673
1274357001036972032,negative,0.29761571709333384
1274357003587137536,negative,0.001958812647158084
1274357003658366976,negative,0.00014459406381251767
1274357003700371457,negative,0.101619942083219
1274357003884863489,negative,1.3162924480907709e-05
1274357004153360384,negative,0.00027825246991287304
1274357004165951489,negative,0.004008148688116583
1274357004463677440,negative,0.022156212365644353
1274357004618907649,negative,0.01140068344308785
1274357004719570944,negative,0.01121950900635185
1274357004815998977,negative,0.01241077378337656
1274357004916518912,negative,0.003222832135696301
1274357005201915917,negative,6.055866387848449e-06
1274357007869452289,negative,0.0763726122012153
1274357008221732865,negative,0.03564689012727054
1274357008280387586,neutral,0.544059203489677
1274357008842534912,negative,1.157691023603853e-05
1274357011874971649,negative,0.1289135333751782
1274357012193738753,negative,1.1895715082187639e-14
1274357012218941441,neutral,0.5762837276478657
1274357012793561091,negative,9.853472801019771e-06
1274357013397540865,negative,4.547475594547499e-07
1274357013460459523,negative,0.000173447329651944
1274357013611515910,negative,0.03485576394000423
1274357014299389952,negative,1.1063130400649612e-07
1274357015910010881,neutral,0.33617209774474915
1274357016644014085,negative,0.01140068344308785
1274357017025658880,negative,0.005846307661460753
1274357017503825927,neutral,0.4976520693942797
1274357018355171328,negative,0.011786706846226635
1274357018858524676,negative,0.021417255258871826
1274357020431454216,negative,0.0015695762339287475
1274357020439662592,negative,0.13949552936821852
1274357020469182464,negative,7.218001603001391e-11
1274357020993306625,negative,1.1071183644491722e-08
1274357021358329858,negative,0.0011215207366607506
1274357021844914177,negative,0.01140068344308785
1274357021882544129,negative,0.13172800381638772
1274357022381744132,negative,0.0009177032978133025
1274357024348868609,negative,0.13949552936821852
1274357024436953091,negative,0.02698615743726635
1274357025124777985,negative,1.8702409184941465e-05
1274357026731237384,negative,8.443564912871401e-05
1274357026777415686,negative,0.029331371672898794
1274357026966077442,neutral,0.36082923499511826
1274357028920623105,negative,0.00014459406381251767
1274357029356867587,negative,0.011430557414469205
1274357029574971393,negative,0.004843091236173927
1274357029935542273,negative,0.001616511283051386
1274357029986074631,neutral,0.49789225920557484
1274357030355156992,negative,0.03681536513701815
1274357030636195840,neutral,0.48895895465593386
1274357033173692417,negative,7.505601764049902e-09
1274357034419437569,neutral,0.3551513180922714
1274357034545119232,negative,0.0011215207366607506
1274357034557767681,positive,0.897740620973573
1274357035103064066,neutral,0.49789225920557484
1274357035405099008,negative,3.579552453688055e-08
1274357035522457602,negative,0.00014459406381251767
1274357036898119680,negative,0.004843091236173927
1274357036898287617,negative,0.0018153409973280076
1274357037389025281,negative,3.665701799733715e-06
1274357037477044224,negative,0.03930358088307527
1274357037548351490,positive,0.8286012028805883
1274357038093484033,negative,0.004843091236173927
1274357038726942721,neutral,0.3850232780638512
1274357041235136513,neutral,0.5880141113245404
1274357041767817216,negative,0.0704388943684432
1274357041834885122,negative,0.003401178487566604
1274357041927204864,negative,6.933676884668426e-05
1274357042447294464,negative,0.3099330065778271
1274357042652856322,negative,0.017820979158528098
1274357042669662208,negative,0.020162322037737594
1274357043139424256,negative,0.1904765072858919
1274357043298779136,negative,0.01140068344308785
1274357045790048256,negative,0.0018153409973280076
1274357046352269314,negative,0.00023130434030800405
1274357046981341184,positive,0.9700093824298326
1274357049762156544,negative,0.2799819460205976
1274357050076782595,negative,0.006969618874245236
1274357050710032384,positive,0.8899425253688205
1274357050794037248,negative,1.6491665739899652e-05
1274357051037286401,negative,0.3122639449501142
1274357051133767680,negative,0.15922624373425048
1274357054006718464,negative,0.001616511283051386
1274357054283669505,negative,0.05592593259625326
1274357054354980864,negative,0.2799852519493358
1274357054455545857,negative,0.05592593259625326
1274357055487344645,negative,0.0009952863461212178
1274357055575527434,negative,0.09677499827650582
1274357055818694657,negative,1.1071183644491722e-08
1274357056171057152,negative,5.692839550525292e-09
1274357058662531074,negative,0.0001328192010410201
1274357059203543040,negative,2.8684135424564705e-05
1274357059413254149,negative,0.1706565124733489
1274357059572641792,negative,6.331526889197188e-08
1274357059899863041,negative,0.00010898904117059089
1274357060046598145,negative,0.009859176659720768
1274357060285673472,negative,0.004843091236173927
1274357060386336768,negative,0.007628685414413218
1274357062366105600,negative,2.2607703055852016e-05
1274357062454124545,negative,0.03303376407787172
1274357062886137856,negative,0.0032521583273915355
1274357063137865729,negative,3.106910580906139e-06
1274357063368552448,negative,0.00037572775545943607
1274357066606481409,negative,0.00012968186952523811
1274357066774327297,negative,0.009581080777797013
1274357067105607680,negative,0.2417208868741504
1274357069609684993,negative,2.787297328760927e-09
1274357071568351233,negative,0.21921412548362115
1274357071841017856,negative,0.0059741940701481516
1274357075439689729,neutral,0.49789225920557484
1274357075905216512,negative,0.0063842897285104104
1274357076043710465,negative,0.0019474886261394598
1274357079784947712,negative,0.000495371815490899
1274357079906680832,negative,0.13949552936821852
1274357080745541633,negative,1.637839043713939e-08
1274357084990124033,negative,0.09033427858940829
1274357085283762176,neutral,0.49789225920557484
1274357085619265536,neutral,0.46598398918449585
1274357085694820354,negative,0.01531891885728109
1274357087842123778,negative,0.04240781844641149
1274357088324640769,negative,0.04868413656103167
1274357091466084355,negative,7.470599284479836e-05
1274357091474509824,neutral,0.38806593524774735
1274357091759775750,negative,0.0016551457605121845
1274357091826794509,negative,0.0033701988083785447
1274357092439199744,negative,0.05097343350022174
1274357092657348610,negative,9.985740087867428e-05
1274357097271091200,negative,0.0002400857791051532
1274357099334496256,negative,0.10601622981342991
1274357100030971904,negative,1.8702409184941465e-05
1274357100479741953,negative,0.007628685414413218
1274357100605513729,negative,2.2607703055852016e-05
1274357101100326912,negative,0.00017412630281972406
1274357101272477696,negative,0.2276620520324268
1274357101708574726,negative,0.09965753329704123
1274357101972852738,negative,0.1823704251571895
1274357102010499072,negative,0.0011215207366607506
1274357104229388290,negative,0.008925816328547869
1274357104363569153,negative,2.4267141193710698e-05
1274357105059860483,negative,0.05431981723065602
1274357105311563776,negative,2.2378424946845034e-05
1274357105634480130,negative,0.0009678604867396187
1274357106028748802,negative,0.0014417858160584679
1274357106297241602,negative,0.04868413656103167
1274357108188893184,negative,0.002605917653991894
1274357108201467909,neutral,0.49789225920557484
1274357108297867265,negative,0.00026507671157563684
1274357108494999552,neutral,0.3964632547887174
1274357109749055489,negative,0.04868413656103167
1274357110445309953,negative,0.04868413656103167
1274357112391512067,negative,0.006812636562690789
1274357112672378880,negative,0.16095361516094003
1274357112768999425,negative,0.00481440406925162
1274357113024905217,negative,0.008745468754879885
1274357113616285698,negative,0.03922128114085451
1274357113784066053,negative,0.15681064177799658
1274357113851174912,negative,0.28360004119828147
1274357113972764674,negative,2.787297328760927e-09
1274357114526486528,negative,0.29203328268016826
1274357117508616192,negative,1.2009153188271065e-05
1274357118104199169,negative,0.005846307661460753
1274357118838112258,neutral,0.4507454498615163
1274357120855654401,neutral,0.49789225920557484
1274357121950404608,negative,0.01140068344308785
1274357129529434117,negative,3.124699777611758e-06
1274357129776902151,negative,0.00025995428544422664
1274357129856659456,neutral,0.45775996333357566
1274357133967069185,negative,0.0018153409973280076
1274357134004715527,negative,0.004843091236173927
1274357134029918208,negative,0.12037063624481859
1274357134545715207,negative,0.004843091236173927
1274357134650728448,negative,0.0011064191245433934
1274357137532223491,negative,0.0011215207366607506
1274357137842606080,negative,0.07357273963051428
1274357138270433281,neutral,0.42507619662732005
1274357139037962240,negative,0.023504350417737376
1274357139088257027,neutral,0.34204090801782494
1274357139168002058,positive,0.9786121297269571
1274357141818703872,negative,0.22915103025480452
1274357142015954946,neutral,0.4567422106315022
1274357142024314881,negative,7.531967487876743e-05
1274357143140020225,negative,5.692839550525292e-09
1274357143320301571,negative,0.0007699370890113074
1274357143521701889,negative,0.14422441695466023
1274357143781756930,negative,5.2815289788292764e-08
1274357144150609921,negative,0.0011215207366607506
1274357144486371328,negative,0.05592593259625326
1274357146222841859,negative,0.0021625795954240763
1274357146520637446,negative,3.768472930038768e-09
1274357146948448256,negative,0.05738731705847255
1274357147204292611,negative,0.06918815053954762
1274357148663848962,negative,0.05406920941944107
1274357150219997187,negative,0.007429235469345096
1274357150433886208,negative,0.05592593259625326
1274357151666966529,negative,5.25933231523432e-06
1274357151817965568,negative,0.08560287005262945
1274357151914434562,negative,0.001102310072806244
1274357151990001664,negative,0.053872219632148735
1274357152203919362,neutral,0.6402533151098955
1274357152421777409,negative,3.012288472820331e-08
1274357152791093249,negative,0.007429235469345096
1274357154745667584,negative,0.07950576761121148
1274357155055927299,negative,0.06155425234730458
1274357155144044547,negative,0.2318880708119354
1274357155727126530,neutral,0.48895895465593386
1274357155743727616,negative,0.02537453476085868
1274357156314255366,negative,0.11199186793547575
1274357156406583297,negative,0.001102310072806244
1274357156427509760,negative,5.25933231523432e-06
1274357159195742209,negative,7.726029970560362e-08
1274357159418105857,negative,0.05738731705847255
1274357159640399872,negative,0.038153568964844585
1274357159686541312,negative,0.0021625795954240763
1274357159736852480,negative,0.005104881428848512
1274357160621805570,negative,0.004427865377390981
1274357160877731844,negative,0.005402909033626645
1274357160894500867,negative,2.6483642060587684e-05
1274357161011937280,negative,0.21921412548362115
1274357162756706305,negative,0.03606539193429526
1274357164031778817,negative,0.00014459406381251767
1274357164207943680,neutral,0.40819334745054037
1274357164346347520,negative,0.0011215207366607506
1274357164707110913,negative,0.011430557414469205
1274357164879069184,negative,0.17040805733856978
1274357165113966592,negative,0.23131718745390764
1274357168091860992,negative,0.00014459406381251767
1274357168465158146,negative,2.6483642060587684e-05
1274357168947462144,negative,0.04909331332616232
1274357169299820545,negative,2.1633705745973788e-05
1274357169903689728,negative,0.2417208868741504
1274357170981810177,negative,2.391659296221749e-06
1274357171388588034,neutral,0.49789225920557484
1274357171606753282,positive,0.9572347682085854
1274357172319764483,negative,0.003420226946203081
1274357172349140999,negative,0.00014459406381251767
1274357172634365954,negative,0.0008220192213067604
1274357173200527361,negative,0.08878632245878905
1274357173213114368,negative,0.0011215207366607506
1274357175411003394,negative,0.055175961760589344
1274357175641690112,negative,0.011430557414469205
1274357176736395264,positive,0.9357008006204267
1274357176862212096,neutral,0.38463385871166533
1274357177084493826,negative,0.11199186793547575
1274357180003749888,negative,0.012834301798958161
1274357181123571714,negative,0.05856538091276087
1274357184185466880,negative,0.001616511283051386
1274357184554549248,negative,0.005402909033626645
1274357184986521603,negative,2.2607703055852016e-05
1274357185372254208,negative,0.0699265855072664
1274357185686970373,negative,0.060266258728724785
1274357186118877184,negative,0.2417208868741504
1274357188123938817,negative,0.005402909033626645
1274357188887220231,negative,2.2607703055852016e-05
1274357188945903617,positive,0.7619488797064079
1274357190044811264,neutral,0.6140708560953594
1274357192355954688,negative,5.556758755816649e-12
1274357192540520448,negative,0.0011215207366607506
1274357192569663488,negative,0.00036806055017029265
1274357192645361666,negative,0.00014459406381251767
1274357192729210880,negative,0.04952346504882715
1274357193534582789,negative,0.011448849023057617
1274357194113327106,negative,7.926529231861618e-05
1274357194276945920,positive,0.8282315826944656
1274357194499260416,negative,1.1836170756683249e-06
1274357196697075713,negative,0.07637021371006789
1274357197779070976,negative,0.29761571709333384
1274357197854695427,negative,0.03621777400564703
1274357198198538240,neutral,0.368573174201365
1274357198412492800,negative,8.439132193348067e-06
1274357198496444417,negative,0.11199186793547575
1274357198567636994,neutral,0.6150773711842229
1274357199083638787,negative,1.676928897539691e-08
1274357200593412096,negative,0.00029787951984732905
1274357200593522689,neutral,0.45055948105924976
1274357200828456962,negative,1.1063130400649612e-07
1274357201268887552,negative,0.020687626968078344
1274357201809936384,negative,6.546386588321075e-05
1274357201952485376,negative,0.22842465546134538
1274357202934005765,positive,0.763492726677842
1274357203051438087,neutral,0.49789225920557484
1274357204792066048,negative,0.004843091236173927
1274357204880166918,negative,0.022058174672311495
1274357205014392841,negative,0.00014459406381251767
1274357205030985729,negative,0.018511284965028057
1274357205148618755,negative,8.443564912871401e-05
1274357205282762752,negative,0.003401178487566604
1274357205324763136,negative,0.08910843779033782
1274357206494973954,negative,0.00014459406381251767
1274357206784389120,negative,0.018191370886849637
1274357208877281281,negative,0.001102310072806244
1274357208965435392,negative,2.5512421709162314e-06
1274357209414148096,negative,0.1722760117783033
1274357209510576128,negative,2.302795190376347e-05
1274357210374647809,negative,0.0003291164779273085
1274357210462728193,negative,0.000157023955872178
1274357210869633026,neutral,0.5129005075843027
1274357210928168962,negative,0.0029354171345393294
1274357213646159880,negative,1.1415828081567946e-05
1274357214015299585,negative,0.09002455920469843
1274357215067910146,negative,0.001616511283051386
1274357215319724035,negative,0.11199186793547575
1274357215323918336,negative,2.2607703055852016e-05
1274357215806324738,negative,0.05421068622953725
1274357217664344065,negative,0.0011215207366607506
1274357217916063746,negative,0.10471330344078392
1274357218213793795,neutral,0.38227762192080983
1274357218394193920,negative,0.09390433198853954
1274357218465525760,negative,0.20368394844971427
1274357218712924161,negative,0.18280254446035335
1274357218742276100,negative,1.4406546727822786e-07
1274357219031756800,negative,0.017006077985430357
1274357219426029568,negative,0.0027676161872076895
1274357219535044608,negative,2.890503794474658e-14
1274357221351137280,negative,0.32773231788436785
1274357221963464708,negative,0.19531287850462725
1274357222110375938,negative,0.07393482406165428
1274357223167328256,negative,9.940877762796898e-05
1274357223297363968,negative,0.03113729157679135
1274357223683219459,neutral,0.46127768308170247
1274357225667125249,negative,0.09500766960955674
1274357226396770306,negative,0.004843091236173927
1274357226589884421,negative,0.0001282073406342509
1274357226686369797,negative,2.2607703055852016e-05
1274357228246622208,negative,0.13949552936821852
1274357230620590087,negative,0.00036623935207824484
1274357230729678853,negative,0.01563377366150745
1274357231237111811,negative,0.12037063624481859
1274357231383912448,negative,8.123347876440576e-05
1274357231543373825,positive,0.8166186890370012
1274357231601975296,negative,1.1071183644491722e-08
1274357231631335424,neutral,0.4505321887460425
1274357232688410629,negative,0.002221842635042978
1274357232969244672,negative,0.003401178487566604
1274357232981782528,neutral,0.37137062280538924
1274357233107771393,positive,0.8286012028805883
1274357233200046080,negative,4.9843287607752715e-05
1274357234269634560,negative,1.1071183644491722e-08
1274357234970046464,negative,0.12959920737750286
1274357235674726402,negative,0.014506080150742501
1274357236274475010,negative,0.05674881579282759
1274357238883368963,negative,7.378820800345565e-05
1274357239160209408,negative,0.06919360840379962
1274357239294410752,negative,0.00014459406381251767
1274357239990685702,neutral,0.49789225920557484
1274357240145817600,negative,6.1494086784727014e-06
1274357242704343041,negative,0.003722503096012636
1274357243719409667,negative,4.864359754624921e-05
1274357244675710977,negative,3.8516387056815325e-05
1274357244797292545,negative,0.1266919358380019
1274357246600925187,negative,0.11349147158314563
1274357247070679041,negative,0.0011215207366607506
1274357247485767680,negative,0.13949552936821852
1274357251017453588,negative,0.020511906854823254
1274357251864760320,negative,0.0013617356730299657
1274357252133015552,negative,0.13949552936821852
1274357252938489858,negative,0.0006598106731765257
1274357253596905474,positive,0.9848345625434974
1274357254053982208,negative,0.13949552936821852
1274357256474308615,negative,1.1071183644491722e-08
1274357261805268992,negative,0.004627473567154303
1274357264074313728,negative,0.0011215207366607506
1274357264233701377,negative,0.045835536571066066
1274357268021207042,negative,0.028930418441322908
1274357268792958978,negative,0.02273559148212822
1274357269011075072,negative,0.0011215207366607506
1274357269505941504,negative,0.02102601543626555
1274357269778571264,negative,0.001616511283051386
1274357272630591488,negative,0.09786652277762876
1274357273087836160,negative,0.0013612402755803271
1274357274056822790,negative,0.08023930523735376
1274357274304184323,negative,1.1929911813902718e-06
1274357274337738753,negative,0.0007206278447072315
1274357276036530176,negative,0.18388537629998497
1274357276275625986,negative,0.20951346678325597
1274357276552421377,negative,1.4740643186484637e-05
1274357280226578433,positive,0.8565608740152553
1274357280927092737,negative,1.875851893945669e-09
1274357281044533248,negative,0.007175914245973751
1274357281052909568,negative,0.003065677059359148
1274357281178750977,negative,0.01140068344308785
1274357281300365313,negative,0.02946972032369291
1274357281556217862,negative,0.04868413656103167
1274357281828806665,negative,0.01140068344308785
1274357282210492425,negative,0.035866717222524234
1274357284831985666,negative,0.0005494230136704588
1274357285213491201,negative,0.00040836930608484275
1274357285515669505,negative,0.00020479812569071105
1274357285968543744,negative,0.04868413656103167
1274357288543883264,negative,0.004843091236173927
1274357288741015553,positive,0.9194144162540804
1274357288795615232,negative,0.0019474886261394598
1274357288808005632,negative,0.13275815001357216
1274357289059835906,negative,0.05942892623855671
1274357289596706817,negative,0.007518197720028184
1274357289957437440,negative,0.14384332905755381
1274357290053836802,negative,0.040686562130283155
1274357290200715267,negative,0.13949552936821852
1274357290473308160,negative,0.01140068344308785
1274357290502631424,negative,0.0009952863461212178
1274357292922744832,positive,0.999585821742442
1274357292989853697,negative,0.008138544519125988
1274357293245771776,negative,0.01140068344308785
1274357294290124801,negative,4.977450058648177e-08
1274357294436884480,negative,0.04868413656103167
1274357294654984193,negative,0.02102601543626555
1274357295028359175,negative,0.00025995428544422664
1274357295183466496,negative,1.637839043713939e-08
1274357298840944640,negative,0.001616511283051386
1274357299012911104,negative,0.14244224347412723
1274357299193225216,negative,0.01140068344308785
1274357299419758592,positive,0.7022689938172346
1274357299499405317,negative,2.378311567475311e-08
1274357301441449985,negative,0.08826221692494869
1274357301881835520,negative,0.09726902155701549
1274357302607446021,negative,0.01140068344308785
1274357303026888705,negative,0.1443180116268365
1274357305702744065,negative,0.001616511283051386
1274357305937715205,negative,0.2417208868741504
1274357307086966786,negative,0.29819585618167127
1274357309540532225,negative,0.12037063624481859
1274357310211723265,neutral,0.5762837276478657
1274357310245212160,negative,9.504060923165547e-09
1274357310392020992,negative,0.26418104487050625
1274357310874357762,positive,0.880977722113856
1274357310886944772,neutral,0.49789225920557484
1274357310887022593,negative,0.004843091236173927
1274357315433574407,negative,0.252668587744507
1274357315479764992,negative,0.0011215207366607506
1274357318310866948,negative,3.149297816932646e-07
1274357318646288386,negative,0.04582765218164498
1274357318726160384,negative,0.08514539242761157
1274357318893940737,negative,0.0009557396676156545
1274357320148029442,positive,0.8297155112904245
1274357320215126016,negative,0.026247283468230704
1274357322584915968,negative,0.0005451743481090505
1274357322819788801,negative,0.001102310072806244
1274357323331284993,negative,4.174300247459151e-08
1274357323998298113,neutral,0.43992516685900773
1274357324493262848,negative,0.00022677326675106535
1274357327307685889,negative,2.6483642060587684e-05
1274357327643246592,negative,0.0928157421342543
1274357327844556808,negative,0.00021141921140676293
1274357328037523456,negative,0.0011215207366607506
1274357329983569922,negative,0.00026680360517271026
1274357330575056896,negative,0.08493055254545394
1274357330935775234,negative,0.18795859623648656
1274357330935795712,negative,0.07197907315624454
1274357331220787200,negative,0.0681197437022347
1274357331749470208,negative,0.00014459406381251767
1274357334769381376,negative,0.020988899451306393
1274357334836424705,negative,0.12574371024016553
1274357335251652608,negative,0.06572202867062106
1274357336778383360,negative,0.06239308982115497
1274357337017462784,negative,1.1071183644491722e-08
1274357337030045698,positive,0.703945104538845
1274357337394950146,negative,0.1363585901897884
1274357339919974400,negative,8.557507499784513e-10
1274357340460822534,negative,0.0003050253566732271
1274357340540731393,negative,1.9872974053602027e-05
1274357341383790593,negative,0.0047459936874981136
1274357343124365312,negative,0.05077236110814375
1274357343317364736,negative,0.03729033193604985
1274357343325687811,negative,0.007628685414413218
1274357343833251840,negative,1.1071183644491722e-08
1274357343883386881,negative,0.18760693662253133
1274357344143474689,negative,0.13949552936821852
1274357347603951616,negative,0.001975987637956454
1274357347750682626,negative,1.1071183644491722e-08
1274357347876515840,negative,6.614466013447671e-05
1274357347973038080,negative,0.006175590831373024
1274357349566820353,negative,0.00409141323912462
1274357349646348288,negative,0.29761571709333384
1274357349969362945,neutral,0.5268532245634159
1274357352158945282,negative,1.7240898212433143e-05
1274357352226004996,negative,2.8684135424564705e-05
1274357356286095360,negative,0.00175905141663871
1274357356420386822,neutral,0.582317909501638
1274357357666013184,negative,0.03285852439057904
1274357357829636098,negative,2.2607703055852016e-05
1274357361168338944,negative,1.7240898212433143e-05
1274357361625292805,negative,0.012543648979877257
1274357361763708930,negative,0.0032277408306585534
1274357361877159936,negative,5.25933231523432e-06
1274357362921521153,neutral,0.4567194820840143
1274357364292976641,negative,0.3291050696331926
1274357364582420481,negative,0.05592593259625326
1274357364649582593,negative,0.07509577442231544
1274357365081604097,negative,0.01540836633104899
1274357368235704320,positive,0.9997698212961951
1274357369464483845,negative,0.0011215207366607506
1274357369472942082,negative,0.0004917500691688625
1274357369548374017,negative,0.0018153409973280076
1274357369728884750,negative,2.2607703055852016e-05
1274357369858818048,negative,0.0021625795954240763
1274357369963720704,positive,0.7077307696073232
1274357370181890049,negative,0.22122416942500223
1274357370190204929,negative,3.382249686243186e-11
1274357373574971392,negative,0.00014459406381251767
1274357373801574401,negative,0.0011215207366607506
1274357374132850695,negative,0.00014459406381251767
1274357374170599424,negative,4.547475594547499e-07
1274357374174867457,negative,0.004843091236173927
1274357376842432512,positive,0.9977700313753454
1274357377781858304,negative,0.23963683610080413
1274357377886814209,negative,0.0013932642399945938
1274357378012590080,negative,0.14167506979393815
1274357378238955522,negative,0.024992353492807196
1274357378260107265,negative,0.00014459406381251767
1274357378704687105,negative,0.0008113402296972637
1274357379098968064,neutral,0.42507619662732005
1274357381065871360,negative,1.216124962646072e-05
1274357381196021761,negative,0.022660884115531552
1274357381951033345,positive,0.9321088513040883
1274357382416646146,negative,0.05235741503585981
1274357382894649346,negative,0.0011215207366607506
1274357383007997952,negative,0.07509577442231544
1274357383033217026,negative,0.2617529036331704
1274357385176535041,negative,0.29761571709333384
1274357385520467968,negative,0.09296160674057986
1274357387072204802,negative,0.004843091236173927
1274357387256893441,negative,0.00458662229761285
1274357387311357953,negative,0.0008159146743565882
1274357387575648256,negative,0.00014459406381251767
1274357387814670337,negative,2.45772943650026e-06
1274357389198753793,neutral,0.46052437398802043
1274357389756596227,negative,0.2192931406874439
1274357389991522305,negative,0.00041236373767339135
1274357390175952896,negative,0.07327654202549114
1274357390599749633,neutral,0.4976520693942797
1274357391761563650,negative,8.123347876440576e-05
1274357393749663746,negative,0.05592593259625326
1274357394190020609,negative,0.00021141921140676293
1274357395351887874,negative,0.01140068344308785
1274357395444162560,negative,6.184559815129199e-06
1274357398040436736,negative,8.443564912871401e-05
1274357398082379778,negative,0.22377495203665335
1274357398409547780,negative,0.0021625795954240763
1274357398438895617,negative,0.2881022373369679
1274357399067951107,negative,0.004843091236173927
1274357399105789957,negative,0.0021625795954240763
1274357399491575809,positive,0.7842586057601225
1274357402159255553,negative,0.275958358184994
1274357403014901761,negative,1.1071183644491722e-08
1274357403522420737,negative,0.035139798483227416
1274357404654804992,negative,0.01750911457132474
1274357405996986369,negative,0.003401178487566604
1274357406013837312,negative,0.0828578701772483
1274357406055702533,negative,7.302126691427854e-08
1274357406072438785,negative,0.2700152070006991
1274357407381098496,negative,0.0021205043851629407
1274357407666393089,positive,0.7651776545045567
1274357407959973888,negative,0.13949552936821852
1274357408819707904,neutral,0.37433901445068607
1274357410531102720,negative,0.004843091236173927
1274357410610765826,negative,0.29502449652156665
1274357411260882944,positive,0.998997324974281
1274357411487326215,negative,0.1519519621115061
1274357411764219904,negative,0.23322469805478133
1274357412129116161,negative,0.012024472199672873
1274357414536474627,negative,0.009168229083476098
1274357415358746626,negative,0.13685236380077934
1274357415568306183,negative,0.2417208868741504
1274357415568384001,negative,0.0007874190618544743
1274357415765585921,negative,0.00014459406381251767
1274357415862063108,negative,0.004843091236173927
1274357416361111552,negative,0.00025937999829476506
1274357416407240704,positive,0.7458352070080841
1274357418680606720,negative,0.02738764886718594
1274357419611693058,positive,0.897740620973573
1274357419859197953,negative,2.2607703055852016e-05
1274357420589023232,negative,0.019374896650758637
1274357420777713664,negative,0.01140068344308785
1274357420798730241,neutral,0.49789225920557484
1274357422858153984,positive,0.8453084887224482
1274357423604666371,negative,9.901944537474272e-09
1274357425034977281,negative,0.0950417534805098
1274357425055895552,negative,0.13949552936821852
1274357425135669257,negative,0.00015747533292801238
1274357425676734464,negative,0.01140068344308785
1274357427329269761,negative,0.05995742227860946
1274357427543199746,negative,1.2142951356898647e-05
1274357428314923008,negative,8.86511413832771e-05
1274357428889542656,negative,0.0002321112761134211
1274357431204790272,neutral,0.44054615157121163
1274357431565529089,positive,0.880977722113856
1274357433104625667,negative,0.08547620598366297
1274357433444585475,negative,0.000200850795365693
1274357433591312386,negative,0.3007377319996914
1274357435331825665,negative,0.00029787951984732905
1274357435562680320,negative,5.692839550525292e-09
1274357436518891520,negative,0.29761571709333384
1274357440126083073,negative,0.0010034315265853764
1274357440314839041,negative,0.2912600910254335
1274357441229131778,negative,0.007487043112980517
1274357441426157570,negative,0.004470126844538538
1274357441791025153,negative,0.004843091236173927
1274357442026049544,negative,0.2211841082333547
1274357445142462467,negative,0.05431939966609225
1274357446291730432,negative,0.03917290556937577
1274357448606916608,negative,0.007552581764866678
1274357449617743874,negative,1.1071183644491722e-08
1274357456911708161,neutral,0.5969326993369197
1274357457196855298,negative,0.007628685414413218
1274357457951830016,negative,0.00026455467425974815
1274357460443312136,negative,0.29761571709333384
1274357461034598401,negative,0.013544511323883292
1274357461038829568,negative,7.977002622350803e-06
1274357461118484481,negative,5.045359476449673e-10
1274357461378572288,negative,2.302795190376347e-05
1274357461529608197,negative,0.05897235857735733
1274357462112534531,positive,0.880977722113856
1274357464784343041,negative,0.00021141921140676293
1274357464859885568,neutral,0.4527438818270552
1274357465489059841,neutral,0.3513179080093388
1274357466105556993,neutral,0.49789225920557484
1274357466738954246,negative,2.2607703055852016e-05
1274357466743087107,negative,0.07942879668417692
1274357469276495872,positive,0.7022689938172346
1274357469477605376,negative,0.01140068344308785
1274357469490434048,neutral,0.40819334745054037
1274357469859450880,negative,0.10181136206043566
1274357473139478528,positive,0.8409306975847609
1274357473282084867,negative,2.787297328760927e-09
1274357473751818240,negative,1.4445911274993126e-06
1274357474313863168,neutral,0.5238245624508951
1274357474859143169,negative,0.22209260717472576
1274357475626618881,negative,0.0092744064496032
1274357475932848128,neutral,0.6592116967931048
1274357478864625664,positive,0.7022689938172346
1274357479808413696,negative,0.00019377268779782487
1274357481607778304,negative,9.782089804679564e-13
1274357481674887168,negative,0.0028080088661658438
1274357481884581889,negative,0.00025995428544422664
1274357481939107845,negative,4.961805620140473e-05
1274357481993576451,negative,2.9866234969716713e-06
1274357483147087873,negative,0.004000833649550977
1274357483830722560,positive,0.9926875384939552
1274357487018356742,negative,4.633640968126435e-06
1274357487068643328,negative,0.05780780776186161
1274357487475490816,negative,0.1940837381014901
1274357490457681920,negative,0.0798813010626473
1274357490461872129,negative,0.008692747841848715
1274357490499702784,negative,0.02946972032369291
1274357492256878593,negative,0.271581968949276
1274357492294664192,negative,0.004843091236173927
1274357494421356544,negative,0.007050093911298504
1274357494568157186,positive,0.9848345625434974
1274357494647791616,negative,1.7240898212433143e-05
1274357494651985923,negative,0.29761571709333384
1274357494677229569,negative,0.05828189445446495
1274357495306301450,negative,0.04868413656103167
1274357495486730240,negative,0.07730284760069948
1274357496103215104,negative,4.878271320714052e-07
1274357499144089600,positive,0.9752415339868494
1274357499517374465,negative,0.004843091236173927
1274357502109515776,negative,0.1571138044681874
1274357502617018368,negative,0.015548998880221356
1274357502738608128,negative,0.13949552936821852
1274357503111901184,negative,1.7695034393581266e-10
1274357503594303488,negative,0.04868413656103167
1274357504366055424,positive,0.8798039430045211
1274357504693198850,negative,0.05738731705847255
1274357505150406656,negative,0.15872285959445825
1274357506274459648,negative,0.005143175690780306
1274357506865876992,negative,0.0005587713802219438
1274357506995818497,negative,0.32773231788436785
1274357507176173570,neutral,0.5124621648089771
1274357507838873600,negative,0.028378887640468434
1274357508086235136,negative,2.3711435376918983e-06
1274357508891717632,negative,0.04868413656103167
1274357509256593412,negative,0.0002812825204751204
1274357509323702273,negative,0.016822131399913575
1274357511001423872,negative,8.665089332995938e-05
1274357511274090497,negative,0.23309316946473072
1274357511576043522,negative,3.40027521426836e-05
1274357511802490890,positive,0.7060463214098597
1274357512314257408,negative,0.004843091236173927
1274357512339369984,neutral,0.5570553631198218
1274357512779767808,negative,0.028311889748099235
1274357513006260225,negative,5.988157646159499e-08
1274357513182380032,negative,3.152855152215035e-05
1274357514923057155,negative,0.31732489718339985
1274357515589955584,negative,0.06919360840379962
1274357516126715904,negative,0.0011215207366607506
1274357516399456257,negative,0.05760449214329574
1274357516424667138,negative,0.004637713048610908
1274357516433010688,negative,0.03232865993112821
1274357516584050688,negative,1.0019573933316266e-05
1274357517611646977,negative,0.0003391657882690361
1274357517800398848,negative,0.00014459406381251767
1274357519914336261,negative,5.211848441963258e-07
1274357520191180800,negative,2.3106849692599853e-07
1274357520295792640,negative,2.787297328760927e-09
1274357520308547585,negative,0.0001328192010410201
1274357520476372998,negative,0.059073836803653676
1274357520543424514,negative,0.04868413656103167
1274357520711155713,negative,0.0787215358195318
1274357521231360008,negative,0.0028779006780079394
1274357521474392066,negative,0.004843091236173927
1274357523638779913,negative,0.04574489815077878
1274357523668176897,negative,0.0005881791848059362
1274357523957547016,negative,0.20760787423366617
1274357524108623873,negative,9.782089804679564e-13
1274357524255432706,negative,0.11447025509141857
1274357525073231876,negative,0.08917284233375622
1274357525090045952,negative,6.568388381412988e-06
1274357525119406081,negative,0.004989714265797367
1274357525178208257,negative,2.2607703055852016e-05
1274357527967338497,negative,0.015548998880221356
1274357528491679745,negative,0.015239833593326148
1274357528512671744,negative,0.03952295404961664
1274357529326297089,negative,0.04868413656103167
1274357529481445376,positive,0.6792494575444393
1274357530093854723,negative,0.001616511283051386
1274357530265821191,negative,0.0002812825204751204
1274357531809329153,negative,0.2873659327384771
1274357531872198657,negative,0.04868413656103167
1274357532404965376,negative,0.07469794247427355
1274357532463636482,negative,0.18097169728096155
1274357533348675584,negative,0.0003391657882690361
1274357533545836545,negative,9.980351041063459e-06
1274357533566779393,negative,0.002611175597976633
1274357533914906624,negative,0.017947618175442742
1274357536364400651,negative,0.2794653930830212
1274357536498634754,negative,1.5369600853386779e-06
1274357536683106304,negative,0.0009858380443411145
1274357536934825984,negative,2.1940430956292438e-05
1274357537039663105,negative,0.1823704251571895
1274357538671255553,negative,0.00012655821123306118
1274357538868379648,negative,0.02322640104757773
1274357539019411457,negative,0.22820882362804987
1274357539304615936,negative,0.0021772946379553845
1274357539388510208,negative,0.16957320286803418
1274357540315332608,negative,0.000915156506796566
1274357540562898944,negative,0.0017229423182791763
1274357540961153030,neutral,0.5143447214613424
1274357541213011969,negative,0.04868413656103167
1274357541435146240,negative,0.009475042412802623
1274357541510819840,negative,0.0002027454962504383
1274357541607297024,negative,0.00517989528748498
1274357542488100870,negative,1.1071183644491722e-08
1274357545352736771,negative,0.0004330391694208318
1274357546015428609,negative,0.05738731705847255
1274357546128678912,positive,0.7040950283646137
1274357546913013763,negative,0.0007590960790517958
1274357548485881856,negative,0.0019233929657328222
1274357548594933760,negative,0.1004436230119933
1274357548720799744,negative,0.02102601543626555
1274357548896923648,positive,0.977456933247749
1274357549106634758,negative,0.005402909033626645
1274357549454761988,positive,0.9346381695393178
1274357549488357378,negative,0.0007072239441027239
1274357550054608896,neutral,0.35495462420642887
1274357550138392577,neutral,0.41198310995047577
1274357550167863297,negative,0.308616641965059
1274357550373314561,negative,0.01140068344308785
1274357550415216640,negative,0.003694779450599342
1274357550549553156,negative,0.016518257550450426
1274357550574698500,positive,0.9997370820378277
1274357550767501313,negative,0.2617529036331704
1274357552868921344,negative,0.06309600929570322
1274357553200275457,negative,0.0023105184846991355
1274357553753919488,positive,0.9710931781592718
1274357554366132224,negative,2.3122337908203276e-08
1274357554949304322,negative,0.02537453476085868
1274357555184062464,negative,0.0408563224160164
1274357558019588096,negative,0.01140068344308785
1274357558074114048,negative,0.003401178487566604
1274357558149632005,negative,0.07469794247427355
1274357558971686913,negative,1.0580406530865114e-05
1274357559210553351,negative,0.005166037724624696
1274357559298854915,negative,0.0199630081126223
1274357561140142081,negative,0.0008098749448184605
1274357561194475521,negative,1.612600296105982e-07
1274357561454706688,negative,0.004843091236173927
1274357561936969730,negative,0.0023372334223663916
1274357562465533952,negative,0.006702805271782259
1274357562490736641,negative,2.9071148330485074e-16
1274357562742276097,negative,0.0010456868448589756
1274357563153354753,negative,1.8236505123108423e-06
1274357563228860418,negative,0.0024430788205848006
1274357563434336268,negative,0.010481405143148277
1274357563660931072,neutral,0.5421658976543449
1274357565514801159,negative,0.0018153409973280076
1274357566496280577,negative,0.00014459406381251767
1274357566701801475,negative,0.0005272297034888572
1274357566760509441,negative,0.0021538126059579984
1274357567137951745,negative,0.0546547271917291
1274357567435804673,negative,0.08219508909144821
1274357567838437376,negative,0.1350436872981014
1274357569784631301,negative,0.1535803172131059
1274357569788743683,neutral,0.3921392596637016
1274357569939791872,negative,1.157691023603853e-05
1274357569998462977,negative,0.003046420644404445
1274357570099003394,negative,0.13949552936821852
1274357570300493826,negative,0.2662115441692724
1274357570346586113,negative,0.04882704769920945
1274357570405203968,negative,0.2417208868741504
1274357570476654592,negative,0.160592182835015
1274357570514423811,negative,0.03131806394035334
1274357570702958592,negative,0.29761571709333384
1274357570707357696,negative,0.18097169728096155
1274357570816401408,negative,0.022140362083603593
1274357570959020032,negative,0.0019740339997449735
1274357571101523976,positive,0.9999378662572338
1274357571156168706,negative,0.005132971234011774
1274357571223040002,negative,0.003083690398093355
1274357571428679681,negative,0.0092744064496032
1274357573815279618,neutral,0.3337878492202135
1274357573857222660,positive,0.8585319019276769
1274357573987086336,negative,0.0012655814615645468
1274357574050119680,negative,0.11199186793547575
1274357574054416393,negative,0.18097169728096155
1274357574385754119,negative,0.011169781517979501
1274357574486372353,negative,0.05674881579282759
1274357574658412545,negative,0.045012081218731785
1274357575107174400,negative,2.1961207836341415e-06
1274357577636290563,negative,0.04868413656103167
1274357577867034625,negative,2.6054055519755744e-06
1274357578412195841,negative,7.768718457014988e-07
1274357579855036417,neutral,0.46598398918449585
1274357579876118528,negative,0.005798312548874417
1274357579997642752,negative,0.0023763880365369615
1274357580203163649,negative,0.0003556496359794967
1274357580433723394,negative,0.21547401996572696
1274357580635287552,negative,0.0005500612242291591
1274357580740075520,negative,0.004843091236173927
1274357582627516421,positive,0.9721040385455159
1274357583181221888,negative,5.692839550525292e-09
1274357583671746566,negative,1.1071183644491722e-08
1274357584137519104,negative,1.8702409184941465e-05
1274357584183603202,negative,0.11005169481572785
1274357584263340034,negative,0.0006623886618772345
1274357584338849793,negative,0.005846307661460753
1274357584502415361,positive,0.994222142511304
1274357586364637185,negative,0.006351232032840391
1274357586389807104,negative,1.8975866285024973e-06
1274357586771546112,negative,5.12118870696214e-12
1274357586855227392,negative,1.637839043713939e-08
1274357586859622406,negative,0.019228657455270495
1274357587144777731,negative,0.029276002838621053
1274357587522117637,negative,1.1071183644491722e-08
1274357587966857216,negative,0.2181245785185707
1274357588033974273,negative,1.6422441634854885e-08
1274357588130500609,negative,0.2417208868741504
1274357588210126850,negative,1.9684284881358229e-10
1274357588256317440,positive,0.9997370820378277
1274357588562522115,negative,0.02102601543626555
1274357590563205122,negative,1.6300532801452974e-05
1274357590776901632,negative,0.2617529036331704
1274357591079112704,negative,0.01119262074415971
1274357591376879621,negative,0.02102601543626555
1274357591708102657,negative,0.012840275352754256
1274357592249323520,negative,0.13460059019779394
1274357592270221313,negative,0.0004513428525653825
1274357592375132161,negative,0.12596271308671148
1274357592744173570,negative,0.00022960436220447822
1274357592928727040,negative,0.02102601543626555
1274357594770018304,negative,0.0016811771380362487
1274357596015616001,negative,0.0002619169659521643
1274357596149997568,neutral,0.33686374760521365
1274357596762312704,negative,0.04868413656103167
1274357596850356225,negative,0.04868413656103167
1274357597177614336,negative,0.12125042769935822
1274357598935023617,negative,0.0008966022005862833
1274357598985129986,positive,0.9552383886203588
1274357599186628609,negative,0.0630065481413513
1274357599664832515,negative,1.1071183644491722e-08
1274357599769702400,negative,0.009932906980315596
1274357600285536257,negative,0.023732173558476437
1274357600428097536,negative,0.2654417857709204
1274357600759529474,negative,0.0259722346656969
1274357600814018560,negative,8.443564912871401e-05
1274357601426452485,negative,0.06035290474860761
1274357601657139200,negative,0.02102601543626555
1274357603120840705,negative,0.31714167029702506
1274357603267743746,negative,4.748557129736956e-06
1274357603359916032,negative,0.012215313381180808
1274357603498364928,negative,0.03108633125279477
1274357603590639621,negative,0.016467863873095883
1274357603708088320,negative,0.14567951790170047
1274357603905220608,negative,0.29761571709333384
1274357604081426432,negative,0.08756281648758348
1274357604148555777,negative,0.0009505667930450913
1274357604165259268,negative,0.00011749235990439325
1274357604186234884,negative,9.651448611945433e-05
1274357604194701313,negative,0.0011171186280900822
1274357604203073536,negative,0.16983120036241972
1274357604395991041,negative,0.03730348603797658
1274357604777512967,negative,0.09965753329704123
1274357604869963776,negative,0.2765136411085362
1274357607365566468,negative,0.0002619169659521643
1274357607365595138,negative,0.003393076441791545
1274357607373967365,negative,0.033456382514650745
1274357607965155330,negative,0.0011215207366607506
1274357608061603841,negative,0.001616511283051386
1274357608535732225,negative,0.01296986796762227
1274357609072603136,negative,0.00012968186952523811
1274357609118814208,negative,1.7240898212433143e-05
1274357609122992129,negative,1.1071183644491722e-08
1274357609584263168,negative,0.0036287484076572333
1274357611681456132,negative,0.26192351310595835
1274357611769585664,negative,3.2666324253608666e-05
1274357611853484033,negative,0.005709427143957458
1274357611958349824,negative,0.00014459406381251767
1274357612339961857,negative,0.022748557035248914
1274357612432306176,negative,1.1071183644491722e-08
1274357612495208450,negative,0.08804678249926585
1274357612591620096,negative,2.787297328760927e-09
1274357612759449601,negative,8.042567656959854e-13
1274357613094985729,negative,0.1028444511916166
1274357613359177729,negative,1.4608733851079221e-06
1274357613547982857,negative,0.0009973752392938148
1274357613694771200,negative,1.9684284881358229e-10
1274357613728272385,negative,0.0006145630043788498
1274357613862334468,negative,0.275958358184994
1274357616307777537,negative,0.25854487604984705
1274357616429457409,negative,5.2701613720231017e-05
1274357617226387458,negative,0.004427865377390981
1274357617406685184,negative,0.02767837041596725
1274357617964519424,negative,1.7240898212433143e-05
1274357620883836928,negative,0.29761571709333384
1274357620946563073,negative,0.00010810473761919667
1274357621106057221,negative,0.04868413656103167
1274357621210873856,negative,0.12353549838702395
1274357621789786112,negative,0.0011932448869651758
1274357622322454528,negative,0.02738764886718594
1274357624264409094,negative,0.023732173558476437
1274357624599953408,neutral,0.5485687085164215
1274357624687951874,negative,0.0013210353650310004
1274357624843223046,negative,0.2654417857709204
1274357624901742592,negative,0.13949552936821852
1274357625136844800,negative,0.021742177510265318
1274357625145176064,negative,4.2269499759799636e-05
1274357625266864129,negative,0.07509577442231544
1274357625338167296,negative,0.07509577442231544
1274357625417879553,negative,0.01024459341701663
1274357625509969920,negative,0.004843091236173927
1274357625774395392,negative,0.001616511283051386
1274357625979916290,negative,0.0011215207366607506
1274357626118291463,negative,0.09977246573008015
1274357626172780545,negative,0.01140068344308785
1274357628626403334,neutral,0.5136446707795853
1274357628639031296,negative,0.0073021112228521525
1274357628827828225,negative,0.001616511283051386
1274357628966240256,neutral,0.5212084554669985
1274357629276438528,negative,0.0013261417048644978
1274357629435904000,negative,0.02102601543626555
1274357629532463104,negative,0.00014459406381251767
1274357629809197057,negative,1.3431578452989035e-07
1274357632573140992,neutral,0.5570553631198218
1274357632770416640,negative,0.025139190892179863
1274357633466712064,negative,0.15477381620127226
1274357633701511169,neutral,0.6020347380261928
1274357634150342656,negative,0.0010745390503930873
1274357634829877248,negative,0.15541230159966998
1274357635018604544,negative,2.8607475718117164e-05
1274357635060502530,negative,0.0018980158844752175
1274357635144433664,negative,0.003401178487566604
1274357636742483968,negative,8.673990913555246e-05
1274357636746510336,negative,0.2523640026577611
1274357637107404802,negative,9.782089804679564e-13
1274357637304528898,neutral,0.4140695600300784
1274357637690413056,negative,0.04935487136132077
1274357637962850307,negative,0.004358037349471297
1274357638038466560,positive,0.8496851250550661
1274357638315347972,negative,0.02102601543626555
1274357638390833153,negative,0.0018980158844752175
1274357638709547008,negative,0.049472291473720176
1274357638956896257,negative,0.004843091236173927
1274357639233896449,negative,0.023732173558476437
1274357640265695232,negative,1.1457902438984713e-05
1274357641331068928,negative,0.02767837041596725
1274357641477672967,negative,0.2617529036331704
1274357641540775937,negative,0.004758190823511763
1274357642044063744,negative,8.875547998667753e-07
1274357642241212416,negative,0.010035125653200198
1274357642299875328,negative,0.00025995428544422664
1274357642337624068,negative,0.004843091236173927
1274357642631303168,negative,0.07416391067742945
1274357642681561088,negative,0.04868413656103167
1274357642685636609,negative,0.00025995428544422664
1274357642723500033,negative,0.32661190649989397
1274357642895536128,negative,0.014048233272935745
1274357643008671744,negative,0.29761571709333384
1274357645089083393,negative,0.11243188528500926
1274357645269401601,negative,1.4740643186484637e-05
1274357645554704385,negative,0.0035813256509687154
1274357645672099841,neutral,0.3448789537043245
1274357645810577409,negative,0.2617748389724454
1274357645894463489,neutral,0.5844952997138847
1274357646406156288,negative,0.1396855441548666
1274357646582255616,negative,0.0006893516831390016
1274357646754287617,negative,0.04868413656103167
1274357647056277505,negative,0.0018980158844752175
1274357647253389312,neutral,0.3368356805506705
1274357647429566475,negative,0.0005500612242291591
1274357647811231749,negative,0.002520825001475736
1274357649790963716,negative,0.02102601543626555
1274357650004889601,negative,2.2607703055852016e-05
1274357650009001985,negative,0.0798813010626473
1274357650067783689,negative,0.00014459406381251767
1274357650386489347,negative,5.978073146935428e-05
1274357650810167296,negative,0.028040805411430187
1274357650885656576,neutral,0.621238829014172
1274357650902470656,negative,0.007993196304530598
1274357651292504064,negative,0.00038606908473136305
1274357651304931328,negative,0.07117522185285792
1274357651342864389,negative,5.692839550525292e-09
1274357651435147267,negative,0.05443066296762677
1274357651489652736,neutral,0.40930237339119346
1274357651732869120,neutral,0.629722084109535
1274357651867131904,negative,0.1396855441548666
1274357653595185152,negative,0.00602944090250103
1274357653850988544,negative,0.1624330208300706
1274357653880348674,negative,0.018191370886849637
1274357653930729472,negative,0.022059381512538622
1274357654207574016,negative,0.030734369348495463
1274357654266183680,negative,0.003411230599581975
1274357654840840193,negative,0.0092744064496032
1274357654840913926,negative,0.017598861581214365
1274357654899568641,negative,0.00014459406381251767
1274357655470059523,negative,0.05592593259625326
1274357655839145985,positive,0.990955449951103
1274357657646837760,negative,0.0005881791848059362
1274357658368331779,negative,2.787297328760927e-09
1274357658368331780,negative,0.008532207082021038
1274357658674479106,neutral,0.6020347380261928
1274357658825433088,neutral,0.5089485814536246
1274357659106447360,negative,0.2697656017740934
1274357660209549312,negative,2.378311567475311e-08
1274357662478721030,positive,0.7022689938172346
1274357662726094849,negative,2.2607703055852016e-05
1274357662738796549,negative,0.0021772946379553845
1274357663216918533,positive,0.9829287298799224
1274357663284039680,positive,0.7615623818126528
1274357663296401413,negative,1.1071183644491722e-08
1274357663346786304,negative,0.2417208868741504
1274357664005455877,negative,0.02946972032369291
1274357664156454912,negative,0.0002564634014631422
1274357666090037248,negative,0.04868413656103167
1274357666123579392,neutral,0.49789225920557484
1274357666576576512,negative,0.03396349803849038
1274357666920501249,negative,0.13949552936821852
1274357667084075011,negative,8.875547998667753e-07
1274357667570479104,negative,2.2098496555068198e-09
1274357667650138113,negative,2.087507206864137e-11
1274357667767685124,negative,0.0007321342685305799
1274357667889324032,negative,0.020671539135477947
1274357668703096834,negative,5.692839550525292e-09
1274357670200344576,negative,0.037436681909298455
1274357670292721665,negative,0.004843091236173927
1274357670527541248,negative,0.01140068344308785
1274357670590414848,negative,0.018191370886849637
1274357670670147584,neutral,0.49789225920557484
1274357671198519298,negative,0.004843091236173927
1274357671412596741,negative,0.22082230916661
1274357671483842562,neutral,0.35706799802514866
1274357672003997698,positive,0.7022689938172346
1274357672503136259,negative,0.05811789142475001
1274357674361212929,negative,0.005798312548874417
1274357674851868673,negative,0.013155108968159484
1274357674898046976,negative,0.0002400857791051532
1274357674998726657,negative,0.00014459406381251767
1274357675124350978,negative,1.1071183644491722e-08
1274357675317477377,negative,0.02102601543626555
1274357675397169154,positive,0.7404766113782907
1274357675560755201,negative,0.007628685414413218
1274357675837489152,negative,0.0014140541627197668
1274357676429004802,positive,0.7978386496471647
1274357676609331200,negative,7.847892423692891e-05
1274357678953967616,negative,0.008368215027322465
1274357679092350976,negative,0.08917284233375622
1274357679301984257,negative,0.2519450494448667
1274357679406841857,negative,5.713111352303339e-05
1274357679679471627,negative,0.1911876793356197
1274357679713026053,positive,0.9948528609593813
1274357679754895360,negative,0.29761571709333384
1274357680774283265,negative,0.013739753078303005
1274357680786849793,negative,5.145581555700831e-05
1274357680828641280,positive,0.880977722113856
1274357681000714242,negative,0.030380902981738126
1274357681118154753,negative,0.002348747155677211
1274357682829393921,negative,0.0016292171802166093
1274357682951110658,neutral,0.48229247442181244
1274357683735404545,negative,0.019544565461810527
1274357683815165954,negative,0.0005500612242291591
1274357683848654849,negative,0.11209402988404557
1274357684116926464,negative,0.00014459406381251767
1274357684142252037,negative,0.004843091236173927
1274357684192641026,negative,0.27472153398783433
1274357685408993280,neutral,0.46598398918449585
1274357685648048130,negative,2.787297328760927e-09
1274357686327562241,negative,1.637839043713939e-08
1274357687468384263,negative,0.19805843531980766
1274357688428662784,neutral,0.5935507063053774
1274357688592486401,neutral,0.38912977948967725
1274357688789536769,neutral,0.5136446707795853
1274357688835559425,negative,0.001616511283051386
1274357689108312064,negative,0.07509577442231544
1274357689825529856,negative,0.04868413656103167
1274357690068807682,negative,0.21881987661286498
1274357690538622977,negative,2.3578156564691675e-06
1274357691268333568,positive,0.897740620973573
1274357691310313473,negative,0.29761571709333384
1274357691545157634,positive,0.9919006858527375
1274357691561975808,neutral,0.5238683594003597
1274357692220530690,neutral,0.49789225920557484
1274357692258152448,negative,2.302795190376347e-05
1274357692526669825,negative,0.02038695306289285
1274357692702896128,positive,0.9997370820378277
1274357692790902785,negative,0.0008113402296972637
1274357693126451201,positive,0.9125403696262822
1274357696012210177,neutral,0.3806729230269193
1274357696213516298,negative,0.06919360840379962
1274357696691568641,neutral,0.497008268191141
1274357697048121344,negative,0.05235741503585981
1274357697266229248,neutral,0.4127008147714305
1274357697350164481,negative,0.04756947871536469
1274357697530429442,negative,0.0004914151200828016
1274357699900133376,negative,0.26192351310595835
1274357699912839168,positive,0.990955449951103
1274357700235800576,negative,0.008253882948524631
1274357701284225024,negative,0.07240479261466655
1274357701288448001,negative,0.02738764886718594
1274357701443751936,negative,0.17085650338555278
1274357701917601800,negative,0.0011215207366607506
1274357701947129856,negative,0.23540932660475059
1274357702005854209,neutral,0.5293700225891195
1274357704547598338,negative,9.782089804679564e-13
1274357706338467844,negative,0.07275109383081722
1274357706757996546,negative,1.065588787835302e-05
1274357706841829376,negative,0.00036223093330713726
1274357708494442503,negative,0.001616511283051386
1274357710939701255,negative,2.6930381089079285e-07
1274357712327864320,negative,0.29761571709333384
1274357712596471813,negative,1.7240898212433143e-05
1274357712890007552,negative,0.02102601543626555
1274357712906711040,negative,1.6300532801452974e-05
1274357712999141377,negative,0.1363585901897884
1274357713787588609,negative,1.230230451694274e-11
1274357716702674944,negative,0.0007206278447072315
1274357716711071745,positive,0.9997370820378277
1274357717839142914,negative,0.0004914151200828016
1274357718476820482,negative,0.0210725950968706
1274357718527115264,neutral,0.653125891185729
1274357719303143425,neutral,0.5676433094769899
1274357721052176388,neutral,0.5430357635287411
1274357721442078722,negative,0.0011215207366607506
1274357721853198338,negative,6.987928468054886e-08
1274357722213908480,neutral,0.5276706536279281
1274357722272739328,negative,0.275958358184994
1274357722390106112,negative,0.0002619169659521643
1274357722746585088,negative,0.12774160204976565
1274357724952891393,negative,2.7098909206872344e-07
1274357725628162048,negative,9.296637355880407e-11
1274357725900812289,negative,0.009525353242742753
1274357726341222400,neutral,0.41882927931835473
1274357726571827203,negative,0.007763526819924464
1274357729264578560,positive,0.8286012028805883
1274357730346774528,negative,0.2450187445452802
1274357730552287232,positive,0.9982277913774235
1274357730573266945,negative,0.01024459341701663
1274357730741026816,negative,8.123347876440576e-05
1274357730871042053,negative,0.11260359674213599
1274357730900209664,negative,0.02102601543626555
1274357731084906497,negative,0.0040632006789848895
1274357731147812865,negative,1.1593300543805976e-08
1274357731596603393,negative,0.07321471904393306
1274357731764383749,negative,0.09970019779556882
1274357732166991874,negative,0.10939943420184241
1274357733588942849,negative,0.0291987370856876
1274357733769334787,negative,4.489968444696087e-05
1274357735128092672,negative,0.0019474886261394598
1274357735711277057,neutral,0.42507619662732005
1274357737586114561,negative,1.157691023603853e-05
1274357737669959681,negative,0.0008160048190853532
1274357737749651456,negative,0.001467641388658511
1274357737846079490,negative,0.24857603408136827
1274357737997119489,negative,0.0006461717543562908
1274357738420740098,negative,0.02102601543626555
1274357738500493312,neutral,0.34538254615392583
1274357742191476737,negative,2.383903928319658e-06
1274357742459748353,negative,0.0011171186280900822
1274357742489174016,negative,0.011448849023057617
1274357743021891588,negative,1.4512035744932847e-06
1274357743462363138,negative,0.006643063528175527
1274357745391734784,negative,0.006855189928814714
1274357746251575296,neutral,0.368480596827995
1274357746314489857,negative,0.0005130361086213354
1274357746427666432,negative,0.02102601543626555
1274357747199488002,negative,0.2251463196043531
1274357747702575105,negative,0.001616511283051386
1274357747748950017,positive,0.6913636493477223
1274357747971231744,positive,0.7600413916354832
1274357749917388801,negative,0.04868413656103167
1274357750303203328,negative,0.003127249533393712
1274357751125356545,negative,0.031922481941528615
1274357751574118400,negative,4.794008083844148e-11
1274357752261939200,negative,0.004843091236173927
1274357752333324291,negative,1.1071183644491722e-08
1274357755059601408,negative,2.787297328760927e-09
1274357755353186304,negative,0.020129195016697105
1274357756212936708,negative,0.04868413656103167
1274357756401770507,negative,4.319194916105919e-06
1274357758683299840,negative,0.0004967749784941818
1274357759350239235,negative,0.05897235857735733
1274357759400689665,negative,0.12959920737750286
1274357759497117696,positive,0.8286012028805883
1274357760176553984,negative,1.596586309886383e-11
1274357762764537865,negative,0.004427865377390981
1274357763272060932,positive,0.797518160392965
1274357763402010625,negative,0.012781683571738854
1274357763548884995,neutral,0.45330597087403485
1274357763955720192,negative,4.6477151497012224e-05
1274357764190543872,negative,0.00014459406381251767
1274357764362579968,neutral,0.42507619662732005
1274357764379336704,negative,0.11614884376950592
1274357767567020033,negative,0.029405628308556912
1274357767621480450,negative,0.00021020526819592297
1274357767780827137,negative,0.12608619066782348
1274357768724586497,negative,0.19251519858004246
1274357769227898881,neutral,0.47062690198552487
1274357769341108225,negative,0.0005272297034888572
1274357770792378371,negative,1.1603174786549816e-05
1274357771287302144,negative,0.002020637168841142
1274357771299958784,negative,0.01140068344308785
1274357771354464256,negative,6.257768974073082e-09
1274357771471912960,neutral,0.42574232066054873
1274357772482641922,negative,8.309045814134184e-09
1274357772528779264,negative,0.0011215207366607506
1274357772533075968,negative,0.1907693510720536
1274357772629487617,negative,0.14904774270063734
1274357775104122881,negative,0.08575467508938993
1274357775540334593,negative,0.00019043274226571732
1274357775896907776,negative,0.0009274268303140541
1274357776245043200,negative,0.00014459406381251767
1274357776291110918,negative,0.13949552936821852
1274357776303742977,neutral,0.34885928748701395
1274357776433795073,positive,0.7112264328727067
1274357776517607427,negative,0.2003706786885546
1274357776601530372,negative,0.0008159146743565882
1274357777012600833,negative,0.0005500612242291591
1274357777025171457,negative,0.017681687660885063
1274357779319455744,neutral,0.5844952997138847
1274357779420123138,negative,0.004627473567154303
1274357779956989954,negative,0.19986654509868576
1274357780208594947,negative,0.29989163675336034
1274357780267388928,negative,0.05856538091276087
1274357780745457665,negative,0.005466485521891101
1274357780896456705,negative,3.55716237309865e-05
1274357781538226179,negative,0.10206761330590641
1274357783756931075,neutral,0.3805928387207803
1274357783782178816,negative,0.024428115710219724
1274357784059031552,negative,0.02767837041596725
1274357784251949056,negative,0.0021625795954240763
1274357784583208960,neutral,0.4778931418967266
1274357788207190024,negative,1.216124962646072e-05
1274357788253315072,negative,0.05592593259625326
1274357788429385732,negative,0.0010721924269455185
1274357788475457537,negative,0.004843091236173927
1274357788676894720,negative,0.02857663021107599
1274357789566078977,negative,2.4794035760708618e-08
1274357792174940161,negative,0.15922624373425048
1274357792430792706,negative,8.443564912871401e-05
1274357792439230466,negative,0.1706565124733489
1274357792560816129,negative,0.07852245778028731
1274357793039044608,negative,0.12959920737750286
1274357793835933696,negative,0.021742177510265318
1274357793882099713,negative,6.972848880326618e-05
1274357794653732864,negative,0.002335701913678798
1274357796570574848,negative,0.08917284233375622
1274357796906119168,positive,0.990955449951103
1274357797568819206,negative,0.0002619169659521643
1274357797933789185,negative,0.18774543635597718
1274357797958844418,negative,0.042006291783647946
1274357797958926336,negative,8.036158196826083e-07
1274357798021804039,negative,0.1822330619952221
1274357798156079106,negative,0.08917284233375622
1274357798726504454,negative,0.00036384615506492317
1274357800538378243,negative,0.02102601543626555
1274357800735514624,negative,0.00014459406381251767
1274357800815202304,negative,1.9684284881358229e-10
1274357800861384704,negative,0.0028326793561230194
1274357800861392896,negative,0.05592593259625326
1274357801519849475,negative,0.04868413656103167
1274357801704394753,negative,0.004631343555889925
1274357802539106305,negative,0.30555522804130253
1274357802551648257,negative,0.0028792207835829095
1274357802694311941,negative,0.00014720039733041293
1274357802870411265,negative,0.009355143965602277
1274357803512143872,neutral,0.5461927984352964
1274357804833271810,neutral,0.653125891185729
1274357804841787394,negative,0.01417593713141628
1274357804988416008,negative,1.1071183644491722e-08
1274357805089206273,positive,0.8651618779548107
1274357805097467904,negative,0.004843091236173927
1274357805328347136,positive,0.9999602396341626
1274357806465011713,negative,0.2394110094948839
1274357808654401536,negative,0.11898102964282319
1274357809384230912,negative,0.16789802139142976
1274357809661063169,negative,0.0007206278447072315
1274357809799405574,positive,0.8286012028805883
1274357810218840065,negative,0.001616511283051386
1274357810407464963,positive,0.9260460732612994
1274357810646716423,negative,0.0005500612242291591
1274357810734731269,negative,0.00013102301194915973
1274357810827079680,negative,4.8717121401007155e-05
1274357812873826307,positive,0.990955449951103
1274357813125529602,negative,0.0009177032978133025
1274357813897310208,negative,0.08917284233375622
1274357814429995011,negative,0.22561333375529458
1274357815025565696,negative,0.16608048096602174
1274357815084298241,negative,0.2923038008367135
1274357815180754946,negative,0.06726469499507383
1274357816975855617,negative,0.028930418441322908
1274357817395286017,positive,0.7424361458979295
1274357817424728065,negative,0.17556147380414805
1274357817806393349,neutral,0.38173543991305214
1274357818582339585,positive,0.785886593659979
1274357818620084224,negative,0.11641425304405863
1274357818783457280,negative,2.5982476928738062e-05
1274357819555213312,negative,2.6483642060587684e-05
1274357819861602310,negative,5.1857880308313725e-06
1274357820008300549,neutral,0.4446816871983468
1274357821392343040,negative,0.13949552936821852
1274357821455425540,negative,0.11184300276801358
1274357821866414082,negative,0.2512243101250744
1274357822105325570,negative,1.1071183644491722e-08
1274357822164217856,positive,0.9883173379136605
1274357822281658370,negative,0.029331371672898794
1274357822633971713,negative,0.2306408693638935
1274357822717865984,negative,0.08917284233375622
1274357822839386112,negative,1.1732456617504303e-13
1274357823120556033,negative,0.05942892623855671
1274357823321837571,negative,0.03140120920213366
1274357825687486464,negative,0.2018914251461523
1274357825838493697,negative,4.558739048510983e-07
1274357826031366144,negative,0.00014459406381251767
1274357826266243073,negative,2.3578156564691675e-06
1274357826689937414,negative,0.05250382181698612
1274357827004502021,negative,2.111561913933232e-12
1274357827289702400,negative,0.13790906241702833
1274357827491049472,negative,0.00630604935921514
1274357827818213376,negative,0.02102601543626555
1274357827889500160,negative,7.637110318257238e-05
1274357830292779010,negative,0.11450412619287378
1274357830330580992,negative,0.039172592223486666
1274357830389248002,negative,7.378820800345565e-05
1274357830565482496,negative,3.1603971763314595e-07
1274357831324577792,negative,0.32886548260954357
1274357831597264897,negative,0.13172800381638772
1274357831664353281,negative,0.04868413656103167
1274357833891565568,negative,0.005179260577913655
1274357834034089984,negative,0.11199186793547575
1274357834562654208,negative,0.00024247791635420273
1274357834579349504,negative,0.00014459406381251767
1274357834646519808,negative,4.0137644822369474e-06
1274357835313414144,negative,0.05592593259625326
1274357835439185920,negative,0.32773231788436785
1274357838026956800,negative,0.001616511283051386
1274357839096659968,negative,0.0092744064496032
1274357839243497472,negative,0.275958358184994
1274357839327346690,negative,0.00019492867459946087
1274357839360745476,negative,0.08826221692494869
1274357840061349889,negative,0.17626507577186504
1274357840283684865,negative,0.04868413656103167
1274357840313044994,negative,0.2921633802265066
1274357840560353281,negative,0.0020823220241238246
1274357840660983811,neutral,0.44054615157121163
1274357840807956481,negative,0.035759004989061045
1274357842389147649,negative,0.30135780735616574
1274357842422759426,negative,0.10188734314977094
1274357843316146177,negative,2.2607703055852016e-05
1274357843735560193,negative,0.027166646162493768
1274357843769122817,negative,0.0005272297034888572
1274357843941101568,negative,0.002079789350392709
1274357843982979073,negative,0.00119287629788785
1274357844431822849,negative,0.003222832135696301
1274357844750499841,negative,0.001616511283051386
1274357846579318784,negative,0.10188734314977094
1274357846679879682,negative,0.01140068344308785
1274357847183237124,negative,0.07852245778028731
1274357847241961480,negative,0.05253546675111554
1274357847334191111,neutral,0.5064615563508967
1274357847523045379,negative,1.809779594919788e-05
1274357848051462145,negative,0.31609996668142204
1274357848529678336,negative,0.0023114819558004264
1274357850064781317,positive,0.6782327745962069
1274357850798686209,negative,0.16161868573067484
1274357851004309504,negative,0.02460594107704766
1274357851071315968,neutral,0.3933410571741267
1274357851188858883,negative,0.01140068344308785
1274357851272724482,negative,0.02418731375717492
1274357851465621504,negative,0.2044935214380634
1274357851675398145,negative,0.0331971951986892
1274357852170313728,negative,0.0006717454197985474
1274357852321218560,negative,0.016000104257891837
1274357854875594755,positive,0.9186953761636848
1274357855207010306,negative,0.29761571709333384
1274357855232155648,negative,0.08917284233375622
1274357855613792256,negative,9.010107976703939e-05
1274357855769018368,negative,0.0011932448869651758
1274357856116985857,negative,0.002284088023727909
1274357856305725441,negative,0.13949552936821852
1274357858822492160,positive,0.8077310843048002
1274357858830823424,negative,0.00034301562033575803
1274357859183136769,negative,0.27978530322109946
1274357859648585730,negative,0.0018153409973280076
1274357860353351682,negative,0.00030373989889860776
1274357860487610369,negative,0.006812636562690789
1274357860793712641,neutral,0.49789225920557484
1274357863385837571,negative,1.2876170629441199e-14
1274357863398494210,positive,0.9186953761636848
1274357863763382279,negative,0.1458598099160487
1274357863952134149,neutral,0.35451443008515343
1274357864170127360,negative,0.01590306801705215
1274357864350584832,negative,0.003222832135696301
1274357865097068548,negative,0.04868413656103167
1274357865139011584,negative,0.04868413656103167
1274357865734639616,negative,0.021742177510265318
1274357867907371009,negative,2.2607703055852016e-05
1274357869673144321,negative,0.23124792931781052
1274357869698338816,negative,0.010960859429006164
1274357871648608256,negative,1.8975866285024973e-06
1274357871787020288,positive,0.9700093824298326
1274357872386813953,negative,2.2607703055852016e-05
1274357872789512192,neutral,0.46127768308170247
1274357873297031168,negative,0.007050093911298504
1274357873326395392,negative,0.003401178487566604
1274357873770979330,negative,0.1350436872981014
1274357873779150848,negative,0.05738731705847255
1274357873863245824,negative,0.0706636145338301
1274357874031046656,negative,0.07509577442231544
1274357874152689664,negative,0.00014459406381251767
1274357874173632516,negative,0.014895701965612415
1274357875847188482,negative,0.0033120343898480897
1274357875943657472,negative,0.003065677059359148
1274357876274929664,neutral,0.44054615157121163
1274357876446937088,negative,0.006698666130824558
1274357876618919937,positive,0.7060463214098597
1274357876736352257,negative,3.589976823795489e-08
1274357877533220870,neutral,0.4180855915307219
1274357877533282305,neutral,0.3373688357068127
1274357877965275136,negative,0.21255805558146415
1274357880389537793,negative,0.271581968949276
1274357880490262529,negative,0.02767837041596725
1274357880838393857,negative,0.1596086690497241
1274357881060687873,negative,0.23540932660475059
1274357881735974912,negative,7.527961602649132e-05
1274357881752752131,negative,0.007628685414413218
1274357882021122048,negative,0.01140068344308785
1274357882155302912,negative,0.018191370886849637
1274357882163802114,negative,0.20951346678325597
1274357882528677889,negative,0.23346269625759844
1274357884155985921,negative,0.1419265381406
1274357884244066315,negative,0.002753347651945171
1274357884399353860,negative,5.596952272216693e-06
1274357884625850368,negative,5.692839550525292e-09
1274357884789428225,negative,0.02738764886718594
1274357885506596864,neutral,0.49789225920557484
1274357885980508160,negative,3.2453887613404494e-07
1274357886215491591,neutral,0.5111067556059521
1274357886643249155,negative,0.25903870312242216
1274357886857228288,negative,0.08501573180126992
1274357888853704704,positive,0.8286012028805883
1274357889143115778,negative,1.6300532801452974e-05
1274357889189150720,negative,0.0011215207366607506
1274357889604489217,negative,0.0063146506787293485
1274357889747038211,negative,0.006812636562690789
1274357889952616448,negative,0.14384332905755381
1274357890040692737,negative,0.001464646649174222
1274357893769330688,negative,0.07275109383081722
1274357893815558144,negative,0.09803683809490601
1274357894369153025,negative,0.0033120343898480897
1274357894453039111,negative,0.04868413656103167
1274357894780194816,negative,0.004843091236173927
1274357895006650368,negative,0.020234158379767775
1274357895149293568,negative,0.04146345903047551
1274357895216402433,negative,0.01140068344308785
1274357896839602176,negative,0.05592593259625326
1274357896894197760,negative,0.04868413656103167
1274357897179234304,negative,0.2417208868741504
1274357897435189248,negative,0.019332733054495625
1274357897850429442,negative,0.009338609828235065
1274357898164961282,negative,0.004843091236173927
1274357898924232704,negative,1.5459535704080139e-09
1274357899247136768,negative,0.01140068344308785
1274357900975190016,negative,2.5555229444428557e-06
1274357901268668416,negative,0.05738731705847255
1274357901386276865,negative,0.00010117314267206401
1274357902476578817,negative,4.633640968126435e-06
1274357902795509760,neutral,0.40819334745054037
1274357903118475269,negative,0.023732173558476437
1274357903433048065,negative,0.00014459406381251767
1274357903714107392,negative,0.0011215207366607506
1274357905588969475,negative,0.04868413656103167
1274357905605697536,negative,0.11199186793547575
1274357905760882688,negative,0.0704388943684432
1274357905815412737,negative,0.275958358184994
1274357906369110016,negative,0.08917284233375622
1274357906587168771,negative,2.787297328760927e-09
1274357906679480321,negative,0.03132117262459615
1274357906759090176,negative,0.00014459406381251767
1274357907228942336,negative,0.05552762641088489
1274357909401620481,negative,0.29761571709333384
1274357909539794946,positive,0.8286012028805883
1274357909732933632,negative,0.1290938558687117
1274357909846142977,negative,0.04868413656103167
1274357910064300034,negative,0.275958358184994
1274357910429208576,negative,6.091642386717777e-07
1274357910492102656,negative,0.0025244154240155283
1274357910751989760,negative,0.13172800381638772
1274357911406252033,negative,0.001616511283051386
1274357912060735488,negative,0.0007699370890113074
1274357913906221057,negative,0.05738936181870263
1274357913923002371,negative,0.06833676230866344
1274357914254352389,negative,0.015682645292981887
1274357914350825473,negative,1.637839043713939e-08
1274357914870874112,negative,0.03808132109721348
1274357915072200704,neutral,0.5439783182791251
1274357915843915777,negative,0.005402909033626645
1274357917702029315,positive,0.897740620973573
1274357917806977036,negative,0.013936139273256595
1274357918255779841,negative,8.107336659233327e-05
1274357918419374083,negative,0.15904055281989835
1274357918725337090,neutral,0.4505626973624926
1274357919174340608,negative,4.363257631511972e-05
1274357919232991235,negative,4.573275930714006e-06
1274357919505698821,negative,0.3134467376678149
1274357919736369153,negative,0.0009022076259654234
1274357921875460097,negative,0.14905513088076847
1274357922215198722,negative,0.07240479261466655
1274357922445869057,negative,2.6737659445654676e-06
1274357922601086979,negative,0.08917284233375622
1274357922626183169,negative,0.015270097804254139
1274357922680766465,negative,0.29502449652156665
1274357922903064576,negative,0.2944424441369268
1274357923112783879,negative,0.018621091952989277
1274357923125305345,positive,0.8286012028805883
1274357923603451906,negative,1.7240898212433143e-05
1274357923779665920,negative,0.00041389375083291
1274357923796434946,positive,0.7955334155345589
1274357923930660864,neutral,0.49789225920557484
1274357923943071744,negative,0.004843091236173927
1274357926220705800,negative,0.0002931270132834623
1274357926644285442,negative,2.931279538235397e-06
1274357927445442560,negative,2.3976390299760527e-05
1274357927571189760,negative,1.1071183644491722e-08
1274357927659417600,negative,0.0027562493791661448
1274357928095551488,positive,0.9572347682085854
1274357928129150976,negative,0.17981282980503863
1274357931228557314,positive,0.6935846262341537
1274357931237150726,negative,0.02102601543626555
1274357931371368448,negative,0.27259426513634494
1274357932013105159,negative,0.18097169728096155
1274357932218515457,negative,0.02072802693836615
1274357932361232384,negative,0.020179996125664835
1274357934466699269,negative,1.404054265000646e-06
1274357934474932225,negative,0.003722503096012636
1274357934554779650,negative,0.07998569771605683
1274357934844248066,negative,0.04138212495267522
1274357934995070977,negative,0.03519955345957745
1274357935032893446,negative,0.04868413656103167
1274357935750238209,negative,4.981407939793608e-06
1274357935838121985,negative,1.2142951356898647e-05
1274357935985041408,negative,0.0010265147618447434
1274357936106635266,negative,0.00020736349622768707
1274357936308080642,negative,0.09794803654291011
1274357938665271297,negative,0.18832745843585968
1274357939034259457,negative,0.2394110094948839
1274357939478945792,negative,0.003076772953040784
1274357939755798529,negative,0.009932906980315596
1274357939814330368,negative,0.00011010545946446123
1274357940829347841,neutral,0.4127008147714305
1274357942956023813,negative,0.0716444059864827
1274357943228600321,negative,0.004843091236173927
1274357943773921280,negative,0.05034630362280946
1274357943836839937,negative,0.001616511283051386
1274357944490942465,negative,1.6608178713826846e-05
1274357944562388992,negative,0.28012854938590276
1274357944939950088,negative,0.2730220829687628
1274357945149657089,negative,0.16324601945295278
1274357946693160965,negative,0.003730178211626644
1274357947552825354,negative,0.007628685414413218
1274357947900981249,negative,0.0002619169659521643
1274357948429430786,negative,0.15922624373425048
1274357948601556992,negative,2.2607703055852016e-05
1274357948916076544,negative,0.08533824306697663
1274357948995821571,negative,0.004843091236173927
1274357949218127873,negative,0.29565949125626084
1274357952175054861,neutral,0.5111067556059521
1274357953097797633,negative,0.01977223250681338
1274357953173360641,negative,0.0021772946379553845
1274357953273958400,neutral,0.3458414798855197
1274357953324355584,negative,1.1063130400649612e-07
1274357953894678532,negative,0.018191370886849637
1274357955459252225,negative,0.004843091236173927
1274357955509379073,neutral,0.49789225920557484
1274357955752796161,negative,0.0012254738002309008
1274357955769622528,neutral,0.49789225920557484
1274357955790622720,neutral,0.4606270646307827
1274357956180664320,negative,0.004843091236173927
1274357956201644033,positive,0.7894024792508977
1274357956272967683,positive,0.8798039430045211
1274357956612706305,negative,0.008878088391061646
1274357956616884225,positive,0.9572347682085854
1274357957241823233,negative,0.0009728648121375124
1274357959804452864,negative,0.015548998880221356
1274357960441880576,neutral,0.46127768308170247
1274357961079558145,negative,0.12004138264278501
1274357964082642949,negative,0.2044935214380634
1274357964380483584,neutral,0.5252899139995859
1274357965060018176,negative,6.102978049791706e-07
1274357965689159682,negative,1.1071183644491722e-08
1274357965760364544,negative,0.00014459406381251767
1274357965856833536,negative,0.0018704616377161968
1274357966175526912,negative,0.08514539242761157
1274357966410518530,negative,0.019544565461810527
1274357966582566914,neutral,0.449727731624377
1274357968763596801,negative,0.0011234640841963673
1274357968893607937,negative,0.022058174672311495
1274357968985903108,negative,0.2640254626287692
1274357969057124353,negative,0.0021205043851629407
1274357969103306755,negative,0.05158349412506692
1274357969241735169,negative,0.06919360840379962
1274357969979916288,negative,0.07036468019395511
1274357970088984581,negative,0.00058702638946002
1274357970210619392,negative,0.013018001807928238
1274357972563570689,negative,0.0023111150620343675
1274357973293215749,negative,0.2211841082333547
1274357973356367877,negative,0.04868413656103167
1274357973649952772,negative,6.337773386871573e-05
1274357973998018560,negative,8.443564912871401e-05
1274357974375567360,negative,0.003401178487566604
1274357974480248834,negative,0.0005257718447263881
1274357974509793280,negative,5.260240186453353e-10
1274357976413937664,negative,0.13448937059327243
1274357977034698752,negative,2.5566275723419074e-07
1274357977307402240,negative,0.00014351448826430702
1274357977873604608,negative,0.0017855124515627472
1274357977906966530,negative,5.092483147909611e-06
1274357978083328007,negative,0.001616511283051386
1274357978947256321,neutral,0.35713297959247353
1274357980633464832,negative,0.20239329743009857
1274357981170155522,negative,0.011448849023057617
1274357981862379520,negative,0.003562641865901777
1274357982088908800,negative,0.00035926213400833167
1274357983217094658,negative,0.30723250905411564
1274357985326833664,positive,0.7688180537454565
1274357985444278273,negative,0.18795859623648656
1274357985645662215,negative,0.09459098451689303
1274357986681643009,positive,0.897740620973573
1274357987071741952,negative,0.0011064191245433934
1274357989164679169,neutral,0.49084649305547506
1274357989411979266,negative,0.0012386978568140598
1274357989827280896,negative,0.2696836175348689
1274357990196416512,negative,0.022662772721281668
1274357990221627399,negative,5.25933231523432e-06
1274357990385225728,negative,0.29761571709333384
1274357993195397122,negative,0.12125042769935822
1274357993279283200,negative,0.003694779450599342
1274357993644195845,negative,0.08035533771423903
1274357993782550528,negative,0.001102310072806244
1274357993782591489,negative,0.000995851003017486
1274357993971351552,negative,0.06351329199786099
1274357994256556036,negative,0.2512243101250744
1274357994478800896,negative,0.00018760599049664548
1274357994562748418,negative,1.6608178713826846e-05
1274357994676015104,negative,0.0009923422997626132
1274357998266220544,positive,0.7245684616512579
1274357998287237124,negative,0.018536419303203298
1274357998614446082,negative,0.0006303622924116255
1274357998878687232,negative,0.14197236713123318
1274357999545524224,negative,2.088422457257334e-05
1274358000313004035,negative,0.2417208868741504
1274358001659342848,negative,0.2532892804415112
1274358001793720322,negative,2.0406912355759675e-08
1274358002179596288,negative,1.1071183644491722e-08
1274358002410233856,negative,0.005171444316960098
1274358002489884674,negative,0.19420306883428343
1274358002506555394,negative,0.13172800381638772
1274358002531938306,negative,0.18992286181587117
1274358002926190592,negative,0.0011064191245433934
1274358003265941505,negative,0.008118229710519098
1274358003358187524,negative,0.000102120942159438
1274358003412733955,negative,2.2607703055852016e-05
1274358003567910913,negative,0.00014459406381251767
1274358003811209217,negative,0.1823704251571895
1274358003974758401,negative,0.0030031613966522183
1274358004121571328,negative,0.028027908079191373
1274358006315012097,negative,0.10399499614065881
1274358006579449856,negative,0.22142003377818742
1274358006663098368,negative,0.003222832135696301
1274358006751195136,negative,2.14067258920974e-08
1274358006780698625,negative,0.014895701965612415
1274358007405711360,negative,2.14067258920974e-08
1274358007640416259,neutral,0.5844952997138847
1274358008055762944,negative,0.1703106929096858
1274358008118759427,negative,0.1643030846346016
1274358009884545024,positive,0.7562110245846247
1274358010740080640,negative,0.0002400857791051532
1274358011926941698,negative,5.4829442453693136e-05
1274358011977445382,negative,0.027874584411575188
1274358012048785409,negative,2.8656526328885995e-06
1274358012120117249,negative,5.25933231523432e-06
1274358012191428608,neutral,0.4799583171917649
1274358012283621378,negative,4.656183810736959e-05
1274358012526891008,negative,0.05235741503585981
1274358012669558784,negative,7.378820800345565e-05
1274358014934495233,negative,2.2607703055852016e-05
1274358015232221184,negative,0.0005500612242291591
1274358015496531970,negative,0.00690397386110467
1274358015567769601,negative,0.26610486756459234
1274358016083726338,negative,0.18495474722700853
1274358016515682305,negative,0.003604011541937056
1274358016637317121,neutral,0.4567194820840143
1274358017127878657,negative,0.002838655959548859
1274358018663231490,neutral,0.5616511143517063
1274358019380428800,negative,0.006939914755498606
1274358020454178817,negative,0.12699666549660904
1274358020458217472,negative,0.00029787951984732905
1274358020940664833,negative,4.5118397695386783e-10
1274358021032943617,negative,0.01140068344308785
1274358022568058881,negative,0.004627473567154303
1274358022584721409,negative,0.08453221801391334
1274358022895173632,negative,0.0011215207366607506
1274358022899408898,negative,0.0325205013386073
1274358022933024771,negative,0.0002619169659521643
1274358023004327936,negative,0.04868413656103167
1274358024157749249,negative,0.011202788640667266
1274358024598106112,negative,1.9027470190114964e-05
1274358025206333440,negative,0.12069385168485172
1274358027148296192,negative,0.04868413656103167
1274358027244707840,negative,2.712524024219736e-05
1274358027294998528,negative,0.03851143013471831
1274358028012306433,negative,0.04868413656103167
1274358028138143744,negative,0.2054599392834711
1274358028612046854,negative,0.0028779006780079394
1274358029077577729,negative,0.13172800381638772
1274358031006998529,negative,0.0005562020713874133
1274358031288016897,negative,0.0011215207366607506
1274358032537989120,negative,0.01982357026661341
1274358032718344194,negative,0.00014459406381251767
1274358032806424576,negative,0.021742177510265318
1274358032944762880,neutral,0.35451443008515343
1274358033099960320,neutral,0.5103843355572906
1274358033133342720,negative,1.2467588319867987e-05
1274358033343229952,negative,0.00014459406381251767
1274358033838112768,negative,0.08917284233375622
1274358035234914304,negative,0.007403377731135984
1274358035369136128,negative,0.22754662589771002
1274358035381616645,negative,0.0029845886128113453
1274358036333764610,negative,0.09711186845890037
1274358036384096256,positive,0.9968846222772262
1274358036639944704,negative,0.24428872163916754
1274358037084622849,negative,4.981407939793608e-06
1274358037109710849,negative,1.9684284881358229e-10
1274358037659054081,negative,0.05738731705847255
1274358037835366403,negative,2.088422457257334e-05
1274358039731191808,negative,0.004843091236173927
1274358039878021120,negative,0.01024459341701663
1274358039945056256,negative,0.012811335315443017
1274358040066695169,negative,0.02102601543626555
1274358040226037762,negative,0.004843091236173927
1274358040381120512,negative,0.07327654202549114
1274358040632975360,negative,0.005402909033626645
1274358040691724289,negative,0.003722503096012636
1274358040771338241,positive,0.8324315075421159
1274358043581599745,negative,0.004000833649550977
1274358044466569222,negative,2.0234697074644308e-10
1274358044621770752,neutral,0.38677725561822507
1274358045200564224,neutral,0.3499352441185855
1274358045263437824,negative,0.0006635226684981256
1274358045460529152,negative,0.000397534045833669
1274358045594791936,negative,0.00039603120118339544
1274358048241442826,negative,2.1438008039082793e-09
1274358048744759296,neutral,0.4190935437062381
1274358048782458881,neutral,0.42507619662732005
1274358048874573824,negative,9.387691310117937e-07
1274358050091122688,negative,1.886243364218248e-05
1274358050225369088,negative,0.05714072353572688
1274358050254655494,negative,0.0002218678802777073
1274358051974402049,negative,5.150937416022421e-08
1274358051982790657,positive,0.9319339315048281
1274358052318257153,negative,0.0018006408463915433
1274358052582547456,positive,0.998783379445873
1274358052737691648,negative,0.22042004082408884
1274358053060718593,negative,0.006301439877972448
1274358053102592001,positive,0.9482702003978086
1274358053505126401,neutral,0.40574086436929896
1274358053622644737,negative,0.08917284233375622
1274358053685678080,positive,0.6787599488272735
1274358053907857414,neutral,0.40819334745054037
1274358053983457282,negative,0.0020027763175809394
1274358054377664512,negative,0.028299755563225136
1274358056911069184,negative,0.17058646186734847
1274358057028419585,negative,0.0007206278447072315
1274358057317908482,negative,0.05342916250242889
1274358057376645120,negative,0.00020549332306094042
1274358057536012291,negative,1.637839043713939e-08
1274358057582112776,negative,0.0030814927721094214
1274358057615659015,negative,0.01140068344308785
1274358057942880258,negative,0.002605917653991894
1274358058211254277,negative,0.001102310072806244
1274358058253254656,negative,2.787297328760927e-09
1274358058404241408,negative,0.10399499614065881
1274358058609762305,negative,0.0003498339269028754
1274358060371197952,negative,0.00038636091701883167
1274358060866289666,negative,0.02722037857733356
1274358061336088576,negative,0.04868413656103167
1274358062057472000,positive,0.7842586057601225
1274358062862696448,negative,0.03320056634147958
1274358062917341186,negative,0.02102601543626555
1274358064590831618,neutral,0.3702765055239573
1274358064888545291,negative,0.09556459361860749
1274358064985059329,positive,0.7904165066893509
1274358065031081985,negative,0.01035490874769586
1274358065660407808,negative,0.13949552936821852
1274358066042077187,neutral,0.40819334745054037
1274358066138566656,negative,4.491573920022894e-06
1274358066251730944,negative,0.00025995428544422664
1274358066411175938,negative,0.001616511283051386
1274358066671165440,negative,0.0011527525490528435
1274358066809655296,negative,0.25943144196174717
1274358068868980739,negative,0.11733166319877615
1274358069074571265,negative,0.0021625795954240763
1274358069162586112,negative,0.000234977998611577
1274358069326221312,negative,0.0002564634014631422
1274358069452066816,negative,1.7399739357364168e-05
1274358069808582657,negative,0.26192351310595835
1274358069871460353,negative,0.0001328192010410201
1274358069879869441,negative,1.8702409184941465e-05
1274358070148284418,negative,0.18774543635597718
1274358073264660482,negative,0.002842946388933867
1274358073453416448,negative,1.157691023603853e-05
1274358073663148037,negative,0.00020479812569071105
1274358074153803778,negative,0.003694779450599342
1274358074380365830,positive,0.9542043903517397
1274358074493583361,negative,0.004305426695787664
1274358074518757380,positive,0.9670492710361082
1274358075114295297,negative,0.0011215207366607506
1274358075206569986,negative,0.053592470959427235
1274358075227586561,negative,0.07998569771605683
1274358075311480832,negative,0.02102601543626555
1274358077706256385,negative,0.18774543635597718
1274358077748391937,negative,0.001683403228224366
1274358077983244289,negative,0.02102601543626555
1274358078159421440,negative,0.030212964351197667
1274358078260097025,negative,0.02102601543626555
1274358078767378432,negative,0.16533583789967246
1274358078914387970,negative,0.0011215207366607506
1274358079233163265,negative,0.04020131781425322
1274358079249842179,negative,0.0028087017895160192
1274358079337963520,negative,0.012087738237038003
1274358079652605954,negative,1.1071183644491722e-08
1274358079853912066,neutral,0.5111067556059521
1274358079946133505,negative,0.004308929553430096
1274358082047561728,positive,0.9572347682085854
1274358082412449792,negative,0.04345925497547227
1274358083318398977,negative,1.9684284881358229e-10
1274358083360182277,negative,0.0059379111695362094
1274358083612028929,negative,0.00014459406381251767
1274358084316659712,negative,0.0014385367453438058
1274358084828266497,negative,0.2736986007147681
1274358085587525634,negative,0.18992286181587117
1274358086090870786,negative,0.13331246529389748
1274358086178877440,negative,8.715825602591681e-10
1274358086338326529,negative,0.275958358184994
1274358086376046593,negative,0.09000779601414781
1274358086778707969,negative,0.01140068344308785
1274358087315599360,negative,0.18097169728096155
1274358087516852225,negative,0.00409141323912462
1274358088255057922,positive,0.7112264328727067
1274358089710555136,positive,0.9379213938218759
1274358090381635584,negative,0.09000779601414781
1274358090645803013,negative,0.03848320434781766
1274358090763206656,negative,5.686518028202719e-06
1274358090788454400,negative,0.01140068344308785
1274358091358842880,negative,0.0002812825204751204
1274358091920875521,negative,0.05592593259625326
1274358093787340801,negative,4.813413932360626e-05
1274358093888061441,negative,0.002092510348926265
1274358094122934273,negative,0.0017394303038687096
1274358094269747201,negative,0.024654358582191144
1274358094601084928,negative,0.15616415876618228
1274358094659715076,negative,0.004677255213006525
1274358095116935169,negative,0.0028480157765644228
1274358095356088321,negative,5.25933231523432e-06
1274358095628718084,negative,0.00011816691265213853
1274358095876100096,negative,0.04868413656103167
1274358095947476993,negative,0.1823704251571895
1274358098371555328,negative,0.21413083166112884
1274358098950590469,negative,0.018191370886849637
1274358099558764545,negative,1.612600296105982e-07
1274358102494715905,negative,0.004958091544645681
1274358102515744769,negative,0.00023240511781978437
1274358102717063168,negative,0.02767837041596725
1274358102771535874,negative,0.08480579209796243
1274358103736188928,negative,9.934719135511528e-08
1274358104059240449,negative,0.003401178487566604
1274358104298262534,negative,4.409683412435902e-12
1274358104424095751,neutral,0.3337878492202135
1274358106496081920,neutral,0.4788401210076059
1274358106538074112,negative,0.001616511283051386
1274358106571636736,negative,0.02644928189297396
1274358106798071812,negative,2.931279538235397e-06
1274358106835779585,negative,0.04868413656103167
1274358106944921600,negative,0.0030868343231219035
1274358106995261442,negative,0.0704388943684432
1274358107510980609,negative,0.29761571709333384
1274358108341575681,negative,0.09965753329704123
1274358108849135618,negative,0.02102601543626555
1274358108932976640,negative,0.0020303224103744785
1274358110874996738,neutral,0.4507454498615163
1274358111881629698,negative,0.03394700550014565
1274358112225501187,negative,0.29761571709333384
1274358112816857089,negative,0.20608117296444
1274358115337674754,negative,0.015548998880221356
1274358115681603586,negative,0.048944326971756
1274358116369469442,negative,4.597401959170715e-06
1274358116717457408,negative,0.29761571709333384
1274358116814069760,negative,0.09965753329704123
1274358117015355393,positive,0.8798039430045211
1274358117032173568,negative,0.01140068344308785
1274358119196311557,negative,1.1071183644491722e-08
1274358119632683013,negative,0.001562570165689845
1274358119729111040,negative,0.18097169728096155
1274358119926321154,negative,0.001616511283051386
1274358120500867076,negative,0.11211298304992452
1274358120710647809,positive,0.966233231610743
1274358121314615297,neutral,0.37377490205268193
1274358123160055809,negative,0.005402909033626645
1274358123445149701,negative,1.1071183644491722e-08
1274358123579486209,negative,0.003610919239403945
1274358123612958721,negative,0.011738555576031255
1274358123915087873,negative,0.12131686414532993
1274358123952734208,positive,0.9933554812709204
1274358124342726656,negative,0.032042317322958765
1274358124695126018,negative,0.00014459406381251767
1274358125039157254,negative,0.0011215207366607506
1274358127736115202,negative,0.2489547519335201
1274358127987765249,neutral,0.5616511143517063
1274358128235208704,negative,0.001140359009897246
1274358129275387904,neutral,0.46598398918449585
1274358129359310848,negative,0.019544565461810527
1274358130399379458,negative,0.039549117915033544
1274358131754139648,negative,0.00013364339428305078
1274358132530188295,negative,0.1388165480771174
1274358132559548416,negative,0.001616511283051386
1274358132731494402,negative,5.25933231523432e-06
1274358132941127680,negative,0.0020303224103744785
1274358133104750595,neutral,0.3381157345388589
1274358133113204737,negative,0.07093600664242929
1274358133557735429,negative,0.06382468944784861
1274358134103060481,negative,0.3029968537174699
1274358136636428290,negative,0.006352160729392913
1274358136690954240,negative,0.02102601543626555
1274358137039065088,negative,0.00014720039733041293
1274358137332654080,negative,0.038153568964844585
1274358137659719690,positive,0.785886593659979
1274358140155367424,negative,0.00012681279053092126
1274358140490985489,negative,0.06770344558429488
1274358141090742275,neutral,0.46127768308170247
1274358141329735683,negative,0.2945911720623878
1274358141946396672,negative,0.08333317244225812
1274358144190251009,negative,3.520999981234981e-12
1274358144693669888,negative,0.00010472126609286544
1274358145364656128,negative,0.0021625795954240763
1274358145461223424,negative,0.009581080777797013
1274358145532469251,negative,2.2607703055852016e-05
1274358146325188608,negative,9.782089804679564e-13
1274358148955082753,negative,0.13949552936821852
1274358148996796416,neutral,0.49789225920557484
1274358149257060354,negative,0.026785785436782915
1274358149512867840,negative,0.1673401566862731
1274358149621919744,negative,0.04868413656103167
1274358149902938113,negative,0.023484558527382026
1274358150062313472,negative,0.017964187386612908
1274358150435569666,negative,0.0011215207366607506
1274358153044529153,negative,0.053384867546790594
1274358153069711362,negative,0.00014459406381251767
1274358153149386752,negative,0.04868413656103167
1274358153535270914,negative,0.011448849023057617
1274358153552035843,negative,0.18741808829243392
1274358153627533313,negative,1.1071183644491722e-08
1274358153895968774,negative,0.14626927164723774
1274358154491543552,positive,0.897740620973573
1274358154491551744,negative,0.000495371815490899
1274358156777439232,negative,0.0021625795954240763
1274358156962009088,negative,0.08910843779033782
1274358157037506560,negative,1.1063130400649612e-07
1274358157293219841,negative,0.0011215207366607506
1274358157557542913,negative,0.010610701987987341
1274358157578571777,negative,0.21921412548362115
1274358157616263168,negative,0.01140068344308785
1274358158245466112,negative,3.8862736462267535e-05
1274358158388060160,negative,0.0011215207366607506
1274358158811594752,negative,0.16036483747371663
1274358159226949632,negative,8.653212950520114e-06
1274358159700897792,positive,0.897740620973573
1274358159835103235,negative,0.003722503096012636
1274358161235902464,negative,0.019753555300613648
1274358161256919041,negative,0.09134408089080437
1274358161344991234,negative,0.04868413656103167
1274358161668005896,negative,0.005766759380645452
1274358161718358016,neutral,0.46598398918449585
1274358162028589056,negative,0.003083690398093355
1274358162355826690,positive,0.9891494653124479
1274358162628521984,negative,0.0008374140367096015
1274358163010129920,negative,2.150775033465934e-08
1274358165182742530,negative,0.02857663021107599
1274358165434511360,negative,0.01024459341701663
1274358165631574021,negative,0.017771110105424308
1274358166352953344,negative,7.425290400717889e-07
1274358166751305728,negative,0.003222832135696301
1274358166852165634,negative,0.08826221692494869
1274358166889926660,negative,0.04868413656103167
1274358167200202752,negative,0.28998551565795927
1274358167896502276,negative,0.07509577442231544
1274358169347805185,negative,0.0798813010626473
1274358170551562240,negative,0.0652939707617245
1274358171335888896,positive,0.705521598317249
1274358171369439232,negative,0.019681384606199632
1274358171616907266,negative,1.9027470190114964e-05
1274358172262764544,negative,0.0006965018612688012
1274358172564799489,negative,0.01140068344308785
1274358172682260481,negative,3.75496831703379e-05
1274358172850012160,positive,0.8311370910805768
1274358173546295298,negative,0.000639562171883732
1274358173583978498,positive,0.8823548204748747
1274358173646741504,negative,0.0008159146743565882
1274358173663625217,negative,0.0003391657882690361
1274358173781155840,negative,0.0025244154240155283
1274358174544519170,negative,0.04868413656103167
1274358174657556480,negative,0.038302860042179046
1274358175127547905,negative,0.0007206278447072315
1274358175257387009,negative,0.0011215207366607506
1274358175479758848,negative,0.000159600269035783
1274358175744098305,negative,0.017964187386612908
1274358177799254018,negative,0.008332636011482254
1274358178306760708,negative,0.05239754267233073
1274358178390499328,negative,0.001616511283051386
1274358178508091392,negative,0.004125811062725056
1274358178520711179,negative,0.20188923695210786
1274358178545876992,negative,0.004843091236173927
1274358178558377984,negative,2.9786752013530854e-06
1274358178608807937,negative,0.020179996125664835
1274358178780758017,negative,0.06257683979764524
1274358179036610561,negative,3.6327258618217634e-05
1274358179082706944,negative,0.00014459406381251767
1274358179539886087,negative,0.1626938270164856
1274358182052278277,negative,0.0033032047901944295
1274358182186561536,positive,0.7112264328727067
1274358182215847936,negative,0.0017326825352231665
1274358182429839360,negative,2.787297328760927e-09
1274358182488313857,negative,0.01976842254979009
1274358182647865344,negative,2.2607703055852016e-05
1274358183088226304,negative,5.373175376165784e-07
1274358183088308226,negative,0.0023810420969746374
1274358183440650245,neutral,0.3492070783697066
1274358183579078658,negative,1.9684284881358229e-10
1274358183906197506,negative,0.004194271754631011
1274358184011083778,negative,0.07998569771605683
1274358186414399488,negative,0.0001328192010410201
1274358186657697792,negative,0.2800397743645515
1274358187018334208,negative,0.0008597892669497972
1274358187035029511,negative,0.27259426513634494
1274358187173351428,negative,0.003222832135696301
1274358187232280579,negative,8.443564912871401e-05
1274358187261677571,negative,0.009932906980315596
1274358187311931392,negative,0.00026215739072933734
1274358187416793088,negative,0.006590469754560142
1274358187441950720,negative,0.15922624373425048
1274358187802664960,negative,0.00021291977731641837
1274358188087934978,negative,0.13456764737101803
1274358190273187840,negative,0.07852245778028731
1274358190411579392,negative,0.04868413656103167
1274358190906507266,negative,0.0018153409973280076
1274358191283896320,neutral,0.49084649305547506
1274358191711760386,negative,0.000290928555561455
1274358191825059841,negative,0.02415159427851141
1274358191829192706,negative,1.9027470190114964e-05
1274358192336785408,negative,0.08780028014807154
1274358192403857409,negative,0.01140068344308785
1274358194467475457,negative,0.10624838728244
1274358194681327618,negative,0.06629743649523322
1274358194962300928,negative,0.03741428012818045
1274358195004284928,negative,0.021742177510265318
1274358195004334082,negative,0.2474024847357494
1274358195188912129,negative,0.00014459406381251767
1274358195289567234,neutral,0.49084649305547506
1274358195696230400,negative,0.015859269476485673
1274358199085400066,negative,1.1071183644491722e-08
1274358199571877890,negative,0.16586807718329075
1274358199571931138,neutral,0.41487043792870404
1274358199861288960,negative,0.00014459406381251767
1274358199991361537,neutral,0.5129005075843027
1274358200221999104,negative,0.005132971234011774
1274358200943489030,negative,0.004572958141377591
1274358201014779905,negative,0.0006192077633511894
1274358203359342594,negative,0.0011215207366607506
1274358204059783168,negative,8.789458901419966e-05
1274358204558966784,negative,0.22082230916661
1274358204911300609,negative,0.25318237069832455
1274358205007659008,negative,0.001102310072806244
1274358208459689984,negative,2.1235312604445837e-12
1274358208778383360,negative,0.09965753329704123
1274358209063596035,negative,0.017006077985430357
1274358209218740224,negative,0.0005988806379943466
1274358211475378182,negative,0.04868413656103167
1274358211496173569,neutral,0.37525890839322623
1274358211882168321,negative,0.20529710072463478
1274358212079337473,negative,0.2065039542893785
1274358212209397760,negative,0.00025995428544422664
1274358212834267141,negative,6.649658578191888e-05
1274358212909809665,negative,0.02766044479295969
1274358213056647168,negative,0.1395224249940366
1274358213069193217,negative,0.04868413656103167
1274358213153107969,negative,0.07669346673933576
1274358213434052608,negative,2.00273388076752e-06
1274358213463412738,positive,0.8798039430045211
1274358215782866950,negative,0.02102601543626555
1274358216189755392,negative,0.12036717243443731
1274358217334755328,negative,0.003420226946203081
1274358217590607873,negative,0.0014417858160584679
1274358220291739649,negative,0.0005956047853625224
1274358220518277125,negative,0.02102601543626555
1274358221373952000,neutral,0.5238245624508951
1274358221453623296,negative,0.07799641543938073
1274358221554290688,negative,0.2617748389724454
1274358221768196096,negative,0.22561333375529458
1274358221830909958,negative,0.003222832135696301
1274358221856296962,negative,5.092483147909611e-06
1274358222241988608,negative,0.004843091236173927
1274358222984527872,negative,0.0012587927696222495
1274358223945043968,positive,0.9948528609593813
1274358224330915840,negative,0.018325798747525216
1274358224343445504,negative,0.29761571709333384
1274358224368676865,negative,0.0011215207366607506
1274358224406315008,neutral,0.4083271223294782
1274358226029613057,negative,0.08501573180126992
1274358226180624392,negative,0.19413116214590184
1274358228449705984,positive,0.9662451219666072
1274358228453937153,negative,0.02102601543626555
1274358229091352576,negative,0.007628685414413218
1274358229699608578,negative,0.04868413656103167
1274358230270070785,negative,0.003401178487566604
1274358230479548416,negative,0.003401178487566604
1274358230781739008,neutral,0.47638887177747796
1274358232505626626,negative,0.0007206278447072315
1274358232551743488,negative,0.010415094701125683
1274358232803192832,negative,2.4962690263232815e-05
1274358233034080257,negative,0.00014459406381251767
1274358233344475137,negative,0.04451909539849402
1274358233751343104,neutral,0.38227762192080983
1274358233797398531,negative,0.00517989528748498
1274358234170695681,positive,0.9105808346291535
1274358236439773185,neutral,0.5312051929135352
1274358236502614016,negative,0.004843091236173927
1274358237282746369,positive,0.8168670945334474
1274358237404553216,negative,0.04530213282493092
1274358237505228802,negative,0.0028779006780079394
1274358237542973442,negative,0.1012411845811097
1274358237903704065,negative,0.0008481104661713305
1274358238159310851,negative,0.06242241308467077
1274358238184640514,negative,7.669033579152875e-05
1274358238289506304,negative,0.028027908079191373
1274358238385930241,negative,0.07705407651866404
1274358238545416192,negative,0.002377004773398309
1274358238700544000,negative,2.787297328760927e-09
1274358239011000321,negative,0.02102601543626555
1274358241745608705,negative,0.07509577442231544
1274358242974617601,negative,0.2654417857709204
1274358243117150208,negative,1.7119019065991644e-06
1274358243129790465,negative,0.18886162651211091
1274358245994442752,negative,0.00804237871859366
1274358246392938497,negative,0.034623359514899824
1274358246392958977,negative,0.016699969447194558
1274358246493618178,negative,0.08917284233375622
1274358246506213376,negative,0.05592593259625326
1274358246560718848,negative,0.0023114819558004264
1274358246757797888,neutral,0.47825815524877363
1274358246854320128,negative,0.05550240003437528
1274358249182150657,neutral,0.5136446707795853
1274358249475780609,negative,0.30906675064643474
1274358249605775363,negative,0.18886162651211091
1274358249706455041,negative,0.019325586389617778
1274358250373369858,neutral,0.38227762192080983
1274358250406924289,positive,0.9848345625434974
1274358250524164098,negative,0.004843091236173927
1274358250759229440,negative,0.1008595673337973
1274358250947989504,negative,0.03303376407787172
1274358251098759168,negative,0.021002982026239656
1274358251673485312,negative,0.2897207918155794
1274358251807637508,negative,0.004843091236173927
1274358253305180166,negative,0.2697965898796189
1274358253795840000,negative,0.00871136587818132
1274358253825282048,negative,0.09667365345132815
1274358253871419392,negative,7.272178667248252e-06
1274358253875392513,negative,0.0009211279777709608
1274358254068523021,negative,0.15629297072105255
1274358254110474242,negative,0.005402909033626645
1274358254764785666,negative,1.6512713262811302e-05
1274358255381352448,positive,0.8837217942414848
1274358257709191169,negative,0.16161868573067484
1274358258376085509,negative,4.864359754624921e-05
1274358258447286272,negative,0.04868413656103167
1274358258640334849,negative,0.007537542262960305
1274358258929733632,negative,0.09115196997323201
1274358259202297856,positive,0.897740620973573
1274358259588018176,negative,0.004843091236173927
1274358259969916929,negative,0.29761571709333384
1274358260129320963,negative,0.09428001437137988
1274358260150263809,negative,0.0021625795954240763
1274358260368367617,negative,0.24151054019797136
1274358261609828352,negative,0.13949552936821852
1274358262624813063,negative,0.0024430788205848006
1274358262809464833,negative,0.22122416942500223
1274358262918451201,negative,0.10429445174142674
1274358263564374016,negative,0.29761571709333384
1274358265946812416,negative,0.01053396009274095
1274358266190069766,negative,0.0010900869137693955
1274358266361974792,negative,0.004843091236173927
1274358267129585671,negative,0.01200863261161659
1274358267247017984,negative,5.692839550525292e-09
1274358268102676482,negative,0.0021625795954240763
1274358268203335681,negative,0.006950267185242531
1274358268530274305,positive,0.7600413916354832
1274358270166253568,negative,8.779112017428482e-06
1274358270325673992,negative,0.11184300276801358
1274358270598221827,negative,0.02767837041596725
1274358271101591552,negative,0.2417208868741504
1274358271512662020,negative,0.2417208868741504
1274358272632348674,negative,1.1071183644491722e-08
1274358274662506497,negative,2.2607703055852016e-05
1274358274943574016,negative,0.004843091236173927
1274358275010633728,negative,1.619067436831972e-07
1274358275568537606,negative,0.20896813101236306
1274358275585310723,negative,0.04868413656103167
1274358275967012864,negative,0.01140068344308785
1274358276394831873,negative,0.03113729157679135
1274358276558381058,negative,3.38794706851042e-05
1274358276893876227,negative,0.23540932660475059
1274358279037227008,negative,0.21680481724892678
1274358279871873025,negative,0.0011215207366607506
1274358280333164546,negative,5.753074404880006e-12
1274358280672948224,negative,4.817275391083577e-05
1274358283021750272,negative,0.0002220034252738025
1274358283529322502,negative,0.019325586389617778
1274358283608850432,negative,0.020884992841356552
1274358284242173952,neutral,0.49789225920557484
1274358284447866883,negative,0.2594039155021363
1274358284594511872,negative,1.1071183644491722e-08
1274358284825346050,negative,0.042757262221315144
1274358285035024384,negative,0.031174540847450256
1274358285207056384,negative,0.00482313239695648
1274358285345398784,negative,5.692839550525292e-09
1274358286951821314,negative,0.23194151800205712
1274358286956052481,negative,0.011720529582467403
1274358287052550145,positive,0.8286012028805883
1274358287190970369,negative,0.18097169728096155
1274358287664926721,negative,0.012810610788211177
1274358287941742592,negative,0.00044611327262491206
1274358288524681216,negative,0.0021625795954240763
1274358288717668352,positive,0.8604368588799834
1274358288801361922,negative,0.0522921915154145
1274358289225199623,neutral,0.6020347380261928
1274358291137789953,negative,0.04114968719529996
1274358291443994625,negative,0.22082230916661
1274358292001759232,negative,0.08917284233375622
1274358292333105152,negative,0.21616516975537278
1274358292584824833,negative,0.001849507556040694
1274358292773552130,neutral,0.4976520693942797
1274358292979093505,negative,0.18392588409130542
1274358293138477057,negative,0.00014459406381251767
1274358296544260098,negative,0.00025995428544422664
1274358297165017088,negative,8.443564912871401e-05
1274358297299206149,negative,2.787297328760927e-09
1274358297529909249,negative,8.760788627274965e-08
1274358299874545664,neutral,0.5105162850743861
1274358300046495750,negative,0.08910843779033782
1274358300252016643,negative,0.015548998880221356
1274358300461711361,positive,0.9970952933342488
1274358300478504962,negative,0.004125811062725056
1274358300642074624,negative,5.6871451057985204e-05
1274358300969259008,negative,2.787297328760927e-09
1274358301199826944,negative,0.04868413656103167
1274358301279555588,neutral,0.4280118439846019
1274358301296295937,negative,0.14384332905755381
1274358301308997632,negative,0.04868413656103167
1274358301380222977,negative,0.17085650338555278
1274358301422243845,negative,2.2607703055852016e-05
1274358303435436034,negative,0.13949552936821852
1274358303687151617,negative,0.0011215207366607506
1274358304073023489,negative,0.15922624373425048
1274358304194600960,negative,0.00015164703769425042
1274358304274341889,positive,0.8286012028805883
1274358304337264641,negative,0.09965753329704123
1274358304798658561,positive,0.9836484349723437
1274358304802770945,negative,0.18097169728096155
1274358305369075712,negative,7.303743421387849e-05
1274358305402560513,neutral,0.4577266631686934
1274358308242104321,negative,8.123347876440576e-05
1274358308258922496,positive,0.9685105883552313
1274358308405751808,negative,8.123347876440576e-05
1274358308888076288,negative,0.0005881791848059362
1274358309160706048,negative,0.00014459406381251767
1274358309970034688,negative,1.1071183644491722e-08
1274358310607687680,negative,0.07998569771605683
1274358312058970112,negative,0.0009933002313032458
1274358312109322242,negative,0.001430401681874781
1274358312381841408,negative,0.002212950536364806
1274358312503586816,negative,0.15156014012894953
1274358312549711872,negative,0.007628685414413218
1274358312688144386,negative,0.07998569771605683
1274358312738398208,neutral,0.5252899139995859
1274358313103261696,neutral,0.5533970533999424
1274358313149444100,negative,2.5942755302280628e-11
1274358313187246082,negative,0.0009112502395195114
1274358313736699905,negative,0.2760002251518349
1274358314000883712,negative,0.013936139273256595
1274358314047078402,positive,0.8807136691103005
1274358316748111873,negative,0.011448849023057617
1274358318287523840,negative,0.01140068344308785
1274358318446841856,negative,0.18097169728096155
1274358318576873472,negative,0.0030814927721094214
1274358318698360833,positive,0.9400995602577226
1274358320539697159,negative,0.2058064364094141
1274358320808235009,neutral,0.4507454498615163
1274358321315827712,negative,9.782089804679564e-13
1274358321663926274,negative,0.004427865377390981
1274358321881976832,neutral,0.59014558221084
1274358322213388291,negative,0.008253882948524631
1274358322284695552,negative,0.0021205043851629407
1274358322389491712,negative,0.08565040114679537
1274358323341647874,neutral,0.5800026585037585
1274358324994211840,negative,0.103396492880523
1274358325178699778,negative,6.649658578191888e-05
1274358325698854912,negative,0.04868413656103167
1274358326256517121,negative,0.003401178487566604
1274358326340448257,negative,0.03494572754283978
1274358326395052036,negative,0.0001328192010410201
1274358327057756162,negative,0.04868413656103167
1274358329461129222,negative,0.13790906241702833
1274358329800785921,negative,0.16161868573067484
1274358330220318720,negative,0.0916495222060178
1274358330438365191,negative,0.2394110094948839
1274358330568433666,negative,0.06176247356597763
1274358330929053698,negative,1.637839043713939e-08
1274358333001076741,positive,0.763492726677842
1274358333911240705,negative,0.0030645525920041865
1274358334242656257,positive,0.9260460732612994
1274358334313893888,negative,0.001102310072806244
1274358334330724353,negative,0.2897207918155794
1274358334347456512,negative,0.271581968949276
1274358334615965696,negative,0.04868413656103167
1274358334985064449,neutral,0.37908589125913456
1274358335207333888,neutral,0.46598398918449585
1274358337346338816,positive,0.7533951936590659
1274358337367429120,negative,0.05433837705644871
1274358337442897920,negative,0.030380902981738126
1274358337514110977,negative,2.2607703055852016e-05
1274358337556172802,negative,0.2529114512204408
1274358337610620930,negative,1.3449988454517909e-05
1274358337807802370,negative,0.07509577442231544
1274358337895829506,negative,0.09965753329704123
1274358338109595648,negative,0.023324154226963233
1274358338118209536,negative,3.38794706851042e-05
1274358338210246656,negative,0.0008113402296972637
1274358338390831104,negative,0.0004330391694208318
1274358338403401728,negative,0.0010774206940814721
1274358339707813888,negative,0.2394110094948839
1274358339883974657,negative,4.864359754624921e-05
1274358341779755008,negative,1.9842755311421883e-08
1274358341825896449,negative,0.02415159427851141
1274358341960163328,negative,0.08917284233375622
1274358342257913858,negative,0.31609996668142204
1274358342387994624,negative,0.0001377877406760317
1274358342413160450,negative,0.00021141921140676293
1274358342828392458,negative,0.23361705485157871
1274358342861950976,negative,0.11002479723139136
1274358343428169728,neutral,0.4663917579447527
1274358343851704321,negative,0.3107130792550008
1274358345508556803,negative,0.07637021371006789
1274358345764417539,negative,0.09965753329704123
1274358345827102720,positive,0.7362697055904727
1274358346053812225,negative,0.04868413656103167
1274358346234109956,negative,0.0003938831279794927
1274358346376785920,negative,9.930645891503263e-05
1274358346502549506,negative,0.16052528818518214
1274358347215618050,negative,0.0006303622924116255
1274358349790941185,negative,0.0331971951986892
1274358350180909058,negative,0.00175905141663871
1274358350180954114,negative,0.005846307661460753
1274358350235516929,negative,0.061373998146259816
1274358350466158593,negative,0.01140068344308785
1274358350524772354,negative,0.012792892933867707
1274358354102685697,negative,0.04868413656103167
1274358354278842370,negative,0.2523640026577611
1274358354350092289,negative,0.2617748389724454
1274358354513543168,negative,0.275958358184994
1274358354689785862,negative,0.004026066458341762
1274358354991820800,neutral,0.5616511143517063
1274358355075772419,negative,0.08910843779033782
1274358355188953088,negative,0.015836026878015646
1274358355549663232,negative,0.12720409749564066
1274358355696312321,negative,0.0011215207366607506
1274358358863118338,negative,0.0033701988083785447
1274358358947123201,negative,0.04868413656103167
1274358359064535044,negative,8.242224357475672e-06
1274358359181987847,negative,0.02102601543626555
1274358359970455554,negative,2.302795190376347e-05
1274358360066924544,negative,0.0572559043124317
1274358360452759553,negative,0.0009979599986168878
1274358362327658501,neutral,0.38227762192080983
1274358362390618112,negative,0.0027676161872076895
1274358362810056710,negative,1.551729780166927e-16
1274358363158016002,negative,0.2181245785185707
1274358363904708608,negative,0.05674881579282759
1274358363976065026,negative,0.10072264913780327
1274358364101849088,negative,0.09794803654291011
1274358364160634880,negative,0.18097169728096155
1274358364303167488,negative,0.08983321350776034
1274358364361814024,negative,9.855972371376576e-05
1274358364542246912,negative,2.7045133423485526e-05
1274358364814938112,negative,2.2607703055852016e-05
1274358367042052096,negative,0.0798813010626473
1274358367637684230,positive,0.7487108526017351
1274358367704752129,negative,1.2940966475051762e-08
1274358367851548677,negative,0.0027259805908246702
1274358367893495809,negative,0.007791838554897857
1274358368275238914,negative,0.02102601543626555
1274358368342335488,negative,0.009888017648453307
1274358368925184000,positive,0.7362697055904727
1274358371093753857,negative,0.3007252057176784
1274358371282489344,negative,0.0663773595927989
1274358371341262849,positive,0.7645156117474128
1274358371492270080,negative,0.0012590294537041093
1274358371643265025,neutral,0.5017543432377519
1274358371685224448,negative,0.015548998880221356
1274358371714363392,negative,0.02460594107704766
1274358372100386817,negative,0.2619308992831716
1274358372255571969,negative,0.0017869514397691492
1274358372440121346,negative,0.0019004391920185533
1274358372532457472,neutral,0.59014558221084
1274358372612083713,negative,0.01140068344308785
1274358375321657349,negative,0.04868413656103167
1274358375690756096,negative,3.5101263746010197e-06
1274358375980072963,negative,0.04868413656103167
1274358376332431360,negative,0.0020257576172830975
1274358376336687104,negative,0.000200850795365693
1274358376407932929,negative,0.008194819038063355
1274358376479313920,positive,0.7112264328727067
1274358376785498117,negative,0.2417208868741504
1274358376827322375,negative,0.2897207918155794
1274358377049731072,negative,0.00804237871859366
1274358377091600386,negative,0.08917284233375622
1274358377125220354,negative,0.005402909033626645
1274358377414615042,negative,0.0006107421651236862
1274358379289468929,negative,0.19986654509868576
1274358379406860288,negative,6.304177601801497e-08
1274358380023480322,negative,0.0222147686896912
1274358380354842624,negative,0.015548998880221356
1274358380442812417,negative,0.05539030545392984
1274358380761669632,negative,1.9027470190114964e-05
1274358380870668290,negative,0.0002664641093781996
1274358381013282817,negative,1.1071183644491722e-08
1274358381114003457,negative,0.01140068344308785
1274358383592816640,negative,0.0009464531879596163
1274358383911583744,negative,0.02767837041596725
1274358384028983298,negative,1.216124962646072e-05
1274358384087707648,neutral,0.3384619994787347
1274358384146419712,negative,0.27105498667612976
1274358384272314369,negative,0.04868413656103167
1274358384326836224,negative,0.013007051531260505
1274358384645545986,negative,0.0002563661275053668
1274358384834359297,negative,2.2607703055852016e-05
1274358384964313088,negative,0.05592593259625326
1274358385010511873,negative,9.311721713291984e-05
1274358385039888386,negative,0.0011215207366607506
1274358385056546818,positive,0.9721570764496352
1274358387430612992,negative,0.1902468900431735
1274358387493478402,negative,0.011448849023057617
1274358387552260096,neutral,0.5467018084453114
1274358387631947776,negative,0.037436681909298455
1274358388022009856,negative,5.25933231523432e-06
1274358388114239491,negative,0.0222147686896912
1274358388156248071,negative,0.04963645200797898
1274358388240023558,negative,0.001970793847985278
1274358388382740480,negative,0.00014459406381251767
1274358388483334147,positive,0.9400995602577226
1274358388676276226,negative,0.0092744064496032
1274358389498351618,negative,8.204006729922472e-08
1274358389519331331,positive,0.8951857386641039
1274358389607411719,negative,0.004843091236173927
1274358389884227585,negative,0.018621091952989277
1274358391629123584,negative,0.007628685414413218
1274358391893360640,positive,0.8879318587007287
1274358392153354240,neutral,0.5890236486322925
1274358392186982400,negative,0.24241056295860333
1274358392254017536,positive,0.990955449951103
1274358392497287170,negative,0.032791552055112
1274358392618917888,negative,2.2942038356737154e-08
1274358393290002432,negative,0.0019996320701954435
1274358393356972033,negative,0.09965753329704123
1274358393365581824,negative,0.2617748389724454
1274358395945058304,negative,0.01140068344308785
1274358395995389952,negative,0.009781223245064129
1274358396687454214,neutral,0.49789225920557484
1274358396897112064,negative,0.003046420644404445
1274358397039792129,negative,0.004843091236173927
1274358397371023361,positive,0.8938236511345993
1274358397593432064,negative,0.02102601543626555
1274358400604725248,neutral,0.37525890839322623
1274358401716432897,neutral,0.5616511143517063
1274358402035171328,positive,0.9972833339877146
1274358402051911682,negative,0.006441285737506764
1274358402672623616,negative,0.003401178487566604
1274358404472090624,negative,8.443564912871401e-05
1274358404505616385,negative,0.00029704621055885564
1274358404698472449,neutral,0.4075589200545779
1274358404757229570,negative,0.004845512593524563
1274358405088632839,neutral,0.49789225920557484
1274358405239574529,negative,0.13852903972957373
1274358405331910658,negative,0.0005272297034888572
1274358405587783681,negative,0.1533953157732254
1274358405843599360,negative,5.686518028202719e-06
1274358406409674752,negative,0.004486826046596714
1274358406686662656,negative,0.28196172353705296
1274358408725041153,negative,0.05603558800133637
1274358409064853504,negative,0.0028779006780079394
1274358409245196291,negative,0.06846412651068827
1274358409480060931,negative,0.004627093303688888
1274358410314727425,negative,0.013892735514889868
1274358412638334981,negative,0.11930025611901632
1274358413514981377,negative,0.004843091236173927
1274358413930180608,negative,0.23540932660475059
1274358414336983041,negative,0.004559162914994628
1274358414471299072,negative,0.18795859623648656
1274358414789898241,negative,0.004843091236173927
1274358415259840513,negative,0.0005938431142013984
1274358417315037185,neutral,0.5136446707795853
1274358417700913153,neutral,0.49789225920557484
1274358417935777792,negative,0.03132117262459615
1274358418531397633,negative,0.13790906241702833
1274358418644623360,negative,0.04868413656103167
1274358418774646785,negative,0.001075647438097131
1274358421022814210,negative,0.025993134563636704
1274358421073076230,negative,0.20149353903447337
1274358421144338433,negative,0.004128938058820292
1274358421291257859,negative,0.021742177510265318
1274358421349978112,negative,0.13949552936821852
1274358421429477378,negative,0.001474985317123291
1274358421467418624,negative,0.18495474722700853
1274358421995880449,negative,0.01130536739368902
1274358422125903873,negative,0.0021611806441212624
1274358422364979206,negative,6.14052241949791e-06
1274358422620655616,negative,0.0028326793561230194
1274358423224754177,negative,0.0012401084241185625
1274358423497342977,negative,1.8650039904256936e-08
1274358425514913792,negative,0.07357273963051428
1274358425636372485,negative,0.29761571709333384
1274358425925943296,negative,0.00011041280132821613
1274358426521436166,negative,0.05592593259625326
1274358426928394241,negative,0.009751643008955266
1274358427867906048,negative,0.04868413656103167
1274358429646303236,negative,0.007190542065325045
1274358429960855553,negative,0.08262048123913805
1274358430115991554,negative,0.05670946645000067
1274358430204116993,negative,0.00010851173318034352
1274358430300614656,negative,0.010713775090537723
1274358430703050752,negative,0.0002925909479673203
1274358433718779904,negative,1.1071183644491722e-08
1274358433874092032,negative,5.62447080671374e-06
1274358434079670273,negative,0.0001783735015881391
1274358434394181632,negative,0.08372468768171766
1274358434486517763,negative,0.04868413656103167
1274358435245633536,negative,0.008560397731576002
1274358435908407301,negative,0.13949552936821852
1274358436239749121,negative,0.0009728648121375124
1274358437938376705,negative,0.21539775187111218
1274358438097756162,negative,0.0011215207366607506
1274358438177447943,negative,0.0009591094351772719
1274358439393792000,negative,0.05942892623855671
1274358439410614273,negative,0.004427865377390981
1274358439590977538,positive,0.9842348678941091
1274358440001822720,negative,0.2417208868741504
1274358442011037696,negative,0.17453894250224283
1274358442090729473,negative,8.443564912871401e-05
1274358442090795010,negative,0.019753555300613648
1274358442317303808,negative,0.015548998880221356
1274358442552176641,negative,0.00014459406381251767
1274358442845749250,negative,0.06919360840379962
1274358442849980420,neutral,0.458817623494862
1274358443470618625,negative,0.000157023955872178
1274358446289281028,neutral,0.4836107634721281
1274358446360596482,negative,2.019969808778208e-06
1274358446368927744,negative,0.02020602880123136
1274358446926807046,negative,0.24241056295860333
1274358447476219904,negative,8.123347876440576e-05
1274358447547600898,negative,0.0011215207366607506
1274358447618895876,negative,0.009471197778027431
1274358447778099203,neutral,0.3326444349862412
1274358448101167105,negative,0.04868413656103167
1274358448222883840,negative,0.000779960900685031
1274358448310947840,negative,0.0028779006780079394
1274358448403156992,negative,0.039366244681124284
1274358450315722758,negative,0.0011215207366607506
1274358450454056961,negative,0.0011215207366607506
1274358450475225088,negative,0.028027908079191373
1274358450638774272,negative,1.1071183644491722e-08
1274358452324876295,negative,0.3230077132414027
1274358454895984640,negative,1.157691023603853e-05
1274358455026024448,neutral,0.385645300338001
1274358455059582983,negative,0.0609687120746724
1274358455311175680,negative,0.13172800381638772
1274358455411912704,negative,0.031008353229502905
1274358455432773632,negative,0.0662322399734362
1274358456359751681,negative,0.08917284233375622
1274358456422748164,negative,0.004843091236173927
1274358457022459906,neutral,0.3444285672243545
1274358457337077760,negative,0.0002494253596988348
1274358458784063488,negative,0.009607627672415202
1274358458809188352,negative,0.0002154947191771296
1274358459002228736,positive,0.9379213938218759
1274358459094437888,positive,0.705521598317249
1274358459312586753,negative,1.4050329113035094e-05
1274358459341905922,negative,0.007628685414413218
1274358459610337281,negative,0.13949552936821852
1274358460054999042,negative,0.3230077132414027
1274358460059131911,negative,0.05738731705847255
1274358460403122176,negative,0.08431395946092056
1274358460541472768,negative,0.0002619169659521643
1274358460801585152,negative,0.021742177510265318
1274358460851924992,negative,0.00804237871859366
1274358461166432256,negative,0.04868413656103167
1274358461304889346,negative,0.18097169728096155
1274358463276167168,negative,0.00014459406381251767
1274358463276220417,positive,0.9650171238764371
1274358463632728065,neutral,0.37347671323445825
1274358463641116676,negative,0.00014459406381251767
1274358463817187328,negative,0.02102601543626555
1274358464068927489,negative,0.00029787951984732905
1274358464584847360,negative,0.010320231446011024
1274358465163603969,negative,0.04184043846359881
1274358467319476226,negative,0.0001328192010410201
1274358467432759298,negative,0.22122416942500223
1274358467604541440,negative,0.0011215207366607506
1274358467747295233,negative,0.008900498816457098
1274358467852206080,negative,0.0092744064496032
1274358467957002240,negative,0.3248189142578321
1274358468011536386,negative,3.7739906538850435e-05
1274358468263194626,negative,0.04868413656103167
1274358468850470914,negative,0.0331971951986892
1274358473065730048,neutral,0.46276743800412934
1274358473350885377,negative,5.8008051436971194e-08
1274358473652703232,negative,4.319194916105919e-06
1274358473820602368,negative,0.07509577442231544
1274358476651847683,neutral,0.5103843355572906
1274358477163462658,negative,0.0003934495283084619
1274358477306167298,negative,0.0034131758748745292
1274358477582991367,negative,0.05406920941944107
1274358478132436994,negative,0.15733959598742803
1274358479755542528,negative,0.15922624373425048
1274358480183279618,negative,0.0009177032978133025
1274358481563328513,negative,0.11920093109675768
1274358481844305927,neutral,0.5885669876978542
1274358482054131713,negative,0.07327654202549114
1274358482091667456,negative,5.25933231523432e-06
1274358484004474881,neutral,0.5196000172536228
1274358484650405889,neutral,0.49789225920557484
1274358484935553027,negative,9.221303154983208e-06
1274358485401075712,negative,0.005539547528663394
1274358489201205248,negative,0.29502449652156665
1274358489381560321,negative,0.0018777553135048484
1274358489566109696,positive,0.9482702003978086
1274358490065240065,neutral,0.3466484951114901
1274358490295939074,negative,0.007861195652418461
1274358490472026112,negative,0.08179748281320842
1274358492829229062,negative,1.6943194862605228e-08
1274358493223493633,negative,0.10987388011099579
1274358493580050438,neutral,0.59014558221084
1274358494427328512,negative,0.004427865377390981
1274358494641209345,negative,0.05760449214329574
1274358494964170753,negative,0.004843091236173927
1274358496545431554,negative,0.2806533922712129
1274358496671207432,negative,1.1071183644491722e-08
1274358497229058048,negative,5.368708107787868e-10
1274358497464012801,negative,0.2192931406874439
1274358497510072321,negative,0.00918977298194625
1274358497694670850,negative,9.313309155946405e-05
1274358497753337856,negative,0.009388534465349985
1274358497992495104,positive,0.9997370820378277
1274358498193805314,negative,0.0012314659616682302
1274358500882354176,neutral,0.34204090801782494
1274358500941017089,negative,0.001616511283051386
1274358501024899074,negative,0.05738731705847255
1274358502132199426,negative,0.03225842623262663
1274358502434242561,negative,0.2799852519493358
1274358502488760321,negative,0.004427865377390981
1274358502685884418,negative,1.9027470190114964e-05
1274358502753030149,negative,0.013174835516558408
1274358502929182720,negative,0.08656897114367125
1274358504531296256,negative,0.04153304519229886
1274358505177309186,neutral,0.46598398918449585
1274358505659600897,negative,0.01865311394732986
1274358505923735552,negative,5.25933231523432e-06
1274358506162978818,negative,0.20970303351171252
1274358506183962625,negative,0.04868413656103167
1274358506485768192,neutral,0.49789225920557484
1274358506708250624,negative,8.309045814134184e-09
1274358507182059521,negative,3.006237566176582e-10
1274358507404476417,negative,8.430640753571325e-05
1274358507429494784,negative,0.011448849023057617
1274358509480665094,negative,0.02102601543626555
1274358509942038528,negative,0.0005500612242291591
1274358510038417416,negative,1.8923465491499401e-06
1274358510554214405,negative,0.0028326793561230194
1274358510806077441,negative,0.015358793621732484
1274358510860546048,negative,5.692839550525292e-09
1274358511124787200,negative,0.21390638940163947
1274358511150006272,negative,0.2394110094948839
1274358511162421250,negative,5.53548312939098e-13
1274358511435202562,negative,0.0011215207366607506
1274358513842651136,negative,2.2607703055852016e-05
1274358514438344705,negative,0.0030645525920041865
1274358514559979522,negative,0.16161868573067484
1274358514622894081,neutral,0.552604093023779
1274358514983600130,negative,8.86511413832771e-05
1274358515751096325,negative,0.007613914191398256
1274358518037073927,positive,0.9848345625434974
1274358518171217921,negative,0.00870819018867965
1274358518452301824,negative,1.297662954430969e-05
1274358518464819200,negative,0.01140068344308785
1274358518481670144,negative,0.0002619169659521643
1274358519190499330,negative,0.11727529750860846
1274358519248982019,negative,0.09965753329704123
1274358519341473804,negative,0.0025240303609668944
1274358519429582848,negative,1.637839043713939e-08
1274358519471509504,negative,0.30141910637544406
1274358519567921153,negative,0.05610677778585456
1274358519655919616,negative,0.29761571709333384
1274358521920925697,negative,2.867478241790643e-12
1274358522302652416,negative,0.1736593650197064
1274358522327838721,neutral,0.437369725752128
1274358522587885569,negative,0.0831427178418165
1274358522856321024,negative,0.019966272016844998
1274358522889875457,negative,2.2607703055852016e-05
1274358522969456641,negative,2.6483642060587684e-05
1274358523040862209,negative,0.07509577442231544
1274358523590332419,negative,0.018191370886849637
1274358525960032257,negative,0.0038461683155092026
1274358526282854405,negative,0.0018153409973280076
1274358526358573058,negative,9.236621315832421e-06
1274358526685646854,negative,0.0092744064496032
1274358526954086400,negative,4.6477151497012224e-05
1274358527037857793,negative,8.123347876440576e-05
1274358527356780544,negative,0.2897207918155794
1274358527574904832,negative,0.1419265381406
1274358527772016644,negative,8.123347876440576e-05
1274358527914643457,negative,0.2192931406874439
1274358528539533313,negative,0.00261037623118337
1274358531060310022,negative,0.001102310072806244
1274358531269865473,negative,5.05210965555965e-10
1274358531567869953,negative,0.010695686925880667
1274358532301873153,negative,5.686518028202719e-06
1274358532385759237,negative,1.297662954430969e-05
1274358534562512898,negative,0.005402909033626645
1274358535040761856,negative,0.06053835653175385
1274358535061676033,neutral,0.3651125434698102
1274358535237840897,negative,0.0029930402182814604
1274358535464329218,negative,0.0023887462822981065
1274358535565062152,negative,0.10178090455968795
1274358535716048896,negative,0.018191370886849637
1274358535745425409,negative,0.001616511283051386
1274358535975993344,positive,0.8798039430045211
1274358536026406912,negative,0.0025244154240155283
1274358536093433857,neutral,0.4028399288030089
1274358538492575747,negative,0.001260385121551353
1274358538941456384,negative,1.8702409184941465e-05
1274358538945679361,negative,0.05875865796177916
1274358539394461696,neutral,0.49789225920557484
1274358539776131072,negative,0.0004967749784941818
1274358540610572288,negative,0.00041068916696332023
1274358541025976326,negative,0.004427865377390981
1274358542728941569,negative,0.004843091236173927
1274358542766653441,negative,5.846787533167052e-06
1274358543202869248,negative,0.00021141921140676293
1274358543689400320,negative,0.2149743335196036
1274358544230502400,neutral,0.49789225920557484
1274358544305991680,negative,0.13826357535628392
1274358544356323328,negative,0.04868413656103167
1274358544670830592,negative,0.009886347585916493
1274358544964431878,negative,0.026634110127042702
1274358545073520641,negative,0.02460594107704766
1274358545350373377,negative,0.0033120343898480897
1274358546252156928,negative,0.0012343933329241063
1274358547137138689,negative,1.297662954430969e-05
1274358547531390976,negative,1.4237737788705112e-08
1274358547812356096,negative,6.959015184218426e-08
1274358548907073536,negative,0.02141193307259173
1274358549364330498,neutral,0.6013848460402427
1274358551067189248,negative,8.789458901419966e-05
1274358551167864832,negative,0.04868413656103167
1274358551390162944,negative,0.20239329743009857
1274358551952142336,negative,2.0452212128368524e-05
1274358552950452224,negative,0.0005017896316071275
1274358552983932929,negative,0.01140068344308785
1274358553432784897,negative,0.2710840258935506
1274358553793515521,negative,0.08648755691803509
1274358553868791810,negative,0.01821613081843931
1274358556368699392,negative,0.13949552936821852
1274358557283176449,negative,0.016974313807356974
1274358557459337218,negative,0.13949552936821852
1274358559610994688,negative,0.2417208868741504
1274358559728455682,negative,1.007025619676246e-09
1274358559824887808,negative,2.787297328760927e-09
1274358559912927233,negative,0.00021141921140676293
1274358559933755395,negative,0.004843091236173927
1274358560596598789,negative,0.12854775929726997
1274358560693125120,negative,0.2700152070006991
1274358561305395200,negative,6.878894643412353e-05
1274358561502617600,negative,0.0002674361211642528
1274358561557098496,negative,0.04868413656103167
1274358564182790144,negative,0.003222832135696301
1274358564467945473,positive,0.9297876114597048
1274358564677726208,negative,0.007463572981352141
1274358564803534848,negative,0.048276487340144295
1274358565386452992,positive,0.990955449951103
1274358565684350982,negative,0.0013926288019747398
1274358566124687360,negative,0.0634773526190796
1274358566284070912,negative,0.08501573180126992
1274358567819247616,neutral,0.4331178239863631
1274358567982608384,negative,0.0011215207366607506
1274358568020586496,negative,0.0016087137505432071
1274358568163164163,negative,0.0018153409973280076
1274358568402157570,positive,0.7354636816357002
1274358568838467589,negative,0.24333729058720896
1274358569111113728,negative,0.12959920737750286
1274358569584951296,negative,0.10285008320408684
1274358569643716609,positive,0.8798039430045211
1274358572885970945,negative,0.06135422847550327
1274358572898451457,negative,0.0025244154240155283
1274358573477310466,positive,0.9646731050122362
1274358573729005568,negative,0.005402909033626645
1274358573754179585,negative,0.002212950536364806
1274358574295257089,negative,0.04480105656739359
1274358576434249729,negative,0.0012059443692072173
1274358576719560704,negative,0.04868413656103167
1274358577273044992,negative,1.1071183644491722e-08
1274358577516470273,negative,0.08654687246911817
1274358577742991361,negative,0.011448849023057617
1274358580502843392,negative,0.0011215207366607506
1274358580913868800,negative,0.02102601543626555
1274358581329104898,negative,0.20573471474331656
1274358581421367296,negative,0.02102601543626555
1274358581433942017,negative,1.637839043713939e-08
1274358581534457856,negative,0.03225842623262663
1274358581601751043,positive,0.8286012028805883
1274358581735743488,negative,0.09484620782468102
1274358581865955328,negative,0.10966635688105357
1274358582792814592,negative,0.0798813010626473
1274358582872604681,negative,0.01473206792582404
1274358582952239104,negative,0.09119464072277132
1274358584206397445,negative,0.012693985964113474
1274358584785227778,negative,0.010458899326058755
1274358586391646214,negative,4.633640968126435e-06
1274358586760560642,negative,1.1489575462907663e-07
1274358586878177282,neutral,0.49818512823882316
1274358588962672641,negative,0.03188103200531316
1274358589260472321,negative,1.0872528108410854e-05
1274358589428240385,negative,0.0010122473797667772
1274358590132928513,neutral,0.38806593524774735
1274358590174789632,negative,0.21616516975537278
1274358590271361025,negative,0.012151535642748646
1274358590497796096,negative,0.0008006732688204739
1274358591001067520,negative,0.0011215207366607506
1274358591307251712,negative,7.378820800345565e-05
1274358591470931974,negative,0.2799852519493358
1274358593123430402,negative,0.1363585901897884
1274358593345683456,negative,0.028655484559438896
1274358593597382657,positive,0.897740620973573
1274358593630998532,negative,9.196345670389229e-05
1274358593790382089,negative,1.8702409184941465e-05
1274358593987510276,negative,0.25416159745075056
1274358594264346624,negative,0.32609931831783795
1274358595061264386,negative,2.14067258920974e-08
1274358595128373248,negative,0.00014459406381251767
1274358595509837826,negative,0.02840960830561217
1274358597422546945,negative,0.0028779006780079394
1274358597837705216,negative,0.29761571709333384
1274358598139871232,negative,0.2221848919180671
1274358598395666438,negative,0.018191370886849637
1274358598529933317,negative,0.275958358184994
1274358598550851585,negative,0.005573777002919158
1274358598647283715,negative,0.00014459406381251767
1274358599050027009,positive,0.7600413916354832
1274358599331045378,negative,0.14223685393253538
1274358602371825666,negative,1.1929911813902718e-06
1274358602485006344,negative,5.25933231523432e-06
1274358602522820608,negative,0.04868413656103167
1274358602782957568,negative,1.8515226602089383e-06
1274358602883641345,negative,1.637839043713939e-08
1274358603047211011,positive,0.6611075005521384
1274358603105873920,negative,0.08780028014807154
1274358603718287365,negative,0.004875132522232117
1274358605559578627,negative,0.004181638147728973
1274358605945462790,negative,2.0854207257094288e-08
1274358607233064960,negative,0.0018153409973280076
1274358607321141248,negative,0.10168871680624672
1274358607979532289,neutral,0.42972219447761806
1274358608126410752,neutral,0.5196000172536228
1274358608155869185,negative,5.692839550525292e-09
1274358609657413632,neutral,0.5111067556059521
1274358609825144832,negative,0.0007972596380566475
1274358609879711746,negative,0.2394110094948839
1274358610328420356,negative,0.00021141921140676293
1274358610404007936,negative,1.6300532801452974e-05
1274358610592706560,positive,0.990955449951103
1274358610794029057,negative,0.11199186793547575
1274358611138039808,neutral,0.42421042103873935
1274358611402252290,negative,0.00014459406381251767
1274358611683217415,negative,0.008087441374186159
1274358611796525057,negative,0.007537542262960305
1274358612018823168,negative,0.003127249533393712
1274358614287888386,negative,0.11199186793547575
1274358614514434054,negative,1.8945028610646563e-07
1274358614682034183,negative,0.29761571709333384
1274358614728282113,negative,0.0007699370890113074
1274358615000973315,neutral,0.5185793585029372
1274358615483318272,negative,0.028040805411430187
1274358615651082240,negative,0.1388165480771174
1274358615936286722,negative,5.661399981551542e-07
1274358618423508993,negative,0.09965753329704123
1274358619094552576,negative,0.017982390015379275
1274358619417595905,negative,0.22091043472371724
1274358619644010496,negative,0.020373908493343487
1274358619816017921,negative,0.0010368153683389815
1274358620122157056,negative,0.18789813022046326
1274358620495347712,negative,0.0011215207366607506
1274358620499644422,negative,8.35306303946668e-06
1274358622433292289,negative,9.782089804679564e-13
1274358622659637248,positive,0.9597645762593177
1274358622907056130,negative,0.024992353492807196
1274358623200829442,negative,0.004427865377390981
1274358623515394049,negative,0.0020303224103744785
1274358623892901893,negative,0.22082230916661
1274358623943229441,negative,0.0018153409973280076
1274358623993462785,neutral,0.4766795874967358
1274358626879262724,neutral,0.5196000172536228
1274358627122450433,negative,0.05760449214329574
1274358628821204992,neutral,0.5111067556059521
1274358629089583104,negative,0.0005580651713161004
1274358629152555010,negative,0.13688448498252953
1274358629471121409,negative,0.06081655062018614
1274358631010574337,negative,0.01024459341701663
1274358631014809604,negative,0.025809170850541976
1274358631211859968,negative,0.23540932660475059
1274358631232831488,negative,3.170897555251572e-07
1274358631958564865,negative,0.02102601543626555
1274358632130457600,negative,0.0021625795954240763
1274358632226918400,negative,2.1952058486110082e-05
1274358632382111746,negative,9.882052007135143e-12
1274358632797343746,negative,1.7594926777762612e-08
1274358635188170752,negative,0.01140068344308785
1274358635305545728,neutral,0.437369725752128
1274358635704000512,negative,0.2565483707332332
1274358635876028423,negative,0.0331971951986892
1274358636421267457,negative,0.05828189445446495
1274358637255733249,negative,0.0004330391694208318
1274358637956300800,negative,0.00017027172053472186
1274358639218888705,negative,0.0009952863461212178
1274358639457972225,negative,0.17981282980503863
1274358639483072518,negative,1.1105972742201075e-07
1274358639491534848,negative,0.00874788537290703
1274358639516475392,negative,0.27259426513634494
1274358639566913536,negative,0.0021625795954240763
1274358639722213377,negative,0.037436681909298455
1274358639952830466,negative,0.011430557414469205
1274358640426864640,negative,0.015522987730443905
1274358640619794438,negative,0.12351301191306997
1274358640774918145,negative,0.22122416942500223
1274358643744542720,negative,0.01024459341701663
1274358644675694592,negative,0.07197907315624454
1274358644713361409,neutral,0.42507619662732005
1274358645099311104,negative,0.00020637503099119725
1274358645535445000,negative,0.1479964024895597
1274358647838179329,negative,0.10048699121419205
1274358647854977029,negative,0.2617748389724454
1274358648131682305,negative,0.011522209547495665
1274358648568008704,neutral,0.57728081060214
1274358648592949248,negative,0.001616511283051386
1274358649662705665,negative,0.00014459406381251767
1274358650568663046,negative,0.17366786280981011
1274358650744778753,negative,0.02102601543626555
1274358650836901888,negative,0.0006303622924116255
1274358650883256325,positive,0.8534590112848666
1274358651868925953,negative,0.01531891885728109
1274358652439273474,negative,0.01024459341701663
1274358652619624448,negative,0.13331212109406848
1274358652661448705,negative,0.004843091236173927
1274358652909039616,negative,0.00014459406381251767
1274358653160697861,negative,0.18795859623648656
1274358653613727746,negative,0.12114321205830973
1274358654104453121,negative,0.20239329743009857
1274358654209273856,negative,0.04868413656103167
1274358655903727617,negative,0.29761571709333384
1274358655975129089,negative,0.08917284233375622
1274358656088313856,negative,0.01140068344308785
1274358656100900864,neutral,0.34503062106406457
1274358656453300224,negative,0.07357273963051428
1274358656918867968,positive,0.8050406710789163
1274358656990089219,negative,2.0884322742345612e-10
1274358657178796033,negative,0.00620839766271168
1274358657329831936,negative,2.0260555091847292e-06
1274358657329889282,negative,0.06624210398793422
1274358657367539712,negative,0.04868413656103167
1274358660148408324,negative,0.02102601543626555
1274358660391751680,negative,1.049921371143452e-09
1274358660836159489,negative,1.6300532801452974e-05
1274358660836327425,neutral,0.38806593524774735
1274358661247373312,negative,0.003401178487566604
1274358661771603972,negative,0.02460594107704766
1274358661846929408,negative,0.12236218687685987
1274358661939429382,negative,0.2371664578074247
1274358662333640712,negative,9.662127073819248e-11
1274358662446940166,negative,0.03474024201811504
1274358664447614978,negative,0.12399007242437451
1274358664762142720,neutral,0.3807393333105953
1274358665047412738,negative,0.09941932263145786
1274358665500385282,negative,5.72075362386443e-10
1274358665726889984,negative,0.04868413656103167
1274358666523639808,negative,0.00020479812569071105
1274358666658013185,neutral,0.3385252644667176
1274358666972585986,negative,0.009404074764908295
1274358668709027840,negative,0.06260745681415979
1274358669501702144,negative,0.0007206278447072315
1274358669581434886,negative,0.05845248845046665
1274358669753438210,negative,0.01522981827438697
1274358669803687940,neutral,0.4014714302546022
1274358670042837002,negative,0.01140068344308785
1274358670265122817,negative,0.004843091236173927
1274358670365732871,negative,0.001849507556040694
1274358670407720960,negative,0.0071355163167274695
1274358670424453121,negative,0.09965753329704123
1274358670483128321,negative,0.001616511283051386
1274358670617436160,negative,0.01140068344308785
1274358672978857985,neutral,0.5048024346381035
1274358673314320384,negative,0.08986926517635258
1274358673406676993,negative,0.19986654509868576
1274358673951928321,negative,0.007628685414413218
1274358674060869632,negative,0.02102601543626555
1274358674388123649,neutral,0.5111067556059521
1274358674807353344,negative,0.00760651225648479
1274358677261234177,negative,0.008368215027322465
1274358677605056513,negative,0.00023626315631494765
1274358677684867072,negative,0.20239329743009857
1274358678179721216,negative,0.11199186793547575
1274358679957942274,negative,0.01024459341701663
1274358680184655877,negative,0.275958358184994
1274358681493176321,negative,0.0004282988682744818
1274358681698660353,negative,0.2799852519493358
1274358682592120833,neutral,0.33686374760521365
1274358682726412288,negative,7.310962352156787e-05
1274358682961281024,positive,0.8166186890370012
1274358683347156993,negative,0.11435305742421885
1274358683431047168,negative,4.148337962003339e-06
1274358685398118400,negative,0.01024459341701663
1274358685742125056,positive,0.7072266175920247
1274358686253756416,negative,7.482590918262696e-05
1274358686467665921,neutral,0.49907273298516375
1274358686467719169,negative,0.049383758828616724
1274358686643900416,negative,0.0011215207366607506
1274358687411458056,negative,0.00424305153340846
1274358687604396033,negative,0.012019299113019036
1274358687637753861,negative,1.6300532801452974e-05
1274358689458257921,negative,1.1063130400649612e-07
1274358689521156097,negative,8.309045814134184e-09
1274358689999118336,negative,0.005959118885548674
1274358690254995457,negative,0.009650824082676765
1274358690313916416,negative,4.547475594547499e-07
1274358691416834048,positive,0.9999613543702093
1274358691458945025,neutral,0.49789225920557484
1274358691505070082,negative,0.0003977561693541925
1274358693719617537,negative,0.0009952863461212178
1274358693782523904,neutral,0.5630410866502906
1274358693908357125,negative,1.0707508760226773e-06
1274358694642360322,negative,0.0008114827565367203
1274358694768250886,negative,0.00014459406381251767
1274358694789238784,negative,0.0721040239008009
1274358694881435650,negative,0.3250906319798547
1274358695137337344,negative,0.00022944251085316392
1274358695149948935,negative,0.005668249363834734
1274358695435141121,negative,0.022560240465756717
1274358695833591813,negative,0.2041613408243222
1274358695971950592,negative,0.04868413656103167
1274358696185942018,negative,4.4888550391764975e-05
1274358697867829248,negative,0.0011215207366607506
1274358697997762561,negative,0.24373114411112587
1274358698002055168,negative,6.179342267073135e-07
1274358698324791296,negative,0.0011193893689901576
1274358698559836161,negative,0.0021625795954240763
1274358699008487424,negative,0.043831737297527824
1274358699751026689,negative,0.004843091236173927
1274358699788840961,negative,0.023707455029098722
1274358700577341440,negative,0.2813205993102185
1274358702255063040,negative,0.0011215207366607506
1274358702276071427,negative,0.10575621008389685
1274358702447960064,negative,0.08917284233375622
1274358702741520387,negative,0.00014459406381251767
1274358702745833474,neutral,0.49789225920557484
1274358703118925830,negative,0.00014459406381251767
1274358703274278920,negative,0.00012914313150845904
1274358703358083072,positive,0.8167066301350949
1274358703551062016,negative,1.1071183644491722e-08
1274358703634989056,negative,0.2682100439096169
1274358704066965506,negative,0.13949552936821852
1274358704100474883,negative,0.11275300035366007
1274358704293531648,negative,0.0331971951986892
1274358706210209797,negative,0.13949552936821852
1274358706763902984,negative,0.000995851003017486
1274358707376324609,positive,0.897740620973573
1274358707586043904,negative,0.04868413656103167
1274358707678334981,negative,0.0003934495283084619
1274358707934179328,negative,0.005402909033626645
1274358710375272451,negative,0.09040185761620108
1274358710417207299,negative,0.00043822170675924193
1274358710496890883,negative,0.004095510291713961
1274358710807265280,negative,0.29761571709333384
1274358711017000960,negative,0.0771847225977192
1274358711218245634,negative,0.25836786239144605
1274358711243415555,negative,0.04868413656103167
1274358711847464961,neutral,0.6256001369461959
1274358711906115585,negative,0.00014459406381251767
1274358712233152512,negative,0.0011148180336075504
1274358712472424449,negative,0.0036656969373735438
1274358712560476162,negative,0.11211298304992452
1274358712669474819,negative,0.00030373989889860776
1274358712745025536,negative,0.004694523483071107
1274358712816283649,negative,7.166372342139472e-06
1274358714158505984,negative,0.18550044187906056
1274358714594734082,negative,0.24080171655078425
1274358715102175232,negative,0.05875865796177916
1274358715513286662,negative,0.01140068344308785
1274358716075315200,negative,0.18649414075481408
1274358719002947589,negative,0.00011041280132821613
1274358719124512769,negative,0.00804237871859366
1274358720269627392,neutral,0.41774259083719406
1274358720340856835,negative,0.038153568964844585
1274358723067215872,negative,3.7768554562276385e-07
1274358723100770304,negative,5.159868543028176e-06
1274358723809591298,negative,0.018184230061610487
1274358723817938945,negative,0.05246388503606357
1274358724736495616,negative,0.14197236713123318
1274358724950396930,negative,0.14197236713123318
1274358725051121664,negative,0.0009112502395195114
1274358725235572736,negative,0.003065677059359148
1274358727529902081,negative,2.8684135424564705e-05
1274358727848742917,negative,0.007175914245973751
1274358728066727943,negative,0.001616511283051386
1274358728914014214,negative,0.0010474648988743878
1274358729216086017,negative,0.003872413014648998
1274358729257955328,negative,0.18971327366973934
1274358731464155137,negative,3.2131728859481086e-10
1274358731556352001,negative,0.13949552936821852
1274358731904614400,negative,0.029778004637556088
1274358732026191877,positive,0.6833993446627484
1274358732089102341,negative,0.011841973334032654
1274358732198039553,negative,0.02417131271092168
1274358732206542853,negative,1.8702409184941465e-05
1274358732374319104,negative,0.2676438359255341
1274358732479234049,negative,6.3235215318841494e-12
1274358735658459138,negative,1.3698034099094635e-05
1274358735960281091,negative,0.003222832135696301
1274358735989850115,negative,0.17453894250224283
1274358736187011073,negative,0.00013355920769942211
1274358736543514624,negative,0.0071026284906396675
1274358736820338694,negative,1.1071183644491722e-08
1274358736900030466,negative,0.04868413656103167
1274358737181032448,negative,0.01775963153981743
1274358737336258560,negative,2.3578156564691675e-06
1274358737432653825,negative,7.54668161104564e-05
1274358737789227008,negative,0.012400159706935523
1274358737818525696,negative,0.12157272493243074
1274358737873051648,negative,0.003943771983762746
1274358737969569793,negative,0.04868413656103167
1274358737994743809,negative,0.00014459406381251767
1274358740645527555,negative,5.692839550525292e-09
1274358740716859393,negative,0.0001109926171236319
1274358741190815746,negative,0.13949552936821852
1274358741400461315,negative,0.0005705228674551343
1274358741756973058,negative,1.9027470190114964e-05
1274358741798969346,negative,0.009932906980315596
1274358742017081344,negative,2.2607703055852016e-05
1274358744441389057,negative,0.02102601543626555
1274358744718217216,negative,0.0021625795954240763
1274358745104035842,negative,0.007628685414413218
1274358745653526529,negative,0.09715283507897327
1274358745930366979,negative,0.06350051426116073
1274358746001498113,negative,0.0001319207072048325
1274358746077106176,positive,0.9899393614801809
1274358746307796996,negative,0.005132971234011774
1274358746605670404,negative,0.031203085945031427
1274358748539244544,negative,0.02102601543626555
1274358749071912963,negative,2.787297328760927e-09
1274358749084422145,negative,0.003401178487566604
1274358749126447105,negative,0.054579362509053916
1274358749986250752,positive,0.8297155112904245
1274358750011428865,negative,0.04868413656103167
1274358750325997568,negative,0.00014459406381251767
1274358750808363009,negative,0.09712453899366252
1274358753115045900,negative,0.05772115062832458
1274358753769504770,negative,0.005132971234011774
1274358754654523392,negative,0.04868413656103167
1274358754847461377,neutral,0.4044507748356481
1274358755103309824,negative,0.002347975238021987
1274358756822876164,negative,0.005451777912426883
1274358756835549188,negative,0.05839510813617035
1274358757343006722,negative,0.0012283614199017304
1274358757435326464,negative,0.0004914151200828016
1274358757506588672,positive,0.9894911179712993
1274358757745704963,negative,3.4299873583566505e-09
1274358757749919745,negative,0.0005500612242291591
1274358757905047554,negative,0.22082230916661
1274358758202847232,negative,0.07950576761121148
1274358758597169153,negative,0.05592593259625326
1274358758790049792,negative,6.14052241949791e-06
1274358759134035968,negative,0.0006635226684981256
1274358761323454464,negative,0.2679542048543814
1274358761705091072,negative,0.0009096334948879996
1274358762019549186,negative,0.2253832403887022
1274358762619506693,negative,7.891260695715082e-12
1274358762619514881,negative,0.00804237871859366
1274358765001814017,negative,0.0011215207366607506
1274358765110939648,negative,0.004838450315574635
1274358765278691328,negative,0.1922543371572348
1274358766100713472,neutral,0.481889648633903
1274358766503440385,negative,0.0004638128345845936
1274358766646038532,negative,0.31609996668142204
1274358767002562560,negative,0.20421497482631423
1274358767941857284,negative,0.018191370886849637
1274358769066160129,negative,0.0002619169659521643
1274358769514930177,negative,0.00010077370052765149
1274358769737248769,negative,0.001616511283051386
1274358769867091968,negative,0.0037629726585513977
1274358770257231874,negative,0.00025995428544422664
1274358770290876422,negative,0.008340397043054032
1274358770861314048,negative,4.859938663965794e-07
1274358773335961603,neutral,0.5652996392292556
1274358773398884352,negative,0.05130885815122619
1274358773709242371,negative,6.8853449153513125e-09
1274358773776351233,positive,0.9997698212961951
1274358773914701825,negative,1.1071183644491722e-08
1274358774040530944,negative,1.9684284881358229e-10
1274358774422212613,negative,2.378311567475311e-08
1274358774912790528,negative,0.004843091236173927
1274358775525396482,negative,0.001258965961557944
1274358775730888709,negative,0.00014459406381251767
1274358776167051270,negative,9.782089804679564e-13
1274358777362280449,negative,6.804365424106854e-06
1274358777593151488,negative,5.25933231523432e-06
1274358778016731136,negative,0.00033014254448058286
1274358778725572611,neutral,0.457454636252441
1274358779350593539,neutral,0.5398362570212623
1274358779640008705,negative,0.19986654509868576
1274358780180996097,neutral,0.42507619662732005
1274358782127230976,negative,0.17453894250224283
1274358782429200387,negative,0.005402909033626645
1274358782517223425,positive,0.9901434904969943
1274358783045767168,negative,0.0009177032978133025
1274358783347752960,negative,4.217550258464639e-10
1274358783427428353,negative,0.18280254446035335
1274358783557488640,negative,0.016699969447194558
1274358783733575686,negative,3.381754992763958e-05
1274358783754604546,negative,0.09965753329704123
1274358784018825216,negative,0.0024419655372850953
1274358784467636227,negative,0.05714072353572688
1274358786086535171,negative,0.2565802007626156
1274358786472448002,negative,0.030931506470980464
1274358786942263298,negative,5.066492299391203e-15
1274358786950643712,negative,0.004427865377390981
1274358787240050690,negative,0.01140068344308785
1274358787802042368,negative,1.9865125586847877e-05
1274358787978088448,negative,0.011448849023057617
1274358790209646593,negative,0.015239833593326148
1274358790264102922,negative,1.0726974410284396e-06
1274358790620577793,negative,0.0011215207366607506
1274358790842986496,negative,0.008776511607148051
1274358791249842177,negative,0.0001328192010410201
1274358791354503170,negative,0.1801461484119052
1274358791509868545,negative,0.00021314346103357707
1274358791627329537,negative,0.0011215207366607506
1274358791958597632,negative,0.0006524776956308326
1274358792134823937,negative,0.04868413656103167
1274358792323563529,negative,9.850659805108146e-07
1274358792327757825,negative,0.003044918630753064
1274358794470993921,negative,5.094166772461122e-06
1274358794835894273,negative,2.787297328760927e-09
1274358795066642432,negative,0.000157023955872178
1274358795796393984,negative,0.004427865377390981
1274358796006105089,negative,0.06693245946647369
1274358796081606661,negative,0.06965640539268698
1274358796836626432,negative,1.9027470190114964e-05
1274358798778580992,negative,2.7166058869348747e-08
1274358799701286914,positive,0.880977722113856
1274358799739105282,negative,0.02102601543626555
1274358799810396162,negative,0.19173849770252602
1274358799927779328,negative,0.02738764886718594
1274358800263323649,negative,0.04868413656103167
1274358800552689665,neutral,0.34204090801782494
1274358802792566791,negative,0.02287270404016257
1274358803207774209,negative,0.0011215207366607506
1274358803602051074,negative,0.003776884053550806
1274358804558249985,negative,1.4503898248781445e-06
1274358804654764032,negative,4.0699518114605504e-05
1274358804856143873,negative,2.6483642060587684e-05
1274358805317455872,negative,0.0001527949021124765
1274358807389523969,negative,0.0001251411088511472
1274358807444033537,negative,0.022058174672311495
1274358807477485577,negative,0.08613284056312336
1274358808475848705,negative,0.27644512763752055
1274358808584880135,negative,0.17085650338555278
1274358809021091840,negative,7.433414162266636e-08
1274358809029312514,negative,1.1071183644491722e-08
1274358809314672641,negative,2.2607703055852016e-05
1274358809658605570,neutral,0.49789225920557484
1274358809939632128,negative,0.02458097564410094
1274358810770124802,negative,0.001141906654706794
1274358811160125447,negative,0.0011215207366607506
1274358811617353728,negative,0.011498796599938035
1274358812078673922,negative,0.025563227142109794
1274358812187688961,negative,0.04868413656103167
1274358812481372163,negative,0.008617649646159286
1274358812800098304,negative,0.00014459406381251767
1274358812825223172,negative,0.09838198868497601
1274358813483819009,negative,0.00014459406381251767
1274358813697683460,negative,0.0826215971733313
1274358815450939392,negative,3.868176033225089e-10
1274358815769587714,negative,0.0010265147618447434
1274358815790596097,negative,0.0005833353590071568
1274358815971033089,negative,0.11641425304405863
1274358816038158337,negative,0.0798813010626473
1274358816214257664,neutral,0.5111067556059521
1274358816239497221,negative,0.04868413656103167
1274358817606811652,negative,0.008403598072416559
1274358819490009088,negative,1.157691023603853e-05
1274358819825479686,negative,0.00024820358967956224
1274358820362489857,negative,0.005444240096690897
1274358820471476225,negative,0.010962262034260921
1274358821440442369,negative,0.07976761531438196
1274358821452947456,negative,1.954367259475363e-05
1274358823986364421,negative,0.007628685414413218
1274358824019922944,negative,0.0002400857791051532
1274358824342863872,negative,0.04868413656103167
1274358827870236673,negative,1.637839043713939e-08
1274358828268695555,negative,0.04868413656103167
1274358828373544962,negative,0.13949552936821852
1274358828491038726,negative,0.00014459406381251767
1274358828809760768,negative,0.009195546507137761
1274358828914675712,positive,0.8753660548112631
1274358829547995136,negative,0.05839510813617035
1274358830013579272,negative,3.0753347677442474e-09
1274358830294536192,negative,3.632028184019767e-08
1274358832739897344,negative,0.001321911787446326
1274358832844738562,negative,0.01977223250681338
1274358833113161729,negative,0.039576004874212194
1274358833637441536,negative,0.004125811062725056
1274358834191106048,negative,0.04868413656103167
1274358834396626946,negative,0.08917284233375622
1274358834446778369,negative,0.0011215207366607506
1274358836107841538,negative,0.15211469525686339
1274358836397322241,negative,0.04868413656103167
1274358836531429377,negative,0.0073373516045845705
1274358837072592902,positive,0.6614361894105042
1274358837106085891,neutral,0.344248074596087
1274358837252968448,negative,0.275958358184994
1274358837718339584,positive,0.7977858244035224
1274358837823356931,negative,3.9438906534166586e-05
1274358837970120704,negative,7.976330876166113e-09
1274358838481870848,negative,0.02102601543626555
1274358838498521088,negative,0.0007020598290401401
1274358838603497472,negative,0.00014459406381251767
1274358840646160384,negative,0.013657601910900116
1274358840696463361,negative,8.768185356334007e-06
1274358840876765186,negative,0.0038517527658150134
1274358841044590593,negative,0.02722037857733356
1274358841052987392,negative,0.0092744064496032
1274358841388523522,negative,0.10117530298289434
1274358842575503365,negative,0.0011648612134226345
1274358843057868812,positive,0.7478899177723298
1274358843141742592,negative,0.005539547528663394
1274358845033205763,neutral,0.5890464298014213
1274358845058347008,negative,0.027922933469226342
1274358845213683712,negative,2.6483642060587684e-05
1274358845310218242,negative,1.9791733147163785e-06
1274358845763174413,negative,1.3044006678807215e-06
1274358845930975233,positive,0.9985502527648222
1274358847231143937,negative,0.00012980279673298966
1274358849215086594,negative,0.006198991246408178
1274358849252843520,negative,0.2617748389724454
1274358849529622534,neutral,0.37426873505003133
1274358849634480128,negative,0.02102601543626555
1274358849881935878,negative,0.0018153409973280076
1274358850305523713,negative,0.0009795940323472157
1274358850397888512,negative,0.19675306537012555
1274358850536308736,negative,0.0009475747249613342
1274358853426085895,negative,0.0002400857791051532
1274358853581320193,negative,0.1363585901897884
1274358853640032259,negative,1.8975866285024973e-06
1274358853744934912,negative,0.004845512593524563
1274358854193762310,negative,0.20196055078324132
1274358854357340163,negative,0.29565949125626084
1274358854554464257,positive,0.8585319019276769
1274358857142276096,negative,0.015242108048654173
1274358857230417921,negative,0.20911321062024857
1274358857440145413,negative,0.2211841082333547
1274358857490477057,negative,0.2940757070972935
1274358857712766980,negative,0.006351232032840391
1274358858266423298,negative,0.12351301191306997
1274358859134631936,neutral,0.5131341033719871
1274358859382116352,negative,0.2486640047527842
1274358859386310656,negative,0.10937347790217722
1274358859445030913,negative,0.045813762819714464
1274358859600199687,negative,0.02201085893018373
1274358861932244992,negative,0.012862119980492158
1274358861944815617,negative,0.31191913621071693
1274358862016102403,negative,0.04855577071576213
1274358862016118786,negative,0.005402909033626645
1274358862309666817,positive,0.897740620973573
1274358862397812739,negative,0.01140068344308785
1274358862662025216,positive,0.992376140522499
1274358863161167873,negative,0.02102601543626555
1274358865539235840,negative,0.1410075432300821
1274358865807634433,negative,0.004843091236173927
1274358866017468416,negative,0.0021625795954240763
1274358866055233537,negative,0.004629450043493103
1274358866680131587,negative,1.216124962646072e-05
1274358866810146816,neutral,0.5279665699705448
1274358867137306627,negative,0.0011215207366607506
1274358867321896961,negative,1.4947687778270001e-07
1274358869863497728,negative,2.029985389010245e-05
1274358869905547265,negative,4.004457623889704e-06
1274358870337617920,neutral,0.3344458471712187
1274358870417301504,negative,0.000102120942159438
1274358870509584394,negative,0.11693128409372817
1274358870668980225,negative,0.03386744231249433
1274358870677299200,negative,0.021424511384327608
1274358871084195843,neutral,0.5467018084453114
1274358871176417282,neutral,0.46276743800412934
1274358871310716933,negative,0.0014385367453438058
1274358871335809024,negative,0.0021205043851629407
1274358874452221955,negative,0.004574655764571831
1274358874582192130,negative,0.01140068344308785
1274358874724864000,negative,0.020234158379767775
1274358874888384512,negative,0.005402909033626645
1274358874905079813,negative,0.0003953899386636144
1274358875383304192,negative,5.8258173057260346e-05
1274358875584466944,negative,0.003065677059359148
1274358875806982144,negative,0.08983321350776034
1274358878151553024,negative,0.00024030473241660438
1274358878327541763,negative,0.0011215207366607506
1274358878432567296,negative,0.007628685414413218
1274358878579367939,negative,0.025834231421953045
1274358878894002179,negative,0.03303376407787172
1274358879095271425,neutral,0.40819334745054037
1274358879145668608,negative,5.507364702208033e-05
1274358879309172736,negative,0.07509577442231544
1274358879309225990,negative,6.796441194262778e-05
1274358879422263297,negative,0.13949552936821852
1274358879426678786,negative,0.02767837041596725
1274358879426686981,negative,0.009608582507306514
1274358879845900289,negative,0.08826221692494869
1274358880357830656,negative,0.07321471904393306
1274358882752659459,negative,0.04868413656103167
1274358882815614978,negative,1.612600296105982e-07
1274358883310620679,negative,0.2417208868741504
1274358883620917248,negative,0.13841236269547977
1274358883809705985,negative,0.10231392764651905
1274358883868426240,negative,0.008509243077387508
1274358884115898368,neutral,0.4847675667863552
1274358884132667399,negative,0.0005833353590071568
1274358884271095811,negative,3.961410907629585e-06
1274358884522745856,negative,0.0011215207366607506
1274358886653362181,positive,0.9700093824298326
1274358886838001664,negative,0.0211649769712181
1274358887433502720,neutral,0.49789225920557484
1274358887664189442,negative,0.1421377503138896
1274358887785824259,negative,1.4865116943416745e-05
1274358888251510784,negative,0.2617529036331704
1274358888972812290,neutral,0.5393526757761705
1274358890805841922,negative,3.903527470212607e-07
1274358891137163264,negative,0.013867000591928986
1274358891170668545,neutral,0.34583335843435076
1274358891665592324,negative,0.02102601543626555
1274358891778891781,negative,0.04868413656103167
1274358891858591750,negative,0.01140068344308785
1274358892353503238,positive,0.9607742500695555
1274358892630245381,negative,0.02922352219498937
1274358892638674945,negative,0.0021625795954240763
1274358892793716737,negative,0.07327654202549114
1274358892844273664,positive,0.7573080171790094
1274358892932325376,negative,0.0009112502395195114
1274358892940705794,negative,0.04868413656103167
1274358895067136000,neutral,0.47825815524877363
1274358895163641856,negative,0.0005833353590071568
1274358895323029506,negative,0.00025995428544422664
1274358895910232066,negative,0.00014459406381251767
1274358896006758404,negative,0.0015660245321694665
1274358896187052041,positive,0.9172927861992728
1274358896468070400,negative,2.787297328760927e-09
1274358897092902913,neutral,0.46127768308170247
1274358897248292864,negative,0.01140068344308785
1274358899123109889,negative,1.0707508760226773e-06
1274358899131506688,negative,0.007842723518687363
1274358899320197127,neutral,0.3794582595712339
1274358899894898689,negative,0.010584991134620457
1274358900452712448,negative,0.3158713471416543
1274358900628717569,negative,0.01590306801705215
1274358900716908544,negative,0.04868413656103167
1274358900851191812,negative,0.04868413656103167
1274358900977012736,negative,0.0005833353590071568
1274358901010575360,negative,0.0011215207366607506
1274358901031481344,negative,0.00037938416603081635
1274358903053189120,positive,0.9957469163491595
1274358904034668546,negative,0.017644921243848716
1274358904328249344,negative,7.022173079694284e-14
1274358904332455937,negative,1.1071183644491722e-08
1274358904504430597,neutral,0.40819334745054037
1274358904756088837,negative,0.03174465898319189
1274358904835768325,negative,0.002083818670473347
1274358905070551041,negative,0.001839311495784919
1274358907297816579,negative,3.680328476147143e-07
1274358908212195330,negative,0.16002811384672702
1274358908254109701,negative,3.6885601646132193e-06
1274358908627361799,negative,9.199120971588936e-05
1274358908954578944,negative,0.0005833353590071568
1274358909474488320,negative,0.04549510691194602
1274358909642379265,negative,8.665089332995938e-05
1274358909671739392,negative,0.006812636562690789
1274358911869599744,neutral,0.38073465314962995
1274358912293244929,negative,0.0008115220845677959
1274358912309919750,negative,0.0002812825204751204
1274358913077514242,negative,2.5387323369938468e-08
1274358913207537667,negative,0.0025244154240155283
1274358913236951041,negative,3.958700704821003e-05
1274358913719296006,negative,1.8975866285024973e-06
1274358913807286274,negative,0.0021625795954240763
1274358915833171968,neutral,0.3364795711963585
1274358916076503045,negative,0.22082230916661
1274358916269453317,negative,0.01140068344308785
1274358916307193857,negative,0.04749605645521726
1274358916676272128,negative,0.0011215207366607506
1274358916932141057,neutral,0.48895895465593386
1274358917011816451,negative,0.2512243101250744
1274358917405872131,negative,1.1071183644491722e-08
1274358917737385985,positive,0.988351131227345
1274358921038368771,negative,0.07327654202549114
1274358921776508928,negative,0.11137284617128347
1274358921784897542,negative,2.931279538235397e-06
1274358921956864001,negative,0.001616511283051386
1274358924888735746,negative,0.0005833353590071568
1274358925240958976,negative,0.019084209594150227
1274358925928865795,neutral,0.5124621648089771
1274358926449020928,negative,0.021376127538156826
1274358926478315520,negative,0.00014459406381251767
1274358928516829185,negative,0.001616511283051386
1274358928562884608,negative,1.6028060506651763e-07
1274358928776757249,negative,0.003046420644404445
1274358929670074368,positive,0.9562817667624712
1274358929712168964,negative,0.015480768248416873
1274358929720520705,neutral,0.4507454498615163
1274358930391683073,negative,0.0012963036574685255
1274358930551037953,negative,0.007628685414413218
1274358930718830593,negative,0.0063842897285104104
1274358930769154048,negative,0.00014459406381251767
1274358930823659522,negative,0.046174865345221965
1274358932434309120,negative,0.06484228299243885
1274358932971159553,negative,0.2512243101250744
1274358933172424705,negative,0.011679611181786209
1274358933499654145,negative,0.060264614956814365
1274358933692571649,negative,0.09965753329704123
1274358933776486407,positive,0.9526371989722243
1274358933897900032,negative,0.011448849023057617
1274358933931638784,negative,0.004427865377390981
1274358934111956993,negative,0.0009274268303140541
1274358934124605441,negative,0.0018153409973280076
1274358934770454529,negative,0.019326119884336353
1274358935907074050,negative,0.21786076851548794
1274358937316442116,negative,0.3230077132414027
1274358937446473728,negative,0.0005833353590071568
1274358937819787267,negative,2.8613168727770674e-06
1274358937874284544,positive,0.7570853967135105
1274358937966559233,negative,8.875547998667753e-07
1274358938008457218,negative,1.0326040105375778e-05
1274358938176303105,negative,0.03113729157679135
1274358938264317960,negative,0.08917284233375622
1274358938293678081,negative,6.724643812548923e-05
1274358938411155458,negative,0.0665873196050427
1274358938834739202,negative,0.00846817845055395
1274358938973147137,negative,1.9027470190114964e-05
1274358941162639361,negative,0.004225716714657523
1274358941997133826,negative,0.008118229710519098
1274358942701936640,negative,0.18097169728096155
1274358942991372288,negative,0.058101333930918826
1274358943666626560,negative,0.08917284233375622
1274358944249647104,negative,0.0004900063606240858
1274358945658933248,negative,0.00871136587818132
1274358946132897792,negative,0.04868413656103167
1274358946778710019,negative,0.01140068344308785
1274358947324080128,neutral,0.5990391664599342
1274358947584106498,negative,0.0005833353590071568
1274358947701547008,negative,0.20435590212710014
1274358947730907136,negative,0.06225947630016778
1274358949538480128,negative,1.1071183644491722e-08
1274358950201298945,negative,0.0005833353590071568
1274358950624985089,negative,0.011351046138624678
1274358950813667329,negative,0.02102601543626555
1274358951040159745,neutral,0.5252899139995859
1274358951484801030,negative,9.075826510165112e-05
1274358951572889600,neutral,0.39460664802719286
1274358951874908161,negative,0.0019474886261394598
1274358951962968066,negative,0.013740204529240569
1274358952004747264,negative,0.0018153409973280076
1274358953695158274,neutral,0.4205361346589039
1274358953951072256,negative,0.051784833301850505
1274358954160795649,negative,0.017431956576488272
1274358954290745346,negative,0.0007072239441027239
1274358954542407687,negative,0.0002619169659521643
1274358954554949633,negative,1.637839043713939e-08
1274358955150622720,negative,0.0005517534413238107
1274358955301617666,negative,0.3107928430535738
1274358957868560385,negative,0.04868413656103167
1274358958053036032,negative,0.0005590647223361374
1274358958145314817,positive,0.7600413916354832
1274358958191456257,negative,0.05592593259625326
1274358958598369280,negative,0.0012442606068170455
1274358958648631296,negative,0.016822131399913575
1274358959546253313,negative,2.3597197602323333e-05
1274358959701401600,negative,0.00804237871859366
1274358960380940289,negative,1.7240898212433143e-05
1274358960456437760,negative,0.0037736821247885276
1274358960896839680,neutral,0.4316564806342165
1274358961744076800,negative,0.25791541160146325
1274358962037669889,negative,0.006812636562690789
1274358962083835905,positive,0.8286012028805883
1274358962268364801,negative,0.10927759184517069
1274358963019153408,positive,0.990955449951103
1274358963199528962,negative,0.0005833353590071568
1274358963560218624,negative,0.07509577442231544
1274358963635617792,negative,0.048318633927124204
1274358963862208512,positive,0.897740620973573
1274358966609424384,negative,0.22122416942500223
1274358966622064643,negative,0.04868413656103167
1274358966722662401,negative,0.03581670973049883
1274358966781448195,negative,5.25933231523432e-06
1274358967217594368,positive,0.8167066301350949
1274358967687315456,neutral,0.6261148226408307
1274358967754522626,negative,0.006612376809684592
1274358967867588608,negative,0.2211841082333547
1274358967867711488,neutral,0.49789225920557484
1274358967968374784,negative,0.09036137954939648
1274358968136204289,negative,0.014924058851276428
1274358969092489216,neutral,0.38943114865479483
1274358969184722944,negative,4.5020263475358155e-06
1274358970627559426,negative,0.04868413656103167
1274358970975690752,negative,1.1071183644491722e-08
1274358971185295360,negative,0.09965753329704123
1274358971592249355,negative,0.0002619169659521643
1274358971994963970,neutral,0.44231347627872375
1274358972200468480,positive,0.8840406397710324
1274358974658330630,negative,0.07615328446922616
1274358975207813120,negative,2.787297328760927e-09
1274358976130490376,negative,0.006216858274526054
1274358976633692161,negative,0.004231991736791802
1274358977191481344,negative,0.2523640026577611
1274358977455890432,negative,8.123347876440576e-05
1274358978995261440,negative,1.1063130400649612e-07
1274358979133661189,negative,0.23346542804535936
1274358979238469632,negative,0.23108660748076523
1274358979783778312,negative,0.012400159706935523
1274358980047974400,negative,0.04868413656103167
1274358980521967616,negative,0.04868413656103167
1274358983143428098,negative,0.2393141553919419
1274358983344734208,negative,0.028519493312871767
1274358983508271109,neutral,0.46598398918449585
1274358983525089280,negative,0.0005833353590071568
1274358983571255298,negative,1.1426575511168085e-05
1274358983856291845,negative,8.789458901419966e-05
1274358984024231936,neutral,0.6484845892962301
1274358984535937024,negative,0.009338609828235065
1274358985081196544,neutral,0.5111067556059521
1274358988231016450,neutral,0.3491628789672013
1274358988558262272,negative,0.007628685414413218
1274358991808847873,negative,7.926575242736329e-06
1274358992307920896,negative,0.0002619169659521643
1274358992320573440,negative,0.006501171642686924
1274358992547053570,negative,0.0005833353590071568
1274358992752566272,negative,0.003648652706150813
1274358992857374721,negative,7.694083864662256e-07
1274358995642441728,negative,0.0011215207366607506
1274358995650822144,negative,0.09373342720196692
1274358997362135042,negative,0.1722760117783033
1274358997630554114,negative,0.07357273963051428
1274358999828312065,neutral,0.5595390560569131
1274358999891300352,negative,0.024824885941538595
1274359000117571586,negative,0.2938971816918324
1274359000235151362,negative,1.0707508760226773e-06
1274359000583278602,negative,5.686518028202719e-06
1274359001267032064,negative,0.00016467255223493282
1274359004014219267,negative,0.015682645292981887
1274359004429348864,negative,0.04868413656103167
1274359004484026368,negative,0.019328350897745827
1274359004731453442,negative,0.0006999949472084394
1274359004764889088,negative,0.0016206255448294223
1274359004794245120,negative,0.02418731375717492
1274359005297758209,negative,0.002355476674884057
1274359005809455105,negative,0.10101777705478962
1274359006149185538,positive,0.7570853967135105
1274359006597971976,negative,0.29761571709333384
1274359008531537921,negative,0.0025377403171042193
1274359008531566601,negative,0.005698639405417819
1274359009265541128,negative,0.07712483135837946
1274359009311633410,negative,0.003065677059359148
1274359009433333762,negative,2.2607703055852016e-05
1274359009869467648,negative,0.0011215207366607506
1274359009894490114,negative,1.266025915125222e-10
1274359009911296000,positive,0.95186218339056
1274359010372849664,negative,0.005402909033626645
1274359010691624961,negative,0.0030074376968018614
1274359012784582660,negative,0.07227219907276004
1274359013199745024,negative,0.00020124040814720946
1274359013245886469,negative,0.03303376407787172
1274359014021902344,negative,0.1380517684697267
1274359014135148551,negative,0.004940949266994202
1274359014508376065,negative,0.004843091236173927
1274359016756580352,negative,0.000495371815490899
1274359016840482816,negative,0.0021625795954240763
1274359017125474309,negative,0.13949552936821852
1274359018065199105,negative,0.29761571709333384
1274359018169888768,negative,0.012122582319864251
1274359018492964868,negative,4.901437498053759e-08
1274359020929851392,negative,0.2811158620296714
1274359021210927104,negative,0.03991978415093108
1274359021215141889,negative,0.00014720039733041293
1274359021353537536,positive,0.9400995602577226
1274359021957414913,negative,0.01130536739368902
1274359023480045569,negative,0.000675557225358344
1274359023501017088,negative,0.00010692737819517151
1274359025304559619,negative,0.15370296833021707
1274359026076258305,negative,0.29761571709333384
1274359026537635840,negative,0.2149743335196036
1274359027322011650,negative,2.7493974321427398e-05
1274359029276356608,negative,1.216124962646072e-05
1274359029762912258,negative,1.1071183644491722e-08
1274359030203351041,negative,0.011448849023057617
1274359030501330945,negative,9.930645891503263e-05
1274359031436578818,negative,0.0003953899386636144
1274359031738576898,negative,0.14422441695466023
1274359032262742018,negative,0.15399283184804516
1274359035287015424,negative,0.2417208868741504
1274359035677065218,negative,0.000931884909874114
1274359036100710400,negative,0.0018153409973280076
1274359036125773825,negative,0.006501171642686924
1274359036255916033,negative,0.062159889844503366
1274359036360773632,negative,7.942843743634381e-08
1274359037816041472,neutral,0.49789225920557484
1274359037908471808,negative,0.2799852519493358
1274359038097199106,negative,0.3080752992769777
1274359038436954112,negative,0.00032651031881856976
1274359038453612546,negative,2.2607703055852016e-05
1274359038625615873,negative,0.1008595673337973
1274359039405756417,negative,0.01891726548650209
1274359039577784321,negative,0.08501573180126992
1274359042199171078,negative,0.0032840455103954687
1274359042211819521,negative,0.01140068344308785
1274359042970914817,negative,3.38794706851042e-05
1274359043692343297,negative,0.0008159146743565882
1274359043772092418,negative,0.007236281118729247
1274359043805589505,negative,0.0366286198288645
1274359044078276608,negative,1.6300532801452974e-05
1274359044229271553,negative,1.182361138445788e-05
1274359044384280576,negative,0.020561557371550236
1274359044489150472,negative,0.04331462268102442
1274359044703244290,negative,0.0005833353590071568
1274359047110737922,negative,0.013544511323883292
1274359047882498050,negative,0.006175065150798719
1274359048129912832,neutral,0.626006078325516
1274359048561983488,negative,0.0009350868387870261
1274359050394836992,negative,0.2912600910254335
1274359050722041857,negative,0.002335701913678798
1274359051221155842,negative,0.07376559775495921
1274359051233656834,negative,0.004308929553430096
1274359051594366976,negative,0.04868413656103167
1274359051745472512,negative,0.1608681682475487
1274359052445810689,negative,0.004202755155766138
1274359054991851520,negative,0.05814451259550101
1274359055012806662,negative,1.1225984045558433e-05
1274359055104999428,negative,0.0005833353590071568
1274359055847473155,negative,0.027298403538450117
1274359056447258624,negative,0.05738731705847255
1274359056711458816,negative,1.7240898212433143e-05
1274359058775126016,negative,8.757684413182992e-05
1274359058879766528,negative,0.018220451514098804
1274359059572015110,negative,0.13949552936821852
1274359059693441026,negative,2.7559306516679915e-14
1274359059706150912,negative,0.0053915272732352965
1274359059727220741,negative,4.1164803853296544e-09
1274359059836067840,negative,8.123347876440576e-05
1274359060507381760,negative,0.0012456511663520064
1274359060809334784,neutral,0.35368092407203405
1274359063103537153,negative,0.04868413656103167
1274359063246245893,negative,0.00014459406381251767
1274359063283994625,negative,0.2617529036331704
1274359063560613888,negative,5.479756971233475e-05
1274359063682396160,negative,0.021742177510265318
1274359063816687617,negative,0.029153820568192688
1274359064319930368,negative,0.011050777723944884
1274359064940683265,negative,0.0034651140437593876
1274359067142770688,negative,0.0024719045149533027
1274359067616698368,positive,0.6902539018500058
1274359067704725506,negative,0.04868413656103167
1274359067792805890,positive,0.7022689938172346
1274359067910311936,negative,0.0008067198632457168
1274359067914522625,negative,0.0007312935574536925
1274359067939667970,negative,2.787297328760927e-09
1274359068220633096,positive,0.993911836557441
1274359068455587843,negative,1.1225984045558433e-05
1274359071194431491,positive,0.9172927861992728
1274359071429230592,negative,0.04868413656103167
1274359071529996288,negative,1.9684284881358229e-10
1274359071802605573,neutral,0.49789225920557484
1274359072062652417,negative,7.531967487876743e-05
1274359072192593926,negative,1.4004366723641036e-10
1274359072305950723,negative,1.0707508760226773e-06
1274359072352096257,negative,0.00695783069951632
1274359072771338242,negative,0.023732173558476437
1274359073010581510,negative,1.6300532801452974e-05
1274359075522990080,negative,0.00025563481177246107
1274359075904663554,negative,1.8722758047029837e-08
1274359075980132353,negative,0.04868413656103167
1274359076458246144,negative,0.015682645292981887
1274359076902838272,negative,0.04868413656103167
1274359077234237441,negative,0.04868413656103167
1274359077427122182,negative,0.2897207918155794
1274359079595651083,negative,0.013054040966928974
1274359079880794112,negative,0.05738731705847255
1274359080006684673,negative,0.07275109383081722
1274359080182853633,neutral,0.5302656533875717
1274359080300285952,negative,0.0005833353590071568
1274359080673558534,negative,0.009581080777797013
1274359081436950529,negative,0.0011934230305390115
1274359081621426178,negative,0.04868413656103167
1274359084217700352,positive,0.7238470885147575
1274359084461035521,negative,1.9027470190114964e-05
1274359084586799106,neutral,0.6020347380261928
1274359084624510976,negative,0.10953788664826893
1274359084649795584,negative,0.13949552936821852
1274359084733603840,negative,0.05250382181698612
1274359085819924480,negative,0.04868413656103167
1274359086000353284,negative,1.1071183644491722e-08
1274359088034516993,negative,1.6300532801452974e-05
1274359088370069505,negative,0.004843091236173927
1274359088395288577,negative,0.04911119286397013
1274359088500129792,negative,0.05760449214329574
1274359088747384838,negative,0.29761571709333384
1274359088886026240,negative,1.637839043713939e-08
1274359089083166720,negative,0.03883656910638234
1274359089309593602,negative,0.12264219635527562
1274359089640996864,neutral,0.4294639395421672
1274359089938694145,negative,2.05258508921122e-05
1274359090303696897,negative,0.004843091236173927
1274359090337271808,neutral,0.5111067556059521
1274359090370752512,negative,0.004843091236173927
1274359090605625345,negative,0.2617529036331704
1274359090723139586,negative,1.2594400448434182e-07
1274359092123971585,negative,0.06983318809385519
1274359092367130624,negative,0.07396775674609084
1274359092832800769,negative,0.00017269379774927885
1274359093419884544,negative,2.543745071501214e-06
1274359093684305920,neutral,0.49789225920557484
1274359093684310018,negative,0.08196221345131238
1274359093864665088,negative,0.00014459406381251767
1274359093868867584,negative,0.08780028014807154
1274359093931712513,negative,0.13172800381638772
1274359094506389506,negative,0.13949552936821852
1274359095244525568,negative,0.04414466288842822
1274359096330895360,positive,0.9956207468520586
1274359096473456646,negative,0.0021625795954240763
1274359096716689408,neutral,0.45216060659509044
1274359096741892097,negative,0.05856538091276087
1274359097094213632,negative,1.9027470190114964e-05
1274359097450782721,negative,0.04868413656103167
1274359097622749184,negative,0.10188734314977094
1274359098008535042,negative,0.08983321350776034
1274359098126065665,negative,0.023732173558476437
1274359098645950465,neutral,0.5844952997138847
1274359098709024768,negative,6.457725966006659e-05
1274359100567158785,negative,0.08295395045691482
1274359101087252480,neutral,0.49255166821121765
1274359102160932866,negative,0.0011932448869651758
1274359102303592448,negative,0.00014459406381251767
1274359102379102216,negative,0.02059529710232801
1274359102509023232,negative,0.0011215207366607506
1274359102542471169,negative,0.1661236925888534
1274359102630756352,negative,0.00517989528748498
1274359104795017216,negative,0.0092744064496032
1274359104853680129,negative,4.269348032200634e-08
1274359105042427904,negative,0.0005562020713874133
1274359105193259008,negative,0.011448849023057617
1274359105394749440,negative,0.18774543635597718
1274359105600262151,negative,0.004843091236173927
1274359105629622275,negative,0.006007758427722648
1274359105969426433,neutral,0.497008268191141
1274359106292387842,negative,0.023732173558476437
1274359108972544001,negative,0.07219338916233983
1274359108997713921,negative,0.00014459406381251767
1274359109035397120,negative,0.0005833353590071568
1274359109937180673,negative,0.015548998880221356
1274359110071455744,negative,0.019544565461810527
1274359110121730050,negative,0.0015132653177792894
1274359110205571072,negative,0.0002812825204751204
1274359110541234177,negative,0.11209402988404557
1274359111216271366,neutral,0.5418482754376861
1274359111220695042,negative,0.009781223245064129
1274359113548472321,negative,0.00045110031045177525
1274359113854697473,negative,0.2394110094948839
1274359114051829767,negative,8.17487633518146e-07
1274359114118750208,negative,0.03060704737934647
1274359114836201474,negative,7.490845191708738e-05
1274359114991308802,negative,0.017991842672489843
1274359115192532993,negative,0.05935339335495287
1274359115268186113,neutral,0.5929686368429936
1274359115553243136,negative,3.25003486213436e-05
1274359117298061313,negative,0.004843091236173927
1274359117331812353,negative,0.03424554294584445
1274359117688250372,negative,0.010675804320927375
1274359117809926145,negative,0.04868413656103167
1274359118015475719,negative,0.0005833353590071568
1274359118099349505,negative,0.017004684835685478
1274359118258597896,negative,0.003401178487566604
1274359118736822273,negative,0.23579915725472042
1274359121043652609,negative,4.0491516658016514e-08
1274359122121687041,negative,0.05427926395039718
1274359122754969604,negative,0.05391420640179482
1274359122859831297,negative,0.0059267823760123265
1274359123040239616,negative,0.0009557396676156545
1274359125573599232,positive,0.9982189786392113
1274359126433423360,negative,0.08917284233375622
1274359126643150849,negative,0.04868413656103167
1274359126664118272,negative,0.22082230916661
1274359127129706496,negative,0.0011064191245433934
1274359127809163267,positive,0.785886593659979
1274359128106897411,negative,1.9684284881358229e-10
1274359130040532997,negative,0.011222540136770626
1274359130459758594,negative,8.665089332995938e-05
1274359130548027392,negative,0.004843091236173927
1274359130854166528,positive,0.9999357238639874
1274359130858426368,positive,0.6808252767130833
1274359130896072705,negative,0.013277767351597067
1274359130933932032,negative,0.2417208868741504
1274359131009363968,neutral,0.42507619662732005
1274359131479117830,negative,1.1071183644491722e-08
1274359131537731587,negative,8.123347876440576e-05
1274359131974008839,negative,5.2701613720231017e-05
1274359132347346946,negative,2.787297328760927e-09
1274359132456443904,positive,0.990955449951103
1274359135421825026,neutral,0.6518037816480241
1274359135480537096,negative,0.0015250016908704878
1274359136118079492,negative,0.02440950870236902
1274359139393650691,negative,4.633640968126435e-06
1274359139842560002,negative,0.04868413656103167
1274359139859410950,neutral,0.4737554465528978
1274359140136243200,negative,0.275958358184994
1274359140584996864,positive,0.9720307680353707
1274359140920500224,negative,0.005402909033626645
1274359140945670146,negative,0.0003828099371975539
1274359143139356679,negative,0.12292598139206502
1274359143810228225,negative,2.8684135424564705e-05
1274359143915302912,negative,6.52006449599653e-06
1274359144049500161,negative,0.0014385367453438058
1274359144267624449,negative,0.20272754979433355
1274359146788401152,negative,0.0011215207366607506
1274359146884878336,negative,1.0707508760226773e-06
1274359148008869890,negative,0.018595671226129224
1274359148038283264,negative,0.004843091236173927
1274359148604522501,negative,0.05106637002907062
1274359148638060545,negative,0.04868413656103167
1274359148801658882,negative,0.02102601543626555
1274359148923281411,negative,1.184406334895917e-05
1274359151246872577,negative,0.02102601543626555
1274359151385247744,negative,0.0003902995200231904
1274359152354250752,neutral,0.38227762192080983
1274359152907878400,positive,0.9572347682085854
1274359152983388162,negative,0.0005833353590071568
1274359153079627776,negative,0.001616511283051386
1274359153084043268,negative,0.04868413656103167
1274359153797009408,negative,0.08224108234052628
1274359155382538240,negative,0.006590469754560142
1274359155839598592,negative,0.0092744064496032
1274359155931971585,negative,1.1887558820035913e-09
1274359155986489345,negative,2.2607703055852016e-05
1274359156338823168,negative,2.787297328760927e-09
1274359156628025346,negative,0.004827705442226761
1274359159480344580,negative,0.004128938058820292
1274359159522197507,neutral,0.5196000172536228
1274359159643934727,negative,0.002290567716409255
1274359160029818880,negative,0.0056187051009983936
1274359160142991360,negative,0.00014459406381251767
1274359160864477185,negative,0.28498144151514465
1274359161351032834,negative,0.17085650338555278
1274359163502632961,negative,4.318640405826054e-10
1274359164387508226,negative,7.048008864460296e-06
1274359164677099521,negative,0.001102310072806244
1274359164740022273,negative,0.0005833353590071568
1274359164832186368,negative,0.0736401149528525
1274359164916183041,negative,0.08917284233375622
1274359165117444096,negative,0.006351232032840391
1274359165352378371,negative,0.002605917653991894
1274359165608173573,negative,0.13949552936821852
1274359165759164416,negative,0.05738731705847255
1274359168141590530,negative,0.00014459406381251767
1274359168305115136,negative,0.02102601543626555
1274359168594579456,negative,0.004957628694363637
1274359169257222145,negative,0.0030463436319568484
1274359169441845248,neutral,0.5273320651791006
1274359169857060864,negative,0.10749013927885158
1274359171853570049,negative,0.0092744064496032
1274359171920658433,positive,0.8286012028805883
1274359171950010369,positive,0.9982189786392113
1274359172570779655,negative,0.32886548260954357
1274359172587536385,negative,0.05839510813617035
1274359173841477635,negative,0.0009177032978133025
1274359174101680128,negative,0.19220143425980002
1274359174185594880,negative,0.0005833353590071568
1274359174311350274,positive,0.7040950283646137
1274359176278540288,negative,0.10937347790217722
1274359176756690947,negative,0.018191370886849637
1274359177188605955,positive,0.785886593659979
1274359177222270976,negative,4.547475594547499e-07
1274359177964486656,positive,0.8908451374344326
1274359178216251394,negative,0.01021702433724166
1274359180296683520,negative,0.009781223245064129
1274359181307510785,negative,0.00014459406381251767
1274359181353631745,negative,0.0021625795954240763
1274359181672316928,neutral,0.4158329121270678
1274359181680807936,negative,0.030076021274140028
1274359181747814400,negative,0.0005833353590071568
1274359182607765505,positive,0.6792494575444393
1274359182658068480,negative,0.001102310072806244
1274359184490987520,negative,0.05139598353756116
1274359185199828995,negative,9.210819829306353e-09
1274359186260967430,negative,0.12516035100158063
1274359186491617280,negative,5.399024965394708e-05
1274359186759970817,negative,0.0021625795954240763
1274359188710477825,negative,1.1071183644491722e-08
1274359189079556096,negative,4.547475594547499e-07
1274359189377253378,negative,3.5116405268147857e-16
1274359189452787713,neutral,0.46598398918449585
1274359189528285185,negative,0.0011215207366607506
1274359189780004864,negative,0.00023461496399911668
1274359189972881408,negative,0.0018153409973280076
1274359190463614976,positive,0.907739789767199
1274359193051394048,negative,2.435621463684899e-07
1274359193181532162,negative,0.0005833353590071568
1274359193433145345,negative,3.38794706851042e-05
1274359193915600897,negative,0.0013444945579114134
1274359194158841857,negative,1.3976670085494564e-20
1274359194238533632,negative,0.0005833353590071568
1274359194259386369,negative,0.00788166159550719
1274359194355773440,negative,0.003065677059359148
1274359194813169666,negative,0.018191370886849637
1274359194888605696,negative,0.00014459406381251767
1274359195303723008,negative,5.25933231523432e-06
1274359197057060864,negative,0.08819969940432092
1274359197086384130,negative,0.012513404338618733
1274359197484953601,negative,0.17633130676354747
1274359197526786056,negative,0.09958249798787831
1274359198176948224,negative,0.29761571709333384
1274359198185381891,negative,0.01140068344308785
1274359198965534721,negative,5.820756122585823e-06
1274359199070408710,negative,0.00025995428544422664
1274359199242338308,negative,0.028519493312871767
1274359201511493634,negative,1.1071183644491722e-08
1274359201989607426,negative,0.00029271322042131087
1274359202555793408,neutral,0.449727731624377
1274359202560053249,negative,0.1067133371173183
1274359203034005504,negative,0.2512243101250744
1274359203478614016,negative,2.615446837871844e-08
1274359203528933376,negative,0.13841236269547977
1274359203910635521,negative,0.0011215207366607506
1274359205772832768,negative,0.035611362175651966
1274359206137782274,positive,0.9172927861992728
1274359206171209733,negative,0.042720055131834696
1274359206578196482,negative,0.028519493312871767
1274359206615736322,negative,0.004843091236173927
1274359206724993031,negative,0.07998569771605683
1274359206859202561,negative,0.29761571709333384
1274359207135936517,negative,0.005289110197580681
1274359207165190144,negative,0.019546449649552176
1274359209547661312,negative,0.20911321062024857
1274359209644220427,negative,0.0652939707617245
1274359210298441730,negative,0.00027203585150381565
1274359210713788416,neutral,0.6290549290310118
1274359211321896960,negative,0.0011215207366607506
1274359212219469827,negative,0.296796676320169
1274359213599449089,negative,0.18774543635597718
1274359213649809408,neutral,0.606955622403502
1274359213729316864,negative,0.15019474485783976
1274359213742055431,negative,0.004843091236173927
1274359213859524609,negative,0.058380834093915646
1274359214287327232,negative,2.2607703055852016e-05
1274359214341750785,negative,0.31609996668142204
1274359215528820736,negative,0.02201085893018373
1274359215541432320,negative,9.561858420298688e-05
1274359215923048450,negative,0.16745622533833668
1274359217370157056,positive,0.9260375116699169
1274359218062180352,negative,0.08480579209796243
1274359218099949570,negative,0.0035199674272518217
1274359218603253760,negative,0.00846817845055395
1274359218666196993,negative,0.00041776885606921454
1274359219056041993,negative,0.18687003776950034
1274359219391803394,negative,0.04868413656103167
1274359219626610688,negative,0.0003934495283084619
1274359219735715844,negative,3.437944765429984e-06
1274359219840581632,negative,0.19220143425980002
1274359221879017476,negative,0.0003962063348748882
1274359222109683714,negative,0.0092744064496032
1274359222113796098,negative,9.603984898885205e-10
1274359222130663424,negative,0.0005429164471005189
1274359222277464064,negative,0.012834301798958161
1274359222315212807,negative,0.0033120343898480897
1274359222696804353,negative,0.04868413656103167
1274359223011475458,negative,0.01140068344308785
1274359223703478272,negative,0.029244268885268345
1274359223963574273,negative,0.00010472126609286544
1274359227016982531,negative,1.9027470190114964e-05
1274359227071463430,negative,9.782089804679564e-13
1274359227079892993,negative,8.123347876440576e-05
1274359227973328898,negative,8.309045814134184e-09
1274359228174655488,negative,0.0005833353590071568
1274359228350808064,negative,2.088422457257334e-05
1274359230540193794,negative,4.6339008025231876e-12
1274359230930341888,negative,0.10399499614065881
1274359231714668547,negative,0.07273795961904798
1274359231823712258,neutral,0.49789225920557484
1274359232259858436,negative,0.05298486509314504
1274359232389959681,negative,0.006590469754560142
1274359232670957568,negative,0.2617529036331704
1274359232796798976,negative,0.2417208868741504
1274359232893259777,negative,0.03303376407787172
1274359233061027848,neutral,0.4155434259331942
1274359235434995712,negative,0.00014459406381251767
1274359236299022337,negative,0.04868413656103167
1274359237238493187,negative,2.2980088583631146e-05
1274359237318184961,negative,0.05856538091276087
1274359237435482113,neutral,0.35785643069366135
1274359237511188484,negative,0.316708218646139
1274359239276969984,negative,0.06478969145568807
1274359239503491073,neutral,0.5124218937528879
1274359239922810881,negative,0.0037054061115090312
1274359239931310080,negative,0.14676368839759513
1274359240396869634,negative,1.9027470190114964e-05
1274359240606580739,negative,0.07357273963051428
1274359240694673410,negative,0.29761571709333384
1274359243362250753,negative,0.00021020526819592297
1274359243571785728,negative,0.009886347585916493
1274359243852910594,negative,0.19507583882610013
1274359244180066309,positive,0.9928306957849187
1274359244419223553,negative,8.123347876440576e-05
1274359244452741123,negative,0.05839510813617035
1274359244842848256,positive,0.9289281668795089
1274359245169987587,negative,0.015548998880221356
1274359245270593536,negative,0.000830572620678466
1274359245392224257,negative,0.015548998880221356
1274359245631356928,negative,1.1670397797517297e-06
1274359246314930177,neutral,0.5680936502062026
1274359247325868035,negative,0.004401903367045296
1274359247774547969,negative,8.443564912871401e-05
1274359247866867714,negative,0.004843091236173927
1274359248235958272,negative,0.0030074376968018614
1274359248336621569,negative,0.0018345493838792387
1274359248529641479,negative,0.00031794777071469905
1274359248638574595,negative,0.13172800381638772
1274359248751939584,negative,0.00032994760151227215
1274359249213194240,negative,0.02059529710232801
1274359249393479683,negative,8.789458901419966e-05
1274359249406242821,negative,0.275958358184994
1274359251679490049,negative,0.0001858070169064619
1274359251851501570,positive,0.8851154199723337
1274359252367392769,negative,0.29502449652156665
1274359253118009344,negative,0.003401178487566604
1274359253759909889,negative,0.004843091236173927
1274359255710089216,negative,0.1266919358380019
1274359256012201985,positive,0.842071889379961
1274359256138108929,positive,0.9172927861992728
1274359256804925441,negative,2.6292559394729247e-05
1274359256905646081,negative,0.2914101683063628
1274359256922324993,negative,2.0452212128368524e-05
1274359257484398592,negative,0.00038606908473136305
1274359257610309632,positive,0.6692390850593021
1274359257631203333,negative,0.015041563169365528
1274359257639587840,negative,0.17210978430120238
1274359260017758213,negative,0.31820487300311295
1274359260244312067,negative,0.16258740374508845
1274359260479131650,negative,0.022030875783705134
1274359260793704448,neutral,0.4966622849866235
1274359261225553920,negative,0.0002619169659521643
1274359261263429635,negative,1.0640334227410477e-11
1274359261510930433,negative,0.02391807408516759
1274359261825576962,negative,0.05202740827376361
1274359264375566336,negative,0.11353929990722053
1274359264610594819,negative,0.01140068344308785
1274359265004748800,neutral,0.5276201554947831
1274359265214464002,negative,0.306481049299632
1274359265331994625,neutral,0.4513605618894927
1274359265507938304,negative,1.1071183644491722e-08
1274359265982058497,negative,0.015608883452828327
1274359266036645888,negative,2.4794035760708618e-08
1274359268431593473,negative,3.390192331186365e-07
1274359268477632512,negative,0.021792576617939274
1274359268997808136,neutral,0.47742438130056675
1274359269102665733,negative,0.0092744064496032
1274359269576581121,negative,2.1052883132120168e-07
1274359270449057794,negative,0.05839510813617035
1274359272642617344,negative,0.0033120343898480897
1274359272932024322,negative,0.13949552936821852
1274359273074626568,negative,0.1328524067951867
1274359273863237634,negative,0.0015660245321694665
1274359273951289345,negative,0.1661236925888534
1274359274278436866,negative,0.13949552936821852
1274359274748215296,negative,4.4888550391764975e-05
1274359274949545988,negative,0.12959920737750286
1274359274957869056,negative,0.05250382181698612
1274359275125714944,negative,0.01140068344308785
1274359277159886848,negative,0.2941380921339833
1274359277218603008,negative,0.14197236713123318
1274359277491310592,negative,0.0022058789219303455
1274359277625520130,negative,9.782089804679564e-13
1274359278128844803,negative,0.03808132109721348
1274359278166474753,negative,0.00025995428544422664
1274359278476955657,negative,4.864359754624921e-05
1274359278497914882,neutral,0.40819334745054037
1274359278627966976,negative,0.02059529710232801
1274359280653697025,negative,0.00010871410689704909
1274359281169715200,negative,0.017682822978878156
1274359281371041795,negative,0.00014459406381251767
1274359281756844034,positive,0.8286012028805883
1274359281773613056,negative,8.443564912871401e-05
1274359281811259394,negative,0.004843091236173927
1274359281899515905,neutral,0.49789225920557484
1274359281945640961,negative,0.06225947630016778
1274359282427985921,negative,0.11008396518795663
1274359282834780162,negative,9.924432670712886e-08
1274359285527515136,negative,0.0005833353590071568
1274359285775032320,negative,1.1868460671037805e-07
1274359285854736386,negative,0.10575621008389685
1274359286186086401,negative,0.07393482406165428
1274359286240600065,negative,0.26673479150465706
1274359286366380037,negative,0.08878632245878905
1274359286525825024,negative,0.001616511283051386
1274359287003975681,neutral,0.33639762535860224
1274359289323413504,negative,0.000706675923786072
1274359289394724866,negative,0.00014459406381251767
1274359289755426817,negative,0.04868413656103167
1274359290011271178,positive,0.7533951936590659
1274359290187431936,neutral,0.5766811833490905
1274359290309083136,negative,0.05839510813617035
1274359290678083585,negative,0.003294722900431676
1274359290837585920,negative,0.024654358582191144
1274359291043090433,negative,0.01140068344308785
1274359291110215680,neutral,0.5382261018283105
1274359291210797056,negative,0.04868413656103167
1274359293983277059,negative,0.1689225092548614
1274359294130032640,negative,0.11392420449287459
1274359295031853057,negative,0.0003327598094324789
1274359295132368897,negative,0.003722503096012636
1274359295199641600,negative,0.11199186793547575
1274359295543558144,negative,0.0005833353590071568
1274359295677804547,negative,0.01426120885782278
1274359296000737280,negative,0.22054339107291826
1274359296080449537,negative,0.011613233701541326
1274359296206274567,negative,0.12000445015246529
1274359298680905728,negative,0.2851169297352774
1274359298982903811,negative,0.0011215207366607506
1274359299427401730,negative,0.00517989528748498
1274359299632922625,negative,0.29502449652156665
1274359300064980992,neutral,0.49789225920557484
1274359300086009857,negative,4.614637465765737e-08
1274359300501241861,negative,0.060570283811173756
1274359300513808386,negative,0.04012154644788581
1274359300631212033,negative,0.18097169728096155
1274359301834977280,negative,0.02059529710232801
1274359302128615424,negative,0.0007206278447072315
1274359302216654848,negative,0.00014459406381251767
1274359302241890304,negative,6.179342267073135e-07
1274359302371844098,negative,1.1975746929609166e-05
1274359302569046016,neutral,0.48082731038055687
1274359302795517952,positive,0.786839479448977
1274359303168602113,negative,2.8656526328885995e-06
1274359303701442560,negative,2.787297328760927e-09
1274359303835615232,negative,0.0025244154240155283
1274359304074788867,negative,0.05839510813617035
1274359304297078786,negative,0.02440130725315313
1274359304523354112,negative,0.001616511283051386
1274359306167746561,negative,0.01140068344308785
1274359306398380033,negative,9.385188058505495e-05
1274359306754969601,negative,0.01130536739368902
1274359307421745152,negative,0.001616511283051386
1274359307858063361,negative,0.04868413656103167
1274359308160053248,negative,1.806140652429053e-06
1274359310882148353,negative,0.0055974551120070055
1274359311037280260,negative,0.04868413656103167
1274359311066685440,negative,0.2799852519493358
1274359311221829633,negative,0.02330264709316844
1274359311427403776,negative,0.05738731705847255
1274359311528013825,negative,0.02722037857733356
1274359312551415808,negative,0.0017718588845274715
1274359312597553153,negative,0.29761571709333384
1274359312702464000,negative,0.0026500790755491135
1274359314443100163,neutral,0.40819334745054037
1274359314719875073,negative,0.21397789905034914
1274359314841513985,negative,0.021751158214576644
1274359315256823810,negative,0.0028792207835829095
1274359315609128960,negative,0.1904765072858919
1274359315747557377,negative,0.08910843779033782
1274359315793575939,negative,0.001616511283051386
1274359316183568384,negative,0.004843091236173927
1274359316313600000,negative,0.011448849023057617
1274359316703830017,negative,0.023801349789030826
1274359318691921922,negative,0.0010774206940814721
1274359318830370817,negative,0.02102601543626555
1274359319325290497,negative,0.012690009512474188
1274359319455244290,negative,0.16451108071011875
1274359320931598345,negative,0.0001408999212810501
1274359320998752261,negative,0.15735347160600188
1274359323251130368,negative,0.029331371672898794
1274359323272101889,negative,0.18114136188028201
1274359323561537537,negative,0.00517989528748498
1274359323775418368,neutral,0.46598398918449585
1274359324366778368,positive,0.9186953761636848
1274359324643639299,negative,2.2607703055852016e-05
1274359324689797120,negative,0.00014459406381251767
1274359324781903873,positive,0.9997413840701054
1274359324878479362,negative,0.04617413537944692
1274359324882743297,negative,0.001616511283051386
1274359325146955776,negative,0.2417208868741504
1274359325209669642,negative,0.13949552936821852
1274359327126667264,negative,4.7761251333135595e-09
1274359327994736641,negative,0.004843091236173927
1274359328322060288,negative,0.12004138264278501
1274359328359710722,negative,2.088422457257334e-05
1274359328481456129,neutral,0.46127768308170247
1274359329098006534,negative,0.2621435295041906
1274359329341296641,negative,0.0018474012557188131
1274359329517436928,neutral,0.3364795711963585
1274359329769033729,negative,1.157691023603853e-05
1274359331165741056,negative,0.13563281562413573
1274359331216121856,negative,0.27355640405118364
1274359331362930689,negative,5.25933231523432e-06
1274359331639693315,negative,1.1071183644491722e-08
1274359331765596160,negative,9.662127073819248e-11
1274359331954331649,negative,0.0034651140437593876
1274359332260458500,negative,0.01140068344308785
1274359332436619264,negative,0.00014459406381251767
1274359332780589058,negative,5.25933231523432e-06
1274359332789014530,negative,0.02392617742021276
1274359332809904129,negative,0.07509577442231544
1274359335376900097,negative,0.0021205043851629407
1274359335485931521,negative,0.13790906241702833
1274359335666286594,negative,0.008076815969947151
1274359335750111237,negative,0.0018474012557188131
1274359335947304960,neutral,0.37426873505003133
1274359336119271426,negative,0.003928455949019274
1274359336446447617,negative,0.07429647291023474
1274359336467337223,negative,0.024960226473705802
1274359336870043651,negative,0.0864815640667331
1274359336886767616,negative,0.060782324640688695
1274359337226588160,positive,0.763492726677842
1274359337293578240,positive,0.880977722113856
1274359337323040769,negative,0.10346347894024473
1274359337473974272,negative,0.02059529710232801
1274359337742458880,negative,0.0005833353590071568
1274359337763430400,positive,0.9400995602577226
1274359337939603457,negative,0.004427865377390981
1274359339139112966,negative,0.06824497895686575
1274359340162564096,neutral,0.49789225920557484
1274359341366337538,negative,0.008928982626732564
1274359341882257409,positive,0.8286012028805883
1274359342808969218,negative,0.03842089663610407
1274359343085953025,negative,0.020092309341197406
1274359343216046080,neutral,0.5196000172536228
1274359344323268609,negative,0.05738731705847255
1274359344402923520,negative,0.0012442606068170455
1274359344914669573,positive,0.9997698212961951
1274359344973230081,negative,0.0007699370890113074
1274359345447415808,negative,0.0007206278447072315
1274359345715785728,positive,0.8849769367997573
1274359348014301184,negative,0.02842095106762787
1274359348081426432,neutral,0.589148008179332
1274359348270170112,negative,0.0001328192010410201
1274359348513443840,negative,1.1071183644491722e-08
1274359348806942721,negative,0.03631125578643939
1274359348823801861,negative,1.9027470190114964e-05
1274359349461356545,negative,0.0029319040116347075
1274359349574430720,negative,0.00887296933283849
1274359349608153093,negative,2.787297328760927e-09
1274359349725532161,negative,0.05592593259625326
1274359350073667585,negative,0.008199836127965158
1274359352170893318,negative,0.02102601543626555
1274359352498040832,negative,0.16451108071011875
1274359353429147650,negative,1.15147014482003e-12
1274359354637144065,negative,1.8975866285024973e-06
1274359354746195970,negative,0.17948705462362313
1274359354821619712,negative,0.1289135333751782
1274359356948127749,positive,0.9997370820378277
1274359357162041344,negative,0.00014459406381251767
1274359357245964288,negative,0.011219763637243215
1274359360651702274,negative,0.020719189411603427
1274359360987238402,negative,0.007141576727243704
1274359361083588609,negative,0.003468792321173767
1274359361238958080,negative,0.004486826046596714
1274359361398288385,negative,0.0005833353590071568
1274359361717129216,neutral,0.5347562730847364
1274359361851265024,negative,0.07275109383081722
1274359362061062151,negative,0.02102601543626555
1274359362144866304,negative,0.029331371672898794
1274359362656571394,neutral,0.5644416192075578
1274359364778971139,negative,5.042705810731163e-06
1274359365617754113,negative,0.04868413656103167
1274359366121066497,neutral,0.5212084554669985
1274359366351716354,positive,0.9650171238764371
1274359366402048001,neutral,0.4567939863166965
1274359366469267457,negative,0.00424305153340846
1274359366838358017,negative,0.07358895242841361
1274359369006710786,neutral,0.46598398918449585
1274359369203879936,negative,0.21397789905034914
1274359369270992896,positive,0.8210182172721396
1274359369543622656,negative,0.29761571709333384
1274359369887514628,negative,0.00014720039733041293
1274359370038620162,negative,0.0003934495283084619
1274359370403459084,negative,0.09428001437137988
1274359370416087044,negative,0.10399499614065881
1274359373297524736,negative,0.013331387282751099
1274359373674844163,negative,0.0136097878524662
1274359373926727680,negative,0.07375486916529984
1274359374652125185,negative,0.01762876077181266
1274359374975242241,positive,0.8130675095349899
1274359375071756288,negative,0.2417208868741504
1274359375336017921,negative,0.29761571709333384
1274359375776190466,negative,0.13949552936821852
1274359375835082758,neutral,0.34885928748701395
1274359377303134208,negative,7.36141983329755e-11
1274359377445687300,negative,0.0833423875700407
1274359378813075456,negative,0.004615667178738872
1274359379358355456,negative,0.0028480157765644228
1274359379417092096,negative,0.0011215207366607506
1274359379488366593,negative,0.022030875783705134
1274359379509129216,negative,0.0007699370890113074
1274359379630981126,negative,0.03808132109721348
1274359379865804800,negative,0.18097169728096155
1274359381870678017,negative,7.378820800345565e-05
1274359382025932800,negative,0.001102310072806244
1274359382109814787,negative,1.853602407807815e-09
1274359382818664449,negative,0.00038606908473136305
1274359382982213634,negative,0.005921661568224232
1274359383070330880,negative,0.06107259465190921
1274359383200235520,negative,0.0014140541627197668
1274359383204511744,negative,2.7828928349567085e-07
1274359383347146755,negative,0.0022058789219303455
1274359385305894915,negative,0.04309157052122785
1274359385792241664,positive,0.9043953328262979
1274359385909792768,negative,3.7746886465826715e-13
1274359386362839041,negative,0.001616511283051386
1274359386668797952,negative,0.0012025433565958931
1274359386689818624,negative,0.00025995428544422664
1274359387000377347,negative,2.787297328760927e-09
1274359389965758470,negative,0.004843091236173927
1274359390133538816,negative,0.20239329743009857
1274359390309580802,negative,0.13949552936821852
1274359390531878913,negative,0.00021020526819592297
1274359390561161217,positive,0.7600413916354832
1274359391081414657,negative,8.443564912871401e-05
1274359391588925440,negative,0.11211298304992452
1274359392046141446,positive,0.927891954683926
1274359392465326080,positive,0.8286012028805883
1274359394885656580,negative,0.031873003878844154
1274359394902462464,negative,0.0005833353590071568
1274359395636465665,negative,0.04868413656103167
1274359398719205383,positive,0.8302958420500414
1274359398811545601,negative,0.04868413656103167
1274359398987632640,negative,8.993483227090846e-12
1274359399004463104,negative,0.08917284233375622
1274359399025262593,neutral,0.37227759433541274
1274359399260270594,negative,1.0765810271534448e-07
1274359399608434690,negative,0.005289110197580681
1274359399713292288,negative,1.3008153920736357e-05
1274359399772012544,negative,0.028930418441322908
1274359399935590401,negative,3.495189236339658e-06
1274359400052994048,negative,0.024727151563061607
1274359400065630214,negative,0.06135422847550327
1274359400245968896,negative,0.0011215207366607506
1274359400476676096,negative,1.157691023603853e-05
1274359400547917824,negative,0.00306076615042405
1274359400610832386,negative,0.003076772953040784
1274359400778600449,positive,0.880977722113856
1274359403504963584,negative,0.14007400676097848
1274359407112060928,negative,0.04868413656103167
1274359407346880512,negative,2.2607703055852016e-05
1274359407426580480,neutral,0.4558432447517059
1274359407703400448,negative,0.02396647883966535
1274359408013836300,negative,1.3743082140343791e-08
1274359408286367744,neutral,0.4357089704914612
1274359408529747969,negative,2.787297328760927e-09
1274359409192435712,negative,0.04309157052122785
1274359410035494914,negative,0.16055198970665968
1274359410194874368,negative,0.01888519792127033
1274359411289530373,negative,0.1979861549937508
1274359411624951814,neutral,0.4663917579447527
1274359411876802562,negative,0.16688246186174674
1274359412036177922,negative,0.00014459406381251767
1274359412279345152,negative,0.1753590699910392
1274359412539437056,negative,1.9682342839024566e-07
1274359412568862721,negative,0.012920222750221649
1274359412711456770,neutral,0.46598398918449585
1274359415982997514,negative,1.1071183644491722e-08
1274359416003923971,negative,0.0011215207366607506
1274359416188518409,neutral,0.37426873505003133
1274359416968667136,negative,0.0009050728087522861
1274359417081933828,negative,0.24151054019797136
1274359417245442048,negative,0.0023763880365369615
1274359419254562816,positive,0.7112264328727067
1274359419371950082,negative,6.727871120565461e-08
1274359419480928265,negative,0.05235741503585981
1274359419502026753,negative,0.012690009512474188
1274359420135317504,negative,0.012019048124410464
1274359420215013378,negative,0.0011215207366607506
1274359420256948224,negative,0.008617649646159286
1274359420659564544,negative,2.2607703055852016e-05
1274359420668051458,negative,0.0011215207366607506
1274359420751958016,negative,0.08919285682835637
1274359420919713794,negative,0.03901759267563335
1274359421234266118,negative,0.0092744064496032
1274359421330771970,positive,0.9903699772518526
1274359421360103426,positive,0.990955449951103
1274359422077349889,negative,0.31066164491071524
1274359423608205312,negative,0.01140068344308785
1274359423989886976,negative,0.000940276539359965
1274359424358977542,negative,0.08602518149156235
1274359424774279168,negative,0.0007206278447072315
1274359425357230084,negative,3.152855152215035e-05
1274359425512411136,negative,0.005749607148571936
1274359427718676486,negative,0.01140068344308785
1274359427726848000,negative,1.1071183644491722e-08
1274359427844517888,negative,0.010320231446011024
1274359427995439109,negative,0.2784977195981735
1274359429140545537,positive,0.9985274744228403
1274359429564170242,negative,0.07355237459043229
1274359429828358144,negative,0.0005833353590071568
1274359431686389761,negative,4.559176840687429e-06
1274359431892029441,negative,1.1071183644491722e-08
1274359432063967234,negative,0.18601534943640768
1274359433292918784,negative,0.0005833353590071568
1274359433330675712,negative,0.04868413656103167
1274359433452294144,negative,0.0007206278447072315
1274359433494052866,negative,0.0011215207366607506
1274359434215591937,negative,1.0872528108410854e-05
1274359434467258369,negative,9.524977030180775e-05
1274359436505743362,negative,0.2417208868741504
1274359436623204357,negative,0.18760693662253133
1274359436648185856,negative,0.1590556818899231
1274359436728045568,negative,0.00018278186635519608
1274359437168463873,negative,8.875547998667753e-07
1274359437516509186,negative,1.9684284881358229e-10
1274359437667565568,positive,0.897740620973573
1274359437768228865,neutral,0.47371072416927557
1274359440423235586,negative,0.0092744064496032
1274359441207504896,negative,2.5869835864991554e-10
1274359441316511750,negative,0.018130723281608276
1274359441547300866,neutral,0.4577266631686934
1274359441681334273,negative,0.14167506979393815
1274359441777995776,negative,0.008830067912258075
1274359441941581824,neutral,0.5077393553756028
1274359442029584389,negative,0.004843091236173927
1274359445393477633,negative,0.16161868573067484
1274359445661892608,negative,0.0034131758748745292
1274359445921968128,negative,6.211580300793032e-05
1274359446031011842,negative,0.0005833353590071568
1274359446467153920,negative,0.06242241308467077
1274359446760800264,negative,0.01140068344308785
1274359448644005889,positive,0.9125403696262822
1274359449365422080,negative,1.7365141632410502e-05
1274359449499697158,positive,0.9572347682085854
1274359449789046784,neutral,0.41086073247608174
1274359450116263940,negative,0.004202755155766138
1274359450342772736,negative,2.6483642060587684e-05
1274359450531495938,negative,0.02102601543626555
1274359453232492545,negative,0.0018153409973280076
1274359453333295104,negative,0.14708558949184208
1274359455187185665,neutral,0.4316564806342165
1274359457515012097,negative,0.007044535526759694
1274359457615659008,negative,0.00016152586642983845
1274359458009878535,negative,0.005402909033626645
1274359458303479809,negative,0.02519213719896558
1274359458513268737,negative,0.15838135428955236
1274359458639032321,negative,0.011448849023057617
1274359459729625089,negative,0.0005580651713161004
1274359461243752448,negative,0.00021517717853725048
1274359461277306881,negative,0.002611175597976633
1274359461524713472,negative,0.0002619169659521643
1274359461864509440,negative,0.07998569771605683
1274359462040670208,negative,0.01027522600481938
1274359462116184064,negative,7.493881433420093e-11
1274359462174830597,negative,0.008634284237377344
1274359462795583490,negative,7.415391594254964e-07
1274359465551298560,negative,0.004351130916819051
1274359466209624065,negative,0.05843690912992543
1274359466629246976,negative,0.00025995428544422664
1274359466725478405,negative,5.25933231523432e-06
1274359466759159811,negative,0.005500311755337003
1274359467765837827,positive,0.9357008006204267
1274359469800071173,negative,0.002448281763446679
1274359470005669889,positive,0.785886593659979
1274359470232162304,positive,0.7536161598242332
1274359470710194177,negative,0.14103079379210037
1274359470957740033,negative,0.15160774025776982
1274359471440044035,negative,0.0005833353590071568
1274359471515590659,negative,0.30052963707176705
1274359471515602952,negative,0.29761571709333384
1274359471695953922,negative,0.09586653449951275
1274359474078330880,negative,0.04868413656103167
1274359474476716032,negative,0.1479964024895597
1274359474782982146,negative,0.06919360840379962
1274359474904600578,negative,0.00035452693964677334
1274359475433082880,negative,2.0260555091847292e-06
1274359475449757696,negative,0.1355526038519934
1274359475521105922,negative,0.29761571709333384
1274359475697094656,negative,0.2039173573271993
1274359475751788547,negative,0.0019474886261394598
1274359478884765696,negative,0.003401178487566604
1274359479358967808,negative,0.2617748389724454
1274359479602155525,negative,0.01762876077181266
1274359480193605632,negative,0.00047918322635104424
1274359482274000896,negative,0.0008267917685809908
1274359482563223552,negative,1.2142951356898647e-05
1274359483054067714,negative,0.13792323098550419
1274359483683074048,negative,1.6300532801452974e-05
1274359483700072451,negative,0.001616511283051386
1274359483913953280,negative,0.0017016099538163256
1274359484119474177,negative,6.934981027011677e-06
1274359484199116800,negative,4.864359754624921e-05
1274359486875123720,negative,0.18657328667230946
1274359487156101122,negative,0.000520243418539836
1274359487583989764,negative,0.3122639449501142
1274359487814656002,negative,0.002605917653991894
1274359487839772672,negative,0.02102601543626555
1274359487860805633,negative,0.23056902331394544
1274359487885967364,negative,0.16393653381053452
1274359488083111941,negative,3.1474742552334756e-05
1274359488120795139,negative,0.003401178487566604
1274359488611602434,negative,0.0005833353590071568
1274359490272358400,negative,0.2543622175263454
1274359490561835009,negative,0.010611374129018978
1274359490616406018,negative,0.0011215207366607506
1274359490918453249,negative,1.954367259475363e-05
1274359491052687367,negative,0.0006303622924116255
1274359491081850881,negative,0.0011215207366607506
1274359491690102785,negative,0.0030588585832663838
1274359491778183168,negative,0.0011937685919619692
1274359491891474432,negative,4.363257631511972e-05
1274359491937607682,negative,0.028930418441322908
1274359491962843141,negative,0.004843091236173927
1274359492398870528,negative,0.0018153409973280076
1274359495477649409,neutral,0.4471484058472708
1274359496773701637,negative,0.21450722988388723
1274359496832319490,negative,0.018595671226129224
1274359496979218435,neutral,0.6020347380261928
1274359497197322242,positive,0.7128819326159709
1274359497478340608,negative,0.034130909209000075
1274359497490866177,negative,4.709370324485059e-08
1274359497553842179,positive,0.8989644059020594
1274359499260866562,neutral,0.4797132445731537
1274359499533488130,negative,0.0011215207366607506
1274359499801997312,negative,0.11531206543918708
1274359499915169794,negative,0.00175905141663871
1274359500007448577,negative,0.009840543082717495
1274359500280078336,negative,0.14197236713123318
1274359500531732481,negative,0.0054275436134755975
1274359503123812358,negative,0.010035125653200198
1274359503778205696,neutral,0.44231347627872375
1274359504222720001,neutral,0.4797132445731537
1274359504994525187,neutral,0.5467018084453114
1274359505170636803,negative,0.018191370886849637
1274359505187414017,negative,0.22082230916661
1274359505191686144,neutral,0.4641732095761341
1274359507360120834,negative,0.025676839474960977
1274359508148641798,negative,2.2607703055852016e-05
1274359508635136000,neutral,0.5318460347867358
1274359508719075329,negative,0.02102601543626555
1274359508928774144,negative,0.13058852517893424
1274359508958015488,positive,0.9903699772518526
1274359509461413888,negative,1.4014765302498563e-05
1274359509498990592,negative,0.0036156126713110383
1274359512384909312,negative,1.5188554965339795e-05
1274359512389038080,negative,8.665089332995938e-05
1274359512460333059,negative,0.10459808247315129
1274359512904937472,neutral,0.6020347380261928
1274359512913379328,negative,0.2061124271567914
1274359512976293888,negative,0.18097169728096155
1274359513072766978,negative,0.0005988806379943466
1274359513538351105,negative,1.4445911274993126e-06
1274359513886400517,negative,0.0007068323833852299
1274359515790618624,negative,0.0031515383514254614
1274359516444848128,neutral,0.39772918866361223
1274359516952440832,negative,0.019389792454849866
1274359520110751744,neutral,0.34970285205089463
1274359520379179011,negative,0.0015083597574763621
1274359520735698944,negative,0.22820882362804987
1274359520777646081,negative,0.00035059661098242107
1274359520974835712,neutral,0.5134806666999336
1274359521482280963,negative,0.0019331074433798338
1274359521843073024,neutral,0.6491806379516988
1274359524368015360,negative,5.629651776785065e-14
1274359524435116033,negative,0.04868413656103167
1274359526003793922,negative,0.002458196853919395
1274359526414827520,negative,0.0005833353590071568
1274359526687420416,positive,0.7056697624648843
1274359528805601280,positive,0.7916769484251026
1274359529015312384,negative,0.22082230916661
1274359529270939648,negative,0.003468792321173767
1274359529950654465,negative,0.0011215207366607506
1274359532521771008,negative,0.11211298304992452
1274359533025050624,negative,0.32773231788436785
1274359534086008835,negative,0.004843091236173927
1274359534157541376,positive,0.9997370820378277
1274359534212055041,negative,0.004843091236173927
1274359534379839488,negative,0.14814989863167152
1274359536732770305,neutral,0.6477687468972998
1274359537315741697,negative,0.29761571709333384
1274359537361960961,neutral,0.3889505388503689
1274359537722626048,negative,0.03564689012727054
1274359537781411847,negative,0.00032994760151227215
1274359537873674243,negative,0.03962874667877952
1274359538234413056,negative,0.009581080777797013
1274359538326687746,negative,0.0798813010626473
1274359538414751745,negative,0.01589784599784965
1274359538725130242,negative,0.01024459341701663
1274359538871726080,negative,0.004843091236173927
1274359541044477953,negative,0.004224487550870774
1274359541774368772,negative,0.00012655821123306118
1274359542046957568,negative,0.0005500612242291591
1274359542386548737,negative,6.214480458000385e-05
1274359542734884867,negative,0.0009591094351772719
1274359542936154123,negative,0.02106614478951878
1274359545041690625,positive,0.7698281496892636
1274359545175977986,negative,0.18392579625934719
1274359545427525632,negative,0.0010872660276267888
1274359545582649345,neutral,0.4516183366145643
1274359545868038145,positive,0.7339032316416587
1274359546912407555,negative,0.07083742980942997
1274359546941788162,negative,0.0007206278447072315
1274359550313926657,negative,0.005846307661460753
1274359550494355456,neutral,0.49789225920557484
1274359550653673475,negative,0.1801461484119052
1274359551534551047,negative,0.03303376407787172
1274359553740734468,negative,0.02102601543626555
1274359554000764930,positive,0.9995980474367513
1274359554105630725,negative,0.13949552936821852
1274359554848022528,negative,0.0005833353590071568
1274359555246501888,negative,0.29629750614395584
1274359555435237376,negative,0.013936139273256595
1274359555720450049,negative,0.04158939044974295
1274359556009795584,neutral,0.4471484058472708
1274359557758816256,negative,0.0014385367453438058
1274359557926653958,negative,0.01514650236894221
1274359557935030274,negative,0.01024459341701663
1274359558127996928,neutral,0.36490379355738706
1274359558299947009,positive,0.880977722113856
1274359558316621826,negative,0.13949552936821852
1274359558476095488,negative,0.01786411790546942
1274359558648070144,positive,0.7533951936590659
1274359558769643521,negative,0.18795859623648656
1274359559134613504,negative,0.17085650338555278
1274359560141254656,negative,0.25318237069832455
1274359563135987712,negative,0.00014459406381251767
1274359563374993409,negative,0.018191370886849637
1274359563395964928,negative,2.4794035760708618e-08
1274359564167757830,negative,1.6204703654152238e-06
1274359564234702848,negative,0.3266135378405797
1274359566139039745,neutral,0.5318834537628724
1274359566403321856,negative,0.00032423926661467867
1274359566705332234,negative,1.068790708783501e-15
1274359568206671872,negative,0.003065677059359148
1274359568542433280,neutral,0.5111067556059521
1274359570333421569,negative,0.021742177510265318
1274359570408837127,negative,0.005543197481372859
1274359570681520129,negative,0.0007206278447072315
1274359570702503941,negative,0.01963406137286062
1274359570899615744,negative,0.008041128212402507
1274359570949963782,negative,0.1502000223292232
1274359571394502656,negative,0.0005833353590071568
1274359572413779973,negative,0.04057230288789344
1274359572581486592,positive,0.880977722113856
1274359574619918338,negative,1.637839043713939e-08
1274359574825512960,negative,0.20992225854298258
1274359575551057920,negative,0.02102601543626555
1274359575785816068,negative,0.0005272297034888572
1274359575987224577,negative,0.23133639389140434
1274359576599711744,positive,0.9380248903643357
1274359576826204161,negative,0.0028480157765644228
1274359577056665600,negative,0.0008234381187286296
1274359577103007749,negative,0.0011199818852058363
1274359578797510658,negative,0.029244268885268345
1274359578902302721,negative,0.001327297286890044
1274359579292372994,negative,0.13949552936821852
1274359579363758083,neutral,0.46598398918449585
1274359579766411264,negative,0.0019963831800710193
1274359580160602112,neutral,0.46122009298899014
1274359580248719368,negative,1.6300532801452974e-05
1274359580311662594,positive,0.9357008006204267
1274359580353613825,negative,0.2786975697312837
1274359580533731333,neutral,0.5143447214613424
1274359580752044033,negative,5.109062066210356e-07
1274359581175660547,negative,0.005693409504926673
1274359581435723777,negative,0.04868413656103167
1274359581452402689,negative,0.01024459341701663
1274359582945574914,negative,0.005402909033626645
1274359583121846273,negative,1.7878897688393809e-06
1274359583360692224,negative,0.001616511283051386
1274359583411224576,negative,0.000495371815490899
1274359583419621377,negative,0.009932906980315596
1274359583830671366,negative,0.00014459406381251767
1274359584073945091,negative,6.701010611258914e-06
1274359584145248258,negative,0.018418446593680925
1274359584363294720,negative,0.00022357684500301294
1274359584635920387,negative,0.22159934705259285
1274359584879267842,neutral,0.6020347380261928
1274359587358081024,negative,0.00016152586642983845
1274359588754726912,negative,0.0075068973162711996
1274359588813488129,neutral,0.5718541379795399
1274359588897390597,negative,0.09240406032931407
1274359588997992448,negative,4.409683412435902e-12
1274359589199319041,negative,0.07327654202549114
1274359590247968769,negative,0.0005500612242291591
1274359591489417217,negative,0.004461844360288205
1274359592370257921,negative,0.1690050081990582
1274359592533753856,negative,0.2820386637943614
1274359592617742337,negative,0.01024459341701663
1274359593091637254,negative,0.2650546152584906
1274359593397702656,negative,0.25318237069832455
1274359593536229381,negative,0.0011215207366607506
1274359593750183937,negative,2.787297328760927e-09
1274359593984983041,negative,0.011448849023057617
1274359595885092864,negative,0.0006192077633511894
1274359596564578304,negative,0.001616511283051386
1274359597298593793,positive,0.7702128722625021
1274359597415968770,negative,0.016324484635305253
1274359597952884737,negative,0.00014459406381251767
1274359598024196096,negative,0.019336112146524698
1274359600389783554,negative,0.01024459341701663
1274359600746127360,negative,0.10346347894024473
1274359601157345281,neutral,0.49789225920557484
1274359601387929600,negative,0.054513947207800985
1274359602742734848,negative,0.04868413656103167
1274359603682332673,negative,0.0011215207366607506
1274359603720073217,negative,5.90784804325558e-11
1274359604395356162,negative,0.08819969940432092
1274359604584087558,negative,0.07370094729510328
1274359604827340802,negative,0.02059529710232801
1274359605360025600,neutral,0.3551694344347147
1274359605452312577,negative,1.2871788741754223e-05
1274359605628461058,negative,0.007141576727243704
1274359605817196547,negative,0.06225947630016778
1274359606152658945,negative,1.637839043713939e-08
1274359606748332032,negative,0.07175007997518515
1274359608090537984,neutral,0.5332959485023883
1274359608224755712,negative,2.6065799395899064e-05
1274359608354770945,negative,0.13348794700240457
1274359608480579585,negative,0.2417208868741504
1274359608572870657,negative,0.05298486509314504
1274359608664965120,positive,0.7438857195414984
1274359609428373504,neutral,0.39143632087352015
1274359612351930372,negative,0.004843091236173927
1274359612603535362,negative,0.07587772394071214
1274359613467623429,neutral,0.497008268191141
1274359613597630465,negative,0.27713835917818763
1274359613773709312,negative,0.07495275203664797
1274359614033874945,negative,0.2700152070006991
1274359614377562113,negative,0.0002619169659521643
1274359614553960449,negative,0.017357480244724638
1274359615631826951,negative,2.5538287963444903e-08
1274359616562962434,negative,0.002538923480244518
1274359617167003648,negative,0.0007206278447072315
1274359617200558082,negative,0.01140068344308785
1274359617284382721,negative,0.0222147686896912
1274359617426841600,positive,0.897740620973573
1274359617498353671,negative,0.01531891885728109
1274359617695256576,negative,0.0049024829505844945
1274359618185990146,negative,0.0020303224103744785
1274359618530148352,negative,0.29761571709333384
1274359618873982976,negative,0.004427865377390981
1274359619104780291,negative,0.0016442973960655888
1274359622107901952,negative,0.017981470522138703
1274359622372130816,positive,0.6764156713663232
1274359622564970501,negative,0.00011136332652074651
1274359622799962112,negative,4.864359754624921e-05
1274359625073254400,negative,0.023906831594684617
1274359625291370496,negative,0.00014459406381251767
1274359625412943872,positive,0.7040950283646137
1274359626234986497,negative,0.01130536739368902
1274359626255880193,negative,4.491573920022894e-06
1274359626302140416,negative,0.2369710931082333
1274359626654498818,negative,0.13949552936821852
1274359629015851012,negative,0.07509577442231544
1274359629712101377,negative,0.12056596353541715
1274359629716369409,negative,0.09459098451689303
1274359629762433031,negative,0.0092744064496032
1274359629963825152,positive,0.7600413916354832
1274359630043496448,neutral,0.6235188449041729
1274359630295171075,negative,0.14083286856587127
1274359630584397825,negative,0.002826376285116248
1274359630584569857,negative,3.3045284451509158e-09
1274359633050730497,neutral,0.3526434678804405
1274359634502000645,negative,0.20744380517055297
1274359634560778241,neutral,0.35577744981471515
1274359634581733378,negative,0.0013129066236306907
1274359635064115201,negative,0.04868413656103167
1274359635261247488,negative,0.21287450197836733
1274359635319930882,negative,0.02691146398760378
1274359635546423297,negative,1.1063130400649612e-07
1274359635865206788,negative,0.13790906241702833
1274359636225818624,neutral,0.46598398918449585
1274359638318817286,neutral,0.3422707420485615
1274359638671196160,negative,5.1525066399469696e-06
1274359638998351873,negative,0.00020817562045590026
1274359639140970499,negative,0.04868413656103167
1274359639384047618,negative,0.022388609449166062
1274359639933673473,negative,1.157691023603853e-05
1274359641594445825,negative,0.2417208868741504
1274359641737244672,negative,0.29761571709333384
1274359641892360193,negative,0.019891068734545624
1274359642756448256,neutral,0.41284655950888277
1274359642802589696,negative,2.2607703055852016e-05
1274359642945175553,negative,9.930645891503263e-05
1274359643268153350,neutral,0.4199380046941379
1274359643410763776,negative,2.787297328760927e-09
1274359644174024704,negative,9.782089804679564e-13
1274359644480290819,negative,0.0021625795954240763
1274359644505415680,negative,0.016605831249444668
1274359646082535424,negative,0.0015885289147949788
1274359646103494657,negative,0.006716815678558138
1274359646237667328,negative,0.29502449652156665
1274359646824923136,negative,0.01828732158811395
1274359647449874433,negative,0.07950576761121148
1274359647877640192,negative,0.02059529710232801
1274359648028680192,negative,9.782089804679564e-13
1274359648108371968,negative,1.1071183644491722e-08
1274359648188084224,negative,0.00014459406381251767
1274359648846598145,negative,7.669033579152875e-05
1274359650037702662,negative,0.297653629016494
1274359650977275904,negative,0.275958358184994
1274359651220566017,negative,0.20786874776059913
1274359651723771911,neutral,0.38227762192080983
1274359651866423296,negative,0.29761571709333384
1274359652105453568,negative,1.637839043713939e-08
1274359654143987713,negative,0.001498356455624947
1274359654349443072,negative,0.00014459406381251767
1274359654588592130,negative,4.864359754624921e-05
1274359654940803073,negative,0.055162715980691446
1274359655167377408,negative,0.038302860042179046
1274359655381303297,negative,0.010310040401251077
1274359655393828865,negative,2.2607703055852016e-05
1274359656161390598,negative,0.16451108071011875
1274359656400531456,negative,0.008980873422962117
1274359656597651457,negative,0.010966650399164245
1274359656626950144,negative,0.2617748389724454
1274359656983519234,negative,1.9128144989352956e-05
1274359658711416832,negative,3.713346263267607e-06
1274359658992422912,negative,0.02008601788606137
1274359659575619584,negative,0.05034630362280946
1274359660108304386,negative,0.04868413656103167
1274359660137648130,negative,0.25123981632917114
1274359660523520001,positive,0.9736084753166041
1274359663182712833,positive,0.9999709035899074
1274359663438462976,negative,8.875547998667753e-07
1274359663622885376,negative,0.003222832135696301
1274359663631446019,negative,0.1390265467934409
1274359663903924224,negative,0.13172800381638772
1274359664562618369,negative,0.004461844360288205
1274359664680022016,negative,0.003294722900431676
1274359665103638528,negative,0.07998569771605683
1274359667242696719,negative,2.787297328760927e-09
1274359667276288001,negative,0.04868413656103167
1274359667507056640,negative,0.000300324099040125
1274359667557367810,negative,0.08603499237143876
1274359667897110528,negative,7.669977654735509e-06
1274359668371054601,negative,0.012690009512474188
1274359668652101636,negative,0.0008006732688204739
1274359668781928449,negative,0.017981470522138703
1274359669004386304,negative,4.817275391083577e-05
1274359670937919490,negative,0.015548998880221356
1274359671139323904,negative,0.0045767135395343335
1274359671370002432,negative,0.2820386637943614
1274359671596421121,neutral,0.48728019602140255
1274359672041099264,negative,0.0009810341000442452
1274359672112324609,negative,0.020566852096693847
1274359672166731778,negative,0.00871989705288983
1274359673110618114,negative,0.022959946597430093
1274359673576198144,negative,0.02102601543626555
1274359675400708103,negative,5.25933231523432e-06
1274359676315095040,negative,0.0049934060037709945
1274359676629647362,positive,0.7060463214098597
1274359676856131584,negative,0.007491521322046926
1274359676944211970,neutral,0.411594083119197
1274359677409808385,negative,0.11733166319877615
1274359680219770880,negative,3.392694081117445e-11
1274359680685522947,negative,0.02982755179860265
1274359680832114688,negative,0.034443572820851115
1274359680865914880,negative,1.4467486631324333e-08
1274359681251790848,negative,0.01140068344308785
1274359681381785603,negative,2.787297328760927e-09
1274359681570537475,neutral,0.49789225920557484
1274359683520831489,neutral,0.6462607005943426
1274359683545993219,negative,0.0020303224103744785
1274359683818696704,negative,0.004843091236173927
1274359683919286272,neutral,0.51603053432936
1274359684691120129,negative,0.22082230916661
1274359684741373956,negative,0.0005833353590071568
1274359685194407940,negative,0.26673479150465706
1274359685618024448,negative,0.18097169728096155
1274359685689344001,negative,0.00014459406381251767
1274359685831897089,negative,0.02038695306289285
1274359688562462720,negative,0.014026828412018614
1274359688877027329,negative,0.0092744064496032
1274359689149591553,negative,1.954367259475363e-05
1274359689309032448,negative,0.13949552936821852
1274359689451634698,neutral,0.48061219287488127
1274359690143678465,negative,0.004843091236173927
1274359690370207744,negative,0.0006266674551498151
1274359690395299840,negative,0.02559993360751483
1274359692421144583,negative,0.019325586389617778
1274359693247381509,negative,2.5387323369938468e-08
1274359693570269191,negative,0.16238354240856034
1274359693893423104,negative,0.004843091236173927
1274359693977231361,negative,0.00015328092236833836
1274359694698692608,negative,0.0092744064496032
1274359694803505152,negative,0.02102601543626555
1274359696225382407,neutral,0.49789225920557484
1274359696300916737,negative,0.01140068344308785
1274359696447680514,negative,3.908336620758573e-08
1274359696523231233,negative,1.4740643186484637e-05
1274359696867176451,negative,1.8159402238660298e-05
1274359697034956801,negative,0.0023745028503124096
1274359697257218049,negative,0.01024459341701663
1274359697319981057,negative,0.004938674539753881
1274359697559207939,negative,0.10322458526707069
1274359697710120960,negative,5.755960443294317e-06
1274359697752064000,negative,0.00014459406381251767
1274359697894670338,negative,0.03303376407787172
1274359698284843009,neutral,0.6187752516616273
1274359698309947392,negative,0.012444922234345108
1274359698360238080,neutral,0.5339673220188818
1274359698473582592,negative,0.01140068344308785
1274359700461621248,neutral,0.49789225920557484
1274359700679729158,negative,0.0003470799045264954
1274359700880977921,negative,0.2284859792427339
1274359700939735041,negative,0.18097169728096155
1274359700956602369,neutral,0.5705883108389205
1274359701975826433,negative,0.22122416942500223
1274359702550310912,negative,0.04474736870626075
1274359704471449600,negative,0.11199186793547575
1274359704601481223,negative,0.0018986531953864693
1274359704702128128,negative,0.003722503096012636
1274359704974737409,negative,5.686518028202719e-06
1274359705096216578,negative,0.01292937474492101
1274359706090442756,negative,0.2792027963190856
1274359706157547520,negative,0.001672692900257032
1274359706425987078,negative,0.04868413656103167
1274359706446819328,negative,1.7868701165023617e-05
1274359706765733888,negative,0.008773774017516915
1274359706828431361,negative,2.8684135424564705e-05
1274359706916700160,negative,0.09071717251954439
1274359707038179328,negative,0.0011941150031899927
1274359709487771653,negative,5.25933231523432e-06
1274359709517185024,negative,0.0009475747249613342
1274359710993580035,negative,0.04868413656103167
1274359711031160832,negative,0.019544565461810527
1274359711190716416,negative,0.038729861506344734
1274359713199796224,positive,0.7722398846750996
1274359713321439235,negative,0.005410167437989773
1274359713602441216,negative,0.003066104211070334
1274359713732362241,neutral,0.49789225920557484
1274359714428715008,negative,0.00014459406381251767
1274359714541744129,neutral,0.37426873505003133
1274359714697170946,negative,0.00016186741337338885
1274359717117255681,negative,0.0021326162043440425
1274359717213634561,negative,0.21663218523124433
1274359717251280899,negative,0.004840602136317897
1274359717415043072,negative,0.00014459406381251767
1274359717423390720,negative,0.00017652551296259161
1274359717666656257,negative,0.00014459406381251767
1274359718048403456,negative,0.0021625795954240763
1274359718472007682,negative,0.003065677059359148
1274359719256350721,neutral,0.46598398918449585
1274359719310827521,negative,0.01024459341701663
1274359719487057922,negative,0.20239329743009857
1274359722087514112,negative,0.06081655062018614
1274359722582454272,negative,0.018191370886849637
1274359723047952385,negative,0.0011215207366607506
1274359723421249536,negative,0.005179260577913655
1274359725719764994,negative,0.316469533656467
1274359725786832896,negative,0.18546330975461225
1274359726453616641,neutral,0.638179144846576
1274359726688686084,negative,0.14860002313359255
1274359727372341249,negative,1.7240898212433143e-05
1274359728429301762,negative,0.02102601543626555
1274359729347801092,negative,3.945779949114797e-05
1274359729670717441,negative,0.0031830389944905455
1274359730547425281,negative,0.22383214724571712
1274359730597769217,negative,6.0657022772778704e-05
1274359730736181257,negative,0.013887318706905922
1274359730849398791,negative,0.08917284233375622
1274359731205922816,negative,4.461575406319983e-06
1274359732191531008,negative,0.01592185601242925
1274359732317442050,negative,0.0005833353590071568
1274359733898686466,negative,0.0092744064496032
1274359735224012806,negative,0.004843091236173927
1274359736033595394,negative,0.04868413656103167
1274359736151019523,negative,0.1505487295152422
1274359736608141314,negative,1.1071183644491722e-08
1274359738604675077,negative,0.06266447570236598
1274359739040792580,negative,0.20215226206323206
1274359739057680384,negative,8.374929499570776e-10
1274359739204415489,negative,4.547475594547499e-07
1274359739460341760,neutral,0.5111067556059521
1274359740001378305,negative,0.06312826999855198
1274359740211048448,neutral,0.41255628797487864
1274359740278194181,negative,5.25933231523432e-06
1274359742442418176,negative,0.01024459341701663
1274359742782111745,negative,0.2417208868741504
1274359743587463173,negative,0.02059529710232801
1274359743700709377,negative,0.04208523362306172
1274359743960748034,neutral,0.46598398918449585
1274359744178896897,neutral,0.46197723740876767
1274359746447970304,negative,7.220035935197074e-08
1274359746565455872,negative,0.003294722900431676
1274359746674536449,negative,0.16451108071011875
1274359746716459010,neutral,0.49789225920557484
1274359746896769024,negative,0.004843091236173927
1274359747177742338,negative,0.10320176229905063
1274359747228073985,neutral,0.37426873505003133
1274359747349827586,negative,0.1237213486482113
1274359747823767552,negative,1.2142951356898647e-05
1274359748192845824,negative,0.2394110094948839
1274359748243197955,positive,0.8798039430045211
1274359748318674946,negative,0.008744852911088305
1274359748377423874,negative,0.0009591094351772719
1274359750688473088,negative,2.2607703055852016e-05
1274359750755602432,negative,0.004843091236173927
1274359750944268288,negative,3.3151610001705632e-06
1274359751862816768,negative,0.004843091236173927
1274359751992913921,neutral,0.43200870435780364
1274359752005349377,negative,0.02059529710232801
1274359752970113029,negative,0.0008006732688204739
1274359754819854336,negative,0.2414702675051878
1274359754853253120,negative,2.8656526328885995e-06
1274359754899390469,negative,0.14963096104320991
1274359755570585600,neutral,0.4372222038987541
1274359755579043847,negative,6.231567843941665e-06
1274359755759386624,negative,0.025947704354289246
1274359755910381573,neutral,0.5844952997138847
1274359755989975041,negative,0.0012417793213271014
1274359756296040448,negative,0.1755275094170609
1274359756585656322,negative,0.17948705462362313
1274359756589797383,negative,0.002062934291894879
1274359756782800896,negative,5.193878097699016e-06
1274359756824559617,neutral,0.37525890839322623
1274359757269237762,negative,6.309560018962608e-07
1274359759089684484,negative,0.05592593259625326
1274359759517483010,negative,8.123347876440576e-05
1274359759555133441,negative,0.01140068344308785
1274359759588732929,negative,0.05811789142475001
1274359760247312385,positive,0.9997370820378277
1274359760456945667,negative,6.933676884668426e-05
1274359760545079297,negative,5.042705810731163e-06
1274359760716996608,negative,0.005402909033626645
1274359760813535232,negative,0.06484554034996647
1274359760868032512,negative,0.2654417857709204
1274359761346220032,negative,0.0006635226684981256
1274359762906382336,negative,0.006088762970020341
1274359763179130880,negative,0.023732173558476437
1274359763783036928,neutral,0.6044772685770049
1274359765553025024,negative,7.637110318257238e-05
1274359765569810434,negative,0.04868413656103167
1274359767478255618,negative,0.0013031690328863027
1274359767872536581,negative,4.547475594547499e-07
1274359767994109953,negative,0.0006303622924116255
1274359769441001483,neutral,0.49789225920557484
1274359770028400642,positive,0.7866049576246978
1274359771588694018,negative,0.0002400857791051532
1274359771945189378,negative,0.004410409238699903
1274359772049891328,negative,0.07062368656384453
1274359772943450112,negative,2.2406875978738307e-15
1274359772955815937,negative,8.123347876440576e-05
1274359775862632449,negative,0.0011215207366607506
1274359775908769792,neutral,0.5341889489774237
1274359775996841985,negative,0.2820386637943614
1274359776353419264,negative,5.25933231523432e-06
1274359776797962240,negative,2.787297328760927e-09
1274359776902774784,negative,5.686518028202719e-06
1274359776969973761,negative,0.05592593259625326
1274359777318047749,negative,0.0002621005721526733
1274359777469087744,negative,0.01007013907136934
1274359777599148037,neutral,0.47825815524877363
1274359780111454208,negative,0.0021625795954240763
1274359780249927681,negative,0.009771779896429498
1274359780430221312,neutral,0.5226618573035775
1274359781512413191,neutral,0.5426284358935127
1274359782447570944,negative,0.01590306801705215
1274359784175796224,negative,0.0007699370890113074
1274359784402227201,negative,0.007628685414413218
1274359784603553792,negative,0.02102601543626555
1274359784876081152,negative,0.001616511283051386
1274359785341804545,negative,0.07279674568738694
1274359785450848256,negative,2.1696129733191414e-05
1274359785547337728,negative,0.29761571709333384
1274359785610047488,negative,0.3219440001012857
1274359785647996931,negative,0.019406068334388352
1274359788898521089,negative,0.0006550775272347575
1274359789276073991,negative,0.042358070740164004
1274359789452234753,positive,0.8286012028805883
1274359789477380096,negative,0.020740762525559737
1274359789590646785,negative,0.003736639099446076
1274359789733261318,negative,0.0019638435063897386
1274359789779369985,positive,0.9992914555001349
1274359790102368258,neutral,0.6104898326250209
1274359790299418625,negative,0.07998569771605683
1274359790454689792,negative,1.1285293577597667e-06
1274359792992124929,negative,0.04950367973121638
1274359793143164928,negative,5.25933231523432e-06
1274359793160015874,negative,0.12069385168485172
1274359794221092864,negative,0.010415094701125683
1274359794275692546,negative,0.008253882948524631
1274359794296598528,negative,0.19805843531980766
1274359794657304576,negative,0.0001858070169064619
1274359796968370177,negative,0.00031664341689508044
1274359797136179200,neutral,0.4686555698045724
1274359797262016512,negative,3.167059838034528e-07
1274359797798895616,negative,0.0007206278447072315
1274359798281179143,negative,0.007050093911298504
1274359798348292096,negative,1.9684284881358229e-10
1274359801128992769,negative,0.1034865841364834
1274359801150083082,negative,0.0013932642399945938
1274359801200480268,negative,1.1071183644491722e-08
1274359801657647104,negative,0.03564689012727054
1274359803054342149,negative,0.001616511283051386
1274359803272445953,negative,0.04868413656103167
1274359803356348417,negative,0.0007206278447072315
1274359805390598144,negative,0.07509577442231544
1274359805554184193,negative,0.00014459406381251767
1274359805570953222,negative,0.029244268885268345
1274359805617082371,negative,1.0391432549305673e-06
1274359805751197696,negative,0.0046896031038501495
1274359806044835841,neutral,0.3760001217733913
1274359806116184064,negative,0.0021625795954240763
1274359806699147264,neutral,0.49789225920557484
1274359807265460224,neutral,0.37578646606747956
1274359807349268481,negative,0.07998569771605683
1274359807684812800,negative,0.013757438320572789
1274359807705841664,negative,0.019155711131100834
1274359807835869185,negative,1.3696517984576458e-12
1274359809362595841,negative,0.13790906241702833
1274359809454813184,negative,0.007537542262960305
1274359809622638592,negative,0.006715525395972511
1274359809693933568,negative,0.04868413656103167
1274359810188816386,negative,0.02102601543626555
1274359810234949633,neutral,0.42507619662732005
1274359811036061696,negative,0.001698515611387307
1274359811124219904,positive,0.8380708849119446
1274359811778502662,negative,8.757684413182992e-05
1274359811791077376,negative,8.123347876440576e-05
1274359812122456064,negative,0.0028779006780079394
1274359813502308352,negative,0.0002488704491487702
1274359813858680834,negative,0.2512243101250744
1274359814022483968,negative,0.07852245778028731
1274359814429143040,negative,7.903772457342132e-10
1274359814462812166,negative,0.00022357684500301294
1274359815154864129,negative,0.0023763880365369615
1274359815221829635,negative,0.005042952643132376
1274359815356047362,positive,0.9062425906599992
1274359815385554944,negative,2.9801440775172205e-08
1274359815846977543,negative,0.04451909539849402
1274359816010563585,neutral,0.4184888632202746
1274359816228569089,negative,0.013106824092908946
1274359817801531395,negative,0.07062368656384453
1274359817960861697,negative,0.001616511283051386
1274359818719985664,negative,0.0003380994434100761
1274359819051438080,negative,0.08501573180126992
1274359820016062465,negative,0.061722649977028615
1274359820385234944,negative,4.961805620140473e-05
1274359821257658369,negative,0.001364881815035237
1274359821857366019,negative,3.5898382585815794e-09
1274359822310391814,negative,0.02738764886718594
1274359822452789249,negative,0.0024698217936993767
1274359822654324738,negative,0.003401178487566604
1274359822843068417,negative,0.024934362757935043
1274359823107227652,negative,0.059755720483212066
1274359823396737024,neutral,0.49789225920557484
1274359823421911040,neutral,0.517646365904816
1274359823702929411,negative,0.007050093911298504
1274359823967178752,negative,0.12069385168485172
1274359824185266179,negative,0.0009425210191315944
1274359826236223490,negative,0.00014459406381251767
1274359826479538178,negative,1.6729818824145825e-05
1274359826659885057,negative,0.00014720039733041293
1274359827444019200,negative,1.1071183644491722e-08
1274359827716857857,negative,0.271581968949276
1274359828031422465,negative,2.3106849692599853e-07
1274359828522172418,negative,0.01130536739368902
1274359830304694272,negative,6.411570502085041e-12
1274359830548013057,negative,5.25933231523432e-06
1274359830896160768,neutral,0.59014558221084
1274359831030308866,positive,0.8317135824285495
1274359831323987968,negative,0.0014385367453438058
1274359832099926019,neutral,0.5244879302463562
1274359832280088578,negative,0.02417131271092168
1274359833219776513,negative,5.223439070467827e-05
1274359833307873281,negative,0.003401178487566604
1274359834608050177,negative,0.02059529710232801
1274359834687803395,negative,0.00014459406381251767
1274359835442720770,negative,0.00036223093330713726
1274359835623112707,negative,0.02102601543626555
1274359835723730944,positive,0.7304170217470811
1274359837317464064,negative,3.184199596564192e-05
1274359838760370178,negative,9.243729512875693e-10
1274359839490220032,negative,0.001616511283051386
1274359840471691264,negative,0.0028779006780079394
1274359840807120896,negative,0.13361921404545377
1274359841184768000,negative,0.01317014501498854
1274359841222467587,negative,1.9773871384864443e-06
1274359843130871809,negative,0.0005500612242291591
1274359843365756930,negative,0.008744852911088305
1274359843965399044,negative,0.13949552936821852
1274359844041080832,positive,0.9972833339877146
1274359845018390534,negative,1.1071183644491722e-08
1274359845035094019,negative,0.0006303622924116255
1274359845471150087,negative,0.003401178487566604
1274359847685767168,negative,0.11174686264035277
1274359848000421888,positive,0.897740620973573
1274359848008921095,negative,0.0023887462822981065
1274359848109563906,negative,3.475766877558251e-08
1274359848545681413,positive,0.6827595186351019
1274359848549748737,negative,0.0009177032978133025
1274359848839380992,negative,3.7428330172918514e-07
1274359849325748224,negative,0.0011215207366607506
1274359851418861570,negative,0.1462727146126156
1274359851636973568,negative,0.2523640026577611
1274359852102488070,negative,0.0022849510428786307
1274359852199002115,negative,2.6737659445654676e-06
1274359852236771329,negative,0.00014459406381251767
1274359852433801218,neutral,0.37525890839322623
1274359853125971972,negative,5.2701613720231017e-05
1274359853201469445,negative,0.04868413656103167
1274359853687943168,negative,0.13353988780222809
1274359855764168705,negative,0.2041613408243222
1274359855814455298,negative,0.025063524830855027
1274359855860588544,negative,0.0005183232964868226
1274359855902531584,negative,6.55671850464382e-05
1274359855961292805,neutral,0.5372318511317483
1274359856074498048,neutral,0.5226618573035775
1274359857492242432,negative,2.7447523450000827e-08
1274359857831952384,neutral,0.5052427376480746
1274359857836109828,negative,0.2609181635275825
1274359857970364416,neutral,0.37426873505003133
1274359858012307457,negative,0.007050093911298504
1274359858234626049,positive,0.8636792031376705
1274359860482715650,negative,3.589976823795489e-08
1274359861212561409,positive,0.7645156117474128
1274359861275504640,negative,0.04868413656103167
1274359861728497666,neutral,0.5111067556059521
1274359862122745856,negative,0.004843091236173927
1274359864177934336,negative,0.0007262667791699172
1274359864370888710,negative,0.0002993777745910788
1274359864660242434,negative,0.04336671864320221
1274359864677011458,negative,0.0002619169659521643
1274359865029406720,neutral,0.4507454498615163
1274359865457078272,negative,0.0011215207366607506
1274359866086350848,negative,2.2607703055852016e-05
1274359868443496449,negative,0.005402909033626645
1274359868703506432,negative,0.032944019472149554
1274359869294993410,negative,0.02102601543626555
1274359870632931328,neutral,0.5091702900841418
1274359872381956099,negative,0.007429235469345096
1274359872390180864,negative,0.0017997985888736187
1274359872457510917,negative,0.13949552936821852
1274359872847577089,negative,0.005270281171863617
1274359873065623552,negative,0.21021044086091983
1274359874076520450,neutral,0.37426873505003133
1274359876546945026,negative,0.0046896031038501495
1274359876689543171,negative,0.03397246138056221
1274359877138296832,negative,1.1071183644491722e-08
1274359877796802561,negative,0.13912907829249654
1274359877796839424,negative,0.00047918322635104424
1274359878199508994,negative,0.09164190606658525
1274359878635536385,negative,0.21014328772081925
1274359880737009666,negative,2.2607703055852016e-05
1274359881303277568,negative,0.00029770268127330996
1274359881466875906,negative,0.0011215207366607506
1274359881517195265,negative,7.378820800345565e-05
1274359881785638914,positive,0.7313456337189591
1274359881949220864,negative,1.637839043713939e-08
1274359881974386690,negative,8.123347876440576e-05
1274359882146131970,negative,0.003786643876250606
1274359882213400576,negative,0.03397246138056221
1274359882351882241,negative,0.001616511283051386
1274359882712592389,negative,0.00030373989889860776
1274359884981641219,negative,0.04868413656103167
1274359885472444423,negative,1.1071183644491722e-08
1274359885619236864,negative,0.08501573180126992
1274359885786906625,negative,0.1237213486482113
1274359886114181120,negative,0.003990924849680441
1274359886126727168,negative,0.08919285682835637
1274359889775792129,negative,0.07909844660530509
1274359890014875648,negative,0.00014459406381251767
1274359890098548736,negative,0.18877954776124292
1274359890379751424,negative,0.30973529465746086
1274359890560061440,negative,1.0215832806547675e-05
1274359890744655873,negative,0.07376559775495921
1274359890824368129,positive,0.9875342955973607
1274359890945937409,negative,0.0314816853304787
1274359891205988352,negative,0.006572766519036822
1274359893256835073,neutral,0.5067806244499278
1274359893315772417,negative,0.02059529710232801
1274359893391220736,negative,0.0474666959356209
1274359895123517440,neutral,0.4315220693459665
1274359897459654660,negative,0.0012199872567302732
1274359897950490624,negative,3.701299700533022e-05
1274359898562846720,negative,0.12050165500624752
1274359898566914049,neutral,0.37227759433541274
1274359898587959302,negative,0.02102601543626555
1274359899636498433,positive,0.8167066301350949
1274359899707842562,negative,2.6483642060587684e-05
1274359901024849922,negative,0.03444001488101249
1274359901624696832,negative,0.0007206278447072315
1274359901670834176,neutral,0.3504280380191704
1274359901846933504,positive,0.8168670945334474
1274359902497103877,negative,0.13790906241702833
1274359902685868033,negative,0.04868413656103167
1274359903004524549,neutral,0.33948736466008766
1274359903008718848,negative,7.29702788862459e-08
1274359903251988482,negative,0.0004017316263125591
1274359903293976578,negative,0.14905513088076847
1274359903906410497,negative,0.0033120343898480897
1274359903910612994,negative,2.102952514872615e-05
1274359903948288002,negative,0.0798813010626473
1274359905860956160,negative,0.01563377366150745
1274359905898692608,negative,0.00017521331548528554
1274359906003415042,negative,1.1071183644491722e-08
1274359906074796033,positive,0.8821525666637278
1274359906229985285,negative,1.1071183644491722e-08
1274359906230026242,negative,0.00014459406381251767
1274359906519224320,negative,0.017981470522138703
1274359906704003072,negative,0.004843091236173927
1274359907001696256,positive,0.8340489015527812
1274359907894976512,negative,0.0010189364675406791
1274359907945451521,negative,1.0310346741343679e-05
1274359910789197831,negative,4.707446636660008e-06
1274359910885662721,neutral,0.5143447214613424
1274359911510618112,positive,0.9597645762593177
1274359911808471041,positive,0.7570853967135105
1274359912114663424,negative,0.00010636971073052982
1274359912219512835,negative,0.03428106627623056
1274359912357859328,negative,0.14940165391141672
1274359912483770368,negative,0.19192182087990267
1274359914668814336,negative,6.573373721268405e-08
1274359914702557186,positive,0.8167066301350949
1274359914933215233,neutral,0.47825815524877363
1274359916074074114,negative,0.04868413656103167
1274359916203999232,neutral,0.5844952997138847
1274359916627668993,neutral,0.6020347380261928
1274359918842253312,negative,0.006590489558152128
1274359918972358656,negative,0.12937518021785752
1274359919127474178,negative,2.787297328760927e-09
1274359919211315200,negative,0.3005420295032887
1274359919291043841,negative,0.04868413656103167
1274359919295311872,neutral,0.38834407841832724
1274359919307829249,negative,0.00015328092236833836
1274359919400103938,negative,0.0035566987258193045
1274359920012427265,negative,0.0002240220095114881
1274359920104742912,negative,0.2799852519493358
1274359920352247811,negative,0.08023930523735376
1274359922700939264,negative,0.00887296933283849
1274359923078508544,negative,0.00010318722142127777
1274359923128795138,negative,0.003868796186927395
1274359924156444673,negative,0.0020365961420647036
1274359924273840133,negative,0.001408439195058567
1274359925272174593,positive,0.7615623818126528
1274359926782078979,negative,0.025255902332353728
1274359927000182784,negative,0.22082230916661
1274359927100911618,negative,0.002221842635042978
1274359927419650051,neutral,0.6282329918701681
1274359929034375169,negative,0.3230077132414027
1274359929051262976,negative,0.008617649646159286
1274359929470582784,negative,0.010415094701125683
1274359929479016448,negative,0.015070764406870305
1274359930699595776,negative,1.0707508760226773e-06
1274359930959642624,neutral,0.5470802672007173
1274359931085434882,negative,0.14197236713123318
1274359931089694721,negative,0.29761571709333384
1274359931257249794,negative,1.1071183644491722e-08
1274359931341332480,negative,2.511237496019348e-11
1274359931458605058,negative,0.07998569771605683
1274359932125696003,negative,2.8656526328885995e-06
1274359932293468160,negative,0.20992225854298258
1274359935413911553,negative,1.954367259475363e-05
1274359935501914112,negative,0.060266258728724785
1274359935887949824,negative,0.09965753329704123
1274359936118599680,negative,0.29761571709333384
1274359936403812352,negative,0.018220451514098804
1274359936416448512,negative,2.7511767356071693e-07
1274359936655523841,negative,0.000300324099040125
1274359936974282752,negative,0.052184098925235636
1274359937024524288,neutral,0.40819334745054037
1274359937141964800,negative,1.5392331286184835e-06
1274359937313931266,negative,0.10399499614065881
1274359939390156800,negative,1.8702409184941465e-05
1274359939469803520,negative,0.000409658570058752
1274359939717369856,negative,0.09824942034726304
1274359939771711489,neutral,0.3351658086474174
1274359940035956736,negative,0.0030868343231219035
1274359940568829954,negative,1.5831217864046097e-05
1274359941533442048,negative,0.30126185775540293
1274359941617221632,negative,0.004843091236173927
1274359941839683587,negative,0.013155108968159484
1274359941982126080,negative,0.023732173558476437
1274359942254858240,negative,0.08686242609665243
1274359943991263235,negative,0.04868413656103167
1274359944058454017,negative,3.571114326216354e-08
1274359944087851009,negative,0.11199186793547575
1274359944284905472,negative,5.783148177069417e-05
1274359944431763457,negative,0.11950668920703092
1274359944662282240,negative,0.0011215207366607506
1274359944691712001,neutral,0.497008268191141
1274359945039941640,negative,0.23540932660475059
1274359945543196677,negative,0.30874786487951716
1274359945983660039,negative,0.04868413656103167
1274359946382106625,negative,1.73367906523386e-05
1274359948265349125,negative,5.686518028202719e-06
1274359948546314241,negative,0.0018664687285120491
1274359948655419396,positive,0.763492726677842
1274359949037010945,negative,7.433855993092446e-07
1274359949230047234,negative,0.00021020526819592297
1274359949259345920,negative,0.02059529710232801
1274359949460635649,negative,0.04868413656103167
1274359949502681093,negative,0.08917284233375622
1274359949607546881,negative,0.1122052099851806
1274359949817188353,negative,0.1986289773080335
1274359949875908615,negative,0.02102601543626555
1274359951876657154,negative,0.03174465898319189
1274359952711258115,negative,3.7349596827303356e-05
1274359952837160961,positive,0.880977722113856
1274359953008979968,negative,1.1071183644491722e-08
1274359953315201024,negative,8.875547998667753e-07
1274359953608892416,negative,0.21545626260895218
1274359953856303107,negative,0.007628685414413218
1274359954070278145,negative,8.309045814134184e-09
1274359954317750272,negative,8.443564912871401e-05
1274359956565823488,negative,0.0016590925659476675
1274359956624625664,negative,0.03140120920213366
1274359956989411330,negative,0.00012914313150845904
1274359957056638977,negative,0.0028779006780079394
1274359957182386177,negative,0.22122416942500223
1274359957232791556,negative,0.09825736519277033
1274359957610205187,positive,0.9985502527648222
1274359957626982400,negative,0.05738731705847255
1274359957698330626,negative,0.020234158379767775
1274359957790523393,negative,1.9027470190114964e-05
1274359958297952256,negative,1.6300532801452974e-05
1274359958361047040,negative,0.015548998880221356
1274359959757770757,negative,1.0215832806547675e-05
1274359960894349314,positive,0.8585319019276769
1274359961334747138,negative,0.004843091236173927
1274359961418715137,negative,0.1008595673337973
1274359961485746176,negative,0.01140068344308785
1274359961552904192,negative,0.0021625795954240763
1274359961611653120,negative,0.004693810067053557
1274359961750044680,negative,0.0008484161528824919
1274359961829756929,negative,0.004953939846647833
1274359964740530178,negative,0.18097169728096155
1274359964765741056,negative,0.06670353273629172
1274359965034004481,negative,0.009743281964904272
1274359965315145728,negative,4.8278707517396945e-05
1274359965336178689,negative,0.2645865643069647
1274359965424238592,negative,0.0005833353590071568
1274359965571039232,negative,8.179773483247162e-09
1274359966346985473,negative,0.05786981783095357
1274359968712593418,negative,0.007628685414413218
1274359969043959808,negative,0.10188734314977094
1274359969111068682,negative,0.006098965474353273
1274359969140408321,negative,0.04868413656103167
1274359969555628034,negative,0.0575342231330949
1274359969874423808,negative,0.12244749703687607
1274359970121867265,negative,0.05738731705847255
1274359970126090241,positive,0.763492726677842
1274359970587455488,negative,0.31112370758708396
1274359972139130883,neutral,0.5682238798960078
1274359972806172672,negative,0.0006818120592303095
1274359972890120195,negative,0.029086883954367784
1274359973166944259,negative,1.2594294932747865e-11
1274359974169325568,negative,0.035847021063628984
1274359974198751233,negative,1.1415828081567946e-05
1274359974303617028,negative,4.094846899144288e-05
1274359975289278464,negative,0.0005833353590071568
1274359975343788033,negative,3.535934474168851e-05
1274359977428254723,negative,0.029490447730758915
1274359977487020032,negative,0.2799852519493358
1274359977575055364,neutral,0.3398307959813537
1274359977604415488,positive,0.9803818529516924
1274359978070102016,negative,1.808547030059931e-05
1274359978086862849,negative,0.000495371815490899
1274359978787311618,negative,0.025240039686423448
1274359978799833092,negative,0.07327654202549114
1274359978946637826,neutral,0.3337878492202135
1274359979521314816,negative,2.7451768820991713e-07
1274359979764592640,negative,5.094166772461122e-06
1274359979844218880,negative,0.08632763701783247
1274359979919790082,negative,0.016974313807356974
1274359979953336322,negative,0.0007087748079599391
1274359979978391552,positive,0.9997370820378277
1274359981912055809,negative,0.18320124859298026
1274359982113374208,negative,0.04868413656103167
1274359982427955200,negative,4.8278707517396945e-05
1274359982520180736,negative,3.38794706851042e-05
1274359982746714112,negative,0.0011215207366607506
1274359983350722560,negative,0.008145480032950155
1274359983623344128,negative,0.00014459406381251767
1274359984344780803,negative,0.0002515451409721682
1274359984353095682,negative,0.11941814385678137
1274359985754058753,negative,0.062159889844503366
1274359985925951488,negative,0.22842465546134538
1274359986479599616,neutral,0.3403391890910929
1274359986592854018,negative,0.09740302121089356
1274359987742093315,negative,0.004395291634180353
1274359990296301569,negative,0.05431939966609225
1274359990388744193,negative,0.04868413656103167
1274359990900441089,neutral,0.4471484058472708
1274359991688888321,negative,0.07357333887787552
1274359991739338753,negative,5.373175376165784e-07
1274359991923806217,negative,0.013936139273256595
1274359991999311875,neutral,0.49789225920557484
1274359994226479105,negative,0.08098850789252676
1274359994423468033,negative,0.10399499614065881
1274359994767507459,negative,0.04868413656103167
1274359995174236160,negative,0.003694779450599342
1274359995749015552,negative,9.782089804679564e-13
1274359995749076992,negative,0.18586125870144177
1274359996126425089,negative,0.007175914245973751
1274359996566900737,negative,1.157691023603853e-05
1274359998336942084,negative,0.12608619066782348
1274359998684913664,negative,3.460301311795306e-07
1274359998760357889,negative,4.692607926975091e-09
1274359998966042624,neutral,0.46598398918449585
1274359999188348930,negative,0.04950367973121638
1274360002455629824,negative,0.0011215207366607506
1274360002627633157,negative,0.0008115220845677959
1274360002694832129,negative,0.02632087863703737
1274360002749308929,negative,0.0028480157765644228
1274360002963259397,negative,0.0007432719525061537
1274360003315597312,negative,0.14610368705586602
1274360003571470339,neutral,0.5467018084453114
1274360003714068480,negative,0.18009643922747415
1274360004062121988,negative,3.158777346541935e-11
1274360006880702466,negative,6.399964556858315e-08
1274360007262437376,negative,0.0092744064496032
1274360007266615296,negative,0.02460594107704766
1274360007295856640,negative,1.5336945496457932e-07
1274360008315219968,negative,0.036010654234889694
1274360008411619329,negative,0.005402909033626645
1274360008587849728,negative,2.6483642060587684e-05
1274360010651426817,negative,0.02102601543626555
1274360010684891143,negative,0.02102601543626555
1274360011959857152,negative,0.06840852314398191
1274360012144545792,negative,0.0003699861459532738
1274360012203339776,negative,0.0018777528045142637
1274360012253650944,negative,0.08686242609665243
1274360012266143744,negative,0.0011215207366607506
1274360012597411840,negative,0.003722503096012636
1274360013000249345,negative,0.1482260342194303
1274360013323153413,neutral,0.4723022553037091
1274360014849871876,negative,0.0011215207366607506
1274360014963200000,negative,0.007429235469345096
1274360015021920264,positive,0.9507590582222882
1274360015030231040,negative,0.08917284233375622
1274360015126777858,negative,0.0011215207366607506
1274360015269363716,negative,0.0005833353590071568
1274360015357276160,neutral,0.513136929509853
1274360015894315010,neutral,0.5111067556059521
1274360015978201089,negative,1.9807535827377885e-05
1274360016481464320,negative,0.0014844630561369398
1274360019862065155,negative,0.00014459406381251767
1274360020919083008,negative,0.12773692311892398
1274360021346914307,negative,0.00016823968684374503
1274360023766970369,negative,0.0003833751569251414
1274360023938936838,negative,0.09134408089080437
1274360023968292865,negative,0.2044935214380634
1274360024299683840,positive,0.7112264328727067
1274360024895311874,neutral,0.6250892668885398
1274360025121685504,negative,0.04868413656103167
1274360025369190403,neutral,0.49789225920557484
1274360025402748928,neutral,0.4190935437062381
1274360025419579392,negative,3.3151610001705632e-06
1274360025453035520,negative,0.04868413656103167
1274360025478238209,neutral,0.5606032810713928
1274360027504132099,negative,0.02537453476085868
1274360027709652992,negative,1.9027470190114964e-05
1274360028636475394,negative,0.004843091236173927
1274360028942741506,negative,0.07966183189570789
1274360029005533185,negative,0.0011215207366607506
1274360029219520513,negative,4.491573920022894e-06
1274360029437706245,neutral,0.49789225920557484
1274360029655764994,negative,7.110705026461166e-06
1274360029722882055,negative,0.10399026780722212
1274360031929081858,negative,7.204097688866047e-08
1274360032428163072,neutral,0.4663917579447527
1274360032679931905,negative,0.03462518101766121
1274360032721874944,negative,0.07321471904393306
1274360032981811203,neutral,0.49789225920557484
1274360033007022080,negative,0.003722503096012636
1274360033338368000,negative,0.04868413656103167
1274360033753665537,negative,0.0001328192010410201
1274360033971769348,negative,0.00011234954696950409
1274360034072432641,negative,0.1008595673337973
1274360034168844294,negative,0.002083818670473347
1274360034336681984,negative,0.04868413656103167
1274360036656021504,negative,0.04868413656103167
1274360036677083138,negative,0.002195010748244265
1274360037192994816,negative,0.004843091236173927
1274360037394337792,negative,2.787297328760927e-09
1274360037675237384,negative,0.01683963738870734
1274360038375604224,negative,1.1071183644491722e-08
1274360039084613633,negative,0.0032840455103954687
1274360040829444096,negative,2.787297328760927e-09
1274360041253097473,negative,1.7794852360893976e-06
1274360041785774082,negative,0.0240611926252065
1274360042184155136,negative,2.2607703055852016e-05
1274360042288902144,neutral,0.34204090801782494
1274360042582683648,negative,0.0021625795954240763
1274360044096716802,negative,0.004843091236173927
1274360045065482241,negative,0.003222832135696301
1274360045447385089,negative,0.2623579159242845
1274360045753569287,negative,2.949992497144394e-17
1274360046080712705,negative,0.07013232175629958
1274360046248497153,negative,0.00036384615506492317
1274360049960398851,neutral,0.578479984244387
1274360050077884419,negative,0.0005833353590071568
1274360050103078912,positive,0.8286012028805883
1274360050270851073,negative,0.0011215207366607506
1274360050396680193,negative,0.1237213486482113
1274360052686741506,negative,2.787297328760927e-09
1274360052816764928,negative,0.1290938558687117
1274360053051658245,positive,0.7112264328727067
1274360053353656321,negative,6.701010611258914e-06
1274360053630472193,neutral,0.5704128217843195
1274360053768871936,negative,0.0028779006780079394
1274360054263603201,negative,5.25933231523432e-06
1274360054335131648,negative,0.004843091236173927
1274360054549004295,negative,8.443564912871401e-05
1274360054666444801,negative,0.0014163888369979275
1274360054687424514,negative,3.030725834146778e-10
1274360056834736128,negative,0.004843091236173927
1274360056914599939,negative,0.2799852519493358
1274360057224990720,negative,0.12037063624481859
1274360057912872961,positive,0.8058840005042159
1274360058617495552,negative,0.017981470522138703
1274360058713976834,neutral,0.47371072416927557
1274360058856513537,negative,0.0011215207366607506
1274360059309502468,negative,0.004470980153985234
1274360059330527233,positive,0.7723603041785779
1274360059397537792,negative,0.26173563702389163
1274360059695415297,negative,5.26026616084643e-06
1274360059720589315,negative,0.0008619776594078797
1274360059817013249,negative,0.26192351310595835
1274360061062758400,negative,0.0018980158844752175
1274360061117247489,negative,0.21663218523124433
1274360061578612744,negative,0.006533159281284754
1274360061737996294,negative,0.001536789353869308
1274360061750587395,negative,0.0011171186280900822
1274360061943590912,negative,0.004843091236173927
1274360062006484995,negative,0.001616511283051386
1274360062107095040,negative,0.03303376407787172
1274360062602067969,negative,0.003420226946203081
1274360062656548864,negative,0.275958358184994
1274360063021498368,negative,0.04868413656103167
1274360065655439363,positive,0.897740620973573
1274360066033029120,negative,0.05592593259625326
1274360066339110914,negative,0.29565949125626084
1274360066473328640,positive,0.8468048833601967
1274360067035447297,negative,0.2099273339916406
1274360067492642824,negative,0.0011215207366607506
1274360069510041601,negative,0.04868413656103167
1274360069610668035,negative,0.13949552936821852
1274360070185209857,negative,1.4859045457275542e-05
1274360070244106240,negative,1.1071183644491722e-08
1274360070302728193,negative,0.275958358184994
1274360070915133443,negative,0.0015880427717967674
1274360071372374018,negative,0.015608883452828327
1274360071481438210,negative,1.1071183644491722e-08
1274360074132230144,negative,0.03052754032167091
1274360074157391875,negative,0.07240516000215534
1274360074883006465,negative,0.24041041695884746
1274360075465953287,negative,7.415391594254964e-07
1274360075960881152,negative,0.013515714801531995
1274360075969277952,positive,0.9353106167917037
1274360077772902403,negative,0.21255805558146415
1274360078523662339,negative,0.204102488278265
1274360078569701376,neutral,0.5136446707795853
1274360078611644417,negative,0.03853182978417251
1274360078624317445,negative,0.07509577442231544
1274360078792081408,negative,2.0608364550751496e-06
1274360078896955392,neutral,0.5434481389896015
1274360079094087680,negative,0.09977246573008015
1274360079106670594,negative,0.00014459406381251767
1274360079236694016,negative,0.010155820437218311
1274360079320522758,negative,0.0028779006780079394
1274360079324774403,negative,0.0028779006780079394
1274360079404470273,negative,0.2897207918155794
1274360079870025728,negative,0.00017097216561208291
1274360079886831616,negative,0.29051047539670377
1274360080066990080,negative,0.004843091236173927
1274360080289447939,negative,0.00011009116592078753
1274360082365628416,negative,0.21921412548362115
1274360082956816385,negative,1.1071183644491722e-08
1274360083019894785,negative,0.05592593259625326
1274360083196137472,neutral,0.5216949477463583
1274360083594588163,negative,0.004669549736905236
1274360083623837697,neutral,0.5143447214613424
1274360083623940107,negative,0.0007937866390314965
1274360083950866433,negative,0.0011215207366607506
1274360084001370113,negative,0.00029787951984732905
1274360084072628224,positive,0.9700093824298326
1274360084143972352,negative,2.787297328760927e-09
1274360087092563972,negative,0.007628685414413218
1274360087113580544,negative,1.637839043713939e-08
1274360087335796737,negative,0.010612337458253572
1274360087365259264,negative,2.787297328760927e-09
1274360090418708480,negative,0.004864982248822571
1274360090510921731,negative,0.004843091236173927
1274360091572080642,negative,1.0872528108410854e-05
1274360091718963201,negative,0.01140068344308785
1274360094537498626,neutral,0.49789225920557484
1274360094814121985,negative,9.407462758514004e-12
1274360095359541248,negative,0.00025995428544422664
1274360095384776704,positive,0.8286012028805883
1274360095414145025,negative,0.00026305621507869277
1274360095422504962,negative,0.29761571709333384
1274360096068419600,negative,0.21505759933624696
1274360096445747200,negative,2.188583950754591e-05
1274360099289665539,negative,0.04868413656103167
1274360100191260672,negative,1.6300532801452974e-05
1274360100363403265,negative,0.11634929723504929
1274360101235830784,negative,0.015852711075513337
1274360103148322819,positive,0.8798039430045211
1274360103634898946,negative,0.0004190218512705558
1274360103668518914,negative,0.014935926413789508
1274360104171614210,negative,0.13949552936821852
1274360104989622272,negative,0.04868413656103167
1274360105090326536,negative,9.587824816191965e-06
1274360106306596869,negative,0.0018654133517715717
1274360107518787587,negative,1.8975866285024973e-06
1274360111365062656,negative,0.03962874667877952
1274360112799289344,positive,0.7438857195414984
1274360113034334208,negative,0.06629743649523322
1274360115500584960,positive,0.7690362510244284
1274360115886522368,negative,0.0092744064496032
1274360116486328321,negative,0.00011577126003796717
1274360116666646528,negative,9.209453469884472e-06
1274360117144752129,negative,0.001042844108707351
1274360117664927749,negative,0.0007206278447072315
1274360119761997829,negative,8.35306303946668e-06
1274360120168853511,neutral,0.36490379355738706
1274360120185675781,negative,0.005931087770687032
1274360120500195329,neutral,0.3623067691077438
1274360120575692800,negative,0.129398004896275
1274360124799422464,negative,0.2204772462438479
1274360125155835904,negative,2.6185240142033583e-06
1274360125193666560,neutral,0.42336205801399107
1274360125973725184,negative,0.0005500612242291591
1274360129127952385,negative,2.787297328760927e-09
1274360130390372353,negative,0.07509577442231544
1274360132890234882,negative,0.00012602087930682922
1274360133095653377,negative,0.062159889844503366
1274360134324457478,negative,0.0011215207366607506
1274360136602017792,negative,0.03952295404961664
1274360136891596801,negative,2.3106849692599853e-07
1274360137663287299,neutral,0.37525890839322623
1274360137663352838,negative,0.00015616881481585868
1274360138120540162,negative,0.00029787951984732905
1274360138762158080,negative,0.00040836930608484275
1274360139332628480,negative,1.1071183644491722e-08
1274360141413060609,negative,2.2607703055852016e-05
1274360142042185733,negative,0.25640477556822283
1274360142251782146,negative,0.004843091236173927
1274360143019413504,negative,0.004843091236173927
1274360143036243968,negative,0.004843091236173927
1274360144923590662,negative,0.1439026613224811
1274360145372471296,negative,0.00010472126609286544
1274360145867411456,negative,1.3339547722284552e-05
1274360146655928320,negative,0.2053386921083782
1274360146752425986,negative,0.007628685414413218
1274360149088456705,negative,0.008947942335034965
1274360149482696706,negative,0.00025995428544422664
1274360149545713664,negative,0.0006303622924116255
1274360149721956357,negative,6.165367038736017e-06
1274360149835120640,negative,0.017088259226549732
1274360149994606593,negative,0.01140068344308785
1274360150061576193,negative,1.6300532801452974e-05
1274360151059857410,negative,1.1888399702757299e-06
1274360153408667650,negative,0.004843091236173927
1274360153563959297,negative,0.271581968949276
1274360153580679169,negative,1.9027470190114964e-05
1274360154188910592,negative,0.000157023955872178
1274360154641793030,negative,0.29761571709333384
1274360155090681862,negative,0.008253882948524631
1274360155392671744,neutral,0.39628832891539667
1274360157527592961,negative,5.163396907789389e-08
1274360158806736898,negative,0.00023061354133232544
1274360158823514117,negative,0.01058061203408373
1274360159113003008,negative,0.2617529036331704
1274360159234658304,neutral,0.37426873505003133
1274360159456899072,negative,0.15138301752219674
1274360159632949248,negative,0.0007917011292057314
1274360161864474625,negative,0.2417208868741504
1274360161964974080,negative,0.001616511283051386
1274360162158084097,negative,0.18097169728096155
1274360162573221888,negative,0.005561373008099045
1274360163147960321,negative,0.18097169728096155
1274360165828104192,negative,0.05738731705847255
1274360166138417155,negative,0.00012655821123306118
1274360166469849089,negative,0.06239308982115497
1274360166541033474,negative,1.1071183644491722e-08
1274360167140917251,negative,0.0011215207366607506
1274360167291932672,negative,0.0005540015131708566
1274360170227757057,negative,0.057404815897619185
1274360170299219969,neutral,0.5826016318169452
1274360170328453126,negative,4.5020263475358155e-06
1274360170831925249,negative,1.5831217864046097e-05
1274360171385544706,negative,6.0644638178919855e-06
1274360171792183300,negative,0.18795859623648656
1274360172123770881,neutral,0.5844952997138847
1274360174137028608,positive,0.8871536832120946
1274360174627577863,negative,0.00025995428544422664
1274360174682259458,negative,0.053265149526441694
1274360175407910918,negative,0.3029968537174699
1274360178436161536,negative,0.20851656624289908
1274360178599530496,negative,0.0029063585931650635
1274360178696126471,negative,0.00023187853586365302
1274360178947866624,neutral,0.49818512823882316
1274360179233038336,negative,0.00014459406381251767
1274360179237232643,negative,0.1658915968665257
1274360180545896454,negative,0.00435583006181664
1274360182651355136,negative,0.21870370275762804
1274360182840201219,negative,0.0009378268549114752
1274360183263645702,negative,0.2417208868741504
1274360183569952770,negative,0.004843091236173927
1274360183699976192,negative,0.007298232700916347
1274360183989436416,negative,0.029172843189536238
1274360185079959552,positive,0.7272823401576426
1274360186887684102,negative,0.06242241308467077
1274360187697221634,positive,0.7489582158492529
1274360187726544901,negative,0.15922624373425048
1274360187923677189,negative,0.20381068259756174
1274360188208898048,negative,0.026066491812831258
1274360188649291776,negative,0.012320917362020282
1274360188787658752,negative,0.16451108071011875
1274360191534891009,neutral,0.4507454498615163
1274360192361271296,positive,0.9883173379136605
1274360192679976960,negative,0.1217402207517433
1274360192939905025,negative,0.0024642383664798834
1274360193141391361,negative,0.06980185905562795
1274360193334284288,negative,0.1363585901897884
1274360193594294272,negative,0.22540915355644925
1274360193611182083,negative,0.0003795484033436532
1274360195666370562,negative,0.0011215207366607506
1274360195863494658,negative,0.009338609828235065
1274360196014448640,negative,0.020740762525559737
1274360196119265286,negative,1.1063130400649612e-07
1274360199478939648,negative,0.00014459406381251767
1274360199680339971,negative,0.11199186793547575
1274360199705513985,negative,0.19471960230318192
1274360200397565953,negative,8.768611723949809e-07
1274360200439517186,negative,0.18097169728096155
1274360200775041025,negative,0.0011215207366607506
1274360200825372672,negative,8.123347876440576e-05
1274360200884035586,negative,0.2470052762849793
1274360201165049857,negative,1.1071183644491722e-08
1274360203555848192,negative,0.04903450464842242
1274360203690029056,negative,0.09988079043538062
1274360203773980672,negative,0.29761571709333384
1274360207053926400,negative,0.06620175136491158
1274360207632740353,negative,0.16692430578878073
1274360209197203457,negative,0.017981470522138703
1274360209570439169,negative,0.004257716749216518
1274360211898355712,negative,0.051209352111156334
1274360212078694401,negative,1.0500952585091802e-05
1274360212141506562,negative,1.1063130400649612e-07
1274360213907390467,negative,0.29761571709333384
1274360214301614085,negative,0.09134408089080437
1274360216776257536,negative,0.004843091236173927
1274360216885301248,negative,4.363257631511972e-05
1274360217598394368,negative,0.01140068344308785
1274360217715671041,negative,0.03437514421070066
1274360217816436737,negative,0.13790906241702833
1274360218055573505,negative,0.015859269476485673
1274360218118479872,negative,0.08372468768171766
1274360220479782912,negative,0.0002619169659521643
1274360220588879873,negative,0.00014459406381251767
1274360220861583363,negative,0.0005410412530636816
1274360221268205568,negative,0.0011215207366607506
1274360221360623616,negative,0.1008595673337973
1274360221801107456,neutral,0.59014558221084
1274360222014996482,negative,0.17710841006090336
1274360222711255040,positive,0.7533951936590659
1274360224569274368,negative,5.692839550525292e-09
1274360224749481990,negative,0.275958358184994
1274360224888094721,negative,0.02417131271092168
1274360225651400706,negative,0.019325586389617778
1274360226519621632,negative,0.004843091236173927
1274360229074014209,negative,1.1476885079226272e-05
1274360229174620161,negative,0.1008595673337973
1274360229879320577,negative,0.0001825790795152943
1274360230281916417,neutral,0.38227762192080983
1274360233771634688,negative,0.29761571709333384
1274360234228711426,negative,0.00036384615506492317
1274360234719535105,negative,0.0001654719264642504
1274360234904076289,negative,2.2607703055852016e-05
1274360234912481285,negative,0.2654417857709204
1274360237349355522,neutral,0.41284655950888277
1274360237932281857,negative,0.13949552936821852
1274360237949161473,negative,0.004843091236173927
1274360238427254787,neutral,0.5844952997138847
1274360238477578243,negative,0.022356597237134058
1274360239291355136,negative,0.018652543833705064
1274360242168573954,negative,0.006501171642686924
1274360243192020992,positive,0.897740620973573
1274360243930255364,negative,0.14802736619374862
1274360243951190016,negative,0.0010774206940814721
1274360246111092737,negative,2.697216011730864e-05
1274360248099319809,negative,0.005834100048800238
1274360250322296832,negative,2.1849279404602237e-06
1274360250515283970,negative,0.0436156495744784
1274360250582392834,negative,0.003058937258360322
1274360250829864967,negative,2.2607703055852016e-05
1274360251001733121,negative,0.014425123170264915
1274360251035369473,positive,0.9823774297740512
1274360251702222848,negative,0.06919360840379962
1274360252180414470,negative,0.0011215207366607506
1274360255015579649,negative,0.0011215207366607506
1274360255221284865,neutral,0.553214413256931
1274360255250644993,negative,1.8975866285024973e-06
1274360255821033473,negative,0.32886548260954357
1274360256429203456,negative,0.05154720033522058
1274360258413109251,negative,0.0013198904533242737
1274360258559913986,negative,9.782089804679564e-13
1274360259151265797,negative,0.000943128673234942
1274360263169343488,negative,0.2517706050121777
1274360264339701760,negative,0.10997807039958304
1274360264532475906,negative,0.09965753329704123
1274360266491387904,negative,0.009581080777797013
1274360266524954629,negative,7.694083864662256e-07
1274360267414126593,negative,1.7224494560092647e-05
1274360267615461376,negative,0.008253882948524631
1274360267959349248,negative,0.24875346757363662
1274360271260221442,negative,0.10399499614065881
1274360271994269696,negative,0.041529648076968365
1274360272413736966,negative,0.22338383091995656
1274360275223838721,neutral,0.41374922618725635
1274360276817719296,negative,0.22028980502426931
1274360277065183232,negative,0.11634929723504929
1274360279112060929,negative,0.01140068344308785
1274360279942533120,negative,3.727168520162506e-05
1274360280726765569,negative,0.23540932660475059
1274360283763552257,negative,0.001216151658820225
1274360283943895040,negative,0.19492516030165694
1274360285269299201,negative,0.04868413656103167
1274360285390876672,negative,0.0753349378498962
1274360285768359943,negative,0.0011215207366607506
1274360289736171526,negative,0.0008356448963151039
1274360291996958721,negative,0.29761571709333384
1274360292315725824,negative,0.001616511283051386
1274360292357652482,negative,0.311261045060328
1274360292445696001,neutral,0.4619741558880597
1274360292688961541,negative,0.0038756803950571604
1274360296828801024,neutral,0.35785643069366135
1274360297193603072,negative,0.02102601543626555
1274360297483091968,negative,2.1696129733191414e-05
1274360298217115649,negative,0.038737418440453954
1274360298468790273,negative,0.03239607505961759
1274360300091965444,negative,0.002842946388933867
1274360300733632512,negative,3.978736730995601e-07
1274360301723496448,negative,0.021742177510265318
1274360305351569408,negative,6.933676884668426e-05
1274360305745833985,negative,0.01881309169335235
1274360308803534849,negative,0.024227370749432518
1274360308837089288,negative,0.003931439034253418
1274360309042511872,negative,0.0015660245321694665
1274360309101158400,negative,0.09206559412010505
1274360309181022210,neutral,0.606955622403502
1274360309298454529,negative,0.14422441695466023
1274360310003007488,negative,0.10769292977530812
1274360310208630786,negative,0.06556002638993859
1274360310955204608,positive,0.7707363291485433
1274360311097765894,negative,0.00296877806125098
1274360312733589511,positive,0.8019618255788541
1274360313123680256,neutral,0.49789225920557484
1274360313203306496,negative,0.0005711433626819486
1274360313304043523,negative,0.025139190892179863
1274360313962549248,negative,0.0006303622924116255
1274360313983512577,negative,0.0022722589030714354
1274360314386092032,negative,2.787297328760927e-09
1274360316953006080,negative,0.14454883307334856
1274360317083033602,negative,0.101621547521329
1274360317208940544,negative,0.02102601543626555
1274360317724811264,negative,0.010247283487073126
1274360318005780485,negative,0.07998569771605683
1274360318454628358,negative,0.0002400857791051532
1274360318534324227,neutral,0.49789225920557484
1274360318844710918,neutral,0.49789225920557484
1274360321461891074,negative,0.04868413656103167
1274360322003001344,negative,0.003065677059359148
1274360323068301319,negative,0.10399499614065881
1274360325463314433,negative,0.07917874728064465
1274360325488480257,positive,0.9572347682085854
1274360325710778369,negative,0.04868413656103167
1274360326247657472,negative,0.007306883266102347
1274360326700642304,positive,0.9154351245410529
1274360326809665541,negative,0.0005500612242291591
1274360329636642817,negative,0.10399499614065881
1274360330416795649,neutral,0.40819334745054037
1274360330932629508,negative,0.011648932343092671
1274360331163373568,negative,0.2211841082333547
1274360331263975425,negative,4.0294482488999696e-06
1274360331285008389,negative,6.681706808971135e-05
1274360331553341441,negative,0.0026008955551164174
1274360333889667075,negative,0.006549827257619109
1274360333914779649,negative,0.015548998880221356
1274360334191603714,negative,0.043181144552809414
1274360334325878784,negative,0.0566997431347187
1274360335462551552,negative,0.00010479146884389531
1274360335483404288,negative,0.0006192077633511894
1274360335579963392,negative,5.686518028202719e-06
1274360337819750402,negative,0.006812636562690789
1274360337869963266,negative,0.22122416942500223
1274360338016882688,negative,0.041756007802269936
1274360338486628353,positive,0.9572347682085854
1274360338918576128,negative,0.04868413656103167
1274360338947944448,negative,2.6483642060587684e-05
1274360342240354305,negative,0.29761571709333384
1274360342357868545,negative,0.04480011720376883
1274360342534131712,negative,0.21855106485100378
1274360342664151041,negative,0.13949552936821852
1274360342722818054,negative,0.021110831624040434
1274360343133913088,positive,0.8167066301350949
1274360343242866691,negative,0.0028779006780079394
1274360343452581888,negative,5.4829442453693136e-05
1274360343783976965,negative,0.0013612402755803271
1274360344069185536,negative,1.4740643186484637e-05
1274360344199258112,positive,0.9928886966371381
1274360346317410309,neutral,0.4780350104355538
1274360346598232067,negative,0.2634075111766025
1274360346686509056,neutral,0.5467018084453114
1274360347076571138,negative,0.2417208868741504
1274360348443734018,negative,0.00043346719967764425
1274360348620083203,negative,0.07327654202549114
1274360349437853696,negative,0.04868413656103167
1274360350662701056,negative,0.2394110094948839
1274360351111462914,negative,0.004845512593524563
1274360351182802944,negative,0.00011835175499575121
1274360351870631938,neutral,0.35577744981471515
1274360352705335296,negative,4.947912559625766e-10
1274360353393172481,neutral,0.6150773711842229
1274360353485254657,negative,0.00871136587818132
1274360354924105729,positive,0.6764156713663232
1274360355037360128,negative,0.06995024004123228
1274360355188281346,negative,0.014026828412018614
1274360355238694915,negative,0.01679581827175106
1274360355276369924,negative,0.02738764886718594
1274360355658125314,negative,0.004930072256818449
1274360355724988417,negative,0.019544565461810527
1274360355800715265,negative,0.09027841743301714
1274360355813236736,neutral,0.34644156328004355
1274360356262096896,negative,0.2270894291327216
1274360356492783626,negative,0.0008406215706784718
1274360356723277824,negative,0.023732173558476437
1274360356874399745,negative,0.08680912766766295
1274360358845603840,negative,0.00021285026976219858
1274360359197925377,negative,1.1071183644491722e-08
1274360359676260353,positive,0.8798039430045211
1274360360074727424,positive,0.9997370820378277
1274360360435355648,positive,0.914488869017773
1274360360556916736,negative,0.2799852519493358
1274360360972279813,negative,8.875547998667753e-07
1274360363132354563,negative,0.29761571709333384
1274360363551686657,negative,0.02693981886510719
1274360363694403584,neutral,0.34859293874221986
1274360363803344905,negative,0.0798813010626473
1274360363891523584,positive,0.9357008006204267
1274360364759748616,positive,0.897740620973573
1274360365086900228,neutral,0.4780350104355538
1274360366609256450,negative,4.319194916105919e-06
1274360367238443011,negative,8.123347876440576e-05
1274360367792168962,negative,0.018220451514098804
1274360367796424705,negative,0.0021611806441212624
1274360367976558594,negative,0.0572308836789723
1274360368089923584,negative,0.004427865377390981
1274360368136159234,neutral,0.3308723433454697
1274360368190631942,negative,0.0028480157765644228
1274360368660467717,negative,0.001102310072806244
1274360369100861445,negative,0.05603558800133637
1274360369297780736,negative,0.004843091236173927
1274360369327362050,negative,1.7794852360893976e-06
1274360369436377090,negative,0.05250382181698612
1274360371663572994,negative,0.04868413656103167
1274360371860647936,negative,0.042035747820811535
1274360372191916033,negative,0.0005618568886517107
1274360372368232448,negative,0.18795859623648656
1274360372531732481,negative,0.12351301191306997
1274360372993183745,negative,0.09871824648842882
1274360373018333184,negative,0.014133905232716477
1274360373509054467,negative,0.08848338491495131
1274360373551009792,negative,0.011346763904488312
1274360373668466689,negative,0.002366686782086095
1274360375610421250,negative,0.08686242609665243
1274360375815831552,negative,0.2394110094948839
1274360376822546432,negative,0.08501573180126992
1274360376889675779,negative,0.0007726186348807616
1274360377187450881,negative,0.002983117132021749
1274360377254596615,negative,0.003382164135716937
1274360377481089024,positive,0.9909980962122771
1274360377577484290,negative,0.20239329743009857
1274360377736904704,negative,0.01517179266772469
1274360379871723520,negative,0.04868413656103167
1274360379913756672,negative,0.027011211504563305
1274360379955490821,neutral,0.49789225920557484
1274360380555395074,negative,0.18180920792767447
1274360380555476995,negative,0.02102601543626555
1274360380597383169,negative,0.11211298304992452
1274360381008490496,neutral,0.49789225920557484
1274360381411033093,negative,0.32886548260954357
1274360381549563905,negative,0.004843091236173927
1274360381666983940,negative,0.0005833353590071568
1274360385588486146,neutral,0.5238683594003597
1274360385630396417,negative,0.001616511283051386
1274360386238787586,negative,0.0001687442332708063
1274360386612080640,negative,0.0044533421655765576
1274360388881133569,negative,1.1271242453746647e-05
1274360389548093440,negative,0.028554153226560873
1274360389631913984,negative,2.8127757729701084e-05
1274360390059806720,neutral,0.5103843355572906
1274360390487547904,negative,0.2799852519493358
1274360393062707200,negative,1.1071183644491722e-08
1274360393322938368,negative,0.00025995428544422664
1274360394816073729,negative,0.22301010244854974
1274360396535734279,neutral,0.39460988524084456
1274360397018157057,negative,0.07509577442231544
1274360397223604225,negative,0.0005585228046487198
1274360397525667845,negative,0.0006303622924116255
1274360398020567040,negative,1.544783798509304e-07
1274360398716768257,negative,0.22122416942500223
1274360401183100928,positive,0.8798039430045211
1274360401275359232,negative,0.010767215818475777
1274360401468125184,negative,0.0011215207366607506
1274360402130894851,negative,0.03431428492381465
1274360402260918274,negative,0.01775963153981743
1274360402672050182,negative,0.023732173558476437
1274360402772705283,negative,0.22091043472371724
1274360403087241217,negative,0.01517179266772469
1274360404987314176,negative,1.0778207374475568e-08
1274360405603815425,negative,0.004843091236173927
1274360406069456896,negative,0.017915356226959823
1274360406346207232,negative,1.5250590009404766e-05
1274360406631473152,negative,0.00871136587818132
1274360407419912192,neutral,0.5844952997138847
1274360407529074688,negative,0.0257717878253812
1274360409487794177,negative,0.004843091236173927
1274360409835921408,negative,0.2184320171686941
1274360410632867843,neutral,0.3623067691077438
1274360410678804481,negative,0.017981470522138703
1274360410871906304,negative,0.00012725034647476801
1274360411261894657,negative,0.00021141921140676293
1274360413824716800,negative,0.05372119580224316
1274360414189608961,negative,0.038153568964844585
1274360414948724737,negative,0.002243710225097574
1274360415061934082,negative,2.1849279404602237e-06
1274360415359832069,negative,0.16451108071011875
1274360415485599744,positive,0.7862674322241531
1274360415724744705,negative,0.18097169728096155
1274360417532477440,negative,0.008885235469082677
1274360418320945156,neutral,0.34863575873693914
1274360419738583040,negative,0.22915103025480452
1274360419952537601,negative,2.50366753490231e-07
1274360420103569408,negative,0.0006608261363806429
1274360420137140225,negative,0.026141381877069415
1274360421097582598,negative,2.1655639661251974e-06
1274360421789700101,negative,0.0023763880365369615
1274360423056367616,negative,0.19471960230318192
1274360424276819969,negative,5.25933231523432e-06
1274360425061273605,neutral,0.6020347380261928
1274360427518914561,negative,0.2897207918155794
1274360427598807041,negative,0.020384887355742974
1274360427628150785,positive,0.8662198281415374
1274360427674304513,negative,0.0018153409973280076
1274360428362162176,negative,0.007628685414413218
1274360428488019969,negative,0.09965753329704123
1274360428508991490,negative,0.00014459406381251767
1274360428622237697,neutral,0.3623067691077438
1274360430073458689,negative,0.13790906241702833
1274360430572511234,negative,0.005830631186084946
1274360431256260614,negative,0.0063842897285104104
1274360431386099714,negative,1.8975866285024973e-06
1274360431440773125,negative,0.04817235380553318
1274360432090910720,negative,0.2617529036331704
1274360434485649408,negative,1.1071183644491722e-08
1274360434506727427,negative,0.0004025770278018268
1274360435165130752,negative,0.014586677237972023
1274360435169464322,negative,0.11199186793547575
1274360436469764096,negative,0.003222832135696301
1274360436616507393,negative,0.271581968949276
1274360438684291074,negative,0.00025831194759538925
1274360438873108482,negative,0.11209402988404557
1274360438982086656,negative,0.017915356226959823
1274360439003066370,negative,0.02192404892017421
1274360439531544578,negative,0.18601534943640768
1274360439552516096,negative,3.2662011622819535e-05
1274360440051634178,negative,0.1484124147537912
1274360440563347456,negative,2.487225839447915e-06
1274360440689250305,negative,0.0017123330724978876
1274360442891231232,neutral,0.5136446707795853
1274360442958340097,negative,0.000909337253031923
1274360442991845376,negative,2.8272264378380468e-05
1274360443025469442,negative,0.0035408109608064857
1274360443264536576,negative,0.006842655702366206
1274360443281256450,negative,0.0005600990971375839
1274360443759398912,negative,4.142530367824292e-10
1274360444417957888,negative,0.002448231935363688
1274360444967424000,neutral,0.3623067691077438
1274360446850609152,negative,0.014818830975160267
1274360447056203777,negative,0.05592593259625326
1274360447479640064,negative,8.123347876440576e-05
1274360448155082756,negative,0.05856538091276087
1274360448205414408,negative,0.3270791114858301
1274360448289320962,negative,2.2607703055852016e-05
1274360448746500099,neutral,0.4190935437062381
1274360451292332032,negative,8.72965302300608e-05
1274360451527258113,negative,0.013973349715236835
1274360452538150912,neutral,0.42507619662732005
1274360453137825792,neutral,0.3795278330841397
1274360453284626435,positive,0.8515051257943583
1274360455562252289,negative,0.17085650338555278
1274360455595732993,negative,0.02062566971707907
1274360455599984640,negative,7.0191602464290676e-06
1274360456547717121,negative,5.4829442453693136e-05
1274360456719761408,negative,0.0020784651751994364
1274360456724074496,positive,0.9572347682085854
1274360456925380608,positive,0.9723146888684383
1274360456967266304,negative,0.06788235341196644
1274360459915931648,negative,0.06223953499155721
1274360461182590976,negative,2.8684135424564705e-05
1274360462059008001,negative,0.0011215207366607506
1274360462180835328,negative,3.5970588453184627e-06
1274360464131215360,positive,0.8286012028805883
1274360464332533760,negative,0.17085650338555278
1274360464672272385,negative,0.2700152070006991
1274360465188159488,negative,0.21539775187111218
1274360465607532544,negative,2.2607703055852016e-05
1274360468996526086,negative,0.01140068344308785
1274360469248258050,negative,0.0010774206940814721
1274360469994823683,negative,0.29565949125626084
1274360473429950467,negative,0.0007863491693785821
1274360473836752901,negative,1.1071183644491722e-08
1274360473916518400,negative,0.033634501857666046
1274360476412018690,positive,0.6615651692206895
1274360477028581376,negative,1.1071183644491722e-08
1274360477125095425,negative,0.0012655814615645468
1274360477175500800,negative,0.00017521331548528554
1274360477380796418,negative,0.004843091236173927
1274360477490057220,positive,0.7916769484251026
1274360480530862082,negative,0.02738764886718594
1274360480711282688,negative,0.019361286323906317
1274360480727875585,negative,0.03341346180620938
1274360481357148160,negative,0.04414466288842822
1274360481617231872,negative,0.02722037857733356
1274360481910849537,negative,0.018220451514098804
1274360481973784576,negative,0.00025995428544422664
1274360484762988544,negative,0.0010774206940814721
1274360485329219585,negative,0.16101081667552014
1274360485769592832,negative,0.003058937258360322
1274360485845045248,negative,0.1350436872981014
1274360485954150400,negative,0.0024708133006010875
1274360485991899137,negative,0.007104468342226419
1274360486318964738,negative,0.04817235380553318
1274360486499430400,neutral,0.5371233598181144
1274360488797835264,negative,0.0021625795954240763
1274360489359945728,negative,0.00021141921140676293
1274360489703878659,negative,0.0007863491693785821
1274360489850679296,negative,0.06992141341887977
1274360489859047424,negative,1.2575576879836774e-10
1274360490156871681,negative,0.0609687120746724
1274360490169425920,negative,0.001100177795245038
1274360490861477894,negative,4.363257631511972e-05
1274360493134798848,negative,3.1189717080951466e-10
1274360493629636609,negative,0.3068863236225354
1274360493843664896,negative,0.0033342920858505662
1274360494443372546,negative,0.23855500076556868
1274360494686642177,negative,0.2654417857709204
1274360495064088576,neutral,0.49789225920557484
1274360495084953602,negative,0.001616511283051386
1274360495642947585,negative,0.004427865377390981
1274360497505210370,negative,0.017981470522138703
1274360498256064514,positive,0.8955257998272363
1274360498264432640,negative,0.00021335106041440733
1274360498562240514,negative,0.06890303829197929
1274360498784481282,negative,0.004545226477745859
1274360498822230022,neutral,0.49789225920557484
1274360499010973703,negative,0.061721186948758416
1274360502215475200,negative,0.03303376407787172
1274360503318523907,negative,4.547475594547499e-07
1274360503775703040,negative,0.01593948934424741
1274360503851196417,negative,0.05548285078597709
1274360504203579393,negative,0.12560853143761555
1274360504476188673,negative,0.01140068344308785
1274360505960980483,negative,0.004843091236173927
1274360506057457670,neutral,0.37426873505003133
1274360506338459654,negative,0.09965753329704123
1274360506502037504,negative,0.001616511283051386
1274360506686603267,neutral,0.4507454498615163
1274360507047215105,neutral,0.34204090801782494
1274360507147997185,negative,0.09977246573008015
1274360509781782530,negative,0.004843091236173927
1274360510008393729,negative,0.31609996668142204
1274360511505879040,negative,0.029244268885268345
1274360513963704320,negative,1.7224494560092647e-05
1274360514521501698,neutral,0.49789225920557484
1274360515423330306,negative,0.004843091236173927
1274360515515408384,negative,0.004843091236173927
1274360518388506625,negative,0.2945911720623878
1274360519231709184,negative,0.009859176659720768
1274360522360709128,negative,0.12267124056748523
1274360528530485253,negative,1.7240898212433143e-05
1274360531781128192,negative,0.0005500612242291591
1274360531902771202,neutral,0.5136446707795853
1274360532217233409,negative,0.004427865377390981
1274360532624125954,negative,7.627933086616166e-06
1274360532896800769,negative,0.011448849023057617
1274360535044292613,negative,0.0011215207366607506
1274360535241363456,negative,0.0011215207366607506
1274360535916691457,neutral,0.48728019602140255
1274360536134823936,negative,0.0007863491693785821
1274360539758690304,negative,0.022156212365644353
1274360540622721026,negative,0.00021336472696121476
1274360540677185537,negative,0.08864619246378079
1274360541465755651,negative,0.004380456903233802
1274360541507698691,positive,0.994222142511304
1274360542128455682,negative,7.586532606094303e-06
1274360543462260740,negative,1.7240898212433143e-05
1274360544431087616,negative,0.29761571709333384
1274360544607326209,negative,0.01140068344308785
1274360545186131970,negative,0.02014245501202518
1274360548851888130,negative,6.862817373478237e-08
1274360549552402433,negative,0.0016774036314072347
1274360549824966658,negative,0.04505374058091772
1274360552425508864,negative,0.26152980327329134
1274360552442277888,neutral,0.552568573050955
1274360552458981381,negative,2.4218107640353517e-06
1274360552861597700,negative,0.0002619169659521643
1274360553318821890,negative,0.0011616602033304498
1274360557282492418,negative,0.04868413656103167
1274360560100859904,negative,0.0011215207366607506
1274360560621101056,negative,0.07998569771605683
1274360561430671362,neutral,0.3458414798855197
1274360561501962245,negative,0.01140068344308785
1274360562210791425,negative,0.04868413656103167
1274360564278575112,negative,7.149789981576576e-05
1274360564765032449,negative,0.0599197869965382
1274360565171990529,negative,1.1794799485247887e-05
1274360565507514370,negative,0.04868413656103167
1274360565515931648,negative,0.13698486512748936
1274360566040100864,neutral,0.46598398918449585
1274360566061113345,negative,0.0018153409973280076
1274360568514666497,negative,0.09838198868497601
1274360568657444866,negative,0.00021020526819592297
1274360569043144707,negative,0.29761571709333384
1274360570150563840,negative,0.02102601543626555
1274360570179969025,negative,0.02059529710232801
1274360570989490178,negative,0.03302524088396614
1274360573459927041,negative,0.04868413656103167
1274360574537863170,negative,0.17981282980503863
1274360575255097344,negative,0.04817235380553318
1274360577251373057,negative,0.0011215207366607506
1274360577373110279,negative,2.2607703055852016e-05
1274360578375667714,negative,0.11369121056381745
1274360582460846080,negative,0.00016298820562833793
1274360582846676998,negative,0.13949552936821852
1274360583413006339,negative,0.09034858103801925
1274360585719857155,negative,0.10997807039958304
1274360585963147266,negative,0.0002241251869321983
1274360586206351360,neutral,0.4577266631686934
1274360586437042176,negative,7.75257430724357e-08
1274360587150032897,negative,0.07509577442231544
1274360587913289728,negative,0.010750794171078614
1274360587997384706,negative,0.0001230182950073917
1274360589461184515,negative,0.001616511283051386
1274360589670850560,negative,4.319194916105919e-06
1274360589964451847,negative,0.04414466288842822
1274360591235284992,negative,1.5369600853386779e-06
1274360591340183552,negative,5.25933231523432e-06
1274360594267856896,negative,0.013078381243939103
1274360595219992576,negative,0.004845512593524563
1274360596402540544,negative,0.021599923945284233
1274360596524232706,negative,0.003401178487566604
1274360596675416064,negative,0.0008006732688204739
1274360597648375808,negative,0.041451217437057805
1274360598399254531,positive,0.897740620973573
1274360598520791042,negative,9.599187577909308e-05
1274360598621556737,negative,0.1328524067951867
1274360598952886273,negative,0.04931381643654759
1274360599569301504,negative,2.8684135424564705e-05
1274360600127311874,negative,8.72965302300608e-05
1274360602157363200,neutral,0.49789225920557484
1274360602299895814,negative,0.02032329941541062
1274360602681638915,negative,0.22635194902967484
1274360602954289153,negative,0.0006689480483572178
1274360603373637632,negative,0.02460594107704766
1274360603528888325,neutral,0.6171116950929374
1274360603604406273,negative,0.0038666393862494554
1274360603688284166,negative,0.017964187386612908
1274360606339018752,negative,0.0575342231330949
1274360606687141889,negative,5.692839550525292e-09
1274360606867558400,negative,2.088422457257334e-05
1274360607387660289,neutral,0.47840844706262076
1274360607849021440,negative,0.22915103025480452
1274360608587231234,negative,0.04346814868012629
1274360610533367809,neutral,0.59014558221084
1274360610650755073,negative,0.09965753329704123
1274360610734497799,negative,0.001616511283051386
1274360611007315968,negative,9.186130519982776e-06
1274360611028250624,negative,1.9027470190114964e-05
1274360611380563968,negative,0.0720783183758873
1274360612139622400,negative,0.019546449649552176
1274360612307361794,negative,0.008041128212402507
1274360615579070467,negative,0.010597021059423312
1274360616166268928,negative,0.00040836930608484275
1274360616430514176,negative,0.003533987013392499
1274360616803803136,negative,0.0002985557788687372
1274360616803872768,negative,0.0021625795954240763
1274360617030295552,negative,0.01140068344308785
1274360618947051522,negative,4.864359754624921e-05
1274360619169468416,neutral,0.46196859664443296
1274360619576242178,negative,0.13949552936821852
1274360621052628998,negative,0.0022895780013691535
1274360623028207617,negative,1.0707508760226773e-06
1274360623145639936,negative,0.020384887355742974
1274360623405678592,positive,0.897740620973573
1274360623443390465,negative,0.0020784651751994364
1274360627218264065,neutral,0.33564165397068296
1274360627436441601,negative,0.0004967749784941818
1274360627671322625,negative,0.020384887355742974
1274360628883357697,negative,0.00014459406381251767
1274360629336424448,negative,0.08837725763756413
1274360629428658177,negative,0.26117223799117334
1274360631508865026,negative,0.14197236713123318
1274360631571951618,negative,4.864359754624921e-05
1274360631676809217,negative,2.0434850501574554e-11
1274360631886577664,negative,0.0007205096244652608
1274360632008044545,negative,0.004559162914994628
1274360632066953216,negative,0.2417208868741504
1274360632096120832,negative,2.3591506432880444e-10
1274360632138174466,negative,0.023324154226963233
1274360633220366336,negative,0.0010440465363097198
1274360633413316608,negative,0.05868960347054913
1274360633614532608,negative,0.15586209217813002
1274360635866873857,negative,0.0006875016419692646
1274360636001091587,negative,0.018184230061610487
1274360636714205186,neutral,0.49789225920557484
1274360637024604162,negative,0.0024708133006010875
1274360637376905216,negative,3.7986489746946426e-05
1274360639830573060,negative,0.10507689887971126
1274360639901884421,positive,0.990955449951103
1274360640086237186,negative,0.0011215207366607506
1274360640887455744,negative,0.002321840444079629
1274360641566969857,negative,1.6972726016008766e-05
1274360641910738944,negative,0.09740302121089356
1274360642758115329,negative,0.00014459406381251767
1274360643076923394,negative,0.0107920153527365
1274360643982745600,positive,0.9999613543702093
1274360644205187072,negative,0.00014459406381251767
1274360644490403840,negative,5.692839550525292e-09
1274360644809232384,negative,0.000157023955872178
1274360644997873667,negative,0.003722503096012636
1274360645119508481,negative,0.31609996668142204
1274360645505482753,negative,0.009757614495724331
1274360645748744192,negative,0.12720409749564066
1274360645941628929,negative,0.006163634329204779
1274360648751820800,negative,8.757684413182992e-05
1274360648944812041,negative,0.028299755563225136
1274360652606459904,negative,9.782089804679564e-13
1274360652824342529,negative,0.2799852519493358
1274360653608890370,negative,3.5641263576678966e-06
1274360654267322368,negative,0.0033684613006789935
1274360654493700096,negative,2.2607703055852016e-05
1274360654602948609,negative,1.3505707275615712e-09
1274360655085096960,negative,0.13949552936821852
1274360656842588161,negative,0.01140068344308785
1274360657333440513,negative,6.70260647786244e-06
1274360657660596224,negative,0.02933816583627622
1274360657778036736,negative,0.009811840977752513
1274360661171154945,negative,0.10475710886907225
1274360662362222592,negative,0.015480768248416873
1274360662542647297,negative,0.05814451259550101
1274360665248063491,negative,0.019325586389617778
1274360665814249473,positive,0.999570487761318
1274360665973706752,negative,0.003401178487566604
1274360666325803009,negative,0.011448849023057617
1274360666590240769,negative,5.820756122585823e-06
1274360669958221825,negative,2.9018454877138673e-06
1274360670188945409,negative,2.6457345383728976e-05
1274360670876831744,neutral,0.5043370007876703
1274360670994251777,negative,0.01140483210208716
1274360671367499777,negative,0.06907668561601457
1274360671627509760,negative,0.09981999271716979
1274360672198017024,negative,0.28712521764998056
1274360673422770179,negative,0.004843091236173927
1274360674043518978,negative,0.03113729157679135
1274360674492264448,neutral,0.49789225920557484
1274360675024896001,negative,0.0024708133006010875
1274360675477991430,negative,0.20398896658889754
1274360677646454784,negative,0.0015420172967551752
1274360677679988736,negative,0.05592593259625326
1274360678007087105,negative,0.017858460822571993
1274360678460129280,negative,1.0688520506820693e-07
1274360678472654850,negative,0.061373998146259816
1274360681815404545,negative,0.020384887355742974
1274360683610718209,negative,0.043181144552809414
1274360683694522373,negative,0.005946676055000501
1274360683992416261,neutral,0.38275557527819853
1274360684395012100,negative,6.179342267073135e-07
1274360684592205824,negative,0.00014459406381251767
1274360686085316608,negative,0.27088444422760394
1274360686366167040,negative,0.2417208868741504
1274360686404087808,negative,4.7015324095053827e-07
1274360687112998912,negative,0.022030875783705134
1274360687435939842,negative,7.675914764824126e-07
1274360688010498052,negative,0.09965753329704123
1274360688320839680,negative,0.00014459406381251767
1274360688375447558,negative,0.012050042804756194
1274360690313236480,negative,2.5821072418272434e-07
1274360690984267777,positive,0.9700093824298326
1274360691013693442,neutral,0.59014558221084
1274360691282120704,negative,0.06271192618027556
1274360691688906752,negative,0.00014459406381251767
1274360694314610688,negative,0.17085650338555278
1274360695308660738,neutral,0.49789225920557484
1274360695929417730,negative,0.00027535929484546307
1274360696260755457,neutral,0.6592116967931048
1274360698785562624,negative,0.003222832135696301
1274360698840199168,negative,0.04817235380553318
1274360699205099524,neutral,0.351958820821892
1274360699616219137,negative,0.00014459406381251767
1274360700148813828,positive,0.9082953138964982
1274360702724177920,negative,0.03533145640752808
1274360703042764801,neutral,0.626006078325516
1274360703286218752,negative,0.10051599059466801
1274360704095707138,negative,0.020511906854823254
1274360704448028673,positive,0.907739789767199
1274360707073683457,negative,0.12863008765483952
1274360707933405186,negative,0.001616511283051386
1274360708000616449,negative,0.006678682696192596
1274360711301521408,negative,0.00678874577979029
1274360711867764739,positive,0.8798039430045211
1274360713193062403,negative,0.16451108071011875
1274360716909297667,negative,0.09965753329704123
1274360719551672322,negative,0.0564445121560754
1274360719987953666,negative,0.0011215207366607506
1274360720151457803,negative,0.0015541926667786878
1274360721099427842,negative,0.29761571709333384
1274360721162240001,negative,0.07806701099493803
1274360721221005312,negative,2.2607703055852016e-05
1274360721342713856,negative,0.13841236269547977
1274360723855093761,negative,0.007414573679550109
1274360724236775425,negative,1.2142951356898647e-05
1274360724521918470,negative,0.011050777723944884
1274360725595721728,neutral,0.49789225920557484
1274360725750808576,negative,0.015977674023607547
1274360727776702465,negative,1.0707508760226773e-06
1274360728359776256,negative,0.01140068344308785
1274360729479581699,neutral,0.4567939863166965
1274360732025577473,negative,0.20239329743009857
1274360732080095232,negative,0.04868413656103167
1274360732306608128,neutral,0.42316074363633727
1274360732650364928,neutral,0.4723022553037091
1274360733891952644,negative,0.08868343724657549
1274360734051381249,negative,0.0013610565003797483
1274360734235922432,negative,0.2192931406874439
1274360734235996161,positive,0.9565215304421838
1274360736576352257,neutral,0.5143447214613424
1274360736836464643,negative,3.0558703481481436e-05
1274360737641758723,negative,0.23540932660475059
1274360737788571648,negative,0.047297378407954255
1274360738157596680,negative,4.648462757562981e-05
1274360740451962882,negative,0.01140068344308785
1274360740799934465,negative,0.02722037857733356
1274360741068517376,negative,0.29761571709333384
1274360741504655360,negative,0.00029787951984732905
1274360742305607684,negative,0.003722503096012636
1274360742305726465,negative,0.2417208868741504
1274360744897769474,negative,0.0325205013386073
1274360745371762693,negative,0.21811271034362895
1274360746294431744,negative,0.0018153409973280076
1274360746563035141,negative,0.07594108523524536
1274360746785341440,neutral,0.5111067556059521
1274360748958011394,negative,0.01140068344308785
1274360749951979520,negative,0.001102310072806244
1274360753181638656,negative,0.028178299593110946
1274360753638608896,negative,0.004843091236173927
1274360759082979329,negative,0.01140068344308785
1274360759129190401,negative,0.12353549838702395
1274360761712807937,negative,0.13949552936821852
1274360767438098432,negative,0.2652539761676133
1274360767916265472,negative,0.2945911720623878
1274360772563435521,negative,0.0002619169659521643
1274360773960249344,negative,5.759837341306655e-05
1274360774782312449,negative,6.179342267073135e-07
1274360775382052867,positive,0.9400995602577226
1274360778217402369,negative,1.216124962646072e-05
1274360778343108611,negative,0.29761571709333384
1274360778540359687,negative,0.20744380517055297
1274360778892722176,negative,0.04817235380553318
1274360779861561345,neutral,0.44251732125784904
1274360782675943424,negative,0.00032382341247739853
1274360782701068288,negative,7.575958754361748e-07
1274360782705299456,positive,0.8099108758648734
1274360783183294470,negative,6.053080673863079e-09
1274360783783198724,negative,0.10519942712104578
1274360784844402690,negative,0.0021625795954240763
1274360786648010752,negative,0.09847876300005037
1274360788304756737,neutral,0.5467018084453114
1274360788812259329,negative,0.1848811864330742
1274360788950626304,negative,0.002139802334854568
1274360789001023489,negative,1.0776177905648512e-05
1274360790347403265,negative,7.647680100499931e-05
1274360790909411331,negative,0.026053832370272683
1274360791987347457,negative,1.7240898212433143e-05
1274360792075374592,negative,0.00014459406381251767
1274360795032367104,negative,0.01909566837938522
1274360795921633281,negative,0.288724052987041
1274360797041475585,neutral,0.38173543991305214
1274360797234429952,negative,0.2654417857709204
1274360799981703169,negative,0.015052231496405227
1274360800069771264,negative,0.0021625795954240763
1274360800459833344,negative,1.157691023603853e-05
1274360800774414336,neutral,0.5111067556059521
1274360801277739011,negative,1.0707508760226773e-06
1274360803383218176,negative,0.01778617489644888
1274360803383226369,neutral,0.449727731624377
1274360804012437508,negative,0.06919360840379962
1274360804717060098,negative,0.14670329401186838
1274360805476249601,negative,0.04011776875518827
1274360805606260736,negative,0.04154225416710135
1274360807816523777,negative,0.09965753329704123
1274360808089227267,negative,0.057641714927657434
1274360808110034944,negative,0.29761571709333384
1274360808147804165,neutral,0.3913919011489233
1274360808529510401,negative,0.016524945912930918
1274360808655462400,negative,9.782089804679564e-13
1274360808655540226,negative,0.038302860042179046
1274360809079091200,negative,0.04817235380553318
1274360809297186816,neutral,0.45624589168551893
1274360809410441217,negative,0.003401178487566604
1274360811838980096,negative,0.1237213486482113
1274360811893534720,negative,0.07390617021341048
1274360812073779201,negative,0.02767837041596725
1274360812430385152,neutral,0.5598062641785088
1274360812551966720,negative,8.123347876440576e-05
1274360812598157312,neutral,0.5238245624508951
1274360812921028608,positive,0.7110909485414192
1274360813172797446,positive,0.9988711711263578
1274360813332172800,negative,0.004427865377390981
1274360816670838784,negative,3.929682506391659e-05
1274360817094397953,negative,0.05752850788495099
1274360817425813504,negative,3.230190291167591e-07
1274360818424037377,negative,0.029572503522757535
1274360820336603137,negative,0.01024459341701663
1274360820382621696,negative,0.008753189561332158
1274360820563095554,negative,0.08489519573120914
1274360820982525952,negative,8.72965302300608e-05
1274360821204652032,negative,8.123347876440576e-05
1274360821448151041,neutral,0.5765941418132207
1274360821477527552,negative,7.617287949230833e-06
1274360821691408386,negative,0.04786789976032005
1274360822156931072,positive,0.7296204036310899
1274360824749076480,negative,0.2658945264006065
1274360825243992065,positive,0.7682034734213208
1274360825298501637,negative,0.0011215207366607506
1274360826007298051,negative,8.72965302300608e-05
1274360826263199745,negative,8.72965302300608e-05
1274360826409910274,negative,0.020384887355742974
1274360827139616768,negative,3.000482141930307e-06
1274360829027237890,negative,0.00015780592899662289
1274360829039857666,negative,0.0385209442721981
1274360829060747264,negative,0.00012914313150845904
1274360829434003456,negative,0.022058174672311495
1274360829551534080,negative,0.003999201346855446
1274360829744500736,negative,0.04817235380553318
1274360830008725509,negative,2.2607703055852016e-05
1274360830012919809,negative,0.00013526412901268157
1274360830163853317,negative,0.0006126942771581928
1274360830755250176,negative,0.00030373989889860776
1274360832726630403,negative,0.3081093421740523
1274360832793751552,negative,0.0017326825352231665
1274360833435287552,negative,0.023732173558476437
1274360834047774720,positive,0.998170342136545
1274360834924388353,neutral,0.6020347380261928
1274360835037683712,negative,1.9684284881358229e-10
1274360836979654656,negative,0.11211298304992452
1274360837650690050,negative,0.08686242609665243
1274360837864673281,negative,1.9901289411712417e-07
1274360838179127296,negative,5.0981549014343495e-06
1274360838191800320,negative,0.2417208868741504
1274360838489505794,negative,0.0006790485241959897
1274360838820896770,negative,0.005672239251377136
1274360838946725888,negative,0.007628685414413218
1274360841270439936,negative,1.9684284881358229e-10
1274360841547194369,negative,1.157691023603853e-05
1274360842176417797,negative,0.004843091236173927
1274360842465742849,negative,0.004938334719639937
1274360842893635584,negative,0.003222832135696301
1274360842906210306,negative,0.2417208868741504
1274360843124256768,positive,0.763492726677842
1274360843413659649,negative,0.001616511283051386
1274360845590552580,negative,0.29565949125626084
1274360846005624835,negative,0.22885027527421328
1274360846035058689,negative,1.1071183644491722e-08
1274360846261641217,negative,8.443564912871401e-05
1274360846970499072,negative,0.03534557192283154
1274360849612722176,negative,0.001616511283051386
1274360849705177089,negative,1.1071183644491722e-08
1274360849730281472,negative,0.0010368153683389815
1274360849822552066,neutral,0.3747149723640989
1274360850430808064,negative,1.216124962646072e-05
1274360851101880320,negative,0.060836366769978965
1274360853949792259,negative,0.00014459406381251767
1274360854075658245,negative,0.13949552936821852
1274360854356656130,negative,0.014133905232716477
1274360854721552387,negative,0.004843091236173927
1274360855656894465,negative,0.014005632819435824
1274360855983845384,negative,0.001616511283051386
1274360858462826499,negative,0.2799852519493358
1274360858714484736,negative,0.015522987730443905
1274360859423375361,negative,0.27892260870538
1274360859435823105,negative,4.491573920022894e-06
1274360859796611075,negative,1.9027470190114964e-05
1274360860316581889,negative,0.010919071732643495
1274360860526415874,negative,0.005921661568224232
1274360862162255873,negative,8.789458901419966e-05
1274360862225190920,negative,7.713861179247984e-05
1274360863969992704,negative,9.243729512875693e-10
1274360864150368257,negative,0.03621777400564703
1274360866465386497,negative,0.18774543635597718
1274360866666876930,positive,0.8286012028805883
1274360866763350017,negative,0.038153568964844585
1274360866906034177,neutral,0.3979059568087239
1274360867019243521,negative,6.923266947848664e-10
1274360867241357314,negative,0.2417208868741504
1274360867744776192,negative,0.00012653528323396023
1274360870320160768,negative,1.0707508760226773e-06
1274360870911578113,negative,0.16451108071011875
1274360871653969925,negative,0.016902350283352817
1274360875944738816,negative,8.72965302300608e-05
1274360875986681856,negative,0.00026711666360204275
1274360876032831494,neutral,0.5136446707795853
1274360876171223043,negative,8.443564912871401e-05
1274360876238360577,negative,0.04786789976032005
1274360876825526278,negative,1.1323740904311076e-08
1274360876846518273,negative,0.07950576761121148
1274360878851403777,negative,0.07618263853246149
1274360879111442433,negative,0.13050508002980973
1274360879170158594,negative,0.11208213005126436
1274360879480541185,negative,0.0011215207366607506
1274360879937720320,negative,0.00014459406381251767
1274360880164220928,negative,0.0005881791848059362
1274360881040801796,negative,0.004845512593524563
1274360885260279808,negative,0.0001940810883524682
1274360888770867207,neutral,0.49789225920557484
1274360889177780224,negative,0.0005454606590798975
1274360892398977026,negative,0.13949552936821852
1274360893136965634,negative,0.13949552936821852
1274360893363675136,negative,0.01255000761020744
1274360897327284225,neutral,0.46127768308170247
1274360897650163718,negative,2.2607703055852016e-05
1274360898233270278,negative,0.07533807233972525
1274360898635870209,negative,0.003929533247198951
1274360901253005313,negative,0.29761571709333384
1274360901601296385,negative,7.694083864662256e-07
1274360904725991424,negative,0.0015666757422280273
1274360906902917120,negative,0.0011215207366607506
1274360908999987205,negative,0.00025995428544422664
1274360910014971904,neutral,0.49789225920557484
1274360910312865792,neutral,0.3311524684174037
1274360912992854016,negative,0.00025995428544422664
1274360913110265860,negative,0.2417208868741504
1274360913601212422,negative,9.587824816191965e-06
1274360913626304514,negative,0.007628685414413218
1274360913676636161,negative,0.01308249084054208
1274360914297397249,negative,0.003722503096012636
1274360914423287808,neutral,0.47308495735223716
1274360916918894595,negative,0.29761571709333384
1274360917128552451,negative,0.001616511283051386
1274360918114213889,negative,0.0007662866135606709
1274360918193909761,negative,0.09965753329704123
1274360918294609920,neutral,0.3574637344395027
1274360920744083458,negative,0.0022058789219303455
1274360920811208706,neutral,0.437369725752128
1274360921243213825,positive,0.7862674322241531
1274360921654255619,negative,0.04868413656103167
1274360921721319425,positive,0.8798039430045211
1274360922010718211,positive,0.7352277368590189
1274360922107150339,negative,0.0040940488417367206
1274360922417569793,positive,0.8166186890370012
1274360923294248964,negative,0.22380824520479448
1274360925227753472,negative,2.863072402155979e-07
1274360926381236229,negative,0.00020549332306094042
1274360926968393729,neutral,0.42507619662732005
1274360927303938048,negative,0.008044339543031473
1274360929510133760,negative,0.0061721548539245144
1274360929614991362,positive,0.7112264328727067
1274360929870848001,negative,0.001629721282065817
1274360930005143557,negative,5.692839550525292e-09
1274360934165700609,negative,0.13949552936821852
1274360934480465921,neutral,0.46127768308170247
1274360934790828038,negative,0.0038676182897668357
1274360934983761928,positive,0.7112264328727067
1274360935315124224,negative,0.0020445262570183524
1274360937676406785,neutral,0.5028788777932783
1274360943938605058,positive,0.6908609250079859
1274360947998588930,negative,0.02562067422921235
1274360950573981698,negative,1.0707508760226773e-06
1274360952096317440,negative,0.055220237657514916
1274360952406904833,negative,0.1363585901897884
1274360956622159872,neutral,0.43901220805450347
1274360960829001729,negative,0.038153568964844585
1274360963005919232,negative,0.004843091236173927
1274360963081351170,negative,0.032816787868481564
1274360963383398403,negative,0.002079789350392709
1274360963437940738,negative,0.2211841082333547
1274360963651604480,negative,0.27259426513634494
1274360963983122434,neutral,0.4942549233336163
1274360964268335104,negative,0.00025995428544422664
1274360964331319299,negative,0.013501112483420495
1274360964402409474,positive,0.8286012028805883
1274360964406808576,negative,0.09585325573186142
1274360964448690184,negative,0.003046420644404445
1274360967024033793,negative,0.001616511283051386
1274360967661596675,negative,0.04952346504882715
1274360967896367104,negative,0.14905513088076847
1274360968550715398,neutral,0.49789225920557484
1274360968647192578,negative,0.001616511283051386
1274360968684986369,negative,0.02460594107704766
1274360969075064833,negative,0.30723250905411564
1274360969368666113,negative,0.013231622881127484
1274360969460723712,negative,0.00019155731865910008
1274360971750973440,negative,8.754247440668086e-10
1274360972229181444,negative,0.00407685335795874
1274360972451479552,negative,0.028930418441322908
1274360973231624192,negative,0.03474024201811504
1274360975471280128,negative,0.09988079043538062
1274360975546818560,negative,0.0028480157765644228
1274360975915974658,negative,2.0452212128368524e-05
1274360976234745860,negative,0.0011215207366607506
1274360976490598403,negative,0.04817235380553318
1274360976519897093,negative,6.9929095067820185e-09
1274360976909963266,negative,0.07093600664242929
1274360979653120004,negative,0.0016071555760156372
1274360980307415040,negative,0.0010774206940814721
1274360981037223937,negative,1.612600296105982e-07
1274360981955776512,negative,0.0013796455058685386
1274360983755120640,negative,0.004843091236173927
1274360983905918978,positive,0.7529507011941703
1274360984208052224,negative,0.304438077563564
1274360985055195137,negative,0.02738764886718594
1274360985495748610,positive,0.8798039430045211
1274360985512534025,negative,4.363257631511972e-05
1274360985567080448,negative,0.2417208868741504
1274360985797656577,negative,0.00021335106041440733
1274360988612153346,negative,0.11142207120075065
1274360989274836994,negative,0.015939073681014528
1274360989505540096,negative,0.1848811864330742
1274360989727817728,negative,0.00011720473843018913
1274360990319218688,negative,0.01140068344308785
1274360992449859586,negative,0.21663218523124433
1274360994047778817,neutral,0.4836107634721281
1274360994224054273,negative,0.08910843779033782
1274360994924552197,negative,0.11392420449287459
1274360996547768322,negative,0.26393192276913013
1274360996757303297,neutral,0.6072864160850471
1274360996765655040,negative,0.0011215207366607506
1274360997084639232,negative,8.309045814134184e-09
1274360997122379776,negative,0.018191370886849637
1274360997533417474,negative,0.05682760765050974
1274361000817459201,negative,0.015333353505769236
1274361001027272705,negative,0.023732173558476437
1274361002088374272,negative,0.002436439300048648
1274361002277158914,negative,3.890899521118936e-05
1274361005200543744,negative,0.004784634189914855
1274361005204803584,neutral,0.5061251891691518
1274361005519310849,negative,0.24945353360451938
1274361006014201856,negative,0.03485797941628668
1274361006291107847,negative,0.03748451357730029
1274361006492471296,negative,1.5392331286184835e-06
1274361006702104577,negative,5.045611867784018e-09
1274361009067737088,negative,8.72965302300608e-05
1274361009139048448,negative,0.3108314330779043
1274361009256443904,negative,0.14708558949184208
1274361009302581248,negative,0.00013766767839648326
1274361009424289794,negative,0.2417208868741504
1274361009474592772,negative,0.0002628781947940787
1274361009499713538,negative,8.443564912871401e-05
1274361009709502470,negative,8.107336659233327e-05
1274361013215920130,negative,0.17979270737239209
1274361013698256896,negative,5.25933231523432e-06
1274361013832466432,negative,0.0018698102783743507
1274361014310637568,neutral,0.57728081060214
1274361014658744320,neutral,0.49789225920557484
1274361017691254786,negative,0.17085650338555278
1274361018110693377,negative,0.03952295404961664
1274361018513309697,negative,8.72965302300608e-05
1274361018550910977,negative,0.22056390803002654
1274361018739761152,negative,0.2836877314068293
1274361018744033292,negative,1.308078051096435e-06
1274361019503120386,negative,0.003222832135696301
1274361021977804802,negative,0.0008253193348610684
1274361022619570181,negative,1.1071183644491722e-08
1274361023324135430,neutral,0.5291566480133444
1274361023445766146,negative,5.548347401778177e-05
1274361023554744321,negative,0.004843091236173927
1274361023957553154,negative,0.029133599045755118
1274361023965822978,negative,1.1415828081567946e-05
1274361025861570564,negative,0.011968304081869274
1274361025928691714,neutral,0.5533970533999424
1274361026465562624,negative,0.0007699370890113074
1274361026570485767,negative,0.011448849023057617
1274361027044560897,neutral,0.5844952997138847
1274361027271016448,negative,0.007727202664570754
1274361027455594498,negative,0.1729262304620454
1274361027853942786,negative,0.00266920304782232
1274361028076331008,negative,0.001462968593871734
1274361031276417024,neutral,0.6230178983092751
1274361031435915264,positive,0.7842586057601225
1274361031737909249,positive,0.7781613220814488
1274361034208395264,negative,0.029572503522757535
1274361034342633474,negative,0.05394857432609539
1274361035059798017,negative,0.0010774206940814721
1274361038717288454,negative,3.2571381935923834e-08
1274361038780223494,negative,0.00021141921140676293
1274361039744831491,negative,6.371499778701729e-07
1274361040176689152,negative,2.194598130526381e-06
1274361042785546240,negative,0.005185971970742639
1274361043012038657,negative,0.022156212365644353
1274361044115361792,neutral,0.3875332285022518
1274361044148903937,negative,0.00012079544953940018
1274361045386244096,negative,0.009338609828235065
1274361047072243713,negative,0.00038267321014703024
1274361047915196417,negative,0.011202788640667266
1274361048087306241,negative,0.11142207120075065
1274361048217399298,negative,0.010284281156924913
1274361048225677314,negative,0.004843091236173927
1274361048561303552,negative,0.10937347790217722
1274361048582303747,positive,0.8132171894433968
1274361048955568128,negative,0.32984949498873595
1274361050981371907,negative,2.351968867293681e-06
1274361051086065665,negative,0.0001218652549607984
1274361051459526656,negative,2.2607703055852016e-05
1274361052080340994,negative,6.649658578191888e-05
1274361052176809989,negative,0.003401178487566604
1274361052394905600,negative,0.06919360840379962
1274361055385399296,negative,0.02722037857733356
1274361056614387717,negative,5.548347401778177e-05
1274361056731656192,negative,2.1632678488172327e-07
1274361056828284928,negative,0.0014769577275176582
1274361056891191300,negative,0.07509577442231544
1274361056928894983,negative,0.0019746725051334097
1274361057071386626,negative,0.005494390103627082
1274361057344135168,negative,0.2417208868741504
1274361057792921602,negative,0.00010842884782788487
1274361059793686528,negative,0.10399499614065881
1274361059797864448,negative,0.0002619169659521643
1274361059852161024,negative,5.25933231523432e-06
1274361060200415232,negative,0.1099901772061015
1274361060254904321,negative,0.004843091236173927
1274361060359917570,negative,0.1237213486482113
1274361060577947648,neutral,0.6433470755206335
1274361060749914112,positive,0.8863497603250957
1274361061446205441,positive,0.9969616390735564
1274361061458751490,negative,0.0010368153683389815
1274361061458825217,negative,0.0004400273782299121
1274361061823610882,negative,0.00012653528323396023
1274361063715287046,negative,0.15700257748330895
1274361064566648838,negative,0.012792892933867707
1274361065099403265,negative,0.20272754979433355
1274361065552388096,negative,0.08398246631830983
1274361066093502464,negative,0.12720409749564066
1274361066131263490,negative,5.692839550525292e-09
1274361066147901440,neutral,0.3877045069708239
1274361066353332226,negative,0.19914658069817917
1274361066403831813,negative,0.05592593259625326
1274361067813175296,negative,0.21049535130484326
1274361069352476679,negative,0.006175065150798719
1274361070837252096,negative,0.008253882948524631
1274361070967283713,negative,5.25933231523432e-06
1274361071948660736,negative,8.72965302300608e-05
1274361072267509760,negative,0.00323853281588964
1274361073630658560,negative,4.864359754624921e-05
1274361074297507841,neutral,0.49789225920557484
1274361074775621632,negative,1.612600296105982e-07
1274361076549931008,negative,0.00013310889329721086
1274361077988540417,negative,1.7850816542437174e-05
1274361078940663809,negative,0.01140068344308785
1274361080177975297,negative,0.2697656017740934
1274361080219910144,negative,6.142270762699156e-07
1274361080295247873,neutral,0.37525890839322623
1274361081591283712,negative,0.025139190892179863
1274361084607172609,neutral,0.46598398918449585
1274361084871401478,negative,2.431833779406763e-05
1274361085181788160,negative,0.001102310072806244
1274361085462753281,neutral,0.38806593524774735
1274361088583307265,negative,0.01140068344308785
1274361088868528129,negative,3.3156327370815805e-05
1274361088906350593,negative,0.13949552936821852
1274361089833271296,negative,0.004845512593524563
1274361092806979587,negative,0.019325586389617778
1274361093037719553,negative,0.0030085767613713277
1274361093129859072,negative,0.0011215207366607506
1274361094526492677,negative,0.29761571709333384
1274361094665109509,positive,0.6857938459893932
1274361096959217664,negative,0.3296862038224374
1274361097005477889,negative,5.692839550525292e-09
1274361097760407553,negative,5.692839550525292e-09
1274361098037342213,negative,0.005946600251802038
1274361098142130177,negative,2.2607703055852016e-05
1274361098456764416,negative,2.2607703055852016e-05
1274361098959941633,negative,1.2142951356898647e-05
1274361099182387201,negative,0.0041839497766087185
1274361099278745600,negative,0.0004747295512272087
1274361099375177728,negative,0.0002619169659521643
1274361101564751872,negative,0.1578117080314327
1274361101887565825,negative,0.022156212365644353
1274361102445543426,neutral,0.46580994113209095
1274361103242465280,negative,0.007050093911298504
1274361103552851969,negative,0.0008969658827128978
1274361103653335040,negative,8.123347876440576e-05
1274361103724806145,negative,0.019814826109977653
1274361105616420864,negative,2.8656526328885995e-06
1274361105800929286,negative,0.0051686155966376105
1274361105947799554,negative,4.878271320714052e-07
1274361106656645120,negative,5.686518028202719e-06
1274361106685923329,neutral,0.4527438818270552
1274361107382067200,negative,0.004843091236173927
1274361110221615104,neutral,0.49789225920557484
1274361111790280707,negative,0.13949552936821852
1274361112037900291,negative,0.00022974003297568336
1274361112172081154,negative,0.008126873807499808
1274361112251645952,negative,0.001616511283051386
1274361113845665792,negative,8.118185052374726e-07
1274361114202079232,negative,0.0013858012973828856
1274361114764013568,neutral,0.48061219287488127
1274361114785177601,positive,0.8798039430045211
1274361114869063686,negative,0.021417437292921098
1274361115707879424,negative,0.003065677059359148
1274361117868011527,positive,0.8286012028805883
1274361118677401606,negative,2.787297328760927e-09
1274361123760771072,negative,0.05897235857735733
1274361123828051970,negative,2.2607703055852016e-05
1274361124067180552,negative,1.0707508760226773e-06
1274361127078633473,negative,0.006968777735368457
1274361127460364290,negative,0.023324154226963233
1274361127850442753,negative,0.000157023955872178
1274361127972016128,negative,0.00021141921140676293
1274361128177598468,negative,0.004336302538453677
1274361131356827649,negative,0.2205154212996909
1274361132199927814,positive,0.9172927861992728
1274361132560547846,negative,0.002284088023727909
1274361134699724805,negative,0.0011228647698094108
1274361137652543488,negative,0.004843091236173927
1274361139602894848,negative,0.004510356880742375
1274361140684959750,negative,0.13949552936821852
1274361143168061440,negative,0.29761571709333384
1274361144732508160,negative,0.11679696007798572
1274361145818787840,negative,0.013849336218900209
1274361147634913281,negative,0.01140068344308785
1274361148964589568,negative,0.005402909033626645
1274361151493734402,positive,0.9848345625434974
1274361152064172032,negative,0.0011215207366607506
1274361152101847042,neutral,0.46127768308170247
1274361152273858562,negative,0.009244272651927824
1274361152735260673,negative,9.554780437111275e-06
1274361152789778432,negative,6.0329653613641984e-06
1274361154027085828,negative,0.05942892623855671
1274361155692244992,neutral,0.5606863465524793
1274361155822198784,positive,0.8286012028805883
1274361155973234688,negative,0.004427865377390981
1274361156401082371,negative,0.003401178487566604
1274361157273505793,negative,1.6300532801452974e-05
1274361159806836737,negative,0.0011215207366607506
1274361159878094849,negative,0.0009177032978133025
1274361160205246464,negative,0.038609081796526855
1274361160838656001,negative,0.00014459406381251767
1274361160859635712,negative,6.873478197861872e-05
1274361161622999041,neutral,0.3338912136212289
1274361161732022274,negative,0.18372324456817823
1274361161773912064,positive,0.8242640176191925
1274361165460705280,negative,9.40821126179374e-05
1274361165586542593,neutral,0.6448285096426422
1274361165666230272,negative,0.2820386637943614
1274361165783629824,negative,0.004843091236173927
1274361165972475907,negative,0.0002812825204751204
1274361168572940290,negative,0.014423292585613172
1274361168598044672,negative,0.001728561308515475
1274361171013963776,positive,0.6884744098577317
1274361171445977088,negative,2.5166171452560807e-10
1274361171471142912,negative,2.345204324090361e-05
1274361172528111621,negative,1.8702409184941465e-05
1274361172960182275,negative,1.0930436152894171e-05
1274361173346041856,negative,7.561323465236138e-09
1274361173467697155,negative,0.22082230916661
1274361173799034881,negative,0.028534483951994687
1274361174025482243,negative,0.2417208868741504
1274361174264553477,negative,0.0291471953259769
1274361174289678337,neutral,0.48728019602140255
1274361174520406018,neutral,0.46562580810307014
1274361176793714689,negative,0.000476162129904915
1274361176797970435,negative,0.007050093911298504
1274361176865083394,negative,6.107553340321622e-05
1274361176965578752,negative,1.1071183644491722e-08
1274361177775071234,positive,0.7021905766378869
1274361177796046848,negative,1.1005007767540929e-10
1274361180904095745,negative,0.025392525503211034
1274361180967010304,negative,3.058124687632274e-08
1274361181420040195,negative,0.02738764886718594
1274361182040854534,negative,5.731049083341982e-06
1274361182313463808,negative,4.547475594547499e-07
1274361182317621248,negative,0.20719518330662476
1274361182426669057,negative,0.001616511283051386
1274361182502162433,negative,0.2654417857709204
1274361182804205568,negative,1.7240898212433143e-05
1274361182955110401,negative,0.18097169728096155
1274361186700713985,negative,0.32036892737968575
1274361186708893696,negative,0.001616511283051386
1274361186713088000,negative,4.43438240850298e-08
1274361186805600256,negative,1.5765282891105376e-05
1274361187103379456,negative,8.72965302300608e-05
1274361189556944896,negative,0.007600981125951815
1274361189880008705,negative,0.08468791656729588
1274361189913497600,negative,0.028930418441322908
1274361190274068481,negative,0.020384887355742974
1274361191020793861,negative,0.0007618725575462591
1274361191289192448,negative,0.03761660444269959
1274361191289294848,negative,0.05592593259625326
1274361194556596230,neutral,0.37426873505003133
1274361194623746050,neutral,0.4507454498615163
1274361194682466305,negative,1.2126623773474907e-05
1274361194749538304,negative,0.010240030325718
1274361194795732993,negative,0.04963645200797898
1274361194892144640,negative,0.07509577442231544
1274361195047161859,negative,0.0022946554122466314
1274361195173216256,negative,0.014133905232716477
1274361195638796288,negative,0.05592593259625326
1274361197777870848,negative,2.5966114374608876e-05
1274361198654480390,negative,0.01140068344308785
1274361199044505601,negative,0.1726756797180908
1274361199312936961,negative,1.0707508760226773e-06
1274361199375851522,negative,8.72965302300608e-05
1274361199896023040,negative,0.01140068344308785
1274361199971438595,negative,0.13949552936821852
1274361200030162945,negative,0.005715025551464087
1274361202190233602,negative,0.019544565461810527
1274361202328645634,negative,0.08714437429495268
1274361204589449217,negative,5.82491922474816e-06
1274361206153805826,negative,0.29797611903559484
1274361206690574336,positive,0.9294836261200626
1274361207504371712,negative,0.01024459341701663
1274361210390163456,negative,0.05592593259625326
1274361210490834945,negative,0.0019474886261394598
1274361210520121346,negative,0.13172800381638772
1274361210704625665,negative,0.13685236380077934
1274361210964713474,negative,0.05592593259625326
1274361211111518211,negative,8.443564912871401e-05
1274361211950268416,neutral,0.6163277402963984
1274361212101328899,neutral,0.5880141113245404
1274361214580273153,neutral,0.46598398918449585
1274361214718664705,negative,0.06997362006235039
1274361214731157505,negative,0.004843091236173927
1274361214882193408,positive,0.763492726677842
1274361215104569344,negative,0.05592593259625326
1274361215427514368,negative,0.001616511283051386
1274361215956013057,negative,0.00047922606060738534
1274361219340697606,negative,4.409683412435902e-12
1274361219735064576,negative,0.05731759986501105
1274361220305424386,negative,0.275958358184994
1274361221026918409,negative,0.00014459406381251767
1274361221169496064,neutral,0.4270291349266481
1274361222863847424,negative,0.1081973803376344
1274361223065329666,negative,0.013544511323883292
1274361224726265856,negative,0.00014459406381251767
1274361224780791812,negative,0.03926051648901176
1274361227213508608,negative,0.03748451357730029
1274361227251081216,negative,0.06974954155053774
1274361228836638720,positive,0.8286012028805883
1274361229436497921,negative,0.06351329199786099
1274361231420334080,negative,0.2594039155021363
1274361231558705153,negative,0.2876414952229647
1274361231713996800,positive,0.897740620973573
1274361231734906882,negative,1.1888399702757299e-06
1274361232066252806,neutral,0.4075556039161754
1274361232225689608,negative,1.7240898212433143e-05
1274361232657657857,positive,0.8798039430045211
1274361232942923776,negative,0.15970405285529504
1274361235224563718,negative,3.5315299097578784e-06
1274361236059193346,negative,8.758580047942617e-17
1274361236726198272,negative,0.03303376407787172
1274361239842566146,positive,0.7760361879853958
1274361240295440384,negative,0.018191370886849637
1274361240467509248,negative,0.09789928535029414
1274361240618491907,negative,0.15047440165486356
1274361241558024197,negative,1.1018161127861396e-05
1274361244171022336,negative,5.25933231523432e-06
1274361244510814209,negative,0.06225947630016778
1274361244653432832,negative,0.01140068344308785
1274361245131517953,negative,0.13949552936821852
1274361245353889793,positive,0.8863497603250957
1274361248025661442,negative,0.009140626214623197
1274361248105275396,negative,0.004843091236173927
1274361248902197250,negative,0.02418731375717492
1274361249288110080,negative,0.05856538091276087
1274361249627869185,negative,0.038153568964844585
1274361250282115072,negative,0.18795859623648656
1274361250395246594,negative,0.00040836930608484275
1274361250538020871,negative,0.036950733922938156
1274361252144467969,negative,0.18097169728096155
1274361252341518341,negative,0.004843091236173927
1274361252488323073,negative,5.227013947987765e-13
1274361252576473088,negative,0.0001994320642280831
1274361252756828166,negative,0.07509577442231544
1274361253776052226,neutral,0.5136446707795853
1274361253905993728,negative,6.724643812548923e-05
1274361256590184448,negative,0.00029787951984732905
1274361256883949570,negative,0.2897207918155794
1274361256892338176,negative,0.0021625795954240763
1274361257878044684,negative,6.307558424143554e-10
1274361260612694016,negative,0.10188734314977094
1274361260826595328,negative,1.9027470190114964e-05
1274361261283840002,negative,0.01140068344308785
1274361261384482817,negative,0.03748451357730029
1274361261749342214,negative,0.030380902981738126
1274361261749407744,negative,0.004843091236173927
1274361264379170818,negative,0.0032159874283977006
1274361264773443584,positive,0.880977722113856
1274361265566158851,negative,0.007050093911298504
1274361266123837441,negative,0.0011215207366607506
1274361266723831809,negative,0.01140068344308785
1274361269429194752,negative,0.01119262074415971
1274361269726982144,negative,0.014506080150742501
1274361269911465984,negative,0.01140068344308785
1274361273640267776,negative,0.16692430578878073
1274361275364134912,negative,1.1225984045558433e-05
1274361278010621957,negative,0.0009952863461212178
1274361278677635074,negative,0.2897207918155794
1274361278979551233,negative,0.003943771983762746
1274361279193456640,negative,5.692839550525292e-09
1274361281563197441,neutral,0.46313866204890203
1274361282083373063,negative,0.0011058184595810244
1274361282389577728,negative,4.049057672176202e-05
1274361282548948992,negative,0.01984919580721227
1274361283060654083,positive,0.9856240990025208
1274361286000889857,negative,2.3494294174330593e-06
1274361288043507712,positive,0.984456324373282
1274361288156762112,negative,0.020583948392568052
1274361288273981440,negative,0.22301010244854974
1274361288555147265,negative,0.0033171501618222657
1274361288945262594,negative,0.00020817562045590026
1274361290492981248,negative,0.2897207918155794
1274361290715205638,negative,0.29150453131543796
1274361290820128768,negative,0.020384887355742974
1274361291080183809,negative,0.010584991134620457
1274361291415719942,negative,0.024401685715447683
1274361291478568960,negative,0.2523640026577611
1274361291591888896,negative,0.02102601543626555
1274361291688329216,negative,1.5233229807591417e-05
1274361291738697731,neutral,0.3734612133305814
1274361294360055808,negative,0.18799620993132546
1274361294779383809,negative,7.694083864662256e-07
1274361295471546368,positive,0.9572347682085854
1274361298680242178,neutral,0.6004028807574054
1274361298977992709,neutral,0.49789225920557484
1274361299510665216,negative,2.023298889238091e-07
1274361300198572032,negative,1.667634081066611e-05
1274361300580216832,negative,0.007757749614721265
1274361300588605442,negative,0.0007206278447072315
1274361300613767169,negative,0.0331971951986892
1274361300823523338,negative,5.227013947987765e-13
1274361302643806210,negative,7.125070811328375e-05
1274361302983548930,negative,0.08935368591879127
1274361303105040385,negative,0.020384887355742974
1274361303285608452,negative,0.00014720039733041293
1274361303730184192,negative,0.001616511283051386
1274361304891957248,negative,0.050892715964690825
1274361305391038465,negative,2.2607703055852016e-05
1274361307085537280,negative,0.0021772946379553845
1274361307496677376,negative,0.00021444864898897986
1274361307630841859,neutral,0.6060694006549372
1274361307635081223,positive,0.9933554812709204
1274361307676975106,negative,0.0040425414539528295
1274361307727306752,negative,0.0004382808987524101
1274361307983200256,negative,0.3037759801679258
1274361311045079040,neutral,0.36629112225818244
1274361311644864513,negative,0.01904571214412985
1274361315793002496,negative,0.2523640026577611
1274361316053049346,negative,0.05647583267739623
1274361317009301504,negative,0.03926317084198965
1274361317298769920,negative,0.0011058184595810244
1274361319978926080,negative,0.060266258728724785
1274361320276742144,negative,0.004843091236173927
1274361321182711810,negative,0.010563362350290154
1274361328195571713,negative,0.27459822192697986
1274361329407733760,negative,0.004843091236173927
1274361331852947456,neutral,0.49789225920557484
1274361332444340224,negative,2.6019070130746272e-05
1274361332461195266,negative,0.004843091236173927
1274361336512892929,positive,0.6692253956737952
1274361337041256449,neutral,0.49789225920557484
1274361337041297412,positive,0.897740620973573
1274361337876004864,negative,0.0005283167989808124
1274361340409282561,negative,5.25933231523432e-06
1274361340828631040,negative,0.002642958657882579
1274361341470371840,negative,9.442202789901606e-05
1274361342514913281,negative,0.003401178487566604
1274361344972685312,negative,4.547475594547499e-07
1274361345220268033,negative,1.5934254356974614e-05
1274361345509638146,negative,1.1071183644491722e-08
1274361346256142341,negative,7.293415296886518e-13
1274361346570805248,neutral,0.6592116967931048
1274361349498232832,negative,0.004843091236173927
1274361349498421249,negative,8.443564912871401e-05
1274361350114983936,negative,0.004750720766748964
1274361350433751042,negative,0.29761571709333384
1274361350521794565,negative,0.00014459406381251767
1274361350580469762,negative,1.0563344139228255e-07
1274361350630891525,negative,0.2085329372557104
1274361350953881600,negative,0.29761571709333384
1274361351624814598,neutral,0.5136446707795853
1274361353340440579,negative,0.018220451514098804
1274361353344552962,negative,0.020384887355742974
1274361354208632832,negative,0.00014459406381251767
1274361354451914752,negative,0.08038290542867722
1274361354472882177,positive,0.8438974010098601
1274361356670521345,negative,4.491573920022894e-06
1274361358067421184,negative,0.05828189445446495
1274361358105092102,negative,0.05738731705847255
1274361358411280389,negative,6.649658578191888e-05
1274361358771867648,positive,0.8585319019276769
1274361358952345601,negative,0.04158678169541981
1274361359321497601,negative,0.04761772272856262
1274361359329869824,negative,0.09965753329704123
1274361362169450502,negative,2.0265320566813474e-05
1274361362530131970,negative,1.366979278724695e-07
1274361362593054723,negative,0.001102310072806244
1274361363624857605,negative,1.9027470190114964e-05
1274361363708723205,negative,8.413088339959669e-05
1274361365780668417,negative,0.007414573679550109
1274361367089332225,negative,8.180923527913797e-12
1274361367303204864,negative,3.288426650430934e-05
1274361367521382403,negative,0.00038267321014703024
1274361369207476225,neutral,0.592573151279055
1274361370297774080,negative,0.003401178487566604
1274361370645983232,negative,8.93740966843287e-06
1274361370650333184,negative,0.0008369139550128351
1274361372197953536,negative,0.10561587476435734
1274361373468721152,negative,0.2543622175263454
1274361373846310913,negative,0.3005330904569788
1274361374181863424,negative,1.157691023603853e-05
1274361374219608064,negative,0.0005950673192749824
1274361374307647488,negative,0.12037063624481859
1274361374605533185,negative,8.123347876440576e-05
1274361374932697088,negative,9.782089804679564e-13
1274361375616352257,negative,0.0002187026621619771
1274361378057453569,negative,5.827791078126722e-09
1274361378166497280,negative,0.0631247337000893
1274361378309132291,negative,0.22010843879784933
1274361378724286465,negative,0.05141784201110951
1274361379592589313,negative,0.00482313239695648
1274361380074913798,positive,0.8640564509902089
1274361382423707650,negative,0.004843091236173927
1274361382734049286,positive,0.8798039430045211
1274361382843158530,neutral,0.5844952997138847
1274361383040233472,negative,0.29761571709333384
1274361383367454721,neutral,0.40795923030117887
1274361383413481473,negative,0.060013280548064714
1274361383531032577,negative,2.2221414472333034e-05
1274361383979794432,negative,0.07575556975969099
1274361384046858240,negative,5.049514076729897e-13
1274361384130797569,negative,2.2607703055852016e-05
1274361386559254530,negative,0.11142207120075065
1274361386924224512,negative,0.2037813988775199
1274361387020664832,negative,8.753809316294153e-06
1274361387129634816,negative,0.32773231788436785
1274361387347828737,negative,0.00014459406381251767
1274361387578466305,negative,0.06239308982115497
1274361388207534081,neutral,0.5817688912314919
1274361391042920449,negative,0.00014459406381251767
1274361391957368835,negative,0.010320231446011024
1274361392368361474,neutral,0.46598398918449585
1274361392527822850,negative,0.2700152070006991
1274361392821346304,negative,0.15922624373425048
1274361394813710337,negative,0.04538201769636986
1274361395518279681,negative,0.09712453899366252
1274361395572805633,negative,8.123347876440576e-05
1274361396092981249,negative,0.003401178487566604
1274361396629843968,negative,0.007628685414413218
1274361396835336194,positive,0.8585319019276769
1274361397024116736,negative,0.02767837041596725
1274361400039821317,negative,8.685244335110127e-06
1274361400627003393,negative,2.345204324090361e-05
1274361400744427520,negative,5.25933231523432e-06
1274361400857628674,negative,0.001616511283051386
1274361401063211008,negative,0.07376559775495921
1274361401205821440,negative,0.017964187386612908
1274361403260964874,negative,2.8684135424564705e-05
1274361403340656641,negative,0.00021020526819592297
1274361403718144000,negative,2.2607703055852016e-05
1274361404133380096,negative,0.11142207120075065
1274361404221513729,negative,5.561317575804208e-11
1274361404322177025,negative,0.06919360840379962
1274361405068709888,positive,0.9999534639993558
1274361405089644544,negative,0.0011058184595810244
1274361407392362496,negative,0.00014459406381251767
1274361407589531650,positive,0.9357008006204267
1274361407937511424,negative,0.06312826999855198
1274361409531453440,negative,0.003420226946203081
1274361411599294475,negative,4.817275391083577e-05
1274361411830009857,negative,0.0007699370890113074
1274361412106813441,negative,7.410924865087516e-06
1274361412215693313,negative,0.0009177032978133025
1274361412379381764,negative,0.009284364171871666
1274361412438102017,negative,0.00010472126609286544
1274361412488323073,negative,0.0011215207366607506
1274361412723367939,negative,0.0005570223282143155
1274361413134282752,negative,0.159851298487005
1274361415781044225,negative,2.033257928005047e-05
1274361415944548352,negative,0.004843091236173927
1274361416145793030,negative,0.159851298487005
1274361416179384322,negative,1.1071183644491722e-08
1274361416728883200,negative,0.0007721465230808407
1274361416984793088,negative,0.05856538091276087
1274361417790087168,negative,0.18097169728096155
1274361417966051329,negative,0.29761571709333384
1274361417974587397,negative,1.4017586853010446e-08
1274361419983708163,negative,0.0572559043124317
1274361420109488130,negative,0.0005881791848059362
1274361420965183488,negative,0.2417208868741504
1274361421451722757,negative,0.00021517717853725048
1274361421934071808,negative,0.01007013907136934
1274361422365880321,negative,0.09965753329704123
1274361424240926720,positive,0.9572347682085854
1274361424748388354,neutral,0.5212084554669985
1274361425658601473,neutral,0.4876785194857387
1274361428389101568,negative,1.743017175857904e-05
1274361428582031361,negative,5.692839550525292e-09
1274361429047549953,neutral,0.49789225920557484
1274361429844508677,negative,0.0012655814615645468
1274361430209368073,neutral,0.642059190455799
1274361432797257729,negative,3.419518071753523e-14
1274361432998633475,negative,0.001149974882313404
1274361433128677378,negative,0.009464303096134236
1274361433871056898,negative,8.72965302300608e-05
1274361434688966657,negative,0.0004190218512705558
1274361435397795840,negative,0.00021144854575081285
1274361436786044928,negative,0.06583226526723569
1274361437251497988,negative,0.21260775160628104
1274361437889142784,negative,4.69084864596202e-05
1274361437893337095,negative,0.00030373989889860776
1274361438182625283,negative,0.050011398534257116
1274361438585286658,negative,0.1902468900431735
1274361441479507974,negative,0.0032840455103954687
1274361442343452672,negative,0.11683690785548843
1274361442418987008,negative,0.000102120942159438
1274361442712551427,negative,0.010583069640354721
1274361445933821952,negative,0.013155108968159484
1274361446407843840,negative,0.0002619169659521643
1274361446617538560,negative,0.1369863874057133
1274361447359922178,negative,1.1071183644491722e-08
1274361449306099714,positive,0.7682034734213208
1274361450929311746,negative,0.1144244574276955
1274361451436802048,negative,1.1071183644491722e-08
1274361451633881088,negative,0.0011215207366607506
1274361451839455232,negative,1.9027470190114964e-05
1274361451898167299,negative,5.25933231523432e-06
1274361453525467136,negative,0.2700152070006991
1274361453596770304,negative,0.2470052762849793
1274361454402121728,positive,0.998170342136545
1274361454808842242,negative,1.7638375380707103e-06
1274361454808887301,negative,0.13172800381638772
1274361454892744704,negative,4.0137644822369474e-06
1274361455933038595,negative,0.2610961451848965
1274361456406917120,positive,0.99864588475363
1274361458005065730,positive,0.9962508824351647
1274361458063749120,negative,1.1071183644491722e-08
1274361459070439424,negative,0.035321852120262155
1274361459510775808,negative,0.0038905854921833355
1274361459686989825,neutral,0.6150773711842229
1274361459909238786,negative,0.0015660245321694665
1274361460144115713,negative,0.128134309169383
1274361462169964547,negative,0.000692491737398141
1274361462371364865,negative,8.691494728226091e-14
1274361462543265792,neutral,0.3687191056224944
1274361463088578561,negative,0.13949552936821852
1274361463294046213,negative,0.08666233537271427
1274361463323398144,negative,4.547475594547499e-07
1274361463331790848,neutral,0.5281546950998827
1274361463843454979,negative,0.13949552936821852
1274361466469179394,negative,8.443564912871401e-05
1274361467052134402,negative,0.0037334493160450437
1274361467266043910,negative,0.004843091236173927
1274361468214022146,negative,1.0707508760226773e-06
1274361468469862402,negative,0.043181144552809414
1274361471150014464,negative,0.1522183906762957
1274361471556816898,negative,8.443564912871401e-05
1274361471691034624,negative,0.08316719221021152
1274361471758209024,negative,2.2607703055852016e-05
1274361471858769921,neutral,0.34554891428896156
1274361472034893824,negative,0.001616511283051386
1274361472043360256,negative,8.789458901419966e-05
1274361474668998658,neutral,0.6599202796145847
1274361474694160384,positive,0.9813999816916015
1274361475256193025,negative,0.1290938558687117
1274361475683897344,negative,0.0002619169659521643
1274361476153839616,negative,0.2394110094948839
1274361476166365185,negative,0.013837539876335975
1274361476560674818,negative,0.0031668112138221417
1274361480574636034,negative,6.164190885919757e-08
1274361481031802883,negative,0.00020479812569071105
1274361482944352259,negative,0.0002619169659521643
1274361483338670082,negative,0.04817235380553318
1274361483527434241,negative,8.72965302300608e-05
1274361483816730624,negative,0.0011941150031899927
1274361483850395652,negative,4.8315141846282286e-05
1274361483917492225,negative,0.006216858274526054
1274361484181635073,negative,0.022731054829816667
1274361484273946624,negative,0.0010774206940814721
1274361484378660864,negative,0.003722503096012636
1274361484404043777,negative,0.054679740511993764
1274361488808062978,negative,4.597654423878952e-08
1274361488841547776,neutral,0.46598398918449585
1274361488942280704,negative,0.06583226526723569
1274361489005006848,negative,0.003401178487566604
1274361489386811392,neutral,0.48895895465593386
1274361489449791489,negative,0.00030373989889860776
1274361491148476416,negative,0.0005337843108922278
1274361491643392002,positive,0.897740620973573
1274361492209651712,negative,0.00014459406381251767
1274361492285030400,negative,2.2607703055852016e-05
1274361492301897734,negative,0.01140068344308785
1274361493107232768,negative,0.0009952863461212178
1274361493681778692,negative,0.12985245105058657
1274361495783198720,negative,0.008519194865454249
1274361495841918978,negative,4.0137644822369474e-06
1274361495858622464,negative,1.1257989752191355e-06
1274361496198397952,negative,0.02102601543626555
1274361496231952384,neutral,0.48417401547816064
1274361496382976004,negative,0.009703558805083433
1274361496454270985,neutral,0.36724337908720944
1274361496689094657,negative,0.0002154947191771296
1274361496768831490,negative,0.0001328192010410201
1274361496995352576,negative,0.04868413656103167
1274361497158930433,negative,0.03808132109721348
1274361497381154822,negative,1.2912648722508511e-05
1274361497402179584,negative,0.040516287792819204
1274361497523757056,negative,0.0022058789219303455
1274361497670615040,negative,0.00036150904515021276
1274361497716756481,negative,0.0025244154240155283
1274361499796963329,neutral,0.4552344737283211
1274361500128378883,negative,5.25933231523432e-06
1274361500983889920,negative,0.11623303535977217
1274361501130907656,negative,0.04868413656103167
1274361501214740480,negative,0.2417208868741504
1274361501353234433,negative,0.0007699370890113074
1274361502066184192,negative,7.897632548632805e-07
1274361502108135424,negative,0.08320364258717489
1274361504071061510,negative,0.004843091236173927
1274361504171618304,positive,0.8286012028805883
1274361504297635840,positive,0.9948528609593813
1274361504532488193,negative,0.0005087866532167524
1274361504578633730,negative,0.00042749870662555923
1274361504582848515,negative,2.787297328760927e-09
1274361504800870400,neutral,0.49789225920557484
1274361505107058689,negative,0.005224983911571553
1274361507988606983,negative,0.05823483472871013
1274361508030545921,negative,1.9684284881358229e-10
1274361508156317696,neutral,0.35577744981471515
1274361508307312644,negative,0.0038461683155092026
1274361508491919362,positive,0.9909980962122771
1274361509100113920,negative,4.918690006141375e-10
1274361509192187909,negative,0.2706870705315428
1274361509368520705,negative,0.0002835418303527138
1274361509477564418,negative,0.009932906980315596
1274361510001872898,negative,0.012471853213214288
1274361510031228930,neutral,0.44163417844180597
1274361510136033280,negative,0.04868413656103167
1274361510551343107,negative,0.04868413656103167
1274361510559657984,negative,9.587824816191965e-06
1274361512522649600,negative,0.009338609828235065
1274361512560295937,negative,0.00030373989889860776
1274361513118220293,negative,0.11878097633942154
1274361513306984448,negative,6.309560018962608e-07
1274361513411842055,negative,0.06309600929570322
1274361513864835072,neutral,0.46598398918449585
1274361514024144899,negative,0.00014459406381251767
1274361516704366593,negative,0.059371854367166486
1274361517052514306,negative,0.07828770203869125
1274361518038102016,negative,0.00014459406381251767
1274361518168125440,negative,0.04868413656103167
1274361518654660608,negative,0.22082230916661
1274361520831500288,negative,0.04868413656103167
1274361520869310471,negative,0.11392420449287459
1274361520957394944,negative,0.0004369217456218324
1274361520995160064,negative,0.06919360840379962
1274361521280356352,neutral,0.6020347380261928
1274361521443950593,negative,0.001616511283051386
1274361521724891142,negative,0.04868413656103167
1274361521766912000,negative,1.1962865864239102e-08
1274361521796263936,negative,0.04868413656103167
1274361522572189704,negative,3.38794706851042e-05
1274361523104866304,negative,0.31859089897658693
1274361524786794502,negative,0.0001783735015881391
1274361525407539200,negative,0.03394700550014565
1274361525864665098,negative,0.2512243101250744
1274361526267383808,negative,1.157691023603853e-05
1274361526334287872,negative,0.020384887355742974
1274361526405775366,negative,4.363257631511972e-05
1274361526573547521,negative,0.00025995428544422664
1274361526766514176,negative,2.416393146118285e-06
1274361526921637888,negative,0.09291615225258129
1274361526988783617,negative,0.05839510813617035
1274361529195016192,negative,0.23540932660475059
1274361529345998848,negative,0.0029919979007149056
1274361529622843393,negative,0.004843091236173927
1274361529719296000,negative,0.20896014227673762
1274361530092589058,negative,0.0011215207366607506
1274361530272878593,negative,6.219761957146122e-12
1274361530361020417,negative,1.157691023603853e-05
1274361530495180800,negative,0.04868413656103167
1274361530981781504,negative,0.018191370886849637
1274361531128598528,negative,4.653191386010114e-05
1274361533603119104,neutral,0.46598398918449585
1274361533615738881,negative,8.443564912871401e-05
1274361533678661633,negative,0.0798813010626473
1274361534836289537,negative,0.2041613408243222
1274361535373037574,negative,0.0014844630561369398
1274361535649812482,neutral,0.49789225920557484
1274361537696796674,negative,0.0011215207366607506
1274361537696862208,negative,0.0011215207366607506
1274361537852047360,negative,2.088422457257334e-05
1274361538049163264,negative,1.216124962646072e-05
1274361538711781377,negative,0.271581968949276
1274361538833457153,negative,0.024909403706761393
1274361539940757510,negative,0.2654417857709204
1274361539949199363,negative,0.004843091236173927
1274361541576536070,negative,0.00045542510922047747
1274361541589110784,negative,0.01024459341701663
1274361541631016965,negative,5.4882962634784596e-05
1274361541824036867,negative,0.0013892801483689258
1274361542147006464,negative,0.028299755563225136
1274361542734000128,negative,0.0011215207366607506
1274361542759387137,negative,1.800666127367608e-07
1274361543044608001,negative,0.03251280740670144
1274361543220658177,negative,0.02102601543626555
1274361543530958848,negative,0.2617529036331704
1274361543652589574,negative,0.09988079043538062
1274361546110644225,negative,0.0011199818852058363
1274361546177683456,negative,0.013757438320572789
1274361546853023744,negative,0.06246883379974147
1274361546957893632,negative,0.02511292310585411
1274361547679313920,negative,0.02102601543626555
1274361548077662216,negative,0.16451108071011875
1274361548216164352,positive,0.7862674322241531
1274361548279033857,negative,2.3235344957351224e-05
1274361550346891265,negative,0.0011215207366607506
1274361550502010881,negative,0.04868413656103167
1274361550518857733,negative,0.01058061203408373
1274361550728552451,negative,8.72965302300608e-05
1274361551357607937,negative,8.41979882615645e-10
1274361551625940992,neutral,0.5997944120209413
1274361552217559041,negative,0.07509577442231544
1274361553047949315,negative,0.18097169728096155
1274361553186406400,negative,5.686518028202719e-06
1274361554406965248,negative,0.14598959432880243
1274361554847350784,negative,0.09988079043538062
1274361555287773186,negative,1.886243364218248e-05
1274361555438710784,neutral,0.4270291349266481
1274361555661004805,negative,0.16940554964066695
1274361555661074436,negative,0.31609996668142204
1274361555971424256,negative,0.18876040327418364
1274361556210515969,neutral,0.4976520693942797
1274361556478889984,negative,1.8736831216182427e-09
1274361558265708545,negative,0.09965753329704123
1274361558345428994,negative,0.008630318575139432
1274361558571810816,negative,0.0020701446869714145
1274361558978756611,negative,0.20042096047162444
1274361559117115392,negative,0.04868413656103167
1274361559561588736,neutral,0.37227759433541274
1274361559570055168,negative,0.01140068344308785
1274361559809130496,negative,0.00022944251085316392
1274361560237051905,negative,8.86314759912461e-05
1274361560870387713,negative,5.6533500321739695e-11
1274361560887164928,negative,0.1269385672275041
1274361560962564101,positive,0.995430237120397
1274361561008820228,negative,0.2417208868741504
1274361561080004613,negative,1.1071183644491722e-08
1274361562174763009,negative,3.259186520888055e-05
1274361562434805760,negative,0.12004068433182236
1274361562694856706,neutral,0.497008268191141
1274361563084992514,negative,8.123347876440576e-05
1274361563219181568,negative,0.16692430578878073
1274361563348996097,negative,0.004843091236173927
1274361563353399296,negative,0.09965753329704123
1274361563974164480,positive,0.9992914555001349
1274361564041056257,negative,0.0011215207366607506
1274361564175511552,negative,0.09871824648842882
1274361566767579136,neutral,0.46313866204890203
1274361566813720576,negative,0.09895109241667734
1274361566822117376,negative,0.004125811062725056
1274361566922768384,neutral,0.4330803760514346
1274361567048609792,neutral,0.5196000172536228
1274361567610576896,neutral,0.4780350104355538
1274361568193474560,negative,0.0798813010626473
1274361568223014914,negative,0.0030085767613713277
1274361569003134978,negative,0.002464055122179861
1274361571263672322,negative,0.017170549542014052
1274361571511238656,negative,0.01140068344308785
1274361571804958720,negative,0.00019377268779782487
1274361572169854977,negative,2.9074245793422354e-08
1274361572488548354,negative,7.222346824128487e-05
1274361572970975233,negative,0.006812636562690789
1274361573142863872,neutral,0.3734612133305814
1274361573176422400,negative,0.004640568547351331
1274361575265230851,negative,0.0008817834872211741
1274361576615825409,negative,0.0008619776594078797
1274361576708063238,negative,3.652264919225486e-05
1274361576804491264,negative,0.0007699370890113074
1274361577039376386,negative,0.002605917653991894
1274361579539234816,negative,2.2607703055852016e-05
1274361579623067648,negative,0.01140068344308785
1274361579816079360,negative,0.004135470961196529
1274361580206112774,negative,2.2607703055852016e-05
1274361580394885121,negative,6.157726153941609e-10
1274361580755595264,negative,0.0007699370890113074
1274361581086916608,negative,0.04863859409527931
1274361583536353280,negative,3.7428330172918514e-07
1274361583662174208,negative,0.15922624373425048
1274361584132001792,negative,0.01592185601242925
1274361584324763649,neutral,0.3458414798855197
1274361584358428673,negative,9.930645891503263e-05
1274361584387850240,negative,0.0015083597574763621
1274361584958296065,negative,0.29761571709333384
1274361585780301824,negative,7.303743421387849e-05
1274361586078093314,positive,0.9843190502517245
1274361587718139905,negative,0.013201929462575217
1274361587885731840,positive,0.9995845597596971
1274361588414320640,negative,0.014449085559461092
1274361588800278530,negative,0.0011215207366607506
1274361589030965249,negative,0.13172800381638772
1274361589257457670,negative,0.01140068344308785
1274361589915885569,negative,0.05592593259625326
1274361590058496003,negative,0.01796765659036474
1274361591807594496,negative,0.1570060485645637
1274361591941804037,negative,0.048115177851145746
1274361592512118785,negative,0.29761571709333384
1274361592600301570,negative,0.08917284233375622
1274361592650633217,negative,0.06081655062018614
1274361592696770560,negative,0.013887558017693575
1274361592805761024,negative,4.3184464441877025e-11
1274361592885411840,positive,0.8441521643614915
1274361593065869312,negative,3.391143414492834e-05
1274361593522946048,negative,0.0021772946379553845
1274361593976029194,negative,0.00014459406381251767
1274361594525483009,negative,9.99692203534663e-06
1274361596219928577,negative,1.612600296105982e-07
1274361596223995905,negative,0.004843091236173927
1274361596383563778,positive,0.897740620973573
1274361596400279552,negative,0.16024675113151934
1274361597134282753,negative,0.01865311394732986
1274361597465702407,negative,0.003401178487566604
1274361597545324544,negative,1.9206553807226385e-05
1274361597834731520,negative,0.008138544519125988
1274361598149263367,negative,0.0005963924330190419
1274361601207021573,negative,0.24419181953533595
1274361601378996225,neutral,0.48867687003433874
1274361601819361285,neutral,0.44231347627872375
1274361602448322560,negative,0.009168229083476098
1274361604780457984,negative,0.00014459406381251767
1274361604830826498,negative,0.18795859623648656
1274361605694926849,negative,0.009751643008955266
1274361605699112961,negative,0.03133740797376977
1274361605740871681,negative,8.484649946671279e-05
1274361606185639936,negative,0.00025388258525095266
1274361609285238784,negative,0.0001993780412513597
1274361609574645762,negative,1.4269442325370756e-06
1274361609670889472,negative,0.271581968949276
1274361609717153797,negative,0.05141784201110951
1274361610639982595,positive,0.8798039430045211
1274361611113975808,negative,8.72965302300608e-05
1274361611143254021,neutral,0.49789225920557484
1274361611151724544,negative,0.2675168079530969
1274361611956953088,negative,0.17085650338555278
1274361613001338880,negative,0.32886548260954357
1274361614280597504,negative,0.012511302089185715
1274361614284849157,negative,0.047779243824776135
1274361614498779138,negative,0.16966817402592396
1274361614662336512,negative,0.07509577442231544
1274361617061302275,negative,0.014561433542865125
1274361617526988803,negative,0.13665321077890955
1274361617682235395,negative,0.01648229972419678
1274361618021916677,negative,1.4274942158711638e-11
1274361618411986945,positive,0.9995845597596971
1274361618714054657,negative,0.03509297395077131
1274361618844041218,negative,1.797015482611265e-06
1274361621222219787,positive,0.8769494941644536
1274361621457047553,negative,0.01789577376672694
1274361621914308610,negative,0.004843091236173927
1274361622530850817,negative,0.00014459406381251767
1274361622572695553,negative,8.72965302300608e-05
1274361622648090624,negative,0.11623303535977217
1274361622849519616,neutral,0.49789225920557484
1274361623214514177,negative,0.06593330337646817
1274361625424904192,positive,0.9863845495626143
1274361625810800641,negative,0.00038433580034736247
1274361625907269639,negative,2.9388953354281255e-05
1274361626351763457,negative,0.01140068344308785
1274361626494406657,negative,0.03494572754283978
1274361627215908864,negative,0.0021772946379553845
1274361629799481344,negative,0.03748451357730029
1274361629979947009,negative,0.18634787331509245
1274361630277734400,negative,0.17100698000452327
1274361630609018881,negative,0.018191370886849637
1274361630965534720,negative,0.04868413656103167
1274361633779974145,negative,0.0008365076337218508
1274361633893240833,negative,1.1022694945214204e-05
1274361634396557313,neutral,0.5786441877303977
1274361635096928256,negative,0.29761571709333384
1274361635256373248,neutral,0.35577744981471515
1274361635407302656,negative,0.0001328192010410201
1274361635524804608,negative,0.004843091236173927
1274361635730309121,negative,0.04868413656103167
1274361635885506560,neutral,0.33787071569071414
1274361636304883716,negative,0.04868413656103167
1274361638184013824,negative,0.0013925346820022875
1274361638272057350,negative,0.00019213009672083457
1274361638498512896,negative,0.0009612775668392104
1274361638821539846,negative,0.12458657775591876
1274361639597256707,negative,0.0011215207366607506
1274361640620904450,negative,0.0001667457983837597
1274361641052909568,neutral,0.649462582877526
1274361642340487168,negative,0.2650546152584906
1274361642453815299,negative,2.302795190376347e-05
1274361642550255616,negative,4.066952897708526e-12
1274361642789240834,negative,7.560963953321395e-07
1274361642827087874,neutral,0.6035374121711654
1274361643233918977,negative,1.9027470190114964e-05
1274361643259101184,positive,0.9572347682085854
1274361643808497670,negative,2.2607703055852016e-05
1274361643867287553,negative,1.9578250141394368e-08
1274361644240470017,neutral,0.49789225920557484
1274361644269920256,neutral,0.5307355819608591
1274361646459355138,negative,0.004843091236173927
1274361646467727360,neutral,0.6020347380261928
1274361646690054144,negative,0.09965753329704123
1274361646711017475,negative,0.002913688873244551
1274361647210082310,negative,7.926529231861618e-05
1274361647684112386,negative,0.0002820230501316153
1274361647780573187,negative,0.00014459406381251767
1274361648220983296,neutral,0.5844952997138847
1274361648501964803,negative,0.0020280837190726647
1274361650624237574,neutral,0.5598297759215217
1274361650708185091,neutral,0.3734612133305814
1274361650821226496,negative,0.0011215207366607506
1274361650859171840,negative,0.006120781212025497
1274361651328933890,negative,0.01140068344308785
1274361651483967488,negative,0.004843091236173927
1274361651635109888,neutral,0.5505550505941735
1274361652163510272,negative,0.006842655702366206
1274361652352253952,negative,0.00014459406381251767
1274361652583038976,negative,0.046020676953839754
1274361655053496322,negative,0.01531891885728109
1274361655258988544,negative,0.2052468474481004
1274361655418380288,negative,0.014309255992588546
1274361655498022912,negative,0.2211841082333547
1274361655619653632,negative,0.18795859623648656
1274361655648874496,negative,0.004013205724333954
1274361656320155649,negative,0.22082230916661
1274361656508682242,negative,1.1071183644491722e-08
1274361656622137345,negative,2.2607703055852016e-05
1274361659017105410,negative,0.021742177510265318
1274361659553976321,positive,0.8286012028805883
1274361660548014083,negative,1.620594870301674e-05
1274361663903469573,neutral,0.5105162850743861
1274361664465522688,positive,0.7760361879853958
1274361664750661633,negative,0.005248067853752023
1274361664805183490,negative,0.00966405714382384
1274361664876556289,positive,0.8002585490816346
1274361665405038592,negative,0.0011215207366607506
1274361665723777027,negative,0.02102601543626555
1274361667388944384,negative,0.16562370008722999
1274361668596891650,positive,0.9972833339877146
1274361668613681152,negative,0.00014459406381251767
1274361668886097920,negative,8.123347876440576e-05
1274361669288783877,negative,1.7240898212433143e-05
1274361669465124871,negative,0.07152045127112833
1274361669850935298,neutral,0.4450692508750676
1274361670735929344,negative,0.012638853115206312
1274361670891077632,negative,0.25836786239144605
1274361671650349058,negative,0.00013417672824173122
1274361671788658690,negative,0.00027074620340590284
1274361671822295040,negative,0.0386491624451719
1274361672199819264,negative,0.12790321048845138
1274361672787021825,negative,0.0006341952659915911
1274361673097383936,negative,0.011448849023057617
1274361674179448833,negative,0.02102601543626555
1274361674322137092,negative,0.10188734314977094
1274361675840393217,negative,0.16651443699394802
1274361675928473602,negative,0.04868413656103167
1274361675966283777,negative,0.002420879493352146
1274361676004024320,negative,0.20398879025136935
1274361676347949056,neutral,0.5112526064611215
1274361676649938945,negative,0.06583226526723569
1274361677056704512,negative,0.04868413656103167
1274361677107146753,neutral,0.3403391890910929
1274361677371277312,positive,0.8798039430045211
1274361679892144128,negative,8.366597526501167e-05
1274361679959207936,negative,7.604241774256672e-07
1274361680387022848,negative,0.015817589803890312
1274361680412188672,negative,0.2617529036331704
1274361681121075201,negative,0.09382030314378208
1274361681423077382,negative,1.216124962646072e-05
1274361681611718656,positive,0.7354636816357002
1274361682123522050,positive,0.998170342136545
1274361684623126531,negative,0.001616511283051386
1274361684820402177,negative,0.0011215207366607506
1274361684845400065,negative,0.13169908904989494
1274361684916867074,negative,1.1775463408408939e-07
1274361685013381120,negative,0.00014459406381251767
1274361685713866753,negative,0.026942833964892308
1274361685936148481,positive,0.7112264328727067
1274361688582770688,negative,5.373175376165784e-07
1274361688901500928,neutral,0.5281546950998827
1274361689010552838,negative,0.01121950900635185
1274361689132105728,negative,0.001102310072806244
1274361689694244865,positive,0.8798039430045211
1274361689736085507,negative,0.05592593259625326
1274361689761292289,neutral,0.46598398918449585
1274361690512031747,negative,0.08551692218235292
1274361690641985537,negative,0.004843091236173927
1274361692558888960,negative,0.03694787101222505
1274361692810629120,negative,0.06572202867062106
1274361693041295360,negative,2.787297328760927e-09
1274361693125185536,negative,3.38794706851042e-05
1274361693624205319,positive,0.8862975862036888
1274361693796216832,positive,0.8066218167091541
1274361693817225217,negative,6.157726153941609e-10
1274361693846548482,negative,0.13949552936821852
1274361694064652288,negative,2.787297328760927e-09
1274361694500933633,negative,0.004843091236173927
1274361694517637126,negative,0.3107130792550008
1274361696920973312,negative,0.01275722218795835
1274361697055264768,negative,0.0005833353590071568
1274361697105559552,negative,0.021742177510265318
1274361697671708673,negative,0.2394110094948839
1274361697721913344,negative,0.32177368343619994
1274361697805860864,negative,1.612600296105982e-07
1274361698154094597,negative,0.0010474648988743878
1274361698514874370,negative,0.04868413656103167
1274361698846232578,negative,0.2543691000639999
1274361698946887680,negative,0.05738731705847255
1274361700976910337,negative,0.00517989528748498
1274361701215993856,negative,0.010919810591773533
1274361701710934016,negative,1.2142951356898647e-05
1274361701861928960,negative,0.11199186793547575
1274361701987729409,negative,2.6483642060587684e-05
1274361702201556993,negative,0.0031202288637451696
1274361702402981891,neutral,0.4374900827882351
1274361702419779585,negative,0.0003391657882690361
1274361702562365441,negative,2.801725365009101e-06
1274361702935658501,negative,0.020384887355742974
1274361705213149186,negative,0.01140068344308785
1274361705548648448,negative,1.116933659805963e-05
1274361705837912065,negative,0.31008682612550553
1274361706358153218,positive,0.763492726677842
1274361706853040129,negative,1.5015791697153418e-05
1274361706886594570,negative,0.005397486366343114
1274361707188482053,neutral,0.49789225920557484
1274361709940047874,negative,0.0018153409973280076
1274361710011461632,negative,0.0001993780412513597
1274361710082772992,neutral,0.5112526064611215
1274361710183215105,negative,0.29761571709333384
1274361710925791232,positive,0.9634699209947893
1274361711311683584,negative,1.8975866285024973e-06
1274361711873662976,negative,0.21539775187111218
1274361711944925188,negative,0.00014459406381251767
1274361711986765824,negative,0.003401178487566604
1274361712070836226,negative,2.146331611396272e-07
1274361713693995009,negative,0.001616511283051386
1274361713844871168,negative,0.275958358184994
1274361714344112130,negative,0.03863795020655224
1274361714411257856,negative,0.17981282980503863
1274361714901954565,negative,0.00014459406381251767
1274361715174621184,negative,0.0021772946379553845
1274361715187240961,neutral,0.5467018084453114
1274361715547942917,negative,5.287531172518682e-06
1274361715648540674,neutral,0.5111067556059521
1274361715879264256,negative,0.00043368059341162955
1274361718223835138,negative,0.01140068344308785
1274361718592790529,negative,0.010310040401251077
1274361718592897025,negative,0.08686242609665243
1274361719142461440,negative,0.00014459406381251767
1274361719259791361,positive,0.9357008006204267
1274361719490568192,neutral,0.3996580091506196
1274361719599529984,negative,0.019336112146524698
1274361719830327300,neutral,0.47007752371063
1274361719947759616,negative,1.2467588319867987e-05
1274361722543931398,negative,0.006193750326162861
1274361722644676608,negative,0.06839940579211304
1274361723257073666,negative,5.692839550525292e-09
1274361723340967941,negative,0.04868413656103167
1274361723538026504,negative,0.05983871067032414
1274361723764576257,negative,3.548113861880419e-08
1274361723856850954,negative,0.028040805411430187
1274361723991076866,negative,0.15171334025269576
1274361724217569285,negative,0.0092744064496032
1274361724372692992,negative,0.020384887355742974
1274361726062989313,negative,2.4262270141119287e-06
1274361726125985792,negative,0.007125758825737091
1274361726385995776,negative,0.002348420739190417
1274361726423773184,negative,0.13665321077890955
1274361726478290944,negative,0.03186785193229063
1274361726712963072,negative,0.02350189464554292
1274361726918627328,neutral,0.5136446707795853
1274361727421988867,negative,0.21221775768588866
1274361727669460998,negative,0.019544565461810527
1274361728608985089,negative,0.00010173540415254722
1274361730630590464,positive,0.7573080171790094
1274361730974601216,negative,0.026480924230302964
1274361731251388422,negative,0.05910896833223284
1274361731536564226,negative,0.13178064959354038
1274361731712724993,negative,0.005402909033626645
1274361731867951104,negative,0.23540932660475059
1274361731935019013,negative,0.00015339857776032082
1274361732136304641,negative,0.13949552936821852
1274361734514573312,negative,0.005061624770905977
1274361734858498049,negative,0.07917874728064465
1274361734959112194,negative,0.01140068344308785
1274361735131140098,negative,0.24265772643100916
1274361735340789760,negative,0.005141360972884974
1274361735667945472,negative,0.07357273963051428
1274361738696077312,neutral,0.4126035047413691
1274361738754957319,negative,0.04868413656103167
1274361738759208961,negative,0.00871136587818132
1274361738767589377,negative,0.004843091236173927
1274361739174387712,negative,0.03494572754283978
1274361739652608006,negative,0.0006210931953923468
1274361739723911168,negative,0.15735347160600188
1274361740411592705,negative,0.004843091236173927
1274361740411777025,negative,8.41383276606222e-05
1274361740415860738,negative,1.0707508760226773e-06
1274361741078663175,negative,0.037943300622708474
1274361743205154816,negative,0.30531022540914704
1274361743444267008,negative,0.0011051311674662569
1274361743746183175,negative,1.157691023603853e-05
1274361743989452803,positive,0.8286012028805883
1274361744387801091,negative,0.004920296194390141
1274361744438317057,negative,0.0011215207366607506
1274361744656347136,neutral,0.3721423283283095
1274361744777818114,negative,0.29761571709333384
1274361744945627137,negative,0.0028326793561230194
1274361745222569984,negative,0.01140068344308785
1274361745256206336,neutral,0.4094150069872412
1274361745411321857,negative,0.0629190586525012
1274361745717542912,negative,0.02287270404016257
1274361746199904256,negative,0.012693985964113474
1274361747172925441,negative,0.09965753329704123
1274361747424579585,negative,0.043181144552809414
1274361748125089792,negative,0.13949552936821852
1274361748288569347,negative,0.008253882948524631
1274361748309643265,negative,1.1071183644491722e-08
1274361748586401793,negative,0.07909844660530509
1274361748603244555,negative,0.0015502350940050599
1274361748674408448,neutral,0.49789225920557484
1274361748875862017,positive,0.9883173379136605
1274361749060321280,neutral,0.5616511143517063
1274361749362421761,negative,0.17085650338555278
1274361751841067009,neutral,0.49789225920557484
1274361752583639040,negative,0.006812636562690789
1274361752801751040,negative,0.30940524723330914
1274361752810131456,negative,0.1690258545749725
1274361753078509571,negative,1.9027470190114964e-05
1274361753174933505,positive,0.9595673418537176
1274361753355329536,negative,0.004631961734512253
1274361755620249600,negative,0.007412204478829175
1274361755813253122,neutral,0.4780350104355538
1274361756098453504,neutral,0.42964210059864183
1274361756173950980,negative,0.011430557414469205
1274361756593291265,negative,2.0452212128368524e-05
1274361756727435274,negative,0.003222832135696301
1274361756853379075,negative,0.19758058285841232
1274361757037985792,negative,6.157726153941609e-10
1274361757172203521,negative,0.007387548245316869
1274361757339840513,negative,0.27259426513634494
1274361757390254080,negative,0.003943771983762746
1274361759730675712,negative,1.637839043713939e-08
1274361760103960578,negative,0.00020479812569071105
1274361760540229633,negative,1.1071183644491722e-08
1274361761001549828,negative,0.0011215207366607506
1274361761148305408,negative,0.12255121890909586
1274361761760710656,negative,0.04868413656103167
1274361764210147329,negative,0.00014459406381251767
1274361764683984899,negative,0.0064188632778182575
1274361764759711745,negative,0.1691474504710777
1274361765254627329,negative,0.005456498135874841
1274361765393031168,negative,0.05536218858477373
1274361765577535488,neutral,0.49789225920557484
1274361765644599302,negative,0.0018477013655809184
1274361765816668161,negative,0.06919360840379962
1274361766089158658,negative,6.821971590780256e-08
1274361766399655938,negative,0.005402909033626645
1274361768446492672,negative,0.02185880653873769
1274361768828112896,negative,0.0011215207366607506
1274361768891080705,negative,0.00660191203785026
1274361769503477761,negative,0.00022386448352370393
1274361769654444035,negative,0.021742177510265318
1274361769729970178,negative,0.0032801890421213595
1274361769734045704,negative,0.00016096431730232595
1274361769872502786,negative,0.04868413656103167
1274361769893527553,negative,0.004843091236173927
1274361770103242752,negative,0.27472153398783433
1274361770501603329,positive,0.897740620973573
1274361770803630081,negative,0.07509577442231544
1274361772397527042,negative,2.787297328760927e-09
1274361772573708291,negative,1.9710383840810116e-11
1274361772678529025,negative,0.00014459406381251767
1274361773152403458,negative,1.1071183644491722e-08
1274361773181804545,negative,0.1363585901897884
1274361773353840644,negative,0.09965753329704123
1274361773437718528,negative,0.07509577442231544
1274361773609627648,neutral,0.49789225920557484
1274361774377181186,positive,0.990955449951103
1274361776986042370,negative,0.10656867954867326
1274361777673953281,negative,0.005402909033626645
1274361778386825216,negative,0.151771177379783
1274361780861534209,negative,0.0009112502395195114
1274361781146849281,negative,2.1586131672688868e-06
1274361781482389505,negative,0.0011058184595810244
1274361781503299584,negative,0.0011215207366607506
1274361781805334528,positive,0.9926215783510346
1274361782753267715,negative,0.275958358184994
1274361783139086341,negative,0.00018264693736666008
1274361783189491716,negative,0.00037121730800023883
1274361783248211968,negative,1.637839043713939e-08
1274361783365574657,negative,0.04868413656103167
1274361783378157568,negative,0.06583226526723569
1274361784774938625,negative,1.2220830921734653e-08
1274361784833540096,negative,0.2277222294787287
1274361785034965000,negative,0.00014720039733041293
1274361785257254913,negative,0.2831891036741124
1274361785378889738,negative,0.04448923235991003
1274361785739444224,negative,0.11775165743792228
1274361785940946944,negative,0.01024459341701663
1274361786461011974,negative,5.25933231523432e-06
1274361786800668672,negative,1.1071183644491722e-08
1274361787123671040,negative,0.01140068344308785
1274361789153714176,negative,0.09965753329704123
1274361789216677889,negative,0.006708771371009391
1274361789812215808,negative,0.009152308860761498
1274361789900357632,negative,2.8656526328885995e-06
1274361789942304770,neutral,0.49789225920557484
1274361790269476864,negative,0.2700152070006991
1274361790315532288,negative,7.047253117802044e-08
1274361790726574080,negative,0.005118573603590176
1274361790831439873,negative,0.2617748389724454
1274361791003443200,negative,0.00022386448352370393
1274361793545199616,negative,0.02102601543626555
1274361793805275136,negative,0.000698401850567857
1274361794023182338,negative,0.06557944966509824
1274361794744721413,negative,0.021730322568933376
1274361794773962758,negative,0.020384887355742974
1274361795122040832,negative,0.0013446292378863607
1274361795537448965,negative,0.1823704251571895
1274361795784908800,negative,0.11487637784586746
1274361795885633537,negative,3.596805828784631e-06
1274361797433229317,neutral,0.49789225920557484
1274361797768699906,negative,0.27259426513634494
1274361798284783618,negative,0.004271071493536792
1274361800037892096,negative,0.00014459406381251767
1274361801812185088,negative,0.0011215207366607506
1274361801841524737,neutral,0.46598398918449585
1274361802026029056,negative,6.239107783128766e-08
1274361802101383168,positive,0.9999357238639874
1274361802344857601,negative,0.00014459406381251767
1274361802902683649,neutral,0.4126035047413691
1274361802906894343,negative,0.02102601543626555
1274361803175350273,negative,0.29761571709333384
1274361803552837633,negative,0.1237213486482113
1274361803678629890,negative,0.00466875256560282
1274361803842162695,positive,0.7040950283646137
1274361803993051136,negative,8.123347876440576e-05
1274361804089700353,negative,4.393024957840544e-06
1274361805930979328,negative,0.10332728199401198
1274361806983749634,negative,0.2722790046873894
1274361807180836864,negative,0.15942406754943883
1274361807700996099,negative,0.09965753329704123
1274361807809859584,positive,0.8798039430045211
1274361808065830912,negative,0.08917284233375622
1274361808976072704,negative,0.0023763880365369615
1274361809823203329,negative,1.0707508760226773e-06
1274361810372759552,negative,7.713861179247984e-05
1274361810578288642,negative,0.00016152586642983845
1274361810850807808,negative,0.02102601543626555
1274361810938986496,neutral,0.5293700225891195
1274361811199037440,negative,2.1940430956292438e-05
1274361814176972803,negative,2.787297328760927e-09
1274361814206181380,negative,0.0011215207366607506
1274361814319595520,negative,2.6483642060587684e-05
1274361814478925826,negative,1.9027470190114964e-05
1274361814495703041,negative,0.002070352828150864
1274361814663548931,negative,5.692839550525292e-09
1274361815024222209,negative,0.015093446074711086
1274361815397474309,negative,3.899717670784217e-07
1274361815691145217,neutral,0.5616511143517063
1274361815993126913,negative,0.0038286641968303366
1274361816269893636,negative,0.0024708133006010875
1274361818539012097,negative,0.001616511283051386
1274361818874408960,negative,0.11174686264035277
1274361819126210560,negative,0.18097169728096155
1274361819411484675,negative,1.404054265000646e-06
1274361819419881473,negative,0.007537542262960305
1274361819738640392,negative,0.0021772946379553845
1274361820099293184,negative,0.0005500612242291591
1274361820699152384,neutral,0.4077130004316472
1274361820866850816,negative,0.001616511283051386
1274361821068234752,negative,0.3106521718251181
1274361822976622593,negative,0.001616511283051386
1274361822984966144,negative,0.05592593259625326
1274361823022788609,negative,9.312078599998682e-13
1274361823446392833,negative,0.00031826590343342375
1274361824729800704,negative,0.271581968949276
1274361826822643713,negative,0.13949552936821852
1274361826978025472,negative,0.0006038455633874415
1274361827309301762,negative,0.20851656624289908
1274361827397382145,positive,0.8297155112904245
1274361827670065154,negative,0.07327654202549114
1274361829230284800,negative,0.01024459341701663
1274361829586853888,neutral,0.34466614884364977
1274361831549743109,negative,0.13949552936821852
1274361831889555459,negative,0.05592593259625326
1274361832220868610,negative,1.5392331286184835e-06
1274361832225021953,positive,0.7896308023335322
1274361835261747201,negative,3.38794706851042e-05
1274361835278536705,negative,0.0007699370890113074
1274361836041842689,neutral,0.44203355081296014
1274361836071198720,negative,0.001174289221766503
1274361836280975360,negative,0.20951346678325597
1274361836297760768,neutral,0.4270291349266481
1274361836314472449,neutral,0.40651629740368755
1274361836406812672,negative,0.08501573180126992
1274361837107150848,negative,0.04868413656103167
1274361837107150849,negative,0.01130536739368902
1274361837421760516,negative,0.09571924752355572
1274361839795798017,negative,1.4014733893570743e-05
1274361840492072960,negative,0.0005881791848059362
1274361840785666048,negative,0.009932906980315596
1274361841771327488,negative,0.04868413656103167
1274361843558100993,negative,0.003677607559071097
1274361843608440832,negative,4.174746749754563e-07
1274361843667087361,neutral,0.4780350104355538
1274361843750928386,negative,0.2617748389724454
1274361843826425856,negative,0.2417208868741504
1274361843901857797,negative,0.008178304900184997
1274361843939713027,negative,2.2092852820678593e-07
1274361844053008385,negative,0.010882624157163888
1274361844271140865,negative,0.01140068344308785
1274361844518596608,negative,6.157726153941609e-10
1274361844560527360,negative,0.2950162330300965
1274361844690542592,neutral,0.6360131914257872
1274361845701390346,negative,0.29502449652156665
1274361848347975680,negative,0.18280254446035335
1274361848452788231,negative,0.05592593259625326
1274361848721289218,negative,0.000752085526129796
1274361848809377792,negative,5.25933231523432e-06
1274361849128144896,negative,2.3207380659590316e-07
1274361849413341185,negative,0.04868413656103167
1274361849530769409,negative,0.024197934767260943
1274361849644015617,negative,0.13480057738997
1274361850260590597,negative,0.13656221522950338
1274361852076740608,negative,0.04868413656103167
1274361852911325185,negative,0.2181245785185707
1274361853716525057,negative,1.2467588319867987e-05
1274361854131912704,negative,0.12421634184021103
1274361854182264838,negative,0.00041804430287528503
1274361854379384832,negative,0.13949552936821852
1274361856312979456,negative,0.00012725034647476801
1274361856715603968,negative,0.044349486005238595
1274361857126526976,negative,0.2211841082333547
1274361857567006720,negative,0.18097169728096155
1274361858183565313,negative,0.05141784201110951
1274361858489810945,negative,0.1823704251571895
1274361858695274496,negative,0.13025664387510572
1274361860624654337,negative,0.0013827125914938928
1274361860683374592,negative,0.0025244154240155283
1274361863493558274,negative,0.040043371852185546
1274361865213227014,negative,1.9027470190114964e-05
1274361865775218688,neutral,0.35451443008515343
1274361866937143296,negative,0.021837805893416544
1274361867037585408,negative,0.0053102712892137555
1274361867088035849,negative,0.03557266434404076
1274361867150950402,neutral,0.5652996392292556
1274361869126549505,negative,0.0021772946379553845
1274361869340422147,negative,0.07917874728064465
1274361869902454786,negative,1.2940966475051762e-08
1274361869952790529,negative,0.06795510960721453
1274361870149967872,neutral,0.35577744981471515
1274361870435135488,negative,2.006714880962501e-06
1274361870573604864,negative,0.2897207918155794
1274361871273988096,negative,0.004545226477745859
1274361871416668163,negative,0.12421634184021103
1274361873392074756,negative,0.017981470522138703
1274361873467674624,negative,0.004843091236173927
1274361873798959104,negative,0.06625767149331938
1274361873920430080,negative,0.13656221522950338
1274361873945825282,negative,0.17085650338555278
1274361873950019586,negative,0.1038312585188815
1274361873995984899,negative,0.04158678169541981
1274361874562158592,negative,0.29761571709333384
1274361877192011776,negative,0.13949552936821852
1274361877775212545,negative,4.5020263475358155e-06
1274361878207217670,negative,4.55594658163274e-05
1274361878332964869,negative,0.0012932623361720983
1274361878597308417,negative,1.1063130400649612e-07
1274361879373254656,negative,0.031818450732753245
1274361880191152130,negative,0.02102601543626555
1274361881927581696,negative,0.0092744064496032
1274361881982009345,negative,0.007934099864684442
1274361882212798470,positive,0.6875013380084011
1274361882246287366,neutral,0.4592581206141447
1274361882363727872,negative,0.01775963153981743
1274361882506395649,negative,0.05714072353572688
1274361882703466503,negative,0.13949552936821852
1274361882720243713,negative,0.004843091236173927
1274361882825109505,negative,0.004843091236173927
1274361882917441542,negative,0.02102601543626555
1274361883777064963,negative,0.29761571709333384
1274361883819216903,negative,0.07852245778028731
1274361886159634434,negative,1.1579459874062302e-06
1274361886352474113,negative,1.0707508760226773e-06
1274361887103336450,negative,0.04868413656103167
1274361887434649602,negative,0.0017360011676033505
1274361887698886659,negative,0.026366355581223286
1274361887933607937,negative,0.2799852519493358
1274361889850523648,negative,0.003401178487566604
1274361889879920642,negative,0.0004914151200828016
1274361890240692228,negative,0.017981470522138703
1274361890291007488,positive,0.8002585490816346
1274361890316193795,negative,0.0011215207366607506
1274361890345549825,negative,0.02102601543626555
1274361890777501697,negative,0.00014459406381251767
1274361891012448256,positive,0.9972833339877146
1274361891226292224,negative,0.24151054019797136
1274361891784208384,negative,1.404054265000646e-06
1274361894153961472,negative,3.025249257436645e-08
1274361894158172161,negative,0.0011215207366607506
1274361894313353217,negative,0.11162762197975168
1274361894711619586,positive,0.7935310937680288
1274361895487778816,negative,0.0034626224309764627
1274361896171429889,negative,0.0007206278447072315
1274361898235035650,negative,0.0674516500344757
1274361898448965633,negative,0.003222832135696301
1274361898851500032,negative,0.15911850536680158
1274361899027763207,negative,0.043181144552809414
1274361899359109120,negative,0.27330665935500936
1274361899560427523,negative,0.18795859623648656
1274361900671827968,negative,0.05560543089926105
1274361900671864832,negative,0.004843091236173927
1274361900739047425,negative,0.01715818246508227
1274361902286737410,negative,0.07327654202549114
1274361902353862657,negative,0.02059529710232801
1274361902559375363,negative,0.3274274172416626
1274361902563459073,negative,0.00031664341689508044
1274361902865547270,negative,0.04560473497512203
1274361902999711746,negative,0.0016665296955135618
1274361903406632961,negative,1.157691023603853e-05
1274361903767224321,neutral,0.6122723614725323
1274361903813472257,negative,0.3029968537174699
1274361904157339649,negative,1.2486239976506322e-05
1274361905117790208,negative,0.2650546152584906
1274361905642123269,negative,0.04868413656103167
1274361907152027651,negative,0.11211298304992452
1274361907160342534,negative,0.01130536739368902
1274361907453952000,negative,9.10617369919082e-06
1274361907600863233,neutral,0.49789225920557484
1274361907709915136,positive,0.7601586060820511
1274361907722489858,neutral,0.3422707420485615
1274361908028747778,negative,0.009932906980315596
1274361908334923782,negative,0.275958358184994
1274361908397629442,negative,0.3282419999848567
1274361908607569922,negative,0.007628685414413218
1274361908875976705,positive,0.8166186890370012
1274361909198848000,negative,0.047193441437483476
1274361910671130624,negative,0.0005500612242291591
1274361910910058502,negative,1.6524765217156766e-05
1274361910985658373,negative,0.0008114827565367203
1274361911040188416,negative,7.66835927490953e-10
1274361911459618819,negative,0.007628685414413218
1274361911560323073,negative,0.0011215207366607506
1274361911824592897,neutral,0.4780350104355538
1274361911883202561,negative,0.08575467508938993
1274361911975522307,positive,0.9969616390735564
1274361914303315969,negative,0.026999889947348237
1274361915268096000,negative,4.327008208731621e-07
1274361915804917761,negative,0.00021141921140676293
1274361916060831750,neutral,0.6558937865149956
1274361916408819713,positive,0.962363533570314
1274361919508537344,negative,0.025401147484080955
1274361919542099968,neutral,0.46598398918449585
1274361919575658503,negative,0.005164486714197729
1274361920338964483,negative,1.1071183644491722e-08
1274361920452202497,negative,0.24121745099768907
1274361920951398400,positive,0.9064648661817897
1274361921265897481,negative,0.002600948290000982
1274361921282756609,negative,2.7921791796447887e-06
1274361921366405121,negative,0.016518257550450426
1274361921400176641,negative,2.6020026430812703e-05
1274361921551183875,negative,0.008746790739570576
1274361921697914880,neutral,0.49789225920557484
1274361923467870213,negative,0.00025388258525095266
1274361923501469697,negative,0.1388165480771174
1274361923946139649,negative,0.000671790422959243
1274361924059348992,negative,0.17044897251241994
1274361924084543488,neutral,0.4270291349266481
1274361924432678913,negative,0.001616511283051386
1274361924700995585,negative,0.0002288403997348666
1274361924982124547,negative,0.06246441090490134
1274361925170757634,negative,0.00021357747830322293
1274361925258838016,negative,0.14197236713123318
1274361927901290497,negative,8.760788627274965e-08
1274361928186580992,negative,0.0017394303038687096
1274361928928952321,positive,0.9260626756199472
1274361929201602560,negative,0.08917284233375622
1274361929209974784,neutral,0.42420807754940215
1274361931743232001,negative,0.0020055848645966355
1274361932955430912,negative,0.0004330391694208318
1274361933014147072,negative,5.692839550525292e-09
1274361933626474497,neutral,0.6020347380261928
1274361935862128641,negative,0.23378398478850235
1274361935866343424,neutral,0.36394921404685926
1274361935962746881,negative,0.2654417857709204
1274361936147144705,negative,0.18595941366809038
1274361936847818753,negative,0.005959982762666882
1274361936990347264,negative,0.007628685414413218
1274361937241899009,negative,0.0007206278447072315
1274361937896374273,negative,0.00021457867953097906
1274361938231930881,negative,1.1071183644491722e-08
1274361938265456641,negative,0.005962446048659673
1274361940253392897,negative,0.0011215207366607506
1274361940459106304,neutral,0.4507454498615163
1274361940664614913,negative,0.2813269816671647
1274361941423558656,negative,0.026593316583645298
1274361941700509699,negative,0.007628685414413218
1274361941721591809,positive,0.9956207468520586
1274361941922906113,negative,0.10443305650269512
1274361942384271362,negative,0.003222832135696301
1274361944439427073,negative,0.015548998880221356
1274361944514985984,negative,0.0030085767613713277
1274361944653418496,negative,0.07372649549347304
1274361944670113792,negative,0.0011954822958709995
1274361944766656512,negative,0.01140068344308785
1274361944971964416,negative,0.001132561607937439
1274361945018294272,negative,0.07132981263360039
1274361945169297415,negative,0.16451108071011875
1274361945395773440,negative,0.04868413656103167
1274361945861349378,neutral,0.6020347380261928
1274361945936797696,negative,0.006708771371009391
1274361946654081025,negative,1.1737387482422159e-06
1274361948432470016,negative,0.23547448214396235
1274361949782978560,negative,0.02767837041596725
1274361949925629954,negative,0.0028326793561230194
1274361950160461828,negative,0.000984242358004402
1274361950244417545,negative,0.25473786444277086
1274361950647050240,negative,0.00014459406381251767
1274361950990938114,negative,1.637839043713939e-08
1274361952731451393,negative,0.00025995428544422664
1274361952861671424,negative,0.00014459406381251767
1274361953025175553,negative,0.008746531614020862
1274361953570488321,negative,6.157726153941609e-10
1274361953599795201,negative,0.017981470522138703
1274361953725661186,negative,0.004843091236173927
1274361953755029505,neutral,0.49789225920557484
1274361953780105217,negative,0.09354420416313855
1274361953822138370,negative,0.0018153409973280076
1274361953885003778,negative,0.21612966526288627
1274361954577125376,negative,0.00014459406381251767
1274361954593693698,negative,1.6524765217156766e-05
1274361954782584833,neutral,0.4780350104355538
1274361956804239362,neutral,0.602480365059745
1274361957009801217,negative,0.07509577442231544
1274361957483675656,neutral,0.46598398918449585
1274361957492064265,neutral,0.4420606323680076
1274361958565736449,negative,0.004843091236173927
1274361958872092674,negative,0.006104731738430181
1274361959169884162,negative,0.0005500612242291591
1274361959308079104,negative,0.004843091236173927
1274361961136795648,negative,4.018788268854343e-08
1274361961292193793,negative,0.2625982517879942
1274361961455771650,negative,0.00019391265222550426
1274361961686368258,negative,0.03517411034203476
1274361961933942785,positive,0.8167066301350949
1274361961942302720,negative,0.0006273769610579378
1274361961967489025,negative,0.16451108071011875
1274361962021842944,negative,0.0011215207366607506
1274361962114232328,negative,1.7594926777762612e-08
1274361962298855426,negative,0.29761571709333384
1274361962302853122,negative,0.0007206278447072315
1274361962445578241,negative,0.0001825790795152943
1274361962835709953,negative,0.004843091236173927
1274361965239033863,negative,0.008041128212402507
1274361966027517953,negative,0.0001328192010410201
1274361966048555008,positive,0.8272221670944856
1274361966237286401,negative,0.016699969447194558
1274361966480556032,negative,0.00517989528748498
1274361966681866240,negative,0.1439026613224811
1274361968900673536,negative,0.0026618172255472587
1274361969135386625,negative,0.0008063435660704115
1274361969408118785,neutral,0.367723429618483
1274361969433329664,negative,8.123347876440576e-05
1274361969450070018,negative,1.6300532801452974e-05
1274361969890349056,negative,0.003699601552475451
1274361970049900548,negative,0.005402909033626645
1274361970293125126,negative,0.07613515434097537
1274361970477719553,positive,0.9357008006204267
1274361970880200704,negative,0.08632350907737678
1274361971295608839,negative,2.2607703055852016e-05
1274361971484307457,negative,0.024100804793746454
1274361971601813504,negative,0.18097169728096155
1274361973577302017,neutral,0.4119615883269807
1274361973761888266,negative,0.2617529036331704
1274361974009335813,negative,5.686518028202719e-06
1274361974139301888,neutral,0.649462582877526
1274361974298685445,negative,0.0009358034418867134
1274361974298750979,negative,0.04868413656103167
1274361974336430080,negative,0.04868413656103167
1274361974361665538,negative,0.015480768248416873
1274361974453866496,negative,0.0016699670466548708
1274361974479097857,negative,0.22082230916661
1274361974608953345,negative,0.1363585901897884
1274361975426953224,negative,0.27658435029494716
1274361975745794051,negative,0.00023240511781978437
1274361978107113472,negative,0.07509577442231544
1274361978107150336,negative,0.0028779006780079394
1274361978291658754,neutral,0.5616511143517063
1274361978505568256,negative,0.0028487293369630694
1274361978648244225,negative,0.034278603146474726
1274361979675738112,negative,0.08878632245878905
1274361979692552193,negative,0.04868413656103167
1274361979725942784,neutral,0.5844952997138847
1274361982062297090,negative,0.0002400857791051532
1274361982389493761,negative,0.04868413656103167
1274361982532059137,negative,0.020384887355742974
1274361982557224960,neutral,0.35509496682161057
1274361982905389057,negative,1.7240898212433143e-05
1274361982980886528,negative,0.008374450647150353
1274361983140151296,negative,0.29761571709333384
1274361983224229888,negative,0.0018980158844752175
1274361983240941568,negative,0.04868413656103167
1274361983488450562,negative,0.03838940566423462
1274361984088248321,negative,3.7986489746946426e-05
1274361986420277250,negative,0.0009475747249613342
1274361986470551552,negative,1.4274942158711638e-11
1274361986692907011,negative,0.04868413656103167
1274361986705481730,negative,0.02142564404714981
1274361987061948416,negative,0.01024459341701663
1274361987250692096,negative,1.7296221681985026e-05
1274361987259076608,negative,1.0707508760226773e-06
1274361987590430720,negative,0.04868413656103167
1274361988005662722,negative,0.27259426513634494
1274361988005724161,negative,0.03494572754283978
1274361988186079232,negative,0.13656221522950338
1274361990442635264,negative,0.13067727167258217
1274361990488756224,negative,0.005402909033626645
1274361990765559809,negative,0.103396492880523
1274361990849445889,negative,0.13172800381638772
1274361991096926208,negative,0.005962446048659673
1274361991570882563,negative,0.00021609607738432064
1274361992070008833,negative,0.0798813010626473
1274361992124514305,negative,0.00021517717853725048
1274361994813091847,negative,0.19413116214590184
1274361994825654280,negative,7.023488570892386e-06
1274361994976661504,negative,0.004125811062725056
1274361995354136576,negative,0.00040836930608484275
1274361995656077312,neutral,0.49789225920557484
1274361996109131782,negative,0.0026500790755491135
1274361996520103941,negative,0.016699969447194558
1274361996809572354,negative,0.0004400273782299121
1274361998910857216,negative,8.72965302300608e-05
1274361999036682240,negative,0.0020973289790966365
1274361999862960128,negative,0.2963403566300748
1274362000399912960,negative,0.025850630141984413
1274362000446042113,negative,0.007374370827635076
1274362000471199744,negative,0.13949552936821852
1274362000592654337,negative,0.017861311180675556
1274362000794058763,negative,0.023732173558476437
1274362003151368192,negative,0.004958091544645681
1274362003222650888,negative,0.08300169305280332
1274362003604242432,negative,0.0007583391039626741
1274362003625250822,negative,0.0092744064496032
1274362004220895233,negative,0.06242241308467077
1274362004476755968,negative,0.00014459406381251767
1274362004531281920,negative,0.0001747745749129434
1274362004606717952,positive,0.804033612302385
1274362006095585282,negative,0.012770115178998436
1274362007916105731,negative,2.6185240142033583e-06
1274362008180326401,negative,0.010050091556237897
1274362008259964935,negative,0.0028480157765644228
1274362008788504576,positive,0.8994276346218112
1274362008868130818,negative,0.2790327197025178
1274362008893378560,negative,0.2625982517879942
1274362009124065280,negative,0.2394110094948839
1274362009371336706,negative,0.010117742236788591
1274362011175071745,negative,0.010082678327203358
1274362011464404992,neutral,0.5268532245634159
1274362012328394754,negative,0.09988079043538062
1274362012806545409,negative,8.72965302300608e-05
1274362012840202241,negative,5.807362628345229e-12
1274362013091794953,negative,8.72965302300608e-05
1274362013263765505,negative,0.06681194727646277
1274362014010310656,negative,5.692839550525292e-09
1274362015520260098,negative,1.1071183644491722e-08
1274362015755251712,negative,0.252668587744507
1274362015851700224,negative,0.0004330391694208318
1274362016191430656,negative,0.004843091236173927
1274362016229216257,negative,0.028908378244971285
1274362016367554560,negative,0.16378148913039453
1274362016573112325,negative,0.0028480157765644228
1274362017055457280,positive,0.9969616390735564
1274362017634152449,neutral,0.4126035047413691
1274362020062588929,negative,0.061373998146259816
1274362020549271552,negative,0.01024459341701663
1274362021287526403,negative,0.015682645292981887
1274362021547577351,neutral,0.37426873505003133
1274362021757227015,negative,0.00030653852073154526
1274362021807562752,neutral,0.4780350104355538
1274362021862092801,negative,0.07357273963051428
1274362022373687299,negative,0.0001328192010410201
1274362022835236865,negative,0.0002619169659521643
1274362022847709184,negative,0.2512243101250744
1274362024022233089,neutral,0.4899951777522356
1274362024651362304,negative,0.29502449652156665
1274362025175638018,negative,0.007824037026206675
1274362025179668481,negative,0.001616511283051386
1274362025188167680,negative,0.05592593259625326
1274362025632727040,negative,0.02946972032369291
1274362025658011648,negative,0.0021625795954240763
1274362025817374720,negative,9.118323374893877e-05
1274362026144514048,negative,8.123347876440576e-05
1274362026303815687,negative,0.07509577442231544
1274362026341609473,negative,4.2324499669043163e-07
1274362026350055424,negative,0.31464705346703586
1274362026383548416,neutral,0.5957399490333923
1274362028396773376,negative,0.13949552936821852
1274362028468195328,negative,0.02102601543626555
1274362028686282752,neutral,0.44163417844180597
1274362028715470848,negative,0.02418731375717492
1274362028929560576,negative,0.13448937059327243
1274362029243916288,negative,0.13949552936821852
1274362029831323653,negative,0.00022386448352370393
1274362030015893505,negative,0.00029787951984732905
1274362030028439554,negative,2.2607703055852016e-05
1274362032364666882,negative,0.015358793621732484
1274362032373018624,negative,0.1823704251571895
1274362033035763712,negative,0.0771847225977192
1274362033224527880,negative,0.0002301347784922497
1274362033237090304,negative,1.1071183644491722e-08
1274362033341902849,negative,0.01140068344308785
1274362033522212866,negative,8.123347876440576e-05
1274362033702608897,negative,0.00014459406381251767
1274362033874460672,negative,0.275958358184994
1274362033908125696,negative,0.2864145558920463
1274362034260500480,negative,0.009886347585916493
1274362034478407680,negative,0.037113913631280734
1274362034482708480,positive,0.8286012028805883
1274362036663787520,negative,0.00031664341689508044
1274362036743479296,neutral,0.4507454498615163
1274362037188071426,negative,0.02119953309544331
1274362037297197056,negative,0.0019474886261394598
1274362037443928065,negative,0.007426063640207792
1274362038073122822,negative,2.2607703055852016e-05
1274362038404423688,positive,0.9883173379136605
1274362038618329091,negative,0.0053915272732352965
1274362041143304192,negative,0.14422441695466023
1274362041961242625,negative,9.628855449326988e-06
1274362042049343491,negative,0.00025995428544422664
1274362042271641604,negative,0.015358793621732484
1274362042359656448,negative,0.05592593259625326
1274362042393284608,negative,0.003222832135696301
1274362042447773696,negative,0.0018777528045142637
1274362042586222592,negative,0.00517989528748498
1274362042728820737,negative,1.4740643186484637e-05
1274362042967822336,negative,0.0985782363820394
1274362044947533825,negative,8.72965302300608e-05
1274362045731913731,negative,0.18789813022046326
1274362045861937152,negative,0.00517989528748498
1274362046226804736,negative,0.32773231788436785
1274362046310682624,negative,0.07509577442231544
1274362046558199808,neutral,0.4970374078202018
1274362046822453254,negative,0.006909109811955048
1274362047174590470,negative,0.2417208868741504
1274362047187255302,negative,0.008590407230990723
1274362047355068417,negative,0.003539259768700493
1274362049812987904,negative,0.15213999863611508
1274362050387550208,negative,2.2607703055852016e-05
1274362051050291200,negative,0.003127249533393712
1274362051142524928,negative,1.1071183644491722e-08
1274362051557654533,negative,0.004843091236173927
1274362051650097152,negative,0.07737087631176849
1274362052379914241,negative,0.005402909033626645
1274362052446957569,positive,0.8002585490816346
1274362053277495297,negative,0.27330665935500936
1274362053495529473,negative,0.18955161192251102
1274362053856239616,negative,0.02102601543626555
1274362054078496768,negative,0.0021625795954240763
1274362054103703553,negative,0.004989714265797367
1274362054187585539,negative,0.00023130434030800405
1274362054695100422,negative,0.13949552936821852
1274362054808403968,negative,0.021742177510265318
1274362055504670720,negative,0.015548998880221356
1274362058126098439,negative,0.04868413656103167
1274362058138664960,negative,1.0082850906682655e-05
1274362058264522758,negative,0.0008006732688204739
1274362058394480643,negative,0.0014385367453438058
1274362058872668160,negative,0.0016006527146224616
1274362058927230976,negative,0.050785997754484904
1274362058956562432,negative,0.05800058293723114
1274362059396956162,negative,0.08575467508938993
1274362059573133312,negative,0.05493504109067962
1274362059598200833,negative,4.239623248746004e-07
1274362060047032321,negative,0.0007321342685305799
1274362062894960641,positive,0.9595673418537176
1274362063452692480,negative,0.13949552936821852
1274362063784153088,negative,0.11001314799942526
1274362063897473029,negative,0.04868413656103167
1274362065856028674,negative,0.002284088023727909
1274362065931681792,negative,0.007185978535521015
1274362066468405248,neutral,0.37227759433541274
1274362066711785475,negative,0.020671539135477947
1274362067227742209,negative,1.637839043713939e-08
1274362067395514369,negative,0.08986926517635258
1274362067571609600,negative,0.2617529036331704
1274362067756220416,negative,0.018191370886849637
1274362070373486593,negative,0.00025995428544422664
1274362070788706307,negative,6.767550846142292e-06
1274362071346536448,negative,0.00014459406381251767
1274362071430377475,negative,0.2052468474481004
1274362071606411267,neutral,0.3699695634621051
1274362072026034177,negative,0.01140068344308785
1274362072256651267,negative,0.007335432449917372
1274362072428613632,negative,0.001102310072806244
1274362072780980225,negative,0.0008080276591743145
1274362074186108931,negative,0.0006373780709567988
1274362074366390272,negative,0.02030847568765061
1274362074576101378,negative,0.00021141921140676293
1274362074718560256,negative,0.2417208868741504
1274362074886483969,negative,0.00590082636044181
1274362074940964875,negative,0.11142207120075065
1274362075322765313,neutral,0.3704456702973391
1274362075503104000,negative,0.004843091236173927
1274362075616288775,negative,0.0377371050519556
1274362075717013506,negative,1.0097056580517596e-05
1274362076123803648,negative,0.009811987861653418
1274362078594306050,negative,0.07994565696771176
1274362080179650561,negative,0.020384887355742974
1274362080687198209,negative,0.2565802007626156
1274362081089925121,negative,1.6201259640329387e-06
1274362082809577472,neutral,0.5189682163853702
1274362083275157504,negative,0.0011215207366607506
1274362083635847168,positive,0.9969616390735564
1274362084395044865,negative,1.0872528108410854e-05
1274362084445356032,negative,0.00014459406381251767
1274362085749616640,negative,1.1071183644491722e-08
1274362085913382913,negative,0.14879408573908906
1274362086844399616,negative,0.18795859623648656
1274362086949355520,neutral,0.6500713067633086
1274362087486238720,negative,3.111171086958496e-05
1274362088622829575,negative,0.0005816704725602916
1274362089285586945,neutral,0.46598398918449585
1274362091575500805,positive,0.8286012028805883
1274362092154433536,negative,0.0011215207366607506
1274362092628344834,negative,4.319194916105919e-06
1274362092913655809,negative,0.0029191299382463013
1274362092968173568,negative,0.028106593716806877
1274362096277270528,negative,0.1912298156523701
1274362096428429314,negative,0.001799492455028799
1274362096906637314,negative,0.17438964703456974
1274362096931635203,negative,0.1644993842828999
1274362100006170626,neutral,0.40819334745054037
1274362100744404992,negative,0.006812636562690789
1274362101767852032,negative,0.029500560875255072
1274362101906190337,negative,0.08098850789252676
1274362104305369089,negative,5.2195989975907394e-05
1274362104817094661,negative,1.2568981623112401e-10
1274362105240662016,negative,0.00014459406381251767
1274362105433595904,positive,0.7862674322241531
1274362105446035456,negative,0.29761571709333384
1274362105450377216,negative,0.21921412548362115
1274362105488117761,negative,0.0016511718434276646
1274362105706266626,negative,0.0002871002004963532
1274362105861410816,negative,0.18795859623648656
1274362106079588352,negative,0.002348747155677211
1274362106406723586,negative,0.01339617756822052
1274362108055113728,negative,0.015682645292981887
1274362108105445380,positive,0.880977722113856
1274362109044953090,negative,1.637839043713939e-08
1274362109154013184,negative,0.0008006732688204739
1274362109195882498,negative,0.002003739381181443
1274362109476909056,negative,0.015522987730443905
1274362109606969344,negative,0.32005803503052604
1274362109871218689,negative,1.7296221681985026e-05
1274362110030512128,negative,0.0002619169659521643
1274362110399545345,negative,0.23843540036152827
1274362110638804992,negative,0.10560936984364021
1274362110970146823,negative,0.13178064959354038
1274362112488415233,negative,0.29565949125626084
1274362112693985281,negative,0.0798813010626473
1274362112886874114,negative,0.01140068344308785
1274362113104977921,negative,0.04331462268102442
1274362113323040773,negative,0.05843690912992543
1274362113327345664,negative,0.00012653528323396023
1274362113541144577,negative,0.0011932448869651758
1274362113880846340,negative,0.0002619169659521643
1274362114392698880,neutral,0.4172217635857267
1274362114556211201,positive,0.8286012028805883
1274362115508273154,positive,0.7529507011941703
1274362116225536000,negative,0.16451108071011875
1274362116376530945,neutral,0.33686374760521365
1274362116682797059,negative,0.3029968537174699
1274362116959502339,negative,0.19031694590135403
1274362117131558913,negative,0.003786643876250606
1274362117815242756,negative,0.2549341395871906
1274362120822456333,negative,0.026999889947348237
1274362120977690624,negative,0.004020017778225689
1274362121661435906,negative,2.2607703055852016e-05
1274362122399596549,negative,0.04868413656103167
1274362122466660352,negative,5.692839550525292e-09
1274362122525433856,negative,0.08551692218235292
1274362124924522496,negative,0.009435952283406145
1274362125042036736,negative,0.05431939966609225
1274362125121699842,negative,0.00041389375083291
1274362125146873861,neutral,0.5699802971765068
1274362125830496257,neutral,0.5616511143517063
1274362126820392961,negative,0.04868413656103167
1274362129194323968,negative,0.02903700505762257
1274362129265483778,negative,0.2726320143999161
1274362129311838208,negative,0.19527232952871584
1274362130649808896,negative,0.06328551737876736
1274362131228524544,negative,0.007628685414413218
1274362131425701889,negative,0.0017801075779836659
1274362132126150656,neutral,0.4836107634721281
1274362132142964739,negative,0.007628685414413218
1274362133002825729,negative,5.25933231523432e-06
1274362133170569217,negative,0.008634284237377344
1274362133216542720,negative,0.2538833530451695
1274362133237637122,negative,0.005402909033626645
1274362133350842369,negative,0.13172800381638772
1274362133778743298,negative,1.9027470190114964e-05
1274362134336544768,negative,0.009781223245064129
1274362137364873218,neutral,0.340932618892224
1274362137377292288,negative,0.004013205724333954
1274362137637531654,negative,0.28462321692617887
1274362137784303618,negative,0.002366686782086095
1274362138484772865,negative,0.11142207120075065
1274362138631507975,negative,0.00016098704417181713
1274362138685919235,negative,8.412709864431871e-06
1274362138728038409,negative,0.001563206820233915
1274362141408182272,negative,0.01140068344308785
1274362141462671361,negative,0.0021205043851629407
1274362141785690112,negative,7.157455002831851e-05
1274362141957656577,negative,5.866433437362104e-05
1274362142284709888,negative,0.12255121890909586
1274362142339280896,negative,0.04282213727250138
1274362142536368128,negative,0.015548998880221356
1274362142628679681,neutral,0.37426873505003133
1274362142704259073,neutral,0.36742492523419246
1274362143400513542,negative,0.09743215817223883
1274362143429853184,negative,0.0011215207366607506
1274362146659487744,negative,1.0313667879952264e-11
1274362147192156161,neutral,0.4577266631686934
1274362147376635906,negative,0.02714312600138446
1274362147531894785,negative,6.03607153926437e-08
1274362147649327107,negative,1.1975746929609166e-05
1274362147900973056,negative,0.1591158587781061
1274362149763272707,negative,0.04371804896058792
1274362149771661312,negative,0.29761571709333384
1274362150291755010,positive,0.6678720109084623
1274362150681579520,negative,0.018191370886849637
1274362151046651905,negative,0.00045390932293178473
1274362151243853826,negative,0.24213229484077908
1274362151340249089,negative,0.2543691000639999
1274362151373811719,negative,0.00010472126609286544
1274362151759679488,negative,0.10009748479747489
1274362151998717958,negative,0.01140068344308785
1274362152351158273,negative,0.04868413656103167
1274362155199074306,negative,0.004013205724333954
1274362155400380416,negative,6.309560018962608e-07
1274362155563921408,negative,1.6300532801452974e-05
1274362155576496128,negative,0.03332768219297532
1274362156000194565,negative,0.01919072320891265
1274362156016943104,negative,5.25933231523432e-06
1274362156172087296,negative,0.2944593239519845
1274362158436847616,negative,0.07327654202549114
1274362159288520704,negative,2.5387323369938468e-08
1274362159414210561,negative,0.00037121730800023883
1274362159930191872,negative,1.6300532801452974e-05
1274362159930245123,negative,0.001616511283051386
1274362160538361857,negative,0.043181144552809414
1274362160584499202,negative,9.782089804679564e-13
1274362160714579968,negative,0.073541535033426
1274362163138899969,neutral,0.48895895465593386
1274362163310792704,negative,0.03777294052259455
1274362163667165186,negative,8.123347876440576e-05
1274362163734482944,negative,0.07594108523524536
1274362163981774849,negative,0.0014191126000229555
1274362164036370432,positive,0.7862674322241531
1274362164111970305,negative,0.04868413656103167
1274362166792118278,negative,0.18795859623648656
1274362166825623552,negative,0.04868413656103167
1274362167115091970,positive,0.897740620973573
1274362167345721345,neutral,0.4417612454556022
1274362167442190339,positive,0.7455511566818506
1274362167962320897,negative,0.016352069621505757
1274362168549539842,negative,0.018191370886849637
1274362170269147137,negative,0.026999889947348237
1274362170827051009,negative,2.088422457257334e-05
1274362170881515520,negative,0.025973607476682942
1274362171493883904,negative,1.1071183644491722e-08
1274362171636547584,neutral,0.5136446707795853
1274362171657531399,negative,0.1479964024895597
1274362172693311488,negative,0.0003953899386636144
1274362175579213825,negative,0.007788124739526638
1274362176132861952,negative,0.00030373989889860776
1274362176237711361,negative,0.16451108071011875
1274362176258609153,negative,0.25416159745075056
1274362179203063819,negative,0.09726902155701549
1274362179270123520,negative,0.00014459406381251767
1274362179383431169,negative,1.1071183644491722e-08
1274362179526017026,negative,0.05839510813617035
1274362179668652033,negative,0.007628685414413218
1274362179685216256,positive,0.6819439214581611
1274362179874099201,negative,0.1269385672275041
1274362180163510274,negative,0.02478437974599062
1274362180654247936,negative,0.00017358007105899967
1274362183732719617,negative,0.002711587866958985
1274362184001347590,negative,0.13949552936821852
1274362184475332612,negative,8.72965302300608e-05
1274362184500420608,negative,1.9027470190114964e-05
1274362184538238976,negative,0.2037813988775199
1274362185423171588,negative,0.0016665296955135618
1274362187499388928,negative,0.004843091236173927
1274362187641995265,negative,0.020384887355742974
1274362188027834368,negative,0.04868413656103167
1274362189378400256,negative,0.03168124844634936
1274362189554597895,neutral,0.35577744981471515
1274362189592346624,negative,0.10344950966247003
1274362189697167366,negative,0.021323410600667857
1274362189797785601,negative,0.2052468474481004
1274362190116589569,negative,0.0007206278447072315
1274362191282667521,positive,0.9999947631524282
1274362191949561858,negative,0.00038606908473136305
1274362192176001029,negative,0.022037677511874857
1274362192289243136,negative,0.05738731705847255
1274362192352206849,negative,0.07327654202549114
1274362192389910535,negative,0.21132495792850758
1274362192406679553,negative,0.12239827232910852
1274362192440299520,negative,0.04868413656103167
1274362192708673536,negative,0.018657952644125182
1274362192800948224,negative,0.01140068344308785
1274362192872292353,negative,0.02102601543626555
1274362193186881536,negative,0.1813550222987626
1274362193300119554,negative,0.0001825790795152943
1274362193354555392,negative,0.2784049323137318
1274362193711112199,negative,0.00014459406381251767
1274362196101697536,negative,4.319194916105919e-06
1274362196898840577,neutral,0.4610523927148827
1274362197087596544,negative,0.32886548260954357
1274362198052216833,negative,1.9027470190114964e-05
1274362200166146048,negative,0.01140068344308785
1274362200715661318,negative,0.07509577442231544
1274362200799526917,negative,0.06112195123969679
1274362200912781314,negative,0.1237213486482113
1274362200933781504,negative,0.04227075279170148
1274362201025830913,neutral,0.49789225920557484
1274362201407660034,negative,0.00011136332652074651
1274362201663508486,negative,0.047238387678063584
1274362201797652480,negative,0.00028685949725929433
1274362201827049473,negative,0.0011215207366607506
1274362202515034114,negative,1.0521495786532294e-06
1274362204897361920,negative,0.0011932448869651758
1274362205157408768,negative,0.06954052741086666
1274362205379624961,negative,8.72965302300608e-05
1274362205396492288,negative,0.020384887355742974
1274362205673308165,negative,1.7240898212433143e-05
1274362205832650759,positive,0.9791337473416896
1274362208730976256,negative,0.026999889947348237
1274362209171316743,neutral,0.5616511143517063
1274362209267785728,neutral,0.4780350104355538
1274362209997479936,positive,0.8286012028805883
1274362210178027520,negative,0.0009372245419307974
1274362210773544960,negative,0.19044396095886346
1274362212942000128,negative,0.00473837505376686
1274362213743165441,negative,0.0011215207366607506
1274362214070325248,positive,0.990955449951103
1274362214191894528,negative,5.741800894323175e-05
1274362214409895939,neutral,0.37227759433541274
1274362215865421825,negative,0.29502449652156665
1274362216930738176,negative,1.7240898212433143e-05
1274362217522245633,negative,2.0260555091847292e-06
1274362218193264642,negative,3.812626995877015e-09
1274362218784722944,neutral,0.3390601354401604
1274362218944004098,negative,0.008746531614020862
1274362221594906624,negative,0.0011215207366607506
1274362221875822593,negative,5.866433437362104e-05
1274362221980721158,negative,0.004843091236173927
1274362222232436736,negative,0.03808132109721348
1274362222345629696,negative,0.018191370886849637
1274362222433746945,negative,0.00014459406381251767
1274362222878298112,negative,0.27330665935500936
1274362222949666820,negative,0.0025244154240155283
1274362223109066752,negative,0.0011215207366607506
1274362223591395328,negative,6.3929202810380026e-06
1274362225491185671,negative,0.00871136587818132
1274362225608794114,negative,0.003906636404508561
1274362225621446658,negative,0.00038738895911308356
1274362225642344449,negative,0.21539775187111218
1274362225784913921,negative,0.13790906241702833
1274362227202699267,positive,0.7491428451755798
1274362227668254722,negative,0.0011043230200440933
1274362229991800832,negative,2.068751531362277e-09
1274362231199805440,negative,8.443564912871401e-05
1274362231984177155,negative,8.566400268278368e-06
1274362232130932736,negative,0.1823704251571895
1274362232185532422,negative,1.4028398322374027e-05
1274362233775144960,negative,0.01648229972419678
1274362233817096192,negative,0.06468231729517461
1274362233842171905,negative,0.2374667642763021
1274362234156843008,negative,0.08917284233375622
1274362234374959104,negative,0.07909844660530509
1274362234823757825,negative,0.0033120343898480897
1274362235301720065,negative,0.0014176712588868086
1274362235381526530,neutral,0.49789225920557484
1274362235532595200,negative,0.000984242358004402
1274362235838758916,negative,0.002284088023727909
1274362235842752512,negative,0.0007724139371866702
1274362235981266944,positive,0.8647530120485675
1274362236073623553,neutral,0.3422707420485615
1274362236866383875,neutral,0.5533970533999424
1274362237860425728,neutral,0.5217225811346161
1274362237948514312,negative,5.037041849625492e-07
1274362238044798983,negative,0.0006905568868507846
1274362238082732035,neutral,0.37525890839322623
1274362238363668481,negative,0.17061643707527946
1274362238435045376,negative,0.04868413656103167
1274362238678286340,negative,0.003420226946203081
1274362238921576448,negative,0.13826357535628392
1274362239361966082,positive,0.7102663774040795
1274362239382892546,negative,0.0005881791848059362
1274362239391354880,negative,0.19395515227568538
1274362242021109760,negative,0.13949552936821852
1274362242134392836,negative,0.0010123239705363521
1274362242771886081,negative,0.0007699370890113074
1274362242960629760,neutral,0.5244879302463562
1274362243350761472,negative,8.443564912871401e-05
1274362246345490432,negative,0.24030323984606
1274362247003938821,negative,0.07998569771605683
1274362247297544192,negative,0.059755720483212066
1274362248052592640,positive,0.990955449951103
1274362248182579201,negative,0.19211669103476348
1274362248371351554,negative,0.062159889844503366
1274362248396525569,negative,0.062019278876814174
1274362250636083200,negative,0.1266919358380019
1274362250665562115,negative,0.028593782450854224
1274362251810660353,negative,7.96775899931524e-06
1274362251818995712,neutral,0.43200870435780364
1274362251844227072,negative,1.7638375380707103e-06
1274362252179714048,negative,0.27330665935500936
1274362252192288768,negative,0.010612337458253572
1274362252590747648,negative,0.0028779006780079394
1274362252615876610,neutral,0.3739660090720109
1274362254360817665,negative,0.04827366615262467
1274362254843133954,negative,0.055162715980691446
1274362254972973063,negative,0.2538833530451695
1274362255086424065,neutral,0.39939675262187246
1274362255409180673,negative,0.2538833530451695
1274362255430172673,negative,0.07617266421972577
1274362255627386880,negative,0.0031061741318383863
1274362255707013121,negative,0.07617266421972577
1274362255849766917,negative,0.1823704251571895
1274362255895740416,negative,1.3550148781007683e-10
1274362256071856129,negative,0.2538833530451695
1274362258848649221,negative,1.4047413793652561e-05
1274362259637260289,negative,0.2722790046873894
1274362259771404288,negative,0.0007072239441027239
1274362260270526471,negative,0.10407949500548264
1274362260484501504,negative,0.13949552936821852
1274362260673097728,negative,0.19596880945195036
1274362261327486979,negative,0.04868413656103167
1274362262971658240,negative,0.01140068344308785
1274362263282094088,negative,3.504595154280153e-05
1274362264007716866,positive,0.8647530120485675
1274362264359858176,negative,0.2417208868741504
1274362265177853953,negative,0.18795859623648656
1274362265286950916,negative,0.04114968719529996
1274362267346382848,negative,0.032512352716893504
1274362267723759622,negative,1.1071183644491722e-08
1274362268294303750,negative,0.018138305860336098
1274362268298489858,negative,8.695491999162541e-07
1274362268596215810,negative,0.00038923805865236007
1274362268634005505,negative,0.0771847225977192
1274362268935958529,negative,0.018191370886849637
1274362269019836418,negative,0.004843091236173927
1274362269233790980,negative,0.0037750974463303675
1274362270546616320,neutral,0.411594083119197
1274362271465119749,negative,0.04868413656103167
1274362271548891139,negative,0.01592409059057663
1274362271825833986,negative,4.4942364986113665e-06
1274362272132009986,negative,2.2607703055852016e-05
1274362272643715074,negative,0.0192479550163471
1274362272908029953,positive,0.7040950283646137
1274362273268629504,negative,0.1237213486482113
1274362273432252418,negative,0.006572766519036822
1274362273470046208,negative,2.088422457257334e-05
1274362275806224395,negative,1.0958586118169189e-05
1274362275898499072,negative,0.16451108071011875
1274362276120866818,negative,0.024684331282258814
1274362276217315328,negative,0.01130536739368902
1274362276624175109,negative,4.690307006394769e-05
1274362276842287104,negative,0.22122416942500223
1274362276959719430,negative,0.18097169728096155
1274362277324562432,negative,0.00014459406381251767
1274362280998776833,negative,0.005846307661460753
1274362281015627784,negative,0.05782515572050846
1274362281057562625,positive,0.8009689230201535
1274362281082654720,negative,0.00011852025769266823
1274362281116291072,negative,2.2607703055852016e-05
1274362282043043840,negative,0.0011215207366607506
1274362284459114497,negative,0.062159889844503366
1274362284794576897,negative,0.1419265381406
1274362284807241729,negative,0.05942892623855671
1274362284886888448,negative,2.2607703055852016e-05
1274362285008531456,negative,0.27330665935500936
1274362285478285313,negative,0.007576396685350004
1274362286132662272,negative,1.1071183644491722e-08
1274362288531738631,negative,0.0092744064496032
1274362288556867585,positive,0.9223286120207718
1274362288623902727,neutral,0.49789225920557484
1274362288913420290,negative,0.004843091236173927
1274362288959619075,negative,0.04419967798461859
1274362289664262145,neutral,0.5092641269687471
1274362290016378882,neutral,0.49789225920557484
1274362290503135233,negative,0.0798813010626473
1274362292541497345,negative,0.004843091236173927
1274362292747087873,negative,0.0002294050485321619
1274362293535469569,negative,7.303743421387849e-05
1274362294034669568,negative,0.02341292172742968
1274362294202519554,neutral,0.39088063296124553
1274362294248579078,negative,0.2993907110775389
1274362294764548096,negative,0.0011970928242238756
1274362297046183936,negative,0.028299755563225136
1274362297566334976,neutral,0.49789225920557484
1274362297633439746,negative,0.0025244154240155283
1274362298115727361,negative,0.16531545686876015
1274362298673573889,negative,0.0011215207366607506
1274362298681958401,negative,0.038153568964844585
1274362298786873344,negative,0.004845512593524563
1274362301186027522,negative,0.00014459406381251767
1274362301337030657,negative,0.01140068344308785
1274362301399863296,negative,0.0016006527146224616
1274362301601255424,neutral,0.49789225920557484
1274362301714325504,negative,5.797397602015975e-06
1274362301987028992,negative,0.07197907315624454
1274362302150651904,negative,0.29171456123451783
1274362302557556737,negative,2.2607703055852016e-05
1274362302691717120,negative,0.06713011325119105
1274362302746238976,negative,0.07123317642079216
1274362303211868162,negative,8.875547998667753e-07
1274362305770373120,negative,0.17044897251241994
1274362305812271112,neutral,0.5801667831560333
1274362306651029506,negative,0.018191370886849637
1274362306856734720,negative,2.787297328760927e-09
1274362307552972801,negative,0.04931832682562766
1274362309293617152,negative,5.479756971233475e-05
1274362309306200065,negative,0.2417208868741504
1274362309419438082,negative,0.11733166319877615
1274362310249897987,negative,0.004125811062725056
1274362310618947585,negative,0.003222832135696301
1274362311042494464,negative,0.0011215207366607506
1274362311046823942,neutral,0.5598062641785088
1274362313336905728,negative,0.09273782108849354
1274362313542455301,negative,9.782089804679564e-13
1274362314397892608,negative,0.18607732132342025
1274362314712637442,negative,6.603628076575705e-07
1274362314947526656,negative,0.07998569771605683
1274362315002073088,negative,0.009998871589090129
1274362315056582656,negative,0.004843091236173927
1274362317652795392,negative,0.0009883103422295453
1274362317971558400,negative,1.9027470190114964e-05
1274362318256824321,negative,0.003401178487566604
1274362318609055749,negative,0.02176437571497342
1274362319053742080,negative,4.1579292054137745e-07
1274362319217328133,negative,0.019544565461810527
1274362319376703493,negative,0.15922624373425048
1274362319401824257,negative,0.04868413656103167
1274362320072970243,negative,0.0011215207366607506
1274362320085569538,positive,0.9946681595709579
1274362320148447234,negative,0.2799852519493358
1274362321817808897,negative,0.0007379808866116261
1274362322014920704,negative,0.0007546642203591964
1274362322417365003,neutral,0.5136446707795853
1274362323042476032,negative,0.15922624373425048
1274362323159994373,negative,0.0005500612242291591
1274362323927478278,negative,0.0021625795954240763
1274362326448300032,negative,0.04868413656103167
1274362327270404096,negative,0.13172800381638772
1274362327421325312,neutral,0.5111067556059521
1274362327677177861,negative,0.02458097564410094
1274362327849148416,negative,0.002913688873244551
1274362328046239746,negative,0.002867380513848342
1274362330420252679,negative,0.00031797486347803105
1274362330592272384,negative,0.04868413656103167
1274362331590524931,negative,0.04868413656103167
1274362331863154688,neutral,0.5467018084453114
1274362332152573952,negative,0.017375057982810183
1274362334631178240,negative,0.0004330391694208318
1274362334866059267,negative,0.004843091236173927
1274362335398895616,negative,0.007628685414413218
1274362335461806080,positive,0.9969616390735564
1274362335935836160,negative,8.443564912871401e-05
1274362336514584576,negative,0.0006778912172479333
1274362337152008192,negative,1.1071183644491722e-08
1274362337282215936,negative,0.11184300276801358
1274362338653753345,negative,0.0005500612242291591
1274362338704056320,negative,0.0018614861189320143
1274362339043741700,negative,0.0033120343898480897
1274362339446398978,negative,0.01024459341701663
1274362340335661056,negative,0.00018178150848871408
1274362340809551875,negative,0.002874367198725128
1274362340868227072,negative,0.021742177510265318
1274362341325447168,neutral,0.4306300927258933
1274362343007358976,negative,0.0033120343898480897
1274362343342948355,negative,0.04817235380553318
1274362343489708039,negative,0.004843091236173927
1274362343514951680,neutral,0.35512915696751474
1274362343783378945,negative,0.09740302121089356
1274362344047554561,negative,0.002980689154954188
1274362344240566272,positive,0.9969616390735564
1274362344387338240,negative,0.015548998880221356
1274362344425095168,negative,0.001102310072806244
1274362344504725504,negative,4.090600544715756e-12
1274362344714502145,negative,0.01140068344308785
1274362347704983552,negative,3.7903271829743936e-07
1274362348116021249,negative,0.06583226526723569
1274362348233523203,negative,0.000895278884472851
1274362348925526025,neutral,0.3458414798855197
1274362351328821248,negative,0.20253935116869437
1274362351622520833,negative,0.03932234579206633
1274362352478142464,negative,0.16451108071011875
1274362352561946627,negative,4.11163170978191e-05
1274362352784244736,negative,0.0039318862208204556
1274362353308532736,negative,1.1071183644491722e-08
1274362356282396672,negative,0.0059583599279940695
1274362356575993861,negative,0.057578900793079854
1274362356664066050,negative,0.02102601543626555
1274362357112807430,negative,0.27330665935500936
1274362357171531777,negative,0.026599310129282964
1274362359562338306,negative,0.012920222750221649
1274362360120127488,negative,0.004843091236173927
1274362360208252930,negative,0.00012968186952523811
1274362360409526273,negative,5.25933231523432e-06
1274362360665239552,negative,0.003065677059359148
1274362361009274880,negative,0.000102120942159438
1274362361441390592,negative,0.013501112483420495
1274362364335448065,negative,0.08685394144581082
1274362364423540744,negative,0.00012655821123306118
1274362364511559681,neutral,0.5136446707795853
1274362364851302400,neutral,0.42049009877964
1274362364935245827,negative,0.004843091236173927
1274362364947824641,negative,0.32643896277848355
1274362365077647366,negative,0.0002619169659521643
1274362365149052934,negative,1.6201259640329387e-06
1274362365958643712,negative,0.15777472152595248
1274362366101159937,negative,2.787297328760927e-09
1274362366503903233,negative,0.19269908715439102
1274362368005455872,negative,0.020384887355742974
1274362368080961538,negative,3.38794706851042e-05
1274362368311603201,negative,0.062159889844503366
1274362368391368704,negative,8.768611723949809e-07
1274362368848465922,negative,0.11390176322476178
1274362369830006785,negative,0.04034062836244699
1274362370215690240,negative,0.00021759298836992262
1274362370362466305,negative,0.004606501742606273
1274362372090707968,negative,0.09049518196348531
1274362372128419842,negative,0.24151054019797136
1274362372380033030,negative,0.03517411034203476
1274362372434649094,neutral,0.6063888534417544
1274362372619145221,negative,0.014058005705670017
1274362373445488647,negative,0.1363585901897884
1274362374133252103,negative,0.0021625795954240763
1274362376243097612,negative,2.0452212128368524e-05
1274362376746405891,negative,0.029244268885268345
1274362376809299970,negative,0.0011215207366607506
1274362376851243008,negative,8.789458901419966e-05
1274362376888782852,negative,0.004843091236173927
1274362376968638465,negative,0.03517411034203476
1274362377186807808,negative,0.11472106846385814
1274362377597865986,positive,0.8585319019276769
1274362377987936256,neutral,0.5212084554669985
1274362378235281411,negative,0.0020810353894629785
1274362381318184963,negative,8.72965302300608e-05
1274362381372719111,negative,7.482590918262696e-05
1274362381423042561,negative,0.021226475013468898
1274362381565456384,negative,0.020384887355742974
1274362381716652033,negative,0.0005936823813332852
1274362381720858632,negative,0.017703513531559054
1274362382207406081,negative,0.012141033586886231
1274362382240931842,neutral,0.49818512823882316
1274362382358392832,negative,0.24030323984606
1274362382379356160,negative,0.16451108071011875
1274362382408716290,negative,0.002805811483521012
1274362384648474625,negative,0.0008161822050875386
1274362384912654337,negative,0.13817901694752802
1274362384988110851,negative,0.028178299593110946
1274362385583742977,neutral,0.5212084554669985
1274362385634136064,negative,0.04868413656103167
1274362385797652481,negative,0.008900283646139788
1274362385940307973,negative,0.13949552936821852
1274362386040999937,negative,0.1608681682475487
1274362386137432065,negative,0.24241056295860333
1274362386716164098,negative,1.0872528108410854e-05
1274362388733661186,negative,0.00013310889329721086
1274362389081796608,negative,0.0011215207366607506
1274362389161553922,negative,0.0011215207366607506
1274362390054948866,negative,0.05674881579282759
1274362390453379077,negative,1.6300532801452974e-05
1274362390700871683,negative,0.04868413656103167
1274362390931521538,negative,0.09988079043538062
1274362393532026883,negative,1.637839043713939e-08
1274362393640960000,negative,0.13154992141303629
1274362394026835968,negative,0.01024459341701663
1274362394605543424,negative,0.09847876300005037
1274362394605568002,negative,0.0011215207366607506
1274362394970599424,negative,0.26117223799117334
1274362395373318144,negative,1.8702409184941465e-05
1274362395742404611,negative,0.2617529036331704
1274362395964702720,positive,0.897740620973573
1274362396061155330,negative,0.10188734314977094
1274362397726248967,negative,0.06583226526723569
1274362397772349442,negative,0.13331246529389748
1274362397789245442,negative,0.006590469754560142
1274362398393217027,negative,0.16336595083705632
1274362398602866689,neutral,0.33686374760521365
1274362399114563584,neutral,0.5616511143517063
1274362399613689856,negative,2.2607703055852016e-05
1274362399647301640,negative,0.04868413656103167
1274362399760547843,neutral,0.5391371911639813
1274362399928311808,negative,0.02503227461622524
1274362399995432960,negative,0.21648638113827817
1274362401274695682,negative,0.05183985579391783
1274362401513709568,negative,0.009338846376051698
1274362402071511040,positive,0.9260460732612994
1274362402486788096,negative,0.038153568964844585
1274362402511831041,negative,2.8656526328885995e-06
1274362403069792257,negative,2.5719423545214518e-05
1274362405880041474,negative,0.005402909033626645
1274362406551126022,negative,0.02401466615585419
1274362406936948738,negative,0.0002400857791051532
1274362407025082368,negative,0.00517989528748498
1274362407062831110,negative,0.04868413656103167
1274362407096389633,negative,0.13949552936821852
1274362407096406016,neutral,0.49789225920557484
1274362407196987392,negative,0.18013804714468226
1274362407385812992,negative,0.08780028014807154
1274362409810120704,negative,0.20951346678325597
1274362409893986305,negative,0.0007466394894857924
1274362410556686339,positive,0.8286012028805883
1274362410892230657,negative,0.04868413656103167
1274362411072585729,positive,0.8745976128856019
1274362411584126977,neutral,0.49789225920557484
1274362411924029442,negative,1.1071183644491722e-08
1274362411982696453,positive,0.9972833339877146
1274362412309680128,negative,0.0009177032978133025
1274362414079922176,negative,2.787297328760927e-09
1274362414146912257,negative,0.0022941155817964814
1274362414209867778,negative,5.25933231523432e-06
1274362414495158272,negative,1.7240898212433143e-05
1274362414616776710,negative,0.2914994919326184
1274362415124230145,negative,0.10958106425014688
1274362415187181568,negative,0.09586653449951275
1274362415707295744,negative,0.10680770750027604
1274362415845707776,negative,0.03808132109721348
1274362415967350784,negative,8.768611723949809e-07
1274362418374688768,negative,0.020384887355742974
1274362418521608193,negative,0.05674881579282759
1274362418966265863,negative,0.13949552936821852
1274362419058561026,negative,0.01648229972419678
1274362419155009536,negative,2.0902958903166427e-11
1274362419712634880,negative,0.004843091236173927
1274362419725377536,negative,0.29071264606309005
1274362420216107009,negative,0.3122639449501142
1274362422611058688,negative,0.001102310072806244
1274362423043121157,positive,0.7760361879853958
1274362423277809664,negative,0.0011215207366607506
1274362423399587840,negative,0.0005881791848059362
1274362424083218433,neutral,0.34099701829604145
1274362424800485377,negative,5.72075362386443e-10
1274362424888524800,negative,0.00014459406381251767
1274362424968327174,negative,1.3702617540342216e-06
1274362424968327175,negative,0.00014459406381251767
1274362426725728256,negative,0.0024479132264257244
1274362426897596422,negative,0.0040425414539528295
1274362426985676807,negative,0.04868413656103167
1274362427031924736,positive,0.9992914555001349
1274362428327952385,negative,0.003401178487566604
1274362428587937793,negative,0.018220451514098804
1274362429607219207,negative,0.012690009512474188
1274362431150723073,negative,0.00021020526819592297
1274362431234547712,negative,0.019544565461810527
1274362431486263297,negative,0.08686242609665243
1274362431486267395,negative,0.00014459406381251767
1274362431775608833,neutral,0.4527438818270552
1274362432455094272,negative,0.0624398915634565
1274362432568295425,negative,1.157691023603853e-05
1274362432580997121,negative,4.409683412435902e-12
1274362432614359040,neutral,0.44351615231568803
1274362433277169664,negative,8.72965302300608e-05
1274362435156271104,negative,0.0009728648121375124
1274362435349209090,negative,0.11733166319877615
1274362435462447105,negative,2.2607703055852016e-05
1274362435575652352,negative,0.001174289221766503
1274362435617673217,negative,0.13949552936821852
1274362436083220480,negative,0.10806938664675925
1274362436271902720,negative,0.16855760213587176
1274362436385153024,negative,0.007537542262960305
1274362436439728132,negative,4.940018441446912e-05
1274362436766838790,neutral,0.5196000172536228
1274362436770861062,negative,6.649658578191888e-05
1274362436964036609,negative,5.094166772461122e-06
1274362437404409857,negative,0.17453894250224283
1274362439392538626,negative,0.011448849023057617
1274362439404945414,negative,1.0643216692750582e-07
1274362439778340864,positive,0.9572347682085854
1274362440575332354,negative,0.18097169728096155
1274362440747307009,negative,0.13172800381638772
1274362440868864002,negative,0.209711168669839
1274362441258938369,negative,0.08501573180126992
1274362443763011585,negative,0.18097169728096155
1274362444060786691,negative,0.06312826999855198
1274362444207570944,negative,0.0073562746276637685
1274362444236890114,negative,4.377820195448352e-11
1274362444366913536,negative,0.004843091236173927
1274362444396331008,neutral,0.46127768308170247
1274362445159677952,negative,7.188094973277488e-05
1274362447592337409,negative,0.005363792693573304
1274362447701463041,negative,0.0009728648121375124
1274362447814692867,negative,5.25933231523432e-06
1274362448938704896,negative,0.04868413656103167
1274362449081270273,positive,0.8585319019276769
1274362449521774593,negative,0.05141784201110951
1274362451816038401,negative,0.07998569771605683
1274362451828457472,negative,0.07909844660530509
1274362451836846081,negative,0.025139190892179863
1274362452256403456,negative,0.05839510813617035
1274362452499668992,positive,0.9969616390735564
1274362452524896263,negative,0.00016943133212710124
1274362452717776896,negative,0.12703271384507175
1274362452734509059,negative,0.0009490806865321574
1274362452763987970,negative,0.04232363824947135
1274362452801662976,negative,1.0043340862706656e-10
1274362453254524928,negative,0.275958358184994
1274362456010358791,negative,0.2543622175263454
1274362457088299009,negative,1.605031401374066e-05
1274362457130229760,negative,0.18795859623648656
1274362457172185088,negative,0.0092744064496032
1274362457323188226,neutral,0.511876865985598
1274362457365057536,negative,0.04868413656103167
1274362458027720706,positive,0.880977722113856
1274362458162040833,negative,1.2736453100106271e-05
1274362458287886336,negative,0.02059529710232801
1274362458430410753,positive,0.6637246041940078
1274362458472247296,negative,0.1363585901897884
1274362459583848448,negative,0.29761571709333384
1274362460200407040,negative,0.275958358184994
1274362460338872321,negative,0.0009177165704667473
1274362460389113856,negative,1.0707508760226773e-06
1274362460875763714,negative,0.05942892623855671
1274362460993134593,negative,0.04868413656103167
1274362461337063424,negative,0.0007536143189808546
1274362461492215810,negative,0.012690009512474188
1274362462146568194,negative,0.0002400857791051532
1274362462268272640,negative,0.00015328092236833836
1274362464315092992,negative,8.72965302300608e-05
1274362464344461318,negative,1.400276680508255e-05
1274362464596090882,negative,0.01140068344308785
1274362464688320513,negative,1.6730938885208742e-05
1274362464839368705,negative,4.0137644822369474e-06
1274362465443291136,negative,0.04868413656103167
1274362465753718785,negative,0.2538833530451695
1274362465799729154,negative,0.0011215207366607506
1274362465858576385,negative,0.18574096002854779
1274362466630160384,negative,0.002710230063179487
1274362466974212096,negative,0.004202755155766138
1274362468723195913,neutral,0.4507454498615163
1274362469012602881,negative,0.04868413656103167
1274362469591339008,positive,0.9830173829304579
1274362469662822400,negative,0.003628581467085475
1274362469847306243,negative,0.00727793716824884
1274362469985681415,negative,0.0005238599905739156
1274362470002577408,negative,0.16451108071011875
1274362470329655296,negative,8.539062321144909e-05
1274362470518448131,negative,0.18795859623648656
1274362470614908929,negative,0.010767215818475777
1274362472867258368,negative,0.05868960347054913
1274362472921796608,neutral,0.49789225920557484
1274362473286635522,neutral,0.5061251891691518
1274362473492238336,negative,0.15009130902956086
1274362473764868097,neutral,0.4513605618894927
1274362473899077638,negative,0.032382538787053244
1274362474121363456,neutral,0.48066016467394185
1274362474163130368,negative,0.09965753329704123
1274362474192605191,negative,1.8975866285024973e-06
1274362474280648706,negative,0.00014459406381251767
1274362474901442561,negative,3.6560973240501597e-06
1274362477040541696,positive,0.8286012028805883
1274362478160379904,neutral,0.4899951777522356
1274362478680555520,neutral,0.49789225920557484
1274362478705684481,negative,9.782089804679564e-13
1274362478944813056,negative,0.06081655062018614
1274362479028690944,negative,0.11941814385678137
1274362481796943873,positive,0.7269860212356132
1274362482476359681,negative,0.017152918116146547
1274362482803474433,negative,0.17174757136396243
1274362483524993024,negative,0.0798813010626473
1274362485559169025,negative,0.005498924738442756
1274362485676691458,negative,0.04868413656103167
1274362485731209223,negative,0.007628685414413218
1274362485844434944,negative,0.12327687411948364
1274362485873823747,negative,0.004405262249978479
1274362485877997568,negative,0.0071026284906396675
1274362486406422528,negative,0.003222832135696301
1274362486934761473,positive,0.9999378662572338
1274362487027183616,negative,0.0025244154240155283
1274362487102738432,negative,0.0005586130600931568
1274362487232749568,negative,1.9027470190114964e-05
1274362489791303680,negative,1.694467631585577e-05
1274362490248364034,negative,0.0017372501656547135
1274362490483335168,neutral,0.46127768308170247
1274362490567168000,neutral,0.3712504534689128
1274362491317911553,negative,0.025849042689490554
1274362491359891459,negative,0.0001421072817528688
1274362491359973376,negative,0.008963433598226878
1274362491556986880,negative,0.04868413656103167
1274362493842993152,neutral,0.49789225920557484
1274362494002266119,negative,0.014026828412018614
1274362494182723585,negative,0.00010472126609286544
1274362494203703296,negative,0.00014459406381251767
1274362494291755014,negative,0.03748451357730029
1274362494304296963,negative,2.2607703055852016e-05
1274362494400806912,negative,0.0028779006780079394
1274362494451101697,negative,0.02102601543626555
1274362494807670787,negative,0.23540932660475059
1274362495868772353,negative,0.00021141921140676293
1274362495961088002,negative,1.694467631585577e-05
1274362495965200385,negative,0.16395689638989172
1274362497894453249,negative,0.0002618765842378315
1274362498288926721,negative,0.236617000455749
1274362498695737351,negative,0.10557876151393145
1274362499077455877,negative,0.17948705462362313
1274362499366879232,neutral,0.5003228562630729
1274362500230926336,negative,0.06919360840379962
1274362500725825538,negative,0.00025995428544422664
1274362500805529601,negative,2.6483642060587684e-05
1274362502198018050,negative,0.020384887355742974
1274362502667735040,negative,0.01755183264281087
1274362502818693125,neutral,0.36629112225818244
1274362503015870464,negative,0.0009952863461212178
1274362503078858752,negative,0.05376307698148826
1274362503116607488,positive,0.966233231610743
1274362503133310976,negative,5.227013947987765e-13
1274362503284191232,negative,0.015565561135714395
1274362503477280769,negative,7.947674331900656e-12
1274362506400747520,negative,0.05738731705847255
1274362506606186502,negative,0.010471005683429686
1274362507545710599,negative,0.008624554312103006
1274362507633856514,negative,1.1071183644491722e-08
1274362507734519810,negative,0.10625163020666818
1274362507784839168,negative,0.0004070333136220243
1274362508518862849,negative,1.7240898212433143e-05
1274362508732661760,negative,0.2820386637943614
1274362508749484034,negative,0.18097169728096155
1274362508762021893,negative,0.2470052762849793
1274362510460805120,negative,0.0018690516579159798
1274362510716665857,negative,0.0028326793561230194
1274362511010250753,negative,0.0011215207366607506
1274362511354220545,negative,0.11199186793547575
1274362511840731138,negative,5.914535862845128e-06
1274362512092217344,negative,0.0012655814615645468
1274362512100786178,negative,3.361671494843495e-05
1274362512734117888,negative,0.01024459341701663
1274362512931196929,negative,0.015548998880221356
1274362514910789634,neutral,0.49789225920557484
1274362515774988289,negative,1.2301885596849096e-06
1274362516081201152,positive,0.9980878937802206
1274362516219535360,negative,0.2848775777956129
1274362516282454016,negative,0.00013310889329721086
1274362516496429057,negative,0.001849507556040694
1274362518966804492,negative,0.01142242838737575
1274362519105277952,negative,0.005947858622481033
1274362519189164033,negative,1.8702409184941465e-05
1274362520317202432,negative,0.2417208868741504
1274362520355180545,negative,0.020957641162142
1274362521361641473,negative,0.005229292112148195
1274362521793769472,negative,0.04868413656103167
1274362523211436032,neutral,0.48895895465593386
1274362523437932546,negative,0.0009728648121375124
1274362523681263618,negative,2.787297328760927e-09
1274362523807080449,negative,0.004306646574409822
1274362524390117377,neutral,0.5185793585029372
1274362524637552645,negative,0.004195665654388899
1274362524750790659,negative,0.00013386396294137824
1274362524906008582,positive,0.9687764722845941
1274362525165985792,negative,3.38794706851042e-05
1274362525363113989,negative,0.0018153409973280076
1274362528684965888,negative,0.05592593259625326
1274362529171595265,negative,0.07917874728064465
1274362529456799745,negative,0.00016152586642983845
1274362531809832961,negative,0.003914868812534694
1274362532199665669,negative,1.7638375380707103e-06
1274362532472532994,negative,0.01024459341701663
1274362532787105792,negative,0.00014459406381251767
1274362532828938241,negative,0.004843091236173927
1274362532908720134,negative,0.2394110094948839
1274362533005201409,negative,0.00014459406381251767
1274362533156212737,negative,0.14422441695466023
1274362534036996096,negative,0.022156212365644353
1274362534439669762,negative,0.05592593259625326
1274362535672778752,negative,0.0001870445344444956
1274362536238997506,neutral,0.4265561977662251
1274362536771624962,negative,0.0010774206940814721
1274362536876335105,negative,5.554629945735577e-07
1274362537740570626,negative,2.787297328760927e-09
1274362537845428226,negative,0.01035490874769586
1274362539913216000,negative,2.411605313961539e-05
1274362540160679943,negative,0.09049518196348531
1274362540433252353,negative,0.06677959169068738
1274362540965933059,negative,0.11404221430628877
1274362541372833792,negative,2.787297328760927e-09
1274362541620199425,negative,0.11782328809492994
1274362541645365251,neutral,0.5136446707795853
1274362541733490688,negative,0.31417209099541166
1274362544099074052,negative,0.004559162914994628
1274362544203935745,negative,0.0092744064496032
1274362544287875073,negative,1.157691023603853e-05
1274362544577302531,negative,0.00025995428544422664
1274362545189654528,negative,0.0771847225977192
1274362545315483648,negative,0.0005148172480213153
1274362545873104896,negative,0.0009952863461212178
1274362546162720768,negative,0.18097169728096155
1274362548477886466,negative,0.0019474886261394598
1274362548570198017,negative,0.01024459341701663
1274362548729655296,negative,5.094166772461122e-06
1274362548767330305,negative,1.220885520932409e-06
1274362548897435649,negative,0.18795859623648656
1274362549216194560,negative,0.0019413579809563972
1274362549325176832,negative,0.18097169728096155
1274362549979537409,positive,0.8286012028805883
1274362550281539584,negative,0.0018404200630397435
1274362552508612610,negative,0.07376559775495921
1274362552760360961,negative,0.2417208868741504
1274362553183993856,negative,8.72965302300608e-05
1274362553490042880,negative,1.2301885596849096e-06
1274362553586593793,negative,4.885695688676609e-05
1274362553674629121,negative,0.00021020526819592297
1274362553746022401,negative,0.01140068344308785
1274362554203029505,negative,0.001616511283051386
1274362554828107778,negative,0.08917284233375622
1274362556606488576,negative,0.13949552936821852
1274362556912730113,negative,2.7493974321427398e-05
1274362557449592833,negative,0.02102601543626555
1274362558087139329,negative,0.23189357200196858
1274362558112313347,positive,0.897740620973573
1274362558678433792,negative,0.005965441190530066
1274362560771313664,negative,0.257405141666243
1274362561094352896,negative,5.692839550525292e-09
1274362561635463171,positive,0.9969616390735564
1274362562268684288,negative,0.001616511283051386
1274362562482667520,negative,1.2677329647297126e-08
1274362565020323840,negative,0.004490440909540993
1274362565464915968,negative,0.0032141278999705935
1274362565607534594,negative,0.025109650727116243
1274362565750030336,negative,0.08917284233375622
1274362566035324939,negative,2.2607703055852016e-05
1274362566324752385,negative,0.00014459406381251767
1274362566526095360,negative,0.0006215717607340857
1274362566765051904,negative,0.2462142640112125
1274362567260090369,neutral,0.411594083119197
1274362567293644800,negative,0.0005881791848059362
1274362567306227715,negative,0.04868413656103167
1274362567415042048,negative,0.13949552936821852
1274362567536902145,negative,0.10117530298289434
1274362569176887298,neutral,0.46598398918449585
1274362569302724609,neutral,0.4270291349266481
1274362569894113284,neutral,0.5112526064611215
1274362570607124481,negative,0.016892199387217626
1274362570682634240,negative,0.08575467508938993
1274362571148218374,negative,0.02458097564410094
1274362571617902592,negative,0.00014459406381251767
1274362571701846016,negative,0.08917284233375622
1274362573379395584,negative,0.04952346504882715
1274362573400543232,negative,0.0025858940410056247
1274362573853466625,negative,0.29761571709333384
1274362574205784070,negative,2.4794035760708618e-08
1274362574352584704,negative,0.0003280316583770382
1274362574813966339,negative,2.3268224808397088e-06
1274362574956625921,negative,5.094166772461122e-06
1274362575065624577,negative,0.00014459406381251767
1274362575606743042,negative,1.4014733893570743e-05
1274362575665364992,negative,0.22082230916661
1274362577699700741,negative,0.0020303224103744785
1274362577741643790,negative,0.00012014364202494085
1274362578148438016,negative,5.692839550525292e-09
1274362578299490304,negative,0.19630752201027662
1274362578471452678,negative,0.001102310072806244
1274362579075371011,negative,0.04317415116588877
1274362579159257089,negative,0.18848054103619402
1274362579234807808,negative,0.00018264693736666008
1274362579431895041,negative,0.06731399873053004
1274362579566186496,negative,0.00014459406381251767
1274362579616518149,neutral,0.36629112225818244
1274362581420052480,negative,4.122064117237415e-05
1274362581642248198,negative,0.010984896594193893
1274362581914923008,negative,0.00014459406381251767
1274362581931745282,negative,0.09677499827650582
1274362582208598016,negative,9.292408250774892e-10
1274362583118741507,negative,0.001975934251169853
1274362583521337344,negative,1.8515226602089383e-06
1274362583718428673,negative,0.22122416942500223
1274362586834886658,negative,0.0005839130564179275
1274362586977484801,negative,1.2940966475051762e-08
1274362587015249921,negative,4.589948886183945e-09
1274362587233177600,negative,0.08409091240917074
1274362587245948928,negative,0.01140068344308785
1274362587363319808,negative,5.692839550525292e-09
1274362587501735937,negative,0.00696193267409105
1274362587594047488,negative,0.004952952466329187
1274362590450389000,negative,0.010082678327203358
1274362590538285058,neutral,0.37227759433541274
1274362591062700033,negative,0.04269987277759282
1274362591595376646,negative,6.605173456330086e-09
1274362591985336327,negative,0.013876134307296083
1274362592207818757,negative,0.0018404200630397435
1274362592291667969,neutral,0.40819334745054037
1274362594040651776,positive,0.9638680605421798
1274362594468470789,positive,0.7517960675490067
1274362594489446401,neutral,0.449727731624377
1274362594774732802,negative,0.007784727033206821
1274362595022159873,positive,0.9999357238639874
1274362595043147776,negative,0.0020587426671122154
1274362595118592001,negative,0.2361399242109468
1274362595902984192,negative,0.18097169728096155
1274362598675353600,neutral,0.49789225920557484
1274362598868336644,negative,0.01024459341701663
1274362598872551424,negative,5.227013947987765e-13
1274362599707115520,negative,0.27330665935500936
1274362599782653952,negative,0.015548998880221356
1274362600441200646,neutral,0.34918898787151614
1274362600558678016,negative,0.05674881579282759
1274362600675934210,negative,0.004843091236173927
1274362600927748097,negative,0.002542108218445197
1274362602915684353,negative,0.13949552936821852
1274362603146485760,negative,0.103396492880523
1274362603515416578,negative,0.0008438851396667942
1274362603519836161,negative,0.15922624373425048
1274362603675009025,neutral,0.3697674097288342
1274362604539052032,positive,0.8721072969863267
1274362604694253568,negative,0.004843091236173927
1274362605176578048,negative,0.001616511283051386
1274362607147913216,negative,0.00013102301194915973
1274362607311429637,negative,0.027878044828672843
1274362607516991489,negative,0.005846307661460753
1274362607810445312,negative,0.001616511283051386
1274362607886106625,negative,0.00517989528748498
1274362608100036608,negative,0.001102310072806244
1274362608359899136,positive,0.9973374144394678
1274362608519393280,negative,0.1722760117783033
1274362608586539008,negative,0.01140068344308785
1274362609379115009,negative,0.0007699370890113074
1274362609391636480,negative,0.11450412619287378
1274362609500925952,negative,0.001839311495784919
1274362609580617728,negative,0.002019853015883857
1274362611505655808,neutral,0.4049224266894426
1274362612080414720,negative,0.007628685414413218
1274362612202049536,negative,0.018130723281608276
1274362612281683970,negative,0.1951859599496574
1274362612361367552,negative,0.0011171186280900822
1274362612487200768,negative,0.014133905232716477
1274362612847972359,negative,0.00014459406381251767
1274362612898304000,positive,0.8798039430045211
1274362612952645635,negative,5.970336621947144e-06
1274362613061779456,negative,0.1035091284416707
1274362613246259202,negative,7.415391594254964e-07
1274362613401554944,negative,0.13949552936821852
1274362613439356929,negative,0.020384887355742974
1274362613560942604,positive,0.9956207468520586
1274362615637180416,negative,0.2623579159242845
1274362615859380225,negative,0.09712453899366252
1274362616232763393,negative,0.006607653040896991
1274362616786219008,negative,0.017981470522138703
1274362617453137920,negative,0.07117522185285792
1274362617545572353,negative,0.16451108071011875
1274362618296315905,positive,0.8168670945334474
1274362620292849664,negative,0.26205402389485666
1274362620376690690,negative,0.020384887355742974
1274362620896837634,negative,0.0011215207366607506
1274362621270077440,negative,0.07357273963051428
1274362621312077825,negative,0.02537453476085868
1274362621525983233,negative,0.062159889844503366
1274362621559480320,negative,0.003420226946203081
1274362621605613575,negative,0.04868413656103167
1274362621907492866,negative,0.12795077188074924
1274362621949612037,positive,0.9534060702435206
1274362621974573057,negative,1.8217969141124328e-05
1274362622033498114,negative,0.043548574727885876
1274362622041903110,negative,0.04566933389242988
1274362622083772418,negative,0.01024459341701663
1274362622087852032,negative,0.0056774919932368224
1274362622092115973,negative,0.03739100513051195
1274362622100594690,negative,0.07260545013470596
1274362622117326849,positive,0.8053761600785796
1274362623937712128,negative,0.0021625795954240763
1274362624046702592,negative,0.04868413656103167
1274362624596049928,negative,0.001616511283051386
1274362624629710848,negative,0.12351301191306997
1274362624701054976,negative,0.0020149118966277264
1274362624784977920,negative,0.2583396599417602
1274362625581875206,negative,8.72965302300608e-05
1274362625808379905,negative,0.00344074666247704
1274362625871183876,negative,0.003401178487566604
1274362626865315840,negative,0.0011215207366607506
1274362627360055297,negative,0.004843091236173927
1274362627951661056,negative,2.787297328760927e-09
1274362628069101568,negative,5.25933231523432e-06
1274362628371070977,negative,0.001474985317123291
1274362629226737664,negative,0.00012725034647476801
1274362632108150785,positive,0.8919542446443463
1274362632259190789,positive,0.9933554812709204
1274362632473018370,negative,1.1063130400649612e-07
1274362632649277441,negative,4.0695695098167626e-05
1274362632749879302,negative,0.010013074945915077
1274362632875544576,negative,0.12806570554342744
1274362633185972225,negative,0.0008159146743565882
1274362633370710016,negative,0.18097169728096155
1274362633500516352,negative,1.1071183644491722e-08
1274362633559384073,negative,0.005313581279246193
1274362636189282304,negative,0.0005500612242291591
1274362636369608711,neutral,0.41601800633058234
1274362636625477633,positive,0.7542817954216547
1274362636965158915,neutral,0.35451443008515343
1274362637476913152,negative,0.0033183701429377196
1274362637736792064,negative,0.3121674576291124
1274362637896253440,negative,0.16015655360576928
1274362638240288768,negative,0.1770314259732739
1274362640144445443,negative,6.357149237184888e-05
1274362640329048064,negative,0.03186785193229063
1274362640530321408,positive,0.9232205842318665
1274362640723316737,neutral,0.37609422587007374
1274362641176096769,negative,1.1071183644491722e-08
1274362641625030657,negative,0.038737418440453954
1274362641646071810,negative,0.010313428859308253
1274362641683750912,negative,0.000634276244331815
1274362642501709825,negative,0.11733166319877615
1274362644934397952,negative,3.203727622395746e-07
1274362645165019137,negative,0.11162762197975168
1274362645215432706,negative,2.787297328760927e-09
1274362646452674560,negative,0.08883293129581847
1274362649141264385,positive,0.879388339415166
1274362649384488968,negative,0.0011215207366607506
1274362650592522243,positive,0.880977722113856
1274362650764414976,negative,0.2394110094948839
1274362651037048832,neutral,0.46598398918449585
1274362651095625728,negative,0.0011215207366607506
1274362651691360256,negative,0.04868413656103167
1274362653075402752,negative,0.14251512764628166
1274362653159366656,negative,3.7986489746946426e-05
1274362653205499904,negative,0.001467641388658511
1274362653583052802,negative,0.018184230061610487
1274362653851426817,negative,2.6483642060587684e-05
1274362653906022403,negative,0.00014459406381251767
1274362654098886658,neutral,0.4395912606952377
1274362654656811008,negative,0.0508758514473598
1274362657248890882,negative,0.002949669471241782
1274362657307602946,negative,0.00021141921140676293
1274362657336897537,negative,1.0707508760226773e-06
1274362657391300608,negative,0.0011215207366607506
1274362657504661504,negative,0.00022940079790764647
1274362659513659392,negative,1.1071183644491722e-08
1274362659979362305,negative,0.003401178487566604
1274362660071657473,negative,2.6062239794889594e-12
1274362660214247426,positive,0.9819979380036057
1274362660348407811,negative,0.04868413656103167
1274362661615153152,positive,0.8167066301350949
1274362661736718337,negative,3.628995005784576e-08
1274362661849923584,negative,0.001181876672147005
1274362661858209793,negative,0.13172800381638772
1274362661912920065,neutral,0.6478996888377812
1274362662864986112,negative,0.06312826999855198
1274362663645184000,negative,0.04868413656103167
1274362663666098177,negative,0.0092744064496032
1274362665561923585,negative,1.7240898212433143e-05
1274362666233073666,neutral,0.47233708548220604
1274362666400661504,negative,1.1071183644491722e-08
1274362666400673792,neutral,0.49789225920557484
1274362666878812160,neutral,0.49581649610340894
1274362666904178688,negative,0.05077236110814375
1274362667344564226,neutral,0.4780665872672784
1274362667382210566,negative,0.015548998880221356
1274362670674849792,negative,3.1039399900334392e-06
1274362671031336966,negative,0.0005425288445303462
1274362671257784320,negative,0.19512902450161523
1274362671446573056,positive,0.9188381546896268
1274362671605800960,negative,4.633640968126435e-06
1274362671719161856,negative,0.00804237871859366
1274362671727611904,positive,0.7224669832623087
1274362671983452160,neutral,0.437369725752128
1274362674042806272,negative,0.0002400857791051532
1274362674130948099,negative,2.6483642060587684e-05
1274362674218967040,negative,5.635541724585282e-08
1274362674672021504,negative,2.787297328760927e-09
1274362674961408004,neutral,0.4077194093879488
1274362675074609152,negative,0.00011411926162216917
1274362675552833536,negative,0.0007708869012412582
1274362675687022594,negative,0.00517989528748498
1274362675741499393,negative,0.001616511283051386
1274362675896647682,negative,2.9811854086568528e-05
1274362676207026177,negative,0.002895977216161423
1274362676358123522,negative,0.000300324099040125
1274362676844650496,negative,0.12395588150904208
1274362678455218176,negative,1.637839043713939e-08
1274362678572732416,neutral,0.6116934723518823
1274362678887186437,negative,0.00042773285137494657
1274362682783776769,negative,0.16526719057675796
1274362683152838656,negative,0.08501573180126992
1274362683291242496,negative,0.0046397766368852286
1274362683501002752,negative,0.005846307661460753
1274362684075642882,neutral,0.3480851208724503
1274362684247597058,negative,0.009932906980315596
1274362684528623619,negative,0.05738731705847255
1274362686722244610,negative,0.00014459406381251767
1274362687275716608,negative,0.28431594162988444
1274362687573692416,negative,1.637839043713939e-08
1274362687653363713,negative,0.06351329199786099
1274362687925952515,negative,0.006274876387556414
1274362688538370050,negative,0.01140068344308785
1274362688580341761,negative,1.8975866285024973e-06
1274362688945164289,negative,0.11733166319877615
1274362690862034951,negative,0.04868413656103167
1274362691688304642,negative,1.140807905033956e-07
1274362691717644288,negative,1.5392331286184835e-06
1274362691747033092,negative,0.06560506516534498
1274362691780521985,neutral,0.36629112225818244
1274362692245938176,negative,0.0019474886261394598
1274362692330029056,negative,0.001132561607937439
1274362692560662530,negative,0.05738731705847255
1274362692632002560,neutral,0.3328551009335564
1274362695022776321,positive,0.880977722113856
1274362695102464002,negative,0.20652319187151563
1274362695828090880,negative,0.04868413656103167
1274362696058667009,negative,0.035722323719872814
1274362699338657793,positive,0.7688180537454565
1274362699963662337,negative,0.09686984208024417
1274362700185944065,negative,0.0522921915154145
1274362700441796610,negative,0.16611888808867664
1274362700701696000,negative,0.13949552936821852
1274362700974501894,negative,0.006969618874245236
1274362703516180481,negative,0.004427865377390981
1274362704027889665,negative,0.02102601543626555
1274362704547979267,negative,0.0034518046926222076
1274362704606777344,negative,0.0025244154240155283
1274362705143422976,negative,0.22301010244854974
1274362705734971395,positive,0.6787599488272735
1274362705747509248,negative,0.03082466268025548
1274362706154291200,negative,0.04761772272856262
1274362708360671236,neutral,0.5136446707795853
1274362708679254016,negative,0.007489646612592188
1274362708712984578,negative,3.8091940521676735e-08
1274362710008967168,negative,0.02376197638015019
1274362710126362624,negative,4.377811167894124e-08
1274362710138986497,negative,4.885765174730908e-11
1274362710252294152,negative,0.005732502770714061
1274362711925764101,negative,0.10997807039958304
1274362712148119553,negative,0.04566758359116809
1274362712571731972,neutral,0.5163192920167038
1274362712634593280,negative,0.009244272651927824
1274362712638832643,negative,0.004845512593524563
1274362712747892737,negative,0.11199186793547575
1274362712919769093,negative,0.11211298304992452
1274362713150496770,negative,0.005402909033626645
1274362714056462339,negative,0.1615531127733315
1274362716065599490,neutral,0.3353439016921346
1274362717118148610,negative,0.003401178487566604
1274362717319696385,negative,0.003420226946203081
1274362717718155268,negative,0.0030074376968018614
1274362718082957312,negative,0.04868413656103167
1274362720171683844,negative,0.00010186640213302247
1274362720310243329,negative,0.059395317649187374
1274362720742227973,negative,8.72965302300608e-05
1274362720750415873,negative,0.2617529036331704
1274362720817684481,negative,0.00041389375083291
1274362720826032131,negative,2.2607703055852016e-05
1274362720888983552,negative,1.2301885596849096e-06
1274362720897454081,negative,0.009693812917825766
1274362721392263168,negative,0.00818976522623624
1274362724160544768,negative,2.2812783753588396e-08
1274362724378705923,negative,8.083943962032257e-05
1274362724680597505,negative,0.003722503096012636
1274362725163061251,negative,0.1290938558687117
1274362725448155136,negative,0.0021205043851629407
1274362725481811968,negative,0.0003176414101641282
1274362725494390786,negative,0.3076475800795599
1274362725519548424,negative,0.0007699370890113074
1274362725737525249,negative,1.6524765217156766e-05
1274362725754339328,negative,0.16289199018513537
1274362726144372736,negative,0.003722503096012636
1274362728694657035,negative,0.0011215207366607506
1274362728879185920,negative,0.004843091236173927
1274362729520824323,negative,0.04574489815077878
1274362730162671616,negative,0.04868413656103167
1274362730166747137,negative,0.024934362757935043
1274362730452004868,negative,8.123347876440576e-05
1274362730980560896,neutral,0.34402349815547734
1274362730997260288,negative,0.0029001899793689454
1274362732788228099,negative,2.6483642060587684e-05
1274362733400473600,negative,0.001616511283051386
1274362734189125632,negative,2.0452212128368524e-05
1274362734226944002,negative,0.01024459341701663
1274362736970010628,negative,0.008620749896080864
1274362737150308353,negative,3.38794706851042e-05
1274362737418743809,negative,0.1388165480771174
1274362737565544451,negative,0.00014459406381251767
1274362737741701121,negative,1.0707508760226773e-06
1274362738156998656,negative,0.020384887355742974
1274362738316390404,negative,0.17556147380414805
1274362741248188416,negative,0.009636758871166636
1274362741537542144,negative,0.08917284233375622
1274362741990535168,negative,0.08590951897980743
1274362742380601351,negative,0.004038369664599011
1274362742489657344,negative,0.0018980158844752175
1274362742565228545,negative,0.009338609828235065
1274362742888112133,negative,2.2607703055852016e-05
1274362742967873536,positive,0.6824837810859113
1274362743500439553,negative,6.449370569843525e-10
1274362743571783681,neutral,0.5803633142682458
1274362745400496128,negative,0.1365689912821523
1274362745756975105,negative,7.694083864662256e-07
1274362745916469248,negative,0.11199186793547575
1274362746050613249,negative,0.0001430269493507414
1274362746260389890,negative,0.00016096431730232595
1274362746558087169,neutral,0.5616511143517063
1274362746621112320,neutral,0.3458414798855197
1274362746964934663,negative,0.01140068344308785
1274362750064566272,negative,1.4241803352811143e-05
1274362750324682753,negative,0.04868413656103167
1274362751549411328,negative,1.8702409184941465e-05
1274362751687823361,negative,0.004125811062725056
1274362751754919936,negative,1.1071183644491722e-08
1274362751872389120,negative,0.07852245778028731
1274362753986289664,negative,0.0005833353590071568
1274362754154016768,negative,0.2697656017740934
1274362754678132737,negative,0.020384887355742974
1274362754950979586,negative,7.139891751242023e-05
1274362754955182080,negative,0.001084644014956686
1274362755047251968,negative,2.1852412078010915e-05
1274362755726880768,positive,0.7535557571552459
1274362756070866950,negative,0.16161868573067484
1274362756255436801,negative,0.00871136587818132
1274362758100733952,neutral,0.46892188497180376
1274362758298025984,negative,1.1071183644491722e-08
1274362758839099393,negative,0.0021772946379553845
1274362759157821442,negative,0.02460594107704766
1274362759543734273,negative,0.04868413656103167
1274362759992442880,negative,8.443564912871401e-05
1274362760177029120,negative,2.3106849692599853e-07
1274362760202248192,negative,0.001470550404738726
1274362760239906816,negative,0.1420342074750671
1274362760521015299,negative,0.06583226526723569
1274362762357927939,negative,0.01821613081843931
1274362762819403782,negative,0.0007651795517134789
1274362762995654656,negative,0.07093600664242929
1274362763226370049,negative,0.0005833353590071568
1274362763285012480,negative,0.00887296933283849
1274362763322818566,positive,0.9961722834637254
1274362763356155905,negative,1.1071183644491722e-08
1274362763758850048,negative,0.00040798659012014827
1274362763792564224,negative,1.6524765217156766e-05
1274362764044238855,negative,0.000896925046536236
1274362766317555712,negative,0.0011215207366607506
1274362766489518083,negative,0.0011215207366607506
1274362766556528640,negative,0.009318769677455251
1274362767483572225,negative,0.20976383300154675
1274362767495987201,negative,0.0007699370890113074
1274362767538098177,negative,0.01024459341701663
1274362767886163970,negative,0.001616511283051386
1274362767894593544,negative,8.443564912871401e-05
1274362768741879808,neutral,0.6154751180973412
1274362768938823680,negative,1.2301885596849096e-06
1274362769064759297,negative,0.0032022170072034477
1274362769182060545,neutral,0.49789225920557484
1274362771849781249,positive,0.956225983204194
1274362771887529988,negative,0.004843091236173927
1274362772005011456,negative,0.06629743649523322
1274362772407500800,negative,1.1071183644491722e-08
1274362772411887619,positive,0.7190000105642634
1274362772596436992,negative,0.005187951345922076
1274362774773252100,negative,0.021022477285358502
1274362775381442563,negative,0.04868413656103167
1274362775603752962,negative,0.05221217210487261
1274362776786526209,neutral,0.601682562194529
1274362777080074240,neutral,0.39001993585146405
1274362777273020418,neutral,0.40819334745054037
1274362777298259972,negative,0.32609931831783795
1274362778631974917,neutral,0.4147738632248691
1274362779026235393,negative,0.013657601910900116
1274362779659624449,negative,0.0001435201773484885
1274362779902906368,neutral,0.36629112225818244
1274362780586512386,negative,0.13949552936821852
1274362780620070913,negative,1.637839043713939e-08
1274362780674658305,negative,0.05923535581011173
1274362780867584000,negative,8.72965302300608e-05
1274362780917923841,negative,0.04868413656103167
1274362783308697605,negative,0.04997811610205634
1274362783585443841,negative,0.001616511283051386
1274362784042504192,negative,0.043548574727885876
1274362784244011008,negative,0.005297111570065913
1274362785095352321,negative,1.2896238092583742e-06
1274362785535754240,negative,0.017981470522138703
1274362786135642113,negative,0.020175441466012845
1274362786227933187,positive,0.897740620973573
1274362787528093696,negative,0.18097169728096155
1274362788236988416,negative,0.04868413656103167
1274362788350054400,negative,0.0011215207366607506
1274362789541425154,negative,0.035866717222524234
1274362789725900801,negative,0.0021772946379553845
1274362789793075201,negative,0.0038374706883678015
1274362790044631040,negative,0.06583226526723569
1274362791609225217,negative,0.00017006414777945565
1274362791995072513,negative,1.2301885596849096e-06
1274362792003461120,negative,1.63656274035869e-06
1274362792024444929,negative,0.0007206278447072315
1274362792116719616,neutral,0.37525890839322623
1274362792137670661,negative,0.00010472126609286544
1274362792917848071,negative,0.1707000468287393
1274362793215627266,negative,1.8923465491499401e-06
1274362793446322177,negative,0.09729261037146698
1274362793874075648,negative,0.23540932660475059
1274362793895112707,negative,1.551020975587065e-07
1274362796449431556,negative,2.3598664408885002e-05
1274362796583669761,negative,0.1328524067951867
1274362797015609344,negative,0.09880187431802064
1274362797686751233,negative,5.1064985118789065e-05
1274362800299704324,negative,0.004843091236173927
1274362800681349121,negative,0.004845512593524563
1274362800954126336,negative,0.007628685414413218
1274362801344196608,negative,0.04868413656103167
1274362801478406146,neutral,0.6428594382407241
1274362801696489474,negative,0.0021625795954240763
1274362801969139713,negative,8.72965302300608e-05
1274362802036183040,neutral,0.3726847435457324
1274362802229006336,positive,0.8286012028805883
1274362804175339521,negative,0.004843091236173927
1274362804242452481,negative,0.0005833353590071568
1274362804695433217,neutral,0.6229464096938983
1274362804716408832,negative,0.03462518101766121
1274362804926103554,negative,0.09503322870056394
1274362805060136961,negative,1.1668881428642563e-09
1274362805160800257,negative,1.6300532801452974e-05
1274362805840416770,negative,0.001940118491170645
1274362806029234176,negative,0.08464355096985385
1274362806041706496,negative,0.1350436872981014
1274362808222781440,negative,0.0009388909034054378
1274362809313382401,neutral,0.39907749258030845
1274362809363636224,negative,0.11392420449287459
1274362809376071681,negative,0.0027834089931678034
1274362809393053698,negative,0.20139949267272222
1274362809535643648,negative,0.0011064191245433934
1274362809611161600,negative,9.3056970488118e-12
1274362810135347215,negative,0.01531891885728109
1274362812459036673,negative,0.11050040209571964
1274362813327331328,negative,4.61068748574335e-06
1274362813453078533,neutral,0.5870959793700388
1274362813549608961,negative,3.38794706851042e-05
1274362813738373122,negative,0.003222832135696301
1274362813906071552,negative,0.16451108071011875
1274362813998383104,negative,0.001720544913033268
1274362814149341192,negative,0.04868413656103167
1274362815059501056,negative,0.15987313744692946
1274362815101485057,neutral,0.5519373384252895
1274362816611434497,neutral,0.5734576952979002
1274362816758272000,negative,0.319870963103848
1274362817529995271,negative,0.00014720039733041293
1274362817697779715,negative,0.061076543376557726
1274362817794080768,negative,1.1071183644491722e-08
1274362818033262593,neutral,0.46127768308170247
1274362818045841408,negative,0.07327654202549114
1274362818322673670,negative,0.0003586403017927999
1274362818331127809,positive,0.897740620973573
1274362818398167040,negative,0.018220451514098804
1274362818498834434,positive,0.7122333461746265
1274362818742095872,negative,0.22027307587533496
1274362819031347200,negative,7.303743421387849e-05
1274362820918824960,negative,0.020755975085860922
1274362820969271296,negative,0.023771321988337406
1274362821552340992,negative,0.18795859623648656
1274362821682368512,negative,0.01977223250681338
1274362821766193156,negative,4.120736302932442e-07
1274362821871091712,negative,0.1918071464067474
1274362822109978626,negative,0.003222832135696301
1274362822244392961,negative,0.004843091236173927
1274362822445711360,negative,0.06107259465190921
1274362823087476736,negative,1.0275548099581985e-10
1274362824370851841,negative,0.0775614295204063
1274362825570504705,negative,0.2862209223022106
1274362826476445697,negative,0.06205511285266406
1274362826812002304,negative,0.043548574727885876
1274362827353063428,negative,2.2607703055852016e-05
1274362827537559554,negative,0.006160705867005425
1274362827978014724,negative,0.006847210600966735
1274362829580222471,negative,0.02460594107704766
1274362830192381958,negative,0.0020303224103744785
1274362832008753152,negative,0.0007699370890113074
1274362833812283392,neutral,0.6586439190261405
1274362835213025280,negative,0.001102310072806244
1274362835363979269,negative,0.00025995428544422664
1274362837930926081,negative,1.1071183644491722e-08
1274362838790914051,negative,0.02287270404016257
1274362839193485313,negative,0.0331971951986892
1274362839218761730,negative,0.0011215207366607506
1274362839453569024,negative,0.04868413656103167
1274362839503745024,negative,0.0131816967753536
1274362840007225347,negative,1.9612863979950654e-05
1274362842007982081,negative,0.00014720039733041293
1274362842163150849,negative,0.0021772946379553845
1274362842343497728,negative,8.305465485694004e-05
1274362842519609344,negative,0.03140120920213366
1274362842830057472,negative,0.015859269476485673
1274362842834259969,negative,0.23540932660475059
1274362842872000512,negative,0.04868413656103167
1274362842880389120,neutral,0.3385252644667176
1274362843341762561,negative,0.00025995428544422664
1274362843635298305,negative,4.581106362410247e-06
1274362846168711168,negative,0.2923038008367135
1274362846411964416,negative,0.22997901215100952
1274362846516658176,negative,0.020384887355742974
1274362846604931072,negative,0.05897235857735733
1274362846768496640,negative,5.53740174191239e-06
1274362846810423301,negative,0.007374370827635076
1274362847510892545,negative,0.0011215207366607506
1274362847837945856,negative,0.0005562145183791838
1274362848051855362,negative,0.04868413656103167
1274362848177782786,negative,0.09965753329704123
1274362850463690752,negative,0.009885689280192643
1274362850694303750,negative,0.00014459406381251767
1274362850715336709,positive,0.9968870194089627
1274362851164127232,positive,0.8167066301350949
1274362851436658695,negative,0.057730830282845536
1274362851730362368,negative,0.18795859623648656
1274362852036546560,negative,0.04868413656103167
1274362852065906688,negative,0.13172800381638772
1274362852741197825,negative,0.17085650338555278
1274362852829065221,negative,0.01648229972419678
1274362854607552514,neutral,0.34503065102720043
1274362854628560896,negative,0.04868413656103167
1274362854804783105,negative,0.00021141921140676293
1274362854876098560,negative,0.0023226565722291336
1274362854997659648,negative,0.0005957365357846542
1274362855039565825,negative,0.14654016333747202
1274362855165267974,negative,0.3282662334696812
1274362855299538945,negative,0.08826221692494869
1274362855907823616,negative,0.003222832135696301
1274362858671878145,negative,0.29761571709333384
1274362858986450952,negative,0.00517989528748498
1274362859045228544,positive,0.8523931855557706
1274362859644911616,neutral,0.45320736456123417
1274362859670122496,negative,0.0036401424639487573
1274362860412403713,negative,0.011202788640667266
1274362860462837760,positive,0.9785383096819075
1274362860647391234,negative,2.7365178244106223e-09
1274362860785799169,negative,0.00021020526819592297
1274362862857850887,negative,0.005880591232889083
1274362863436603397,positive,0.7760361879853958
1274362863583326209,negative,0.015977674023607547
1274362864065744898,negative,0.00760651225648479
1274362864187445249,negative,2.787297328760927e-09
1274362864481026049,neutral,0.5844952997138847
1274362864703324162,neutral,0.41284655950888277
1274362864837496834,negative,0.0017394303038687096
1274362867140243456,negative,0.015063038548651141
1274362867215749124,negative,0.020384887355742974
1274362867731648514,negative,0.0011215207366607506
1274362868188672001,negative,0.13906488794078556
1274362868842938370,negative,0.004843091236173927
1274362869107380224,negative,0.00014720039733041293
1274362870487228422,negative,0.15987313744692946
1274362871179345923,negative,0.01024459341701663
1274362871468695553,negative,1.7240898212433143e-05
1274362871502254080,negative,0.15849632232791705
1274362871586213888,negative,0.020485856605968716
1274362871904960518,negative,1.4014733893570743e-05
1274362872034983937,negative,2.951343780503577e-07
1274362872391512065,negative,2.6863682717641342e-05
1274362872404021248,negative,0.01140068344308785
1274362872429187072,negative,0.00014459406381251767
1274362873221873664,negative,0.010697724752717923
1274362873293279232,negative,0.00027597326171968514
1274362873347784706,neutral,0.5467018084453114
1274362873800732673,negative,0.04370057684645809
1274362875415613440,negative,0.32773231788436785
1274362875772129281,negative,0.2095701248181621
1274362875818078208,negative,0.151771177379783
1274362875906269186,negative,0.0159266946396319
1274362876803846145,negative,2.6483642060587684e-05
1274362876883619845,negative,0.007683705744642022
1274362883535757318,negative,1.0707508760226773e-06
1274362884366241795,positive,0.7517960675490067
1274362884764680197,negative,3.624183870769122e-06
1274362885083463682,negative,0.22561333375529458
1274362885247025152,negative,0.14422441695466023
1274362888040431616,neutral,0.5307355819608591
1274362888048820225,negative,0.16135539013119166
1274362888560480257,negative,0.05592593259625326
1274362888644419584,negative,0.0001522256656054904
1274362888774471682,negative,0.024233339164898553
1274362889055371264,negative,0.018191370886849637
1274362889680412674,positive,0.7256740069053843
1274362889936216064,negative,9.911704022608074e-08
1274362890263420930,neutral,0.4686555698045724
1274362890410172421,negative,0.04868413656103167
1274362892222189569,negative,0.00041906333404545813
1274362892662435841,negative,0.008253882948524631
1274362893065060355,negative,0.000832877592489013
1274362893681770496,negative,3.7986489746946426e-05
1274362893736255489,negative,0.02287270404016257
1274362893740527618,positive,0.7478899177723298
1274362893878919169,negative,0.02471454101740013
1274362896600924160,negative,0.02415159427851141
1274362896630374410,negative,0.00021141921140676293
1274362896655413248,negative,0.03675706923872039
1274362896718446592,neutral,0.5552805866214401
1274362897196449792,negative,0.13949552936821852
1274362897469190147,positive,0.763492726677842
1274362898668609536,negative,0.043548574727885876
1274362898815553537,negative,2.6185240142033583e-06
1274362900724023303,negative,0.026141381877069415
1274362900828901376,negative,0.013544511323883292
1274362901336174592,neutral,0.47018250552972685
1274362901340524544,negative,0.24287068624731203
1274362901940383750,negative,2.2607703055852016e-05
1274362904742150149,negative,0.007175914245973751
1274362905387991040,negative,0.0017394303038687096
1274362906008858628,negative,0.021742177510265318
1274362906054848513,negative,0.043548574727885876
1274362906151456770,negative,0.00014459406381251767
1274362906675761152,negative,0.004627473567154303
1274362909037125633,negative,1.0872528108410854e-05
1274362909121032199,negative,0.20951346678325597
1274362909611700237,negative,0.00014459406381251767
1274362909796302849,negative,0.0003836099561717568
1274362910928584706,negative,0.0020869853891652248
1274362911109021698,negative,0.3005420295032887
1274362911159455744,negative,0.08501573180126992
1274362913277411328,negative,0.01821613081843931
1274362913483100160,negative,1.710744254168094e-07
1274362913684324353,negative,9.243729512875693e-10
1274362913843601410,negative,0.2512243101250744
1274362913957064705,negative,0.01140068344308785
1274362914145779712,negative,5.661399981551542e-07
1274362914288340994,negative,0.053605492388908
1274362914493943815,negative,0.08145758770368623
1274362914531573761,negative,0.07917874728064465
1274362914955243523,negative,3.38794706851042e-05
1274362915118817280,positive,0.9997370820378277
1274362917253787648,negative,1.9808723078706923e-06
1274362917421559811,positive,0.9999378662572338
1274362918021234691,positive,0.9999609741266348
1274362918038110208,negative,0.05025540047236716
1274362918293794816,negative,0.020384887355742974
1274362918403018752,negative,0.27330665935500936
1274362919048949760,negative,1.694467631585577e-05
1274362919120261126,negative,0.1130361386496624
1274362922161102848,positive,0.9133183804655175
1274362922165288962,negative,5.814522598139118e-07
1274362922265911306,negative,1.1071183644491722e-08
1274362922295332864,negative,0.003138659598258639
1274362922492465152,negative,7.926529231861618e-05
1274362922660134913,negative,0.13949552936821852
1274362922769276929,neutral,0.5212084554669985
1274362922869948418,negative,0.004125811062725056
1274362923255844866,negative,5.692839550525292e-09
1274362925998911489,positive,0.897740620973573
1274362926133137409,negative,1.1071183644491722e-08
1274362926221209600,neutral,0.49299022157216127
1274362926250577922,positive,0.9945738942043122
1274362926271303680,negative,0.033280093885533685
1274362926623789058,negative,0.001084644014956686
1274362927609458688,negative,0.18809354077392373
1274362927705972738,negative,0.11733166319877615
1274362927760490502,negative,0.05738731705847255
1274362929962418178,negative,2.885840445233466e-08
1274362930734206976,negative,1.1071183644491722e-08
1274362930994319360,negative,0.2077328042887172
1274362931023695872,negative,0.14113072389790704
1274362931166281729,negative,0.04868413656103167
1274362931300282368,negative,0.30665366013346607
1274362931388592134,neutral,0.4002471145577878
1274362931598237698,positive,0.9785383096819075
1274362934085312517,negative,0.13949552936821852
1274362934253309952,negative,0.07357273963051428
1274362934307762177,negative,0.05431981723065602
1274362934437740545,negative,0.07376559775495921
1274362934852911109,negative,0.018101915666194183
1274362934962130945,neutral,0.38801517263737173
1274362935104737280,negative,0.14390117685376222
1274362935452864512,negative,0.004843091236173927
1274362935675060225,negative,0.31733620064245655
1274362935746445313,negative,0.00014459406381251767
1274362935775825921,negative,0.11941814385678137
1274362938489556998,negative,0.23540932660475059
1274362938569129985,negative,5.686518028202719e-06
1274362938686668809,negative,0.29761571709333384
1274362938955042818,neutral,0.34885928748701395
1274362939349368833,negative,1.8975866285024973e-06
1274362939521335297,negative,0.053302536048294547
1274362939894452224,negative,0.27259426513634494
1274362942478331905,neutral,0.46598398918449585
1274362942885150720,negative,0.011113871156595982
1274362943853998080,negative,4.551020489842383e-07
1274362944214773761,negative,5.692839550525292e-09
1274362944222949376,negative,0.31251327812974533
1274362944407646208,negative,0.13375637380315508
1274362944759848960,negative,0.00014459406381251767
1274362946819407872,negative,0.07998569771605683
1274362947033337857,negative,3.4657522338853944e-06
1274362947226275840,negative,0.004843091236173927
1274362947729530880,negative,1.2301885596849096e-06
1274362947968647169,negative,0.0222147686896912
1274362948065136640,negative,0.001616511283051386
1274362951215046656,negative,4.6861620462782985e-06
1274362951500169216,negative,0.01028220097869756
1274362952662032393,negative,0.023732173558476437
1274362953475686401,negative,0.0024229371694117546
1274362953815543810,negative,0.04868413656103167
1274362953907744771,negative,5.686518028202719e-06
1274362955216216064,negative,0.0009274268303140541
1274362955837190145,negative,4.409683412435902e-12
1274362956403408897,negative,7.574646521950395e-05
1274362956436963328,neutral,0.5344727830162848
1274362956436963329,negative,0.0021625795954240763
1274362956550111234,negative,0.0014844630561369398
1274362956621332482,negative,0.0011215207366607506
1274362957015552000,negative,0.08760714464609147
1274362957229625345,negative,0.3068943744444593
1274362959360393216,negative,0.04868413656103167
1274362960094388229,negative,0.0092744064496032
1274362960601853953,negative,1.6707698145501767e-07
1274362960765505536,negative,2.787297328760927e-09
1274362960799043584,negative,0.01024459341701663
1274362960891297793,negative,0.018138305860336098
1274362961230999553,negative,0.0011215207366607506
1274362963844087808,negative,0.0010707118749664066
1274362964032749568,positive,0.7688180537454565
1274362964800344064,negative,0.003065677059359148
1274362964817125377,negative,0.00014505838700559748
1274362964863148033,negative,0.0014797675877298558
1274362964922060800,negative,1.1071183644491722e-08
1274362964980772867,positive,0.897740620973573
1274362965798588421,neutral,0.49114048206328076
1274362965844791297,negative,0.003065677059359148
1274362966209634304,neutral,0.5307355819608591
1274362967774167041,negative,0.003401178487566604
1274362967866343426,negative,8.72965302300608e-05
1274362967937736705,negative,0.00014459406381251767
1274362968378130432,neutral,0.416094479578709
1274362968407506949,neutral,0.49789225920557484
1274362968541728768,negative,0.1363585901897884
1274362968692711425,negative,5.25933231523432e-06
1274362969623756800,neutral,0.539480426702831
1274362969703538691,negative,0.01200863261161659
1274362969783230465,negative,1.9027470190114964e-05
1274362972102672384,negative,0.01140068344308785
1274362972211724289,negative,0.04868413656103167
1274362972899610625,negative,0.23540932660475059
1274362973147082752,negative,1.7240898212433143e-05
1274362973394546690,negative,0.0032840455103954687
1274362973499383808,negative,0.0002964198966202059
1274362973558054914,negative,0.003788220363525257
1274362973734277121,negative,1.9027470190114964e-05
1274362975948767232,negative,4.935198940657671e-06
1274362976099803138,negative,2.2607703055852016e-05
1274362976192036865,negative,1.1071183644491722e-08
1274362977244807172,negative,5.1539668044530165e-05
1274362978213732352,negative,0.011448849023057617
1274362978331222016,negative,0.04817235380553318
1274362980365451264,negative,0.028027908079191373
1274362980369604608,negative,0.2052468474481004
1274362980436754432,negative,0.04868413656103167
1274362980491317248,negative,0.00014459406381251767
1274362980851871744,negative,0.0014417858160584679
1274362981619564544,negative,0.020480741226804863
1274362981845995521,neutral,0.589148008179332
1274362984631066624,negative,0.018130723281608276
1274362985016893443,negative,0.001132561607937439
1274362985016934401,positive,0.9360444041986559
1274362985209827328,negative,7.3223760103453205e-06
1274362985964802053,negative,0.00026626214724779167
1274362986531106816,negative,5.661399981551542e-07
1274362986694676483,negative,7.970092781898601e-07
1274362989043486720,negative,0.000157023955872178
1274362989240561669,negative,0.1924398699362394
1274362989571747840,negative,0.0007699370890113074
1274362989685211138,positive,0.8286012028805883
1274362989987020800,negative,0.22301010244854974
1274362990083608576,negative,0.12022585131852116
1274362990180081664,negative,0.14610368705586602
1274362990213640192,negative,0.0007206278447072315
1274362993682395136,negative,0.13949552936821852
1274362994248515585,positive,0.7122333461746265
1274362994273722368,negative,0.00014459406381251767
1274362994860929024,negative,1.6536122917545194e-05
1274362995028774912,negative,0.2578543811880948
1274362995469148161,negative,0.04969448870026574
1274362997285302273,negative,0.0071316456779600594
1274362997327253508,negative,0.0021205043851629407
1274362997352345605,negative,0.06242241308467077
1274362997641805827,negative,0.028908378244971285
1274362998023389184,negative,0.001470960585501704
1274362998237343755,negative,0.22915103025480452
1274362998619090948,negative,0.00013295745815511222
1274363001328541696,negative,0.0002747065123703302
1274363001328611328,positive,0.9997370820378277
1274363001672531970,positive,0.9928886966371381
1274363002083557377,negative,0.0011215207366607506
1274363002695962625,negative,0.01749952696563726
1274363002817519617,neutral,0.36728291019967485
1274363003228561408,negative,0.0059583599279940695
1274363005757722627,negative,5.6576961324218216e-05
1274363006131077122,negative,0.15987313744692946
1274363006902730752,negative,0.004843091236173927
1274363007091367936,negative,0.1713468067255223
1274363007150313472,negative,0.003063531973613684
1274363007271866368,negative,0.0414022426497265
1274363007339040768,negative,0.04868413656103167
1274363007632539650,negative,0.0011215207366607506
1274363010065162242,negative,0.0016483870389185403
1274363010086105088,negative,0.02102601543626555
1274363011038433280,negative,0.04868413656103167
1274363011076153346,negative,0.00048651013252980956
1274363011080376322,negative,5.911311873273227e-13
1274363011906465793,negative,1.8038569458353223e-05
1274363012133126144,negative,0.0319766450210453
1274363013806637060,negative,0.0073373516045845705
1274363014008000513,negative,6.649658578191888e-05
1274363014024749056,negative,0.03758962424841466
1274363014091878402,negative,0.007284464307341241
1274363014314065922,negative,0.21616516975537278
1274363014339272709,negative,0.29761571709333384
1274363014691672065,negative,4.547475594547499e-07
1274363014817501184,neutral,0.41505736402250654
1274363015027187713,negative,2.0383969721659516e-09
1274363015043772416,negative,0.0028779006780079394
1274363015236931584,negative,0.01648229972419678
1274363015333380097,negative,0.015548998880221356
1274363015647899654,negative,0.05180005165617006
1274363017971609605,neutral,0.34805202995750795
1274363018546159619,negative,2.1420413486399378e-05
1274363018860773376,negative,4.363257631511972e-05
1274363019003416576,negative,0.16321450360781967
1274363019162722304,negative,0.0010986830729001979
1274363019661885441,negative,0.0798813010626473
1274363019988959233,negative,0.04868413656103167
1274363022715359232,negative,0.18097169728096155
1274363023138922498,positive,0.9566988375600662
1274363024032305154,negative,0.02369014595476744
1274363024091033602,negative,0.07806983471825014
1274363024409837572,positive,0.897740620973573
1274363024443420672,negative,2.6483642060587684e-05
1274363026519592960,positive,0.7122333461746265
1274363026955780101,negative,0.043548574727885876
1274363027157135366,negative,0.0018980158844752175
1274363027618488322,negative,0.11184300276801358
1274363027979149312,negative,0.006572766519036822
1274363028570607618,neutral,0.3353439016921346
1274363028671205384,negative,0.08575467508938993
1274363030596288512,positive,0.7682034734213208
1274363031208722438,negative,1.8331271644680104e-14
1274363031305302021,negative,0.005187951345922076
1274363031573671941,negative,0.06387919917227507
1274363031783440385,negative,0.06919360840379962
1274363032039297024,negative,9.17890712210076e-06
1274363032110542849,negative,0.02102601543626555
1274363035176652802,negative,0.03808132109721348
1274363035226906630,negative,0.22301010244854974
1274363035377963008,negative,2.787297328760927e-09
1274363035700867074,negative,0.001915261120832267
1274363035839344644,negative,0.0006578038256884126
1274363036292317185,positive,0.8002180477336539
1274363037345034241,negative,2.787297328760927e-09
1274363038842474496,positive,0.6618944020584121
1274363039052173312,negative,0.0021625795954240763
1274363039597367296,negative,0.00020479812569071105
1274363039727353856,negative,0.004427865377390981
1274363039790370822,negative,0.05985415192498614
1274363039979053056,negative,0.04868413656103167
1274363040041963520,neutral,0.33617209774474915
1274363040402747396,negative,0.03986769749650624
1274363040817795073,negative,0.000872693326515705
1274363041132564482,negative,0.020384887355742974
1274363041275015169,negative,0.0005058435525053044
1274363043321798656,negative,0.004843091236173927
1274363043418304513,neutral,0.49789225920557484
1274363043791671298,negative,1.7240898212433143e-05
1274363044232155136,negative,0.01368243049876658
1274363044315922432,negative,0.00016152586642983845
1274363044496375812,negative,0.008828723189685172
1274363045234475008,neutral,0.49789225920557484
1274363045897293824,negative,0.005846307661460753
1274363047348494338,negative,0.03557266434404076
1274363047520481280,negative,0.004843091236173927
1274363047591792642,negative,0.32475832049844605
1274363047621033986,neutral,0.5257032941088134
1274363048648556544,negative,5.094166772461122e-06
1274363049223360513,negative,0.00010398026759225843
1274363049269514240,negative,0.12315543387386256
1274363049328197633,negative,0.18097169728096155
1274363052016664576,negative,0.0011215207366607506
1274363052515721216,negative,0.2831891036741124
1274363053161799680,neutral,0.5870959793700388
1274363053228920833,negative,0.18009643922747415
1274363053614735366,positive,0.8585319019276769
1274363054055215106,negative,0.02102601543626555
1274363054134898690,negative,0.15109532684671623
1274363056190042112,negative,0.27330665935500936
1274363057096048640,negative,0.0010657548483396007
1274363057477730305,negative,9.951325748633657e-07
1274363057754562561,negative,3.561072814611798e-05
1274363058304024581,negative,0.020384887355742974
1274363060321484802,negative,0.01648229972419678
1274363060367568896,negative,2.6737659445654676e-06
1274363060417974274,negative,0.2088058242590971
1274363060547989505,negative,0.07197907315624454
1274363060921270273,negative,0.2394110094948839
1274363061491597314,negative,0.005402909033626645
1274363061936304130,positive,0.6814315897194465
1274363064096301056,negative,0.02102601543626555
1274363064415064064,negative,0.00014459406381251767
1274363064675110918,negative,0.10125506379470428
1274363064750682114,positive,0.6799888835460025
1274363064893095937,negative,0.00887296933283849
1274363065014775810,negative,0.02984246964687969
1274363065031626752,neutral,0.653125891185729
1274363065446936582,positive,0.8002585490816346
1274363066524880897,negative,1.637839043713939e-08
1274363068420706305,negative,0.057641714927657434
1274363068634497025,negative,0.009475042412802623
1274363068785573890,negative,0.00014459406381251767
1274363069674782722,negative,0.01140068344308785
1274363069875892225,negative,0.004843091236173927
1274363070710788096,positive,0.9972833339877146
1274363072757542920,negative,0.004843091236173927
1274363073340596224,neutral,0.5572402996324984
1274363073743077376,negative,6.322246847783221e-05
1274363075123167232,neutral,0.416094479578709
1274363077622890498,negative,0.055515435432433445
1274363078134677505,neutral,0.5064615563508967
1274363078264729601,neutral,0.4652088126150448
1274363078277292035,negative,0.009174022144576315
1274363078658965504,negative,0.00014459406381251767
1274363078709305344,negative,0.04868413656103167
1274363078730289152,negative,0.07998569771605683
1274363079464235008,negative,0.08401236809362689
1274363081888497665,negative,0.00021335106041440733
1274363082240937985,neutral,0.6020347380261928
1274363082287054848,negative,0.05670946645000067
1274363082337378305,negative,0.005402909033626645
1274363082542739457,negative,0.010526255106884045
1274363083004182531,negative,7.561206532981905e-05
1274363085344722944,negative,0.08389168888618816
1274363085562753024,negative,1.3444916128112548e-12
1274363085722091521,negative,0.046246116935547726
1274363086133170177,neutral,0.5431081081257232
1274363086267392000,negative,0.27330665935500936
1274363086867034112,negative,0.02418731375717492
1274363086934355969,negative,0.0021538126059579984
1274363086942633985,negative,0.00025995428544422664
1274363086980317184,negative,1.1071183644491722e-08
1274363087114719233,positive,0.9933554812709204
1274363087953580032,negative,0.04817235380553318
1274363087966085126,neutral,0.37426873505003133
1274363090084212736,negative,0.00012674979609045802
1274363090130386946,negative,2.6483642060587684e-05
1274363090528854016,negative,0.002520825001475736
1274363090667175940,negative,0.1237213486482113
1274363091053142022,negative,0.02102601543626555
1274363091095076870,negative,0.0021625795954240763
1274363091199893509,negative,0.0043400945458915395
1274363093611614208,negative,0.1347651832311668
1274363094240813059,negative,0.004843091236173927
1274363095155179520,negative,0.1363585901897884
1274363098087002112,negative,0.023023555119008762
1274363098158243841,negative,8.123347876440576e-05
1274363098435026945,negative,0.005106015730085279
1274363098930044931,negative,4.273628118076751e-05
1274363099135557632,neutral,0.500819888622897
1274363099710029824,negative,1.2148524161354054e-06
1274363102067294210,negative,0.1904765072858919
1274363102247768064,negative,0.014245152940218874
1274363102394376193,negative,3.7894111394773136e-06
1274363102537146368,negative,0.3051146961105203
1274363103464095745,negative,0.27330665935500936
1274363103581540361,negative,0.07509577442231544
1274363106089734146,negative,0.002079789350392709
1274363106198618112,negative,0.004175339006603584
1274363107243184130,neutral,0.4780350104355538
1274363107972984832,neutral,0.4985928500860049
1274363110485372930,negative,0.05106637002907062
1274363110787297280,negative,0.02008601788606137
1274363110837673984,negative,0.018191370886849637
1274363110854254594,positive,0.8286012028805883
1274363111055777794,negative,0.1130361386496624
1274363111873576961,negative,8.875547998667753e-07
1274363112016302081,negative,0.004559162914994628
1274363112192344064,negative,0.0038603880779656385
1274363112590913536,neutral,0.4190935437062381
1274363112704151554,negative,0.001616511283051386
1274363114436337664,negative,2.5266291409349198e-05
1274363114591485958,neutral,0.3982141515829862
1274363114696343552,negative,0.025109650727116243
1274363115141038080,negative,0.13949552936821852
1274363115321397250,negative,0.04868413656103167
1274363115476574216,negative,8.875547998667753e-07
1274363115933753344,positive,0.7412556065302909
1274363116130914304,positive,0.7529507011941703
1274363116424499202,negative,0.09988079043538062
1274363116449599488,negative,1.3615452660777255e-06
1274363116768366599,negative,0.09402542863411885
1274363116843909121,negative,0.15903346615481967
1274363118924304384,negative,0.0502835246952249
1274363118991392768,neutral,0.34322267253793753
1274363119217766400,negative,0.001102310072806244
1274363120237060097,negative,0.0006975961393751784
1274363120497065987,negative,7.378820800345565e-05
1274363120618582016,negative,0.15109532684671623
1274363122959159299,negative,0.31732489718339985
1274363123047202817,negative,0.011862135741312785
1274363123051487232,negative,0.0005988045907494699
1274363123093213184,neutral,0.49789225920557484
1274363123093385216,negative,0.17085650338555278
1274363124263649281,positive,0.880977722113856
1274363124305428480,negative,0.0011215207366607506
1274363124439793672,positive,0.985201851417433
1274363127510024192,negative,0.0011215207366607506
1274363127736479747,negative,0.049154980087497
1274363127765876737,negative,6.99717385678626e-05
1274363127941996544,negative,0.05170840059223377
1274363127988191232,negative,0.0007516354748259345
1274363129183559681,positive,0.992376140522499
1274363131142107138,negative,1.126279555319798e-05
1274363132090212352,negative,0.009032246887093932
1274363132308107264,negative,0.0030979225976147276
1274363132496969729,negative,0.07509577442231544
1274363133096718336,positive,0.702407673639644
1274363135521161216,negative,0.002520825001475736
1274363135625801730,negative,0.004843091236173927
1274363136204771330,negative,1.7516147498318124e-05
1274363136385200128,neutral,0.49789225920557484
1274363137098203137,negative,0.08887349475912869
1274363139753115652,negative,1.404054265000646e-06
1274363139920977920,negative,0.08023930523735376
1274363139996319745,negative,0.0011215207366607506
1274363140038438912,positive,0.9360444041986559
1274363140260724738,negative,0.01140068344308785
1274363141384798214,negative,1.609008941897713e-05
1274363141833580544,neutral,0.3385252644667176
1274363143968489472,positive,0.8002585490816346
1274363144010334209,negative,0.28360004119828147
1274363144383627270,negative,0.01140068344308785
1274363144522076162,neutral,0.46598398918449585
1274363144866013185,negative,0.00011357162202608255
1274363145373593601,negative,0.0004013337283508635
1274363145595703298,negative,0.012122582319864251
1274363145809772544,positive,0.7176462015324372
1274363145939755009,negative,2.530348364003241e-07
1274363147982270465,negative,1.1071183644491722e-08
1274363148242489345,negative,0.056492217235191176
1274363148397613057,negative,0.02102601543626555
1274363148804542466,negative,1.6586089904951959e-06
1274363148938678272,negative,0.015355304791668396
1274363149005869056,neutral,0.38801517263737173
1274363149198729216,negative,8.331216267683247e-11
1274363149270081537,negative,0.003262977824511189
1274363149521752066,negative,0.0025244154240155283
1274363153019662336,negative,0.29150453131543796
1274363153078345730,negative,2.8656526328885995e-06
1274363153200156673,negative,1.1071183644491722e-08
1274363153208487936,positive,0.7615623818126528
1274363153292369920,negative,0.17085650338555278
1274363153292439553,negative,0.28843886926606144
1274363153363513346,negative,0.2417208868741504
1274363153422442496,neutral,0.49789225920557484
1274363153556668418,negative,1.9684284881358229e-10
1274363153586020355,negative,0.002867380513848342
1274363153669918726,negative,8.768611723949809e-07
1274363156425515010,negative,0.00014459406381251767
1274363156438097927,negative,0.22915103025480452
1274363156496777217,negative,0.01140068344308785
1274363156991787008,negative,0.0062836629738324936
1274363157499256836,negative,0.00025664397034123285
1274363157662830593,negative,0.0002245256881234639
1274363157989994497,negative,0.18795859623648656
1274363158065483785,positive,0.7122333461746265
1274363158162006018,negative,8.72965302300608e-05
1274363158426255366,negative,6.933676884668426e-05
1274363158438780928,negative,0.05431939966609225
1274363158589734912,negative,0.15349106362105933
1274363158757588992,negative,0.01140068344308785
1274363159009165315,negative,0.1008595673337973
1274363160456298499,negative,0.06927473062223166
1274363160565370885,negative,1.5369600853386779e-06
1274363160716337154,negative,0.00020479812569071105
1274363161374679040,neutral,0.3688120122074838
1274363161664077825,negative,0.22301010244854974
1274363162322755589,neutral,0.3688120122074838
1274363164759638019,negative,0.005518708425353665
1274363164830900225,negative,0.000420916840873036
1274363164835053568,neutral,0.5686265659507423
1274363164973506561,negative,2.479284881756855e-06
1274363165636206598,negative,0.11186677855945194
1274363166034722817,positive,0.998170342136545
1274363166458167297,negative,2.097504832666822e-06
1274363166567342080,negative,3.0950357644862104e-05
1274363168911962117,negative,0.2417208868741504
1274363169339777024,negative,0.0011215207366607506
1274363170446913536,negative,0.220086139988153
1274363170946191362,negative,0.0026542863827568176
1274363170962972672,negative,0.006812636562690789
1274363171009114112,negative,0.003076772953040784
1274363171147522048,negative,0.15731651452020287
1274363171197894662,negative,0.046246116935547726
1274363171969667072,positive,0.999999837966796
1274363173475364864,negative,0.01140068344308785
1274363174536478721,positive,0.8798039430045211
1274363174695981056,negative,0.00031926466154186034
1274363174893096965,negative,0.00014459406381251767
1274363174918250496,negative,5.403192053372038e-06
1274363174960193536,negative,0.024992353492807196
1274363175480315905,positive,0.897740620973573
1274363175744438272,negative,7.669033579152875e-05
1274363175929090048,negative,2.1498899542245897e-05
1274363177627607043,negative,8.123347876440576e-05
1274363177631956992,negative,0.29761571709333384
1274363177862602754,negative,0.031757693176287814
1274363177929543680,negative,0.0008063435660704115
1274363178277908481,negative,3.6885601646132193e-06
1274363178969739267,negative,0.05525703889800666
1274363178999300098,negative,0.0002400857791051532
1274363181805326337,negative,0.0013612402755803271
1274363182077874176,negative,0.15987313744692946
1274363182098853891,negative,0.00020817562045590026
1274363182258114560,negative,0.0008421817189229191
1274363182321152001,neutral,0.37609422587007374
1274363182803562496,negative,0.001616511283051386
1274363183013269504,negative,0.11199186793547575
1274363183390654466,negative,0.0024262499671387897
1274363186129625088,negative,0.005846307661460753
1274363186788143105,negative,0.022156212365644353
1274363187018600450,negative,1.1071183644491722e-08
1274363187933126656,negative,0.0021538126059579984
1274363188331663360,neutral,0.5136446707795853
1274363190768480256,neutral,0.6077340235528174
1274363192097910786,negative,0.0011215207366607506
1274363192240553984,negative,0.09794803654291011
1274363194333593601,negative,0.2733320189630589
1274363194715357185,negative,0.02870049248802492
1274363194950156291,neutral,0.46598398918449585
1274363194988023808,neutral,0.416094479578709
1274363196128628737,negative,1.1071183644491722e-08
1274363196149772288,negative,0.005978537911977434
1274363196573270016,negative,0.05768953278936001
1274363197013872640,negative,0.000992628158367642
1274363198624411655,negative,3.9853740916406096e-07
1274363198746038273,negative,0.29565949125626084
1274363199236734976,negative,0.01024459341701663
1274363199240929280,positive,0.8798039430045211
1274363199547113472,negative,0.00014459406381251767
1274363199555465217,negative,0.001616511283051386
1274363199622709248,neutral,0.470949168709263
1274363200553848838,negative,0.02489580988425257
1274363204001505282,negative,0.001287420262485797
1274363204592963584,negative,0.06222903960220635
1274363206702686210,negative,0.034278603146474726
1274363206769795073,negative,0.13841236269547977
1274363206773792768,negative,0.004843091236173927
1274363207566659585,negative,0.0018147067327882415
1274363207759679489,negative,0.0009388909034054378
1274363208229363714,negative,2.2546523656880852e-05
1274363208535609344,negative,0.01140068344308785
1274363208606846976,negative,0.0024708133006010875
1274363211312234496,negative,0.25367401144854057
1274363211769360384,negative,0.0004586866771591509
1274363211912011776,negative,0.02460594107704766
1274363212151115776,negative,0.003046420644404445
1274363212364943362,negative,0.05123723761035609
1274363212469882882,negative,0.07662398940491369
1274363212662747136,positive,0.6787599488272735
1274363213229051904,negative,1.9896085284742844e-05
1274363213543608322,negative,0.07917705969587278
1274363215158431744,negative,0.017981470522138703
1274363215162589186,negative,0.08826221692494869
1274363215288381441,negative,0.12249029219124323
1274363215791689730,neutral,0.5163192920167038
1274363215892353025,negative,7.63488315384458e-07
1274363216861319169,negative,1.9027470190114964e-05
1274363216882212865,negative,0.13949552936821852
1274363216911532032,negative,0.009641559547882685
1274363217280667651,positive,0.7532143714907016
1274363219705049088,negative,0.14414384638931693
1274363219780546560,neutral,0.5357996272150893
1274363220195753984,negative,0.15371705891167148
1274363220283834368,negative,2.9052671145680368e-05
1274363220405260295,negative,4.920098472494408e-09
1274363220740972546,negative,9.930645891503263e-05
1274363221126807552,negative,5.692839550525292e-09
1274363221202395136,negative,0.0011171186280900822
1274363221374361601,negative,7.725545551370647e-05
1274363221416325120,negative,0.02102601543626555
1274363221630222336,negative,0.07950576761121148
1274363222049599493,negative,0.003401178487566604
1274363222066450433,negative,0.17267246084100846
1274363223941226496,negative,0.16451108071011875
1274363224121421829,negative,0.0006524776956308326
1274363224192925698,negative,0.24160858691178336
1274363224322740224,negative,0.0013646900874992175
1274363224457121793,neutral,0.4780350104355538
1274363224499118080,negative,3.4434318905182015e-10
1274363224813531137,negative,0.09965753329704123
1274363224905957376,negative,5.094166772461122e-06
1274363225077805056,negative,0.0056187051009983936
1274363225635803137,negative,0.00023457940414911883
1274363225912545281,negative,0.22082230916661
1274363228894777344,neutral,0.5730789202541626
1274363229062475783,negative,0.04868413656103167
1274363229083443209,negative,0.06441863133120522
1274363229247090690,negative,0.034048568132471604
1274363229351936000,negative,0.13154992141303629
1274363229565788161,negative,8.123347876440576e-05
1274363229863542789,negative,0.000983102454953023
1274363230400532486,negative,0.16854900570904427
1274363230513758214,negative,0.0005833353590071568
1274363232006930432,negative,0.058756904854236916
1274363232480788481,negative,0.0092744064496032
1274363232501760000,negative,0.0011215207366607506
1274363232912801792,negative,8.72965302300608e-05
1274363233659506688,negative,1.5369600853386779e-06
1274363233780916224,negative,0.00029787951984732905
1274363233814675458,neutral,0.3385252644667176
1274363236197052416,neutral,0.5887973398928581
1274363236276678656,negative,3.69538467773728e-05
1274363236712775680,negative,0.13949552936821852
1274363236805197824,negative,0.030475846806598532
1274363237170057217,negative,0.05141784201110951
1274363237530812417,negative,0.030676245360278857
1274363240500387840,negative,0.004843091236173927
1274363240517193728,negative,0.00014459406381251767
1274363240844320768,negative,0.1886984111627403
1274363245332180993,negative,0.10544543546663765
1274363245340561409,negative,0.275958358184994
1274363245365772289,negative,0.0705600263340994
1274363245558726658,negative,1.1071183644491722e-08
1274363245684457472,negative,0.001616511283051386
1274363245856423937,negative,0.010958586283174693
1274363248616198145,negative,0.2376337649813871
1274363248985415681,negative,0.0007315135167748733
1274363249174237185,negative,0.0007708869012412582
1274363249614413831,negative,2.10739029972343e-06
1274363249736237056,negative,0.24593331918379951
1274363250117918723,negative,0.0798813010626473
1274363250608615430,negative,1.2301885596849096e-06
1274363252936519681,negative,0.07509577442231544
1274363253334958088,negative,0.04868413656103167
1274363253674479618,negative,0.0310566304318888
1274363253733437442,neutral,0.3795278330841397
1274363254618251266,negative,0.0011215207366607506
1274363254710710278,neutral,0.387241754342347
1274363254861594624,negative,0.0028792207835829095
1274363255218208769,negative,0.25416159745075056
1274363255272738816,negative,0.0020701446869714145
1274363257164304384,negative,0.0005457427860362988
1274363257302716416,negative,4.0689898102353e-07
1274363257604710400,negative,0.0056908166615445895
1274363257671876610,negative,0.11524090903560132
1274363257755766784,negative,0.1406872364347225
1274363258955280384,negative,8.665089332995938e-05
1274363261513801731,negative,0.030885140084138746
1274363261761265664,negative,1.0872528108410854e-05
1274363262252048385,negative,0.02102601543626555
1274363262390263809,negative,0.00045495496434337
1274363262533087234,negative,0.005709427143957458
1274363262784753669,neutral,0.33481534059251705
1274363263199952899,negative,0.275958358184994
1274363263434792962,negative,0.09061226544798241
1274363266320470018,negative,0.05782515572050846
1274363266421194752,positive,0.897740620973573
1274363266437873670,negative,0.00022991733119934784
1274363266915905536,negative,0.0056187051009983936
1274363267083837441,negative,0.08986926517635258
1274363267163529218,negative,2.4268131929481642e-06
1274363267163590658,negative,5.0059466233013964e-09
1274363269797433346,neutral,0.49789225920557484
1274363269797556224,negative,2.2607703055852016e-05
1274363270665842691,negative,1.9783183400095766e-05
1274363270913277953,negative,0.04868413656103167
1274363271110438912,negative,0.0024054606433927526
1274363271458557953,negative,8.757684413182992e-05
1274363271479427072,negative,0.06629743649523322
1274363272049897474,negative,0.00010472126609286544
1274363272079302657,negative,2.6483642060587684e-05
1274363272309981184,negative,0.028983345375520955
1274363272616173568,negative,0.12264175851502257
1274363274402902023,negative,0.030367625586994816
1274363274419560453,negative,0.06312826999855198
1274363274423828481,negative,0.0028976163657998505
1274363274914660355,negative,0.012370417984758776
1274363275627593731,negative,0.003764437174709491
1274363278496534528,negative,0.014133905232716477
1274363278551068684,negative,0.00014459406381251767
1274363278567837696,negative,0.0021625795954240763
1274363279083745281,negative,0.0752678127414538
1274363279276572675,positive,0.9260460732612994
1274363279377301509,negative,0.045635859818982535
1274363279419166721,negative,0.0011215207366607506
1274363279595524096,negative,0.01140068344308785
1274363279679332355,negative,0.0043081734638204605
1274363282577596418,negative,0.09134408089080437
1274363282997096448,negative,2.0553359001787334e-05
1274363283190042625,negative,0.0009177032978133025
1274363283538014208,negative,0.004539378059368855
1274363283722698753,negative,0.0019963831800710193
1274363283961794560,positive,0.9595440943564703
1274363284087623680,negative,0.09965753329704123
1274363284104318976,negative,1.1071183644491722e-08
1274363286390218753,negative,0.017981470522138703
1274363287556231171,negative,0.0002619169659521643
1274363287589793799,neutral,0.49789225920557484
1274363288017666049,negative,0.01140068344308785
1274363288252567552,negative,0.004843091236173927
1274363288575455234,negative,0.06583226526723569
1274363290542538752,negative,2.5437664648634703e-22
1274363291406675969,negative,0.04549510691194602
1274363291784151041,negative,0.1283830983719342
1274363292362948608,negative,0.00012245823475751948
1274363292467822596,negative,0.048754682607191936
1274363292522369025,negative,0.18097169728096155
1274363294875373571,negative,1.956512954338589e-10
1274363294887948289,neutral,0.42507619662732005
1274363294904659968,negative,0.2594039155021363
1274363294946594816,negative,8.443564912871401e-05
1274363295324082179,negative,0.29819585618167127
1274363295621951489,negative,0.19152443032254213
1274363296007716864,negative,0.05548285078597709
1274363296360120322,negative,0.0798813010626473
1274363299048677376,negative,0.05592593259625326
1274363299178508288,negative,0.13949552936821852
1274363299442933760,negative,1.5369600853386779e-06
1274363299900133377,negative,1.8650337144528868e-10
1274363300499906563,negative,0.13114032356334313
1274363301678456839,negative,0.005817682850505795
1274363303029018626,negative,0.005074910600383888
1274363303419052033,negative,0.011050777723944884
1274363303557386241,negative,3.181174467556628e-06
1274363303712755712,negative,0.16451108071011875
1274363304769716224,negative,0.02102601543626555
1274363304777879557,negative,0.08794325121159574
1274363307307270149,negative,0.0005500612242291591
1274363307365928962,negative,0.22301010244854974
1274363307370020864,negative,0.271581968949276
1274363308234223624,negative,0.09382030314378208
1274363308737511424,negative,0.014133905232716477
1274363309387636736,negative,0.0012442606068170455
1274363309618343942,negative,1.7240898212433143e-05
1274363309807022080,negative,0.00517989528748498
1274363309903536128,negative,0.09729261037146698
1274363311602237449,negative,1.1071183644491722e-08
1274363311883087873,negative,0.13949552936821852
1274363311996485633,negative,0.0007206278447072315
1274363312206237696,negative,0.006764587576214043
1274363313942659077,negative,0.07509577442231544
1274363314005565441,negative,2.8815409906095914e-08
1274363316387803137,negative,0.2617529036331704
1274363316761169921,negative,0.0003391657882690361
1274363317079834627,negative,0.0011215207366607506
1274363317579104257,negative,0.0006826493770136211
1274363317818187776,negative,0.013051793105323329
1274363317881122820,negative,4.409683412435902e-12
1274363318241841153,neutral,0.5318834537628724
1274363318300532740,positive,0.9936680318963128
1274363318426312706,negative,0.01041558596523333
1274363320393502721,negative,0.00054404510281922
1274363320728838153,negative,6.585488407648629e-08
1274363321030971392,negative,0.2394110094948839
1274363321135710208,negative,0.3066718146811145
1274363321542750208,negative,0.005402909033626645
1274363321555312641,neutral,0.4372222038987541
1274363321559535617,negative,2.931279538235397e-06
1274363321651736577,neutral,0.3563261886936878
1274363321945292802,negative,3.38794706851042e-05
1274363322297733120,negative,1.1071183644491722e-08
1274363324256456704,negative,0.24151054019797136
1274363324398997508,neutral,0.3794095594708052
1274363324432596994,negative,0.13665321077890955
1274363324587626502,negative,0.2417208868741504
1274363324625555456,negative,0.3108314330779043
1274363324629745671,negative,0.0798813010626473
1274363324671701000,negative,0.00011769015856983588
1274363325057576960,negative,0.00014459406381251767
1274363325141463040,negative,0.0021625795954240763
1274363325384658944,negative,0.13949552936821852
1274363325456023552,positive,0.6908609250079859
1274363328371077121,negative,0.3282419999848567
1274363328714940420,negative,0.04868413656103167
1274363328765333504,negative,0.18097169728096155
1274363328782053376,positive,0.897740620973573
1274363328937308162,positive,0.9859801534855497
1274363329331572743,negative,0.018191370886849637
1274363329964912640,negative,0.05839510813617035
1274363330518560770,negative,0.04868413656103167
1274363330568863745,negative,0.0011215207366607506
1274363331084615680,negative,0.2417208868741504
1274363331298693121,negative,1.1071183644491722e-08
1274363334033387521,negative,0.00022386448352370393
1274363334595411968,negative,0.12440419571602884
1274363334733815818,negative,0.0011215207366607506
1274363334750593026,neutral,0.34998766303829154
1274363336898097153,negative,0.007543785802845737
1274363337225183232,negative,3.287984133541771e-05
1274363337263001602,negative,0.00014459406381251767
1274363337397108738,negative,0.18097169728096155
1274363337703403524,negative,0.13331246529389748
1274363338286391296,negative,0.09965753329704123
1274363338533806082,negative,2.302795190376347e-05
1274363338563235840,negative,0.00015780592899662289
1274363338743582720,negative,8.443564912871401e-05
1274363339183980548,negative,0.020384887355742974
1274363341276950529,negative,0.00014459406381251767
1274363341784449025,positive,0.786839479448977
1274363341830569984,neutral,0.42323127642780156
1274363342019272704,negative,0.03394700550014565
1274363342048509952,negative,0.00029787951984732905
1274363342048591873,negative,0.05738731705847255
1274363342279323649,negative,1.5392331286184835e-06
1274363342895886340,negative,1.9684284881358229e-10
1274363342950465536,negative,0.02767837041596725
1274363345576099841,negative,3.848712112869742e-07
1274363345668276225,negative,0.015548998880221356
1274363346066735104,negative,0.1823704251571895
1274363346196877313,negative,0.007628685414413218
1274363346444259328,negative,0.00022918357450245867
1274363346473627651,negative,0.2799852519493358
1274363346544984069,negative,7.845919976306364e-10
1274363349082484736,negative,0.1922472793646459
1274363349896134658,neutral,0.40819334745054037
1274363350357590016,negative,0.2394110094948839
1274363350479261696,negative,5.146763217459783e-08
1274363350735040512,negative,0.13154992141303629
1274363350852399105,negative,0.0008721242359933572
1274363351221456902,negative,0.13949552936821852
1274363351573856256,negative,0.021390956258793833
1274363354077855744,negative,0.06583226526723569
1274363354115686407,negative,3.3398401280974176e-05
1274363354149031936,negative,0.0008267917685809908
1274363354195415043,positive,0.9997370820378277
1274363354946113536,positive,0.9997370820378277
1274363355118145538,negative,0.14384332905755381
1274363355298496513,neutral,0.4766795874967358
1274363355613016065,negative,0.04868413656103167
1274363356141551616,neutral,0.6096747612804037
1274363357760552961,negative,8.123347876440576e-05
1274363358095892485,negative,0.0009976879008453893
1274363358158954496,negative,1.2301885596849096e-06
1274363358196772869,negative,0.18097169728096155
1274363358557454343,negative,0.18097169728096155
1274363358918172672,negative,0.13790906241702833
1274363359081779200,negative,1.9308408116318974e-05
1274363359186554881,neutral,0.4507454498615163
1274363359312449537,positive,0.7372705234501187
1274363359379492865,negative,0.0053150084377331245
1274363359484350464,negative,0.032944019472149554
1274363359664603138,negative,0.014608477435942131
1274363359874281472,negative,0.09965753329704123
1274363362105790464,negative,0.15922624373425048
1274363362667790338,negative,0.04075910793648389
1274363363053768705,negative,0.2181245785185707
1274363363557101568,negative,0.04317975000063105
1274363363867480065,negative,0.0588680845382882
1274363364202946561,negative,0.00023021306970832827
1274363366681780224,negative,0.04118049616234505
1274363367860383749,neutral,0.6436815727241401
1274363368028213248,negative,1.7240898212433143e-05
1274363368069971968,negative,0.0014941820492851922
1274363368137261059,negative,0.022156212365644353
1274363368179105792,negative,0.13949552936821852
1274363368535719941,negative,2.6483642060587684e-05
1274363370360078336,negative,0.023732173558476437
1274363370364448769,negative,0.08917284233375622
1274363370829942786,negative,0.04868413656103167
1274363371001962498,negative,0.013887318706905922
1274363371413032961,neutral,0.46127768308170247
1274363371710812164,negative,0.2641179276944141
1274363372272844800,negative,0.0008462479792638722
1274363372297994240,negative,0.005846307661460753
1274363372360929283,negative,0.1479964024895597
1274363374680358912,negative,0.0016319430676746763
1274363375397593089,negative,0.22082230916661
1274363375934418944,negative,0.08023930523735376
1274363376316092417,negative,1.631866497193975e-05
1274363376374820870,negative,0.0011215207366607506
1274363376588722177,neutral,0.3857252051397482
1274363376622239747,negative,0.04868413656103167
1274363376756498433,negative,0.009371930848625634
1274363378983723010,negative,0.009932906980315596
1274363379088527360,negative,0.00032302475529798495
1274363379243782144,negative,0.00014459406381251767
1274363379587575809,negative,0.12668778217142465
1274363379587575810,negative,0.0007699370890113074
1274363379621249024,negative,0.030928301602955146
1274363380048912385,negative,0.02460594107704766
1274363380229341189,negative,0.01140068344308785
1274363380246237186,negative,5.692839550525292e-09
1274363380372037632,positive,0.7478899177723298
1274363382959915008,negative,0.0018404200630397435
1274363383182168065,negative,1.140719911350905e-05
1274363383203102721,negative,0.0004914151200828016
1274363383257739265,negative,0.1884245705359222
1274363383966547968,negative,0.00014459406381251767
1274363384230789121,negative,0.25943144196174717
1274363387116498944,negative,0.008142332153641602
1274363387762184193,negative,0.0011215207366607506
1274363388035043329,negative,6.344981343802913e-14
1274363388127109120,negative,0.001616511283051386
1274363388265672705,negative,0.02741168462444339
1274363388701880320,negative,0.03838940566423462
1274363388899008519,positive,0.8286012028805883
1274363389209391110,negative,0.000102120942159438
1274363389389783040,neutral,0.4047214283799102
1274363389473628161,negative,0.04868413656103167
1274363390014689280,neutral,0.44203355081296014
1274363391457595393,negative,0.05868960347054913
1274363391839285249,negative,0.16161868573067484
1274363392141209600,negative,0.00029770268127330996
1274363392346726400,neutral,0.36629112225818244
1274363392472612864,negative,0.009244272651927824
1274363392556498945,negative,0.0007072239441027239
1274363393458278402,negative,0.06145748363042148
1274363393638633472,neutral,0.49789225920557484
1274363393672204288,negative,0.0015673090420038548
1274363393680584707,negative,0.0001283833176622557
1274363393793757187,negative,0.038040106230761365
1274363396180361217,negative,0.2897207918155794
1274363396197146630,negative,0.2003625127078753
1274363396956327936,negative,0.026173544867031922
1274363397044224002,negative,0.07013232175629958
1274363397266644994,negative,0.04868413656103167
1274363397698715648,negative,0.015548998880221356
1274363398499766273,negative,0.2993907110775389
1274363399745519618,negative,0.04814276828391792
1274363399963623426,negative,0.0002866227360859703
1274363400311779328,negative,0.27330665935500936
1274363401054162945,negative,0.0283860008103736
1274363402698317824,negative,0.02946972032369291
1274363403818217473,negative,0.007628685414413218
1274363403876909056,negative,0.04868413656103167
1274363404443058176,negative,0.11098281508240065
1274363404824858626,negative,0.021742177510265318
1274363405063917569,negative,0.0003050253566732271
1274363405277806593,negative,8.757684413182992e-05
1274363406548635649,negative,0.27330665935500936
1274363408192684033,negative,0.049027083336904226
1274363408385794050,negative,0.0011215207366607506
1274363408423497729,negative,8.443564912871401e-05
1274363408717164545,negative,0.00026315756405212334
1274363408893296642,negative,0.09238170980466116
1274363409690132481,negative,0.02418731375717492
1274363412676517888,negative,0.04868413656103167
1274363413184106502,negative,0.07509577442231544
1274363413246984193,negative,0.001616511283051386
1274363413330825217,negative,0.00014928509009345064
1274363413423063041,negative,0.18097169728096155
1274363413490216960,negative,0.10765795465715865
1274363413859307520,positive,0.9400995602577226
1274363414261964800,negative,4.319194916105919e-06
1274363416552050689,negative,0.1800396988828225
1274363417273524226,negative,0.07509577442231544
1274363417562882050,negative,8.840536454455423e-05
1274363417734905858,neutral,0.37674592505032867
1274363417864921088,negative,0.058104198331664365
1274363418045284354,negative,0.0798813010626473
1274363418062061568,neutral,0.5467018084453114
1274363421098749952,negative,0.004843091236173927
1274363421870493696,negative,2.2607703055852016e-05
1274363422021316608,negative,4.0624051034890363e-07
1274363422235394048,negative,0.2211841082333547
1274363424894603264,negative,0.18097169728096155
1274363425083310081,negative,0.2851259002136178
1274363425171353603,negative,0.29761571709333384
1274363425355894785,negative,0.016616838284284976
1274363425569808385,negative,4.864359754624921e-05
1274363425657966594,negative,0.1008595673337973
1274363425712418818,negative,0.07093600664242929
1274363425800564736,negative,9.587824816191965e-06
1274363426110832642,negative,0.08244424311935042
1274363426190626816,neutral,0.49789225920557484
1274363426681368576,negative,0.04868413656103167
1274363429395054594,negative,4.363257631511972e-05
1274363430045200384,negative,0.005179260577913655
1274363430233870338,negative,9.782089804679564e-13
1274363430594625537,negative,0.029327826984952076
1274363430745649153,negative,0.194756570736795
1274363430992936960,negative,0.004843091236173927
1274363431022444545,negative,0.02183875147113314
1274363433987653633,negative,0.0011215207366607506
1274363434033983491,negative,0.04868413656103167
1274363434247880704,negative,0.17644104908166897
1274363434969284609,negative,0.007628685414413218
1274363435321569280,negative,1.0707508760226773e-06
1274363435455823872,negative,0.0014385367453438058
1274363435896242177,negative,0.026118920550165764
1274363437703925760,negative,0.037436681909298455
1274363437716389893,negative,0.001261729323556931
1274363437829816320,negative,0.00014459406381251767
1274363438551228416,negative,1.6416170819622953e-05
1274363438672809987,negative,0.0092744064496032
1274363438689550336,negative,9.782089804679564e-13
1274363439012548609,negative,0.18795859623648656
1274363439041982469,positive,0.9650171238764371
1274363439448756224,negative,8.550738519178855e-05
1274363441021628420,negative,0.014012390293174097
1274363442019909632,negative,0.05029918485981511
1274363442141581312,negative,0.11733166319877615
1274363442397413379,negative,0.013054040966928974
1274363442531614723,negative,0.01865311394732986
1274363443320098816,positive,0.9845192075727898
1274363443718402048,negative,0.0023763880365369615
1274363444230336518,negative,0.00019385876655523822
1274363444389502977,negative,0.004843091236173927
1274363445865934848,negative,3.408470771000033e-06
1274363446230949893,negative,0.194756570736795
1274363446851706881,neutral,0.46598398918449585
1274363448508518403,positive,0.7028523545172864
1274363450865659911,negative,0.001102310072806244
1274363451025100800,neutral,0.5136446707795853
1274363451398164482,negative,0.001975295639176135
1274363451423547393,neutral,0.470949168709263
1274363451440332801,negative,0.027953209719420176
1274363451503194112,negative,8.875547998667753e-07
1274363451565985797,negative,1.1071183644491722e-08
1274363451566100481,negative,0.020384887355742974
1274363452035870721,negative,0.004843091236173927
1274363452451180546,negative,2.081980038714869e-06
1274363452522258434,negative,1.6524765217156766e-05
1274363454296596481,negative,0.275958358184994
1274363454464409600,negative,2.2607703055852016e-05
1274363454837661696,negative,0.000157023955872178
1274363455361908737,negative,0.12969597750801318
1274363455395336192,negative,0.027676813339786093
1274363455978573824,neutral,0.36490379355738706
1274363456012062721,negative,0.2417208868741504
1274363456297275392,neutral,0.497008268191141
1274363458364952585,negative,0.004843091236173927
1274363458411204609,negative,0.18795859623648656
1274363458486710272,negative,0.03113729157679135
1274363458553892866,negative,0.14623177898882497
1274363458855845888,negative,1.4221468709738295e-05
1274363458935554048,negative,0.02102601543626555
1274363459438698497,negative,0.29761571709333384
1274363459766046721,negative,0.022751245915425624
1274363460311289861,negative,0.02567689617816464
1274363460504207360,negative,0.07501908568168861
1274363460806041600,negative,1.973332794701498e-06
1274363462689439747,negative,0.04868413656103167
1274363463259865088,negative,0.08700898962236728
1274363463415091200,negative,0.0019464201060481016
1274363463578632194,positive,0.7532143714907016
1274363464027377666,positive,0.9685105883552313
1274363464232906753,negative,0.13605943737824092
1274363464639791105,positive,0.880977722113856
1274363464761217024,negative,6.649658578191888e-05
1274363464820162560,negative,0.17085650338555278
1274363464891404288,negative,0.06242241308467077
1274363465017233409,negative,0.00036085199102868075
1274363466829225988,negative,0.004843091236173927
1274363467038969858,negative,1.637839043713939e-08
1274363467093295105,negative,1.8124013352229652e-06
1274363467236081664,negative,0.02102601543626555
1274363467370283009,negative,5.820756122585823e-06
1274363467458322432,negative,0.00247334345657811
1274363468003540994,negative,0.004843091236173927
1274363468116787202,negative,0.27330665935500936
1274363468657954818,negative,1.1257989752191355e-06
1274363468897038337,negative,0.048352136894962996
1274363471128379393,negative,0.0004623236711821774
1274363471493304326,negative,0.00247334345657811
1274363472621568000,negative,0.0021625795954240763
1274363473603047424,positive,0.8286012028805883
1274363473665851393,negative,0.0222147686896912
1274363475591155712,neutral,0.4281190059282991
1274363475947642880,negative,0.04868413656103167
1274363476039827456,negative,0.0005500612242291591
1274363476182515716,negative,0.05141784201110951
1274363476409044994,negative,1.404054265000646e-06
1274363476648042497,negative,0.01824815620008762
1274363476853633024,negative,0.04868413656103167
1274363477067468801,negative,0.00014459406381251767
1274363479319863297,negative,0.0011215207366607506
1274363479353368577,negative,0.00037121730800023883
1274363479374217216,negative,0.020384887355742974
1274363479995056131,negative,0.07225803087699799
1274363480439697408,negative,0.07509577442231544
1274363480708206592,negative,0.002023272557008886
1274363480892678150,negative,0.08023930523735376
1274363481400246273,negative,0.001616511283051386
1274363481618333696,negative,7.062192743370777e-10
1274363481739988994,negative,0.07852245778028731
1274363482075549697,negative,0.00014459406381251767
1274363482134151169,negative,0.038153568964844585
1274363482381549581,negative,1.1071183644491722e-08
1274363483711209472,negative,0.0007530057982672717
1274363483736420353,negative,0.1922472793646459
1274363483845468162,negative,0.02102601543626555
1274363484646641665,negative,0.0007585370739554646
1274363484684324865,negative,0.04868413656103167
1274363485233635329,negative,0.0007696990581127897
1274363487771394048,negative,0.0019746725051334097
1274363487867863041,negative,0.0002400857791051532
1274363487981109252,negative,0.10144573918223798
1274363488119521281,negative,0.06572202867062106
1274363488396247040,negative,5.820756122585823e-06
1274363488509612037,negative,8.665089332995938e-05
1274363488710713344,negative,0.0035764543000098865
1274363488740225024,negative,0.07509577442231544
1274363488824168448,negative,0.06312826999855198
1274363489017004032,negative,0.03303376407787172
1274363489423949825,negative,0.019369516195413387
1274363490376077313,negative,0.05738731705847255
1274363490958966786,negative,0.001616511283051386
1274363492812894208,negative,0.12390083063414126
1274363493114875905,negative,0.04868413656103167
1274363493358108673,negative,0.00247334345657811
1274363494645760000,negative,0.017682822978878156
1274363495014940672,negative,2.1940430956292438e-05
1274363496684302337,negative,2.3134965900205178e-06
1274363497426583553,negative,2.787297328760927e-09
1274363497477013508,negative,0.13949552936821852
1274363497623834625,negative,0.07357273963051428
1274363497757933570,negative,3.7986489746946426e-05
1274363500601774081,negative,1.4286670457113202e-05
1274363501151223808,neutral,0.49789225920557484
1274363501176172544,negative,0.009751643008955266
1274363501608349696,neutral,0.5881555193349172
1274363501658673158,negative,4.356891365094042e-11
1274363502082154496,negative,1.1071183644491722e-08
1274363502212366338,negative,0.04868413656103167
1274363504523345921,negative,9.782089804679564e-13
1274363504699588610,negative,0.029272699956284422
1274363504737173505,negative,0.09965753329704123
1274363505815281664,negative,4.807064857605604e-07
1274363506469613580,neutral,0.3540188001906874
1274363506880626688,negative,0.06210963519599415
1274363506939383809,negative,0.01865311394732986
1274363508742934530,negative,0.05131719635411235
1274363508797423618,negative,0.08900503019071868
1274363509166481408,negative,0.015133723117719843
1274363509820796929,negative,0.21232135554046996
1274363509824872449,negative,0.001827156432045701
1274363509829251073,negative,0.08917284233375622
1274363511167205376,negative,0.003559834101604557
1274363512958210049,negative,0.009338846376051698
1274363512991764489,negative,0.0007708869012412582
1274363513759137792,negative,0.053605492388908
1274363513784291328,negative,2.1362905167258355e-10
1274363513817968645,negative,0.015548998880221356
1274363514438782977,negative,0.0005162239581811329
1274363515051151362,negative,0.0011215207366607506
1274363515114004480,negative,0.15922624373425048
1274363517479653377,negative,0.025809170850541976
1274363517521494021,negative,0.009086541303958546
1274363518029123589,negative,0.0018980158844752175
1274363518100348928,negative,0.004923896915505535
1274363518410797056,neutral,0.5929686368429936
1274363518666620929,positive,0.7533951936590659
1274363521325772801,positive,0.9482702003978086
1274363521761976320,negative,0.2541875905354673
1274363521820553218,negative,0.14753786482030046
1274363522407899141,negative,0.14422441695466023
1274363522600833024,negative,0.015548998880221356
1274363522890293248,negative,0.0028480157765644228
1274363523267809280,negative,0.018344225484606434
1274363523313872899,negative,1.6536122917545194e-05
1274363523318022144,negative,0.2654417857709204
1274363526182662146,negative,0.07275109383081722
1274363526216388608,negative,0.0003969260820024506
1274363526342156294,negative,0.16161868573067484
1274363526392549381,negative,0.10274648126835863
1274363527025905664,negative,0.0021625795954240763
1274363527201988611,negative,0.018084503978241056
1274363527696916483,positive,0.7804996773837336
1274363527789187077,negative,0.298298392309968
1274363528024072195,negative,1.157691023603853e-05
1274363529584357376,negative,0.21390638940163947
1274363530003623936,negative,5.4665489099356447e-05
1274363530192588807,negative,0.00016576387466687284
1274363530322550784,negative,0.04868413656103167
1274363530377035777,negative,0.00014459406381251767
1274363531174064129,negative,0.004125811062725056
1274363531454906368,negative,8.123347876440576e-05
1274363531652202496,negative,0.22082230916661
1274363533824651271,negative,8.883889229275176e-05
1274363533988229120,negative,0.020384887355742974
1274363534055485440,negative,0.08468791656729588
1274363535267635200,negative,0.002992954751908356
1274363536077185026,negative,0.01140068344308785
1274363536140120064,negative,0.00247334345657811
1274363536244867072,negative,0.004843091236173927
1274363536454664193,neutral,0.38227762192080983
1274363538128154625,negative,0.016699969447194558
1274363538241474560,negative,0.07416391067742945
1274363538736386050,negative,0.02059529710232801
1274363539344568326,negative,0.019546502808234018
1274363540049203205,negative,0.2376337649813871
1274363542444138498,negative,0.22082230916661
1274363542817259521,negative,0.021987776058911595
1274363542989238272,negative,1.694467631585577e-05
1274363543236861953,negative,0.08372468768171766
1274363544046354433,negative,0.2394110094948839
1274363544071528448,negative,0.043548574727885876
1274363544159559681,negative,1.637839043713939e-08
1274363546491592707,negative,0.12440419571602884
1274363546675998725,negative,0.09847876300005037
1274363546936147968,neutral,0.46598398918449585
1274363546999160832,negative,0.0025244154240155283
1274363547380846594,neutral,0.6020347380261928
1274363547636633603,negative,0.0005108512134593666
1274363547636707329,negative,0.045941746082175494
1274363548270026753,negative,0.027953209719420176
1274363548613799936,negative,0.1801461484119052
1274363548777488385,negative,0.0005922380310637912
1274363548882407424,positive,0.8798039430045211
1274363548974616582,negative,0.016699969447194558
1274363550987935744,negative,4.547475594547499e-07
1274363551247929347,negative,0.0006210931953923468
1274363552019685378,negative,8.72965302300608e-05
1274363552741101571,negative,0.022053954768011134
1274363555027058688,negative,0.22082230916661
1274363555035430913,positive,0.9353814054346489
1274363555467481094,negative,0.07509577442231544
1274363555534581760,negative,0.05674881579282759
1274363555928817664,negative,0.18097169728096155
1274363556272766977,negative,0.01130536739368902
1274363556297834497,negative,0.02418731375717492
1274363558831235072,negative,2.54551644161844e-07
1274363559389077505,negative,0.004843091236173927
1274363559531745281,negative,4.885695688676609e-05
1274363559548465152,neutral,0.6291011068539941
1274363560878125057,negative,1.954367259475363e-05
1274363561108746240,negative,0.13949552936821852
1274363561255542785,negative,0.241819762422483
1274363561364590593,negative,0.001616511283051386
1274363561368846338,negative,5.373175376165784e-07
1274363561540804608,negative,1.1071183644491722e-08
1274363563533053953,negative,0.004843091236173927
1274363563675652097,neutral,0.4780350104355538
1274363564065796097,negative,0.006225657368750224
1274363564149682176,neutral,0.4577266631686934
1274363564229304320,negative,0.00014459406381251767
1274363564258664450,neutral,0.5196000172536228
1274363565005250560,negative,0.00022944251085316392
1274363565584125960,negative,0.012099147300460248
1274363567916101638,negative,0.2052468474481004
1274363568117420032,negative,0.0006348341694475194
1274363568205574145,negative,0.005252664589103097
1274363568285200384,negative,0.0005988806379943466
1274363568679530498,neutral,0.4175248230375416
1274363568914300929,negative,0.0018980158844752175
1274363569077960704,negative,0.00014459406381251767
1274363569174388737,negative,0.08501573180126992
1274363569522556928,negative,0.0473326710817295
1274363569577103360,neutral,0.3353439016921346
1274363569749078016,negative,0.03397246138056221
1274363571812610048,negative,0.11199186793547575
1274363572097814528,negative,0.02145084113664114
1274363572324368386,negative,0.0011215207366607506
1274363572424974337,negative,0.004843091236173927
1274363572601135104,negative,0.25641731837196263
1274363573066764289,negative,7.675914764824126e-07
1274363573188415489,negative,0.055910792837820286
1274363573851095040,positive,0.9969616390735564
1274363575805644800,negative,0.0011215207366607506
1274363575826554882,negative,0.004427865377390981
1274363575981793282,negative,5.295128696400301e-06
1274363576015155201,negative,7.847892423692891e-05
1274363577026166786,negative,1.6267303554974056e-06
1274363577152024578,negative,0.0005570223282143155
1274363577302908940,negative,0.02102601543626555
1274363577495887874,negative,0.014058005705670017
1274363577722421253,negative,0.16675725443878675
1274363578087288832,negative,0.023180574793419253
1274363580016664579,negative,8.875547998667753e-07
1274363580650008577,neutral,0.4527438818270552
1274363580675211264,negative,0.09735225854978331
1274363580729745409,negative,0.007628685414413218
1274363580859777024,negative,0.001616511283051386
1274363581182738436,negative,0.07828770203869125
1274363581254033408,negative,9.027370746780197e-06
1274363584848560139,negative,0.09824942034726304
1274363585108619264,negative,0.04078271475960212
1274363585385443329,negative,0.07864985060077
1274363585439940610,negative,0.002867380513848342
1274363585519591426,negative,3.0251917734364803e-05
1274363585859223555,negative,0.29761571709333384
1274363585884545024,negative,0.16451108071011875
1274363586547236870,negative,0.00014459406381251767
1274363586689880065,negative,2.7451768820991713e-07
1274363586723414016,negative,0.020671539135477947
1274363588866605060,negative,3.152855152215035e-05
1274363589000912896,negative,0.08917284233375622
1274363589529395201,negative,0.014058005705670017
1274363589617426435,negative,0.07537001413090667
1274363589953011714,negative,0.2969992596093686
1274363589961363457,negative,0.04868413656103167
1274363590137581569,negative,1.9027470190114964e-05
1274363592364548096,negative,0.08747305141536633
1274363592897265664,negative,0.23685626709444976
1274363593245560833,negative,0.009342751929687716
1274363593383981057,negative,0.00020479812569071105
1274363593841147905,negative,0.12720409749564066
1274363594143141888,positive,0.9572347682085854
1274363594227027971,negative,0.013973349715236835
1274363594541596674,neutral,0.5111067556059521
1274363597427142656,neutral,0.49789225920557484
1274363597456584705,negative,5.177837548650212e-07
1274363597603340288,neutral,0.4180855915307219
1274363597683077120,negative,0.13790906241702833
1274363597926346752,negative,0.01473771838289013
1274363598069006337,negative,0.015548998880221356
1274363598219833345,negative,2.63512070203308e-07
1274363598408687617,negative,0.009932906980315596
1274363598945628161,neutral,0.4737554465528978
1274363598958100480,negative,0.07828770203869125
1274363599079661570,negative,0.005109414217275853
1274363600967270400,negative,4.812806376815374e-05
1274363601189470215,negative,0.09965753329704123
1274363601353129984,negative,0.0014885280565143594
1274363601407471617,negative,0.0002619169659521643
1274363601504153601,negative,0.06312826999855198
1274363601965453315,neutral,0.3925236105510046
1274363603018067969,neutral,0.42191422235854953
1274363605216104448,neutral,0.48523382531363696
1274363605400596480,negative,0.21663218523124433
1274363605450985472,negative,0.004120162452792658
1274363605975261185,negative,7.868214409052336e-06
1274363606142980096,negative,0.0033120343898480897
1274363607057403904,negative,0.011591313729727262
1274363607149694982,positive,0.7760361879853958
1274363607342514176,neutral,0.48728019602140255
1274363607581687808,negative,0.00025995428544422664
1274363609452351488,negative,0.01140068344308785
1274363609515282433,negative,0.055875922800291654
1274363609578160128,negative,8.72965302300608e-05
1274363610299498502,negative,1.1071183644491722e-08
1274363610345680898,negative,0.04868413656103167
1274363610727419905,neutral,0.49789225920557484
1274363610907791360,negative,7.418710000930813e-05
1274363611033591814,positive,0.9677564196682942
1274363611176226816,negative,0.29502449652156665
1274363611272617986,negative,0.015548998880221356
1274363611469709317,negative,0.0019410589045260674
1274363613659176964,negative,0.2988012428473002
1274363613797638144,negative,0.0021625795954240763
1274363613998964737,negative,0.04868413656103167
1274363614200320001,positive,0.9701330851479413
1274363615529897985,negative,0.20239329743009857
1274363615760379904,negative,0.2799852519493358
1274363615768870912,neutral,0.5467018084453114
1274363615856996352,negative,0.20951346678325597
1274363616771399680,negative,0.08316719221021152
1274363617882836992,negative,0.0001770574099603259
1274363618499444736,negative,1.165818839139472e-08
1274363618591571969,negative,0.13949552936821852
1274363618918912000,negative,0.00031664341689508044
1274363619355090945,neutral,0.5889097696365886
1274363619803881473,negative,0.004013205724333954
1274363619900342272,negative,0.0009295315719409005
1274363622081343493,negative,0.00247334345657811
1274363622639259648,negative,0.004843091236173927
1274363623020904459,neutral,0.4094150069872412
1274363623272517634,negative,0.2710840258935506
1274363623780073473,negative,0.11733166319877615
1274363623826165761,neutral,0.5136446707795853
1274363624119832577,negative,0.004368441467072925
1274363626166652928,negative,5.415578540037907e-06
1274363626456047617,negative,0.002010727343126899
1274363626472775681,negative,0.013942020525885524
1274363626791583746,negative,0.00247334345657811
1274363626896400389,negative,1.0893724867380724e-14
1274363628007940102,negative,0.06583226526723569
1274363630620942337,negative,0.007628685414413218
1274363630956564484,neutral,0.49789225920557484
1274363631254331393,negative,0.27330665935500936
1274363631329783809,negative,5.686518028202719e-06
1274363631405334530,negative,0.07093600664242929
1274363631547944960,negative,0.04817235380553318
1274363631703142402,negative,0.1884651852767025
1274363632550322176,negative,1.1257989752191355e-06
1274363632751718407,negative,0.20951346678325597
1274363633800282112,negative,0.007050093911298504
1274363635939389441,negative,0.003414185056255547
1274363636035641347,negative,1.3431578452989035e-07
1274363638732767238,negative,0.00020479812569071105
1274363638875402240,negative,1.7238585275825652e-07
1274363639093514240,neutral,0.34885928748701395
1274363639152226305,negative,9.782089804679564e-13
1274363639416446977,negative,2.0608364550751496e-06
1274363639609376775,negative,0.14034200471904246
1274363639844278272,negative,0.015548998880221356
1274363641060569091,negative,0.13949552936821852
1274363643057053698,negative,0.208070799945305
1274363643430395905,neutral,0.5163192920167038
1274363644760010754,negative,0.21663218523124433
1274363645263298564,negative,6.438069902622882e-05
1274363647515656194,negative,0.01753783421830337
1274363648010588161,negative,0.002893316163309909
1274363648094470146,negative,4.039396475969088e-05
1274363648484487168,negative,0.006342512024679809
1274363649176543232,neutral,0.36490379355738706
1274363649189122048,negative,0.03991978415093108
1274363649411383297,negative,0.11392420449287459
1274363652112556035,negative,5.8258173057260346e-05
1274363652502585345,neutral,0.4780350104355538
1274363652716576769,negative,0.12448426304371897
1274363652880191495,negative,0.014608924951344983
1274363653001797633,negative,0.0002140763444166197
1274363653740007429,negative,5.686518028202719e-06
1274363655673372672,neutral,0.653125891185729
1274363655686172678,negative,0.08780028014807154
1274363656344649734,negative,0.02208099442450829
1274363657120559105,negative,3.289402924837251e-10
1274363657120595971,negative,0.01140068344308785
1274363657183510528,negative,3.6246366921925654e-09
1274363657300967424,negative,0.00014459406381251767
1274363657430990855,negative,0.060264614956814365
1274363659578376192,negative,0.046200376872211846
1274363659968483330,neutral,0.42235835904352426
1274363660266323968,negative,0.0012932623361720983
1274363660413161473,negative,2.931279538235397e-06
1274363660945829889,negative,0.1736504651274858
1274363661239402496,negative,0.11733166319877615
1274363663332388867,negative,0.27781596414135684
1274363663873384449,negative,0.004845512593524563
1274363664003485697,negative,1.1327351292120105e-05
1274363664091484163,negative,0.18097169728096155
1274363664208781312,negative,0.0011215207366607506
1274363664741498880,negative,0.00039477404780449525
1274363664791977984,negative,0.01140068344308785
1274363668390502400,negative,0.004843091236173927
1274363668659146753,negative,0.031687366267043104
1274363669229588480,negative,0.01899616616911532
1274363669447655425,negative,0.24241056295860333
1274363669636407298,positive,0.8714606490051952
1274363669703544839,negative,0.001063287629838119
1274363670647074816,negative,0.015480768248416873
1274363672878555136,negative,0.04868413656103167
1274363673272672256,negative,0.13949552936821852
1274363673453215744,negative,0.29565949125626084
1274363673784520705,negative,6.294331078999186e-07
1274363674300485634,negative,4.2307801289466995e-05
1274363674489229312,negative,1.065960494736551e-06
1274363674518577154,negative,0.002010727343126899
1274363674640211972,negative,0.00014459406381251767
1274363676829446144,negative,1.1071183644491722e-08
1274363676829630465,neutral,0.3864974871882672
1274363676888166400,negative,0.13949552936821852
1274363677161017345,negative,0.10971990973388585
1274363678008184833,negative,0.06919360840379962
1274363678842904576,negative,5.687403552270701e-07
1274363678876479494,negative,0.007819848754718528
1274363679165816834,negative,0.005421405815307687
1274363680566710274,negative,0.13949552936821852
1274363680914911232,negative,0.003420226946203081
1274363680973520898,negative,4.491573920022894e-06
1274363681162375169,negative,0.001084644014956686
1274363681179160579,negative,0.05868960347054913
1274363681397235713,negative,0.18992286181587117
1274363681879609349,positive,0.8197124966327285
1274363682571669504,negative,0.01881309169335235
1274363684945629191,negative,0.001616511283051386
1274363685138464769,negative,0.00042035236499410214
1274363685738369025,negative,0.14422441695466023
1274363685952262144,negative,1.694467631585577e-05
1274363685998407682,neutral,0.5136446707795853
1274363686682087425,negative,0.00014459406381251767
1274363686820380675,neutral,0.36629112225818244
1274363689148317697,negative,0.04868413656103167
1274363689378942976,negative,0.001616511283051386
1274363689462902795,negative,0.006969618874245236
1274363689848786947,negative,1.7240898212433143e-05
1274363690381344770,negative,0.004843091236173927
1274363690570125313,negative,9.629405738224247e-06
1274363690721193985,negative,0.06766742844505885
1274363691220250627,negative,1.9027470190114964e-05
1274363691316776964,negative,0.1404975871121008
1274363691551600640,negative,2.074042581134162e-05
1274363693304872960,negative,1.404054265000646e-06
1274363693665583104,negative,0.005799718553069051
1274363694328184834,negative,2.0608364550751496e-06
1274363694437339137,negative,0.2583396599417602
1274363694705754113,negative,0.02056889401137387
1274363695020363777,negative,0.0009388909034054378
1274363695347519488,negative,4.547475594547499e-07
1274363695418793985,negative,0.04868413656103167
1274363697323020288,negative,2.2607703055852016e-05
1274363697457233921,negative,0.00014459406381251767
1274363697503371264,negative,1.9027470190114964e-05
1274363698706972674,negative,0.13949552936821852
1274363698753216512,negative,0.04863859409527931
1274363698967183360,negative,0.014506314601761572
1274363699390750720,positive,0.9232771291195105
1274363699579498496,negative,8.72965302300608e-05
1274363702079348737,neutral,0.35370257988090953
1274363702377152512,negative,0.002520825001475736
1274363702473523204,negative,0.00014459406381251767
1274363702800777222,negative,0.04868413656103167
1274363702863527936,negative,0.16801834627575074
1274363703136260096,negative,0.009173316290476245
1274363703174082560,negative,0.05320455289503567
1274363703442452480,negative,1.1071183644491722e-08
1274363703752896513,neutral,0.4527438818270552
1274363703782072322,negative,0.013533998548924031
1274363705866633222,negative,0.0011215207366607506
1274363706407890944,negative,0.22102897000654886
1274363707053805575,negative,0.00012094452344836264
1274363707447967751,negative,0.0009952863461212178
1274363710308519936,negative,0.00014459406381251767
1274363710593740801,negative,0.004627473567154303
1274363711302651905,negative,1.5023414287108008e-06
1274363711973724160,negative,0.1695114083815928
1274363714095984640,negative,0.29761571709333384
1274363714305753088,negative,0.29565949125626084
1274363714519662597,negative,0.0003802570114365583
1274363714540654592,negative,0.08173043483564295
1274363714574200838,negative,0.04035344210733922
1274363714720989185,negative,0.01140068344308785
1274363714729320455,negative,0.024666910618380663
1274363715811528705,negative,0.0008006732688204739
1274363715870240770,negative,0.012311720957961498
1274363716545454080,negative,0.01140068344308785
1274363718537826304,negative,0.001616511283051386
1274363719229878274,negative,5.25933231523432e-06
1274363719393443840,negative,0.0005221306729093063
1274363719582187521,negative,6.506765480481084e-06
1274363720169373697,negative,5.348491262286454e-05
1274363720307576833,negative,0.001616511283051386
1274363720358117376,negative,8.72965302300608e-05
1274363720441958405,negative,0.05431939966609225
1274363720890822656,negative,1.1071183644491722e-08
1274363720920117255,neutral,0.49789225920557484
1274363722891436032,negative,0.004094659065055749
1274363722954412032,negative,0.00247334345657811
1274363723524837377,negative,0.16603741830175575
1274363723797446658,negative,0.02767837041596725
1274363724137025537,negative,0.0011215207366607506
1274363724657315842,negative,0.01140068344308785
1274363726955720711,negative,0.0036684875468230736
1274363727161307136,negative,1.2301885596849096e-06
1274363727308042241,negative,0.08032014408151875
1274363727907819521,negative,0.004704056099884209
1274363728297963521,neutral,0.49789225920557484
1274363728457273346,negative,0.1660024895978491
1274363728880861184,negative,0.0322186341368736
1274363729023508481,negative,0.0012473089046399737
1274363729031974918,negative,0.06843585899611404
1274363729048715269,negative,0.02102601543626555
1274363730671865857,negative,0.17047422705225662
1274363731309363201,negative,0.1884245705359222
1274363731435229186,neutral,0.46598398918449585
1274363731472814081,negative,0.0003142908177475546
1274363733448495104,neutral,0.46127768308170247
1274363735457632257,neutral,0.5499662347313593
1274363737068232704,neutral,0.5730789202541626
1274363739559432194,negative,2.305871624568833e-05
1274363739593154560,neutral,0.5143447214613424
1274363739983302657,negative,0.034021515037399405
1274363742046822400,negative,0.0021625795954240763
1274363743678447618,negative,0.08917284233375622
1274363743934316550,negative,0.0043954568316925905
1274363744026595328,negative,0.04868413656103167
1274363745272303617,negative,1.694467631585577e-05
1274363745339310080,negative,0.04868413656103167
1274363745427427328,neutral,0.4876785194857387
1274363745704312835,negative,0.08741969332631226
1274363748036329477,negative,5.156004635560585e-05
1274363748401262598,negative,0.001084644014956686
1274363748497719296,negative,0.0004144987508245941
1274363748778749952,negative,0.18795859623648656
1274363748816490498,negative,0.03947875797569309
1274363748925440008,negative,1.2860640028325607e-09
1274363749500100608,negative,0.004843091236173927
1274363749571452929,negative,0.04868413656103167
1274363750116663297,negative,0.20398879025136935
1274363752062889985,negative,0.00014459406381251767
1274363752977178624,negative,8.72965302300608e-05
1274363753534980098,negative,0.015548998880221356
1274363753967091713,positive,0.7022689938172346
1274363757637120001,negative,8.443564912871401e-05
1274363757930708992,negative,0.00038606908473136305
1274363758454943744,negative,8.566400268278368e-06
1274363758702465027,negative,0.008253882948524631
1274363760917045249,negative,0.09134408089080437
1274363762024361987,negative,0.006812636562690789
1274363762116526080,negative,0.05940149636992204
1274363762125033473,negative,0.00014459406381251767
1274363762380812288,negative,0.0018404200630397435
1274363764637421569,neutral,0.4780350104355538
1274363765086195712,negative,1.7224494560092647e-05
1274363765190995969,negative,0.00247334345657811
1274363765207609344,negative,0.27330665935500936
1274363765463678976,negative,9.753421351589009e-05
1274363765731950593,neutral,0.38831439196122586
1274363766122168320,positive,0.9802917452921144
1274363766399029248,negative,0.005104881428848512
1274363766566793216,negative,0.1290938558687117
1274363768957538305,negative,0.08575467508938993
1274363769527943168,negative,7.740363515728263e-06
1274363769733423104,negative,2.787297328760927e-09
1274363770094211072,neutral,0.3726847435457324
1274363770245087232,negative,5.692839550525292e-09
1274363770341658624,neutral,0.49789225920557484
1274363770664435712,negative,0.29761571709333384
1274363770958155776,negative,0.02102601543626555
1274363773059575815,negative,0.22304969779722522
1274363773223079936,negative,0.0005500612242291591
1274363774250573824,negative,1.2523028820611337e-05
1274363774334652417,negative,0.004013205724333954
1274363774535897091,negative,0.015682645292981887
1274363774728880132,negative,0.015548998880221356
1274363775198658562,negative,0.08551692218235292
1274363777547411456,negative,0.255103943942064
1274363777551499266,negative,8.123347876440576e-05
1274363778273026050,negative,2.6483642060587684e-05
1274363778449256449,negative,0.0002400857791051532
1274363778616844289,negative,0.13949552936821852
1274363779241914370,negative,0.3066846956182623
1274363779678175232,negative,0.00247334345657811
1274363781389451265,negative,0.0019746725051334097
1274363781423009793,negative,0.00014459406381251767
1274363781527699458,negative,0.004843091236173927
1274363781540229120,negative,0.005109414217275853
1274363782140243968,negative,0.32773231788436785
1274363782463213568,neutral,0.4723022553037091
1274363785697005568,negative,0.018885420088082226
1274363785822773250,negative,0.05484608130290896
1274363785873145856,negative,2.2607703055852016e-05
1274363786791735296,negative,0.0018153409973280076
1274363786858827777,neutral,0.5111067556059521
1274363787584438273,negative,2.7567431036731942e-06
1274363790017138692,negative,0.02585463510637846
1274363790029656064,negative,7.725545551370647e-05
1274363790537060355,negative,0.003222832135696301
1274363790776242176,negative,8.443564912871401e-05
1274363790897958912,negative,5.260552975640775e-06
1274363791053074435,negative,0.01648229972419678
1274363791061516289,negative,0.11211298304992452
1274363791543697416,negative,0.15922624373425048
1274363791665442817,negative,0.18097169728096155
1274363793888460800,negative,0.2523640026577611
1274363794848985089,negative,0.00014459406381251767
1274363795578728450,positive,0.8738489423569212
1274363796111323136,negative,0.1499914999183641
1274363796530872320,negative,0.039091846432557156
1274363796577026049,negative,0.0030085767613713277
1274363798393151489,negative,0.012354133131337871
1274363798468595712,negative,0.20239329743009857
1274363798607060992,negative,0.001616511283051386
1274363798850277376,negative,0.009525353242742753
1274363798925848579,negative,0.0018276719157181841
1274363799009722369,negative,1.1603128489534624e-07
1274363799206793216,negative,0.022118636867772934
1274363799240429568,negative,0.18097169728096155
1274363799299133440,negative,0.010604058887542815
1274363799684952065,neutral,0.34754934050103364
1274363803547861000,negative,0.04868413656103167
1274363807310114816,negative,0.06960286656724918
1274363807427674114,negative,0.0011349632997450397
1274363809172385794,negative,0.02738764886718594
1274363810887991296,positive,0.97834439248851
1274363811009617922,negative,0.0006546236652516709
1274363811286392832,positive,0.9572347682085854
1274363811378626560,negative,0.04237999725156153
1274363811579994112,positive,0.7102663774040795
1274363811781390336,negative,2.8656526328885995e-06
1274363811974262785,negative,1.1951968071781013e-09
1274363812540448769,negative,0.003722503096012636
1274363814864195586,neutral,0.34232987130976045
1274363815593836544,negative,0.09965753329704123
1274363815644278785,negative,0.0009177032978133025
1274363816537620481,negative,0.04868413656103167
1274363816818511873,negative,0.02102601543626555
1274363816973938688,negative,0.005402909033626645
1274363816999096320,negative,0.018191370886849637
1274363819066826758,negative,0.06387919917227507
1274363819079249921,negative,0.04952346504882715
1274363820056760320,negative,0.00010271979601334719
1274363820773908481,negative,4.659388949510095e-05
1274363820941602816,negative,0.18135124806024538
1274363820983582720,negative,0.07604394451796871
1274363823328301058,negative,0.06927473062223166
1274363823462461443,negative,0.0011215207366607506
1274363823970017282,negative,1.2178061358852702e-05
1274363824074895361,positive,0.9595673418537176
1274363824339066880,negative,0.004704056099884209
1274363827572936710,negative,0.00247334345657811
1274363827619061760,negative,0.09071717251954439
1274363827652571137,negative,0.002117809029372454
1274363827975385091,negative,0.000495371815490899
1274363828063666178,negative,0.00047922606060738534
1274363828487294982,negative,1.6300532801452974e-05
1274363828504068096,neutral,0.44163417844180597
1274363828537626624,negative,0.05431939966609225
1274363828592132099,neutral,0.4469203531611031
1274363828722073601,negative,0.04868413656103167
1274363829149933569,negative,0.01140068344308785
1274363829288341505,negative,0.008700055469159808
1274363829355495429,negative,0.00247334345657811
1274363831662362626,negative,0.01140068344308785
1274363832127885312,negative,0.00014459406381251767
1274363832195002370,negative,0.0010533907421170958
1274363832807415808,negative,0.12269245014743699
1274363833587556354,negative,2.7832183823311643e-06
1274363835810529288,negative,0.0005988045907494699
1274363836099944449,negative,0.00021141921140676293
1274363836326383616,negative,0.00014459406381251767
1274363836737314816,negative,0.0003050253566732271
1274363837760909312,negative,0.08501573180126992
1274363837786005512,neutral,0.46598398918449585
1274363840290009092,negative,0.0073021112228521525
1274363840407441410,negative,5.2821385576808904e-08
1274363840952709125,negative,0.018621091952989277
1274363841623842816,negative,0.005402909033626645
1274363841812578306,negative,4.5989881584524867e-05
1274363842169122818,negative,0.04868413656103167
1274363842416517120,neutral,0.37525890839322623
1274363842429059072,negative,0.003222832135696301
1274363844362555393,negative,0.0034518046926222076
1274363845373579264,negative,0.043548574727885876
1274363845381894144,negative,0.00247334345657811
1274363848712245249,negative,6.36711630467063e-05
1274363849727250433,negative,9.579126608608014e-05
1274363849811116034,negative,0.2037813988775199
1274363850004074496,negative,1.9685447241136336e-06
1274363850083745792,negative,4.491573920022894e-06
1274363850490556417,negative,0.11733166319877615
1274363852705206272,negative,0.1466064140352939
1274363852830932992,negative,1.612600296105982e-07
1274363853048934400,negative,0.020384887355742974
1274363853162385411,negative,0.0007729452888283174
1274363853254656000,neutral,0.3925236105510046
1274363853418233856,negative,0.0008727625429076473
1274363853720223744,negative,1.3707827117028902e-09
1274363854135406592,positive,0.880977722113856
1274363854156414976,negative,0.08999119094016446
1274363854844297216,negative,0.03748451357730029
1274363857050521606,negative,0.00025995428544422664
1274363857444667394,negative,0.05738731705847255
1274363857482416133,negative,1.7230609780735288e-06
1274363857767710720,negative,1.9027470190114964e-05
1274363857910108162,negative,0.21663218523124433
1274363858413592577,neutral,0.35451443008515343
1274363858799464450,negative,0.12668778217142465
1274363858950520833,neutral,0.5470802672007173
1274363859214782466,negative,0.01140068344308785
1274363861022453760,negative,0.007216100772828789
1274363861450264576,negative,0.003401178487566604
1274363861710311425,neutral,0.46598398918449585
1274363862129807361,negative,0.0039048277766596997
1274363862133940224,negative,0.0032840455103954687
1274363862389682176,negative,0.003065677059359148
1274363862477725696,negative,0.001616511283051386
1274363862620483585,negative,0.006785146865178757
1274363865237786624,negative,0.18795859623648656
1274363865891958784,negative,0.13949552936821852
1274363866013732864,negative,6.057058581554527e-06
1274363867158765568,negative,9.782089804679564e-13
1274363867297185795,neutral,0.3319973259627513
1274363867317993472,negative,0.19515746298910241
1274363867649507333,negative,0.11947087768618408
1274363867691388930,negative,0.02714312600138446
1274363868186324994,negative,0.055162715980691446
1274363868194750468,negative,1.1071183644491722e-08
1274363869415313408,negative,0.18097169728096155
1274363869482364928,negative,9.782089804679564e-13
1274363869809577986,negative,0.00673502175589835
1274363870782554114,negative,1.1071183644491722e-08
1274363870912659457,negative,1.7240898212433143e-05
1274363871109820417,negative,1.1071183644491722e-08
1274363871365660673,negative,0.048387801153843495
1274363872053469186,negative,0.0009144739450016945
1274363872078635014,negative,0.0028480157765644228
1274363872233820160,neutral,0.555957514713482
1274363873634725888,negative,2.801725365009101e-06
1274363873647353857,positive,0.7893757318015241
1274363873844436993,negative,0.07093600664242929
1274363874029035520,negative,2.603243915448839e-06
1274363874033242115,negative,0.04868413656103167
1274363875090194434,negative,0.0018980158844752175
1274363875161407495,negative,0.018621091952989277
1274363876168081410,negative,0.17875101920638845
1274363878781091842,positive,0.897740620973573
1274363879146115072,negative,0.015682645292981887
1274363879255166976,negative,0.004843091236173927
1274363879431172097,negative,0.017981470522138703
1274363879661985792,negative,5.295128696400301e-06
1274363879951220736,negative,5.094166772461122e-06
1274363880081248256,positive,0.7976246894841955
1274363880085483520,negative,0.0027169519877616503
1274363880110768128,negative,0.19943342877854156
1274363880127385600,negative,0.015406016344085973
1274363880165253122,negative,0.0003699861459532738
1274363880190476290,negative,4.35723163967081e-05
1274363880949628930,negative,0.0002992455964805199
1274363881184473091,negative,0.16652367720567043
1274363881448779777,negative,0.0014920712053444563
1274363881557655558,negative,8.112465252440048e-15
1274363881595580417,positive,0.9766935057730769
1274363881683513347,negative,0.1831739829495316
1274363882006441984,negative,0.00015402170815608424
1274363882019057665,negative,0.02991882063714839
1274363882027380737,negative,0.2324185032556155
1274363882115461120,neutral,0.3679851289171876
1274363882241482753,negative,0.00029787951984732905
1274363882883203073,negative,0.005834100048800238
1274363882988089346,negative,0.02738764886718594
1274363883503915008,negative,3.7986489746946426e-05
1274363885768802306,negative,7.893022603685129e-13
1274363886477684736,negative,0.01140068344308785
1274363886779666436,neutral,0.49789225920557484
1274363886834196480,neutral,0.5734576952979002
1274363886880329731,negative,2.566379540482067e-07
1274363886892974081,positive,0.8662198281415374
1274363887425597443,negative,0.00013438361889212737
1274363887526256641,negative,0.0006210931953923468
1274363890718162947,negative,0.03379381462881673
1274363891213111296,negative,0.09965753329704123
1274363891619790848,negative,0.275958358184994
1274363891632439296,negative,0.053623380573732025
1274363891729027073,negative,0.24151054019797136
1274363892236517376,negative,0.0010774206940814721
1274363892638953474,neutral,0.40506534230917196
1274363892878249985,negative,0.005402909033626645
1274363894589526016,negative,0.04084236708704623
1274363895411625985,negative,0.020006098081177908
1274363895474520068,negative,0.016699969447194558
1274363895897964544,negative,0.3230077132414027
1274363896011374592,negative,0.03131806394035334
1274363896376307712,negative,0.0011215207366607506
1274363896384667648,positive,0.8286012028805883
1274363896615317505,negative,4.547475594547499e-07
1274363899241005058,negative,0.02519213719896558
1274363899467436037,negative,0.02722037857733356
1274363899593150465,negative,0.010316527130737304
1274363903460474881,negative,0.003222832135696301
1274363903481466880,negative,3.38794706851042e-05
1274363903774990336,negative,0.17047422705225662
1274363904114798604,negative,0.22082230916661
1274363904232226821,negative,0.0011215207366607506
1274363904295141376,positive,0.9360444041986559
1274363904559329281,negative,0.2912600910254335
1274363907138871297,negative,2.004002013886128e-05
1274363907667374090,negative,0.02102601543626555
1274363908225150976,negative,0.0063842897285104104
1274363908665548812,negative,0.04868413656103167
1274363911865872385,negative,7.230587096577443e-06
1274363913006657536,positive,0.6766797381019262
1274363914122387457,negative,1.8975866285024973e-06
1274363915619766279,negative,0.0021844867964710517
1274363916198559744,neutral,0.44054615157121163
1274363916462764033,negative,0.004887322158981
1274363916752224256,negative,0.041142985509282026
1274363917184102400,positive,0.8286012028805883
1274363917213433856,negative,0.02901350672276139
1274363917406482433,negative,2.0452212128368524e-05
1274363920371683329,negative,1.2301885596849096e-06
1274363920820641794,negative,0.29761571709333384
1274363920917106695,negative,0.023062118888700876
1274363921424621569,negative,0.008925816328547869
1274363925061083139,negative,0.07644063377332971
1274363925887418368,negative,0.004887322158981
1274363926600454145,negative,0.017964187386612908
1274363926650728448,negative,0.0005500612242291591
1274363928395616259,negative,2.3876016787481107e-06
1274363928856805377,negative,1.2142951356898647e-05
1274363930203340802,negative,0.08917284233375622
1274363930782183430,negative,0.03211833666676549
1274363930782191616,negative,0.061373998146259816
1274363932401115140,negative,0.00021144854575081285
1274363932636000257,negative,0.004125811062725056
1274363933948817408,negative,0.004338519649769023
1274363937291730946,negative,0.00022246749351172065
1274363937459367952,negative,0.0013829358533665912
1274363937765707778,negative,0.01140068344308785
1274363937941794816,neutral,0.6248473280727962
1274363937987997697,negative,0.062159889844503366
1274363938470268928,negative,0.07688787973963745
1274363938667405312,positive,0.7205052502602148
1274363938734571521,negative,0.04868413656103167
1274363940710027264,negative,0.04868413656103167
1274363940986851329,positive,0.7115362601367826
1274363941204963334,negative,0.004843091236173927
1274363941272068100,negative,0.15336539928282605
1274363941272129536,negative,0.0020791544557390356
1274363941469270018,negative,0.0004141545768788885
1274363941603475457,negative,0.0033916558846344208
1274363942022897675,negative,0.0014417858160584679
1274363942052167682,negative,0.1363585901897884
1274363942484180993,negative,0.006208373142705321
1274363944979726336,negative,4.692607926975091e-09
1274363945277689858,neutral,0.35898187350703376
1274363946124955649,negative,0.007503779641500175
1274363946141724672,negative,0.005846307661460753
1274363946523340801,negative,0.0018980158844752175
1274363948985442307,negative,0.028648030478036313
1274363949455044610,negative,0.001616511283051386
1274363949694087168,negative,0.008253882948524631
1274363950042357760,negative,0.29761571709333384
1274363950767828992,negative,5.25933231523432e-06
1274363951153848320,negative,0.04868413656103167
1274363953381064704,neutral,0.4572296283368547
1274363954136047621,positive,0.7354636816357002
1274363954979131393,negative,0.00038516539413681187
1274363955331371008,negative,0.04868413656103167
1274363957839646723,negative,0.0036664982799323805
1274363958175109120,negative,1.612600296105982e-07
1274363958338768903,negative,0.24151054019797136
1274363959072743425,negative,2.2607703055852016e-05
1274363959353761797,negative,0.038153568964844585
1274363959714484224,negative,0.00021821085522804738
1274363962184937474,positive,0.7122333461746265
1274363962281295873,negative,3.498721555661016e-07
1274363963304706048,negative,0.0092744064496032
1274363966463107074,negative,0.02192608552270917
1274363966492418049,negative,0.2523640026577611
1274363967100588033,negative,0.01844682514950342
1274363967134146563,negative,0.00031759902559699106
1274363971173339137,negative,3.8056709158726463e-06
1274363972091703297,negative,1.1071183644491722e-08
1274363972196552711,negative,0.001616511283051386
1274363974901956609,negative,0.0011215207366607506
1274363974964953090,positive,0.6716071031643107
1274363975078162435,negative,0.001084644014956686
1274363975380107268,negative,0.2417208868741504
1274363978173603840,negative,0.06855440030221384
1274363982736998402,neutral,0.49789225920557484
1274363982921555968,negative,1.4740643186484637e-05
1274363982967713793,positive,0.9985502527648222
1274363983210983424,negative,0.005402909033626645
1274363983571513344,negative,0.13949552936821852
1274363983617822721,negative,0.00017525067822676452
1274363983718481922,negative,0.004843091236173927
1274363983936569349,negative,0.29761571709333384
1274363984024502275,negative,0.15911850536680158
1274363984309891072,negative,0.0065065251891523795
1274363986893574145,negative,4.444791644939936e-06
1274363986994225159,negative,0.13949552936821852
1274363987044466690,negative,0.00315018284000604
1274363987711361025,negative,0.05738731705847255
1274363987816300546,neutral,0.37609422587007374
1274363987954733060,negative,0.0005922380310637912
1274363988843905024,negative,0.004843091236173927
1274363988856508417,negative,0.0001234869256535501
1274363991154974721,negative,0.18955181891552336
1274363991666483200,negative,0.020384887355742974
1274363991675060224,negative,0.010655929370711081
1274363991712829447,positive,0.8297155112904245
1274363992367128579,neutral,0.4527438818270552
1274363992392241154,negative,9.782089804679564e-13
1274363992878784513,negative,0.0002142748871090228
1274363995663872000,negative,0.05738731705847255
1274363995730804736,negative,0.004843091236173927
1274363995965632512,negative,0.0011215207366607506
1274363996142022658,negative,0.09510590134718927
1274363996313772032,positive,0.8021115064358099
1274363996339163138,negative,0.00014459406381251767
1274363996561444865,negative,0.016699969447194558
1274363996829868032,negative,0.03303376407787172
1274363996993400835,negative,3.4846955293525665e-05
1274363999581351939,negative,0.000340632821506516
1274364000457969665,negative,0.004887322158981
1274364000499904513,positive,0.7648384226724096
1274364000646639617,negative,0.05856538091276087
1274364001166725124,negative,2.6483642060587684e-05
1274364001305210890,negative,0.05942892623855671
1274364003830153217,negative,6.322246847783221e-05
1274364004039897088,negative,0.003138659598258639
1274364004232605696,negative,0.10727002346870732
1274364004656439304,positive,0.8325692871419986
1274364005113491456,negative,0.00013480912218913292
1274364005205696513,negative,0.2417208868741504
1274364005302390784,positive,0.6787599488272735
1274364007890247681,negative,7.378820800345565e-05
1274364007923757058,negative,0.0004400273782299121
1274364008305483778,neutral,0.4513605618894927
1274364009052098562,neutral,0.49789225920557484
1274364009333039105,neutral,0.5718541379795399
1274364009702215681,negative,0.023732173558476437
1274364009953837058,negative,0.00013102301194915973
1274364010331361281,negative,0.00014459406381251767
1274364012424200193,negative,0.07789622217825547
1274364012667568130,negative,0.12275841063406015
1274364012793344001,negative,0.020339949788764945
1274364013137334272,negative,0.00014459406381251767
1274364013275680773,positive,0.897740620973573
1274364013762228225,negative,0.1884651852767025
1274364016207564800,negative,0.08968351384550202
1274364016836644865,negative,0.001616511283051386
1274364016991916033,negative,0.003401178487566604
1274364017302073344,neutral,0.35509496682161057
1274364017507815425,negative,2.4302334785522605e-06
1274364017876897795,neutral,0.43087608502883096
1274364018040373248,positive,0.880977722113856
1274364020703629312,negative,5.715169679529068e-06
1274364020863180800,negative,0.06501146151130671
1274364022314250241,negative,0.001616511283051386
1274364022817783809,negative,0.007330722693635953
1274364022977167360,negative,0.028040805411430187
1274364023358849032,negative,0.02460594107704766
1274364023400792065,negative,0.18097169728096155
1274364024675852299,positive,0.880977722113856
1274364025103671301,negative,0.00014459406381251767
1274364025107816455,negative,0.021682491804244242
1274364026194219010,negative,0.31609996668142204
1274364028714811392,negative,0.006310234993383732
1274364028912128006,negative,0.05131719635411235
1274364029692231684,negative,0.0019233929657328222
1274364029767745541,negative,8.72965302300608e-05
1274364029889318912,negative,0.019332733054495625
1274364030044508164,negative,5.260552975640775e-06
1274364030111625218,negative,0.00014459406381251767
1274364030380060681,negative,0.0764805091468333
1274364030505963521,neutral,0.59014558221084
1274364030606405633,positive,0.8286012028805883
1274364032905105408,negative,0.028647908006294923
1274364033597145089,negative,0.19288577999722503
1274364033605332992,negative,0.0011215207366607506
1274364033689419776,positive,0.7796136311013893
1274364034234691586,neutral,0.49789225920557484
1274364034289152000,negative,0.003722503096012636
1274364034301612032,positive,0.8286012028805883
1274364034477969414,negative,1.1071183644491722e-08
1274364034524090373,negative,0.001856621090668535
1274364034675027968,negative,2.2607703055852016e-05
1274364034914156546,negative,2.6483642060587684e-05
1274364034930917377,negative,0.01002165036127842
1274364035211853826,negative,1.7230609780735288e-06
1274364037950734336,negative,0.18097169728096155
1274364038210818049,negative,0.2700035927743067
1274364038718402566,negative,0.1300244924050022
1274364041905885189,negative,0.02456088728453878
1274364042384211969,negative,0.13774474333382536
1274364043160162306,negative,5.077974850958129e-05
1274364043369865216,negative,0.004427865377390981
1274364043554443264,negative,0.0011215207366607506
1274364046360395776,negative,0.18795859623648656
1274364046846898178,negative,0.0011215207366607506
1274364047111213059,negative,0.004843091236173927
1274364047257817088,negative,0.11861619001758766
1274364047299948544,negative,0.2923038008367135
1274364047564181505,negative,0.0011215207366607506
1274364051137667072,negative,0.15922624373425048
1274364054354657282,negative,0.0005541129238742239
1274364054430191618,negative,0.029189421258970446
1274364054912589824,negative,0.03847234472324698
1274364054962868224,neutral,0.539480426702831
1274364055403270145,negative,5.692839550525292e-09
1274364056137281536,negative,0.06234549571173922
1274364056263102466,negative,0.001256619273908176
1274364056409739264,negative,0.0003074840338293471
1274364058943225862,negative,0.0005541129238742239
1274364059325026305,negative,0.11199186793547575
1274364059417280518,negative,2.2607703055852016e-05
1274364059861778433,neutral,0.3366348185447444
1274364060256083969,negative,0.026118920550165764
1274364060503597059,negative,0.011448849023057617
1274364062399377408,negative,5.661399981551542e-07
1274364062453858304,neutral,0.3422707420485615
1274364062701404161,negative,2.1421638094457295e-05
1274364062818873345,negative,0.05736527186405068
1274364062894301185,negative,0.1793805307673286
1274364063154352129,positive,0.8286012028805883
1274364063196352512,negative,0.011202788640667266
1274364063548608515,negative,0.004843091236173927
1274364064202985472,negative,0.030676245360278857
1274364067042525184,negative,0.002949669471241782
1274364067055091717,negative,0.0009177032978133025
1274364067348652033,negative,0.15399283184804516
1274364067436654592,negative,0.004843091236173927
1274364067516502024,neutral,0.49789225920557484
1274364067722014721,negative,0.06919360840379962
1274364067755560968,negative,8.123347876440576e-05
1274364067839447041,negative,1.6300532801452974e-05
1274364068397297664,positive,0.897740620973573
1274364071035502594,negative,0.0002619169659521643
1274364071433973760,neutral,0.34226066190019644
1274364071551422467,negative,0.3122639449501142
1274364072029536259,negative,0.026118920550165764
1274364072176148480,negative,1.612600296105982e-07
1274364072214122497,negative,0.275958358184994
1274364072541241344,negative,1.551020975587065e-07
1274364072792715266,negative,4.491573920022894e-06
1274364073048788993,negative,0.07663871741901179
1274364075401596930,negative,0.2799852519493358
1274364075955404806,negative,0.000834170649735978
1274364076987166720,negative,1.6524765217156766e-05
1274364079671578625,negative,6.96267880656326e-05
1274364080313098240,negative,0.0011215207366607506
1274364080392933376,negative,0.0010908940452945967
1274364080720162818,negative,0.012745901507052015
1274364080850075650,negative,1.4092209872134421e-05
1274364081294753793,positive,0.9785383096819075
1274364081420619777,negative,1.9027470190114964e-05
1274364083505160198,neutral,0.34754261738804654
1274364083509264387,negative,0.08648375424626188
1274364083761020928,neutral,0.4263558372958417
1274364083865899014,negative,0.0008717764560756498
1274364084142645248,negative,0.0011409156568789023
1274364085006733313,negative,0.00047922606060738534
1274364085170089990,neutral,0.6430856310908593
1274364085480513537,negative,2.1549895239596124e-08
1274364086025768962,negative,0.003222832135696301
1274364087921717249,neutral,0.497008268191141
1274364088303435777,negative,0.2654417857709204
1274364088353607680,negative,0.0011215207366607506
1274364088768962560,negative,0.005402909033626645
1274364089330884613,negative,0.09965753329704123
1274364089532395521,negative,0.004427865377390981
1274364091902164992,negative,0.05896163838954247
1274364092191555584,neutral,0.5111067556059521
1274364092233416705,negative,0.0015539425926043595
1274364092430594048,neutral,0.6394138368441914
1274364092510281728,negative,0.0018345493838792387
1274364093206614016,negative,0.0004330391694208318
1274364093386952708,negative,1.0710848242419041e-10
1274364094313832449,neutral,0.36629112225818244
1274364097799299073,negative,4.807899096843636e-06
1274364098088665090,negative,4.047920801230376e-06
1274364098680098817,negative,0.24083424407153745
1274364100026531841,negative,0.004843091236173927
1274364100341125120,neutral,0.40819334745054037
1274364100659863552,negative,0.2003706786885546
1274364105823051779,negative,0.0005881791848059362
1274364108759019521,neutral,0.49789225920557484
1274364112601038848,negative,0.29761571709333384
1274364117671981057,negative,1.885406582533566e-06
1274364117734903808,negative,0.001616511283051386
1274364118259183616,negative,0.005846307661460753
1274364119118942209,negative,0.00025995428544422664
1274364119366488064,negative,9.782089804679564e-13
1274364122583519232,negative,0.04868413656103167
1274364122893877248,negative,0.02102601543626555
1274364125691469831,neutral,0.4339882582042559
1274364125896937474,negative,0.015548998880221356
1274364126844923906,negative,0.0018796800895091123
1274364127667007488,negative,0.05674881579282759
1274364128124157953,negative,0.04868413656103167
1274364129684459528,negative,0.028027908079191373
1274364129990578176,negative,0.01140068344308785
1274364130665943041,negative,0.00029787951984732905
1274364130863038465,negative,0.012891861440630481
1274364131605393413,negative,5.692839550525292e-09
1274364131873783808,negative,0.0268629524047846
1274364133669044224,negative,0.05275845957042333
1274364133874577408,positive,0.9843190502517245
1274364134289747968,negative,5.471938402692231e-07
1274364135380320256,negative,0.0010987629100323946
1274364135392849922,negative,0.27330665935500936
1274364138198712321,neutral,0.3644072564502298
1274364139171983361,negative,0.2697965898796189
1274364139859779587,negative,0.1548831678889259
1274364142124699648,negative,4.885695688676609e-05
1274364142900645888,neutral,0.4663917579447527
1274364143521464320,negative,8.628972896978089e-10
1274364143722790914,negative,0.04868413656103167
1274364146503516162,negative,0.00247334345657811
1274364146688155653,negative,5.408342596519528e-06
1274364146772033540,negative,0.04868413656103167
1274364146868539393,negative,0.0003953899386636144
1274364147459858432,negative,0.20457544606725422
1274364147522732033,negative,0.004843091236173927
1274364147581493261,neutral,0.41531239184929275
1274364150488104960,negative,0.02942367194717418
1274364150685339648,negative,2.2540762322237094e-06
1274364150806745093,neutral,0.37908589125913456
1274364150819536896,negative,0.034934009965703096
1274364151029252097,negative,0.0005500612242291591
1274364151150903304,negative,0.004843091236173927
1274364151335391232,negative,0.004843091236173927
1274364156460896257,negative,4.864359754624921e-05
1274364160185446400,neutral,0.49789225920557484
1274364160344764418,positive,0.7122333461746265
1274364161275965445,negative,0.08917284233375622
1274364161494048771,negative,0.019658634467201393
1274364161527558146,negative,0.001478900311566497
1274364167214911490,negative,0.0011215207366607506
1274364168355880961,negative,1.7240898212433143e-05
1274364168733224960,negative,0.0005570223282143155
1274364172814385153,negative,0.017981470522138703
1274364172902510592,positive,0.9969616390735564
1274364173254897664,negative,0.09571924752355572
1274364175943417856,negative,0.005402909033626645
1274364175976972293,negative,0.001102310072806244
1274364176325058563,negative,1.3025115199665306e-05
1274364177231077376,negative,0.012192938327212894
1274364177348530176,positive,0.7824787724040015
1274364177470164992,negative,0.0014799398571402427
1274364180016095240,negative,0.05839510813617035
1274364181840527367,negative,1.216124962646072e-05
1274364181899284608,negative,4.119297508595213e-05
1274364184436838408,negative,0.14681300419910076
1274364184545935366,negative,0.13949552936821852
1274364185292537858,negative,0.0005500612242291591
1274364185313447937,negative,0.0006737108943362654
1274364185762074624,positive,0.7510731692158644
1274364186584285184,neutral,0.35451443008515343
1274364188119511042,negative,0.019544565461810527
1274364188232765442,negative,0.00012655821123306118
1274364188253659141,negative,0.18097169728096155
1274364188601847810,negative,0.0002614962108845666
1274364188803174400,neutral,0.5616511143517063
1274364189021278209,negative,5.25933231523432e-06
1274364189105098752,positive,0.8822562073685537
1274364189629349889,positive,0.8019239510841115
1274364192825511937,negative,0.18886162651211091
1274364193857101825,negative,0.010201908339520794
1274364193874096129,negative,0.020384887355742974
1274364193941020673,negative,0.004843091236173927
1274364194406699010,negative,0.005846307661460753
1274364194469617664,negative,0.29761571709333384
1274364194696167424,negative,0.00019001968878470805
1274364196290023426,neutral,0.33282957122509815
1274364196692660224,negative,0.01530803558608871
1274364197170708486,negative,0.003732991880993438
1274364197283999747,negative,8.443564912871401e-05
1274364197590175746,negative,0.0019746725051334097
1274364198294892544,negative,0.001102310072806244
1274364198470987777,negative,0.00042225581646515044
1274364201285242880,negative,0.0053150084377331245
1274364201289633792,negative,0.018220451514098804
1274364201465638913,negative,0.020384887355742974
1274364201474174981,negative,4.3192235070188927e-07
1274364202828754945,negative,0.21945709902586558
1274364202967339010,negative,0.007628685414413218
1274364203252375553,negative,0.08735378902590117
1274364204913393667,negative,0.11919709727946037
1274364205383192578,negative,0.11162762197975168
1274364205576212481,negative,0.0011064191245433934
1274364206226128896,negative,1.2301885596849096e-06
1274364206498930693,negative,0.0005500612242291591
1274364206645739526,negative,0.10069592291252807
1274364209275568133,negative,0.29761571709333384
1274364209531203584,negative,0.0892425350393592
1274364210349309953,positive,0.7904086587546479
1274364210588327938,negative,0.037078483960102486
1274364210890358788,negative,6.36711630467063e-05
1274364211146231815,negative,4.633640968126435e-06
1274364211267764230,negative,0.00010472126609286544
1274364211599233029,negative,0.015859269476485673
1274364213444706304,negative,0.06387919917227507
1274364213821976576,negative,0.003222832135696301
1274364214346280965,neutral,0.5145985047423651
1274364217768816640,negative,0.043548574727885876
1274364217878028288,negative,0.04409456450133334
1274364218473623552,neutral,0.49789225920557484
1274364218876272640,negative,5.25933231523432e-06
1274364219031461888,neutral,0.33289160885834385
1274364219417337858,negative,0.001856621090668535
1274364219685773312,negative,0.1972339802959186
1274364219820032001,positive,0.9785383096819075
1274364222156177409,negative,8.72965302300608e-05
1274364222391103488,negative,0.0015278717380001437
1274364222768545794,negative,0.006842655702366206
1274364223838212104,neutral,0.38227762192080983
1274364226027560961,positive,0.8585526294857238
1274364226039984130,negative,0.03350088179300251
1274364226115637249,negative,0.14422441695466023
1274364227285901315,negative,0.00014459406381251767
1274364227575263235,negative,0.13605943737824092
1274364227877244929,negative,0.017991842672489843
1274364227961176065,negative,0.06210963519599415
1274364228024090626,positive,0.9357008006204267
1274364230385438723,negative,1.9027470190114964e-05
1274364230448427009,negative,0.11941814385678137
1274364230838468609,negative,0.0020259359798020272
1274364230863642624,negative,0.15085436893229848
1274364231308230657,negative,0.2417208868741504
1274364231404728320,negative,0.0001328192010410201
1274364231727620097,negative,0.18097169728096155
1274364231811502081,negative,0.13949552936821852
1274364232486678529,neutral,0.49789225920557484
1274364232600104960,negative,4.3350134051167e-12
1274364232709091330,negative,2.1514711210827303e-05
1274364232809644034,negative,0.1124011120136547
1274364234361643009,negative,5.245341406359682e-05
1274364235133247489,negative,0.020384887355742974
1274364235737333762,negative,1.4335956664243115e-05
1274364236202942464,negative,0.0019629294519898405
1274364238635700231,negative,8.123347876440576e-05
1274364239856177152,negative,0.07357273963051428
1274364239889731589,negative,0.11436965370568407
1274364240393109505,negative,6.967340964673299e-06
1274364240892215302,negative,0.01140068344308785
1274364242532188161,negative,0.0012501975498785843
1274364242829991936,negative,0.028930418441322908
1274364243266211841,negative,0.0021182031884912833
1274364243966640129,negative,5.451685853014409e-10
1274364247364055044,negative,0.0005272297034888572
1274364247385034752,negative,1.1071183644491722e-08
1274364247628230657,neutral,0.44054615157121163
1274364247712108546,negative,0.0002142748871090228
1274364248336986113,neutral,0.49789225920557484
1274364248496496641,neutral,0.5365013157742442
1274364248521609217,negative,1.4514117630021677e-05
1274364248785850368,negative,0.05839510813617035
1274364249037508609,positive,0.897740620973573
1274364251071819777,negative,0.00021141921140676293
1274364251667382272,negative,0.0050548505305461336
1274364253022179328,neutral,0.40127891652628517
1274364253034741770,negative,0.003343768905277242
1274364253437415426,negative,0.0011941150031899927
1274364255702261760,negative,0.00025995428544422664
1274364255857455105,positive,0.897740620973573
1274364256159481858,negative,0.00042225581646515044
1274364256696307712,negative,2.079893420117037e-05
1274364259883941889,negative,0.01140068344308785
1274364260076982276,negative,0.003401178487566604
1274364260211179527,negative,0.007628685414413218
1274364264673927169,negative,0.008858136921618635
1274364265164689410,negative,0.0011277707767610456
1274364265651191809,negative,3.890579584488893e-06
1274364265995153414,negative,0.003401178487566604
1274364266158739456,negative,0.05893846958293458
1274364268184588293,negative,4.912132576513013e-05
1274364268738162688,negative,0.016659743257806153
1274364269065273347,negative,0.005205595186580123
1274364269098930176,negative,2.3106849692599853e-07
1274364269459648512,negative,8.72965302300608e-05
1274364270139113475,negative,5.25933231523432e-06
1274364272458555392,negative,0.12037063624481859
1274364272840249351,negative,0.05592593259625326
1274364272957587461,negative,0.06262878155126737
1274364272961871873,negative,3.7986489746946426e-05
1274364273171615744,negative,0.09965753329704123
1274364273406476294,negative,0.020336327978046728
1274364273792253953,negative,0.004846813408692349
1274364274165665792,negative,0.3121249282832685
1274364274220072960,negative,0.020384887355742974
1274364276657008640,negative,0.005402909033626645
1274364277265256451,negative,0.09309115191212793
1274364277470695424,negative,1.9684284881358229e-10
1274364277479047168,negative,3.212602468041463e-05
1274364277818822658,positive,0.9731348183821971
1274364278464749569,negative,1.5925936558857387e-06
1274364278829711361,negative,0.1482595079622787
1274364280914223106,negative,4.320363696583056e-08
1274364281065213964,negative,0.0008831785741032847
1274364281551646720,neutral,0.49789225920557484
1274364284945018885,negative,0.20951346678325597
1274364285314117633,negative,0.05828189445446495
1274364285339262977,negative,0.0624398915634565
1274364285871890435,neutral,0.40819334745054037
1274364286429790211,neutral,0.5919736560572716
1274364287407075329,negative,0.07509577442231544
1274364289453830145,negative,1.9684284881358229e-10
1274364289562800128,negative,0.004843091236173927
1274364289621557249,negative,5.043640354713196e-09
1274364289961226241,negative,0.004843091236173927
1274364293086171136,negative,0.002893316163309909
1274364293807517697,negative,0.14422441695466023
1274364293824212992,negative,6.322246847783221e-05
1274364293958504452,negative,5.692839550525292e-09
1274364294105149442,negative,0.0011215207366607506
1274364294734503938,positive,0.7991579768585712
1274364297251078151,negative,6.955747710713292e-06
1274364297565462529,negative,0.004843091236173927
1274364298454863872,negative,0.029331371672898794
1274364298610053120,positive,0.880977722113856
1274364298828099586,negative,0.002212950536364806
1274364301550194689,positive,0.9848345625434974
1274364301814497281,negative,0.028178299593110946
1274364302393294849,negative,0.017510490882018864
1274364303408316417,negative,0.00175905141663871
1274364305769664512,negative,0.018621091952989277
1274364306277019648,negative,0.0011215207366607506
1274364306558078976,negative,0.0011215207366607506
1274364310068891648,negative,0.00247334345657811
1274364310911844352,negative,2.787297328760927e-09
1274364310983192577,negative,0.018657952644125182
1274364311100678145,negative,0.0021772946379553845
1274364311901700099,negative,0.2710840258935506
1274364313910808582,negative,0.29761571709333384
1274364315173257218,negative,0.02102601543626555
1274364315538124800,negative,0.19618112646510485
1274364315886329856,neutral,0.3499352441185855
1274364318595850240,negative,0.08023930523735376
1274364319195631622,negative,0.2192931406874439
1274364319648681989,negative,0.016634860949067708
1274364320323944448,neutral,0.34538254615392583
1274364320495910912,negative,0.013933235870272028
1274364323855507456,negative,0.00517989528748498
1274364324300099584,negative,9.25650758304684e-05
1274364326854434816,negative,0.06625767149331938
1274364327018074114,negative,0.02102601543626555
1274364328263770112,negative,0.1823704251571895
1274364328565760003,negative,1.1071183644491722e-08
1274364330780160000,negative,6.322246847783221e-05
1274364330897747971,negative,0.028671740364799424
1274364331719905281,negative,0.04868413656103167
1274364332734926848,negative,8.875547998667753e-07
1274364335029202951,neutral,0.41374922618725635
1274364335431864330,negative,0.009338609828235065
1274364336333520897,neutral,0.5819696420211972
1274364336358789121,negative,0.0011215207366607506
1274364339286351874,negative,0.00247334345657811
1274364339630354434,negative,0.04868413656103167
1274364340037181440,negative,0.04868413656103167
1274364340301422593,negative,0.1388165480771174
1274364340771213312,negative,0.07998569771605683
1274364340884430848,negative,0.00021020526819592297
1274364343547822081,negative,0.001616511283051386
1274364343614832644,negative,0.042002458087360334
1274364344290205697,negative,2.787297328760927e-09
1274364344961306624,negative,0.31609996668142204
1274364348186664960,negative,0.03368457774723882
1274364349046575108,negative,0.001102310072806244
1274364349130387462,neutral,0.47380049950461456
1274364352812834824,negative,0.29761571709333384
1274364353295388675,negative,0.002407049441370978
1274364353387606020,negative,6.6865620125674175e-06
1274364353748307968,negative,0.01140068344308785
1274364356386598913,negative,0.29761571709333384
1274364357074452482,negative,0.004843091236173927
1274364357460230144,negative,0.0017963022944715468
1274364357745479680,negative,2.368139856661769e-10
1274364360996069377,negative,0.05275845957042333
1274364361360969728,negative,1.1071183644491722e-08
1274364364330618880,negative,0.0007120435283170176
1274364364787781632,negative,0.08243405908126489
1274364365194567681,negative,0.01762552878806895
1274364365282709504,neutral,0.47233708548220604
1274364365903364096,negative,0.13172800381638772
1274364366406791168,negative,0.005402909033626645
1274364368575246336,negative,0.003722503096012636
1274364369065971712,negative,0.026617678023647444
1274364370441703424,neutral,0.37426848078506053
1274364370613608448,positive,0.8388456544004359
1274364370756272128,negative,0.049154980087497
1274364373394481152,positive,0.9491491792396537
1274364373834792961,negative,0.020384887355742974
1274364373968904192,neutral,0.6340406790506417
1274364374237544449,negative,0.0001825790795152943
1274364374250065923,negative,0.004843091236173927
1274364375688712199,negative,2.146980768804417e-05
1274364377358045186,negative,0.16688246186174674
1274364377441976320,neutral,0.6020347380261928
1274364377685254151,negative,0.015651065644073474
1274364378016624643,negative,0.12737250021667235
1274364378259824642,negative,0.1087158435066656
1274364378314428421,neutral,0.33508502633373555
1274364378863853576,negative,0.03113729157679135
1274364380692570117,negative,0.0028326793561230194
1274364381384577025,negative,0.001084644014956686
1274364381669863425,positive,0.8286012028805883
1274364381770526720,negative,6.234678604494685e-07
1274364383334973440,negative,0.09874609166432909
1274364385885028355,positive,0.7354636816357002
1274364385964642307,negative,0.004843091236173927
1274364386006753281,positive,0.818141824790354
1274364386216415237,negative,0.05811789142475001
1274364386300362753,negative,1.9027470190114964e-05
1274364386593906689,negative,0.21921412548362115
1274364387160133633,negative,0.00040093263335815347
1274364387168575488,negative,0.01119262074415971
1274364387189387264,neutral,0.49789225920557484
1274364387361460224,negative,0.2250410208637608
1274364388909056002,negative,0.022156212365644353
1274364389194334215,negative,0.005402909033626645
1274364389563478019,positive,0.6781406954425023
1274364390528122883,negative,5.25933231523432e-06
1274364390695895041,negative,0.1294212026520427
1274364390830223361,neutral,0.5417174303619382
1274364393900425218,negative,0.22082230916661
1274364394118545408,negative,3.38794706851042e-05
1274364394584125440,negative,0.00014459406381251767
1274364394793811968,negative,0.18097169728096155
1274364394944770050,negative,0.13656221522950338
1274364395972419585,negative,2.061973224900206e-05
1274364397901799425,negative,0.00025995428544422664
1274364398077980677,negative,0.018191370886849637
1274364398455439361,negative,0.0013591962304269837
1274364398732226568,negative,0.01619726019856393
1274364399419944960,negative,0.001616511283051386
1274364399596244997,negative,3.0255204988785936e-05
1274364399659225088,negative,0.05592593259625326
1274364399722135552,negative,0.16451108071011875
1274364402192584704,negative,0.06423718798146931
1274364402351828992,negative,0.00015581222689787133
1274364403434078211,negative,0.00010271979601334719
1274364403727695881,negative,0.00014459406381251767
1274364404612521984,negative,0.12267124056748523
1274364407087325184,negative,0.005402909033626645
1274364407640883200,negative,0.04227075279170148
1274364408156884993,negative,0.018644574144710203
1274364410694377473,negative,0.06370856788408319
1274364410820210691,negative,0.00014459406381251767
1274364411214393344,negative,0.29761571709333384
1274364411470393344,negative,0.07509577442231544
1274364411528900611,negative,8.123347876440576e-05
1274364411965255680,negative,0.001102310072806244
1274364412095336450,negative,1.9027470190114964e-05
1274364412837552128,negative,8.123347876440576e-05
1274364414771302400,negative,0.0018153409973280076
1274364415308181504,negative,4.409683412435902e-12
1274364415421435904,negative,0.004843091236173927
1274364415652102145,negative,0.01140068344308785
1274364416704856064,negative,0.02722037857733356
1274364416780308480,negative,0.020384887355742974
1274364419070451716,negative,0.015333353505769236
1274364419556818944,negative,0.13949552936821852
1274364420345532416,negative,0.023001060336269336
1274364420467163136,negative,0.00014643770615732643
1274364420488118273,neutral,0.45715098558588957
1274364420605521920,negative,0.2250410208637608
1274364420639068170,negative,0.03535058755276094
1274364423281487872,positive,0.9192000222597272
1274364423847718912,negative,0.001084644014956686
1274364424795586568,negative,2.2607703055852016e-05
1274364424854409217,negative,0.03691128305881632
1274364425559052296,negative,1.1071183644491722e-08
1274364427211468805,negative,0.19717492763229497
1274364427249254401,negative,2.2607703055852016e-05
1274364427249356800,negative,0.3265804129849583
1274364428381814785,negative,0.020384887355742974
1274364429212233729,negative,0.0005017896316071275
1274364429929455623,negative,0.00016911634892039334
1274364431611420673,negative,0.048352136894962996
1274364431733075970,negative,0.0021205043851629407
1274364433666469888,negative,0.004843091236173927
1274364435709202435,negative,0.000781358793017015
1274364436543950849,negative,0.10132758138536921
1274364437210763264,neutral,0.4577266631686934
1274364440092332033,negative,0.08316719221021152
1274364440461348864,negative,0.0027726385758981517
1274364441761648646,negative,0.17692567414000115
1274364444102049795,neutral,0.4571679970207375
1274364444215214080,negative,6.159865262071122e-06
1274364444320153602,negative,0.0008006732688204739
1274364444542451712,negative,0.016435910975979358
1274364444869623813,positive,0.763492726677842
1274364445368745993,negative,0.0892425350393592
1274364449021931523,negative,0.0011215207366607506
1274364449399455744,negative,0.0025820641381186535
1274364449655156736,negative,0.01057441731658494
1274364450372493312,negative,0.013673633680544063
1274364450678673409,negative,0.043456364422820734
1274364453182509056,neutral,0.4127008147714305
1274364453346312194,negative,0.048199403705984786
1274364453652496384,negative,0.10041867453918284
1274364453941895171,negative,0.13949552936821852
1274364454008913920,negative,8.123347876440576e-05
1274364454025781248,negative,0.0006486026711397868
1274364456743702528,negative,0.14422441695466023
1274364457070845954,negative,0.004843091236173927
1274364457196683266,negative,0.00025664397034123285
1274364457603432448,negative,0.0011215207366607506
1274364457821573122,negative,0.010836176413016301
1274364458316546048,negative,0.11679969255485065
1274364458677211138,neutral,0.5710211662525364
1274364459239211009,negative,0.1195756716507467
1274364459360964608,negative,4.817275391083577e-05
1274364461239894016,negative,1.5358172996204383e-12
1274364461302927360,negative,5.692839550525292e-09
1274364461361647618,negative,0.05592593259625326
1274364461441265665,negative,0.1604099802898384
1274364461869158401,negative,0.04696155212200484
1274364462099767296,negative,0.011248842843145574
1274364462699630592,negative,3.781905719936332e-06
1274364462783397889,negative,5.361166074811908e-06
1274364462884061186,negative,0.019325586389617778
1274364465019072513,negative,0.004843091236173927
1274364465866256385,negative,1.0707508760226773e-06
1274364466243817472,negative,0.02460594107704766
1274364466394796033,negative,0.00818119237170103
1274364467460136962,negative,0.005402909033626645
1274364469200801796,negative,7.407490579226313e-05
1274364470480064512,positive,0.9056277195357519
1274364471037870080,negative,8.443564912871401e-05
1274364471645896707,negative,0.29761571709333384
1274364473915080705,negative,0.014133905232716477
1274364474108059655,negative,0.00010111446788258739
1274364474305249282,neutral,0.49789225920557484
1274364474934386690,neutral,0.5887973398928581
1274364475546746881,negative,0.0222147686896912
1274364478864441344,negative,1.1071183644491722e-08
1274364484149219328,negative,0.001132561607937439
1274364484572917761,negative,0.02105976667704942
1274364487282364416,negative,0.006192959388338687
1274364494538518528,negative,0.0011215207366607506
1274364495456944128,negative,0.0011215207366607506
1274364496916561920,negative,8.123347876440576e-05
1274364497210335240,negative,0.011459158290510101
1274364498690932738,negative,0.000495371815490899
1274364498770571265,positive,0.9969616390735564
1274364498791378944,neutral,0.49789225920557484
1274364499206836224,negative,0.00010485883194119018
1274364499219357698,negative,9.782089804679564e-13
1274364500343427075,negative,0.00247334345657811
1274364500943048710,negative,0.004843091236173927
1274364501110992896,negative,2.3711555164843896e-05
1274364501177937921,negative,0.00211085762706956
1274364502914543618,negative,0.06303627910650074
1274364502964912128,negative,0.0092744064496032
1274364503002578944,negative,2.2607703055852016e-05
1274364503107473412,negative,0.07509577442231544
1274364503774367745,neutral,0.3319973259627513
1274364504458002432,negative,0.30246833347488844
1274364507037618178,negative,5.260552975640775e-06
1274364507188596736,negative,0.22304969779722522
1274364507620388864,positive,0.6664530202241853
1274364508044132352,negative,0.022744998686552498
1274364508597862401,neutral,0.4259029109140526
1274364508727803905,negative,0.11316880939946862
1274364508824313856,negative,0.006812636562690789
1274364511273828353,negative,0.21221775768588866
1274364511550660608,positive,0.7112264328727067
1274364512527941634,negative,0.29761571709333384
1274364512859275266,negative,1.404054265000646e-06
1274364515400941574,negative,0.016659743257806153
1274364515484930058,negative,0.0021772946379553845
1274364516592234499,negative,0.00021141921140676293
1274364516709486595,negative,0.27330665935500936
1274364517116329989,negative,0.27330665935500936
1274364518676811777,negative,4.985786359649028e-07
1274364519620411392,negative,9.629405738224247e-06
1274364520270618624,negative,0.1140022030211012
1274364522015358976,neutral,0.49789225920557484
1274364522103529474,negative,0.04868413656103167
1274364524376793088,negative,0.0119007822099966
1274364525094014976,negative,0.0019746725051334097
1274364528080420866,negative,3.561072814611798e-05
1274364528864579584,negative,0.13949552936821852
1274364529405820931,negative,0.0011064191245433934
1274364529590374400,negative,0.002149361653025703
1274364530164928512,negative,0.06625767149331938
1274364530332766211,neutral,0.4788401210076059
1274364532127916034,neutral,0.39143632087352015
1274364532211810305,negative,0.007628685414413218
1274364533105180672,negative,0.023168561328322138
1274364533335785479,negative,0.007628685414413218
1274364533843189762,negative,0.004843091236173927
1274364533910441985,neutral,0.3515097190325475
1274364534199857152,negative,0.08023930523735376
1274364536498372609,negative,0.048199403705984786
1274364536674562054,negative,0.0005881791848059362
1274364536905175041,negative,0.0011215207366607506
1274364537601286144,negative,0.0001331751623886742
1274364538750676997,negative,0.2541726641076113
1274364541154070531,negative,0.01140068344308785
1274364541284036612,negative,0.19263440768587717
1274364541707661312,positive,0.880977722113856
1274364541778964481,negative,0.001616511283051386
1274364542114582534,negative,0.09965753329704123
1274364544744382466,negative,0.020334647063988995
1274364547587911684,negative,0.0011215207366607506
1274364547596419072,negative,0.2897207918155794
1274364549517447169,negative,0.3108314330779043
1274364549622308864,negative,0.0035338800793317244
1274364549630775298,negative,0.15922624373425048
1274364549899182085,negative,1.610619048758886e-06
1274364549999845378,negative,0.32679443142440595
1274364550222172161,negative,1.0505476945404998e-08
1274364553162371075,negative,0.11142207120075065
1274364553455779843,negative,6.693273780426552e-06
1274364554038972419,negative,2.2607703055852016e-05
1274364554261061634,negative,0.13172800381638772
1274364555024576512,negative,0.024666910618380663
1274364555305590784,neutral,0.3503057664761495
1274364557461340160,negative,0.00025995428544422664
1274364557503483906,negative,0.0018153409973280076
1274364557603962880,negative,1.1071183644491722e-08
1274364557985800192,neutral,0.596881901891919
1274364558031958020,negative,6.648780525079337e-08
1274364558547791873,negative,9.034374667558232e-08
1274364558648307712,negative,0.0011215207366607506
1274364559327928320,neutral,0.5819696420211972
1274364559365734401,negative,0.0059583599279940695
1274364559654973441,negative,0.01821613081843931
1274364559977877506,negative,0.004843091236173927
1274364560842076160,negative,0.09473061148899944
1274364561458556928,neutral,0.4270291349266481
1274364561504772097,negative,1.0285816107383732e-12
1274364562201067521,positive,0.9998817281432363
1274364562637275141,positive,0.9967246543335266
1274364562813394945,negative,0.007628685414413218
1274364563094454275,negative,0.18795859623648656
1274364563434213376,negative,1.4881712014498946e-10
1274364563782279174,neutral,0.3897956917881425
1274364564143038465,neutral,0.5550164261399717
1274364566152110083,negative,0.0011215207366607506
1274364567473160193,negative,0.1363585901897884
1274364567603339264,negative,0.0024719045149533027
1274364570061152256,negative,0.009859176659720768
1274364570098757638,negative,4.046770211679295e-06
1274364570224807941,negative,0.0026915645579040806
1274364570623266817,negative,8.72965302300608e-05
1274364571256414210,negative,1.1071183644491722e-08
1274364571751514113,negative,0.13656221522950338
1274364571998990342,neutral,0.46127768308170247
1274364574100226048,negative,0.12210929466454537
1274364576201609216,negative,0.018531594379038178
1274364576566579206,negative,8.72965302300608e-05
1274364578856656896,neutral,0.4270291349266481
1274364579494141957,negative,0.07357273963051428
1274364579578023940,negative,0.0051756003443672255
1274364579921920005,negative,8.690439945200958e-12
1274364583860469760,negative,0.31820487300311295
1274364584166653952,negative,0.09874609166432909
1274364584477024259,negative,0.01531891885728109
1274364584661483520,negative,0.010611374129018978
1274364587413037057,negative,8.123347876440576e-05
1274364587618504707,negative,4.303504749193214e-11
1274364587710787585,negative,0.09087049615303114
1274364587979268097,negative,8.76223715761309e-11
1274364588142792704,negative,0.0176188877891186
1274364588734234625,negative,8.72965302300608e-05
1274364589011087362,negative,8.757684413182992e-05
1274364591024345095,negative,0.033074405927606784
1274364591439478784,negative,9.149956490301875e-08
1274364591632461824,negative,0.050072124874937195
1274364591732973569,negative,0.004843091236173927
1274364595168296962,negative,1.1071183644491722e-08
1274364595197693953,negative,0.22428400529770975
1274364595331903489,negative,0.014608924951344983
1274364595952652289,negative,0.007628685414413218
1274364596233449472,negative,0.0014407592145362909
1274364596581777408,negative,0.02201085893018373
1274364597080739840,neutral,0.582294378837787
1274364599589109762,negative,0.2733320189630589
1274364599643635712,negative,0.0001499733793377984
1274364599844904960,negative,0.038153568964844585
1274364599979081728,positive,0.8908428681914831
1274364600067260426,negative,0.17047422705225662
1274364600402751488,negative,2.4873491441401156e-08
1274364600625106947,negative,0.08560287005262945
1274364600633491456,negative,0.03367737803420409
1274364603980566535,negative,0.2168097558417485
1274364604261568513,negative,0.0005181230161684919
1274364604399968256,negative,0.0005017896316071275
1274364604559372290,negative,0.1087158435066656
1274364604731330560,negative,1.799961742935179e-11
1274364605012287488,negative,0.02201085893018373
1274364607780589568,negative,0.0028779006780079394
1274364607948357632,negative,0.05839510813617035
1274364608115924992,negative,0.13949552936821852
1274364608401244160,negative,0.002521015869220984
1274364608413868033,negative,0.18097169728096155
1274364608535572480,negative,0.011123587328729138
1274364608728399872,negative,0.018245717252633516
1274364608837533698,positive,0.9572347682085854
1274364609353396228,negative,0.05596171064914491
1274364611781898241,negative,0.286357519543147
1274364611907604480,negative,0.22383214724571712
1274364612096516097,positive,0.9814154702799696
1274364613186875392,negative,0.0011215207366607506
1274364613635670016,neutral,0.4766795874967358
1274364613916753923,neutral,0.49881946443436725
1274364614009131008,negative,7.777318835446591e-07
1274364616420864002,negative,0.05592593259625326
1274364618203295744,negative,0.003222832135696301
1274364620766093313,negative,0.06023216707171076
1274364621030412288,negative,5.25933231523432e-06
1274364621491777536,negative,0.1884651852767025
1274364621651140608,negative,1.9027470190114964e-05
1274364622158561281,negative,0.01140068344308785
1274364622209011712,negative,0.00010772728807298958
1274364622297083905,positive,0.7529507011941703
1274364622338998274,negative,0.020384887355742974
1274364625023270912,negative,8.443564912871401e-05
1274364625291747328,neutral,0.49789225920557484
1274364625480486916,negative,1.7886250809844298e-06
1274364625807724545,negative,0.009195546507137761
1274364626084511748,negative,0.0149144005824574
1274364628836003844,negative,4.046770211679295e-06
1274364628945047554,positive,0.7354636816357002
1274364629297201152,negative,0.00020756524144111682
1274364629410623488,negative,0.0009948636002769207
1274364629490204674,negative,2.984219886818538e-08
1274364629804875779,neutral,0.49789225920557484
1274364630329065474,negative,0.20105553973782853
1274364632694689795,negative,0.007988498154297198
1274364632984100864,negative,0.27713835917818763
1274364632996741126,neutral,0.38788845892295976
1274364633697009664,negative,0.003401178487566604
1274364633948667911,negative,0.0026500790755491135
1274364634359881730,negative,0.00025995428544422664
1274364635265761283,negative,3.7986489746946426e-05
1274364636993814529,negative,2.2607703055852016e-05
1274364637023272960,negative,0.007628685414413218
1274364637455060993,negative,0.11520901958550558
1274364637761474561,negative,0.00048651013252980956
1274364637983772678,negative,0.0024708133006010875
1274364638440960001,negative,0.03618354103856943
1274364641620221952,negative,0.0012932623361720983
1274364645520875520,negative,0.01140068344308785
1274364645822869506,negative,0.05592593259625326
1274364646112268288,neutral,0.4907828131557552
1274364647186071553,negative,6.138635754456325e-06
1274364647760515072,negative,2.8684135424564705e-05
1274364648016564226,negative,0.02738764886718594
1274364650004647936,negative,0.02767837041596725
1274364650004664320,negative,0.13949552936821852
1274364650101014530,negative,0.13172800381638772
1274364650122022912,negative,9.352365783071234e-05
1274364650155622402,positive,0.9357008006204267
1274364650503540736,negative,0.09965753329704123
1274364651539701762,neutral,0.6227860343260019
1274364654488375298,negative,0.001102310072806244
1274364655004274688,neutral,0.5136446707795853
1274364655436271616,positive,0.8849769367997573
1274364655796924417,negative,0.01140068344308785
1274364658703642625,negative,0.19152443032254213
1274364658758176768,negative,0.07509577442231544
1274364659303407616,neutral,0.6157968571695644
1274364659550826501,negative,0.0632704769721298
1274364659655729153,negative,0.004843091236173927
1274364660041388034,negative,0.0049024829505844945
1274364660112916480,neutral,0.47371072416927557
1274364662151352323,negative,1.3277925164143114e-07
1274364662474313728,negative,2.144858040797096e-07
1274364662918897664,negative,0.01618121883979263
1274364663887728640,negative,0.12113222570609483
1274364664701485061,negative,0.00014459406381251767
1274364664823119875,negative,0.11479376581518078
1274364664844075011,negative,0.16138775483471268
1274364665007669248,negative,0.2578543811880948
1274364667066892289,negative,0.27259426513634494
1274364667910066177,negative,0.1813550222987626
1274364668098871296,negative,0.09091448578956934
1274364670522998784,positive,0.8286012028805883
1274364671038898176,negative,0.004843091236173927
1274364674704801792,negative,0.09965753329704123
1274364674843111426,negative,0.10399499614065881
1274364675610812420,negative,9.782089804679564e-13
1274364675946278916,negative,0.27259426513634494
1274364676445372416,negative,0.010641206287555719
1274364676529221632,negative,0.004843091236173927
1274364676919476224,negative,0.13949552936821852
1274364677359906821,negative,0.0011215207366607506
1274364678920196099,neutral,0.6592904459666945
1274364679738003457,negative,0.2378411193086786
1274364685572325377,negative,0.0563864108115957
1274364688307032064,negative,0.0019233929657328222
1274364688327942150,negative,0.018621091952989277
1274364688567087104,negative,2.727059596723798e-06
1274364689179426817,negative,0.04868413656103167
1274364689577844737,negative,0.019544565461810527
1274364689699360771,negative,0.0011215207366607506
1274364689913446405,negative,0.003065677059359148
1274364691586916352,negative,0.01142242838737575
1274364691721093120,neutral,0.49789225920557484
1274364692186697731,negative,0.19515746298910241
1274364692392181760,negative,1.7240898212433143e-05
1274364692975235072,negative,0.004843091236173927
1274364696108376064,negative,0.01140068344308785
1274364696427200512,negative,0.16977366705290856
1274364696938848256,negative,0.0011215207366607506
1274364700738891777,negative,0.2394110094948839
1274364701170900993,negative,0.01140068344308785
1274364701451988993,negative,5.227013947987765e-13
1274364704522219523,negative,2.787297328760927e-09
1274364708489920512,negative,0.25734409618049936
1274364708758401025,negative,0.00025995428544422664
1274364710473863169,neutral,0.46792077567696816
1274364710629126150,negative,0.0049024829505844945
1274364713313288192,negative,0.001020826846042691
1274364714781487106,negative,0.07248215324360634
1274364716677292032,negative,0.14197236713123318
1274364716895346689,neutral,0.5819696420211972
1274364717277077505,negative,0.0051220335919044055
1274364717558108160,neutral,0.3353439016921346
1274364717612621824,negative,5.686518028202719e-06
1274364718220746755,negative,0.002010727343126899
1274364718669533185,negative,0.21921412548362115
1274364721102295040,neutral,0.4527438818270552
1274364721454514177,negative,0.01140068344308785
1274364721580388353,negative,0.08023930523735376
1274364722041827331,negative,0.007387548245316869
1274364722138230785,negative,0.004843091236173927
1274364723035693059,negative,0.0011215207366607506
1274364725761994752,positive,0.8286012028805883
1274364726143746057,negative,0.031687366267043104
1274364726340919298,negative,0.00013627540544451698
1274364727053950976,negative,0.0011215207366607506
1274364727775420418,negative,0.07659963311199816
1274364729306251265,negative,0.05843690912992543
1274364730812088325,negative,3.5595665617936813e-07
1274364731067940867,negative,0.16451108071011875
1274364731529314305,negative,0.04868413656103167
1274364733429145602,negative,0.004427865377390981
1274364733798461440,positive,0.7022689938172346
1274364733907365890,positive,0.9973374144394678
1274364734960291841,negative,1.3377774068370863e-12
1274364738055569408,negative,0.0011171186280900822
1274364738441543681,negative,3.8862534745381905e-13
1274364739234091009,negative,0.0002619169659521643
1274364739242602498,negative,0.009581080777797013
1274364741843136513,neutral,0.34863575873693914
1274364743206264834,negative,0.003401178487566604
1274364743374028801,negative,0.0053915272732352965
1274364743441092609,negative,0.15164684986653434
1274364743625605122,negative,4.7864178897012724e-05
1274364744355450883,negative,1.758243347261375e-05
1274364746175860736,negative,0.00014459406381251767
1274364746423250944,negative,0.159073665981769
1274364746477654016,negative,8.123347876440576e-05
1274364746519785475,negative,0.00014459406381251767
1274364747148857344,neutral,0.35592875138919045
1274364747241193474,negative,0.159073665981769
1274364747308204032,negative,2.6185240142033583e-06
1274364747337646086,negative,0.1297195694778709
1274364748310732802,negative,0.004843091236173927
1274364750269501443,negative,0.18795859623648656
1274364750743449601,negative,8.123347876440576e-05
1274364750873399297,negative,0.005846307661460753
1274364754572783621,negative,0.15947296212594808
1274364754618769408,negative,1.1071183644491722e-08
1274364754845413376,neutral,0.35739676666112863
1274364754983890945,negative,0.275958358184994
1274364755071791109,negative,0.2417208868741504
1274364755080290304,negative,0.005402909033626645
1274364755231289345,negative,0.00025995428544422664
1274364755759808513,negative,0.14723387682154793
1274364755898236929,negative,5.606430301132207e-10
1274364756745469952,neutral,0.4077194093879488
1274364758481948678,negative,0.011488152183773257
1274364758691545094,negative,0.00014459406381251767
1274364758830059521,negative,0.10505073377474022
1274364758838263808,positive,0.8286012028805883
1274364759845015552,negative,0.00039603120118339544
1274364760235089922,negative,9.24499745037621e-06
1274364760423686144,negative,0.2417208868741504
1274364763477291008,negative,0.00017805844273868155
1274364763548651520,neutral,0.6592904459666945
1274364764584624128,negative,1.9684284881358229e-10
1274364764898996225,negative,0.017981470522138703
1274364764970418177,negative,0.00014459406381251767
1274364765494706183,negative,2.6483642060587684e-05
1274364765595369472,negative,0.0011215207366607506
1274364767348625408,negative,0.29761571709333384
1274364767688364037,positive,0.7702128722625021
1274364767755546627,negative,0.1207764907140943
1274364767805661184,negative,0.011448849023057617
1274364768095277056,negative,0.00021407439763088893
1274364768250474496,negative,0.1419265381406
1274364768623538176,negative,0.22027307587533496
1274364768724410369,negative,0.271581968949276
1274364769038938112,negative,1.8702409184941465e-05
1274364769085132801,negative,5.227013947987765e-13
1274364772184719362,negative,0.2799852519493358
1274364773031968769,negative,1.7240898212433143e-05
1274364775259148288,negative,6.47245658737368e-06
1274364775288442880,negative,0.31586742571805154
1274364775431012355,negative,0.0021625795954240763
1274364775494045696,negative,0.02201085893018373
1274364775523397636,negative,0.06081655062018614
1274364775791833091,negative,0.05839510813617035
1274364776081211392,negative,0.001958812647158084
1274364776496463873,negative,5.26026616084643e-06
1274364776689344512,negative,0.00010851173318034352
1274364777737998336,neutral,0.5453458996925006
1274364779625242624,negative,0.05592593259625326
1274364779650519041,negative,0.0021205043851629407
1274364783970713600,positive,0.9327698410491078
1274364784092176384,negative,0.0003699861459532738
1274364784926957569,negative,8.123347876440576e-05
1274364785233137667,negative,0.008644978444145066
1274364786055221248,negative,0.18097169728096155
1274364787976216577,negative,0.29761571709333384
1274364788555026432,negative,0.0002861600600300228
1274364788651548672,negative,0.004843091236173927
1274364789297426432,negative,1.411866770738313e-12
1274364792300593155,neutral,0.5127374058631732
1274364792371924993,neutral,0.49789225920557484
1274364792409645057,neutral,0.38806593524774735
1274364792799735808,negative,0.0020365961420647036
1274364792980090880,negative,0.1874175879278472
1274364793885843456,negative,1.1071183644491722e-08
1274364795001745409,negative,0.05592593259625326
1274364796335542274,negative,0.06003236049985993
1274364796528451587,negative,7.012596037956913e-15
1274364796759158788,negative,0.003401178487566604
1274364796960477185,negative,4.363257631511972e-05
1274364801213444098,negative,8.443564912871401e-05
1274364801234468864,positive,0.786839479448977
1274364801964290048,negative,0.00037121730800023883
1274364804996763649,negative,0.13656221522950338
1274364805336444929,negative,0.0009177032978133025
1274364805353213952,negative,0.0007841731153378716
1274364806120824832,negative,0.07094105379264519
1274364806326153216,negative,0.006842655702366206
1274364806422761475,negative,0.29761571709333384
1274364806921887744,negative,0.0007897395889035732
1274364808939409408,negative,0.3051146961105203
1274364808981286913,negative,0.016699969447194558
1274364809094541314,neutral,0.6138721448762495
1274364809383985152,negative,0.01140068344308785
1274364809430142977,negative,7.627933086616166e-06
1274364809648246784,neutral,0.5238683594003597
1274364809652420613,negative,0.20435590212710014
1274364809732128769,negative,0.01255000761020744
1274364809757286400,negative,5.692839550525292e-09
1274364809761509376,negative,0.030348883602446253
1274364812739457024,negative,0.05674881579282759
1274364813230120960,negative,7.669033579152875e-05
1274364813712515072,negative,0.00021020526819592297
1274364817357275139,negative,0.0005503304694304036
1274364817533472769,positive,0.9100030045604569
1274364817743241217,negative,0.01821613081843931
1274364817898442753,positive,0.9785383096819075
1274364818347249668,negative,0.29565949125626084
1274364818879918080,negative,0.020162322037737594
1274364819521634304,negative,0.00014459406381251767
1274364821312606208,negative,0.31732489718339985
1274364821891317764,negative,0.01140068344308785
1274364821962719232,negative,1.1071183644491722e-08
1274364822176403456,negative,0.005402909033626645
1274364823552344066,negative,0.01977223250681338
1274364823988514817,negative,8.393922939533836e-09
1274364825808670720,negative,0.043490500883184825
1274364825901191170,negative,0.02840960830561217
1274364825997660166,negative,3.696164190395884e-05
1274364826584825856,negative,0.0009388909034054378
1274364826777800706,negative,1.1071183644491722e-08
1274364827595534342,negative,0.0019474886261394598
1274364827754881026,negative,0.2417208868741504
1274364829990559744,negative,0.019738451449779384
1274364830217113602,neutral,0.6230178983092751
1274364830351151104,negative,0.1636996874008044
1274364830951055363,positive,0.9848345625434974
1274364830993039360,neutral,0.4127008147714305
1274364831496372224,negative,0.004427865377390981
1274364834193309697,negative,0.03559814882228738
1274364834969239558,negative,0.004843091236173927
1274364835510222850,neutral,0.497008268191141
1274364835543822337,negative,5.25933231523432e-06
1274364835678076928,positive,0.8286012028805883
1274364835824832512,negative,1.1071183644491722e-08
1274364835925504001,negative,1.1071183644491722e-08
1274364838307942400,negative,5.692839550525292e-09
1274364838387560448,negative,1.157691023603853e-05
1274364838488289281,neutral,0.4663917579447527
1274364838744150017,negative,0.0020365961420647036
1274364838832209921,negative,0.2539128698843131
1274364839037730817,negative,0.2986641059503613
1274364839884926978,negative,0.0001430269493507414
1274364843429171201,negative,0.06640638237979626
1274364843433308160,negative,5.25933231523432e-06
1274364844070887425,neutral,0.449727731624377
1274364844595007489,negative,5.25933231523432e-06
1274364845064847361,neutral,0.5413088678124549
1274364846490951681,negative,7.394746081218547e-07
1274364846805528577,negative,0.004843091236173927
1274364847019393025,negative,0.18795859623648656
1274364847162081284,negative,1.471110071826141e-06
1274364847208255489,negative,0.1087158435066656
1274364847707340800,negative,0.2654417857709204
1274364847728230401,negative,0.0011215207366607506
1274364847761825792,negative,5.258257200317754e-05
1274364847849984006,negative,0.00966653615146973
1274364851964522498,negative,4.7546816150902303e-07
1274364852425969665,negative,0.14570436957863472
1274364852685938688,negative,0.0021656029748621454
1274364852803379200,negative,0.006842655702366206
1274364855064104961,negative,0.01140068344308785
1274364855412277248,negative,1.3209628477417964e-07
1274364856653606915,negative,0.002374250665814148
1274364856985059329,negative,0.0005500612242291591
1274364857043820548,negative,1.9257876983359745e-07
1274364857182191616,negative,1.0020309136605139e-06
1274364857673015301,negative,0.1439026613224811
1274364859421995010,negative,0.0011064191245433934
1274364860738859008,negative,0.13949552936821852
1274364860999127045,negative,0.029606780949800345
1274364861158391808,negative,0.1420342074750671
1274364863842828288,negative,0.004843091236173927
1274364864329388032,negative,4.5995174280789726e-05
1274364865155645441,negative,0.062159889844503366
1274364865453359105,negative,1.1071183644491722e-08
1274364867655458817,negative,0.004843091236173927
1274364869534416896,negative,0.13949552936821852
1274364872143392770,negative,0.062159889844503366
1274364872180916225,negative,0.0011215207366607506
1274364873145831426,negative,0.004627473567154303
1274364873770700807,negative,2.7221659498074508e-08
1274364875100299267,negative,0.271581968949276
1274364876115279873,neutral,0.5125052164130389
1274364876186624000,negative,0.05034630362280946
1274364877402972160,positive,0.9997413840701054
1274364877533057024,neutral,0.6592116967931048
1274364877545578497,negative,0.058708190668046445
1274364880750067714,negative,0.02102601543626555
1274364880812937217,negative,0.2957130970700264
1274364881425367040,negative,0.001474985317123291
1274364882046128130,negative,1.610619048758886e-06
1274364882301988867,negative,0.05106637002907062
1274364884914966529,negative,9.782089804679564e-13
1274364884952551425,negative,0.09920349965737188
1274364885246369793,negative,0.00639292300094138
1274364885334462464,negative,0.0543228575088828
1274364885359570944,negative,0.1373528251077087
1274364885850370049,negative,0.00247334345657811
1274364886575910912,negative,2.302795190376347e-05
1274364888832499713,neutral,0.4288558791275312
1274364889751080960,neutral,0.368573174201365
1274364889847529473,negative,0.05571098084580316
1274364890866581506,negative,1.1071183644491722e-08
1274364893202993156,negative,0.04868413656103167
1274364894016659456,negative,1.3892208467117834e-05
1274364894314483712,positive,0.7164259334703182
1274364894473711616,negative,0.2417208868741504
1274364897296556032,negative,0.02852313941012685
1274364897489375232,negative,7.3375100697660526e-09
1274364897544089600,negative,0.0011215207366607506
1274364898898837512,neutral,0.49789225920557484
1274364901239271425,negative,0.08023930523735376
1274364902795350018,negative,0.001018222470806602
1274364905634910208,negative,0.001616511283051386
1274364906318544901,negative,0.00032273501735639604
1274364906670874626,negative,0.32679443142440595
1274364907006226433,negative,0.0008355840130672011
1274364907006410754,negative,0.23540932660475059
1274364909753597953,negative,0.03348452573147071
1274364910512807937,negative,0.11211298304992452
1274364910512848897,negative,1.6556813621632582e-06
1274364910659604480,neutral,0.4324110897427152
1274364915726389249,negative,0.09965753329704123
1274364918037430278,negative,1.8566107508385416e-08
1274364919169851393,negative,0.01140068344308785
1274364919266361344,negative,0.0009547847785219859
1274364922290454528,negative,0.0001441977232351894
1274364922747551746,negative,2.2607703055852016e-05
1274364922907033602,negative,0.00750778645147595
1274364927965384704,negative,0.040968492390452894
1274364928137269251,positive,0.9862839130808614
1274364931232727040,negative,0.20381068259756174
1274364931849281536,negative,0.06918815053954762
1274364932201623552,negative,0.13949552936821852
1274364935515103232,neutral,0.46792077567696816
1274364935695450114,negative,1.086114225320719e-06
1274364935993098240,negative,0.004843091236173927
1274364936261701637,negative,5.692839550525292e-09
1274364936404316161,neutral,0.5061251891691518
1274364939369512960,negative,0.2799852519493358
1274364939440926720,negative,0.005402909033626645
1274364939780710400,negative,0.037048950048386445
1274364940405493760,negative,1.1071183644491722e-08
1274364941424828416,negative,0.05738731705847255
1274364943186513921,negative,0.001616511283051386
1274364943270371335,negative,5.692839550525292e-09
1274364943295549440,negative,1.1071183644491722e-08
1274364943303933952,negative,0.017981470522138703
1274364943408795649,positive,0.880977722113856
1274364943677239296,neutral,0.5136446707795853
1274364944197263360,neutral,0.6138721448762495
1274364944356646913,negative,0.29761571709333384
1274364944406982656,negative,0.002305776114210779
1274364944486748161,negative,0.1519519621115061
1274364947338801153,negative,5.25933231523432e-06
1274364948018270209,negative,0.009581080777797013
1274364948525617152,negative,0.0002619169659521643
1274364948831846401,negative,0.00021469679423160746
1274364948941021186,neutral,0.38806593524774735
1274364949427417088,positive,0.8286012028805883
1274364952107761667,negative,0.18795859623648656
1274364952472666112,negative,0.037613855436917774
1274364952653037569,negative,0.019966272016844998
1274364953043120130,negative,0.003628581467085475
1274364953164644358,negative,5.692839550525292e-09
1274364953936486402,neutral,0.3820759448932664
1274364956033589252,positive,0.9968846222772262
1274364956448866305,negative,0.17047422705225662
1274364956620861440,negative,0.0005500612242291591
1274364957568774146,negative,4.510820328949476e-06
1274364960156585984,negative,0.04086881668585706
1274364960504795136,negative,0.00041389375083291
1274364960563437569,negative,0.0002142748871090228
1274364961851047936,negative,0.003405724460406431
1274364962023096321,negative,0.0006458796661343405
1274364962316705792,negative,0.18097169728096155
1274364962568372224,neutral,0.46364466503952073
1274364964397092865,negative,0.00014459406381251767
1274364964938166273,negative,0.02722037857733356
1274364965412057088,negative,4.864359754624921e-05
1274364965416296452,neutral,0.49789225920557484
1274364965508481025,negative,1.1071183644491722e-08
1274364965726703617,negative,0.29565949125626084
1274364970382372864,negative,6.6865620125674175e-06
1274364970956972033,negative,0.09988079043538062
1274364972508774403,negative,0.01140068344308785
1274364972538253313,negative,0.01140068344308785
1274364972798111746,negative,0.004843091236173927
1274364972907323395,neutral,0.5143447214613424
1274364973062512640,negative,0.001084644014956686
1274364973083512833,positive,0.7022689938172346
1274364973708443648,negative,0.18097169728096155
1274364973834272770,positive,0.763492726677842
1274364973922357248,negative,0.11199186793547575
1274364974010257409,positive,0.8286012028805883
1274364974039695362,negative,0.046174865345221965
1274364974325010432,negative,0.01140068344308785
1274364974467551233,negative,0.09402542863411885
1274364977151795200,negative,0.1608681682475487
1274364977231659010,negative,0.11836754162952205
1274364977332305920,negative,0.007628685414413218
1274364977596583936,negative,2.8656526328885995e-06
1274364978292760576,negative,0.018220451514098804
1274364978892431361,negative,0.004843091236173927
1274364979039240194,negative,1.1071183644491722e-08
1274364981568573441,negative,0.0032765701769405455
1274364981698605057,negative,0.0009177032978133025
1274364982264844290,negative,0.07509577442231544
1274364982512226305,negative,0.018220451514098804
1274364982524862465,negative,0.13331246529389748
1274364985305595905,neutral,0.47697210391394973
1274364985750237185,negative,4.437003834199477e-07
1274364986396196868,neutral,0.39928781243834643
1274364986861719554,negative,0.0012414002934160492
1274364987016970243,neutral,0.4496563656481252
1274364989445410817,negative,0.2306408693638935
1274364989906837504,negative,0.004843091236173927
1274364991085465600,negative,0.05099178220044082
1274364991404158977,negative,0.005461165015519728
1274364991643226113,negative,0.09712453899366252
1274364994574888965,negative,0.001616511283051386
1274364994881236992,negative,0.00031204734908960204
1274364994948341766,negative,1.9027470190114964e-05
1274364995493670913,negative,0.001616511283051386
1274364995833389056,negative,0.004854332393518534
1274364996303106054,negative,3.498721555661016e-07
1274364996550397959,negative,0.0011215207366607506
1274364998593261568,negative,7.125263602327015e-09
1274364999553519620,neutral,0.5136446707795853
1274365002347089920,negative,0.0056750052165004715
1274365002376454145,negative,0.2417208868741504
1274365002439409664,neutral,0.3786325751694322
1274365002972045315,negative,0.13790906241702833
1274365003785744385,negative,0.00014459406381251767
1274365004066758657,negative,0.07093600664242929
1274365006876901377,positive,0.880977722113856
1274365007116087301,negative,0.22434913495000033
1274365007363522563,negative,0.2321792786783862
1274365007451602945,negative,0.03113729157679135
1274365007833247747,negative,3.102305975170757e-05
1274365010764947456,negative,1.1071183644491722e-08
1274365012317016066,neutral,0.494080636427069
1274365012488978432,negative,0.0009332016514425026
1274365012837048320,negative,0.01140068344308785
1274365014581940230,negative,0.02973100972112086
1274365015135526912,negative,0.0001328192010410201
1274365015324348416,neutral,0.38227762192080983
1274365016196747266,negative,6.165367038736017e-06
1274365016242864132,negative,0.00042410897647504993
1274365016611971073,negative,2.2607703055852016e-05
1274365019220779008,positive,0.6697130644241567
1274365020114227205,negative,8.72965302300608e-05
1274365020730580992,negative,0.15546922303636612
1274365022706286595,neutral,0.5467018084453114
1274365022848737280,negative,0.001616511283051386
1274365022899261447,negative,0.029244268885268345
1274365022957944838,negative,1.1071183644491722e-08
1274365023444512773,negative,9.782089804679564e-13
1274365023901581312,negative,0.08174724353816792
1274365027114520582,negative,0.00038606908473136305
1274365027114536961,negative,0.0011215207366607506
1274365027382951939,negative,0.2310855152440979
1274365027613622272,negative,4.220155884145401e-06
1274365028586721280,positive,0.7145484940773981
1274365028603441154,negative,0.28310662983328716
1274365029287112707,negative,0.0034405776896846716
1274365029371043840,negative,0.07327654202549114
1274365031275040769,negative,0.016699969447194558
1274365031925178370,negative,8.5526718054599e-09
1274365032005087232,negative,0.0028779006780079394
1274365032449470464,negative,0.056634523800294545
1274365032936153088,negative,0.11209402988404557
1274365032973787138,negative,1.1071183644491722e-08
1274365033108176898,negative,1.1063130400649612e-07
1274365037117874182,negative,0.001616511283051386
1274365037386371075,negative,0.2136097720969171
1274365037470052352,negative,0.0011215207366607506
1274365037520584705,negative,1.3550283473192948e-05
1274365037520605193,negative,0.0005410412530636816
1274365039818838017,neutral,0.38802333750478224
1274365039940710400,negative,0.007388261113448447
1274365040179765249,negative,3.402614118870663e-05
1274365040800530434,negative,0.007628685414413218
1274365041052180482,negative,0.005799718553069051
1274365041123512320,negative,0.18097169728096155
1274365041442279426,negative,0.02255647193624917
1274365041517539330,negative,0.13949552936821852
1274365042415112192,negative,5.692839550525292e-09
1274365044273426432,negative,0.07197907315624454
1274365044780937218,negative,0.11941814385678137
1274365044793499648,negative,0.00014459406381251767
1274365046685151234,negative,3.38794706851042e-05
1274365048333438976,negative,0.02767837041596725
1274365049038127106,negative,0.27499075801184836
1274365049323368448,negative,3.3032643726385596e-06
1274365049579147264,negative,0.2417208868741504
1274365049696587776,negative,0.12608619066782348
1274365049935671297,negative,0.18009643922747415
1274365049985994752,negative,0.04954465126259771
1274365050187403270,negative,0.1745108806087786
1274365052229955587,negative,0.23679876983528703
1274365052330692611,negative,0.2369710931082333
1274365052800262145,negative,5.25933231523432e-06
1274365053928476672,neutral,0.49789225920557484
1274365054092181504,negative,0.0032909602403451304
1274365054297792514,neutral,0.47742438130056675
1274365056373993472,negative,0.00010862176364494187
1274365056671719424,negative,0.29761571709333384
1274365056973750272,negative,0.27259426513634494
1274365057208594435,negative,0.20441318282308168
1274365057229639682,negative,0.1011761094136973
1274365058034946048,negative,0.16451108071011875
1274365058831847424,negative,0.01140068344308785
1274365059427446789,negative,0.005402909033626645
1274365060891185152,neutral,0.3385252644667176
1274365061302300673,negative,6.030978627542521e-17
1274365061834948608,negative,0.11436965370568407
1274365062929682433,negative,0.00011552096575893607
1274365065341403136,negative,0.17421351879800315
1274365065576296448,negative,0.004427865377390981
1274365066616414208,negative,1.1071183644491722e-08
1274365066637426688,negative,2.146980768804417e-05
1274365066805116928,negative,0.018390669163053944
1274365066931048448,negative,0.012979815964092721
1274365068956831745,neutral,0.6020347380261928
1274365069137195009,neutral,0.48728019602140255
1274365069657284608,negative,0.13949552936821852
1274365069669937152,negative,0.0624398915634565
1274365069741219840,negative,0.014460568350630408
1274365070114521088,negative,8.749391032227893e-05
1274365070303285254,negative,0.05738731705847255
1274365070571712512,neutral,0.46598398918449585
1274365073193078784,negative,0.014743944774451378
1274365073562185729,negative,0.024456861555147976
1274365073809686528,negative,8.236075618598921e-08
1274365074480795649,negative,1.9684284881358229e-10
1274365074619203585,negative,1.6300532801452974e-05
1274365074862374912,negative,0.2458713402482392
1274365075147677700,negative,0.16780627348652796
1274365075349024770,negative,0.029671973965752527
1274365077311950848,negative,4.0137644822369474e-06
1274365077458751488,negative,0.00342192525463826
1274365078993809408,negative,0.16486272022008497
1274365079417487360,negative,1.0019573933316266e-05
1274365079794958337,negative,0.02102601543626555
1274365081598537729,negative,0.29665598972895374
1274365081925619714,negative,0.27259426513634494
1274365082579996672,negative,8.443564912871401e-05
1274365082584125443,negative,0.05839510813617035
1274365082592518145,negative,0.024909403706761393
1274365082714230785,negative,0.21865484438995267
1274365082890362882,negative,0.007044968370441144
1274365083171393538,negative,0.00014459406381251767
1274365085776044032,negative,0.0003969260820024506
1274365085801230338,negative,0.08686242609665243
1274365085901819905,negative,0.0021625795954240763
1274365086942011393,negative,0.2914346724419665
1274365087885787137,negative,0.06743849341243102
1274365088095404032,negative,0.018621091952989277
1274365088250683400,positive,0.7022689938172346
1274365088623996929,negative,0.02767837041596725
1274365090662359046,negative,0.01140068344308785
1274365090851143680,negative,0.0002142748871090228
1274365090897080321,negative,0.2617529036331704
1274365091652276224,negative,1.2301885596849096e-06
1274365091799085058,negative,0.001055889379951183
1274365092436598785,neutral,0.393291374208476
1274365094655332352,negative,2.371573069182523e-06
1274365094999269377,negative,0.0027726385758981517
1274365095754285056,negative,8.72965302300608e-05
1274365096748298240,negative,0.18795859623648656
1274365098367295488,negative,0.001102310072806244
1274365098501582848,negative,0.003401178487566604
1274365098568671233,negative,0.003343768905277242
1274365098635735053,positive,0.763492726677842
1274365098765832197,negative,0.004845512593524563
1274365099080286208,positive,0.9997370820378277
1274365099281649664,negative,0.00012653528323396023
1274365099671773186,negative,0.024666910618380663
1274365099936014340,negative,0.007207304581993377
1274365100015706118,negative,2.5387323369938468e-08
1274365102549086210,negative,0.027721570880361746
1274365102666457089,negative,0.00014459406381251767
1274365102880251904,neutral,0.4592581206141447
1274365103052333058,negative,0.004843091236173927
1274365103106859008,negative,0.1087158435066656
1274365103161241600,neutral,0.49789225920557484
1274365103601836042,negative,0.1238673730146371
1274365103790608385,negative,0.009338846376051698
1274365104268722177,positive,0.897740620973573
1274365106588172288,negative,7.365660646949814e-06
1274365106642509824,negative,0.0011215207366607506
1274365106755899393,negative,0.11536828599521103
1274365106986631168,negative,0.0003391657882690361
1274365107284267008,negative,0.29761571709333384
1274365107812945920,negative,0.31820487300311295
1274365107846422528,neutral,0.38806593524774735
1274365108014272515,negative,2.0452212128368524e-05
1274365108043395072,negative,0.20322153229077022
1274365111461990400,negative,0.041510658166273716
1274365111470379008,negative,0.05325596010019916
1274365112153968640,positive,0.6938681830803811
1274365112208502786,negative,1.4241803352811143e-05
1274365112443375617,negative,0.10015762172960661
1274365112460115969,positive,0.763492726677842
1274365112762204160,negative,0.0092744064496032
1274365112883830784,negative,0.0004389616891312649
1274365113185775616,negative,0.00025995428544422664
1274365113219330049,negative,6.079118062794501e-05
1274365113441624064,negative,0.04868413656103167
1274365115106832384,negative,0.015548998880221356
1274365115480125442,negative,0.01024459341701663
1274365115568205824,negative,0.13172800381638772
1274365115828142080,neutral,0.49789225920557484
1274365115857600516,negative,0.0002614962108845666
1274365115865808897,negative,0.09965753329704123
1274365115903565828,negative,0.09794803654291011
1274365116067217408,negative,0.09442963370898105
1274365116516048897,negative,8.875547998667753e-07
1274365117094858752,negative,0.05738731705847255
1274365119485685760,negative,0.04868413656103167
1274365119582146561,negative,6.013015003174488e-09
1274365120018354178,negative,0.004753625520955285
1274365120148312065,negative,1.9027470190114964e-05
1274365120974651392,neutral,0.4842673217477773
1274365121209552898,negative,0.005461165015519728
1274365123688349697,negative,0.00033736415610328437
1274365124459917312,negative,5.974803943924406e-06
1274365124506198017,negative,0.00013616496115051403
1274365124518821889,negative,0.00016943133212710124
1274365124548141056,negative,0.0065413518852959485
1274365124841791489,negative,0.02216453019108904
1274365125118418945,positive,0.8585319019276769
1274365125508706306,negative,0.2003706786885546
1274365125693181952,negative,0.17315708591067927
1274365126922186752,negative,0.01140068344308785
1274365127828086785,negative,0.11209402988404557
1274365127857504256,negative,0.3076201400250017
1274365127920320512,negative,0.03726019721866425
1274365127966494721,negative,9.930645891503263e-05
1274365128050380800,negative,0.08072910548644506
1274365128209838085,negative,0.06919360840379962
1274365128272535553,negative,0.13949552936821852
1274365129036005377,negative,0.0006896163481415853
1274365129144938499,negative,0.013478677619473337
1274365129195282435,negative,0.29761571709333384
1274365129338097664,negative,0.08023930523735376
1274365129484795904,negative,0.002842946388933867
1274365130046873601,negative,0.0001328192010410201
1274365130072035329,negative,0.22027307587533496
1274365130076295169,negative,0.29761571709333384
1274365130218909698,positive,0.9972833339877146
1274365130290184192,positive,0.9762004086721995
1274365130550185984,negative,0.08501573180126992
1274365131984699392,negative,0.11510964433225435
1274365132051820545,negative,0.004545226477745859
1274365132341235714,negative,0.0011215207366607506
1274365132588679168,negative,0.00020817562045590026
1274365132731224065,neutral,0.4083271223294782
1274365132793974785,negative,0.011448849023057617
1274365133511409664,negative,0.005402909033626645
1274365133804974083,negative,0.12275841063406015
1274365133842714624,positive,0.9125403696262822
1274365136220930052,negative,0.01740284152768318
1274365136313040898,negative,1.1071183644491722e-08
1274365136451534849,negative,1.541797050032687e-05
1274365136527114242,negative,5.227013947987765e-13
1274365136929603584,negative,1.1071183644491722e-08
1274365137202417665,negative,0.020384887355742974
1274365137256931329,negative,6.933676884668426e-05
1274365138007621632,negative,0.04952346504882715
1274365138338934784,negative,0.0011215207366607506
1274365138477481985,negative,0.25401421255941126
1274365138506743809,negative,0.11199186793547575
1274365139614076937,negative,4.174746749754563e-07
1274365140545265665,negative,0.2697965898796189
1274365140557848582,negative,0.0008338242851641299
1274365140784332801,negative,6.724643812548923e-05
1274365140830486529,negative,0.012799595617596988
1274365141006589952,negative,0.15181070338850153
1274365141715496960,negative,0.2617748389724454
1274365141740552192,negative,1.745278081862387e-11
1274365141765636097,negative,0.001616511283051386
1274365145020534784,positive,0.9162069419582276
1274365145129660418,negative,0.00014459406381251767
1274365145498750976,positive,0.9785383096819075
1274365145574227972,negative,0.027676813339786093
1274365145578381314,negative,0.00014459406381251767
1274365145666465792,negative,0.2927128283380791
1274365145955762177,negative,0.0009289325942000942
1274365148891840513,negative,0.1484124147537912
1274365149097361408,negative,0.11436965370568407
1274365149743329281,negative,1.637839043713939e-08
1274365149894377472,neutral,0.49789225920557484
1274365150095605760,negative,0.27330665935500936
1274365150259224580,negative,0.06312826999855198
1274365150271885312,negative,0.11879129585897526
1274365152754831360,negative,2.840642157315124e-05
1274365152855494657,negative,0.004843091236173927
1274365153367162881,negative,0.07998569771605683
1274365153551810561,negative,0.042166599935815764
1274365153602134017,negative,0.008096003882833686
1274365154289946625,negative,0.09965753329704123
1274365154323505154,negative,0.17085650338555278
1274365154420051968,negative,0.02068915549340613
1274365154625351680,negative,0.06165754082058328
1274365157075017729,negative,0.23338048117066595
1274365157091745793,neutral,0.5467018084453114
1274365157377007617,negative,0.29761571709333384
1274365157431554048,negative,0.06387919917227507
1274365157716656130,negative,0.01565643455788543
1274365158169759747,positive,0.9848345625434974
1274365158404632579,negative,1.1888399702757299e-06
1274365158463242241,negative,0.2986641059503613
1274365158752649217,negative,0.004887322158981
1274365159109165059,positive,0.8286012028805883
1274365159230836737,negative,0.05738731705847255
1274365159235084294,negative,0.005392238903462747
1274365161290313728,positive,0.934289020647421
1274365161369939968,negative,0.16161868573067484
1274365161374191616,negative,0.0004914151200828016
1274365161403551745,positive,0.9997370820378277
1274365161944596487,negative,0.11941814385678137
1274365162036662272,negative,0.0007357154908379992
1274365162162728962,neutral,0.33686374760521365
1274365162275909632,negative,0.00014459406381251767
1274365162351407107,negative,0.0010589218335844018
1274365162624073730,negative,2.1046548189808158e-12
1274365162968035328,negative,0.18097169728096155
1274365165555855364,negative,0.13790906241702833
1274365165958504448,negative,0.23540932660475059
1274365166197620736,negative,0.024654358582191144
1274365166252154881,negative,0.0005608124993847294
1274365166449299459,negative,0.00796622038755507
1274365166797422592,neutral,0.4583507993350681
1274365167187492864,neutral,0.5004154962844021
1274365167237824512,negative,0.09885069481399698
1274365167489466368,neutral,0.49789225920557484
1274365169355886593,negative,0.00014459406381251767
1274365170081464320,neutral,0.49789225920557484
1274365170207391744,negative,1.157691023603853e-05
1274365170270244865,negative,0.00024636837522648444
1274365170769420289,negative,0.2417208868741504
1274365170777718785,negative,0.00012858797845367897
1274365170853326849,positive,0.8617467141253714
1274365171008516097,negative,5.25933231523432e-06
1274365171390205952,negative,0.007416100671254963
1274365171536990209,negative,0.09965753329704123
1274365171725750277,negative,0.3122639449501142
1274365171964809216,negative,0.023732173558476437
1274365174263185409,negative,0.021742177510265318
1274365174376394753,negative,0.006242470262325186
1274365174426656769,negative,0.000728089260886446
1274365174481289216,negative,0.0011215207366607506
1274365174686928898,negative,0.03495537549641885
1274365174716268544,negative,0.13836062904514593
1274365174762307585,negative,0.12871489133867653
1274365174846296069,negative,3.5888970638467108e-06
1274365174904811520,negative,0.023844621247685584
1274365175185977346,negative,4.224925394650093e-06
1274365175198552065,negative,0.11199186793547575
1274365177937485829,negative,0.04272934420903982
1274365178113556481,negative,3.38794706851042e-05
1274365178528874497,negative,0.05219699582152566
1274365179229339648,positive,0.7640460360575336
1274365180034588682,negative,0.21921412548362115
1274365180114280449,negative,6.710792112973237e-10
1274365180273664000,negative,0.327271646660478
1274365182354096128,positive,0.8184296644747981
1274365182605656073,negative,1.0955801112985083e-19
1274365182710616064,negative,0.01024459341701663
1274365182840573954,negative,0.09882935233995833
1274365183029399552,negative,0.04868413656103167
1274365183046156290,negative,0.07357273963051428
1274365183473917952,neutral,0.48229247442181244
1274365183637544964,negative,0.08575730876257685
1274365186439352323,negative,1.9684284881358229e-10
1274365186623901696,negative,0.0016811771380362487
1274365186753912841,negative,0.06640638237979626
1274365186888085507,negative,2.787297328760927e-09
1274365186921476099,negative,0.00025995428544422664
1274365186921639942,negative,0.0005346078106286445
1274365187211112448,negative,0.06081655062018614
1274365187294932992,negative,5.059425536929547e-06
1274365190872719361,negative,0.05592593259625326
1274365191396999169,negative,0.005962446048659673
1274365191401201668,negative,0.05592593259625326
1274365191795417088,negative,0.06936272321178084
1274365191942221825,negative,0.003035270705686159
1274365191984218113,negative,0.04868413656103167
1274365192000978944,negative,0.07093600664242929
1274365192458158082,positive,0.8844193059255621
1274365192718163969,negative,7.92822469924711e-05
1274365194798596096,negative,0.0011215207366607506
1274365194840551431,positive,0.897740620973573
1274365195201044480,negative,0.13726548464199148
1274365195201150976,negative,1.9680005666064072e-05
1274365195234816005,negative,0.018191370886849637
1274365195507437569,negative,0.003180218680169724
1274365196337926146,negative,0.02102601543626555
1274365196438589442,negative,6.231670717500416e-12
1274365197113794560,negative,1.0087929336351655e-19
1274365199282249734,negative,0.048352136894962996
1274365199471050759,neutral,0.3440907756528052
1274365199600848899,negative,0.0011215207366607506
1274365199663788035,negative,0.004427865377390981
1274365200175595527,negative,0.001102310072806244
1274365200695771137,neutral,0.49789225920557484
1274365200771305473,negative,0.07469208375682593
1274365201077473283,negative,0.327271646660478
1274365201115164673,negative,0.0002636600630150221
1274365201387839489,negative,0.018191370886849637
1274365203224891394,neutral,0.46598398918449585
1274365203556286465,negative,0.0001690568256560749
1274365203963162624,negative,2.0517265842582116e-08
1274365204260777984,negative,0.030380902981738126
1274365204386549762,negative,0.019243633781275766
1274365204558688262,negative,1.3541392401123254e-06
1274365204835549184,negative,0.12129120393973514
1274365204885917698,negative,0.001616511283051386
1274365207503126530,negative,0.23540932660475059
1274365207595417600,negative,1.1483957457516614e-09
1274365208119652352,negative,0.2799852519493358
1274365208392335361,negative,0.0026701402866050506
1274365208484593665,negative,0.020384887355742974
1274365208585277440,negative,0.06081655062018614
1274365208690077697,negative,0.05141784201110951
1274365208706920449,negative,0.07509577442231544
1274365208853721089,negative,0.024992353492807196
1274365209243680771,negative,0.12512430072708108
1274365211672227840,negative,6.568388381412988e-06
1274365211697278978,negative,0.004843091236173927
1274365212146249728,negative,0.0007988381314236634
1274365214058782720,negative,0.002104829845871448
1274365214113349633,negative,0.04479872159635934
1274365214125940736,neutral,0.49789225920557484
1274365215883345920,negative,0.07509577442231544
1274365216042647554,negative,0.1412213782241075
1274365216051073024,negative,0.019542823760390023
1274365216055349248,neutral,0.49789225920557484
1274365216248266759,negative,5.692839550525292e-09
1274365216919347203,negative,0.05593592173686767
1274365217653301248,negative,2.931279538235397e-06
1274365217884049410,negative,0.18097169728096155
1274365219968634880,negative,0.04868413656103167
1274365220018958336,positive,0.8585319019276769
1274365220459360384,negative,0.00306076615042405
1274365220681547776,negative,0.13656221522950338
1274365220815802375,negative,0.03397386301264506
1274365221130338304,negative,0.0543701869796711
1274365221151428612,negative,0.04868413656103167
1274365221394669568,negative,0.010935919852906898
1274365221541482496,neutral,0.3422707420485615
1274365221906284547,negative,0.0021625795954240763
1274365221998432257,negative,0.0004925785047718178
1274365224477433861,negative,0.02102601543626555
1274365224687190016,negative,0.10188734314977094
1274365224850788353,negative,5.419775851679851e-06
1274365224943079424,negative,0.06214671971841483
1274365225190461442,negative,0.18795859623648656
1274365225219903488,negative,0.04868413656103167
1274365225442185217,negative,0.30530992586628103
1274365225618288640,negative,2.1312967895095018e-07
1274365226020937729,negative,1.5425624537303724e-07
1274365226272591872,negative,0.01140068344308785
1274365228877217797,negative,0.0798813010626473
1274365229334499329,neutral,0.49789225920557484
1274365229468712961,negative,0.0011215207366607506
1274365229724557315,positive,0.8585319019276769
1274365229779091459,negative,0.020384887355742974
1274365230001332224,negative,0.022326280874385502
1274365232740290562,negative,0.08575467508938993
1274365233050669061,neutral,0.49789225920557484
1274365233167990789,neutral,0.5467018084453114
1274365234099245056,negative,2.0260555091847292e-06
1274365234774499328,positive,0.7896308023335322
1274365234891960322,negative,0.01140068344308785
1274365236762550278,negative,0.11928053612150778
1274365237291102208,negative,0.002407049441370978
1274365237811130368,negative,0.00011660299720771693
1274365237869740032,negative,0.0018153409973280076
1274365237911830528,negative,0.02102601543626555
1274365241133015041,negative,0.03165176352812159
1274365242009673728,negative,0.0002357182758865992
1274365242642849792,neutral,0.49789225920557484
1274365243120947208,neutral,0.49789225920557484
1274365243129499648,negative,0.0005833353590071568
1274365243188224005,negative,3.2387462841527874e-08
1274365243930656769,negative,8.443564912871401e-05
1274365245486751744,negative,0.004843091236173927
1274365245725835265,negative,9.704622453282024e-08
1274365249131622402,negative,1.0261946365331648e-05
1274365249345384449,negative,0.0034876479733830144
1274365249421000704,neutral,0.42507619662732005
1274365249743990784,negative,0.00014459406381251767
1274365250050174983,negative,0.015859269476485673
1274365250318598144,negative,0.29540534431174753
1274365250394087424,positive,0.880977722113856
1274365250431856641,positive,0.9546935418747983
1274365251866128385,negative,0.003222832135696301
1274365252197646337,negative,0.01140068344308785
1274365252742889473,negative,0.04868413656103167
1274365253661478913,negative,0.01024459341701663
1274365254089277444,negative,0.04868413656103167
1274365254689075200,negative,0.008900498816457098
1274365255016210433,negative,6.292189972095422e-10
1274365255989309442,negative,0.16052528818518214
1274365256379371521,negative,0.0005017896316071275
1274365257721536513,negative,0.00029362182355097686
1274365257755103233,negative,0.2136097720969171
1274365258115710979,negative,0.20851656624289908
1274365258354827264,neutral,0.6105384618473213
1274365259596382208,negative,5.25933231523432e-06
1274365259726364673,negative,0.0002741236578126963
1274365260137402369,negative,1.157691023603853e-05
1274365261907451904,negative,0.01140068344308785
1274365262544936961,neutral,0.4527438818270552
1274365263241031680,negative,0.021390956258793833
1274365263304105985,negative,0.29761571709333384
1274365263568416769,negative,0.00014459406381251767
1274365263694233600,negative,0.29761571709333384
1274365264642166784,negative,0.006969618874245236
1274365264742809604,negative,0.003294722900431676
1274365266110017536,negative,0.0010533907421170958
1274365266156236800,positive,0.733711370057865
1274365267825643523,negative,8.578881162189523e-05
1274365268408414212,negative,0.001616511283051386
1274365270300254208,neutral,0.5870959793700388
1274365270883172355,negative,0.01024459341701663
1274365271055175680,negative,0.01140068344308785
1274365271097180160,negative,0.09740302121089356
1274365271227224066,negative,0.2417208868741504
1274365271432626177,negative,0.003222832135696301
1274365271516553217,negative,0.07275109383081722
1274365271629799424,negative,2.8656526328885995e-06
1274365271793258497,negative,0.001616511283051386
1274365271831175168,negative,0.013631173067279673
1274365272057675776,negative,0.32335181028899573
1274365274611830784,negative,0.09428001437137988
1274365274729451524,negative,0.29761571709333384
1274365274909806592,negative,0.0022560971193720082
1274365275450871808,negative,0.00044120278467753467
1274365275589263360,negative,0.01190576503057469
1274365275719303168,negative,0.0798813010626473
1274365276759474176,negative,0.005402909033626645
1274365276901998593,negative,0.14683074408282215
1274365279015862272,negative,0.27069839133778073
1274365279456419840,negative,0.002366686782086095
1274365280660185090,negative,0.0005540015131708566
1274365280668483584,neutral,0.46598398918449585
1274365282790891521,negative,0.012448578394693573
1274365283378094084,negative,0.012697463055823723
1274365283575218177,negative,0.007915396779243312
1274365285097668608,negative,0.0021625795954240763
1274365285215211521,negative,0.04121259584702394
1274365285567528961,negative,0.07998569771605683
1274365287161307139,negative,0.0017257461496606994
1274365288318996488,negative,0.14778577832105136
1274365288444723200,negative,0.011448849023057617
1274365288646168577,negative,0.0009728648121375124
1274365288788692993,negative,0.005402909033626645
1274365288960733186,negative,0.09977246573008015
1274365289413705728,negative,0.020384887355742974
1274365291418402818,negative,4.491573920022894e-06
1274365291489869827,negative,2.846309875479698e-07
1274365291561132033,negative,1.8681037914649738e-05
1274365291607330816,neutral,0.3344458471712187
1274365291884163072,negative,1.6300532801452974e-05
1274365291934482437,positive,0.7112264328727067
1274365292043481088,negative,0.019437595851051932
1274365292194471938,negative,0.01140068344308785
1274365293058539528,negative,0.045389468621962185
1274365293104640002,neutral,0.46598398918449585
1274365293129641984,negative,1.1071183644491722e-08
1274365294916636673,negative,0.06856633551585671
1274365295541485568,negative,0.18097169728096155
1274365295961034752,negative,0.009781223245064129
1274365296367845376,negative,0.015859269476485673
1274365296921456640,negative,0.018191370886849637
1274365297076703237,negative,0.02767837041596725
1274365297311571968,negative,6.322246847783221e-05
1274365297554870273,negative,0.024556064476137306
1274365297634545666,neutral,0.49789225920557484
1274365297835888640,negative,0.0009952863461212178
1274365300004225027,negative,0.016659743257806153
1274365300461522949,negative,7.410924865087516e-06
1274365300876570624,neutral,0.3624810520271249
1274365301224886273,negative,0.0011214933011259632
1274365301388443648,negative,0.01140068344308785
1274365301552025600,negative,0.012799595617596988
1274365303783391234,negative,0.24275633162160853
1274365304001433602,negative,0.00030373989889860776
1274365304005701634,negative,0.0021772946379553845
1274365304131530752,negative,0.2874459365526103
1274365304517398530,negative,0.006701228998915118
1274365304542502912,negative,5.252465356948966e-06
1274365304714473472,negative,0.21255805558146415
1274365305918291968,negative,1.877800697266876e-07
1274365306211876865,negative,0.021742177510265318
1274365306245439489,negative,0.09885069481399698
1274365308040511491,negative,0.08480579209796243
1274365308401340418,negative,0.2799852519493358
1274365308959100929,negative,1.9684284881358229e-10
1274365309340848128,negative,0.23540932660475059
1274365309437251584,negative,0.007855771176155912
1274365309554700289,negative,0.08983321350776034
1274365309605068801,negative,0.00030373989889860776
1274365312595566593,negative,0.009859176659720768
1274365313660968963,negative,0.17343657980367277
1274365313782616064,negative,0.19750062137011246
1274365314004848640,negative,0.01024459341701663
1274365316496273409,negative,0.0798813010626473
1274365316563456003,negative,0.004843091236173927
1274365316609556480,negative,0.0011215207366607506
1274365316785717254,negative,0.0011215207366607506
1274365317087588352,negative,0.00028795383148274846
1274365317628788742,negative,0.0028779006780079394
1274365317804949509,negative,0.018191370886849637
1274365320858341377,negative,0.012311720957961498
1274365320933883904,negative,0.04789486375715738
1274365321416245250,negative,0.04868413656103167
1274365321894342656,negative,0.2801480645007892
1274365322125094913,negative,0.08917284233375622
1274365322380926978,negative,0.0011215207366607506
1274365322397650945,negative,0.006708771371009391
1274365322515173384,negative,9.838029596861479e-06
1274365325253935106,negative,2.6483642060587684e-05
1274365325262323713,neutral,0.5616511143517063
1274365325337903105,negative,0.005402909033626645
1274365325350514706,negative,0.07373512680464742
1274365325614579712,negative,0.00012655821123306118
1274365325660901376,negative,0.1087158435066656
1274365325862211584,negative,0.018191370886849637
1274365326315139072,negative,0.1762454167691677
1274365326793244674,negative,0.12125042769935822
1274365327212773376,negative,0.0010771089068799123
1274365327728615424,negative,0.11392420449287459
1274365329397948418,negative,0.01140068344308785
1274365329507069953,negative,0.00014459406381251767
1274365329662238720,negative,0.004843091236173927
1274365329695805441,neutral,0.4527438818270552
1274365329720905729,neutral,0.5467018084453114
1274365330375282688,negative,0.045835536571066066
1274365330765348865,negative,0.0940113876027982
1274365330815692800,negative,0.02102601543626555
1274365330975076352,negative,0.003035270705686159
1274365330979278850,negative,0.04817235380553318
1274365333382496256,negative,0.0024220928459377485
1274365333776801795,negative,0.02201085893018373
1274365334791864322,negative,0.1875657538634168
1274365335014125568,negative,0.0005272297034888572
1274365335236251649,negative,0.00887296933283849
1274365335299338241,negative,0.00039603120118339544
1274365337761468423,negative,0.0005907045787604169
1274365338935791616,negative,0.20381068259756174
1274365339715792896,negative,0.014358994830722756
1274365341653766144,negative,0.09845361447480297
1274365342098358272,negative,0.0065433482981748885
1274365342282809345,negative,0.020921197684888444
1274365342408519681,negative,1.0222933015575992e-07
1274365342534508545,neutral,0.577253543432299
1274365343557808130,negative,0.0007699370890113074
1274365343985741824,negative,0.17948705462362313
1274365344031952897,neutral,0.46598398918449585
1274365345898344448,negative,3.3909552246937724e-05
1274365346217164800,negative,0.0019963831800710193
1274365346271633408,positive,0.9075346847300136
1274365347106258944,negative,0.00047922606060738534
1274365347332685825,positive,0.8286012028805883
1274365348016513030,negative,0.2211841082333547
1274365348112789504,negative,0.07138477010593648
1274365348129751040,neutral,0.47007752371063
1274365348653998085,negative,0.0024708133006010875
1274365350008717315,negative,0.2617529036331704
1274365351208288257,neutral,0.4836107634721281
1274365351325831168,negative,0.07373512680464742
1274365351526989835,negative,0.001616511283051386
1274365351581700096,negative,0.09825736519277033
1274365352001114115,negative,0.0014385367453438058
1274365354387668994,negative,1.347806542323342e-06
1274365354500861955,negative,0.1087158435066656
1274365354895122433,negative,0.02102601543626555
1274365355394203649,negative,0.008900498816457098
1274365355889168388,negative,0.000200850795365693
1274365356363128833,negative,0.05868960347054913
1274365356778369024,negative,0.004545226477745859
1274365358850310145,negative,0.002029550816299608
1274365359026515969,negative,1.9052003299758963e-06
1274365359735345153,negative,0.011448849023057617
1274365359798222848,negative,0.14830433058603737
1274365359899004931,negative,0.001848011139366358
1274365360192598019,negative,3.6910309221456177e-06
1274365360196681729,negative,0.0011215207366607506
1274365360486088704,positive,0.7022689938172346
1274365362822426624,negative,0.04617413537944692
1274365362860105728,negative,0.01140068344308785
1274365363279540224,positive,0.9785383096819075
1274365363279540225,negative,0.00039017844007004467
1274365363480903680,negative,0.04868413656103167
1274365364164419584,negative,0.003401178487566604
1274365364227489792,negative,0.06387919917227507
1274365365259296773,negative,0.1439026613224811
1274365365313835013,negative,2.2607703055852016e-05
1274365365448060928,negative,1.1071183644491722e-08
1274365366790230016,negative,0.055162715980691446
1274365367897423872,neutral,0.5546851565897581
1274365367977156610,positive,0.7390711489407749
1274365368103055360,negative,0.2625982517879942
1274365368358879232,negative,0.01140068344308785
1274365369084411905,positive,0.6875532477083368
1274365370980339712,negative,0.04868413656103167
1274365370988728322,negative,4.327840351838118e-07
1274365371366203392,negative,9.396215379445911e-09
1274365371722670081,negative,0.021742177510265318
1274365371924074496,negative,0.021742177510265318
1274365372112781313,negative,0.0798813010626473
1274365372263694336,neutral,0.6138721448762495
1274365372653883393,negative,0.2813467774447017
1274365372884549632,neutral,0.41531239184929275
1274365373073092609,negative,0.0034008775693704367
1274365373303992322,negative,6.309560018962608e-07
1274365373593206787,negative,0.29761571709333384
1274365375505891329,neutral,0.44231347627872375
1274365375615033344,neutral,0.49789225920557484
1274365375925362689,negative,0.15922624373425048
1274365375954681858,negative,1.157691023603853e-05
1274365375971569665,negative,0.0028779006780079394
1274365376063733760,negative,4.031210158124359e-05
1274365376105676804,neutral,0.6538104092680391
1274365377825423360,positive,0.880977722113856
1274365377934434305,negative,0.04574489815077878
1274365379721248770,negative,0.001616511283051386
1274365379847077888,negative,0.007207304581993377
1274365379985526791,negative,0.3034924334421067
1274365380090376195,negative,0.16138775483471268
1274365380165636100,negative,0.10497582940804913
1274365380450848769,negative,0.0002619169659521643
1274365380484530177,negative,0.2037813988775199
1274365380572700675,positive,0.9677808201512633
1274365380811796482,negative,0.04868413656103167
1274365381512237063,negative,1.347806542323342e-06
1274365381709369346,negative,0.002636815241657314
1274365381818355716,negative,0.2559045194093842
1274365383793836033,negative,1.637839043713939e-08
1274365384557133824,neutral,0.48728019602140255
1274365384871772166,negative,0.0010573454446961665
1274365385039642624,negative,0.02102601543626555
1274365385375014919,negative,6.322246847783221e-05
1274365385769398272,neutral,0.47233708548220604
1274365385861664768,negative,0.0609687120746724
1274365386214051841,neutral,0.5136446707795853
1274365386578952192,neutral,0.43546266157459707
1274365387921113089,negative,0.002264809763186428
1274365388000722944,negative,0.01140068344308785
1274365388516622341,negative,0.003401178487566604
1274365388696875008,negative,0.008253882948524631
1274365388860645377,neutral,0.47233708548220604
1274365389342945281,negative,0.23056902331394544
1274365389691138054,negative,7.75593325458543e-13
1274365392459309056,negative,0.00015328092236833836
1274365393260470273,negative,0.0001241791245592436
1274365396066480131,negative,4.940329958334293e-06
1274365396242575361,negative,0.0046397766368852286
1274365396577996801,negative,0.001616511283051386
1274365397181976576,negative,0.15731651452020287
1274365397404454916,negative,4.5394733020503117e-07
1274365397878308865,negative,0.07917705969587278
1274365397949612032,negative,0.00015338592613972442
1274365398364778497,negative,0.0011215207366607506
1274365398536904705,negative,0.11733166319877615
1274365400281763840,neutral,0.4126035047413691
1274365400327892993,negative,0.00011137702152300328
1274365400474664961,negative,0.0009096334948879996
1274365400839532544,negative,0.08680801204276034
1274365400860561408,negative,6.371499778701729e-07
1274365400868958208,negative,0.23540932660475059
1274365401242222600,negative,1.8975866285024973e-06
1274365401393246208,negative,0.00014459406381251767
1274365402320195584,negative,0.04868413656103167
1274365402810908673,negative,0.02102601543626555
1274365404828381185,negative,0.03766620779241932
1274365404866101249,negative,0.29761571709333384
1274365404937322498,negative,0.01024459341701663
1274365405432360961,negative,0.04976894616060809
1274365405524525057,negative,0.029244268885268345
1274365405897936900,negative,0.007628685414413218
1274365405948194816,negative,0.04781672630626218
1274365406321315840,negative,8.665089332995938e-05
1274365406493519874,negative,0.02102601543626555
1274365408464822274,negative,3.2339954183938275e-06
1274365408963936256,negative,0.00014459406381251767
1274365409106542593,negative,6.309560018962608e-07
1274365409400061952,negative,2.2607703055852016e-05
1274365410134065154,neutral,0.5537066409429826
1274365410171895808,negative,7.303743421387849e-05
1274365410318614528,negative,0.002083818670473347
1274365410457137153,negative,0.07828770203869125
1274365413158256646,negative,5.252465356948966e-06
1274365413275635713,negative,9.782089804679564e-13
1274365413791617027,negative,0.2993385342486234
1274365413892263936,negative,0.05592593259625326
1274365414148124672,negative,1.2301885596849096e-06
1274365414596915200,negative,0.0006303622924116255
1274365414647255042,negative,0.06274494039395102
1274365414856785920,negative,1.1071183644491722e-08
1274365417209974784,negative,0.2394110094948839
1274365417729880069,negative,0.008776982512373873
1274365417734262787,negative,0.04868413656103167
1274365417901957121,negative,1.612600296105982e-07
1274365418086502402,negative,0.0019963831800710193
1274365418656788482,negative,0.2417208868741504
1274365419218972673,negative,1.2703712494514536e-05
1274365421404160004,negative,0.006177829252961221
1274365421752213504,negative,0.0026518355810884768
1274365422192734211,negative,0.0071355163167274695
1274365422687698946,negative,0.020957641162142
1274365422943399936,negative,1.612600296105982e-07
1274365422960357376,negative,0.00014459406381251767
1274365424004718593,positive,0.9149849646964694
1274365424193482753,negative,0.17859205032269046
1274365425602760704,negative,0.057404815897619185
1274365426122752000,negative,0.0009080046012290053
1274365426793951233,negative,0.001616511283051386
1274365426823163904,negative,0.022156212365644353
1274365426852671489,negative,0.004989714265797367
1274365427406290944,negative,1.7240898212433143e-05
1274365427448254470,negative,0.11941814385678137
1274365430149365766,negative,0.05814451259550101
1274365430195458049,negative,4.428188871432019e-06
1274365430724005890,positive,0.9888070230993443
1274365430749167621,negative,0.00247334345657811
1274365431130853377,negative,0.18097169728096155
1274365431441248258,negative,0.004737420399960343
1274365431449636865,neutral,0.6444682448327375
1274365431701176322,negative,0.004845512593524563
1274365433424916486,negative,3.973170883372008e-06
1274365434192592896,negative,0.16197123806618097
1274365434276597763,neutral,0.5994534969101798
1274365434826022917,neutral,0.367723429618483
1274365435740221446,negative,0.0001917443417401677
1274365436067446784,negative,0.00247334345657811
1274365438181421056,neutral,0.42336205801399107
1274365438210826241,negative,0.0005162239581811329
1274365438676348928,neutral,0.6020347380261928
1274365439053791232,negative,0.00014459406381251767
1274365439364259840,neutral,0.4622903534400044
1274365439855005698,negative,0.06919360840379962
1274365440949653504,positive,0.880977722113856
1274365441071169537,negative,3.861453270171405e-06
1274365442388262913,negative,0.005402909033626645
1274365442501607424,negative,0.02201085893018373
1274365442879086594,negative,0.05714072353572688
1274365442912591873,negative,2.5203480605004225e-06
1274365442921050119,negative,0.2211841082333547
1274365442988150784,negative,1.169334419603267e-10
1274365443352846337,negative,0.004843091236173927
1274365444284190721,negative,0.1719266665838206
1274365446423076864,positive,0.8286012028805883
1274365446607822852,negative,0.16451108071011875
1274365447144706049,negative,0.0053915272732352965
1274365447715028993,negative,0.021974121896385933
1274365448373575686,negative,0.0008115220845677959
1274365448482697217,negative,0.04868413656103167
1274365450856607745,negative,0.04183485447924819
1274365452634988544,negative,0.0011215207366607506
1274365452844707840,negative,0.07920509321093291
1274365452924444672,negative,0.00015603849770492892
1274365454832844803,negative,0.07327654202549114
1274365454941814785,negative,0.04574489815077878
1274365455961128967,neutral,0.5496442650457241
1274365457022291974,negative,0.0005647682207764744
1274365459547197441,negative,0.017964187386612908
1274365460092420100,negative,0.000511164106844158
1274365461044637697,negative,0.008284466509059212
1274365461145190401,negative,0.000102120942159438
1274365461514371072,negative,0.007198896643167468
1274365463791841280,negative,1.6524765217156766e-05
1274365464005816321,negative,0.00247334345657811
1274365464735596544,negative,0.0011269366216902124
1274365465368936448,negative,0.22082230916661
1274365465381535745,negative,9.312354949817045e-06
1274365465419227136,negative,0.05250382181698612
1274365465486331904,negative,0.027953209719420176
1274365467512246279,negative,8.123347876440576e-05
1274365467667431424,negative,0.02738764886718594
1274365468183343108,negative,0.09684028773647249
1274365468321763329,negative,0.02102601543626555
1274365468330143747,negative,0.17047422705225662
1274365468522868736,negative,0.0011215207366607506
1274365468783116291,positive,0.7040950283646137
1274365469005434882,negative,0.003722503096012636
1274365469202378753,negative,0.0002619169659521643
1274365469529640960,negative,1.1154718043675826e-07
1274365469550456832,negative,0.0894695158623298
1274365469672247296,negative,0.0008113402296972637
1274365472130113542,negative,0.13656221522950338
1274365472163627008,negative,0.009404074764908295
1274365472365035523,negative,0.025993134563636704
1274365472646012936,negative,0.00029393184422473037
1274365472872505345,negative,0.1008595673337973
1274365473136795648,negative,2.3561006634400874e-08
1274365473262653441,negative,0.0011215207366607506
1274365473468096512,negative,0.00482313239695648
1274365473577197568,negative,0.003722503096012636
1274365475473051648,negative,0.12473615082677537
1274365475749793792,negative,0.01567578767972956
1274365475896655872,negative,0.04868413656103167
1274365476509044736,negative,0.01027780594761877
1274365476848664577,negative,0.11510964433225435
1274365476903190529,negative,0.001979516676183091
1274365476915863552,positive,0.9002930230331266
1274365477096001537,negative,1.1071183644491722e-08
1274365477108822020,negative,0.0011215207366607506
1274365477356257280,negative,0.07509577442231544
1274365477469503489,negative,0.02102601543626555
1274365480145387520,negative,0.0002112156234408772
1274365480246161408,neutral,0.6578078226940659
1274365480514584577,neutral,0.4507454498615163
1274365480543883264,positive,0.999966290337303
1274365480669720577,negative,0.07509577442231544
1274365480824983552,negative,0.06640638237979626
1274365481605087238,negative,8.72965302300608e-05
1274365482066419712,negative,0.09740302121089356
1274365482091626497,negative,0.11733166319877615
1274365482099933186,negative,0.05738731705847255
1274365482427179011,negative,0.29761571709333384
1274365484490686465,negative,0.006812636562690789
1274365484989808642,neutral,0.49789225920557484
1274365485057007617,positive,0.9976616416443319
1274365485958791169,negative,2.2607703055852016e-05
1274365486017511425,negative,0.00014459406381251767
1274365486038429696,positive,0.9843190502517245
1274365486122360835,negative,0.04868413656103167
1274365486139088898,negative,0.00037475118667083807
1274365486306856960,positive,0.8927245808107372
1274365488726974464,negative,0.005402909033626645
1274365489121239040,neutral,0.49789225920557484
1274365489297399812,negative,2.03240580113221e-06
1274365489666498562,negative,8.309045814134184e-09
1274365490144690178,negative,0.00014459406381251767
1274365490203365376,negative,0.08917284233375622
1274365492648726530,negative,0.004845512593524563
1274365493118480384,negative,0.007628685414413218
1274365493625880576,negative,0.0011796649577434433
1274365493714051072,negative,0.055220237657514916
1274365493738999808,negative,0.1716938232040221
1274365493739126791,negative,2.951343780503577e-07
1274365494443810819,negative,0.004843091236173927
1274365494573883396,negative,0.29797611903559484
1274365494645207046,negative,0.0021078618226286227
1274365494783606785,neutral,0.5676433094769899
1274365496821981186,negative,0.003401178487566604
1274365496851390465,negative,0.0006522734803833132
1274365497635672065,negative,0.0017229423182791763
1274365497870614528,neutral,0.552604093023779
1274365497870618624,negative,0.13949552936821852
1274365498348756992,neutral,0.46052437398802043
1274365498470199297,negative,0.2417208868741504
1274365499179184129,negative,0.00014459406381251767
1274365501544824832,negative,5.59160763227595e-05
1274365501624344578,positive,0.7040950283646137
1274365501658083328,negative,0.00014459406381251767
1274365501700014085,negative,4.319194916105919e-06
1274365501779689474,negative,0.0331971951986892
1274365501884583937,negative,0.015333353505769236
1274365502001942528,negative,0.05592593259625326
1274365502287159296,negative,0.06382395270961093
1274365502480146432,negative,0.00014459406381251767
1274365502882754567,negative,0.11941814385678137
1274365503033741313,neutral,0.5081296200201159
1274365505437085696,negative,0.04868413656103167
1274365505466519555,negative,0.0022347313356038245
1274365505521016835,negative,0.03113729157679135
1274365505705476101,negative,0.04569006701701783
1274365506137571331,negative,4.1913653600767154e-05
1274365506192097280,negative,0.0018906542360470806
1274365506791882756,negative,0.05833911388962381
1274365506808668162,negative,2.0674641768912084e-05
1274365506980585477,negative,0.04868413656103167
1274365507043569666,negative,7.774623362294439e-05
1274365509614665728,negative,0.02102601543626555
1274365509866323968,negative,0.0008921508706219787
1274365510486982657,negative,0.08917284233375622
1274365510709379072,negative,0.0798813010626473
1274365510784675847,negative,0.13178064959354038
1274365511070027779,negative,3.258717033735191e-10
1274365513808871424,negative,0.00036223093330713726
1274365514370949123,negative,0.19413116214590184
1274365514714759168,negative,0.02102601543626555
1274365515415187458,negative,0.0019477552199063614
1274365515520237570,negative,1.1071183644491722e-08
1274365515847303169,negative,0.01140068344308785
1274365517281800194,negative,2.329291543462926e-06
1274365517894242304,negative,0.08501573180126992
1274365518686957568,negative,8.840500731889966e-05
1274365522164006912,neutral,0.49789225920557484
1274365523158093825,negative,0.0032840455103954687
1274365523166400515,neutral,0.49789225920557484
1274365523418124288,negative,0.023363227279999527
1274365526362296320,negative,0.2733320189630589
1274365526404259845,negative,0.004843091236173927
1274365526479982592,negative,0.028229849599780026
1274365526559653891,negative,0.11733166319877615
1274365527314632704,negative,2.088422457257334e-05
1274365527360749570,negative,0.01024459341701663
1274365527427858433,negative,1.1063130400649612e-07
1274365527574618113,positive,0.763492726677842
1274365527683710978,negative,0.1050670754281013
1274365527767515145,negative,0.003628581467085475
1274365527792680968,negative,0.0010986540526554834
1274365527922704384,negative,0.0005922380310637912
1274365530531643392,negative,0.0024583695926205114
1274365530879807488,negative,0.08023930523735376
1274365531043184641,negative,0.05875865796177916
1274365531701891073,negative,0.06059680229770262
1274365531999612928,negative,0.014460568350630408
1274365532112924673,negative,3.0645508591050473e-06
1274365532301639682,positive,0.748001763646961
1274365532469411841,negative,0.1237213486482113
1274365532515512320,negative,0.08575467508938993
1274365534667186176,negative,0.0002614962108845666
1274365534944079872,neutral,0.6020347380261928
1274365535132803072,negative,0.01024459341701663
1274365535174766593,neutral,0.44238966854559575
1274365535648505856,neutral,0.4469203531611031
1274365535837458435,neutral,0.3988221540202825
1274365535963283460,negative,1.1071183644491722e-08
1274365536126763008,neutral,0.6484845892962301
1274365536361684993,negative,5.715169679529068e-06
1274365536638513155,negative,0.005912622997959794
1274365536747560964,negative,2.146980768804417e-05
1274365538903429130,negative,1.1257989752191355e-06
1274365539419373570,negative,1.1071183644491722e-08
1274365539511685125,negative,0.015921478668428087
1274365539973021697,negative,0.0028779006780079394
1274365543051677697,negative,0.09965753329704123
1274365543429087234,negative,9.782089804679564e-13
1274365543445934081,negative,1.694467631585577e-05
1274365543605309442,negative,0.2417208868741504
1274365543798255618,negative,9.782089804679564e-13
1274365544423096323,positive,0.9972623682349365
1274365544523841536,negative,0.00020817562045590026
1274365544532230144,negative,2.6483642060587684e-05
1274365545371090944,negative,0.08780028014807154
1274365545375203333,neutral,0.3556673342434199
1274365547166216193,negative,0.08035533771423903
1274365547359199238,negative,0.0021945493313212483
1274365547464069120,negative,0.027676813339786093
1274365547682168837,negative,0.020384887355742974
1274365547828793345,negative,0.0016757754933542043
1274365548214747137,negative,0.07509577442231544
1274365548365852672,negative,0.003943771983762746
1274365548378361859,negative,1.0872528108410854e-05
1274365548508430341,neutral,0.489423460826988
1274365548885917697,negative,0.32886548260954357
1274365549229858816,negative,0.00247334345657811
1274365549900976128,negative,0.07998569771605683
1274365551306047488,neutral,0.5280602760605483
1274365551608029184,negative,0.020384887355742974
1274365551608029185,neutral,0.5405629608673352
1274365551649918977,neutral,0.59014558221084
1274365551838744576,negative,0.021058380263997072
1274365552480444418,negative,0.004843091236173927
1274365552551702529,negative,0.17047422705225662
1274365552719470592,negative,0.04868413656103167
1274365552723664898,positive,0.8168670945334474
1274365555848462336,negative,0.0003670859201048013
1274365555898802176,negative,0.2897207918155794
1274365556561412097,negative,1.2142951356898647e-05
1274365556708311042,negative,0.06488384530197223
1274365556909576193,negative,0.004843091236173927
1274365557375143941,positive,0.7510633804163345
1274365557396078593,positive,0.897740620973573
1274365559849844741,negative,1.0154766748185368e-07
1274365559925174272,negative,0.2799852519493358
1274365560407515139,negative,0.0011215207366607506
1274365560734855172,negative,0.1767131711416567
1274365561493958657,negative,0.0011215207366607506
1274365561783320578,negative,0.00042061611537774204
1274365563599544321,negative,0.26187093071945755
1274365564421537794,negative,0.15163077921048468
1274365564513734656,negative,0.004219772686331791
1274365564748795904,negative,0.001616511283051386
1274365565923098625,negative,9.833922441541116e-06
1274365566191632384,negative,0.014133905232716477
1274365567944851457,negative,0.00018543953686476415
1274365569312133123,negative,0.07509577442231544
1274365569567993856,positive,0.9088684073921355
1274365569593196545,negative,0.05839510813617035
1274365569710555138,negative,5.25933231523432e-06
1274365570230730752,negative,0.021917645045426298
1274365570503397376,negative,0.01140068344308785
1274365572705386504,negative,0.19483829439696254
1274365572835430402,negative,0.0007315135167748733
1274365573112225792,negative,0.005215513268580342
1274365574383108096,negative,0.0002004349914971027
1274365574680895489,negative,0.0003483700871986008
1274365574764691457,positive,0.9260460732612994
1274365574936768512,neutral,0.6592904459666945
1274365575226167297,negative,0.00247334345657811
1274365576513798144,neutral,0.5196000172536228
1274365576564158467,negative,0.06035290474860761
1274365576987791360,negative,0.04868413656103167
1274365577004494849,negative,0.003942560465836608
1274365579118477312,negative,5.252465356948966e-06
1274365579420471297,negative,4.363257631511972e-05
1274365579563077633,negative,0.048124405087012406
1274365579722457088,negative,0.1087158435066656
1274365579877658624,negative,2.8656526328885995e-06
1274365581567971329,negative,0.2037813988775199
1274365581697921025,negative,0.20733984974439548
1274365581949575170,negative,2.6306747241241555e-07
1274365581974597633,negative,0.02738764886718594
1274365582012559364,negative,8.840500731889966e-05
1274365582150860800,negative,0.003401178487566604
1274365582612271104,negative,1.9764312513653535e-05
1274365582650101761,positive,0.9327698410491078
1274365582696157185,negative,2.3106849692599853e-07
1274365582784282627,negative,0.16692430578878073
1274365585288241153,negative,0.004753625520955285
1274365585867132943,positive,0.763492726677842
1274365585955024903,negative,2.3074830127957368e-05
1274365586357850112,negative,0.010153699423074864
1274365586433290241,negative,0.04114968719529996
1274365589071552512,negative,0.034301333211182256
1274365589734281216,negative,2.891028431780011e-15
1274365589788688388,negative,0.1087158435066656
1274365590086594561,negative,0.001960675041189952
1274365590249996289,positive,0.8286012028805883
1274365590304522241,negative,0.010316527130737304
1274365590669582336,negative,0.05314835889267664
1274365590879318018,negative,0.09988079043538062
1274365593295163394,negative,4.0137644822369474e-06
1274365593630769153,negative,0.00038606908473136305
1274365593924362240,positive,0.8119452864727749
1274365594016657410,neutral,0.4686555698045724
1274365594582700032,negative,0.011448849023057617
1274365595082002434,negative,5.154586230362835e-05
1274365595337850881,negative,0.07509577442231544
1274365597690757125,neutral,0.4916445307866068
1274365597963427841,negative,0.16451108071011875
1274365598206578689,negative,0.0015674111993553015
1274365598726852610,neutral,0.46052437398802043
1274365598865260544,neutral,0.4527438818270552
1274365599297257475,negative,0.0033701988083785447
1274365599297265665,positive,0.7570853967135105
1274365602312982529,negative,0.17267246084100846
1274365602484928513,negative,0.1087158435066656
1274365602552074244,neutral,0.4780350104355538
1274365602963116032,neutral,0.49789225920557484
1274365602984050688,negative,0.03335840383324745
1274365603432681472,negative,0.04793605832847161
1274365603554435072,negative,0.0011171186280900822
1274365607513817088,negative,8.72965302300608e-05
1274365610147930112,negative,3.0852532410640343e-07
1274365610370236416,negative,3.38794706851042e-05
1274365610504437762,negative,0.262180759925713
1274365610764492809,negative,0.03165176352812159
1274365611645296642,negative,0.0013827125914938928
1274365612408569859,negative,0.13860763471954535
1274365614451294208,negative,1.6300532801452974e-05
1274365614522544129,negative,0.004958091544645681
1274365615030108160,negative,1.7775526385398543e-08
1274365615071887361,negative,0.004843091236173927
1274365615134765062,negative,0.04486776980215158
1274365615151685634,negative,0.018143445284569664
1274365615407534080,negative,0.0011215207366607506
1274365615785086981,negative,0.004887322158981
1274365615990607877,negative,0.006866334198456455
1274365616175091713,negative,0.0023331838442473304
1274365616640663557,negative,0.18795859623648656
1274365618595266560,negative,6.43329469644149e-16
1274365618746044416,negative,1.1071183644491722e-08
1274365619719241735,negative,0.05141784201110951
1274365620423966720,negative,0.2394110094948839
1274365620566573057,negative,2.1696129733191414e-05
1274365620738547713,negative,0.011448849023057617
1274365620818079745,neutral,0.582294378837787
1274365622730788866,negative,0.018130723281608276
1274365623104126976,negative,0.005402909033626645
1274365623112474624,negative,0.2864145558920463
1274365623951392769,negative,0.11510964433225435
1274365624047808512,neutral,0.5994534969101798
1274365624152657925,negative,1.2940966475051762e-08
1274365624320483329,negative,0.05839510813617035
1274365624853188612,negative,0.00247334345657811
1274365626962735104,negative,0.0003618176651520806
1274365627034042372,negative,0.020384887355742974
1274365627621351426,negative,0.004753625520955285
1274365628716122114,negative,0.20090774845963275
1274365628812492800,negative,0.023732173558476437
1274365629034881024,negative,0.020334647063988995
1274365629307531266,negative,0.007050093911298504
1274365631228530688,negative,0.005125267574008547
1274365631471718401,negative,0.00383603585314365
1274365631584854022,negative,0.001616511283051386
1274365631865987072,negative,0.0010637190713420205
1274365631928897537,negative,0.09712453899366252
1274365632008671232,negative,0.00023286648495484703
1274365632470044672,negative,0.10188734314977094
1274365632566439936,negative,0.01140068344308785
1274365632801374213,negative,0.004843091236173927
1274365632956555270,negative,0.05268116698224721
1274365633019482113,negative,0.02102601543626555
1274365635250851845,negative,0.0798813010626473
1274365635259256832,negative,0.1519519621115061
1274365635372494855,negative,0.0001999203009924312
1274365635687002112,negative,0.02102601543626555
1274365636773363722,negative,0.0021772946379553845
1274365636911693825,negative,3.3909552246937724e-05
1274365637184434176,negative,2.3711555164843896e-05
1274365637821960192,negative,0.038191854869339736
1274365638925004802,neutral,0.5398362570212623
1274365639478697985,neutral,0.5332928607855912
1274365639688364032,negative,0.1439026613224811
1274365639990353927,negative,0.01140068344308785
1274365640707579906,positive,0.8807136691103005
1274365641340997632,negative,0.04868413656103167
1274365641387061248,negative,0.00041785132064249786
1274365643685593088,negative,0.003420226946203081
1274365643735916546,negative,0.013668463977399807
1274365644604166147,negative,0.1500994684723329
1274365645073854464,negative,0.005030858134448983
1274365645300338692,negative,0.22301010244854974
1274365645426229248,neutral,0.46598398918449585
1274365645526876160,neutral,0.46052437398802043
1274365645644234752,negative,0.00023087715721747398
1274365648630689793,negative,0.11733166319877615
1274365648647286785,negative,0.0011215207366607506
1274365648655781893,negative,0.00014459406381251767
1274365648701927425,negative,0.0006303622924116255
1274365649209483264,positive,0.7868657627187406
1274365649511485441,negative,0.0007614259594549556
1274365649591164928,negative,0.04868413656103167
1274365649595310080,negative,5.361166074811908e-06
1274365651981750272,negative,0.1608681682475487
1274365652325879808,negative,0.0012932623361720983
1274365652430700546,negative,0.04522836935859977
1274365653374382082,negative,5.692839550525292e-09
1274365653689028610,negative,2.1699902213743594e-08
1274365656239128577,negative,5.25933231523432e-06
1274365656272683009,negative,0.0026612197326891266
1274365656369033217,negative,0.0011215207366607506
1274365656557854728,negative,0.04868413656103167
1274365656700456960,neutral,0.384193574996842
1274365657153404928,negative,0.004843091236173927
1274365657170112512,neutral,0.44351615231568803
1274365657291927552,negative,0.2654417857709204
1274365657505816577,neutral,0.4737554465528978
1274365657677729794,negative,0.001616511283051386
1274365657900109825,negative,4.4942364986113665e-06
1274365657979781120,negative,1.8975866285024973e-06
1274365658210471937,negative,0.0246359618911766
1274365660588638208,negative,2.2607703055852016e-05
1274365661419122688,neutral,0.6187997534885424
1274365661586903041,negative,0.028930418441322908
1274365661691514884,neutral,0.5136446707795853
1274365661712658434,negative,0.001616511283051386
1274365662043881473,negative,1.1071183644491722e-08
1274365662249414662,positive,0.9134326559292443
1274365666041253889,negative,9.901944537474272e-09
1274365668813611015,negative,0.0024352425099487957
1274365668834471939,negative,0.29761571709333384
1274365668842971136,negative,0.0021982444301871487
1274365668897456131,negative,0.13172800381638772
1274365669023404034,negative,0.03960809798836776
1274365669044367364,positive,0.741168634403206
1274365669107273729,negative,0.05738731705847255
1274365669153411073,negative,0.02458097564410094
1274365669161779202,negative,0.1959959608800604
1274365670260695052,negative,0.02897331564704271
1274365670642388992,negative,0.017981470522138703
1274365670969487365,neutral,0.35785643069366135
1274365671342854144,negative,0.10117530298289434
1274365671707684866,negative,3.3151610001705632e-06
1274365671745429505,negative,3.4975529498885335e-10
1274365673209245696,negative,3.3947342248378015e-06
1274365673792327680,negative,0.00015480059064113327
1274365674069114882,negative,0.001616511283051386
1274365674446618625,negative,6.484066775642223e-13
1274365674446618627,neutral,0.5519373384252895
1274365674505277440,negative,0.01140068344308785
1274365674681401346,neutral,0.3546365085343995
1274365677961437187,negative,0.07327654202549114
1274365678061928448,negative,0.0065637628605112065
1274365678665908224,negative,0.05431939966609225
1274365678997442566,negative,0.00017652551296259161
1274365679265812485,negative,2.971390050523876e-11
1274365679291023362,negative,0.01487803296732553
1274365679593050112,neutral,0.46598398918449585
1274365679689490433,negative,1.7240898212433143e-05
1274365681371426817,negative,5.25933231523432e-06
1274365681379815425,negative,0.0009547847785219859
1274365681660821507,negative,0.0010383132191317953
1274365681945980930,negative,0.009798420363232294
1274365682218663944,negative,0.03303376407787172
1274365682294145024,neutral,0.40819334745054037
1274365682344476682,negative,0.006676482875924144
1274365682550034434,negative,0.18097169728096155
1274365682570887169,negative,0.2044935214380634
1274365682667458563,negative,0.17047422705225662
1274365683040649218,negative,0.010320231446011024
1274365683091062784,negative,0.00014459406381251767
1274365683384700928,neutral,0.36728291019967485
1274365683388866562,negative,0.04868413656103167
1274365685481652229,negative,5.595690071694021e-10
1274365685548953607,neutral,0.6480402478741348
1274365686001827842,negative,0.004843091236173927
1274365686186496001,neutral,0.3691803082219684
1274365686295474177,negative,0.04868413656103167
1274365686329024512,positive,0.7102663774040795
1274365686643601411,negative,0.0012501975498785843
1274365687264354306,negative,0.015859269476485673
1274365687348318214,negative,1.2467588319867987e-05
1274365688082284544,negative,0.08983321350776034
1274365689814560768,neutral,0.44163417844180597
1274365690770788354,negative,0.0006303622924116255
1274365691064463360,neutral,0.3925236105510046
1274365691185987586,neutral,0.47825815524877363
1274365691387359234,neutral,0.4687743928819027
1274365691748122626,negative,0.04868413656103167
1274365691970404354,negative,0.003401178487566604
1274365692104437763,neutral,0.4127008147714305
1274365692159066114,negative,0.0092744064496032
1274365694092640262,neutral,0.37525890839322623
1274365694507974657,positive,0.7640460360575336
1274365694809956354,negative,0.2417208868741504
1274365695418150913,negative,2.4328572849249667e-08
1274365695468408834,negative,0.06225317330945501
1274365695850090496,negative,0.009097400119907085
1274365696428908546,negative,0.02102601543626555
1274365698178011136,negative,0.01531891885728109
1274365698773524480,negative,0.018220451514098804
1274365698928783365,positive,0.8862975862036888
1274365698957959169,negative,8.123347876440576e-05
1274365698979041280,negative,0.002117809029372454
1274365699469840386,neutral,0.42507619662732005
1274365699490746368,negative,0.11908366697410772
1274365702573633536,neutral,0.5484884395128985
1274365702846152708,negative,5.9938846876644e-08
1274365702925889538,negative,2.798743187603679e-05
1274365703022415879,positive,0.897740620973573
1274365703689289728,negative,0.07950576761121148
1274365703697678336,negative,0.029223313104626173
1274365703748009986,negative,0.006012481076178621
1274365703924133890,negative,0.017066904611098384
1274365704104480768,negative,0.1325753087794919
1274365704184180736,negative,5.094166772461122e-06
1274365706419818496,negative,0.0008345803927070786
1274365706713346052,negative,0.0599197869965382
1274365707120238592,negative,0.002648052673375941
1274365707279577098,negative,0.0004190218512705558
1274365707749412867,negative,0.04868413656103167
1274365708118491136,negative,0.01024459341701663
1274365710748266499,negative,5.0169419606576766e-08
1274365710911909889,neutral,0.4471484058472708
1274365711364784131,negative,0.1948672813498468
1274365711838785537,negative,3.38794706851042e-05
1274365712421629952,negative,0.13949552936821852
1274365712434372608,negative,0.003045644657308734
1274365712627306497,negative,0.0021205043851629407
1274365712681914368,negative,0.004843091236173927
1274365712782569477,negative,0.1087158435066656
1274365713298477057,negative,0.05856538091276087
1274365714900619266,neutral,0.47233708548220604
1274365715005485056,negative,6.891995210179616e-07
1274365715013865474,negative,0.007828697389184583
1274365715064279045,negative,0.0092744064496032
1274365715198496768,negative,8.875547998667753e-07
1274365715538153473,negative,2.787297328760927e-09
1274365715752128512,negative,0.0002400857791051532
1274365715924033537,negative,0.06692776332420418
1274365716167364608,negative,1.66923501181149e-05
1274365716687228928,negative,0.0019370980186635847
1274365717073231874,negative,0.18097169728096155
1274365719828971520,negative,0.02102601543626555
1274365719896035333,negative,9.782089804679564e-13
1274365719921254401,negative,7.536363082608223e-08
1274365720130969600,negative,9.838029596861479e-06
1274365720231542784,negative,1.7694270408410493e-07
1274365720273584130,positive,0.9597645762593177
1274365720546234368,negative,0.03930358088307527
1274365720898539520,negative,1.9684284881358229e-10
1274365721259040769,negative,0.07667422138418456
1274365721615699970,positive,0.8167066301350949
1274365721712234497,neutral,0.6385010862008457
1274365723293429761,negative,0.029244268885268345
1274365724186816513,neutral,0.40819334745054037
1274365724266504199,negative,1.694467631585577e-05
1274365724341997568,negative,0.038153568964844585
1274365724816035848,negative,0.00048482838392535947
1274365724841127943,positive,0.7888762678339439
1274365725117943809,negative,0.11959691940033572
1274365725545816064,negative,0.3121674576291124
1274365727793913856,negative,6.309560018962608e-07
1274365728049827842,negative,0.18097169728096155
1274365728158879744,negative,0.0011215207366607506
1274365728167211010,negative,0.0005031306678390225
1274365728766951427,negative,5.252465356948966e-06
1274365729039618048,negative,0.13790906241702833
1274365729567936512,negative,0.0002619169659521643
1274365731744989187,negative,0.04868413656103167
1274365731841417216,negative,1.1257989752191355e-06
1274365732613173248,negative,0.015682645292981887
1274365732743262209,negative,0.10585517777970267
1274365733410127872,negative,0.00014459406381251767
1274365733435314181,negative,0.000928988016910869
1274365733435322368,neutral,0.4766795874967358
1274365733779226625,negative,0.14431521759184912
1274365733850447872,negative,0.0021772946379553845
1274365733896626179,negative,2.966105323258175e-05
1274365734186110976,negative,0.0011215207366607506
1274365734710325249,negative,0.0798813010626473
1274365735523975170,neutral,0.33297414672713804
1274365736216137729,negative,0.05640553877960314
1274365736262275072,negative,0.00039976985880315697
1274365736304152577,negative,0.0008465181267758986
1274365736354447360,negative,0.0025219167544889907
1274365736761331713,negative,0.14422441695466023
1274365737499533314,negative,0.0011043230200440933
1274365737709289472,negative,0.0575342231330949
1274365737784795142,negative,0.0021772946379553845
1274365738266968066,negative,0.01150095415345453
1274365740305600513,negative,0.0771847225977192
1274365740334940160,negative,0.12351301191306997
1274365740376784898,negative,0.2697965898796189
1274365740548870147,neutral,0.5484884395128985
1274365740712448002,negative,0.275958358184994
1274365741014319104,negative,1.1071183644491722e-08
1274365741572272129,negative,0.05275845957042333
1274365741630992384,negative,0.005179260577913655
1274365742008467460,negative,0.09138030151122911
1274365742222315521,negative,0.03711619077575146
1274365744759873537,negative,0.003401178487566604
1274365744776728576,negative,0.2417208868741504
1274365744994811905,neutral,0.4504888139938193
1274365745141387264,negative,0.13949552936821852
1274365745162575873,neutral,0.40285005711847627
1274365745422577664,negative,9.437054737817026e-05
1274365745544060928,negative,0.004843091236173927
1274365745602932736,neutral,0.4686555698045724
1274365745615507469,positive,0.9056277195357519
1274365745917579269,negative,0.015333353505769236
1274365746001448960,negative,0.01024459341701663
1274365746072694786,negative,1.2409853078922997e-05
1274365746353786886,negative,0.16759879051097845
1274365746416582660,negative,0.00014459406381251767
1274365746475413506,negative,0.04868413656103167
1274365748190736384,negative,5.799251919554928e-12
1274365748555722752,negative,4.1272132663200155e-05
1274365749176434689,negative,0.023732173558476437
1274365749239386112,negative,0.0006605597808121078
1274365749528649728,positive,0.850442135653559
1274365749696647169,negative,0.027465959261035424
1274365749809819649,neutral,0.3399314214279031
1274365750342533120,negative,0.0019477552199063614
1274365750761963526,negative,0.00014459406381251767
1274365752687149062,negative,0.07509577442231544
1274365753139970048,negative,8.123347876440576e-05
1274365753479888897,neutral,0.5400193702287729
1274365753823805440,negative,0.004349280466857332
1274365754188500992,positive,0.9999357238639874
1274365754608103424,negative,0.0912696417827087
1274365755283431429,positive,0.9785383096819075
1274365755300229121,positive,0.7517960675490067
1274365755451035649,negative,0.2417208868741504
1274365756935999490,negative,1.637839043713939e-08
1274365757594300419,neutral,0.3726847435457324
1274365758085255168,negative,0.009464303096134236
1274365758466752514,negative,1.1071183644491722e-08
1274365758856851458,positive,0.9995845597596971
1274365759238660096,negative,0.021742177510265318
1274365761545555969,negative,0.05337241651393949
1274365761822187520,negative,0.2417208868741504
1274365762078212097,negative,0.00025995428544422664
1274365762845753346,negative,0.0002692651098400727
1274365762933788672,negative,0.07327654202549114
1274365762959020035,negative,8.72965302300608e-05
1274365763240026113,neutral,0.43257022241963244
1274365763407806464,negative,0.0011215207366607506
1274365763722153991,negative,5.094166772461122e-06
1274365765660094466,positive,0.8692400001313588
1274365765962076161,negative,0.0004949301532945707
1274365766087958529,neutral,0.47825815524877363
1274365766188630017,negative,0.2394110094948839
1274365766201114629,negative,0.17047422705225662
1274365766465400837,neutral,0.5494654261430498
1274365766494760961,negative,0.029572503522757535
1274365766960320515,negative,0.00037121730800023883
1274365767060983808,negative,5.252465356948966e-06
1274365769602777088,negative,2.2607703055852016e-05
1274365769716060161,neutral,0.4801163708652111
1274365769816649729,negative,0.0021625795954240763
1274365770215182338,negative,0.0021625795954240763
1274365770290601987,negative,0.00010855481899692502
1274365770307260420,negative,0.06242241308467077
1274365770366156800,negative,0.13790906241702833
1274365770441596928,negative,2.6542971321330606e-22
1274365770479341568,neutral,0.5140065290278882
1274365770709991424,negative,5.4829442453693136e-05
1274365770953363456,negative,0.002716483358838582
1274365771372781570,negative,0.007628685414413218
1274365773872615425,negative,0.001376309358279635
1274365773935308801,negative,0.1266919358380019
1274365774057164801,neutral,0.5819696420211972
1274365774816256001,negative,5.25933231523432e-06
1274365774975635457,neutral,0.5467018084453114
1274365775416000512,negative,3.38794706851042e-05
1274365775478833154,negative,0.05897235857735733
1274365775726489602,negative,0.04690213109541052
1274365777827770369,negative,0.003401178487566604
1274365778389843968,negative,0.07332081263736064
1274365778783944706,negative,0.22561333375529458
1274365779442634753,negative,8.492795539922678e-05
1274365782106017794,negative,0.11142207120075065
1274365782286270466,negative,0.07659963311199816
1274365782378545154,negative,0.19603177484339881
1274365782512852998,positive,0.9542043903517397
1274365783032856577,negative,0.24125225892618132
1274365783087472640,negative,1.8764634174988363e-05
1274365784375132160,negative,0.05592593259625326
1274365786329624577,neutral,0.42574232066054873
1274365786446954497,negative,0.011648932343092671
1274365786853908484,negative,0.1547047975678359
1274365787181142016,negative,0.004843091236173927
1274365787197841408,negative,0.01140068344308785
1274365787348914176,negative,0.04868413656103167
1274365787822833664,negative,0.04649645873896425
1274365787898368004,negative,0.12512430072708108
1274365788078641157,negative,0.0006258583432467367
1274365788250533889,negative,0.23540932660475059
1274365788275855361,negative,8.840500731889966e-05
1274365788401647617,negative,1.1071183644491722e-08
1274365790620250112,negative,0.09965753329704123
1274365791073337345,negative,0.275958358184994
1274365791228571648,negative,0.006012481076178621
1274365791236952065,negative,0.010389705909980252
1274365791303921664,negative,0.017981470522138703
1274365791555792899,neutral,0.49789225920557484
1274365791694192640,negative,0.037078056247191106
1274365792277143552,neutral,0.4687743928819027
1274365792595951616,negative,0.0017963022944715468
1274365794797998082,positive,0.7640460360575336
1274365795032850432,negative,0.0004482122014714791
1274365795154313217,negative,0.001616511283051386
1274365795238207489,negative,0.028038241783233255
1274365795431301125,positive,0.8286012028805883
1274365795724820482,negative,0.02102601543626555
1274365796135907330,negative,0.021742177510265318
1274365796379168768,positive,0.9933554812709204
1274365798740627462,negative,1.5148043034584265e-09
1274365798916726785,negative,0.29761571709333384
1274365799076151303,negative,0.05839510813617035
1274365799336198147,positive,0.9969616390735564
1274365799717797888,negative,1.3550283473192948e-05
1274365799722029056,negative,0.001705469167512367
1274365799894061057,negative,0.004845512593524563
1274365800057536515,negative,0.018847007905859206
1274365800250572800,negative,0.13949552936821852
1274365800430829568,negative,0.0009388909034054378
1274365800531533824,negative,0.018821258237733233
1274365803190681600,negative,0.0002635750542583996
1274365803467603969,negative,5.632850120861332e-12
1274365803748450304,negative,0.0001690568256560749
1274365803874275331,negative,0.0011215207366607506
1274365804138713088,negative,0.03931759832488339
1274365804247646208,negative,0.23540932660475059
1274365804310454272,negative,0.2417208868741504
1274365804386058242,neutral,0.5252899139995859
1274365804742574080,negative,7.252056208351137e-15
1274365804977491970,negative,0.13949552936821852
1274365805086543873,negative,0.04868413656103167
1274365805325619200,negative,0.04525078887301855
1274365805615071234,negative,0.009886347585916493
1274365807200555008,negative,0.18097169728096155
1274365807317811200,negative,2.9866234969716713e-06
1274365807443746817,negative,0.00014459406381251767
1274365807515119617,negative,0.06081655062018614
1274365807863246848,negative,0.17047422705225662
1274365808374951943,negative,8.443564912871401e-05
1274365808446234626,positive,0.9848345625434974
1274365808815333376,negative,0.0013259357768049605
1274365808832065537,negative,0.004843091236173927
1274365809054400518,positive,0.9999292110131115
1274365809138286597,negative,0.0011932448869651758
1274365809301901312,negative,0.06239308982115497
1274365809440284677,neutral,0.47825815524877363
1274365811679989760,negative,0.04868413656103167
1274365812028182529,negative,0.11162762197975168
1274365812074258432,negative,0.00772065754108668
1274365812212731904,negative,0.021464137872224967
1274365812791562240,negative,0.00015169724428728773
1274365813521354752,positive,0.8585319019276769
1274365813726773248,negative,8.443564912871401e-05
1274365813810700288,negative,0.16393653381053452
1274365816054693889,negative,0.023546126091059882
1274365816604168192,positive,0.7532143714907016
1274365816780345344,negative,1.404054265000646e-06
1274365817002561539,negative,0.041479524595240555
1274365817090646017,negative,0.13656221522950338
1274365817212329990,negative,0.01153100863976048
1274365817526931457,negative,0.034335771119983066
1274365817635946497,negative,1.0574318654931666e-05
1274365818424475648,negative,0.006501171642686924
1274365820605530113,neutral,0.4687743928819027
1274365821377224705,neutral,0.5805636981758804
1274365821721198593,negative,0.00639292300094138
1274365821725351940,negative,0.06919360840379962
1274365821842833409,negative,0.001616511283051386
1274365822354558978,neutral,0.5430357635287411
1274365822375546880,negative,0.004427865377390981
1274365822727831552,negative,0.004427865377390981
1274365824518836225,negative,0.29761571709333384
1274365825336696833,negative,0.09965753329704123
1274365825399631873,negative,0.12703271384507175
1274365825454149632,negative,1.97253659302448e-09
1274365825911336960,negative,0.04437499090740385
1274365825923919872,neutral,0.3385252644667176
1274365825923919873,negative,1.1071183644491722e-08
1274365826246651905,negative,8.01881466477548e-05
1274365826276233218,negative,0.0026500790755491135
1274365828360699906,negative,0.0004386226562142381
1274365828394344460,negative,1.7200219814215517e-05
1274365829300224004,negative,0.005507990781263024
1274365829497401349,negative,0.00021141921140676293
1274365829770088451,negative,6.322246847783221e-05
1274365829954576384,negative,0.20381068259756174
1274365830009163780,negative,0.010491245763490495
1274365830034317312,negative,4.039396475969088e-05
1274365830185312260,negative,1.0502768995808951e-05
1274365830223011840,negative,2.0962471151660845e-05
1274365830306893824,negative,2.302795190376347e-05
1274365830419984384,negative,1.1071183644491722e-08
1274365832693514242,negative,1.0831403165753612e-05
1274365832915824640,negative,0.1087158435066656
1274365832919908356,negative,0.00563127424731519
1274365833226092544,negative,0.03506496273193405
1274365834278862852,negative,0.12937518021785752
1274365834488696833,neutral,0.49789225920557484
1274365834618638337,negative,0.0025374225130887743
1274365834731937795,negative,0.08049436031956556
1274365834740236288,negative,4.885695688676609e-05
1274365834895523840,negative,0.004427865377390981
1274365836736815105,negative,0.04868413656103167
1274365837034622976,neutral,0.4513605618894927
1274365837088944129,negative,0.0011215207366607506
1274365837244346369,negative,1.694467631585577e-05
1274365837806383104,negative,0.004843091236173927
1274365837965737989,negative,3.683391114400992e-05
1274365841652486146,negative,0.014309255992588546
1274365842185228289,negative,2.4130802929792167e-05
1274365842290102272,negative,0.0025244154240155283
1274365842357182464,negative,0.025893616176547708
1274365842449408001,negative,8.840500731889966e-05
1274365843359531013,negative,0.28878639734164807
1274365844886355969,negative,0.0005833353590071568
1274365845729415169,negative,1.1071183644491722e-08
1274365845926375425,negative,0.26439340143768847
1274365846656372738,positive,0.9711043357132121
1274365846962556928,negative,1.1071183644491722e-08
1274365847310565376,negative,0.12937518021785752
1274365849160146945,negative,0.001616511283051386
1274365849273536514,negative,2.2607703055852016e-05
1274365849864794113,negative,0.004843091236173927
1274365850867433475,negative,0.18795859623648656
1274365851215564800,neutral,0.6592904459666945
1274365853828558860,negative,0.04868413656103167
1274365853912444931,neutral,0.5931648674364634
1274365854063439877,neutral,0.3318372530457901
1274365854084263936,negative,0.0011215207366607506
1274365854243848192,negative,0.018130723281608276
1274365854755557378,negative,0.09988079043538062
1274365855506280453,neutral,0.40584512377659965
1274365855548223488,negative,0.1420362804810399
1274365857607663618,negative,5.692839550525292e-09
1274365857834110977,negative,2.931279538235397e-06
1274365857968394241,negative,0.19471960230318192
1274365857980956672,negative,0.028090879857143165
1274365858048024579,negative,0.016851624461631864
1274365858362658817,negative,0.030380902981738126
1274365858563805185,negative,0.038191854869339736
1274365859159584768,positive,0.7896308023335322
1274365859407056898,negative,0.22122416942500223
1274365859516071940,negative,1.844546099736206e-07
1274365862120550400,neutral,0.4592581206141447
1274365862187802626,negative,0.1087158435066656
1274365862246600705,negative,4.864359754624921e-05
1274365862263140352,negative,0.00031759902559699106
1274365862883938304,negative,0.003401178487566604
1274365863400005632,negative,0.14714843842171788
1274365866105344000,neutral,0.5841182470960892
1274365867413946369,negative,0.0014602559663277558
1274365867481092096,neutral,0.368573174201365
1274365867636125696,negative,0.0011215207366607506
1274365867686539264,negative,4.409683412435902e-12
1274365867749511172,negative,0.1754295197046087
1274365868495994881,negative,0.0006813216432906065
1274365870085734402,negative,0.0004851154138718949
1274365870605811712,negative,0.10117530298289434
1274365870836535298,negative,0.004843091236173927
1274365870932996097,negative,0.10823352291864381
1274365871021076487,negative,9.855972371376576e-05
1274365871067193344,negative,0.019753555300613648
1274365872337850370,negative,0.07327654202549114
1274365874359713799,negative,0.006533159281284754
1274365874493952001,negative,0.0011215207366607506
1274365874762375170,negative,0.09965753329704123
1274365875160788995,negative,0.00037121730800023883
1274365875336949762,neutral,0.3996580091506196
1274365875341025282,positive,0.8585319019276769
1274365875399819265,negative,0.14796343591632335
1274365875605450754,negative,0.24151054019797136
1274365875609653250,negative,5.866433437362104e-05
1274365876159098881,negative,0.0864815640667331
1274365876255567872,negative,0.04868413656103167
1274365876523810821,negative,0.001616511283051386
1274365879283834881,negative,0.18097169728096155
1274365879812308999,negative,0.00014459406381251767
1274365880781201410,negative,0.00014459406381251767
1274365880806387712,positive,0.897740620973573
1274365881167085569,negative,0.011448849023057617
1274365881397673985,negative,0.028027908079191373
1274365882794459136,negative,0.011955532699300185
1274365883318767616,negative,2.787297328760927e-09
1274365883687698433,negative,0.004843091236173927
1274365883880820736,negative,0.12703271384507175
1274365884082139136,negative,0.0007205096244652608
1274365884283473920,negative,0.014133905232716477
1274365886862962689,negative,0.04868413656103167
1274365887441666050,negative,0.05942892623855671
1274365887697600513,negative,0.0059267823760123265
1274365888595210241,negative,0.0018980158844752175
1274365888918106118,negative,0.003420226946203081
1274365890813886472,neutral,0.47304656426016695
1274365891019407362,negative,0.1338343152876698
1274365891631878144,negative,0.00014459406381251767
1274365891745103872,negative,1.1257989752191355e-06
1274365892118249473,negative,0.10250940701491047
1274365892206497794,negative,0.04868413656103167
1274365892470718465,negative,0.24726469826097738
1274365892554563584,neutral,0.4094150069872412
1274365892684546048,negative,0.04735080917640067
1274365892743385089,negative,0.004843091236173927
1274365892860747776,negative,0.02478437974599062
1274365893007552513,negative,0.002407049441370978
1274365893028597760,negative,0.0056187051009983936
1274365893032673281,negative,4.3031965093153006e-09
1274365893112446978,negative,0.2897207918155794
1274365893154410497,negative,0.18097169728096155
1274365893175382017,negative,0.08079242733100661
1274365895259959296,negative,1.9027470190114964e-05
1274365895314411520,negative,0.02261964546908969
1274365895314477059,negative,0.0006808945883180583
1274365895511437312,negative,1.1071183644491722e-08
1274365896182706177,negative,0.14422441695466023
1274365896446873600,negative,2.787297328760927e-09
1274365896451121158,neutral,0.47371072416927557
1274365896895664128,negative,2.5387323369938468e-08
1274365896904052736,positive,0.8286012028805883
1274365896996380672,negative,0.0002619169659521643
1274365897138937862,negative,0.022748557035248914
1274365897298378753,neutral,0.5196000172536228
1274365897533259776,negative,0.20151369114844733
1274365899701735425,negative,1.9684284881358229e-10
1274365899978481665,negative,0.007216100772828789
1274365900024676354,negative,3.246629193788248e-06
1274365900091797506,negative,0.08910931165320173
1274365901228384256,negative,0.03266621518869287
1274365901236731904,neutral,0.3726847435457324
1274365903648329730,negative,0.29761571709333384
1274365903665278977,negative,0.0020365961420647036
1274365903837200391,neutral,0.46598398918449585
1274365903946371073,negative,0.0064030189832280275
1274365904332230657,negative,0.05714072353572688
1274365904671965186,negative,0.00596725121848298
1274365905171030017,negative,0.09671382432033683
1274365905410146306,negative,1.954367259475363e-05
1274365905410154498,negative,0.014133905232716477
1274365907884822533,negative,0.004753625520955285
1274365908182601733,negative,0.275958358184994
1274365908262293510,negative,5.28485449575764e-07
1274365908279013376,negative,0.08023930523735376
1274365908371333122,negative,5.692839550525292e-09
1274365908555829248,positive,0.9116507914681907
1274365908866134016,negative,0.13949552936821852
1274365908929126402,negative,0.04963645200797898
1274365909155614720,negative,1.0182516470321385e-07
1274365909206011904,neutral,0.38073465314962995
1274365909419864065,negative,0.0016442973960655888
1274365909516369922,neutral,0.5136446707795853
1274365909633769473,negative,0.0004418144840176948
1274365911303159809,positive,0.9918791209297642
1274365912032972800,negative,0.0007699370890113074
1274365912284565511,negative,0.17012591976093555
1274365913484189697,negative,8.305729520704422e-05
1274365913500975104,negative,0.00767498404103532
1274365913748340737,neutral,0.41601800633058234
1274365916973842432,negative,0.00014459406381251767
1274365917221326848,negative,0.04868413656103167
1274365917250695168,negative,3.865337100441265e-05
1274365917384900608,negative,0.08910843779033782
1274365917443641344,negative,0.012595106915997746
1274365917657542657,negative,0.16197123806618097
1274365917816897536,neutral,0.4687743928819027
1274365917900783623,negative,0.0005500612242291591
1274365918169182214,negative,1.1071183644491722e-08
1274365920518057991,negative,0.016261174965124414
1274365920614498305,negative,0.0001627781592179522
1274365920920682496,negative,0.04868413656103167
1274365920949854208,negative,0.004843091236173927
1274365921348509697,negative,0.012810610788211177
1274365921835003909,negative,1.1071183644491722e-08
1274365922229264386,negative,0.02102601543626555
1274365922246045699,negative,0.1215572503300811
1274365922292178944,negative,0.006948931428536396
1274365922590035968,negative,8.840500731889966e-05
1274365924674605059,negative,0.17047422705225662
1274365924787785728,negative,0.0027555373899010808
1274365924963954689,negative,6.436472499499162e-10
1274365925647626242,positive,0.8167066301350949
1274365926134001664,negative,4.633640968126435e-06
1274365926561976322,neutral,0.5467018084453114
1274365926926934016,negative,5.25933231523432e-06
1274365927136641024,negative,0.013155108968159484
1274365927140864000,negative,0.0007439180519690388
1274365927283458049,neutral,0.6484845892962301
1274365927287672835,negative,0.008634284237377344
1274365929158254594,negative,5.6588436528011046e-05
1274365929254801410,negative,0.038153568964844585
1274365929342803968,negative,0.004843091236173927
1274365929493798913,negative,0.0002400857791051532
1274365929841975297,negative,0.29761571709333384
1274365929875542024,negative,0.0034255235962451043
1274365930131382273,neutral,0.35852963886964156
1274365930282369024,negative,0.004627473567154303
1274365930412310528,negative,0.005670958596589959
1274365930626256906,negative,0.021883740724882278
1274365930844442630,negative,1.9027470190114964e-05
1274365930991222784,negative,0.015522987730443905
1274365933029658629,negative,0.04868413656103167
1274365933188984833,negative,0.003401178487566604
1274365933226799105,negative,0.001616511283051386
1274365933813936135,negative,3.4682357617536073e-07
1274365934057201671,negative,0.0021625795954240763
1274365934157864960,negative,0.001102310072806244
1274365934233432070,negative,0.0011215207366607506
1274365934845730824,positive,0.9462622133487304
1274365934850002944,negative,0.0008157124964864668
1274365934912888833,negative,0.02460594107704766
1274365934963060739,negative,1.2467588319867987e-05
1274365935244148742,negative,0.0059583599279940695
1274365937752432641,negative,0.3267809960082405
1274365937769119744,neutral,0.46598398918449585
1274365938654040065,negative,1.1071183644491722e-08
1274365939035836418,negative,6.328566862483039e-07
1274365939061067776,negative,0.16613116156251148
1274365941552381953,negative,0.01024459341701663
1274365941623730177,negative,0.018191370886849637
1274365941678301190,neutral,0.49789225920557484
1274365941716062214,positive,0.8637944692622076
1274365941728632834,negative,0.021534050480074358
1274365942080966657,positive,0.9997370820378277
1274365942160592898,negative,0.21348388655669823
1274365942311550977,negative,0.13949552936821852
1274365943272087553,negative,0.0004389616891312649
1274365943389380608,negative,0.017858460822571993
1274365943725129728,negative,0.003401178487566604
1274365945348227073,negative,0.016891048289448502
1274365945734144000,negative,2.2607703055852016e-05
1274365945935474688,neutral,0.4126035047413691
1274365946509971457,negative,0.07998569771605683
1274365946585645061,negative,0.0003902125489874391
1274365947067936771,negative,0.030380902981738126
1274365947122462720,negative,0.010468720660797556
1274365947768381446,positive,0.9972833339877146
1274365949949468672,negative,0.02102601543626555
1274365949987209216,negative,2.759886536386932e-08
1274365950125584384,negative,1.0191001510573602e-10
1274365950960246785,negative,0.0025244154240155283
1274365951451058176,negative,0.03140120920213366
1274365951715221505,negative,0.003065677059359148
1274365951966949376,negative,0.011072112841427813
1274365952088584193,negative,8.123347876440576e-05
1274365952382164992,negative,0.2897207918155794
1274365952461869056,negative,0.13949552936821852
1274365953975910400,negative,0.0007929023877153596
1274365954005352449,negative,1.98450691461846e-12
1274365954047258627,negative,0.05493504109067962
1274365954261233664,negative,0.017981470522138703
1274365954852610049,neutral,0.5994534969101798
1274365954873532416,neutral,0.3946660906568613
1274365954898759681,negative,0.06506634427895432
1274365955162943490,positive,0.897740620973573
1274365955418750981,negative,0.04868413656103167
1274365955511062529,negative,0.04868413656103167
1274365955607613440,neutral,0.36277703620254154
1274365955909595136,negative,0.009104539034230797
1274365955943157760,negative,0.20253935116869437
1274365956320636928,negative,0.18097169728096155
1274365958258212865,negative,0.2799852519493358
1274365958895910913,negative,1.637839043713939e-08
1274365959118163969,negative,1.7412488952501254e-07
1274365959185317890,negative,1.157691023603853e-05
1274365959256649728,negative,0.05141784201110951
1274365959566843905,negative,0.018821258237733233
1274365959931867136,negative,0.003401178487566604
1274365960099692546,negative,2.2308560106121613e-06
1274365960456146946,neutral,0.5212084554669985
1274365962343649282,negative,0.013617701204055508
1274365962767212552,negative,0.009355143965602277
1274365962897313793,negative,0.04909331332616232
1274365963249553410,negative,0.027953209719420176
1274365963727667203,neutral,0.4507454498615163
1274365964063248390,negative,0.04868413656103167
1274365966684524547,negative,0.003065677059359148
1274365967053791239,negative,0.04868413656103167
1274365967502651394,negative,0.010583553962557021
1274365967506628609,positive,0.8585319019276769
1274365967544483841,negative,0.01140068344308785
1274365967632605187,negative,0.08917284233375622
1274365967829786628,negative,0.0028480157765644228
1274365968416833537,positive,0.8286012028805883
1274365968903319552,negative,0.03991978415093108
1274365969020997641,negative,2.7264104797180286e-09
1274365969373282306,positive,0.9969616390735564
1274365970761596928,negative,5.692839550525292e-09
1274365971067740161,negative,5.866433437362104e-05
1274365971222933504,negative,0.1237213486482113
1274365971600478209,negative,0.04868413656103167
1274365971617234944,negative,1.8975866285024973e-06
1274365971701137415,negative,0.07828770203869125
1274365971826978816,negative,0.2455413653978873
1274365972221177856,negative,0.0016771401933561656
1274365972468596736,negative,0.0021625795954240763
1274365973043216385,negative,2.0452212128368524e-05
1274365973135425536,negative,5.25933231523432e-06
1274365974905532419,negative,1.1071183644491722e-08
1274365975278878723,negative,0.0012864135664527618
1274365975576694785,neutral,0.3634244645650264
1274365975694098437,negative,0.048623759164358384
1274365975752736769,negative,0.17047422705225662
1274365976000245760,negative,0.20068083338485854
1274365976373538817,negative,6.322784582423262e-06
1274365976507793410,negative,3.38794706851042e-05
1274365976558153728,negative,0.04072679420926893
1274365976721657862,negative,0.18795859623648656
1274365976818200576,neutral,0.3902549084287698
1274365976851746818,negative,5.252465356948966e-06
1274365977191424000,negative,0.004753625520955285
1274365979376652288,negative,0.0034626224309764627
1274365979519332354,negative,0.004989714265797367
1274365979557060615,negative,0.015581169782053865
1274365979997470726,negative,0.014026828412018614
1274365980156866560,negative,0.1083382924392287
1274365980454596609,negative,0.0007206278447072315
1274365980865675268,negative,0.014460568350630408
1274365984040792069,negative,0.01140068344308785
1274365984099401728,negative,3.0448569914902506e-05
1274365984397238272,negative,0.004753625520955285
1274365984447619073,negative,2.9248621876390444e-09
1274365984984518665,negative,0.22885027527421328
1274365985101881351,negative,0.08917284233375622
1274365985160601601,positive,0.8302958420500414
1274365985634598913,negative,7.559385443025668e-05
1274365986075009024,neutral,0.42507619662732005
1274365987647893508,negative,0.11919709727946037
1274365988201365505,negative,0.02102601543626555
1274365988650262528,negative,0.014818830975160267
1274365988843241473,negative,0.008414636320704908
1274365988990058498,negative,4.406496650874596e-05
1274365989430460418,negative,3.7986489746946426e-05
1274365992106426368,negative,0.0021772946379553845
1274365992542572544,neutral,0.393291374208476
1274365992651698183,negative,8.72965302300608e-05
1274365993620582401,negative,0.01930727449495312
1274365996254584832,negative,0.0092744064496032
1274365996338479111,negative,3.152855152215035e-05
1274365996430696448,neutral,0.49789225920557484
1274365997814706177,neutral,0.49789225920557484
1274366000675336198,negative,0.08703047639848376
1274366000834785282,neutral,0.46598398918449585
1274366001321304064,negative,0.024934362757935043
1274366001413488644,negative,0.0006107421651236862
1274366001895833600,negative,0.005470481652926925
1274366001929498626,negative,4.197386609281693e-05
1274366002046926848,negative,0.03474024201811504
1274366002529103872,negative,2.8656526328885995e-06
1274366004928425985,negative,0.0012904918082441788
1274366005049950209,negative,0.030062744238629296
1274366005268135937,negative,0.00021994297003902617
1274366005406568448,negative,0.004843091236173927
1274366005888901120,negative,0.055162715980691446
1274366006052388865,positive,0.9400995602577226
1274366006203473920,negative,0.13172800381638772
1274366006400479232,negative,0.2858694614235695
1274366008812158977,neutral,0.4899951777522356
1274366009055600643,negative,0.027721570880361746
1274366009068130306,negative,0.0864815640667331
1274366009202429958,negative,2.3981698335577745e-11
1274366009445691395,negative,0.3106521718251181
1274366009990840321,negative,0.032395623911285386
1274366010078957569,negative,0.22915103025480452
1274366010116710400,negative,0.23866331528841414
1274366010376634368,negative,0.13949552936821852
1274366010448138240,negative,0.04868413656103167
1274366013044293632,negative,0.003401178487566604
1274366013497360387,negative,5.252465356948966e-06
1274366013539311617,negative,3.2143766707618435e-05
1274366013971271683,negative,0.2417208868741504
1274366013971275777,negative,0.04868413656103167
1274366013971324934,neutral,0.49789225920557484
1274366014227132417,negative,0.004843091236173927
1274366017305751558,negative,0.09071717251954439
1274366017695858688,negative,0.01140068344308785
1274366017792245762,negative,0.0004949301532945707
1274366017922371585,negative,2.8889210557999596e-07
1274366018647986176,neutral,0.40819334745054037
1274366019138662403,neutral,0.38173543991305214
1274366019293917188,negative,0.009039159367626181
1274366021030338563,negative,7.283209551176329e-14
1274366021051301888,neutral,0.46732779324752766
1274366021101469700,negative,0.29761571709333384
1274366021567229953,negative,0.01140068344308785
1274366022749954048,neutral,0.552604093023779
1274366022917722118,negative,0.00014459406381251767
1274366022972137472,negative,0.00023827530064147407
1274366025518153728,negative,0.18009643922747415
1274366025946062848,negative,0.00014459406381251767
1274366026264829953,negative,0.0006191832696311069
1274366026583547904,negative,0.002407049441370978
1274366026658967554,negative,0.003401178487566604
1274366026898198528,negative,0.015548998880221356
1274366029775294466,negative,0.0033063118235753487
1274366029955768320,negative,5.536245435973351e-06
1274366030148755462,negative,3.683391114400992e-05
1274366030249410562,negative,3.3066105536328915e-05
1274366030454931456,negative,0.0021625795954240763
1274366030505283585,negative,4.4942364986113665e-06
1274366030517874689,negative,0.04868413656103167
1274366030668800003,negative,0.003222832135696301
1274366030794633221,negative,1.4000747548191034e-05
1274366031520284672,negative,5.280193024417378e-06
1274366031579041793,negative,0.09980675575376963
1274366031730008064,negative,0.00041777378634683544
1274366033676115969,negative,0.1416195937092868
1274366034045255680,neutral,0.49789225920557484
1274366034364039169,negative,0.006676482875924144
1274366035228012546,negative,0.08917284233375622
1274366035420942336,negative,0.1720767428995029
1274366035446173699,negative,0.1533953157732254
1274366037492789248,negative,0.06534172380584286
1274366037962764289,negative,0.004252455059465627
1274366038726127616,negative,0.05839510813617035
1274366038860345346,negative,0.3277421948356924
1274366039023931392,neutral,0.5972813402055273
1274366039422308352,negative,0.01140068344308785
1274366039611052034,negative,0.04868413656103167
1274366039925686272,negative,0.01140068344308785
1274366040068231169,negative,0.0004535268085838204
1274366040303173634,negative,0.03201104113099923
1274366040340914177,negative,0.12269245014743699
1274366040353497089,neutral,0.42323127642780156
1274366040403775488,negative,8.443564912871401e-05
1274366042161152002,negative,0.011448849023057617
1274366042454671360,negative,8.123347876440576e-05
1274366042681245696,negative,0.01247956079955294
1274366042844717059,negative,0.14129317590338555
1274366043071397888,negative,0.005402909033626645
1274366043251769344,negative,2.8816338628172822e-08
1274366043637583872,negative,0.0092744064496032
1274366043646017536,negative,0.0092744064496032
1274366043683803142,negative,0.2731275647322953
1274366043750883328,negative,0.22383214724571712
1274366044103045120,negative,0.05314835889267664
1274366044124205056,negative,0.03053050701522048
1274366044237451266,negative,0.11142207120075065
1274366046305206275,negative,8.840500731889966e-05
1274366046435192841,negative,0.008253882948524631
1274366046665834497,positive,0.786593888847041
1274366046867206144,neutral,0.6180342123240542
1274366047001481223,negative,0.019332733054495625
1274366047152271361,negative,1.1071183644491722e-08
1274366047655620608,negative,0.040719594810015
1274366047848665089,negative,0.000879609249686294
1274366048175886336,negative,4.885695688676609e-05
1274366048238800899,negative,0.000246162416704039
1274366048851177472,neutral,0.4744541669089408
1274366050923053056,negative,0.09965753329704123
1274366050923134981,positive,0.7071039544719281
1274366051086729219,positive,0.9404648085126742
1274366051451633665,negative,0.0007257913998094597
1274366051501867008,negative,0.13172800381638772
1274366051505983488,neutral,0.35509496682161057
1274366051623583744,negative,0.07578326886140181
1274366051669639174,negative,0.0038905854921833355
1274366051917205507,negative,0.00025995428544422664
1274366051946504193,negative,0.04868413656103167
1274366052248551425,neutral,0.44054615157121163
1274366052672159744,negative,0.16451108071011875
1274366054836379650,negative,0.00027688405887317747
1274366054849003520,negative,0.00275645522552048
1274366055180382210,negative,0.03808132109721348
1274366055318794247,negative,0.04868413656103167
1274366055444549632,negative,0.08316719221021152
1274366055524286474,positive,0.8019239510841115
1274366055541018630,negative,0.0005881791848059362
1274366056019169281,negative,0.26192351310595835
1274366056203603968,negative,0.011737313735388622
1274366056346370050,negative,0.00041806971296382385
1274366056392425473,neutral,0.46598398918449585
1274366056740634626,negative,0.2654417857709204
1274366058900619265,negative,0.008836469656809775
1274366059382857729,negative,0.13949552936821852
1274366059638857729,negative,1.1071183644491722e-08
1274366059668221952,negative,0.0024783735221090507
1274366060398088192,negative,0.0009580020560093466
1274366060498751488,negative,0.01140068344308785
1274366060658073602,negative,0.0011215207366607506
1274366060691705857,negative,0.0021205043851629407
1274366060721057792,negative,9.782089804679564e-13
1274366061387759618,negative,0.0005148172480213153
1274366063237574656,negative,0.001084644014956686
1274366064370032645,negative,0.004843091236173927
1274366065284440067,neutral,0.46127768308170247
1274366066584702981,positive,0.8534557648444808
1274366067427569670,negative,0.0003256374071993574
1274366067733921794,negative,0.1519519621115061
1274366067993980928,negative,0.0011215207366607506
1274366068245569536,negative,0.07197907315624454
1274366068602085381,negative,0.00014459406381251767
1274366068635717635,negative,0.07587215124422005
1274366068996427779,negative,0.18623999215472706
1274366069013204992,negative,0.09977246573008015
1274366071710134278,positive,0.7466302551591939
1274366071789596672,negative,1.612600296105982e-07
1274366072377028608,negative,0.09977246573008015
1274366072557318145,negative,0.00010851173318034352
1274366072855166976,positive,0.8143704431256447
1274366073383591936,negative,1.6300532801452974e-05
1274366073517858818,negative,1.1071183644491722e-08
1274366073773723648,negative,0.1350436872981014
1274366073975050242,negative,0.021742177510265318
1274366075719860225,neutral,0.46598398918449585
1274366075761823745,negative,0.009104875320588672
1274366076218990594,negative,0.1608681682475487
1274366076231364608,negative,0.008145480032950155
1274366076923424769,neutral,0.40757355539802526
1274366077074649088,negative,0.02102601543626555
1274366077120712706,negative,0.04868413656103167
1274366077175291907,negative,0.2617748389724454
1274366077452128256,negative,0.024934362757935043
1274366080031395843,negative,1.1071183644491722e-08
1274366080954191873,negative,0.04868413656103167
1274366081524695042,negative,0.0020303224103744785
1274366081637986305,negative,0.03201104113099923
1274366081881251840,negative,0.006676482875924144
1274366082011336710,neutral,0.38173543991305214
1274366084204974080,negative,0.04868413656103167
1274366084469215232,negative,0.004843091236173927
1274366085257744384,positive,0.9992914555001349
1274366085811384321,negative,0.004843091236173927
1274366085895077898,negative,0.06036232631689331
1274366085895196672,negative,2.2607703055852016e-05
1274366088583589888,negative,0.000102120942159438
1274366088663437328,negative,5.774716484336677e-09
1274366088743055360,negative,0.002284088023727909
1274366089439391749,negative,0.00015060922140748778
1274366089535918081,negative,0.003065677059359148
1274366089552683008,negative,0.20196055078324132
1274366090123137030,negative,5.712415719634875e-09
1274366090139795456,negative,0.01121950900635185
1274366090492219392,negative,0.0007699370890113074
1274366092614516740,negative,0.03113729157679135
1274366093189136390,negative,0.004843091236173927
1274366093721833472,negative,0.03650730107707264
1274366094304849922,positive,0.8411520769125937
1274366096578154497,negative,0.000506937012414245
1274366097043730433,negative,2.6737659445654676e-06
1274366098008309765,negative,0.004257716749216518
1274366098230648832,negative,0.016699969447194558
1274366098285223936,negative,0.13940823998868127
1274366098318622720,negative,2.874902809328073e-05
1274366101145731072,negative,0.025809170850541976
1274366101393149954,negative,0.006842655702366206
1274366101825024000,negative,8.117537368706663e-06
1274366101846016000,positive,0.8286012028805883
1274366102299201537,negative,0.0011215207366607506
1274366105428144128,negative,0.05592593259625326
1274366105532981254,neutral,0.3487643110926646
1274366105826390016,negative,0.09735225854978331
1274366105910419456,negative,0.0033120343898480897
1274366106682228736,negative,0.03920532917067279
1274366106694803456,negative,0.04428372717010776
1274366107294498817,positive,0.7060463214098597
1274366107533676544,negative,0.04868413656103167
1274366107642728448,negative,0.09977246573008015
1274366109291089931,negative,0.02826980117608328
1274366109748277255,negative,0.00010851173318034352
1274366110318628865,negative,0.2617529036331704
1274366110431948800,neutral,0.42336205801399107
1274366110641651712,negative,0.05592593259625326
1274366111052595203,negative,0.0040394657182588195
1274366114106150914,negative,6.504171429052264e-06
1274366114341031936,negative,0.027488791183564565
1274366114655539205,negative,0.02102601543626555
1274366115171520514,negative,0.27330665935500936
1274366117562236928,negative,8.72965302300608e-05
1274366117616726025,negative,0.02102601543626555
1274366117956517889,negative,0.03140120920213366
1274366118136705025,negative,0.05897235857735733
1274366118363357185,negative,0.0004535268085838204
1274366118480707584,negative,4.2406527100633816e-09
1274366118682152960,negative,0.29761571709333384
1274366119575420930,negative,0.01024459341701663
1274366119638376449,negative,8.72965302300608e-05
1274366119722319873,negative,0.05548285078597709
1274366119948816385,negative,0.0002110315693957802
1274366121907490818,negative,0.004843091236173927
1274366122775719939,negative,0.11142207120075065
1274366123581026304,positive,0.7760361879853958
1274366123778195456,negative,0.011448849023057617
1274366123878817792,neutral,0.46598398918449585
1274366123937607681,negative,0.06657348126337434
1274366125959188481,negative,7.93136023647222e-06
1274366126303125506,negative,0.0004367083164011893
1274366126311555073,neutral,0.3624810520271249
1274366126345138181,negative,0.13949552936821852
1274366126391263233,negative,0.09965753329704123
1274366126449807366,negative,0.0001690568256560749
1274366126793854978,negative,0.03494572754283978
1274366127070642176,negative,0.004843091236173927
1274366127171350530,negative,0.0007551163787929313
1274366127234265088,negative,0.24390899339836122
1274366128131842049,negative,0.0019474886261394598
1274366128484212743,negative,4.1247062799438586e-12
1274366128610041857,negative,2.2607703055852016e-05
1274366130862411776,negative,0.003432893347746672
1274366131432759300,neutral,0.6150773711842229
1274366132040974341,negative,4.2822928631095185e-06
1274366132070371333,negative,0.04868413656103167
1274366132116500480,negative,2.2607703055852016e-05
1274366132217135104,negative,0.028930418441322908
1274366132338806786,negative,0.29757658328242925
1274366134624681985,negative,0.0011171186280900822
1274366134653980673,negative,0.2512243101250744
1274366134712762369,negative,0.08023930523735376
1274366135228661763,negative,0.021742177510265318
1274366135744503814,negative,0.01140068344308785
1274366135887106048,negative,0.018220451514098804
1274366136159797249,negative,0.004843091236173927
1274366136579174400,negative,5.692839550525292e-09
1274366136637771776,negative,0.003222832135696301
1274366136679727110,negative,1.5209912352566506e-07
1274366138542145537,neutral,0.3448789537043245
1274366138663817225,negative,0.18097169728096155
1274366139057999873,negative,0.16161868573067484
1274366139628470272,negative,0.3029968537174699
1274366139670429696,negative,2.6737659445654676e-06
1274366139959738370,negative,0.06677959169068738
1274366140064641024,neutral,0.47825815524877363
1274366140123234306,neutral,0.4687743928819027
1274366140177952768,negative,2.5387323369938468e-08
1274366142069391366,negative,2.3125205264713257e-08
1274366142317039617,negative,0.038153568964844585
1274366142736465920,neutral,0.46598398918449585
1274366142820290562,negative,0.000341357669438465
1274366142988062720,negative,1.1071183644491722e-08
1274366144644812801,negative,0.1823704251571895
1274366144644820993,negative,0.04868413656103167
1274366145487749122,negative,0.07667422138418456
1274366146964324352,negative,0.001102310072806244
1274366147983482882,negative,0.007628685414413218
1274366148205740032,negative,0.007628685414413218
1274366148998393857,negative,1.2467588319867987e-05
1274366149086425089,negative,0.001616511283051386
1274366149107560448,positive,0.9360444041986559
1274366151196323844,neutral,0.4889044353725198
1274366151238221824,negative,0.09576230793292423
1274366155587833857,negative,0.03808132109721348
1274366156132900866,negative,2.618254123272434e-05
1274366156216963080,negative,0.16759879051097845
1274366156737052672,negative,0.004843091236173927
1274366157932376065,negative,5.686518028202719e-06
1274366159626940417,negative,0.1159914402345982
1274366159656189955,negative,0.04868413656103167
1274366160247549953,negative,0.0002142748871090228
1274366160469766144,neutral,0.35913607458739366
1274366160935542784,negative,0.1966513218550911
1274366161472323584,negative,0.028299755563225136
1274366163821252608,negative,2.0209469331531677e-09
1274366164324491265,negative,0.0019963831800710193
1274366164777537536,negative,0.0006825169881111105
1274366165276594176,negative,0.31609996668142204
1274366165591228416,negative,0.15777472152595248
1274366168296493056,negative,0.001329766894563582
1274366169655521280,negative,0.05868960347054913
1274366169944899588,negative,8.760788627274965e-08
1274366170490187777,negative,0.008461928168623551
1274366170519535616,negative,0.2492532575597035
1274366170595033088,negative,0.05839510813617035
1274366172138549248,negative,0.16759879051097845
1274366172704714752,negative,0.014133905232716477
1274366172788555778,neutral,0.6020347380261928
1274366173505826816,negative,1.2301885596849096e-06
1274366173728182275,negative,0.026118920550165764
1274366174114054146,negative,0.002151595287589989
1274366174139232256,negative,0.01024459341701663
1274366174155997184,negative,1.9184668082799116e-05
1274366174365655040,neutral,0.5112526064611215
1274366174399168512,negative,0.003559834101604557
1274366174491533316,positive,0.8167066301350949
1274366174713786369,negative,0.009719415015232533
1274366174789349376,negative,0.09712453899366252
1274366174982221827,negative,0.16451108071011875
1274366175242321921,negative,0.04868413656103167
1274366176760643584,positive,0.705521598317249
1274366177125507073,negative,0.004219772686331791
1274366177205157888,negative,0.0015499254927405215
1274366177532358657,neutral,0.4836107634721281
1274366177691742208,neutral,0.3997623784188231
1274366177784090624,negative,0.0005690202860620165
1274366177800851457,negative,0.024909403706761393
1274366178224472065,negative,0.01725632538249162
1274366178354442240,negative,0.09977246573008015
1274366180850126851,positive,0.8002585490816346
1274366180913033217,negative,0.32506776831225526
1274366180921401344,negative,0.04868413656103167
1274366180938186753,negative,0.0001690568256560749
1274366181017825281,negative,0.056330349536888376
1274366181214957570,negative,0.22820882362804987
1274366181474996227,negative,0.2580787568141728
1274366181881851904,negative,0.13912907829249654
1274366181886038018,negative,0.0011215207366607506
1274366182309724161,negative,0.05658529355534882
1274366185044422657,negative,0.08917284233375622
1274366185124003840,negative,0.1269385672275041
1274366185136689160,neutral,0.39802698478628107
1274366186474487808,negative,0.19642416248406433
1274366186499833856,negative,0.00036384615506492317
1274366186688397312,negative,0.09965753329704123
1274366186873118724,negative,0.15987313744692946
1274366189041528832,negative,0.18097169728096155
1274366190157258756,negative,0.009338609828235065
1274366190186528777,negative,0.004427865377390981
1274366190362771457,positive,0.9993726781388825
1274366190765383680,negative,0.02460594107704766
1274366191340007424,negative,0.02102601543626555
1274366191625101319,negative,0.004843091236173927
1274366193063919617,negative,0.13172800381638772
1274366193374318593,negative,0.00871136587818132
1274366193676292098,negative,1.9184668082799116e-05
1274366193797754894,negative,0.13949552936821852
1274366193806249984,negative,0.16135539013119166
1274366193965559808,negative,0.0010660926093414623
1274366194016038912,negative,0.002402504674063028
1274366194045399040,negative,0.00014459406381251767
1274366194062168064,negative,0.0003226819143613813
1274366194624139270,negative,0.00020556137945277602
1274366194787717122,negative,1.4740643186484637e-05
1274366197572743170,negative,0.0024760383209963743
1274366198331985923,negative,0.009338609828235065
1274366198575255552,negative,0.061518966359571575
1274366199086931970,negative,1.8702409184941465e-05
1274366199384674305,negative,0.29761571709333384
1274366201628626956,negative,0.00033736415610328437
1274366202073288709,negative,0.011607124170221543
1274366202614333440,negative,0.0011171186280900822
1274366202727534593,negative,0.11211298304992452
1274366202845020160,negative,8.125425544249304e-05
1274366202857603074,negative,0.001616511283051386
1274366203016904704,negative,0.013174835516558408
1274366203071467520,negative,0.18795859623648656
1274366203687993345,neutral,0.3850748772223694
1274366205705535495,negative,0.11733166319877615
1274366206275989511,negative,0.009781223245064129
1274366206309552128,negative,2.4892699536154648e-05
1274366206431166464,negative,0.07674184850916912
1274366206632497152,negative,0.02738764886718594
1274366206724710400,negative,0.02102601543626555
1274366206812852229,negative,0.04868413656103167
1274366207035150339,negative,0.2650546152584906
1274366207194521601,negative,0.01140068344308785
1274366207630737411,negative,0.0018704616377161968
1274366209929117698,negative,0.05909956820037078
1274366211116150784,positive,0.6787599488272735
1274366211346903040,negative,1.3368995103479914e-05
1274366211640430594,negative,0.00014459406381251767
1274366214538776577,positive,0.9172927861992728
1274366214630969344,neutral,0.4970374078202018
1274366215021121536,negative,0.0011064191245433934
1274366215553781760,negative,0.004427865377390981
1274366218284216322,negative,0.00010472126609286544
1274366218565300224,negative,0.2831891036741124
1274366218779217920,negative,0.0005873031515720062
1274366218976272384,negative,0.07509577442231544
1274366219362189313,negative,6.371499778701729e-07
1274366220012097538,negative,0.18097169728096155
1274366222377734145,negative,0.29761571709333384
1274366222554017792,negative,0.07917705969587278
1274366222574989314,negative,0.06583226526723569
1274366222948327426,neutral,0.6020347380261928
1274366223074148354,negative,0.02767837041596725
1274366223694864384,negative,0.13790906241702833
1274366223787134976,neutral,0.5283781565804353
1274366224110100480,neutral,0.46364466503952073
1274366224215035906,negative,0.00041777378634683544
1274366226614140928,negative,0.023732173558476437
1274366227008323584,negative,0.061373998146259816
1274366227507445761,negative,0.01142242838737575
1274366227830444032,neutral,0.449727731624377
1274366227931152385,negative,1.612600296105982e-07
1274366228132433922,negative,0.12440419571602884
1274366228350599168,positive,0.9553215423580932
1274366228602195970,negative,3.6447576113093444e-08
1274366228757348354,negative,0.029138137751800918
1274366228770041856,neutral,0.49789225920557484
1274366231504715780,negative,0.0006053286422398525
1274366233304014848,negative,0.004843091236173927
1274366233840762881,negative,0.0035221579724143593
1274366235216666626,negative,0.008118229710519098
1274366235321544706,negative,0.2610961451848965
1274366235485011970,negative,0.0021625795954240763
1274366235648524288,negative,0.09965753329704123
1274366236114247680,negative,0.29761571709333384
1274366236181266434,negative,0.003046420644404445
1274366237162844162,negative,0.15168797025023634
1274366238966374405,negative,0.004085376452777956
1274366239184424963,negative,0.18097169728096155
1274366239553597440,negative,0.00329656954855971
1274366239582887936,negative,0.0005990711149283202
1274366239746461703,negative,0.00014459406381251767
1274366240866197504,negative,0.023005049551562604
1274366241608785923,negative,0.13949552936821852
1274366243592601602,negative,2.7407851523635897e-09
1274366243882045448,negative,0.003222832135696301
1274366243999449089,negative,5.4826807742963715e-05
1274366244016271360,negative,0.00031759902559699106
1274366244360093696,negative,0.0011215207366607506
1274366244855087104,negative,0.018883577705266115
1274366245077385217,negative,0.053034953026215706
1274366245157113861,positive,0.990955449951103
1274366245392003072,negative,0.19603177484339881
1274366245513633793,negative,0.05141784201110951
1274366247677890563,negative,0.0092744064496032
1274366247929602053,negative,0.06387919917227507
1274366248269332480,negative,0.012187481496967204
1274366248336461826,negative,0.001616511283051386
1274366248353239040,negative,0.020955067840236024
1274366248470577154,negative,6.051961537870298e-05
1274366248663605249,negative,0.16759879051097845
1274366248697151488,neutral,0.46598398918449585
1274366248856535041,negative,1.8110918483551874e-05
1274366249917722625,neutral,0.49789225920557484
1274366249988915200,negative,0.1362982569082266
1274366250035171334,negative,0.0674516500344757
1274366250051940352,negative,0.04868413656103167
1274366250123251713,positive,0.7482996780025909
1274366250232295424,negative,0.04868413656103167
1274366251830317057,negative,0.006590469754560142
1274366252056743937,negative,0.004843091236173927
1274366252237099009,negative,0.053034953026215706
1274366252283236353,negative,0.012355425457553014
1274366252421730312,negative,0.08010598670960223
1274366252719525888,negative,0.0016215923362450614
1274366253377953792,negative,0.04868413656103167
1274366253734531074,negative,0.016594461163153645
1274366253759639555,negative,0.08904667010631787
1274366253780676608,negative,0.14431521759184912
1274366256330821634,negative,3.38794706851042e-05
1274366256427270144,negative,0.04868413656103167
1274366256779591686,negative,0.09965753329704123
1274366256796311553,positive,0.7640460360575336
1274366256821477378,negative,0.003420226946203081
1274366256834019328,negative,0.022731054829816667
1274366257480060929,negative,1.5536860648008114e-08
1274366258037903360,negative,0.0018980158844752175
1274366260130844672,negative,0.030670869478701693
1274366260231450625,negative,8.72965302300608e-05
1274366260541829121,negative,0.038191854869339736
1274366260961333248,negative,0.00029787951984732905
1274366261389135875,negative,0.053034953026215706
1274366261523181570,negative,0.2417208868741504
1274366261653209090,negative,0.13949552936821852
1274366261703704578,negative,1.5897671771100072e-06
1274366262341140480,negative,0.0018980158844752175
1274366262374813703,positive,0.6764156713663232
1274366264400625666,negative,0.13949552936821852
1274366265247723520,negative,1.1071183644491722e-08
1274366265293971459,negative,0.029331371672898794
1274366265398898693,negative,0.002402504674063028
1274366265721786368,negative,0.004843091236173927
1274366266346700801,neutral,0.5112526064611215
1274366266753658880,negative,0.00034692832055603444
1274366266850115584,negative,0.00021549848089607592
1274366268548800513,negative,9.876633396473345e-05
1274366268817256454,negative,0.2054599392834711
1274366268989149184,negative,0.011988515786377349
1274366269303721985,negative,0.15168797025023634
1274366269983203329,negative,0.11162762197975168
1274366270411100161,negative,0.004843091236173927
1274366270704680967,negative,0.0092744064496032
1274366270708879366,negative,0.038303091661712634
1274366270767579136,negative,0.08023930523735376
1274366272764076034,neutral,0.49789225920557484
1274366272835399682,negative,2.546718895344608e-09
1274366272977895424,neutral,0.3946660906568613
1274366273544126466,negative,0.22122416942500223
1274366273829429248,negative,0.009932906980315596
1274366273875357697,negative,2.9699721239779323e-08
1274366274034905089,neutral,0.48728019602140255
1274366274089431041,negative,0.11618722351773378
1274366274148147202,negative,0.048944326971756
1274366274483769345,negative,0.004843091236173927
1274366274517323779,negative,9.587824816191965e-06
1274366276933160960,positive,0.9999863150752232
1274366277088358402,negative,0.07509577442231544
1274366277096701954,negative,3.205120072502381e-05
1274366277310648325,negative,1.5369600853386779e-06
1274366278145359872,negative,0.15168797025023634
1274366278384271362,negative,0.1897779706714635
1274366278426415104,negative,3.3498193062572416e-05
1274366278665244672,negative,1.4067015244156276e-11
1274366279164530691,negative,0.10188734314977094
1274366279332356096,neutral,0.34538254615392583
1274366279453999112,neutral,0.5136446707795853
1274366280829526016,negative,4.750711453525537e-05
1274366281261690880,negative,0.13949552936821852
1274366282012536832,negative,0.0011215207366607506
1274366282029314051,negative,0.004427865377390981
1274366282280861697,negative,0.10944822003342888
1274366282339516417,negative,0.0011215207366607506
1274366282377330693,negative,6.493123371754175e-07
1274366282629070848,negative,0.015651065644073474
1274366282792607744,negative,2.3711555164843896e-05
1274366282880692224,negative,0.04005463233273146
1274366282964615170,negative,0.014309255992588546
1274366283023335424,negative,3.3324950078025494e-06
1274366283778269189,negative,0.27116773331595395
1274366284004823047,negative,0.0007676910890869576
1274366285833371648,negative,0.004013205724333954
1274366286072512512,negative,0.004843091236173927
1274366286357606400,negative,0.05592593259625326
1274366286416490496,negative,1.157691023603853e-05
1274366286454292481,negative,0.327271646660478
1274366287108550658,negative,0.01140068344308785
1274366287142158336,negative,0.12264175851502257
1274366287356088322,negative,0.0003380994434100761
1274366287360282624,negative,0.017981470522138703
1274366289641799680,negative,0.29761571709333384
1274366289708974081,neutral,0.3691803082219684
1274366290296139776,neutral,0.4330803760514346
1274366290350583809,negative,0.0007546444178745386
1274366290602295296,neutral,0.49789225920557484
1274366290833149952,neutral,0.449727731624377
1274366290912841734,negative,1.6512713262811302e-05
1274366291063832576,negative,0.0016946265761454895
1274366291302707202,positive,0.8286012028805883
1274366291588132865,negative,0.2069233633523256
1274366291776868358,negative,0.23540932660475059
1274366291877474304,negative,0.04868413656103167
1274366293752246272,negative,0.2629093998892623
1274366294016634880,negative,0.08539018169825312
1274366294029205506,negative,0.015682645292981887
1274366294096261120,negative,0.0372395169757332
1274366294406639618,positive,0.880977722113856
1274366294486183939,negative,0.1144112494723962
1274366294993797124,negative,0.0005006362654559964
1274366295585239040,negative,2.74530135554336e-05
1274366298567380997,neutral,0.5030332264438171
1274366298584047617,negative,0.0001809981626084391
1274366298823278593,negative,0.11531206543918708
1274366298840084481,neutral,0.652675841681939
1274366299959889921,negative,4.692607926975091e-09
1274366302417760258,negative,0.009168229083476098
1274366302719598593,negative,0.12720409749564066
1274366303017426944,negative,0.0028480157765644228
1274366304087150594,negative,0.15168797025023634
1274366306297536518,neutral,0.35577744981471515
1274366306498871296,negative,0.1087158435066656
1274366306507280385,negative,2.2607703055852016e-05
1274366306939219969,negative,0.05674881579282759
1274366306960027649,negative,0.09965753329704123
1274366307237015555,negative,0.00941301905029222
1274366307748777984,negative,0.26439340143768847
1274366307895517187,negative,3.485305312733257e-15
1274366307908177921,negative,1.612600296105982e-07
1274366308352765958,negative,0.01099925810157677
1274366308369551360,negative,0.16667593759820842
1274366308440854528,negative,0.00045950020269234143
1274366308499378176,negative,6.585488407648629e-08
1274366308520468486,negative,0.005402909033626645
1274366308637970435,negative,1.5538726755295248e-07
1274366310508638214,negative,0.007628685414413218
1274366310529589253,negative,0.040043371852185546
1274366310705704960,negative,7.505389058947704e-05
1274366310957359104,negative,0.02102601543626555
1274366311204827137,negative,0.054859627763875096
1274366311351627778,neutral,0.38227762192080983
1274366312492552193,negative,0.0023887462822981065
1274366312546959361,negative,0.0002324006636460357
1274366312903557121,negative,0.00014459406381251767
1274366314392535041,negative,4.549526771567378e-08
1274366315139076096,negative,0.002407049441370978
1274366315256590337,negative,1.6536122917545194e-05
1274366315604717568,negative,0.10178090455968795
1274366315940151297,negative,0.1951859599496574
1274366316284186630,negative,0.09392931879467964
1274366316539977728,negative,1.8975866285024973e-06
1274366316770668544,negative,0.07264564289755987
1274366319656267777,negative,0.0011215207366607506
1274366320193257472,negative,0.05275845957042333
1274366320222535680,negative,1.6648421729365226e-05
1274366320373633025,negative,0.018191370886849637
1274366320587522049,negative,0.09048183242640705
1274366321363488768,negative,0.005402909033626645
1274366321623367682,negative,0.13949552936821852
1274366323225698304,positive,0.8286012028805883
1274366323657752579,negative,0.00036223093330713726
1274366323754180608,negative,0.0007206278447072315
1274366323892592640,neutral,0.41601800633058234
1274366324341452800,negative,5.79456322939106e-05
1274366324542541826,negative,0.13949552936821852
1274366324551139330,negative,7.03658925519324e-05
1274366324693774342,negative,0.2848290992418231
1274366324819410945,negative,0.003401178487566604
1274366325104787456,negative,0.021110831624040434
1274366327441031168,negative,0.0011215207366607506
1274366327780716551,negative,1.6524765217156766e-05
1274366327801679873,negative,0.000327064214154831
1274366327889641472,negative,5.252465356948966e-06
1274366328237953025,positive,0.9948633561963823
1274366328619573248,negative,0.005402909033626645
1274366328724500480,negative,0.0004149439685173239
1274366328774819841,negative,0.04868413656103167
1274366328820977664,negative,0.0018246692225895626
1274366328967696385,negative,0.0028231187601258194
1274366331870199808,negative,0.00018278633833731584
1274366331895394317,neutral,0.49789225920557484
1274366332604211201,negative,0.00025995428544422664
1274366332843241472,negative,0.004843091236173927
1274366333183053826,positive,0.9995845597596971
1274366333367566336,negative,0.0019797226830586623
1274366333879308290,negative,0.025240039686423448
1274366334097166336,negative,3.4643341907160505e-10
1274366334151929858,negative,5.866433437362104e-05
1274366335724720129,negative,0.004843091236173927
1274366335728750598,negative,0.017981470522138703
1274366335775133696,negative,7.1120832697660255e-06
1274366335804477446,negative,0.13949552936821852
1274366336018395142,negative,0.02102601543626555
1274366336131629056,neutral,0.33686374760521365
1274366336211341313,negative,3.4662345819945213e-07
1274366336852987911,negative,0.01977223250681338
1274366336886603777,negative,0.020384887355742974
1274366337108922371,neutral,0.5652996392292556
1274366340049055745,negative,0.07509577442231544
1274366340112035840,negative,0.005402909033626645
1274366340128804864,negative,0.005402909033626645
1274366340258824201,negative,0.0021625795954240763
1274366340623728642,negative,0.0037053664814076944
1274366340804026368,negative,0.1419265381406
1274366341630304257,negative,0.2799852519493358
1274366341747802112,neutral,0.5710245386497255
1274366341873577990,negative,2.6483642060587684e-05
1274366345073827840,negative,1.7240898212433143e-05
1274366345145126913,positive,0.6654470529146385
1274366345191309313,negative,2.744264538386198e-12
1274366345560416261,negative,1.1071183644491722e-08
1274366345724014592,negative,0.004565541199354422
1274366348253106178,negative,0.017981470522138703
1274366348362121216,negative,0.01140068344308785
1274366348521603076,negative,5.573939021203593e-07
1274366348941045761,negative,0.0207657910159555
1274366349037494272,negative,1.954367259475363e-05
1274366349041635329,negative,0.1301863951660433
1274366349503090689,negative,0.06787078163223642
1274366349511360512,negative,0.003401178487566604
1274366349771448320,negative,2.787297328760927e-09
1274366350056722433,negative,0.001102310072806244
1274366350245404673,negative,0.009779495462647985
1274366353072406530,negative,0.18097169728096155
1274366354280402950,negative,1.7240898212433143e-05
1274366354527838209,positive,0.6863968690989821
1274366354611752960,neutral,0.5819696420211972
1274366354624315393,negative,0.05942892623855671
1274366356662759426,negative,5.094166772461122e-06
1274366356922793984,negative,0.04868413656103167
1274366357040234499,positive,0.7122333461746265
1274366357157687296,negative,1.83451089887445e-11
1274366357384171521,negative,0.0037701018263256365
1274366357447073792,negative,0.18741808829243392
1274366357690183680,negative,0.08544552092008496
1274366357946150915,neutral,0.6251164064329995
1274366361318416384,negative,0.0003934495283084619
1274366361456836610,negative,2.469805367569145e-05
1274366361872011266,negative,0.0018153409973280076
1274366361926598659,negative,0.030670869478701693
1274366362027253760,positive,0.7690362510244284
1274366362048225281,negative,0.04706363427139192
1274366362551451649,negative,7.637110318257238e-05
1274366362618658821,negative,0.03808132109721348
1274366362895495170,negative,0.04868413656103167
1274366365076504576,negative,0.001216151658820225
1274366365814710272,positive,0.9564197326917411
1274366366087360517,negative,0.2417208868741504
1274366366863237120,negative,1.1071183644491722e-08
1274366367542714369,negative,0.06349800461541012
1274366370713649153,negative,0.0017240722112031213
1274366371133042691,negative,0.15164684986653434
1274366371267256320,negative,0.04868413656103167
1274366371590279169,negative,0.07882574997415398
1274366372114554881,negative,0.016591107706371174
1274366373423022080,negative,0.00020479812569071105
1274366374224281601,negative,0.23540932660475059
1274366374400241664,negative,0.0011215207366607506
1274366374568222721,negative,0.0021625795954240763
1274366374622658561,negative,0.002117809029372454
1274366375499309056,negative,0.006890769218782808
1274366377772662784,negative,0.004843091236173927
1274366378498297856,negative,6.933676884668426e-05
1274366378657660928,negative,0.009355143965602277
1274366378733178880,negative,7.713861179247984e-05
1274366378976464896,negative,0.029272699956284422
1274366379198517249,negative,0.0008465181267758986
1274366379748098048,negative,0.12275841063406015
1274366379789963264,negative,1.1071183644491722e-08
1274366381853720576,negative,0.00014459406381251767
1274366382390554626,neutral,0.5630410866502906
1274366382684221441,negative,6.322246847783221e-05
1274366383304867840,negative,5.692839550525292e-09
1274366383451713537,negative,0.01140068344308785
1274366383615365120,negative,0.2468835867562215
1274366383732723714,negative,0.061423515019616515
1274366384361877505,negative,0.04868413656103167
1274366384399671297,neutral,0.4127008147714305
1274366386194784260,negative,0.005799718553069051
1274366386576527360,negative,0.3029968537174699
1274366386744295425,negative,0.0436156495744784
1274366387281149953,negative,0.0003391657882690361
1274366388199731200,negative,0.00014720039733041293
1274366388384288768,negative,0.07998569771605683
1274366390187720705,negative,9.629405738224247e-06
1274366390464589825,negative,0.04868413656103167
1274366390883893249,negative,1.0072704497938272e-07
1274366390976360451,negative,1.013699465985926e-07
1274366391185965057,neutral,0.49118260099642913
1274366391311884288,negative,6.4575569847813665e-09
1274366391550803970,negative,4.0163408793007405e-06
1274366391727067136,negative,0.02102601543626555
1274366392201068544,negative,0.00517989528748498
1274366392482123776,negative,0.18097169728096155
1274366392922451968,negative,0.03808132109721348
1274366394650382336,negative,5.87960000917637e-10
1274366394948358144,negative,0.04868413656103167
1274366394960838659,negative,0.0007551163787929313
1274366395447468034,negative,0.00014459406381251767
1274366395556474887,negative,0.2654417857709204
1274366396064022529,neutral,0.63506704318637
1274366396252794880,neutral,0.40819334745054037
1274366396647059457,negative,0.010396341484777997
1274366399708880896,negative,0.1289135333751782
1274366399796908035,negative,0.08760714464609147
1274366399889264640,negative,0.04868413656103167
1274366399947948032,neutral,0.4780350104355538
1274366400434327553,negative,1.612600296105982e-07
1274366400459571200,negative,0.32950822503816823
1274366403638751232,negative,0.07667422138418456
1274366403777306624,negative,3.6560973240501597e-06
1274366404112683008,negative,0.23394150934635732
1274366404754575361,negative,0.1636996874008044
1274366404876263425,negative,0.04690213109541052
1274366404997910528,negative,0.02102601543626555
1274366407313174529,negative,0.0004913061485777352
1274366407325683713,negative,5.692839550525292e-09
1274366407812227075,negative,0.001839311495784919
1274366407858434050,neutral,0.34538254615392583
1274366408114286592,negative,1.0872528108410854e-05
1274366408164548610,negative,0.09977246573008015
1274366408286244864,negative,0.2667479236178917
1274366408546291714,negative,0.04868413656103167
1274366408625926144,negative,4.864359754624921e-05
1274366408890204164,negative,0.00038716879637189596
1274366408948842496,positive,0.884114118129354
1274366409146093569,negative,3.388666405444684e-05
1274366409213128706,negative,1.5839947273463763e-05
1274366409292877824,negative,0.06024418859561917
1274366409506795521,positive,0.992376140522499
1274366411612327937,negative,0.02102601543626555
1274366412681670657,negative,0.17047422705225662
1274366412769955840,negative,0.02102601543626555
1274366412950319105,negative,0.07509577442231544
1274366412987994112,negative,0.01972738051276086
1274366413042581505,negative,0.03808132109721348
1274366413084426240,negative,0.1823704251571895
1274366415362031616,negative,0.011193408489694634
1274366416720969733,neutral,0.35624932880092736
1274366417081634817,negative,0.004013829256787781
1274366417434009600,neutral,0.6542531599107059
1274366417454854144,negative,0.02738764886718594
1274366417702453249,negative,0.19348050757669838
1274366417857589254,negative,0.0003548603821809109
1274366419619082241,negative,0.004843091236173927
1274366419778580480,neutral,0.5159436667231726
1274366419996721152,negative,0.05839510813617035
1274366420458057730,positive,0.8798039430045211
1274366420680400896,negative,0.0004949301532945707
1274366421057880064,neutral,0.3328026773370036
1274366421074612229,negative,0.00041777378634683544
1274366421229854725,negative,9.930645891503263e-05
1274366421712211968,negative,2.801725365009101e-06
1274366422861283330,negative,0.1022156774005221
1274366424044232704,negative,0.18795859623648656
1274366424417398786,negative,0.29761571709333384
1274366424576712705,negative,0.0011215207366607506
1274366425038237697,negative,0.0021036386817395013
1274366425142947841,negative,2.076560382539718e-09
1274366425151479808,negative,5.260552975640775e-06
1274366425231233024,negative,0.01024459341701663
1274366425562578946,negative,0.006857909767794276
1274366425839198209,negative,8.01881466477548e-05
1274366426065887232,negative,0.003401178487566604
1274366428221751296,negative,3.5214015698786456e-09
1274366428234297345,negative,0.11199186793547575
1274366428318240770,negative,0.056330349536888376
1274366428683087872,negative,0.04371804896058792
1274366429215760385,negative,0.17923414587659953
1274366429823983617,negative,0.013532166684282199
1274366430264332289,negative,1.1071183644491722e-08
1274366432143384576,negative,0.04868413656103167
1274366432638373888,negative,0.0092744064496032
1274366433074569216,negative,0.21663218523124433
1274366433779159040,negative,2.6185240142033583e-06
1274366434118897667,positive,0.7169706675041432
1274366434462793728,neutral,0.5136446707795853
1274366436614471681,negative,0.06307166469007938
1274366437029707776,negative,1.5392331286184835e-06
1274366437507858434,negative,0.2897207918155794
1274366437872807937,negative,0.08080836305199973
1274366437986054148,neutral,0.4687743928819027
1274366439038779393,negative,0.06629743649523322
1274366439126896640,negative,0.00014459406381251767
1274366440716591104,neutral,0.49789225920557484
1274366440720805888,negative,0.004843091236173927
1274366440808775680,negative,2.787297328760927e-09
1274366440842420228,neutral,0.5238683594003597
1274366441215713282,negative,0.01140068344308785
1274366441433837570,negative,0.24679883274512562
1274366441576333312,negative,5.252465356948966e-06
1274366442021011457,negative,1.3040749456356385e-06
1274366442318807043,negative,0.09748554927336854
1274366442951995392,negative,0.00010842884782788487
1274366443006681088,negative,0.2898312455538802
1274366443010867203,negative,0.3211934601793694
1274366444818640901,negative,0.10922200972910827
1274366446164983809,negative,0.001616511283051386
1274366446236286977,negative,0.0038457614307447004
1274366447096127491,positive,0.9979611213203732
1274366448975204352,negative,0.11199186793547575
1274366448996139009,neutral,0.37426873505003133
1274366449302343680,negative,1.1071183644491722e-08
1274366450048872448,negative,3.38794706851042e-05
1274366450116046848,negative,0.01024459341701663
1274366450489311235,negative,0.2044935214380634
1274366450615140352,negative,4.407220580897634e-05
1274366450694631425,negative,0.038191854869339736
1274366453362372610,negative,0.007628685414413218
1274366453811163139,negative,8.665089332995938e-05
1274366453836365824,negative,0.0073021112228521525
1274366453848985600,negative,0.03267031906979361
1274366453878267907,negative,0.2617748389724454
1274366454092238849,negative,0.020641026748358302
1274366454780092417,positive,0.7483707753237674
1274366454897532929,negative,0.004974209776225739
1274366458072641536,negative,0.00011429187734572571
1274366458445914113,neutral,0.467159026293714
1274366459184058371,negative,0.02257224168597576
1274366459301560320,neutral,0.35737633307952493
1274366459414810630,negative,0.11210094777813927
1274366459523870720,negative,0.09965753329704123
1274366459821645826,negative,3.804681459577364e-08
1274366461595836418,negative,0.00032588411274179195
1274366461708926977,negative,1.805217767641441e-05
1274366462057037827,negative,0.0032277408306585534
1274366462367617027,neutral,0.5718541379795399
1274366462849925121,negative,0.009932906980315596
1274366463118172162,negative,0.056634523800294545
1274366463353204739,negative,0.0009547847785219859
1274366463353241603,negative,0.12668778217142465
1274366465714651137,negative,0.03303376407787172
1274366465798483968,negative,0.07909844660530509
1274366465832075264,negative,3.997127579627931e-05
1274366465878212608,neutral,0.46598398918449585
1274366465941135362,negative,0.007954892712652466
1274366467333599232,negative,0.0012864135664527618
1274366467425873927,negative,0.0073021112228521525
1274366467513999365,negative,0.14531797864309937
1274366467656605697,negative,0.0009663627244266307
1274366468226981891,negative,0.0020183937207648474
1274366470244503555,negative,0.15764112631998567
1274366470370275329,negative,0.13172800381638772
1274366471175655426,negative,0.10188734314977094
1274366471930601472,negative,0.0021625795954240763
1274366472190431234,negative,2.8684135424564705e-05
1274366472345784325,negative,0.16759879051097845
1274366474338140171,negative,0.0011215207366607506
1274366474409426944,negative,0.12125042769935822
1274366474413580288,negative,0.04247164103308374
1274366474447192066,positive,0.897740620973573
1274366474564624385,negative,0.009781223245064129
1274366474594013184,negative,0.0002489775289765288
1274366475638149122,negative,0.009039159367626181
1274366476221321217,neutral,0.48325672237787454
1274366476552634368,negative,0.13949552936821852
1274366476733108227,negative,1.9684284881358229e-10
1274366478398246912,negative,0.04868413656103167
1274366478528196608,neutral,0.4190935437062381
1274366478666674176,negative,1.985237559795012e-06
1274366478884601856,negative,0.014872030188419065
1274366479086104576,negative,8.72965302300608e-05
1274366479799070723,negative,0.05170840059223377
1274366479903965186,negative,3.3909552246937724e-05
1274366480902172673,negative,1.1071183644491722e-08
1274366482487656448,neutral,0.6592116967931048
1274366482529619969,negative,0.011448849023057617
1274366482537840643,negative,0.003401178487566604
1274366482957381634,neutral,0.6592116967931048
1274366483301269504,negative,0.05253716294109902
1274366483540463617,negative,0.0032840455103954687
1274366484022800387,negative,0.17047422705225662
1274366484337373187,negative,5.343440120682277e-05
1274366484345741317,negative,0.00014459406381251767
1274366484597420034,positive,0.8585319019276769
1274366484677083136,negative,0.04868413656103167
1274366484677120003,negative,0.13949552936821852
1274366486623256580,negative,0.004843091236173927
1274366486920990720,negative,0.009607588640502013
1274366486929387521,negative,0.21663218523124433
1274366487503998977,negative,1.612600296105982e-07
1274366487730573313,negative,0.08023930523735376
1274366488879792128,neutral,0.59014558221084
1274366490846863361,negative,0.04868413656103167
1274366491157282821,negative,0.04868413656103167
1274366491564089344,negative,0.23541528465956485
1274366492444962819,negative,0.009760671078168236
1274366493233381378,negative,0.008144467688207854
1274366495435390980,negative,0.001134192661552644
1274366495561183232,negative,0.0021772946379553845
1274366495783636999,negative,0.13656221522950338
1274366496131727360,positive,0.9948528609593813
1274366496144347137,negative,0.05592593259625326
1274366496245010433,negative,0.00033617882072061735
1274366496299298816,negative,0.19220143425980002
1274366496832131074,negative,0.0032277408306585534
1274366496882507776,negative,3.304357257634797e-07
1274366496886718466,positive,0.8286012028805883
1274366497029226501,negative,0.0798813010626473
1274366499243855873,negative,0.02671022589403418
1274366499373879296,negative,0.19370741813510134
1274366499826925568,negative,0.0018980158844752175
1274366500527394817,negative,0.0958343226643554
1274366500825116678,negative,0.009760096966228931
1274366501227769856,negative,0.05250382181698612
1274366501424902145,negative,0.000607130118094375
1274366501546528769,negative,0.04868413656103167
1274366504549724163,negative,5.286083388214337e-06
1274366504893591552,negative,0.24216550227666112
1274366505212424193,negative,0.0021452905175751284
1274366505350807552,negative,2.3290934590155015e-06
1274366505430458369,neutral,0.40819334745054037
1274366505434701826,negative,0.07863729332187262
1274366505480830976,negative,0.1891551179255271
1274366507850530820,neutral,0.4180855915307219
1274366507938611200,negative,1.2046514017468218e-14
1274366508064313344,negative,0.0019025629841044902
1274366508236447746,neutral,0.6154751180973412
1274366508466966528,negative,0.0005384781578380798
1274366508676911106,negative,0.03808132109721348
1274366509264052227,negative,0.08531661532942852
1274366509872222209,neutral,0.361304855717705
1274366510023180288,negative,0.0021205043851629407
1274366510081998848,negative,0.00023240511781978437
1274366512279805953,neutral,0.449727731624377
1274366513030533124,positive,0.8515100916854101
1274366513038987265,negative,0.05836518018551052
1274366516272803846,negative,0.1823704251571895
1274366516373454850,negative,0.05250382181698612
1274366516688011264,negative,0.003065677059359148
1274366517040250886,negative,0.13939891993754683
1274366517061144581,negative,0.02460594107704766
1274366517120032770,negative,4.045661856198705e-07
1274366517526908928,negative,0.001223880009358868
1274366517707243522,negative,0.011050777723944884
1274366517778341893,positive,0.785886593659979
1274366517812043776,negative,8.72965302300608e-05
1274366517992448000,negative,0.12353549838702395
1274366520345464832,negative,0.03324035221065538
1274366521146585088,negative,0.00014459406381251767
1274366521444270080,negative,5.692839550525292e-09
1274366521503072256,negative,0.017249003094828384
1274366521763135489,negative,0.01062040286308881
1274366521947512832,negative,0.20242252572892078
1274366524787228672,negative,0.007432844788726026
1274366524791242753,negative,8.425161457001826e-07
1274366525126971392,negative,0.0912830556158885
1274366525311418368,negative,0.13790906241702833
1274366525517041667,neutral,0.49789225920557484
1274366525663780865,negative,0.22082230916661
1274366525827428352,negative,0.021742177510265318
1274366525961654272,negative,4.0936418220548347e-10
1274366526204903424,negative,0.034297266620925415
1274366526263562240,neutral,0.3946660906568613
1274366526360039424,negative,0.21539775187111218
1274366528901824512,positive,0.7532143714907016
1274366528968896512,negative,0.05209906008643948
1274366529279270912,negative,2.50909761890159e-06
1274366529321283585,negative,0.08910843779033782
1274366529451233281,neutral,0.6278290130990549
1274366529631670272,negative,0.0020365961420647036
1274366529673535489,neutral,0.4094150069872412
1274366530214641664,negative,1.9027470190114964e-05
1274366530394877954,negative,0.004843091236173927
1274366533075038208,negative,0.2617529036331704
1274366533846749184,negative,0.29761571709333384
1274366533926436865,neutral,0.43227716993776877
1274366534379606016,negative,0.00010287485867905395
1274366534459236352,negative,0.31732489718339985
1274366534513721344,neutral,0.48728019602140255
1274366534832422913,neutral,0.43227716993776877
1274366534937427971,negative,0.0798813010626473
1274366534949851136,negative,0.003401178487566604
1274366537227526145,negative,0.0002596592879082093
1274366537261080576,negative,1.6632827138083887e-06
1274366537453928449,negative,0.16950611647168623
1274366537756037120,negative,0.11804131685280914
1274366538028584960,negative,0.21421429144238252
1274366538733309953,negative,0.13490631930298536
1274366539010105344,positive,0.8317783215353436
1274366539161092097,negative,0.12269245014743699
1274366539391815681,negative,0.04868413656103167
1274366541409267713,positive,0.9689530504117043
1274366541493088258,negative,1.9027470190114964e-05
1274366541602213895,negative,0.11631865729107473
1274366541707034625,negative,0.06081655062018614
1274366542281682945,negative,0.2583396599417602
1274366542436806659,negative,0.038153568964844585
1274366542592040961,neutral,0.526754268212923
1274366542847840261,negative,0.0033120343898480897
1274366543166668802,negative,0.00014459406381251767
1274366543418269700,negative,0.020384887355742974
1274366545976791041,negative,0.2417208868741504
1274366546249347073,negative,8.123347876440576e-05
1274366546308186113,negative,0.03210306367333694
1274366547050541057,negative,0.0001783735015881391
1274366548195639299,negative,0.18877990412160378
1274366550011772928,negative,0.001562440252668598
1274366550074470400,negative,0.29761571709333384
1274366550351495169,negative,8.875547998667753e-07
1274366550435180544,negative,5.404529413685263e-07
1274366550854819840,negative,0.15839299479746663
1274366550955474951,negative,2.0452212128368524e-05
1274366551106318336,neutral,0.3876100649665295
1274366551328686084,negative,4.230771283972689e-05
1274366551421050881,negative,8.123347876440576e-05
1274366551618211848,negative,0.001260385121551353
1274366551832043523,negative,0.0001328192010410201
1274366554948460545,negative,0.03229489682581567
1274366556231868416,negative,2.088422457257334e-05
1274366558589145093,negative,0.0017394303038687096
1274366559289401346,negative,0.00025995428544422664
1274366559532855304,negative,0.07509577442231544
1274366562875723777,negative,1.9027470190114964e-05
1274366563370532865,negative,0.002605917653991894
1274366563911688193,negative,0.04868413656103167
1274366564066828289,negative,2.141173115451569e-05
1274366564582731776,negative,0.00014459406381251767
1274366565388111873,negative,0.0024740059679748986
1274366566457643014,neutral,0.5252899139995859
1274366567854325760,negative,0.04868413656103167
1274366570572152834,negative,0.009719415015232533
1274366571285118976,negative,0.003065677059359148
1274366572346425348,negative,0.001144665874766243
1274366572463865857,negative,0.0021205043851629407
1274366575307522048,negative,0.04158827999919999
1274366575433461766,negative,0.08501573180126992
1274366576460873728,negative,0.00041683052722762715
1274366576473628674,negative,7.55250639051645e-07
1274366576871927810,negative,2.113018447230075e-07
1274366577014722561,positive,0.897740620973573
1274366578969067520,negative,0.2417208868741504
1274366579321470976,negative,0.018191370886849637
1274366579405393923,neutral,0.49690860784806634
1274366579803926536,positive,0.763492726677842
1274366580093341697,negative,0.12720409749564066
1274366580168810498,negative,1.6201259640329387e-06
1274366580474945539,neutral,0.4780350104355538
1274366580898639872,negative,0.05493504109067962
1274366581011709953,negative,4.491573920022894e-06
1274366583251578885,negative,0.27023648562866553
1274366583612280833,negative,0.01563377366150745
1274366584010801152,negative,0.1301863951660433
1274366584136450048,negative,1.05785067414923e-07
1274366584346349568,negative,0.0011215207366607506
1274366584438566912,negative,0.17899940253339
1274366584686096385,negative,7.230694391512338e-08
1274366584723664896,negative,0.0011215207366607506
1274366587445837829,neutral,0.4507454498615163
1274366587647086592,negative,1.2467588319867987e-05
1274366588536397826,negative,5.167267961694841e-06
1274366589186555904,negative,0.0007206278447072315
1274366591493439488,negative,0.00033972608130443215
1274366591505969153,negative,0.04868413656103167
1274366591711485952,negative,1.9027470190114964e-05
1274366591812210688,negative,0.07509577442231544
1274366592047099904,negative,0.048768142594289826
1274366592093224966,negative,0.0007206278447072315
1274366592353271809,negative,0.0798813010626473
1274366592676171776,neutral,0.3464998431550077
1274366592818843648,negative,0.13949552936821852
1274366593007595520,negative,0.07509577442231544
1274366593393405953,negative,0.048352136894962996
1274366595905789959,neutral,0.46792077567696816
1274366595922567169,positive,0.6774024187612661
1274366595926839296,negative,0.09115138571993626
1274366596451045377,negative,0.02102601543626555
1274366596694208512,negative,2.7125407779536384e-05
1274366596790792193,negative,0.061933192091478635
1274366597310939137,negative,0.0012864135664527618
1274366597696757760,negative,0.02102601543626555
1274366600725004297,positive,0.6730905739238784
1274366600741883906,negative,0.00014459406381251767
1274366601333268480,negative,0.00021020526819592297
1274366601496858629,negative,9.572614110854894e-07
1274366601547124743,negative,1.1071183644491722e-08
1274366601681346560,positive,0.8276758213776663
1274366601714860037,negative,5.25933231523432e-06
1274366602088235009,neutral,0.4765527742857275
1274366604046991361,negative,0.01024459341701663
1274366604579491840,negative,0.2417208868741504
1274366604734840833,negative,2.18950448278528e-08
1274366604856483842,negative,0.008658564850014787
1274366605158281217,neutral,0.5436088894898098
1274366605691158533,negative,0.0006869206041919017
1274366605695356931,neutral,0.5890236486322925
1274366606169329665,negative,0.05738731705847255
1274366606236241920,negative,0.020384887355742974
1274366608627163136,negative,0.0009614725465400249
1274366608782344194,negative,0.01140068344308785
1274366609222774785,negative,0.1420342074750671
1274366609382047752,negative,0.011943988531122109
1274366609449197568,negative,0.00040257831257366547
1274366609549901824,negative,0.007526070737057578
1274366609952473089,negative,2.787297328760927e-09
1274366612485869568,negative,0.09965753329704123
1274366613001658368,negative,0.0011215207366607506
1274366613026770944,negative,0.10651277099920374
1274366614591463429,negative,0.07393482406165428
1274366614771810305,negative,5.295128696400301e-06
1274366614889267203,negative,0.004427865377390981
1274366617028263936,negative,0.12720409749564066
1274366617032355840,neutral,0.650142721072582
1274366618773184512,negative,2.141173115451569e-05
1274366619280703489,negative,0.29843714380483616
1274366620543201283,negative,3.311781841562151e-05
1274366620849274888,negative,9.112220968045992e-05
1274366620891217920,neutral,0.43026644987498003
1274366621914628098,negative,2.2607703055852016e-05
1274366622615076865,negative,0.057404815897619185
1274366622665490439,neutral,0.5136446707795853
1274366622988414977,negative,0.2209358179872127
1274366624557137921,negative,0.000896925046536236
1274366625085521924,negative,0.30465665854294666
1274366625375039494,negative,0.008819765903299467
1274366625555374083,negative,0.2700152070006991
1274366625584762881,negative,0.07093600664242929
1274366625685409792,negative,0.10157359620726038
1274366625869938690,negative,7.378820800345565e-05
1274366626259927040,negative,0.2069233633523256
1274366626780065797,negative,0.10966635688105357
1274366629254578176,neutral,0.5804554737568924
1274366629867130883,negative,0.05077236110814375
1274366630726959105,negative,0.11211298304992452
1274366630965972992,negative,0.2417208868741504
1274366631146328071,negative,1.4699287687920259e-08
1274366631557373952,positive,0.880977722113856
1274366633558134784,negative,0.29761571709333384
1274366633562308608,neutral,0.5136446707795853
1274366633587486722,positive,0.8286012028805883
1274366633633558529,negative,0.0015132653177792894
1274366633939734528,negative,1.1071183644491722e-08
1274366634296332289,negative,0.26270824662739545
1274366634438713344,negative,0.005876245133137481
1274366634698964993,negative,1.7240898212433143e-05
1274366634975772672,negative,0.03303376407787172
1274366635701407745,negative,0.009719415015232533
1274366636070440960,negative,0.2417208868741504
1274366638142472193,negative,0.2558851607614589
1274366638465392647,neutral,0.5252899139995859
1274366638645743621,negative,0.01140068344308785
1274366638784237568,negative,0.00022357684500301294
1274366638801006599,negative,0.13949552936821852
1274366638893260805,negative,0.08917284233375622
1274366639014846467,neutral,0.3721300188519541
1274366639249776640,negative,0.02946972032369291
1274366639828598785,negative,0.09965753329704123
1274366639845208064,negative,1.1071183644491722e-08
1274366639967014912,negative,0.0024708133006010875
1274366641988648960,negative,0.04868413656103167
1274366642403913728,negative,0.034476297797307945
1274366642630295552,negative,0.04868413656103167
1274366642890432514,negative,0.0014227052081448748
1274366643620188161,neutral,0.3717634569850532
1274366643657945088,negative,0.004753625520955285
1274366644110995456,negative,0.0007206278447072315
1274366646271062017,negative,0.005539547528663394
1274366646342336514,negative,8.123347876440576e-05
1274366646451388422,negative,4.1876319339991574e-05
1274366646547812353,neutral,0.4663917579447527
1274366646761766912,negative,0.300085204005318
1274366646971441152,negative,0.14197236713123318
1274366647281815554,negative,0.0036893663358145714
1274366647307042817,negative,0.09769338781057287
1274366647495790593,negative,0.0016483870389185403
1274366647541927938,negative,0.15164684986653434
1274366649722900480,negative,0.06236727256066164
1274366650582798336,negative,5.114261967027441e-09
1274366650939248641,negative,8.760788627274965e-08
1274366651031584768,negative,0.0032212342921689435
1274366651706871808,negative,4.6800353164742516e-09
1274366651941650432,negative,0.003392138330032292
1274366652310749191,negative,1.1071183644491722e-08
1274366652508000256,negative,0.01024459341701663
1274366652705103873,negative,0.0005833353590071568
1274366654592495619,negative,0.015859269476485673
1274366654932271104,negative,6.57077402840747e-07
1274366654965825536,negative,0.005402909033626645
1274366654991020033,negative,2.787297328760927e-09
1274366655083274240,negative,0.04138212495267522
1274366655154487296,negative,0.021742177510265318
1274366655372693504,negative,0.00118972822779887
1274366655552864256,negative,1.612600296105982e-07
1274366658128248832,negative,6.536310329765396e-05
1274366659839569920,negative,0.12931628507622178
1274366660049240065,negative,0.04868413656103167
1274366660061868035,negative,0.00014459406381251767
1274366660477149185,neutral,0.49935874535202457
1274366663073423360,negative,4.879830013144445e-07
1274366663803252738,negative,0.00029787951984732905
1274366664302190592,negative,0.024934362757935043
1274366664633614339,negative,0.0002619169659521643
1274366664935649280,negative,0.01652749430255545
1274366665183113219,negative,0.07527418523647211
1274366667267727360,negative,0.04868413656103167
1274366668102303748,negative,0.004843091236173927
1274366668161105920,negative,5.524024374823205e-13
1274366668433690624,negative,0.0007551163787929313
1274366668500635648,neutral,0.49789225920557484
1274366669125713921,negative,4.653604757352299e-06
1274366669146775552,negative,0.0004024370279237948
1274366671575298049,negative,0.14673633477564046
1274366671650803712,negative,0.1363585901897884
1274366671680008197,negative,0.11640898896122052
1274366671680135168,negative,0.05077236110814375
1274366671789019142,negative,0.0009177032978133025
1274366672380534786,negative,2.7493974321427398e-05
1274366672971993088,negative,0.0012835432599493496
1274366675480182785,positive,0.9116507914681907
1274366675656347652,negative,0.11199186793547575
1274366675928956928,negative,0.002026163673482154
1274366676285427718,negative,0.00013454490660188705
1274366676302102529,negative,6.274454820338812e-07
1274366677149519875,negative,8.443564912871401e-05
1274366677208227840,negative,0.0021625795954240763
1274366677300457473,negative,0.0018926006037060256
1274366677321486338,negative,0.0006473431933777612
1274366679883997194,negative,0.0019370980186635847
1274366679942926337,negative,0.10188734314977094
1274366680077160448,negative,0.009817258402720373
1274366680479694850,negative,0.13852903972957373
1274366681108877314,neutral,0.36561592075978444
1274366682652434434,negative,0.2617529036331704
1274366684095225858,negative,2.776742188865427e-05
1274366684468576258,negative,0.16052528818518214
1274366684577570817,negative,0.2575760646490244
1274366684716023808,negative,2.4882230238651054e-08
1274366684883804169,negative,0.01140068344308785
1274366684900593664,negative,0.017981470522138703
1274366685122789377,negative,0.02102601543626555
1274366685286412292,negative,0.16759879051097845
1274366685470916611,negative,0.08158570955455749
1274366686095740929,negative,1.1071183644491722e-08
1274366686494326784,negative,0.004887322158981
1274366688021090305,positive,0.7862674322241531
1274366688344059909,negative,0.3282419999848567
1274366688713195522,negative,0.04868413656103167
1274366689178681349,negative,2.2607703055852016e-05
1274366689367359490,negative,0.030380902981738126
1274366689988263939,negative,0.0002619169659521643
1274366692462862338,negative,1.2467588319867987e-05
1274366692936888321,neutral,0.46127768308170247
1274366694438379521,negative,0.014982971747666657
1274366694522343424,negative,0.29502449652156665
1274366694639767554,negative,0.0246704357760856
1274366696430669824,neutral,0.4471484058472708
1274366696720039936,negative,0.0011932448869651758
1274366696774565888,negative,0.0011215207366607506
1274366696925659136,negative,5.252465356948966e-06
1274366697361809408,negative,0.07327654202549114
1274366698502717440,negative,0.00020479812569071105
1274366698662043650,negative,5.094166772461122e-06
1274366700486447105,negative,0.008028777150245721
1274366700633415683,neutral,0.3946660906568613
1274366700671115264,negative,0.13841236269547977
1274366700775976960,positive,0.86955460313742
1274366700872511496,negative,3.7986489746946426e-05
1274366701228810241,negative,0.0002614962108845666
1274366704919945216,positive,0.8585319019276769
1274366704940957696,negative,0.13949552936821852
1274366704978542592,negative,0.010464257645899797
1274366705284849664,negative,0.13949552936821852
1274366706400534528,negative,0.003817930807115744
1274366706731945986,neutral,0.5819696420211972
1274366706849284100,neutral,0.5652996392292556
1274366707050708993,neutral,0.47825815524877363
1274366707105173504,negative,0.0020403817534330763
1274366707147182086,negative,0.0007205096244652608
1274366707163897862,negative,0.0021625795954240763
1274366707465936899,negative,0.005402909033626645
1274366709105917954,negative,5.61601680400743e-06
1274366709563088898,negative,0.00393120244481917
1274366709705715714,negative,0.0708488005790275
1274366710439649285,negative,0.0017548555237301056
1274366710699737088,negative,0.0009177032978133025
1274366710733209601,negative,0.07095085756239472
1274366710829719552,negative,0.0003618176651520806
1274366713430245377,neutral,0.47371072416927557
1274366713631399936,negative,0.001616511283051386
1274366714080382977,negative,6.105916316177968e-06
1274366714290089985,negative,0.0017394303038687096
1274366714470432768,negative,0.11929042413875124
1274366715225354241,negative,1.696390280058784e-05
1274366715632029696,positive,0.8585319019276769
1274366715862945792,negative,0.007628685414413218
1274366716068409345,negative,0.001084644014956686
1274366717247008771,negative,0.005766097228398446
1274366717385302016,negative,0.00019155731865910008
1274366717922291712,negative,0.0016233375636371154
1274366718186409986,negative,0.003065677059359148
1274366718513741827,negative,0.0006147080688277375
1274366718580789248,negative,0.25985457639525683
1274366718916341762,negative,0.004427865377390981
1274366719222583299,negative,0.00042920124984664493
1274366719415521291,negative,0.0009497295203886992
1274366721965645826,negative,0.00014459406381251767
1274366722758316038,negative,0.01140068344308785
1274366722775093250,negative,0.029244268885268345
1274366722930335750,negative,2.584812910251846e-07
1274366723014230017,negative,0.13949552936821852
1274366723433644032,negative,5.816563844511329e-06
1274366725799194624,negative,0.005982095823913189
1274366725836988417,negative,0.003222832135696301
1274366726730375168,negative,3.372366513244422e-05
1274366726734589952,negative,0.00870819018867965
1274366726797393921,negative,0.00045495496434337
1274366727174881280,negative,0.00021916909510900253
1274366727590162434,negative,3.38794706851042e-05
1274366728038998016,negative,0.024934362757935043
1274366728131223552,negative,0.20175755598657735
1274366730199064576,negative,0.22232831789559412
1274366730203168768,negative,0.01140068344308785
1274366730861764608,negative,0.055162715980691446
1274366731033739265,negative,0.31464705346703586
1274366731054694408,negative,5.1959612753260724e-05
1274366731268620291,negative,0.00013849131420027823
1274366731289575425,negative,0.004843091236173927
1274366732010950657,negative,0.005402909033626645
1274366732405215238,negative,0.004843091236173927
1274366732455628803,negative,0.06387919917227507
1274366734129078272,negative,0.16759879051097845
1274366734145855489,negative,0.0092744064496032
1274366734414348289,negative,0.02460594107704766
1274366734540161025,negative,0.0005873680010182395
1274366734632284160,negative,8.125425544249304e-05
1274366734980562945,negative,0.008999198853825687
1274366735223795716,negative,0.025240039686423448
1274366735479701504,positive,0.9125403696262822
1274366735580160004,negative,1.1071183644491722e-08
1274366735802527744,negative,0.09735225854978331
1274366738361192448,negative,0.054754454741963395
1274366738411540481,negative,0.009581080777797013
1274366738805731331,negative,6.703795993172137e-05
1274366738805796865,negative,4.547475594547499e-07
1274366739212632064,negative,0.04033377851943541
1274366739493634053,negative,0.01140068344308785
1274366739501871104,negative,0.004843091236173927
1274366739783049219,neutral,0.49789225920557484
1274366739946573824,neutral,0.46127768308170247
1274366740118503424,negative,0.003722503096012636
1274366740391170048,negative,0.056330349536888376
1274366740458360834,negative,0.08023930523735376
1274366740462473216,negative,0.04954465126259771
1274366743234908161,negative,3.033338826024295e-12
1274366743348236290,negative,0.12499492286432726
1274366743373324288,neutral,0.5643560960203855
1274366744048656388,negative,0.08917284233375622
1274366744614907907,negative,0.04868413656103167
1274366745013301250,negative,4.4668214264377304e-05
1274366747785793541,neutral,0.5994534969101798
1274366747873816576,negative,0.04868413656103167
1274366747873816577,negative,0.06448481226271484
1274366747903221761,negative,0.0021772946379553845
1274366748033253376,negative,0.024934362757935043
1274366750931517441,negative,2.278024973747749e-13
1274366751183118336,negative,0.0331971951986892
1274366751204167680,negative,0.015582050847590966
1274366751820533760,negative,0.0011215207366607506
1274366752223346689,negative,0.04868413656103167
1274366752290484225,negative,0.12640688764337146
1274366752617451520,neutral,0.3726847435457324
1274366752785227779,negative,1.1071183644491722e-08
1274366752827363331,negative,0.05868960347054913
1274366752831541250,negative,0.29761571709333384
1274366755058696192,negative,7.51418353631324e-05
1274366755356409856,negative,0.11510964433225435
1274366755583012864,negative,0.00025995428544422664
1274366755805298694,negative,7.378820800345565e-05
1274366756115677185,negative,1.404054265000646e-06
1274366756342190081,negative,0.007733861769576533
1274366756463824897,negative,0.019325418388282382
1274366759282323459,neutral,0.49789225920557484
1274366759563399168,negative,0.001361618963202551
1274366759571795968,negative,3.7665262112382925e-05
1274366759857016833,negative,0.009607588640502013
1274366759881945088,positive,0.8546193995164821
1274366760553152513,negative,2.8223343651119897e-06
1274366761341784064,neutral,0.36629112225818244
1274366763636047874,negative,5.6907997371156607e-05
1274366764160290817,negative,0.0008159146743565882
1274366764420390912,negative,7.807715263795999e-08
1274366764554563585,negative,1.1071183644491722e-08
1274366764697165825,negative,0.0008733898596432748
1274366765586317314,negative,2.6483642060587684e-05
1274366767830368261,negative,0.2617529036331704
1274366767893229569,negative,0.0006769615237386067
1274366768065232896,negative,0.2676438359255341
1274366768216248326,negative,1.3162924480907709e-05
1274366768614694912,negative,0.003764437174709491
1274366769898106883,negative,0.20795652270741308
1274366769998827524,negative,0.001616511283051386
1274366772280516610,negative,0.0009388260183489052
1274366772540571650,negative,0.004427865377390981
1274366772867629057,negative,0.004989714265797367
1274366773362638853,negative,0.015682645292981887
1274366773366796288,negative,0.04868413656103167
1274366773517746182,negative,0.0021205043851629407
1274366773832417285,negative,0.001022329141862016
1274366776072167424,positive,0.8954315964575411
1274366776797609985,negative,1.6524765217156766e-05
1274366776831344641,negative,0.0002619169659521643
1274366776868995072,negative,6.309560018962608e-07
1274366777057837062,negative,0.02102601543626555
1274366777586302979,negative,7.407490579226313e-05
1274366777649135616,neutral,0.46598398918449585
1274366777854693377,negative,0.0009100108672498102
1274366777854701569,negative,0.00014459406381251767
1274366777993166849,positive,0.6917079170621863
1274366778005770243,neutral,0.4391547072917616
1274366780471984128,negative,1.1071183644491722e-08
1274366780786573312,negative,0.04868413656103167
1274366780853682176,negative,0.08917284233375622
1274366781113630720,negative,0.13949552936821852
1274366781503811591,negative,0.0001328192010410201
1274366781830897666,negative,0.13790906241702833
1274366784615911424,negative,0.005402909033626645
1274366784724926471,neutral,0.49789225920557484
1274366785014444034,negative,0.0008853127416511743
1274366785442115584,negative,8.123347876440576e-05
1274366785744224257,negative,0.0021772946379553845
1274366786037743618,negative,0.11510964433225435
1274366786075602946,negative,0.0798813010626473
1274366786088116227,negative,0.00013650151723741352
1274366786213834752,negative,0.13949552936821852
1274366786419523585,negative,0.03367737803420409
1274366786914443267,negative,0.0011215207366607506
1274366787078012929,negative,0.04868413656103167
1274366788919320576,negative,0.02102601543626555
1274366789129048067,negative,0.0034861520921177372
1274366789317615616,negative,0.003222832135696301
1274366789535838209,neutral,0.5124218937528879
1274366789577846784,negative,0.00025995428544422664
1274366789749575686,negative,7.309107048233318e-07
1274366789909204992,negative,0.05592593259625326
1274366789992890373,negative,7.675924846955445e-05
1274366790139813888,negative,0.00014459406381251767
1274366792958443520,negative,1.404054265000646e-06
1274366793084293120,negative,0.05833911388962381
1274366793189130247,negative,0.00247334345657811
1274366793973465089,negative,0.11436965370568407
1274366793990234112,negative,0.07390718649553678
1274366794715856897,negative,0.02102601543626555
1274366794766127105,negative,0.004614958672451021
1274366794845818883,negative,8.768611723949809e-07
1274366797173731330,negative,0.0011215207366607506
1274366797794377728,negative,0.0006348341694475194
1274366797823827968,negative,1.1071183644491722e-08
1274366798159380481,negative,0.05592593259625326
1274366798419263488,negative,0.01782634196745908
1274366798511603712,negative,5.692839550525292e-09
1274366798570442753,negative,0.01140068344308785
1274366798671089671,negative,0.005402909033626645
1274366799207960578,negative,0.0020784651751994364
1274366799476391938,negative,0.27795901645545074
1274366801565097991,negative,0.2757201726698487
1274366801925808130,negative,0.0017107775389682534
1274366801942663169,negative,1.3049185794063053e-06
1274366802403954688,negative,2.2607703055852016e-05
1274366802458562560,neutral,0.6389014343777085
1274366802890567680,negative,0.0021625795954240763
1274366803502944257,negative,0.04868413656103167
1274366803574218753,negative,0.003222832135696301
1274366806426374151,negative,0.002950323181820089
1274366806917099520,negative,0.015333353505769236
1274366807210635266,negative,8.72965302300608e-05
1274366807344889862,negative,0.018138305860336098
1274366807491649536,negative,0.006177829252961221
1274366807676276737,negative,0.023732173558476437
1274366810155081729,negative,0.006842655702366206
1274366810771591168,negative,0.05314835889267664
1274366811816026112,negative,8.72965302300608e-05
1274366812415811584,negative,0.06242241308467077
1274366813908975616,negative,0.02583461768076276
1274366814068396032,negative,5.4665489099356447e-05
1274366814223507457,negative,8.752241982428246e-06
1274366814655479809,negative,0.0011215207366607506
1274366814877818885,negative,0.07008901815736014
1274366815477673989,neutral,0.4507454498615163
1274366815741804550,negative,2.257138003009575e-05
1274366815754477568,negative,1.6300532801452974e-05
1274366815918047233,negative,0.11970223728003018
1274366816018726917,neutral,0.46598398918449585
1274366818522664961,neutral,0.4525299360032805
1274366818526863362,negative,0.05839510813617035
1274366819126652928,negative,0.0015083597574763621
1274366819193819138,negative,2.787297328760927e-09
1274366819340615681,negative,0.0003262242260902782
1274366819445477377,negative,0.00021020526819592297
1274366819483242497,negative,4.728010082549446e-06
1274366819692875777,positive,0.7008219478175016
1274366819952926720,negative,0.06242241308467077
1274366820062035969,negative,0.01024459341701663
1274366820561096706,negative,0.0006226362546480884
1274366822352125952,neutral,0.5252899139995859
1274366822792470528,positive,0.7916769484251026
1274366822792519680,neutral,0.5196000172536228
1274366822838611970,negative,0.0003198511053668124
1274366823572672512,negative,1.0206414191175172e-13
1274366824172400643,negative,0.0001236956269790345
1274366824386347010,negative,1.1071183644491722e-08
1274366824537260034,negative,0.02102601543626555
1274366826571595776,negative,2.558308360932252e-09
1274366827028758529,negative,0.0005159192673210774
1274366827519492096,negative,0.02738764886718594
1274366827691479041,negative,0.194756570736795
1274366828077293569,negative,0.16457859755187837
1274366828224163846,negative,5.25933231523432e-06
1274366828538662912,negative,0.04817235380553318
1274366828567986176,negative,3.87527193274752e-06
1274366830820417538,negative,0.08023930523735376
1274366831030042624,negative,0.00012182700877337444
1274366831684354049,negative,2.407200803385e-07
1274366831885778951,negative,0.00014459406381251767
1274366832066080769,negative,0.04472715032892727
1274366832145846276,neutral,0.4108876283931768
1274366832456105984,negative,0.22820882362804987
1274366832833712128,negative,0.010053813544673882
1274366833148211200,negative,0.06629743649523322
1274366833211117568,negative,2.3227029313213924e-08
1274366834255503361,negative,0.05922243116470244
1274366834939232258,negative,0.02102601543626555
1274366834976980994,neutral,0.498558764202384
1274366835153088512,positive,0.9998048041096093
1274366835622903809,negative,0.0798813010626473
1274366835790675970,positive,0.8798039430045211
1274366836331761666,negative,0.0009751578820552922
1274366836348522497,negative,0.16657362790899907
1274366836428222465,negative,3.55105935750475e-05
1274366836839198722,negative,0.0020303224103744785
1274366837736824833,negative,0.12221244780383544
1274366839343251458,negative,0.04868413656103167
1274366839620018177,negative,1.9027470190114964e-05
1274366840060489736,negative,0.10188734314977094
1274366840341487616,negative,0.00014852912734119602
1274366840555397127,negative,0.13949552936821852
1274366840597360640,negative,1.637839043713939e-08
1274366840676986883,negative,0.03685156720110343
1274366840689405957,negative,0.0004370965043933734
1274366843332034560,negative,6.785685341343524e-05
1274366843457699840,negative,0.004843091236173927
1274366843566817282,negative,0.3108314330779043
1274366843625619458,negative,0.23540932660475059
1274366843759800327,negative,0.1579907174922142
1274366844321792001,negative,1.9027470190114964e-05
1274366844326096897,negative,2.2607703055852016e-05
1274366844418379776,negative,0.001616511283051386
1274366844703473667,positive,0.9969682233022011
1274366844955176960,negative,0.11941814385678137
1274366847429771264,negative,2.3097136071207424e-06
1274366847450861578,negative,0.005025822478299843
1274366847534628864,negative,0.02979791761327198
1274366847673040900,negative,1.637839043713939e-08
1274366847706636290,negative,0.009463187591350578
1274366847882874885,negative,1.298846388005939e-05
1274366848419737600,negative,0.05833911388962381
1274366848469999616,neutral,0.4687743928819027
1274366848621043719,negative,2.787297328760927e-09
1274366851653435393,negative,0.0399125621690498
1274366851980693505,negative,0.28001315655015696
1274366852672749568,negative,0.004843091236173927
1274366852953714688,negative,0.09819339168305305
1274366854039891968,negative,0.09369441357849191
1274366856216936457,negative,0.029572503522757535
1274366856313352192,negative,0.041031210681730754
1274366857051602944,negative,4.547475594547499e-07
1274366857097641984,negative,0.2374599228114913
1274366857193984001,negative,0.004843091236173927
1274366857584226306,negative,2.3711555164843896e-05
1274366857735176195,neutral,0.46598398918449585
1274366860025376770,negative,0.007537542262960305
1274366860088299520,neutral,0.45330597087403485
1274366860239294464,negative,0.13790906241702833
1274366860574765056,neutral,0.3624810520271249
1274366860591599624,negative,0.008313783466191467
1274366860855840768,negative,1.6512713262811302e-05
1274366861157826560,negative,0.0012470481321004531
1274366861615017984,negative,1.680042230299956e-10
1274366861715660801,negative,3.4578412210365546e-10
1274366862365728770,negative,0.0010008715192111719
1274366864534065157,negative,0.13949552936821852
1274366865469583364,negative,0.30917149132997374
1274366866442551298,negative,2.6185240142033583e-06
1274366866757165057,negative,0.03847325855340876
1274366866841108480,negative,6.371499778701729e-07
1274366866929135616,neutral,0.4181351527995465
1274366867063349251,negative,0.0012067441926212575
1274366867327668224,neutral,0.3996580091506196
1274366868346884097,positive,0.880977722113856
1274366868476829702,negative,0.0642242610964129
1274366868753702917,negative,0.003961048925807287
1274366868950781953,negative,0.001068451121692017
1274366868976001024,negative,0.030651466795827424
1274366869433090048,neutral,0.36276814902589555
1274366870460796930,negative,0.004843091236173927
1274366873111539714,positive,0.880977722113856
1274366873367429120,negative,2.2607703055852016e-05
1274366873874939904,negative,2.787297328760927e-09
1274366874273406984,negative,0.00023192601584613197
1274366874411847680,negative,0.2791239892242329
1274366874457968642,negative,5.159868543028176e-06
1274366874738995201,positive,0.8286012028805883
1274366876982882306,negative,0.17085650338555278
1274366877372989440,negative,0.01531891885728109
1274366877502824448,negative,0.001849507556040694
1274366878249558016,negative,0.10188734314977094
1274366878849384449,negative,0.004427865377390981
1274366879000297472,negative,0.2799819460205976
1274366879226834944,negative,0.27330665935500936
1274366879260266496,negative,0.008803212352591459
1274366881005215745,negative,0.005834100048800238
1274366881160400896,negative,0.00247334345657811
1274366881537781761,negative,0.00029787951984732905
1274366881684762629,negative,0.1419752348996918
1274366881722482689,negative,0.004843091236173927
1274366881999343617,negative,0.004704056099884209
1274366882116784129,positive,0.9969616390735564
1274366882276093952,negative,8.72965302300608e-05
1274366882280341504,negative,3.222273151620198e-12
1274366882733318144,neutral,0.449727731624377
1274366885283405827,negative,0.1237213486482113
1274366885459615746,negative,0.006676482875924144
1274366885841309696,negative,0.0010804200523433392
1274366885962944520,neutral,0.33686374760521365
1274366886067630080,negative,5.25933231523432e-06
1274366886193618945,negative,0.004843091236173927
1274366886248095744,negative,0.1974005005704654
1274366886373924865,negative,0.021742177510265318
1274366886579507200,negative,1.3405427833947267e-06
1274366886747295744,negative,0.004843091236173927
1274366886801805316,negative,0.02102601543626555
1274366886843736064,negative,5.094166772461122e-06
1274366887112081410,negative,0.003764437174709491
1274366889565794304,negative,0.02102601543626555
1274366889678929920,negative,2.6765508249872028e-05
1274366890232684546,negative,0.0017386751429731573
1274366890555686914,neutral,0.5136446707795853
1274366890874454022,negative,0.0005500612242291591
1274366891142918144,negative,0.00014459406381251767
1274366891218403331,neutral,0.5124218937528879
1274366891310698499,negative,0.0021625795954240763
1274366891390353410,negative,1.637839043713939e-08
1274366893571346433,negative,0.0018470600224038823
1274366893625917441,negative,0.05141784201110951
1274366894355685377,negative,8.72965302300608e-05
1274366894523416582,negative,0.0018153409973280076
1274366894540304384,negative,0.0005889950975998848
1274366894552821760,negative,9.029532098704718e-07
1274366894795968512,negative,5.25933231523432e-06
1274366894888419329,neutral,0.47825815524877363
1274366895068794880,positive,0.9125403696262822
1274366895534280705,negative,0.05738731705847255
1274366895957950464,negative,0.0008465181267758986
1274366897870573569,negative,0.033074405927606784
1274366898025779204,negative,0.022742714820822078
1274366898084483078,negative,0.05663341822242962
1274366899053363200,negative,0.01140068344308785
1274366899095306240,negative,0.00014459406381251767
1274366899141382144,neutral,0.5196000172536228
1274366899749601281,neutral,0.37134498955973266
1274366900038848512,positive,0.8769377224608699
1274366900135440384,negative,0.05897235857735733
1274366901959962625,negative,0.009581080777797013
1274366902874378241,negative,0.006012481076178621
1274366903155331072,positive,0.9843190502517245
1274366903272775680,negative,0.18097169728096155
1274366903310573568,negative,0.08333414466667102
1274366903516045314,negative,0.0001527949021124765
1274366903516123137,positive,0.9911960052801243
1274366906481377281,negative,0.1490432947351013
1274366906619826183,negative,0.0073021112228521525
1274366906875641856,negative,0.18097169728096155
1274366907148390401,negative,0.05760449214329574
1274366907181862916,negative,2.0452212128368524e-05
1274366907467079687,negative,0.05941077908855956
1274366908159139840,neutral,0.5252899139995859
1274366910508007425,neutral,0.4687743928819027
1274366910709334016,negative,0.00022246749351172065
1274366910940041216,negative,0.13949552936821852
1274366911783014400,negative,9.289873911873898e-05
1274366911954907136,negative,4.264705401836335e-06
1274366912403824640,negative,0.01024459341701663
1274366912500305921,negative,6.322246847783221e-05
1274366915289497603,negative,0.06411536941678818
1274366916879056898,negative,0.00014459406381251767
1274366917101473795,negative,1.1071183644491722e-08
1274366917134790657,negative,0.0007699370890113074
1274366917294403586,negative,0.00029296269211436486
1274366917437001728,negative,0.327271646660478
1274366917445332993,negative,0.05808685403089276
1274366919060176896,positive,0.9997698212961951
1274366919299092480,negative,5.692839550525292e-09
1274366919424999427,negative,0.00025995428544422664
1274366919760662528,negative,0.009083745398960615
1274366920750510082,negative,0.2417208868741504
1274366923082514432,negative,0.00014459406381251767
1274366923216650242,negative,0.09819339168305305
1274366923304775680,negative,0.0005410800042341867
1274366923665539072,positive,0.880977722113856
1274366923686453248,negative,0.04868413656103167
1274366924168794114,neutral,0.6277405610554532
1274366924311445504,negative,0.1236625846899476
1274366924479246340,negative,1.0872528108410854e-05
1274366924542148608,negative,0.21663218523124433
1274366924785410049,neutral,0.49789225920557484
1274366925141872644,negative,0.13949552936821852
1274366927012585472,negative,1.7940499547083916e-05
1274366927708848132,negative,0.03233698291979513
1274366927780134914,negative,0.09819339168305305
1274366928249815040,negative,0.01140068344308785
1274366928690216962,negative,0.032591626156969596
1274366928807776257,negative,0.05868960347054913
1274366932381306882,negative,0.0011215207366607506
1274366933257924608,negative,0.0028326793561230194
1274366933358596098,negative,0.18097169728096155
1274366935459905536,negative,0.08917284233375622
1274366935669628929,negative,0.008253882948524631
1274366935673733121,negative,5.692839550525292e-09
1274366935677927429,negative,0.0001272840925732674
1274366936126758913,negative,0.005799718553069051
1274366936495927297,negative,2.4794035760708618e-08
1274366936781029377,negative,0.1533953157732254
1274366936848228357,negative,2.1689692537395677e-09
1274366939972976640,negative,0.06387919917227507
1274366941277421568,negative,1.1071183644491722e-08
1274366941491335171,neutral,0.4098182179544237
1274366941633875969,negative,8.72965302300608e-05
1274366941906587653,negative,2.2607703055852016e-05
1274366944326664192,negative,7.403403901347839e-11
1274366945052114954,negative,0.29761571709333384
1274366945089945600,negative,0.06030966424400796
1274366945521958921,negative,0.03381108810554848
1274366945563947011,negative,0.02729785793469393
1274366945882591233,negative,0.003401178487566604
1274366945928908801,negative,0.09729368989377139
1274366946365116416,negative,1.1706750300491296e-10
1274366948361613312,neutral,0.4160669355285731
1274366948382347265,negative,0.0011215207366607506
1274366949066227712,negative,0.06520134874799889
1274366949246464001,negative,0.0021772946379553845
1274366949380837378,negative,0.012322913250538015
1274366949405921281,negative,0.1922472793646459
1274366949745623041,negative,8.443564912871401e-05
1274366952367104006,negative,8.72965302300608e-05
1274366952920793098,negative,0.01130536739368902
1274366953147076610,negative,0.015540913504659967
1274366953285705730,negative,0.09819339168305305
1274366953516220416,negative,0.04011574799290504
1274366953587642368,negative,0.0572308836789723
1274366954145538049,negative,7.470599284479836e-05
1274366956351733766,negative,0.2665835204964262
1274366956452241408,negative,0.09950409951540971
1274366956880175105,neutral,0.40819334745054037
1274366956922195969,negative,0.005325597472014238
1274366957295415298,negative,0.11733166319877615
1274366957916168192,negative,0.0092744064496032
1274366958541078533,neutral,0.4687743928819027
1274366958633390080,positive,0.8183857418363084
1274366960738820096,negative,0.020671539135477947
1274366960957095937,negative,9.930645891503263e-05
1274366961229664263,neutral,0.49789225920557484
1274366961443627008,negative,0.2799852519493358
1274366961535811584,negative,1.9767435968734112e-07
1274366961821106176,positive,0.8167066301350949
1274366962584477701,negative,1.1071183644491722e-08
1274366963519762433,negative,1.612600296105982e-07
1274366965419659264,negative,0.0092744064496032
1274366965730160642,negative,0.014133905232716477
1274366966392926208,negative,1.6300532801452974e-05
1274366969131659265,negative,0.05897235857735733
1274366969270145026,negative,0.014569848327602889
1274366969354096640,negative,0.18795859623648656
1274366969417019393,negative,0.02284229090443067
1274366969609957379,negative,0.11510964433225435
1274366969630908416,negative,2.1859844623657773e-05
1274366969849020417,positive,0.9689530504117043
1274366970092290050,negative,0.0004273748171880834
1274366970150952962,negative,0.0013807671468023684
1274366970176188418,negative,0.07509577442231544
1274366970230706177,negative,0.16990735680766014
1274366970343731202,negative,0.003222832135696301
1274366970448809984,negative,0.004843091236173927
1274366973795803138,negative,0.08879603375664288
1274366973951053824,negative,0.13949552936821852
1274366974445813760,negative,1.1071183644491722e-08
1274366974601166849,negative,0.021682491804244242
1274366975263870979,positive,0.7112264328727067
1274366975385501698,negative,0.00014459406381251767
1274366976677367808,negative,0.12264175851502257
1274366977956556800,neutral,0.36629112225818244
1274366978581544960,negative,0.05592593259625326
1274366978770206720,negative,0.03233698291979513
1274366979038683139,negative,0.04868413656103167
1274366979114180608,negative,0.00014459406381251767
1274366979118374912,negative,0.20106581401816156
1274366979164561414,negative,0.007628685414413218
1274366979177095169,negative,0.01024459341701663
1274366981689561089,negative,0.0011215207366607506
1274366981714726912,neutral,0.49789225920557484
1274366982276747264,negative,0.00025995428544422664
1274366983312719872,neutral,0.3678815338255579
1274366984059224069,negative,0.0011215207366607506
1274366984600326146,negative,0.018191370886849637
1274366985799905280,negative,0.09819339168305305
1274366986060017664,negative,5.25933231523432e-06
1274366986118737921,negative,2.787297328760927e-09
1274366986550759426,negative,0.0011215207366607506
1274366986554871811,negative,0.051388735714927164
1274366986882088960,negative,1.5585278951434818e-05
1274366990019448846,negative,0.00048148051687122004
1274366990103306241,negative,0.04868413656103167
1274366990770110464,negative,0.015682645292981887
1274366991357394946,negative,0.01024459341701663
1274366992150138880,negative,5.252465356948966e-06
1274366994561761281,neutral,0.3398307959813537
1274366994926706689,negative,1.2142951356898647e-05
1274366994964525056,negative,0.06807363218516689
1274366995056730112,negative,0.0008373838540732976
1274366995216113665,negative,2.2607703055852016e-05
1274366996067557378,negative,0.08780028014807154
1274366996466085888,negative,0.08680912766766295
1274366996516188160,negative,0.049376893491588005
1274366999473410050,negative,0.25401421255941126
1274367000232542208,negative,0.00014459406381251767
1274367000312188929,negative,2.2607703055852016e-05
1274367000400343049,negative,0.01024459341701663
1274367000610050050,negative,0.1390862951411835
1274367000651931649,neutral,0.3925236105510046
1274367000815558656,negative,0.10644813489752476
1274367003151736837,neutral,0.42420807754940215
1274367003726417921,negative,0.004989714265797367
1274367003814486018,negative,0.003065677059359148
1274367003978076166,negative,5.692839550525292e-09
1274367004082872321,positive,0.9162069419582276
1274367004124696576,negative,0.0007728202985029096
1274367004196114432,negative,0.00014459406381251767
1274367004238139392,negative,0.00031018251293969895
1274367004284203010,negative,6.762292794120008e-11
1274367004451971075,negative,0.017915356226959823
1274367006792441857,negative,0.015093446074711086
1274367007509680128,negative,1.1071183644491722e-08
1274367007648079872,negative,1.0442460628301016e-05
1274367009028018176,negative,0.29761571709333384
1274367011250941952,negative,0.01140068344308785
1274367011280355329,negative,0.002835382459886057
1274367011452268545,negative,0.0009728648121375124
1274367011532025856,negative,0.018069310278775664
1274367011850723328,negative,0.00041806971296382385
1274367011930255360,negative,0.001616511283051386
1274367012702171136,negative,8.997702988247433e-05
1274367013000040449,negative,0.12471748388413419
1274367013432053761,negative,0.09071717251954439
1274367013620797445,negative,0.00038104456766112376
1274367015113949185,negative,0.007628685414413218
1274367015273345026,positive,0.99243062605363
1274367015436894208,negative,0.18097169728096155
1274367015696900097,negative,1.1071183644491722e-08
1274367015705346050,negative,0.0012862810363054467
1274367015709540353,neutral,0.34440133342531953
1274367016091242496,negative,0.05808685403089276
1274367016166711304,negative,3.38794706851042e-05
1274367016460259328,positive,0.897740620973573
1274367016682631171,negative,0.0011215207366607506
1274367016921640964,negative,0.2394110094948839
1274367017219502080,negative,0.18473397040832787
1274367019308195841,negative,2.681916575700307e-07
1274367021111795714,negative,0.004843091236173927
1274367021191479297,negative,0.04868413656103167
1274367021837418498,negative,0.021390956258793833
1274367023926202368,neutral,0.645952021161548
1274367024098168832,negative,1.9027470190114964e-05
1274367024362393600,negative,4.188313603557706e-05
1274367025326854144,negative,0.1801461484119052
1274367025469689856,negative,0.15168797025023634
1274367025545203713,negative,0.0025244154240155283
1274367025855553536,negative,0.007628685414413218
1274367027755524097,negative,0.004427865377390981
1274367027923300354,neutral,0.40373698939106306
1274367027923357696,negative,1.157691023603853e-05
1274367028401328128,neutral,0.5495922250151081
1274367028892176385,negative,0.05833911388962381
1274367029416472576,negative,0.00014459406381251767
1274367029559136257,negative,1.4053173815509551e-08
1274367029638815745,negative,0.06246883379974147
1274367029651349506,neutral,0.49789225920557484
1274367030951641088,negative,9.451579036475856e-05
1274367032021209088,negative,0.004843091236173927
1274367032985780224,negative,0.00014459406381251767
1274367033535332354,negative,0.02984979434873214
1274367033556127744,negative,0.13949552936821852
1274367033598251008,negative,0.04868413656103167
1274367033786937344,negative,0.0030085767613713277
1274367033828925446,negative,0.05674881579282759
1274367033858297856,negative,1.7240898212433143e-05
1274367035733159943,negative,0.014501397085948534
1274367036190121984,negative,0.09922187293712471
1274367036496515074,positive,0.7760361879853958
1274367036852862976,negative,2.8656526328885995e-06
1274367036941049862,positive,0.7404766113782907
1274367037087809538,positive,0.8585319019276769
1274367037444366338,negative,0.00020263377405683696
1274367037473730560,positive,0.897740620973573
1274367037603811328,negative,1.0872528108410854e-05
1274367037754740739,negative,0.06417037506668072
1274367040443342853,negative,0.0007246164372621991
1274367040648884224,negative,0.0020365961420647036
1274367040707592194,negative,0.03637712213432773
1274367041055657984,negative,0.12608619066782348
1274367041127014400,negative,6.900868012228203e-05
1274367041609359361,negative,2.787297328760927e-09
1274367041630339072,negative,0.04868413656103167
1274367042548834304,negative,0.20270278411867645
1274367042620133376,negative,0.015133723117719843
1274367042704072706,negative,0.13949552936821852
1274367044801224704,negative,0.013472433928297545
1274367044906037248,negative,0.0449153844895924
1274367045057097728,negative,0.15735347160600188
1274367045241638913,negative,0.0092744064496032
1274367045354885120,negative,0.22915103025480452
1274367045547757576,negative,0.05660019813520772
1274367045870764032,negative,0.0005881791848059362
1274367045874917376,negative,0.011202788640667266
1274367046290153475,neutral,0.40819334745054037
1274367048848736258,negative,0.012973944099329662
1274367049071046662,positive,0.6959856215024673
1274367049142280195,negative,0.05856538091276087
1274367051084283904,negative,0.005030858134448983
1274367051138691072,negative,0.0019963831800710193
1274367053399502849,negative,7.110705026461166e-06
1274367053634379777,negative,0.07667422138418456
1274367053818925056,negative,0.03233698291979513
1274367053978312704,neutral,0.49789225920557484
1274367054133542914,negative,0.09726902155701549
1274367054234226688,negative,0.0004190218512705558
1274367054506754048,negative,0.048199403705984786
1274367054624231424,negative,2.2607703055852016e-05
1274367054838140928,negative,0.005463072172575138
1274367057031725056,neutral,0.49789225920557484
1274367057094680576,negative,0.0007206278447072315
1274367057367359489,negative,0.003722503096012636
1274367057434415104,negative,8.72965302300608e-05
1274367057614835712,negative,0.004769722787627934
1274367058512359424,negative,0.02201085893018373
1274367058575273986,negative,0.0004875885716603342
1274367058680131587,negative,0.04868413656103167
1274367058759876609,negative,0.03960971479256935
1274367058785046529,negative,0.023732173558476437
1274367058982174721,negative,0.13949552936821852
1274367061314150401,negative,0.058516879820044554
1274367061448327168,negative,0.0005272297034888572
1274367061691678720,negative,0.13841236269547977
1274367061964189698,negative,0.2607113389928912
1274367062169829377,negative,0.00011769015856983588
1274367062836731905,negative,0.0034321620049410947
1274367063130361856,negative,0.009097400119907085
1274367063239331840,negative,0.019891068734545624
1274367063440666624,negative,0.22885027527421328
1274367063532998658,negative,5.252465356948966e-06
1274367063721730049,positive,0.7257066358082782
1274367065365889024,negative,0.21285288727602453
1274367065462321154,negative,0.00014459406381251767
1274367065638539265,negative,0.015991628463183315
1274367066125066240,neutral,0.59014558221084
1274367066385068032,negative,0.0011058184595810244
1274367066628395008,negative,0.13790906241702833
1274367066800259074,negative,0.04217462625199761
1274367067689541632,negative,5.692839550525292e-09
1274367070038261760,negative,0.01140068344308785
1274367070080323585,negative,0.0009881935098585456
1274367070298427394,negative,0.004843091236173927
1274367070403284992,negative,0.04868413656103167
1274367070545883137,negative,3.475766877558251e-08
1274367070998675456,negative,0.29761571709333384
1274367071204360193,negative,0.04868413656103167
1274367071913213952,negative,0.06628513741050177
1274367074048053249,negative,0.11931414196399849
1274367074219876353,negative,0.0011215207366607506
1274367074467565568,positive,0.8286012028805883
1274367074484314123,negative,0.0005881791848059362
1274367074773667842,neutral,0.5519373384252895
1274367074798833664,negative,0.00020719878015092156
1274367075239297024,negative,0.10399499614065881
1274367075855806469,negative,0.00010472126609286544
1274367076115906562,negative,1.9027470190114964e-05
1274367076430426114,negative,0.15731651452020287
1274367078091407364,negative,0.00017552276859829677
1274367078175293440,negative,0.008225522780513242
1274367078657654785,negative,0.018220451514098804
1274367079043530753,negative,4.0137644822369474e-06
1274367079119032320,negative,0.06653848081702968
1274367079982997505,negative,0.01140068344308785
1274367080494706693,negative,0.275958358184994
1274367082235396097,negative,0.005746544108016474
1274367082516418567,negative,0.01140068344308785
1274367082709299200,negative,0.13801885441049097
1274367083044896768,negative,0.09977246573008015
1274367083049111552,negative,0.16759879051097845
1274367083288104962,negative,0.01140068344308785
1274367083481124870,negative,0.04451909539849402
1274367083795660800,negative,0.1140022030211012
1274367084370198528,negative,0.017682822978878156
1274367084370317312,negative,0.17282452500254003
1274367086521966594,negative,2.787297328760927e-09
1274367086895067136,negative,5.25933231523432e-06
1274367087054589952,negative,0.1801461484119052
1274367087079837696,negative,0.0011215207366607506
1274367087373410304,negative,0.015089214736819595
1274367087646031874,negative,0.02201085893018373
1274367087759237120,neutral,0.38227762192080983
1274367087830618114,negative,0.18611643955296853
1274367091156692997,negative,0.038483252451087406
1274367091211145216,negative,1.9027470190114964e-05
1274367091391508492,negative,6.234243994273845e-08
1274367091563393025,negative,0.003222832135696301
1274367091634614273,neutral,0.582294378837787
1274367094944137218,negative,0.009798875951947814
1274367095283814401,positive,0.880977722113856
1274367095610859521,negative,2.623584939223676e-10
1274367095720087552,negative,3.659435832633994e-05
1274367095732686854,neutral,0.49789225920557484
1274367096437301248,negative,0.0002357182758865992
1274367096705646592,negative,0.0003391657882690361
1274367096886099969,negative,0.02102601543626555
1274367098580545537,negative,0.0024760383209963743
1274367099998212098,negative,0.00025995428544422664
1274367100220518405,negative,0.02102601543626555
1274367100279312387,neutral,0.41571596336048355
1274367100421840897,neutral,0.4513605618894927
1274367100505726976,negative,0.04904773523760208
1274367103777325061,neutral,0.3946660906568613
1274367103953502208,neutral,0.42658886752615854
1274367104029003777,neutral,0.5196000172536228
1274367104960036870,negative,0.04868413656103167
1274367105073328128,negative,0.17761025918773812
1274367105119354880,negative,5.252465356948966e-06
1274367105496989699,negative,1.0556365733035801e-07
1274367107409510402,negative,0.00031814612229039434
1274367108101668865,negative,0.017670847370723268
1274367108181303296,negative,1.157691023603853e-05
1274367108529508352,negative,3.825450099537524e-07
1274367108759994368,negative,1.1071183644491722e-08
1274367108886003717,negative,0.0021625795954240763
1274367111536746496,negative,0.22842093195661936
1274367111650050048,neutral,0.5112526064611215
1274367111792668672,negative,1.157691023603853e-05
1274367111855591427,negative,5.692839550525292e-09
1274367112161697793,negative,2.302795190376347e-05
1274367112522448896,negative,1.9677325581552832e-05
1274367113118068737,negative,0.0015930480135813916
1274367113667452930,negative,0.004427865377390981
1274367113772314624,negative,3.38794706851042e-05
1274367115810738177,negative,0.024766342737778505
1274367115945000960,negative,0.003065677059359148
1274367115966009346,neutral,0.4780350104355538
1274367116452474887,negative,0.04868413656103167
1274367116473401345,negative,1.9184668082799116e-05
1274367116951592960,positive,0.9997698212961951
1274367117014507522,negative,0.0021772946379553845
1274367117379461123,negative,0.051388735714927164
1274367117488533506,negative,4.128574560574559e-12
1274367117794717696,negative,0.02489580988425257
1274367117945499649,negative,0.29761571709333384
1274367118025334784,negative,0.09874609166432909
1274367118096642049,negative,0.0009177032978133025
1274367119988346883,neutral,0.38806593524774735
1274367120068038657,negative,0.06640638237979626
1274367120328056835,negative,0.00014459406381251767
1274367121783500801,positive,0.8393693207872069
1274367121867386883,negative,0.04868413656103167
1274367122077110274,negative,0.0008115220845677959
1274367122085498881,negative,0.05592593259625326
1274367122387406849,negative,0.04868413656103167
1274367123901513730,positive,0.6968877382134756
1274367124866240513,negative,0.2602155111857913
1274367125562494982,negative,0.05000790365083289
1274367126099447810,negative,0.18836099310842186
1274367126653014018,neutral,0.4577266631686934
1274367128318156806,negative,0.21285288727602453
1274367128360148993,negative,9.396215379445911e-09
1274367128494157824,negative,0.001616511283051386
1274367129333256199,negative,0.018191370886849637
1274367129354207232,negative,0.01140068344308785
1274367129412931587,negative,0.29761571709333384
1274367129417125888,negative,0.00014459406381251767
1274367129660403712,negative,0.20196055078324132
1274367129698131972,negative,2.00273388076752e-06
1274367130365046795,neutral,0.3691803082219684
1274367132579647489,negative,0.055162715980691446
1274367132592193541,negative,0.005735184810966119
1274367132697014274,negative,0.00014459406381251767
1274367133141663749,negative,0.22820882362804987
1274367133250617344,negative,0.02102601543626555
1274367133263298566,negative,0.02102601543626555
1274367133296852992,negative,0.00012370066703769567
1274367133464563714,negative,0.0003443229461791848
1274367133502210048,neutral,0.3624810520271249
1274367135066685440,negative,0.13949552936821852
1274367135171698689,negative,0.09847876300005037
1274367135939166208,negative,0.0001328192010410201
1274367136845058049,negative,0.0011215207366607506
1274367136979472389,negative,0.13522747542928604
1274367137507954688,negative,0.3108314330779043
1274367137696698369,negative,7.883481909907777e-06
1274367137797287936,negative,0.0006192077633511894
1274367138279628800,negative,0.014026828412018614
1274367138703294469,negative,0.01140068344308785
1274367139009495049,negative,0.07575590513380907
1274367139202433027,negative,0.05097343350022174
1274367139634446337,positive,0.9260460732612994
1274367141228294144,negative,0.031922481941528615
1274367141572116480,negative,0.001616511283051386
1274367141823815688,negative,0.08668596608092433
1274367141882540038,negative,2.2607703055852016e-05
1274367141974851585,negative,0.05808685403089276
1274367141995778048,negative,1.2527826120693603e-08
1274367142599757824,negative,0.275958358184994
1274367142650142722,negative,0.005402909033626645
1274367143358980099,negative,1.1071183644491722e-08
1274367144533295104,negative,0.1420342074750671
1274367145259008001,negative,0.0011215207366607506
1274367145359572992,neutral,0.6241238088508019
1274367145598648320,negative,0.0001154259763410831
1274367145871376386,neutral,0.4507454498615163
1274367146995470341,neutral,0.3946660906568613
1274367147192520705,negative,0.0075938354701806775
1274367147490324489,positive,0.7122333461746265
1274367147549040640,negative,0.03233698291979513
1274367149520420866,negative,0.22301010244854974
1274367150669672448,negative,0.00870819018867965
1274367151357468675,negative,0.0017030332766065498
1274367151433035776,negative,8.72965302300608e-05
1274367153110728704,negative,0.019644137653185657
1274367153580498944,negative,0.04868413656103167
1274367153689550849,negative,2.3725749719321152e-07
1274367153702043649,negative,0.009761642823509642
1274367153811206151,negative,1.954367259475363e-05
1274367154041827329,negative,0.19630752201027662
1274367154238959617,negative,0.004843091236173927
1274367154331271168,negative,0.096864303818987
1274367155342016517,negative,0.01140068344308785
1274367155518279682,positive,0.8840124359874147
1274367157745463299,negative,0.0001047234448519246
1274367157820932096,negative,0.14794508516355465
1274367158190039040,negative,8.123347876440576e-05
1274367158370385920,negative,5.2815289788292764e-08
1274367158575906818,positive,0.897740620973573
1274367158756052995,negative,0.004013205724333954
1274367158777044992,neutral,0.43775766252172876
1274367158949199873,negative,8.72965302300608e-05
1274367159058288640,negative,0.004427865377390981
1274367159490220033,negative,0.2665835204964262
1274367162631819269,negative,0.004466290619757082
1274367163172872193,negative,0.00020817562045590026
1274367163386810368,negative,0.010984896594193893
1274367163390808065,negative,0.025240039686423448
1274367163697106946,neutral,0.43775766252172876
1274367164028522498,negative,0.0006649520149698613
1274367164875669507,negative,0.08868343724657549
1274367166503141376,negative,0.02834014202116808
1274367166947758086,negative,0.00014459406381251767
1274367167451070469,negative,2.00273388076752e-06
1274367167610228737,negative,1.1071183644491722e-08
1274367167723700225,negative,2.2607703055852016e-05
1274367167752859648,negative,2.5975555241917396e-09
1274367168054996994,negative,0.15928799280852105
1274367168713494531,negative,0.0011215207366607506
1274367170642948096,negative,2.3578156564691675e-06
1274367170735112194,negative,0.031716539460091786
1274367171691454464,negative,0.0025244154240155283
1274367171771142149,negative,5.8992365286570665e-09
1274367171871870985,negative,0.04978096542310471
1274367172186275841,negative,0.16990735680766014
1274367174862348291,negative,0.005179260577913655
1274367175407448066,negative,0.275958358184994
1274367175558561794,negative,0.00014459406381251767
1274367175856467968,positive,0.8167066301350949
1274367175915196423,negative,0.043093119427578416
1274367176242270209,negative,6.322246847783221e-05
1274367176347131904,neutral,0.6592116967931048
1274367176749854722,negative,0.04817235380553318
1274367178876346371,negative,0.0009013868300930839
1274367178993733633,negative,1.0707508760226773e-06
1274367179165765632,negative,3.474968521511297e-15
1274367179379675136,negative,0.09282504754598732
1274367179438333960,negative,5.094166772461122e-06
1274367179471958022,neutral,0.5353473475019866
1274367179555667974,negative,0.004439825400058362
1274367181443207176,negative,0.00496829176378089
1274367181946597376,negative,0.02299652341105041
1274367182978326530,negative,0.1419752348996918
1274367183162933249,negative,2.787297328760927e-09
1274367183674642432,negative,0.013995941292323077
1274367183741751298,negative,0.07434497854660604
1274367184307990528,negative,0.029369668489294967
1274367184555266048,neutral,0.5346024471694336
1274367184802689025,negative,0.0011215207366607506
1274367187134885890,negative,3.165349312629761e-05
1274367187353055232,negative,0.0011215207366607506
1274367187822743552,negative,0.055162715980691446
1274367188019884041,negative,0.0017081868606181978
1274367188137152512,negative,0.07273287776104852
1274367188380585985,negative,1.347806542323342e-06
1274367188430970880,negative,0.0005833353590071568
1274367191580901377,negative,0.007552581764866678
1274367191815794689,neutral,0.49789225920557484
1274367191949938694,negative,1.9027470190114964e-05
1274367192092508160,neutral,0.35071056413863366
1274367192159735809,negative,0.12501758796037488
1274367192692412416,negative,0.019332733054495625
1274367192843399169,negative,0.04868413656103167
1274367193061433344,negative,0.18097169728096155
1274367195645202434,negative,0.00012653528323396023
1274367195708039170,negative,0.02738764886718594
1274367195724873729,negative,0.00019444614013890517
1274367195775217664,negative,5.25933231523432e-06
1274367196311859200,negative,0.04549510691194602
1274367196840558592,negative,1.9027470190114964e-05
1274367197390016512,negative,0.004843091236173927
1274367197998198784,negative,0.21221775768588866
1274367198035935232,negative,0.00804237871859366
1274367200040751105,negative,0.00011769015856983588
1274367200057602048,negative,3.38794706851042e-05
1274367200229568515,negative,0.03685156720110343
1274367201324273665,negative,0.02102601543626555
1274367201429131265,negative,0.0008515046562174033
1274367201773006849,negative,8.31446201226158e-05
1274367201793933313,negative,0.051388735714927164
1274367201869475845,negative,0.16759879051097845
1274367204000182272,negative,0.17941599578422868
1274367204046372865,negative,0.02102601543626555
1274367204319002629,negative,0.09432951225041994
1274367204499156992,negative,0.013938127542731577
1274367205027741697,negative,0.09134408089080437
1274367205094850561,negative,0.005846307661460753
1274367206009253893,negative,0.05593592173686767
1274367206042660865,negative,0.01896731622704029
1274367208261595136,negative,0.05833911388962381
1274367209587032064,negative,0.1884651852767025
1274367210518167552,negative,0.021742177510265318
1274367212200120321,negative,0.01375056223664989
1274367213143756800,negative,0.08137488029406865
1274367213261250560,negative,0.14197236713123318
1274367213290520576,negative,0.1588130266250678
1274367214112645121,negative,0.0021625795954240763
1274367214578212864,negative,0.01024459341701663
1274367214678945793,negative,0.018191370886849637
1274367216612491264,neutral,0.34322267253793753
1274367216801193984,negative,5.692839550525292e-09
1274367217170251776,negative,7.627938580569925e-07
1274367217392631810,negative,0.001771196477877463
1274367217610694656,negative,0.05592593259625326
1274367217841422337,negative,0.04936365981167195
1274367217912741888,negative,1.1257989752191355e-06
1274367217925263364,negative,0.13956785120937956
1274367218042757121,negative,0.17981282980503863
1274367218369904641,negative,5.6531558317011694e-05
1274367218437021697,negative,0.01024459341701663
1274367218554417153,negative,0.03379381462881673
1274367221125480448,negative,7.415391594254964e-07
1274367221171654659,negative,2.2607703055852016e-05
1274367221205254144,negative,0.0024702523840070046
1274367221599371264,negative,0.07998569771605683
1274367221620490241,neutral,0.40506534230917196
1274367221763055619,negative,0.005799718553069051
1274367221846999040,negative,0.0624398915634565
1274367221851185152,negative,0.0092744064496032
1274367221914128385,negative,0.030670869478701693
1274367222065115139,negative,0.29761571709333384
1274367222216044545,negative,0.019336112146524698
1274367225298915330,negative,2.8178883656246147e-08
1274367225449844736,negative,1.7224494560092647e-05
1274367225647050752,negative,0.0010795495826158266
1274367225831489536,negative,0.0007529923616061497
1274367226339098625,negative,0.009468028020731097
1274367226435506176,negative,0.0007699370890113074
1274367228931121153,negative,0.011679611181786209
1274367229123891202,negative,0.02102601543626555
1274367229161803784,negative,0.0013932642399945938
1274367229161803785,negative,2.2607703055852016e-05
1274367229694484480,negative,0.19148375726697955
1274367229728034817,neutral,0.5252899139995859
1274367229744865280,neutral,0.3734612133305814
1274367230084444163,negative,0.004843091236173927
1274367230239703040,negative,0.0066905758197907395
1274367230373920770,negative,0.004843091236173927
1274367230575284224,neutral,0.5643560960203855
1274367230915076096,neutral,0.5870959793700388
1274367230948458502,negative,0.2739551190360795
1274367233595244545,negative,0.019336112146524698
1274367234417332232,negative,0.003628581467085475
1274367234438283264,neutral,0.4780350104355538
1274367234488635392,negative,0.01652749430255545
1274367234891268097,negative,0.04868413656103167
1274367235059056640,negative,0.020234743285630477
1274367238187999238,negative,0.011448849023057617
1274367238204805122,negative,8.72965302300608e-05
1274367238427082752,negative,0.004843091236173927
1274367238586470400,negative,0.29761571709333384
1274367238649364480,neutral,0.4018795179019264
1274367238749990912,negative,0.0021625795954240763
1274367239031062531,negative,0.006716815678558138
1274367239035260933,negative,0.04735080917640067
1274367241715355649,neutral,0.49789225920557484
1274367242004828167,negative,0.0013299379477094409
1274367242122211328,negative,0.02167949330878982
1274367242692673538,negative,0.00010851173318034352
1274367243661438976,negative,5.25933231523432e-06
1274367244164911104,negative,0.0002515451409721682
1274367244219400194,negative,0.09518876369562988
1274367244257107971,negative,0.05738731705847255
1274367246387875841,negative,0.11415875649759713
1274367247402840065,negative,0.04868413656103167
1274367247419662336,negative,0.275958358184994
1274367247549677570,negative,1.694467631585577e-05
1274367247562104833,negative,0.012799595617596988
1274367247935561728,negative,0.004305426695787664
1274367250158542848,negative,0.0006635226684981256
1274367250275934209,negative,0.025139190892179863
1274367250682777607,negative,0.004887322158981
1274367250707988481,negative,1.8702409184941465e-05
1274367250838020097,negative,5.2195989975907394e-05
1274367250947072000,negative,0.05808685403089276
1274367250963759107,negative,3.575654939374102e-09
1274367251068706816,negative,0.011407667902326828
1274367251165126656,negative,0.12871489133867653
1274367251630751746,neutral,0.497008268191141
1274367251806916611,neutral,0.5706222121367613
1274367251890700288,negative,0.0021772946379553845
1274367254281555968,negative,0.0011215207366607506
1274367255141404677,negative,1.5392331286184835e-06
1274367255413956608,negative,0.017787058494039238
1274367255539617797,negative,1.3627810684649056e-16
1274367255669850112,negative,0.14275623127838613
1274367256156200961,negative,0.002117809029372454
1274367256731025410,negative,1.1706851826881625e-06
1274367258559643649,neutral,0.4780350104355538
1274367258844946434,negative,0.0015870648762657102
1274367259343978496,negative,0.0010595982036655037
1274367259801239552,negative,0.07357273963051428
1274367259939688454,positive,0.8002585490816346
1274367262787538945,negative,0.04868413656103167
1274367263089455104,negative,1.1071183644491722e-08
1274367263144136704,negative,0.00022768415436854293
1274367263244771332,negative,0.05738731705847255
1274367263336919040,negative,0.0011215207366607506
1274367263374741504,negative,0.05839510813617035
1274367263425077251,negative,8.645422582707002e-12
1274367263521546243,negative,0.05808685403089276
1274367264213565440,negative,2.787297328760927e-09
1274367264423362562,negative,6.309560018962608e-07
1274367266801496064,negative,4.547475594547499e-07
1274367266805686273,negative,3.392119512671698e-12
1274367267074117634,negative,0.015548998880221356
1274367267900395525,negative,0.09134408089080437
1274367268093177856,negative,0.22301010244854974
1274367268105916416,negative,5.870445866988133e-07
1274367268210610176,negative,5.9483641767239604e-05
1274367268353462274,negative,0.12125042769935822
1274367271268483074,negative,0.004843091236173927
1274367271276863488,negative,0.0029638266806292406
1274367271536930819,negative,0.0006107421651236862
1274367272119947266,negative,0.056330349536888376
1274367272220573698,negative,1.0994010651947532e-05
1274367272405078016,negative,0.004753625520955285
1274367272535146502,negative,5.743092726021216e-07
1274367272581201920,negative,0.04574489815077878
1274367273483022337,negative,0.026391055696071943
1274367275194372099,negative,0.0009177032978133025
1274367275248820224,negative,0.03474024201811504
1274367275278221316,negative,0.00027521376170442795
1274367275370311681,negative,0.25737877578022383
1274367276477792256,neutral,0.4147342023902695
1274367276691656704,negative,0.01024459341701663
1274367276716785665,negative,0.00011769015856983588
1274367276796567552,negative,0.01140068344308785
1274367276846911490,negative,3.4745417994336605e-09
1274367276997885955,negative,0.05833911388962381
1274367277035663360,negative,0.0033798731590008423
1274367277048225792,positive,0.9572347682085854
1274367277106753536,negative,0.16759879051097845
1274367277304025088,negative,0.08983321350776034
1274367279493451776,negative,0.01593948934424741
1274367279686393859,positive,0.85925341414733
1274367279938129921,negative,0.16531545686876015
1274367280126853120,negative,0.2617529036331704
1274367280265277440,negative,0.009162782200460306
1274367280311402496,negative,0.30940524723330914
1274367280550424579,negative,0.06619213342117299
1274367280894353409,negative,0.0028779006780079394
1274367280906940418,negative,4.547475594547499e-07
1274367280953032708,negative,0.13247039475692876
1274367281104146432,negative,1.9027470190114964e-05
1274367281162788865,negative,0.02511030116413503
1274367281443848192,negative,8.72965302300608e-05
1274367283964588040,negative,0.17644104908166897
1274367284056907777,negative,0.02102601543626555
1274367284920881156,negative,0.11829099024857624
1274367285269016577,negative,0.09134408089080437
1274367285608800259,negative,0.04868413656103167
1274367285667512320,negative,0.029984593890963755
1274367287886262272,positive,0.7808155668520554
1274367288112807936,negative,0.00041177693719343417
1274367288670654465,negative,3.3019901333599855e-05
1274367289014603781,negative,0.04868413656103167
1274367289547243520,negative,0.2594975037883443
1274367289555648512,neutral,0.39602036133052987
1274367289790431233,negative,0.20771934817642312
1274367290201473025,negative,7.93136023647222e-06
1274367292294541313,negative,1.190429634559934e-06
1274367292353150976,negative,0.06107259465190921
1274367293049450496,negative,0.06583226526723569
1274367293619920901,negative,2.926592198778603e-05
1274367293699452928,negative,4.482272308699285e-05
1274367293951270914,negative,0.08904667010631787
1274367296237076480,negative,0.001094785108138409
1274367296782434308,negative,0.0018980158844752175
1274367297013133315,negative,0.041307986128869
1274367297038307328,neutral,0.4894886660404289
1274367297126359045,negative,0.0092744064496032
1274367297151545345,negative,1.5392331286184835e-06
1274367297222737920,negative,3.2835327046060514e-05
1274367297444954112,neutral,0.49789225920557484
1274367298883727361,negative,0.0010714391432820102
1274367300674650114,negative,0.024934362757935043
1274367301274480644,negative,0.004843091236173927
1274367301316481025,neutral,0.5136446707795853
1274367301391994880,negative,1.162155712177478e-09
1274367301719113728,positive,0.8167066301350949
1274367301735899136,negative,0.006969618874245236
1274367301740101632,negative,0.0011215207366607506
1274367301836517376,negative,0.10406999934612467
1274367301899485184,negative,0.0008635739689339384
1274367302243364866,negative,0.030082306157232213
1274367302495019010,negative,0.0007455519636552083
1274367303958908928,negative,0.0035223484351244935
1274367304629997568,negative,0.003222832135696301
1274367304814473216,neutral,0.3897956917881425
1274367305015844864,negative,0.04868413656103167
1274367305355595777,negative,0.11510964433225435
1274367305531691008,negative,3.0958504612985766e-05
1274367305535959040,negative,0.15991852319640434
1274367305661767680,negative,0.18097169728096155
1274367306534182913,negative,0.20771934817642312
1274367309042388998,negative,0.19141647306432188
1274367309256298496,neutral,0.44054615157121163
1274367309310763009,negative,1.612600296105982e-07
1274367309742772224,negative,0.033074405927606784
1274367309776379905,negative,0.16521034574965954
1274367309784788992,negative,5.25933231523432e-06
1274367309889638406,negative,1.2837832464891324e-06
1274367309948338178,positive,0.7359756314748802
1274367310028038144,negative,0.30899366494847985
1274367310187368448,positive,0.785234963980579
1274367311311486978,negative,0.001084644014956686
1274367313584820224,negative,0.05625058821869281
1274367313878364163,negative,0.2376337649813871
1274367314201280513,neutral,0.5252899139995859
1274367314343968768,negative,2.7112257209985864e-08
1274367314918604800,negative,0.12512430072708108
1274367315312807937,negative,0.04868413656103167
1274367315459571715,positive,0.8286012028805883
1274367317112008705,negative,0.017981470522138703
1274367317544177665,negative,0.029081861677762316
1274367317682597888,negative,0.10399499614065881
1274367317888172045,negative,6.8546739676504e-05
1274367317967876096,negative,0.04574489815077878
1274367317976252417,neutral,0.4663917579447527
1274367318068531202,negative,0.05592593259625326
1274367318345297921,negative,0.2617529036331704
1274367318349537281,negative,0.0021772946379553845
1274367318387240960,negative,0.16990735680766014
1274367319414919168,negative,0.16579958252247218
1274367321570754561,neutral,0.40925756744899494
1274367322543714304,negative,0.00025995428544422664
1274367323038781440,negative,0.0016533961733395512
1274367323256885249,negative,0.05942892623855671
1274367323718254593,neutral,0.5467018084453114
1274367325584658433,negative,0.2799852519493358
1274367326360449025,neutral,0.4687743928819027
1274367326717173761,negative,0.023675152663684352
1274367327107194881,negative,0.0037005539334966616
1274367327325360131,negative,0.00012475119766168299
1274367327627358209,negative,0.0459779056115642
1274367328029945860,positive,0.9597645762593177
1274367328063336451,negative,0.004843091236173927
1274367330810806274,neutral,0.458452529704962
1274367331200913408,negative,0.0011215207366607506
1274367333973266432,negative,1.1383863250389673e-07
1274367334065545217,negative,0.2417208868741504
1274367334497628164,negative,0.09740302121089356
1274367334858317826,negative,2.0390752312313254e-08
1274367334946353156,negative,0.0010595982036655037
1274367335529426949,negative,0.00011160576607214004
1274367335793647617,negative,0.0005500612242291591
1274367335852388354,positive,0.7112264328727067
1274367336028536834,negative,0.015063038548651141
1274367336171147267,negative,1.1071183644491722e-08
1274367336263430144,negative,0.13841236269547977
1274367338234642435,negative,0.2417208868741504
1274367338998046720,negative,0.029500560875255072
1274367339287494658,negative,0.004843091236173927
1274367339337834497,negative,0.2607113389928912
1274367340025712641,negative,0.275958358184994
1274367340499685376,negative,0.07509577442231544
1274367340583489541,negative,0.002407049441370978
1274367343829778432,negative,0.058245974624740154
1274367343888654337,negative,2.9074245793422354e-08
1274367343918022662,neutral,0.36700051775445536
1274367344219811841,negative,0.030380902981738126
1274367346573017090,negative,0.027465959261035424
1274367346774343682,negative,0.018628346592212967
1274367346996662272,negative,8.72965302300608e-05
1274367347105632258,negative,4.4663385975956556e-07
1274367347596439552,negative,0.0325853113069
1274367347797737472,negative,2.6737659445654676e-06
1274367347969622016,negative,2.0608364550751496e-06
1274367348091256833,negative,0.0007143123375909987
1274367348703707136,negative,0.13912907829249654
1274367349056028672,negative,0.04868413656103167
1274367349131542534,negative,8.123347876440576e-05
1274367349144027137,negative,0.0021625795954240763
1274367350746353665,negative,0.021742177510265318
1274367350897287170,negative,0.001616511283051386
1274367350972788736,negative,0.1823704251571895
1274367351090221056,positive,0.897740620973573
1274367351132008448,negative,0.13178064959354038
1274367351668895744,negative,0.015859269476485673
1274367351752929280,negative,0.02284229090443067
1274367352126058497,negative,0.0009177032978133025
1274367352860180485,negative,1.1071183644491722e-08
1274367352885428225,negative,0.0002610349379469834
1274367355758563329,negative,0.0033112822317201726
1274367355817246721,negative,0.26287646574299295
1274367355955507200,negative,0.004843091236173927
1274367355964002304,negative,0.18097169728096155
1274367356270252033,negative,5.692839550525292e-09
1274367356282814466,negative,0.04868413656103167
1274367356349960192,negative,0.0004914151200828016
1274367356362543104,neutral,0.49789225920557484
1274367356483989504,negative,0.004843091236173927
1274367356849008643,negative,0.02308040789650926
1274367356870053888,negative,0.011072112841427813
1274367356882399232,negative,7.162625319981643e-05
1274367359189495809,negative,0.0020365961420647036
1274367359935971328,negative,0.004785376447105787
1274367360045105152,negative,0.0013951546728824917
1274367361219428355,negative,0.0021772946379553845
1274367363387994112,negative,0.0331971951986892
1274367363454992384,positive,0.8388456544004359
1274367363492823040,negative,5.252465356948966e-06
1274367364281372680,neutral,0.497008268191141
1274367364344287232,negative,0.0002701972405325944
1274367364377858048,negative,0.0767596207412155
1274367364490883072,negative,1.1071183644491722e-08
1274367365052919808,negative,0.0002559210276416557
1274367365082472451,negative,2.2607703055852016e-05
1274367365271171073,negative,0.023732173558476437
1274367368068837378,negative,0.05586808025855083
1274367368253374464,positive,0.8286012028805883
1274367369205465088,negative,0.05592593259625326
1274367369251610627,negative,2.882505465786794e-05
1274367369293545472,neutral,0.49492504424089845
1274367371839406080,negative,0.2697965898796189
1274367372095303684,negative,0.04868413656103167
1274367372128931840,negative,0.0018986531953864693
1274367372292509700,negative,0.06401077598744352
1274367372443496449,negative,0.0009177032978133025
1274367372464357376,negative,0.0006053286422398525
1274367372720300033,positive,0.8769377224608699
1274367372774780935,negative,0.018021478589434755
1274367373445943300,negative,0.007236945755723456
1274367375916380160,neutral,0.35509496682161057
1274367376520347650,negative,0.051388735714927164
1274367377233399812,negative,0.023093587292224833
1274367377463889920,negative,0.24748241706189286
1274367380936970241,negative,1.9684284881358229e-10
1274367382044188672,negative,0.004202755155766138
1274367382467817472,negative,5.260552975640775e-06
1274367384502099974,negative,0.05808685403089276
1274367384623747072,negative,0.011516141835762378
1274367384925724674,negative,0.00014459406381251767
1274367385378619392,negative,0.006842655702366206
1274367386380988416,negative,0.29761571709333384
1274367386406322176,negative,0.005289110197580681
1274367386494304256,negative,1.7296221681985026e-05
1274367386523557888,negative,0.13949552936821852
1274367386523701248,negative,0.0025244154240155283
1274367389082189824,neutral,0.4874731389686502
1274367389438795776,negative,1.7240898212433143e-05
1274367390487322624,negative,0.07806701099493803
1274367391393341440,neutral,0.49789225920557484
1274367391896678402,negative,0.009581080777797013
1274367392588558336,negative,0.011589306675003411
1274367393788239872,negative,2.8210215675202404e-05
1274367393792274435,negative,1.6300532801452974e-05
1274367394136371201,negative,0.002366686782086095
1274367394589421568,negative,0.0007315135167748733
1274367394715185152,negative,0.00247334345657811
1274367396430700556,negative,0.018183906102385943
1274367396850077698,negative,0.05714072353572688
1274367396929843201,negative,0.0005343179420576164
1274367396929851398,negative,0.2799819460205976
1274367397307265024,negative,0.04386731944668154
1274367398053916672,negative,0.011072112841427813
1274367398402015232,negative,0.04868413656103167
1274367398800502784,negative,0.13949552936821852
1274367398804627457,negative,0.18115228686180354
1274367398980829186,negative,2.2607703055852016e-05
1274367399253495808,negative,0.0005176281841814698
1274367401019297794,negative,0.03233698291979513
1274367401157627904,positive,0.9724882255991635
1274367401665212416,negative,0.2390621294158747
1274367402055274496,negative,0.1519519621115061
1274367402076188672,negative,0.023771321988337406
1274367402147487747,negative,0.16531545686876015
1274367402390589440,negative,0.0019379606464691725
1274367402826817536,negative,0.011448849023057617
1274367402919239681,negative,0.007689663131859232
1274367402994798597,negative,0.016467863873095883
1274367403372220417,negative,0.07838960458961712
1274367403405828096,negative,6.095455063456364e-05
1274367405167386626,negative,0.0005500612242291591
1274367405364523012,negative,0.01024459341701663
1274367405964382215,negative,0.0016200476050998805
1274367405993504770,negative,0.0011215207366607506
1274367405997907976,neutral,0.3829848852326983
1274367406320779264,negative,0.06387919917227507
1274367406572556291,neutral,0.6214015825264718
1274367406786347008,negative,0.04868413656103167
1274367409424683010,negative,0.0002618765842378315
1274367409672130562,neutral,0.46127768308170247
1274367409932075010,negative,0.00016977528444120807
1274367409986691073,negative,0.18097169728096155
1274367409990885377,negative,0.02299652341105041
1274367410116624384,negative,2.2607703055852016e-05
1274367410447974402,negative,0.00023730811868000347
1274367414055174145,negative,0.11756262194119835
1274367414130663427,positive,0.9948633561963823
1274367414508097542,negative,0.22793130969118644
1274367414516531202,negative,2.6483642060587684e-05
1274367414629797888,negative,0.1144112494723962
1274367415355346944,negative,0.22820882362804987
1274367415569309699,negative,0.001616511283051386
1274367416433336321,negative,0.0002481692438479228
1274367417838436352,neutral,0.6020347380261928
1274367417926463488,negative,0.011448849023057617
1274367417947271169,neutral,0.5505550505941735
1274367418601791488,negative,0.04868413656103167
1274367419419680769,negative,0.018191370886849637
1274367421990797313,negative,0.0010774206940814721
1274367422401777664,negative,0.02460594107704766
1274367423177789440,negative,0.00030373989889860776
1274367423794368512,negative,0.29603802467844276
1274367423903383552,negative,0.0007551163787929313
1274367424175972353,negative,1.2330315952805928e-05
1274367424205393923,negative,6.075671935421832e-06
1274367424402460672,negative,2.787297328760927e-09
1274367426143100929,negative,0.0011215207366607506
1274367426310868994,negative,0.11510964433225435
1274367430572244993,negative,0.2676438359255341
1274367431125934081,negative,0.2697965898796189
1274367431490908163,negative,0.002679295280533699
1274367432308609024,negative,0.003906608184926543
1274367432426246145,negative,0.04868413656103167
1274367432879230978,negative,1.1071183644491722e-08
1274367434825203712,negative,0.0011215207366607506
1274367435013976064,negative,0.0019025629841044902
1274367435844587521,negative,3.38794706851042e-05
1274367435961925632,negative,0.020671539135477947
1274367436792438785,negative,0.026027713628179995
1274367438604435462,negative,1.0656708638371418e-05
1274367438910619648,negative,0.01140068344308785
1274367439111938048,negative,0.07093600664242929
1274367439283933186,negative,0.0002195416596226968
1274367439405551617,neutral,0.42574232066054873
1274367439644524544,neutral,0.582294378837787
1274367439934021632,negative,0.2701300824917685
1274367441464950785,negative,8.443564912871401e-05
1274367443373363204,negative,0.13656221522950338
1274367443457146880,negative,0.0009885392357152644
1274367444124086272,negative,0.18097169728096155
1274367444187074560,negative,0.004843091236173927
1274367444740714498,negative,0.0017257461496606994
1274367445189431328,neutral,0.4663917579447527
1274367445524975617,neutral,0.3678815338255579
1274367447227944960,negative,0.0788714529062987
1274367447517331456,negative,0.07509577442231544
1274367447521509379,negative,0.018821258237733233
1274367447773167616,negative,0.00023735706275432945
1274367447831805952,neutral,0.42229895931535033
1274367448477847552,negative,0.00024231863833612223
1274367448595206144,neutral,0.5136446707795853
1274367449509568513,negative,5.866433437362104e-05
1274367451397062658,negative,0.009779495462647985
1274367451988443137,negative,0.000102149435288236
1274367452017831939,neutral,0.4190935437062381
1274367452290433035,negative,0.31609996668142204
1274367452781084672,negative,8.72965302300608e-05
1274367453313880064,negative,2.955827235618622e-13
1274367453565419520,negative,0.01424176688918744
1274367453573853184,negative,0.006676482875924144
1274367453708062722,neutral,0.4507454498615163
1274367455637446656,negative,2.231609462892324e-08
1274367456342138880,negative,0.029244268885268345
1274367456518299650,negative,2.2607703055852016e-05
1274367456870649859,neutral,0.44054615157121163
1274367457097105408,negative,1.1071183644491722e-08
1274367457243824128,negative,0.2417208868741504
1274367457336188931,negative,0.16451108071011875
1274367457545916417,negative,0.0011215207366607506
1274367457705234436,neutral,0.5734576952979002
1274367459802386432,negative,0.11531206543918708
1274367459953463297,negative,0.03808132109721348
1274367460116922371,negative,4.6816401461105706e-05
1274367460226072583,negative,0.0018986531953864693
1274367460762882048,negative,0.14742865434646862
1274367460800684034,negative,5.692839550525292e-09
1274367460842577920,negative,0.11436965370568407
1274367460842655744,positive,0.8989644059020594
1274367461094195200,negative,0.28300199349513044
1274367461333368832,negative,0.00014459406381251767
1274367462256136192,negative,0.13178064959354038
1274367463979921408,negative,0.004843091236173927
1274367464156135424,negative,1.637839043713939e-08
1274367464344821763,negative,0.0005755368404029225
1274367464638464002,neutral,0.49789225920557484
1274367464864993281,negative,0.18539044991884981
1274367465468964865,negative,0.0009565887751184151
1274367465829564417,negative,0.05738731705847255
1274367465938653184,negative,2.006714880962501e-06
1274367466085519360,neutral,0.6557371034485179
1274367466093850626,negative,0.09199464462601915
1274367466991489025,negative,0.0283860008103736
1274367468237131776,negative,0.0023331838442473304
1274367468321091586,negative,0.04868413656103167
1274367468337868800,negative,0.0007767496846974131
1274367468379811841,negative,0.0011796649577434433
1274367468811644931,negative,0.2897207918155794
1274367468836880385,negative,0.0007657789029331175
1274367468866338816,negative,9.782089804679564e-13
1274367468912377864,neutral,0.5238683594003597
1274367468912422914,negative,5.002784144273639e-10
1274367469356974080,negative,1.8952252437834378e-06
1274367469659062272,negative,0.0008115220845677959
1274367469700952065,negative,0.006184023578076451
1274367472498544641,neutral,0.49789225920557484
1274367472972464128,negative,0.32773712576453606
1274367473102524418,negative,0.03297758240611534
1274367473148743681,negative,0.19512902450161523
1274367473513566208,positive,0.7022689938172346
1274367474155360256,negative,0.004843091236173927
1274367474306289664,negative,2.0452212128368524e-05
1274367474323075072,negative,0.003401178487566604
1274367474356703233,negative,0.007249345281422575
1274367474453155841,negative,0.09071717251954439
1274367476789317632,positive,0.880977722113856
1274367477368176643,neutral,0.46598398918449585
1274367477598879746,negative,0.07393482406165428
1274367477795844096,negative,0.2417208868741504
1274367478039293954,negative,0.12674424390506198
1274367478278303748,negative,0.13389132779948007
1274367478311915522,negative,0.16990735680766014
1274367481008680964,negative,0.020384887355742974
1274367481386356736,negative,0.04868413656103167
1274367481948274689,negative,0.01597735028906383
1274367482795524097,neutral,0.5464423174801689
1274367483412176897,negative,0.012443101723368342
1274367483466702848,negative,0.00014909865563531976
1274367484968263681,negative,0.0028779006780079394
1274367485526126598,negative,0.004843091236173927
1274367485568040961,negative,0.12269245014743699
1274367486083969028,negative,0.004843091236173927
1274367486205530113,negative,0.10181136206043566
1274367486457241600,negative,2.6483642060587684e-05
1274367486583091200,negative,0.0035199674272518217
1274367486608257024,negative,1.694467631585577e-05
1274367486616535040,negative,0.006021085835282114
1274367486859894784,neutral,0.38173543991305214
1274367487145017346,negative,0.0019474886261394598
1274367487576961025,negative,0.0001331751623886742
1274367489967874048,neutral,0.5111067556059521
1274367490022428672,negative,0.001978612095788162
1274367490152443904,negative,0.0024700033947198208
1274367490152452096,neutral,0.5533970533999424
1274367490328412160,negative,0.29761571709333384
1274367490643169280,negative,0.0006107421651236862
1274367491192631297,negative,0.0050548505305461336
1274367491217723392,negative,0.00025831194759538925
1274367493348392961,negative,0.019336112146524698
1274367493415604227,negative,0.17085650338555278
1274367493897936897,negative,0.2118409738229835
1274367494103330816,negative,0.0011215207366607506
1274367494116052993,negative,0.0013827125914938928
1274367494690451458,negative,0.17309034206570623
1274367495244300292,negative,0.003401178487566604
1274367495261040641,negative,0.18836099310842186
1274367497601507328,negative,2.1794470144322516e-10
1274367497622425601,negative,0.0015320089332239973
1274367497752502274,negative,0.11733166319877615
1274367498163388416,negative,0.013155108968159484
1274367498511671297,negative,0.2439111914556363
1274367498788450306,neutral,0.3448789537043245
1274367499706839041,negative,1.1071183644491722e-08
1274367500155850762,positive,0.6787599488272735
1274367500239753216,negative,0.015548998880221356
1274367501732847616,negative,6.36702327023998e-05
1274367501988757504,negative,0.09819339168305305
1274367502747828225,negative,1.9684284881358229e-10
1274367502747869185,negative,0.0017351621898246683
1274367502886240259,positive,0.9572347682085854
1274367503137898497,negative,0.0009177032978133025
1274367503410647040,negative,5.4829442453693136e-05
1274367503599370241,negative,0.0004949301532945707
1274367504014618630,negative,0.0021772946379553845
1274367506145333250,negative,0.00726651243507075
1274367506958946305,negative,0.29761571709333384
1274367507369992196,neutral,0.4147342023902695
1274367507525251078,negative,0.0038007698489585192
1274367507655254021,negative,1.1071183644491722e-08
1274367507680440327,positive,0.999783676343749
1274367507898474498,negative,0.20435590212710014
1274367508045271049,neutral,0.46127768308170247
1274367508087259137,negative,0.0035276831089367526
1274367508565364737,negative,0.16759879051097845
1274367510930960384,negative,2.6827855035795122e-05
1274367510947692550,negative,0.008617649646159286
1274367511371427840,negative,0.001616511283051386
1274367514353549312,neutral,0.5136446707795853
1274367514743537664,neutral,0.46598398918449585
1274367515393691648,negative,0.0010474648988743878
1274367515490226183,negative,0.000983102454953023
1274367515855028226,negative,8.72965302300608e-05
1274367515943149577,negative,2.0452212128368524e-05
1274367516555476993,negative,0.07311771414534747
1274367518472364034,negative,0.24151054019797136
1274367518891749377,negative,0.00014459406381251767
1274367519273431040,negative,5.236491188964266e-06
1274367519382519815,neutral,0.5196000172536228
1274367519483138049,negative,0.0021625795954240763
1274367519483146240,negative,0.00012023658400643279
1274367519814492160,positive,0.6822815310172412
1274367520150040577,negative,0.13949552936821852
1274367520330391552,negative,0.00039603120118339544
1274367520405950465,negative,0.013505374863756362
1274367522402426880,negative,0.08898541926128767
1274367522641514496,negative,0.006351232032840391
1274367522666618880,negative,0.08010598670960223
1274367522712805377,negative,0.0018598644806040261
1274367522729611266,negative,1.637839043713939e-08
1274367522997858306,negative,1.1071183644491722e-08
1274367523367071746,negative,0.26439340143768847
1274367523454988289,negative,0.03095465229829585
1274367523736047622,negative,0.004843091236173927
1274367523920719875,negative,1.2880214802928715e-05
1274367524176625665,negative,0.0029387351817800372
1274367524210171905,negative,0.00019749684590407112
1274367524591874050,negative,0.0002871382722711039
1274367526961590274,negative,0.01140068344308785
1274367527313911808,negative,1.278555127236673e-05
1274367527615893504,negative,0.04868413656103167
1274367527884255234,negative,0.13949552936821852
1274367527905304581,negative,0.3206329904099258
1274367528052162563,negative,0.12028557182239726
1274367528458952711,negative,0.26439340143768847
1274367528605646848,negative,0.0002619169659521643
1274367528756744195,negative,0.015548998880221356
1274367528937103361,negative,8.404491852875959e-07
1274367531327905792,negative,0.04487268394872984
1274367531411738624,negative,1.216124962646072e-05
1274367532015779842,negative,0.03381108810554848
1274367532061900800,negative,0.027654666300688958
1274367532829376519,negative,0.0007206278447072315
1274367533303377920,negative,0.26439340143768847
1274367533374726150,negative,7.627938580569925e-07
1274367533500506114,negative,0.005432016737634351
1274367533773135872,negative,2.0452212128368524e-05
1274367535635410952,negative,0.22122416942500223
1274367535765491714,negative,0.05828189445446495
1274367535874338817,negative,0.0016351743616622777
1274367535954169856,negative,0.12031627569821939
1274367536415551489,negative,0.22028980502426931
1274367536776253440,negative,8.72965302300608e-05
1274367536923062274,negative,0.14267521265025393
1274367537048846337,negative,0.020234743285630477
1274367537225117697,negative,0.29761571709333384
1274367537233436673,negative,8.478665677508677e-05
1274367537476767744,negative,0.13852903972957373
1274367537573224454,negative,0.04868413656103167
1274367539276021760,negative,8.774804503270843e-07
1274367539460489218,negative,0.00020479812569071105
1274367539523485701,negative,0.0021625795954240763
1274367539523584003,negative,0.009998871589090129
1274367539771052037,negative,0.02284229090443067
1274367539859030016,negative,0.0020365961420647036
1274367540165312512,negative,0.252668587744507
1274367540777684993,negative,0.08575467508938993
1274367540794449921,negative,0.008819765903299467
1274367541712830464,positive,0.8951437280290243
1274367541780103177,negative,0.05808685403089276
1274367541784260609,positive,0.9851057850232864
1274367543982141447,neutral,0.41284655950888277
1274367544074387459,neutral,0.40108713718874806
1274367544254705665,neutral,0.40506534230917196
1274367544363753476,negative,2.053796493314597e-11
1274367544623759367,negative,0.06557944966509824
1274367544745431041,negative,0.004306505487387396
1274367545714208769,negative,0.004843091236173927
1274367546012119040,negative,1.694467631585577e-05
1274367547928870912,negative,0.00030373989889860776
1274367548046348288,negative,8.61495130774423e-09
1274367548239347714,negative,0.03543314439176533
1274367548772016128,negative,0.04868413656103167
1274367549090803714,negative,0.00010731956930563781
1274367549099171845,negative,0.22820882362804987
1274367549283729409,negative,0.17644104908166897
1274367549422088192,negative,0.05592593259625326
1274367549879222273,negative,0.0092744064496032
1274367550093176832,negative,1.9184668082799116e-05
1274367550197907461,negative,0.003401178487566604
1274367552429395968,negative,0.00038918016190668856
1274367552873955330,negative,5.099752467502575e-07
1274367553440186368,negative,0.05698823799487852
1274367553478037521,negative,0.04868413656103167
1274367553557671936,negative,0.1818780131674533
1274367556560850945,negative,0.009581080777797013
1274367556804108294,negative,0.04595209925340548
1274367556816683013,negative,1.157691023603853e-05
1274367557462622210,negative,1.7240898212433143e-05
1274367557504507905,positive,0.8043820377346996
1274367557567381505,negative,0.014462942317355964
1274367557827346432,negative,1.1390298037026947e-05
1274367558033047552,negative,0.2383915442855335
1274367560427995136,negative,0.17148461760821707
1274367560721580032,negative,0.00025995428544422664
1274367560721608706,negative,0.00014459406381251767
1274367560855638017,negative,1.1071183644491722e-08
1274367561359077376,negative,0.0002618765842378315
1274367561359134720,negative,0.005016158161169891
1274367561602420736,negative,0.01140068344308785
1274367561854070787,negative,7.031497740416317e-11
1274367561975676929,negative,0.01024459341701663
1274367562118311939,negative,1.694467631585577e-05
1274367562206322688,negative,5.260552975640775e-06
1274367562256703492,negative,0.09431001045159265
1274367564613849090,negative,0.05055161527428088
1274367564869709825,positive,0.897740620973573
1274367564873961472,negative,0.0011199818852058363
1274367565918351365,negative,0.001197614655071748
1274367566316789760,negative,2.29566763603265e-05
1274367566409019393,negative,0.011072112841427813
1274367566459351044,neutral,0.5112526064611215
1274367566471888897,negative,0.05839766649021508
1274367566660530176,negative,0.2417208868741504
1274367568870924289,negative,6.806668412331763e-07
1274367569290563585,negative,1.1071183644491722e-08
1274367569328103425,negative,5.26026616084643e-06
1274367569529634818,negative,0.0011215207366607506
1274367570112655360,negative,0.02240330817951099
1274367570318155777,negative,0.21663218523124433
1274367570364305409,negative,0.04868413656103167
1274367570565566464,negative,0.000495371815490899
1274367573111574529,negative,0.0021048313951453324
1274367573119901696,negative,4.4258471764160494e-05
1274367573291937792,negative,0.009581080777797013
1274367573400981504,negative,0.0021625795954240763
1274367573614829571,neutral,0.4894886660404289
1274367573749104640,negative,8.443564912871401e-05
1274367573803630594,negative,0.01443756741089719
1274367573912702976,negative,0.010984896594193893
1274367573925212162,negative,0.0003311823303422648
1274367574059384833,neutral,0.642059190455799
1274367574139158529,negative,0.14197236713123318
1274367574168436739,negative,0.0008115220845677959
1274367574357180417,neutral,0.45715098558588957
1274367574705352704,negative,1.1071183644491722e-08
1274367574709542913,negative,0.004843091236173927
1274367578044014594,negative,0.0019233929657328222
1274367578085957632,negative,0.00014459406381251767
1274367578505383939,negative,8.72965302300608e-05
1274367579734159361,neutral,0.49789225920557484
1274367579847524354,negative,0.017598861581214365
1274367579860197380,negative,4.547475594547499e-07
1274367580011139072,negative,0.21793568607865924
1274367582125113344,negative,0.003401178487566604
1274367582649409536,negative,0.07197907315624454
1274367582741594113,negative,0.01140068344308785
1274367582754177026,negative,0.06934400260076969
1274367583525826561,negative,0.16990735680766014
1274367583945461762,negative,0.14347003427009467
1274367585342181376,negative,2.1353031949306344e-07
1274367585824497665,negative,0.018628346592212967
1274367585845420032,negative,0.0037990958015824204
1274367586935996416,positive,0.978214815315615
1274367587607085057,negative,0.09819339168305305
1274367588143898624,neutral,0.40819334745054037
1274367588349378561,negative,1.347806542323342e-06
1274367590077476867,neutral,0.4496563656481252
1274367590228463618,negative,5.274425244731289e-09
1274367591247679491,negative,0.04868413656103167
1274367591579095040,negative,0.13949552936821852
1274367591893667854,negative,0.07917874728064465
1274367592019439618,negative,0.0008252919320186454
1274367594234089474,negative,8.443564912871401e-05
1274367594276012032,negative,0.02201085893018373
1274367594321960960,negative,0.0005566233245111328
1274367595479740418,negative,0.05897235857735733
1274367595681112068,negative,0.005402909033626645
1274367595693703168,negative,0.04487268394872984
1274367595962159107,negative,0.00044649124632824917
1274367595978817542,negative,7.926575242736329e-06
1274367596012408832,negative,0.12324200434447052
1274367596117274625,negative,0.018191370886849637
1274367596129853440,negative,0.275958358184994
1274367596230565889,negative,0.09053614036336118
1274367599091093504,negative,0.07864985060077
1274367600215166976,positive,0.7022689938172346
1274367600244535296,negative,0.0007231220621838686
1274367600403845120,negative,0.02117330010674297
1274367600579969024,negative,0.007977770830218257
1274367601775464450,negative,0.15379681661564315
1274367602794606600,negative,0.1283830983719342
1274367602798854147,negative,8.72965302300608e-05
1274367602823802880,negative,0.008973878116514188
1274367602987581440,negative,0.2417208868741504
1274367603193131009,negative,0.05530462031307686
1274367604375859203,negative,0.04868413656103167
1274367605193814018,negative,0.12221244780383544
1274367607374852096,negative,0.00021141921140676293
1274367607756345344,negative,1.1071183644491722e-08
1274367608524021762,negative,0.2617529036331704
1274367608658239488,negative,1.9027470190114964e-05
1274367610747006978,negative,0.12806381259424787
1274367611866951680,negative,0.0011215207366607506
1274367612194078722,negative,0.007977770830218257
1274367615461400581,negative,0.01140068344308785
1274367615843160064,negative,0.0002559210276416557
1274367615868252163,negative,0.055910792837820286
1274367616078012418,negative,0.021742177510265318
1274367616425922560,negative,0.13172800381638772
1274367619618004994,negative,0.08879603375664288
1274367619752173568,neutral,0.5453346492413391
1274367620226199554,neutral,0.35944904966017804
1274367620716867584,negative,0.07640541902685215
1274367620872130560,negative,0.008144467688207854
1274367623476715521,negative,0.0005316314280065013
1274367623510339585,negative,0.13656221522950338
1274367624042987521,negative,0.020384887355742974
1274367624135299077,negative,0.02201085893018373
1274367624537833472,negative,0.044130704286215905
1274367624676282368,negative,0.16990735680766014
1274367624818933761,negative,0.017981470522138703
1274367624969891840,negative,0.04868413656103167
1274367625133461506,negative,0.00021141921140676293
1274367627733893120,positive,0.8769377224608699
1274367627754954753,negative,0.02102601543626555
1274367628279152640,negative,0.00223842800882236
1274367629046820865,neutral,0.555957514713482
1274367629134909441,negative,0.07709103470581864
1274367629386412032,negative,0.001616511283051386
1274367629487202309,negative,0.030062744238629296
1274367629529055233,negative,1.9027470190114964e-05
1274367629998858240,negative,0.003906608184926543
1274367631965990913,negative,0.003401178487566604
1274367632032989185,neutral,0.49789225920557484
1274367632427364353,negative,0.2376337649813871
1274367632578412546,negative,8.123347876440576e-05
1274367633161412608,negative,6.190224975288832e-05
1274367633962536968,positive,0.880977722113856
1274367634012688384,neutral,0.513136929509853
1274367634172067840,negative,0.004107073716534764
1274367635740856320,negative,5.36003200922468e-06
1274367637645152256,negative,0.18159335614825903
1274367637993197571,negative,0.2700152070006991
1274367639729700871,negative,0.03233698291979513
1274367639868112897,negative,4.0788932029079364e-09
1274367640103014402,negative,0.09965753329704123
1274367640514035714,negative,0.03747974682466403
1274367640669245440,negative,0.32877076950170503
1274367641101250560,negative,0.04817235380553318
1274367641113804801,neutral,0.5616511143517063
1274367641356910594,negative,5.25933231523432e-06
1274367641428377600,negative,0.0092744064496032
1274367641528999936,negative,0.00014459406381251767
1274367642242093057,neutral,0.467159026293714
1274367642657325062,negative,0.24136230336960818
1274367644360159233,negative,0.001084644014956686
1274367644888637440,negative,0.24982209453364718
1274367644917882881,negative,0.029341995306614608
1274367644918046720,negative,0.01140068344308785
1274367645140295682,neutral,0.47233708548220604
1274367645287157761,negative,5.25933231523432e-06
1274367646021058560,negative,6.984838139683272e-08
1274367646159388672,negative,0.001616511283051386
1274367646293733378,negative,0.20992225854298258
1274367646516097026,neutral,0.5430357635287411
1274367646599794696,negative,0.0011215207366607506
1274367649187856385,negative,0.019336112146524698
1274367649225400320,negative,0.002284088023727909
1274367649376501762,neutral,0.393291374208476
1274367650026655750,negative,0.19965448482203185
1274367650055979011,negative,0.00043368059341162955
1274367650257395713,negative,0.04868413656103167
1274367652887134209,negative,0.06036232631689331
1274367653742870529,negative,0.29761571709333384
1274367654002909184,neutral,0.49789225920557484
1274367654011252736,negative,0.0005833353590071568
1274367654254411777,negative,0.0820935899554921
1274367654376153089,negative,0.000491914873163922
1274367654384590851,negative,0.013936139273256595
1274367654598492162,negative,0.006634750349448851
1274367654703308800,negative,0.07236462922207484
1274367654942384128,negative,0.015548998880221356
1274367657194782720,negative,8.443564912871401e-05
1274367657274417155,neutral,0.35509496682161057
1274367658083917827,negative,0.29150453131543796
1274367658138447875,negative,4.547475594547499e-07
1274367658159304706,negative,0.11211298304992452
1274367658352353284,negative,0.03983031260542193
1274367658369007619,negative,0.11756262194119835
1274367659904307203,negative,0.1736593650197064
1274367661489770503,negative,5.26026616084643e-06
1274367662005633024,neutral,0.3499352441185855
1274367662018134018,neutral,0.5363620009978287
1274367662596947968,negative,0.0028326793561230194
1274367662886453248,negative,0.007259190021930235
1274367663066808320,negative,0.00025995428544422664
1274367663087599622,positive,0.9629367999629298
1274367665595912193,negative,5.3231795910252824e-05
1274367665826660353,negative,0.1385737573010798
1274367665910538246,negative,0.035134212493759746
1274367666007035905,negative,0.00040108350088884374
1274367667072315392,negative,0.07998569771605683
1274367667080658946,negative,0.3029968537174699
1274367667122638848,negative,0.29761571709333384
1274367669882490882,positive,0.6621097827025797
1274367670092271623,negative,0.0007125057018649424
1274367670289391616,negative,0.018191370886849637
1274367670435999745,negative,0.0001702477271718736
1274367670645936128,neutral,0.46598398918449585
1274367670717157376,negative,0.02102601543626555
1274367670771728384,negative,0.020384887355742974
1274367670771757056,negative,0.04487268394872984
1274367673829228550,negative,0.0013545186567994329
1274367674135576578,negative,0.0011796649577434433
1274367677763661829,negative,0.29761571709333384
1274367678388543488,negative,5.816563844511329e-06
1274367678862557184,negative,0.14422441695466023
1274367678887727104,neutral,0.379611556832951
1274367679109967875,negative,0.0006107421651236862
1274367679240028164,neutral,0.5205980293876022
1274367682427662336,positive,0.9972833339877146
1274367682448482309,negative,0.16990735680766014
1274367683962834946,negative,0.0012932623361720983
1274367686118649857,negative,0.08131117716680174
1274367686244474883,negative,0.002416806924344524
1274367686902976513,negative,0.003722503096012636
1274367687100162055,negative,0.29051772976940365
1274367687460663296,negative,0.001616511283051386
1274367687628636161,negative,0.020234743285630477
1274367687741890561,negative,0.2565802007626156
1274367687896907776,neutral,0.5505550505941735
1274367688056418304,negative,0.029244268885268345
1274367692535971840,negative,0.01140068344308785
1274367692598886400,neutral,0.43775766252172876
1274367692682788864,negative,0.04868413656103167
1274367694838661121,negative,0.0006107421651236862
1274367695115427848,negative,0.04680545994695232
1274367695366938624,negative,0.004843091236173927
1274367695807488000,negative,0.11640898896122052
1274367696025550850,negative,0.024909403706761393
1274367696130445312,negative,0.19348050757669838
1274367696235266048,neutral,0.49789225920557484
1274367696642113542,neutral,0.49789225920557484
1274367699431415809,negative,0.00021020526819592297
1274367699603337217,negative,0.2850853971886943
1274367700035350528,negative,0.02102601543626555
1274367700299628545,negative,1.2142951356898647e-05
1274367700370890753,negative,0.005132971234011774
1274367703197900801,neutral,0.3371348131876588
1274367704108072963,negative,0.00028452288302881576
1274367704955326470,negative,2.2607703055852016e-05
1274367705316024322,negative,0.16990735680766014
1274367708604313600,negative,0.05942892623855671
1274367711473209345,negative,0.0059267823760123265
1274367712710610946,negative,1.8540542364720505e-08
1274367713343877121,negative,0.14504969792100958
1274367713595527169,neutral,0.49789225920557484
1274367715789209600,negative,0.23540932660475059
1274367716384792583,negative,0.23647882987224042
1274367716875476994,negative,0.29761571709333384
1274367717227876352,negative,0.07435016312101904
1274367717253013504,negative,0.10992353493306664
1274367719643758592,negative,0.010970839137536747
1274367719824134145,negative,0.04868413656103167
1274367720008699904,positive,0.9947294726324761
1274367720121909249,negative,0.10823352291864381
1274367720730038273,negative,3.175331555868805e-06
1274367720746778626,negative,8.250864446797591e-05
1274367720893661187,negative,0.0013103174119604578
1274367721237614594,neutral,0.3524534808467295
1274367721325674505,negative,0.09450805148142093
1274367721342480385,neutral,0.4687743928819027
1274367724043612161,negative,0.0862782034645117
1274367724593037312,negative,1.6896840198247711e-09
1274367725549129728,negative,5.227013947987765e-13
1274367728363733000,negative,1.0707508760226773e-06
1274367728799924224,negative,2.0608364550751496e-06
1274367728858681344,negative,1.5660400294545126e-05
1274367730288910339,negative,0.07509577442231544
1274367736588709889,negative,0.06625089856800671
1274367736710340611,negative,0.12320898036135165
1274367737851150336,negative,0.2181245785185707
1274367738023235585,neutral,0.49789225920557484
1274367738257920000,negative,0.29761571709333384
1274367741072375814,negative,9.782089804679564e-13
1274367749255573509,negative,0.0024783735221090507
1274367749666467840,negative,0.01587785822281473
1274367749742002177,negative,1.1071183644491722e-08
1274367749754675202,negative,0.00012968186952523811
1274367750253826051,neutral,0.368573174201365
1274367750660657152,negative,4.878271320714052e-07
1274367750966857730,negative,0.05901177588959154
1274367751054909440,positive,0.8166186890370012
1274367751239368705,negative,0.043548574727885876
1274367753563058177,neutral,0.5136446707795853
1274367753894461442,negative,0.0038332517021677833
1274367754041204736,negative,0.002284088023727909
1274367754850701313,negative,1.9027470190114964e-05
1274367755144347649,negative,0.007977770830218257
1274367757832851458,negative,0.0009177032978133025
1274367758881488896,negative,5.077424613795137e-15
1274367759250489345,negative,0.005209935200701168
1274367762106912768,negative,5.8589756240577034e-05
1274367762190807041,negative,0.00031664341689508044
1274367762270429187,negative,2.2607703055852016e-05
1274367762748637184,neutral,0.6018206910780577
1274367763126116353,negative,2.2607703055852016e-05
1274367763348434945,negative,0.03165176352812159
1274367766330372099,negative,0.0019474886261394598
1274367766724857856,negative,8.443564912871401e-05
1274367767962099718,negative,3.517110401248027e-05
1274367768276729858,neutral,0.3494387384434217
1274367768549359616,negative,0.003401178487566604
1274367770210140161,negative,0.23685626709444976
1274367770369699840,negative,0.09794803654291011
1274367771099439106,negative,0.01140068344308785
1274367771917332483,negative,0.003401178487566604
1274367772185833472,negative,0.0016309027187468247
1274367772215128066,negative,0.06787078163223642
1274367772290670593,neutral,0.5844952997138847
1274367774735978497,negative,1.694467631585577e-05
1274367775738298368,negative,0.00015898259907079918
1274367775977455616,negative,1.7240898212433143e-05
1274367776178700290,negative,4.547475594547499e-07
1274367776346509315,negative,0.05808685403089276
1274367778619887617,negative,0.09819339168305305
1274367779173478405,negative,1.1415828081567946e-05
1274367779181703168,negative,4.0137644822369474e-06
1274367779634700288,negative,0.26843862332646407
1274367779689259010,neutral,0.3403391890910929
1274367780637335553,negative,5.139554196057458e-08
1274367783053099008,negative,0.007977770830218257
1274367783418114048,negative,0.025111412739906032
1274367784001179650,negative,0.00013916771934750156
1274367784852443136,negative,0.00968907338731841
1274367784974237699,neutral,0.5430357635287411
1274367787205562374,negative,0.2583634446086316
1274367787218198533,negative,0.0011215207366607506
1274367787817938944,negative,0.09606844382509597
1274367788249997312,negative,8.72965302300608e-05
1274367788258295809,negative,4.155872166145159e-08
1274367788375818246,negative,0.007977770830218257
1274367791374766082,negative,1.004573880996518e-07
1274367791823491072,negative,0.0625804661011873
1274367792372944896,negative,4.597175169038617e-07
1274367792821809152,negative,0.18795859623648656
1274367795434786818,negative,0.018191370886849637
1274367795501957120,positive,0.7054861858056442
1274367795606835201,negative,0.002228250586924793
1274367795954741249,negative,0.18760693662253133
1274367796701532160,negative,9.782089804679564e-13
1274367796735066112,negative,0.1818780131674533
1274367796978151429,negative,0.305779366938349
1274367796995072000,negative,0.00014459406381251767
1274367797842325505,negative,0.003148344067596472
1274367799876562944,negative,8.72965302300608e-05
1274367800568696833,negative,0.0002142748871090228
1274367800883073024,negative,0.02738764886718594
1274367800900038658,negative,0.175428719071214
1274367801118134272,neutral,0.6433639971802244
1274367801143197709,negative,0.017981470522138703
1274367801638125571,negative,0.01742012756032564
1274367802049212418,negative,0.018191370886849637
1274367802170843137,negative,0.2590443018617744
1274367803311734786,negative,8.590475785264826e-06
1274367804347686915,negative,0.15735347160600188
1274367804616200201,negative,1.8390948244636866e-05
1274367804683309060,positive,0.763492726677842
1274367805299798016,negative,0.018191370886849637
1274367806121934850,negative,0.09819339168305305
1274367807799656450,negative,0.038153568964844585
1274367808634269701,negative,0.006860215588284487
1274367808927723525,negative,0.0007699370890113074
1274367808965615616,negative,0.06242241308467077
1274367809410269186,negative,5.25933231523432e-06
1274367812459327488,positive,0.9984131775264126
1274367812795064320,negative,0.028040805411430187
1274367813193478144,negative,0.13949552936821852
1274367813227024384,negative,1.1225984045558433e-05
1274367816288870401,negative,2.2607703055852016e-05
1274367816859344897,negative,3.4870725064426406e-12
1274367817048080384,negative,7.415391594254964e-07
1274367817052229632,negative,0.10182931082892317
1274367817157148673,negative,0.0038332517021677833
1274367817727557632,negative,0.18795859623648656
1274367817991798785,negative,0.016518257550450426
1274367818532864007,negative,0.10519752005751945
1274367820562907136,negative,0.17859205032269046
1274367820751450113,negative,0.0522921915154145
1274367820801773568,negative,0.001616511283051386
1274367821229801472,negative,1.4814879126579558e-06
1274367821527515137,negative,0.0071649758373496
1274367821783470080,negative,0.096864303818987
1274367821988814851,negative,0.020384887355742974
1274367822156554240,negative,0.0005210034438276414
1274367824799170561,neutral,0.6124104532436423
1274367824803303424,negative,0.005402909033626645
1274367825063415817,negative,0.275958358184994
1274367825168089089,negative,0.015859269476485673
1274367825201725444,negative,5.434112975729783e-05
1274367826514661377,neutral,0.46598398918449585
1274367828859269120,negative,5.9316471112618507e-05
1274367828884361223,negative,0.22429228719899014
1274367829937213441,negative,0.004768901631269075
1274367830008516609,neutral,0.4339322263962922
1274367830251769856,negative,0.007537542262960305
1274367830423744512,positive,0.763492726677842
1274367833514872834,neutral,0.3461463859697597
1274367833741369344,negative,0.07615328446922616
1274367833808556038,negative,4.667504695284219e-06
1274367834186043395,negative,0.007628685414413218
1274367837285625856,neutral,0.3445332218147283
1274367837537067008,negative,0.0011215207366607506
1274367838271176704,negative,0.024934362757935043
1274367838812286977,negative,0.0011215207366607506
1274367838845915138,negative,6.682372120389089e-05
1274367838963347456,negative,8.72965302300608e-05
1274367839588188161,negative,0.13949552936821852
1274367841484095489,negative,0.04817235380553318
1274367841601495040,negative,0.004895746302291294
1274367841790279681,negative,0.020234743285630477
1274367841807015936,negative,0.00014459406381251767
1274367842180358149,negative,0.00051726051130913
1274367842419462145,negative,0.16990735680766014
1274367842494951430,negative,0.22867565931729633
1274367842591428614,negative,2.2607703055852016e-05
1274367842905927681,positive,0.8388456544004359
1274367843182788609,negative,0.008815850882971193
1274367846978482181,negative,0.0011215207366607506
1274367847364538369,negative,0.13000788397930182
1274367847561641989,negative,1.4938423195747323e-07
1274367847867826181,negative,0.19102986745389214
1274367850912735232,negative,0.0210060346206382
1274367851332349953,negative,0.00014459406381251767
1274367851504316417,neutral,0.42507619662732005
1274367851592384516,negative,1.2374564627527093e-07
1274367851714023424,positive,0.9968846222772262
1274367854578712579,neutral,0.33203164219640036
1274367854603833344,negative,0.042094843469416915
1274367855140777986,negative,0.007628685414413218
1274367856784834560,negative,0.16990735680766014
1274367858554871811,negative,0.007977770830218257
1274367859179782151,negative,0.09740302121089356
1274367859712569344,negative,1.8281892515965712e-05
1274367860295577600,negative,2.407200803385e-07
1274367860421177344,negative,0.0011215207366607506
1274367862518378498,negative,0.13949552936821852
1274367862988300290,negative,2.2607703055852016e-05
1274367867203567617,negative,0.00023240511781978437
1274367867983626240,negative,2.2607703055852016e-05
1274367868814188548,negative,2.961416458615998e-06
1274367871225860098,negative,0.02051244194375154
1274367871880171521,neutral,0.49789225920557484
1274367872119320579,negative,0.00014909865563531976
1274367872769372160,negative,0.029244268885268345
1274367876800155651,positive,0.7310912132628002
1274367877068361730,negative,0.13949552936821852
1274367877160804352,neutral,0.4127008147714305
1274367877257269251,positive,0.7324501543704152
1274367879442554881,negative,0.011713461770803738
1274367879799078913,neutral,0.6020347380261928
1274367881124421637,negative,0.08023930523735376
1274367883389386752,negative,0.020162322037737594
1274367883477430272,negative,3.901770541248195e-05
1274367883481669638,negative,0.006812636562690789
1274367883557117952,negative,8.776544031079321e-05
1274367883980783616,neutral,0.49255166821121765
1274367887881285634,negative,7.255899799342329e-06
1274367888883941377,negative,0.003092295262614375
1274367888997126144,negative,0.01140068344308785
1274367889110376449,negative,2.2607703055852016e-05
1274367890028990470,negative,0.015315867034251507
1274367892184879104,negative,0.0019233929657328222
1274367892411289600,positive,0.9572347682085854
1274367892906262529,neutral,0.46598398918449585
1274367893149491200,negative,0.0798813010626473
1274367893350887425,negative,0.01140068344308785
1274367893573001223,negative,0.13949552936821852
1274367893740847105,negative,1.5043264429873964e-06
1274367894873346051,negative,0.0008414123673909081
1274367896135876619,neutral,0.37137062280538924
1274367896555335681,negative,0.05097343350022174
1274367896790196226,negative,0.004843091236173927
1274367897419292673,negative,0.10188734314977094
1274367897616482304,negative,0.29051772976940365
1274367901084971009,positive,0.8286012028805883
1274367901538148354,negative,0.01648229972419678
1274367901928239104,neutral,0.44231347627872375
1274367902720933889,negative,0.0005533688356205198
1274367904495083523,negative,0.28629611662984344
1274367905648586753,negative,0.04868413656103167
1274367905765957632,negative,0.08648317725097412
1274367905900068864,negative,0.0025706023754599717
1274367909347770368,negative,0.004843091236173927
1274367909738012674,negative,8.436427617495719e-05
1274367909905575938,negative,0.19502423039687414
1274367910199386119,negative,0.03359135293210584
1274367910593650689,negative,0.009581080777797013
1274367912761937920,negative,0.001616511283051386
1274367913215102976,negative,3.781905719936332e-06
1274367913701433346,negative,0.023324154226963233
1274367913714204672,negative,0.001216151658820225
1274367913970016257,negative,0.1716938232040221
1274367917346492419,positive,0.7601399332992982
1274367917526786050,negative,0.29761571709333384
1274367918688649216,negative,0.03771595780143394
1274367921989529600,negative,0.0005881791848059362
1274367925537964038,negative,9.6726550913063e-05
1274367926917828610,negative,0.300085204005318
1274367928498962434,negative,0.004168535332274796
1274367929572896769,negative,0.02545445313493427
1274367930411728896,negative,0.08423815469718335
1274367930990563333,negative,0.05459629265473202
1274367933800763404,negative,1.961564617321137e-05
1274367933909577728,negative,0.013478677619473337
1274367933972709379,negative,2.7927318341902554e-05
1274367934270488576,negative,9.196187260984609e-09
1274367934467637248,negative,0.005432814775304079
1274367935054852097,negative,0.0038332517021677833
1274367935528570881,negative,5.25933231523432e-06
1274367937751777282,neutral,0.49789225920557484
1274367937894395907,negative,0.13949552936821852
1274367938984722432,negative,0.04952346504882715
1274367939093954560,negative,0.03233698291979513
1274367939160883200,negative,0.16622497215217205
1274367939408429059,neutral,0.4159281237991485
1274367939567853572,negative,0.003200017822746112
1274367942893895680,negative,1.1071183644491722e-08
1274367943032348675,negative,0.0016811771380362487
1274367943523143690,positive,0.8050406710789163
1274367943657340928,negative,0.007977770830218257
1274367943669841920,negative,0.3107130792550008
1274367944236072961,negative,0.009932906980315596
1274367944433250306,negative,0.005846307661460753
1274367944496160768,negative,0.001128593972249755
1274367944563154944,negative,0.001414105823866391
1274367946782126082,negative,0.00014459406381251767
1274367946824060929,negative,0.02545445313493427
1274367946832437248,negative,0.0021625795954240763
1274367947264360448,negative,0.07615328446922616
1274367947495157760,negative,0.02299652341105041
1274367947897741313,neutral,0.48728019602140255
1274367948082249728,negative,0.02959025831393237
1274367950397550592,negative,0.11209402988404557
1274367950921875456,negative,0.00025720409377635227
1274367952071032833,negative,1.1071183644491722e-08
1274367952205291521,negative,1.7270893690198761e-09
1274367955061669894,negative,0.008799787994706888
1274367955220992000,negative,0.05250382181698612
1274367955430789121,negative,0.1144112494723962
1274367955560775682,negative,6.933676884668426e-05
1274367955896283136,negative,0.008909907685485786
1274367956257050624,neutral,0.59014558221084
1274367956349313033,negative,0.19967979051066695
1274367956391059457,negative,0.275958358184994
1274367958966579206,neutral,0.5519887319633491
1274367960929505281,negative,1.9027470190114964e-05
1274367961046945792,negative,0.003222832135696301
1274367961374044160,negative,0.23617228030770082
1274367963013906432,negative,0.2417208868741504
1274367963034988544,negative,0.18097169728096155
1274367963060191232,negative,0.0002420680074130405
1274367963085357057,negative,0.0360791144221902
1274367963177648128,negative,0.10712245824639156
1274367963580203010,negative,2.518461310289822e-06
1274367963924135938,negative,0.0001097313494614688
1274367965274804230,negative,0.01140068344308785
1274367967199932426,negative,6.471536747247744e-09
1274367967736799232,negative,0.004843091236173927
1274367967950757888,negative,0.2617529036331704
1274367968764399629,negative,0.05868960347054913
1274367968785416196,neutral,0.54854279347549
1274367969095831552,negative,0.25473786444277086
1274367969208999940,negative,7.818762157480763e-12
1274367971436245001,negative,0.2417208868741504
1274367971494944769,negative,0.016699969447194558
1274367971725578241,negative,0.003659188118121181
1274367972056928257,negative,0.00021141921140676293
1274367972287680512,negative,0.0038332517021677833
1274367972518383617,negative,0.03579669282835909
1274367972824494080,negative,1.9027470190114964e-05
1274367972874862592,negative,0.14197236713123318
1274367973109579776,negative,0.00014772276921758438
1274367976087654400,neutral,0.49789225920557484
1274367976310005760,negative,0.01119262074415971
1274367976330997760,neutral,0.5844952997138847
1274367977039843328,negative,0.002502169520777313
1274367977119526912,negative,0.06485754111945718
1274367980181356546,negative,0.2512243101250744
1274367981380931585,negative,0.17423275705894062
1274367981519282176,negative,0.007977770830218257
1274367982404329472,negative,0.001128593972249755
1274367982559428608,negative,0.01058061203408373
1274367983981191170,negative,0.0011215207366607506
1274367984988041219,neutral,0.49789225920557484
1274367985088712704,negative,0.18795859623648656
1274367988506845184,negative,0.28001315655015696
1274367988544790538,negative,0.16990735680766014
1274367989723389953,negative,9.782089804679564e-13
1274367990134423553,negative,0.2897207918155794
1274367992634236929,negative,0.001616511283051386
1274367993028456449,negative,0.00014459406381251767
1274367993418571776,negative,0.06092375904662974
1274367993422712833,negative,0.1144112494723962
1274367993905102854,negative,0.07615328446922616
1274367994165112833,positive,0.880977722113856
1274367994819481600,negative,0.06370981435660081
1274367996774035457,negative,4.879160591490882e-05
1274367996891475969,negative,0.0006202373663231548
1274367997394784258,negative,0.006501171642686924
1274367997856055297,negative,0.001766084703820747
1274367997977690114,negative,0.001128593972249755
1274367998137176065,positive,0.9357008006204267
1274367998355288066,negative,0.00014459406381251767
1274367998623576065,negative,0.002221842635042978
1274367999139622913,negative,0.22820882362804987
1274368001584791552,negative,0.03748451357730029
1274368001593225217,negative,0.3029968537174699
1274368001601613825,negative,0.007977770830218257
1274368001861652480,negative,0.05398620956743214
1274368002079592448,negative,0.2439701355727856
1274368002281086976,negative,0.09977246573008015
1274368005372284928,negative,1.1071183644491722e-08
1274368006932529154,negative,0.23267106511936214
1274368009377849348,negative,0.001188163205081959
1274368009470124035,negative,0.23322629480305257
1274368009705000964,negative,0.00037289630424947555
1274368009755340806,neutral,0.42507619662732005
1274368009784590336,negative,0.056634523800294545
1274368010363469825,negative,0.22301010244854974
1274368011114250240,negative,0.04437499090740385
1274368011214995456,positive,0.9848345625434974
1274368017821052932,neutral,0.6424110860400508
1274368018047434752,negative,0.0010625414454869496
1274368018060099588,neutral,0.42507619662732005
1274368018177560579,negative,0.0007657789029331175
1274368018257260544,negative,0.1484124147537912
1274368019700035584,negative,0.22820882362804987
1274368022078201859,negative,0.015046430971762812
1274368022136926214,negative,0.003722503096012636
1274368022539571200,negative,9.782089804679564e-13
1274368022728380418,negative,0.3241270674544663
1274368022912929797,negative,1.7240898212433143e-05
1274368023512715266,negative,0.1500994684723329
1274368024196386816,negative,0.02585463510637846
1274368025882435585,negative,0.021866972537400702
1274368026222096384,negative,0.00011219663499571291
1274368026398330887,negative,0.01140068344308785
1274368026629091329,negative,0.12703271384507175
1274368026675236864,negative,0.018191370886849637
1274368026998124546,negative,0.17085650338555278
1274368027476160512,negative,0.022884801108606072
1274368028130586627,negative,4.319194916105919e-06
1274368030219407360,negative,1.1071183644491722e-08
1274368030529724416,negative,0.020234743285630477
1274368030701748226,negative,0.11919709727946037
1274368031469318144,negative,0.18795859623648656
1274368034774437888,negative,0.007628685414413218
1274368035512553473,negative,0.13949552936821852
1274368036095569921,negative,0.29761571709333384
1274368036422762496,neutral,0.49789225920557484
1274368036796014592,negative,0.0002456893509298194
1274368040138833920,negative,0.005161048038189742
1274368043439861766,negative,1.3311199186558646e-08
1274368043867467776,negative,0.0011215207366607506
1274368046958772229,negative,0.0005358627537614994
1274368047147634689,negative,0.020234743285630477
1274368051786457093,negative,0.21255805558146415
1274368052767920128,negative,0.003990924849680441
1274368055561216001,negative,0.16990735680766014
1274368055573962754,negative,0.007628685414413218
1274368057142542336,negative,0.000495371815490899
1274368057188724737,negative,0.09965753329704123
1274368061894791168,negative,0.0011215207366607506
1274368064625053698,negative,0.2417208868741504
1274368065090838528,positive,0.8286012028805883
1274368065883471873,negative,0.04702471030037791
1274368066072260613,negative,0.000348265057099821
1274368070014980096,negative,0.13859989486425237
1274368070606376962,negative,0.13949552936821852
1274368072502181888,negative,0.05034630362280946
1274368073240326146,negative,0.021581324668492167
1274368073282322433,negative,0.043291281243529656
1274368074058170368,negative,0.03367737803420409
1274368074075045888,negative,0.0011215207366607506
1274368074225983489,negative,0.04702471030037791
1274368076667138053,negative,0.13949552936821852
1274368076826521600,negative,0.00029737758775855
1274368077191397377,positive,0.8684873248362655
1274368077556322306,negative,0.0021625795954240763
1274368077648592898,negative,2.787297328760927e-09
1274368077891805186,negative,0.07117522185285792
1274368078189604864,negative,1.1071183644491722e-08
1274368078378414081,negative,0.008865574580796195
1274368078416171009,negative,0.053592470959427235
1274368080890802176,positive,0.6911048404917289
1274368081633120261,negative,0.045835536571066066
1274368081826062339,negative,0.025529905413044625
1274368082178453504,negative,0.02102601543626555
1274368083495391233,negative,1.404054265000646e-06
1274368084757921792,negative,0.0003977561693541925
1274368085173166081,negative,0.0005994515135532673
1274368085873446912,negative,0.019644137653185657
1274368085965799425,negative,0.006676482875924144
1274368085991047168,positive,0.9162069419582276
1274368086792122368,negative,0.01140068344308785
1274368089136783360,negative,0.023334744681374007
1274368089258209281,negative,0.020006098081177908
1274368090034319362,negative,0.0006053286422398525
1274368090202144769,negative,0.1388165480771174
1274368094106980354,negative,0.23617228030770082
1274368095017218055,negative,0.06281069588006416
1274368102688600066,negative,0.01028220097869756
1274368103233830912,positive,0.8286012028805883
1274368103497990144,negative,0.004843091236173927
1274368105666367491,negative,0.29761571709333384
1274368105762959367,negative,0.10181136206043566
1274368106073382912,negative,0.002605917653991894
1274368106245341184,negative,0.05942892623855671
1274368106505347082,negative,0.001084644014956686
1274368106954215424,negative,0.12552796848809
1274368108010954752,neutral,0.5389197953239332
1274368110166978560,positive,0.7533577083009854
1274368111379185664,negative,0.07435016312101904
1274368111559405574,negative,1.1390298037026947e-05
1274368112868155394,neutral,0.49789225920557484
1274368115653201921,positive,0.8973531334050461
1274368116030611456,negative,0.13949552936821852
1274368118601797633,negative,1.1071183644491722e-08
1274368119012757505,negative,0.016605831249444668
1274368119197310981,positive,0.9861416418194504
1274368119625179136,negative,5.227013947987765e-13
1274368119675523074,negative,1.1071183644491722e-08
1274368119977508864,neutral,0.3448789537043245
1274368122666078208,neutral,0.42121105212828847
1274368123198754823,negative,1.609008941897713e-05
1274368123295223808,negative,5.25933231523432e-06
1274368123743776769,negative,0.02460594107704766
1274368124523909121,negative,0.2799852519493358
1274368125342044163,negative,9.235684802539254e-05
1274368126784811011,negative,0.008197208736142986
1274368127502094337,negative,0.23617228030770082
1274368128412196870,positive,0.9357008006204267
1274368128441606145,negative,0.00014459406381251767
1274368128496160768,negative,0.033074405927606784
1274368128630259718,negative,0.00041389375083291
1274368128655466501,negative,0.08932186314373271
1274368128659542018,negative,0.13172800381638772
1274368132094795777,negative,0.18097169728096155
1274368132824682496,positive,0.9595673418537176
1274368132828794880,negative,2.4386416805197352e-11
1274368133067915265,negative,0.05808685403089276
1274368133151756290,negative,0.2417208868741504
1274368135169261570,negative,0.005523366806252168
1274368135525797888,neutral,0.4270291349266481
1274368135609692168,positive,0.7796136311013893
1274368136662450176,negative,1.694467631585577e-05
1274368136796569605,neutral,0.5426284358935127
1274368137186521088,negative,0.004843091236173927
1274368139229192192,negative,0.004843091236173927
1274368139543949312,negative,0.01835193527405093
1274368139845828608,negative,0.003200017822746112
1274368140131082241,negative,0.04920617370394311
1274368140462436354,negative,0.09819339168305305
1274368140546322433,negative,2.6483642060587684e-05
1274368143582994437,negative,0.022907119750078545
1274368143763410945,negative,8.72965302300608e-05
1274368144338026499,negative,0.04702471030037791
1274368144459608065,neutral,0.46598398918449585
1274368145323700225,negative,1.1071183644491722e-08
1274368147261292544,negative,1.612600296105982e-07
1274368147940937730,negative,0.006083544103728729
1274368148062580738,negative,0.26414891566950854
1274368148762963968,negative,0.018628346592212967
1274368149379526657,negative,0.09977246573008015
1274368149480235008,negative,1.5767432876756484e-06
1274368150767894533,negative,0.26414891566950854
1274368151791308802,negative,1.4509984296910308e-07
1274368151946506246,positive,0.9997370820378277
1274368153678741510,negative,0.0065637628605112065
1274368153703809025,negative,2.2607703055852016e-05
1274368153800278018,negative,0.07615328446922616
1274368153850650629,negative,0.2494447918697339
1274368156530860032,negative,0.011356108412815666
1274368157021614081,negative,0.011607124170221543
1274368157306834948,negative,0.02738764886718594
1274368157470384129,negative,4.7474900851901115e-12
1274368157696888839,negative,0.0009571795558470221
1274368157885530113,neutral,0.37525890839322623
1274368157965103104,negative,0.13172800381638772
1274368158007205892,positive,0.7478899177723298
1274368158208573440,negative,0.22820882362804987
1274368158552535041,negative,0.0002011937256488061
1274368160343322624,negative,0.2417208868741504
1274368160431509504,negative,0.07057107833850966
1274368160578273284,negative,0.17981282980503863
1274368161110990849,negative,5.25933231523432e-06
1274368161232584704,negative,0.2003706786885546
1274368161333338113,negative,0.09002455920469843
1274368161588994048,negative,0.060570283811173756
1274368161811439616,neutral,0.46127768308170247
1274368165468934145,negative,0.0007072239441027239
1274368166311968776,negative,0.0005816704725602916
1274368166609682432,negative,0.005402909033626645
1274368166643326976,neutral,0.36629112225818244
1274368168610365441,negative,0.006598519781204054
1274368168996343808,negative,1.2169649705583768e-10
1274368169948393474,negative,0.1818780131674533
1274368170237792263,negative,0.07050789534552028
1274368170686627840,negative,0.02738764886718594
1274368170925719554,negative,0.010944401662204678
1274368172775407619,negative,0.18930568821314378
1274368173412761601,negative,0.1658915968665257
1274368173421342721,negative,0.00019155731865910008
1274368174037884928,negative,1.1071183644491722e-08
1274368174255820800,negative,0.00025995428544422664
1274368174323007488,negative,0.003722503096012636
1274368174335688704,positive,0.818141824790354
1274368174595727363,negative,0.05592593259625326
1274368177561047040,negative,0.275958358184994
1274368178118955011,negative,0.017681687660885063
1274368178186063872,negative,0.002079789350392709
1274368178706145282,positive,0.6621097827025797
1274368179129577473,negative,0.06536524873964954
1274368182065803264,negative,0.01541458124002843
1274368182829092868,negative,7.686184238873751e-05
1274368182858309634,negative,0.048307084033138374
1274368185630932992,neutral,0.5734576952979002
1274368185781948417,negative,0.17423275705894062
1274368185819475968,negative,0.004843091236173927
1274368185895202821,negative,9.399366752936334e-07
1274368185911914503,negative,0.00028904442522545827
1274368186100654081,negative,0.027953209719420176
1274368186620641280,negative,0.052763217418678204
1274368186801160194,negative,0.020957641162142
1274368186859708416,neutral,0.43775766252172876
1274368187581300736,positive,0.7354636816357002
1274368189829390338,negative,0.018220451514098804
1274368189976268800,negative,0.07393482406165428
1274368190223613960,neutral,0.4780665872672784
1274368190248820737,negative,0.009886347585916493
1274368190261444609,negative,0.07604394451796871
1274368190806667278,positive,0.8921856972738067
1274368194279604225,negative,8.123347876440576e-05
1274368194535469056,negative,0.0018164603663534304
1274368195047145473,negative,0.11531206543918708
1274368195726643201,negative,0.0005780690609318725
1274368195814731776,negative,0.0011215207366607506
1274368196024434688,negative,1.1071183644491722e-08
1274368198046027778,negative,0.009244272651927824
1274368198293454850,negative,6.228327307398533e-07
1274368198385819650,negative,0.007977770830218257
1274368199300005888,negative,0.29761571709333384
1274368199518191622,negative,0.0038332517021677833
1274368203402199041,negative,0.12037063624481859
1274368203586703360,negative,0.043181144552809414
1274368203750281216,negative,0.05808685403089276
1274368203976826880,negative,0.00014459406381251767
1274368204580798466,negative,0.003401178487566604
1274368204731674625,negative,0.04583159538498003
1274368205251887105,negative,0.20823784992469868
1274368205834854400,negative,1.0707508760226773e-06
1274368206585475072,negative,1.2142951356898647e-05
1274368207198044160,negative,0.31609996668142204
1274368208414351361,negative,0.0002619169659521643
1274368210461028353,negative,9.058728269845943e-08
1274368210637393921,negative,0.001102310072806244
1274368210788331521,negative,0.18009643922747415
1274368211060961281,negative,0.14788051717100584
1274368211094581248,negative,0.0018153409973280076
1274368211199438849,negative,0.00024081867720082868
1274368211325247494,negative,8.72965302300608e-05
1274368211539107840,negative,0.17950100888624929
1274368211966996480,negative,0.01619726019856393
1274368212193488898,negative,0.020384887355742974
1274368214726774790,negative,0.08646443265598618
1274368214831685632,negative,0.0075698268302684
1274368215192342528,negative,0.013840395858481574
1274368216018456576,negative,0.0009177032978133025
1274368219403309058,negative,0.275958358184994
1274368220636553216,positive,0.9891494653124479
1274368223090290690,negative,0.00014459406381251767
1274368223471759361,negative,0.0011215207366607506
1274368224113627137,negative,0.2494447918697339
1274368224197517319,negative,0.007977770830218257
1274368224654696450,negative,0.2517706050121777
1274368224931516417,negative,5.866433437362104e-05
1274368225409712130,negative,1.1071183644491722e-08
1274368228177960960,negative,0.11969004223769804
1274368228324790272,negative,2.2607703055852016e-05
1274368228781895683,positive,0.7737895293463392
1274368231839600640,negative,0.16451108071011875
1274368232107970560,negative,0.01750902577504565
1274368232661475328,negative,0.0011215207366607506
1274368232783335426,negative,2.2607703055852016e-05
1274368233064275969,negative,0.07435016312101904
1274368233131433984,negative,0.18577167528944535
1274368233148166149,negative,4.009257246287322e-07
1274368236168110080,negative,0.00025995428544422664
1274368236507795458,negative,0.054458580034573295
1274368237413769218,negative,0.011995665499816136
1274368237778714625,negative,1.1071183644491722e-08
1274368240982962179,negative,0.00029787951984732905
1274368241260023808,neutral,0.49789225920557484
1274368242174308352,negative,0.0013932642399945938
1274368242463768576,negative,0.0016291474826203316
1274368244737085441,neutral,0.4593354475146964
1274368245122949122,negative,0.009039159367626181
1274368245261271040,negative,0.0012864135664527618
1274368245357785088,negative,0.0008646576432979512
1274368246188314627,negative,0.0011215207366607506
1274368246402158592,negative,0.0038355190692672654
1274368248503549954,negative,0.0011215207366607506
1274368249484935169,negative,0.32679443142440595
1274368250021924865,negative,0.0001940810883524682
1274368250105810944,negative,0.004843091236173927
1274368250172846081,negative,0.011072112841427813
1274368252697772032,neutral,0.47233708548220604
1274368252827885568,negative,0.0011269366216902124
1274368253658308608,neutral,0.49789225920557484
1274368254744682498,negative,0.0635464109351743
1274368256602750977,negative,8.403168561877718e-06
1274368257198305280,neutral,0.5471450221676466
1274368257768722432,negative,0.03983031260542193
1274368257861058560,negative,0.002605917653991894
1274368257991020544,negative,2.801725365009101e-06
1274368260969029632,negative,0.20992225854298258
1274368261019152385,negative,0.14344538974673965
1274368261275168770,positive,0.8388456544004359
1274368261438791681,negative,0.29636946858956237
1274368262046994434,negative,0.04868413656103167
1274368262759944193,negative,0.00014720039733041293
1274368265192685570,negative,0.00029737758775855
1274368266119626760,negative,0.059755720483212066
1274368266488541184,negative,0.21802906740632083
1274368266891341824,negative,0.043631726940788915
1274368267025604608,negative,1.612600296105982e-07
1274368270007775233,negative,0.020234743285630477
1274368270670462976,neutral,0.5533970533999424
1274368270997610496,negative,0.004427865377390981
1274368271001812994,neutral,0.35776043283721815
1274368271442206721,negative,0.01592289896108452
1274368271517696001,negative,0.2701300824917685
1274368273887485952,neutral,0.3875332285022518
1274368274084638722,negative,0.23617228030770082
1274368274638098432,negative,0.07273287776104852
1274368274831212544,negative,2.0452212128368524e-05
1274368274998767617,negative,0.07998569771605683
1274368275074428929,negative,0.04868413656103167
1274368277645455360,negative,1.8172560862608955e-05
1274368282087305216,negative,0.001616511283051386
1274368282494210056,negative,0.004843091236173927
1274368283060449281,negative,0.2188691355156916
1274368283983204354,negative,6.322246847783221e-05
1274368286206103553,negative,0.017623910140849238
1274368286805954560,negative,0.010724959752284748
1274368287690768384,negative,0.0011419751825415725
1274368287904804866,negative,0.05942892623855671
1274368290534686721,negative,0.001100177795245038
1274368291574878209,positive,0.7780838994711073
1274368295425245186,neutral,0.5159436667231726
1274368295693582343,positive,0.9848345625434974
1274368296490536966,negative,0.00315018284000604
1274368298805678080,negative,0.004843091236173927
1274368303998406656,negative,2.337039987787138e-06
1274368305554493440,negative,0.007628685414413218
1274368307139837953,negative,1.612600296105982e-07
1274368307500650496,neutral,0.6209553242703966
1274368307861340160,neutral,0.4701668400518663
1274368307886346241,negative,0.0004671070060794471
1274368308163350529,negative,0.01024459341701663
1274368308440113152,negative,0.29761571709333384
1274368308800872450,negative,4.0137644822369474e-06
1274368309161492482,negative,1.1071183644491722e-08
1274368310692532224,neutral,0.5505550505941735
1274368311967518721,negative,0.11142207120075065
1274368315683737600,positive,0.880977722113856
1274368317252415489,negative,0.12333147165220264
1274368317982150656,negative,0.007977770830218257
1274368319584456704,negative,6.5959078207388234e-06
1274368319626383363,negative,0.045389468621962185
1274368320024838147,negative,0.0020123471297534426
1274368321186652160,negative,8.72965302300608e-05
1274368321203429376,neutral,0.49789225920557484
1274368321400344577,negative,0.0028326793561230194
1274368321945776128,negative,6.709934286077844e-06
1274368324235923461,negative,1.925060050146615e-05
1274368325229969409,negative,0.1484692067977948
1274368326064578561,negative,1.1071183644491722e-08
1274368326769221634,negative,0.0028480157765644228
1274368327972982787,negative,0.011072112841427813
1274368328753188866,negative,0.1144112494723962
1274368328824471552,positive,0.8286012028805883
1274368329025757185,neutral,0.5112526064611215
1274368329323548678,negative,0.16245410813089803
1274368330464403456,negative,0.007016172686529508
1274368330690945025,negative,0.02972145132722628
1274368332851040262,negative,0.0003224751315561644
1274368332884406272,positive,0.9995845597596971
1274368333014536197,positive,0.8214817992151958
1274368333425639424,negative,0.13949552936821852
1274368333878571015,negative,0.020384887355742974
1274368333895413761,negative,0.0038332517021677833
1274368333928960001,negative,1.612600296105982e-07
1274368334000242694,negative,0.18097169728096155
1274368336000884747,negative,2.0858742050207636e-12
1274368337083084800,negative,0.02460594107704766
1274368337087279106,negative,0.0467569576022356
1274368337636704261,negative,0.041372776898513174
1274368337640853505,negative,0.015522987730443905
1274368338156756992,positive,0.7125863615339812
1274368340715352065,negative,0.29761571709333384
1274368341327708161,negative,0.004843091236173927
1274368341361164288,negative,0.04702471030037791
1274368341377986562,neutral,0.5598062641785088
1274368341579358208,negative,0.007977770830218257
1274368341956755456,negative,3.781905719936332e-06
1274368342258843652,positive,0.7876763439748327
1274368342690799617,negative,1.7240898212433143e-05
1274368342699147264,negative,0.006175065150798719
1274368342892085254,negative,0.00048023970705860257
1274368345173831681,negative,0.25416159745075056
1274368345727524865,negative,1.4746394979284478e-08
1274368346671263745,negative,9.366742049917287e-10
1274368347023515650,negative,0.004843091236173927
1274368349586305025,negative,0.01592289896108452
1274368349938634752,negative,5.373175376165784e-07
1274368350374825987,neutral,0.35470657370756226
1274368351087796225,negative,1.1071183644491722e-08
1274368351138086912,negative,0.13172800381638772
1274368353302450177,neutral,0.5111067556059521
1274368353776394241,negative,8.72965302300608e-05
1274368357299560448,negative,0.00025857691395134917
1274368357358350340,negative,3.38794706851042e-05
1274368358021029890,negative,0.0006270950264846687
1274368358209720321,negative,0.09571924752355572
1274368358276673536,negative,0.013668463977399807
1274368358490783744,negative,3.781905719936332e-06
1274368359535128577,negative,0.05569327974854799
1274368361531617281,neutral,0.49789225920557484
1274368361732943877,negative,0.028367756526220415
1274368362252926977,negative,0.020384887355742974
1274368362525556736,negative,5.25933231523432e-06
1274368362626322434,negative,0.00021897838680076624
1274368365801476096,negative,4.633640968126435e-06
1274368365944061954,negative,2.2607703055852016e-05
1274368366233477121,negative,1.157691023603853e-05
1274368366925373440,negative,0.271581968949276
1274368367202373632,negative,0.019644137653185657
1274368367793594372,neutral,0.43775766252172876
1274368370796892162,neutral,0.3339893687214555
1274368371153408001,negative,0.0012932623361720983
1274368371312726017,negative,0.14340565543672454
1274368371598000128,negative,0.0014782162506441062
1274368374160723969,negative,0.00028904442522545827
1274368374483664901,negative,0.05047492358958996
1274368375356043267,negative,1.1534566042510649e-05
1274368375439986689,neutral,0.5112526064611215
1274368375955886082,negative,0.0010595982036655037
1274368379143536640,negative,0.22820882362804987
1274368379260997633,negative,0.004843091236173927
1274368379500015617,positive,0.9344456560659755
1274368380485677056,negative,0.007977770830218257
1274368382876475392,negative,0.275958358184994
1274368383237197824,positive,0.897740620973573
1274368383870480384,negative,2.789364769398796e-07
1274368384440963073,negative,0.01121950900635185
1274368384541626377,negative,0.0025244154240155283
1274368386626174977,negative,0.005371576124628211
1274368386697437184,negative,0.0025101730299820105
1274368386940764160,positive,0.9843190502517245
1274368386957484036,negative,0.2479412175191071
1274368387267940361,negative,8.988796007283082e-06
1274368387318255616,negative,7.983457271907333e-09
1274368387813183489,negative,0.05592593259625326
1274368388555591680,positive,0.7904107187841303
1274368388975013888,negative,0.0011215207366607506
1274368388975022080,neutral,0.33787071569071414
1274368389163728896,negative,0.015859269476485673
1274368391541936128,negative,0.00017613828927026876
1274368392661786628,negative,0.23617228030770082
1274368392909258752,negative,0.1818780131674533
1274368392925974528,negative,0.014009076906066809
1274368393131331592,negative,2.90930598202256e-09
1274368393144086528,negative,2.2607703055852016e-05
1274368395065073664,negative,0.01797058761556144
1274368395652272128,negative,0.0011215207366607506
1274368395706798082,negative,0.29761571709333384
1274368396084367361,negative,0.0003391657882690361
1274368396117893124,negative,8.72965302300608e-05
1274368396784697345,negative,0.001616511283051386
1274368397082492929,negative,1.7240898212433143e-05
1274368399439781893,negative,0.0032840455103954687
1274368399645106176,negative,0.00025995428544422664
1274368399653601282,neutral,0.49789225920557484
1274368399695646722,negative,0.0002614962108845666
1274368400135987207,neutral,0.42507619662732005
1274368400710676484,negative,0.0030463436319568484
1274368400886808578,negative,0.011072112841427813
1274368400962269186,negative,0.0008414123673909081
1274368401767620608,negative,0.06387919917227507
1274368401809575936,negative,5.571265539877096e-05
1274368402166026240,negative,0.00041016035669899924
1274368403927642114,negative,0.011448849023057617
1274368403961262081,negative,0.06865387148297941
1274368405462712321,positive,0.7022689938172346
1274368405576060932,negative,0.026066491812831258
1274368405840236544,negative,2.3106849692599853e-07
1274368408151351296,negative,0.015682645292981887
1274368408423981058,negative,6.774882921029002e-07
1274368408780505089,neutral,0.42507619662732005
1274368412534427648,negative,2.1849279404602237e-06
1274368416116244481,negative,0.09450805148142093
1274368416359616512,negative,0.2417208868741504
1274368417114587137,negative,0.0038374897604230105
1274368421472473088,negative,0.0288477529009307
1274368421984178178,negative,0.015682645292981887
1274368422273376256,negative,0.0002619169659521643
1274368424521728002,negative,1.0707508760226773e-06
1274368424668520450,negative,0.028562514489333772
1274368425289068544,negative,0.0002619169659521643
1274368425486241792,negative,0.020384887355742974
1274368425847119873,negative,0.01140068344308785
1274368428682297348,negative,0.004843091236173927
1274368429592625153,negative,0.29761571709333384
1274368433275076610,negative,1.1071183644491722e-08
1274368433312935941,negative,0.0006303622924116255
1274368433631776774,negative,2.2607703055852016e-05
1274368433723977733,negative,0.001616511283051386
1274368434810298368,negative,2.2607703055852016e-05
1274368437763145728,negative,8.159884367698923e-06
1274368437767278592,negative,8.123347876440576e-05
1274368438639587331,negative,0.017981470522138703
1274368439138889730,negative,0.01140068344308785
1274368441454075906,negative,0.0005922380310637912
1274368442079031297,negative,0.1719326545564294
1274368442598977536,negative,0.07529743014190328
1274368442666233857,negative,6.57077402840747e-07
1274368445270814723,negative,0.0543701869796711
1274368445426151424,negative,0.04868413656103167
1274368445698711555,negative,0.011448849023057617
1274368446000779266,negative,0.20951346678325597
1274368446638239748,negative,0.037789625435734615
1274368446717886466,negative,1.7240898212433143e-05
1274368447300993027,negative,0.09382635830157138
1274368447384817665,negative,0.0016533961733395512
1274368447388872709,negative,0.0011215207366607506
1274368449708470272,negative,0.04868413656103167
1274368450513776640,negative,0.02102601543626555
1274368450807431168,negative,0.0017693343303997534
1274368451285594112,negative,0.2417208868741504
1274368451520364545,negative,0.03655378138204943
1274368451604340738,negative,0.004843091236173927
1274368453990899712,negative,0.02007518516994277
1274368455475691521,negative,0.0011215207366607506
1274368456083648513,negative,0.017981470522138703
1274368456092196870,negative,0.015548998880221356
1274368456352313357,positive,0.7640460360575336
1274368458080296960,negative,0.0408563224160164
1274368458537472001,negative,0.0092744064496032
1274368458537476097,negative,0.2192931406874439
1274368458847932416,positive,0.8286012028805883
1274368458977837056,negative,0.004250915644458581
1274368459338547200,negative,0.22122416942500223
1274368459795726336,negative,0.0092744064496032
1274368459858722817,negative,0.020234743285630477
1274368462413017089,negative,0.0035585999633379953
1274368463289499649,negative,5.692839550525292e-09
1274368463461666817,negative,0.001616511283051386
1274368463621021698,negative,0.012395614536964897
1274368463772028932,negative,0.015522987730443905
1274368464128532480,negative,1.0717431537296825e-10
1274368464166309889,neutral,0.33686374760521365
1274368466410233858,negative,0.00021141921140676293
1274368466502508544,negative,2.3428806184101605e-09
1274368467039399943,neutral,0.4525299360032805
1274368468406722561,negative,0.004427865377390981
1274368468847136770,negative,2.3066516574138564e-08
1274368470495313922,negative,0.13949552936821852
1274368474865860609,negative,2.3598804752889077e-05
1274368475641909248,negative,0.00048023970705860257
1274368475834855425,negative,0.011153194082765132
1274368476895948801,negative,0.32663178561871703
1274368476933763072,negative,0.0001940810883524682
1274368480087851014,negative,0.0005570223282143155
1274368480515706881,negative,0.1497005496785894
1274368480867946497,negative,0.004843091236173927
1274368481702678530,positive,0.8798039430045211
1274368484302942210,negative,0.2417208868741504
1274368484986753024,negative,0.007628685414413218
1274368486131863552,negative,0.1484692067977948
1274368487658598402,negative,6.184559815129199e-06
1274368489042530304,neutral,0.37525890839322623
1274368489856401408,negative,4.864359754624921e-05
1274368489961263105,negative,0.25426390894584067
1274368491567624193,negative,0.007977770830218257
1274368491626381314,negative,5.25933231523432e-06
1274368491664146433,positive,0.897740620973573
1274368491680862220,negative,2.1546842234271155e-08
1274368491836133378,negative,7.155635068417022e-05
1274368492498608128,negative,0.004843091236173927
1274368492603662336,negative,0.09726902155701549
1274368492788240384,negative,0.048352136894962996
1274368492855267328,negative,0.01140068344308785
1274368492972670978,negative,0.09832233252632716
1274368493211836416,negative,4.037897794898309e-05
1274368493408976900,negative,5.25933231523432e-06
1274368493484486657,negative,0.0036236101903171806
1274368495891947524,neutral,0.5734576952979002
1274368495942238208,positive,0.9999292110131115
1274368496344928257,negative,1.3431578452989035e-07
1274368496470802432,positive,0.8617880180985489
1274368496500183041,negative,0.13949552936821852
1274368497347375104,negative,0.043181144552809414
1274368500346339328,negative,0.0011215207366607506
1274368500505677826,negative,0.04158939044974295
1274368500887359490,negative,0.00019377268779782487
1274368501822689281,negative,0.007718380693096324
1274368504230264835,negative,0.05141784201110951
1274368504536260613,negative,0.0011215207366607506
1274368505262026762,negative,0.020384887355742974
1274368505736036354,negative,0.0011215207366607506
1274368505945653248,negative,0.00014459406381251767
1274368508382625798,negative,0.061721186948758416
1274368508994912257,neutral,0.59014558221084
1274368509804515330,negative,2.787297328760927e-09
1274368509926084609,negative,0.007977770830218257
1274368510223843329,neutral,0.33388309422488865
1274368510710472704,negative,0.002848563181894034
1274368512685936640,neutral,0.38227762192080983
1274368513335898114,negative,0.01079780516839987
1274368513659088897,negative,0.01140068344308785
1274368514070065153,negative,0.005402909033626645
1274368514455994372,negative,0.22122416942500223
1274368514619584513,negative,0.05250382181698612
1274368514736951300,negative,0.275958358184994
1274368514892222465,negative,0.07604394451796871
1274368514959249408,positive,0.9342649066422871
1274368514976030721,negative,8.757684413182992e-05
1274368516636975104,negative,0.004843091236173927
1274368516716670976,negative,0.2617529036331704
1274368517941473280,negative,0.0011215207366607506
1274368518713212931,negative,0.009932906980315596
1274368521305305088,positive,0.6787599488272735
1274368521653248002,negative,0.05148643609401167
1274368522513256453,negative,7.0191602464290676e-06
1274368522546626560,negative,0.2799852519493358
1274368525608591361,negative,9.782089804679564e-13
1274368525981716481,negative,9.161890409124684e-05
1274368526032273408,negative,0.26098404591541063
1274368526183170051,negative,4.071410988072553e-06
1274368526309040129,negative,0.007977770830218257
1274368526510428162,negative,0.29761571709333384
1274368527370194945,negative,0.03535058755276094
1274368529370841089,neutral,0.38997440041615083
1274368529496596482,negative,0.0011215207366607506
1274368529513545728,negative,0.0021625795954240763
1274368529555427331,negative,0.18795859623648656
1274368530205548546,negative,0.18097169728096155
1274368530373398531,positive,0.9344456560659755
1274368531702915072,negative,0.07340001465865628
1274368533737209858,negative,0.20480085806359788
1274368533842006018,negative,0.2494447918697339
1274368534114709504,negative,0.00021517717853725048
1274368534160617473,neutral,0.5430357635287411
1274368534513139712,negative,1.612600296105982e-07
1274368535469457410,negative,0.18727009140069742
1274368535578456065,neutral,0.59014558221084
1274368537700769792,negative,1.7240898212433143e-05
1274368537910562817,negative,0.0027580848052045693
1274368539399467010,negative,7.614434008218337e-05
1274368539802165251,negative,8.760788627274965e-08
1274368540481654784,negative,0.02305703947505428
1274368542213898242,neutral,0.4728891405680942
1274368542247395331,negative,0.014133905232716477
1274368542427807744,negative,0.0001097313494614688
1274368543073734657,negative,0.0011215207366607506
1274368543094648833,negative,0.0027676161872076895
1274368543287652353,positive,0.9595673418537176
1274368543539310592,negative,0.01592185601242925
1274368543635779585,negative,0.2969992596093686
1274368543643979782,negative,0.020384887355742974
1274368543845502976,negative,0.005246609479757517
1274368544038367232,negative,0.007628685414413218
1274368546135576577,positive,0.9232771291195105
1274368546533969924,positive,0.7022689938172346
1274368546563403777,negative,0.2799852519493358
1274368546961870848,neutral,0.5567985432975507
1274368547280453632,negative,0.00024062723599477115
1274368547716726785,negative,0.02857045069971007
1274368547796291584,negative,5.25933231523432e-06
1274368550803816448,negative,0.2799852519493358
1274368550904360960,negative,0.0011215207366607506
1274368551034511362,negative,6.442984436088176e-07
1274368551441358848,negative,0.15211469525686339
1274368551441387521,negative,3.38794706851042e-05
1274368551453954053,negative,0.00029511393677375975
1274368551671836672,negative,0.004843091236173927
1274368554675159040,negative,0.0001328192010410201
1274368554972909577,negative,0.3084452411964066
1274368555300065282,negative,8.269755240680847e-05
1274368556076072960,negative,0.003967542066727743
1274368556273143809,negative,0.0011215207366607506
1274368556633858048,negative,0.002221842635042978
1274368556667469824,negative,0.0051945018556653335
1274368558613626883,negative,5.04190457055991e-07
1274368559007834112,negative,0.00043038054342103805
1274368559846744064,negative,8.72965302300608e-05
1274368560358457346,negative,0.274085138714348
1274368560362483715,negative,1.1071183644491722e-08
1274368562937954304,negative,0.02299652341105041
1274368563139219458,negative,0.008900498816457098
1274368563369967620,negative,0.0038332517021677833
1274368563533557762,negative,4.331047208521104e-09
1274368563986513921,negative,0.0038332517021677833
1274368564158279685,negative,0.0011215207366607506
1274368564317818883,negative,0.011430557414469205
1274368564330364928,negative,0.1207764907140943
1274368564510760961,negative,0.1925600116328957
1274368567241330688,negative,0.004836040190391233
1274368567681724417,negative,0.0369814005881206
1274368567966826497,negative,0.13949552936821852
1274368568130514945,negative,0.2620499280276246
1274368568520474624,negative,1.151111813365661e-05
1274368568709337088,negative,0.11531206543918708
1274368568713523202,negative,1.7639349586793091e-06
1274368571641073665,negative,0.08780028014807154
1274368571783761922,negative,6.933676884668426e-05
1274368572039368706,negative,0.01196317063057257
1274368572282802177,negative,0.012233348730342616
1274368572651909120,negative,0.10524397474598374
1274368572760952832,negative,0.0005500612242291591
1274368572949762049,negative,0.06800051984646789
1274368573155270657,negative,0.11481404373232149
1274368575717945344,negative,0.0006053286422398525
1274368575806062595,negative,0.005846307661460753
1274368576225329158,negative,0.0009177032978133025
1274368576724578304,neutral,0.5389197953239332
1274368577118838784,negative,0.04387961139259893
1274368577202683911,negative,8.123347876440576e-05
1274368577391300608,negative,0.060266258728724785
1274368579945799681,negative,0.05839510813617035
1274368580252061699,negative,0.0050970445360675925
1274368580830855170,negative,0.09726902155701549
1274368580851773442,negative,0.2602767863569553
1274368581090738177,negative,0.006078683158417009
1274368581212557313,positive,0.9391982758808047
1274368583796129792,negative,0.05808685403089276
1274368583884320768,negative,0.007977770830218257
1274368584416923649,negative,5.260552975640775e-06
1274368584777641985,negative,8.269755240680847e-05
1274368584802852870,negative,0.00048023970705860257
1274368584857407488,negative,0.00014459406381251767
1274368584970637318,negative,0.07509577442231544
1274368585075437568,negative,0.13178064959354038
1274368585696149505,negative,0.007628685414413218
1274368588326076417,negative,0.01140068344308785
1274368588347039744,negative,0.3022116909300585
1274368588619698182,negative,0.028040805411430187
1274368588640591873,negative,0.016699969447194558
1274368588976177152,negative,0.2037813988775199
1274368592163766273,negative,0.025421490029249868
1274368592679784448,negative,0.1484692067977948
1274368593032032258,negative,4.046770211679295e-06
1274368593803784192,negative,0.0005272297034888572
1274368593887625216,positive,0.8157382156298963
1274368594441363457,negative,4.547475594547499e-07
1274368594642481152,negative,8.60118351031493e-07
1274368594961469443,negative,0.009581080777797013
1274368597205438464,negative,0.2417208868741504
1274368597222141955,negative,0.0073021112228521525
1274368597331247104,negative,4.1164803853296544e-09
1274368597809389569,neutral,0.3552322237209022
1274368597943558147,negative,0.00021141921140676293
1274368598174322688,negative,0.019773925932627782
1274368598539218944,negative,0.004843091236173927
1274368598652456964,negative,0.07435016312101904
1274368601219366912,negative,0.06376895468840413
1274368602217631744,negative,0.0017257461496606994
1274368602293100545,negative,2.00273388076752e-06
1274368605573074944,negative,0.006012481076178621
1274368605740765184,negative,0.12598064883417975
1274368605807878144,negative,0.00018063205774708344
1274368606726492160,negative,0.011272536917840525
1274368609872154624,negative,0.00019037498455409517
1274368610610315264,negative,0.013887318706905922
1274368613533790216,negative,0.046717155667814744
1274368615060590592,negative,2.2607703055852016e-05
1274368617409323008,negative,2.2607703055852016e-05
1274368619091288064,negative,0.015583696248188516
1274368619561058305,negative,0.0004143030120703974
1274368620148273160,negative,0.006676482875924144
1274368626154504193,negative,0.001084644014956686
1274368626338992128,negative,0.0002619169659521643
1274368628155052033,negative,1.1071183644491722e-08
1274368630738898944,negative,0.00020817562045590026
1274368631355240449,negative,0.00025995428544422664
1274368631531593730,neutral,0.46598398918449585
1274368631665762307,negative,0.1999446321019576
1274368634811547654,negative,0.004843091236173927
1274368635239358474,negative,2.302795190376347e-05
1274368635889430532,negative,0.0092744064496032
1274368636317294592,negative,0.025145679779003904
1274368636325638144,negative,0.002551733689233406
1274368638674505728,negative,0.004843091236173927
1274368639022571520,negative,0.04438177349714493
1274368639567831040,negative,0.0005500612242291591
1274368639567835136,negative,0.02102601543626555
1274368639576178689,negative,1.2070565621505786e-06
1274368643019804674,positive,0.8798039430045211
1274368643443429376,negative,0.001102310072806244
1274368643716075520,negative,0.2501365838229996
1274368643766390784,negative,2.2607703055852016e-05
1274368644626165762,neutral,0.5112526064611215
1274368647352463364,negative,0.02284229090443067
1274368647679684608,negative,0.08010598670960223
1274368647767756800,negative,0.18663371806701157
1274368647817986048,negative,0.13427125891037575
1274368647994146818,negative,0.005846307661460753
1274368650150100992,negative,0.001102310072806244
1274368651039211520,negative,0.03640073389950174
1274368652750589954,negative,1.3713299166929122e-07
1274368652792520706,negative,0.0325553325729731
1274368653140557825,negative,2.2607703055852016e-05
1274368655153786880,negative,0.13949552936821852
1274368655552327680,negative,1.1071183644491722e-08
1274368656437399553,negative,0.001102310072806244
1274368660451270659,negative,2.2607703055852016e-05
1274368660778307584,negative,0.13949552936821852
1274368661025886208,negative,2.479838929498869e-07
1274368663546548226,negative,1.216124962646072e-05
1274368663567699968,positive,0.9342649066422871
1274368663903252485,negative,0.1126296645658956
1274368664662237184,negative,0.04866567289138189
1274368665065005056,neutral,0.5873650510047957
1274368665102749697,negative,8.123347876440576e-05
1274368667808129025,negative,2.2607703055852016e-05
1274368669502582785,negative,9.782089804679564e-13
1274368672023244800,negative,0.07435016312101904
1274368672803495936,negative,1.0707508760226773e-06
1274368672836907009,negative,0.0004940745266281509
1274368673508196352,negative,0.004845512593524563
1274368676138045440,negative,0.01563377366150745
1274368676746145794,negative,0.016923031401769068
1274368677371142144,negative,0.0028779006780079394
1274368677467521038,negative,0.005803434984343448
1274368677664575490,negative,0.2492532575597035
1274368677845049345,negative,0.030340776648568237
1274368681687035904,negative,0.01140068344308785
1274368684694351873,negative,0.034385517795082275
1274368685038350336,negative,2.2607703055852016e-05
1274368685445009409,negative,0.275958358184994
1274368685629747200,negative,0.17085650338555278
1274368686464385024,negative,0.006842655702366206
1274368688666312704,negative,0.0008006732688204739
1274368688809009152,negative,0.05431939966609225
1274368689656270850,negative,0.025734172069332085
1274368689777922050,negative,0.01917576836261732
1274368690029391873,negative,0.007337377630716313
1274368690268655616,positive,0.9125403696262822
1274368690310582272,negative,8.72965302300608e-05
1274368690444779525,negative,0.0005017896316071275
1274368692961173505,negative,1.1071183644491722e-08
1274368693938671618,negative,0.0052490569129828146
1274368694177738753,negative,0.0826215971733313
1274368694433579008,negative,0.18097169728096155
1274368697256329217,negative,0.32585726950760235
1274368697411371008,negative,0.29761571709333384
1274368697923223552,negative,0.1973266983827589
1274368699051528196,negative,0.0038332517021677833
1274368699357634560,neutral,0.49114048206328076
1274368699408023553,neutral,0.35451443008515343
1274368701274509312,negative,0.08544552092008496
1274368701480001536,negative,0.10796910451925873
1274368702142656516,negative,1.7240898212433143e-05
1274368702159486976,positive,0.763492726677842
1274368702163664899,neutral,0.4809156984498941
1274368702171901955,negative,4.264705401836335e-06
1274368702205571073,negative,0.001102310072806244
1274368702314659843,negative,0.2527519651762901
1274368702318817283,negative,2.2607703055852016e-05
1274368703057072134,neutral,0.4435746975357458
1274368705535803393,negative,7.067999534379679e-11
1274368705607225344,negative,0.08780028014807154
1274368705917521920,negative,0.00014036004997934886
1274368706055995394,negative,0.09965753329704123
1274368706362171398,negative,0.0565902188049558
1274368706584424448,negative,0.2037813988775199
1274368706701938693,negative,0.0006303622924116255
1274368706865500160,negative,0.12364906221649782
1274368707100377089,negative,0.003368816176566307
1274368707133833220,negative,8.269755240680847e-05
1274368707314233353,negative,0.18097169728096155
1274368710216572928,negative,0.004843091236173927
1274368711101747200,negative,0.00436015150626034
1274368711709917190,negative,0.00327538742597297
1274368714822037506,negative,0.0162424719076258
1274368714872406016,negative,0.11199186793547575
1274368714884952066,negative,0.0014834560368225168
1274368718957678593,neutral,0.49789225920557484
1274368722464055300,negative,0.0008113402296972637
1274368722631786499,negative,7.885630397374897e-06
1274368722732560385,negative,0.004887322158981
1274368724506640386,negative,0.04509425474822867
1274368726457073667,negative,0.000260476739222081
1274368727010729985,negative,0.2617529036331704
1274368727258202115,neutral,0.5844952997138847
1274368727300091904,negative,0.32773231788436785
1274368727757316096,negative,0.056985087873147655
1274368728348659714,negative,0.13790906241702833
1274368728394801152,negative,0.00014459406381251767
1274368729003032576,negative,1.4740643186484637e-05
1274368730806530050,negative,1.1071183644491722e-08
1274368730819149826,neutral,0.4127008147714305
1274368731238588417,negative,0.25744715724519424
1274368731259510786,negative,3.312312447970485e-05
1274368732039720963,negative,5.592152406721531e-05
1274368732211679233,negative,0.13949552936821852
1274368732282880002,negative,0.14707863984679095
1274368732333293570,negative,0.21921412548362115
1274368732383588352,negative,0.021497349364395582
1274368732433920002,negative,0.2003706786885546
1274368734824665089,negative,1.4659773794890188e-05
1274368735839760387,negative,1.1071183644491722e-08
1274368735902457858,negative,0.05910329216895979
1274368735961329666,neutral,0.34246590938695365
1274368736930209794,positive,0.9992914555001349
1274368739949985793,negative,0.03804912219631939
1274368740939923457,negative,0.010497125494764423
1274368741334188032,negative,0.06284901081162443
1274368741397102593,negative,0.052246506104607036
1274368743339163651,neutral,0.45982751753678264
1274368743913684995,negative,0.07509577442231544
1274368744815460360,negative,0.000607130118094375
1274368747290202114,positive,0.8997017119984824
1274368747474694145,negative,0.005402909033626645
1274368747516674049,negative,0.2617529036331704
1274368747952734214,negative,0.22699650771007424
1274368747965501443,negative,0.2417208868741504
1274368748271566856,negative,0.29565949125626084
1274368748271607810,negative,0.32679443142440595
1274368748321988609,negative,1.9959777844167253e-06
1274368748397477889,negative,4.650020438202646e-05
1274368748460400640,negative,0.0011215207366607506
1274368748628180992,negative,0.01123506922444587
1274368748720459776,negative,0.31609996668142204
1274368749290782720,negative,7.52892788386854e-06
1274368751811604481,neutral,0.3491628789672013
1274368752063307776,neutral,0.5112526064611215
1274368752126177281,negative,0.02767837041596725
1274368752361013248,negative,0.0011215207366607506
1274368752856059905,negative,1.950606213097628e-07
1274368753128570881,negative,1.1071183644491722e-08
1274368753212456962,negative,0.004843091236173927
1274368753296453640,negative,0.07357273963051428
1274368753426403328,negative,0.10410690631393751
1274368753569009664,negative,0.022715969674511616
1274368755905245185,negative,0.0021625795954240763
1274368755926171648,negative,0.00023240511781978437
1274368757289193473,neutral,0.3625216318765398
1274368760275628032,neutral,0.48229247442181244
1274368760573550594,neutral,0.3458414798855197
1274368761882120193,negative,0.01140068344308785
1274368765363474432,negative,0.001616511283051386
1274368765472444417,negative,1.9027470190114964e-05
1274368766034554880,negative,0.0001328192010410201
1274368766135144448,negative,0.005402909033626645
1274368766479085568,negative,0.15735347160600188
1274368766546149378,negative,0.028930418441322908
1274368766734934018,negative,0.0005640969184245171
1274368769868120067,neutral,0.3678815338255579
1274368770056826880,negative,0.004843091236173927
1274368770136584193,negative,0.0017110657602501962
1274368770564382721,neutral,0.5247909485445009
1274368771013181443,neutral,0.3601438261961133
1274368772602724355,negative,0.14531797864309937
1274368772657291264,negative,0.26414891566950854
1274368773504499719,negative,0.006017830018974191
1274368773651345408,negative,0.2417208868741504
1274368774091792385,negative,0.046865515412291905
1274368774100180992,negative,0.2654417857709204
1274368774288732161,negative,0.19750062137011246
1274368774293147649,positive,0.6787599488272735
1274368777120034817,negative,0.017377621568461996
1274368777266872321,negative,6.322246847783221e-05
1274368777673736192,negative,0.1469308156156422
1274368778298626048,neutral,0.3385252644667176
1274368778885910528,negative,0.0019474886261394598
1274368781054345216,negative,0.275958358184994
1274368781683494915,negative,0.000495371815490899
1274368782245539841,positive,0.6754583686653767
1274368782895587330,negative,0.0002619169659521643
1274368785294651392,negative,0.11211298304992452
1274368785512837121,negative,0.008087341362130022
1274368786087522304,negative,0.09832233252632716
1274368786435538951,negative,0.0011215207366607506
1274368786888622088,negative,0.000766975895292686
1274368787480023040,negative,1.0707508760226773e-06
1274368790495498241,negative,0.13949552936821852
1274368791342919681,negative,0.0024670564989367648
1274368793926492161,negative,0.13949552936821852
1274368794878709761,negative,0.011390221552925978
1274368795205869570,negative,0.0002619169659521643
1274368797743484928,negative,0.016183884617978428
1274368798133571586,negative,0.030380902981738126
1274368798892724225,positive,0.8388456544004359
1274368799274348544,neutral,0.49789225920557484
1274368802596302848,negative,0.0015420172967551752
1274368803061878785,negative,0.1463301779734024
1274368804127211521,negative,0.16400303867352617
1274368804341104640,negative,0.019544565461810527
1274368806467645442,negative,0.00011136332652074651
1274368808455745536,negative,6.818229813125309e-06
1274368811874033664,negative,0.02348998629260958
1274368812121493505,negative,0.1924398699362394
1274368814650662919,negative,1.0669006817320208e-05
1274368815355383810,negative,0.16987990742967188
1274368815401443329,negative,0.015682645292981887
1274368815732834308,negative,0.0003184591068588778
1274368819025326081,negative,0.0009952863461212178
1274368819662905344,negative,6.322246847783221e-05
1274368820061356033,negative,0.08010598670960223
1274368820480794626,positive,0.9352061416577595
1274368822976405504,negative,2.787297328760927e-09
1274368823135789058,negative,0.004262533177561172
1274368823261569025,negative,0.01140068344308785
1274368823769120769,negative,0.12825308506051825
1274368823878131712,positive,0.9342649066422871
1274368824301760512,negative,0.04266034567307996
1274368824377110534,negative,7.195215599778135e-05
1274368824985497600,negative,2.9422114603965195e-06
1274368828022153216,negative,0.03983031260542193
1274368828517031937,negative,0.0012524944217756691
1274368829662154754,negative,0.04868413656103167
1274368831503425543,negative,0.0002619169659521643
1274368832040206337,negative,0.004843091236173927
1274368832187105285,negative,0.04868413656103167
1274368832350466048,negative,0.0011215207366607506
1274368832405192705,negative,0.0031504476904273783
1274368832820428802,negative,0.014893577593252617
1274368833034346501,negative,0.14422441695466023
1274368833210462208,negative,0.009338609828235065
1274368835915784192,negative,0.0798813010626473
1274368836427485186,negative,2.787297328760927e-09
1274368838415589376,neutral,0.38806593524774735
1274368839648792577,negative,0.001102310072806244
1274368841288736769,negative,0.05530462031307686
1274368841506832386,negative,0.04868413656103167
1274368843855650828,negative,0.0011215207366607506
1274368844098871296,negative,2.2607703055852016e-05
1274368844413521921,neutral,0.3385252644667176
1274368844694540294,negative,0.04868413656103167
1274368844740558848,negative,0.00831715158805736
1274368845386579968,negative,0.04868413656103167
1274368845399146498,negative,0.21285288727602453
1274368845894094852,negative,0.0939510297442271
1274368849417244676,negative,9.782089804679564e-13
1274368849656385536,negative,0.16990735680766014
1274368849681485825,negative,4.47876433333565e-05
1274368849719242752,negative,0.12339216808985286
1274368853905211398,negative,0.29989163675336034
1274368857537462278,negative,0.29761571709333384
1274368857558433799,negative,0.000799683983520874
1274368857562583043,negative,0.00021141921140676293
1274368857751400450,negative,0.16451108071011875
1274368857914986497,negative,0.09665893010212534
1274368861127802881,positive,0.7280814792982251
1274368861257764874,negative,0.00010088593507039085
1274368861996007427,negative,5.83835382843382e-05
1274368862537035779,negative,0.07197907315624454
1274368862818099200,negative,0.0021772946379553845
1274368862876848132,negative,5.645187021922973e-05
1274368864822996993,negative,0.0002712342278783557
1274368865112391682,negative,0.001958812647158084
1274368865531760640,neutral,0.49789225920557484
1274368865674428418,negative,8.443564912871401e-05
1274368866383265793,negative,0.01140068344308785
1274368866563641344,negative,1.0707508760226773e-06
1274368866785939457,negative,0.02460594107704766
1274368866915737600,negative,0.13949552936821852
1274368866970460161,negative,0.05942892623855671
1274368867083542528,negative,0.0011215207366607506
1274368870204215298,negative,0.23617228030770082
1274368870393040896,positive,0.999970680965721
1274368870686564352,negative,0.0005685813037834473
1274368870866923523,negative,8.407523996343879e-08
1274368871340834817,negative,0.00043667539929748047
1274368871517106176,negative,0.13172800381638772
1274368873618460673,negative,0.0052490569129828146
1274368873803001856,negative,0.00014459406381251767
1274368873857536006,negative,0.12069385168485172
1274368873891069952,negative,0.03140120920213366
1274368874469822465,negative,0.18929495969951804
1274368874771656704,negative,0.00021141921140676293
1274368878064422914,negative,0.024722266773090678
1274368878336933890,negative,0.16990735680766014
1274368881885417472,negative,0.0009952863461212178
1274368882245943298,negative,7.618472037214678e-05
1274368882434686977,negative,0.13949552936821852
1274368882665455617,neutral,0.449727731624377
1274368882673885186,negative,0.04969448870026574
1274368883332222976,negative,5.965478981468071e-06
1274368883437305857,negative,0.06225947630016778
1274368883995090946,negative,0.007977770830218257
1274368885870014465,neutral,0.49789225920557484
1274368886482202626,negative,0.030380902981738126
1274368887019253767,negative,0.0020365961420647036
1274368887115612160,negative,1.065588787835302e-05
1274368887145009152,positive,0.8585319019276769
1274368887807709187,positive,0.897740620973573
1274368890076880897,negative,5.25933231523432e-06
1274368890416631810,negative,8.443564912871401e-05
1274368890986954754,negative,0.00015457042349154558
1274368891452620806,negative,5.661399981551542e-07
1274368894422188032,negative,0.0007699370890113074
1274368894497509376,neutral,0.5844952997138847
1274368894610878465,negative,0.005835035187952989
1274368894837219328,negative,0.001616511283051386
1274368895177064449,negative,0.009338609828235065
1274368895277621248,negative,1.1071183644491722e-08
1274368898213740545,negative,0.20214989623991148
1274368898528415747,negative,2.2607703055852016e-05
1274368898901688320,negative,5.487979692968614e-07
1274368899140726784,neutral,0.5467018084453114
1274368899337904134,negative,1.9027470190114964e-05
1274368899530850306,negative,0.00014459406381251767
1274368899967004672,negative,0.01140068344308785
1274368899975450625,negative,3.049548022996048e-05
1274368900692664320,negative,0.0021205043851629407
1274368903444127744,negative,2.4426819671591636e-09
1274368904471740417,negative,0.0034757350944127443
1274368904618524673,negative,1.1071183644491722e-08
1274368904836644864,negative,0.06036232631689331
1274368904878387200,neutral,0.5081296200201159
1274368904886976514,negative,0.002621251788567713
1274368905344102401,negative,0.014485795191908395
1274368907206418433,positive,0.7730585775494052
1274368907474800642,negative,0.004843091236173927
1274368907801964547,neutral,0.42723145978397964
1274368908326244353,negative,0.271581968949276
1274368908665982977,negative,0.006056515332418137
1274368908838014982,negative,4.491573920022894e-06
1274368910998061062,negative,0.0016665296955135618
1274368911673298953,negative,7.545660379268162e-10
1274368912273129472,negative,0.0009096334948879996
1274368912600203266,negative,9.822303883794003e-07
1274368912763715585,negative,0.003401178487566604
1274368913082548225,negative,8.269755240680847e-05
1274368913325711361,negative,0.12864844610582393
1274368913338511360,positive,0.9347686456700458
1274368914953318402,negative,0.09965753329704123
1274368916148695040,neutral,0.47056419380391146
1274368916152889345,negative,0.025734172069332085
1274368917268500482,negative,0.2701394869605582
1274368919533318150,negative,0.09950409951540971
1274368920435273728,negative,0.027212231956395366
1274368921311883265,negative,1.1154718043675826e-07
1274368921668407298,negative,0.18097169728096155
1274368923559964673,negative,0.01024459341701663
1274368923887116291,negative,0.007628685414413218
1274368923895562241,negative,0.015522987730443905
1274368924415655937,neutral,0.48895895465593386
1274368924562395136,negative,0.13949552936821852
1274368924575043584,negative,0.010660304170752434
1274368927838212102,negative,0.0021625795954240763
1274368927867469827,negative,8.269755240680847e-05
1274368927959863296,negative,0.0004692778205339551
1274368929201356800,negative,0.00010412961157937955
1274368933060108290,negative,0.004665713495703182
1274368933328556032,negative,0.07509577442231544
1274368933441802244,negative,0.29761571709333384
1274368933617963008,negative,0.00030373989889860776
1274368933991194624,negative,0.01358603759421296
1274368936201654281,negative,8.269755240680847e-05
1274368936562364417,negative,0.00021485863891629694
1274368937128611845,negative,5.645187021922973e-05
1274368937959075841,negative,0.13786277939126576
1274368938529480709,negative,0.12552796848809
1274368938663698433,negative,0.00028904442522545827
1274368938672087043,negative,2.2443243724397475e-06
1274368938714050560,negative,0.018220451514098804
1274368940253339649,neutral,0.35747273777662636
1274368940760686604,negative,0.03649261738626477
1274368941608050689,negative,0.01140068344308785
1274368942312697859,negative,0.22820882362804987
1274368944590270464,negative,0.18097169728096155
1274368944636342275,negative,0.004843091236173927
1274368944946778112,negative,2.302795190376347e-05
1274368945127112705,negative,0.29761571709333384
1274368945202647040,neutral,0.3458414798855197
1274368945831710722,negative,0.11029702435476944
1274368946020335617,positive,0.7760361879853958
1274368949438885889,negative,0.1289135333751782
1274368949577289728,negative,0.2993385342486234
1274368950009311232,negative,0.0011215207366607506
1274368950076231680,negative,2.2568873008401397e-07
1274368953532456962,negative,0.004639137447501095
1274368954165846016,negative,4.8877764079299625e-09
1274368954564259841,positive,0.785886593659979
1274368954576842753,negative,1.9027470190114964e-05
1274368957311528960,negative,1.813344517291487e-14
1274368958280470528,negative,0.016460151098365596
1274368959471648769,negative,6.453188284362093e-05
1274368961614876672,negative,0.0012098749509367698
1274368961778454528,negative,0.12037063624481859
1274368962118201344,negative,9.282816413098584e-12
1274368962420146178,negative,0.0009502329398841454
1274368962923544577,negative,0.00041016035669899924
1274368962936086529,negative,0.00014459406381251767
1274368963368161280,negative,0.004843091236173927
1274368964630646787,negative,7.341073855036935e-06
1274368965641461760,negative,1.8975866285024973e-06
1274368966207647744,neutral,0.449727731624377
1274368966459351041,negative,0.0011199818852058363
1274368966606061568,negative,0.2796310124047556
1274368966723600385,negative,0.054232894810837595
1274368966782341120,negative,0.0019060568946983741
1274368966941687809,negative,0.02738764886718594
1274368966975250438,negative,0.0011215207366607506
1274368967033978891,negative,0.007628685414413218
1274368969399504898,neutral,0.5869065811342731
1274368969756094465,negative,0.05177451088242809
1274368970045501440,negative,1.9684284881358229e-10
1274368970431266827,negative,0.0006303622924116255
1274368970607538177,negative,0.1289135333751782
1274368970657804288,negative,0.0009357721101924867
1274368970695553025,negative,0.0001328192010410201
1274368970779475969,negative,3.419518071753523e-14
1274368971056308226,negative,1.1071183644491722e-08
1274368971068882949,negative,0.0041878813666704675
1274368972067155970,negative,0.11199186793547575
1274368972121653248,negative,0.00027535929484546307
1274368974235611136,negative,0.11531206543918708
1274368974587904003,neutral,0.5136446707795853
1274368974709555203,negative,0.0019060568946983741
1274368975019880449,negative,0.003401178487566604
1274368975384739845,negative,0.00482313239695648
1274368975510605824,negative,0.00023530839400773387
1274368975548436484,negative,0.05625014761986045
1274368975842017280,negative,0.0790816482999802
1274368975942504448,negative,0.13949552936821852
1274368978140438528,negative,2.6483642060587684e-05
1274368978169798658,negative,2.2607703055852016e-05
1274368978232672257,negative,0.00012691628922192793
1274368978476040192,negative,0.02516691999312467
1274368978606006280,negative,0.29761571709333384
1274368979331497987,negative,0.0011215207366607506
1274368979432325121,negative,4.265549020626365e-06
1274368982401908737,negative,0.004427865377390981
1274368982523482115,negative,0.2901787425611524
1274368982578012162,negative,0.01140068344308785
1274368982586458113,negative,0.007628685414413218
1274368982687068160,positive,0.9558290904021892
1274368983030996993,negative,0.0635464109351743
1274368983559540737,positive,0.7923974895473999
1274368983563735041,positive,0.7844207227388154
1274368986617122817,negative,0.001616511283051386
1274368987003043840,negative,0.15922624373425048
1274368987057590274,negative,0.09785366758756182
1274368987527348226,negative,8.443564912871401e-05
1274368987976122368,negative,0.0004389616891312649
1274368988487835648,negative,0.056330349536888376
1274368990631079936,negative,0.011050777723944884
1274368990677274626,negative,0.0002798124610378557
1274368991478366208,positive,0.9782305349939595
1274368992057139200,negative,0.04868413656103167
1274368992245882880,negative,0.08501573180126992
1274368992703066112,negative,0.0798813010626473
1274368994984820739,negative,0.07509577442231544
1274368995190173696,negative,0.0011215207366607506
1274368995559305216,negative,0.2558898783859035
1274368995576164352,negative,0.007977770830218257
1274368995966271488,negative,0.0092744064496032
1274368996230512641,negative,1.694467631585577e-05
1274368996679331847,negative,0.21680481724892678
1274368996909989889,negative,0.020671539135477947
1274368997023191041,negative,8.443564912871401e-05
1274368999263031297,negative,0.0031680155627299626
1274368999405518848,negative,0.030461911647601682
1274368999468433408,negative,0.04868413656103167
1274369000198279168,negative,0.06107259465190921
1274369000265461761,neutral,0.5616511143517063
1274369000550604804,negative,0.0010533907421170958
1274369000772902913,negative,0.19512902450161523
1274369003323080706,negative,0.02201085893018373
1274369003352403970,negative,0.025672156194776266
1274369003411116032,negative,0.22915103025480452
1274369003666976768,negative,0.0008495595372482709
1274369003776094208,neutral,0.5006086376065693
1274369003801247746,negative,0.016699969447194558
1274369003872571394,negative,4.0756000844311485e-06
1274369004212117505,negative,0.0011215207366607506
1274369004220502016,negative,1.1071183644491722e-08
1274369004438794240,negative,0.24151054019797136
1274369004749152263,negative,0.000102149435288236
1274369005139177474,negative,0.2395957830888925
1274369007697698819,negative,0.01140068344308785
1274369008100413441,negative,0.02201085893018373
1274369008326840320,negative,8.72965302300608e-05
1274369008645668875,negative,0.0031504476904273783
1274369008674971648,negative,0.02777063587028298
1274369008779829248,positive,0.8360115451191859
1274369009983483905,negative,0.13949552936821852
1274369010063290371,negative,0.08480579209796243
1274369011824943104,negative,3.38794706851042e-05
1274369011921256449,negative,0.0011215207366607506
1274369012063801350,negative,0.003222832135696301
1274369012168830976,negative,0.003522010153465639
1274369012881854466,negative,0.009039159367626181
1274369013532053504,negative,0.015548998880221356
1274369016111312896,negative,0.00036515192221633176
1274369016287674368,negative,0.015548998880221356
1274369016702910464,negative,0.2321892235535551
1274369016916848650,negative,0.0001325977698413706
1274369016925237249,negative,0.0008115220845677959
1274369017394925570,negative,0.09819339168305305
1274369017470484480,negative,0.006655063628800983
1274369017894113280,negative,0.0314816853304787
1274369017902444544,negative,0.09977246573008015
1274369017973813249,negative,0.01140068344308785
1274369020255485952,negative,0.15506871554626545
1274369020461006849,negative,0.10175921966602301
1274369021861933056,negative,8.43550423041375e-07
1274369022021287938,negative,0.007977770830218257
1274369022046490624,positive,0.9400995602577226
1274369022549725185,negative,7.596971911249871e-09
1274369024126865409,negative,0.011730179177097054
1274369025150255106,negative,0.003401178487566604
1274369025297002502,negative,0.00027585667296755586
1274369026014273538,negative,0.07509577442231544
1274369026278465537,negative,0.005846307661460753
1274369028488867841,negative,0.003694779450599342
1274369028568625153,negative,0.02862285822970754
1274369029201772544,negative,5.663567692803038e-07
1274369029235408896,negative,0.13949552936821852
1274369029361278976,negative,2.2607703055852016e-05
1274369029398884352,negative,0.0035616337561290116
1274369030363717634,neutral,0.46203124288873043
1274369030732877826,negative,2.2607703055852016e-05
1274369032834224130,negative,0.15700257748330895
1274369033027096578,negative,0.0011215207366607506
1274369033048150019,negative,0.015522987730443905
1274369033291382784,negative,0.015041563169365528
1274369033647857664,negative,0.0024670564989367648
1274369033803108353,negative,0.007819848754718528
1274369034176409600,neutral,0.49789225920557484
1274369034507730945,negative,0.00011835175499575121
1274369036701380612,negative,4.844075288330727e-08
1274369036869079040,negative,3.152855152215035e-05
1274369037112410113,negative,0.005539547528663394
1274369037217280000,negative,2.2607703055852016e-05
1274369037338841089,neutral,0.5112526064611215
1274369038349729792,negative,1.9027470190114964e-05
1274369038496534528,positive,0.7112264328727067
1274369038756515842,negative,0.0014780376494740529
1274369038777450496,negative,0.04868413656103167
1274369039050117124,negative,0.07469208375682593
1274369041042411520,negative,0.05839510813617035
1274369041310908421,negative,1.2940966475051762e-08
1274369041562566656,neutral,0.3499352441185855
1274369041961037834,negative,8.123347876440576e-05
1274369042019737601,neutral,0.35470657370756226
1274369042095185921,negative,0.19835017931701712
1274369042678235136,negative,0.0730226908768824
1274369043017932800,negative,0.00029737758775855
1274369045568028674,neutral,0.43582513087315683
1274369045723258880,negative,0.0005685813037834473
1274369046318845952,negative,0.0021625795954240763
1274369046620901381,negative,0.0028480157765644228
1274369046981611520,negative,5.094166772461122e-06
1274369047224823810,positive,0.713367525228628
1274369047753342976,negative,0.29761571709333384
1274369050035060736,negative,0.00032380443511323105
1274369050316079104,negative,0.003089598245595448
1274369050865553414,negative,0.000157023955872178
1274369051775700992,negative,5.437519838139826e-08
1274369052002209797,negative,0.00014459406381251767
1274369053570842624,negative,0.015859269476485673
1274369054124449795,negative,1.0707508760226773e-06
1274369054225006592,negative,0.004843091236173927
1274369054376112129,neutral,0.5844952997138847
1274369055001018369,negative,0.275958358184994
1274369055080792064,negative,0.11199186793547575
1274369055215009800,negative,0.13949552936821852
1274369055244406791,negative,0.09726902155701549
1274369055567347712,negative,0.00041777378634683544
1274369056104210433,negative,0.14803405075153506
1274369057823784961,negative,0.0011215207366607506
1274369057953890309,negative,0.0083553623155382
1274369058021015557,negative,8.72965302300608e-05
1274369058041810944,negative,0.00036471390476158734
1274369058364784642,negative,0.16990735680766014
1274369058520150016,negative,8.72965302300608e-05
1274369058687893505,negative,0.006501171642686924
1274369058712858624,negative,0.017981470522138703
1274369059212197888,negative,0.0018019543210365746
1274369062022164480,negative,0.0005092931745178308
1274369062114557954,negative,3.601463709625594e-07
1274369062596837376,positive,0.7491428451755798
1274369063045783557,neutral,0.49789225920557484
1274369063486095361,negative,0.11248832625565164
1274369063507111940,negative,0.04868413656103167
1274369064102694912,neutral,0.46127768308170247
1274369064186544130,negative,0.0021625795954240763
1274369064530579456,positive,0.9969616390735564
1274369066304704514,negative,5.4829442453693136e-05
1274369067437232133,negative,0.009338609828235065
1274369067462385667,negative,0.2386794657560357
1274369067663667203,negative,0.015548998880221356
1274369068192141315,negative,8.72965302300608e-05
1274369068477407233,negative,0.051388735714927164
1274369070138359808,negative,0.00010973551831453766
1274369070423511040,negative,0.08072910548644506
1274369070637309954,negative,0.004843091236173927
1274369070918443010,negative,0.29761571709333384
1274369070935113728,negative,0.027676813339786093
1274369071090405379,negative,0.001970793847985278
1274369071740604416,negative,0.007374370827635076
1274369072021467137,negative,0.007498955158323032
1274369072159961088,negative,0.0011215207366607506
1274369072277397505,neutral,0.38227762192080983
1274369074777272323,negative,1.1806062640463243e-06
1274369075238465536,neutral,0.41553062799549706
1274369075372752896,negative,0.18097169728096155
1274369076249444355,negative,0.0005685813037834473
1274369076312395780,negative,0.04868413656103167
1274369078732501000,negative,0.00014459406381251767
1274369078866698240,negative,0.0007206278447072315
1274369079109980170,negative,0.18097169728096155
1274369079470624769,negative,0.001616511283051386
1274369079512641538,negative,0.0031504476904273783
1274369079852351488,negative,0.00048023970705860257
1274369080145989633,negative,0.012792892933867707
1274369080380678144,negative,0.13949552936821852
1274369080783503363,negative,1.3361821551242946e-10
1274369083207630848,negative,1.1071183644491722e-08
1274369083392303107,negative,4.4241158261007726e-08
1274369084004548610,negative,0.0001218652549607984
1274369084373827584,negative,0.2897207918155794
1274369084558200834,negative,6.768508627445462e-07
1274369084587728896,negative,0.003293305685336435
1274369084684148737,negative,0.009581080777797013
1274369085405626370,negative,5.686518028202719e-06
1274369085485318145,negative,0.0031504476904273783
1274369085627863042,negative,0.0092744064496032
1274369085829152769,positive,0.7021905766378869
1274369087204995072,negative,0.0011215207366607506
1274369087251066881,negative,6.748915427537844e-09
1274369087959961602,positive,0.880977722113856
1274369088119283712,negative,0.14422441695466023
1274369088727334918,negative,0.015579963652516541
1274369088794628096,negative,0.0007874190618544743
1274369089008476162,negative,0.01140068344308785
1274369089465696261,negative,0.15981380131195475
1274369091365732352,negative,0.1484692067977948
1274369091655086081,negative,0.22091043472371724
1274369092527538181,negative,0.00028159488334343987
1274369092615618561,negative,0.20316100356658093
1274369093194391552,positive,0.9851057850232864
1274369093223809024,negative,0.0011215207366607506
1274369093689380870,neutral,0.5051535572076071
1274369093827792897,negative,1.637839043713939e-08
1274369094444253184,negative,0.005135129053434996
1274369095626969088,negative,0.003990924849680441
1274369095761305603,negative,0.004512567852580765
1274369095778123778,negative,0.05738731705847255
1274369095958499331,negative,0.01140068344308785
1274369096080031744,negative,0.02585463510637846
1274369096092614656,negative,0.009039159367626181
1274369096142876672,negative,0.11733166319877615
1274369096189083648,negative,0.0015083597574763621
1274369096524664834,positive,0.8002585490816346
1274369096713412608,negative,0.07311771414534747
1274369097019654147,negative,0.00029737758775855
1274369097233465350,negative,0.00464958412132019
1274369097241772032,negative,0.08748654865930122
1274369097371914240,negative,0.04868413656103167
1274369097430597635,negative,0.00020257763578963623
1274369100068904960,negative,0.05592593259625326
1274369100333101056,neutral,0.42042627397532506
1274369100479856643,negative,0.007977770830218257
1274369101016764416,negative,3.5888970638467108e-06
1274369104120610816,negative,0.0004405253644367079
1274369104242188289,negative,0.05014341633479184
1274369104636452864,negative,0.0004405253644367079
1274369104821043201,negative,0.0092744064496032
1274369105173372930,positive,0.9342649066422871
1274369106058391552,negative,6.38931527330916e-06
1274369106335195136,negative,3.150608539116858e-08
1274369106368741376,negative,3.6233655739299725e-07
1274369106389667841,negative,0.11211298304992452
1274369108071587840,negative,0.13172800381638772
1274369108272975873,negative,0.00011009116592078753
1274369108667256834,negative,0.00033736415610328437
1274369108956479488,negative,0.1365286785332239
1274369109195710472,negative,0.23540932660475059
1274369109300477952,negative,0.000102149435288236
1274369109355044866,negative,1.637839043713939e-08
1274369109359300646,negative,2.2607703055852016e-05
1274369109711618048,negative,6.26549472087306e-07
1274369109896069125,negative,0.00022944251085316392
1274369110240104448,negative,0.006562828547770805
1274369112597299200,negative,0.0007657789029331175
1274369112932843520,negative,1.1071183644491722e-08
1274369113398394880,negative,0.04868413656103167
1274369113671024645,negative,0.004843091236173927
1274369113675235328,negative,0.0652939707617245
1274369113721171968,negative,1.0436272703866922e-07
1274369113989709824,negative,2.2841554946704944e-07
1274369114342076416,neutral,0.4507454498615163
1274369114400854016,negative,0.22885027527421328
1274369116535750656,negative,0.0005685813037834473
1274369116548337664,negative,0.3108314330779043
1274369116598648833,negative,0.18795859623648656
1274369116644745217,positive,0.8050406710789163
1274369116829372416,negative,1.1126357869111845e-08
1274369116833492992,negative,0.04868413656103167
1274369116917444613,negative,0.0001940810883524682
1274369117181612037,negative,0.20175755598657735
1274369117403963392,negative,2.787297328760927e-09
1274369117785657344,negative,0.013868832986484754
1274369118011981834,negative,0.00025995428544422664
1274369118024630273,positive,0.9997370820378277
1274369118494433284,negative,0.01130536739368902
1274369120503463937,negative,2.8336547781156265e-05
1274369120839045122,positive,0.7022689938172346
1274369120952344576,negative,0.005402909033626645
1274369121275256834,negative,0.21778971897349453
1274369121598177280,neutral,0.49789225920557484
1274369121610797059,negative,9.207874467746675e-05
1274369121648607233,positive,0.9948528609593813
1274369121694765057,negative,0.0001937419169829862
1274369121875038208,negative,8.443564912871401e-05
1274369122197962752,negative,0.025809170850541976
1274369122365837312,negative,0.005760053140481411
1274369122487369728,neutral,0.5467018084453114
1274369122676158465,negative,0.0006270950264846687
1274369125268312066,negative,0.011225363258838788
1274369125452832768,negative,0.03958888528231489
1274369126421708802,negative,0.1484692067977948
1274369126597824512,negative,2.0452212128368524e-05
1274369126841057280,negative,0.004427865377390981
1274369127138889743,neutral,0.49789225920557484
1274369127155712002,negative,5.252465356948966e-06
1274369127226933249,negative,2.9364534953829383e-07
1274369127231229953,negative,0.021001657834305246
1274369127369580545,negative,0.13369560276145032
1274369127394746368,negative,0.0021767190593758993
1274369127466119168,negative,0.07509577442231544
1274369129194106881,positive,0.9768512044720375
1274369129462607873,negative,0.22122416942500223
1274369129714257925,negative,0.04868413656103167
1274369129978441729,neutral,0.6089329694641551
1274369130020429824,negative,0.08010598670960223
1274369130062364672,negative,2.2607703055852016e-05
1274369133833007104,negative,0.0008495595372482709
1274369134059573248,negative,1.0157797090407688e-10
1274369134248308739,negative,0.003046420644404445
1274369134520918017,negative,0.05525703889800666
1274369134554275840,negative,0.001616511283051386
1274369134659350530,neutral,0.3318228626708164
1274369135028379648,negative,0.0008495595372482709
1274369135443574787,negative,0.0018019543210365746
1274369137670860801,negative,1.6815974866509168e-08
1274369138220322817,negative,0.26205402389485666
1274369139008733184,negative,0.005846307661460753
1274369139084230664,negative,7.527961602649132e-05
1274369139906314241,negative,9.975958104748561e-08
1274369139944165384,negative,0.0018836573850883912
1274369141642838018,negative,0.0005472099927728033
1274369141764489216,negative,0.00029737758775855
1274369142259355648,negative,0.004843091236173927
1274369142611738626,negative,0.035420477596908466
1274369143106609153,neutral,0.520336202321948
1274369143354077186,positive,0.679403574049923
1274369143840673792,negative,0.06800051984646789
1274369146269118465,negative,1.1071183644491722e-08
1274369146474594305,negative,0.0008863290999502631
1274369146747265026,negative,0.05592593259625326
1274369146785009666,negative,0.04868413656103167
1274369147204493314,neutral,0.48895895465593386
1274369147363905537,negative,0.271581968949276
1274369147451977728,negative,0.0028779006780079394
1274369147829354498,negative,0.003222832135696301
1274369147837661185,negative,0.004843091236173927
1274369147976265728,negative,0.004466290619757082
1274369148299218946,negative,0.0011215207366607506
1274369148605173761,negative,0.004843091236173927
1274369148668260354,negative,0.006969618874245236
1274369150648045568,neutral,0.4836107634721281
1274369151067447301,negative,0.21539775187111218
1274369151595950085,negative,3.990728106757348e-05
1274369151914704898,neutral,0.432393938322493
1274369151918841856,negative,4.547475594547499e-07
1274369151931502598,negative,0.0003774168704167644
1274369152044740608,neutral,0.46598398918449585
1274369152355106823,negative,0.0001151759279551552
1274369152397041664,negative,0.27198546434596127
1274369154506776577,negative,0.015468822342680592
1274369154594856960,negative,0.0002619169659521643
1274369155282669568,negative,0.002605917653991894
1274369155375017986,negative,0.018555170647393236
1274369155395960832,negative,0.027676813339786093
1274369155467218945,negative,0.1484692067977948
1274369155639230464,negative,1.8975866285024973e-06
1274369155706368006,negative,0.09965753329704123
1274369156092252161,neutral,0.4042192723571776
1274369156830367744,negative,0.0008495595372482709
1274369157602164738,negative,0.04438177349714493
1274369158390657024,negative,8.123347876440576e-05
1274369158650740737,negative,0.05592593259625326
1274369159380508675,negative,0.006087066361239501
1274369160156532736,neutral,0.4665118169994143
1274369160416358400,negative,0.001616511283051386
1274369160471085056,negative,0.00023198761488578908
1274369162677309441,negative,0.0809581555934628
1274369163327348736,negative,1.1071183644491722e-08
1274369163864276992,positive,0.7190000105642634
1274369164128501762,negative,1.5980982559283766e-06
1274369164266868738,negative,0.0017486104729091657
1274369165021904897,negative,0.001616511283051386
1274369165025873928,negative,0.010851109372277233
1274369167022530561,negative,0.09228076971767632
1274369167035117570,negative,0.23617228030770082
1274369167353958400,negative,0.012690009512474188
1274369168377348096,negative,8.123347876440576e-05
1274369168465420288,negative,0.025809170850541976
1274369168528281601,negative,0.01140068344308785
1274369168549298177,negative,0.0005685813037834473
1274369168574382082,negative,5.692839550525292e-09
1274369168888991746,neutral,0.5405541168421547
1274369169195257857,negative,0.007765812993251089
1274369169228804097,negative,0.16759879051097845
1274369171053326337,negative,0.01024459341701663
1274369171288207360,negative,0.02102601543626555
1274369171397230592,negative,0.0008495595372482709
1274369171757858818,negative,0.0065095910432227564
1274369171896270850,negative,0.048319718876414265
1274369172022030337,negative,0.319904941062565
1274369172118671361,neutral,0.4479740580144061
1274369172290633729,positive,0.9116507914681907
1274369172525527040,negative,0.004843091236173927
1274369172634505216,negative,0.0005881791848059362
1274369175293698049,negative,0.09134408089080437
1274369175855812610,negative,0.13949552936821852
1274369177365516288,neutral,0.4740884468577515
1274369179974619142,negative,0.0005202845874072277
1274369180838526976,negative,0.020641026748358302
1274369181291556866,negative,0.09796353093948443
1274369181434163211,negative,0.01648229972419678
1274369181543272449,negative,0.04868413656103167
1274369182180802560,negative,0.0002619169659521643
1274369182361161729,negative,0.2565802007626156
1274369183900479489,neutral,0.49789225920557484
1274369184928075776,negative,3.903225289178123e-07
1274369184978345986,negative,2.6483642060587684e-05
1274369185116753921,negative,0.1057950220539196
1274369185175400449,negative,2.121163013339224e-05
1274369188371595264,negative,8.99296372363753e-05
1274369188786843650,neutral,0.3918833461168344
1274369188929339393,negative,0.014309255992588546
1274369189948653570,negative,0.12598458431024104
1274369192138080257,negative,0.00012653528323396023
1274369192716795905,negative,0.005846307661460753
1274369192951795712,negative,0.10937575087237417
1274369193350057984,negative,0.13949552936821852
1274369193526407168,negative,0.0038332517021677833
1274369193870327810,negative,0.016089422023549182
1274369194247761920,negative,0.004843091236173927
1274369195531264001,negative,0.0005500612242291591
1274369196340764678,negative,0.04438177349714493
1274369196479123456,negative,0.015548998880221356
1274369197238345728,negative,0.0021625795954240763
1274369197468987394,positive,0.9975130520148583
1274369197552754689,negative,8.123347876440576e-05
1274369197620047872,negative,0.01565751959006378
1274369197733056518,negative,0.30530992586628103
1274369197859110914,negative,0.004843091236173927
1274369198433742850,negative,0.0005833353590071568
1274369198605688833,negative,0.15981380131195475
1274369200782442496,negative,3.65066866107734e-05
1274369200857976834,negative,0.0055310694283547375
1274369200899964930,negative,0.09977246573008015
1274369201210363904,negative,0.02102601543626555
1274369201248055297,negative,0.14469319943812373
1274369201311006721,negative,0.004843091236173927
1274369201327800328,negative,0.05942892623855671
1274369201759834113,negative,0.006562828547770805
1274369201860481024,negative,1.347806542323342e-06
1274369201885589505,negative,0.0018019543210365746
1274369202464358401,negative,0.08877887424258626
1274369202472747011,negative,0.2799819460205976
1274369202523078657,negative,2.1696129733191414e-05
1274369204922339329,negative,8.72965302300608e-05
1274369205148815360,negative,0.004843091236173927
1274369205673037831,negative,0.01024459341701663
1274369205949743104,neutral,0.4402571704036702
1274369205962498048,negative,0.0010368153683389815
1274369206281265159,negative,0.0023331838442473304
1274369208923623432,negative,0.003401178487566604
1274369208973963264,negative,2.2607703055852016e-05
1274369209074622465,negative,8.72965302300608e-05
1274369209498288128,negative,1.1882111011343626e-07
1274369209552732160,neutral,0.49789225920557484
1274369209821249538,negative,0.04868413656103167
1274369209842176001,negative,0.0018153409973280076
1274369209993134083,negative,0.006087066361239501
1274369210005798912,neutral,0.5004038979368516
1274369210425184257,negative,0.2211841082333547
1274369210639056896,negative,0.0011215207366607506
1274369210710360064,negative,0.01574117053568908
1274369210760781825,negative,0.003401178487566604
1274369213780635649,negative,0.13082287750033547
1274369214116253701,neutral,0.4471484058472708
1274369214279749633,negative,0.1300156635627105
1274369214594383873,negative,0.014462942317355964
1274369214632075266,negative,0.0034680309892547337
1274369214678253570,negative,0.0009100108672498102
1274369215315750913,positive,0.705521598317249
1274369215454162945,negative,0.004427865377390981
1274369217920479232,negative,0.01140068344308785
1274369217928876033,negative,0.20239329743009857
1274369218696355840,negative,0.009358719642558598
1274369218797088771,negative,0.005229958811733803
1274369218868400128,negative,1.8702409184941465e-05
1274369219623366656,negative,0.0038332517021677833
1274369219686207490,negative,0.025993134563636704
1274369219883393026,negative,1.2301885596849096e-06
1274369221632364545,negative,7.161713056718647e-05
1274369222211231745,negative,2.1213724374199742e-08
1274369222299332609,negative,4.011817142771968e-07
1274369222588731395,negative,0.0011215207366607506
1274369222739714050,negative,6.550935448390325e-06
1274369222798344194,negative,0.004336759619212892
1274369222815166476,negative,0.21451115414557062
1274369223008100352,neutral,0.5734576952979002
1274369225898037250,negative,0.29761571709333384
1274369226011181056,negative,0.19914658069817917
1274369226191638528,negative,0.0005106294226505623
1274369226397167620,negative,0.027137922786905057
1274369226481033216,negative,1.9027470190114964e-05
1274369227298877440,neutral,0.49789225920557484
1274369227315720199,negative,0.003222832135696301
1274369227449868288,negative,0.1484692067977948
1274369227479228422,negative,2.29566763603265e-05
1274369227672125441,negative,0.08648317725097412
1274369227793842177,negative,0.020234743285630477
1274369230121635842,negative,0.00014909865563531976
1274369230457143296,negative,0.054460455069341884
1274369230696321024,negative,0.0771847225977192
1274369230994112512,negative,1.9027470190114964e-05
1274369231019180035,negative,0.010962446462727182
1274369231098990596,negative,0.02777063587028298
1274369231254142981,negative,0.07509577442231544
1274369231891685376,negative,0.0007206278447072315
1274369233955237893,negative,0.0006001767822792665
1274369234185998339,negative,2.2607703055852016e-05
1274369234584264706,negative,0.0024740059679748986
1274369234592690177,negative,0.06058855282930419
1274369234789896192,negative,0.12595673958167117
1274369234957742081,negative,0.0006303622924116255
1274369234966130695,neutral,0.42420807754940215
1274369235234557953,positive,0.9835954583574745
1274369236132118531,negative,0.10999424723788073
1274369236136349699,negative,0.07855022250386864
1274369239323942913,negative,0.048124405087012406
1274369239378546694,negative,0.000102120942159438
1274369239479181312,negative,0.04868413656103167
1274369239542046720,negative,8.789458901419966e-05
1274369239965712389,negative,0.001050901782086946
1274369240116666368,neutral,0.49789225920557484
1274369240267661318,negative,0.00020817562045590026
1274369242889170944,negative,1.694467631585577e-05
1274369242964647937,negative,0.0008495595372482709
1274369243811905537,negative,0.15981380131195475
1274369244738846722,neutral,0.35470657370756226
1274369244822679552,negative,5.25933231523432e-06
1274369245011415040,positive,0.741168634403206
1274369245078568963,neutral,0.46598398918449585
1274369245103742977,negative,0.02102601543626555
1274369245133131776,negative,0.23579841151144104
1274369246546530304,negative,0.0008495595372482709
1274369246596923393,negative,0.00517989528748498
1274369246693412869,negative,2.2607703055852016e-05
1274369246785667072,negative,0.06557944966509824
1274369247007977472,negative,0.11156616800305484
1274369247091871744,negative,0.02102601543626555
1274369247414824961,negative,0.0016510899419271848
1274369247993573376,negative,0.32033683288311077
1274369248585027586,negative,0.07509577442231544
1274369250833182730,negative,5.692839550525292e-09
1274369251265085441,positive,0.7354636816357002
1274369251269390336,positive,0.897740620973573
1274369251411984386,negative,0.019325586389617778
1274369251747303425,negative,0.0011215207366607506
1274369251965571074,negative,0.0654839532738497
1274369252405981185,negative,0.001616511283051386
1274369253005832193,negative,0.003294722900431676
1274369253131595778,positive,0.9972129034039495
1274369253278433280,negative,0.057404815897619185
1274369254884888576,negative,0.04868413656103167
1274369254893240322,negative,1.2467588319867987e-05
1274369255023280134,negative,3.6560973240501597e-06
1274369255060967430,negative,0.012450650854626205
1274369255341846528,negative,0.18611643955296853
1274369255442649091,negative,0.2583396599417602
1274369255526543363,negative,0.1823704251571895
1274369255631474693,negative,0.04868413656103167
1274369256071802880,negative,0.001858826155568214
1274369256163913730,negative,3.678843453688892e-08
1274369256453484547,negative,0.0922846933313199
1274369256625504256,negative,0.007628685414413218
1274369256877064193,negative,0.03980941194639205
1274369256881303553,negative,0.0021205043851629407
1274369259632758785,negative,0.021441530756981225
1274369259678969856,negative,0.0021611806441212624
1274369259913859073,negative,0.01140068344308785
1274369260278542341,negative,1.1842434389977456e-06
1274369260366823427,negative,0.0003391657882690361
1274369260505239553,negative,0.0024823787957571394
1274369260723331076,negative,0.04868413656103167
1274369261037854722,negative,0.06081655062018614
1274369261092429824,negative,0.0059779156682869105
1274369263604817920,negative,0.20278241024562033
1274369263877402625,negative,0.041331415079803924
1274369264565260289,negative,0.00048023970705860257
1274369265580347393,negative,0.2321892235535551
1274369265701978114,neutral,0.49789225920557484
1274369265790005251,negative,0.02545445313493427
1274369267849326593,negative,0.2799852519493358
1274369268403109892,negative,0.08890093435094926
1274369268558245888,negative,0.004175417522045821
1274369268566626306,positive,0.9978537085783599
1274369268608622600,negative,4.547475594547499e-07
1274369269556490241,negative,2.0289152161747898e-05
1274369269761966082,negative,1.1071183644491722e-08
1274369269917081601,negative,0.003420226946203081
1274369271938920451,neutral,0.6030055953879553
1274369273595432960,negative,0.0028044935686067896
1274369273998315520,negative,0.016891274513053087
1274369275592011776,negative,0.15558692584263548
1274369275898343425,negative,0.032944019472149554
1274369276024180739,negative,1.0707508760226773e-06
1274369276154183690,positive,0.818141824790354
1274369276200325121,negative,0.01140068344308785
1274369276783321090,positive,0.9678620297109689
1274369277026541568,negative,0.15981380131195475
1274369277211090946,negative,0.0001109926171236319
1274369277278261248,negative,2.931279538235397e-06
1274369277370331141,negative,0.020384887355742974
1274369277496381441,negative,0.1347284336584433
1274369277819326464,negative,0.018621091952989277
1274369280226856962,negative,2.787297328760927e-09
1274369280272928770,negative,9.782089804679564e-13
1274369280470069249,negative,0.00021141921140676293
1274369280797298689,negative,0.050615376459228346
1274369280918904832,negative,0.00025995428544422664
1274369281241874432,negative,0.2901787425611524
1274369281275330561,neutral,0.6592116967931048
1274369281413853184,negative,0.009312905614601975
1274369281564631040,negative,0.29761571709333384
1274369281862569995,negative,0.20435590212710014
1274369282013454336,negative,0.008253882948524631
1274369282432851970,negative,0.13949552936821852
1274369282504359936,negative,0.004427865377390981
1274369284546998272,negative,0.08821433759681309
1274369284819517440,neutral,0.497008268191141
1274369285914267648,negative,0.2719183686992666
1274369286098878465,negative,0.001168158425084052
1274369288850288642,negative,0.0007874190618544743
1274369289349365767,negative,0.002800081236589558
1274369289366241281,negative,1.4859045457275542e-05
1274369289659781121,negative,0.15941778271925092
1274369289840140288,negative,2.787297328760927e-09
1274369290687389696,negative,0.07509577442231544
1274369290821611521,negative,0.22820882362804987
1274369292553904129,negative,0.009496047291650388
1274369292650217472,negative,0.004843091236173927
1274369292730019840,negative,0.057414559448511496
1274369292969095178,positive,0.9116507914681907
1274369293044629504,negative,0.05326893023733899
1274369293065629698,negative,0.10178090455968795
1274369293099118592,positive,0.8095872340267743
1274369293153697792,neutral,0.43775766252172876
1274369293195653124,negative,0.20435590212710014
1274369293329879040,negative,4.175254355726018e-09
1274369293375897600,negative,0.00014459406381251767
1274369293380182017,negative,0.0013702138448058565
1274369293497569280,negative,0.023732173558476437
1274369294340481026,neutral,0.3330496962683473
1274369294399397888,negative,0.0008495595372482709
1274369296874029056,negative,0.09819339168305305
1274369297486417921,negative,0.039576004874212194
1274369298237095938,negative,0.0049024829505844945
1274369298321072128,negative,0.006087066361239501
1274369298849390597,negative,0.004843091236173927
1274369298966949889,negative,0.050998122091254816
1274369301135396870,negative,0.0019746725051334097
1274369301357760512,positive,0.6898924652376895
1274369301491757056,negative,0.23056902331394544
1274369301563297793,negative,0.006708771371009391
1274369301764587521,negative,0.021688582105435665
1274369302037172224,negative,0.2181245785185707
1274369302150418435,negative,0.011050777723944884
1274369302565580800,negative,0.004842759598201713
1274369302695677952,positive,0.7690362510244284
1274369302808969216,negative,8.123347876440576e-05
1274369305384280064,negative,0.01140068344308785
1274369305640153088,neutral,0.49789225920557484
1274369305786945536,negative,0.07509577442231544
1274369305958891526,negative,0.1855423423687084
1274369306235678726,negative,0.0009728648121375124
1274369307171061773,negative,0.04868413656103167
1274369309893165056,negative,0.06006813564532942
1274369309893185538,negative,9.782089804679564e-13
1274369309951905793,negative,0.006501171642686924
1274369310232907777,negative,0.0010169417521784959
1274369310383919104,negative,0.02545445313493427
1274369310878773248,negative,0.14944404022647986
1274369311533039616,neutral,0.49789225920557484
1274369311545720832,negative,0.004125811062725056
1274369311919017984,negative,0.08010598670960223
1274369312044625920,negative,0.015977674023607547
1274369312103555072,negative,0.020648910712669954
1274369312120332288,negative,0.021742177510265318
1274369312229404674,negative,1.1071183644491722e-08
1274369312359407619,negative,0.05714072353572688
1274369313705562113,negative,0.001616511283051386
1274369314062102530,negative,0.29761571709333384
1274369315236691968,negative,0.2583396599417602
1274369318227193856,negative,0.02102601543626555
1274369318323716096,negative,0.09140435810288086
1274369318747242496,negative,0.0069996969115986235
1274369318755667970,negative,0.048768142594289826
1274369318805962753,negative,0.01835193527405093
1274369318961254400,negative,0.025993134563636704
1274369319426822144,neutral,0.6209553242703966
1274369319946911744,negative,0.00247334345657811
1274369320102002691,negative,8.778930433206487e-06
1274369321993744384,negative,0.029590128820161345
1274369322174070784,negative,0.14191710067016608
1274369322396332032,negative,0.04574489815077878
1274369322459238401,negative,2.787297328760927e-09
1274369323126177792,positive,0.880977722113856
1274369323444953088,negative,0.22056390803002654
1274369323470110720,negative,0.29761571709333384
1274369323646226433,negative,0.01891516443028672
1274369323834933251,negative,0.03275645269294954
1274369323918929928,neutral,0.5212084554669985
1274369326758404096,positive,0.9990931471006342
1274369326875885570,negative,0.002867380513848342
1274369326959808512,negative,0.11733166319877615
1274369327291138050,negative,0.049250627308759086
1274369327303725062,negative,0.0005685813037834473
1274369327471394817,negative,0.01531891885728109
1274369327484018689,negative,0.00014459406381251767
1274369327777669120,negative,6.550935448390325e-06
1274369327895117826,negative,2.302795190376347e-05
1274369328276803584,negative,0.004843091236173927
1274369330440962050,positive,0.6792494575444393
1274369331275710464,negative,4.319194916105919e-06
1274369331380596737,negative,0.005636141421678076
1274369331443445761,negative,0.07497649312971359
1274369331493732352,negative,0.011655287835955487
1274369331523182592,negative,0.0035962756753096375
1274369331749629952,negative,0.02368563390956051
1274369331921670145,negative,0.00021020526819592297
1274369332362043393,negative,3.5137433148044015e-07
1274369332802355201,negative,0.04868413656103167
1274369334475923458,negative,0.00014720039733041293
1274369334979198980,neutral,0.34863575873693914
1274369335352532992,negative,0.015063038548651141
1274369335579095046,negative,0.13172800381638772
1274369335813910529,negative,2.378311567475311e-08
1274369336392769537,negative,0.1484692067977948
1274369336426344450,neutral,0.5734576952979002
1274369336933744641,negative,5.25933231523432e-06
1274369338800328704,negative,0.3034924334421067
1274369338846388225,negative,4.547475594547499e-07
1274369339253297152,negative,0.13656221522950338
1274369339395899392,neutral,0.5730789202541626
1274369339626586112,negative,0.05670946645000067
1274369339953762304,negative,0.20004867543463434
1274369340276695043,negative,1.1433334327179835e-06
1274369340989718532,negative,0.012940950473228185
1274369341400780802,negative,0.08575467508938993
1274369341434351617,negative,4.332385334113046e-09
1274369343569133569,negative,0.02102601543626555
1274369343690878976,negative,0.04574489815077878
1274369344470953986,negative,0.006501171642686924
1274369344735240192,negative,4.75599700196863e-14
1274369344760397824,neutral,0.4527438818270552
1274369344844128256,negative,0.13949552936821852
1274369347352436743,negative,0.03528273347480837
1274369347432005632,positive,0.8286012028805883
1274369347448786946,negative,0.05152023420673644
1274369348384231425,negative,0.027654666300688958
1274369348480765960,negative,0.29761571709333384
1274369349088919552,negative,4.314914424426699e-06
1274369351387357185,negative,2.2607703055852016e-05
1274369351542550528,negative,1.6949446026536412e-06
1274369351630585856,negative,5.686518028202719e-06
1274369351681015812,negative,0.0092744064496032
1274369351773192192,negative,5.964054242318761e-11
1274369352230408192,negative,0.0027502689082511246
1274369352238841862,negative,0.16692430578878073
1274369352872202240,negative,0.00025995428544422664
1274369353295761409,negative,0.1390265467934409
1274369353354547213,negative,0.018621091952989277
1274369356290576390,negative,0.014019548500501881
1274369356298891267,neutral,0.5159436667231726
1274369356563124229,negative,1.0707508760226773e-06
1274369357242667011,negative,0.0011215207366607506
1274369357351616514,negative,2.302795190376347e-05
1274369357435604994,negative,0.02460594107704766
1274369357448167424,neutral,0.37426873505003133
1274369360035905537,negative,0.04952346504882715
1274369360384217090,negative,0.06242241308467077
1274369360430338052,positive,0.8325692871419986
1274369360778452992,negative,2.6483642060587684e-05
1274369361147502592,negative,0.037857798914263684
1274369361223069696,negative,0.04033377851943541
1274369361797623808,negative,0.16862623894327172
1274369362196037633,negative,0.1484692067977948
1274369362498072576,negative,0.00029737758775855
1274369364481974275,neutral,0.5094235975605724
1274369364591030272,negative,0.0021625795954240763
1274369364624642048,negative,1.6300532801452974e-05
1274369364779769858,negative,0.00247334345657811
1274369364985352196,negative,0.000102149435288236
1274369365153112064,negative,0.0002663441015055531
1274369365459296257,negative,0.0092744064496032
1274369365467631617,negative,0.0007699370890113074
1274369365589348353,negative,0.0021205043851629407
1274369365752905728,negative,0.29761571709333384
1274369366029733888,negative,0.0005833353590071568
1274369368944709635,negative,1.157691023603853e-05
1274369369452265473,negative,0.015063038548651141
1274369370408603648,negative,0.012690009512474188
1274369370484064256,negative,0.003401178487566604
1274369372392509440,negative,0.04868413656103167
1274369372405014529,negative,0.00011041280132821613
1274369372505559040,negative,8.123347876440576e-05
1274369372765786112,negative,0.0176715841145828
1274369372904140807,negative,0.009338609828235065
1274369373076103169,neutral,0.49789225920557484
1274369373335990272,negative,0.3121249282832685
1274369374036602881,negative,0.0011171186280900822
1274369374091124740,negative,0.04868413656103167
1274369374095368192,negative,0.014027054642489234
1274369374187597825,negative,1.1071183644491722e-08
1274369374464413696,negative,0.0008972974740231491
1274369377035575297,negative,0.00020235501593032012
1274369377178128390,negative,5.951672941791728e-07
1274369377589133317,neutral,0.5467018084453114
1274369378839072771,negative,0.08010598670960223
1274369379074035714,positive,0.897740620973573
1274369380940492801,negative,0.25416159745075056
1274369381041045509,negative,0.025734172069332085
1274369381166985216,negative,0.20463469895106756
1274369382022631429,negative,1.3237352915171247e-05
1274369382798577664,negative,0.2625982517879942
1274369382815338497,negative,0.022030875783705134
1274369383528140800,negative,0.0004190218512705558
1274369383641595907,negative,0.09102283953964822
1274369384077766656,negative,0.00012655821123306118
1274369384983736328,negative,0.013668463977399807
1274369385470328832,negative,0.02102601543626555
1274369385654677506,negative,0.03449094713375513
1274369386082635778,neutral,0.33995178479368615
1274369386644635649,negative,0.04153678552370668
1274369386711789570,negative,0.028655484559438896
1274369386921549827,negative,0.024727151563061607
1274369386934087680,negative,1.7097100433766843e-14
1274369387244457986,negative,0.0038332517021677833
1274369389417005056,negative,0.000511164106844158
1274369389526122496,negative,0.05592593259625326
1274369389639467008,negative,3.594514495542417e-06
1274369390193135617,negative,0.07327654202549114
1274369390801293316,negative,8.72965302300608e-05
1274369390872576003,negative,0.004843091236173927
1274369390943899648,negative,0.0036236781898918466
1274369391124271105,negative,0.0008495595372482709
1274369391497490433,negative,4.744521918906236e-08
1274369391543672835,neutral,0.351510250898707
1274369391602225152,negative,0.004843091236173927
1274369394672631810,negative,0.04868413656103167
1274369394844618752,negative,0.0052490569129828146
1274369395062693890,negative,0.01977223250681338
1274369395062706176,negative,0.09140435810288086
1274369395104649218,negative,1.1071183644491722e-08
1274369395243061248,negative,0.2174973461856681
1274369395549069313,negative,0.01590306801705215
1274369395826049024,negative,2.2607703055852016e-05
1274369398372028416,negative,0.18899300299492
1274369398686527490,negative,0.007977770830218257
1274369398988582913,negative,1.1071183644491722e-08
1274369399290359808,negative,6.972439865033379e-07
1274369399378579457,negative,0.028482583269071975
1274369399546404864,negative,0.11117565911525105
1274369399940579330,negative,0.2417208868741504
1274369400083275777,negative,0.07917874728064465
1274369401744023555,negative,5.25933231523432e-06
1274369402344013824,negative,0.15922624373425048
1274369402620780547,negative,2.931279538235397e-06
1274369402922827777,negative,1.7240898212433143e-05
1274369403233206272,negative,8.778930433206487e-06
1274369403862364161,negative,0.11958186505340558
1274369403992387584,negative,0.000495371815490899
1274369405078700032,negative,0.01140068344308785
1274369406605430784,negative,0.0005200597722822425
1274369406685118466,negative,1.157691023603853e-05
1274369406689304577,negative,0.0005500612242291591
1274369407918190593,negative,5.640950985692981e-07
1274369408002134016,negative,0.14918412629855557
1274369408371130368,negative,0.07357273963051428
1274369408392200193,negative,0.2527519651762901
1274369408769691649,negative,0.04868413656103167
1274369410359275520,negative,0.0003504551495849291
1274369410665525248,negative,0.04868413656103167
1274369410703282178,positive,0.6608855474511441
1274369410791354369,negative,0.0021625795954240763
1274369410988417024,neutral,0.46598398918449585
1274369411013640192,negative,0.003420226946203081
1274369411277819905,negative,2.6900207028577936e-05
1274369411508559879,negative,0.007977770830218257
1274369411718283267,negative,0.1466064140352939
1274369411877679107,negative,0.15941778271925092
1274369412057968640,negative,0.004843091236173927
1274369413253345283,negative,0.028040805411430187
1274369414394191873,positive,0.9468031451783246
1274369414851371011,negative,0.002010727343126899
1274369415262490624,negative,0.0032840455103954687
1274369415413407744,negative,0.008481948445401741
1274369415577026560,negative,0.08613284056312336
1274369416658956289,neutral,0.3794095594708052
1274369418550804480,negative,0.1533953157732254
1274369418555019268,positive,0.8964390005712619
1274369418676654085,negative,0.230931377316246
1274369419276320769,positive,0.9789770414958874
1274369419448213504,negative,0.29761571709333384
1274369420035526656,neutral,0.43775766252172876
1274369420144640002,negative,0.04438177349714493
1274369420169789440,neutral,0.4605299479278937
1274369420304027650,negative,0.04868413656103167
1274369420308000768,negative,1.612600296105982e-07
1274369420345966593,neutral,0.6180804788582868
1274369420467621889,negative,0.06117166044681325
1274369422971613184,negative,0.21641814439729049
1274369423172927488,negative,0.05284178532323299
1274369423307083778,negative,0.2548526460067614
1274369423722213376,negative,0.00025995428544422664
1274369423726587905,neutral,0.49789225920557484
1274369423986561025,negative,0.05592593259625326
1274369424020078595,negative,0.0008369446930120902
1274369424246616064,negative,0.1538395079979536
1274369424372482053,negative,0.01024459341701663
1274369424414433286,negative,3.3151610001705632e-06
1274369426951995393,positive,0.897740620973573
1274369426989686786,negative,1.1665499609869188e-14
1274369428218695687,negative,0.033074405927606784
1274369428361302018,negative,4.3711754382037125e-09
1274369428529045505,negative,0.011448849023057617
1274369428851957761,negative,3.3867336363420935e-12
1274369429183356928,negative,1.1257989752191355e-06
1274369430823321600,negative,1.0707508760226773e-06
1274369431137849344,neutral,0.33941070920057254
1274369431326449664,neutral,0.5734576952979002
1274369431448293377,negative,0.015239833593326148
1274369432266190848,negative,8.478843683039755e-05
1274369432379416577,negative,0.013129236005788112
1274369432417165312,negative,0.10288647537951981
1274369432559779840,negative,0.0007206278447072315
1274369432656150528,negative,0.0011215207366607506
1274369432693981184,negative,4.0835222694702114e-05
1274369432702390278,negative,0.003061894486940437
1274369432761110528,negative,8.757684413182992e-05
1274369433184673801,negative,0.00025995428544422664
1274369433633464323,negative,0.05250382181698612
1274369435474825217,negative,0.09803683809490601
1274369435596468229,negative,2.787297328760927e-09
1274369435965493253,negative,2.410683353893673e-16
1274369436032667655,negative,0.00989402151345549
1274369436783382529,negative,0.00046644295062475114
1274369437093724161,negative,0.0023763880365369615
1274369439568363522,negative,0.12386142670939423
1274369439862001667,negative,0.0018019543210365746
1274369440331808773,positive,0.7185779533424462
1274369440495394819,negative,0.18097169728096155
1274369440814190598,negative,0.10497582940804913
1274369440969363457,positive,0.9999357238639874
1274369443796258816,negative,0.23194151800205712
1274369443825664000,neutral,0.4564578472590881
1274369444081553410,neutral,0.43200870435780364
1274369444299628550,negative,0.013876134307296083
1274369444593258499,neutral,0.49789225920557484
1274369444731633665,negative,0.0011215207366607506
1274369444811284480,negative,0.06284901081162443
1274369445205626882,negative,0.004753625520955285
1274369445281046531,positive,0.6787615163042595
1274369447780929536,negative,0.0803497321273888
1274369447831076864,negative,0.2181245785185707
1274369447931805696,negative,0.02038695306289285
1274369448150007809,negative,0.00011769015856983588
1274369448158380034,negative,0.07509577442231544
1274369448334499840,positive,0.897740620973573
1274369448489758720,negative,0.05592593259625326
1274369448519045120,negative,0.011454673208273761
1274369448552644611,negative,7.617287949230833e-06
1274369449395654656,negative,0.3107130792550008
1274369449555038223,negative,0.04158678169541981
1274369449676677121,negative,0.05828189445446495
1274369449810935809,negative,0.04868413656103167
1274369452268761089,negative,0.14868693829700008
1274369452574998530,negative,0.0008369446930120902
1274369452625154048,negative,0.09965753329704123
1274369453485064198,negative,0.015548998880221356
1274369453816459265,negative,0.22091043472371724
1274369454005157891,neutral,0.49789225920557484
1274369456806952960,negative,0.010053813544673882
1274369456911900673,negative,2.5556687956857762e-05
1274369457138405376,negative,0.018191370886849637
1274369457436139520,negative,0.00021185429410225195
1274369457574547456,negative,0.05760449214329574
1274369457616494596,negative,0.0025244154240155283
1274369457809502210,neutral,0.46598398918449585
1274369458501554181,negative,0.32886548260954357
1274369458589532160,negative,0.015977674023607547
1274369460644851713,negative,0.03226621030036413
1274369461034921985,negative,0.018191370886849637
1274369461236219913,negative,0.15981380131195475
1274369461559181316,negative,0.00021020526819592297
1274369462012186624,negative,0.00013102301194915973
1274369462146392064,negative,0.011272536917840525
1274369462494363648,negative,0.275958358184994
1274369465216634880,negative,3.503909455894795e-05
1274369465556316166,neutral,0.449727731624377
1274369466122539008,negative,0.0010368153683389815
1274369466613272578,negative,0.0014385367453438058
1274369466835578882,negative,0.0038332517021677833
1274369469083799553,negative,4.817275391083577e-05
1274369469167529986,negative,0.0008495595372482709
1274369469192773640,negative,0.0009177032978133025
1274369470417342464,negative,0.009613314012305979
1274369470501466112,negative,0.2799852519493358
1274369470656589825,negative,2.2935393771241562e-05
1274369470665035785,negative,0.01140068344308785
1274369473051574284,negative,2.787297328760927e-09
1274369473332551681,neutral,0.49789225920557484
1274369473496207360,negative,0.0026566058615573205
1274369473949114368,negative,0.22820882362804987
1274369474230210560,negative,0.02201085893018373
1274369474469203971,negative,0.0011171186280900822
1274369474607669248,neutral,0.46598398918449585
1274369474888679434,negative,0.0028326793561230194
1274369475173892098,neutral,0.46598398918449585
1274369475446542336,negative,5.686518028202719e-06
1274369476226691078,negative,0.005784970917732943
1274369477283643394,negative,0.04868413656103167
1274369477292036102,negative,0.29830523670259745
1274369477455630337,negative,2.934340412437356e-09
1274369477950480386,negative,0.04868413656103167
1274369478290276352,negative,1.2134113603519755e-07
1274369478369951744,negative,0.040760040699877334
1274369478411857920,negative,0.003401178487566604
1274369479145897984,negative,0.02102601543626555
1274369481515638794,negative,0.07793257195610748
1274369481536659457,negative,0.00021020526819592297
1274369481545056257,negative,0.00014459406381251767
1274369481687646208,negative,4.76059917750174e-07
1274369481855377414,neutral,0.44086945805243716
1274369481918296064,negative,0.0007699370890113074
1274369482354458624,negative,0.15022718707415733
1274369482589376513,positive,0.7122333461746265
1274369486464987136,negative,0.0006727136821457794
1274369486498430976,negative,2.157501869518265e-05
1274369486649389056,neutral,0.42507619662732005
1274369486649507843,negative,3.02010886475358e-07
1274369486741741582,negative,0.0011941150031899927
1274369486884347904,negative,0.06185504793359832
1274369487060467713,negative,0.012099147300460248
1274369487320551426,negative,0.04868413656103167
1274369487396122624,negative,0.0012261576969820412
1274369490046894080,negative,0.17981282980503863
1274369490109767682,negative,0.004125811062725056
1274369490340511745,negative,0.00019110778156685609
1274369490378264576,negative,0.0008784771921018535
1274369490445381634,negative,0.04868413656103167
1274369490986426370,negative,4.7307100147131886e-05
1274369491087081472,neutral,0.4687743928819027
1274369491183505408,negative,0.1826650518364943
1274369491280056321,negative,5.686518028202719e-06
1274369491409997824,negative,0.0001913637647763506
1274369494123773955,negative,1.8503301763540592e-06
1274369494534762496,negative,0.00014459406381251767
1274369495252054017,negative,0.04868413656103167
1274369496254480384,negative,0.00026416327448907056
1274369498376798208,negative,0.18097169728096155
1274369499186241536,negative,0.057414559448511496
1274369499228188675,negative,1.0707508760226773e-06
1274369499257585664,neutral,0.43582513087315683
1274369499299557376,negative,2.229797367599522e-05
1274369499354075138,negative,4.35219717926648e-06
1274369499727364099,negative,0.23660752327790813
1274369499731578881,negative,0.00517989528748498
1274369499999895554,negative,0.0031504476904273783
1274369500192935939,neutral,0.46598398918449585
1274369502470238208,negative,0.07754611253297246
1274369502784958465,negative,1.9027470190114964e-05
1274369503212666880,negative,0.04033892592532542
1274369503238000642,negative,0.03267129029043429
1274369503372161027,negative,0.0004310358923852463
1274369503510630401,negative,9.782089804679564e-13
1274369507281207297,negative,2.613866642996929e-06
1274369507532902402,negative,0.001616511283051386
1274369507969114113,negative,7.501803275877221e-06
1274369508661252097,negative,0.00029737758775855
1274369508766109697,negative,0.017981470522138703
1274369508929568769,negative,0.04868413656103167
1274369509147762693,negative,1.9684284881358229e-10
1274369510846365696,negative,0.01140068344308785
1274369511274295296,negative,0.006532227782683532
1274369511299395589,negative,0.004074300433659192
1274369511622356992,negative,0.005289110197580681
1274369511672725504,negative,0.00041777378634683544
1274369511685271560,negative,0.004843091236173927
1274369512796819456,negative,3.152855152215035e-05
1274369513094557696,negative,0.05760449214329574
1274369515246108674,negative,0.001616511283051386
1274369515250495488,negative,0.0007657789029331175
1274369515346894848,negative,0.006626558030106148
1274369515682439168,negative,0.24151054019797136
1274369515737026560,neutral,0.46127768308170247
1274369516131233794,positive,0.8496851250550661
1274369516651323392,neutral,0.43909971042608986
1274369517108502532,negative,0.009355143965602277
1274369519197335552,negative,0.004843091236173927
1274369519482535939,positive,0.8286012028805883
1274369519570452481,negative,7.051012959179289e-07
1274369519583211521,negative,8.123347876440576e-05
1274369519767572480,negative,0.09786652277762876
1274369520250036227,negative,0.20272754979433355
1274369520476450816,negative,0.0021999047793488007
1274369520505774082,negative,0.003065677059359148
1274369520547909633,negative,0.006904518020462597
1274369520610705409,negative,0.13949552936821852
1274369520652685320,negative,4.817275391083577e-05
1274369520656887808,negative,0.18607732132342025
1274369520686292993,negative,8.092587441903985e-07
1274369521197907971,negative,0.0005685813037834473
1274369523328655362,negative,0.32622767430591754
1274369523408396291,negative,0.08564514167880492
1274369523546816512,negative,0.275958358184994
1274369523697750016,negative,0.11162762197975168
1274369523756531713,negative,0.00014679979244155267
1274369523991396359,negative,0.004427865377390981
1274369524335288320,negative,0.00019352768505433664
1274369524914151428,negative,0.004334202370411595
1274369524964503552,negative,0.0002970807987873959
1274369525509771264,negative,0.018191370886849637
1274369527351042049,negative,0.001084644014956686
1274369527527215104,negative,0.0004405253644367079
1274369527875350538,negative,0.00021020526819592297
1274369528240254976,negative,4.7307100147131886e-05
1274369529003438086,negative,0.07435016312101904
1274369529213263872,negative,0.002871261416241973
1274369529263448065,negative,0.21342207784262418
1274369529536229379,negative,0.00029737758775855
1274369529771167745,negative,0.15922624373425048
1274369532099022851,negative,0.08917284233375622
1274369533101223936,negative,3.9624567252930095e-09
1274369533151784962,negative,2.302795190376347e-05
1274369533172690945,negative,0.05603558800133637
1274369533407408129,negative,1.1071183644491722e-08
1274369533827076096,negative,8.123347876440576e-05
1274369534074511360,negative,0.00014459406381251767
1274369536020623360,negative,0.006969618874245236
1274369536138129416,negative,0.2458713402482392
1274369536146341889,negative,0.003401178487566604
1274369536364613634,negative,0.20239329743009857
1274369537497063429,neutral,0.6020347380261928
1274369537534820356,negative,0.004843091236173927
1274369537601830912,negative,0.02201085893018373
1274369537740345345,negative,0.0043765745462335985
1274369538025558016,negative,0.01024459341701663
1274369540558856197,neutral,0.4976520693942797
1274369540659515392,negative,0.00014459406381251767
1274369540667830272,negative,0.08023930523735376
1274369541418684417,negative,0.15928799280852105
1274369541867438080,negative,0.24151054019797136
1274369542001745921,negative,0.0014586635585944754
1274369542022729729,negative,2.5425044683366993e-05
1274369542379188224,negative,4.363257631511972e-05
1274369542500868096,negative,0.0020365961420647036
1274369544451211266,negative,0.0008784771921018535
1274369545105522688,negative,9.530746765444122e-06
1274369545541685249,negative,3.688900427811356e-07
1274369545780826113,negative,2.2607703055852016e-05
1274369545986355201,negative,0.003943771983762746
1274369548494528513,negative,0.023732173558476437
1274369548670636037,negative,0.013868832986484754
1274369548720975875,negative,0.00013039096161282133
1274369548918063105,negative,0.00010472126609286544
1274369548955914240,negative,4.633640968126435e-06
1274369549022814208,negative,0.268759511478412
1274369549182349313,neutral,0.42222778552858603
1274369550218379264,negative,0.02545445313493427
1274369553229688832,negative,0.004843091236173927
1274369553498353668,negative,4.519250133325138e-10
1274369553624117258,negative,0.00247334345657811
1274369554202767361,negative,0.21921412548362115
1274369554437877762,negative,0.044312093358204685
1274369554630705155,negative,0.21255805558146415
1274369556975366144,negative,0.06696094073153362
1274369556987985920,negative,0.004125811062725056
1274369557012996101,negative,2.249170764154248e-05
1274369557046726657,negative,0.004843091236173927
1274369557122158593,negative,1.7556442011694256e-09
1274369557243793413,negative,0.003858229204961211
1274369557755498496,negative,1.169162967790251e-06
1274369559013863425,negative,0.15259640888133033
1274369559206727680,negative,0.0011215207366607506
1274369561513594880,negative,2.0891671413584022e-05
1274369561576472578,negative,0.1376017373093341
1274369561668792320,negative,0.13949552936821852
1274369562251796480,negative,0.1570060485645637
1274369562465705984,negative,0.13769728129550618
1274369562734145546,negative,0.00023240511781978437
1274369562922942466,negative,0.02102601543626555
1274369562922962947,negative,0.29761571709333384
1274369565376622594,negative,0.09965753329704123
1274369565414371329,negative,0.017877157191662534
1274369565464629249,negative,1.1071183644491722e-08
1274369565540208642,negative,7.75257430724357e-08
1274369565808623616,positive,0.6843498287923502
1274369565833572353,negative,8.123347876440576e-05
1274369565905084420,negative,0.0021625795954240763
1274369566190206979,negative,0.0008495595372482709
1274369566282592257,negative,0.00014459406381251767
1274369566576185346,negative,0.006847341691491209
1274369566676865025,negative,0.3126208376320905
1274369566735339520,negative,5.8523735622645516e-05
1274369566777409536,positive,0.8461242044886299
1274369567456931840,negative,0.1722760117783033
1274369568010579971,negative,0.018191370886849637
1274369568086122497,negative,2.5387323369938468e-08
1274369569403125764,neutral,0.3517399834820127
1274369569424052224,negative,0.028930418441322908
1274369569709162504,negative,0.0011215207366607506
1274369570581741571,negative,0.014288541886418156
1274369571093450753,negative,2.6737659445654676e-06
1274369571290578946,negative,0.012690009512474188
1274369571940687873,negative,0.0002110315693957802
1274369572104216576,negative,0.11480905844039953
1274369572125184000,negative,0.275958358184994
1274369573941379080,neutral,0.49789225920557484
1274369573987348480,negative,0.013064934279714013
1274369574079791111,negative,0.0025244154240155283
1274369574092320769,negative,0.004843091236173927
1274369574255747080,negative,0.3184289366574758
1274369574339850241,negative,0.1736593650197064
1274369574868320258,negative,0.0008495595372482709
1274369575438757893,negative,0.0021625795954240763
1274369575744913408,negative,0.04227461152881424
1274369577586167808,neutral,0.5307578289516687
1274369577812725765,negative,0.2594039155021363
1274369577909194753,negative,0.11531206543918708
1274369579188445184,negative,0.01024459341701663
1274369579200937992,negative,0.0009177032978133025
1274369579674992642,negative,6.355549668749131e-15
1274369582158032896,negative,0.00045495496434337
1274369582250299392,negative,5.25933231523432e-06
1274369582434783232,negative,0.07535815399639806
1274369582871064576,negative,1.0183969639767422e-06
1274369583013662720,negative,2.2607703055852016e-05
1274369583034613760,negative,0.0011215207366607506
1274369583223377921,negative,1.0707508760226773e-06
1274369583227506689,neutral,0.39439463283712184
1274369583445573634,negative,0.17159012620583838
1274369583475032064,negative,0.004843091236173927
1274369583789506560,negative,0.16238354240856034
1274369584217436163,negative,0.2541875905354673
1274369586750578688,neutral,0.49789225920557484
1274369586792665088,negative,0.000495371815490899
1274369587002433539,negative,0.1411182958578392
1274369587082137601,negative,0.02201085893018373
1274369587132465153,negative,5.692839550525292e-09
1274369587325415430,negative,0.004938674539753881
1274369587400843266,neutral,0.49789225920557484
1274369587501510656,neutral,0.5112526064611215
1274369587593842688,negative,0.21479597331756486
1274369588063621124,negative,0.2799852519493358
1274369588101287938,negative,0.057400683525233406
1274369588197838848,negative,5.794269556413159e-09
1274369588294287362,negative,0.21921412548362115
1274369590844424192,negative,0.00247334345657811
1274369591138009089,negative,0.1818780131674533
1274369591356112899,negative,1.3246941185954654e-05
1274369591402041344,negative,0.02102601543626555
1274369591549067270,negative,0.11756262194119835
1274369592111104006,negative,0.0008784771921018535
1274369592492769286,negative,0.009338609828235065
1274369592538935299,negative,5.730015103241173e-12
1274369592723464193,negative,1.2301885596849096e-06
1274369594703130635,negative,0.03229262486045061
1274369594946473990,negative,0.019966272016844998
1274369595097468929,negative,0.0011097913180882451
1274369595126751233,negative,0.007628685414413218
1274369595592376322,negative,8.443564912871401e-05
1274369595760095232,negative,0.0008369446930120902
1274369595873415169,negative,0.0159266946396319
1274369596116664322,negative,0.005402909033626645
1274369596200562688,negative,0.007216100772828789
1274369596426985472,negative,0.007628685414413218
1274369596770918401,negative,2.00273388076752e-06
1274369596921872386,negative,0.005402909033626645
1274369597060321280,negative,0.0029692755818271042
1274369598922653696,positive,0.897740620973573
1274369599149047808,negative,0.003599878266635636
1274369599463731200,negative,2.9450843209918322e-05
1274369599761518595,negative,0.00014459406381251767
1274369600520687621,negative,0.0021625795954240763
1274369601808326656,negative,9.3912876703934e-06
1274369602269728769,negative,0.07497649312971359
1274369603100164096,negative,0.11392420449287459
1274369603251187712,negative,0.023732173558476437
1274369603335065601,negative,7.410924865087516e-06
1274369604048031744,negative,1.2949305673238172e-12
1274369604220002307,negative,0.15735347160600188
1274369605016969216,positive,0.9562051614027789
1274369607281905665,negative,0.013897285365239872
1274369607315439617,neutral,0.4651393277730153
1274369607852265475,negative,0.2914994919326184
1274369608074608640,negative,0.000611726022496406
1274369608103976960,negative,0.08023930523735376
1274369609139978240,negative,0.015548998880221356
1274369609144156161,neutral,0.3678815338255579
1274369609689444353,negative,0.1484692067977948
1274369611635593216,neutral,0.3869592455281281
1274369611786530824,positive,0.8152143840408576
1274369611908157440,negative,0.00014459406381251767
1274369612092600321,negative,0.09965753329704123
1274369612206006272,negative,0.00028904442522545827
1274369612730126337,negative,0.03316898602999152
1274369613413957632,neutral,0.42222778552858603
1274369615372705794,negative,3.304357175342797e-08
1274369615972491267,negative,2.8656526328885995e-06
1274369616081543168,negative,0.2820386637943614
1274369616547123200,negative,0.04011713880147956
1274369616828080131,positive,0.686055606454
1274369617046261763,negative,0.11383679028406138
1274369617075613698,positive,0.897740620973573
1274369617302036480,negative,0.0004467296520135169
1274369617310466049,negative,2.229797367599522e-05
1274369619801890822,neutral,0.5844952997138847
1274369620359684097,negative,0.0023531686378905968
1274369620636504066,negative,3.84417744425249e-06
1274369620921769984,negative,0.2654417857709204
1274369621039239168,neutral,0.4937242027389161
1274369621043359745,neutral,0.4670100671583925
1274369621345198082,negative,0.06165754082058328
1274369621458468866,negative,0.017681687660885063
1274369621513113600,positive,0.999995314349398
1274369622112862208,negative,0.07509577442231544
1274369624059019267,neutral,0.37874993579954885
1274369624067526659,negative,0.0033120343898480897
1274369624390414342,negative,0.13949552936821852
1274369624503717888,negative,0.00264557325542983
1274369624650457088,negative,0.0008495595372482709
1274369625073934343,negative,0.29761571709333384
1274369625237659648,negative,1.5890152668448472e-08
1274369625397092357,neutral,0.5273593448004595
1274369626152013826,negative,0.02777063587028298
1274369626718244866,negative,0.00039603120118339544
1274369627070529537,negative,0.13685236380077934
1274369627968221184,negative,0.00011890928773851027
1274369628592984064,negative,0.09988079043538062
1274369628622520323,negative,0.018220451514098804
1274369629046165505,negative,1.5467591926153996e-05
1274369629251604480,negative,0.1484692067977948
1274369629301936129,positive,0.8286012028805883
1274369629775892480,neutral,0.3693150589683087
1274369629784342529,negative,6.184559815129199e-06
1274369629864046594,negative,0.01024459341701663
1274369634175778818,negative,0.0022058789219303455
1274369634205081600,negative,0.08919285682835637
1274369634456780801,negative,0.025809170850541976
1274369634511261696,negative,0.00247334345657811
1274369634569986049,negative,0.003401178487566604
1274369636725858304,negative,0.08917284233375622
1274369636902088706,negative,1.0723611409663791e-11
1274369636910366723,negative,0.00021141921140676293
1274369637719912448,negative,0.0017417245109471269
1274369638235856908,negative,0.08917284233375622
1274369638319734785,negative,0.12555459183764647
1274369638542049280,negative,0.033074405927606784
1274369638655279104,negative,0.02460594107704766
1274369638663704576,negative,0.015408522374084325
1274369639175335936,negative,9.24272603790932e-12
1274369639318016001,positive,0.8286012028805883
1274369640916045826,negative,0.09786652277762876
1274369641863942145,negative,0.009719415015232533
1274369642589544449,negative,0.001616511283051386
1274369642614546432,negative,0.15038004489501922
1274369642631397379,negative,0.0003477668007126745
1274369643042537474,negative,0.04868413656103167
1274369643105435654,negative,0.06345129168771348
1274369643180785664,negative,0.0011215207366607506
1274369644959338496,negative,0.04868413656103167
1274369645999521792,negative,2.951343780503577e-07
1274369646037172224,negative,8.875547998667753e-07
1274369646116966401,negative,0.0003774419730675755
1274369646360236033,negative,0.0031401592876889543
1274369646569746432,negative,0.13949552936821852
1274369649250091009,negative,0.00038243200376656105
1274369649484926977,negative,0.01140068344308785
1274369650298621956,negative,0.08010598670960223
1274369650441310209,negative,0.0009177032978133025
1274369650499948547,negative,0.0011215207366607506
1274369650709737472,positive,0.897740620973573
1274369653855473664,neutral,0.37426873505003133
1274369653893201920,negative,0.02738764886718594
1274369654383837184,negative,0.0016587560108355021
1274369654484541442,positive,0.7354636816357002
1274369654933327873,negative,0.0002619169659521643
1274369655382011905,negative,0.29761571709333384
1274369656082403328,negative,0.004843091236173927
1274369657655287809,negative,0.003065677059359148
1274369657680601088,negative,0.004427865377390981
1274369657718345733,negative,0.2417208868741504
1274369657789722624,negative,0.0005685813037834473
1274369658485903360,neutral,0.37109909613651043
1274369658657873921,neutral,0.46127768308170247
1274369659161268224,negative,0.18097169728096155
1274369659706490880,negative,2.0803474011106717e-10
1274369659777830914,negative,0.001102310072806244
1274369659782008832,negative,6.550935448390325e-06
1274369660516012032,negative,0.17085650338555278
1274369661019267072,negative,1.8320258468299641e-06
1274369661510057984,negative,1.0707508760226773e-06
1274369663661735938,negative,0.062019278876814174
1274369664177582080,negative,0.0414022426497265
1274369666031517696,negative,0.0017394303038687096
1274369666165739521,negative,0.0008369446930120902
1274369666178322432,negative,0.0011215207366607506
1274369666350227459,negative,0.08917284233375622
1274369666425782277,negative,0.0008495595372482709
1274369666467717123,negative,0.22082230916661
1274369666484494336,negative,0.27472153398783433
1274369666748747782,negative,0.14414384638931693
1274369667361103874,negative,0.003766360610617618
1274369670708150278,positive,0.6656028571603242
1274369671052001281,negative,0.007977770830218257
1274369671320535042,negative,0.05284178532323299
1274369671643439104,negative,0.08023930523735376
1274369672171999233,negative,0.016067743506984627
1274369674373935105,negative,8.72965302300608e-05
1274369674411560961,negative,7.137049761924705e-05
1274369674504032256,positive,0.6754583686653767
1274369675577737216,negative,3.1685735423727872e-06
1274369675825229830,negative,0.0018153409973280076
1274369676315934720,negative,0.04868413656103167
1274369676437577729,negative,0.04868413656103167
1274369678274703364,negative,4.694349868442022e-06
1274369678861795328,negative,0.17061643707527946
1274369679117647874,negative,0.2897207918155794
1274369679356616704,positive,0.9999951220320711
1274369679667191810,negative,0.023732173558476437
1274369679830798338,negative,0.023068034179445245
1274369679948165120,negative,0.0024708133006010875
1274369680040292354,negative,0.18949964065933536
1274369680086650881,negative,0.004627473567154303
1274369680187305986,neutral,0.5880141113245404
1274369680195674112,negative,0.07435016312101904
1274369680296345612,negative,0.020234743285630477
1274369680355065857,negative,0.0003391657882690361
1274369680610856960,negative,0.13656221522950338
1274369680824729602,negative,0.008664967198059386
1274369682628370434,positive,0.9877766153277199
1274369682859065344,negative,0.0008495595372482709
1274369683613978625,negative,0.18097169728096155
1274369684029218817,neutral,0.5464423174801689
1274369684339654659,negative,0.0008784771921018535
1274369684343832581,neutral,0.35577744981471515
1274369684352249864,negative,3.372843911657572e-11
1274369684360462337,negative,0.0024740059679748986
1274369684662452224,negative,0.14045629118108993
1274369684759031809,negative,0.0008495595372482709
1274369686919172096,negative,0.00014459406381251767
1274369687154024449,negative,5.295128696400301e-06
1274369687200153602,negative,9.782089804679564e-13
1274369687422332928,negative,0.05603558800133637
1274369687627890689,negative,0.0005685813037834473
1274369687636316160,negative,0.32487682076984686
1274369687665729538,negative,0.00014459406381251767
1274369687783170048,negative,0.0009474917430883157
1274369688643002368,negative,0.21285288727602453
1274369688991076352,positive,0.763492726677842
1274369689049800707,neutral,0.49789225920557484
1274369689108570114,negative,0.01024459341701663
1274369689330823170,neutral,0.49789225920557484
1274369689414537217,negative,0.003065677059359148
1274369689452515328,negative,0.015548998880221356
1274369689662165003,negative,0.004427865377390981
1274369691230834689,neutral,0.393291374208476
1274369691276980227,neutral,0.5112526064611215
1274369691348336640,negative,0.17423275705894062
1274369691574730753,neutral,0.4527438818270552
1274369691797028864,positive,0.9957195088473234
1274369691956510720,negative,0.2037813988775199
1274369692031954944,negative,0.031242999533666875
1274369692254126080,negative,0.15814241701701626
1274369692740784134,negative,0.0011215207366607506
1274369692963155973,negative,5.754614115846647e-05
1274369693009227776,negative,0.07174002350204714
1274369695534243840,negative,1.6524765217156766e-05
1274369695991230464,negative,0.001616511283051386
1274369696138133504,negative,0.016610386095988777
1274369696343736321,negative,0.003401178487566604
1274369696373112834,neutral,0.5307355819608591
1274369696817709056,positive,0.8286012028805883
1274369696951910401,negative,0.0008369446930120902
1274369699619336193,negative,0.11993547404190603
1274369699653058560,negative,0.02201085893018373
1274369699879452672,negative,0.12871489133867653
1274369700533874691,negative,0.271581968949276
1274369701003563011,negative,0.004845512593524563
1274369701083299840,negative,0.0011215207366607506
1274369701108420610,negative,0.010316527130737304
1274369701326450688,negative,0.19914658069817917
1274369701515231240,negative,0.0004979508926899106
1274369701582422017,negative,3.5888970638467108e-06
1274369704296054784,positive,0.6621097827025797
1274369704535171073,negative,2.1793110512918376e-11
1274369704535175170,negative,0.02745776125974083
1274369704832806913,negative,0.0007410746562037121
1274369705021632512,negative,0.022507835893444218
1274369705575190529,negative,0.00025995428544422664
1274369705604722688,negative,0.04868413656103167
1274369705764163584,neutral,0.37874993579954885
1274369708255588356,negative,0.0021625795954240763
1274369708393762816,negative,0.0234398041922809
1274369708536586252,negative,0.11117565911525105
1274369708595318791,neutral,0.46598398918449585
1274369708612038667,negative,4.045661856198705e-07
1274369708645548033,neutral,0.46127768308170247
1274369708733669377,negative,8.45628272968237e-06
1274369708783894528,neutral,0.49789225920557484
1274369708901400577,neutral,0.5616511143517063
1274369708993794050,negative,0.014309255992588546
1274369709161545728,negative,0.0038332517021677833
1274369712315654144,negative,0.22924625653582065
1274369712932229121,negative,0.06459424613704332
1274369713125109771,neutral,0.5844952997138847
1274369713737433089,negative,0.00014895353579723021
1274369714156982272,negative,0.00014459406381251767
1274369714391842816,negative,0.038237862804343
1274369714760761345,negative,0.271581968949276
1274369716258246656,neutral,0.40819334745054037
1274369716581281792,positive,0.9572347682085854
1274369716862230528,negative,4.011817142771968e-07
1274369717126512640,negative,0.0001328192010410201
1274369718279864321,negative,2.2607703055852016e-05
1274369720586776577,negative,0.0027187559324011678
1274369720645414919,negative,0.001616511283051386
1274369721006161920,negative,2.8656526328885995e-06
1274369721291374592,negative,0.00014459406381251767
1274369721400516610,negative,0.01140068344308785
1274369721786421248,negative,0.0011199818852058363
1274369721853456386,negative,0.0092744064496032
1274369721853456388,negative,0.04981017576672153
1274369721908047880,negative,0.0011215207366607506
1274369722075799554,negative,0.05808685403089276
1274369722360922116,negative,0.29761571709333384
1274369724806246400,negative,0.012690009512474188
1274369725137592320,negative,0.23721361538888627
1274369725624135685,negative,0.13172800381638772
1274369725653487616,negative,0.01121950900635185
1274369726240698370,negative,0.0002400857791051532
1274369726731497474,positive,0.8388456544004359
1274369726932631559,negative,0.07985242255412102
1274369727301849091,negative,0.0021772946379553845
1274369729180733444,negative,0.13058852517893424
1274369729474572289,negative,0.0002564003046390144
1274369729499709444,positive,0.9595673418537176
1274369729537486848,negative,0.007628685414413218
1274369730699317250,negative,0.19512902450161523
1274369730736988161,negative,0.22082230916661
1274369733266194433,negative,0.00063579009076381
1274369733391986688,negative,1.2409124947416077e-05
1274369733626695680,neutral,0.5464423174801689
1274369733966598145,negative,0.11897526471715299
1274369733995958273,negative,0.0008977691867018766
1274369734625185792,negative,0.0002142748871090228
1274369734864261125,negative,7.415391594254964e-07
1274369737401733121,negative,0.04868413656103167
1274369737523429376,negative,0.0020783128915634903
1274369737808543746,negative,0.005402909033626645
1274369738131623938,negative,4.5394733020503117e-07
1274369738198716417,negative,0.10188734314977094
1274369738664300550,negative,7.636318627702226e-05
1274369739045904386,negative,0.0019668149056801107
1274369742359465986,negative,0.004843091236173927
1274369742363598852,negative,0.0008369446930120902
1274369742564884481,negative,0.00014459406381251767
1274369742632034305,negative,0.04868413656103167
1274369743147995142,negative,0.0880993791309468
1274369743546433536,negative,0.007429235469345096
1274369743819091968,negative,0.04868413656103167
1274369743831666689,negative,0.06759530984956301
1274369743844257793,negative,0.0031504476904273783
1274369745895264257,negative,0.006969618874245236
1274369746012700672,negative,0.0012959775829734601
1274369746016915459,negative,0.0635464109351743
1274369746134319104,negative,0.00021141921140676293
1274369747015041026,negative,1.9027470190114964e-05
1274369747677843459,neutral,0.5273593448004595
1274369747812069377,negative,0.04868413656103167
1274369747836997632,negative,0.004843091236173927
1274369748105678848,negative,0.00014459406381251767
1274369748357300226,negative,0.0014385367453438058
1274369748474699779,negative,0.16990735680766014
1274369750412537856,positive,0.763492726677842
1274369750672556040,neutral,0.4389312177134425
1274369751121375232,negative,0.0016292171802166093
1274369751154737153,negative,0.003065677059359148
1274369751259774977,neutral,0.41086073247608174
1274369751570157582,neutral,0.5622225498321364
1274369751687532546,negative,0.0022909897369948386
1274369751821824002,positive,0.8286012028805883
1274369752195006471,neutral,0.5116601014925513
1274369752434003968,negative,0.001616511283051386
1274369754283806723,negative,0.0418804522819808
1274369754548109312,negative,0.05250382181698612
1274369755206627330,neutral,0.5111067556059521
1274369755286142977,negative,5.25933231523432e-06
1274369755353419783,negative,0.2710840258935506
1274369755361742848,negative,1.9027470190114964e-05
1274369758754861057,negative,1.633834269152065e-06
1274369759069470720,negative,0.00015040662091890896
1274369759430262784,negative,0.00014459406381251767
1274369759509983234,negative,0.0006964248028684638
1274369759874699265,negative,0.001288759256281864
1274369759895748609,negative,5.100137459080012e-07
1274369759979753478,negative,0.007977770830218257
1274369759988142080,negative,0.0028779006780079394
1274369762458578944,negative,1.6524765217156766e-05
1274369762538278912,negative,4.864359754624921e-05
1274369764232757251,negative,0.00023124177896916668
1274369764337618946,negative,0.11415875649759713
1274369764723482626,negative,8.72965302300608e-05
1274369766657064962,negative,0.24754484777486255
1274369766942281729,negative,0.004843562756161737
1274369767244206082,negative,0.04868413656103167
1274369767286112256,negative,0.22820882362804987
1274369767957319681,negative,0.0025219167544889907
1274369771350437889,negative,0.2605115912287846
1274369771405037569,negative,0.007765812993251089
1274369772113793028,negative,2.787297328760927e-09
1274369772155789313,negative,0.0010076995120000788
1274369772755521540,negative,4.261605885955372e-11
1274369772881432580,negative,0.0008369446930120902
1274369775221735429,negative,0.019544565461810527
1274369775712579585,negative,1.3182981564050328e-06
1274369775830028290,negative,0.16426013514401136
1274369776148766720,negative,0.21285288727602453
1274369776207495169,negative,0.00014459406381251767
1274369776299790336,negative,0.0011215207366607506
1274369776668872704,negative,0.06274977012263912
1274369776798834689,neutral,0.5112526064611215
1274369777725833217,negative,0.01140068344308785
1274369779198046208,negative,0.00034736950808238133
1274369779457982464,negative,0.001102310072806244
1274369779827179522,negative,0.04868413656103167
1274369780078829573,negative,5.25933231523432e-06
1274369780494077952,negative,0.08877887424258626
1274369780640698369,neutral,0.49789225920557484
1274369780989014018,negative,0.00015780592899662289
1274369781060251648,negative,0.015977674023607547
1274369781228019715,negative,0.016699969447194558
1274369781458702337,negative,0.018191370886849637
1274369781739720704,negative,0.006842655702366206
1274369783950180353,negative,0.02102601543626555
1274369784306688002,negative,0.04868413656103167
1274369784394760192,negative,0.13656221522950338
1274369785111941120,negative,0.2799852519493358
1274369785145548807,negative,0.06138322429851081
1274369785149763589,negative,0.22122416942500223
1274369785489473537,negative,0.01140068344308785
1274369787628486658,negative,0.07259422071654154
1274369788022751234,neutral,0.3925236105510046
1274369788115144705,negative,0.09965753329704123
1274369789046280192,negative,0.04868413656103167
1274369789109166088,negative,8.443564912871401e-05
1274369789155332098,negative,0.0007206278447072315
1274369789205544960,negative,0.11923227575649828
1274369789578928131,negative,0.008865574580796195
1274369791667642368,negative,0.29761571709333384
1274369792036818946,positive,0.8585319019276769
1274369792049319936,negative,0.0001328192010410201
1274369792179306498,negative,0.07416391067742945
1274369792292671491,negative,0.20381068259756174
1274369792347197441,negative,8.72965302300608e-05
1274369792451936257,negative,0.0008369446930120902
1274369793131503616,neutral,0.6254026706279675
1274369793206792193,negative,0.0008784771921018535
1274369793286705152,negative,1.1071183644491722e-08
1274369793349615617,neutral,0.49789225920557484
1274369793383182337,negative,0.0009591094351772719
1274369793668403201,negative,0.00019444614013890517
1274369793928413186,negative,3.302527406724238e-05
1274369793978781696,negative,4.690307006394769e-05
1274369796184956931,negative,0.2523640026577611
1274369797418029058,negative,0.04040299124592955
1274369797673934848,negative,0.05592593259625326
1274369797736796162,negative,0.002117809029372454
1274369797803909120,negative,3.574057429896874e-05
1274369798097367040,positive,0.8585319019276769
1274369798730850307,negative,0.00014459406381251767
1274369800387559430,negative,2.2607703055852016e-05
1274369800505040898,negative,0.22842465546134538
1274369800521867264,negative,0.012690009512474188
1274369800928665604,negative,0.08023930523735376
1274369801046147072,negative,0.04868413656103167
1274369801285222401,negative,0.15168797025023634
1274369801792696323,negative,0.29797611903559484
1274369802195304449,negative,0.008093287401751588
1274369802405064704,negative,0.04868413656103167
1274369802551902208,neutral,0.40819334745054037
1274369804443488256,negative,0.005534244409013859
1274369804724572161,neutral,0.4793555158225398
1274369804833624064,positive,0.897740620973573
1274369804883972096,negative,0.0033120343898480897
1274369805018161153,negative,0.011204502376591506
1274369805059936261,negative,0.19220143425980002
1274369805177499651,negative,0.00041777378634683544
1274369805680816129,positive,0.9999948549081155
1274369805915762697,positive,0.896525654998722
1274369806137884672,neutral,0.49789225920557484
1274369806276259841,negative,0.0028326793561230194
1274369806381142016,negative,1.1071183644491722e-08
1274369806683320322,negative,0.0008495595372482709
1274369808574939136,negative,0.1720767428995029
1274369808709177347,negative,0.05625014761986045
1274369809002762240,negative,0.172233519263126
1274369809036312577,neutral,0.37674592505032867
1274369809157890049,negative,8.31446201226158e-05
1274369809522798594,negative,0.1144112494723962
1274369809581576192,negative,0.005402909033626645
1274369809732567040,negative,0.000896925046536236
1274369810089029632,neutral,0.4592581206141447
1274369810235875333,negative,0.00011847705658878165
1274369810353344512,negative,3.3497803419462495e-07
1274369810688806912,negative,0.0257630610312649
1274369810990850051,negative,0.06242241308467077
1274369811250925570,negative,0.00039049882308698683
1274369813037580288,negative,0.2650546152584906
1274369813293432832,negative,0.3029968537174699
1274369813482258439,negative,0.0003994564339692337
1274369813817757697,negative,0.0011215207366607506
1274369814170152961,negative,0.0703854171079438
1274369814350499840,negative,0.006969618874245236
1274369814669262850,negative,0.02102601543626555
1274369816984522754,negative,0.0001793633597837105
1274369817416523776,negative,0.0008784771921018535
1274369817919852546,negative,0.04868413656103167
1274369817961730048,negative,0.003722503096012636
1274369818205061121,negative,0.0008495595372482709
1274369818657992704,negative,0.0005833353590071568
1274369818968424448,neutral,0.34403107406212
1274369819194916866,neutral,0.44163417844180597
1274369819505299458,negative,0.13859989486425237
1274369821510172673,negative,0.09794803654291011
1274369821526962176,negative,0.08958289300054388
1274369821573099520,positive,0.8167066301350949
1274369822684479488,negative,1.9027470190114964e-05
1274369822965587968,negative,5.286083388214337e-06
1274369823024336897,negative,0.00014993245520714856
1274369823112396801,negative,0.03098951431948183
1274369823221448706,negative,0.0008784771921018535
1274369825389805568,negative,3.5137433148044015e-07
1274369825532411905,negative,0.22820882362804987
1274369825649852416,negative,0.0018345493838792387
1274369825649934336,negative,0.06961354041416888
1274369826891448322,negative,0.00464958412132019
1274369827063443458,negative,0.03267192722424605
1274369827579334659,positive,0.8167066301350949
1274369827633860615,negative,0.018422105812561266
1274369827654828032,negative,0.03685156720110343
1274369829538091010,negative,0.09677499827650582
1274369829701668870,negative,0.015999142703828927
1274369829877747712,negative,8.72965302300608e-05
1274369830163013632,negative,2.634003024078445e-05
1274369830708224001,negative,0.05760449214329574
1274369830750236672,negative,5.822851446572606e-11
1274369831186333698,negative,0.00018108900766014856
1274369831207395328,neutral,0.5464423174801689
1274369831324790786,negative,0.01269421558504289
1274369831958130693,negative,0.005457479161946077
1274369832021090311,negative,0.00021141921140676293
1274369832054595585,negative,0.10675544714112084
1274369833736568833,neutral,0.42222778552858603
1274369834600587264,positive,0.7857803623219257
1274369834931965952,negative,0.03620129332384316
1274369835254927360,negative,0.009404074764908295
1274369835355590656,negative,0.13949552936821852
1274369835431014402,negative,0.04473491117679176
1274369835712024576,negative,0.001588890611681759
1274369835749838848,negative,0.027676813339786093
1274369837897256960,negative,0.001616511283051386
1274369838161580034,negative,0.08039576432611267
1274369838203445249,negative,0.008106671493590248
1274369838228680705,negative,0.02299652341105041
1274369838761328648,negative,3.594514495542417e-06
1274369838773870593,negative,0.0030085767613713277
1274369839377850370,negative,0.25737877578022383
1274369839415595008,negative,0.0018547547777005065
1274369839465971713,negative,0.2470052762849793
1274369842158559234,negative,0.0008784771921018535
1274369843089850368,negative,0.002825170399590623
1274369843131604992,neutral,0.49789225920557484
1274369843182084097,positive,0.8833780185748523
1274369843345719298,negative,0.0313711683671133
1274369843375091712,negative,0.007628685414413218
1274369843794448384,negative,0.000774625575963688
1274369843878408192,negative,0.019510600823557
1274369844000014336,negative,1.874299218479349e-07
1274369844062846976,neutral,0.37525890839322623
1274369846759665666,negative,0.009788562854230779
1274369847175110656,negative,0.007977770830218257
1274369847200284673,negative,3.38794706851042e-05
1274369847992999936,neutral,0.34403107406212
1274369848009732101,positive,0.897740620973573
1274369848026505216,negative,0.2451093696687996
1274369848328495104,negative,0.04868413656103167
1274369851503632391,positive,0.763492726677842
1274369851902046208,negative,0.13147478516615446
1274369851952373763,neutral,0.44036610400633147
1274369851994365952,negative,3.38794706851042e-05
1274369852136927232,negative,0.0021625795954240763
1274369852493508610,negative,0.003222832135696301
1274369854938611713,negative,0.29761571709333384
1274369855886680071,negative,0.0092744064496032
1274369856062869504,negative,0.0004967749784941818
1274369856511660033,positive,0.7355363250695874
1274369856683548672,negative,0.031944907459027484
1274369856889139201,positive,0.897740620973573
1274369859007254528,negative,0.00028280405832034676
1274369859606937600,negative,0.038153568964844585
1274369859636379649,negative,0.007628685414413218
1274369859745460224,negative,0.03093245323048511
1274369863209885697,negative,0.002014064000171791
1274369863218270208,negative,0.0018019543210365746
1274369863801278466,negative,0.08917284233375622
1274369864141070336,positive,0.8019239510841115
1274369864204005381,negative,0.06536524873964954
1274369864501800961,negative,0.0008495595372482709
1274369864627621888,negative,0.001588890611681759
1274369865000902656,positive,0.9998223126632892
1274369867173543936,negative,0.009342751929687716
1274369867291004930,negative,0.07236462922207484
1274369867442016257,negative,0.0017164370401530349
1274369867605512192,negative,0.0008784771921018535
1274369867806842880,negative,0.16990735680766014
1274369867832049664,negative,2.1109106482485413e-08
1274369867999830016,neutral,0.40819334745054037
1274369868620537858,negative,0.006812636562690789
1274369868901552128,negative,0.0436156495744784
1274369868922568704,negative,0.014679436824718041
1274369869027434501,negative,0.0018986925533215485
1274369869195227137,negative,3.55105935750475e-05
1274369869199347713,negative,0.0008784771921018535
1274369869434302464,negative,0.0557908603819395
1274369872072507392,negative,0.29761571709333384
1274369872395489282,negative,7.33621269241859e-05
1274369872714137608,negative,0.1363585901897884
1274369872819093505,negative,0.0007455519636552083
1274369873389531143,negative,0.2512243101250744
1274369873402101762,neutral,0.49789225920557484
1274369873502777345,negative,1.273178195750699e-05
1274369873557192711,negative,0.0008495595372482709
1274369875931258883,negative,0.0009297893976127643
1274369875960619010,negative,0.0004310358923852463
1274369876174364672,negative,5.25933231523432e-06
1274369876375805954,neutral,0.42507619662732005
1274369877474770944,negative,0.25737416936186575
1274369877621571586,positive,0.8286012028805883
1274369877692858368,negative,0.0005685813037834473
1274369878225453056,negative,0.08551692218235292
1274369880544948224,negative,0.00021141921140676293
1274369880733749249,positive,0.855069839002701
1274369881266360320,negative,0.038153568964844585
1274369881551618048,negative,0.01140068344308785
1274369881903902722,negative,0.03207670702291475
1274369882080129024,negative,0.004753625520955285
1274369882084249603,negative,0.23540932660475059
1274369883988361216,negative,0.003065677059359148
1274369884063961088,neutral,0.393291374208476
1274369884215001088,negative,0.002190713989801223
1274369884785426440,neutral,0.49789225920557484
1274369885196484609,negative,0.11359998387518805
1274369885452279813,positive,0.8200350442642801
1274369885536227328,negative,0.2700152070006991
1274369886165352450,neutral,0.5496234661379426
1274369886182137856,negative,0.0222147686896912
1274369886366679040,negative,0.13949552936821852
1274369888203812865,negative,0.002190713989801223
1274369888405127169,positive,0.9968846222772262
1274369889378226178,negative,0.005138540595028
1274369889713770497,negative,0.2831891036741124
1274369889751490567,negative,0.04868413656103167
1274369890049232896,negative,0.0008495595372482709
1274369890091257856,negative,5.444099787352272e-07
1274369890263224326,negative,0.04868413656103167
1274369893358501895,negative,0.00014840925297716724
1274369893564104704,negative,0.0008495595372482709
1274369893564121091,neutral,0.4507454498615163
1274369893673156609,negative,0.024934362757935043
1274369893853548546,negative,0.14197236713123318
1274369893933232135,negative,0.01563377366150745
1274369894130294784,negative,0.00029737758775855
1274369894419742723,positive,0.8002585490816346
1274369897217359873,negative,0.18097169728096155
1274369897326411783,negative,0.06185504793359832
1274369897624199168,negative,0.24136230336960818
1274369897750040577,negative,0.00012452331764900579
1274369898513399811,negative,1.1652306270642102e-05
1274369900811898883,negative,0.0002142748871090228
1274369900899905536,negative,0.29761571709333384
1274369901860446211,negative,0.05077236110814375
1274369902200139776,negative,1.1071183644491722e-08
1274369902267244550,negative,0.03685156720110343
1274369902380494849,negative,0.00014993245520714856
1274369902573428736,negative,2.6900207028577936e-05
1274369902774833154,negative,0.09965753329704123
1274369903009677317,negative,9.493164604767552e-06
1274369903081009152,negative,0.1519519621115061
1274369905211695106,negative,0.1720767428995029
1274369905358503942,positive,0.763492726677842
1274369905425612800,positive,0.7040950283646137
1274369905538871296,negative,0.00267044935370311
1274369905773682688,negative,0.23056902331394544
1274369905857564675,negative,0.0011796649577434433
1274369905920540673,negative,4.895425940226245e-09
1274369905979207680,negative,0.006175065150798719
1274369906037993472,negative,0.1823704251571895
1274369906046271493,neutral,0.37525890839322623
1274369906092498946,negative,0.22601672799518877
1274369906214133765,neutral,0.4094150069872412
1274369906566467589,negative,0.01024459341701663
1274369906658721793,negative,0.2689144944439415
1274369906952359941,positive,0.920158401163587
1274369909137592322,negative,1.0707508760226773e-06
1274369909452148737,negative,0.04868413656103167
1274369909481447429,negative,0.01130536739368902
1274369909552746496,neutral,0.46598398918449585
1274369910202720256,negative,0.0982747852316328
1274369910563647488,negative,0.001616511283051386
1274369910651490306,negative,4.046770211679295e-06
1274369911356301312,positive,0.8356825323734163
1274369911628980225,negative,0.24136230336960818
1274369911817670659,positive,0.6656028571603242
1274369913696727046,negative,2.2607703055852016e-05
1274369913696792579,negative,0.02201085893018373
1274369913973596162,neutral,0.40373698939106306
1274369914380451845,negative,0.0007206278447072315
1274369914665648130,neutral,0.48728019602140255
1274369915294793731,negative,8.875547998667753e-07
1274369915718209541,negative,0.09965753329704123
1274369917958139905,negative,4.314914424426699e-06
1274369918084014083,negative,0.18115228686180354
1274369918109134849,negative,0.020384887355742974
1274369918218186755,negative,0.25416159745075056
1274369918222417920,negative,0.14814989863167152
1274369918381830144,negative,0.08023930523735376
1274369918830592004,negative,0.039842298082094295
1274369918927089665,negative,0.0011064191245433934
1274369919082205191,negative,0.04868413656103167
1274369919115841536,negative,0.008289093245423354
1274369919174561794,negative,6.247495276222812e-06
1274369919350648832,negative,0.327271646660478
1274369920181174275,negative,0.15168797025023634
1274369921905016835,neutral,0.5136446707795853
1274369922081177600,negative,0.015133723117719843
1274369922156593153,negative,0.057111312777015505
1274369922240598022,negative,0.0920984610401774
1274369922714435592,negative,0.0014475842932575832
1274369922806792192,positive,0.7309517837961624
1274369922827771906,negative,2.2607703055852016e-05
1274369926099337216,negative,0.04868413656103167
1274369926418124800,negative,0.18789813022046326
1274369926933987329,negative,0.0467569576022356
1274369927269552131,negative,0.007263936462785074
1274369927437262853,negative,1.3488214368601207e-05
1274369927445712906,negative,0.10468675567837739
1274369927739146241,negative,0.00025995428544422664
1274369927789584385,negative,0.04626247681610488
1274369927827333128,negative,2.0460702076583096e-07
1274369928049635328,negative,0.01140068344308785
1274369930213961728,negative,0.32679443142440595
1274369930478211075,negative,8.72965302300608e-05
1274369930943762432,negative,0.0008495595372482709
1274369930952048642,negative,0.00028904442522545827
1274369931002380288,negative,0.07509577442231544
1274369932109758464,negative,4.547475594547499e-07
1274369932269096961,negative,0.0019133141738824039
1274369932285919238,negative,0.09134408089080437
1274369932306808832,neutral,0.3458414798855197
1274369934861221888,negative,0.0002389379587005588
1274369934873616391,neutral,0.49789225920557484
1274369934877958146,negative,0.08910843779033782
1274369934978580480,negative,0.04612135556977544
1274369935041576963,negative,0.04868413656103167
1274369935150665728,negative,0.29761571709333384
1274369935624544256,negative,0.0016442973960655888
1274369935746068480,negative,0.002502169520777313
1274369935880392704,negative,0.13548654864297185
1274369936325062657,negative,0.0729269339214062
1274369938602557441,positive,0.6648845417055912
1274369938652880903,negative,6.649658578191888e-05
1274369939009343488,neutral,0.4515953726861978
1274369939105873927,negative,0.0031504476904273783
1274369940225699841,negative,0.00014459406381251767
1274369940234125317,negative,0.07355237459043229
1274369940624076801,negative,0.004843091236173927
1274369940720623616,positive,0.9954358158977953
1274369941232369665,negative,1.6201259640329387e-06
1274369943027552256,negative,0.18280254446035335
1274369943472082955,negative,0.0012950649533264743
1274369943748870146,negative,2.9063868235226678e-05
1274369944109690880,neutral,0.393291374208476
1274369944990494721,negative,0.00014459406381251767
1274369945162432512,negative,0.12918863198806063
1274369945544114176,negative,0.003317290997832128
1274369948043935748,negative,3.152855152215035e-05
1274369948182331407,negative,5.234449369590295e-08
1274369948618539016,negative,0.11733166319877615
1274369948698247176,negative,0.0076295408568590305
1274369949209747456,negative,0.2619308992831716
1274369949486776322,negative,0.002221842635042978
1274369952905076742,negative,0.00013685146465251295
1274369953186136065,negative,0.001134192661552644
1274369953190285312,negative,5.692839550525292e-09
1274369953211219968,negative,0.06142138727535553
1274369953219710982,negative,0.0008495595372482709
1274369953332965376,negative,0.009001323303581426
1274369955392368647,negative,0.19750908393857236
1274369955434127360,negative,0.07259422071654154
1274369955497213952,neutral,0.37263640682304644
1274369955706875905,negative,0.2986082592976927
1274369955715256322,negative,0.13178064959354038
1274369955891499008,negative,0.012099147300460248
1274369956096942083,neutral,0.449727731624377
1274369956457701376,negative,0.00010738869186211786
1274369956466036737,negative,0.01517179266772469
1274369956709367810,negative,0.01140068344308785
1274369956927463426,negative,0.00014459406381251767
1274369957036507142,neutral,0.497008268191141
1274369957074264072,negative,0.009464303096134236
1274369957866999810,negative,0.03953226407873235
1274369957892165636,negative,0.10340910930184405
1274369958034780160,negative,0.004989714265797367
1274369959645163520,negative,0.13949552936821852
1274369959754416129,negative,0.2417208868741504
1274369959855116288,neutral,0.5734576952979002
1274369959926419456,negative,2.516073701094063e-06
1274369960228401152,negative,0.0008495595372482709
1274369960907870208,neutral,0.40623006246991744
1274369961285337093,negative,0.11838334824706133
1274369964267450368,negative,0.11516666054710747
1274369964435296257,negative,0.08917284233375622
1274369965152485376,negative,0.008165379752586892
1274369965517352961,negative,0.07308791840642649
1274369965676781568,negative,0.0005685813037834473
1274369965811011587,negative,0.00015498750855713966
1274369966079385601,negative,0.021452623797456036
1274369966205210625,negative,0.06919360840379962
1274369968109490178,negative,0.0031535363022561764
1274369968340164608,negative,0.061373998146259816
1274369968872833024,negative,0.07435016312101904
1274369969170444290,negative,5.25933231523432e-06
1274369969267097600,neutral,0.5598062641785088
1274369969359400960,negative,0.05284178532323299
1274369969418100742,negative,0.11360975283746542
1274369969564811267,negative,0.0011215207366607506
1274369969682362374,negative,0.006842655702366206
1274369969686528000,neutral,0.42358495799675155
1274369970131083267,negative,0.06919360840379962
1274369972664483840,negative,0.16611888808867664
1274369972865773569,neutral,0.5112526064611215
1274369972911906816,neutral,0.49789225920557484
1274369973180399617,negative,0.018460339927777545
1274369973662527488,negative,1.2142951356898647e-05
1274369973906034689,negative,0.020988899451306393
1274369974690340866,negative,0.062159889844503366
1274369976326139904,negative,0.194756570736795
1274369976338722820,negative,0.001616511283051386
1274369976561012738,negative,0.0008495595372482709
1274369977043374082,negative,0.05738731705847255
1274369977064226817,negative,1.637839043713939e-08
1274369977072656384,negative,0.02201085893018373
1274369977261469696,negative,0.005390224856158727
1274369977349480448,negative,8.665089332995938e-05
1274369977517330433,negative,0.07043175096606383
1274369977659899904,neutral,0.37263640682304644
1274369977894797315,negative,0.00011842871737571769
1274369980512043009,negative,0.05284178532323299
1274369980998524929,negative,0.1363585901897884
1274369981346656258,negative,0.05288403692995595
1274369981623545857,negative,0.00014459406381251767
1274369983015944195,negative,0.00016212810536266436
1274369985100615680,negative,0.00751127775841894
1274369985327108101,negative,0.001616511283051386
1274369985398427650,negative,0.008328833243461693
1274369985595559937,negative,0.00019953020698206575
1274369985603702789,negative,6.649658578191888e-05
1274369985918492672,negative,0.0008784771921018535
1274369986191073281,negative,0.0008784771921018535
1274369986522472450,negative,0.13103438279618232
1274369987155804160,negative,0.13859989486425237
1274369987298418688,neutral,0.3946660906568613
1274369989210894337,negative,0.003222832135696301
1274369989223624705,negative,2.787297328760927e-09
1274369989361926146,negative,0.18109238211970707
1274369989773058048,neutral,0.4527438818270552
1274369989890445313,negative,0.2321892235535551
1274369990096027649,negative,0.02390360197762548
1274369990162960384,negative,0.13949552936821852
1274369990393843712,negative,0.007050093911298504
1274369990519672832,negative,4.046770211679295e-06
1274369990939103232,negative,0.09824942034726304
1274369993350746114,negative,0.0011215207366607506
1274369993724043264,negative,9.77122215357898e-05
1274369994017648640,negative,0.009039159367626181
1274369994625875969,negative,0.048754682607191936
1274369994877554697,negative,0.0059410594951596184
1274369995301179394,positive,0.9553215423580932
1274369997364748288,negative,0.18097169728096155
1274369997616435205,negative,0.0009177032978133025
1274369998534914049,neutral,0.5836362274974835
1274369998895677442,negative,0.04868413656103167
1274369998950150145,negative,0.003906294336196354
1274369999352848384,negative,0.02008601788606137
1274369999688400896,negative,0.2565802007626156
1274370000032235521,negative,0.01140068344308785
1274370000929906689,positive,0.7436833565533348
1274370001575837704,neutral,0.4155434259331942
1274370001865191425,negative,0.02738764886718594
1274370001919606788,negative,0.03268213707713542
1274370002234281984,negative,0.1003599817738996
1274370002293063682,negative,2.6737659445654676e-06
1274370002720866320,negative,0.007628685414413218
1274370002771218433,neutral,0.4222735723673693
1274370002787983361,negative,0.02308040789650926
1274370003199025155,negative,0.05738731705847255
1274370003593310210,negative,2.2607703055852016e-05
1274370003601633281,negative,0.12552796848809
1274370005409452034,negative,0.23026534905070217
1274370005761753095,negative,0.00016075684696502613
1274370005837250563,positive,0.8798039430045211
1274370005841465345,negative,0.12291827960720396
1274370005887356930,negative,0.004843091236173927
1274370006072070144,negative,0.015859269476485673
1274370006122467329,negative,0.0005343179420576164
1274370006176989184,negative,0.00014459406381251767
1274370006189572096,negative,0.016537776036720984
1274370007942737923,negative,0.0131816967753536
1274370010333491203,negative,0.016263958978279505
1274370010471960581,negative,0.00010851173318034352
1274370010547453952,negative,0.0002610349379469834
1274370010572521472,negative,0.0017579115914964619
1274370010744606725,negative,0.09402898231541029
1274370011491119105,negative,0.11199186793547575
1274370012032229378,negative,0.0021625795954240763
1274370013365850113,negative,1.0707508760226773e-06
1274370014158688257,negative,0.005554957776803005
1274370014167150599,negative,0.0006507171693115643
1274370014343299072,negative,8.615986108683486e-07
1274370014867607552,negative,0.04868413656103167
1274370015257657345,negative,0.13949552936821852
1274370015282724865,negative,0.05808685403089276
1274370015341535233,negative,0.0018668864820030318
1274370018298429442,negative,0.13949552936821852
1274370018583732224,negative,0.004427865377390981
1274370018655035392,negative,0.11733166319877615
1274370019380559878,negative,8.72965302300608e-05
1274370019913277440,negative,0.05694114302368464
1274370019925921794,negative,0.009080857065402598
1274370020085305346,negative,0.01413859670092095
1274370020131459073,negative,0.06640638237979626
1274370020257271808,negative,0.022291939615703544
1274370020492091392,positive,0.897740620973573
1274370021742051330,negative,0.005784970917732943
1274370022446641152,negative,0.0003315697794742538
1274370022522212358,negative,0.001616511283051386
1274370023423971328,negative,0.01592409059057663
1274370023688200193,negative,0.08648755691803509
1274370024271208448,negative,0.004843091236173927
1274370027035205633,negative,0.0013593365069297428
1274370027035275265,neutral,0.5113416753918172
1274370027219832834,negative,1.157691023603853e-05
1274370028092239873,positive,0.8807136691103005
1274370028125765634,negative,0.000495371815490899
1274370028360667141,negative,0.0011064191245433934
1274370028448686081,negative,0.0013021742692422532
1274370028591362048,neutral,0.497008268191141
1274370028750737413,negative,0.02102601543626555
1274370028834639872,negative,0.05592593259625326
1274370028935294976,negative,0.01140068344308785
1274370028939481088,neutral,0.5906183009103018
1274370029115621378,negative,0.009371930848625634
1274370029241409536,negative,3.279615299881024e-07
1274370030868758528,negative,0.23026534905070217
1274370031049211910,negative,0.00010472126609286544
1274370031334424576,negative,1.6534364090645058e-07
1274370031779012611,negative,0.2417208868741504
1274370032232005634,negative,0.01797058761556144
1274370032571748353,negative,0.04868413656103167
1274370032882122757,negative,0.0011215207366607506
1274370032961806338,neutral,0.3946660906568613
1274370033242775559,negative,0.13753817878800065
1274370033435762689,neutral,0.3869592455281281
1274370035201396736,negative,5.25933231523432e-06
1274370035289636865,negative,0.19502423039687414
1274370035428003840,neutral,0.4098182179544237
1274370036677869571,negative,1.167675110439376e-08
1274370037609123840,negative,0.00026186533555368137
1274370039576236033,negative,0.0005954231009685797
1274370039630696451,neutral,0.4507454498615163
1274370039702007815,negative,0.17085650338555278
1274370039974682627,negative,0.04868413656103167
1274370040041811968,negative,5.451501245817502e-07
1274370040079568902,negative,1.1072966389782664e-06
1274370040570228737,negative,0.1501117797862618
1274370041451024385,negative,0.05738731705847255
1274370043489517568,negative,0.0032840455103954687
1274370043724341249,negative,2.623943765440377e-05
1274370044496089088,negative,0.276291342533237
1274370044747751424,negative,0.004843091236173927
1274370044781305867,negative,0.005625066334014559
1274370045108531201,negative,5.252465356948966e-06
1274370045234360320,negative,0.03116362680272907
1274370045452443648,positive,0.7615623818126528
1274370047776043010,negative,0.01140068344308785
1274370048581414912,negative,0.020384887355742974
1274370048975568896,negative,2.6900207028577936e-05
1274370049562869761,negative,8.858735548288741e-05
1274370049848020992,negative,8.443564912871401e-05
1274370049881640960,negative,0.29565949125626084
1274370049952878604,negative,0.2700152070006991
1274370052545032193,negative,0.07081216875484002
1274370052570177536,negative,0.10968580332428202
1274370052804861952,negative,0.14794508516355465
1274370052947656704,negative,0.02071043265792394
1274370053211750403,negative,0.14794508516355465
1274370053249675264,negative,0.003401178487566604
1274370053358698499,negative,0.006676482875924144
1274370053681459200,negative,1.612600296105982e-07
1274370053782343680,negative,0.0009892639151380866
1274370056009527300,negative,3.628971779900301e-05
1274370056038817793,negative,0.0021383150200303567
1274370056328224770,negative,0.0008784771921018535
1274370058232320000,negative,4.062833266831113e-06
1274370060723924992,negative,0.02102601543626555
1274370060723933184,neutral,0.3403391890910929
1274370060858077184,negative,1.6042211541160005e-13
1274370061520834566,negative,0.06081655062018614
1274370062833446913,negative,0.003222832135696301
1274370064641294336,negative,0.14507756805662408
1274370065043992582,negative,0.28001315655015696
1274370065400426496,negative,0.023324154226963233
1274370065404760065,negative,0.0008784771921018535
1274370065597595648,negative,0.006158209289432561
1274370065689968640,negative,0.13949552936821852
1274370065744498688,negative,3.3565280900868044e-06
1274370068617535501,negative,0.003628581467085475
1274370069104123905,negative,0.0011215207366607506
1274370069175377926,negative,0.0049024829505844945
1274370069422919681,negative,0.019332733054495625
1274370069464780801,negative,0.13949552936821852
1274370069473222656,negative,8.443564912871401e-05
1274370069582077960,negative,0.001616511283051386
1274370069997531138,negative,0.00048482838392535947
1274370070064566274,negative,0.08010598670960223
1274370070899314693,negative,6.5065284158454724e-06
1274370071188602882,negative,0.03113729157679135
1274370072950173696,negative,0.11782328809492994
1274370073646567425,negative,0.327271646660478
1274370073768210434,negative,0.0001328192010410201
1274370073826820103,negative,2.2607703055852016e-05
1274370073969537026,negative,0.001616511283051386
1274370074439307264,negative,0.01977223250681338
1274370074623848448,negative,0.04868413656103167
1274370075328483328,negative,0.00014017554503035763
1274370075491999745,negative,0.18097169728096155
1274370075571695617,negative,5.094166772461122e-06
1274370076872003587,negative,0.01835193527405093
1274370077106884610,positive,0.6752585100387869
1274370077140361217,negative,0.0072605675190268466
1274370077245214723,negative,6.14052241949791e-06
1274370077387902983,negative,0.13790906241702833
1274370077639487495,neutral,0.343988657116278
1274370078042206208,negative,0.10188734314977094
1274370078172155907,negative,3.652788247859178e-09
1274370078197366785,negative,0.1975383921457794
1274370078306373632,negative,0.0012060835561211241
1274370078876864512,negative,0.004427865377390981
1274370081758359552,negative,0.0002515451409721682
1274370081783517191,negative,0.001616511283051386
1274370081846247424,negative,0.07667422138418456
1274370081989046274,negative,0.010093059734138784
1274370082269999108,negative,6.074735160581732e-09
1274370082567680001,positive,0.9974514075767342
1274370082710446082,negative,0.07511494420271322
1274370082890747904,negative,0.17732851967665064
1274370083641536516,negative,0.01845830673546761
1274370085365387264,neutral,0.4044507748356481
1274370085944205312,negative,6.933676884668426e-05
1274370086090862592,negative,0.0002371736058796052
1274370086309158912,negative,0.007929064895276422
1274370086590177287,negative,4.466279881884471e-10
1274370086854373382,negative,3.6650646953879245e-05
1274370087554879495,neutral,0.5136446707795853
1274370087617802240,negative,0.02102601543626555
1274370089685594116,negative,0.0006755567479527099
1274370089794637824,negative,0.2301917679834784
1274370089811275776,positive,0.673371495804301
1274370090301939714,negative,0.0027928911468488794
1274370090348294145,negative,0.0007206278447072315
1274370090608349184,neutral,0.5192922026363069
1274370090880970755,negative,0.04868413656103167
1274370090977447939,negative,0.04868413656103167
1274370091296133120,negative,5.1064985118789065e-05
1274370091442941952,negative,0.24936174055271695
1274370094009892864,neutral,0.36629112225818244
1274370094202867714,negative,1.9684284881358229e-10
1274370094274170881,negative,1.157691023603853e-05
1274370094341042176,negative,0.14422441695466023
1274370094395723776,negative,0.048352136894962996
1274370095242973186,negative,0.00014459406381251767
1274370095658209283,neutral,0.46127768308170247
1274370095767334914,negative,0.08648317725097412
1274370095825907712,negative,0.21831415474930824
1274370097994444801,negative,0.15704399283628206
1274370098254557185,negative,0.15682833230818252
1274370098971754499,negative,0.13656221522950338
1274370099202359297,negative,0.0002178157956061793
1274370099848380416,negative,0.009215058911693436
1274370099898695680,negative,0.001172432983360866
1274370100515258372,negative,0.18795859623648656
1274370102218063873,negative,0.0023249915703436545
1274370102511562752,negative,0.0692599884805623
1274370103275110401,negative,0.06919360840379962
1274370103291850752,negative,0.004843091236173927
1274370103841378307,negative,2.771126485630011e-06
1274370104046870528,negative,7.698953608152398e-11
1274370104210440198,neutral,0.5111067556059521
1274370104403386378,negative,0.1290938558687117
1274370106680913921,negative,8.443564912871401e-05
1274370107335159814,negative,0.05141784201110951
1274370108853497857,negative,0.004843091236173927
1274370110556442624,negative,3.3296816966040673e-07
1274370110749376513,negative,0.04868413656103167
1274370110795415558,positive,0.9992914555001349
1274370110992474112,negative,0.003957148872322533
1274370112263458816,negative,0.004843091236173927
1274370112418729984,negative,0.01986346689579956
1274370112968175616,neutral,0.49789225920557484
1274370113085403136,neutral,0.42222778552858603
1274370115363110912,positive,0.8338291060879179
1274370115895787522,neutral,0.46318326475361027
1274370115962843138,negative,0.1384581002919542
1274370116143255556,negative,2.2607703055852016e-05
1274370116386512902,negative,0.0013989319611218349
1274370116608811009,negative,5.260552975640775e-06
1274370117061808130,negative,0.0022201764084527143
1274370119045709824,negative,0.1439793770988406
1274370119305740288,negative,0.00014459406381251767
1274370119947468804,negative,0.0032840455103954687
1274370120517853185,negative,0.0002812825204751204
1274370120593346561,negative,0.04868413656103167
1274370120668807171,negative,0.1519519621115061
1274370123202207749,negative,0.0008369446930120902
1274370123323801602,positive,0.9415799817934052
1274370123466444800,neutral,0.49789225920557484
1274370123487481856,negative,0.01140068344308785
1274370123646803968,negative,0.014506080150742501
1274370123684593669,negative,0.10075835874524237
1274370123969765379,negative,0.016518257550450426
1274370124477235203,negative,0.050163614141811676
1274370124569436161,negative,0.00020986420092163375
1274370124645044232,negative,0.00014459406381251767
1274370124754104323,negative,0.014429656123575054
1274370125425250304,negative,0.004843091236173927
1274370128159924224,negative,0.015178335340559963
1274370128466120705,negative,0.00014993245520714856
1274370128801665026,negative,0.04858538737554437
1274370128864587777,negative,0.20970303351171252
1274370129099476993,negative,6.026597552496534e-06
1274370129598525441,negative,0.04812435663218422
1274370130034688001,negative,0.00033288566396963296
1274370131821461505,negative,0.16990735680766014
1274370132140331008,negative,0.0008495595372482709
1274370132328898560,negative,1.694467631585577e-05
1274370132698169344,negative,0.06441863133120522
1274370133155287040,negative,0.00014459406381251767
1274370133230850048,negative,0.11733166319877615
1274370133423767552,neutral,0.4836107634721281
1274370133528465409,negative,0.0011215207366607506
1274370133713133568,negative,0.0020906353078970533
1274370136137490439,negative,0.001616511283051386
1274370136821161985,negative,8.72965302300608e-05
1274370136833773568,negative,5.094166772461122e-06
1274370136976371714,negative,0.00014459406381251767
1274370137186095106,negative,0.0021625795954240763
1274370139899809794,negative,0.002595978931751515
1274370139941675010,negative,0.18795859623648656
1274370139992006658,negative,0.00382061884386445
1274370140130480133,negative,0.02102601543626555
1274370140390522881,negative,0.0005685813037834473
1274370140952461312,negative,0.050983776819611026
1274370140952580101,negative,0.11436965370568407
1274370141069991937,negative,0.02299652341105041
1274370141883637763,negative,0.04868413656103167
1274370142273748992,negative,1.1071183644491722e-08
1274370144077111296,negative,0.2799852519493358
1274370144601505792,negative,0.014133905232716477
1274370144672919552,positive,0.8807136691103005
1274370144777711618,negative,0.0011215207366607506
1274370145046138880,negative,0.004015837504519018
1274370145327218688,negative,0.007977770830218257
1274370145788538880,negative,1.0528653779026641e-07
1274370146375786496,negative,2.302795190376347e-05
1274370146585522177,negative,0.15941778271925092
1274370146614870016,positive,0.9979932236209546
1274370148661637120,negative,0.00014442861733385067
1274370148674215937,negative,0.007628685414413218
1274370148875542528,neutral,0.4686555698045724
1274370148963700736,negative,0.00027819694166770803
1274370149009809409,negative,0.29761571709333384
1274370149055856640,negative,0.000119429500359618
1274370149139824643,negative,0.16237389569243754
1274370149970259974,negative,1.637839043713939e-08
1274370150033166337,negative,0.07509577442231544
1274370150284832773,negative,8.757684413182992e-05
1274370150356189187,neutral,0.47233708548220604
1274370152457519104,negative,2.115310645272567e-05
1274370152465825792,negative,0.0005833353590071568
1274370152772128769,negative,0.024666910618380663
1274370153057304581,negative,1.157691023603853e-05
1274370153464107008,negative,2.302795190376347e-05
1274370153560576001,negative,4.692607926975091e-09
1274370153829064704,negative,0.015468822342680592
1274370153933832197,negative,0.24426822974628948
1274370154110033927,negative,0.07509577442231544
1274370154588262401,neutral,0.44086945805243716
1274370157402632198,negative,0.04868413656103167
1274370157536841728,negative,0.0008495595372482709
1274370157624922114,neutral,0.4976520693942797
1274370158023208960,negative,0.0027502689082511246
1274370158111449089,negative,0.11879129585897526
1274370158656655360,negative,0.2700152070006991
1274370159411630085,positive,0.9357008006204267
1274370160854515712,negative,1.1071183644491722e-08
1274370161315848193,negative,0.0008784771921018535
1274370161462689792,neutral,0.46598398918449585
1274370161571770369,negative,0.07509577442231544
1274370161622081537,negative,0.01845830673546761
1274370161777299457,negative,0.048276487340144295
1274370161936654336,negative,0.0008267917685809908
1274370162146369536,negative,2.6483642060587684e-05
1274370162733481985,neutral,0.38397652281133193
1274370165522731009,negative,8.72965302300608e-05
1274370165728317440,negative,0.18585807514422711
1274370166017662977,negative,0.17207911557471298
1274370166432956420,negative,0.0011700785027152706
1274370166638305281,negative,1.1071183644491722e-08
1274370166806188032,negative,0.004219772686331791
1274370167066234881,negative,0.1390265467934409
1274370167494053889,negative,0.007628685414413218
1274370169398153216,negative,0.04612135556977544
1274370169444413443,positive,0.763492726677842
1274370169645735936,negative,0.015548998880221356
1274370170165899269,negative,0.0008965133800936148
1274370170224545792,negative,2.6483642060587684e-05
1274370170308395008,negative,1.9684284881358229e-10
1274370170631319554,negative,1.8224848298881752e-05
1274370171130568704,negative,0.06625767149331938
1274370171239620608,positive,0.9353106167917037
1274370171516452865,negative,8.123347876440576e-05
1274370171671642112,positive,0.9806339662456364
1274370173596663808,negative,0.03510390110781316
1274370173651136513,negative,1.1071183644491722e-08
1274370173689106432,negative,0.005846307661460753
1274370173919735815,negative,0.11756262194119835
1274370174582390785,negative,0.07509577442231544
1274370175266164736,negative,0.021742177510265318
1274370177682026496,negative,0.327271646660478
1274370177690468352,negative,0.003222832135696301
1274370177828663296,negative,0.0007041890235243748
1274370178009219082,negative,0.18230057906832461
1274370178093121545,negative,0.0016587560108355021
1274370178722250753,negative,0.05284178532323299
1274370181813469184,neutral,0.40795923030117887
1274370182220308480,negative,0.020234743285630477
1274370182434246656,negative,0.006725937696774428
1274370182530699266,negative,0.12423394967474641
1274370182799069184,negative,0.308199125160694
1274370183163936769,negative,0.0021625795954240763
1274370183344381952,negative,0.015063038548651141
1274370183629434881,negative,0.0024344517370744317
1274370183935791105,neutral,0.5030426759070464
1274370186083262464,neutral,0.33686374760521365
1274370187899387904,negative,9.527965727391593e-07
1274370188008439809,negative,4.319194916105919e-06
1274370188251709443,negative,0.00015214628340572638
1274370190487302150,negative,4.79633901673642e-05
1274370191221231621,negative,0.15981380131195475
1274370191573516293,negative,0.000979329805022935
1274370191602987008,negative,1.694467631585577e-05
1274370191808499713,positive,0.9572347682085854
1274370191896580096,negative,0.0008369446930120902
1274370192232067080,negative,0.09832233252632716
1274370194597482497,neutral,0.5306343146594048
1274370195314937856,negative,8.443564912871401e-05
1274370199307894786,positive,0.8545629523702756
1274370199488040962,negative,0.0008784771921018535
1274370199882534912,negative,0.05828189445446495
1274370200654229510,negative,0.0009177032978133025
1274370203384713216,negative,0.01024459341701663
1274370204001329152,negative,0.23913035961219173
1274370204152233985,positive,0.8286012028805883
1274370204437483520,negative,8.443564912871401e-05
1274370204697530369,negative,0.001616511283051386
1274370204785684481,negative,8.875547998667753e-07
1274370205649645568,negative,0.002761846085829034
1274370207146967049,negative,0.031033505940639652
1274370207406948352,negative,5.25933231523432e-06
1274370209193897984,negative,0.0021625795954240763
1274370209273520133,negative,4.547475594547499e-07
1274370211509043201,negative,0.0798813010626473
1274370211580391426,negative,0.0006416473774441937
1274370211588845568,negative,5.247848154644654e-06
1274370212079468546,negative,1.1071183644491722e-08
1274370212557664257,negative,0.0008495595372482709
1274370212574441479,negative,0.02545445313493427
1274370212612145154,neutral,0.48895895465593386
1274370212972965888,negative,0.00014459406381251767
1274370213132341250,negative,0.007429235469345096
1274370216022155265,negative,0.002425258403584231
1274370216378740736,neutral,0.37137062280538924
1274370216554688512,negative,0.0008784771921018535
1274370217121021953,negative,0.05191606404278917
1274370217213341696,negative,0.024934362757935043
1274370217783758853,negative,0.09134408089080437
1274370217997742082,negative,0.0008369446930120902
1274370219809652736,negative,0.18097169728096155
1274370220006748160,neutral,0.33686374760521365
1274370221453836289,negative,0.0018463610293723033
1274370224125599744,negative,0.0016587560108355021
1274370224419201026,negative,0.1538395079979536
1274370225367121926,neutral,0.41901263796461236
1274370225736163328,negative,0.03590350590729876
1274370226189209601,negative,0.05808685403089276
1274370226231152640,negative,0.0007206841036551217
1274370226281484296,negative,0.0001328192010410201
1274370228156317696,negative,2.002957293627107e-08
1274370228433162241,negative,0.038153568964844585
1274370228479279105,neutral,0.4100291007765481
1274370228873396225,negative,0.275958358184994
1274370228940611585,negative,0.001616511283051386
1274370229121007618,negative,0.01028220097869756
1274370229372583940,negative,0.14422441695466023
1274370229439586304,negative,0.001102310072806244
1274370229620088832,negative,0.009781223245064129
1274370232283430912,negative,0.0092744064496032
1274370233566785536,negative,0.2417208868741504
1274370233818587136,negative,0.021390956258793833
1274370234061815808,neutral,0.5524415008737334
1274370234149937152,negative,1.8702409184941465e-05
1274370234275725312,negative,0.0092744064496032
1274370234506412033,neutral,0.5194570859543566
1274370236364533760,negative,0.00028280405832034676
1274370236695928832,negative,0.00015780592899662289
1274370237547323398,negative,0.13826357535628392
1274370237639557123,negative,0.001616511283051386
1274370237731872772,negative,0.13605943737824092
1274370238080069632,negative,3.331362131835477e-05
1274370238117789696,negative,2.6483642060587684e-05
1274370238264598528,negative,0.00033288566396963296
1274370241624227841,negative,0.0011042340623555215
1274370241833754624,negative,0.001616511283051386
1274370242010058753,negative,0.06382468944784861
1274370242618294272,negative,0.2115282050902404
1274370242752454657,negative,0.04868413656103167
1274370245344538624,negative,0.1740105501457912
1274370245835317248,negative,9.782089804679564e-13
1274370245906649088,negative,0.25318237069832455
1274370246573424641,negative,0.0004405253644367079
1274370246699290625,negative,2.2607703055852016e-05
1274370247076851712,positive,0.6940937588030028
1274370247299141638,negative,0.00014459406381251767
1274370248611966978,negative,0.31776367965613117
1274370249035563017,negative,6.304177601801497e-08
1274370249115254797,positive,0.9128644485013051
1274370249245241345,negative,5.692839550525292e-09
1274370249840824331,negative,0.055162715980691446
1274370249979297793,negative,0.2831891036741124
1274370250017067008,negative,0.05897235857735733
1274370250180562946,negative,0.2003706786885546
1274370250348339205,negative,0.22082230916661
1274370250348343304,negative,0.12395588150904208
1274370250386128896,negative,4.0137644822369474e-06
1274370250419601413,negative,0.0008495595372482709
1274370250440654849,negative,0.08501573180126992
1274370254299451399,negative,0.0005300098034723925
1274370254462955520,negative,0.06919360840379962
1274370255155015680,negative,0.11117565911525105
1274370255348006912,negative,0.14422441695466023
1274370255524110338,negative,0.033408845514872075
1274370255587094528,negative,0.0025244154240155283
1274370255662518272,negative,1.613479097195631e-08
1274370257680039936,negative,6.670419168531511e-06
1274370258137047040,positive,0.7855084246947954
1274370258569252864,negative,0.18801844350867888
1274370258753728514,negative,2.2607703055852016e-05
1274370258929926145,negative,0.2527519651762901
1274370259479408649,negative,0.04138212495267522
1274370259525533697,negative,0.00804237871859366
1274370261366734848,neutral,0.46511884455441777
1274370261656244225,negative,1.694467631585577e-05
1274370261761081345,negative,0.0003934495283084619
1274370262151180288,negative,0.04868413656103167
1274370262213857280,negative,0.00025995428544422664
1274370262415351809,positive,0.7191475760885835
1274370262427975682,negative,0.004594293124740503
1274370262662692864,negative,0.005846780296587075
1274370262985838592,negative,0.0003050253566732271
1274370263761723392,negative,0.10188734314977094
1274370263782547458,negative,0.0002142748871090228
1274370263895990275,negative,0.002873681530011483
1274370265884045314,negative,0.13859989486425237
1274370265909207040,neutral,0.49789225920557484
1274370266332880899,negative,0.03905802146482893
1274370266798358529,neutral,0.4044507748356481
1274370266957840385,negative,2.2607703055852016e-05
1274370267284938753,negative,0.0010816289880376548
1274370270120357890,negative,0.09392931879467964
1274370270153838592,negative,2.2904437138529374e-05
1274370270959198208,negative,0.0008784771921018535
1274370272217481216,negative,2.327723236894516e-08
1274370274264264705,negative,0.003083690398093355
1274370274369159174,negative,0.003694779450599342
1274370274671104002,negative,0.26553024245730694
1274370275098927104,neutral,0.49789225920557484
1274370275275149315,neutral,0.4806744421902419
1274370275409305601,negative,0.23131371586747757
1274370278299181056,neutral,0.4836107634721281
1274370278370406400,negative,5.74339810100772e-06
1274370278441709570,negative,0.18310411395864837
1274370278676525056,negative,0.022156212365644353
1274370278819323908,negative,0.017981470522138703
1274370278903156738,negative,0.0021625795954240763
1274370279821791237,negative,0.26192351310595835
1274370279939203073,negative,0.0022491724933820924
1274370280065052672,negative,0.009039159367626181
1274370283017822208,negative,2.4288251402414564e-05
1274370284041252865,negative,6.322246847783221e-05
1274370284469043206,negative,1.1706851826881625e-06
1274370284976553985,positive,0.9999951220320711
1274370285404336130,negative,0.014172550845179047
1274370285924495362,negative,0.05942892623855671
1274370286893268992,negative,0.30111778796940775
1274370286964617217,negative,0.05284178532323299
1274370287170191361,negative,0.01565751959006378
1274370287312633861,negative,0.14788101110711022
1274370287635705858,negative,0.0010405847172993176
1274370288021536769,negative,0.00887296933283849
1274370288055193605,negative,3.1886688532773044e-10
1274370288080293891,negative,0.2417208868741504
1274370288260730881,negative,9.782089804679564e-13
1274370290928308224,negative,0.004843091236173927
1274370291230261248,neutral,0.632363162114671
1274370291414827008,negative,0.00517989528748498
1274370291762946049,negative,0.003628581467085475
1274370292090130435,negative,0.003095818069717915
1274370292136247297,negative,0.007628685414413218
1274370292677214208,negative,0.011595880618072435
1274370295491682304,negative,1.8452795299866368e-07
1274370296112431110,negative,6.702014011453957e-06
1274370296129245184,neutral,0.47825815524877363
1274370296158568451,negative,0.20786874776059913
1274370296359854081,negative,0.0020365961420647036
1274370296431218689,negative,2.115310645272567e-05
1274370296858976261,negative,0.04868413656103167
1274370299543326720,negative,1.1071183644491722e-08
1274370299660840960,positive,0.897740620973573
1274370300424183809,negative,0.19507582958367697
1274370301015580673,negative,0.04144043914677636
1274370301414060034,positive,0.9864550019163166
1274370302311628801,negative,1.612600296105982e-07
1274370302428864512,negative,0.022015254054991794
1274370302487781378,positive,0.897740620973573
1274370303733399553,negative,0.05592593259625326
1274370304404529152,negative,4.940018441446912e-05
1274370304421376007,negative,0.017981470522138703
1274370304492666882,negative,0.14384332905755381
1274370304685543424,negative,2.2607703055852016e-05
1274370304878444544,negative,0.1608681682475487
1274370305239199744,negative,3.868679005073183e-08
1274370305314770946,negative,1.0872528108410854e-05
1274370305532801026,negative,0.00023240511781978437
1274370305620955137,negative,0.006676482875924144
1274370307713912833,negative,1.694467631585577e-05
1274370307793596416,negative,0.0006546236652516709
1274370307877470213,negative,0.08023930523735376
1274370308305281024,negative,0.13172800381638772
1274370308976279552,negative,0.019336112146524698
1274370309072785411,negative,0.01140068344308785
1274370309232230400,negative,0.00014459406381251767
1274370309483827201,neutral,0.49789225920557484
1274370309550936064,negative,4.4967802496649616e-07
1274370311891320834,negative,0.2417208868741504
1274370312734420993,negative,0.08917284233375622
1274370312747003904,negative,0.2541875905354673
1274370312872824834,negative,0.07327654202549114
1274370313044865029,negative,0.08823109407873446
1274370313481043975,negative,0.12871489133867653
1274370313782988801,positive,0.8286012028805883
1274370313980194817,negative,0.0002357182758865992
1274370316165427200,negative,0.001809186963604425
1274370316538691584,negative,4.968826079026689e-07
1274370316983324672,negative,0.0011215207366607506
1274370317264326658,negative,0.275958358184994
1274370317654384640,negative,0.04868413656103167
1274370317666988032,negative,2.2607703055852016e-05
1274370317994115079,negative,0.050163614141811676
1274370318031863808,negative,6.958943213800577e-06
1274370318036058114,negative,0.00017613828927026876
1274370320309325824,negative,0.00315018284000604
1274370320661729280,neutral,0.40819334745054037
1274370320712040448,negative,0.003401178487566604
1274370320812707840,negative,8.271048095361314e-06
1274370321093660672,negative,0.02458097564410094
1274370321181794305,negative,0.012139490342825207
1274370321412472837,negative,0.015063038548651141
1274370321869651971,negative,0.0005833353590071568
1274370324721786880,negative,0.05592593259625326
1274370325187305473,negative,0.004843091236173927
1274370325325676545,negative,0.008669407969621507
1274370325615128576,negative,0.0002515451409721682
1274370325950730249,negative,0.004374581049707781
1274370326034612224,negative,0.0005685813037834473
1274370326382534656,negative,0.04612135556977544
1274370326474915840,negative,0.04612135556977544
1274370329343930370,negative,0.005402909033626645
1274370329629077506,negative,0.08477690038806766
1274370329654317056,negative,0.007628685414413218
1274370329721405441,negative,0.05738731705847255
1274370330044387330,negative,0.011247247752718315
1274370330296008705,negative,0.00014459406381251767
1274370333068361729,negative,0.03986769749650624
1274370333278121984,neutral,0.46598398918449585
1274370333479501825,negative,0.09392931879467964
1274370333957644288,negative,1.7639349586793091e-06
1274370334343532544,negative,0.020384887355742974
1274370334595088387,negative,7.953370553902632e-11
1274370334725156865,negative,0.09098354592654523
1274370335501103104,negative,1.6201259640329387e-06
1274370335945576449,negative,0.02193777014998155
1274370337606709250,negative,0.0007072239441027239
1274370337900240896,negative,1.1071183644491722e-08
1274370338520997891,negative,0.31788101984477746
1274370338768539649,negative,2.1445781419428078e-05
1274370341599510529,negative,0.2417208868741504
1274370341943554048,negative,0.019531838812146516
1274370341947785216,negative,0.04868413656103167
1274370342195208194,negative,0.08581617956177935
1274370342430048256,negative,0.21285288727602453
1274370342992130050,negative,0.00014459406381251767
1274370343168356353,negative,0.21285288727602453
1274370343323471874,negative,0.15175285323910034
1274370343440977923,negative,0.14676368839759513
1274370343591804931,negative,1.1396741670306278e-05
1274370345525534720,negative,0.29203328268016826
1274370345575776256,negative,0.12448426304371897
1274370345831718914,negative,1.637839043713939e-08
1274370346079191041,negative,0.003046420644404445
1274370346188189696,negative,0.00014459406381251767
1274370346318286849,negative,1.1669853684283957e-05
1274370346343444481,negative,0.023924488332116047
1274370346423025672,negative,0.01140068344308785
1274370346766958603,negative,0.0018587880469484246
1274370346934771714,neutral,0.5306575133691344
1274370348104876032,negative,0.07117522185285792
1274370350181122049,negative,0.002611175597976633
1274370350399266816,negative,6.179342267073135e-07
1274370350403502085,neutral,0.5004154962844021
1274370351019905024,negative,0.13949552936821852
1274370351175208966,negative,0.0008784771921018535
1274370354291503104,negative,0.2799852519493358
1274370354522267656,negative,0.09941932263145786
1274370354761342977,negative,0.03808132109721348
1274370354769793030,negative,1.0580406530865114e-05
1274370354992099333,neutral,0.5528584609162418
1274370355029839878,neutral,0.5030332264438171
1274370355117858818,negative,0.08780028014807154
1274370355122122755,negative,0.0006517252640596832
1274370355184926721,negative,5.69908058655551e-09
1274370355499540481,neutral,0.5464423174801689
1274370357953212416,negative,6.070685069290083e-06
1274370358150344704,neutral,0.4153373325707398
1274370358544609280,negative,3.6910309221456177e-06
1274370358708224004,negative,0.002012204675376843
1274370358854979584,positive,0.705521598317249
1274370358871830535,negative,0.0013503428667247773
1274370359374962688,negative,0.0011215207366607506
1274370359807152130,positive,0.9997370820378277
1274370359979061249,positive,0.8050406710789163
1274370360042049538,negative,0.16451108071011875
1274370360704675840,positive,0.897740620973573
1274370362399166465,negative,0.000157023955872178
1274370363791683584,negative,0.0033840710856365484
1274370363888197633,negative,0.04868413656103167
1274370363984621569,negative,0.0021625795954240763
1274370364156641291,neutral,0.5112526064611215
1274370364311605249,negative,0.06351329199786099
1274370364357910529,negative,1.5429317067057916e-06
1274370364412293125,negative,0.13949552936821852
1274370364479545344,negative,0.0008495595372482709
1274370364588429312,negative,0.1801461484119052
1274370366564110336,negative,0.0011215207366607506
1274370366631301122,negative,0.02167949330878982
1274370366857674759,negative,0.005127140029343927
1274370366987788288,neutral,0.5196000172536228
1274370367239467009,neutral,0.4766795874967358
1274370367335866371,negative,0.02201085893018373
1274370367532998657,negative,0.07174002350204714
1274370368006955014,negative,0.02777063587028298
1274370368128667648,negative,0.08917284233375622
1274370368392908800,negative,0.006056515332418137
1274370368585764865,negative,0.17672755989941588
1274370370678767616,neutral,0.3691803082219684
1274370371148566528,negative,8.269755240680847e-05
1274370371421179904,negative,0.045771117299925335
1274370371588939782,negative,0.05215046279489233
1274370372264214535,negative,9.611420616327899e-06
1274370372650053632,positive,0.6841566130122761
1274370372805132288,negative,0.022907119750078545
1274370375116341249,negative,0.000102149435288236
1274370375841800192,negative,0.01197462814390098
1274370375921684480,negative,0.0002400857791051532
1274370375992868864,negative,0.0002617077110607775
1274370376248819713,positive,0.9785383096819075
1274370376332705792,negative,0.02851735010982696
1274370376399814657,negative,0.0018980158844752175
1274370376563339270,negative,0.018191370886849637
1274370376676651009,positive,0.6911048404917289
1274370376714387458,negative,0.327271646660478
1274370379306295300,negative,0.002284088023727909
1274370379642015744,neutral,0.42336205801399107
1274370379885293568,negative,0.09965753329704123
1274370379990081536,negative,0.0071786580794197955
1274370380417904646,positive,0.7599876205530595
1274370380480774148,negative,0.014133905232716477
1274370381017690120,negative,0.25957479080666296
1274370382884208640,negative,0.11221016636707735
1274370383463006208,negative,0.0001187224685029675
1274370384687706114,negative,0.00014060102526062643
1274370384872136706,negative,0.0011215207366607506
1274370384884838401,negative,0.07924123325474129
1274370384926781441,negative,0.0011215207366607506
1274370384972976131,negative,0.006676482875924144
1274370385094545409,negative,0.0016309027187468247
1274370385249779717,negative,0.05284178532323299
1274370387669893121,negative,1.5035196474193828e-10
1274370387942559744,negative,0.003368816176566307
1274370388156268544,positive,0.8585319019276769
1274370388240199685,negative,0.2999899357054138
1274370388408119297,negative,0.000102120942159438
1274370389372801024,negative,0.040043371852185546
1274370389611810819,negative,0.0009728648121375124
1274370391646101507,neutral,0.4780350104355538
1274370393160048640,negative,1.7296221681985026e-05
1274370393248272384,negative,0.0331971951986892
1274370393248354305,negative,0.0039829442984303885
1274370393307037698,negative,2.3152249095648573e-08
1274370393692913672,negative,0.004843091236173927
1274370393768419329,negative,0.04868413656103167
1274370394049384450,positive,0.9001245593505082
1274370396465311744,neutral,0.37263640682304644
1274370396867919872,negative,0.3103577684692953
1274370397006434305,negative,0.01648229972419678
1274370397149036546,negative,9.608445919907751e-05
1274370397161639937,negative,1.7240898212433143e-05
1274370397576802304,negative,0.0009238935006608018
1274370397945937927,positive,0.8585319019276769
1274370398025646080,negative,0.04868413656103167
1274370400030359554,negative,0.0007699370890113074
1274370400261156867,negative,1.9350717474478527e-05
1274370400500285441,negative,0.00019043274226571732
1274370400718221312,negative,0.0001109926171236319
1274370401687293952,negative,0.07998569771605683
1274370401829863425,negative,0.08023930523735376
1274370402131869699,negative,0.00639292300094138
1274370402454773761,negative,0.04868413656103167
1274370402471612417,negative,0.1943231180775727
1274370404199673856,negative,0.011448849023057617
1274370404723888129,negative,0.001616511283051386
1274370405009182720,negative,6.474814184817145e-08
1274370405013258240,negative,0.05168408425337356
1274370405659222018,negative,0.07509577442231544
1274370406418468873,negative,0.0037004992332772004
1274370406598742022,negative,1.1071183644491722e-08
1274370408343646208,negative,0.0005685813037834473
1274370408586924033,negative,0.2417208868741504
1274370408590999553,negative,0.00015328092236833836
1274370408607670274,negative,0.09965753329704123
1274370408788172800,negative,0.09874609166432909
1274370409933266944,negative,8.123347876440576e-05
1274370410088259586,negative,0.2417208868741504
1274370410490953734,negative,2.9294509237411067e-09
1274370412449849344,negative,0.13949552936821852
1274370412592447493,negative,0.008924740047096579
1274370412638502912,negative,0.03808132109721348
1274370412638621696,negative,0.14454883307334856
1274370412705492992,negative,7.471479947707327e-06
1274370412739256323,negative,0.13667868561580296
1274370412848218112,negative,0.005402909033626645
1274370412978286594,negative,0.22751820777506235
1274370413175414786,negative,0.00014459406381251767
1274370413347438592,negative,0.01140068344308785
1274370413972393990,negative,0.008617649646159286
1274370414307946497,negative,0.03670265262855258
1274370414479839232,negative,0.18639353091143715
1274370414693822472,negative,0.32679443142440595
1274370414781718528,negative,0.0019746725051334097
1274370414786023426,negative,0.01140068344308785
1274370416790974466,negative,0.001616511283051386
1274370417491423233,negative,1.527131548172372e-07
1274370418225414144,negative,0.03734718659479448
1274370418590257152,negative,9.782089804679564e-13
1274370419311742979,negative,0.00031664341689508044
1274370419483709442,negative,0.034687021815494365
1274370419601137664,negative,0.00027819694166770803
1274370420796514306,positive,0.8286012028805883
1274370421287202816,negative,0.0004387384155739454
1274370422063214598,negative,5.819025124785819e-07
1274370422126120960,negative,0.01024459341701663
1274370422440554497,negative,1.9682342839024566e-07
1274370423342247936,negative,0.006584055843032957
1274370423346495488,negative,0.04563109813005736
1274370423480778754,negative,0.04868413656103167
1274370423581442048,negative,0.0021625795954240763
1274370423615115264,negative,1.074513868187486e-05
1274370425108287490,negative,0.008162139720109506
1274370425309597698,negative,2.491296392425954e-05
1274370425519308801,negative,0.0076295408568590305
1274370425628372995,negative,0.01140068344308785
1274370426513379339,negative,0.29761571709333384
1274370427339649027,negative,0.04612135556977544
1274370429919072257,negative,0.03270865656503654
1274370430296612864,negative,1.1071183644491722e-08
1274370430418030592,negative,0.16990735680766014
1274370430661472262,negative,0.023566376190131896
1274370430770589696,negative,0.005229958811733803
1274370434088218625,negative,0.0004387384155739454
1274370434193072128,negative,0.18009643922747415
1274370434264375298,negative,0.19512902450161523
1274370434700460033,positive,0.9170933624814558
1274370434985857025,negative,0.007628685414413218
1274370435229024261,negative,0.01140068344308785
1274370435258429440,negative,2.2607703055852016e-05
1274370437946867712,negative,0.004843091236173927
1274370438366400513,negative,4.558541065584605e-11
1274370438840418306,negative,0.001616511283051386
1274370439008190464,negative,0.026096044567590824
1274370439318511625,negative,4.5696406943178995e-05
1274370439821787143,negative,0.05738731705847255
1274370441847566336,negative,0.29761571709333384
1274370442011316224,negative,0.00247334345657811
1274370442204262400,negative,0.0028779006780079394
1274370442212433920,negative,0.061373998146259816
1274370442753605632,positive,0.8167066301350949
1274370442980188160,negative,0.0001147039043508679
1274370443030519809,positive,0.8286012028805883
1274370443126943758,negative,0.10966635688105357
1274370443697434625,negative,0.00014459406381251767
1274370443730878464,negative,0.00047922606060738534
1274370443806457858,negative,0.00014459406381251767
1274370446088159232,negative,0.055162715980691446
1274370446314610694,negative,0.18500313104028862
1274370446348050432,negative,0.00871136587818132
1274370446704685059,negative,0.271581968949276
1274370447090515970,negative,8.269755240680847e-05
1274370447640051715,negative,0.0008784771921018535
1274370447677808641,negative,0.24490635741470296
1274370447757451264,negative,0.016744695634949014
1274370448180928512,negative,0.020384887355742974
1274370448214589441,negative,0.08023930523735376
1274370448353099777,neutral,0.49789225920557484
1274370449955315715,negative,0.08080185012420775
1274370450601246721,negative,0.04868413656103167
1274370450995449856,negative,0.25172277328579323
1274370451452633089,negative,0.13172800381638772
1274370451494580237,negative,2.6483642060587684e-05
1274370451540717571,neutral,0.3422707420485615
1274370452035719168,negative,0.0008267917685809908
1274370452715122689,negative,0.1390347568644172
1274370452836802562,negative,0.004843091236173927
1274370452874506248,negative,0.11221016636707735
1274370453021302784,negative,0.008634284237377344
1274370453482733576,negative,0.0826215971733313
1274370454699073536,negative,0.04612135556977544
1274370454753472512,negative,7.751663933091958e-06
1274370455567245313,negative,0.0016698454142805952
1274370456347389952,negative,0.02102601543626555
1274370456506839047,negative,0.01587785822281473
1274370456645181441,negative,0.07414693837176184
1274370456947175426,negative,0.003906608184926543
1274370457215676423,negative,0.15814241701701626
1274370459358900225,negative,0.00022130559554475027
1274370459694497794,negative,0.0436156495744784
1274370459774128128,negative,5.25933231523432e-06
1274370459891568645,negative,0.0005833353590071568
1274370460562661376,negative,0.05284178532323299
1274370461338664962,negative,4.7546816150902303e-07
1274370463079243783,negative,0.00517989528748498
1274370463381291013,negative,2.2607703055852016e-05
1274370463481856000,negative,0.0803497321273888
1274370463515283458,negative,0.15109532684671623
1274370463553249280,positive,0.7354636816357002
1274370463687421954,negative,0.04868413656103167
1274370463800741888,negative,0.007612603557993356
1274370463951716352,negative,0.15981380131195475
1274370467672076289,positive,0.6648845417055912
1274370468208939008,negative,0.0023763880365369615
1274370468217335811,negative,0.0002619169659521643
1274370468330512384,negative,0.004843091236173927
1274370468942839808,neutral,0.5729807937252911
1274370468984901632,negative,0.0007206278447072315
1274370469274234880,negative,0.31820487300311295
1274370471505559552,negative,0.005846307661460753
1274370472302477313,negative,0.0026916059222885673
1274370472411529218,positive,0.9988711711263578
1274370472805830656,negative,0.00014459406381251767
1274370473531408384,negative,0.0670873646882332
1274370475523747841,negative,0.05592593259625326
1274370476568182785,negative,0.014460568350630408
1274370477251866626,negative,0.00011769015856983588
1274370477784432641,neutral,0.46127768308170247
1274370478518538252,negative,0.11860690360669446
1274370480158498818,negative,0.2321892235535551
1274370480187809797,negative,0.0031504476904273783
1274370480238219265,positive,0.949654158291704
1274370480443703297,negative,0.04868413656103167
1274370480758194176,negative,0.02777063587028298
1274370480905097218,negative,1.4021772718539894e-05
1274370481051885569,negative,0.1005170429947453
1274370481265807361,neutral,0.3485767462693378
1274370481676828673,negative,0.2706870705315428
1274370484654739458,negative,0.03268538971593403
1274370484663201794,negative,0.00012968186952523811
1274370484889477120,neutral,0.33258108725288343
1274370485069979648,negative,0.03228424133501332
1274370485342568448,negative,0.005402909033626645
1274370485342605314,negative,0.055162715980691446
1274370485745311744,neutral,0.40623006246991744
1274370485749460993,negative,0.08023930523735376
1274370486114357251,positive,0.8494123918434753
1274370488203186177,negative,1.157691023603853e-05
1274370488345731072,negative,0.08575467508938993
1274370489016700930,negative,0.00871136587818132
1274370489083969537,negative,0.05431939966609225
1274370490153525248,negative,0.0436156495744784
1274370491902500864,negative,0.012198247919092395
1274370492296835073,negative,0.0004394050779459013
1274370492456206337,negative,0.07509577442231544
1274370492879769602,negative,0.31609996668142204
1274370493362114561,negative,8.214762203972116e-07
1274370493726904320,negative,0.13172800381638772
1274370493747953665,negative,0.1115737583083502
1274370494029053953,negative,1.612600296105982e-07
1274370494129745920,neutral,0.5112526064611215
1274370494838591494,neutral,0.5077652078687955
1274370496516304897,negative,0.0008495595372482709
1274370496621162497,negative,0.05833911388962381
1274370496784670721,negative,7.637110318257238e-05
1274370496830849024,negative,0.012920222750221649
1274370496851668994,negative,0.16990735680766014
1274370497162215424,negative,0.04868413656103167
1274370497770389505,negative,0.01140068344308785
1274370498026225665,negative,0.19100887337343067
1274370498063990787,neutral,0.504006196303942
1274370498068127751,negative,0.00012070427832631045
1274370498227511298,negative,0.05738731705847255
1274370498755952641,negative,0.00039616879466358246
1274370501041889282,negative,0.1144112494723962
1274370502077878272,positive,0.8297155112904245
1274370502262509568,negative,0.00014459406381251767
1274370504942469128,negative,3.10129595889369e-06
1274370505068498946,negative,0.06081655062018614
1274370505265553408,negative,0.002301304626199908
1274370505269817345,negative,0.003977858080382331
1274370505290715137,negative,0.0031061741318383863
1274370505307500545,negative,0.07509577442231544
1274370505466920960,negative,0.02442637758965308
1274370505580167168,positive,0.8002585490816346
1274370505752133638,negative,0.0014385367453438058
1274370506834292736,neutral,0.492542297276246
1274370509518647296,positive,0.9943230563395163
1274370509778624513,negative,0.275958358184994
1274370510302961665,neutral,0.59014558221084
1274370510349045762,negative,5.254260075498816e-05
1274370510470725632,negative,0.2044935214380634
1274370510575546368,negative,0.23540932660475059
1274370511041167360,negative,0.07273287776104852
1274370511242485767,negative,0.0015132653177792894
1274370513314418688,neutral,0.4294639395421672
1274370513431822336,negative,0.13405802329636726
1274370513469661191,negative,3.152855152215035e-05
1274370513532583938,negative,0.23893029526735762
1274370513649971200,negative,0.01024459341701663
1274370513796763648,negative,0.0008214185478966252
1274370513884897281,negative,0.05235741503585981
1274370513889038337,negative,0.2265214398966635
1274370514241421318,negative,0.004240333108101029
1274370514778292226,positive,0.9572347682085854
1274370517651337217,neutral,0.393291374208476
1274370517848424448,negative,0.01712196373987459
1274370517886214144,negative,0.03155037215181405
1274370517949177858,negative,0.00023198761488578908
1274370518246883328,negative,0.003222832135696301
1274370518263660544,negative,0.00838433704380922
1274370518557360136,negative,0.24151054019797136
1274370518632857600,negative,0.08501573180126992
1274370518829993986,negative,0.0007699370890113074
1274370519127687168,negative,0.004672710250015759
1274370519253618688,negative,4.7307100147131886e-05
1274370521354981376,negative,2.4578653481833425e-05
1274370521619193857,neutral,0.49789225920557484
1274370522881634307,negative,0.00046644295062475114
1274370523225640960,neutral,0.37137062280538924
1274370523280089089,negative,0.0015220263209095835
1274370525943513088,negative,0.04868413656103167
1274370526530715649,negative,0.07435016312101904
1274370526715293696,negative,0.2617748389724454
1274370526916554758,negative,0.07509577442231544
1274370527340175365,negative,1.1071183644491722e-08
1274370527596085248,negative,0.07509577442231544
1274370527671595013,negative,0.03303376407787172
1274370527914844160,negative,0.07799621176071189
1274370528095219714,negative,0.0011215207366607506
1274370530246828034,negative,0.022156212365644353
1274370530444021761,negative,0.1465194406799693
1274370530632781825,negative,0.04219643774495416
1274370530943152128,neutral,0.42755866745518784
1274370531123478528,negative,0.32222498302223057
1274370531530326017,negative,0.04612135556977544
1274370531966541833,negative,0.016263958978279505
1274370534407626753,neutral,0.5252899139995859
1274370534642458624,neutral,0.49789225920557484
1274370534667665408,negative,0.03053050701522048
1274370535506481153,negative,0.2158085699607354
1274370535980498951,negative,0.1801461484119052
1274370536148262918,negative,0.2512243101250744
1274370536269852674,negative,0.00011266593402301691
1274370536269897731,positive,0.7245684616512579
1274370538320904193,negative,0.011935030396267164
1274370538652270592,negative,1.88880111706951e-05
1274370539264458752,negative,0.30418018873563374
1274370539390480386,negative,0.023707666912211302
1274370539885342721,negative,0.0092744064496032
1274370540330012676,negative,2.8831829621415784e-05
1274370540350910466,negative,0.06351329199786099
1274370544025075712,negative,0.0798813010626473
1274370544406757379,negative,5.686518028202719e-06
1274370544453005312,negative,0.0017963022944715468
1274370544687812610,negative,0.02102601543626555
1274370547040870400,negative,1.1071183644491722e-08
1274370547514855426,negative,0.15922624373425048
1274370547518967813,negative,0.005127140029343927
1274370547661578241,negative,0.007679899197374162
1274370547871334400,negative,3.38794706851042e-05
1274370548248739848,negative,0.0008495595372482709
1274370548286533638,negative,0.24755922813320047
1274370548294922242,negative,1.2781801186223727e-07
1274370548387241991,negative,0.25393172981299134
1274370548571742211,negative,0.18795859623648656
1274370549058285572,negative,0.0041878813666704675
1274370549343453184,neutral,0.49789225920557484
1274370552745033728,negative,0.32518086574194754
1274370552799494146,negative,2.4447058241498496e-05
1274370552854016000,negative,0.00014459406381251767
1274370553311191041,negative,0.09965753329704123
1274370555634954241,negative,0.0009357721101924867
1274370556155101186,negative,1.9842755311421883e-08
1274370556360560641,negative,0.00028280405832034676
1274370556532383747,negative,0.11221016636707735
1274370556595523584,negative,0.04868413656103167
1274370559464349696,negative,0.005566997675351655
1274370559720042502,negative,0.0011215207366607506
1274370560110276615,negative,0.0004467296520135169
1274370561314115585,neutral,0.3341591587765123
1274370561490202624,neutral,0.46922865912216155
1274370563830697984,negative,0.02460594107704766
1274370564862377984,negative,9.782089804679564e-13
1274370565198041090,negative,6.371499778701729e-07
1274370565315289092,positive,0.818141824790354
1274370565399330816,neutral,0.6140708560953594
1274370565617315840,negative,5.094166772461122e-06
1274370567588675584,negative,9.782089804679564e-13
1274370568117248001,negative,0.2181245785185707
1274370568540864512,neutral,0.5250622712121751
1274370569199370246,negative,0.05738731705847255
1274370569518166016,negative,0.0005881791848059362
1274370569748852737,negative,0.051388735714927164
1274370571934072832,negative,0.00010415573343592948
1274370572114432000,negative,0.06474799853254441
1274370572428947456,negative,0.20480085806359788
1274370572651245568,negative,0.0011215207366607506
1274370573070749696,negative,0.11588689136082163
1274370573364342786,negative,0.009704346521561729
1274370573443858438,negative,0.00025841214023879336
1274370576384241664,negative,0.020162322037737594
1274370576585330688,neutral,0.40819334745054037
1274370576774201344,negative,0.0008042482247205651
1274370576803672065,negative,0.18097169728096155
1274370577067921408,negative,1.030142262770094e-05
1274370577344745472,negative,0.09428001437137988
1274370577378217985,negative,0.14952184235164906
1274370578019954689,negative,0.1069586842119138
1274370578020020228,negative,0.10075835874524237
1274370578179338241,negative,0.001336050273274555
1274370580377227267,negative,0.001784825433284775
1274370580498743296,negative,0.026809952490117188
1274370581140570113,negative,0.015548998880221356
1274370581211865094,negative,0.006676482875924144
1274370581270597633,negative,0.13056578482227565
1274370582050635778,negative,0.005962446048659673
1274370582214332417,negative,0.025782657113255805
1274370582394667008,negative,0.004887322158981
1274370582570831874,neutral,0.4330803760514346
1274370584751869954,negative,2.2607703055852016e-05
1274370584802099202,negative,0.05942892623855671
1274370585586479104,negative,0.10959463138292411
1274370586391674880,negative,1.1071183644491722e-08
1274370586463145985,negative,0.004401903367045296
1274370586962202625,negative,8.72965302300608e-05
1274370587109076994,negative,0.3206329904099258
1274370587230711809,negative,1.38615963271232e-09
1274370588900044802,negative,7.257702073620535e-07
1274370589252149249,negative,0.009516747196784824
1274370589382377473,negative,0.021742177510265318
1274370589726248960,negative,2.1008736448992062e-10
1274370589764001793,negative,1.4021772718539894e-05
1274370590753927169,negative,8.640799609418274e-05
1274370590774788097,negative,0.2417208868741504
1274370593220104193,positive,0.9897315457545046
1274370593635422208,negative,2.3106849692599853e-07
1274370593857683457,negative,0.06236727256066164
1274370593907978240,negative,0.08023930523735376
1274370593987743749,negative,0.04868413656103167
1274370594386165763,negative,0.023732173558476437
1274370594507837445,negative,8.123347876440576e-05
1274370594931462144,negative,0.008891223252066364
1274370597292847104,negative,0.13949552936821852
1274370597557067776,negative,0.007977770830218257
1274370597573865472,negative,0.0011215207366607506
1274370597724712960,negative,0.004843091236173927
1274370598311997440,negative,0.21663218523124433
1274370602602770432,negative,0.04612135556977544
1274370603097694208,negative,0.03359135293210584
1274370605505224704,negative,0.04868413656103167
1274370605828190209,negative,1.892256748334778e-05
1274370606168002561,negative,0.32663178561871703
1274370606545416199,negative,1.8702409184941465e-05
1274370606725844993,negative,0.08910843779033782
1274370607166164992,negative,4.174651168881723e-06
1274370609775104000,negative,0.13949552936821852
1274370610383261697,negative,0.20909803866801924
1274370610722988032,negative,6.830815839863297e-05
1274370610907545600,negative,0.06189280788715989
1274370610941104130,negative,2.8656526328885995e-06
1274370611696066560,negative,0.0004387384155739454
1274370611779952642,negative,0.0092744064496032
1274370611830239234,positive,0.8728658242327226
1274370611914199041,negative,0.11221016636707735
1274370613658992641,negative,0.07006980915700085
1274370613893832705,negative,0.23194151800205712
1274370613931651073,negative,4.663893300822379e-11
1274370614556602370,negative,0.00010472126609286544
1274370615802298369,negative,0.0007205096244652608
1274370615819096065,neutral,0.42222778552858603
1274370618260180992,positive,0.9997370820378277
1274370619170226176,negative,5.559012323407326e-05
1274370619279388673,negative,0.02201085893018373
1274370619694551043,negative,9.490155267443817e-05
1274370619719782400,negative,0.27932340766460667
1274370619723956226,negative,0.0003270585162502408
1274370619887489024,negative,0.23938048944106777
1274370622374674435,neutral,0.4449003680293143
1274370623603605508,positive,0.785234963980579
1274370623914024961,negative,2.2607703055852016e-05
1274370623943462919,neutral,0.37263640682304644
1274370624069283843,negative,0.018191370886849637
1274370624241102851,negative,0.0001392217815640514
1274370624476020742,negative,0.15777472152595248
1274370626485018626,negative,0.2181245785185707
1274370626757758977,negative,3.38794706851042e-05
1274370627445698562,negative,0.03535058755276094
1274370627743309824,negative,0.04612135556977544
1274370628003540992,negative,0.13605943737824092
1274370628041179136,neutral,0.43775766252172876
1274370628183715842,negative,0.011448849023057617
1274370628544376834,negative,0.11221016636707735
1274370635880443904,negative,0.012690009512474188
1274370636383739905,neutral,0.5467018084453114
1274370636408815617,negative,3.24805885246284e-11
1274370636509401089,negative,0.003222832135696301
1274370638602539012,negative,2.0022588720186444e-05
1274370639072309248,negative,0.007628685414413218
1274370639219089410,negative,0.024203214824836207
1274370639873355776,negative,1.2703354533826994e-05
1274370640305426432,negative,0.004486826046596714
1274370640468819970,negative,0.0007699370890113074
1274370640544296962,negative,1.1071183644491722e-08
1274370640649375745,negative,0.02102601543626555
1274370643342000135,negative,0.002725011681020114
1274370643501465601,negative,0.00160108897871989
1274370643673391105,negative,1.2142951356898647e-05
1274370644055072774,negative,0.18795859623648656
1274370644109475845,negative,0.0008784771921018535
1274370644763971585,negative,0.0052490569129828146
1274370645183418368,negative,3.6131098964029195e-11
1274370645372088320,negative,0.3181562748304692
1274370645443448833,positive,0.9689530504117043
1274370645476827139,negative,5.25933231523432e-06
1274370645644783621,negative,3.7986489746946426e-05
1274370647427362821,negative,0.00048023970705860257
1274370647737593856,positive,0.920697326819274
1274370647930605569,negative,0.05298486509314504
1274370648052293633,negative,2.5357927350839033e-08
1274370648308092935,negative,0.056634523800294545
1274370648337457153,negative,0.0020365961420647036
1274370648375095301,negative,0.00014459406381251767
1274370648480104449,negative,0.04868413656103167
1274370648639496192,neutral,0.5844952997138847
1274370649033768962,negative,2.931279538235397e-06
1274370649188859907,negative,1.3794169151264589e-11
1274370649260163073,positive,0.8368650475381282
1274370649331564546,negative,0.04690213109541052
1274370652267405312,neutral,0.4412369600608944
1274370652397592577,neutral,0.5734576952979002
1274370652435349504,negative,0.014952558366468466
1274370652485664771,negative,0.09048183242640705
1274370653190266881,positive,0.8286012028805883
1274370653530083329,negative,0.01852318198589248
1274370653563637762,negative,0.023566376190131896
1274370653643104256,negative,0.2417208868741504
1274370655971151872,neutral,0.38834407841832724
1274370656000512000,negative,0.32247832381643576
1274370656172310530,negative,1.1071183644491722e-08
1274370656415744002,negative,0.056634523800294545
1274370656491143168,negative,0.09428001437137988
1274370657430593537,negative,0.003722503096012636
1274370657539756039,negative,0.02545445313493427
1274370657556533249,negative,0.01242269936759853
1274370657787228160,negative,0.02702135830343616
1274370657808191488,negative,0.015063038548651141
1274370659838316544,negative,4.361421394108028e-09
1274370660224192513,negative,0.07357273963051428
1274370660823900161,negative,0.0015763897257860167
1274370661184659456,negative,0.03517411034203476
1274370661453049856,negative,0.0009475747249613342
1274370661469863939,negative,0.0018019543210365746
1274370661599895552,negative,1.882436134715422e-05
1274370661633458176,negative,0.0031504476904273783
1274370661792788482,negative,0.29761571709333384
1274370662300352516,negative,0.004843091236173927
1274370664519131137,negative,0.0008495595372482709
1274370664795910145,negative,0.18940534096773945
1274370665118863360,negative,0.019336112146524698
1274370665202810881,negative,1.1415828081567946e-05
1274370665269923841,negative,0.02062566971707907
1274370665425010689,negative,0.11884180554644665
1274370665643155458,negative,0.04868413656103167
1274370665840336898,negative,0.02545445313493427
1274370665974505473,negative,0.020006098081177908
1274370666343600128,negative,0.05942892623855671
1274370666364571652,negative,0.2923038008367135
1274370666435948544,negative,0.010819440747238727
1274370666469314560,negative,0.004843091236173927
1274370668457594882,negative,0.0011215207366607506
1274370668570836998,negative,9.232723659399524e-06
1274370668797329409,negative,0.003076772953040784
1274370669464166402,neutral,0.46598398918449585
1274370669703290880,negative,0.01140068344308785
1274370669707436033,negative,0.0002400857791051532
1274370670223396865,negative,0.0011932448869651758
1274370670449717248,negative,1.1071183644491722e-08
1274370670571462656,neutral,0.49789225920557484
1274370671003533313,negative,0.04868413656103167
1274370671016054784,negative,0.15941778271925092
1274370671494168577,neutral,0.49789225920557484
1274370671607513088,negative,0.001102310072806244
1274370672634949632,negative,0.1314479569890078
1274370672937054210,negative,1.6538629068436576e-05
1274370673322926080,negative,0.003222832135696301
1274370673457184770,negative,0.0004387384155739454
1274370673918578696,negative,0.1347284336584433
1274370674136678404,negative,0.11211298304992452
1274370674811904004,negative,0.05896163838954247
1274370674988126209,negative,0.02767837041596725
1274370675193585666,negative,0.009581080777797013
1274370677106245632,negative,1.8939985592987364e-05
1274370677227872261,negative,0.02102601543626555
1274370677458579456,negative,0.00409141323912462
1274370677806694402,negative,0.0004387384155739454
1274370678733627394,negative,0.02201085893018373
1274370678737731584,negative,1.1071183644491722e-08
1274370678800609281,negative,1.1071183644491722e-08
1274370681040506880,negative,2.0553359001787334e-05
1274370681090773000,negative,0.0038066524405460183
1274370681212481536,positive,0.7760361879853958
1274370681254350849,negative,0.009581080777797013
1274370682349064192,negative,0.01200124300474142
1274370682365849601,negative,0.019544565461810527
1274370685708767233,negative,0.013868832986484754
1274370686149165056,negative,0.00765980944235398
1274370686157557761,negative,0.007765812993251089
1274370686438555650,negative,0.001616511283051386
1274370686589558786,negative,0.01821613081843931
1274370686967001088,negative,0.04868413656103167
1274370687227047936,negative,0.0008252919320186454
1274370689336827906,negative,0.00014459406381251767
1274370689622052865,negative,1.8702409184941465e-05
1274370690716753920,negative,0.015808530631025348
1274370691144564737,negative,8.569161276732725e-13
1274370691148677121,negative,2.2607703055852016e-05
1274370691433934849,negative,0.03296427310095999
1274370692193177600,negative,0.0004364060721559902
1274370693631787009,negative,0.02738764886718594
1274370693635940353,negative,0.006087066361239501
1274370693702926336,negative,0.020006098081177908
1274370694277726208,negative,0.11221016636707735
1274370694701363206,negative,0.10188734314977094
1274370694755778560,negative,0.04868413656103167
1274370694797840386,negative,0.0092744064496032
1274370694948818944,neutral,0.3458414798855197
1274370695397625857,negative,0.0007206278447072315
1274370697922576384,negative,2.3235934721520664e-05
1274370698073473024,neutral,0.5517094704325533
1274370698241245184,negative,0.004271071493536792
1274370698266529793,negative,0.04868413656103167
1274370698358767617,neutral,0.37263640682304644
1274370698513985538,negative,0.0002400857791051532
1274370698623037441,negative,0.06557944966509824
1274370698979532803,negative,0.13949552936821852
1274370699029815296,negative,0.00394537089926196
1274370699197583363,negative,1.4315359113334307e-05
1274370699247996932,negative,0.21287450197836733
1274370699751305217,negative,0.0002619169659521643
1274370702108393472,negative,0.0028779006780079394
1274370702133596160,negative,0.07923234184904888
1274370702582452224,neutral,0.33009868004536
1274370702846672899,negative,0.001084644014956686
1274370702855024642,negative,0.005504141081871481
1274370703362572288,negative,3.8862536879463416e-08
1274370703635161089,negative,0.00014459406381251767
1274370703966552065,negative,0.002427297812808102
1274370706323714050,negative,0.2386794657560357
1274370706390814722,negative,0.012424822270041871
1274370707573653504,negative,0.00014459406381251767
1274370707741454341,negative,0.0011491652911187397
1274370710279016450,negative,1.1071183644491722e-08
1274370710509686790,neutral,0.37263640682304644
1274370710698438658,negative,0.0005755368404029225
1274370710857793539,negative,0.09819339168305305
1274370710916472833,negative,9.6704668484822e-07
1274370711038107649,negative,5.270634355221186e-05
1274370711235080192,negative,4.633640968126435e-06
1274370711331778561,negative,0.03005060275768275
1274370711558279168,negative,0.0011215207366607506
1274370711625269248,neutral,0.4780350104355538
1274370711725826048,negative,0.009104539034230797
1274370711763791873,positive,0.8168670945334474
1274370711772180486,negative,9.6704668484822e-07
1274370714578157569,negative,0.04868413656103167
1274370714812940288,negative,0.15941778271925092
1274370714913701890,negative,0.019544565461810527
1274370714926284802,negative,0.005402909033626645
1274370715228286982,negative,0.29761571709333384
1274370715278442496,negative,0.00015780592899662289
1274370715756695553,negative,0.004427865377390981
1274370715832266753,negative,0.01140068344308785
1274370718755586048,negative,0.0002004285524125006
1274370719195922434,negative,0.12246254160761673
1274370719397359623,negative,0.08910843779033782
1274370719716192259,neutral,0.46127768308170247
1274370720202661890,negative,0.008849020742602208
1274370720596926464,negative,1.404054265000646e-06
1274370720743583746,negative,1.1071183644491722e-08
1274370721020592128,negative,0.009167261591613362
1274370721167355907,neutral,0.3596528857181848
1274370721230270465,negative,0.0004387384155739454
1274370721297297410,negative,2.6348101963026247e-10
1274370721309917184,negative,0.0002142748871090228
1274370723306442753,negative,0.05567433912821214
1274370723348389893,negative,0.019325586389617778
1274370723562303490,negative,0.11221016636707735
1274370723897802752,positive,0.9540851606562943
1274370724489281538,negative,0.2117543436202725
1274370724736700417,negative,0.00014459406381251767
1274370724883501056,negative,0.0011064191245433934
1274370725001007104,negative,2.645393616908119e-07
1274370727265927174,negative,0.060570283811173756
1274370727924437000,negative,8.123347876440576e-05
1274370727945424896,neutral,0.33787071569071414
1274370728301903878,negative,0.275958358184994
1274370728356429824,negative,9.6704668484822e-07
1274370728649949186,negative,0.11221016636707735
1274370728809369600,negative,0.00029737758775855
1274370729472032768,negative,4.5124184978426024e-10
1274370729484578816,negative,0.005161048038189742
1274370729484734464,negative,0.00076161511547787
1274370729702756353,negative,0.001616511283051386
1274370731711717378,positive,0.7402925733296913
1274370731737075713,negative,0.2331611767301924
1274370731749658624,negative,0.018621091952989277
1274370731841712129,negative,0.2211841082333547
1274370731879563264,negative,0.0005833353590071568
1274370731879661571,negative,0.04480011720376883
1274370732580048896,negative,0.00041777378634683544
1274370733054078977,negative,6.70299985331878e-06
1274370735801335808,negative,0.0001039693115113849
1274370735843291138,negative,0.0004320517325332229
1274370735956463616,negative,0.024455025037451714
1274370736501796864,negative,2.4040505547919456e-10
1274370736766017536,negative,0.15042933119877602
1274370736988336128,negative,5.044100178097596e-05
1274370737013501953,negative,0.0011718149116090087
1274370737109901313,negative,0.00042444983907092524
1274370737457987584,negative,0.0017836654774499188
1274370739848671234,negative,0.001616511283051386
1274370739945308161,negative,0.006033564465305757
1274370740175994881,negative,0.08918637629663272
1274370740419268612,negative,0.2818835745283669
1274370740578639878,negative,0.04612135556977544
1274370740612149248,negative,0.012401771484309107
1274370740863807488,negative,0.00021141921140676293
1274370741035847681,negative,0.27472153398783433
1274370741580988418,negative,0.00041777378634683544
1274370741694316544,negative,0.000817278302750729
1274370741702705153,negative,0.12729525192630525
1274370741748690944,negative,0.07435016312101904
1274370741786607616,positive,0.6648845417055912
1274370743925649409,negative,0.00014459406381251767
1274370743967657984,negative,0.003222832135696301
1274370744324145153,neutral,0.41865862834863615
1274370744487751680,negative,0.304271920311573
1274370744558841856,negative,0.0028480157765644228
1274370744571637761,negative,0.3029968537174699
1274370744579956738,neutral,0.41284655950888277
1274370744932347904,negative,0.00022246749351172065
1274370745049780224,neutral,0.5109642830073995
1274370745104240641,negative,0.00022692323447054646
1274370745288851456,positive,0.6648845417055912
1274370745376923654,negative,0.02777063587028298
1274370745515356161,negative,0.12060371799465776
1274370745569693699,negative,0.0024740059679748986
1274370745603362816,neutral,0.5616511143517063
1274370748170338305,negative,5.099752467502575e-07
1274370748564594689,negative,0.05603558800133637
1274370748656697345,negative,3.152855152215035e-05
1274370748799422465,negative,0.04868413656103167
1274370748958806016,negative,0.04438177349714493
1274370749067862016,negative,0.05400707984480793
1274370749382483968,negative,0.0054895565276049
1274370749470519301,negative,0.02056889401137387
1274370749655068673,negative,0.06441863133120522
1274370749718020097,negative,0.009654859602035345
1274370750032621568,negative,0.18097169728096155
1274370750053523456,negative,0.08917284233375622
1274370752989536259,positive,0.7482996780025909
1274370753727692802,positive,0.9972833339877146
1274370757028712451,negative,0.0002400857791051532
1274370757037080576,negative,0.16073790539675403
1274370757049679872,negative,0.04088866341054002
1274370757150289921,negative,0.04868413656103167
1274370758068678657,negative,2.2059816455371842e-07
1274370758727385088,negative,0.08023930523735376
1274370761193594882,negative,5.25933231523432e-06
1274370761608871940,negative,0.0009728648121375124
1274370761910816768,neutral,0.3486953429079897
1274370762770653185,negative,0.18097169728096155
1274370762921652224,negative,0.11436965370568407
1274370764754616322,negative,0.22599287125737966
1274370764985303042,negative,0.0011215207366607506
1274370765476057089,negative,0.000803699497344841
1274370765618663425,negative,0.0798813010626473
1274370765786415104,negative,0.3263847105815961
1274370766352650240,negative,1.2783916648453987e-12
1274370766612684804,negative,0.001134192661552644
1274370766692286467,negative,0.24151054019797136
1274370766822182912,negative,0.0011215207366607506
1274370766952431616,negative,0.003046420644404445
1274370767178944512,negative,0.023566376190131896
1274370769133412358,negative,0.05284178532323299
1274370769200562179,negative,0.0771847225977192
1274370769213145088,negative,0.0031001565829781937
1274370769229930504,negative,0.14298577901424228
1274370770530193416,negative,0.07998569771605683
1274370770827870208,negative,0.023566376190131896
1274370770895024134,negative,0.015548998880221356
1274370773109465090,negative,0.29761571709333384
1274370773680107520,negative,2.2029519634048803e-06
1274370774044831744,negative,0.11221016636707735
1274370774133063680,negative,0.040259326183207426
1274370774477025280,negative,0.04868413656103167
1274370774795681793,negative,0.00014679979244155267
1274370775097753600,negative,0.03303376407787172
1274370775148003333,negative,0.0015083597574763621
1274370775471067138,negative,0.01140068344308785
1274370775643029504,negative,9.6704668484822e-07
1274370778100674562,negative,0.002284088023727909
1274370778704883717,negative,0.03579669282835909
1274370779183022080,negative,0.07509577442231544
1274370781598924805,negative,1.7240898212433143e-05
1274370781653299200,negative,0.13949552936821852
1274370782114779136,negative,0.002679295280533699
1274370782609772544,negative,3.045674326040002e-05
1274370783259832321,negative,0.00247334345657811
1274370783368929281,negative,0.03535367287060457
1274370785692594176,negative,0.004843091236173927
1274370785822605312,negative,0.0021625795954240763
1274370787617771522,negative,0.0005500612242291591
1274370787722637312,negative,1.2839385311609098e-10
1274370788087513089,neutral,0.49789225920557484
1274370788725067776,negative,0.0004387384155739454
1274370790096605184,negative,0.05748031792419575
1274370790109175808,neutral,0.411594083119197
1274370790125981696,negative,0.00040836930608484275
1274370790641696775,negative,0.004843091236173927
1274370790977388546,neutral,0.49114048206328076
1274370791191261184,negative,0.17587124345083127
1274370791233077250,neutral,0.653125891185729
1274370791254249472,negative,5.25933231523432e-06
1274370792059478023,negative,0.03083818385811634
1274370794257371137,negative,0.016108149003543727
1274370794450288640,negative,9.6704668484822e-07
1274370794802552834,negative,0.13949552936821852
1274370795968638976,negative,0.0003067755470552622
1274370796270555142,positive,0.8769377224608699
1274370796312580097,negative,0.005834100048800238
1274370798481014784,negative,0.052052947270393946
1274370799097569281,negative,0.02056482555547916
1274370799475085312,negative,0.17085650338555278
1274370800045264897,negative,9.666770509930041e-05
1274370800078983170,negative,0.16950611647168623
1274370802616590336,neutral,0.46318326475361027
1274370802884935682,neutral,0.4643844401771886
1274370803015004163,negative,0.052257187755110464
1274370803434323973,negative,0.0005384781578380798
1274370803883061248,negative,0.0007867109974798994
1274370803916816387,negative,0.0009901536663961645
1274370804592058368,negative,0.0045411604524316935
1274370806949326851,negative,0.08648317725097412
1274370807301648384,neutral,0.49789225920557484
1274370807318396928,negative,0.00014459406381251767
1274370807414882304,negative,0.0074877632480091
1274370807557427208,negative,0.004677255213006525
1274370807641378817,negative,0.05250382181698612
1274370807842693125,negative,0.04868413656103167
1274370808417263616,negative,0.07174002350204714
1274370811151990784,negative,0.007628685414413218
1274370811734958083,negative,0.00027819694166770803
1274370811940483073,negative,0.10285008320408684
1274370812003463173,negative,0.006336621665018431
1274370812036907008,negative,0.2376337649813871
1274370812460621828,negative,0.07917705969587278
1274370812481466370,negative,0.0024726703260292107
1274370812536070144,negative,0.00010780379895900118
1274370812728967170,negative,0.0012655814615645468
1274370815501512710,negative,3.7623368327167904e-07
1274370815589601281,negative,4.5237166791429805e-06
1274370815685996552,negative,0.022058174672311495
1274370815903977477,negative,0.06218831310773977
1274370816386519040,negative,0.0705048802520844
1274370816969281543,negative,0.0016044394289395124
1274370817216991233,negative,8.269755240680847e-05
1274370817237962755,negative,0.18009643922747415
1274370820345942017,neutral,0.36761872545407737
1274370820681408514,negative,0.09836141691618266
1274370820823973888,negative,0.010009800363835926
1274370821335789569,negative,0.2831891036741124
1274370821365129216,negative,0.0002400857791051532
1274370821918728192,negative,0.011202788640667266
1274370822015197187,negative,0.136910841193931
1274370824183730177,negative,0.04868413656103167
1274370824494100481,negative,5.640950985692981e-07
1274370824691163136,negative,0.0003123923339399208
1274370824775106562,negative,1.1071183644491722e-08
1274370824930287616,negative,0.0977746833973342
1274370827870507009,negative,0.020384887355742974
1274370828071829504,negative,0.13949552936821852
1274370828487004160,negative,0.04123526121462849
1274370828893855744,negative,0.11548398047099903
1274370829057511426,negative,0.030473202190131433
1274370829263015941,negative,0.09593279860983185
1274370829414006784,negative,0.0313711683671133
1274370829535436800,negative,0.2799852519493358
1274370832794615811,negative,0.0313711683671133
1274370832849162240,negative,0.00012725034647476801
1274370832870113280,negative,0.2321892235535551
1274370833000075269,neutral,0.59014558221084
1274370833444671488,negative,0.011448849023057617
1274370833734131713,negative,0.00014459406381251767
1274370833797054466,negative,0.003065677059359148
1274370834157756417,negative,9.226925196825632e-08
1274370834413629451,negative,0.0004387384155739454
1274370836183617537,negative,1.9684284881358229e-10
1274370836774830085,negative,0.0049024829505844945
1274370836858916868,negative,0.054356328111023006
1274370837135704064,negative,0.16603741830175575
1274370837316014080,negative,0.1300156635627105
1274370837328650241,negative,2.2607703055852016e-05
1274370837928427523,negative,0.0011932448869651758
1274370838108790784,negative,0.23215121556201745
1274370838167531520,negative,0.00267044935370311
1274370841132830720,neutral,0.4766795874967358
1274370842202222592,negative,0.02947751795762648
1274370844668555264,negative,0.1608681682475487
1274370844731604993,negative,0.007491521322046926
1274370846006685696,negative,0.0008784771921018535
1274370846187040770,negative,0.0011215207366607506
1274370846346313730,negative,0.0002559210276416557
1274370846371516416,negative,0.0624398915634565
1274370846610673669,negative,9.6704668484822e-07
1274370846698745856,negative,0.023566376190131896
1274370848934236165,negative,8.140357657066752e-06
1274370848997216258,neutral,0.3448789537043245
1274370849215328257,negative,0.1298236420734667
1274370849231958016,negative,1.1071183644491722e-08
1274370849525641216,negative,0.00013270355930581986
1274370849550655488,negative,0.0007699370890113074
1274370849789730817,negative,0.29465658300290515
1274370850305773568,negative,0.00989402151345549
1274370853048913927,negative,0.0012864135664527618
1274370853178875905,negative,0.007977770830218257
1274370853267005442,negative,0.0018876716996274199
1274370853321322500,negative,0.10181136206043566
1274370853573021697,negative,1.1071183644491722e-08
1274370853669666817,negative,0.00014459406381251767
1274370853967446017,negative,0.049027083336904226
1274370854487539718,negative,6.425747005756438e-05
1274370854810529792,negative,0.024934362757935043
1274370854953144322,negative,0.0002619169659521643
1274370855070502912,negative,0.04047531757337936
1274370857142562816,negative,0.0002142748871090228
1274370857184485380,negative,0.00040074862037186486
1274370857373229056,negative,0.0024670564989367648
1274370857993940993,negative,0.11485257893461909
1274370861202575361,negative,0.0076114034779130695
1274370861311692800,negative,0.02201085893018373
1274370861605228551,negative,0.03838693777977122
1274370861756289025,negative,0.004681770518023966
1274370861798174722,negative,0.14197236713123318
1274370861806452739,negative,0.004843091236173927
1274370861852758016,positive,0.8604368588799834
1274370861957611522,negative,0.16181207102358178
1274370862070857730,negative,0.015682645292981887
1274370862544756736,negative,0.04957211659758386
1274370862980857858,negative,0.19471960230318192
1274370865522708487,negative,3.246629193788248e-06
1274370865816375296,negative,0.18097169728096155
1274370866420252672,negative,0.07511494420271322
1274370866512609280,negative,0.00030373989889860776
1274370866667716608,negative,0.012199764097830164
1274370866797830148,neutral,0.49789225920557484
1274370866990776323,negative,0.21285288727602453
1274370867061854209,negative,0.13949552936821852
1274370867082887168,negative,1.1071183644491722e-08
1274370867204624390,negative,0.03293155874017382
1274370867301146624,neutral,0.49789225920557484
1274370870358630402,negative,0.25737877578022383
1274370871298265091,negative,0.2211841082333547
1274370871600328706,negative,6.632095094392206e-10
1274370871810052096,positive,0.9697639841937422
1274370871973629952,negative,2.6797714425769e-05
1274370872137125888,negative,0.01413859670092095
1274370874079170560,negative,0.00039575953511557916
1274370874263711746,negative,0.24071787314783377
1274370874431492096,negative,0.013533998548924031
1274370874469232641,negative,0.0005833353590071568
1274370874779619328,neutral,0.49789225920557484
1274370875073183746,negative,0.003065677059359148
1274370875110940673,negative,2.2607703055852016e-05
1274370875618398213,negative,2.787297328760927e-09
1274370875740037121,negative,1.612600296105982e-07
1274370878080458753,negative,0.07998569771605683
1274370879171039232,negative,0.2697656017740934
1274370879334596610,neutral,0.41901263796461236
1274370880408256512,negative,2.2607703055852016e-05
1274370880416727040,neutral,0.49789225920557484
1274370880634867713,negative,0.05738731705847255
1274370882270425088,negative,0.004843091236173927
1274370882555740161,negative,0.005480982992513094
1274370882794860544,negative,0.02102601543626555
1274370882832654337,negative,0.04868413656103167
1274370883046510595,neutral,0.5464423174801689
1274370883281457153,negative,0.020926207262225972
1274370883293974531,negative,0.06634828161694975
1274370883809947651,negative,0.011072112841427813
1274370883906347009,negative,0.2374667642763021
1274370884258746375,negative,0.0798813010626473
1274370884334018560,negative,0.0011215207366607506
1274370884627763200,negative,0.010882624157163888
1274370884669714432,negative,0.02102601543626555
1274370886984966147,negative,8.72965302300608e-05
1274370887001821184,negative,0.0012501975498785843
1274370887274414084,negative,0.02331478267846847
1274370887295401990,negative,0.0008495595372482709
1274370887731630082,negative,1.1071183644491722e-08
1274370887744192512,negative,0.09078557334535371
1274370888981504002,negative,0.01140068344308785
1274370890680152064,negative,0.046808443989356005
1274370890864766977,negative,4.338368524760216e-06
1274370891149910016,negative,0.13949552936821852
1274370891187707904,negative,0.005127140029343927
1274370891284123649,negative,0.007791838554897857
1274370891560955906,negative,0.00267044935370311
1274370891716202496,negative,0.0513916541575717
1274370892118798336,negative,0.0005272297034888572
1274370892139769856,negative,0.06265877801741036
1274370892227887105,negative,0.0009728648121375124
1274370892487892994,negative,0.25683350113687525
1274370895000342529,negative,0.08917284233375622
1274370895658782721,negative,0.02777063587028298
1274370895755333636,negative,0.0008784771921018535
1274370895868461058,positive,0.9997370820378277
1274370896120037376,negative,1.6524765217156766e-05
1274370896250232835,negative,0.0003391657882690361
1274370896275410944,neutral,0.4427640437539707
1274370896434655232,negative,7.555411614435232e-08
1274370896833191941,positive,0.9677564196682942
1274370899358203904,negative,0.01140068344308785
1274370899408564225,negative,0.05603558800133637
1274370899454689287,negative,0.02316593076191137
1274370899815346177,negative,0.007374370827635076
1274370899991461888,negative,0.0004387384155739454
1274370900062846977,negative,3.0251001388843692e-06
1274370900146753536,negative,0.005127140029343927
1274370900196982784,negative,9.16927964811759e-05
1274370900566118400,negative,2.2607703055852016e-05
1274370900826169344,negative,0.023566376190131896
1274370900926836738,negative,0.11454185142299539
1274370903309201409,negative,0.001616511283051386
1274370903418134529,neutral,0.38397652281133193
1274370903833489416,negative,0.0005285889969342837
1274370903967752192,negative,0.24151054019797136
1274370903984529410,negative,0.02102601543626555
1274370904093593600,negative,0.275958358184994
1274370904169078785,negative,0.004420848876993683
1274370904252919808,negative,0.0033120343898480897
1274370904752078850,negative,0.0677384739065384
1274370904785551361,negative,0.1380537399731218
1274370905326727169,negative,0.00014459406381251767
1274370907646103559,negative,0.11454185142299539
1274370907730042882,negative,0.1538395079979536
1274370908166242305,negative,0.04868413656103167
1274370908355006466,negative,0.0742542266594267
1274370908753362945,negative,0.03321285338615686
1274370911504863232,negative,0.00025995428544422664
1274370911563591681,negative,0.008156827172400112
1274370911915868163,negative,0.2095701248181621
1274370912532520972,negative,0.0008495595372482709
1274370913010692096,negative,0.0637356797927094
1274370913174200321,positive,0.9943230563395163
1274370913228730368,negative,0.3107130792550008
1274370913346162689,negative,0.00030373989889860776
1274370913471995905,negative,3.2739570173855878e-06
1274370914071740418,negative,0.00028280405832034676
1274370914142969857,negative,1.2506262769448032e-06
1274370916647141376,negative,1.5789684413045925e-08
1274370916735123458,negative,0.00014459406381251767
1274370916768796672,negative,0.0005833353590071568
1274370917435670529,negative,0.017369464338187948
1274370917599232001,neutral,0.5111067556059521
1274370918253543424,negative,2.6483642060587684e-05
1274370918597394434,positive,0.9903699772518526
1274370918794629121,negative,0.11221016636707735
1274370920287817730,negative,0.00037637252543658783
1274370920337911809,neutral,0.437369725752128
1274370920539439104,negative,0.05284178532323299
1274370920724017152,negative,0.06423748052812772
1274370920799449093,negative,0.06724613719575663
1274370921176891395,negative,9.16927964811759e-05
1274370921189519365,negative,0.0008495595372482709
1274370921525100545,negative,0.04612135556977544
1274370921906798597,negative,0.00910050524566042
1274370922116534272,negative,0.04868413656103167
1274370922296868866,negative,0.1720767428995029
1274370923005644801,negative,0.0029010872872138648
1274370924217761796,neutral,0.49789225920557484
1274370924561805318,neutral,0.4513605618894927
1274370924708614146,neutral,0.5844952997138847
1274370924742094848,negative,0.07327654202549114
1274370925081833472,negative,4.787611258060164e-06
1274370925148934144,positive,0.9972833339877146
1274370925182492673,negative,0.0004436946531735888
1274370925316788230,positive,0.9999996059429387
1274370925883002882,negative,5.2701613720231017e-05
1274370926243655680,negative,2.964995252907845e-05
1274370929553027073,neutral,0.3668484553569893
1274370929561387010,negative,0.1465194406799693
1274370929779490817,negative,0.013936139273256595
1274370929888559104,negative,0.04950367973121638
1274370930572005377,negative,0.1897120259560121
1274370932489031683,negative,0.00022357684500301294
1274370933130739721,negative,0.00012552622990966676
1274370933436923905,positive,0.956225983204194
1274370933969629187,negative,0.004336759619212892
1274370936968527874,neutral,0.33787071569071414
1274370937245351939,negative,5.507364702208033e-05
1274370937308274693,positive,0.8938521463493477
1274370937538953217,negative,2.2607703055852016e-05
1274370937572515841,negative,0.01140068344308785
1274370938449076225,negative,0.0771847225977192
1274370938495262720,negative,0.22915103025480452
1274370938541400066,negative,0.0008495595372482709
1274370938688200704,negative,0.0017351621898246683
1274370938738561024,positive,0.9999208140598085
1274370941313662976,neutral,0.36693669880798785
1274370941347389445,negative,0.00028280405832034676
1274370941460656128,negative,1.862719962006821e-08
1274370941657600001,negative,0.00028795383148274846
1274370941745876992,negative,1.1071183644491722e-08
1274370942098198530,negative,0.0024476866107465594
1274370942257393665,negative,0.004486826046596714
1274370942299443203,positive,0.9956207468520586
1274370942458716160,negative,0.00020479812569071105
1274370942505037824,negative,0.00014459406381251767
1274370942676930561,negative,0.1266919358380019
1274370942999945216,negative,0.03808132109721348
1274370945617100800,negative,0.00014459406381251767
1274370946103750657,negative,0.18097169728096155
1274370946116222976,negative,0.009371930848625634
1274370946216968192,negative,0.048352136894962996
1274370946409869313,positive,0.7940174640386896
1274370946904682497,negative,0.00023274909006040133
1274370949719175169,negative,0.17981282980503863
1274370949790515201,negative,0.0012864135664527618
1274370950126059521,negative,0.2211841082333547
1274370950419689478,negative,0.0025244154240155283
1274370950440648704,negative,0.018191370886849637
1274370950541312001,negative,0.018275146134870145
1274370951652667397,negative,1.1071183644491722e-08
1274370952097411073,negative,0.21330802714867098
1274370952143474688,negative,0.0004387384155739454
1274370953741557767,negative,0.16099229647033406
1274370954165129216,negative,1.667896259138267e-05
1274370954722975746,negative,0.05130548781365136
1274370954924261376,neutral,0.49789225920557484
1274370954936942592,negative,0.10188734314977094
1274370955364773894,negative,5.692839550525292e-09
1274370956035796993,negative,0.28421185431268287
1274370956061028360,negative,0.0018172382370335916
1274370956140728322,negative,0.07998569771605683
1274370957633818629,negative,0.15605490955726845
1274370957998686208,negative,0.020234743285630477
1274370958074265600,neutral,0.393291374208476
1274370958321745926,negative,0.010338619317378296
1274370958539841540,negative,0.032512352716893504
1274370958804090880,negative,0.1497303908161277
1274370959122800641,negative,0.038153568964844585
1274370959290568704,negative,1.9027470190114964e-05
1274370959429046273,negative,9.782089804679564e-13
1274370959877853185,negative,0.02102601543626555
1274370962507665409,neutral,0.3499352441185855
1274370962969038849,negative,0.0009475747249613342
1274370963090681856,negative,0.0004387384155739454
1274370963287744512,neutral,0.6478996888377812
1274370963422003203,negative,0.0022398013687650433
1274370963581394944,negative,0.12825308506051825
1274370963757576192,negative,0.003222832135696301
1274370964067934214,negative,0.0747689754042653
1274370964218929152,negative,0.013544511323883292
1274370966970347520,negative,0.007537542262960305
1274370967444295681,negative,0.22082230916661
1274370967490494465,negative,0.03123867133853928
1274370967511408649,negative,0.22885027527421328
1274370967544852480,negative,0.020384887355742974
1274370967813468161,negative,0.21539775187111218
1274370967897325574,negative,0.02102601543626555
1274370970321653760,negative,2.2607703055852016e-05
1274370970632011777,neutral,0.3398307959813537
1274370970812321795,negative,0.03618354103856943
1274370971315642369,negative,0.010984896594193893
1274370971365851136,neutral,0.35852963886964156
1274370971634479106,negative,0.07615328446922616
1274370972179673088,negative,0.11531206543918708
1274370972238348288,negative,0.2697965898796189
1274370974553686016,negative,0.003401178487566604
1274370974914433028,negative,0.040625020652657454
1274370975073808385,negative,0.004843091236173927
1274370975233191936,negative,9.782089804679564e-13
1274370975543578624,negative,0.01140068344308785
1274370975791013889,neutral,0.5734576952979002
1274370976688545799,negative,0.05284178532323299
1274370976969523202,negative,1.1071183644491722e-08
1274370978651480064,negative,2.2607703055852016e-05
1274370978735407104,negative,1.7240898212433143e-05
1274370978752192515,negative,0.13949552936821852
1274370979377156096,negative,0.1484692067977948
1274370979834232833,negative,0.058535145031571936
1274370979951714304,neutral,0.40723061907435465
1274370979972755457,negative,0.15735347160600188
1274370980266291202,negative,0.16181207102358178
1274370980316614656,negative,0.0004028091232556033
1274370980421361665,negative,0.002284088023727909
1274370983311421440,negative,0.04868413656103167
1274370984229908482,negative,0.001474985317123291
1274370984389128195,negative,0.0011215207366607506
1274370985077202945,negative,0.2795253156138551
1274370985194553347,negative,0.23540932660475059
1274370987207938051,negative,0.023566376190131896
1274370987669237761,negative,7.215541120391506e-07
1274370987874832388,negative,0.013148374133923238
1274370988197777408,negative,0.2527519651762901
1274370988315115520,negative,0.09988079043538062
1274370988340207622,negative,6.46589107346802e-11
1274370988751368195,negative,0.005402909033626645
1274370992010399744,neutral,0.46598398918449585
1274370992169721858,negative,0.0004387384155739454
1274370992291434496,negative,0.00014459406381251767
1274370992320794625,negative,7.245202713897414e-05
1274370992354230278,negative,0.005447037077934318
1274370992467517440,negative,0.20631237765446475
1274370992849256451,negative,0.05250382181698612
1274370992928772096,negative,0.009886347585916493
1274370992928948229,negative,0.0005833353590071568
1274370993172230147,negative,0.2527519651762901
1274370994828951553,negative,0.015319396161937537
1274370995739115520,negative,0.02545445313493427
1274370995776704516,negative,0.0011132991125970887
1274370996175360001,negative,0.0005500612242291591
1274370996619939841,negative,0.0028779006780079394
1274370996691230721,negative,0.019544565461810527
1274370997043580928,negative,0.07795773486418327
1274370997144166404,negative,0.01140068344308785
1274370997299433472,negative,0.0637356797927094
1274370999774044168,negative,0.0008577138133349334
1274371000130572289,positive,0.7317891437544652
1274371000226938883,positive,0.7690362510244284
1274371000390627328,positive,0.7022689938172346
1274371000411525120,negative,0.014133905232716477
1274371000751308800,negative,0.2548526460067614
1274371002261213188,negative,0.2414702675051878
1274371002479382529,neutral,0.393291374208476
1274371002781270016,negative,0.007923927427522025
1274371003246874625,neutral,0.33402218903110614
1274371004907892738,negative,0.04868413656103167
1274371005054627840,negative,0.00010472126609286544
1274371005109190658,neutral,0.5572402996324984
1274371005272723459,negative,0.02602643874306547
1274371005360857089,negative,1.3641572947489107e-05
1274371005709004800,negative,0.11221016636707735
1274371005759307777,negative,0.04868413656103167
1274371005834768385,negative,0.14660485397003536
1274371006031749121,negative,0.03497882720784194
1274371006187143168,negative,0.0003969260820024506
1274371008141680640,negative,0.04868413656103167
1274371008179384326,negative,0.09385727834458585
1274371008657416192,negative,1.1071183644491722e-08
1274371009643253760,negative,0.000649723920171027
1274371009689325568,negative,0.05942892623855671
1274371010045894657,negative,8.269755240680847e-05
1274371010125496320,negative,0.01140068344308785
1274371010368729088,negative,0.03482811346714046
1274371013275529216,negative,0.005834100048800238
1274371013359423488,negative,0.04996797226506009
1274371013573111808,negative,0.004843091236173927
1274371013665386499,positive,0.7640460360575336
1274371014064037889,negative,0.008448313359770379
1274371014370177025,negative,0.0015569615207670219
1274371017021030401,negative,7.378820800345565e-05
1274371017130082306,negative,0.0019233929657328222
1274371017448796161,negative,0.004465513649099714
1274371017536933888,negative,0.1607098517142231
1274371017562038272,negative,0.04631295580988891
1274371017981546496,negative,0.00048023970705860257
1274371018082181120,negative,0.15928799280852105
1274371018342236161,negative,0.011423593639895651
1274371020510633985,negative,0.0035743541070447173
1274371020808499200,negative,1.1686495568311195e-05
1274371020938522624,negative,0.04868413656103167
1274371021383049219,negative,0.0044199928862410885
1274371021622124544,negative,0.1999446321019576
1274371021701816320,negative,0.0008159146743565882
1274371021924110342,negative,2.2520760164211262e-07
1274371021953523714,negative,0.04868413656103167
1274371022268104704,negative,0.04868413656103167
1274371022351994882,negative,0.06242241308467077
1274371024990220288,negative,1.795369083693654e-07
1274371025074114560,negative,0.0021762297139078604
1274371025275367424,neutral,0.5081296200201159
1274371025388609541,negative,0.000987226077217693
1274371025543798796,negative,0.024934362757935043
1274371025606791168,negative,0.0009402167971455335
1274371025636032513,negative,1.2442222938694917e-08
1274371026210697216,negative,3.3204148200312133e-09
1274371026344792065,negative,0.2976973173523093
1274371026395320325,negative,0.003388901840816198
1274371029264207874,negative,0.15886491439826217
1274371029427728385,negative,0.012139490342825207
1274371029486284800,negative,0.0011846665405725316
1274371029645787137,negative,0.04868413656103167
1274371029662674944,negative,0.04868413656103167
1274371029821845504,negative,5.692839550525292e-09
1274371029985644544,neutral,0.49789225920557484
1274371030006595584,negative,0.0016472929366763865
1274371030052528128,negative,0.0009177032978133025
1274371030270820359,negative,0.04868413656103167
1274371030610579456,negative,0.013892735514889868
1274371031084515329,neutral,0.46598398918449585
1274371033378807810,negative,0.15928799280852105
1274371033701576705,negative,1.1071183644491722e-08
1274371034775314433,negative,1.1071183644491722e-08
1274371034888704001,negative,0.02102601543626555
1274371034997829634,negative,0.04868413656103167
1274371035425628162,negative,0.05694114302368464
1274371035589152768,negative,1.4654018913155888e-05
1274371035878522881,negative,0.002407049441370978
1274371037778587649,negative,0.04612135556977544
1274371038005153792,negative,3.38794706851042e-05
1274371038416175104,negative,0.0025518932188973737
1274371038684430336,negative,0.023922044022621415
1274371038915280900,negative,0.0122621346674798
1274371039091462145,negative,0.09977246573008015
1274371039267631104,negative,0.05284178532323299
1274371039384834049,negative,1.9360085293063114e-10
1274371041805172738,neutral,0.6007696684748381
1274371042027491328,negative,0.18009643922747415
1274371042031656961,negative,1.270770558906813e-08
1274371042371342338,negative,0.21008354798384332
1274371042522398720,negative,0.05592593259625326
1274371043164110848,neutral,0.3856542388232234
1274371043189313544,negative,6.622784551431986e-05
1274371043797471238,negative,0.00029787951984732905
1274371046301368323,negative,1.0275548099581985e-10
1274371046599262210,negative,0.0002142748871090228
1274371046838337536,positive,0.8627886638596638
1274371047039676417,neutral,0.5112526064611215
1274371047064842240,negative,4.363257631511972e-05
1274371047349981186,negative,0.01024459341701663
1274371047530344450,negative,0.04040299124592955
1274371047677136898,negative,0.01140068344308785
1274371049971503104,positive,0.9848345625434974
1274371050302734337,negative,0.0036794060911259645
1274371050751623168,negative,0.1465194406799693
1274371050831216641,negative,0.0005685813037834473
1274371050969628673,neutral,0.6479977453626837
1274371051108122624,negative,0.06081655062018614
1274371051598884864,negative,0.0005922380310637912
1274371051728908290,negative,0.0019746725051334097
1274371051796025347,positive,0.9958875764628449
1274371052630618114,negative,0.00011137702152300328
1274371052827586560,negative,0.00017341060459887065
1274371053364686848,neutral,0.4687743928819027
1274371055289880577,negative,0.15936282025988954
1274371055524761601,negative,0.0004387384155739454
1274371055730245632,negative,6.1884970511474605e-06
1274371056002912262,negative,0.04868413656103167
1274371056342532103,positive,0.897740620973573
1274371058578137088,negative,0.00517989528748498
1274371058645135360,negative,0.0004387384155739454
1274371058695655424,negative,2.787297328760927e-09
1274371059261804545,negative,0.0011215207366607506
1274371059433844737,negative,0.00010472126609286544
1274371059731566595,negative,0.29761571709333384
1274371059970605056,negative,1.0488260804181811e-05
1274371059979091970,negative,0.007628685414413218
1274371062629830658,positive,0.9633894245446962
1274371062868914176,negative,0.007977770830218257
1274371063032537095,neutral,0.6560340869524575
1274371063472967681,negative,0.0009022076259654234
1274371063699378184,negative,0.15920737398826748
1274371063720357890,negative,1.6095279584969824e-05
1274371064697688071,positive,0.7495643228861426
1274371068107636737,negative,1.5818119335556023e-10
1274371068267048966,negative,1.270770558906813e-08
1274371068313165827,negative,0.0011199818852058363
1274371068719964162,negative,3.535934474168851e-05
1274371070917857280,negative,1.1498068270653244e-05
1274371071362445313,negative,0.05077236110814375
1274371071693783041,neutral,0.5467018084453114
1274371072041910274,negative,5.747009626347392e-06
1274371073203736576,positive,0.8751836863008985
1274371073488928768,neutral,0.34863575873693914
1274371075351207936,negative,0.03129081264802099
1274371075548291072,negative,1.954367259475363e-05
1274371075573460993,negative,0.028377936013313267
1274371075611205634,negative,0.0004405253644367079
1274371075892228099,negative,0.01556616790907925
1274371076605259776,negative,0.007977770830218257
1274371076722765824,negative,0.1801461484119052
1274371079918751744,negative,0.26691563900368653
1274371080136855554,negative,0.00025995428544422664
1274371080308867079,positive,0.8694000992716342
1274371080665419778,neutral,0.46598398918449585
1274371080719826948,negative,0.18511773339328993
1274371081651064833,negative,0.0004387384155739454
1274371083702075396,negative,0.21330802714867098
1274371083899191307,negative,1.1586116731873428e-06
1274371083941163008,negative,1.5995530826679186e-09
1274371084041834497,negative,0.01986346689579956
1274371084574437376,negative,0.0008495595372482709
1274371084650000386,negative,2.9664025320092083e-07
1274371084796727304,negative,0.0004387384155739454
1274371084947767297,negative,0.0020787803528500106
1274371085023281152,neutral,0.3771543591091388
1274371085371408384,negative,0.00027074620340590284
1274371085526609920,negative,0.05592593259625326
1274371085623078912,negative,0.0042399598217259344
1274371087904669696,negative,0.00014608483635674007
1274371088332533762,negative,0.11640898896122052
1274371088617783298,negative,0.015548998880221356
1274371088626130945,negative,0.04868413656103167
1274371088932356098,negative,0.003858229204961211
1274371088999419906,negative,0.019702940999967923
1274371089142087684,positive,0.956225983204194
1274371089364398081,negative,0.01556616790907925
1274371089544683528,negative,0.03685156720110343
1274371091998429185,negative,0.04868413656103167
1274371092224843776,negative,0.00267044935370311
1274371092266844162,negative,0.08646443265598618
1274371092333944836,negative,0.275958358184994
1274371092505923584,positive,0.8585319019276769
1274371092577169409,negative,0.0008495595372482709
1274371092656779264,negative,0.001616511283051386
1274371092790906882,negative,0.0015569615207670219
1274371093059551233,neutral,0.49789225920557484
1274371093218942976,negative,1.1127028700507744e-05
1274371093273419782,negative,0.01063908873679897
1274371093680271360,neutral,0.5136446707795853
1274371093730455557,negative,9.16927964811759e-05
1274371093793562625,negative,2.3106849692599853e-07
1274371096352043014,positive,0.9909980962122771
1274371096704356352,negative,0.015548998880221356
1274371096947630083,negative,1.1359100961854273e-05
1274371097228709889,negative,0.044888411498919464
1274371097794936832,negative,0.08880730018521368
1274371097870258182,negative,0.2451093696687996
1274371100512837632,negative,1.270770558906813e-08
1274371101162962944,negative,0.15922624373425048
1274371101188128768,negative,0.009932906980315596
1274371101318164480,neutral,0.46127768308170247
1274371101414604807,negative,3.95521182502381e-12
1274371101481668609,negative,0.0040693672303993445
1274371101888516097,negative,0.00014459406381251767
1274371102245085185,negative,0.057414559448511496
1274371104610693120,negative,0.0005685813037834473
1274371104677691396,negative,0.04868413656103167
1274371104950403073,negative,0.13949552936821852
1274371105390821381,negative,0.044666830704119614
1274371105420173314,negative,0.07327654202549114
1274371105478893568,neutral,0.4654682893819341
1274371105638268930,negative,0.01522981827438697
1274371105785028610,negative,0.0008495595372482709
1274371109027229696,negative,0.04868413656103167
1274371109056589824,negative,0.0003280316583770382
1274371109291524104,neutral,0.367723429618483
1274371109400596480,negative,0.01556616790907925
1274371110197506048,negative,7.210112646156824e-06
1274371110243573761,neutral,0.6088360111176391
1274371110411395073,negative,0.060464912126490196
1274371111040532483,negative,0.02690577183893857
1274371112990883843,negative,5.692839550525292e-09
1274371113049567232,negative,9.16927964811759e-05
1274371113078919170,neutral,0.35577744981471515
1274371113439682563,negative,9.6704668484822e-07
1274371113741672449,negative,0.11310257210245594
1274371114228166664,negative,2.8656526328885995e-06
1274371115234754560,negative,0.05856538091276087
1274371117550129153,negative,0.09965753329704123
1274371117801787393,negative,0.009039159367626181
1274371117839417344,negative,0.01183484150384808
1274371117931782152,negative,0.0011215207366607506
1274371118107951104,negative,0.1608681682475487
1274371118292402177,negative,0.009209607068247578
1274371118430896130,negative,0.0008495595372482709
1274371118665658369,negative,8.875547998667753e-07
1274371118854479872,negative,0.004420848876993683
1274371119206871041,negative,0.0007708869012412582
1274371119366189057,negative,0.04868413656103167
1274371122159484928,negative,0.011448849023057617
1274371122239344640,neutral,0.41086073247608174
1274371122423832576,negative,0.0274031553926104
1274371122914562054,positive,0.8002585490816346
1274371122939621376,negative,1.6201259640329387e-06
1274371123367546880,negative,1.9027470190114964e-05
1274371125670281217,negative,1.157691023603853e-05
1274371125892526080,neutral,0.46598398918449585
1274371125984866305,negative,5.640950985692981e-07
1274371126089654274,negative,0.019528350132804316
1274371126118973446,negative,0.271581968949276
1274371126412619779,negative,0.0007699370890113074
1274371126618185728,negative,0.0624398915634565
1274371126941102082,positive,0.7727024996257553
1274371127150772224,negative,6.165367038736017e-06
1274371128375619589,negative,9.010573865130693e-06
1274371129898151936,negative,0.002149361653025703
1274371130149810176,negative,0.00022944251085316392
1274371130284015617,neutral,0.5136446707795853
1274371130560839680,negative,0.04868413656103167
1274371130590138368,negative,0.0008495595372482709
1274371130606923782,neutral,0.5533352929067118
1274371130766344194,negative,0.04868413656103167
1274371130858459137,negative,0.00029787951984732905
1274371131193954304,negative,7.417783019169124e-07
1274371131617579008,negative,0.01587785822281473
1274371133958225920,positive,0.9262860030011912
1274371134054715394,negative,1.270770558906813e-08
1274371134272745472,negative,0.0007325921890367521
1274371134687936512,negative,0.02083493351297516
1274371134922915840,negative,0.252668587744507
1274371135115718656,negative,0.00261037623118337
1274371135589752835,negative,2.3106849692599853e-07
1274371138328694786,negative,7.02471417823211e-05
1274371138467004416,negative,0.007628685414413218
1274371139100385280,negative,0.24136230336960818
1274371139876331523,negative,0.004843091236173927
1274371139947630593,negative,1.1071183644491722e-08
1274371140169981953,negative,5.686518028202719e-06
1274371140484575233,negative,0.004843091236173927
1274371141008850946,negative,0.20239329743009857
1274371141424091136,negative,0.07917874728064465
1274371142401261569,negative,0.0092744064496032
1274371142476877824,negative,0.0021772946379553845
1274371142506221568,negative,0.2417208868741504
1274371142615269377,neutral,0.4780350104355538
1274371142913003522,positive,0.7532143714907016
1274371143416324096,negative,0.09134408089080437
1274371143638691841,negative,6.70669405512061e-06
1274371143969976322,neutral,0.34863575873693914
1274371144037158912,negative,3.781905719936332e-06
1274371144238239753,negative,0.0009177032978133025
1274371146637438976,negative,0.29761571709333384
1274371146654375936,negative,1.3615452660777255e-06
1274371146943774720,negative,0.00014459406381251767
1274371147199647744,negative,2.7285594004809794e-05
1274371147405148161,negative,0.0014385367453438058
1274371147568689152,negative,0.12309866009953993
1274371148093030400,negative,0.22915103025480452
1274371148097171456,negative,0.01692913891290178
1274371148382429186,negative,0.0004387384155739454
1274371151507177474,negative,0.0015569615207670219
1274371151536574465,negative,0.020202700166686422
1274371151662383104,negative,5.25933231523432e-06
1274371151779762178,negative,0.0004405253644367079
1274371151842729984,negative,0.05166701724714524
1274371151897276418,negative,0.004843091236173927
1274371152203440129,negative,0.004427865377390981
1274371152941592576,negative,0.04612135556977544
1274371153063272453,negative,0.007923927427522025
1274371153113612289,negative,0.001616511283051386
1274371154900287489,neutral,0.40065027403180214
1274371155114242049,positive,0.9972833339877146
1274371155365773314,negative,0.003083690398093355
1274371155584040961,negative,0.2494447918697339
1274371157240811520,negative,0.006470237762924664
1274371157379166210,negative,0.019336112146524698
1274371159807664129,negative,1.216124962646072e-05
1274371160084484096,negative,8.269755240680847e-05
1274371161003098112,negative,0.00019385876655523822
1274371161250566148,negative,1.3326795470887842e-10
1274371163544858624,negative,0.019547773501786637
1274371163544866817,negative,0.1823704251571895
1274371163750309890,negative,1.270770558906813e-08
1274371163788115970,negative,0.06134073484312281
1274371163792093185,negative,0.32445250502967193
1274371163993575426,negative,0.041686985798113835
1274371164106874880,negative,3.9922957091119515e-05
1274371164438179848,negative,0.004681440890452474
1274371164475920385,negative,0.0028326793561230194
1274371164954116097,negative,9.014414504617154e-07
1274371165197414401,positive,0.7862674322241531
1274371166568886273,neutral,0.4330803760514346
1274371167688761350,negative,0.08880730018521368
1274371167776718849,neutral,0.49789225920557484
1274371167885893634,negative,0.1314479569890078
1274371168137474049,negative,0.0022191463985921428
1274371168313712641,negative,0.002130140345898313
1274371168703778819,negative,0.002228250586924793
1274371168708018179,negative,0.00104566893496265
1274371169131679744,negative,1.1071183644491722e-08
1274371169408475137,negative,0.29761571709333384
1274371169576255492,negative,0.04868413656103167
1274371171820154880,negative,0.08023930523735376
1274371172310941697,negative,0.0331971951986892
1274371172365488129,negative,0.16394010194856398
1274371172906475520,negative,0.1484124147537912
1274371172952608768,negative,0.002356944814763934
1274371172977827840,negative,0.07509577442231544
1274371173174980609,negative,0.07626193473037311
1274371173237829633,positive,0.9970952933342488
1274371173703454721,negative,0.011337508993419376
1274371173778948096,negative,0.04868413656103167
1274371176240988161,negative,0.22915103025480452
1274371176446537729,negative,0.1823704251571895
1274371176954036224,negative,0.0004387384155739454
1274371177310556161,negative,0.0008495595372482709
1274371177981640706,negative,0.04868413656103167
1274371178149355521,negative,7.303520211005622e-11
1274371178308816902,negative,0.0092744064496032
1274371180124942340,negative,0.002451643737486073
1274371180166893568,negative,0.05592593259625326
1274371180372295681,negative,0.02102601543626555
1274371180384960514,negative,6.184559815129199e-06
1274371180619841536,negative,0.0002110315693957802
1274371180875710464,negative,0.1842582602865914
1274371181190283265,negative,0.01051389051169673
1274371181299277824,negative,0.0011171186280900822
1274371181336985602,negative,2.4257755614350563e-12
1274371181475442690,negative,0.00014459406381251767
1274371181907456000,negative,0.016061669767687185
1274371182100389889,negative,4.409683412435902e-12
1274371184549859328,negative,0.007923927427522025
1274371185229217793,negative,0.0011215207366607506
1274371185472688128,negative,0.13949552936821852
1274371185732698112,negative,0.0002400857791051532
1274371185934024704,negative,0.29843714380483616
1274371188849029123,negative,1.4296830819423734e-09
1274371189213888514,negative,0.0022191463985921428
1274371189377585159,neutral,0.5116601014925513
1274371189583032326,negative,0.12030730224650217
1274371189679538179,negative,0.25474413353527203
1274371189813714946,positive,0.9499235390364569
1274371189910261761,negative,0.03808132109721348
1274371192993046528,negative,0.0001348847776507208
1274371193278271492,negative,0.003990924849680441
1274371193412431873,negative,0.04868413656103167
1274371193588588544,neutral,0.46127768308170247
1274371193601171457,negative,0.02947751795762648
1274371193647267841,negative,0.0007699370890113074
1274371193748033536,negative,0.00020479812569071105
1274371193890537474,negative,0.004843091236173927
1274371193899016195,negative,0.2527519651762901
1274371194343563264,neutral,0.3499352441185855
1274371196906278913,negative,0.15735347160600188
1274371197141204992,negative,0.0007205096244652608
1274371197413634049,negative,0.0001527949021124765
1274371197665529856,negative,0.006175065150798719
1274371198047137793,negative,0.08618745033795554
1274371198584074240,negative,0.05284178532323299
1274371198915350534,negative,2.237158949344211e-06
1274371198982467590,negative,0.17699767269502106
1274371201255845892,negative,0.00014459406381251767
1274371201620512768,negative,0.0007206278447072315
1274371201658388488,negative,0.005791234604037991
1274371201754968064,neutral,0.49581649610340894
1274371202098724868,negative,0.00025995428544422664
1274371202212118530,negative,2.2607703055852016e-05
1274371202564280321,positive,0.8585319019276769
1274371202698616833,negative,0.023566376190131896
1274371205454336000,negative,0.04868413656103167
1274371205995339776,negative,0.22122416942500223
1274371209577332737,negative,0.17699767269502106
1274371209615024130,negative,0.08880730018521368
1274371209631842306,negative,0.0025219167544889907
1274371210340696064,negative,0.08010598670960223
1274371210575589383,negative,0.05942892623855671
1274371210760110083,negative,0.2321892235535551
1274371210776924160,negative,0.21330802714867098
1274371210965590017,negative,0.04868413656103167
1274371211024310274,negative,0.11878128567255057
1274371211028582400,negative,0.04817235380553318
1274371211280211969,negative,0.0002162696916184219
1274371211326361603,negative,0.11221016636707735
1274371213670875136,negative,0.13949552936821852
1274371214249615363,negative,0.001616511283051386
1274371214602051584,negative,6.0587733917012275e-05
1274371214786678785,negative,0.16990735680766014
1274371214987997185,negative,0.0617759946066223
1274371215264747520,negative,0.06293215862177584
1274371215604531202,negative,0.007628685414413218
1274371217781329920,negative,0.018832715087586927
1274371218192453634,negative,2.066932702961051e-05
1274371218205028354,negative,0.004989714265797367
1274371218318274565,negative,0.1835523403407172
1274371218523648000,positive,0.8286012028805883
1274371218553126912,negative,0.00043368059341162955
1274371218645401600,negative,0.0008495595372482709
1274371219110928384,negative,0.0009801286413218106
1274371219513638912,neutral,0.46598398918449585
1274371222671941634,negative,0.01140068344308785
1274371222810382336,negative,0.07738618848635179
1274371222877483014,neutral,0.42336205801399107
1274371223062020096,negative,1.2301885596849096e-06
1274371223733129223,negative,0.15903346615481967
1274371226228658176,negative,0.024934362757935043
1274371226245517312,negative,0.00027819694166770803
1274371226908188674,negative,0.22027307587533496
1274371227067523073,positive,0.7862674322241531
1274371227180830720,negative,4.633640968126435e-06
1274371227545731074,negative,2.2607703055852016e-05
1274371227608547328,negative,0.011337508993419376
1274371227797331970,negative,1.4482352541807307e-06
1274371228057440257,positive,0.9410473409854104
1274371228225007616,negative,0.13949552936821852
1274371230213136385,negative,0.008694482022324626
1274371230485880834,negative,1.1071183644491722e-08
1274371231190585347,negative,0.0017719539136831265
1274371231249244163,negative,0.007491521322046926
1274371231601565696,negative,0.0008495595372482709
1274371231932973059,negative,5.692839550525292e-09
1274371232109117440,negative,0.31062133515766494
1274371232113348609,negative,0.08917284233375622
1274371232419504131,neutral,0.5464423174801689
1274371234642440193,negative,0.08880730018521368
1274371235007229954,negative,0.04612135556977544
1274371235133165569,negative,0.29761571709333384
1274371235309408259,negative,0.028367756526220415
1274371236106297345,negative,0.08900503019071868
1274371236181786624,negative,0.001939807273579853
1274371236252889089,negative,0.016518257550450426
1274371236336992257,negative,0.29394061898142726
1274371236601016339,negative,0.0009080046012290053
1274371236760616960,positive,0.708644296703798
1274371238908084231,negative,0.00019972618543931525
1274371239000375296,negative,0.012521932359705643
1274371239537250315,negative,0.013936139273256595
1274371239562313728,negative,0.0657392974897946
1274371240116002819,negative,1.9027470190114964e-05
1274371240145432579,negative,0.001612068646838758
1274371240338223104,negative,5.488200747569465e-09
1274371240396906498,negative,0.001616511283051386
1274371240741015552,negative,0.04868413656103167
1274371243127513093,negative,0.0021205043851629407
1274371243412774912,negative,0.08917284233375622
1274371243655954432,negative,9.010573865130693e-06
1274371243739877377,negative,0.003764437174709491
1274371243744133122,negative,0.1886984111627403
1274371244092055552,negative,0.0011215207366607506
1274371244264226817,negative,2.787297328760927e-09
1274371244608106499,neutral,0.39528074714322836
1274371244817817600,positive,0.9968846222772262
1274371244977197057,negative,0.024335003278771743
1274371245400825861,negative,0.058651831056373095
1274371245400887300,negative,0.04868413656103167
1274371247519006721,negative,0.02201085893018373
1274371247879618560,negative,0.001616511283051386
1274371247980400646,positive,0.9572347682085854
1274371248202620928,negative,7.146740160856318e-07
1274371248408199170,negative,2.7927318341902554e-05
1274371248626302987,negative,0.00035241075062031953
1274371248730980352,negative,0.0011215207366607506
1274371249041477633,negative,0.005402909033626645
1274371249205018624,negative,0.00027259184106497627
1274371249326735362,negative,0.04931584782412897
1274371249490231297,negative,0.04868413656103167
1274371251394445313,negative,0.015548998880221356
1274371251423686657,negative,2.5556687956857762e-05
1274371251927121923,negative,0.04797250409903431
1274371252237611017,negative,0.0004387384155739454
1274371252786995200,negative,0.0026500790755491135
1274371253143511041,negative,0.18097169728096155
1274371253256806400,negative,3.8173329050399973e-05
1274371253441265664,positive,0.7935924571470302
1274371256259936257,negative,2.2607703055852016e-05
1274371256301871104,negative,4.0300865286438185e-09
1274371256431845376,negative,0.015682645292981887
1274371256863899648,negative,0.18097169728096155
1274371256972906496,negative,0.0011215207366607506
1274371259875409922,negative,3.938784241632532e-05
1274371259938324480,negative,0.006676482875924144
1274371259946676227,negative,0.004125811062725056
1274371259967700993,negative,0.0092744064496032
1274371260227751937,negative,0.0008495595372482709
1274371260307386370,negative,0.130385537690597
1274371261431533568,negative,0.15605490955726845
1274371261511032834,negative,0.003222832135696301
1274371261527982080,negative,0.0002400857791051532
1274371264174592000,negative,1.1071183644491722e-08
1274371264719790084,negative,0.0004387384155739454
1274371264724033536,negative,0.19039727059147887
1274371264820523010,negative,0.16181207102358178
1274371264896020480,negative,0.02738764886718594
1274371265000812544,neutral,0.46598398918449585
1274371265613234179,negative,1.1257989752191355e-06
1274371266213003266,negative,0.028027908079191373
1274371266296807424,negative,0.3029968537174699
1274371266426912769,negative,0.0005881791848059362
1274371266582138880,negative,0.0008369446930120902
1274371268238860295,negative,0.01556616790907925
1274371269421654016,negative,0.003065677059359148
1274371269895639040,negative,0.014702096965164696
1274371270277242883,negative,5.252465356948966e-06
1274371270520569858,negative,0.04035344210733922
1274371270772174848,neutral,0.6343026630982429
1274371272621715458,negative,0.011337508993419376
1274371272739340288,negative,0.0015569615207670219
1274371273120976897,negative,2.3014604994167185e-06
1274371273641074688,negative,2.29566763603265e-05
1274371274303778817,negative,0.00014459406381251767
1274371274559627264,negative,0.0021175988482381725
1274371277147508740,negative,0.0010317304715913912
1274371277562707968,negative,0.09965753329704123
1274371277692776449,negative,0.0015569615207670219
1274371278032588801,negative,4.9558414621634815e-06
1274371279034953729,negative,0.3267809960082405
1274371279244722182,negative,0.04868413656103167
1274371279320166400,negative,5.8183549706396506e-05
1274371279542521859,negative,0.17699767269502106
1274371279622209537,negative,0.08501573180126992
1274371279647313921,neutral,0.5464423174801689
1274371280935047169,negative,0.13949552936821852
1274371280939167744,negative,0.019544565461810527
1274371281169846274,negative,0.09726902155701549
1274371281337622531,negative,2.2935393771241562e-05
1274371281442439175,negative,0.01140068344308785
1274371282033934341,negative,0.007900419613862968
1274371282264559618,negative,0.11199186793547575
1274371282268762112,negative,0.004843091236173927
1274371282776264704,negative,4.885695688676609e-05
1274371285020299266,negative,0.01413859670092095
1274371285238403072,negative,0.09965753329704123
1274371285875855362,negative,0.008635418655395095
1274371285921837056,negative,0.0019474886261394598
1274371285976518661,negative,0.0005833353590071568
1274371286026854406,negative,0.007350491703864405
1274371286630875136,negative,4.4488436997626065e-05
1274371286899228673,negative,0.006501171642686924
1274371287503142918,negative,0.00025995428544422664
1274371289596264449,positive,0.8989644059020594
1274371290539986945,negative,0.19356888093801963
1274371290682601472,negative,0.0004387384155739454
1274371290724532224,negative,0.09824942034726304
1274371290741256192,neutral,0.5464423174801689
1274371291261403142,negative,0.00517989528748498
1274371293257904130,negative,0.21330802714867098
1274371293366775808,negative,0.1363585901897884
1274371293677264898,neutral,0.5254004029699677
1274371293794775042,negative,5.139258363942701e-08
1274371293966712833,negative,0.0029568249778796356
1274371293991886850,negative,2.2607703055852016e-05
1274371294046425090,negative,1.8702409184941465e-05
1274371294428114946,negative,5.083127007853391e-06
1274371295149543425,negative,0.002612854262823898
1274371295170396160,negative,0.17699767269502106
1274371295287947264,negative,9.6704668484822e-07
1274371295296323584,negative,0.002026163673482154
1274371295816429569,negative,0.0009177032978133025
1274371297942921217,negative,0.017981470522138703
1274371298706305031,negative,0.00016576387466687284
1274371298769227783,negative,0.0007699370890113074
1274371299209547778,negative,9.6704668484822e-07
1274371301982044161,negative,0.00019010131805020372
1274371302086901760,negative,0.002444905565208352
1274371302090928128,negative,0.13949552936821852
1274371302133039105,negative,0.018191370886849637
1274371302158188546,negative,9.6704668484822e-07
1274371302854402050,negative,0.16365062431981833
1274371302892208128,negative,2.088422457257334e-05
1274371303185813505,negative,0.004843091236173927
1274371303257112576,negative,0.010491245763490495
1274371303294763008,negative,0.07509577442231544
1274371303424827392,negative,0.0742481531472183
1274371303638736896,negative,0.18009643922747415
1274371303701647362,neutral,0.47767126215885464
1274371303877816320,neutral,0.49789225920557484
1274371306402783238,negative,0.0012932623361720983
1274371306901983234,negative,0.00014459406381251767
1274371307048763393,negative,0.00013742449467274027
1274371307363237888,negative,0.020406069300016975
1274371307589771270,negative,0.01140068344308785
1274371307623395334,negative,0.18097169728096155
1274371308059574272,negative,0.0016580598671044377
1274371308235694082,negative,0.04868413656103167
1274371309934346247,negative,3.27686933815001e-10
1274371310324498432,negative,0.01556616790907925
1274371310542622728,negative,0.007923927427522025
1274371310714531842,negative,0.3142311759352293
1274371310832017408,negative,0.04702471030037791
1274371310991429632,negative,0.16161868573067484
1274371311222087680,negative,0.23064378203344407
1274371311696064517,negative,0.007257497900228677
1274371311767302144,neutral,0.49789225920557484
1274371311914098688,negative,1.8841331690917593e-06
1274371314346799104,negative,0.009244272651927824
1274371314963316739,negative,9.622495901054914e-06
1274371314996953090,negative,0.12327687411948364
1274371315080876032,negative,0.12389621706083934
1274371315684618241,negative,0.07717836699268674
1274371316318113805,negative,1.157691023603853e-05
1274371316334952448,negative,0.01556616790907925
1274371316339093506,negative,0.005402909033626645
1274371318910156800,neutral,0.5036272267767453
1274371319094824966,negative,7.187627350070138e-05
1274371319501475841,neutral,0.4864605290928611
1274371319719698443,negative,0.23425964140620842
1274371319858114560,neutral,0.5628056929000496
1274371320407633921,negative,0.017981470522138703
1274371323020677127,negative,0.011337508993419376
1274371323314216961,negative,0.03303376407787172
1274371323503038471,negative,0.0010740579893528687
1274371323666579458,neutral,0.4402571704036702
1274371323700097025,negative,0.04868413656103167
1274371324035489794,negative,1.6524765217156766e-05
1274371326929711104,negative,0.015548998880221356
1274371327336558592,negative,0.0637356797927094
1274371328305487875,negative,0.018581720376069966
1274371329001771009,negative,0.10992168076065453
1274371331266674691,negative,0.0331971951986892
1274371331560267776,negative,0.02738764886718594
1274371331681853440,negative,0.012285172346053308
1274371331820322817,negative,0.08880730018521368
1274371331874861059,negative,0.004305426695787664
1274371331912421376,negative,0.00051726051130913
1274371331962757121,negative,0.11221016636707735
1274371332025843713,negative,0.023566376190131896
1274371332067688449,negative,0.004989714265797367
1274371333070229504,negative,2.00273388076752e-06
1274371333082800130,negative,0.0024118344040134627
1274371333313515520,neutral,0.49789225920557484
1274371333363728384,negative,0.007628685414413218
1274371333535776769,negative,3.3552283737625075e-06
1274371337058992132,negative,0.21777182915173346
1274371337113477121,negative,0.009859176659720768
1274371337272909825,negative,0.11993393123104527
1274371337373601794,negative,0.07098944263900862
1274371339730771969,positive,0.8019239510841115
1274371340481552385,neutral,0.5786441877303977
1274371340556996608,negative,0.0020365961420647036
1274371341077155840,negative,0.007046904606156866
1274371341324554240,negative,0.03646287558780334
1274371341400055815,negative,0.05592593259625326
1274371341534330887,neutral,0.4577266631686934
1274371343941861377,negative,0.21413083166112884
1274371343966969864,neutral,0.4931654743602304
1274371344075980801,negative,1.2500783052274876e-07
1274371344269008896,negative,6.218910387097716e-05
1274371344654905344,negative,0.0008784771921018535
1274371344784859149,negative,0.04868413656103167
1274371344852008960,negative,0.012651028272844285
1274371344864555008,negative,0.0009696584009618599
1274371344956825600,neutral,0.4399177414229078
1274371345476976651,negative,0.29448398797927455
1274371347892834304,neutral,0.5768364036052215
1274371348119224320,positive,0.8286012028805883
1274371348316532738,negative,2.2607703055852016e-05
1274371348329086976,negative,0.2512243101250744
1274371349771886595,negative,2.3421460757353203e-06
1274371349813719040,negative,0.0007699370890113074
1274371349826453505,negative,0.020384887355742974
1274371349914562567,negative,2.6499700554386255e-05
1274371350312955904,negative,0.03919641231706454
1274371352330469378,negative,0.29761571709333384
1274371352464707584,negative,0.0005500612242291591
1274371352582127617,negative,0.0008369446930120902
1274371352980606979,negative,0.003990924849680441
1274371353047633921,negative,0.03233698291979513
1274371353144156163,negative,0.00818779493898224
1274371353857028098,negative,0.004843091236173927
1274371353865576449,negative,0.00038688448440805343
1274371353882345473,neutral,0.38227762192080983
1274371353928273921,negative,6.649658578191888e-05
1274371354528296961,negative,9.6704668484822e-07
1274371356289757184,negative,0.0008784771921018535
1274371356533145602,negative,8.72965302300608e-05
1274371357107781640,negative,0.17551136956204458
1274371357581639680,negative,8.443564912871401e-05
1274371357581676548,negative,0.05738731705847255
1274371357820755968,positive,0.6875064579898861
1274371360425459712,negative,2.8260194013477722e-05
1274371360484139013,negative,5.25933231523432e-06
1274371360639389696,neutral,0.41086073247608174
1274371360685543424,negative,0.0002610349379469834
1274371360697942017,negative,5.094166772461122e-06
1274371361075597312,negative,2.787297328760927e-09
1274371361348165633,negative,0.05824802609164677
1274371361457221634,negative,0.002541870515227901
1274371361989890048,negative,0.04868413656103167
1274371362061201410,negative,0.01556616790907925
1274371362996588545,negative,0.019812195682718182
1274371364946735110,negative,0.0003320850550249315
1274371365617848324,neutral,0.4126035047413691
1274371366171656195,negative,0.2417208868741504
1274371366331076609,negative,0.0011215207366607506
1274371366385573893,neutral,0.46598398918449585
1274371366645612544,negative,3.116830565330728e-05
1274371366658113536,negative,0.0008495595372482709
1274371366675009536,negative,0.0005500612242291591
1274371368906141696,negative,0.1171766587803241
1274371369086615555,negative,0.07469208375682593
1274371369183174658,negative,8.269755240680847e-05
1274371369439055872,negative,0.0008159146743565882
1274371369501941764,negative,0.005962446048659673
1274371369522868225,negative,0.0033701988083785447
1274371369841700864,negative,0.05284178532323299
1274371370034618368,negative,0.24136230336960818
1274371370076553216,negative,0.0008495595372482709
1274371370772766721,negative,0.0043986867363420825
1274371373377499137,negative,0.00030373989889860776
1274371374442639360,negative,0.001616511283051386
1274371374564458498,negative,0.016461375132718302
1274371377731112960,negative,0.00015699875052207793
1274371377932402688,negative,9.6704668484822e-07
1274371377991233536,negative,8.665089332995938e-05
1274371378901405702,negative,0.0032840455103954687
1274371379001995268,negative,0.0004467296520135169
1274371379153047554,neutral,0.3448645920723281
1274371379417268224,positive,0.9953095865567528
1274371381606653952,negative,8.72965302300608e-05
1274371381824757760,negative,0.00021141921140676293
1274371381954781184,negative,0.11454185142299539
1274371382265118723,negative,0.01498714777062495
1274371382466535424,negative,0.2897604391159211
1274371382613286912,negative,1.1659506214491082e-08
1274371382898556928,negative,4.435704344434491e-09
1274371383028523009,negative,0.001507599331171593
1274371383120859136,negative,0.00019381854787180438
1274371383162781698,negative,8.243402328210254e-06
1274371385377390600,negative,0.003512403787581758
1274371385876451330,negative,0.12037063624481859
1274371386300121089,negative,0.0002400857791051532
1274371386329436160,negative,0.05808685403089276
1274371386530660353,negative,0.001616511283051386
1274371386669178880,negative,0.05212148392818246
1274371387256442882,neutral,0.35470657370756226
1274371387650641922,negative,3.152855152215035e-05
1274371387797450752,negative,0.021742177510265318
1274371389982728194,positive,0.7201554717026343
1274371390133723136,neutral,0.3343715924045572
1274371390502850563,negative,0.007923927427522025
1274371390553063424,negative,0.08221300127076303
1274371390590922754,negative,0.0009989259292012664
1274371391085658112,negative,0.22821979090941555
1274371391144579072,negative,0.00014459406381251767
1274371391337480192,negative,0.0018345493838792387
1274371391572324355,negative,0.00014459406381251767
1274371392054722560,neutral,0.5598062641785088
1274371392142823425,negative,0.01140068344308785
1274371392297984000,negative,0.1198423300941538
1274371393879248897,negative,0.0030250419672743657
1274371394000900098,negative,2.488715845308867e-07
1274371394248347655,negative,1.7240898212433143e-05
1274371394315399171,negative,0.009719415015232533
1274371394978091009,negative,0.02102601543626555
1274371395586338816,negative,0.0008495595372482709
1274371395905040386,negative,0.021635978461812717
1274371395930198016,negative,0.05284178532323299
1274371398434058241,negative,3.5956776392974155e-09
1274371398530674688,negative,2.6797714425769e-05
1274371398975188992,negative,6.222258090185035e-13
1274371399449292801,negative,4.999523225309521e-05
1274371399562469376,negative,3.38794706851042e-05
1274371400237756417,negative,4.674794964128711e-06
1274371402678722565,neutral,0.37525890839322623
1274371402813059074,negative,0.11221016636707735
1274371403161038856,negative,0.07327654202549114
1274371403467370496,negative,0.27911311844825526
1274371403547017217,negative,0.11221016636707735
1274371403580612609,negative,0.0011215207366607506
1274371403920392193,negative,0.00025841214023879336
1274371404113285120,neutral,0.5136446707795853
1274371404620800003,negative,0.0011215207366607506
1274371404658434049,negative,0.003222832135696301
1274371407145771010,negative,8.760788627274965e-08
1274371407720390663,negative,0.3122639449501142
1274371408173436929,negative,0.015536159323379095
1274371408819376133,neutral,0.42811091273395074
1274371411482677254,negative,0.0652939707617245
1274371411872751616,negative,1.8702409184941465e-05
1274371412107681797,negative,0.1370276829768647
1274371412271214592,negative,0.12615763577441252
1274371412720041984,negative,9.6704668484822e-07
1274371412959154176,positive,0.8461582171427426
1274371412959154177,negative,0.01140068344308785
1274371413214924802,negative,0.0006482538189172827
1274371413751840768,negative,0.07874956753529794
1274371413856714752,negative,0.04868413656103167
1274371413894455297,negative,0.0019904183249515065
1274371413969899523,negative,0.021742177510265318
1274371415148507137,negative,3.303250501713884e-06
1274371415391834112,neutral,0.4898631585877994
1274371415433773056,negative,0.0052694840213942384
1274371415588864001,negative,0.08821399775295118
1274371415664406530,negative,0.012690009512474188
1274371416192843778,negative,0.015548998880221356
1274371416419217410,negative,0.001616511283051386
1274371416738148353,negative,0.009779495462647985
1274371419548323841,negative,0.29761571709333384
1274371419598618624,negative,0.0007699370890113074
1274371420055678976,negative,0.060542549591423814
1274371420068478976,negative,0.16990735680766014
1274371421192564737,negative,0.000102120942159438
1274371421481902082,negative,3.791465983239397e-05
1274371423239356417,negative,0.013416017045605681
1274371423474245632,negative,0.00016552259328330536
1274371423486775300,negative,0.29761571709333384
1274371424027684864,negative,0.003222832135696301
1274371424162058242,positive,0.920158401163587
1274371424170491904,negative,0.006470237762924664
1274371424413798406,negative,0.0271965696267906
1274371424514387974,negative,8.72965302300608e-05
1274371424652627968,negative,0.0018639439832294044
1274371424652873730,positive,0.96954470403696
1274371424908644355,negative,0.200820778980882
1274371427605585921,negative,0.010018128524389519
1274371427991539713,negative,0.00016823968684374503
1274371428083736576,negative,0.030380902981738126
1274371428268281856,negative,1.3716118416204199e-06
1274371428452794368,negative,0.0006341952659915911
1274371428457107459,negative,0.004215021336675105
1274371428624859142,negative,0.0006270950264846687
1274371428851351557,neutral,0.43818227088706874
1274371428889083905,negative,0.0011215207366607506
1274356376110796801,negative,6.775965413337149e-09
1274356377004228608,negative,0.1823704251571895
1274356377457250304,negative,0.04868413656103167
1274356378606469123,negative,0.0019963831800710193
1274356381039177730,negative,2.787297328760927e-09
1274356381919870978,negative,0.140862172836375
1274356383736004608,negative,0.1736504651274858
1274356384184836098,negative,0.006812636562690789
1274356384394608640,negative,0.10904913449140141
1274356385782943745,negative,0.0017048089710458873
1274356387498340352,negative,1.404054265000646e-06
1274356387708108809,negative,0.02470719228638199
1274356387980677120,negative,0.02102601543626555
1274356389385732096,positive,0.7103195865288459
1274356389411008512,negative,0.0009090523887067456
1274356392376381441,negative,0.04868413656103167
1274356393517219842,negative,0.03838940566423462
1274356393693327360,negative,0.08501573180126992
1274356393756278784,negative,0.02102601543626555
1274356394108637184,negative,0.004989714265797367
1274356395308187651,negative,0.009525353242742753
1274356396495175682,negative,0.1940837381014901
1274356396541317120,negative,6.4278221893108794e-09
1274356398927884289,negative,0.015548998880221356
1274356398948786176,negative,0.07242407661842509
1274356399183736835,negative,0.04868413656103167
1274356400672714753,negative,0.0009728648121375124
1274356401935089669,negative,0.030147464213717647
1274356402060959745,negative,0.17884019074936527
1274356405928148993,negative,0.0092744064496032
1274356406573989889,negative,0.008118229710519098
1274356406808834049,negative,2.5119114127867172e-05
1274356408314728448,negative,0.20239329743009857
1274356410709684224,negative,0.023506091533969767
1274356410709684225,negative,0.010887810415728737
1274356413465321472,negative,0.003694779450599342
1274356415352758274,negative,0.18607732132342025
1274356415440867329,negative,0.04868413656103167
1274356415726080001,negative,0.002790645599156269
1274356416602615809,negative,6.160214789704956e-05
1274356416699084801,negative,0.01130536739368902
1274356418112630785,negative,0.18929495969951804
1274356418435522561,negative,0.08501573180126992
1274356418582380548,positive,0.9997698212961951
1274356419727364097,negative,0.04868413656103167
1274356419958116353,negative,1.1048720743578222e-06
1274356421266718723,negative,4.885695688676609e-05
1274356421484859393,negative,0.04868413656103167
1274356422046887939,negative,0.14746747729079315
1274356422722162688,neutral,0.48490525416934854
1274356426278866944,negative,0.17267246084100846
1274356426715082753,positive,0.965498279303532
1274356427436556290,negative,0.19986654509868576
1274356429718249474,negative,0.08917284233375622
1274356429869273089,negative,0.04868413656103167
1274356430779416577,neutral,0.5307355819608591
1274356430963867649,negative,0.001245173368396501
1274356431618215937,negative,0.014075972304937921
1274356431806922762,negative,0.004125811062725056
1274356431932862465,negative,0.0011932448869651758
1274356432155131904,positive,0.985908591460564
1274356432222257152,negative,8.198012907556251e-09
1274356432297758721,negative,0.002998761781569631
1274356432691961856,negative,0.05431028578830419
1274356436152303617,positive,0.7391361147062376
1274356436366213120,negative,0.0018980158844752175
1274356439310532610,negative,7.314981075296971e-05
1274356439411240960,negative,0.28361896666127306
1274356442179477506,neutral,0.3875332285022518
1274356444071149570,negative,0.06430286219352642
1274356444465369089,negative,0.00011041280132821613
1274356444721225729,negative,0.0003779822931142306
1274356444759052289,negative,0.07275109383081722
1274356446268919810,negative,0.007775870252103375
1274356446780706816,negative,0.009404074764908295
1274356448345182208,negative,0.14103079379210037
1274356449020436481,neutral,0.46598398918449585
1274356449314050049,negative,0.006812636562690789
1274356450027061248,negative,0.01130536739368902
1274356450404360193,negative,0.011377594187202546
1274356450777858051,negative,0.00021020526819592297
1274356451188842496,negative,0.04868413656103167
1274356451675459584,negative,1.4871845926793605e-05
1274356453957144576,negative,0.02102601543626555
1274356454649147392,negative,0.07273287776104852
1274356454963785729,negative,0.3230077132414027
1274356457417441280,negative,6.546692435097654e-05
1274356458222686209,negative,1.7917516540963994e-06
1274356458650468357,positive,0.8167066301350949
1274356458759618560,negative,0.015548998880221356
1274356458830913539,negative,0.0798813010626473
1274356459980099589,negative,0.005850527020421002
1274356460387000322,positive,0.7575435436438556
1274356461032923137,negative,0.0798813010626473
1274356461712392196,negative,0.02196371356913802
1274356462463209474,neutral,0.47547721482004335
1274356462614188032,neutral,0.5594737591983451
1274356462849003521,neutral,0.5018225690334994
1274356464065413120,negative,0.11697460342177085
1274356465273274369,negative,0.00302531141249672
1274356467483762688,neutral,0.5803633142682458
1274356470889484293,negative,4.031210158124359e-05
1274356472219082753,negative,0.066128692900663
1274356473158676482,negative,0.23540932660475059
1274356474576322560,negative,0.00019043274226571732
1274356476065259520,negative,0.04868413656103167
1274356476719632391,negative,0.09134408089080437
1274356479299026944,negative,0.0011522563115366857
1274356479345246208,negative,0.0706645425054017
1274356479869554692,negative,0.011863147293317384
1274356481543077889,negative,0.015548998880221356
1274356481870237696,negative,0.000300324099040125
1274356481991880705,positive,0.9997370820378277
1274356483036188672,negative,0.01797083383739201
1274356484328042498,negative,0.0002400857791051532
1274356486282633222,negative,0.02102601543626555
1274356486945361921,negative,0.015682645292981887
1274356487373103108,negative,9.487341111370537e-08
1274356488857927681,negative,7.522301823424789e-06
1274356489289904129,negative,0.04868413656103167
1274356493840789504,negative,0.04868413656103167
1274356494427963398,negative,0.15691373500809438
1274356494847238145,negative,0.12937518021785752
1274356495531085824,negative,0.04868413656103167
1274356496743247873,negative,1.0872528108410854e-05
1274356496915193857,negative,0.0017632240228458663
1274356497011675136,positive,0.9088684073921355
1274356497716097024,negative,0.0009877407194217164
1274356501411516418,negative,1.4590842811553905e-06
1274356501595983872,positive,0.9972833339877146
1274356502141288448,negative,0.02102601543626555
1274356502619394049,negative,0.11733166319877615
1274356502665605121,negative,0.0011932448869651758
1274356505819652098,negative,0.003065677059359148
1274356506117406720,negative,0.04868413656103167
1274356506427826176,negative,0.0325827571315203
1274356506524372992,negative,2.167762683146315e-05
1274356507849699329,negative,0.04868413656103167
1274356508831162372,negative,0.0002400857791051532
1274356510248886281,positive,0.9088684073921355
1274356511532343296,negative,0.0798813010626473
1274356511624564736,negative,0.004989714265797367
1274356511960170497,positive,0.7478899177723298
1274356512467464192,negative,0.04868413656103167
1274356555643838466,positive,0.8324315075421159
1274356555996110848,negative,0.2140830684910308
1274356558172954624,negative,2.787297328760927e-09
1274356558848241666,negative,0.030147464213717647
1274356559867453440,negative,0.04868413656103167
1274356560773492736,positive,0.7565703767146434
1274356561125814273,negative,0.23056902331394544
1274356562732158976,negative,0.0001994410395176428
1274356562744795142,negative,0.26560486853777915
1274356563462033414,negative,0.0014417858160584679
1274356563847909376,negative,0.0042023126902345454
1274356564141453313,negative,0.0030706756494249207
1274356571129159681,negative,0.04868413656103167
1274356572559486978,positive,0.7606249565871848
1274356573314396162,neutral,0.39990369721810826
1274356573930958850,negative,0.23540932660475059
1274356574358843401,negative,0.0004607825152408648
1274356578481774592,negative,0.04868413656103167
1274356578620264448,negative,0.00247334345657811
1274356579031277569,negative,0.019139751716167268
1274356581312970754,negative,7.522301823424789e-06
1274356581627580422,negative,0.02102601543626555
1274356582252449792,negative,0.011606710214429173
1274356582294237185,negative,0.011234411124948019
1274356582353006597,negative,0.011234411124948019
1274356582453837825,positive,0.8409306975847609
1274356582499979265,negative,0.027857542829455566
1274356582592270336,negative,3.140071607798829e-06
1274356584848789505,neutral,0.3854341186802703
1274356585901498368,negative,0.04868413656103167
1274356586568462336,negative,0.0826215971733313
1274356588015386624,negative,1.5392331286184835e-06
1274356588795568129,positive,0.9587731198869118
1274356588942417923,neutral,0.6374818421260484
1274356589034643456,positive,0.997854445726266
1274356589890351105,negative,0.04868413656103167
1274356591693873153,negative,9.930645891503263e-05
1274356597700116481,negative,0.23540932660475059
1274356597754601472,negative,0.11733166319877615
1274356599960862721,negative,2.787297328760927e-09
1274356604289388545,negative,0.0004098569100608884
1274356604985540609,negative,1.4241803352811143e-05
1274356605048573957,negative,9.940308186571378e-05
1274356606755655682,negative,0.08917284233375622
1274356607149846528,negative,0.1736504651274858
1274356607367987200,negative,0.015548998880221356
1274356607615479809,negative,0.04868413656103167
1274356608164921349,negative,0.011448849023057617
1274356612262748160,negative,2.7493974321427398e-05
1274356612396994567,negative,0.000752085526129796
1274356613781106688,negative,0.04868413656103167
1274356614225592321,positive,0.9999948549081155
1274356614557032449,neutral,0.44054615157121163
1274356616339558400,negative,0.029446470095603597
1274356616880668672,negative,4.101288557943443e-07
1274356617472065538,positive,0.7112264328727067
1274356617606311937,negative,0.0017853185772277811
1274356619929890822,negative,0.02271869452736864
1274356620651307015,negative,0.04868413656103167
1274356621674795009,negative,0.0021707054813893444
1274356623394340874,negative,1.5392331286184835e-06
1274356623511883777,positive,0.9997370820378277
1274356624166174722,positive,0.7112264328727067
1274356624900206592,neutral,0.4766795874967358
1274356624921149445,negative,0.04868413656103167
1274356630625411072,negative,0.05097343350022174
1274356633150332930,negative,0.08917284233375622
1274356635180445696,negative,0.04868413656103167
1274356635339718656,negative,0.06773625430681243
1274356636413558785,negative,0.04868413656103167
1274356637621530624,negative,0.04868413656103167
1274356643518648320,negative,2.787297328760927e-09
1274356645473259520,negative,0.02857663021107599
1274356646056202242,neutral,0.4507454498615163
1274356646324690948,negative,0.01942453240850556
1274356647725580293,negative,0.08501573180126992
1274356648140816387,negative,0.04868413656103167
1274356648283439106,negative,0.1736504651274858
1274356654763642882,negative,0.006643063528175527
1274356654797139968,negative,0.0092744064496032
1274356656370077698,neutral,0.3576117323464496
1274356656558804992,negative,0.09024193810509232
1274356658857271300,negative,0.04868413656103167
1274356661789081600,negative,0.08917284233375622
1274356662086905856,negative,0.05310806725768844
1274356663512961024,negative,0.004989714265797367
1274356666004393987,negative,0.16651443699394802
1274356666889375750,negative,0.08917284233375622
1274356666985832450,negative,0.011096900078617333
1274356667342376961,negative,0.047238387678063584
1274356667594035202,negative,0.05917898346968734
1274356669858770944,negative,0.0013639799537479588
1274356670844502017,negative,0.04868413656103167
1274356671809294338,negative,0.0004239214826624283
1274356675290566658,negative,0.0771847225977192
1274356675735179264,negative,0.015548998880221356
1274356676330754049,negative,0.027621108000319635
1274356676469108736,negative,0.0010850842919385751
1274356678876594178,negative,0.04868413656103167
1274356679258320899,negative,0.20239329743009857
1274356679971348487,positive,0.7090763317261739
1274356679992360960,negative,0.1924398699362394
1274356680457945089,negative,1.637839043713939e-08
1274356681439277058,neutral,0.37303161415784936
1274356681661652995,negative,0.04868413656103167
1274356683167449091,negative,0.03768742354338506
1274356683981180928,negative,0.04868413656103167
1274356684362743809,negative,0.015548998880221356
1274356684463304704,negative,0.11353929990722053
1274356684782284800,negative,0.005698639405417819
1274356687835738112,negative,3.152855152215035e-05
1274356688372617218,negative,0.015182960774644386
1274356688490049537,negative,0.04868413656103167
1274356689945284608,negative,0.03006434969971988
1274356691207950340,neutral,0.5307355819608591
1274356693451845635,neutral,0.46598398918449585
1274356694949212161,positive,0.9997370820378277
1274356695301533698,negative,0.11392420449287459
1274356695964278784,negative,0.004125811062725056
1274356696912220161,negative,0.04868413656103167
1274356697583300608,negative,0.03564689012727054
1274356698208231424,negative,0.004296861803266816
1274356698732539906,negative,3.711113761358179e-17
1274356698916941832,negative,0.04089344470141076
1274356700057931777,negative,0.14695407416128695
1274356700443795456,negative,0.0092744064496032
1274356700770959367,negative,0.04868413656103167
1274356744328744960,positive,0.9972833339877146
1274356744341336066,negative,0.0005462471605096569
1274356747231166475,positive,0.8324315075421159
1274356752176361478,negative,0.2394110094948839
1274356752746778625,negative,0.04868413656103167
1274356754588020736,negative,0.0210725950968706
1274356756509048834,negative,0.00029572338266664876
1274356757238878209,negative,0.04868413656103167
1274356757461114881,negative,0.02055779659589884
1274356760212582401,negative,0.000327064214154831
1274356760275562496,negative,0.17679096903895583
1274356760854376448,positive,0.907855924503599
1274356762230034432,positive,0.997854445726266
1274356762850844675,negative,0.021742177510265318
1274356763685421056,negative,0.04868413656103167
1274356764801208322,positive,0.8167066301350949
1274356765069643780,negative,0.02828826134665906
1274356765380018176,negative,0.18162250314734338
1274356765455515648,negative,0.0007206278447072315
1274356765883273223,negative,0.01797083383739201
1274356766353043456,negative,0.021742177510265318
1274356767460392960,positive,0.9836484349723437
1274356767842017280,negative,0.05166701724714524
1274356768341200898,negative,0.08917284233375622
1274356768995450887,negative,0.04868413656103167
1274356771197349889,negative,0.003065677059359148
1274356774112559105,negative,2.5387323369938468e-08
1274356774569721857,negative,0.02458097564410094
1274356774615896065,negative,0.22596052609320594
1274356776041885697,neutral,0.569784505817023
1274356776369037314,negative,4.388552887588611e-13
1274356777174339585,negative,0.04868413656103167
1274356778168471552,negative,0.04868413656103167
1274356778608836608,neutral,0.41865862834863615
1274356780131397633,negative,0.08575467508938993
1274356780953407491,negative,0.04868413656103167
1274356782601654272,negative,0.00019043274226571732
1274356783495118849,negative,0.04868413656103167
1274356783910395906,negative,0.007323128567147724
1274356784296321025,negative,0.3230077132414027
1274356784770224130,negative,1.193825707612555e-07
1274356786015940612,negative,0.006286343410280331
1274356787551113226,negative,2.5387323369938468e-08
1274356789593726976,negative,0.02102601543626555
1274356789631475716,negative,0.16850495494647358
1274356790378012678,negative,0.08917284233375622
1274356792949121027,negative,2.0587945404529868e-10
1274356794425511937,negative,0.025784685890966122
1274356796153610244,negative,0.001683403228224366
1274356797768445953,negative,0.0036116112333976543
1274356797927718914,negative,0.02102601543626555
1274356798254985216,negative,1.5392331286184835e-06
1274356798624092160,negative,0.02458097564410094
1274356799848820736,positive,0.7893297898830238
1274356801090334722,negative,1.6536135961107938e-05
1274356801262190601,negative,0.020671539135477947
1274356801727803398,negative,0.0003176414101641282
1274356801945907202,neutral,0.5398362570212623
1274356802004664322,positive,0.8989644059020594
1274356802122104832,negative,1.637839043713939e-08
1274356804827467778,negative,0.00020817562045590026
1274356806869975042,neutral,0.4507454498615163
1274356806932930561,negative,1.7715851892809202e-10
1274356806987517955,negative,0.3230077132414027
1274356807021015041,negative,4.22032406321766e-05
1274356808161923072,negative,0.0795977928997014
1274356808849723393,negative,0.02102601543626555
1274356809160167430,negative,0.04868413656103167
1274356810208686080,negative,0.021742177510265318
1274356815141253122,negative,0.04868413656103167
1274356815518720003,negative,0.011448849023057617
1274356818085584896,negative,0.13589709812511225
1274356818198827013,negative,0.015548998880221356
1274356818958061569,negative,5.686518028202719e-06
1274356820170215424,negative,0.0018980158844752175
1274356821248094208,negative,0.10188734314977094
1274356822305124352,negative,9.930645891503263e-05
1274356822670008321,negative,0.04868413656103167
1274356823273934849,negative,0.07998569771605683
1274356823483703296,negative,2.787297328760927e-09
1274356827392815105,negative,0.003871109553776015
1274356827761844226,negative,0.04868413656103167
1274356828017696768,negative,0.0013827125914938928
1274356829045260289,negative,0.00036749775551569324
1274356830177812480,neutral,0.3661211578544618
1274356830731452418,negative,0.04868413656103167
1274356831746510849,negative,0.00015647151684746168
1274356834183180290,negative,6.003469964766787e-06
1274356835252875266,negative,0.23540932660475059
1274356836729225217,negative,0.11733166319877615
1274356837903728642,negative,0.0985782363820394
1274356840931917825,negative,3.152855152215035e-05
1274356842542641152,negative,0.04868413656103167
1274356843377238022,negative,0.08917284233375622
1274356846128779264,negative,0.04868413656103167
1274356846581645313,negative,0.04868413656103167
1274356846682390529,negative,0.02102601543626555
1274356848452341760,negative,0.008519194865454249
1274356848636952576,negative,0.1160846370659928
1274356849475825664,negative,0.03874340492356711
1274356849886650370,neutral,0.5018225690334994
1274356851589607425,neutral,0.5018225690334994
1274356852386672641,negative,0.0017394303038687096
1274356854030819332,negative,0.0771847225977192
1274356860368441345,negative,0.14244224347412723
1274356861983240192,negative,0.00020817562045590026
1274356864201961475,negative,0.00037121730800023883
1274356867158999040,negative,0.04868413656103167
1274356867964252160,negative,0.04868413656103167
1274356869868511235,negative,0.016089422023549182
1274356870296338432,negative,0.00887296933283849
1274356871986634753,negative,0.000943088963428855
1274356873349738504,neutral,0.40515469257649445
1274356875568398336,negative,0.021447576049465143
1274356879741923329,negative,3.00873202940862e-08
1274356881113395201,negative,0.0798813010626473
1274356881704640512,negative,0.0002697275739541165
1274356882988294144,negative,0.0009591094351772719
1274356883478982656,negative,0.04868413656103167
1274356883537698818,negative,0.0014285227325921393
1274356886058471426,negative,0.08917284233375622
1274356888684171265,negative,2.787297328760927e-09
1274356889430654977,neutral,0.5544509526438578
1274356891188068358,negative,0.004833157213028248
1274356923622621194,negative,2.787297328760927e-09
1274356923652018176,neutral,0.4744541669089408
1274356925468160000,negative,0.008519194865454249
1274356926508392448,negative,0.04868413656103167
1274356928056037376,negative,0.2804778341694792
1274356929364668416,negative,0.04979799688744938
1274356929633099776,negative,0.08440433481181059
1274356930304192514,negative,0.04868413656103167
1274356931038150660,negative,3.9696300415387845e-05
1274356931445080065,negative,0.00247334345657811
1274356934750212096,negative,1.5130599776836316e-05
1274356935484112896,negative,0.1003863858977452
1274356935576424448,negative,0.021742177510265318
1274356935815561216,neutral,0.555957514713482
1274356937405140994,negative,0.004989714265797367
1274356937526775809,negative,0.0002400857791051532
1274356938235674624,negative,0.0798813010626473
1274356939376467968,negative,1.954367259475363e-05
1274356942539014145,negative,3.412340316540593e-05
1274356943553990656,negative,0.18469954810712416
1274356944753635329,negative,0.04868413656103167
1274356944959127552,negative,0.01667530903971693
1274356945885859841,negative,0.004107073716534764
1274356946947235841,negative,0.12937518021785752
1274356947433721861,neutral,0.4766795874967358
1274356948297752580,negative,0.08032014408151875
1274356948780175360,positive,0.8167066301350949
1274356948830498816,neutral,0.4357089704914612
1274356949795078146,negative,0.16052528818518214
1274356952471089152,negative,0.14868728571926343
1274356952970207239,negative,0.0985782363820394
1274356953146372097,negative,0.04868413656103167
1274356953565798402,negative,0.16052528818518214
1274356954400534530,positive,0.9997698212961951
1274356954673172480,negative,0.21255805558146415
1274356954807308292,negative,0.02102601543626555
1274356954815700994,negative,1.637839043713939e-08
1274356956287950849,negative,0.0011678601067365262
1274356957361684481,negative,0.0021707054813893444
1274356957437145093,negative,0.04868413656103167
1274356957437198337,negative,3.004590316826995e-07
1274356958309552128,negative,0.02102601543626555
1274356958456242177,neutral,0.5594737591983451
1274356961556004865,negative,0.027878044828672843
1274356961623097355,negative,5.313660638637836e-05
1274356962495475713,negative,0.04868413656103167
1274356962822623233,negative,0.04868413656103167
1274356963581755393,negative,0.00020817562045590026
1274356964315856898,negative,0.003065677059359148
1274356964806492162,neutral,0.5295958879352881
1274356966891106309,negative,0.04868413656103167
1274356968220696577,negative,0.037943300622708474
1274356972939337728,negative,0.04868413656103167
1274356973010669572,negative,0.04868413656103167
1274356973643931652,negative,0.002790645599156269
1274356973887279104,negative,0.23540932660475059
1274356974482841602,positive,0.9997370820378277
1274356975619407874,negative,0.1823704251571895
1274356977758605312,neutral,0.37377490205268193
1274356980497485824,negative,0.08917284233375622
1274356980728188935,negative,0.01942453240850556
1274356980799463424,negative,0.04657629863716213
1274356982196117504,negative,0.04868413656103167
1274356982535815171,negative,0.15164684986653434
1274356982808535041,negative,0.23540932660475059
1274356984310005761,negative,7.652502551250208e-05
1274356984981176320,negative,0.04868413656103167
1274356985153171457,negative,0.02102601543626555
1274356986096820229,negative,0.01753367978737339
1274356987170562048,negative,0.02102601543626555
1274356989221638145,negative,0.02102601543626555
1274356990735724544,negative,0.008519194865454249
1274356991541022720,negative,0.1860028912364917
1274356991893307393,negative,0.037436681909298455
1274356992455426048,negative,0.11733166319877615
1274356993738719232,negative,0.10355149266093885
1274356995726938115,negative,0.1801461484119052
1274356996045713409,negative,0.04244151740161521
1274356998319022080,negative,0.06293215862177584
1274357001389211648,negative,1.9248154981569762e-05
1274357001737379841,negative,0.04868413656103167
1274357004807659521,negative,0.23540932660475059
1274357004820250624,negative,7.482590918262696e-05
1274357005579411460,neutral,0.4140695600300784
1274357008439877633,negative,8.268380391369642e-10
1274357009089994752,negative,0.04868413656103167
1274357009530396672,negative,0.015548998880221356
1274357010243489792,neutral,0.40129119592162255
1274357011182956545,negative,0.1823704251571895
1274357013284188160,neutral,0.568482223828055
1274357017658916865,negative,0.018953568676905095
1274357018434904065,negative,6.321130062254118e-10
1274357018913013760,negative,0.021742177510265318
1274357021828091904,negative,0.04868413656103167
1274357022419451909,negative,9.930645891503263e-05
1274357023241646082,negative,0.05845248845046665
1274357024726409217,negative,0.0025996107288432887
1274357024759955457,negative,0.021742177510265318
1274357029797232643,negative,0.02102601543626555
1274357030153859079,positive,0.7478899177723298
1274357030900436992,neutral,0.4011004964485039
1274357031286255619,negative,0.08575467508938993
1274357031386910722,negative,0.04868413656103167
1274357031936409600,negative,0.08917284233375622
1274357033190522883,negative,0.03557196306725426
1274357035182821376,negative,1.4154820751282593e-06
1274357035338006530,positive,0.9603877078171027
1274357036684324865,negative,2.8136257417637092e-05
1274357037670039552,negative,0.12937518021785752
1274357038626279424,negative,0.00849576523211719
1274357044506738688,negative,2.787297328760927e-09
1274357044640972800,negative,0.18607732132342025
1274357045144309761,negative,0.037436681909298455
1274357045236568065,neutral,0.45532874696982834
1274357047098777600,negative,0.04868413656103167
1274357050378784768,negative,3.0133042099880064e-05
1274357053306351617,negative,1.5392331286184835e-06
1274357055109947393,negative,0.02102601543626555
1274357059509800961,negative,0.0037354564026818356
1274357061162356738,positive,0.7632789846315069
1274357062617772032,negative,0.015548998880221356
1274357063314014209,negative,0.04868413656103167
1274357063435448321,negative,0.08917284233375622
1274357065255960579,negative,0.02102601543626555
1274357068544311296,negative,0.021742177510265318
1274357070138146816,negative,0.0011932448869651758
1274357071861944320,negative,0.02102601543626555
1274357072096788486,negative,1.0506727515558566e-06
1274357074806427648,negative,0.04868413656103167
1274357075414573059,negative,1.637839043713939e-08
1274357075598950406,negative,0.006306277183477322
1274357076001783811,negative,0.07659963311199816
1274357076098244609,negative,0.11822399595680227
1274357076664487939,negative,0.029500560875255072
1274357078241443845,negative,0.0016596262117693943
1274357079499816960,negative,0.006681539185192931
1274357079969378304,negative,0.04226805596299836
1274357119949643778,neutral,0.5136446707795853
1274357120088133633,negative,0.0384995456859617
1274357122872995841,neutral,0.35027039866847137
1274357123556749315,negative,5.832348598783093e-06
1274357124089470976,negative,0.0013515975569319432
1274357124446007296,negative,0.00016823968684374503
1274357125481988096,negative,0.0007206278447072315
1274357126987735043,negative,0.04868413656103167
1274357127046402058,neutral,0.46598398918449585
1274357127411306497,negative,0.0798813010626473
1274357129525198849,negative,0.12416229504800008
1274357129672097793,negative,0.000995851003017486
1274357134969503744,negative,0.022758417772465636
1274357137012031488,negative,0.05843690912992543
1274357137964175364,negative,5.5928525472845305e-08
1274357138069094401,negative,0.05118792781327399
1274357138392076289,negative,0.13460059019779394
1274357138404630528,negative,0.009312905614601975
1274357139008638977,negative,0.07998569771605683
1274357139163828225,negative,0.04868413656103167
1274357139209949186,neutral,0.40515469257649445
1274357143056134144,negative,0.11810072397159882
1274357143643262978,negative,0.04868413656103167
1274357144570257409,positive,0.9997370820378277
1274357145505533953,negative,8.628972896978089e-10
1274357145878892545,neutral,0.5802712985546414
1274357146809970690,negative,0.0012255089459195278
1274357147464347648,negative,0.07998569771605683
1274357149557284865,negative,0.02102601543626555
1274357150756847616,negative,0.04868413656103167
1274357150899408899,negative,2.5387323369938468e-08
1274357151369170944,negative,0.015548998880221356
1274357153516662785,negative,0.26192351310595835
1274357154225545220,negative,0.07246308136672094
1274357155056025600,negative,0.0018980158844752175
1274357155538382852,negative,0.0018980158844752175
1274357156532441090,negative,0.04868413656103167
1274357156578459651,negative,0.0092744064496032
1274357156876300290,negative,2.823831566511843e-07
1274357159535443968,neutral,0.389982097026321
1274357160126951424,negative,0.003694779450599342
1274357161683046401,negative,7.470599284479836e-05
1274357163016806403,positive,0.8168670945334474
1274357163234865152,negative,0.26192351310595835
1274357164069597186,negative,0.04868413656103167
1274357165206142979,negative,0.04868413656103167
1274357167680864257,negative,0.0008955835633319596
1274357168473616388,negative,4.8908652721108134e-05
1274357171183124480,negative,0.0092744064496032
1274357171719938050,negative,0.0007206278447072315
1274357172672045056,negative,0.00021020526819592297
1274357172755980291,negative,0.0010474648988743878
1274357173535924225,neutral,0.4126035047413691
1274357173661949953,negative,0.0021707054813893444
1274357174530162692,negative,0.0009728648121375124
1274357175029301248,negative,0.0040425414539528295
1274357175075450880,negative,0.19062792431956813
1274357176551735296,negative,7.814772924604147e-08
1274357177499684864,neutral,0.3559918558809947
1274357177550090240,negative,0.02102601543626555
1274357180993544194,negative,0.04979799688744938
1274357181534568451,negative,0.04868413656103167
1274357183501778946,negative,0.02102601543626555
1274357183732486146,negative,0.00011041280132821613
1274357189466042369,negative,0.17100698000452327
1274357190166544384,neutral,0.46598398918449585
1274357190648791044,negative,1.404054265000646e-06
1274357190917267458,negative,0.02102601543626555
1274357193849090048,negative,0.02110837271507087
1274357194432053250,negative,2.787297328760927e-09
1274357194838982658,negative,0.04868413656103167
1274357194885083136,neutral,0.46598398918449585
1274357194994126850,negative,0.2313757095903843
1274357195627474944,negative,0.04868413656103167
1274357196378107906,negative,0.06898269649358946
1274357196860645386,negative,0.08917284233375622
1274357197669953536,negative,0.05897235857735733
1274357199834415107,negative,0.012690009512474188
1274357201117872130,negative,0.1770314259732739
1274357201830850561,negative,0.08917284233375622
1274357203554775044,negative,0.009781223245064129
1274357204569686017,neutral,0.4402571704036702
1274357204817186818,negative,0.04868413656103167
1274357205010169857,positive,0.997854445726266
1274357205261848579,negative,2.787297328760927e-09
1274357205626732546,negative,0.2394110094948839
1274357206868267008,negative,0.000983102454953023
1274357208738865153,negative,5.094166772461122e-06
1274357209443557376,negative,0.02102601543626555
1274357209841967104,negative,0.023506091533969767
1274357210794123271,negative,0.00017156746116553796
1274357211796590592,negative,5.094166772461122e-06
1274357211955945472,negative,0.04868413656103167
1274357213348474884,negative,0.07416391067742945
1274357213352648704,negative,0.003065677059359148
1274357214367670272,negative,0.02102601543626555
1274357214719946755,negative,0.00645449923304016
1274357214900338690,negative,0.04868413656103167
1274357215881826310,negative,0.04868413656103167
1274357216137617408,neutral,0.44054615157121163
1274357216812941312,negative,0.21209945702325186
1274357217811140611,negative,0.04868413656103167
1274357221208588288,negative,0.00016823968684374503
1274357222504529921,negative,2.787297328760927e-09
1274357223507009536,negative,0.025482793905436976
1274357227063738368,negative,0.011448849023057617
1274357227319693312,negative,0.02102601543626555
1274357228007546881,negative,0.04868413656103167
1274357228015771648,negative,0.16245410813089803
1274357229257469952,negative,7.470599284479836e-05
1274357230985510915,negative,0.0011932448869651758
1274357231463600130,negative,0.04868413656103167
1274357232306737153,negative,0.08072910548644506
1274357232721899522,negative,0.23540932660475059
1274357235024617473,negative,0.02102601543626555
1274357236861677571,neutral,0.46598398918449585
1274357237805395968,negative,0.10930908512435167
1274357238820454400,negative,5.686518028202719e-06
1274357239118213120,negative,0.04868413656103167
1274357240082960386,negative,0.20187716946681777
1274357240099680258,positive,0.8113608911168615
1274357240401723392,negative,9.940308186571378e-05
1274357241840361476,negative,0.04868413656103167
1274357244306563072,positive,0.9210552291538969
1274357244709285888,negative,0.0557908603819395
1274357247125213184,negative,0.20239329743009857
1274357248249278464,negative,0.0007206278447072315
1274357249738190849,negative,0.24151054019797136
1274357250115743746,negative,0.02102601543626555
1274357250308612096,negative,0.04868413656103167
1274357253693493249,negative,0.02102601543626555
1274357254544855040,negative,2.5387323369938468e-08
1274357255182352387,neutral,0.44231347627872375
1274357257665490945,negative,0.0049063955394824405
1274357257845825536,negative,2.787297328760927e-09
1274357262279233538,negative,0.08038653981613798
1274357262883131395,neutral,0.3625080764029461
1274357264342802433,negative,0.0009475747249613342
1274357264841875458,neutral,0.3864782717702529
1274357266939088899,neutral,0.5295708503383562
1274357268637769736,negative,0.0798813010626473
1274357268809682951,negative,0.0001012729882995325
1274357268990111744,negative,0.02102601543626555
1274357300157964288,negative,0.02102601543626555
1274357301395275776,negative,0.11733166319877615
1274357305933520896,negative,0.2916373973041448
1274357306625601537,negative,0.15668465841548382
1274357306915016706,negative,0.04868413656103167
1274357308592660480,negative,0.011001179810141757
1274357308814962691,negative,0.00517989528748498
1274357309762912257,negative,6.466961755232284e-07
1274357310215913474,negative,0.20289307723412575
1274357311033823233,negative,0.23540932660475059
1274357311168040961,negative,2.791150064155587e-07
1274357313474830336,negative,0.08917284233375622
1274357313823027201,negative,0.02102601543626555
1274357314816966656,negative,0.3296182146728563
1274357315462934529,negative,0.04868413656103167
1274357316310220800,negative,0.00023912504082500172
1274357320022134792,negative,0.0015396184399931155
1274357320408014850,negative,0.22925681120085592
1274357321481814016,negative,0.011374357511344645
1274357323385974784,negative,0.00016823968684374503
1274357323486683138,negative,0.0771847225977192
1274357324551987208,negative,0.08085589243542939
1274357325780975616,positive,0.7951710145655573
1274357326586220546,negative,8.17487633518146e-07
1274357326762442756,negative,0.02102601543626555
1274357326842155014,negative,0.014078495297737307
1274357328700153863,negative,0.04868413656103167
1274357330927333376,negative,0.0002400857791051532
1274357331816517633,negative,0.0054895565276049
1274357334127640576,negative,0.2983957849041139
1274357334526091266,negative,0.03801910128927674
1274357335843131394,neutral,0.47825815524877363
1274357336140849152,negative,0.0018980158844752175
1274357337495531520,negative,0.1388165480771174
1274357337659146240,negative,0.014581629510440744
1274357340112850945,negative,0.0021707054813893444
1274357345187962881,neutral,0.5870959793700388
1274357345661960195,negative,0.2543622175263454
1274357345934626817,negative,0.002556502557934445
1274357347280982018,positive,0.8167066301350949
1274357349822709766,negative,0.006980022266951042
1274357350766456832,negative,0.02196371356913802
1274357351504437255,negative,0.00017007440133591972
1274357352574091265,positive,0.997854445726266
1274357353194946561,negative,2.787297328760927e-09
1274357353316585474,negative,0.0014875547447511766
1274357355476647937,negative,0.00019043274226571732
1274357356302925829,negative,0.003831190267119336
1274357357477314561,negative,0.015548998880221356
1274357359247327232,negative,0.0001328192010410201
1274357359696130048,negative,0.015548998880221356
1274357361126395904,negative,3.5888970638467108e-06
1274357361461866496,negative,0.07998569771605683
1274357361537200130,negative,0.07397307762422535
1274357364356009984,negative,0.008519194865454249
1274357364892803078,negative,0.04868413656103167
1274357365505249281,neutral,0.6014581917240772
1274357365748441088,negative,9.487341111370537e-08
1274357365987594241,negative,2.787297328760927e-09
1274357367287812096,negative,0.006208373142705321
1274357367552040962,neutral,0.5307355819608591
1274357368214695942,negative,0.20196055078324132
1274357369795796999,negative,0.29150453131543796
1274357370022486016,negative,0.006812636562690789
1274357370534100995,negative,0.04868413656103167
1274357372719230978,negative,7.923799395258484e-09
1274357373449183232,negative,0.012690009512474188
1274357375265320960,neutral,0.5124218937528879
1274357375311503361,negative,0.08917284233375622
1274357376116809733,negative,0.0007206278447072315
1274357376813010945,negative,0.1823704251571895
1274357379723902979,negative,0.00517989528748498
1274357380139159555,negative,0.015548998880221356
1274357383075188736,negative,0.0001858070169064619
1274357383901384705,negative,0.2044935214380634
1274357384899629057,negative,1.637839043713939e-08
1274357386246045696,neutral,0.46598398918449585
1274357386778730497,negative,0.0001719424005084519
1274357387210690562,negative,0.01865311394732986
1274357388724908033,negative,0.004989714265797367
1274357389366628352,negative,0.0021707054813893444
1274357390310334465,negative,0.007702483049746551
1274357392189333508,negative,0.04868413656103167
1274357392604459009,negative,0.26192351310595835
1274357393896374273,negative,0.08917284233375622
1274357395116998656,negative,0.13792323098550419
1274357395527999491,negative,0.02253192592027086
1274357396111069185,neutral,0.4778931418967266
1274357401165139970,negative,0.0002400857791051532
1274357402607984640,negative,0.2645865643069647
1274357403438456832,negative,0.02102601543626555
1274357403644055553,negative,2.2451588225577107e-06
1274357405296492556,negative,0.15110457722319173
1274357407892803585,negative,0.02102601543626555
1274357408534540289,negative,0.0021707054813893444
1274357411101519879,negative,0.08763568321725174
1274357411919417345,negative,0.03564689012727054
1274357412225593345,negative,0.021808980460766268
1274357412934430721,negative,0.004989714265797367
1274357413043490816,negative,0.0013827125914938928
1274357414058475526,negative,3.412340316540593e-05
1274357414360424453,negative,0.10188734314977094
1274357414519767040,negative,1.637839043713939e-08
1274357415379636224,negative,0.024707141919132664
1274357416742850562,negative,0.02352312887698436
1274357417405546496,negative,0.04868413656103167
1274357417883717633,negative,1.637839043713939e-08
1274357419485941760,negative,1.835589465291648e-05
1274357420781953024,negative,0.3282419999848567
1274357423860482048,negative,0.014581629510440744
1274357425253027842,negative,0.00022714516725073116
1274357425441775618,negative,0.15242680841430015
1274357428587565058,negative,8.133443430267245e-06
1274357430646976513,negative,0.16176108179389376
1274357431074783233,negative,0.11077385469108107
1274357431594897410,negative,0.04868413656103167
1274357432362377216,negative,0.07273287776104852
1274357432832135169,negative,0.003343488396467101
1274357433960366080,negative,5.686518028202719e-06
1274357434123943938,negative,0.015548998880221356
1274357435193532416,negative,1.0872528108410854e-05
1274357435562635271,negative,0.006501171642686924
1274357435822735361,negative,0.06053835653175385
1274357436338618370,negative,0.0007206278447072315
1274357439186505728,neutral,0.5219498036666411
1274357439874416648,negative,0.236617000455749
1274357440302190593,neutral,0.5307355819608591
1274357441119965185,neutral,0.47638887177747796
1274357441229139968,negative,0.12125042769935822
1274357442504253440,negative,0.173079407219154
1274357442529411072,negative,0.04868413656103167
1274357443146002432,negative,0.027878044828672843
1274357443473158145,positive,0.9948528609593813
1274357443779350530,negative,0.04868413656103167
1274357447210217472,negative,0.3098636040892252
1274357447554195457,negative,0.04868413656103167
1274357449038929921,positive,0.9553463473008341
1274357451442266112,negative,0.08917284233375622
1274357451656171520,negative,0.04868413656103167
1274357451874279424,negative,0.04868413656103167
1274357452826345474,negative,0.018555170647393236
1274357455221403649,negative,0.0798813010626473
1274357456681029638,negative,0.01865311394732986
1274357457918328832,negative,0.04868413656103167
1274360121590718471,negative,0.012029115094424789
1274360124090519558,negative,0.12348353563555875
1274360124178661376,negative,0.0005833353590071568
1274360124660944897,positive,0.7910571920738074
1274360125105545227,negative,0.00010855503991369853
1274360125227249665,negative,0.0032140402846192405
1274360125319331840,positive,0.8002585490816346
1274360131245887488,negative,0.23056902331394544
1274360131715837953,negative,0.009404074764908295
1274360135004102658,negative,0.0092744064496032
1274360135209623552,negative,0.20019242922209485
1274360135222255619,negative,0.04868413656103167
1274360135352225794,negative,0.23540932660475059
1274360136304398336,positive,0.8405479133834481
1274360137210302464,negative,0.014581629510440744
1274360138145714178,negative,0.0014417858160584679
1274360138875441152,neutral,0.44231347627872375
1274360141157216258,negative,1.5392331286184835e-06
1274360142302269440,negative,0.008118229710519098
1274360142323159040,negative,1.0215832806547675e-05
1274360145666027521,positive,0.8002585490816346
1274360147821953024,negative,0.0005833353590071568
1274360148740448256,negative,8.95910525166513e-09
1274360149327503363,negative,0.22252779164072473
1274360149709402113,negative,0.02102601543626555
1274360151043198983,negative,0.003907794039276413
1274360151240314880,negative,9.587824816191965e-06
1274360153152905219,positive,0.9546935418747983
1274360153928802305,neutral,0.3623067691077438
1274360153987563520,negative,0.015182960774644386
1274360154197315584,negative,0.09134408089080437
1274360154977456130,negative,0.3080752992769777
1274360157502410752,negative,0.13934182381676397
1274360158001475584,neutral,0.4140695600300784
1274360159075098624,negative,0.021742177510265318
1274360159943491585,negative,1.1929911813902718e-06
1274360159951880193,negative,0.0665873196050427
1274360160035786753,negative,0.04868413656103167
1274360162258767872,neutral,0.435305273872318
1274360163005353985,negative,0.00017174395106661508
1274360164121010178,negative,0.00645449923304016
1274360167937847296,negative,0.20529710072463478
1274360169858727937,negative,0.01894949078908466
1274360169984655360,positive,0.9758866486936708
1274360170114617345,negative,1.637839043713939e-08
1274360171167469568,negative,0.2763440939467668
1274360171326779395,neutral,0.3353500257179539
1274360172094332929,negative,0.04868413656103167
1274360172098588675,negative,0.03874340492356711
1274360173268738055,neutral,0.3623067691077438
1274360174493470720,negative,0.006533159281284754
1274360174728351744,negative,0.02141378692845551
1274360176489967619,negative,0.04868413656103167
1274360176670388224,negative,0.015548998880221356
1274360179782488064,negative,0.0021707054813893444
1274360179828625416,negative,0.0005833353590071568
1274360180717883393,negative,0.003624741661449083
1274360180986306560,negative,0.2394110094948839
1274360181846130688,negative,9.930645891503263e-05
1274360183305764864,neutral,0.36490379355738706
1274360185071579138,positive,0.9228239639267456
1274360188158574593,positive,0.9997370820378277
1274360189089611778,negative,0.04868413656103167
1274360189689434122,positive,0.9460920945606877
1274360189823488000,negative,0.000520550113160139
1274360191354634242,negative,0.04868413656103167
1274360191375552512,negative,0.15164684986653434
1274360192914817025,positive,0.8959880811724734
1274360194856869890,negative,0.0771847225977192
1274360196421373954,negative,0.0798813010626473
1274360196819795970,negative,0.31732489718339985
1274360197520162817,neutral,0.5870959793700388
1274360198241673216,negative,0.31732489718339985
1274360200036847618,negative,0.17024906459997388
1274360201068642304,negative,5.6871451057985204e-05
1274360203060756480,negative,1.4573468952201154e-05
1274360203597819905,negative,0.02059529710232801
1274360207825678336,negative,0.0001328192010410201
1274360208094101506,negative,1.954367259475363e-05
1274360208484110338,negative,0.2617748389724454
1274360208987480066,negative,0.08917284233375622
1274360209348198400,negative,0.25692558904250373
1274360209432104966,negative,0.014182024580260617
1274360211713798145,negative,0.04868413656103167
1274360213630529545,negative,0.00023001536351510547
1274360214515593216,negative,1.954367259475363e-05
1274360214595272704,negative,0.3061888075872376
1274360217065619463,negative,0.04868413656103167
1274360218743443457,negative,0.04868413656103167
1274360219628441600,negative,9.343443760788176e-05
1274360220836409347,negative,0.04868413656103167
1274360223055175682,negative,0.04868413656103167
1274360223118110721,negative,0.1823704251571895
1274360223336148993,negative,0.21397789905034914
1274360223579418624,negative,0.0007206278447072315
1274360227006164992,negative,9.587824816191965e-06
1274360229988352002,negative,1.553788303648347e-05
1274360230437158913,positive,0.8023610291070357
1274360231808679937,negative,0.0007206278447072315
1274360233847074817,negative,0.29203328268016826
1274360234018930689,negative,0.16245410813089803
1274360236443394048,negative,0.0028080088661658438
1274360237055782915,negative,5.507364702208033e-05
1274360238205030400,negative,0.010588764200503533
1274360239421362176,negative,0.004532111403674905
1274360241245655042,negative,0.12125042769935822
1274360242596388866,negative,2.787297328760927e-09
1274360243850526720,negative,0.08575467508938993
1274360246287380481,neutral,0.4780350104355538
1274360248225214471,negative,0.1823704251571895
1274360248921358342,negative,0.05431028578830419
1274360249156329474,neutral,0.4180855915307219
1274360249626083328,positive,0.7019237615205293
1274360249756127235,negative,0.0007206278447072315
1274360253010894854,negative,0.021742177510265318
1274360253992374272,negative,0.14670329401186838
1274360256676626438,neutral,0.46598398918449585
1274360260560633856,negative,1.0512882275967707e-06
1274360261684670468,negative,0.1720767428995029
1274360263341420550,neutral,0.44231347627872375
1274360265061138433,negative,0.04868413656103167
1274360268512993281,negative,0.00011009116592078753
1274360268810784774,negative,0.1554418567570169
1274360270907944961,negative,8.404491852875959e-07
1274360274200428544,negative,0.04868413656103167
1274360275345584128,negative,0.0314816853304787
1274360275567853568,negative,0.0018980158844752175
1274360276066996231,negative,0.04868413656103167
1274360276696141825,negative,0.02102601543626555
1274360279086882817,negative,0.05268948541367727
1274360279162392576,negative,0.04868413656103167
1274360281100140544,negative,0.0011932448869651758
1274360281494323201,negative,0.15164684986653434
1274360388499451904,negative,1.954367259475363e-05
1274360388558209024,positive,0.9928886966371381
1274360391271940097,negative,0.02102601543626555
1274360391641042950,negative,0.07998569771605683
1274360391750074370,negative,0.02102601543626555
1274360392593166337,negative,0.04574489815077878
1274360392723111936,negative,0.01130536739368902
1274360395122302977,neutral,0.3702715834507617
1274360395357196289,negative,0.0021772946379553845
1274360399312322563,negative,2.787297328760927e-09
1274360399442345984,negative,0.23871696831429615
1274360399664762882,negative,3.555926431179157e-08
1274360400319066113,negative,3.4480453655701844e-06
1274360404148453377,neutral,0.4373255837432663
1274360404748222466,negative,0.08917284233375622
1274360404853043207,negative,0.0007693001601030721
1274360404974678016,neutral,0.4780350104355538
1274360405343821824,negative,0.009025516227975403
1274360407197732872,negative,0.0563643890102738
1274360407877173248,negative,0.05621817476334834
1274360408401420290,negative,5.0156571656009436e-11
1274360408711839750,positive,0.7862674322241531
1274360409290661889,negative,0.0092744064496032
1274360414281883649,negative,0.04868413656103167
1274360414365716481,neutral,0.4780350104355538
1274360415758286849,neutral,0.6360589176894806
1274360416060096513,negative,5.094166772461122e-06
1274360416274206727,negative,0.04868413656103167
1274360417184296960,negative,0.0003537580160514742
1274360417347874818,negative,0.19512902450161523
1274360418153254912,negative,5.094166772461122e-06
1274360419474440194,negative,0.015548998880221356
1274360419541450752,negative,0.17742867460355657
1274360420162248704,negative,0.000300324099040125
1274360420451659776,negative,0.04868413656103167
1274360421542252544,negative,0.055515435432433445
1274360421835776000,negative,0.04868413656103167
1274360423479992320,negative,0.06033134364647355
1274360425346367488,negative,0.001364881815035237
1274360428714393601,negative,2.787297328760927e-09
1274360430081826816,negative,0.0092744064496032
1274360431134597124,negative,0.007861195652418461
1274360431398850560,negative,0.0007693001601030721
1274360431696584706,negative,3.412340316540593e-05
1274360431931461633,negative,0.010978961757258687
1274360432061550592,negative,0.001683403228224366
1274360433189818368,negative,0.21255805558146415
1274360435207274498,negative,0.04868413656103167
1274360436494938118,negative,0.04868413656103167
1274360440034910209,negative,1.9140414063778456e-07
1274360444271177729,neutral,0.6027227694276578
1274360444388610049,negative,0.02059529710232801
1274360445286191105,positive,0.8002585490816346
1274360445550411776,neutral,0.39143632087352015
1274360447081369606,neutral,0.4780350104355538
1274360448457064453,negative,0.23540932660475059
1274360448494813191,negative,0.00517989528748498
1274360449774092289,positive,0.7862674322241531
1274360449790889985,positive,0.9706317460341823
1274360450503839744,negative,0.04868413656103167
1274360451384647680,negative,5.686518028202719e-06
1274360451988627456,neutral,0.6501237280127052
1274360453129539586,negative,0.26192351310595835
1274360453599240192,negative,0.31682618440448956
1274360453691555841,negative,0.0018980158844752175
1274360455771930626,negative,0.04868413656103167
1274360457281880069,negative,0.04868413656103167
1274360459236343811,positive,0.8767807454334922
1274360460557660160,negative,0.08575467508938993
1274360460914102274,negative,0.02102601543626555
1274360462231158785,positive,0.8002585490816346
1274360463002918912,positive,0.7862674322241531
1274360464949067778,negative,0.23540932660475059
1274360469160108035,negative,0.04868413656103167
1274360469600559104,negative,0.04868413656103167
1274360471412506624,negative,0.010588764200503533
1274360472251379712,positive,0.7532143714907016
1274360472586813440,positive,0.8168670945334474
1274360473908117505,negative,0.0005833353590071568
1274360476353232897,neutral,0.37227759433541274
1274360477234212864,negative,0.021742177510265318
1274360478358110210,negative,5.094166772461122e-06
1274360478538571776,neutral,0.4780350104355538
1274360479096410114,negative,0.06811277363594397
1274360480820330498,negative,0.0007206278447072315
1274360482875531265,negative,0.00020479812569071105
1274360485106913280,negative,0.20239329743009857
1274360486851760128,positive,0.8997686427822305
1274360489452003329,neutral,0.4780350104355538
1274360490752462853,negative,0.0007693001601030721
1274360492216197121,negative,0.02059529710232801
1274360496091803651,negative,7.337599204667523e-05
1274360497530429441,negative,0.0007206278447072315
1274360506162335745,negative,0.04868413656103167
1274360510369103872,negative,0.04868413656103167
1274360510473961472,negative,0.0092744064496032
1274360511572979712,negative,0.04868413656103167
1274360512055250946,negative,0.0007693001601030721
1274360512411766784,negative,0.0005833353590071568
1274360513452007426,negative,0.0092744064496032
1274360514689339392,negative,0.00011041280132821613
1274360515641454593,neutral,0.4780350104355538
1274360516794818567,negative,0.015548998880221356
1274360517214208012,positive,0.9976390690926255
1274360519995129856,negative,1.9734175289667185e-05
1274360522146799618,negative,0.0003486349384285354
1274360524176855041,negative,9.000703795846582e-05
1274360524499804161,neutral,0.555957514713482
1274360524864708609,negative,0.12170735196924969
1274360525367934976,negative,0.2468835867562215
1274360525871292416,negative,3.3151610001705632e-06
1274360527536390148,negative,0.00011026338162809808
1274360529465880578,negative,0.04868413656103167
1274360529885200384,neutral,0.4780350104355538
1274360531294588928,negative,0.04784653066245429
1274360531470737408,negative,5.042705810731163e-06
1274360532007616513,negative,1.637839043713939e-08
1274360576878219264,negative,0.12125042769935822
1274360576882458625,negative,0.04868413656103167
1274360577188597760,negative,0.0019963831800710193
1274360579214491648,negative,0.2486640047527842
1274360579914899458,negative,0.0004515594584057763
1274360581299077122,negative,0.2993907110775389
1274360584960651264,negative,0.02102601543626555
1274360585413689346,neutral,0.49789225920557484
1274360586034384897,negative,0.02102601543626555
1274360587074637826,negative,0.04868413656103167
1274360587091312640,negative,2.787297328760927e-09
1274360589415075840,positive,0.7862674322241531
1274360589662519297,negative,3.3210698001318295e-12
1274360591348641792,negative,0.08501573180126992
1274360595114909696,negative,5.094166772461122e-06
1274360595140292615,negative,0.0851883470283604
1274360596633391110,negative,0.0011522563115366857
1274360597170335744,negative,0.02458097564410094
1274360597199695873,positive,0.8673013062624064
1274360597451345921,negative,0.0008773490645755803
1274360597480644608,negative,0.00030119910424956687
1274360598319566848,negative,0.04868413656103167
1274360598759964672,negative,0.08072910548644506
1274360599150018561,negative,0.11733166319877615
1274360599170998273,negative,0.04868413656103167
1274360599993073666,negative,3.6885601646132193e-06
1274360603025571843,positive,0.9997370820378277
1274360605051441152,negative,0.04868413656103167
1274360605647015937,negative,0.0007689502253299483
1274360605936431105,negative,0.000486759942306765
1274360607077289985,negative,0.0015206267995189991
1274360608700260355,negative,0.07687503458811343
1274360608779931656,negative,9.861614949957227e-06
1274360609061175297,negative,0.010588764200503533
1274360609191198721,negative,0.0092744064496032
1274360611057684486,negative,0.04868413656103167
1274360611128950784,neutral,0.5870959793700388
1274360612508893185,negative,0.10640792408094313
1274360612781461508,negative,1.637839043713939e-08
1274360614866075648,negative,0.12937518021785752
1274360617764302849,negative,0.007208219650967505
1274360620020891648,negative,0.0003579221205812813
1274360620263944192,negative,0.05897235857735733
1274360622340280321,neutral,0.4780350104355538
1274360622868766721,negative,0.1843443377086646
1274360624282103809,negative,0.045707989291965366
1274360624496156675,negative,0.02102601543626555
1274360628199796736,neutral,0.4780350104355538
1274360628275302401,negative,0.00021020526819592297
1274360629265076224,negative,0.19630752201027662
1274360631106338821,negative,0.04868413656103167
1274360631349690368,negative,0.2790327197025178
1274360633601830913,negative,0.09740302121089356
1274360633748852737,negative,0.00015033203221263383
1274360634088591363,negative,0.05166701724714524
1274360634356965388,negative,0.08635146400455548
1274360635468505090,negative,0.008705713527977768
1274360635900538880,negative,0.00768243216274928
1274360636458389505,negative,0.20239329743009857
1274360636735021056,negative,0.151771177379783
1274360638089965572,negative,0.028519493312871767
1274360638475776000,negative,0.015548998880221356
1274360639176216576,positive,0.7112264328727067
1274360639532785664,negative,0.02102601543626555
1274360639595610113,negative,2.920755217426975e-09
1274360639864143872,negative,0.07998569771605683
1274360640044445704,negative,0.061509811033413374
1274360643936759813,negative,0.05897235857735733
1274360645312528389,negative,0.08023930523735376
1274360648034652161,negative,0.0001701473908386773
1274360648621793280,negative,0.04868413656103167
1274360649339097089,negative,1.637839043713939e-08
1274360649834024960,negative,0.22380824520479448
1274360650366685187,negative,0.09192584155630457
1274360650412810241,negative,0.02470137134041023
1274360650626732032,negative,0.03768742354338506
1274360651620790275,negative,0.08370876755017603
1274360652425916416,negative,0.07273795961904798
1274360652602265600,negative,5.094166772461122e-06
1274360654506397709,negative,0.1299034958876598
1274360656020549633,negative,0.0018980158844752175
1274360656813338624,negative,0.04868413656103167
1274360656872046592,neutral,0.46598398918449585
1274360657119494144,negative,0.03646792400050892
1274360657496940544,negative,0.09033427858940829
1274360658637750273,positive,0.8894070896637352
1274360660177170433,negative,0.009930659592381205
1274360660646940674,negative,0.21820043223609487
1274360662031040513,negative,0.04868413656103167
1274360663297667072,negative,0.04868413656103167
1274360663675150336,negative,0.16161868573067484
1274360665843662849,negative,0.0011932448869651758
1274360669853364225,negative,0.04868413656103167
1274360670071459840,negative,0.0005833353590071568
1274360670285443077,negative,0.001831815284055942
1274360671463931905,negative,0.003065677059359148
1274360671791198211,negative,0.04868413656103167
1274360672944603136,neutral,0.46598398918449585
1274360673506648064,negative,0.08917284233375622
1274360674211299330,negative,0.04868413656103167
1274360674651639813,negative,2.787297328760927e-09
1274360675272404992,negative,0.021808980460766268
1274360676035842054,negative,0.014309255992588546
1274360679357730816,negative,0.0007206278447072315
1274360680997675010,negative,0.04868413656103167
1274360681945579525,negative,0.0005833353590071568
1274360681974976515,negative,0.04868413656103167
1274360682088222720,negative,0.0771847225977192
1274360682704777216,negative,5.042705810731163e-06
1274360683950477312,negative,0.15317104444258872
1274360684629962757,negative,2.074593082072926e-12
1274360685955334147,negative,0.19986654509868576
1274360688505434118,negative,0.008632553219473864
1274360689432371200,neutral,0.6414256900113946
1274360691466657794,negative,0.04868413656103167
1274360692972359680,neutral,0.4871779779208568
1274360697900670979,negative,0.17948705462362313
1274360697929990149,negative,3.152855152215035e-05
1274360698055864322,negative,0.0707114981358256
1274360698081030144,negative,0.04868413656103167
1274360700069195779,negative,2.787297328760927e-09
1274360700341833728,negative,2.787297328760927e-09
1274360700467646464,negative,0.0004269461515842389
1274360702816444418,positive,0.9260626756199472
1274360703688880130,negative,0.010584991134620457
1274360704003342342,negative,0.10459808247315129
1274360704406040578,negative,3.412340316540593e-05
1274360705236549632,negative,0.00517989528748498
1274360706532597768,negative,0.0032140402846192405
1274360707774058498,negative,0.0771847225977192
1274360709397336065,negative,0.0798813010626473
1274360710412275713,negative,0.08501573180126992
1274360712333230082,negative,0.05231506636733828
1274360713755201538,negative,0.00023120021391055554
1274360715919470597,neutral,0.46598398918449585
1274360716653445122,negative,0.04868413656103167
1274360717341347840,negative,0.01130536739368902
1274360717542600704,negative,0.015063038548651141
1274360717634932737,negative,0.04868413656103167
1274360718112980993,negative,0.02102601543626555
1274360718322806785,negative,0.06659053916634819
1274360719706853378,negative,0.0092744064496032
1274360721195892739,negative,0.02059529710232801
1274360721304887296,positive,0.9992693518647835
1274360721929887745,negative,0.08023930523735376
1274360743908048900,negative,0.00041777378634683544
1274360744297914370,negative,0.1801461484119052
1274360744335867904,negative,0.08917284233375622
1274360744633602051,negative,0.0007693001601030721
1274360745258635264,negative,4.885695688676609e-05
1274360746227519489,negative,0.04868413656103167
1274360746898587649,negative,0.15777472152595248
1274360747418628098,negative,0.04868413656103167
1274360747938779137,negative,0.11733166319877615
1274360748651827201,negative,0.0020123471297534426
1274360750753144833,negative,0.0009475747249613342
1274360750950227968,negative,0.0798813010626473
1274360751239675907,negative,0.05897235857735733
1274360753651437568,negative,2.787297328760927e-09
1274360754238631936,negative,0.00854208110348878
1274360754628689920,negative,4.7409891108279905e-05
1274360756507680768,negative,0.08501573180126992
1274360757069717504,neutral,0.33128821234293937
1274360761566015490,positive,0.9997370820378277
1274360763310841856,negative,0.0007693001601030721
1274360766905364480,negative,0.02102601543626555
1274360767068979204,negative,0.23540932660475059
1274360767077404674,negative,0.01459792831564967
1274360768960454657,negative,0.151771177379783
1274360769363181568,neutral,0.46598398918449585
1274360770768273408,neutral,0.3734612133305814
1274360773154725888,negative,6.322846485316559e-15
1274360774111223808,negative,2.787297328760927e-09
1274360774484529164,positive,0.9997370820378277
1274360774673133569,negative,0.16874140709094262
1274360775579222017,negative,0.04868413656103167
1274360777571516417,neutral,0.4619741558880597
1274360780046176256,negative,0.15055769079234244
1274360785997832192,negative,0.02102601543626555
1274360786719256577,positive,0.741168634403206
1274360786945740801,negative,0.00517989528748498
1274360787281289216,negative,0.0021772946379553845
1274360789093232640,negative,0.09679657578830154
1274360792268394497,negative,0.021742177510265318
1274360795007197185,negative,0.04868413656103167
1274360795850301443,neutral,0.4916445307866068
1274360796466810880,negative,0.0064898621076651735
1274360797267976192,positive,0.7126949922642972
1274360797939077120,negative,0.04979799688744938
1274360799864201217,negative,0.1823704251571895
1274360800896004096,negative,0.0004515594584057763
1274360804599574528,negative,0.01881309169335235
1274360806646468609,negative,0.0002400857791051532
1274360808965799936,neutral,0.4507454498615163
1274360811780276224,negative,0.1291339152833813
1274360812153516032,negative,0.0021772946379553845
1274360812984025088,negative,0.04868413656103167
1274360813621587969,negative,0.0092744064496032
1274360814162423809,negative,0.2617748389724454
1274360818205851653,negative,0.08551692218235292
1274360819019657216,negative,0.017976619570148986
1274360819627823105,negative,0.00021444864898897986
1274360819757834241,negative,0.02102601543626555
1274360820173099008,negative,0.14454883307334856
1274360821523628033,negative,0.0021707054813893444
1274360821653688320,negative,0.12825308506051825
1274360821758517249,negative,0.0002400857791051532
1274360826774851585,negative,0.19252048987460174
1274360826850410497,negative,0.17742867460355657
1274360829476048898,negative,0.19630752201027662
1274360831220895745,neutral,0.4780350104355538
1274360832135237635,negative,0.2394110094948839
1274360832344850432,neutral,0.33128821234293937
1274360832386691073,neutral,0.4723022553037091
1274360833720692742,neutral,0.4780350104355538
1274360833812959232,negative,0.008419918354253134
1274360836795052032,negative,0.0007206278447072315
1274360838003077126,negative,0.004402529779527236
1274360838560927750,negative,0.011630288228461091
1274360838950916097,negative,0.0092744064496032
1274360838959304706,neutral,0.5124092352022664
1274360840477642752,positive,0.9999609741266348
1274360840833994752,negative,0.07296987682324933
1274360843401076737,negative,0.0021772946379553845
1274360844315435010,positive,0.997854445726266
1274360846504857600,positive,0.8441521643614915
1274360846798458880,negative,0.04868413656103167
1274360847159169029,negative,0.015548998880221356
1274360847163326466,negative,0.0798813010626473
1274360849038290945,negative,0.0002697275739541165
1274360850233655296,negative,0.2238240010816892
1274360850405621762,negative,0.028894580930516646
1274360854574698496,negative,0.008349806294195992
1274360855744983040,negative,0.0026374841338087985
1274360857774956544,negative,0.014581629510440744
1274360858919960581,negative,0.0044626166539203545
1274360860320858113,neutral,0.3930374589817245
1274360860551589889,negative,0.0006107421651236862
1274360863466631168,negative,0.0007869891862796629
1274360867996434434,negative,0.00517989528748498
1274360870567645189,negative,0.0484112998006393
1274360871016443905,negative,0.130385537690597
1274360871666552832,negative,0.00517989528748498
1274360871825952768,negative,0.004823005241175625
1274360872039788545,negative,0.14796343591632335
1274360872694173698,negative,0.04868413656103167
1274360873893666816,positive,0.7862674322241531
1274360874325737473,negative,0.2394110094948839
1274360877072953345,negative,0.01865311394732986
1274360877177884677,neutral,0.4780350104355538
1274360878192877568,negative,0.0001328192010410201
1274360878373224453,negative,0.02102601543626555
1274360878444482561,negative,0.0014690239978459166
1274360883356012544,negative,2.735567081108593e-06
1274360883943268358,negative,0.006189467112220403
1274360884589146117,negative,0.006812636562690789
1274360887764291586,negative,0.12125042769935822
1274360889924292609,neutral,0.3734612133305814
1274360889932685312,neutral,0.38801517263737173
1274360890545053696,negative,0.012690009512474188
1274360891333435392,negative,0.055515435432433445
1274360899491389443,negative,0.00033014254448058286
1274360900061978625,neutral,0.37303161415784936
1274360900770770946,negative,8.672422516287899e-05
1274360901525741570,negative,0.0030124805919981017
1274360904394649602,negative,0.02102601543626555
1274360905443282949,negative,0.0007693001601030721
1274360906789593091,negative,0.0058020404789029785
1274360907146158080,negative,0.0958343226643554
1274360907217489920,negative,0.010512616686373906
1274360908064718850,negative,0.0021707054813893444
1274360908702199808,negative,0.04868413656103167
1274360909570465799,negative,0.011448849023057617
1274360909914353664,neutral,0.637176904471579
1274360911642480641,negative,2.787297328760927e-09
1274360938632810498,negative,0.14821091589788712
1274360938712326144,neutral,0.4469203531611031
1274360939710742529,negative,0.04868413656103167
1274360940000133122,neutral,0.33686374760521365
1274360944005537795,negative,0.00017205565980449338
1274360944500658176,negative,1.5392331286184835e-06
1274360946706665474,negative,0.20284559098730048
1274360948229386240,negative,0.20239329743009857
1274360949131091968,negative,0.18760693662253133
1274360949307310086,negative,0.05219699582152566
1274360950355824642,negative,0.004899091348546993
1274360952121688071,negative,0.02102601543626555
1274360952352313345,negative,0.11392420449287459
1274360953254092801,negative,0.04868413656103167
1274360953509994496,negative,0.0007206278447072315
1274360953736486915,negative,0.1678377577919096
1274360954185232384,negative,0.051166286330109716
1274360954604707840,negative,0.04543754723042157
1274360955879723015,negative,3.412340316540593e-05
1274360957888802822,negative,0.1823704251571895
1274360958605983752,negative,0.0007693001601030721
1274360959931473922,negative,3.561072814611798e-05
1274360961663741952,negative,9.721779929304367e-05
1274360962359926784,negative,1.637839043713939e-08
1274360962829688837,negative,0.08012263816035585
1274360963647537155,negative,0.0019963831800710193
1274360963676987398,negative,0.151771177379783
1274360967074320387,negative,0.1568301927708932
1274360967997132807,negative,0.02102601543626555
1274360969699954689,negative,0.0046249301583622185
1274360972359196672,negative,0.00517989528748498
1274360973512638464,negative,0.0005833353590071568
1274360974221467650,negative,0.1823704251571895
1274360974246588416,negative,0.08551692218235292
1274360975534313473,negative,0.0007693001601030721
1274360975848878080,negative,0.11077385469108107
1274360977040039939,negative,0.2782775339354824
1274360977337790464,negative,0.0021707054813893444
1274360978315108353,negative,5.137736185000069e-09
1274360979321651200,neutral,0.46598398918449585
1274360980844265472,negative,1.637839043713939e-08
1274360981435691013,neutral,0.4002471145577878
1274360982702379015,negative,1.120133108175407e-15
1274360983155118080,negative,5.95630839107626e-06
1274360984849780738,negative,0.0015885289147949788
1274360988029124609,negative,0.0018503987747464671
1274360988867760129,negative,0.0008269459449750035
1274360993192304640,negative,0.04868413656103167
1274360993204908033,neutral,0.597239011475582
1274360998888198144,negative,0.0972662406896522
1274360999198568448,negative,0.07828770203869125
1274360999500484608,negative,0.0005833353590071568
1274360999592804352,negative,0.0018246692225895626
1274360999974514695,positive,0.9999993243751115
1274361000154869761,negative,0.08501573180126992
1274361001278914567,negative,0.04868413656103167
1274361005208993793,negative,0.0017394303038687096
1274361007188533248,negative,0.17100698000452327
1274361007297769478,negative,0.09210347914676802
1274361008304394240,neutral,0.5398362570212623
1274361008388218882,negative,0.0004895865013192747
1274361008870621184,negative,1.1929911813902718e-06
1274361014126096385,positive,0.9603877078171027
1274361014209982465,neutral,0.46598398918449585
1274361014595747847,negative,0.04868413656103167
1274361014717419522,negative,0.08551692218235292
1274361015082397698,positive,0.9969616390735564
1274361018823708679,negative,9.509960649420935e-07
1274361019004063744,negative,0.0031960059036815892
1274361019759038470,negative,0.043857381797622295
1274361020396511235,negative,0.11275300035366007
1274361021046632449,neutral,0.4780350104355538
1274361023491969027,negative,3.561072814611798e-05
1274361027686207488,negative,7.482590918262696e-05
1274361028135059456,negative,0.0028792207835829095
1274361031511478273,negative,0.009404074764908295
1274361031947517952,negative,0.15547746045458474
1274361032052486145,negative,0.0009358034418867134
1274361033881255936,negative,0.007612809376995171
1274361035017895936,neutral,0.3734612133305814
1274361035324096512,negative,0.0031960059036815892
1274361035550527490,negative,0.0771847225977192
1274361035693195264,negative,0.00753040293107463
1274361036020350979,negative,0.04868413656103167
1274361036171247616,negative,0.0092744064496032
1274361036766941184,negative,0.04868413656103167
1274361038281093120,negative,0.003694779450599342
1274361038604034048,negative,0.04868413656103167
1274361039614812162,negative,0.08680912766766295
1274361039619084289,negative,0.002556502557934445
1274361041544187904,negative,0.006309175652967567
1274361042378936321,negative,0.04868413656103167
1274361044803162112,negative,0.13594405048455258
1274361045554008067,negative,0.015548998880221356
1274361045650415621,negative,0.00020770303453479787
1274361045650415623,negative,0.00517989528748498
1274361045696593920,negative,0.15777472152595248
1274361046392856579,negative,0.04868413656103167
1274361047592378368,negative,0.04868413656103167
1274361047772737537,negative,0.0005651422809772679
1274361048636592128,neutral,0.37109909613651043
1274361050218016768,negative,0.07917874728064465
1274361050750746624,negative,1.954367259475363e-05
1274361050796888064,negative,0.04868413656103167
1274361051128246277,neutral,0.5043370007876703
1274361052164169731,negative,0.04868413656103167
1274361058422140934,negative,0.08551692218235292
1274361058443038728,negative,0.00989658277064847
1274361060829560832,negative,2.9239567231680062e-05
1274361063232897025,negative,0.014651377014430684
1274361067502788609,negative,0.10966635688105357
1274361067829972992,negative,0.19630752201027662
1274361072246493185,negative,1.5511897584525114e-06
1274361072905060357,negative,0.14626927164723774
1274361074553360387,neutral,0.5870959793700388
1274361074733780992,negative,5.859989174016317e-07
1274361077522972674,negative,0.030221101087122556
1274361078256934914,negative,0.001683403228224366
1274361081528561665,negative,0.015548998880221356
1274361081914368001,neutral,0.47825815524877363
1274361085475332096,negative,0.04868413656103167
1274361086251274240,negative,4.922283104018384e-05
1274361086880423939,negative,0.0021707054813893444
1274361087304097792,negative,0.02102601543626555
1274361088553992193,negative,0.03865666895314898
1274361090303045633,negative,8.628972896978089e-10
1274361090831527938,negative,0.11733166319877615
1274361090869256192,negative,9.587824816191965e-06
1274361090961485824,negative,0.009516747196784824
1274361091863306241,negative,0.006812636562690789
1274361092697882625,negative,0.0007918734139499578
1274361092920270850,negative,5.094166772461122e-06
1274361094925058048,positive,0.7862674322241531
1274361095210360834,negative,0.0007693001601030721
1274361096086970368,negative,5.4167313456343445e-06
1274361096237965312,negative,0.0007206278447072315
1274361096678313986,neutral,0.4780350104355538
1274361097684951041,negative,0.16050205334593312
1274361097836023809,negative,5.686518028202719e-06
1274361128496267268,negative,0.24151054019797136
1274361129234505728,negative,0.0021772946379553845
1274361129301610496,negative,0.004989714265797367
1274361129385504768,negative,0.23540932660475059
1274361129704345603,negative,0.20239329743009857
1274361129742073857,positive,0.9999609741266348
1274361130618585090,neutral,0.4780350104355538
1274361134074691584,negative,0.09586653449951275
1274361136041938945,negative,0.02102601543626555
1274361136679395328,negative,0.08917284233375622
1274361138080370689,negative,0.009276555040651552
1274361140886286336,negative,0.00021020526819592297
1274361140945002496,negative,0.02059529710232801
1274361143981682688,negative,1.637839043713939e-08
1274361146393473028,negative,0.07917874728064465
1274361146728988672,negative,0.00036150904515021276
1274361146963828736,negative,0.03604698790071069
1274361147161030656,negative,0.0331971951986892
1274361148075388928,negative,0.23540932660475059
1274361149912305664,negative,0.0021772946379553845
1274361150386339841,negative,0.056793714944952264
1274361151808208896,negative,0.11937660190293918
1274361154677153792,neutral,0.44762173059026356
1274361154886926338,negative,0.04868413656103167
1274361155100782592,negative,0.08501573180126992
1274361155516014592,negative,0.011448849023057617
1274361156002557952,positive,0.9928886966371381
1274361156170366976,negative,0.007141576727243704
1274361157378326528,negative,0.007374370827635076
1274361158154301443,negative,0.02102601543626555
1274361159429296132,negative,2.787297328760927e-09
1274361162294067201,positive,0.8002585490816346
1274361162671575041,negative,0.0005833353590071568
1274361165284548610,negative,0.04868413656103167
1274361166953951232,neutral,0.44203355081296014
1274361167612448769,negative,1.637839043713939e-08
1274361167620734976,negative,0.04868413656103167
1274361169344675842,negative,1.899102319372621e-06
1274361170518999041,negative,6.603785395490709e-07
1274361171848712192,negative,0.0665873196050427
1274361171974512641,neutral,0.4780350104355538
1274361172687536129,negative,0.11733166319877615
1274361173274656771,negative,8.220038529996001e-07
1274361173878677504,negative,0.0851964641798441
1274361174126145536,neutral,0.4780350104355538
1274361174239428610,negative,5.686518028202719e-06
1274361177393463298,negative,0.0007206278447072315
1274361177485737984,negative,0.0004369217456218324
1274361177620000768,negative,0.07117522185285792
1274361178932883456,negative,0.0007693001601030721
1274361179876528129,positive,0.9186953761636848
1274361181021573121,negative,0.08917284233375622
1274361182531584000,negative,0.00517989528748498
1274361185111072768,negative,0.04868413656103167
1274361186507776000,negative,0.00517989528748498
1274361187677896705,negative,0.01696064329429242
1274361188579770370,neutral,0.3776154214525659
1274361189976412161,neutral,0.5307355819608591
1274361191142285312,negative,3.159049421948254e-07
1274361192656637956,negative,0.00015328092236833836
1274361193239646210,negative,0.04868413656103167
1274361194741215234,neutral,0.3939502598985215
1274361195110203392,negative,0.08902132565243441
1274361195181596673,negative,0.04868413656103167
1274361198193106945,negative,0.2617748389724454
1274361198532874240,negative,0.07998569771605683
1274361199623364609,neutral,0.47825815524877363
1274361201489739776,negative,0.005289110197580681
1274361205713440768,negative,0.10285008320408684
1274361206409531392,negative,0.02102601543626555
1274361206564888578,positive,0.7894204704717473
1274361206673940480,negative,0.0007693001601030721
1274361207592542210,negative,5.820756122585823e-06
1274361207630319616,negative,7.174361650319936e-14
1274361208280211456,negative,0.05603558800133637
1274361208557260800,negative,3.899605436758389e-05
1274361210901794816,negative,0.11077385469108107
1274361211300315142,negative,0.0005833353590071568
1274361212856344577,negative,0.09740302121089356
1274361213862981633,negative,0.0002253204209530732
1274361214185934849,negative,0.0798813010626473
1274361214412472321,negative,0.04868413656103167
1274361215066738689,negative,0.023631728793008754
1274361217201643520,negative,0.021742177510265318
1274361217382060035,negative,0.0018980158844752175
1274361218250223620,negative,7.620757296876579e-09
1274361218812313600,negative,0.0005179945413571139
1274361222117326848,neutral,0.44231347627872375
1274361222486528001,negative,0.014581629510440744
1274361222750769153,negative,0.23540932660475059
1274361228316598274,negative,0.0798813010626473
1274361230111768577,negative,0.06121836630300476
1274361230451449856,negative,0.00011041280132821613
1274361232393416708,neutral,0.5555429253335767
1274361232749985792,positive,0.8315645347000584
1274361234343841793,negative,0.08023930523735376
1274361235442749442,negative,2.360306033644238e-10
1274361236000509954,negative,5.676464984885872e-08
1274361236751364096,negative,0.018215284477058002
1274361237258862593,negative,0.0798813010626473
1274361238013784067,negative,1.5392331286184835e-06
1274361238890438659,negative,0.16357937569193726
1274361239674785792,neutral,0.3513724964970392
1274361240203210752,negative,0.00023912504082500172
1274361241683865601,negative,0.06927473062223166
1274361242103275523,negative,0.02102601543626555
1274361243093159936,positive,0.8023610291070357
1274361243609038849,negative,0.024656753621572516
1274361244091285504,negative,0.14766691542968244
1274361246717001734,positive,0.997854445726266
1274361247501344769,neutral,0.4780350104355538
1274361250407952385,neutral,0.4737554465528978
1274361250571587585,negative,0.04868413656103167
1274361251058065411,negative,0.021542388491875054
1274361252022812672,negative,0.00517989528748498
1274361253058805760,negative,0.07346255624666398
1274361255176867847,negative,0.0002400857791051532
1274361255583715328,negative,0.04868413656103167
1274361256544272384,negative,0.2790327197025178
1274361257211068416,negative,0.0011932448869651758
1274361258456879106,negative,0.02059529710232801
1274361259526414336,negative,0.2066288463661379
1274361260520411137,negative,0.19630752201027662
1274361260809871360,negative,0.12862783747027076
1274361261321568258,negative,8.628972896978089e-10
1274361262424686594,negative,0.020671539135477947
1274361262584061955,negative,0.02102601543626555
1274361263536197632,positive,0.7112264328727067
1274361265872347136,positive,0.9460920945606877
1274361271694036992,negative,0.16264403611839934
1274361274412019713,positive,0.8662198281415374
1274361275049361408,negative,0.00021721368960772122
1274361275326267392,negative,0.04868413656103167
1274361276664291328,negative,0.10188734314977094
1274361278031683584,negative,0.0015175705034052487
1274361279159902210,negative,0.04868413656103167
1274361279516487681,negative,0.04868413656103167
1274361280300793856,negative,5.792727889196795e-05
1274361281168932866,negative,0.019271413402418683
1274361281861033992,negative,0.11392420449287459
1274361281982726145,negative,0.046812883363647126
1274361282850951168,negative,1.6155017134053972e-05
1274361283085828098,neutral,0.33409991351794865
1274361283442364418,negative,0.026193084061497125
1274361284419518467,negative,0.0021772946379553845
1274361285505961984,negative,8.875547998667753e-07
1274361285954732032,negative,0.1823704251571895
1274361309115662337,negative,0.001408439195058567
1274361311749644288,negative,0.00037121730800023883
1274361311787462656,negative,0.027238124448697755
1274361313989287937,neutral,0.5030332264438171
1274361314027155459,negative,0.00020479812569071105
1274361315604250626,neutral,0.4068685115570209
1274361317537845248,negative,0.040043371852185546
1274361318666129410,negative,1.637839043713939e-08
1274361321161740288,neutral,0.6246691678021192
1274361321228812288,negative,0.020137518706941224
1274361322222891008,positive,0.8167066301350949
1274361322566811650,negative,0.0092744064496032
1274361324890460162,negative,0.04868413656103167
1274361326312316929,negative,0.04868413656103167
1274361329671905280,neutral,0.5307355819608591
1274361330691190785,negative,0.03999434890537258
1274361330900795393,negative,0.004845139417010444
1274361331920011264,negative,0.00022386448352370393
1274361332830216193,negative,0.003065677059359148
1274361333933379588,negative,0.20239329743009857
1274361336160563201,negative,0.012069061448379048
1274361338186383361,negative,0.015548998880221356
1274361338555441152,negative,0.0734524146899194
1274361339704684545,negative,0.0017394303038687096
1274361340463927303,neutral,0.4780350104355538
1274361342103900162,negative,0.04868413656103167
1274361344406556673,negative,0.08501573180126992
1274361344461017088,negative,1.954367259475363e-05
1274361346440736768,negative,0.012502496388035947
1274361347958951936,negative,0.0011518668646244058
1274361349389287425,negative,0.04868413656103167
1274361352283398149,negative,0.04868413656103167
1274361354690969603,negative,0.04868413656103167
1274361354724540416,negative,0.14244224347412723
1274361354846076928,negative,0.0798813010626473
1274361355261394951,negative,0.0642521894215578
1274361355336855554,neutral,0.5564726114626116
1274361358201602053,neutral,0.4780350104355538
1274361358667087872,negative,0.00517989528748498
1274361359396999168,negative,0.02059529710232801
1274361359753449472,neutral,0.38073809146701953
1274361360210694146,negative,0.008083153841876098
1274361360353300481,positive,0.6768068847268681
1274361362060390400,negative,0.02102601543626555
1274361362613968896,negative,0.04868413656103167
1274361363561881602,negative,0.09187412014494534
1274361363578707970,positive,0.6719283270965523
1274361363687714818,negative,0.00021461273926163431
1274361363863752709,negative,5.757012704381806e-05
1274361365562634240,negative,0.24241056295860333
1274361368674787333,negative,1.2767441488785036e-05
1274361369203281921,negative,1.637839043713939e-08
1274361371312807948,negative,0.00016823968684374503
1274361374240657410,negative,0.12675774041175172
1274361374261612547,positive,0.8989113363961193
1274361376224555010,negative,0.003243514695395687
1274361378053201920,negative,0.0024072631884209644
1274361378229366784,negative,0.11937660190293918
1274361378581725185,negative,0.00020817562045590026
1274361379512860672,negative,0.0007206278447072315
1274361379739381760,negative,0.12937518021785752
1274361379831586817,positive,0.9948528609593813
1274361381211553796,positive,0.9903699772518526
1274361381970681858,negative,0.01919072320891265
1274361382335655938,negative,5.686518028202719e-06
1274361382490816512,negative,0.006572766519036822
1274361383279304705,negative,0.04868413656103167
1274361383858077696,negative,0.04868413656103167
1274361386332758019,negative,0.07902109835939429
1274361388253798400,negative,0.00026658865137405555
1274361388748681216,negative,0.00517989528748498
1274361391848345601,negative,0.021826493107520432
1274361393735745536,negative,0.021742177510265318
1274361393903525888,negative,0.03173567732454277
1274361396155879425,negative,0.21612966526288627
1274361397648994305,positive,0.8167066301350949
1274361398445985794,negative,0.08431395946092056
1274361399918108679,positive,0.8167066301350949
1274361403151921159,negative,0.04868413656103167
1274361404238245890,positive,0.7112264328727067
1274361404460601344,negative,0.07321471904393306
1274361404766724097,negative,0.033567164766013194
1274361405114929154,negative,0.04868413656103167
1274361405706309637,negative,0.015682645292981887
1274361408025759745,negative,0.22860109472680132
1274361408315109376,negative,0.19630752201027662
1274361409330196480,negative,0.04868413656103167
1274361409476997121,negative,0.19986654509868576
1274361411725123585,negative,1.2940966475051762e-08
1274361414744973312,negative,0.05406560718788556
1274361416770879494,negative,1.0872528108410854e-05
1274361418498834433,negative,0.001464646649174222
1274361419102707712,negative,0.02946972032369291
1274361419123785728,positive,0.7601586060820511
1274361420302430208,negative,0.005788725419793225
1274361421908885504,neutral,0.42695075000513394
1274361424618364929,negative,3.152855152215035e-05
1274361424672968704,neutral,0.49514839548214856
1274361425503358976,negative,1.637839043713939e-08
1274361425784377344,negative,0.20771934817642312
1274361427072081920,neutral,0.4745671089571715
1274361427692838913,negative,0.0002400857791051532
1274361427713830918,negative,0.03492650463887241
1274361429299204097,neutral,0.4780350104355538
1274361430838513664,negative,0.0203793344163376
1274361433141260288,positive,0.6609605954191247
1274361435230003200,negative,9.504574261052595e-08
1274361435750125569,negative,0.02929666633113939
1274361436026871808,neutral,0.46598398918449585
1274361436408610817,negative,0.2625982517879942
1274361436618272770,negative,0.14944396330804638
1274361436832178176,negative,5.686518028202719e-06
1274361438962933761,negative,0.00021020526819592297
1274361441039126528,negative,2.787297328760927e-09
1274361441617948672,positive,0.8714606490051952
1274361442226102274,negative,0.02102601543626555
1274361445380218880,negative,0.0005833353590071568
1274361446512693249,negative,0.0771847225977192
1274361448223911936,neutral,0.3835623159244935
1274361449775849474,negative,0.00020817562045590026
1274361450652467202,negative,0.001361618963202551
1274361453630365696,negative,0.032944019472149554
1274361455681449986,negative,4.628064857254641e-06
1274361457396912128,neutral,0.5018225690334994
1274361458604879873,negative,0.0020299969978911504
1274361458621628418,neutral,0.554842817879357
1274361459930259456,negative,0.1823704251571895
1274361460072775680,positive,0.9186953761636848
1274361461440237571,negative,0.0044626166539203545
1274361461813448706,negative,0.04868413656103167
1274361463231184896,negative,0.04868413656103167
1274361464032301056,negative,0.0007693001601030721
1274361467417120769,negative,0.060240853806506026
1274361467966545921,negative,0.0798813010626473
1274361470608986114,negative,0.01919072320891265
1274363966798659587,negative,0.0018246692225895626
1274363967427805184,negative,5.094166772461122e-06
1274363967801040896,negative,0.04868413656103167
1274363969776599041,negative,0.04868413656103167
1274363971487903752,negative,0.0005514393994639602
1274363971643072512,negative,0.08023930523735376
1274363972699987974,negative,0.00247334345657811
1274363972871995397,negative,4.039396475969088e-05
1274363973123653632,negative,0.02102601543626555
1274363973757009921,negative,0.04868413656103167
1274363975208222721,negative,0.03618354103856943
1274363976227446784,negative,0.02102601543626555
1274363976818872321,neutral,0.49581649610340894
1274363977015967745,negative,0.0022194688931772536
1274363977607323649,negative,0.0001328192010410201
1274363978924294151,neutral,0.5307355819608591
1274363979704479745,negative,0.00036516891431126453
1274363981159948289,negative,5.182596393201404e-07
1274363982523006978,negative,0.04868413656103167
1274363983609430021,negative,0.21820043223609487
1274363985375170561,negative,0.04868413656103167
1274363987770171392,negative,0.02102601543626555
1274363988483223553,negative,0.025537173856906646
1274363988634206212,negative,0.0007693001601030721
1274363989103972352,negative,0.0018980158844752175
1274363990060273665,negative,0.11155621202687102
1274363990383235073,negative,0.0018980158844752175
1274363993084157958,negative,0.003065677059359148
1274363993466056704,negative,0.04868413656103167
1274363994397122561,neutral,0.46598398918449585
1274363994615304192,negative,0.07679712249190643
1274363994816622592,negative,6.444438461645889e-05
1274363995437359105,negative,0.0798813010626473
1274363995613470721,negative,0.014309255992588546
1274363998151024644,negative,0.0876289720570729
1274363998318678016,negative,0.015367703888722642
1274364002391506945,negative,0.13656221522950338
1274364003469406212,negative,0.04868413656103167
1274364005344296960,negative,0.04868413656103167
1274364005944082432,negative,0.07998569771605683
1274364007596654596,negative,0.0029962170936419894
1274364009337192448,negative,0.08023930523735376
1274364012252315648,negative,0.0018980158844752175
1274364013107982342,negative,0.0006107421651236862
1274364014886367233,positive,0.7764481690755793
1274364018329890817,negative,0.0007693001601030721
1274364020330500096,negative,0.0007693001601030721
1274364021400051712,negative,0.02946972032369291
1274364023119777793,negative,4.985786359649028e-07
1274364023484624898,negative,0.031687366267043104
1274364023870492679,negative,0.04868413656103167
1274364025699262465,negative,0.00021020526819592297
1274364026236162049,negative,0.0017763712728870878
1274364026420711426,negative,0.0018980158844752175
1274364026877816837,negative,0.027721570880361746
1274364028027011072,negative,0.00247334345657811
1274364028295536642,negative,0.0007206278447072315
1274364028761104384,negative,0.0092744064496032
1274364028874260481,negative,0.006501171642686924
1274364029042143232,negative,0.012812025412428424
1274364030023536640,negative,0.0092744064496032
1274364030371627008,negative,0.04868413656103167
1274364030640144386,neutral,0.33686374760521365
1274364031428632577,negative,0.280533327288617
1274364032028475393,negative,0.04868413656103167
1274364032682786817,negative,0.0021707054813893444
1274364033400016902,neutral,0.46598398918449585
1274364034477969408,neutral,0.5151367509290591
1274364034498822145,negative,0.0010986830729001979
1274364035119681539,negative,0.005464033867751217
1274364035803332612,negative,0.04868413656103167
1274364036260548610,negative,0.001430401681874781
1274364038860980225,negative,0.27330665935500936
1274364039221727233,negative,2.787297328760927e-09
1274364039762718721,neutral,0.38737021296847474
1274364040119189505,negative,0.00247334345657811
1274364040324812801,negative,0.04868413656103167
1274364040643522563,neutral,0.3353439016921346
1274364041889185792,negative,0.18469954810712416
1274364043193712642,negative,0.0007693001601030721
1274364043772428289,negative,0.2625982517879942
1274364045425065984,negative,1.0275548099581985e-10
1274364046326849536,negative,5.686518028202719e-06
1274364048080076807,negative,0.006263572771449117
1274364048549838848,negative,0.07357402112046417
1274364049141239809,neutral,0.649462582877526
1274364050328162304,negative,0.004887322158981
1274364050374307841,negative,0.01045295738016337
1274364051787841536,negative,0.03697200745921267
1274364052681170946,negative,0.004887322158981
1274364053180293122,positive,0.9952768558183153
1274364053922746370,negative,0.028398908494011752
1274364056594415621,negative,0.11733166319877615
1274364056774852614,negative,9.731364965434832e-05
1274364056976138241,neutral,0.6477687468972998
1274364060352552961,negative,0.2916373973041448
1274364062126747651,negative,0.00011041280132821613
1274364063724851200,positive,0.7948181665420083
1274364064823676935,negative,0.04868413656103167
1274364065192837121,negative,0.006686488853060184
1274364066786574339,neutral,0.49789225920557484
1274364066828517383,negative,1.404054265000646e-06
1274364069538140162,negative,0.09424005877206294
1274364070716735488,negative,0.03949345626475498
1274364071715000320,negative,0.002654343287999868
1274364073698897920,negative,0.23693331830748657
1274364074118328321,negative,2.416393146118285e-06
1274364074604847104,neutral,0.46598398918449585
1274364075280150528,negative,0.0003018848014097679
1274364075435347968,negative,0.20239329743009857
1274364078203568128,negative,8.457201585608339e-05
1274364080036470784,neutral,0.49789225920557484
1274364080619425795,negative,0.000263758537609533
1274364080954974215,negative,0.04868413656103167
1274364084918640642,negative,0.09424005877206294
1274364092770332672,negative,0.04868413656103167
1274364094649434113,negative,0.028090879857143165
1274364094964019205,neutral,0.555957514713482
1274364094989115392,negative,0.13059011803961038
1274364097098846208,negative,0.0283860008103736
1274364097186988032,negative,0.0002400857791051532
1274364097417617409,negative,0.08023930523735376
1274364099854503936,negative,0.04868413656103167
1274364100479520771,negative,3.5888970638467108e-06
1274364100504621059,negative,0.04868413656103167
1274364101544816642,negative,0.04868413656103167
1274364102874402825,negative,0.04868413656103167
1274364104170446850,negative,0.048199403705984786
1274364106246705153,negative,0.02319049258296774
1274364106741612544,negative,0.00247334345657811
1274364106783559682,negative,0.0007693001601030721
1274364109736366080,negative,0.055162715980691446
1274364109870575617,negative,7.519770773459545e-05
1274364111846019073,negative,0.23540932660475059
1274364114777899009,negative,0.2158085699607354
1274364117990727680,negative,0.18333857258222933
1274364163024916480,negative,0.0018246692225895626
1274364163796668418,negative,0.004887322158981
1274364164056788992,negative,5.094166772461122e-06
1274364166736957446,negative,0.0007391829345476998
1274364168779563011,negative,0.10277877302704148
1274364170054623235,negative,0.0021772946379553845
1274364170612297730,negative,0.00030501278451773703
1274364174978736128,negative,0.08023930523735376
1274364175054184452,negative,0.002420879493352146
1274364175125557248,negative,0.2856076542833876
1274364175700111361,negative,0.032944019472149554
1274364176295776256,negative,0.04868413656103167
1274364176543121411,negative,0.024504787324309867
1274364177054937088,negative,0.006812636562690789
1274364177373593601,negative,0.007374370827635076
1274364177604362240,negative,0.002913688873244551
1274364181475713024,neutral,0.46598398918449585
1274364181853110272,negative,0.0007693001601030721
1274364181924413440,negative,0.04163395713371422
1274364182809448448,negative,0.013933235870272028
1274364182813708288,positive,0.9971121985056975
1274364183233036290,negative,2.787297328760927e-09
1274364185355444225,negative,2.787297328760927e-09
1274364187049934850,negative,0.23540932660475059
1274364190099193857,negative,0.00247334345657811
1274364190141054983,negative,0.04868413656103167
1274364190854189069,negative,0.23471373265667905
1274364192016019458,negative,0.04574489815077878
1274364195904126976,neutral,0.5533970533999424
1274364197611220995,negative,0.09424005877206294
1274364197653172224,negative,0.006572766519036822
1274364198072582144,negative,0.1283830983719342
1274364199267942402,negative,0.0010078384219519999
1274364201641877511,negative,0.00247334345657811
1274364202044534784,negative,0.04868413656103167
1274364202266898433,negative,8.875547998667753e-07
1274364204884074497,negative,0.00517989528748498
1274364205106421760,negative,0.05548104115830389
1274364205353836545,negative,0.14794508516355465
1274364206658322432,neutral,0.367551087010668
1274364206842818562,negative,0.12125042769935822
1274364209103613957,negative,0.066128692900663
1274364210022100994,negative,0.21820043223609487
1274364210525474816,negative,0.04868413656103167
1274364211527811072,negative,0.05191606404278917
1274364213134311426,negative,0.02102601543626555
1274364213339840513,negative,0.00021020526819592297
1274364213516013570,negative,0.3230077132414027
1274364215256645634,negative,0.04868413656103167
1274364215923544064,neutral,0.4507454498615163
1274364216720396288,negative,0.2689630457002411
1274364217521582093,neutral,0.41531239184929275
1274364218071007232,negative,0.0013521364498343981
1274364218490445833,negative,0.0007693001601030721
1274364218859552768,negative,0.04868413656103167
1274364219195088897,neutral,0.3961134630262995
1274364219585179651,negative,0.0007693001601030721
1274364220440817664,negative,0.22769538974368336
1274364222231601155,negative,5.094166772461122e-06
1274364223917830144,negative,0.21612966526288627
1274364223947190275,negative,0.004051410469570064
1274364224370872321,negative,4.285730165948412e-06
1274364225935343616,negative,2.787297328760927e-09
1274364226245705730,negative,0.04868413656103167
1274364227575316483,neutral,0.4780350104355538
1274364228179300353,negative,0.04868413656103167
1274364228191678470,negative,0.1290938558687117
1274364230028886017,negative,0.04868413656103167
1274364230096035841,negative,0.0092744064496032
1274364230184173569,negative,0.12395588150904208
1274364231618609152,negative,0.0021772946379553845
1274364232658796546,neutral,0.4373255837432663
1274364233929699328,negative,1.637839043713939e-08
1274364234307166211,negative,0.1606642623304983
1274364238061088769,neutral,0.34147927743386003
1274364238547615744,negative,0.04868413656103167
1274364239369682944,negative,0.00021444864898897986
1274364239701053441,negative,8.344656790030643e-05
1274364239872954368,negative,0.0798813010626473
1274364240305049600,neutral,0.38459967304021925
1274364241244499970,negative,0.13656221522950338
1274364242234413057,negative,0.00247334345657811
1274364242590924807,negative,0.0009707284153254634
1274364245665341440,negative,0.27330665935500936
1274364247707959297,negative,0.00247334345657811
1274364247888351232,negative,0.0001328192010410201
1274364249142251520,negative,0.05897235857735733
1274364249540890634,negative,2.0962471151660845e-05
1274364249658318849,negative,0.0975866529174759
1274364252221038595,negative,0.19512902450161523
1274364252879572993,negative,0.04868413656103167
1274364254016221189,negative,0.04868413656103167
1274364254834040832,negative,2.787297328760927e-09
1274364256583065601,negative,0.12237823041146734
1274364257132408832,negative,0.00020549332306094042
1274364259632328704,negative,0.04868413656103167
1274364260974551042,negative,1.637839043713939e-08
1274364261347872768,positive,0.859681059959515
1274364263939878912,negative,0.022549045902709695
1274364266016051200,neutral,0.4153373325707398
1274364266922020867,negative,0.008519194865454249
1274364268398497794,negative,0.00045542510922047747
1274364268448808960,neutral,0.4581028735946194
1274364268650139649,negative,1.1095427832767748e-05
1274364268939485185,negative,0.327271646660478
1274364269325402114,negative,0.15109532684671623
1274364270080413696,negative,0.024789136577661516
1274364272789917703,positive,0.9997698212961951
1274364272919957504,negative,0.027721570880361746
1274364273452613639,negative,0.23540932660475059
1274364273481994246,negative,0.012891861440630481
1274364275700703234,negative,0.12199022604466819
1274364277076475905,negative,0.02102601543626555
1274364280335368192,negative,0.004887322158981
1274364280348049408,negative,0.028027908079191373
1274364280897495045,negative,5.686518028202719e-06
1274364281442754562,negative,0.0006352818947320757
1274364284475183105,negative,0.08023930523735376
1274364285024636934,negative,0.20124978107073682
1274364285968420865,negative,0.004218791175787085
1274364286375276549,negative,0.04868413656103167
1274364290741436417,negative,0.00020817562045590026
1274364293451046913,negative,0.04868413656103167
1274364294151503878,negative,0.0021707054813893444
1274364294457671687,negative,1.404054265000646e-06
1274364294646435841,positive,0.8172956457516455
1274364295267188737,negative,0.007789694944967497
1274364297586503685,negative,0.04868413656103167
1274364297636909058,negative,0.0007206278447072315
1274364297897021442,negative,0.01130536739368902
1274364298794598405,negative,0.0159266946396319
1274364301596393472,neutral,0.46318326475361027
1274364302095462403,negative,0.04868413656103167
1274364302305222663,negative,0.0007693001601030721
1274364302540054529,negative,0.019547773501786637
1274364304272343043,negative,0.02286082718032981
1274364304981180422,negative,0.00247334345657811
1274364305010569217,negative,0.08501573180126992
1274364305379598336,negative,0.02102601543626555
1274364305824194562,negative,0.0017692870832759118
1274364352989220866,negative,0.04868413656103167
1274364353366700034,negative,0.02102601543626555
1274364354494939138,negative,0.21132495792850758
1274364354943692801,negative,1.0872528108410854e-05
1274364357246357512,negative,0.04868413656103167
1274364360987729920,negative,1.7207465117612568e-06
1274364366419382273,negative,0.029189247719958487
1274364367056879618,negative,0.0007206278447072315
1274364367098839040,positive,0.868229474839539
1274364369225371648,negative,0.019392593046033073
1274364370164703232,negative,0.0016351743616622777
1274364370202607617,negative,0.06629743649523322
1274364373243506692,negative,0.0007072239441027239
1274364373692231685,negative,6.40119066860077e-11
1274364374396919808,negative,0.05897235857735733
1274364375550185474,negative,3.978545445302701e-08
1274364376422551552,negative,5.094166772461122e-06
1274364379715305476,negative,0.046162781229639176
1274364381648826371,negative,0.04868413656103167
1274364383209152512,negative,0.17230772135191524
1274364383867604992,neutral,0.5994534969101798
1274364384790417408,negative,0.0039209881467334555
1274364385398591492,positive,0.8891953911055197
1274364385625079809,negative,0.07469208375682593
1274364388187791361,positive,0.9969616390735564
1274364388619796483,negative,0.00247334345657811
1274364389412519936,negative,0.028027908079191373
1274364390414921729,neutral,0.35370257988090953
1274364391073492992,negative,0.00023616996027060673
1274364391283187714,negative,0.11733166319877615
1274364393405456385,negative,2.2935393771241562e-05
1274364394072309765,negative,0.01865311394732986
1274364396433747970,negative,0.0008883142028826212
1274364396442091521,negative,0.06629743649523322
1274364396681277440,negative,2.2504444979436006e-08
1274364396832272386,negative,0.1736504651274858
1274364396949684224,negative,3.5405322905488634e-05
1274364399537606659,negative,0.047791579065713456
1274364399801810946,negative,0.0007693001601030721
1274364399864745986,negative,0.24151054019797136
1274364400204472321,negative,0.2617748389724454
1274364400565129219,negative,0.021742177510265318
1274364402607808513,neutral,0.3996580091506196
1274364402918207489,negative,0.04868413656103167
1274364404960813059,negative,0.04868413656103167
1274364405216612356,neutral,0.6121691313505149
1274364405296357376,negative,0.2394110094948839
1274364405610921985,positive,0.8002585490816346
1274364405673795591,negative,0.11392420449287459
1274364406000947201,negative,0.04868413656103167
1274364406147792898,negative,0.11662551524784433
1274364408748277767,negative,0.04868413656103167
1274364409075437568,negative,0.039748626887656874
1274364410857996289,negative,0.327271646660478
1274364411134738433,negative,4.474015693174074e-06
1274364412296658944,neutral,0.4373255837432663
1274364413294915586,negative,0.12560591222836964
1274364414028808192,neutral,0.46598398918449585
1274364414217633798,negative,0.04868413656103167
1274364414456668161,negative,0.06629743649523322
1274364415396196354,negative,0.04868413656103167
1274364416331571200,negative,0.06954052741086666
1274364416868397062,negative,0.04868413656103167
1274364417166258181,negative,0.13389132779948007
1274364419074637825,negative,1.5392331286184835e-06
1274364419183505408,negative,0.13349254126432253
1274364420685209601,negative,2.1273264589183792e-05
1274364423252172801,negative,0.0092744064496032
1274364423356981251,negative,0.012843838628051486
1274364423440908288,negative,0.0013827125914938928
1274364423726149634,negative,0.08338454132074553
1274364424275611648,negative,0.0001614433305556901
1274364424502022145,negative,0.05456357914019338
1274364424904749056,positive,0.997854445726266
1274364425756192772,negative,0.08023930523735376
1274364428474073089,negative,0.07469208375682593
1274364430894206978,negative,0.09424005877206294
1274364432613871618,negative,0.0021707054813893444
1274364433737887744,negative,0.308199125160694
1274364434463494146,negative,5.686518028202719e-06
1274364436074172416,negative,7.519770773459545e-05
1274364436946595840,neutral,0.5994534969101798
1274364437902868486,negative,0.021742177510265318
1274364439714770950,neutral,0.5138247319968858
1274364440381513728,negative,0.130385537690597
1274364441648381952,negative,0.00517989528748498
1274364441799413760,negative,0.016737739541526096
1274364442676023302,negative,0.27290836503793475
1274364443267399680,negative,0.04868413656103167
1274364444114632704,negative,0.0008816212968354512
1274364447008661505,negative,0.08917284233375622
1274364447981801473,negative,0.043631102478482696
1274364448157941760,neutral,0.37356359750014606
1274364451173486593,negative,0.02489580988425257
1274364453409247232,negative,1.637839043713939e-08
1274364453488918531,negative,1.404054265000646e-06
1274364454134841344,negative,0.04868413656103167
1274364454378049537,negative,0.20239329743009857
1274364454478766080,negative,0.01130536739368902
1274364455284080640,negative,0.0005833353590071568
1274364456965943298,negative,0.23292263710657113
1274364457611931649,negative,0.0009707284153254634
1274364459566485504,positive,0.7112264328727067
1274364461533540354,negative,0.0034626224309764627
1274364467132932096,negative,4.053291358318801e-06
1274364469137858565,negative,0.02102601543626555
1274364470060552193,neutral,0.3701281374842066
1274364470555484160,negative,0.07998569771605683
1274364471352397827,negative,0.02102601543626555
1274364471457144832,negative,0.05603558800133637
1274364471499198464,negative,0.02320009283646451
1274364472426143744,negative,0.13594405048455258
1274364472992333824,negative,4.039396475969088e-05
1274364474384932866,neutral,0.42229895931535033
1274364474997313536,negative,0.2979290550971806
1274364475412340738,negative,0.007789694944967497
1274364475634864130,negative,3.6887139028824897e-09
1274364477467578369,negative,0.1823704251571895
1274364478239506432,negative,0.00023908284282790095
1274364478893764609,negative,0.27346042591355485
1274364479900246016,negative,0.003065677059359148
1274364481058070528,negative,0.02102601543626555
1274364481292783616,negative,0.02102601543626555
1274364485357182976,negative,0.017532682425052376
1274364485516525569,negative,1.0872528108410854e-05
1274364485638160385,negative,0.010093059734138784
1274364486422495232,negative,0.327271646660478
1274364486657478656,negative,0.0092744064496032
1274364486837850113,negative,0.00517989528748498
1274364487546609672,negative,0.04868413656103167
1274364490683908097,negative,0.16052528818518214
1274364491854217216,neutral,0.3353439016921346
1274364493460537344,negative,0.08032014408151875
1274364493682937859,negative,0.04868413656103167
1274364496514101250,positive,0.8456655786961689
1274364539887329281,negative,0.004103896147713912
1274364539967082497,negative,0.04868413656103167
1274364540415868928,neutral,0.49789225920557484
1274364541929951232,negative,0.02102601543626555
1274364542794043392,negative,0.021742177510265318
1274364543020523524,negative,0.24905996337036337
1274364543620300800,negative,0.08917284233375622
1274364545146986498,negative,0.04868413656103167
1274364545914605573,negative,0.04868413656103167
1274364547650945028,negative,0.04868413656103167
1274364549030916096,negative,0.0007693001601030721
1274364551774035969,negative,0.021742177510265318
1274364552772112384,negative,0.08551692218235292
1274364553145520130,positive,0.759979662695231
1274364553552330752,negative,0.04868413656103167
1274364554114449408,negative,0.05768953278936001
1274364556496769024,negative,1.1387998434679338e-06
1274364556916097025,negative,0.00011189626912437665
1274364557595680768,neutral,0.37356359750014606
1274364558422028293,negative,0.04868413656103167
1274364559390904321,negative,0.02102601543626555
1274364559436980224,neutral,0.44231347627872375
1274364561056059393,negative,0.0020576615891575714
1274364562511466499,negative,0.007503779641500175
1274364562922446848,negative,0.04868413656103167
1274364564365348867,negative,0.08917284233375622
1274364565476835328,negative,0.006572766519036822
1274364566495989763,negative,0.0092744064496032
1274364567397847041,negative,0.007350164552641147
1274364568698081280,negative,0.04868413656103167
1274364569079726080,negative,0.03083818385811634
1274364570434449408,negative,0.00247334345657811
1274364570472189957,negative,0.015548998880221356
1274364571088715776,negative,0.04868413656103167
1274364571491471360,negative,0.019774036161477108
1274364572183527424,negative,0.00247334345657811
1274364572221259777,negative,0.00517989528748498
1274364572422623232,negative,0.004994889513230495
1274364572447768576,negative,0.014309255992588546
1274364573194354688,negative,0.09424005877206294
1274364573483704321,negative,0.11278505323524128
1274364574171619328,negative,0.00021444864898897986
1274364579745796098,negative,0.04868413656103167
1274364579968159746,negative,0.009404074764908295
1274364580421152769,negative,0.2617748389724454
1274364581612335104,negative,0.0006192077633511894
1274364583063564290,negative,0.04868413656103167
1274364583499743237,negative,0.0092744064496032
1274364583885656067,negative,0.13679657656676336
1274364584015491072,neutral,0.46101025400943435
1274364584124694536,negative,1.9898371389388922e-10
1274364590109986820,negative,0.004887322158981
1274364590260961286,negative,0.00020817562045590026
1274364591007555584,negative,0.12125042769935822
1274364592420982786,negative,3.412340316540593e-05
1274364595038294018,negative,0.0021772946379553845
1274364595625484291,negative,0.009676927322905192
1274364597978509312,negative,0.02102601543626555
1274364598049804288,negative,0.04868413656103167
1274364598389559297,negative,0.02102601543626555
1274364598846545930,negative,0.0007206278447072315
1274364600528633856,negative,2.9757650128894028e-05
1274364601149390850,negative,0.04868413656103167
1274364602042679297,negative,2.3711555164843896e-05
1274364602768330754,negative,0.04868413656103167
1274364602831245312,negative,0.04868413656103167
1274364602990592000,negative,0.0002400857791051532
1274364603775008769,negative,0.16476693056716302
1274364604081229824,negative,0.015467325135166118
1274364605163171843,negative,5.094166772461122e-06
1274364606073516035,negative,0.048276487340144295
1274364606564241410,negative,5.686518028202719e-06
1274364606585221120,negative,0.007175914245973751
1274364608074190850,negative,4.0416909860776754e-07
1274364608606867457,neutral,0.46598398918449585
1274364610821357571,negative,7.02320618002383e-07
1274364611215663112,positive,0.7112264328727067
1274364611383439360,negative,0.00247334345657811
1274364611526037506,negative,0.03173567732454277
1274364614654992390,negative,0.26192351310595835
1274364615129006082,negative,0.006438143523484667
1274364615921676289,positive,0.8002585490816346
1274364616739561472,negative,0.04868413656103167
1274364618467676160,negative,2.1014294848975932e-05
1274364618517905409,neutral,0.46598398918449585
1274364618555654147,negative,0.00041777378634683544
1274364619595931648,positive,0.7112264328727067
1274364619642015744,negative,2.801725365009101e-06
1274364619809787906,positive,0.8324315075421159
1274364621638578177,negative,0.04868413656103167
1274364621705617410,positive,0.9997370820378277
1274364621739220992,negative,0.027721570880361746
1274364622976540672,negative,0.020671539135477947
1274364625082036224,negative,0.0007206278447072315
1274364625736384514,negative,0.004711865535277972
1274364628219441152,positive,0.9999913672077431
1274364629444169729,negative,0.04868413656103167
1274364632271028224,positive,0.7112264328727067
1274364632413716482,negative,0.00020479812569071105
1274364632568942596,negative,0.0009207917540928564
1274364633151950848,negative,0.00517989528748498
1274364633894305792,negative,0.008527504753613075
1274364634447970305,negative,0.024909403706761393
1274364634645049344,negative,0.04868413656103167
1274364634947104770,negative,5.646759135544714e-05
1274364635387486211,negative,0.038191854869339736
1274364635387514881,negative,0.16336201697417013
1274364635790090240,negative,0.00517989528748498
1274364636528336896,negative,0.0024726703260292107
1274364637325254656,negative,0.08602588088575114
1274364639304978433,negative,2.2935393771241562e-05
1274364641196507138,positive,0.8714606490051952
1274364642719158273,negative,0.0377371050519556
1274364643709005826,negative,0.23540932660475059
1274364648788242434,negative,1.9184668082799116e-05
1274364649299939337,negative,0.0798813010626473
1274364655750787072,negative,0.10927775158590658
1274364656585519105,negative,0.0798813010626473
1274364657436962817,negative,0.02102601543626555
1274364657583751168,negative,0.0007693001601030721
1274364659706011650,negative,1.1336002617529071e-07
1274364660578504707,negative,0.02110678418535341
1274364662243643394,negative,0.006812636562690789
1274364663325736961,negative,0.012702135658755151
1274364663770296320,negative,0.04868413656103167
1274364664181403649,negative,0.140862172836375
1274364665053798401,negative,0.09424005877206294
1274364665229869056,negative,0.02102601543626555
1274364666354053122,neutral,0.39939675262187246
1274364668585394176,negative,0.0007693001601030721
1274364672989442049,negative,0.0798813010626473
1274364673081704448,negative,0.025710993321901722
1274364673131937792,negative,5.934856417186284e-05
1274364673551368194,negative,0.04868413656103167
1274364673723375616,negative,0.01004865164517994
1274364673790480384,negative,0.10446205823770491
1274364674469883909,negative,1.5222894031263012e-05
1274364676164517889,negative,0.04868413656103167
1274364677120802816,negative,0.04868413656103167
1274364678328782850,negative,0.00045390932293178473
1274364683441573890,negative,0.08917284233375622
1274364683999424512,positive,0.9845192075727898
1274364686012686336,negative,0.02102601543626555
1274364686692167680,neutral,0.44203355081296014
1274364734008156160,negative,0.13059011803961038
1274364734465355777,negative,9.624068306246469e-06
1274364734893105152,negative,0.0007206278447072315
1274364735421657088,negative,0.04868413656103167
1274364737095118849,negative,0.1390347568644172
1274364737615204352,negative,0.0019963831800710193
1274364737992654849,negative,0.006533159281284754
1274364739301396483,negative,0.07659963311199816
1274364742589722625,positive,0.8989644059020594
1274364742891638784,negative,2.55356474027965e-06
1274364744040923142,negative,0.05603558800133637
1274364744267431937,negative,0.09633679797120531
1274364749258653697,negative,0.04868413656103167
1274364749376106499,negative,0.09424005877206294
1274364750340775936,negative,0.0007693001601030721
1274364750613397504,negative,0.15349106362105933
1274364751167066112,negative,0.007374370827635076
1274364752018505738,negative,0.04868413656103167
1274364753847164928,negative,0.00029752501929723984
1274364755495526401,negative,0.04868413656103167
1274364757412392961,negative,0.003065677059359148
1274364760008601603,negative,9.930645891503263e-05
1274364761489145858,negative,0.0005833353590071568
1274364763355713536,positive,0.9997413840701054
1274364763695468545,negative,0.00048419574014660707
1274364764395843585,negative,0.22956739929715803
1274364764739821569,negative,0.021742177510265318
1274364765247352832,negative,0.0798813010626473
1274364766392369153,neutral,0.40180036144163417
1274364769210900480,negative,0.11733166319877615
1274364771261992960,negative,0.004223731520080144
1274364771333279744,negative,0.0798813010626473
1274364771480068097,negative,0.021742177510265318
1274364773933645825,negative,0.02102601543626555
1274364775242387456,negative,0.0092744064496032
1274364777524068352,negative,0.02102601543626555
1274364779403120643,negative,0.24276667820354494
1274364780472606722,negative,0.08023930523735376
1274364781386969088,negative,0.2689630457002411
1274364783127670785,negative,0.2645094566977108
1274364783878459393,negative,0.09424005877206294
1274364784171941888,negative,0.07998569771605683
1274364784339832832,negative,0.04868413656103167
1274364786881572864,negative,0.021742177510265318
1274364788139753481,negative,0.00033736415610328437
1274364789704273921,negative,0.0009230479670237245
1274364790203396097,positive,0.942311435492747
1274364790840995840,negative,0.037436681909298455
1274364791113633793,positive,0.988682528174209
1274364792522838016,negative,0.0028792207835829095
1274364792883593220,negative,1.1975746929609166e-05
1274364793139462145,negative,0.0071026284906396675
1274364794401849346,negative,0.2394110094948839
1274364794993291265,neutral,0.46598398918449585
1274364795798650880,negative,0.02489580988425257
1274364796054523904,negative,0.04868413656103167
1274364797237198849,negative,0.13727909853179035
1274364801230266369,positive,0.9969621827243358
1274364802928988160,negative,0.012697463055823723
1274364804212408322,negative,0.004989714265797367
1274364808889016322,negative,0.02102601543626555
1274364810935836680,negative,0.014824850110567792
1274364811686674437,negative,0.08023930523735376
1274364813154500608,negative,0.0024392574860989938
1274364814165491714,negative,0.0021772946379553845
1274364814891134976,negative,0.004145619331424275
1274364815025278980,negative,0.008493036477109788
1274364815084003328,negative,0.0003062370111151569
1274364815390187522,negative,0.02102601543626555
1274364816577134592,neutral,0.5196000172536228
1274364816640147456,negative,0.004753625520955285
1274364817692909569,negative,0.024115121214380034
1274364818569547776,negative,0.015548998880221356
1274364820213633029,negative,0.06677959169068738
1274364820733562880,negative,5.340726048545373e-07
1274364821375537158,negative,0.07998569771605683
1274364824013754371,negative,2.787297328760927e-09
1274364824902909955,neutral,0.3390109294461022
1274364827364995072,negative,0.05768953278936001
1274364827406917633,negative,0.08501573180126992
1274364827901857798,negative,0.06210895837779516
1274364828006703104,positive,0.8957016560599299
1274364828530982912,negative,0.024104659808049492
1274364828774273025,negative,0.07998569771605683
1274364828811960321,negative,0.0007693001601030721
1274364828845592577,neutral,0.36367659944594455
1274364829436981248,negative,0.03519127381225655
1274364830464475136,negative,0.2963799694975899
1274364830892412929,negative,0.00683448630513097
1274364831219552262,negative,0.00247334345657811
1274364831437635585,negative,0.04868413656103167
1274364831680913412,negative,0.014309255992588546
1274364832813330433,negative,0.23056902331394544
1274364835732557824,negative,0.20239329743009857
1274364836344889344,negative,5.686518028202719e-06
1274364836735000583,negative,1.404054265000646e-06
1274364836764401666,negative,0.07469208375682593
1274364837322272768,negative,0.04868413656103167
1274364837682909186,negative,0.00045390932293178473
1274364837779378176,negative,0.01366868290629234
1274364837850644482,negative,0.0037849943209216455
1274364838064672769,negative,0.07998569771605683
1274364838148481025,negative,0.02208678919637897
1274364838588841984,negative,0.004887322158981
1274364838664450049,negative,0.03490154985469059
1274364841545867266,negative,0.02458097564410094
1274364844972609536,negative,0.0048256362131532116
1274364845383655427,negative,0.11050040209571964
1274364845517873152,negative,0.008692747841848715
1274364847048790022,negative,0.04868413656103167
1274364849271816193,negative,0.04868413656103167
1274364850479738880,negative,0.0018980158844752175
1274364853373763585,negative,0.1801461484119052
1274364854048940032,negative,0.08501573180126992
1274364854472716294,negative,0.00026826416676576525
1274364855961694208,negative,0.0009728648121375124
1274364856125308932,negative,0.09010122355989199
1274364856993550343,neutral,0.46598398918449585
1274364857035493376,negative,0.11316880939946862
1274364858058911744,negative,0.16135539013119166
1274364858566348806,negative,0.0798813010626473
1274364859308814341,negative,0.055162715980691446
1274364861384966147,negative,0.048199403705984786
1274364861930262528,negative,0.12703271384507175
1274364862659997696,negative,0.04868413656103167
1274364864425844736,negative,0.0007206278447072315
1274364865520570371,negative,0.0005833353590071568
1274364866195750917,negative,0.08023930523735376
1274364866342633473,negative,0.00020479812569071105
1274364866929795072,negative,0.0028792207835829095
1274364867693219841,neutral,0.4180855915307219
1274364867932237826,negative,0.04868413656103167
1274364868259438592,negative,0.04868413656103167
1274364868376899586,negative,0.015548998880221356
1274364870998269954,neutral,0.38491724314737424
1274364871510032385,positive,0.9916100002689654
1274364871719612418,negative,0.00247334345657811
1274364873678430214,negative,0.04868413656103167
1274364873762316291,negative,0.09424005877206294
1274364874974539776,negative,0.00038617284322773433
1274364910168944648,negative,3.4713709940150265e-05
1274364910818988034,neutral,0.5994534969101798
1274364910944825349,positive,0.8340489015527812
1274364911070535680,negative,0.1801461484119052
1274364912052158464,negative,0.10381991806093736
1274364912081477633,negative,0.0007693001601030721
1274364912559697921,neutral,0.46598398918449585
1274364914329702406,negative,0.00011423771510052714
1274364915709612033,neutral,0.4507454498615163
1274364916942635011,negative,2.5387323369938468e-08
1274364917454442498,negative,0.00517989528748498
1274364918603669509,negative,0.04868413656103167
1274364919018897408,negative,0.08023930523735376
1274364919195017216,negative,0.0798813010626473
1274364920419713027,negative,0.04868413656103167
1274364921220751361,negative,0.0009396762871603186
1274364921434824704,negative,0.0007693001601030721
1274364922206588933,negative,0.23540932660475059
1274364922961502209,negative,0.22751703388039413
1274364923880058880,negative,0.04868413656103167
1274364923905224705,negative,0.10966635688105357
1274364926795165696,neutral,0.46598398918449585
1274364926862209024,negative,2.787297328760927e-09
1274364927348822018,negative,2.787297328760927e-09
1274364928422563842,negative,0.0007206278447072315
1274364928527343617,negative,0.012379088261890882
1274364928909082629,negative,0.0019963831800710193
1274364929294958593,negative,0.0002697275739541165
1274364930163171328,neutral,0.5307355819608591
1274364930318372864,negative,1.799124842246149e-05
1274364931979333632,negative,0.00247334345657811
1274364933065641986,negative,0.04868413656103167
1274364933199650819,negative,1.9184668082799116e-05
1274364933417963520,negative,0.04868413656103167
1274364934063865862,negative,0.0006591909664353369
1274364937767452672,negative,0.2276620520324268
1274364937968791554,negative,0.00045390932293178473
1274364939482906624,negative,0.0017164370401530349
1274364940443357186,negative,0.00021020526819592297
1274364941135470593,negative,0.1290938558687117
1274364942326644738,positive,0.8167066301350949
1274364942687354880,negative,0.02102601543626555
1274364943471648768,negative,0.01865311394732986
1274364944855846912,negative,0.0006502944126386162
1274364945812070400,negative,0.015874803783755095
1274364947913416704,negative,0.01054453325674355
1274364949255598080,neutral,0.5405629608673352
1274364949960237059,negative,2.787297328760927e-09
1274364950501306377,negative,2.1940430956292438e-05
1274364950983708677,negative,0.04868413656103167
1274364951147286529,negative,0.23169347139061355
1274364951159767043,negative,0.06332275159207894
1274364952145510401,negative,0.1290938558687117
1274364953479258113,negative,0.01977769584507113
1274364955383472128,negative,0.00021444864898897986
1274364955412873226,negative,0.012920222750221649
1274364955492528128,negative,0.012799595617596988
1274364956931129349,negative,0.006001781126718044
1274364957866459136,positive,0.7910571920738074
1274364958441181186,negative,0.015874803783755095
1274364958764040196,negative,1.954367259475363e-05
1274364959586205696,negative,0.11342548076527775
1274364960060182530,negative,0.00517989528748498
1274364960467030016,neutral,0.5349694039650874
1274364960605458434,negative,0.02102601543626555
1274364961083527168,negative,0.01130536739368902
1274364964908785664,negative,0.18795859623648656
1274364965286285313,negative,0.2458832886194362
1274364965399519232,neutral,0.36605935671181
1274364966313828353,negative,0.0005833353590071568
1274364967416999938,negative,0.1140022030211012
1274364969870659584,negative,0.19156139732552196
1274364970256531459,negative,0.04868413656103167
1274364971749724160,negative,0.04868413656103167
1274364972072611842,negative,0.07568962048328877
1274364972890546177,negative,0.09134408089080437
1274364972999618560,neutral,0.46598398918449585
1274364973637087233,negative,0.05593592173686767
1274364975365197829,negative,0.0011932448869651758
1274364975646232576,negative,3.7739906538850435e-05
1274364976258584576,neutral,0.4635034898220391
1274364978330505216,negative,0.02038695306289285
1274364980578660354,negative,0.10188734314977094
1274364984072572928,negative,0.0007693001601030721
1274364984450068480,negative,0.0008406215706784718
1274364987054710786,negative,0.010978961757258687
1274364992880545792,negative,0.003978348472280731
1274364992956047360,negative,0.04868413656103167
1274364994885484544,negative,0.0011932448869651758
1274364996085075968,negative,0.04868413656103167
1274364997452410882,negative,0.04574489815077878
1274364998761025538,negative,0.002348137301453864
1274365000266719232,negative,0.2468835867562215
1274365001063636995,negative,0.009475042412802623
1274365002150039560,negative,0.13154992141303629
1274365002275840002,negative,5.252465356948966e-06
1274365002321997824,negative,0.22615323512694782
1274365002854666240,negative,0.0007693001601030721
1274365003890593793,negative,0.08917284233375622
1274365004742103041,negative,0.006812636562690789
1274365005845102592,negative,8.43064886670528e-06
1274365005899730944,negative,0.327271646660478
1274365006646149121,negative,0.04868413656103167
1274365009225809920,negative,0.003065677059359148
1274365009519431681,negative,0.0006202407684568076
1274365010886754306,negative,0.0006112772229771406
1274365014267375616,negative,0.0008793834903685963
1274365014573551617,negative,0.0007693001601030721
1274365015664078850,negative,2.0464865443697338e-07
1274365017287266306,negative,0.0013498124371476648
1274365017337577472,negative,0.07998569771605683
1274365018688143360,negative,0.04868413656103167
1274365020055445505,negative,0.02102601543626555
1274365020797915136,negative,0.0092744064496032
1274365024182697984,negative,0.0013862807189704552
1274365026430644224,negative,0.19251519858004246
1274365026766389248,negative,0.014816665224491739
1274365026812465152,negative,0.10356446566034408
1274365027370381312,negative,5.094166772461122e-06
1274365028049866759,negative,0.00517989528748498
1274365033062023172,negative,0.2617748389724454
1274365033217220608,negative,0.07659963311199816
1274365036564303873,negative,0.03750180507049715
1274365037671563264,negative,0.006483801834163422
1274365037856067592,neutral,0.4137057151875778
1274365039974252546,negative,7.926575242736329e-06
1274365040364343296,negative,5.094166772461122e-06
1274365045309390850,negative,1.6375492673947888e-06
1274365046752251909,negative,0.04798344851323046
1274365048123789312,positive,0.8692400001313588
1274365048576753666,negative,0.024556064476137306
1274365050350862343,negative,0.04868413656103167
1274365052133478403,negative,0.006533159281284754
1274365054712979456,negative,0.012799595617596988
1274365057170919425,negative,2.3711555164843896e-05
1274365057921671173,negative,0.04868413656103167
1274365059049848838,negative,0.04444214513045069
1274365059217657856,negative,0.04868413656103167
1274365060413108228,negative,0.05086564143381417
1274365065005850625,negative,0.13815486895735335
1274365066477998082,negative,0.23540932660475059
1274365068348620809,negative,0.00021020526819592297
1274367723775168512,negative,1.9184668082799116e-05
1274367724169449474,negative,0.016067743506984627
1274367725226340356,negative,0.005436577060580386
1274367725637373952,negative,0.02102601543626555
1274367726417567745,negative,0.02946972032369291
1274367727218708481,negative,0.0009707284153254634
1274367728086855680,negative,0.04868413656103167
1274367728179085313,negative,3.152855152215035e-05
1274367728770600961,negative,0.038191854869339736
1274367729894600705,negative,0.0355090495688004
1274367730402103297,negative,1.5392331286184835e-06
1274367730586726400,negative,0.00247334345657811
1274367730632794114,neutral,0.38439869315896397
1274367730834178049,negative,0.004753625520955285
1274367733002579968,neutral,0.46598398918449585
1274367735397593089,negative,0.12031627569821939
1274367737092022272,negative,0.13190513822937366
1274367737352130560,negative,0.003065677059359148
1274367737599537157,negative,0.0005833353590071568
1274367740325879815,neutral,0.49581649610340894
1274367744918654979,negative,0.0007693001601030721
1274367744935428097,negative,2.5086643332711254e-06
1274367747133247492,neutral,0.46598398918449585
1274367747871444993,negative,0.1690338920661727
1274367748441858048,negative,0.26287357984472953
1274367748634742784,negative,0.04868413656103167
1274367749377196032,negative,0.014039998055034392
1274367752489373703,negative,0.0003347806438980167
1274367755865776128,negative,0.04868413656103167
1274367759024037893,negative,0.11733166319877615
1274367760009748482,neutral,0.41531239184929275
1274367763054764033,negative,8.672422516287899e-05
1274367763063222273,negative,0.17948705462362313
1274367763910361094,negative,0.00041777378634683544
1274367763990052872,negative,0.0009475747249613342
1274367765290287104,negative,0.02102601543626555
1274367770449383425,negative,0.00247334345657811
1274367770541600768,negative,0.02102601543626555
1274367770616983553,neutral,0.3828592948659505
1274367770705215489,neutral,0.44159642003140587
1274367770755584001,negative,3.012138214518323e-10
1274367771745423361,negative,0.0009696584009618599
1274367774098362368,neutral,0.49721135347444745
1274367778472984577,negative,0.04868413656103167
1274367780360523777,negative,0.21261733201231744
1274367780876410885,negative,0.02102601543626555
1274367781572575233,negative,0.14794508516355465
1274367783309062147,negative,5.252465356948966e-06
1274367784768716801,negative,0.1388165480771174
1274367785540386816,negative,0.02102601543626555
1274367785620168705,negative,0.0005833353590071568
1274367786354126848,negative,0.13371878347769525
1274367786463236098,negative,0.028655484559438896
1274367786899423242,negative,0.051388735714927164
1274367788149334020,negative,0.0002400857791051532
1274367788937818114,negative,0.04868413656103167
1274367790321995780,negative,0.0002400857791051532
1274367791311671298,negative,0.16135539013119166
1274367791886471168,negative,5.686518028202719e-06
1274367792469422082,positive,0.9306184392871911
1274367792658157568,positive,0.9949613557167923
1274367792779857920,negative,0.04868413656103167
1274367793027317760,negative,0.04868413656103167
1274367793392234496,negative,0.02102601543626555
1274367794172157952,negative,0.32405651250100237
1274367794855936001,negative,0.0013612850630358485
1274367795183210498,negative,3.440078847181278e-10
1274367795480985607,negative,0.05897235857735733
1274367796269350912,negative,0.2052037549678739
1274367796529573890,negative,0.02102601543626555
1274367796722483200,neutral,0.4687743928819027
1274367797410377730,negative,0.08137488029406865
1274367798303752192,negative,0.08023930523735376
1274367799696203778,negative,0.00517989528748498
1274367802196078597,negative,0.002998652554713387
1274367802292473857,negative,8.875547998667753e-07
1274367803936686081,negative,1.637839043713939e-08
1274367804725243907,negative,0.0009974488325618428
1274367809318006784,negative,0.08917284233375622
1274367810123313153,negative,0.04868413656103167
1274367814208352257,negative,0.012799595617596988
1274367816959954944,negative,0.1823704251571895
1274367817513684994,negative,0.17100698000452327
1274367818897723393,neutral,0.5175030083291732
1274367819434668034,negative,0.00265257418654778
1274367821053493249,negative,1.2454494454472425e-05
1274367825281417219,negative,0.04868413656103167
1274367826065833984,negative,0.0782674548581741
1274367828540432384,negative,0.10823352291864381
1274367828930498560,negative,0.0007693001601030721
1274367830201376768,negative,0.04868413656103167
1274367831136710659,negative,0.015230912731879993
1274367832441184257,negative,0.17666569539840365
1274367832499855362,negative,0.13122148567789027
1274367833846276097,negative,0.00247334345657811
1274367834144026626,neutral,0.46598398918449585
1274367835331014656,neutral,0.34147927743386003
1274367836966748166,negative,5.094166772461122e-06
1274367837767942144,negative,0.04868413656103167
1274367842411053057,neutral,0.4780350104355538
1274367842713063426,negative,0.00026891726734714754
1274367843031801858,negative,0.07998569771605683
1274367843509944327,negative,5.252465356948966e-06
1274367846395662336,negative,0.006593661388489921
1274367849461616640,negative,0.00016348496162413032
1274367850174722054,negative,3.412340316540593e-05
1274367851206447105,negative,0.28712521764998056
1274367851726602242,negative,0.0092744064496032
1274367852661833729,neutral,0.4687743928819027
1274367853916028928,negative,0.0026908979003811852
1274367854905884673,negative,0.004753625520955285
1274367857003020289,negative,0.04852742850222104
1274367857946738688,positive,0.9948528609593813
1274367858596864005,negative,0.011448849023057617
1274367865999765505,negative,0.04868413656103167
1274367866310021120,negative,1.5020007116255468e-07
1274367866666614784,negative,0.009719415015232533
1274367867438448640,neutral,0.4687743928819027
1274367868235325442,negative,0.014462942317355964
1274367868491030533,negative,0.0003176414101641282
1274367868587606017,negative,1.6595307436232596e-05
1274367869724299265,negative,0.00517989528748498
1274367870038953984,negative,0.056703252330814066
1274367870986792965,negative,0.0005662582768266182
1274367871775395848,negative,0.0021707054813893444
1274367872337358852,negative,0.02102601543626555
1274367873759281157,positive,0.932120058691603
1274367874493296642,negative,0.1067621516307429
1274367874770112516,negative,0.0008817834872211741
1274367875625689088,negative,0.01560999411994172
1274367875827077120,negative,0.04868413656103167
1274367876670111746,negative,0.0011182475284013055
1274367877941006346,negative,0.046812883363647126
1274367879144751106,negative,0.08917284233375622
1274367880130441217,negative,0.000577802925747774
1274367881606836224,negative,0.00517989528748498
1274367906349035520,negative,0.0019963831800710193
1274367906650796032,negative,0.06047770163271561
1274367906860740608,negative,0.002909099124119646
1274367907431055362,negative,0.04868413656103167
1274367910736257024,negative,0.015548998880221356
1274367911289896962,negative,0.04487268394872984
1274367911659032576,negative,0.06331559297806631
1274367913533767680,neutral,0.47825815524877363
1274367913856839680,negative,0.002595978931751515
1274367914066542592,negative,0.04868413656103167
1274367916222316546,negative,0.25393172981299134
1274367917023531008,negative,0.2293028948821646
1274367917052870656,negative,0.04868413656103167
1274367917572972550,negative,0.04868413656103167
1274367920727097344,negative,0.12577847376624438
1274367923369492482,negative,0.2682134439141284
1274367923709239297,negative,0.04868413656103167
1274367924795473921,negative,0.2089419129858131
1274367926108336130,negative,0.08917284233375622
1274367926724964352,negative,0.0018980158844752175
1274367929803554817,negative,0.000486759942306765
1274367929845460993,negative,0.06441863133120522
1274367929946198016,negative,0.009955050553641265
1274367929967169536,negative,0.0019963831800710193
1274367936170536960,negative,0.14416510233058746
1274367937936318466,negative,0.21139109066500397
1274367938338983936,negative,0.015257276816124488
1274367946631118849,negative,0.04868413656103167
1274367946895298562,negative,0.0007401027265166362
1274367947184668674,negative,0.08917284233375622
1274367948468166657,negative,0.0021772946379553845
1274367949730701315,negative,0.03146151217835164
1274367951035129857,negative,0.05897235857735733
1274367951207051267,negative,0.00040452387707593424
1274367954340192256,negative,0.0037005539334966616
1274367954990366722,negative,0.04868413656103167
1274367955351089152,negative,0.13859989486425237
1274367955405549573,negative,0.08917284233375622
1274367956621971458,negative,0.00015488961971128024
1274367957276200960,negative,0.0017467553477621659
1274367958366793728,negative,0.021626091131588525
1274367958488363009,negative,0.1801461484119052
1274367958563926017,negative,0.00473837505376686
1274367959830532099,negative,0.04868413656103167
1274367960270938114,negative,0.00047266217965507266
1274367960405217282,positive,0.9948633561963823
1274367961063661572,negative,0.07917874728064465
1274367963936718851,neutral,0.4780350104355538
1274367965509672961,negative,0.00029737758775855
1274367968621793280,negative,0.004440103706717908
1274367971192983554,positive,0.7339032316416587
1274367971423473667,negative,0.05603558800133637
1274367971658534912,negative,0.029590128820161345
1274367972644130818,negative,0.2052037549678739
1274367973264969732,negative,0.00012744335532293983
1274367974321913856,negative,0.30525178253093554
1274367975118770176,negative,5.094166772461122e-06
1274367975676686340,negative,0.04868413656103167
1274367976129642496,negative,0.2864145558920463
1274367976200953858,negative,0.002824850267208842
1274367976645562369,neutral,0.4998608660606742
1274367978381991936,negative,0.09134408089080437
1274367978583265280,negative,0.10188734314977094
1274367983872290817,negative,0.021742177510265318
1274367984438579206,negative,1.637839043713939e-08
1274367986334343168,negative,0.0032140402846192405
1274367986560712705,negative,0.0005619298755765562
1274367988125388800,negative,1.637839043713939e-08
1274367989060710401,negative,0.26192351310595835
1274367989664620544,negative,0.0018980158844752175
1274367991216582657,negative,0.006208373142705321
1274367991820451840,negative,0.09424005877206294
1274367991933739014,negative,0.0002697275739541165
1274367994416726016,negative,0.02102601543626555
1274367994773360640,negative,0.00887296933283849
1274367998267215873,negative,0.006177829252961221
1274367999500222465,negative,0.04868413656103167
1274368002931281921,negative,0.23056902331394544
1274368003535233026,negative,0.001976783449639611
1274368004776738822,negative,0.08023930523735376
1274368008081768455,negative,0.02102601543626555
1274368008543260673,negative,2.839877256563114e-10
1274368009226911744,negative,2.787297328760927e-09
1274368012074856448,negative,0.08917284233375622
1274368012154482689,negative,0.04868413656103167
1274368013991542787,negative,0.00041861799637516443
1274368014276845568,negative,2.4345633452662714e-05
1274368017284190209,negative,0.00029737758775855
1274368018022350849,negative,0.16264403611839934
1274368018303397888,negative,0.04868413656103167
1274368018416570368,negative,0.00029737758775855
1274368019507134466,negative,5.252465356948966e-06
1274368024733274112,negative,0.06441863133120522
1274368025270128642,negative,0.037436681909298455
1274368030265487363,negative,0.0007693001601030721
1274368030349369344,negative,0.0002400857791051532
1274368031926497280,negative,0.04868413656103167
1274368032316497922,negative,0.002595978931751515
1274368032408834053,negative,0.05670946645000067
1274368032576503809,negative,0.0021707054813893444
1274368032664584192,neutral,0.47958427814397536
1274368033352450053,negative,0.0005833353590071568
1274368034891804672,positive,0.997854445726266
1274368034971496451,negative,0.0092744064496032
1274368038448640005,negative,0.04868413656103167
1274368041367846921,neutral,0.4220610142812352
1274368041409708032,negative,5.686518028202719e-06
1274368042265391104,neutral,0.3957755569793847
1274368042319912961,negative,0.04487268394872984
1274368042756198401,negative,0.03747974682466403
1274368044903665665,negative,0.2543622175263454
1274368048376557568,neutral,0.6134013227997841
1274368049743880194,negative,0.04868413656103167
1274368050863710209,negative,0.04868413656103167
1274368052382007296,negative,0.0014536506442826538
1274368052730236934,negative,0.0009591094351772719
1274368054554656768,negative,0.16780627348652796
1274368055221653508,positive,0.8769377224608699
1274368056656085010,negative,0.003065677059359148
1274368058568687619,positive,0.9925299376841314
1274368059134947330,negative,0.04868413656103167
1274368061009727488,positive,0.9948528609593813
1274368063354408960,negative,0.00021020526819592297
1274368064029630466,negative,2.29566763603265e-05
1274368065996828672,negative,0.0007693001601030721
1274368066445508608,negative,5.686518028202719e-06
1274368066793754626,negative,0.00517989528748498
1274368067339014146,negative,0.04868413656103167
1274368097886101506,negative,0.020234743285630477
1274368099161161728,negative,0.02102601543626555
1274368099589017601,negative,0.04868413656103167
1274368099953844224,negative,0.00035208008181573854
1274368100146741249,negative,1.8109196422349462e-06
1274368100776005640,negative,0.032062141936063944
1274368102382305281,negative,2.787297328760927e-09
1274368104508862464,negative,0.04868413656103167
1274368106710945792,negative,0.015146568592212972
1274368109760131072,negative,0.020234743285630477
1274368112008335361,negative,7.482590918262696e-05
1274368112092119041,negative,0.0003042346640610113
1274368112561881088,negative,0.04868413656103167
1274368114784907265,negative,0.0005833353590071568
1274368115132989440,negative,3.280768885312136e-16
1274368115196022786,negative,0.02102601543626555
1274368115279892481,negative,0.08023930523735376
1274368118249394178,negative,0.02102601543626555
1274368118261977090,negative,0.27330665935500936
1274368119805444096,negative,0.012444922234345108
1274368120593973248,negative,0.014309255992588546
1274368120745066497,negative,0.0007693001601030721
1274368121370001413,negative,0.012690009512474188
1274368121453903872,negative,0.05897235857735733
1274368122221408258,positive,0.998997324974281
1274368124695932928,neutral,0.41686888107366604
1274368125237104640,negative,5.33833561501388e-05
1274368125891497984,negative,0.04868413656103167
1274368127447511040,negative,7.814333842311752e-05
1274368130236776448,negative,0.0002357182758865992
1274368130492633090,negative,0.0631247337000893
1274368130991742978,neutral,0.46598398918449585
1274368131671027712,neutral,0.4059477530094319
1274368133151801344,negative,0.151771177379783
1274368134200336385,negative,0.07716116440175899
1274368134867234816,negative,0.24347201557489376
1274368135399903232,negative,0.004887322158981
1274368136377249792,negative,2.787297328760927e-09
1274368137186639873,negative,0.13859989486425237
1274368142261837830,negative,0.00029737758775855
1274368143603924995,negative,3.5888970638467108e-06
1274368144409329664,negative,0.04868413656103167
1274368146233851906,negative,0.08648317725097412
1274368146326073344,negative,0.0007206278447072315
1274368148821684225,negative,0.029612035786464652
1274368149576724480,negative,0.04868413656103167
1274368150578982914,negative,0.0076333143006513705
1274368151459901440,negative,0.025527589564474408
1274368153229950977,negative,0.03266621518869287
1274368153473241088,neutral,0.46598398918449585
1274368154710532097,negative,0.04868413656103167
1274368155926908934,negative,2.787297328760927e-09
1274368159722725376,negative,0.005202645095855827
1274368159882129414,negative,3.5888970638467108e-06
1274368160695803905,negative,0.11733166319877615
1274368163615059969,negative,2.787297328760927e-09
1274368165619748865,negative,5.252465356948966e-06
1274368166022569985,negative,0.06441863133120522
1274368166630653952,negative,0.10188734314977094
1274368167071096833,negative,0.08501573180126992
1274368167138275331,negative,0.05637451919290205
1274368167763214336,negative,0.1290938558687117
1274368170208321536,negative,0.010316527130737304
1274368171055689728,negative,5.252465356948966e-06
1274368174348292096,negative,0.08917284233375622
1274368175451357186,neutral,0.33686374760521365
1274368175807901697,negative,0.04140713315720083
1274368178945232897,negative,0.02489580988425257
1274368181247840257,negative,0.009719415015232533
1274368182296379392,positive,0.9836484349723437
1274368183835807744,negative,0.021742177510265318
1274368185081278465,negative,0.03859108970787212
1274368185563783168,neutral,0.5496678701602578
1274368187384070144,negative,0.04868413656103167
1274368189451952129,negative,0.09134408089080437
1274368191054127104,negative,0.06386138970547342
1274368191104380928,negative,5.715169679529068e-06
1274368192492769288,negative,0.02701815126913757
1274368192572514304,negative,0.020234743285630477
1274368193608515584,negative,0.012400159706935523
1274368193864372224,negative,0.006501171642686924
1274368194560614400,negative,5.252465356948966e-06
1274368195458187265,negative,0.00021020526819592297
1274368195546284032,neutral,0.336666141761384
1274368195722436610,neutral,0.3353439016921346
1274368195999268864,negative,0.23973702585024576
1274368196326445056,negative,0.04868413656103167
1274368198733901827,negative,5.686518028202719e-06
1274368199853854725,negative,0.13656221522950338
1274368202806562818,negative,0.1823704251571895
1274368203062460418,positive,0.7532143714907016
1274368203364458498,negative,0.04868413656103167
1274368205683900416,negative,0.006417933472520629
1274368207038623744,negative,0.04868413656103167
1274368209718665217,negative,0.02102601543626555
1274368210591236103,neutral,0.49690860784806634
1274368210628984832,negative,8.875547998667753e-07
1274368210893234177,positive,0.997854445726266
1274368213019758593,negative,0.14788051717100584
1274368214559006722,positive,0.8167066301350949
1274368214697496576,negative,0.11733166319877615
1274368215896870912,negative,0.1801461484119052
1274368216756826113,negative,0.028648030478036313
1274368216874323968,negative,2.1683783840048714e-05
1274368217654398978,negative,0.04868413656103167
1274368218363297795,negative,0.0030212450410581895
1274368219160199169,negative,0.00045390932293178473
1274368219357347846,negative,0.11733166319877615
1274368219520872448,negative,0.0021772946379553845
1274368219726446603,negative,0.00041777378634683544
1274368223430008838,negative,0.019575624907525888
1274368223631286274,negative,0.004074300433659192
1274368225564819458,negative,0.3158060871893189
1274368225732632577,positive,0.9997370820378277
1274368226374320128,negative,0.04036170450456639
1274368227624312834,negative,1.5933185654426215e-08
1274368228207271943,negative,0.02102601543626555
1274368228320559104,negative,0.00035446545888319695
1274368230266732544,negative,0.0019963831800710193
1274368233466888192,negative,0.23628012938097664
1274368234096132098,negative,0.02102601543626555
1274368234767159296,positive,0.9997698212961951
1274368237518516229,negative,0.00887296933283849
1274368238021984256,negative,0.013933235870272028
1274368238202376192,negative,0.04154244712647466
1274368241750740992,negative,0.0018638116294944478
1274368241809448960,negative,0.24785197501022077
1274368242753159168,negative,0.11392420449287459
1274368243982106630,negative,0.020234743285630477
1274368244011458560,neutral,0.45264407946577295
1274368247153004544,negative,0.007141576727243704
1274368248868491264,negative,0.02102601543626555
1274368249480843264,negative,0.08023930523735376
1274368249539461122,negative,0.00029737758775855
1274368249606569985,negative,0.27639685866382874
1274368249665380355,negative,0.23540932660475059
1274368251196293121,negative,0.05411391474437983
1274368252903411715,negative,0.0092744064496032
1274368252945346562,negative,0.10188734314977094
1274368253192740864,negative,0.019336112146524698
1274368254576910337,negative,0.014462942317355964
1274368278350135298,negative,0.00029307367095573366
1274368278685716482,negative,0.04744510553857001
1274368281022005249,negative,0.06441863133120522
1274368283706380290,negative,0.0033518026014206026
1274368285144944641,negative,1.7328239983972268e-07
1274368289670664196,neutral,0.3540689950867969
1274368289683263491,negative,1.954367259475363e-05
1274368291075698694,neutral,0.5307355819608591
1274368292199763968,negative,0.03083818385811634
1274368292896026625,negative,5.094166772461122e-06
1274368295693701120,negative,2.787297328760927e-09
1274368296016646144,negative,0.05191606404278917
1274368296968740864,negative,0.0007693001601030721
1274368297061007360,negative,0.02102601543626555
1274368298369630208,negative,0.0002400857791051532
1274368300424876037,neutral,0.44054615157121163
1274368300756217863,positive,0.9899715502471471
1274368302106714118,negative,0.0007072239441027239
1274368302794620929,negative,0.02458097564410094
1274368303226597378,negative,0.0007693001601030721
1274368303323140097,negative,0.0007693001601030721
1274368307467104256,negative,0.02102601543626555
1274368310696652800,negative,0.028027908079191373
1274368310713487362,negative,0.04868413656103167
1274368311040577536,negative,0.0007693001601030721
1274368311460007936,positive,0.9831245757970175
1274368311745064964,negative,0.2394110094948839
1274368311761997829,negative,0.0040425414539528295
1274368311954997254,negative,0.00029737758775855
1274368312399593473,negative,0.01130536739368902
1274368312827351040,neutral,0.6214015825264718
1274368313079091200,negative,0.02102601543626555
1274368315239075840,negative,0.08575467508938993
1274368315788603397,neutral,0.5018225690334994
1274368317239824386,negative,0.31732489718339985
1274368317751361536,negative,0.00020479812569071105
1274368317940170752,negative,0.019336112146524698
1274368318338674689,negative,0.0322186341368736
1274368318930128898,negative,2.9917263982776622e-05
1274368319345262593,negative,0.04868413656103167
1274368320058335232,positive,0.7730259751265012
1274368323254353921,negative,0.04868413656103167
1274368327016542209,negative,0.09134408089080437
1274368328396689408,negative,0.003065677059359148
1274368329856188417,negative,0.20239329743009857
1274368330007281664,positive,0.6862199865310996
1274368331944996864,negative,0.02102601543626555
1274368332226011141,negative,0.00042444983907092524
1274368332955877376,negative,0.29203328268016826
1274368333027192832,negative,0.04868413656103167
1274368339712884738,negative,0.021742177510265318
1274368340010680321,negative,0.0023114819558004264
1274368340375621632,negative,0.00038447513905875215
1274368340669140993,negative,0.015063038548651141
1274368340765683716,neutral,0.4137057151875778
1274368341126365184,negative,0.014462942317355964
1274368341361283073,negative,0.0418804522819808
1274368342388871175,negative,1.1929911813902718e-06
1274368344095887361,negative,0.02102601543626555
1274368349565157378,negative,8.081151823787256e-05
1274368352186662914,negative,0.04868413656103167
1274368352970997760,neutral,0.4780350104355538
1274368353524645890,negative,0.0013521364498343981
1274368354464133121,negative,0.00029737758775855
1274368355386916865,negative,0.0092744064496032
1274368357127589888,negative,0.009719415015232533
1274368357542830081,negative,0.04868413656103167
1274368359337996289,negative,0.04868413656103167
1274368361053519872,negative,0.04868413656103167
1274368361875603458,negative,0.08023930523735376
1274368362336960514,negative,0.0019963831800710193
1274368367919538179,negative,5.252465356948966e-06
1274368369098133507,negative,0.08501573180126992
1274368369295228928,negative,0.10836860003054813
1274368373355352064,negative,0.048276487340144295
1274368373644824577,negative,0.0001867184302022901
1274368374273970178,negative,0.015548998880221356
1274368378518585349,negative,0.00020817562045590026
1274368378942226435,negative,5.094166772461122e-06
1274368381215531009,negative,0.00048482838392535947
1274368383065010176,negative,0.00029737758775855
1274368383077810178,negative,0.1801461484119052
1274368384998793217,negative,0.04868413656103167
1274368388266168321,negative,0.08846520922197054
1274368388396199936,negative,0.0018980158844752175
1274368390719852547,negative,0.0580062347845841
1274368392498221056,negative,0.02341620619159758
1274368393647468545,negative,0.029612035786464652
1274368395052552198,negative,0.028071306879507953
1274368396596056065,negative,0.04868413656103167
1274368397577457664,negative,0.0652939707617245
1274368397866926080,negative,0.1999446321019576
1274368397917270016,negative,0.011448849023057617
1274368398361792514,positive,0.8167066301350949
1274368400337375233,negative,0.021742177510265318
1274368402342232065,negative,0.02975577099990549
1274368402459672577,negative,5.686518028202719e-06
1274368403709575169,neutral,0.47958427814397536
1274368403751534595,negative,0.04868413656103167
1274368404573519876,negative,3.051959105760258e-05
1274368405559226369,negative,0.07275109383081722
1274368407333482503,negative,0.00029737758775855
1274368407756996608,negative,2.9783564882261273e-05
1274368408537227264,negative,0.0031504476904273783
1274368409946304513,negative,0.32622767430591754
1274368410915352576,negative,0.04285351023323455
1274368411347357696,negative,0.0005833353590071568
1274368412677033985,neutral,0.6567300678911145
1274368413071261697,negative,0.00029737758775855
1274368413847224323,negative,0.02106084468365473
1274368413931130881,negative,0.08023930523735376
1274368414925062144,negative,0.014309255992588546
1274368416225296387,negative,0.04868413656103167
1274368417554993154,negative,0.13722339735595643
1274368417794011136,negative,0.0008495595372482709
1274368419786305538,negative,0.019336112146524698
1274368421443047424,negative,0.03618354103856943
1274368421589811206,negative,0.01865311394732986
1274368423313772546,negative,0.11392420449287459
1274368423351500808,negative,0.0031504476904273783
1274368423359926275,negative,0.0092744064496032
1274368424198709248,negative,0.03256483380798957
1274368424362291200,negative,2.3711555164843896e-05
1274368425016594433,negative,0.20310716429451192
1274368425104740357,negative,0.0007206278447072315
1274368427575181320,negative,0.002595978931751515
1274368428095279104,negative,5.25522659608811e-09
1274368428170715136,negative,0.003065677059359148
1274368428376240128,negative,0.02102601543626555
1274368428682481664,negative,0.055162715980691446
1274368429139603468,negative,0.08917284233375622
1274368430347558914,negative,0.04868413656103167
1274368430662127616,negative,5.094166772461122e-06
1274368431387824128,negative,0.12125042769935822
1274368431668834304,negative,0.07275109383081722
1274368432822198274,negative,0.29203328268016826
1274368434122510341,negative,2.29566763603265e-05
1274368435112337408,negative,0.020671539135477947
1274368435917553664,negative,0.03201104113099923
1274368436022521858,negative,0.0798813010626473
1274368437377171457,negative,2.787297328760927e-09
1274368438220263429,negative,0.02102601543626555
1274368440615219201,neutral,0.49789225920557484
1274368440678199299,negative,0.0007551163787929313
1274368442120970240,negative,0.04868413656103167
1274368442456576000,negative,0.04868413656103167
1274368442846662659,negative,0.04158678169541981
1274368468171841538,negative,0.327271646660478
1274368469123969024,neutral,0.44054615157121163
1274368469316894720,negative,0.006393354528919257
1274368471313367041,neutral,0.49789225920557484
1274368475822161920,negative,0.00015441501594157315
1274368477021814787,neutral,0.37356359750014606
1274368477365776385,negative,0.0031504476904273783
1274368479534161920,negative,0.04868413656103167
1274368479999688707,negative,0.20968353454585673
1274368480196820995,negative,0.0007206278447072315
1274368480779874304,negative,0.04868413656103167
1274368482868592640,negative,0.023906831594684617
1274368483271344128,negative,0.0005833353590071568
1274368485431414790,negative,0.00038277044353992137
1274368485959839744,negative,0.025011333540204142
1274368486173806594,negative,0.005659775443456867
1274368486953934849,negative,0.0002400857791051532
1274368487356616705,neutral,0.3339893687214555
1274368490997252102,negative,0.1388165480771174
1274368491269820416,negative,0.04868413656103167
1274368492020600837,neutral,0.33686374760521365
1274368492893069313,negative,0.005204646852839989
1274368496344928256,negative,0.015682645292981887
1274368499222294528,negative,0.1999446321019576
1274368500090445824,negative,0.16135539013119166
1274368500300222468,negative,0.0005006362654559964
1274368500543430658,negative,0.04868413656103167
1274368501050937345,negative,0.0031504476904273783
1274368504750313472,negative,0.021742177510265318
1274368505266294784,neutral,0.47638887177747796
1274368506063024128,negative,0.04868413656103167
1274368510676910080,negative,0.03227888715052956
1274368511951896581,negative,0.032512352716893504
1274368514061676549,negative,6.361913491326651e-05
1274368516091793410,negative,0.0008495595372482709
1274368516393775109,neutral,0.46598398918449585
1274368516767039491,positive,0.7730259751265012
1274368517719064580,negative,0.08917284233375622
1274368519879168000,positive,0.8873040893632592
1274368520827080711,negative,0.024999761882097134
1274368521946959875,negative,0.04868413656103167
1274368522408341511,negative,0.04868413656103167
1274368522932584451,negative,0.019336112146524698
1274368523175964680,negative,0.07998569771605683
1274368526351024128,negative,2.4492736413039764e-06
1274368527156285442,negative,0.1999446321019576
1274368527617712128,negative,2.9384192441341305e-07
1274368528624353283,negative,0.019336112146524698
1274368528762707974,negative,0.002940753908453696
1274368529714819072,negative,0.004785376447105787
1274368530683703302,negative,0.010948593938390573
1274368531774296064,negative,0.008663231733637474
1274368532357287937,neutral,0.46598398918449585
1274368532432764928,negative,4.217457657078902e-06
1274368533695168513,negative,0.02102601543626555
1274368534567624705,negative,0.04868413656103167
1274368537008771084,negative,0.14079268923003438
1274368539193999362,negative,0.0543701869796711
1274368539781201921,negative,0.11392420449287459
1274368540863270913,negative,0.09110946503138634
1274368544323579904,negative,0.00401583537431917
1274368547859431424,negative,0.01987812379071838
1274368547960107008,negative,0.0009090523887067456
1274368549943902208,negative,0.0007693001601030721
1274368550338084864,neutral,0.5271382880428819
1274368551109963782,negative,0.03685156720110343
1274368551747493889,negative,2.787297328760927e-09
1274368552364052481,negative,0.07998569771605683
1274368552666103808,negative,0.0543701869796711
1274368553454632962,negative,0.07149627943053821
1274368554691891200,negative,0.012690009512474188
1274368555908321280,negative,0.007207304581993377
1274368555958636545,negative,0.012799595617596988
1274368557003018242,neutral,0.46598398918449585
1274368557200084994,negative,4.136364219058143e-05
1274368557556563968,negative,0.01865311394732986
1274368559142055941,negative,0.03083818385811634
1274368560840744963,negative,0.04868413656103167
1274368561197309952,negative,0.20708948826001983
1274368562929586177,negative,0.04868413656103167
1274368563856453632,negative,0.0031504476904273783
1274368564124880900,negative,0.02059529710232801
1274368565487992833,negative,0.00517989528748498
1274368565790101506,negative,0.0008495595372482709
1274368566318575618,neutral,0.3875332285022518
1274368567174103042,negative,0.032572484885857414
1274368568042414082,neutral,0.4507454498615163
1274368568554131457,negative,0.00029737758775855
1274368570361810945,positive,0.739098806187282
1274368570521255937,negative,0.038079176126161414
1274368570642874368,negative,0.02102601543626555
1274368571850788864,negative,0.00029737758775855
1274368573297786882,negative,0.002556502557934445
1274368573755068417,negative,0.02102601543626555
1274368574845575169,negative,0.0007693001601030721
1274368576179310593,negative,0.014290660729673976
1274368576259063808,negative,0.048276487340144295
1274368576447746049,negative,0.30468958915460226
1274368576934285312,negative,0.006396570735036462
1274368577877966848,positive,0.9116507914681907
1274368578200928258,negative,0.0008495595372482709
1274368580935733250,negative,0.04868413656103167
1274368581300555781,positive,0.9978537085783599
1274368581497733120,negative,0.0007206278447072315
1274368582005252096,negative,0.00029737758775855
1274368582638592002,negative,0.021742177510265318
1274368584895127554,negative,0.09134408089080437
1274368585729822720,negative,0.020234743285630477
1274368586321100803,negative,0.015548998880221356
1274368586560176129,neutral,0.46598398918449585
1274368588351242241,negative,0.11392420449287459
1274368588988768256,negative,0.0007206278447072315
1274368589592694785,negative,0.02102601543626555
1274368589982810112,neutral,0.5196000172536228
1274368595863224321,negative,0.04868413656103167
1274368597092184064,negative,1.404054265000646e-06
1274368598543400960,positive,0.7112264328727067
1274368598807642114,negative,0.00029737758775855
1274368599784927233,negative,0.0002400857791051532
1274368599805825024,negative,0.08917284233375622
1274368601877876739,negative,0.04868413656103167
1274368602569924609,negative,0.052257187755110464
1274368605086498817,neutral,0.40392664678972207
1274368605740769281,negative,0.024999761882097134
1274368606533496832,negative,0.08010598670960223
1274368607171026946,negative,0.0092744064496032
1274368607452045313,negative,0.0031504476904273783
1274368607569555458,negative,0.08917284233375622
1274368607951208449,negative,0.04868413656103167
1274368608362287104,neutral,0.4904432537007586
1274368608743960576,negative,0.004594630686132028
1274368609817673728,negative,0.002366686782086095
1274368610027409409,negative,0.021742177510265318
1274368613286281219,negative,0.0031504476904273783
1274368614259458049,negative,0.04868413656103167
1274368614578167808,negative,0.04868413656103167
1274368617212239874,negative,0.0798813010626473
1274368622861979649,negative,0.006501171642686924
1274368624149610498,negative,0.04868413656103167
1274368625101754368,negative,0.0031504476904273783
1274368649810317312,negative,0.08010598670960223
1274368650192060416,negative,0.0031504476904273783
1274368650435313664,negative,0.00517989528748498
1274368651743854593,negative,0.0031504476904273783
1274368654092705793,neutral,0.44054615157121163
1274368656139530241,negative,0.003694779450599342
1274368656273813508,negative,0.02102601543626555
1274368656559005697,negative,0.0031504476904273783
1274368659729731584,negative,0.007175914245973751
1274368660052811777,negative,0.04868413656103167
1274368660275109888,negative,0.04438177349714493
1274368661248229376,negative,0.32622767430591754
1274368661999038464,positive,0.9125403696262822
1274368662879842304,negative,0.0008495595372482709
1274368663613734917,negative,0.0005491540030056997
1274368664255574016,negative,0.000867841766165467
1274368665341870080,neutral,0.38992387612871005
1274368666352734208,neutral,0.46598398918449585
1274368666419769346,negative,0.02947751795762648
1274368667464146944,negative,0.0007693001601030721
1274368667686494209,neutral,0.4507454498615163
1274368668714008579,negative,0.0008495595372482709
1274368670156951554,negative,0.0009007302059671578
1274368671432007682,negative,0.20503640270540333
1274368671587143680,negative,0.2611880246282609
1274368671784275969,negative,0.0159266946396319
1274368672044396544,negative,0.00029737758775855
1274368672648368128,negative,0.04868413656103167
1274368674330181632,positive,0.8167066301350949
1274368674598727681,negative,0.04868413656103167
1274368678755270661,negative,0.11049728364544144
1274368680344903682,negative,0.08648317725097412
1274368681724780545,negative,1.637839043713939e-08
1274368681770876932,negative,0.028090879857143165
1274368682102272000,negative,0.006572766519036822
1274368682433695747,negative,0.08917284233375622
1274368684639825920,positive,0.8346725476562047
1274368686535647232,negative,0.00010815879287240581
1274368687047421952,negative,0.051388735714927164
1274368687206797315,negative,0.04868413656103167
1274368687429111811,negative,0.04868413656103167
1274368688045645834,negative,0.11115491188162763
1274368688431468545,negative,4.0536983065463325e-10
1274368688997703680,negative,0.10223408848215773
1274368690528628736,negative,0.3098636040892252
1274368691107479552,negative,0.032944019472149554
1274368692017561602,negative,0.02102601543626555
1274368693347237888,negative,0.07846484476915624
1274368694089441280,negative,0.0001109926171236319
1274368694102175750,negative,0.006082875546765507
1274368696941785091,negative,0.0065108258558099295
1274368698879524865,negative,4.548667041074056e-06
1274368699345092608,positive,0.8461242044886299
1274368700259450880,negative,0.0008690152000461809
1274368700284637186,negative,0.01865311394732986
1274368701953912832,negative,0.051388735714927164
1274368702012628993,neutral,0.46598398918449585
1274368705166794760,neutral,0.5870959793700388
1274368706303406080,negative,5.33833561501388e-05
1274368707624685568,negative,0.04487268394872984
1274368708492906501,negative,0.00010815879287240581
1274368708866179072,negative,0.08023930523735376
1274368709344329739,negative,0.0016442973960655888
1274368709994430464,positive,0.9162069419582276
1274368710334013441,negative,0.0008495595372482709
1274368711013646336,negative,0.09424005877206294
1274368711206621184,negative,0.003065677059359148
1274368711231750144,negative,0.11275300035366007
1274368711730900992,negative,0.0005833353590071568
1274368711860813826,negative,0.04868413656103167
1274368712359833600,negative,0.05603558800133637
1274368712674545664,negative,7.044045576698552e-07
1274368713924530176,negative,0.1140022030211012
1274368715442831361,negative,0.1388165480771174
1274368718022209536,negative,0.0002578401291708859
1274368720043945984,negative,0.04868413656103167
1274368720538869762,negative,0.015548998880221356
1274368720996007940,negative,1.9184668082799116e-05
1274368723936296960,negative,0.15109532684671623
1274368724292833280,negative,0.00010815879287240581
1274368724766806016,neutral,0.46598398918449585
1274368725345501185,negative,0.012118601416211131
1274368729883856897,negative,1.7366673674947566e-05
1274368730416533504,negative,0.020671539135477947
1274368731033014273,neutral,0.5630410866502906
1274368731729334276,positive,0.8461242044886299
1274368732245168128,negative,0.052257187755110464
1274368733176348673,positive,0.9969616390735564
1274368735013474304,negative,0.0014630490306298252
1274368736380715008,negative,0.09424005877206294
1274368736728924161,positive,0.8496851250550661
1274368737249038337,negative,0.04868413656103167
1274368737253056512,negative,0.0008495595372482709
1274368738557558785,negative,5.094166772461122e-06
1274368739631341568,positive,0.9925299376841314
1274368741430657024,negative,0.04868413656103167
1274368743250919424,negative,0.0030615907346544426
1274368744316379140,negative,0.0031504476904273783
1274368745025216512,negative,0.08501573180126992
1274368745809551361,negative,0.04438177349714493
1274368747566964736,negative,1.2588107577825755e-10
1274368749143982082,negative,8.875547998667753e-07
1274368749408120833,negative,0.05603558800133637
1274368750884700165,negative,0.04438177349714493
1274368751924850690,negative,0.23056902331394544
1274368752621142022,neutral,0.4687743928819027
1274368752872759297,negative,0.0015320024906043282
1274368754219200518,positive,0.7862674322241531
1274368757637529600,positive,0.8769377224608699
1274368757704658944,negative,0.0092744064496032
1274368757872439296,negative,0.0008495595372482709
1274368759130718208,negative,0.0008495595372482709
1274368759143301120,negative,0.11733166319877615
1274368763262099462,negative,0.0005833353590071568
1274368763945717760,negative,0.01865311394732986
1274368764742709249,negative,2.801725365009101e-06
1274368764965015554,negative,0.04868413656103167
1274368766663589888,negative,5.216439843695091e-06
1274368767406018566,neutral,0.5307355819608591
1274368768005865472,negative,0.04868413656103167
1274368768962109441,negative,0.0092744064496032
1274368769192755203,neutral,0.5994534969101798
1274368771130613761,negative,0.04868413656103167
1274368771583545344,negative,0.052257187755110464
1274368773122920449,negative,0.02102601543626555
1274368773181575168,negative,0.308199125160694
1274368776725827589,negative,0.16161868573067484
1274368778478944256,negative,0.01236739168545976
1274368779917709312,negative,8.875547998667753e-07
1274368780240654337,negative,0.0026908979003811852
1274368782811742208,negative,0.00014442861733385067
1274368783180869632,negative,0.005289110197580681
1274368784334303232,negative,0.25943144196174717
1274368785517027332,negative,0.0008495595372482709
1274368786217533442,negative,0.12199022604466819
1274368788155244544,negative,0.05191606404278917
1274368789325496326,negative,2.1940430956292438e-05
1274368789820452865,neutral,0.4180855915307219
1274368793469489153,negative,8.875547998667753e-07
1274368793771421697,negative,0.04438177349714493
1274368795830890496,negative,0.05219699582152566
1274368797374324736,negative,0.00247334345657811
1274368797542166529,negative,5.709682662242068e-06
1274368799287005184,negative,0.002679295280533699
1274368800109010947,negative,1.637839043713939e-08
1274368800884953091,negative,0.04868413656103167
1274368801807753218,neutral,0.3385252644667176
1274368802810138624,neutral,0.4687743928819027
1274368805184196620,negative,0.01865311394732986
1274368805712670727,negative,0.0021707054813893444
1274368806022979586,negative,7.519770773459545e-05
1274368806454992896,negative,0.00401583537431917
1274368807897903104,negative,0.0007206278447072315
1274368808359165954,negative,5.686518028202719e-06
1274368809965703170,negative,0.2856076542833876
1274368810334728192,negative,0.08917284233375622
1274368847181746177,negative,0.23579841151144104
1274368849207529472,positive,0.997854445726266
1274368849555718144,neutral,0.48728019602140255
1274368849572495363,negative,4.272565002015784e-06
1274368851665444864,negative,0.0008495595372482709
1274368853343166465,negative,0.3164852696542326
1274368853829660677,negative,0.037436681909298455
1274368854286897153,negative,0.0005833353590071568
1274368855440265217,negative,0.0005833353590071568
1274368856270811137,negative,0.0008495595372482709
1274368861790441473,negative,1.1975746929609166e-05
1274368862218321926,negative,0.04868413656103167
1274368862327373824,neutral,0.4153373325707398
1274368862537035778,negative,5.686518028202719e-06
1274368864709738497,negative,0.08023930523735376
1274368867301756930,negative,0.0031504476904273783
1274368868769808385,positive,0.96954470403696
1274368869738655744,negative,0.0031504476904273783
1274368870611124225,negative,0.27330665935500936
1274368873098121216,negative,0.009781223245064129
1274368873761050629,negative,0.005241544983586468
1274368875598094337,negative,0.06266447570236598
1274368877225525252,negative,3.55105935750475e-05
1274368877758164994,negative,0.04574489815077878
1274368878072803329,negative,0.2617748389724454
1274368881306611713,negative,0.15109532684671623
1274368882279682048,negative,0.23540932660475059
1274368882996805635,neutral,0.46598398918449585
1274368883093319680,negative,3.9251578093194124e-07
1274368883718324225,negative,0.06659053916634819
1274368883793842176,negative,5.094166772461122e-06
1274368884183883777,negative,0.032572484885857414
1274368885425418241,negative,0.08501573180126992
1274368887572881408,negative,0.00020817562045590026
1274368888432623620,negative,0.0002357182758865992
1274368891263815680,positive,0.9911960052801243
1274368892811476993,negative,0.0021772946379553845
1274368893721681920,negative,0.21820043223609487
1274368894355070976,negative,0.0031504476904273783
1274368894464114689,negative,0.0065108258558099295
1274368895592390657,negative,0.004833157213028248
1274368899988041728,negative,0.00029737758775855
1274368901057589255,negative,5.094166772461122e-06
1274368904047947776,negative,0.00802402798820471
1274368904962465793,positive,0.9814537586538558
1274368905302224896,negative,0.030461911647601682
1274368905407016960,negative,0.030461911647601682
1274368905985896449,negative,0.02102601543626555
1274368906300461057,negative,0.002348747155677211
1274368909186039809,negative,0.0543701869796711
1274368909387366406,negative,3.412340316540593e-05
1274368910813470727,negative,0.0008495595372482709
1274368911203545091,negative,0.04868413656103167
1274368913426583554,positive,0.9782305349939595
1274368913434972160,negative,0.2086570985484483
1274368913594253313,negative,0.11162762197975168
1274368914491768832,negative,0.24151054019797136
1274368914844258305,negative,0.2617748389724454
1274368915230031873,negative,9.587824816191965e-06
1274368915976716290,negative,0.21543728979108953
1274368916018642946,negative,0.06350257925991427
1274368916651982849,negative,0.09560962592366862
1274368919076208642,negative,0.22056390803002654
1274368921676795904,negative,5.094166772461122e-06
1274368921852882944,negative,0.04868413656103167
1274368921878085638,negative,0.3282419999848567
1274368922406526978,negative,0.09424005877206294
1274368923438247937,negative,0.005457175286905945
1274368926504423424,negative,0.0007693001601030721
1274368926789570561,negative,0.13656221522950338
1274368927842304000,positive,0.9162069419582276
1274368928681275398,negative,0.0004756378368561514
1274368929541099527,negative,0.0008495595372482709
1274368930019266561,neutral,0.46598398918449585
1274368931076157441,negative,0.04868413656103167
1274368931562651650,negative,0.02102601543626555
1274368932200230913,negative,0.007879796194985479
1274368934586744832,negative,0.00025737792053487265
1274368934855180288,neutral,0.49789225920557484
1274368936155455488,negative,3.6529905745121574e-09
1274368936814039041,neutral,0.46127768308170247
1274368937015291904,neutral,0.350991748074389
1274368937455759361,negative,0.012690009512474188
1274368939997487105,negative,0.0092744064496032
1274368940328845313,negative,0.1554418567570169
1274368941683548161,negative,0.01236739168545976
1274368941742309379,negative,0.02102601543626555
1274368941943595008,neutral,0.4766795874967358
1274368943004794883,negative,0.00037121730800023883
1274368946825760768,negative,0.048199403705984786
1274368948079931393,negative,0.04487268394872984
1274368949061378049,negative,0.05897235857735733
1274368949707300864,negative,7.519770773459545e-05
1274368949988265984,negative,0.2622507651726489
1274368950739050496,negative,0.00627752536365641
1274368951447937025,negative,0.00028116827697978014
1274368951657664513,neutral,0.44231347627872375
1274368952098054146,negative,0.1813550222987626
1274368953071132674,negative,0.0008495595372482709
1274368954476232704,negative,0.04868413656103167
1274368954891411456,negative,0.0005833353590071568
1274368955029864449,negative,0.13852903972957373
1274368955390533632,negative,0.04868413656103167
1274368955675787264,negative,0.00029737758775855
1274368955839201281,negative,5.252465356948966e-06
1274368957705850882,negative,0.014135642881667618
1274368957869445121,negative,0.04868413656103167
1274368959438077952,negative,0.003014913755796307
1274368959710744576,negative,0.021742177510265318
1274368960780283910,negative,0.0031504476904273783
1274368961728086016,negative,0.015468822342680592
1274368962269188098,negative,0.04868413656103167
1274368962541780994,negative,3.5888970638467108e-06
1274368962684387329,negative,0.00887296933283849
1274368967579222016,negative,0.0032447776821389876
1274368967591723011,negative,0.10537999079230516
1274368968422195200,negative,3.51841641622654e-08
1274368968598396929,negative,0.04868413656103167
1274368969223426050,neutral,0.5556866927953724
1274368970645258240,negative,0.025527589564474408
1274368971127603207,negative,0.010512616686373906
1274368973182832640,negative,0.04868413656103167
1274368973224599552,negative,2.8001923095891524e-10
1274368974684327936,negative,0.04868413656103167
1274368974914977792,negative,0.006812636562690789
1274368975384821762,negative,0.00016823968684374503
1274368977159012352,negative,0.07862532362295443
1274368977960144896,negative,0.02102601543626555
1274368978412900354,negative,0.08823109407873446
1274368979105206275,negative,0.08917284233375622
1274368979214241793,negative,1.637839043713939e-08
1274368979881078784,negative,0.0031504476904273783
1274368981076492291,negative,2.29566763603265e-05
1274368981252571136,negative,0.2012161585373764
1274368981458173953,negative,0.0065108258558099295
1274368982175318016,negative,0.0015320024906043282
1274368983815331840,negative,0.03218482615745072
1274368984234766337,negative,0.0002400857791051532
1274368986709458945,negative,0.04438177349714493
1274368988022177795,negative,0.04868413656103167
1274368989892882437,negative,0.0008495595372482709
1274356331517038598,positive,0.6850669371122704
1274356332057878528,negative,0.12944296521248896
1274356332183707649,negative,0.0020668491340610625
1274356332230033408,negative,0.002265435737016287
1274356332317913091,negative,0.011523405855568302
1274356332347392003,negative,0.0057213765064447804
1274356332385239040,neutral,0.635886778744369
1274356332431396864,negative,0.013682145084215827
1274356332439777283,negative,0.038040106230761365
1274356332527837185,negative,0.07368400408553705
1274356332578004998,negative,9.660714720026358e-05
1274356332682862594,negative,0.0006529708223693342
1274356332800270336,negative,0.03188103200531316
1274356332850606081,negative,0.0008517121196125047
1274356333047840768,neutral,0.6277098210351041
1274356333169516544,negative,2.2536175253364693e-09
1274356333207306243,positive,0.7804691109126798
1274356333295345665,negative,0.19054912941795515
1274356333295423488,negative,0.03546869261013232
1274356333345517568,negative,6.400360856274079e-06
1274356333374996480,negative,4.474015693174074e-06
1274356333375078401,negative,0.06472892908172624
1274356333421223937,negative,0.07509577442231544
1274356333521895425,negative,2.2714638631348126e-06
1274356333589024770,negative,0.11199186793547575
1274356333689688065,negative,0.1396855441548666
1274356333693681665,negative,0.01932577077239048
1274356333710651392,negative,2.0021156883526054e-05
1274356333727211524,negative,1.2496951510184483e-05
1274356333811314696,negative,1.1071183644491722e-08
1274356333861416960,neutral,0.49789225920557484
1274356334050209792,negative,0.016369443032640006
1274356334297788425,negative,0.15735822811275285
1274356334331416577,negative,0.1690258545749725
1274356334356504577,negative,3.399391055857315e-05
1274356334369165312,negative,0.3122400051479914
1274356334524116993,negative,0.27685209494465834
1274356334654185472,negative,2.2341836518759267e-07
1274356334671138817,negative,6.579418420172562e-05
1274356334842875905,neutral,0.46127768308170247
1274356335023476737,positive,0.897740620973573
1274356335036030978,negative,0.021419986811110635
1274356335052718080,negative,0.003401178487566604
1274356335098953729,negative,1.3655656283334073e-07
1274356335115632641,negative,0.004989714265797367
1274356335145111552,negative,3.853399402893949e-05
1274356335157620736,negative,0.015806152109110117
1274356335182852098,negative,4.470722946099782e-07
1274356335249813507,negative,0.010260123903669299
1274356335275098112,negative,0.05406920941944107
1274356335325241348,negative,0.0026750667872947943
1274356335379918849,negative,0.02857663021107599
1274356335497351168,negative,0.022967711891924508
1274356335547572224,negative,5.25933231523432e-06
1274356335597903879,negative,0.05650243272714818
1274356335644205057,negative,0.006842655702366206
1274356335648391175,negative,0.003642725051623256
1274356335845478401,negative,0.005169315149270148
1274356335987945474,negative,0.0032521583273915355
1274356336470474753,negative,0.01075704296566508
1274356336751329285,negative,0.021837805893416544
1274356336814436353,negative,1.8522960026355833e-05
1274356336868962309,negative,0.03686799488246111
1274356336881356806,negative,0.015398622818838284
1274356336994611202,negative,3.637415131052872e-10
1274356337305169922,negative,0.020480945259605077
1274356337326133257,negative,0.039576004874212194
1274356337493684224,negative,0.14174628410259996
1274356337628102658,negative,0.07939883378068853
1274356337640706050,negative,0.00016519753964650363
1274356337716183041,negative,7.903441681934444e-05
1274356337841971200,negative,0.21599557240696107
1274356337871327232,positive,0.8155959324577565
1274356337997045760,neutral,0.5256710654310138
1274356338034970625,negative,0.11941814385678137
1274356338106208256,negative,0.02738764886718594
1274356338177585153,negative,0.19216431739270148
1274356338420662273,negative,0.07620847467443033
1274356338466754573,negative,0.038040106230761365
1274356339070758913,positive,0.7562468899936365
1274356339133812741,negative,0.02767837041596725
1274356341000343553,neutral,0.49789225920557484
1274356341126111232,negative,0.22986236924992928
1274356341239361537,negative,0.14796343591632335
1274356341461544961,negative,8.694546794646525e-08
1274356341566554112,negative,0.0028480157765644228
1274356342434619394,negative,0.003222832135696301
1274356343273664517,negative,0.03032449176784243
1274356343525105664,negative,1.1071183644491722e-08
1274356343651151872,negative,0.0004927382543278781
1274356344737468418,negative,0.0015132653177792894
1274356345815400454,negative,0.009842501404680437
1274356346142556160,negative,0.00014459406381251767
1274356347732099076,negative,0.09543212728460136
1274356347753107457,negative,1.7639349586793091e-06
1274356348663234561,negative,8.443564912871401e-05
1274356349808320513,positive,0.897740620973573
1274356351465074689,neutral,0.4147342023902695
1274356351599247362,negative,7.314981075296971e-05
1274356352018718721,negative,2.6483642060587684e-05
1274356352526307328,negative,0.0023763880365369615
1274356353021218816,negative,0.30661194807306463
1274356353440583684,negative,0.09988079043538062
1274356353847394305,negative,0.00015780592899662289
1274356354602409992,negative,0.00021457867953097906
1274356355369889798,negative,0.003401178487566604
1274356356053532674,negative,0.12048096322928388
1274356356477116417,negative,5.25933231523432e-06
1274356357693689857,neutral,0.49789225920557484
1274356358121308161,negative,0.012464186109714575
1274356358163423232,negative,0.0006531320496821782
1274356359107051521,neutral,0.4932582667288586
1274356359128133633,negative,4.417115997053695e-06
1274356360994529280,negative,8.781914897577145e-05
1274356361535664128,negative,8.443564912871401e-05
1274356363431477250,negative,0.029574984051274216
1274356363674730497,negative,0.15221987492316785
1274356363901140993,negative,0.0020303224103744785
1274356364685594627,negative,0.2251463196043531
1274356365276962817,negative,0.00047980219603135156
1274356365398609920,negative,0.08012263816035585
1274356365960646656,negative,2.8796426407842133e-07
1274356366531059712,negative,4.0797451638215065e-06
1274356367327887362,negative,0.059073836803653676
1274356367747358722,negative,3.541836711255557e-05
1274356367856287745,positive,0.9260460732612994
1274356367927754752,negative,0.05592593259625326
1274356368833753090,negative,0.012349855651148581
1274356370423373824,negative,1.4184898818304456e-05
1274356371316711424,negative,0.022799574085643006
1274356371484340224,negative,0.0016236321865507868
1274356372952530944,negative,0.003764437174709491
1274356373493616641,negative,0.03921945401466673
1274356374571532289,negative,0.0029720572001670853
1274356375070609409,negative,0.0014433715500214719
1274356375900942339,negative,0.03366771072863726
1274356376073121793,negative,0.12959920737750286
1274356376265990144,negative,0.026141381877069415
1274356487616368643,neutral,0.3384619994787347
1274356488245522432,negative,0.09794803654291011
1274356488300122120,negative,1.157691023603853e-05
1274356488543375360,negative,0.00014459406381251767
1274356489331765249,negative,1.1071183644491722e-08
1274356489679810567,negative,2.9628091224348518e-05
1274356490304970754,negative,5.25933231523432e-06
1274356490711818242,negative,8.655772737796238e-08
1274356492108541953,positive,0.9040964571989637
1274356493928796166,negative,0.0024328606115586195
1274356494100766727,negative,0.021417255258871826
1274356494796980225,negative,0.014566422446553446
1274356496390905861,negative,0.013054040966928974
1274356497212989442,negative,0.21293856193185923
1274356497955225601,negative,4.363257631511972e-05
1274356498454310912,negative,0.003401178487566604
1274356498555076608,negative,0.00014459406381251767
1274356499549245440,negative,0.0019716394143232565
1274356500144754696,negative,0.02767837041596725
1274356501369573378,neutral,0.6020347380261928
1274356502346809345,negative,0.101878304089946
1274356503936471041,positive,0.9996613485571103
1274356503949062146,negative,0.0022575844629417197
1274356504288727043,negative,0.08689600024155354
1274356504355835906,negative,0.003548707156191062
1274356504431378443,negative,0.019240404109826807
1274356504729137155,negative,1.1071183644491722e-08
1274356505664503808,negative,1.6363506850639845e-06
1274356506247548929,negative,0.17085650338555278
1274356506675339267,negative,3.7129467265620005e-05
1274356506947751938,neutral,0.42972219447761806
1274356507157475329,negative,0.01905271812605035
1274356507585449987,negative,0.05592593259625326
1274356508172705794,negative,0.07327654202549114
1274356508659245057,negative,0.0003624214154466231
1274356509351256064,negative,0.023732173558476437
1274356510215344130,negative,0.22082230916661
1274356511108501504,negative,2.5062980532467187e-05
1274356512048152576,positive,0.8415854472075139
1274356512287191041,negative,0.11029702435476944
1274356512648036353,negative,0.00014459406381251767
1274356512966742016,positive,0.7533951936590659
1274356515030405120,negative,0.0010774206940814721
1274356516137701376,neutral,0.38966083377267685
1274356516959772676,negative,0.028040805411430187
1274356517450416129,negative,0.02418731375717492
1274356518360682498,negative,1.1415828081567946e-05
1274356519019184131,negative,0.0002914298042050436
1274356519895740420,negative,1.3162924480907709e-05
1274356519908397058,negative,2.5224848597829725e-09
1274356520273285120,negative,0.03716359087450641
1274356520692723713,negative,0.0005889950975998848
1274356520764006400,negative,0.07182723199281017
1274356522202607622,negative,0.3104336364038557
1274356522726891521,negative,0.005149071940659223
1274356524077518848,negative,0.025620310341115962
1274356524111015936,negative,0.24041041695884746
1274356524132044801,negative,2.2523109916450223e-08
1274356525289660417,negative,0.0069806868056938726
1274356525981732866,negative,0.005402909033626645
1274356526048780288,negative,1.167813228232185e-06
1274356526204018688,negative,0.019240404109826807
1274356526266740737,negative,0.1608681682475487
1274356530792595457,negative,0.04210622218111057
1274356531320872960,neutral,0.49789225920557484
1274356532520660992,neutral,0.5136446707795853
1274356533124620290,negative,0.0005272297034888572
1274356534026424322,negative,0.15977424788211875
1274356534236057600,negative,0.1363585901897884
1274356534567264256,negative,0.0009177032978133025
1274356534840082440,negative,1.1071183644491722e-08
1274356534852681728,negative,7.407490579226313e-05
1274356535725088769,negative,0.29458011890929964
1274356535947395073,negative,0.0032277408306585534
1274356536823943169,negative,0.000395179147929208
1274356537507577858,negative,0.0021625795954240763
1274356537784504322,neutral,0.4370232859670561
1274356539017646081,negative,0.07509577442231544
1274356539608965120,negative,0.01900722510998478
1274356539898433536,negative,0.0021625795954240763
1274356541425057792,negative,0.011448849023057617
1274356541651648519,negative,0.00014459406381251767
1274356542997962752,positive,0.9995845597596971
1274356543056515072,negative,0.023732173558476437
1274356543954333696,negative,0.0009874055772227989
1274356544067350535,negative,0.07327654202549114
1274356544679936000,neutral,0.38206607669325254
1274356545619472387,negative,0.003401178487566604
1274356545963413505,negative,3.0101887106261866e-09
1274356547771080705,neutral,0.5495922250151081
1274356548882530304,negative,3.38794706851042e-05
1274356550728105985,negative,9.605695090760871e-05
1274356550828732416,negative,0.0021300037634189475
1274356552091217920,negative,0.00014459406381251767
1274356552540004353,negative,0.0003380994434100761
1274356553668313091,negative,0.3129665008667059
1274356553827733504,negative,0.00014459406381251767
1274356554297479172,negative,0.275958358184994
1274356555501240320,neutral,0.5467018084453114
1274356555949850631,negative,0.0007699370890113074
1274356558911229952,negative,0.19220143425980002
1274356559255134209,negative,0.2619308992831716
1274356560253386753,negative,0.03032449176784243
1274356561574596609,negative,0.0007699370890113074
1274356565609451521,negative,0.0002441372214679934
1274356566037352448,negative,0.02108075453949553
1274356679128293378,negative,0.28101247456179695
1274356679392612358,negative,0.06356053740885668
1274356679522635777,negative,0.00014459406381251767
1274356680080478210,negative,0.25318237069832455
1274356680583548929,negative,0.13172800381638772
1274356682899050499,neutral,0.516249066596843
1274356685662851072,negative,0.0007321342685305799
1274356686124285952,negative,5.25933231523432e-06
1274356687575625731,negative,1.1110671523946416e-11
1274356688125071362,negative,0.04966795999061501
1274356688536174592,neutral,0.49907273298516375
1274356688670330882,neutral,0.4976520693942797
1274356690473947138,neutral,0.38966083377267685
1274356690507509762,negative,1.1876496922988488e-05
1274356691962904578,negative,0.0020365961420647036
1274356692461989890,negative,0.11199186793547575
1274356692600467456,negative,4.583586715330428e-06
1274356693883813894,negative,0.003548707156191062
1274356694076751875,negative,0.003420226946203081
1274356694961790977,negative,0.002580094215422441
1274356695662198784,negative,0.01762431548907691
1274356697369391107,negative,0.0007623704734731842
1274356698245783552,negative,0.06590738013221725
1274356698317066240,negative,0.0009874055772227989
1274356698627690501,negative,0.2809090114063291
1274356698837184514,neutral,0.38966083377267685
1274356702385778688,negative,0.05592593259625326
1274356702922629120,negative,0.16324601945295278
1274356703107190786,negative,8.665089332995938e-05
1274356704495448073,negative,0.0059583599279940695
1274356705095225344,negative,0.03988444176967176
1274356705770569729,negative,0.0012705844490841897
1274356706269634560,negative,0.06919360840379962
1274356706663976960,negative,2.4468036872738965e-07
1274356707704086531,negative,0.006351232032840391
1274356709046325248,negative,0.08053161383732556
1274356709545447424,negative,0.003294722900431676
1274356711537639425,negative,0.003548707156191062
1274356713072717830,neutral,0.3865851598206023
1274356713806639105,negative,0.00012653528323396023
1274356715098648577,negative,3.205137045793841e-06
1274356715220238338,negative,0.05072320371655574
1274356715434188812,negative,0.275958358184994
1274356715882983424,negative,9.432352902485964e-13
1274356717418172416,negative,1.1071183644491722e-08
1274356717598527489,negative,9.910775985404395e-08
1274356717636268039,negative,0.0021625795954240763
1274356717686530048,negative,0.22082230916661
1274356717690724352,negative,0.03034623068229864
1274356717762027521,negative,0.1170769649634269
1274356719016173569,neutral,0.6228761539103088
1274356719326507013,neutral,0.5332959485023883
1274356720131813376,negative,0.21881987661286498
1274356720601612294,positive,0.9288951787156476
1274356720840605697,neutral,0.6020347380261928
1274356721830506498,negative,0.0720015954461714
1274356724611383302,negative,0.0026542863827568176
1274356724930097152,negative,0.005493839057664315
1274356725353713669,negative,0.20175755598657735
1274356725706088451,negative,0.09712453899366252
1274356725978554368,negative,0.275958358184994
1274356726196822016,negative,0.023732173558476437
1274356726406344704,negative,0.004745449017561656
1274356726939168770,negative,0.12959920737750286
1274356728059105280,negative,4.363257631511972e-05
1274356728595963904,negative,0.11199186793547575
1274356729132855298,negative,0.00014459406381251767
1274356729606742019,negative,0.0008020036521002084
1274356731234172928,negative,0.07852245778028731
1274356733004124160,negative,0.05250382181698612
1274356733339566080,negative,0.1801461484119052
1274356733503320074,negative,0.0009874055772227989
1274356733805244416,negative,0.2799852519493358
1274356733813624832,positive,0.6851089961720249
1274356734832922624,negative,0.003548707156191062
1274356735147417600,negative,0.07274315657396067
1274356735390756864,neutral,0.3700792290507144
1274356736628002824,negative,0.0008351422774354409
1274356737827581953,negative,0.0002069238426636904
1274356737836036102,negative,0.07174002350204714
1274356737907331072,negative,0.13172800381638772
1274356738309926914,negative,0.0009177032978133025
1274356738838409216,negative,0.015487058067509258
1274356739622780929,negative,0.00014459406381251767
1274356742240047105,negative,0.11870097794198045
1274356742797869063,negative,3.653344604743627e-05
1274356743158595588,negative,0.05250382181698612
1274356743959646208,negative,0.0572559043124317
1274356745847128064,negative,0.009355143965602277
1274356746102824962,negative,0.2799852519493358
1274356746606256132,negative,0.009932906980315596
1274356747201888256,negative,0.10354576353782859
1274356748019732480,negative,0.15987313744692946
1274356748434812929,negative,0.0028480157765644228
1274356749076750344,negative,0.0021625795954240763
1274356750834155521,negative,4.527382835627046e-05
1274356751022915585,negative,9.7009567619765e-08
1274356751467454464,negative,0.000102120942159438
1274356751681413120,neutral,0.34212779492080586
1274356752243404807,negative,0.06063439094735831
1274356755162697730,positive,0.7855084246947954
1274356756584382464,neutral,0.4592581206141447
1274356756748083200,neutral,0.4559071568330871
1274356871265226756,negative,1.9684284881358229e-10
1274356871768551424,negative,0.05592593259625326
1274356874763218947,negative,0.0002812825204751204
1274356875623047168,negative,0.13189018234236827
1274356875946078210,negative,0.00480857749261569
1274356876227084288,negative,0.003401178487566604
1274356876797509632,negative,0.003776884053550806
1274356876910694400,negative,3.804614814993582e-11
1274356877908983808,negative,4.547475594547499e-07
1274356883135086594,positive,0.9955987218591922
1274356885605552128,negative,0.3122400051479914
1274356886297591811,negative,0.002667049565336425
1274356888210112519,negative,0.2654417857709204
1274356888323403783,negative,0.0069806868056938726
1274356888516386816,negative,0.3250686830121327
1274356888608616448,neutral,0.38966083377267685
1274356888977760257,neutral,0.35451443008515343
1274356889376227329,negative,4.3240347811868774e-07
1274356889825017857,negative,1.8289156714103273e-05
1274356890236002305,negative,1.67006919227443e-06
1274356890315755520,negative,4.7455455021227564e-05
1274356891557277697,negative,0.0131816967753536
1274356892127592449,negative,0.12022585131852116
1274356892479950848,negative,0.08480579209796243
1274356893230592000,negative,0.08844672115267611
1274356894157737984,negative,0.02767837041596725
1274356894308749312,negative,0.29565949125626084
1274356895566966784,neutral,0.38966083377267685
1274356896036782081,negative,1.157691023603853e-05
1274356896091209728,negative,0.00012094452344836264
1274356896133234692,negative,9.187081227912038e-07
1274356896812740608,negative,0.15422415917992344
1274356897425039361,neutral,0.6020347380261928
1274356897613705216,negative,0.0006962860388162859
1274356898406584321,negative,0.22082230916661
1274356899438264320,negative,0.0024439220228687263
1274356899731955712,negative,3.6910309221456177e-06
1274356899790667777,negative,0.003548707156191062
1274356900998590464,negative,0.05738731705847255
1274356901778685954,negative,0.057404815897619185
1274356902206545921,negative,0.007819848754718528
1274356902743302144,negative,0.0009656033173435461
1274356904270213127,positive,0.763492726677842
1274356904404439040,neutral,0.5760518704885187
1274356904593154048,negative,0.3015560670262845
1274356905507352576,negative,0.020686029955435704
1274356906124087297,negative,2.5653769144670073e-05
1274356906358759424,negative,0.1308696209457991
1274356907021611009,negative,1.1071183644491722e-08
1274356907982061568,negative,0.009338846376051698
1274356908087001088,negative,0.018191370886849637
1274356908108009477,negative,0.00039017844007004467
1274356908300873728,negative,0.2799852519493358
1274356908720300032,negative,0.007819619942990469
1274356910112808961,negative,0.0018115413514386354
1274356910536503298,positive,0.7485719383036835
1274356911182417920,neutral,0.5616511143517063
1274356912667144193,negative,0.00010472126609286544
1274356913053057024,negative,0.02968202020378096
1274356914193756160,negative,0.025620310341115962
1274356914235867137,negative,9.169212552994908e-09
1274356915884232705,negative,8.768611723949809e-07
1274356916748267521,negative,0.05118602128311794
1274356917473882112,negative,0.00014459406381251767
1274356917775863808,negative,0.04786789976032005
1274356917935243264,negative,0.08169899454708295
1274356918140710913,negative,2.6483642060587684e-05
1274356918178451456,negative,0.005690075488789826
1274356918891544577,negative,2.482555568410624e-07
1274356922657976320,positive,0.7471625177578091
1274356922695725056,negative,1.1071183644491722e-08
1274356923350102016,negative,0.31105702646256256
1274356924700659712,negative,0.13156112089836966
1274356925245898757,negative,0.15769095107360068
1274356925640122368,negative,0.024992353492807196
1274356925652766720,negative,1.7575918338139266e-10
1274356926667685889,negative,0.0002069238426636904
1274356926822957056,negative,0.00014459406381251767
1274356927145926656,negative,0.17058049642094386
1274356927439527936,negative,1.1071183644491722e-08
1274356928446107648,negative,0.003548707156191062
1274356929620520961,negative,0.06063439094735831
1274356929826033665,negative,0.0008374140367096015
1274356931256254464,negative,0.00014459406381251767
1274356933181538305,negative,0.018191370886849637
1274356937619132419,negative,2.6483642060587684e-05
1274356937698807812,negative,0.0002931270132834623
1274356938298589185,negative,0.00018589767712705828
1274356939984691207,negative,0.13178064959354038
1274356940236296194,negative,0.0016806181428276926
1274356940349505536,negative,4.4668214264377304e-05
1274356941368803331,positive,0.9750911385579535
1274356941524021253,negative,0.003222832135696301
1274356943159623680,negative,0.005314238830480076
1274356943231074305,negative,5.25933231523432e-06
1274357069156626437,negative,0.00014459406381251767
1274357070007943169,negative,0.05118602128311794
1274357071077654532,negative,5.635784784228867e-06
1274357071224410112,negative,0.003401178487566604
1274357072621195264,negative,0.0010774206940814721
1274357073246109697,negative,5.327179745886169e-07
1274357074244362240,negative,0.0023763880365369615
1274357074470862849,negative,0.0038561944535995198
1274357075007676416,negative,0.18097169728096155
1274357075053809664,negative,0.003925931106085745
1274357076232491008,negative,7.567387440097673e-06
1274357076257579015,negative,1.1071183644491722e-08
1274357077100695555,negative,1.6706878244789246e-08
1274357077851414528,negative,9.320820517053506e-06
1274357078778359810,negative,3.8824247365992365e-07
1274357078862200832,negative,0.17336054353944524
1274357079533330439,negative,0.003127249533393712
1274357080489689088,negative,6.983207165457508e-07
1274357081706049537,negative,0.0024215959570797903
1274357081726947328,negative,0.2583726015104222
1274357083052412928,negative,1.9027470190114964e-05
1274357083119419393,negative,0.007537542262960305
1274357083568254978,negative,0.07891172318168219
1274357084130344962,neutral,0.5470802672007173
1274357084386189312,negative,0.0016476438276786885
1274357084734308353,negative,0.21287450197836733
1274357084847554560,negative,0.0008113402296972637
1274357085648515074,positive,0.7732503496909757
1274357085837328384,negative,0.0010005713650212866
1274357086978220037,negative,0.00014459406381251767
1274357087020204032,negative,1.157691023603853e-05
1274357087628378113,negative,0.006682663569699533
1274357087997513728,neutral,0.6020347380261928
1274357088026845184,negative,0.003548707156191062
1274357088031039491,negative,2.202543267567448e-07
1274357090505678850,negative,0.13848977096857196
1274357091235500034,negative,0.2654417857709204
1274357091373809671,negative,0.10833500509404884
1274357091415797761,negative,0.03113729157679135
1274357091872931840,negative,3.3168998232303694e-07
1274357092120432647,neutral,0.6558937865149956
1274357092644577280,negative,1.1071183644491722e-08
1274357093827575809,negative,0.22377495203665335
1274357094922190848,negative,0.07327654202549114
1274357095610097666,negative,0.0083478311297619
1274357096029585410,negative,0.05738731705847255
1274357096713195522,negative,0.030346777880785502
1274357097296060416,negative,0.00020605625379218958
1274357098831384578,negative,0.061373998146259816
1274357099032645632,negative,0.06787078163223642
1274357099124924420,negative,0.00042722113396740947
1274357099867377666,negative,0.00014459406381251767
1274357101570281476,negative,0.020202700166686422
1274357101914193920,negative,0.09988079043538062
1274357103591927808,negative,0.018191370886849637
1274357103629611009,negative,0.3274309262777879
1274357105055629313,neutral,0.5616511143517063
1274357105705836544,negative,0.0014586635585944754
1274357105751965696,negative,0.046808443989356005
1274357105869324288,positive,0.8167066301350949
1274357106158833664,negative,2.4728341947507054e-07
1274357106452377601,negative,2.3007218139274173e-14
1274357106632790017,negative,5.25933231523432e-06
1274357107186298881,negative,0.04298802301438498
1274357107488366593,negative,0.11199186793547575
1274357108310409218,negative,0.0003944017150311742
1274357108880953344,positive,0.793287083265308
1274357109325529088,negative,0.0021205043851629407
1274357109677842435,negative,0.00014459406381251767
1274357110051164160,negative,0.2577937031208708
1274357110793539586,negative,0.003401178487566604
1274357110822838272,neutral,0.41284655950888277
1274357111007465475,neutral,0.4571679970207375
1274357111661694978,negative,1.9684284881358229e-10
1274357113033195520,negative,0.06698020847862546
1274357113100414977,negative,0.00044801774765477017
1274357113150562308,negative,0.275958358184994
1274357113284952067,negative,0.0029266684204335845
1274357113817530368,neutral,0.5495922250151081
1274357114178338816,negative,2.1203520185700158e-06
1274357115629588481,negative,0.04806877435314412
1274357116590075905,negative,0.11199186793547575
1274357117873512449,negative,0.00014459406381251767
1274357117994983425,neutral,0.391602357718729
1274357118011879427,negative,1.1071183644491722e-08
1274357118586535936,negative,0.0198075051310044
1274357118959783939,negative,1.9867364559366166e-10
1274357120503291908,negative,0.03303376407787172
1274357122881511425,negative,0.005402909033626645
1274357123527380999,negative,0.13448937059327243
1274357125288951809,negative,0.00014459406381251767
1274357127147130883,neutral,0.583782245427145
1274357127365177346,negative,8.443564912871401e-05
1274357128845758468,negative,0.0002069238426636904
1274357129323962369,negative,0.2617529036331704
1274357129399369735,negative,0.018191370886849637
1274357130053763072,negative,0.05592593259625326
1274357130112483328,positive,0.9402885892447181
1274357130418667525,negative,0.09002455920469843
1274357130745778178,positive,0.7486319014083611
1274357131144245249,negative,4.363257631511972e-05
1274357131202801664,negative,0.0007931005643519122
1274357131941208064,negative,0.13172800381638772
1274357131945394182,negative,0.014058005705670017
1274357132905844738,negative,0.2557335261696468
1274357133287600129,negative,0.11941814385678137
1274357133794873345,negative,0.02903683833351856
1274357134101286914,negative,0.00014459406381251767
1274357135183425537,negative,0.00012725034647476801
1274357241949433867,negative,0.0014785701691953455
1274357242104614913,negative,0.00014459406381251767
1274357243228585990,negative,0.013368136118261957
1274357243241267200,negative,0.00010472126609286544
1274357247280394242,negative,0.0022420847618052605
1274357247301337090,negative,0.0010858055189633025
1274357247573884933,negative,0.0001908754459887594
1274357247653613568,negative,0.18009643922747415
1274357249100722176,negative,0.0436156495744784
1274357250241572864,positive,0.6801900061851245
1274357250296107012,negative,0.005551157337029132
1274357250619052033,negative,8.469409462551468e-05
1274357251491409927,negative,0.02738764886718594
1274357254662348800,negative,1.9027470190114964e-05
1274357255551561735,negative,0.002410378275518451
1274357256562196481,negative,5.25933231523432e-06
1274357256801390599,negative,8.706496523464614e-05
1274357257438986240,negative,0.0344573446494222
1274357257476677633,negative,7.098763573280413e-07
1274357257925525505,negative,0.05592593259625326
1274357258197991427,negative,0.056094838341412115
1274357261125718017,negative,2.6483642060587684e-05
1274357261473898498,negative,5.585020912124344e-06
1274357263885578240,negative,0.07106741719126254
1274357264833548290,negative,0.04806877435314412
1274357264896360448,negative,0.03113729157679135
1274357265160720385,negative,0.09132580270280348
1274357265491951616,negative,0.00014459406381251767
1274357266708299777,neutral,0.5630410866502906
1274357267102662658,negative,0.025620310341115962
1274357267731828736,negative,0.04168196763855802
1274357268134445063,negative,0.005762124155528005
1274357269107552259,negative,1.9684284881358229e-10
1274357269241761798,negative,0.014058005705670017
1274357270080610304,negative,0.00031826031864572814
1274357271171084288,negative,0.018191370886849637
1274357271317880833,negative,0.00036384615506492317
1274357272005787649,negative,0.05592593259625326
1274357273515765761,negative,4.021470398601829e-11
1274357274346217472,negative,0.22383214724571712
1274357275583528961,negative,0.07327654202549114
1274357276678197250,negative,0.004772933655167433
1274357277047357441,negative,0.0012043621662504093
1274357277743554560,negative,0.00048566078584627977
1274357277756178435,negative,0.07281469339569618
1274357278007635969,negative,7.847892423692891e-05
1274357278137778178,negative,2.2378059079825107e-06
1274357278611771392,positive,0.8441950941883447
1274357280868306944,negative,0.024992353492807196
1274357281866625024,negative,0.021064640045340033
1274357282269257729,negative,1.9684284881358229e-10
1274357283208736769,negative,0.1328524067951867
1274357284269940743,negative,0.13172800381638772
1274357285683265536,negative,0.07327654202549114
1274357285700071424,negative,0.0020303224103744785
1274357285796659203,neutral,0.3499352441185855
1274357288137117697,negative,1.5392331286184835e-06
1274357288640397314,negative,0.018191370886849637
1274357288791429122,negative,8.131997553542855e-05
1274357289047273474,negative,0.019892980602169014
1274357290037063682,negative,0.00261037623118337
1274357291039547392,negative,0.018220451514098804
1274357291303809024,negative,8.443564912871401e-05
1274357291907604480,negative,0.2617529036331704
1274357292171960321,negative,0.005402909033626645
1274357292360781824,negative,0.06944645934082873
1274357292557893632,negative,0.07509577442231544
1274357293191225349,negative,0.007461658516267701
1274357293296074753,negative,1.1071183644491722e-08
1274357293375725569,negative,0.008617649646159286
1274357293916749825,negative,0.18097169728096155
1274357293992329217,negative,0.07156391306252712
1274357294101397504,negative,0.005208067668512745
1274357296349483009,neutral,0.5616511143517063
1274357296433422341,negative,0.008118229710519098
1274357296525725698,negative,1.1071183644491722e-08
1274357296844414976,negative,2.475056581519956e-07
1274357297708498944,negative,0.007244388835445047
1274357298526371840,negative,0.004334796306079529
1274357298664800257,negative,0.03397246138056221
1274357299033903105,negative,0.00014459406381251767
1274357299675574272,negative,0.004008148688116583
1274357299826487297,negative,0.0991896082770468
1274357299998609408,positive,0.9846036802944709
1274357301005123585,negative,0.05592593259625326
1274357302028570624,negative,0.02460594107704766
1274357304499081218,negative,0.05592593259625326
1274357304863981579,negative,0.09871806181205033
1274357307279843328,negative,0.00010472126609286544
1274357307376308225,negative,0.07852245778028731
1274357309490282507,negative,0.15987313744692946
1274357310144405504,negative,0.003401178487566604
1274357310694002688,negative,0.1396855441548666
1274357311365173250,negative,0.2658945264006065
1274357312744980480,negative,0.03113729157679135
1274357313218973697,negative,2.8396746089864457e-05
1274357313302863873,negative,0.04840207919456266
1274357313512579074,negative,0.0007205096244652608
1274357313932005377,positive,0.897740620973573
1274357317325271045,negative,0.00014459406381251767
1274357317773950976,negative,0.0024430788205848006
1274357320345178113,neutral,0.39283147900650583
1274357321016147969,negative,0.000694020207778478
1274357321217515521,positive,0.7946747440458964
1274357321444007937,neutral,0.5041253951333488
1274357321527889920,negative,0.00036384615506492317
1274357427450843136,negative,0.020234158379767775
1274357429782941697,negative,0.18097169728096155
1274357429833170944,negative,0.019332733054495625
1274357430311366661,negative,0.11199186793547575
1274357431561224193,negative,0.1736146149593037
1274357432764989440,negative,0.0007107042067524683
1274357433218093057,negative,0.004108931954808663
1274357433268416512,negative,0.0024708133006010875
1274357433356431362,negative,0.004965458727332962
1274357435080335362,negative,0.05738731705847255
1274357436607012864,negative,0.06919360840379962
1274357437290516482,negative,0.001849507556040694
1274357437370380291,negative,0.11289070641153777
1274357438209286145,negative,9.217884204635191e-14
1274357440113446913,positive,0.9864228252977971
1274357441589805066,negative,0.021110831624040434
1274357441627664385,negative,1.9027470190114964e-05
1274357442441351168,negative,0.01198202266756965
1274357442856529920,negative,0.00014459406381251767
1274357444005765124,positive,0.85415637653457
1274357444534087680,positive,0.8935583928462371
1274357446279139329,negative,0.048968788684718635
1274357446664949761,negative,0.0310566304318888
1274357447436558336,negative,5.25933231523432e-06
1274357447587553280,negative,0.02738764886718594
1274357448049033221,negative,0.08169899454708295
1274357448405647365,positive,0.8219229550831905
1274357448460165123,negative,0.2184320171686941
1274357453585633280,negative,2.1111432807319157e-05
1274357454147424257,negative,0.00015780592899662289
1274357454936182785,negative,0.0008113402296972637
1274357456328708099,neutral,0.5495922250151081
1274357457301549056,negative,0.0003928727006247306
1274357457305980928,negative,0.00011835175499575121
1274357457675005954,negative,8.443564912871401e-05
1274357457779818496,positive,0.897740620973573
1274357457960271877,negative,1.0783687333846314e-06
1274357459071754242,neutral,0.45137666007421
1274357459570884609,negative,0.18097169728096155
1274357461063995392,negative,0.00031345366292404486
1274357463723147264,negative,0.0021625795954240763
1274357463932899328,negative,2.730590974701951e-05
1274357464201342977,negative,2.6483642060587684e-05
1274357464419504129,negative,0.00014459406381251767
1274357464503377922,negative,0.0256531811557521
1274357466755739649,negative,0.00014459406381251767
1274357466768293891,negative,0.024934362757935043
1274357466881560577,negative,0.1350436872981014
1274357467091173376,negative,4.828681759214782e-05
1274357468622204928,negative,0.061373998146259816
1274357468676665344,negative,0.004989714265797367
1274357468945145856,negative,0.22082230916661
1274357469033054210,negative,0.29676789564387285
1274357469121261571,negative,0.0011762220781259514
1274357472703197186,negative,0.17423003943457496
1274357472891977728,negative,0.2974408321805799
1274357475244797957,negative,5.25933231523432e-06
1274357475450511362,neutral,0.41086073247608174
1274357475798659075,negative,1.5392331286184835e-06
1274357475924480000,negative,0.05250382181698612
1274357476054511617,neutral,0.3337878492202135
1274357476784250880,negative,0.016699969447194558
1274357477488955393,negative,0.0020303224103744785
1274357477895811073,negative,0.003294722900431676
1274357478378127362,negative,0.009058166213014682
1274357478570983425,neutral,0.40220213954178263
1274357479099568130,negative,0.00014459406381251767
1274357479145705472,negative,0.0771847225977192
1274357479594475521,negative,1.510588451660319e-11
1274357481297383428,negative,0.003548707156191062
1274357482006163464,negative,0.06698020847862546
1274357482845089792,negative,1.9684284881358229e-10
1274357483155357698,negative,4.340117254129531e-06
1274357483335831552,negative,7.378820800345565e-05
1274357483994300418,positive,0.6877670096420461
1274357484019474432,positive,0.8219229550831905
1274357484308828160,negative,0.29676789564387285
1274357485357404160,neutral,0.46127768308170247
1274357485533609990,negative,0.028040805411430187
1274357486166867969,negative,0.04168196763855802
1274357486858928128,negative,0.17349920609021813
1274357487035170816,negative,7.676357225468675e-10
1274357488540880897,negative,1.1415828081567946e-05
1274357489295917060,negative,4.362485615799006e-05
1274357491007094786,negative,0.00014459406381251767
1274357492047282182,negative,8.768611723949809e-07
1274357493695746048,negative,0.00480857749261569
1274357493880291329,neutral,0.5212084554669985
1274357494094139394,negative,0.012875640830280458
1274357495092436992,negative,0.00014459406381251767
1274357497307021313,neutral,0.3499352441185855
1274357497869021187,negative,0.009932906980315596
1274357498095505410,negative,5.35903575365321e-11
1274357498196176897,negative,0.05603558800133637
1274357500549058561,negative,0.275958358184994
1274357501530705925,negative,5.307425480798328e-15
1274357502793191425,neutral,0.4899951777522356
1274357502893752320,neutral,0.5616511143517063
1274357504298889222,neutral,0.5212084554669985
1274360084148125698,negative,0.12720409749564066
1274360084265496583,neutral,0.46127768308170247
1274360086207528960,negative,0.005402909033626645
1274360086903820290,neutral,0.4507454498615163
1274360087117774849,negative,0.004469548304968943
1274360087180709890,negative,4.547475594547499e-07
1274360087679832064,negative,0.041417026517489304
1274360087952441344,positive,0.8167066301350949
1274360088799698944,negative,0.05592593259625326
1274360089210650630,negative,9.901944537474272e-09
1274360089617543169,negative,0.17453894250224283
1274360089978081281,neutral,0.5495922250151081
1274360090636713986,negative,1.000935825355393e-08
1274360090779250688,negative,0.0006382595039217402
1274360091328872450,negative,0.022884801108606072
1274360092675182594,negative,0.013868832986484754
1274360093052559360,negative,0.32035955753033213
1274360093212053504,negative,1.649001354375048e-05
1274360094222880769,negative,0.2617529036331704
1274360094822629376,negative,2.3938042198328274e-06
1274360095158255617,neutral,0.4399177414229078
1274360096634650624,positive,0.892092446035804
1274360097993445377,neutral,0.36742492523419246
1274360098694017026,negative,0.07575556975969099
1274360099641995265,negative,3.6560973240501597e-06
1274360099935526913,neutral,0.38966083377267685
1274360100124340224,positive,0.705521598317249
1274360100698968066,negative,0.18097169728096155
1274360101047074816,negative,0.00014459406381251767
1274360101680357381,negative,1.1071183644491722e-08
1274360102686986240,negative,0.18097169728096155
1274360102884081664,negative,4.547475594547499e-07
1274360103693680641,negative,3.38794706851042e-05
1274360103878176768,negative,5.25933231523432e-06
1274360104222183426,positive,0.897740620973573
1274360104314449921,negative,0.22122416942500223
1274360104478015490,positive,0.9955987218591922
1274360104842858496,negative,4.547475594547499e-07
1274360105262170116,negative,0.10726179850086301
1274360105354461184,negative,0.12050095483625198
1274360105358655489,negative,0.01140499016514235
1274360105362878465,negative,0.0056799413149995455
1274360105379729409,negative,0.00048402721761373074
1274360105413365762,negative,0.03696617747287208
1274360105429954560,neutral,0.4181078500728388
1274360105438375936,negative,0.003435756770741741
1274360105446846464,negative,0.003539259768700493
1274360105451106304,negative,3.4188168363590605e-05
1274360105673216000,neutral,0.48066016467394185
1274360106021502977,positive,0.9777927507592028
1274360106218643459,negative,0.09988079043538062
1274360107447586818,negative,0.15009130902956086
1274360107929927685,negative,0.20597541494605281
1274360108781314048,positive,0.8807136691103005
1274360108911407105,negative,1.0580406530865114e-05
1274360109335031810,neutral,0.5495922250151081
1274360109859319808,negative,0.22842465546134538
1274360110345830402,negative,0.00027074620340590284
1274360110442336256,negative,1.1071183644491722e-08
1274360111004372993,negative,2.723694171713285e-09
1274360111637524481,negative,0.13178064959354038
1274360111771734018,negative,0.07327654202549114
1274360112233304064,negative,0.03113729157679135
1274360113357258753,negative,0.029078015951242323
1274360114019958785,negative,0.00482313239695648
1274360114615590916,neutral,0.5467018084453114
1274360114619744259,negative,0.028519493312871767
1274360114917584896,negative,0.0026586430061777623
1274360115836026882,negative,0.011448849023057617
1274360116825989123,negative,0.05868960347054913
1274360117262036992,negative,0.043181144552809414
1274360117631336448,positive,0.7842586057601225
1274360117815848961,negative,2.6797714425769e-05
1274360117849395201,negative,4.710374335616883e-08
1274360118419718144,negative,0.023732173558476437
1274360118692495360,negative,0.0016067302565669378
1274360119401144320,neutral,0.5495922250151081
1274360120391217152,negative,0.00010472126609286544
1274360121574002689,negative,0.00036384615506492317
1274360121653628928,negative,0.03639394540619008
1274360122379169793,negative,0.2186931155779524
1274360122404265984,neutral,0.5495922250151081
1274360122832273409,negative,0.00040690335587448436
1274360122857467904,negative,2.6505765877723547e-06
1274360123323027456,negative,8.443564912871401e-05
1274360124514189312,negative,0.05235741503585981
1274360125273374721,negative,0.06387919917227507
1274360126015766529,negative,0.014133905232716477
1274360126082777089,negative,0.05592593259625326
1274360126334357504,negative,0.016263958978279505
1274360126548434945,negative,0.008108181489369544
1274360129325019136,neutral,0.4976520693942797
1274360131250196483,negative,0.00014459406381251767
1274360131413618688,negative,1.1071183644491722e-08
1274360131585814529,negative,0.004096424572099185
1274360132609204224,negative,0.08468791656729588
1274360132701499392,positive,0.897740620973573
1274360133372518401,negative,0.1608681682475487
1274360135188504577,negative,0.275958358184994
1274360135738167297,positive,0.7687932866221504
1274360136216334338,negative,0.017078848107424726
1274360136811888640,neutral,0.5760518704885187
1274360137361305603,negative,0.17058049642094386
1274360137449459712,negative,0.013876134307296083
1274360137654943747,negative,0.02503227461622524
1274360137793273857,negative,0.025402056926483955
1274360138175045636,negative,0.00023016312841716273
1274360138917457921,negative,0.0021625795954240763
1274360139424948224,negative,0.04944901635192706
1274360140515422211,negative,0.29502449652156665
1274360142230847491,negative,0.13331246529389748
1274360144143532032,negative,0.26691563900368653
1274360146051739650,negative,0.13172800381638772
1274360253505777664,negative,2.9307275638632274e-08
1274360253765861378,negative,0.03137536239234543
1274360253824598016,negative,0.15733959598742803
1274360253954613248,negative,0.028040805411430187
1274360255116447745,negative,0.003420226946203081
1274360256584441858,negative,0.00039579019714313605
1274360256974503938,negative,0.06260745681415979
1274360257003864068,neutral,0.4181078500728388
1274360257083408384,negative,4.5020263475358155e-06
1274360258132148225,negative,0.0021625795954240763
1274360258316640265,negative,1.1063130400649612e-07
1274360258769629187,negative,0.2770500463976677
1274360258916429825,negative,0.12871489133867653
1274360260170522625,negative,0.13172800381638772
1274360260569059329,negative,0.00030373989889860776
1274360263857319938,negative,0.0021625795954240763
1274360265019179010,negative,0.08169899454708295
1274360265195257858,negative,0.09712453899366252
1274360265295958016,negative,2.6402203375245913e-10
1274360266109657088,positive,0.7089413498230189
1274360266159992838,negative,0.0008115220845677959
1274360267070111746,negative,0.17453894250224283
1274360267506401280,neutral,0.47201484687309603
1274360267804217344,negative,0.009244272651927824
1274360269343346688,negative,2.3074830127957368e-05
1274360272040480770,negative,0.00014459406381251767
1274360272149516288,negative,0.0021625795954240763
1274360272170487811,negative,0.00014459406381251767
1274360273575518208,negative,0.00445905839286142
1274360273688645635,negative,0.012464186109714575
1274360274267574272,negative,0.0069612553544789605
1274360274649309185,negative,0.29676789564387285
1274360274779340803,neutral,0.48548999207036736
1274360277228716039,negative,0.018220451514098804
1274360279028117509,negative,1.1415828081567946e-05
1274360279736791040,negative,1.1071183644491722e-08
1274360279908978688,positive,0.7627843246566761
1274360279963328514,negative,0.0008113402296972637
1274360282165501952,negative,8.887016639603216e-05
1274360282878545922,negative,0.0009612775668392104
1274360283125907456,negative,0.014133905232716477
1274360283998359555,negative,0.034221056296632066
1274360284250071044,positive,0.804033612302385
1274360284669448192,negative,3.38794706851042e-05
1274360285571268609,negative,0.11387601639497812
1274360285873176577,neutral,0.5467018084453114
1274360286296801280,negative,0.13147048780602108
1274360286414360576,positive,0.8450162551906997
1274360286426861570,negative,0.1479964024895597
1274360286426927106,negative,2.6797714425769e-05
1274360286682787841,negative,0.0007671441436433802
1274360286791770112,negative,0.14531415734152242
1274360287186096130,negative,0.0007321342685305799
1274360287374839809,negative,0.00014459406381251767
1274360288092008449,negative,0.14079268923003438
1274360289694224386,negative,0.00014459406381251767
1274360290503798785,negative,1.1071183644491722e-08
1274360290906341376,positive,0.8001684007195702
1274360291309035521,negative,0.01865311394732986
1274360291464282112,neutral,0.5430357635287411
1274360292705779712,negative,0.13172800381638772
1274360294530260994,negative,0.10507689887971126
1274360294832136192,negative,1.208227452780407e-10
1274360295637606401,negative,0.0929264367333377
1274360297160048640,negative,4.650858951700623e-08
1274360298439413760,positive,0.897740620973573
1274360299156574208,negative,0.025620310341115962
1274360299609640967,negative,0.2617748389724454
1274360302184935425,negative,5.25933231523432e-06
1274360302209908736,negative,0.1801461484119052
1274360302713348097,negative,0.24140664584389215
1274360303652831235,negative,0.0700097098508585
1274360304542142465,negative,0.00014459406381251767
1274360304554708994,negative,0.2650546152584906
1274360304781201410,negative,0.00014459406381251767
1274360305284534272,negative,0.00014459406381251767
1274360305519296513,negative,0.11999869712551292
1274360305615847424,positive,0.7648442749208841
1274360305733099522,negative,0.015859269476485673
1274360305833869312,negative,1.1916017929444747e-11
1274360306010071040,negative,0.00014459406381251767
1274360307658428417,negative,0.2617748389724454
1274360309218553856,negative,0.10332728199401198
1274360310128934918,negative,0.2617529036331704
1274360310221193223,negative,0.07604394451796871
1274360310762278915,positive,0.7627843246566761
1274360311928295424,negative,1.2827807273645767e-07
1274360312439980035,positive,0.990955449951103
1274360312989396992,negative,9.665091353466496e-08
1274360313610149888,negative,0.00014459406381251767
1274360314289623041,negative,0.00036384615506492317
1274360314897797120,negative,0.013155108968159484
1274360315195428864,negative,2.001660322761794e-05
1274360315195637763,negative,0.003222832135696301
1274360315854172160,neutral,0.5467018084453114
1274360316068007936,negative,0.037354780047362826
1274360316789501953,negative,6.857090702507501e-07
1274360317921935360,negative,0.0010934692370175114
1274360318026752001,negative,0.13790906241702833
1274360318622384129,negative,0.30661194807306463
1274360318811148288,negative,0.03494572754283978
1274360320165806082,negative,1.6204453899830874e-06
1274360320178262018,negative,0.0011038308669171968
1274360320472100864,negative,0.13227734086148046
1274360321289879552,negative,0.018220451514098804
1274360321369616385,negative,0.05760449214329574
1274360321533247489,positive,0.705521598317249
1274360322963451905,negative,0.0024708133006010875
1274360323810775040,negative,0.03437937297673149
1274360323953344512,negative,0.1521613416138048
1274360324460810241,neutral,0.38966083377267685
1274360325660237824,negative,0.05713515763309891
1274360326516092928,negative,0.18097169728096155
1274360327682117632,negative,0.003222832135696301
1274360328248332288,negative,0.0131758825138404
1274360328558710784,negative,1.9027470190114964e-05
1274360328994750464,negative,0.00013944482296763253
1274360329787432960,negative,0.0009177032978133025
1274360330211205121,negative,9.288920667676212e-06
1274360509782011904,negative,0.02767837041596725
1274360510125924353,negative,4.209713878077662e-06
1274360510910251013,negative,0.04158939044974295
1274360511707176960,negative,0.14438787055466917
1274360513758191616,negative,1.9027470190114964e-05
1274360514324434944,negative,0.009355143965602277
1274360514953478144,negative,8.443564912871401e-05
1274360516157243397,negative,0.22377495203665335
1274360516333486081,negative,0.00014459406381251767
1274360517767938054,negative,0.0021625795954240763
1274360517877006336,negative,4.337251283149143e-12
1274360519592419328,positive,0.998170342136545
1274360519886098433,negative,8.72965302300608e-05
1274360521353883651,negative,0.0001825790795152943
1274360521953869826,negative,0.022030875783705134
1274360522251485184,positive,0.7529507011941703
1274360522754994178,negative,0.18097169728096155
1274360523384147968,neutral,0.583782245427145
1274360523665158151,negative,0.00043038054342103805
1274360524109725696,negative,0.15546922303636612
1274360524516601861,negative,0.2184320171686941
1274360527498686469,negative,0.05464138359512389
1274360527922364417,negative,0.018261160296510197
1274360527947362305,negative,0.0699170665566325
1274360528006262785,negative,0.07852245778028731
1274360529197445121,neutral,0.5467018084453114
1274360529264480258,neutral,0.6020347380261928
1274360529969205249,negative,0.007537542262960305
1274360530346614786,negative,8.443564912871401e-05
1274360530417979394,negative,0.08780028014807154
1274360530581544960,negative,7.926529231861618e-05
1274360531286097920,negative,0.00013456193197942186
1274360532460613633,negative,0.0016910861068194733
1274360533471420416,negative,0.04784653066245429
1274360533605593088,negative,0.003222832135696301
1274360533890859009,neutral,0.37426873505003133
1274360535073595392,negative,0.012906796717612154
1274360535853588480,neutral,0.5787307160361898
1274360536327761920,negative,0.003925931106085745
1274360537367941121,neutral,0.3573612127774195
1274360537715965952,negative,0.2209358179872127
1274360540828250115,negative,0.018220451514098804
1274360541067251713,negative,0.00052173491272519
1274360541897768967,negative,0.019332733054495625
1274360542019321860,negative,0.22082230916661
1274360542652698624,neutral,0.3320200781536141
1274360545177714689,negative,8.443564912871401e-05
1274360547643801603,negative,1.1071183644491722e-08
1274360547748786179,negative,0.0016902678605270958
1274360548319277057,neutral,0.44989374148369404
1274360548319277058,neutral,0.5381380119166523
1274360549413916672,negative,0.07812792016800317
1274360550668066819,negative,0.020384887355742974
1274360550986833920,negative,0.1408960529933
1274360553117552642,positive,0.897740620973573
1274360555806117889,negative,0.09101591916848852
1274360556657483781,negative,2.5077580897122123e-05
1274360558305677314,neutral,0.5495922250151081
1274360558486159362,negative,0.22082230916661
1274360560310616065,negative,1.708925547857987e-05
1274360560361132033,negative,0.0016044394289395124
1274360563016044544,negative,0.00018441777867267092
1274360564219871232,negative,2.8924912288132768e-06
1274360564253409281,negative,4.518217420328413e-08
1274360565918507014,negative,3.7298456052891226e-05
1274360566799351811,negative,1.1071183644491722e-08
1274360566996484099,neutral,0.41086073247608174
1274360567390785539,neutral,0.38966083377267685
1274360568082837504,negative,0.020384887355742974
1274360568225415168,negative,0.016821485277076456
1274360568414076928,negative,0.18097169728096155
1274360568992927745,neutral,0.38966083377267685
1274360569508827137,neutral,0.48229247442181244
1274360570742034434,negative,0.00014459406381251767
1274360570851057671,negative,0.0021625795954240763
1274360571098533889,negative,0.000692491737398141
1274360571534520320,negative,5.094166772461122e-06
1274360571899424771,negative,0.04667123896170391
1274360575372472320,negative,0.00014459406381251767
1274360575385051138,negative,0.034678850166917005
1274360575464783876,neutral,0.5957399490333923
1274360576005857280,negative,0.009338846376051698
1274360576635011078,negative,0.006842655702366206
1274360579751383040,negative,0.11199186793547575
1274360582968393731,negative,3.38794706851042e-05
1274360583048044545,negative,0.003401178487566604
1274360584197169153,negative,5.25933231523432e-06
1274360585572974593,negative,1.940610923831635e-06
1274360585627545601,negative,0.008999502461582466
1274360699783913474,negative,0.013155108968159484
1274360700501139458,negative,0.0008006732688204739
1274360700954181633,neutral,0.38227762192080983
1274360701642047490,negative,0.07509577442231544
1274360701792944128,negative,0.03113729157679135
1274360702011084800,neutral,0.52718033668276
1274360702866788357,positive,0.8386173698476316
1274360703315374080,negative,0.008145480032950155
1274360703315578882,negative,0.024934362757935043
1274360703382630401,negative,0.1237213486482113
1274360703751729155,neutral,0.38227762192080983
1274360704259297280,negative,0.0028480157765644228
1274360706813607936,negative,0.07509577442231544
1274360707660705792,negative,8.72965302300608e-05
1274360709653188610,negative,0.06919360840379962
1274360709745307649,negative,0.01590306801705215
1274360710059999237,negative,0.02767837041596725
1274360710190022658,negative,0.05839510813617035
1274360710739476482,negative,0.00014459406381251767
1274360711729352704,negative,0.00014459406381251767
1274360712610099201,neutral,0.42507619662732005
1274360714363355141,negative,0.015608883452828327
1274360715562926081,negative,0.013007051531260505
1274360715713941504,negative,1.1071183644491722e-08
1274360715755864067,negative,0.0009022076259654234
1274360715936227328,negative,0.0021625795954240763
1274360716162732032,negative,0.003401178487566604
1274360716255002624,negative,0.09002455920469843
1274360717282607107,negative,0.046865515412291905
1274360718461190145,negative,2.6483642060587684e-05
1274360719425798147,negative,0.00012653528323396023
1274360721363656706,negative,6.731971880386838e-06
1274360721522847744,negative,0.0021625795954240763
1274360722424770561,negative,1.1071183644491722e-08
1274360722559025153,positive,0.9943255796476126
1274360723213365249,negative,0.00014459406381251767
1274360723653746688,negative,0.02212161853765788
1274360724828151817,negative,3.4348533852879076e-05
1274360725167693824,negative,0.004808337917670419
1274360727550083072,negative,0.03261099043743108
1274360728007426050,negative,5.094166772461122e-06
1274360728418385920,negative,0.0013608393801141409
1274360728426708992,negative,0.011448849023057617
1274360729462878210,negative,1.347806542323342e-06
1274360730024914945,negative,0.003401178487566604
1274360730096152577,negative,3.822984311006145e-08
1274360730838609921,negative,0.00016152586642983845
1274360731610353665,positive,0.7627843246566761
1274360733808177153,negative,1.1071183644491722e-08
1274360734684778506,negative,3.6560973240501597e-06
1274360735615901696,negative,2.6483642060587684e-05
1274360738212184066,negative,0.06109943591608641
1274360739151691778,negative,0.2799852519493358
1274360740120596480,negative,0.015358793621732484
1274360740149956609,negative,0.018220451514098804
1274360740309336065,negative,0.24041041695884746
1274360740695212032,negative,3.3317072626017555e-15
1274360741005590528,negative,0.07608974831240695
1274360741534015489,negative,0.05592593259625326
1274360741852778497,negative,0.0018986531953864693
1274360741903073282,positive,0.9677564196682942
1274360742398042113,negative,8.72965302300608e-05
1274360743605997573,negative,1.961339124806578e-07
1274360744558170112,neutral,0.44163417844180597
1274360745673789441,negative,0.30661194807306463
1274360747607445504,negative,0.0005214372516612743
1274360748337053696,negative,0.011065572470611788
1274360748651819009,negative,0.005402909033626645
1274360748702121985,neutral,0.5467018084453114
1274360749683548160,neutral,0.38966083377267685
1274360749784289283,neutral,0.6088250694262989
1274360749964460036,negative,5.25933231523432e-06
1274360750052524032,negative,0.0001021192037578933
1274360750144991232,negative,0.1395224249940366
1274360751617163265,neutral,0.34885928748701395
1274360751638134784,positive,0.9188381546896268
1274360752292454400,negative,3.8810157596560564e-14
1274360752409845760,negative,0.11142207120075065
1274360753655410688,negative,0.29565949125626084
1274360754418921472,neutral,0.6020347380261928
1274360754616090624,positive,0.8386173698476316
1274360755165581312,negative,0.18097169728096155
1274360756348366848,negative,8.576426091596877e-08
1274360757434699777,negative,0.003548707156191062
1274360759183708161,negative,1.9027470190114964e-05
1274360759376588800,negative,0.016629048153397934
1274360761083715584,negative,0.013386376977790214
1274360761477931010,negative,8.308066617024877e-06
1274360762698469381,negative,0.00031034318443915273
1274360767526039559,negative,0.03386744231249433
1274360767962181638,negative,0.15735347160600188
1274360768155262977,negative,0.1419265381406
1274360768352399360,negative,0.09794803654291011
1274360768616693762,negative,0.25318237069832455
1274360769350516736,negative,0.03484954946447362
1274360770009149440,negative,0.10931756915346409
1274360771728871426,negative,0.1479964024895597
1274360772060237824,negative,0.30569256736359185
1274360772588691456,positive,0.897740620973573
1274360773855326208,negative,0.11831716312663187
1274360774094401537,negative,0.3034924334421067
1274360774165540864,negative,0.0004967749784941818
1274360774346051586,negative,0.0007699370890113074
1274360774509633538,negative,0.003548707156191062
1274360774807478272,neutral,0.5598062641785088
1274360775302316033,negative,0.003401178487566604
1274360775474384896,negative,0.17085650338555278
1274360775528808448,negative,0.05760449214329574
1274360883553198081,neutral,0.47201484687309603
1274360883679035392,positive,0.763492726677842
1274360883997745153,positive,0.7702128722625021
1274360884178141186,negative,0.12069385168485172
1274360884245250048,negative,4.409683412435902e-12
1274360885071364102,negative,0.016338783151912045
1274360885646147585,negative,0.13172800381638772
1274360886996676608,negative,0.0021625795954240763
1274360887202263044,neutral,0.48082731038055687
1274360887223169030,negative,0.32886548260954357
1274360888053686273,negative,3.7986489746946426e-05
1274360888573771778,negative,0.0001994320642280831
1274360888884068352,neutral,0.6150773711842229
1274360889383088128,negative,1.1071183644491722e-08
1274360890217787397,negative,0.013155108968159484
1274360890872258563,negative,0.12763341166122052
1274360891543191552,negative,0.1419265381406
1274360891887308802,negative,0.006992978155911319
1274360893556633600,negative,0.11072482760202489
1274360893611147264,negative,0.00014459406381251767
1274360893896159232,neutral,0.5495922250151081
1274360895293067265,negative,0.02767837041596725
1274360896303833090,negative,0.0006579996161447596
1274360896840585216,negative,0.020575742157051907
1274360898602360841,negative,0.13331246529389748
1274360898979876866,negative,2.627407880686056e-09
1274360899172806656,negative,0.05235741503585981
1274360900728819715,negative,0.02767837041596725
1274360903048269825,negative,9.81057100765478e-05
1274360903316602880,negative,0.00014459406381251767
1274360903358492672,negative,3.3205717986134756e-10
1274360904797184000,negative,0.009037158368103251
1274360904914591744,negative,0.07257950729129686
1274360907326513155,negative,0.010407741630801999
1274360908303798274,negative,0.00047922606060738534
1274360910283509765,negative,0.00018156573384503412
1274360911294316549,negative,7.83938111284693e-18
1274360911873085441,negative,0.08599323709562488
1274360912225460224,negative,2.7721989329206683e-07
1274360915060756481,negative,0.020202700166686422
1274360915312488449,negative,4.639189054380901e-07
1274360915325050881,negative,0.05738731705847255
1274360916302274562,negative,0.12871489133867653
1274360918231711745,negative,1.1071183644491722e-08
1274360918944747522,negative,8.72965302300608e-05
1274360919091527682,positive,0.897740620973573
1274360920500834304,negative,3.844232900551108e-05
1274360920693706753,negative,0.016699969447194558
1274360920945209344,negative,0.020384887355742974
1274360921561931778,negative,0.020384887355742974
1274360921578708992,positive,0.897740620973573
1274360921914302467,negative,3.75496831703379e-05
1274360922597756929,negative,4.527382835627046e-05
1274360924154007557,negative,1.1673859404774689e-09
1274360924321853444,negative,0.025565928961157922
1274360924544131084,negative,0.21663218523124433
1274360925949214721,negative,0.0002997102233945842
1274360927148802051,negative,1.2977399864379089e-05
1274360927203348483,negative,1.8473593852545193e-06
1274360927895289856,negative,0.023363227279999527
1274360928344199168,positive,0.9980961128149105
1274360928704909314,negative,1.1071183644491722e-08
1274360929522614274,negative,0.01161136245599446
1274360930688798720,negative,0.03762051469026134
1274360931573796864,negative,1.9027470190114964e-05
1274360931963867137,negative,0.035759004989061045
1274360932588716033,negative,0.00014459406381251767
1274360934241370115,negative,4.409683412435902e-12
1274360934501318662,negative,0.000102120942159438
1274360935323484161,negative,0.02767837041596725
1274360935600336896,negative,0.06229691111908483
1274360935633817601,negative,0.004993616835052485
1274360935910723589,neutral,0.46313866204890203
1274360936623747073,negative,0.3147888476290245
1274360936858554369,negative,0.0010079993130575596
1274360937227698177,negative,0.0009330128416356958
1274360937382842368,negative,8.72965302300608e-05
1274360938783748098,negative,0.00014459406381251767
1274360939337433091,negative,0.0008006732688204739
1274360940348289025,negative,0.02767837041596725
1274360941136826369,neutral,0.37426873505003133
1274360941740789760,negative,8.72965302300608e-05
1274360941782667264,negative,1.1071183644491722e-08
1274360943502336000,negative,0.275958358184994
1274360943712129027,negative,0.016699969447194558
1274360943862898688,negative,7.847892423692891e-05
1274360944345440256,negative,5.25933231523432e-06
1274360944710336513,negative,1.6855848451135038e-07
1274360945041649665,negative,0.11142207120075065
1274360945427591169,negative,0.005402909033626645
1274360946018914304,negative,0.08381151377564618
1274360946362908673,negative,0.00014459406381251767
1274360946530672641,negative,0.003222832135696301
1274360947126214658,negative,0.014788055669845592
1274360947201773569,negative,0.00011986527901593348
1274360948115922945,negative,1.1071183644491722e-08
1274360949378551810,negative,2.0527922862872043e-09
1274360950464839680,negative,0.020384887355742974
1274360951593152512,negative,0.16417242603275406
1274360953077972993,negative,3.38794706851042e-05
1274360954801868805,negative,0.006363018860966057
1274360955175141376,negative,0.10931756915346409
1274360957385531397,neutral,0.5450268103927999
1274360958538993664,negative,0.18097169728096155
1274360961131036672,negative,0.1608681682475487
1274361073567625229,negative,0.019500040715123422
1274361073873944576,negative,0.004958091544645681
1274361074209492993,negative,0.0008006732688204739
1274361074368696320,negative,0.029638349315537285
1274361076424024068,negative,0.30661194807306463
1274361078194081794,negative,0.0004914151200828016
1274361078382841856,negative,4.05432013472828e-07
1274361078907121664,neutral,0.5031461802850085
1274361082078023681,negative,0.17085650338555278
1274361082304397317,negative,0.0052976954088306185
1274361083290140673,negative,0.09988079043538062
1274361083462025224,negative,0.05839510813617035
1274361083806056448,negative,0.0021625795954240763
1274361084015755264,negative,0.003401178487566604
1274361084254748674,negative,8.72965302300608e-05
1274361084514795520,negative,0.008194819038063355
1274361084565217280,negative,0.006012481076178621
1274361084863025153,negative,0.020384887355742974
1274361085257228289,negative,0.05760449214329574
1274361085999661064,negative,0.05209906008643948
1274361086469443584,negative,0.003420226946203081
1274361086897197056,negative,7.966198119596298e-05
1274361087073361922,negative,0.11819138069023671
1274361089480949761,negative,0.275958358184994
1274361089661124610,negative,0.025620310341115962
1274361090277810176,negative,0.18327521726350915
1274361091292831744,negative,0.025620310341115962
1274361092723093509,negative,2.7343086254279385e-06
1274361093033537537,negative,0.11142207120075065
1274361093650030594,negative,0.00014459406381251767
1274361095533150208,positive,0.7529507011941703
1274361096288317440,negative,4.527382835627046e-05
1274361096409882626,positive,0.897740620973573
1274361096837701632,negative,0.09308438702853278
1274361096892231685,negative,0.0022918814806953246
1274361097362051073,negative,1.1071183644491722e-08
1274361097374633984,negative,0.0171859794231852
1274361097760448513,positive,0.9716275366489004
1274361098301513730,negative,0.10808802516854968
1274361098922266624,negative,0.15164684986653434
1274361099010392066,negative,3.12986952114096e-14
1274361102730776584,negative,8.72965302300608e-05
1274361103972212736,negative,2.351968867293681e-06
1274361104043565058,negative,0.00014459406381251767
1274361104085520392,negative,0.01942453240850556
1274361105075384320,negative,0.03575203088236479
1274361105276641281,neutral,0.34054386697899913
1274361105415057409,negative,0.00014459406381251767
1274361105419288576,negative,0.17085650338555278
1274361106023186432,negative,0.00014459406381251767
1274361106031575041,negative,5.2815289788292764e-08
1274361107021467651,negative,0.0003934495283084619
1274361107436785671,positive,0.705521598317249
1274361107646418944,negative,7.303743421387849e-05
1274361108392968193,negative,8.72965302300608e-05
1274361108468584448,negative,3.38794706851042e-05
1274361109890424832,negative,2.568048421870427e-06
1274361110574047232,negative,0.0015367972548356837
1274361111891107846,negative,9.243729512875693e-10
1274361112042110977,negative,0.0005206003376113035
1274361112071307266,negative,0.0636105173601302
1274361112960610305,negative,0.0021625795954240763
1274361114961358849,negative,0.06305478586735104
1274361115384991744,negative,0.00014459406381251767
1274361116207054854,negative,7.378820800345565e-05
1274361117415034880,negative,2.319229067340583e-09
1274361118169993217,negative,0.00014459406381251767
1274361118211833856,negative,0.13801839490673634
1274361120208424961,negative,0.00019493562849099457
1274361120694951937,negative,0.0018777528045142637
1274361122074886145,negative,0.0021625795954240763
1274361122229899272,neutral,0.6072864160850471
1274361122523578371,negative,8.72965302300608e-05
1274361123198906369,negative,0.05592593259625326
1274361123370930178,negative,0.0021625795954240763
1274361124817903616,negative,0.003401178487566604
1274361125082214400,negative,8.72965302300608e-05
1274361126055079939,negative,1.3334997434818606e-06
1274361126248161281,negative,0.0009351405519669901
1274361126474723328,negative,0.2654417857709204
1274361126726389760,negative,0.00031905106459207127
1274361127342936064,negative,0.00014459406381251767
1274361127745568776,negative,2.1483883687370567e-15
1274361127783165952,negative,0.22635194902967484
1274361127992995840,negative,0.01787525430915341
1274361128307634177,negative,0.005373938735516087
1274361129158967304,negative,0.05868960347054913
1274361129226039299,neutral,0.4507454498615163
1274361129343389698,neutral,0.653125891185729
1274361129704226817,negative,1.440207189892155e-06
1274361130018799616,negative,0.06081655062018614
1274361130228617216,neutral,0.5495922250151081
1274361131348439041,negative,0.006532227782683532
1274361131650314245,negative,1.2467588319867987e-05
1274361133147832326,negative,0.11387601639497812
1274361133164609538,negative,1.1071183644491722e-08
1274361134238232579,negative,0.003222832135696301
1274361134389301250,negative,0.032936856475499
1274361134607368194,neutral,0.5495922250151081
1274361135303720960,neutral,0.5942573670432035
1274361137866452992,negative,0.014133905232716477
1274361138315132930,negative,0.02767837041596725
1274361139518996481,negative,1.1071183644491722e-08
1274361139594514433,negative,0.03113729157679135
1274361139661602817,negative,0.020384887355742974
1274361139862921217,negative,0.0011038308669171968
1274361140974411783,negative,0.11199186793547575
1274361141544783877,negative,0.00014459406381251767
1274361143553859584,negative,0.11199186793547575
1274361145026138113,negative,0.022059381512538622
1274361145202180099,negative,2.6827855035795122e-05
1274361145529446401,negative,0.02767837041596725
1274361146720518145,negative,0.019300344471107473
1274361147953733632,negative,0.00047922606060738534
1274361149010710528,negative,0.00014459406381251767
1274361149073559554,negative,1.9960171424141435e-08
1274361263125135360,negative,0.07174002350204714
1274361263464775682,negative,1.1071183644491722e-08
1274361264161148928,negative,0.0011951839958882107
1274361264274313217,negative,0.004783077144409395
1274361264282705922,negative,0.07269367063604237
1274361265088016384,negative,0.0001527949021124765
1274361265754968064,negative,0.007484984983778154
1274361265834483712,negative,0.015455071164270848
1274361266145017857,neutral,0.48029556905203336
1274361267759783936,negative,0.0550454934253412
1274361267860447233,negative,0.00012094452344836264
1274361268107960321,neutral,0.38227762192080983
1274361269970259969,positive,0.9454998843588361
1274361269999427587,negative,1.1071183644491722e-08
1274361270217723905,negative,0.06732681097983328
1274361270376910848,negative,0.040131210192942884
1274361271132082176,negative,0.03113729157679135
1274361272138641409,negative,1.1931665120960717e-05
1274361272998473728,positive,0.897740620973573
1274361273006858243,negative,0.013155108968159484
1274361274269405185,negative,0.03437937297673149
1274361275590590466,negative,0.0006310890533754353
1274361275800342528,negative,1.9027470190114964e-05
1274361277285052417,negative,0.0004914151200828016
1274361277364797440,negative,0.003420226946203081
1274361277725409280,negative,0.05738731705847255
1274361277918449664,negative,0.2000744897474481
1274361279294124032,negative,0.020384887355742974
1274361279780716552,neutral,0.35451443008515343
1274361281563287553,negative,0.000867143852024097
1274361281714294786,negative,0.0021625795954240763
1274361284318953473,negative,0.0008516887897818426
1274361284331540484,negative,1.620725716864889e-07
1274361284776071168,negative,2.1456883495350695e-06
1274361284977442816,negative,5.25933231523432e-06
1274361286856409091,positive,0.8168670945334474
1274361288836001792,negative,0.23176775103056613
1274361288983031808,positive,0.7529507011941703
1274361289008132099,negative,0.01690546126699573
1274361290224472065,negative,0.0017829997280767178
1274361290287468544,negative,0.002407049441370978
1274361290325180417,neutral,0.4270291349266481
1274361292090945536,negative,0.014309255992588546
1274361294410452993,negative,0.000102120942159438
1274361294544609283,positive,0.705521598317249
1274361294636933122,negative,0.07509577442231544
1274361294758588416,negative,0.003401178487566604
1274361294834016256,negative,0.03988444176967176
1274361295404437506,negative,8.443564912871401e-05
1274361295484203012,positive,0.9198608127665486
1274361295777783809,negative,0.02594252415244805
1274361295790149638,neutral,0.4023982645041159
1274361296503390209,negative,0.19931298085354104
1274361298382454786,positive,0.7021905766378869
1274361298906726400,negative,0.275958358184994
1274361299162497024,negative,0.08388188432577341
1274361301268074496,negative,0.03640318057301573
1274361301586677762,negative,0.047297378407954255
1274361302639693825,negative,0.0021625795954240763
1274361302706765825,negative,2.6483642060587684e-05
1274361303088287749,negative,0.0006382595039217402
1274361303096872961,neutral,0.3877045069708239
1274361303121920005,negative,0.004481658610061342
1274361305227542529,neutral,0.4592581206141447
1274361306095681542,negative,0.018191370886849637
1274361306469056512,negative,0.0010637190713420205
1274361306498433025,negative,0.08968906338049153
1274361306905112576,negative,4.527382835627046e-05
1274361307056279554,negative,0.08049436031956556
1274361307110748161,negative,0.28531349729669425
1274361307328905223,negative,2.6050880938176783e-05
1274361307513393159,negative,0.05738731705847255
1274361308868227072,negative,0.003222832135696301
1274361311065931781,negative,8.443564912871401e-05
1274361311992991749,neutral,0.5100708674826648
1274361312563335172,negative,0.014608924951344983
1274361312974438402,negative,0.0004293669377638842
1274361313574223873,negative,2.6483642060587684e-05
1274361313834270721,negative,0.032917197443769995
1274361314719268864,neutral,0.3714189729842916
1274361316808036354,neutral,0.4270291349266481
1274361316933844993,negative,0.005402909033626645
1274361317290319880,negative,0.1479964024895597
1274361317617434625,negative,2.5020372728295727e-06
1274361317814685697,neutral,0.5616511143517063
1274361318036758530,negative,4.251427100587912e-07
1274361318108266501,neutral,0.33113200015936756
1274361318632566785,negative,0.08169899454708295
1274361319295201283,negative,0.13024204806737874
1274361319450390528,negative,0.011988613938648435
1274361319777464320,negative,1.1071183644491722e-08
1274361319920209921,negative,0.03991978415093108
1274361320545103872,negative,0.0723374411375696
1274361321849589760,negative,0.005402909033626645
1274361323082723328,negative,8.309045814134184e-09
1274361323292409858,neutral,0.379611556832951
1274361324227538945,neutral,0.4876785194857387
1274361324651327489,negative,0.00014459406381251767
1274361324810747904,neutral,0.449727731624377
1274361325993357313,negative,0.0042284663493921005
1274361326085627907,negative,5.25933231523432e-06
1274361329449648128,negative,0.18097169728096155
1274361330854739968,negative,0.0010894748148379898
1274361331852939267,negative,1.4859045457275542e-05
1274361332767358976,negative,0.013709348147444284
1274361334579240961,negative,4.547475594547499e-07
1274361334847717378,negative,0.00014459406381251767
1274363906929147905,neutral,0.42636395836506946
1274363907315032064,negative,0.0732162649025553
1274363907545673728,negative,0.00012653528323396023
1274363908237729798,negative,0.026141381877069415
1274363908766212101,negative,0.30661194807306463
1274363908929748992,negative,0.015358793621732484
1274363909655363584,negative,0.0021625795954240763
1274363909936463873,negative,0.048352136894962996
1274363910326493186,negative,0.018191370886849637
1274363910385291265,negative,0.01790940152263938
1274363911178006530,negative,0.011206720203635
1274363913904275456,negative,0.0007068754518462256
1274363914197839874,negative,0.22758651909418473
1274363914223063042,negative,0.003035270705686159
1274363915653337088,negative,1.7261753647240507e-05
1274363916106301441,negative,0.003832773500632961
1274363916278210564,negative,0.0020365961420647036
1274363916286648320,negative,0.18401538816618426
1274363916747968513,negative,0.05827741962570567
1274363917540700162,negative,0.00014459406381251767
1274363918454894592,negative,4.527382835627046e-05
1274363919931518978,negative,0.02767837041596725
1274363920048771072,negative,0.12668778217142465
1274363921932132353,negative,0.003222832135696301
1274363922418671618,neutral,0.5616511143517063
1274363922775236609,negative,0.13172800381638772
1274363922922049537,negative,0.015358793621732484
1274363924163563520,negative,0.004989714265797367
1274363925761527809,negative,1.637402383423598e-08
1274363926730457092,negative,0.24526697904671182
1274363927074308099,negative,1.1071183644491722e-08
1274363927397269506,negative,0.009932906980315596
1274363927443517440,neutral,0.5467018084453114
1274363928659873793,negative,0.03184225473747446
1274363929708412933,negative,1.157691023603853e-05
1274363929888776193,negative,0.2700152070006991
1274363931117727747,negative,0.0006800699642368095
1274363931453161474,positive,0.9785383096819075
1274363931633553408,positive,0.9972258197037651
1274363931755253760,negative,0.00041389375083291
1274363932057059328,negative,0.06422753549039688
1274363932124291072,negative,0.18667028698721355
1274363932266856449,negative,0.0368335012572819
1274363932682129423,negative,0.029847851176466225
1274363932841398272,negative,0.011202788640667266
1274363933260906497,neutral,0.4890777357674533
1274363933269331968,negative,0.041339286357481256
1274363934087303168,negative,7.247419813494371e-06
1274363934825422848,negative,0.18759718431030617
1274363935022407680,negative,0.323749133512402
1274363935567872000,negative,0.0021625795954240763
1274363936310263809,negative,1.7230609780735288e-06
1274363936683577344,neutral,0.44601208444548834
1274363937165844487,negative,0.04140668632490763
1274363938227064833,negative,0.10199356972441173
1274363938470129664,neutral,0.3564791009134322
1274363939237683200,negative,0.003222832135696301
1274363939573452800,neutral,0.4075589200545779
1274363941238554627,negative,0.12327687411948364
1274363941993566208,negative,0.023771321988337406
1274363942089916426,negative,1.6595307436232596e-05
1274363942689742848,negative,0.06514094464165479
1274363943927066627,neutral,0.4948151018507865
1274363944124194817,negative,0.003222832135696301
1274363944422060034,negative,4.595970066401467e-08
1274363944635977731,negative,0.00022528972402064402
1274363944715661312,negative,0.004989714265797367
1274363945449594881,negative,0.08975719523083273
1274363945659305984,negative,0.0020303224103744785
1274363945676046337,positive,0.897740620973573
1274363946330456073,neutral,0.5495922250151081
1274363946464612352,negative,6.371499778701729e-07
1274363947391553536,negative,0.0021625795954240763
1274363947886526464,negative,1.5954753255481175e-08
1274363948675076098,negative,0.00047014252274636773
1274363948960296960,negative,8.72965302300608e-05
1274363949186768897,neutral,0.3552322237209022
1274363949765591048,positive,0.9012979613787682
1274363949773918209,negative,0.018191370886849637
1274363950185005057,negative,8.72965302300608e-05
1274363951070023681,negative,0.00022589946835913799
1274363951262957570,negative,0.2376337649813871
1274363953020362752,negative,0.07509577442231544
1274363953217523715,negative,0.00014459406381251767
1274363953817292800,negative,0.023153765759673667
1274363955494952962,negative,0.30661194807306463
1274363955650199555,negative,0.0005526800969276012
1274363956140924928,negative,0.00014459406381251767
1274363958758080513,negative,0.0011199818852058363
1274363959659974658,negative,0.0059769858878790305
1274363959664087040,neutral,0.5089218391833141
1274363960054161408,negative,0.055594240944456655
1274363960813334529,negative,8.443564912871401e-05
1274363961132056576,negative,0.3122400051479914
1274363962339942402,negative,0.005402909033626645
1274363962713182209,negative,3.6414099769628887e-07
1274363962784702464,negative,0.24526697904671182
1274363963044761600,negative,7.617287949230833e-06
1274363963203973120,negative,0.23872007754166424
1274363965460496384,negative,0.3078312332715014
1274363966219788289,negative,0.0004149439685173239
1274363967276711936,negative,0.009932906980315596
1274363969235554312,neutral,0.6122077519015564
1274363971357814784,negative,0.003237990133873151
1274363972419031040,negative,8.72965302300608e-05
1274363972670484481,negative,0.2617529036331704
1274363973828259843,neutral,0.5495922250151081
1274363973975097344,negative,0.05548285078597709
1274363974247682048,negative,0.022560240465756717
1274363974440628225,negative,0.12176043199184709
1274363976672063489,negative,0.2650546152584906
1274363977464598528,negative,0.2617529036331704
1274363979310280705,positive,0.8807136691103005
1274363979737882626,negative,0.026593316583645298
1274363980337893376,negative,2.6483642060587684e-05
1274364098986356736,negative,5.2677198707717636e-05
1274364099263152128,negative,0.05868960347054913
1274364099921612804,negative,0.023363227279999527
1274364100152365062,negative,0.00014459406381251767
1274364100513091584,negative,0.00014459406381251767
1274364100718493698,neutral,0.5983312157220474
1274364101481902080,positive,0.897740620973573
1274364101536428037,negative,0.20435590212710014
1274364101637165057,negative,0.03988444176967176
1274364102203318273,negative,0.07376975827861372
1274364102488453120,negative,1.1071183644491722e-08
1274364103453216769,neutral,0.37874993579954885
1274364103612674050,positive,0.897740620973573
1274364104405250049,negative,0.003401178487566604
1274364105604947968,negative,0.016634860949067708
1274364105609089024,negative,0.1144112494723962
1274364106418655234,negative,0.009932906980315596
1274364106603192325,positive,0.9482702003978086
1274364107781812224,negative,0.05738731705847255
1274364108683517952,negative,0.005402909033626645
1274364108876460037,negative,0.07509577442231544
1274364110453518337,negative,0.09240830804964993
1274364111078514689,negative,0.005402909033626645
1274364111078535168,negative,0.07917705969587278
1274364111846019072,negative,0.0010265147618447434
1274364111955152896,neutral,0.5299283354455286
1274364114479939584,negative,0.00306076615042405
1274364115541209089,negative,0.0291987370856876
1274364115839049729,negative,0.2658945264006065
1274364116589821953,negative,0.0020303224103744785
1274364117562916866,negative,3.6103163223469456e-10
1274364119785902081,negative,0.13448937059327243
1274364119999807492,negative,0.05433966570966688
1274364120104497154,negative,2.6483642060587684e-05
1274364120956108801,negative,1.1071183644491722e-08
1274364121476214784,negative,0.24526697904671182
1274364121580879878,negative,0.023363227279999527
1274364123229323264,negative,8.443564912871401e-05
1274364123770388484,negative,9.605695090760871e-05
1274364124177326082,negative,0.2617529036331704
1274364124542177280,neutral,0.36082923499511826
1274364125339148289,negative,0.00018238276883207263
1274364127000100870,positive,0.897740620973573
1274364127205634049,negative,0.02767837041596725
1274364127226576902,negative,1.609008941897713e-05
1274364127952191489,negative,1.1071183644491722e-08
1274364127981559808,negative,0.02417131271092168
1274364128514265092,negative,0.3230879332405345
1274364128602271754,negative,0.18097169728096155
1274364129835442178,negative,8.72965302300608e-05
1274364129915080704,negative,0.001849507556040694
1274364129990639616,negative,0.028207919913390785
1274364130720272388,negative,5.094166772461122e-06
1274364130896609280,positive,0.990955449951103
1274364131018145792,negative,1.1833521810459945e-08
1274364131366383618,negative,0.16583014701861465
1274364131458650114,negative,0.0009974835030593522
1274364133211869185,negative,1.1071183644491722e-08
1274364133698408453,neutral,0.5616511143517063
1274364134851776516,negative,0.00887296933283849
1274364135803891712,negative,1.1071183644491722e-08
1274364137859100672,negative,0.019546502808234018
1274364138072965121,neutral,0.4270291349266481
1274364138614149124,negative,0.14021836523149978
1274364138924498945,negative,3.574062812079843e-12
1274364139364892673,positive,0.8386173698476316
1274364140891639810,negative,0.0002636600630150221
1274364141789159424,negative,1.4715185795816068e-05
1274364142187679746,negative,0.004273120526315973
1274364144171528192,negative,0.15700257748330895
1274364145006252032,negative,0.13172800381638772
1274364145324998657,negative,0.18097169728096155
1274364145899634688,negative,0.009793342703649942
1274364146000121858,negative,0.021663222180248888
1274364146167971840,positive,0.6835136074612809
1274364146222596097,negative,0.00014459406381251767
1274364146230931456,negative,0.2508820004363419
1274364147673817091,negative,0.061143433363395505
1274364148898344961,positive,0.9680724023394759
1274364149842284550,negative,0.04816469390660627
1274364151738109953,negative,0.0014364838857695021
1274364152908259330,negative,0.0021625795954240763
1274364153285627905,negative,1.1071183644491722e-08
1274364153407459334,negative,0.0006312212320131805
1274364154724470787,positive,0.897740620973573
1274364155986882560,negative,0.07509577442231544
1274364156016197633,negative,0.05592593259625326
1274364157647826948,negative,0.0002142748871090228
1274364157744332802,negative,1.5392331286184835e-06
1274364158759362565,neutral,0.6020347380261928
1274364159547801601,neutral,0.37426873505003133
1274364160747417600,negative,0.24526697904671182
1274364161925971969,negative,0.10471330344078392
1274364161959563265,negative,2.478191150614982e-07
1274364162789998592,negative,0.1008595673337973
1274364163087912960,negative,0.0592512820764476
1274364163121385473,negative,0.00014459406381251767
1274364163243081729,positive,0.990955449951103
1274364163578609664,negative,3.7767581503726024e-05
1274364163926745092,neutral,0.4346037944202949
1274364164060991493,neutral,0.3534575539115691
1274364164195172353,negative,0.00030373989889860776
1274364164685914112,negative,0.020384887355742974
1274364166040702982,negative,0.005402909033626645
1274364166376128514,negative,0.0030551777370433184
1274364167043112961,negative,0.0005485061484025636
1274364169433874434,negative,0.09874609166432909
1274364170545364998,negative,0.00010472126609286544
1274364290502479872,negative,0.11176339953050826
1274364296089255937,negative,0.002850172824875082
1274364298731683846,negative,6.095924677044722e-08
1274364300069568512,negative,0.00014459406381251767
1274364300279365633,negative,0.043548574727885876
1274364300887498754,negative,7.725545551370647e-05
1274364301357338625,negative,7.725545551370647e-05
1274364301466316800,neutral,0.4104740441446074
1274364304364634112,negative,0.0028326793561230194
1274364304524017665,neutral,0.5430357635287411
1274364305186656259,negative,0.00014459406381251767
1274364305316642816,negative,3.654200812730983e-07
1274364306193297410,negative,0.0017829997280767178
1274364306210140162,negative,6.371499778701729e-07
1274364307178954752,negative,0.000102120942159438
1274364307564888066,negative,0.0007205096244652608
1274364308152102919,negative,0.01941377296594233
1274364308609282052,negative,0.00965662849730651
1274364308672188418,negative,0.012443101723368342
1274364309750120448,negative,0.09518876369562988
1274364310219866112,negative,1.6524765217156766e-05
1274364310765043715,negative,0.009998871589090129
1274364312870629376,negative,0.0007205096244652608
1274364313025810432,negative,0.00041389375083291
1274364317249482754,negative,0.005179260577913655
1274364317585100806,negative,0.020360165027138936
1274364317752836098,positive,0.8137297143591957
1274364318319030273,negative,0.18097169728096155
1274364319610941442,negative,0.0009707284153254634
1274364319824830465,negative,0.003548707156191062
1274364320433004545,negative,0.02767837041596725
1274364320533475328,negative,0.0004862009624558314
1274364320634343429,negative,0.020384887355742974
1274364321112494082,negative,0.00013422149597802714
1274364321607438336,negative,0.11811437064256346
1274364321787719680,negative,0.19220143425980002
1274364322257477633,neutral,0.4330803760514346
1274364322987347970,negative,0.327271646660478
1274364323503185921,negative,0.1441053150646932
1274364323796787202,negative,0.0063146506787293485
1274364325898174465,negative,0.18097169728096155
1274364326825132037,neutral,0.6020347380261928
1274364327261339648,negative,0.05041162864886134
1274364328037285894,negative,0.0012805245451291386
1274364328100024321,negative,0.003401178487566604
1274364328356065282,positive,0.8084744161604336
1274364329152917505,negative,0.003548707156191062
1274364329589178369,negative,0.09518876369562988
1274364330008551427,negative,0.024992353492807196
1274364330579046400,negative,0.17085650338555278
1274364332726460417,negative,0.009932906980315596
1274364333062062080,negative,0.00014459406381251767
1274364333292687361,negative,0.005799718553069051
1274364333993099266,negative,1.3998366333849684e-06
1274364334551031808,negative,0.005402909033626645
1274364335368867840,negative,0.19979193010480967
1274364336178429952,negative,0.009932906980315596
1274364336543326208,negative,0.13656221522950338
1274364337558368258,negative,1.1071183644491722e-08
1274364337717641217,neutral,0.41086073247608174
1274364338753527811,negative,0.004108931954808663
1274364340116828160,negative,8.72965302300608e-05
1274364340930519040,negative,0.08768616598951233
1274364341618343938,negative,0.22082230916661
1274364342595706881,negative,0.00022080683769127872
1274364342662762498,negative,0.008999198853825687
1274364343254163464,negative,0.034278603146474726
1274364343321350144,negative,1.9684284881358229e-10
1274364343518408705,neutral,0.3714189729842916
1274364344105648129,negative,5.1945351428783333e-08
1274364344663449601,negative,0.24526697904671182
1274364344755613696,negative,0.015859269476485673
1274364344889999366,negative,0.21663218523124433
1274364345779191810,negative,0.0002142748871090228
1274364346387308545,negative,0.00011363833682054067
1274364346672353281,neutral,0.6245730510959926
1274364346810933250,negative,7.385772169248876e-05
1274364347612123140,negative,0.0005485061484025636
1274364348299988995,negative,0.0023763880365369615
1274364348551630848,negative,0.0176188877891186
1274364349763719168,negative,0.24526697904671182
1274364349855956992,negative,0.00014459406381251767
1274364350501982208,negative,0.017257589836088206
1274364350732607495,positive,0.6738093973304081
1274364351458217984,negative,0.00010472126609286544
1274364351642812416,negative,0.033074405927606784
1274364352871698436,negative,0.30932391757264316
1274364353769242624,neutral,0.42507619662732005
1274364354192904193,negative,0.0840287257729767
1274364354985701376,negative,0.0035199674272518217
1274364355296010241,negative,6.293324594926043e-09
1274364355606392834,negative,0.003548707156191062
1274364356881506304,negative,0.18097169728096155
1274364357472854018,negative,0.1363585901897884
1274364357904908289,negative,0.06917945047035663
1274364358747971584,negative,1.9384023296691425e-07
1274364359666475010,negative,0.07573296638181708
1274364477371289600,negative,0.020350278581691247
1274364478642159616,negative,0.0020303224103744785
1274364479535538176,negative,2.6483642060587684e-05
1274364480470659072,negative,0.07917705969587278
1274364480961630209,negative,0.06835656766643235
1274364482823819266,neutral,0.497008268191141
1274364483075522560,negative,5.270634355221186e-05
1274364484178632704,negative,1.9027470190114964e-05
1274364485030084608,negative,0.01883787711150928
1274364485185257472,positive,0.6884525159191331
1274364485566955521,positive,0.7017715174892328
1274364485902274560,negative,1.1394970046957169e-05
1274364486120505349,negative,0.0056187051009983936
1274364487118868482,negative,0.07509577442231544
1274364487366324227,negative,2.216738256364041e-06
1274364487487938560,negative,0.05072320371655574
1274364488351916033,negative,0.18097169728096155
1274364488519647232,negative,0.00036268967439115915
1274364489463484416,negative,1.1071183644491722e-08
1274364489698287618,negative,0.13172800381638772
1274364490071629825,neutral,0.6020347380261928
1274364492156149764,negative,0.008828723189685172
1274364493368193024,negative,0.0002142748871090228
1274364493456433152,positive,0.763492726677842
1274364493670252544,negative,0.00021357747830322293
1274364493959540736,neutral,0.4391547072917616
1274364494001713154,negative,2.936021482533418e-09
1274364495989792771,negative,0.22082230916661
1274364496644124672,negative,0.0011739067602605413
1274364497399099393,negative,0.006842655702366206
1274364497491361795,negative,0.006373700774508974
1274364497847898114,negative,0.00014459406381251767
1274364498246279169,negative,6.370391255527276e-16
1274364500007956480,neutral,0.4270291349266481
1274364500406341633,negative,0.30661194807306463
1274364500658073601,negative,0.00014459406381251767
1274364500666388481,positive,0.763492726677842
1274364501291347968,negative,0.00871136587818132
1274364501601771520,negative,0.29843714380483616
1274364501681483782,negative,0.003987885746186797
1274364501866024960,negative,0.04437499090740385
1274364502168002562,negative,0.16176363966730578
1274364504437112833,negative,0.05960946229858558
1274364504751640576,negative,0.24526697904671182
1274364504818810880,negative,0.27499075801184836
1274364505867390977,negative,0.06846412651068827
1274364506467176450,neutral,0.6219996518732577
1274364506639122434,negative,7.271634873065099e-10
1274364507230519297,positive,0.6938301526047564
1274364507406643201,negative,5.769083645840401e-06
1274364507599638528,negative,0.07418111889228174
1274364508476248064,negative,0.00014459406381251767
1274364509487075329,negative,4.527382835627046e-05
1274364509549998081,negative,0.00015214628340572638
1274364509591912449,negative,8.72965302300608e-05
1274364509600317441,negative,0.0007931005643519122
1274364510619475970,negative,0.06387919917227507
1274364511571644417,negative,0.0009688912267080662
1274364512972541958,negative,0.12720409749564066
1274364513115164674,negative,0.007244368703996533
1274364514574782465,positive,0.763492726677842
1274364515317100544,positive,0.9595673418537176
1274364515682062336,negative,0.01866793048269303
1274364516696907776,negative,0.15546922303636612
1274364516835430402,negative,0.004108931954808663
1274364517409939461,negative,0.15546922303636612
1274364517963771906,neutral,0.35769137413384683
1274364518123126785,negative,0.2199360008015364
1274364521025396736,negative,0.043548574727885876
1274364521247846401,negative,0.07509577442231544
1274364521939943426,negative,0.3095828295642149
1274364521990193153,negative,0.0007597496593622593
1274364522485121025,negative,0.0006032917995242625
1274364522539569152,negative,1.1071183644491722e-08
1274364522917244928,negative,0.30661194807306463
1274364523970023425,negative,3.6674314712922404e-05
1274364524364271616,negative,3.3909552246937724e-05
1274364524624261122,negative,0.009966588834392427
1274364525106659331,negative,0.020384887355742974
1274364525685415937,negative,8.443564912871401e-05
1274364526222290945,negative,0.005487891470155574
1274364526276861954,negative,0.13656221522950338
1274364526276870145,positive,0.7412556065302909
1274364526322946048,negative,9.662127073819248e-11
1274364528986374149,negative,0.30661194807306463
1274364529561014272,negative,0.2700152070006991
1274364529670066177,positive,0.7746833968675229
1274364530366140417,negative,0.0002142748871090228
1274364530387288064,negative,9.243729512875693e-10
1274364530395680768,negative,5.9016106388570566e-05
1274364531221946368,negative,6.135319833730487e-05
1274364531473596416,negative,0.30661194807306463
1274364531758817280,negative,0.0026500790755491135
1274364532044042241,negative,0.00022386448352370393
1274364532459175937,negative,0.0011199818852058363
1274364532803006464,negative,8.665089332995938e-05
1274364532878716929,neutral,0.4496563656481252
1274364533419782145,negative,0.13790693520282393
1274364533650477057,positive,0.7175305666285167
1274364533931294720,negative,0.14358292134467315
1274364534116028417,negative,0.04835800391039496
1274364534162173953,neutral,0.5462970727020641
1274364535030394880,negative,0.02738764886718594
1274364535034478592,negative,1.7230609780735288e-06
1274364535076511746,negative,0.231017722310728
1274364535168806919,neutral,0.5467018084453114
1274364535324004352,negative,1.9865125586847877e-05
1274364535634194433,negative,0.056634523800294545
1274364537936809985,negative,0.0008067210525329099
1274364538436104193,negative,1.5149685679180857e-05
1274364538440364033,negative,4.979589890110701e-08
1274364539610574855,negative,0.2052468474481004
1274364539794931718,negative,0.0030588585832663838
1274364540075925505,negative,1.5190078850417673e-05
1274364540281593858,negative,0.24526697904671182
1274364540654944257,negative,1.7200219814215517e-05
1274364541166551040,neutral,0.467159026293714
1274364541787398145,positive,0.8441950941883447
1274364541808316424,negative,0.17058049642094386
1274364542210973697,negative,0.05484608130290896
1274364542496043009,negative,0.13801016588090903
1274364542915575810,negative,1.1071183644491722e-08
1274364543158886401,negative,0.0021625795954240763
1274364543343476737,negative,0.17058049642094386
1274364543439900672,neutral,0.3877045069708239
1274364545658548224,negative,0.028723700307057096
1274364545792987136,positive,0.9968846222772262
1274364546002702336,negative,0.07357273963051428
1274364546543611904,negative,0.025620310341115962
1274364548678590466,negative,0.20963039016394885
1274364549865656321,negative,6.857090702507501e-07
1274364550436044804,negative,0.0002324006636460357
1274364550746431488,neutral,0.3355721134549957
1274364551207759874,negative,5.25933231523432e-06
1274364552105295873,negative,4.467944815284559e-05
1274364667796783111,neutral,0.5551449533838336
1274364668124020737,negative,0.0024190587884397007
1274364668635742209,negative,0.033074405927606784
1274364668761554945,negative,1.1071183644491722e-08
1274364669172617216,negative,6.051469546176551e-06
1274364669264887810,negative,0.09530774634916424
1274364669612851200,negative,0.0006234447963480904
1274364669638184960,negative,0.2831891036741124
1274364670904680450,negative,0.02738764886718594
1274364671848411136,negative,0.13172800381638772
1274364671919882240,negative,8.577860058429092e-08
1274364671940653062,negative,0.2799852519493358
1274364672079265792,negative,0.02201085893018373
1274364673182306305,negative,0.00014459406381251767
1274364673484349444,negative,0.009932906980315596
1274364673748590592,negative,0.02201085893018373
1274364674277072896,negative,0.0028779006780079394
1274364674318925827,negative,0.021566660986049604
1274364674335703040,negative,0.27499075801184836
1274364674855796740,negative,0.00011835175499575121
1274364675937968128,negative,0.00012603243279847936
1274364678110687233,negative,0.000102120942159438
1274364679679365121,negative,0.2799852519493358
1274364680878927872,negative,4.547475594547499e-07
1274364682288148480,negative,0.24526697904671182
1274364684205010946,negative,3.7616825867970624e-07
1274364684360171520,negative,5.177076297609496e-17
1274364685094195206,positive,0.7109958275391629
1274364686201491458,negative,6.23365294960296e-08
1274364686293663747,negative,0.014054216537195333
1274364686494916609,neutral,0.5252899139995859
1274364687354716162,negative,0.002605465571074415
1274364687451402247,negative,0.00035877711872489874
1274364688873201664,neutral,0.5467018084453114
1274364688961286148,negative,0.0012770038905257173
1274364689103847427,negative,0.002365608695166778
1274364690571898880,negative,0.0379562009067277
1274364690961965064,negative,0.01310723797689533
1274364691431604224,negative,0.22301010244854974
1274364691687538688,negative,0.0008652290660476328
1274364691935105025,negative,0.06843585899611404
1274364692178272256,negative,0.21663218523124433
1274364692740419586,negative,0.15987313744692946
1274364694019489792,negative,0.048483715179758156
1274364694380326915,negative,0.020384887355742974
1274364694724177920,negative,0.003222832135696301
1274364696372457473,negative,1.6524765217156766e-05
1274364697077264386,negative,0.004013205724333954
1274364697727438849,negative,2.6483642060587684e-05
1274364697895227394,negative,0.24327878417047216
1274364698813743105,negative,3.256314390245665e-05
1274364699426070528,negative,5.25933231523432e-06
1274364700738883587,negative,1.0019573933316266e-05
1274364701883936772,negative,0.0168694223530324
1274364702898810880,negative,0.004784634189914855
1274364703892856838,negative,0.009010166584142162
1274364704111067143,negative,2.6483642060587684e-05
1274364704769617921,negative,0.07135610704204365
1274364704798978048,negative,0.22122416942500223
1274364704954224641,negative,0.07269367063604237
1274364705021276163,negative,8.310367517486989e-06
1274364705541361665,negative,0.00014459406381251767
1274364706216726529,negative,0.0003079372398532227
1274364706791227394,negative,0.00034291887703915424
1274364706824863745,negative,0.06583226526723569
1274364707013398529,negative,0.002850172824875082
1274364707621810177,negative,0.3176098350872311
1274364708284502017,neutral,0.3541408555420494
1274364708632563712,negative,4.719170601703089e-07
1274364708792029185,negative,0.002950323181820089
1274364709056270336,negative,4.547475594547499e-07
1274364709181980673,negative,2.3565306483352622e-05
1274364709601509376,negative,5.25933231523432e-06
1274364710775709696,negative,0.020384887355742974
1274364712034197504,negative,4.409683412435902e-12
1274364712541659139,negative,0.2733656676348534
1274364713820991496,positive,0.6801900061851245
1274364714240421889,negative,0.05592593259625326
1274364714655649792,neutral,0.3991483311516898
1274364716895236098,negative,0.19220143425980002
1274364717709041664,negative,0.02767837041596725
1274364718283657216,negative,0.0001633628062949224
1274364719172931584,positive,0.9260460732612994
1274364719302881281,negative,0.1346027567443039
1274364720871550981,negative,0.00019501011118952774
1274364720875618306,negative,0.1695597122568488
1274364720980656130,neutral,0.4576043347011414
1274364721005813761,positive,0.763492726677842
1274364721660076035,negative,4.018664418973579e-09
1274364721790169090,negative,0.004008148688116583
1274364723493064704,negative,0.18097169728096155
1274364723866284033,negative,1.157691023603853e-05
1274364724059258880,negative,4.1571475891660825e-09
1274364724264787969,negative,0.003559834101604557
1274364724344471553,negative,0.13790906241702833
1274364724856094729,negative,0.24526697904671182
1274364727183974403,negative,8.443564912871401e-05
1274364727913783298,negative,8.665089332995938e-05
1274364728085827587,negative,0.13172800381638772
1274364730199678976,negative,0.0007808789511921525
1274364731130871809,positive,0.9350125234382399
1274364731525148675,negative,0.0003393785789501178
1274364731772600320,negative,0.31820487300311295
1274364732137443328,negative,0.30661194807306463
1274364732699488257,negative,0.0020791544557390356
1274364733349658624,negative,0.24136230336960818
1274364733374660610,negative,0.275958358184994
1274364733982773250,negative,0.029574984051274216
1274364734276538369,positive,0.897740620973573
1274364734574342144,negative,0.00015143570567194007
1274364735295836161,positive,0.897740620973573
1274364736482807809,neutral,0.4496563656481252
1274364736587673601,negative,0.18097169728096155
1274364737669738499,negative,0.00034872289708683644
1274364738177241093,negative,0.0011199818852058363
1274364738315657217,negative,0.17047422705225662
1274364739104182272,negative,0.12275841063406015
1274364739557175296,negative,0.00772141634590863
1274364740358283265,negative,0.025620310341115962
1274364740597317634,negative,2.568048421870427e-06
1274364740635148289,negative,0.04626247681610488
1274364857555582976,negative,0.0003902125489874391
1274364858864205825,negative,8.72965302300608e-05
1274364860189609991,negative,1.954628042818258e-05
1274364860797681664,negative,0.0010265147618447434
1274364861083013120,negative,0.14681300419910076
1274364861103828992,negative,0.275958358184994
1274364861611417601,negative,0.00014459406381251767
1274364863880613888,negative,0.043548574727885876
1274364864543277061,positive,0.897740620973573
1274364865013055489,negative,0.020346545765978004
1274364865872789504,negative,0.0028480157765644228
1274364866422243329,negative,0.1144112494723962
1274364866585923584,neutral,0.35451443008515343
1274364867244363778,negative,0.018191370886849637
1274364867324055555,negative,0.00020058407638346248
1274364867437301766,negative,2.9823136223926602e-06
1274364867567407104,negative,0.11199186793547575
1274364867634397191,negative,0.01310723797689533
1274364868251078656,negative,0.0022052436031105888
1274364868364087296,negative,1.1071183644491722e-08
1274364869219946496,neutral,0.5288800567823037
1274364869282861061,neutral,0.41086073247608174
1274364869408706561,negative,0.018885420088082226
1274364870901760000,negative,3.988848780175913e-05
1274364871652577280,negative,4.3324581638410563e-13
1274364871753101312,negative,0.06048264363715222
1274364872881573894,negative,0.018191370886849637
1274364874236313600,negative,0.020384887355742974
1274364875121319937,negative,0.043093119427578416
1274364875247095808,negative,0.02058650707390281
1274364875490369541,negative,0.02767837041596725
1274364876014727168,negative,4.369375256026908e-06
1274364876396396545,negative,0.0009948636002769207
1274364876790665216,neutral,0.467159026293714
1274364878120275968,negative,0.11199186793547575
1274364878158016512,negative,0.005402909033626645
1274364879089143814,negative,2.693459142944928e-06
1274364879235944449,negative,0.00010472126609286544
1274364880167022592,negative,0.004745449017561656
1274364880422940677,negative,0.06698020847862546
1274364880909410304,negative,0.0014821128700448082
1274364880993345536,negative,0.18795859623648656
1274364881106583552,positive,0.9999634929534285
1274364881274392576,negative,3.6910309221456177e-06
1274364881282699269,negative,0.0021625795954240763
1274364881765048320,negative,9.288920667676212e-06
1274364883375738880,negative,3.1406465666985556e-10
1274364886190096386,negative,0.18795859623648656
1274364887079272448,negative,0.006339103862110754
1274364888639561729,negative,0.006695724251748253
1274364888706580488,neutral,0.6578600000855886
1274364889117741056,negative,0.010330670693482615
1274364889721475073,negative,0.004689575143115945
1274364890715734023,positive,0.8384617364114889
1274364893232275458,negative,0.009244272651927824
1274364893236531202,negative,0.00014459406381251767
1274364894444478464,negative,0.07917705969587278
1274364895983734784,negative,0.13172800381638772
1274364896508030978,negative,0.24526697904671182
1274364896826843137,negative,0.13790906241702833
1274364896914878465,negative,0.09299926698974853
1274364897854455809,negative,0.0021625795954240763
1274364899586715654,negative,0.15164684986653434
1274364899838193672,negative,0.03233526611911226
1274364900001931265,negative,0.018191370886849637
1274364900467490817,negative,0.1144112494723962
1274364900500897799,negative,1.0779262771301099e-07
1274364901398585347,negative,0.275958358184994
1274364902925316097,negative,1.9027470190114964e-05
1274364902992343040,neutral,0.6020347380261928
1274364903256657920,negative,1.972471017193253e-10
1274364903466426374,negative,4.409683412435902e-12
1274364903579508737,neutral,0.6020347380261928
1274364903625719811,negative,7.111154724469152e-09
1274364904779251712,negative,0.0065108340562763795
1274364905446146048,neutral,0.42507619662732005
1274364905836158977,positive,0.6875064579898861
1274364907648098304,negative,0.24327878417047216
1274364907711016961,neutral,0.6209553242703966
1274364907752951811,negative,0.327271646660478
1274364908373598208,neutral,0.5484884395128985
1274364908763832323,negative,0.21539775187111218
1274364909317492738,negative,0.10521177450173451
1274364910097424387,negative,0.029087169941229608
1274364912068894720,negative,0.05738731705847255
1274364913004302337,negative,0.008663584788164655
1274364913197019137,negative,0.06664073106330945
1274364914316963840,negative,0.0009874055772227989
1274364915256569857,negative,0.0027751181364170374
1274364916305100802,negative,1.2489413127673346e-05
1274364916334501891,negative,0.00014459406381251767
1274364916846276609,negative,0.028001501431489953
1274364917655666688,negative,0.09712453899366252
1274364918423269377,negative,0.18097169728096155
1274364920105250817,negative,8.165245499371261e-05
1274364921678041090,negative,0.1608681682475487
1274364922596556800,negative,0.0005272297034888572
1274364922902740993,negative,0.22758651909418473
1274364923053854721,negative,0.05868960347054913
1274364925494861826,negative,1.1415828081567946e-05
1274364925654245377,negative,5.058790216572864e-10
1274364927122300928,negative,7.930188742031244e-05
1274364927382257665,negative,5.102657118045331e-07
1274364928137269249,negative,0.03406748426552066
1274364928418287627,negative,0.22727451274474617
1274364929517195264,negative,0.24526697904671182
1274364929605328898,negative,0.015616252851602992
1274364929949208577,negative,0.014989425175507172
1274364931098456065,negative,0.0002515451409721682
1274364931526328320,negative,2.6483642060587684e-05
1274364932855926785,negative,0.004272625422325594
1274367672592056321,negative,0.0008006732688204739
1274367673971998726,negative,0.00012061577996921708
1274367674617757696,negative,7.62359746778042e-09
1274367674647273475,neutral,0.6063306570745927
1274367674819043328,negative,0.0003688195847093169
1274367675137916929,neutral,0.6078371102482539
1274367675230281729,negative,0.00016440957513249547
1274367675465117696,negative,0.09122771221568461
1274367675628687360,negative,3.3874281720567484e-08
1274367676136280065,negative,0.029574984051274216
1274367676798959619,negative,0.2376337649813871
1274367677843283968,negative,0.0021625795954240763
1274367679298711553,negative,0.003572698651158668
1274367679374254087,negative,0.15168797025023634
1274367683065233408,negative,0.01651421831822892
1274367684310958081,negative,0.0009284927674360546
1274367684650696705,neutral,0.367723429618483
1274367685275631617,negative,0.02733272307280302
1274367686257127429,negative,0.22082230916661
1274367686320050176,negative,1.1071183644491722e-08
1274367686861086720,negative,0.0008006732688204739
1274367686991122433,negative,0.007977770830218257
1274367687179800577,negative,0.00010812955279649399
1274367688257740805,neutral,0.46127768308170247
1274367689155371008,negative,0.17004668022127434
1274367689352495104,negative,9.193685787772114e-07
1274367689646116864,negative,0.012906796717612154
1274367689885171720,negative,0.00016875408878280721
1274367691609059328,negative,0.007977770830218257
1274367691705344000,negative,0.008617649646159286
1274367691801923584,neutral,0.5136446707795853
1274367692531785734,neutral,0.3771857432159796
1274367692837978115,negative,6.602725643876346e-05
1274367692896702464,negative,0.019724923213607522
1274367693249003522,positive,0.7354636816357002
1274367693815234560,negative,0.029574984051274216
1274367694352105473,negative,0.023363227279999527
1274367694398160896,negative,0.007977770830218257
1274367694595383297,negative,0.05235741503585981
1274367694687608834,negative,0.05592593259625326
1274367695513743360,negative,0.0016318130839822794
1274367696575041541,negative,0.04158939044974295
1274367696877096962,negative,0.000169322651332973
1274367697162244097,negative,0.02359418428923779
1274367697606901761,negative,0.0002515451409721682
1274367698596704257,positive,0.897740620973573
1274367699364261888,negative,1.8515226602089383e-06
1274367699553005568,negative,0.13792323098550419
1274367699951509515,negative,1.1071183644491722e-08
1274367700148469760,negative,1.1071183644491722e-08
1274367701331456003,negative,0.12275841063406015
1274367702149332992,negative,0.027676813339786093
1274367702166102018,negative,4.9673330231774745e-06
1274367702296133632,negative,0.0008664977265996743
1274367702929416192,negative,0.011072112841427813
1274367703587971072,neutral,0.49198293955453715
1274367704049336321,negative,0.00040137001466889334
1274367704758136834,negative,0.08012263816035585
1274367705668300805,neutral,0.6155157406827748
1274367705680957440,negative,0.05650243272714818
1274367706570133506,negative,0.0028480157765644228
1274367706947559426,negative,0.001407987461225079
1274367707014672385,negative,0.0005511808876621445
1274367707077582848,negative,1.5392331286184835e-06
1274367707597725697,negative,0.0014844630561369398
1274367708029759498,negative,0.033074405927606784
1274367708474347520,negative,0.08879603375664288
1274367709430648833,neutral,0.5851271586506293
1274367710055587842,positive,0.897740620973573
1274367710319738888,negative,0.20435590212710014
1274367712165335040,negative,0.06330904016113874
1274367712731463681,negative,0.096864303818987
1274367712878366721,negative,0.00031992167342205063
1274367713482174466,neutral,0.393291374208476
1274367713834676225,negative,0.00118972822779887
1274367714207858689,negative,0.0002559210276416557
1274367714669232133,negative,7.118233495508931e-07
1274367714950369282,negative,0.07615328446922616
1274367715021672453,negative,0.07357273963051428
1274367715109679105,neutral,0.33990266049228407
1274367715550146561,neutral,0.3771857432159796
1274367715764043776,negative,0.007977770830218257
1274367715856302083,negative,0.02866610586998291
1274367715990478851,negative,8.443564912871401e-05
1274367717336928256,negative,1.157691023603853e-05
1274367719136202752,negative,0.007977770830218257
1274367719266299905,negative,0.0011182475284013055
1274367719534714880,negative,1.0036726679047875e-05
1274367719773798400,negative,0.0037238545823428688
1274367720570662913,negative,0.005746544108016474
1274367720771862530,negative,0.01103227657731924
1274367721870970880,negative,0.00011783843685172226
1274367722688831490,negative,7.703490707335803e-05
1274367722894352384,negative,0.07269367063604237
1274367723133378561,negative,0.2650546152584906
1274367723309420544,negative,2.6827855035795122e-05
1274367723406069760,neutral,0.5136446707795853
1274367724458659841,negative,0.059750747486031236
1274367724710486017,negative,0.06081655062018614
1274367724932804611,positive,0.8534478809400604
1274367725163483142,negative,1.347806542323342e-06
1274367725729693701,negative,7.424403416453545e-07
1274367725868142593,negative,0.0002142748871090228
1274367726149140481,negative,0.02767837041596725
1274367728531505160,negative,0.17085650338555278
1274367729210966016,negative,0.14832880122784453
1274367729433264130,negative,0.03140120920213366
1274367729538142210,negative,0.14282054811843656
1274367729735213059,negative,0.27795901645545074
1274367730070814727,negative,0.15319219507559842
1274367731022925825,negative,0.06081655062018614
1274367731962392578,neutral,0.59014558221084
1274367732050538497,negative,8.430166908984179e-05
1274367732700545031,negative,0.03840963262421248
1274367735351463937,negative,0.17047422705225662
1274367735548477441,neutral,0.6020347380261928
1274367738111238150,positive,0.9793146475891885
1274367738467606528,negative,0.009886347585916493
1274367740283928584,negative,0.0021625795954240763
1274367741395419136,negative,0.0028779006780079394
1274367742242631680,negative,0.02767837041596725
1274367742376894464,negative,0.003548707156191062
1274367742804664320,negative,8.72965302300608e-05
1274367743668768768,positive,0.7354636816357002
1274367743840616449,negative,0.00047922606060738534
1274367744188637188,negative,4.527382835627046e-05
1274367744285323268,negative,3.742873802144244e-05
1274367744658595840,negative,0.018191370886849637
1274367744734003203,positive,0.9955987218591922
1274367745371648001,negative,0.0017586826976394602
1274367746080464898,positive,0.8905818788921918
1274367746470547456,negative,0.0747448965625006
1274367854268362757,neutral,0.6383981162229924
1274367854536732678,negative,0.30418024488029183
1274367855702802434,negative,0.18097169728096155
1274367856453525510,negative,0.09098354592654523
1274367856478748673,negative,0.00016849961727416338
1274367856919097344,negative,0.008426955005723342
1274367858022264833,negative,1.157691023603853e-05
1274367858319990784,negative,0.001631647489729586
1274367858479374336,negative,0.047903838939727356
1274367858768777216,negative,0.08065379533007914
1274367859725078531,negative,0.02299652341105041
1274367859733549056,negative,0.026081311921694068
1274367862883442688,negative,0.0038332517021677833
1274367864171003905,negative,1.5369600853386779e-06
1274367865022447616,negative,0.06982027964909798
1274367865253068800,negative,1.1071183644491722e-08
1274367865769152512,negative,1.2178061358852702e-05
1274367868315058187,negative,7.378820800345565e-05
1274367869149761536,negative,0.19214519749020947
1274367870718431233,negative,0.007977770830218257
1274367872794533888,neutral,0.38561603743117356
1274367875713773573,negative,0.1363585901897884
1274367875961237504,negative,0.0005065264754068146
1274367876066140162,negative,0.04040299124592955
1274367877001252866,negative,0.015859269476485673
1274367877504786433,negative,0.07236462922207484
1274367878607839234,negative,0.003386816938971247
1274367878716960769,negative,8.72965302300608e-05
1274367879606079489,positive,0.7339096058076267
1274367881380270080,negative,0.00014459406381251767
1274367883108405248,negative,0.20851961397943639
1274367883238412289,negative,0.22820882362804987
1274367883414470656,negative,0.003401178487566604
1274367883859185665,negative,0.24985541718027515
1274367884618334209,negative,0.06473475725159313
1274367884672761858,negative,0.16766293142475552
1274367885171982336,negative,5.25933231523432e-06
1274367886388342786,negative,0.1972339802959186
1274367886442860545,negative,0.18097169728096155
1274367886740656128,negative,0.025620310341115962
1274367887059361795,negative,0.04542983052100526
1274367887210356737,negative,0.01865311394732986
1274367887961198592,neutral,0.33787071569071414
1274367888208658432,negative,0.025620310341115962
1274367889278152706,negative,0.2617748389724454
1274367889559228416,negative,4.667504695284219e-06
1274367892579069954,negative,0.19750062137011246
1274367893178900480,negative,5.565775161205283e-09
1274367893497614338,negative,9.930645891503263e-05
1274367893879132161,neutral,0.5017329992396988
1274367894214893569,negative,0.0005272297034888572
1274367894311370753,negative,8.443564912871401e-05
1274367894403637248,positive,0.9232771291195105
1274367895309516800,negative,0.010218433308175692
1274367896123256832,negative,0.30917149132997374
1274367896228167682,negative,0.018191370886849637
1274367896253345792,neutral,0.45320736456123417
1274367896681054209,neutral,0.3771857432159796
1274367897788387331,negative,0.01058061203408373
1274367898467868673,neutral,0.5570590983391689
1274367898514010113,negative,0.05131177697682738
1274367898543325184,negative,0.25472943918112745
1274367899348750336,neutral,0.5495922250151081
1274367899566735360,negative,0.27639685866382874
1274367900493778945,negative,0.07327654202549114
1274367901206810624,negative,0.051388735714927164
1274367901810786307,neutral,0.49789225920557484
1274367901844344833,negative,1.8292137997379553e-07
1274367902301540358,negative,0.003401178487566604
1274367902762913792,neutral,0.449727731624377
1274367903006175233,negative,0.08070720904682722
1274367903115116544,negative,0.06441863133120522
1274367903538831361,negative,0.0009393925054631928
1274367906386784258,negative,0.031658427873248976
1274367906441289729,negative,0.04138212495267522
1274367906604707843,negative,0.002140996844905022
1274367906839580672,negative,0.00016727657880360913
1274367906944561152,positive,0.9691306515467106
1274367906994966529,negative,0.00014459406381251767
1274367907846402049,negative,0.02201085893018373
1274367908869812224,negative,0.005329190758061352
1274367910346178560,negative,0.0212520271115351
1274367911080140801,neutral,0.5731884824750932
1274367911143112705,negative,0.011072112841427813
1274367911340040193,negative,0.01787525430915341
1274367912481095680,neutral,0.3771857432159796
1274367913525460992,negative,0.005297111570065913
1274367913718398976,negative,0.010037368748797492
1274367914209161216,negative,1.2301885596849096e-06
1274367914443968513,negative,0.004252364391102444
1274367914481799168,negative,5.686800183170807e-10
1274367914670505984,negative,0.18097169728096155
1274367915006058497,negative,3.0526796124249032e-06
1274367915203100673,negative,0.11199186793547575
1274367915924566017,negative,0.003401178487566604
1274367916415344641,negative,0.11510964433225435
1274367917795291137,negative,8.72965302300608e-05
1274367917853937664,negative,0.13656221522950338
1274367918294413313,negative,2.425187266183009e-06
1274367918952906755,negative,0.05738731705847255
1274367919800156160,negative,0.003222832135696301
1274367919900766211,neutral,0.4976520693942797
1274367920135684098,neutral,0.42507619662732005
1274367920135712769,negative,5.25933231523432e-06
1274367921158909954,negative,0.26287357984472953
1274367922182295557,negative,0.003401178487566604
1274367922245455875,negative,0.10808802516854968
1274367922379657218,positive,0.9785383096819075
1274367922572611593,negative,0.18097169728096155
1274367922706755585,negative,0.008819765903299467
1274367923105280000,negative,7.880307285489906e-10
1274367923231039490,negative,1.4615736522037113e-06
1274367923247812609,negative,4.059787895110353e-07
1274367923763765257,neutral,0.4844468548418097
1274367924078346254,neutral,0.3771857432159796
1274367924803981313,negative,0.018191370886849637
1274367926578143233,negative,0.019724923213607522
1274367927882526720,negative,0.008556262883540312
1274367929665163270,negative,0.0002142748871090228
1274367929899986944,negative,0.0007699370890113074
1274367930374017024,negative,0.1530116460674819
1274367931586150400,negative,0.02767837041596725
1274367933234450437,negative,0.13172800381638772
1274368033604034560,negative,0.07293032575830828
1274368033876774913,negative,9.305994228402726e-06
1274368034191413248,negative,0.004410409238699903
1274368034879221761,negative,0.00400364794526369
1274368035088936960,neutral,0.38506740305207765
1274368035302801408,negative,0.01787525430915341
1274368035843866624,negative,0.06387919917227507
1274368036351422466,negative,3.0576825011482573e-10
1274368036464660480,negative,0.275958358184994
1274368036544360451,neutral,0.49789225920557484
1274368036749877250,negative,0.00014909865563531976
1274368036993196032,negative,0.07357273963051428
1274368037718810625,negative,0.1237213486482113
1274368040772276224,negative,0.2209358179872127
1274368041632047109,negative,1.1071183644491722e-08
1274368042429022208,negative,3.5879096094454755e-07
1274368042483548161,neutral,0.5288800567823037
1274368042936471554,negative,0.1519519621115061
1274368043725066240,negative,1.1071183644491722e-08
1274368045025316868,negative,4.527382835627046e-05
1274368046245822464,negative,1.5088534003661656e-09
1274368046446940160,negative,0.0002006110528012692
1274368046489100288,negative,0.015437919356216894
1274368046677864449,negative,4.363257631511972e-05
1274368047386591232,negative,0.08646443265598618
1274368048703639553,negative,0.007977770830218257
1274368051132104704,neutral,0.367723429618483
1274368051434139651,negative,0.018191370886849637
1274368052302417920,negative,0.14447850850631486
1274368052755337216,negative,2.69519463750964e-06
1274368054756020225,negative,0.008093287401751588
1274368055368462342,negative,1.9604775243465235e-08
1274368056073039879,negative,0.0001252532143108404
1274368057377521668,negative,0.00014459406381251767
1274368057897607171,negative,1.5890152668448472e-08
1274368059722084354,negative,0.007429235469345096
1274368059961204738,negative,0.00014459406381251767
1274368061173358592,negative,1.9684284881358229e-10
1274368061382983681,negative,0.0038332517021677833
1274368062129651712,negative,0.004956225532482153
1274368062448267264,negative,0.2617529036331704
1274368062595227648,neutral,0.3771857432159796
1274368062804971523,negative,0.22867565931729633
1274368066072334336,negative,0.22820882362804987
1274368066139324417,negative,0.008799787994706888
1274368066248458241,negative,0.023732173558476437
1274368066604990465,positive,0.9891494653124479
1274368067473211392,negative,0.00014459406381251767
1274368068161015808,negative,0.0038332517021677833
1274368069972955139,negative,0.0017586826976394602
1274368070333562880,negative,1.1071183644491722e-08
1274368071055147010,negative,0.0038332517021677833
1274368072007155713,negative,8.72965302300608e-05
1274368073089208321,negative,1.2467588319867987e-05
1274368073638850560,negative,1.4554669640268302e-05
1274368073903063040,negative,0.25864382637040373
1274368074339225602,negative,0.00016440957513249547
1274368074704183296,negative,0.1069586842119138
1274368075127808002,negative,0.22086732492995406
1274368075719217153,negative,0.2003706786885546
1274368076293844992,negative,0.0003452625419116854
1274368076390244353,negative,0.1362801123513256
1274368076847493120,negative,0.00871136587818132
1274368078172827651,negative,0.13790906241702833
1274368078554501121,positive,0.9321069447500138
1274368078701264898,negative,0.24041041695884746
1274368079397519361,negative,0.002259353074375267
1274368079825256448,positive,0.9995845597596971
1274368080198524928,negative,0.01651421831822892
1274368080672624640,negative,1.7525943124999185e-06
1274368080718725120,negative,0.020595061590645856
1274368081423409153,positive,0.7735341685800478
1274368082123907073,neutral,0.6388733437275337
1274368083155546112,negative,5.25933231523432e-06
1274368083998711810,negative,8.72965302300608e-05
1274368084422332416,negative,0.30418024488029183
1274368084938194945,negative,8.659658095838425e-06
1274368085781291010,negative,0.002663400736320488
1274368086091730944,negative,0.018183906102385943
1274368087282810880,negative,0.002667049565336425
1274368087932973057,negative,0.0028779006780079394
1274368087991750662,negative,0.27795901645545074
1274368088327229446,neutral,0.469319943245846
1274368088633479169,negative,0.020384887355742974
1274368088654450688,negative,5.094166772461122e-06
1274368089765928962,negative,0.275958358184994
1274368091699412993,negative,0.2461277473918079
1274368092219506688,neutral,0.4574837226471994
1274368093117190156,neutral,0.5464423174801689
1274368094115225600,negative,1.1071183644491722e-08
1274368094513889283,negative,0.22122416942500223
1274368094685798400,negative,0.0017586826976394602
1274368095407214593,negative,1.0052565293496447e-07
1274368095843495936,negative,0.006501171642686924
1274368096258658306,negative,0.018459133615601957
1274368096464183297,negative,0.061373998146259816
1274368097105973248,negative,0.05839766649021508
1274368098506870784,negative,0.05592593259625326
1274368098620051457,negative,3.426271785563642e-06
1274368099148595200,negative,0.3005420295032887
1274368099496550400,negative,0.025620310341115962
1274368099899314180,negative,0.23730039607300407
1274368100494979073,negative,1.2357879060987934e-07
1274368101442871296,negative,0.012906796717612154
1274368101895868416,negative,0.012281949648163894
1274368103103836163,negative,0.0007657789029331175
1274368103741304834,negative,1.9027470190114964e-05
1274368104022388738,negative,0.01835193527405093
1274368108246044673,negative,0.0786737909430071
1274368109068115968,negative,0.0008115220845677959
1274368109340753920,negative,8.72965302300608e-05
1274368109793730560,negative,2.6483642060587684e-05
1274368110435405824,negative,0.18097169728096155
1274368112461316096,negative,0.021055581760991662
1274368113589526535,negative,0.24526697904671182
1274368115623825408,negative,0.13408729691573984
1274368117662253056,negative,0.0428461477295245
1274368117704179712,negative,0.030736553163160627
1274368117905514497,negative,0.003548707156191062
1274368118169710593,negative,8.665089332995938e-05
1274368118673084418,negative,0.00014459406381251767
1274368225610997767,negative,0.003401178487566604
1274368225812373504,negative,0.00021838611396411366
1274368226747703296,negative,0.17085650338555278
1274368227343249409,positive,0.7213153879216607
1274368227561271296,negative,0.0007699370890113074
1274368227834019842,negative,0.011541445496344588
1274368227947302912,negative,0.1144112494723962
1274368228379279361,positive,0.7746833968675229
1274368228626554881,negative,0.003222832135696301
1274368228899328004,negative,0.012906796717612154
1274368229440356353,neutral,0.3546609550427269
1274368229532631040,neutral,0.3771857432159796
1274368230145089538,negative,0.275958358184994
1274368230849683456,negative,8.309045814134184e-09
1274368231189417985,negative,4.343503644030673e-10
1274368232317566977,negative,4.980270782341126e-05
1274368232762335235,negative,0.00014459406381251767
1274368233123057664,neutral,0.48229247442181244
1274368233580171264,negative,0.29989887323564796
1274368233584418817,negative,0.007977770830218257
1274368234880458754,negative,1.1071183644491722e-08
1274368235358564353,negative,0.29676789564387285
1274368235509624832,negative,0.014021922894019353
1274368236172316680,negative,0.02460594107704766
1274368236465917955,negative,0.13512658337415676
1274368237149384705,positive,0.9777927507592028
1274368239452241920,neutral,0.5495922250151081
1274368239506620416,negative,0.003272111071683277
1274368240513318912,negative,4.045661856198705e-07
1274368240735719424,neutral,0.4190935437062381
1274368240739913728,negative,0.014808333085542958
1274368241394204673,neutral,0.5748011256591811
1274368245294944258,negative,0.2470052762849793
1274368245655654400,negative,0.01835193527405093
1274368246070882304,negative,0.0006270950264846687
1274368248331591680,negative,9.000404904696064e-09
1274368249145294848,positive,0.8168670945334474
1274368249849884672,negative,1.0182558760175423e-09
1274368250026000389,negative,0.007977770830218257
1274368250047070210,negative,0.15987313744692946
1274368251401777152,positive,0.8075090344112367
1274368251905130497,negative,0.05868960347054913
1274368253159247872,negative,7.110705026461166e-06
1274368253943590914,negative,0.03029716498480573
1274368254232985601,negative,0.009371930848625634
1274368255365447682,negative,4.547475594547499e-07
1274368255394820097,negative,0.003548707156191062
1274368256799899649,positive,0.6792494575444393
1274368257882034176,negative,5.441876592263679e-06
1274368257911328770,negative,0.16434891358117396
1274368258318258176,negative,6.063833566625588e-06
1274368259651964931,negative,0.00014459406381251767
1274368260088233984,negative,8.72965302300608e-05
1274368260742365184,negative,0.0020303224103744785
1274368261245636608,negative,0.1801461484119052
1274368262525026316,negative,2.29566763603265e-05
1274368262533533697,negative,0.12221244780383544
1274368263171067909,negative,0.0023763880365369615
1274368263527510016,negative,0.1289135333751782
1274368264748007431,negative,0.07917705969587278
1274368265314336768,negative,5.252465356948966e-06
1274368266333499397,negative,1.1071183644491722e-08
1274368267100909568,negative,4.0088934033799306e-05
1274368267377938433,negative,0.00014770191756130664
1274368267407241219,negative,0.0024708133006010875
1274368267700899840,neutral,0.5089218391833141
1274368268401291265,negative,0.005026785703809783
1274368268933963783,negative,0.3077815025322608
1274368269240197120,negative,4.8304207331914405e-06
1274368269244346368,negative,0.00030373989889860776
1274368269307326464,negative,0.06387919917227507
1274368269563187200,negative,1.787926137486967e-07
1274368271794311175,negative,0.275958358184994
1274368272033615873,negative,0.18097169728096155
1274368272222298119,neutral,0.44351615231568803
1274368272603983873,negative,3.236276686062232e-07
1274368272985718785,neutral,0.48914231246514656
1274368274269011971,negative,0.009736110978518215
1274368274340421633,negative,0.15008579461178942
1274368274957033473,negative,0.000888030240361226
1274368275120566273,negative,1.9684284881358229e-10
1274368275988832256,negative,0.05592593259625326
1274368276185985028,negative,8.115155569938848e-06
1274368276315897858,negative,0.0005272297034888572
1274368276768919553,negative,0.011202788640667266
1274368277184217088,negative,0.0009177032978133025
1274368277809070080,negative,0.01429697145916435
1274368278266368004,negative,5.665791471044828e-09
1274368278559940609,negative,0.043181144552809414
1274368279759458304,negative,0.275958358184994
1274368279990108160,positive,0.6889142375236679
1274368280023625734,negative,0.1608681682475487
1274368280510304257,negative,0.0005272297034888572
1274368281072283650,positive,0.785886593659979
1274368281218957312,negative,0.020384887355742974
1274368285438599169,negative,0.00014459406381251767
1274368286277406720,negative,0.0028779006780079394
1274368286361337857,negative,0.017623910140849238
1274368287028240385,negative,0.0008115220845677959
1274368287246254081,negative,1.1071183644491722e-08
1274368287921537027,negative,6.135319833730487e-05
1274368288391217152,negative,0.003401178487566604
1274368288546533376,negative,1.157691023603853e-05
1274368288785653761,negative,0.030956628250555306
1274368289775509505,negative,0.08169899454708295
1274368290115256321,neutral,0.5434727020798903
1274368290954063873,negative,0.05592593259625326
1274368291046334465,negative,0.05592593259625326
1274368291654578177,negative,0.0038332517021677833
1274368292128505856,negative,0.30661194807306463
1274368292174524416,negative,0.02738764886718594
1274368294024351744,negative,0.004013205724333954
1274368295135821825,negative,0.043831737297527824
1274368295274254336,negative,0.011072112841427813
1274368295630749699,negative,0.06583226526723569
1274368295660072962,negative,0.0009388260183489052
1274368295781588993,negative,0.2799852519493358
1274368296125706241,negative,1.2301885596849096e-06
1274368296347992066,negative,0.2987281981604106
1274368296847097856,negative,7.772660716967922e-09
1274368298164109315,negative,0.017300246140278704
1274368298604527619,negative,0.22820882362804987
1274368299816628229,neutral,0.5682018241847472
1274368299959107584,negative,4.806334679145244e-05
1274368300017991682,negative,0.17423275705894062
1274368300605231106,negative,0.022030875783705134
1274368301406334977,negative,4.527382835627046e-05
1274368301427236868,negative,0.07509577442231544
1274368301511163905,negative,1.1012290020862379e-18
1274368301532164098,negative,1.1071183644491722e-08
1274368302211641348,positive,0.8001684007195702
1274368302765281281,negative,0.06001550414988485
1274368303587373056,neutral,0.4496563656481252
1274368303633444867,negative,0.04176489464594128
1274368304854052864,negative,5.1945351428783333e-08
1274368403625537536,neutral,0.35667185657996286
1274368403684446208,negative,0.01799782501391485
1274368404699459590,negative,0.056330349536888376
1274368404774965250,negative,0.15618205400767673
1274368404850388993,negative,0.13172800381638772
1274368404951105541,negative,0.02201085893018373
1274368405097844737,negative,0.00014459406381251767
1274368405227872257,negative,6.0213757492433695e-05
1274368405601206276,positive,0.9678060465832181
1274368405668130819,negative,0.02767837041596725
1274368406339366914,positive,0.897740620973573
1274368406746169344,negative,0.010082678327203358
1274368406960123916,negative,0.00030373989889860776
1274368407090028547,negative,8.665089332995938e-05
1274368407224238086,negative,0.0007500172644505095
1274368408230993920,positive,0.9995845597596971
1274368409036369920,negative,0.0014323394181743028
1274368409845862400,neutral,0.42121105212828847
1274368409921376258,negative,0.03188103200531316
1274368410055516165,negative,0.0010774206940814721
1274368410256846849,negative,0.0006191815403445545
1274368410466619394,neutral,0.5616511143517063
1274368412152717313,negative,6.095924677044722e-08
1274368412580564994,negative,0.0031789301931205113
1274368412823805954,negative,0.033029096785776514
1274368412874137601,negative,0.006956125721403159
1274368413146787843,negative,0.008999198853825687
1274368413331267585,neutral,0.3422707420485615
1274368413813653504,negative,0.00019155731865910008
1274368416510590976,negative,1.157691023603853e-05
1274368417156521985,neutral,0.5140065290278882
1274368418058289152,negative,1.157691023603853e-05
1274368418070892546,negative,0.002611175597976633
1274368418767089664,negative,0.03528132316399907
1274368419463340032,neutral,0.4507454498615163
1274368421518548998,negative,0.013155108968159484
1274368422026121216,negative,0.007977770830218257
1274368422189596674,neutral,0.42507619662732005
1274368422810443777,negative,0.19461012649440373
1274368423435386880,negative,0.0016309027187468247
1274368423523385347,neutral,0.3877045069708239
1274368423745720323,negative,1.3068102862626842e-07
1274368423997440002,negative,0.1519519621115061
1274368424743927809,negative,0.09398052923454137
1274368424911798273,neutral,0.6020347380261928
1274368425096249345,negative,0.010559481791134074
1274368426111361024,negative,0.00016075684696502613
1274368426220359680,negative,0.12322392787744176
1274368427310841857,negative,0.018191370886849637
1274368427646427136,negative,0.0008226432617978388
1274368427889745927,negative,0.0038332517021677833
1274368428908797953,negative,0.00015780592899662289
1274368429458444291,negative,8.443564912871401e-05
1274368429592588288,negative,0.2864145558920463
1274368429718462464,negative,0.00020574949575704685
1274368429961515008,negative,2.2401560917335618e-13
1274368430641053702,negative,0.32609931831783795
1274368431194812416,negative,0.001588890611681759
1274368435108171776,negative,0.005402909033626645
1274368436353851397,neutral,0.3714189729842916
1274368436517380097,negative,0.29502449652156665
1274368436768997376,negative,0.007977770830218257
1274368437729492993,negative,0.006501171642686924
1274368437976956930,negative,0.05808685403089276
1274368437985382401,negative,0.22082230916661
1274368438178217984,negative,5.602933393556513e-06
1274368438362923008,positive,0.920697326819274
1274368438694273025,negative,1.1534566042510649e-05
1274368438945939456,positive,0.9995845597596971
1274368439516385286,positive,0.897740620973573
1274368440237686785,negative,3.026124029045021e-06
1274368440661401601,negative,6.388094929747092e-05
1274368441101803521,negative,0.24526697904671182
1274368442393649159,negative,2.3703971542985566e-11
1274368443425398784,negative,0.0014970389352693568
1274368445107355651,neutral,0.3771857432159796
1274368445216260096,negative,0.2799852519493358
1274368445669421057,negative,0.00018318249491386306
1274368446373990400,negative,0.0038332517021677833
1274368446998945796,negative,0.016744695634949014
1274368447661527040,negative,0.308199125160694
1274368448055980033,negative,0.0021625795954240763
1274368449205071874,positive,0.9450767238677105
1274368449259737089,neutral,0.5547296206802825
1274368450018803712,negative,0.0023331838442473304
1274368450270580737,negative,1.986742496540334e-13
1274368450509582342,negative,0.016699969447194558
1274368450576748544,negative,1.950336545016808e-05
1274368451344302082,negative,0.05592593259625326
1274368451453296642,positive,0.9995845597596971
1274368451864338432,negative,0.0005685813037834473
1274368453248507905,negative,0.011072112841427813
1274368453982502912,negative,0.220375652546532
1274368456813576192,negative,0.19026180254869957
1274368457358708736,negative,0.13172800381638772
1274368457610416128,negative,0.0016483870389185403
1274368458181009411,negative,0.20216564411249124
1274368458507948032,negative,0.003222832135696301
1274368458524889088,negative,0.19220143425980002
1274368458797527047,negative,0.07357273963051428
1274368459456024582,negative,0.0348612412863753
1274368460043272192,positive,0.7141662565377883
1274368460517146624,negative,0.1204294179840269
1274368461335072768,neutral,0.35470657370756226
1274368462287142915,negative,6.172469870872354e-05
1274368462681518080,negative,2.6483642060587684e-05
1274368462689878017,negative,0.00016440957513249547
1274368462689914881,negative,0.16966087118952902
1274368465344712704,negative,0.31776367965613117
1274368465495826433,positive,0.6801900061851245
1274368465751756800,negative,8.72965302300608e-05
1274368466154409985,negative,1.1071183644491722e-08
1274368467123220481,negative,0.016931648192580653
1274368467697885184,neutral,0.3725137560575877
1274368468184375301,negative,0.0002444994558260727
1274368468398346241,negative,0.0008577138133349334
1274368468599681024,negative,4.527382835627046e-05
1274368469799231488,negative,0.16238354240856034
1274368471984373760,negative,0.0073563778619970925
1274368473012060162,negative,0.0001244057093670675
1274368473817329664,negative,0.0004467296520135169
1274368474090016768,negative,8.72965302300608e-05
1274368474563952641,negative,0.07811133631513113
1274368474941394950,negative,0.10157359620726038
1274368477202190336,negative,0.00014459406381251767
1274368477449482242,negative,0.003401178487566604
1274368477659369478,neutral,0.653125891185729
1274368478431121408,negative,0.0007205096244652608
1274368479680851970,negative,0.023732173558476437
1274368479832014850,negative,0.00011286486660893672
1274368480708608001,negative,0.005799718553069051
1274368483606753280,negative,0.003222832135696301
1274368485695655936,negative,2.6483642060587684e-05
1274368485955600389,negative,1.9027470190114964e-05
1274368486693888000,negative,2.28117063702399e-05
1274368488488841219,negative,0.020384887355742974
1274368488874876929,negative,0.2941380921339833
1274368489160093697,negative,0.003420226946203081
1274368489818595329,negative,0.0004467296520135169
1274368491114676225,negative,0.06081655062018614
1274368594579722240,negative,0.02128815979939078
1274368595062128640,neutral,0.497008268191141
1274368595150213126,negative,0.003401178487566604
1274368595259273218,negative,0.007977770830218257
1274368595557076992,negative,0.05284178532323299
1274368595687022597,neutral,0.5616511143517063
1274368596039385089,positive,0.9260460732612994
1274368596282654720,negative,0.0056750052165004715
1274368597410930695,negative,0.15623317686480467
1274368598363058176,negative,8.72965302300608e-05
1274368598652465153,negative,0.20536691233383958
1274368599852007424,negative,0.00014459406381251767
1274368599927513093,neutral,0.3771857432159796
1274368600305020929,negative,0.31776367965613117
1274368600896348161,negative,0.11531206543918708
1274368601181622279,negative,0.0007321342685305799
1274368601181638656,negative,8.72965302300608e-05
1274368602381193217,negative,0.04950367973121638
1274368603698204672,negative,0.18097169728096155
1274368604306374662,neutral,0.5731202876342024
1274368604717420545,negative,8.72965302300608e-05
1274368605052899329,negative,0.018628346592212967
1274368606122512384,negative,0.18795859623648656
1274368606130839552,negative,0.0005685813037834473
1274368606667759624,negative,0.12880852848602434
1274368606906781698,negative,0.05284178532323299
1274368607997353985,neutral,0.5893967520530378
1274368608446156802,negative,0.15735347160600188
1274368608970342400,negative,0.00014459406381251767
1274368609033347072,negative,0.02767837041596725
1274368609201111042,negative,0.0006472294835621493
1274368609280823296,negative,0.2479414595647752
1274368609897385986,negative,1.1071183644491722e-08
1274368609964433408,negative,0.00016254291762712257
1274368610157264896,negative,0.23871696831429615
1274368611235385346,negative,0.0013019437809008007
1274368612091023360,negative,1.5374981055508165e-05
1274368614414639106,negative,0.003548707156191062
1274368614938927107,positive,0.805151683723719
1274368615056388096,negative,0.0021625795954240763
1274368615479943169,negative,0.004651720786629115
1274368616381779969,negative,0.05738731705847255
1274368617379962883,negative,0.21244379392378032
1274368617937805312,negative,0.006412678952004889
1274368618248224769,negative,0.00025619693601317385
1274368618713755650,negative,0.17884767243686822
1274368619124850691,negative,1.1071183644491722e-08
1274368619682713604,positive,0.897740620973573
1274368619858792448,negative,0.0002093535311861072
1274368619858800640,negative,0.24985541718027515
1274368620303454208,negative,0.011206720203635
1274368620391530496,negative,0.00118972822779887
1274368620618035201,negative,6.782891845557306e-10
1274368620991254529,negative,0.2494447918697339
1274368621704171521,negative,0.19220143425980002
1274368623163912201,negative,0.24041041695884746
1274368623205892099,negative,0.011137901900648837
1274368623415525378,negative,0.05738731705847255
1274368623839232002,negative,3.747570074172927e-08
1274368623847579648,negative,9.624295613315952e-11
1274368623914729473,negative,0.0032277408306585534
1274368623965061124,negative,0.0009357721101924867
1274368624703111170,negative,4.527382835627046e-05
1274368624732536833,negative,0.01789577376672694
1274368625139384321,negative,0.039571347998365994
1274368625298812929,negative,0.023363227279999527
1274368626104184832,negative,0.0028480157765644228
1274368626175475713,positive,0.897740620973573
1274368626749890561,negative,0.00014459406381251767
1274368626913693697,negative,0.020728334146306343
1274368627895144449,negative,2.2387236465525678e-11
1274368627974823945,negative,0.00014459406381251767
1274368628184559618,negative,1.5374981055508165e-05
1274368628213911553,negative,0.007977770830218257
1274368628931117056,negative,5.094166772461122e-06
1274368629161758720,negative,0.30671783696567834
1274368629484728326,negative,0.00023723408988627078
1274368629866455047,negative,0.05294459037491918
1274368629954547712,negative,0.0026987828995552543
1274368630805999617,negative,1.2301885596849096e-06
1274368631208624128,negative,0.17047422705225662
1274368631888101377,negative,0.0007699370890113074
1274368632013946881,negative,0.2700152070006991
1274368632655687693,negative,0.07615328446922616
1274368633423237120,negative,0.02738764886718594
1274368635147075584,negative,0.020986069844840978
1274368635235176449,negative,8.443564912871401e-05
1274368636895981569,negative,3.784040920616155e-07
1274368637076463617,negative,0.0005272297034888572
1274368637361684488,negative,0.0005685813037834473
1274368637571338241,negative,0.057414559448511496
1274368638229917703,neutral,0.3564791009134322
1274368638884208640,negative,0.08143843916779203
1274368639085481991,negative,0.20655204973039962
1274368639232348162,neutral,0.3946660906568613
1274368639328645121,negative,0.011072112841427813
1274368640377331713,negative,0.0038332517021677833
1274368640435884032,negative,5.171794018247275e-07
1274368641325322242,negative,0.003401178487566604
1274368642512191489,negative,0.07357273963051428
1274368642734608386,negative,1.3867585766402055e-05
1274368644370268160,negative,0.14485527586632446
1274368644408016900,negative,0.11186727502242408
1274368645024690177,negative,0.32432961386362386
1274368645641232384,negative,0.004720630566078841
1274368646786297857,negative,2.29566763603265e-05
1274368647079886848,neutral,0.5017543432377519
1274368647478292480,negative,0.06081655062018614
1274368647738294272,neutral,0.5495922250151081
1274368647818104833,negative,0.24526697904671182
1274368650003255297,negative,0.00010472126609286544
1274368650431148032,negative,3.1281831754807364e-05
1274368650477215744,negative,0.007167447606720942
1274368652364713984,negative,0.008617649646159286
1274368652674908162,negative,0.06439436717364623
1274368655053041674,negative,0.023732173558476437
1274368655174905856,negative,0.23872007754166424
1274368655611043841,negative,0.06583226526723569
1274368656315727873,neutral,0.4577266631686934
1274368656613543938,neutral,0.35944904966017804
1274368656743501825,negative,0.13331246529389748
1274368657150312456,negative,4.409683412435902e-12
1274368657322151943,negative,0.00010186640213302247
1274368657687293954,negative,1.1257989752191355e-06
1274368658458980352,negative,8.079103411050747e-06
1274368660421988357,neutral,0.4199323532222579
1274368660518383617,negative,0.0005685813037834473
1274368660539392000,negative,0.0038332517021677833
1274368661466361856,positive,0.7354636816357002
1274368662011551751,negative,0.0004683816627853957
1274368662175125504,negative,8.068757663288733e-07
1274368662552678402,negative,0.08531661532942852
1274368664242917381,negative,0.005869730304047092
1274368664612020229,negative,0.00014459406381251767
1274368664733659136,negative,1.1257989752191355e-06
1274368664796647428,negative,0.034738492609934106
1274368666214203393,positive,0.785886593659979
1274368667204149248,negative,0.18795859623648656
1274368667241844736,negative,7.615688003177927e-08
1274368668152016896,negative,0.032393489903415555
1274368668177248256,negative,0.0005685813037834473
1274368668470661122,negative,0.23871696831429615
1274368669980729345,negative,0.17058049642094386
1274368669980790789,negative,0.22082230916661
1274368670911860739,negative,0.00014459406381251767
1274368672006582273,negative,0.004530989721029006
1274368672618950661,negative,0.0006689480483572178
1274368673113935872,negative,0.04032251072908408
1274368673403281409,negative,1.1071183644491722e-08
1274368673650786306,negative,0.06421751957122364
1274368674305056769,negative,0.00023109350793518112
1274368674682585088,negative,0.008617649646159286
1274368674787360768,negative,0.00014459406381251767
1274368675634647042,negative,8.269755240680847e-05
1274368676762976257,negative,0.04267170159734459
1274368785231884291,negative,0.0014385367453438058
1274368786066485248,positive,0.7486319014083611
1274368786976694272,negative,0.05284178532323299
1274368787547119617,negative,0.00014459406381251767
1274368787857498113,negative,0.17058049642094386
1274368788474007553,negative,0.18795859623648656
1274368788901834752,negative,1.3886974774633968e-08
1274368788939583488,negative,0.25737877578022383
1274368789593886721,negative,0.01591061000682992
1274368790206300160,negative,0.0055019232307196445
1274368790650933251,negative,0.002007036588743973
1274368791326179328,negative,0.00014459406381251767
1274368791863087106,negative,0.18097169728096155
1274368793255575553,negative,2.2739793040373134e-07
1274368793591140354,neutral,0.5430357635287411
1274368793893130241,negative,0.06081655062018614
1274368794073366528,neutral,0.44163417844180597
1274368794593570821,negative,0.2181482632986629
1274368794962677760,negative,0.00264557325542983
1274368795306528768,negative,1.4256722780997825e-05
1274368795369517057,negative,8.443564912871401e-05
1274368795751170048,neutral,0.3678815338255579
1274368796116033536,negative,0.005112984689227128
1274368796187406337,negative,5.14374691284092e-12
1274368796896243713,negative,0.07950576761121148
1274368799228248064,negative,0.050983776819611026
1274368799681253377,negative,0.23709106776881617
1274368800209735680,negative,0.24526697904671182
1274368800377507840,positive,0.9353106167917037
1274368800918573057,negative,0.0018335729042643976
1274368801333751809,negative,1.157691023603853e-05
1274368801728090112,negative,4.259788503959011e-06
1274368801962889216,negative,0.006695724251748253
1274368803078627328,negative,0.04267170159734459
1274368803997020160,negative,0.010666162024303805
1274368804064198657,negative,0.01755029962630528
1274368804152381440,negative,0.0052262599997035504
1274368804273840130,positive,0.9801610050403232
1274368804538257408,negative,0.05284178532323299
1274368804840243201,negative,0.194756570736795
1274368805448192001,negative,0.09512561742211352
1274368805658075137,negative,0.32346768535327475
1274368806551539713,negative,0.018191370886849637
1274368806757060608,negative,0.00014459406381251767
1274368808275279877,negative,0.00010472126609286544
1274368809063702528,negative,8.166103987886425e-05
1274368809068122115,negative,0.048621714048331786
1274368809785319424,negative,0.12362552370454749
1274368810594828288,negative,0.11827586220372578
1274368810720657412,negative,0.00015709794926805466
1274368810942955520,negative,9.211661416771815e-07
1274368811370786816,negative,0.0005685813037834473
1274368811706331139,negative,0.18795859623648656
1274368811748245504,negative,0.00014459406381251767
1274368812876476417,negative,0.003222832135696301
1274368813635702784,negative,0.01911468365754559
1274368814197747713,negative,0.00012213260424874897
1274368814675832832,negative,0.32432961386362386
1274368814931730434,negative,3.0394622863917562e-05
1274368816005427201,negative,0.025620310341115962
1274368816206827520,negative,0.00010472126609286544
1274368816496197632,negative,0.018191370886849637
1274368816613593089,negative,0.003401178487566604
1274368818220011522,negative,0.14956441710138726
1274368819067342849,negative,0.0008115220845677959
1274368820183011332,negative,0.00014459406381251767
1274368820283674624,negative,0.0005685813037834473
1274368820707295233,positive,0.8173720143617573
1274368821139292160,negative,2.6483642060587684e-05
1274368822397591552,negative,0.275958358184994
1274368823152476160,neutral,0.5495922250151081
1274368823643328515,negative,0.003548707156191062
1274368823785750530,negative,0.03170159498115401
1274368824117248001,positive,0.6877670096420461
1274368825702653959,negative,0.011502445942600838
1274368826562490369,negative,0.21663218523124433
1274368828034691072,negative,0.057801679771255055
1274368828311388160,negative,0.017547786362967024
1274368829355970560,negative,0.1466716355603242
1274368829737623554,negative,0.0015542523768856578
1274368829876047872,neutral,0.4190935437062381
1274368831042060289,negative,0.007977770830218257
1274368831675346945,negative,0.07026312823538254
1274368832421810177,negative,0.22383214724571712
1274368833323745280,negative,0.05592593259625326
1274368834296786945,negative,0.1008595673337973
1274368835022401536,negative,0.00041236373767339135
1274368835395747841,negative,6.464292682003512e-06
1274368836284841984,negative,4.527382835627046e-05
1274368836326666241,negative,0.09867589423962932
1274368837081849856,negative,0.013668463977399807
1274368837560000512,positive,0.9985502527648222
1274368839229353984,negative,0.07093600664242929
1274368839980060674,negative,0.19967979051066695
1274368840810598400,negative,0.001588890611681759
1274368840877703169,negative,0.2494447918697339
1274368841175445504,negative,1.8183334723520513e-06
1274368841590734859,negative,1.5748033910104097e-05
1274368842228269059,negative,0.0052490569129828146
1274368843025190912,negative,0.0001947294147865597
1274368843452952582,negative,0.06583226526723569
1274368843612336128,negative,0.32950822503816823
1274368844275101696,negative,0.0007173677558170342
1274368845118148611,negative,0.006306552138510204
1274368845952712704,negative,6.506626823999675e-05
1274368847261372417,negative,0.06081655062018614
1274368847366193154,negative,0.006351232032840391
1274368848838430720,negative,3.594514495542417e-06
1274368849018793984,negative,0.22082230916661
1274368849245282304,negative,1.2258934780990671e-05
1274368849404665859,negative,7.628966914006145e-07
1274368849991929856,negative,0.18795859623648656
1274368850520354817,negative,7.52892788386854e-06
1274368851795480579,negative,0.05250382181698612
1274368852248363009,negative,1.6536122917545194e-05
1274368852546158597,negative,0.005477163191938989
1274368852948893696,negative,0.00013627918167365493
1274368853804548097,negative,0.0005343962984163097
1274368853875646464,negative,0.07917705969587278
1274368854739820545,negative,8.72965302300608e-05
1274368857197760517,negative,3.9109252862674885e-07
1274368857336094726,negative,0.0007982016319438922
1274368857432633344,negative,0.005784970917732943
1274368857906577409,negative,0.009956131647036926
1274368857977864192,negative,0.003736639099446076
1274368858296549376,negative,0.07509577442231544
1274368858300841985,negative,0.00020719878015092156
1274368858682527746,negative,7.378820800345565e-05
1274368859160449024,negative,0.001044330865577655
1274368859521376257,negative,5.8690715746459506e-05
1274368859999473665,negative,0.00014459406381251767
1274368860154544129,negative,0.0012805245451291386
1274356330380197888,negative,0.04185013216917684
1274356330514522112,negative,0.0027228344547216904
1274356333807120384,negative,0.0520152152069686
1274356334985728000,negative,1.2322869605105206e-09
1274356336256417792,negative,0.00019001368569918425
1274356336952840192,negative,1.5819604821985357e-13
1274356337007181826,neutral,0.5739342324320869
1274356337904742401,negative,0.0001010021386585408
1274356338454216705,negative,1.1796656333928152e-06
1274356338882199554,negative,0.012440540256762776
1274356341738549253,negative,2.1955606691214843e-08
1274356351607672840,negative,6.587344403837914e-08
1274356352970829825,negative,0.001214630087769721
1274356355713957889,negative,0.004575208838078723
1274356358717071361,negative,2.647011373442955e-06
1274356360931663875,negative,4.633640968126435e-06
1274356361594376192,negative,9.278986251424944e-09
1274356373149691904,negative,0.03808132109721348
1274356374298820608,negative,0.001214630087769721
1274356376345751552,negative,0.0046483597329023945
1274356378199564290,negative,0.19306068857810157
1274356379562713090,negative,8.31061183648304e-06
1274356381500538887,negative,2.0613353436910036e-06
1274356382142259200,negative,0.001214630087769721
1274356383555649538,negative,0.0013222534585124086
1274356387292655617,positive,0.8585319019276769
1274356388437938177,negative,0.005603851119733727
1274356388844756993,negative,0.0023732456344530395
1274356394834169856,negative,4.2315861434914006e-05
1274356402547556354,negative,0.002937818634226141
1274356402899779585,negative,0.0046483597329023945
1274356402929242112,negative,1.0500399843744943e-06
1274356403868663808,negative,2.197833886320578e-07
1274356410973851650,negative,8.825949013818286e-07
1274356415742857217,negative,0.03808132109721348
1274356416158015488,negative,3.0526796124249032e-06
1274356426383790080,negative,0.0023732456344530395
1274356437578366976,negative,0.0046483597329023945
1274356438354341888,negative,0.07840485291622099
1274356441634287619,negative,0.00018281289904612013
1274356443148410886,neutral,0.3765887184902489
1274356443442024449,negative,2.647011373442955e-06
1274356443815317505,negative,0.026531555440321198
1274356444922548228,positive,0.8753660548112631
1274356445291728899,negative,0.00016913816880183795
1274356448554876928,negative,0.002034817216930656
1274356449318178817,negative,2.1040303929729895e-07
1274356451503415296,negative,0.00013360198200135088
1274356451889287169,negative,0.246093511614023
1274356454821150725,negative,0.246093511614023
1274356468146290689,negative,9.277355319603435e-07
1274356472756011009,negative,0.0006618359689684027
1274356474190446592,negative,3.8699960539259994e-07
1274356474249187330,negative,0.00031800923990520633
1274356477755641856,negative,4.258812420028021e-05
1274356478204350465,negative,0.0009899995142441964
1274356480230055937,negative,0.013411909187252716
1274356481903771654,negative,2.647011373442955e-06
1274356483996749824,negative,0.01024459341701663
1274356484239917057,negative,0.0003844295905872207
1274356484743323651,negative,0.09385286944032896
1274356488979525639,negative,0.013411909187252716
1274356490585862144,negative,0.006535836344641746
1274356491374530561,negative,0.01024459341701663
1274356491689103361,negative,0.3252691964281219
1274356494377660416,negative,2.9119647760226145e-12
1274356495115857926,negative,0.0003676660137190248
1274356496915193859,neutral,0.6567552400637309
1274356504548671490,negative,1.7443248753538276e-06
1274356506977357827,negative,0.004066909692275981
1274356508185280520,negative,0.0023732456344530395
1274356509397471232,negative,0.04508793175479512
1274356510253072384,negative,0.012378984482992872
1274356515185573889,negative,0.00699351138358601
1274356517962158080,positive,0.730093211803918
1274356521233715201,negative,0.004575208838078723
1274356528125022209,negative,0.04508793175479512
1274356528355696641,negative,7.42288934527898e-06
1274356536865849345,negative,0.006535836344641746
1274356538329751558,negative,4.078501762779199e-05
1274356546768601089,negative,0.005353570818145252
1274356555840815106,negative,2.8091241910724737e-08
1274356556021338113,negative,3.4826126716687444e-05
1274356557828911104,negative,3.554984832959518e-07
1274356557996752896,negative,0.013411909187252716
1274356563734659075,positive,0.7356956050444862
1274356572685139969,negative,0.013411909187252716
1274356573087969281,negative,8.334576384604936e-07
1274356574400794630,negative,2.647011373442955e-06
1274356575407407104,negative,3.4407236518659996e-06
1274356578859331589,neutral,0.5172452140122349
1274356579786280960,negative,0.0046483597329023945
1274356580427988993,negative,0.25082162104900946
1274356580830642176,negative,1.4989880944345726e-08
1274356581514326016,negative,4.857101501462329e-08
1274356582055280640,negative,0.0006097375074609494
1274356582613049347,negative,0.04185013216917684
1274356590125084673,negative,0.0023732456344530395
1274356591962329088,negative,0.00012227106629769042
1274356594529243137,negative,0.16150281985058756
1274356596282458122,negative,5.906727048384814e-07
1274356599381848064,negative,0.010289711079736147
1274356600346681345,negative,0.0023732456344530395
1274356601667964929,negative,0.19424638560253568
1274356607451893760,negative,0.0009661694643011246
1274356610018807814,negative,1.0576728426970139e-06
1274356620080877569,neutral,0.5381380119166523
1274356622316515328,negative,0.06451771866089863
1274356622421372929,negative,1.261688821534253e-10
1274356625860632576,negative,0.03923783672127381
1274356629295845378,negative,0.08464219060598539
1274356632365891584,negative,0.0023732456344530395
1274356633565638659,negative,0.045777321671817396
1274356636702978049,negative,4.419820265979749e-16
1274356636971302913,negative,2.743413772852866e-06
1274356637764063232,negative,0.30555522804130253
1274356641182502912,negative,5.608111607943168e-07
1274356641396228099,negative,0.006535836344641746
1274356643803869190,negative,0.008830067912258075
1274356645997535238,negative,0.01024459341701663
1274356647310364682,negative,1.1257989752191355e-06
1274356653878632449,negative,0.045777321671817396
1274356654570602497,negative,0.29150453131543796
1274356668654968833,neutral,0.49789225920557484
1274356671595327489,negative,1.1122922624814137e-06
1274356675441496066,negative,0.014608762581587435
1274356676880142337,neutral,0.49789225920557484
1274356676892786688,negative,6.026558425941466e-08
1274356677060501504,negative,9.994116172352821e-08
1274356679602311169,negative,0.0023732456344530395
1274356679635853322,negative,0.0017481632974202196
1274356682739593218,negative,0.0010230008526092506
1274356683129700353,negative,0.00047502808479660594
1274356688175464456,negative,4.1037770878237455e-06
1274356689223942144,negative,0.00034043396058922493
1274356696178180098,negative,0.0004544399167799443
1274356699080638464,negative,2.647011373442955e-06
1274356700401635328,negative,0.027794782325965217
1274356701035184128,negative,0.014952558366468466
1274356701307842560,negative,0.04508793175479512
1274356709897707520,negative,0.00024188674243124755
1274356710061355009,negative,1.0126775962092723e-12
1274356714490466306,negative,0.0033120343898480897
1274356715262111744,negative,0.011189033063600098
1274356715769774081,neutral,0.561083072543564
1274356719741779968,negative,0.004610604540025917
1274356722233217024,negative,0.013411909187252716
1274356724384882688,negative,6.957609568855938e-07
1274356725932601347,negative,8.31061183648304e-06
1274356727966769152,negative,0.001214630087769721
1274356729963261952,positive,0.9084931927695996
1274356730005258242,negative,0.02151181683702445
1274356732416966656,negative,4.374780112073493e-07
1274356735382376449,positive,0.6876440734126174
1274356735877296129,negative,7.968958110541181e-05
1274356737672384513,negative,8.735427389220205e-08
1274356741682192384,negative,0.19306068857810157
1274356741862539265,negative,1.9550576460603066e-12
1274356741988323329,negative,0.06451771866089863
1274356747080290304,negative,0.0046483597329023945
1274356748099387392,negative,0.01024459341701663
1274356754315448320,positive,0.9954557571646541
1274356765484867584,negative,0.0023732456344530395
1274356769691754496,negative,0.01024459341701663
1274356769901498369,negative,0.00013360198200135088
1274356770677436418,negative,0.0003501986384738758
1274356771587588096,negative,0.053228618929929916
1274356776050327554,negative,0.0023732456344530395
1274356777841233920,negative,0.005624663025576122
1274356781691650048,negative,0.01941283606262749
1274356784736677888,negative,0.00699351138358601
1274356787714670592,negative,0.17442877180841362
1274356789744734209,negative,7.522854067835918e-09
1274356795654496259,negative,0.0023732456344530395
1274356796208156674,negative,0.07376559775495921
1274356796770172930,negative,0.01024459341701663
1274356800473698310,negative,0.0002902172244072003
1274356801128091648,negative,0.12427339426074786
1274356801178406913,negative,0.00012227106629769042
1274356807889281025,negative,0.002947646382860306
1274356809172570114,negative,6.23279449720613e-05
1274356809462157312,negative,0.0033120343898480897
1274356813618651140,negative,3.7400143792891702e-06
1274356815363481604,negative,0.0033120343898480897
1274356818144362497,negative,0.0023732456344530395
1274356822997110784,negative,6.957609568855938e-07
1274356824289030144,negative,0.0023732456344530395
1274356829007622147,negative,0.045777321671817396
1274356832497045504,negative,0.09962396896545929
1274356834363756545,negative,0.04185013216917684
1274356837043908608,negative,0.0003353586286657626
1274356839812120576,negative,0.004758395707370018
1274356840789352450,negative,4.224925394650093e-06
1274356843431768064,negative,0.01309164324206309
1274356843561865216,negative,0.23056902331394544
1274356845180837894,negative,0.0030015481702464772
1274356846489468928,negative,1.1122922624814137e-06
1274356853040914433,negative,0.0009950456547681082
1274356853330362375,positive,0.8585319019276769
1274356854555058179,negative,0.0046483597329023945
1274356857587580929,negative,0.045777321671817396
1274356858401193989,negative,0.005126049327882678
1274356862289358848,negative,0.003435560058755304
1274356864684380160,negative,0.027481345614923772
1274356867981094917,negative,1.6056806771952242e-06
1274356869730127876,negative,9.47322547866536e-08
1274356869897822217,negative,0.08107418552933383
1274356873211363330,negative,0.16228478120870543
1274356874205433857,negative,2.647011373442955e-06
1274356875425984514,negative,0.005095020809848187
1274356876206051331,negative,0.00047502808479660594
1274356877086908417,negative,0.0007113050579235041
1274356878185762816,negative,0.045777321671817396
1274356883978178560,negative,0.01024459341701663
1274356885987213312,negative,6.371010231833378e-12
1274356893008293888,negative,1.0576728426970139e-06
1274356893046145029,negative,0.045777321671817396
1274356901451628545,negative,3.554984832959518e-07
1274356904362487809,negative,0.19143840803003323
1274356905897590786,negative,0.045777321671817396
1274356909437575171,negative,0.045777321671817396
1274356914814701569,negative,0.004066909692275981
1274356918803447809,positive,0.730093211803918
1274356919432556544,negative,0.0030015481702464772
1274356920019759104,negative,0.0023732456344530395
1274356931671592960,negative,3.8000522162167687e-07
1274356937476497408,negative,4.2328624797696396e-07
1274356943587553285,negative,0.00034043396058922493
1274356944812347393,negative,0.07309633983547423
1274356946913710080,negative,2.8270925325112513e-06
1274356946972430336,negative,1.7882486069297716e-05
1274356950227210241,negative,0.03811975393705304
1274356950424305665,negative,0.0025244154240155283
1274356950516588545,negative,0.02567689617816464
1274356953742020608,negative,0.0009661694643011246
1274356954094358529,negative,2.647011373442955e-06
1274356956904505345,negative,0.06148393507911382
1274356967482560513,negative,0.026531555440321198
1274356969197965312,negative,0.015062011450280598
1274356973014790145,negative,8.131997553542855e-05
1274356973396463616,negative,0.000871841942197334
1274356973920595968,negative,0.045777321671817396
1274356977129279491,negative,0.0046483597329023945
1274356978001862657,negative,0.03808132109721348
1274356978291298305,negative,0.12860790690477958
1274356979536990209,negative,0.00036663808369799013
1274356979968999424,negative,0.013132492129981719
1274356981814505472,negative,0.03551156843960681
1274356983865507840,negative,0.0016612277513369175
1274356986969194497,negative,0.0670970100174399
1274356987350994951,negative,0.013411909187252716
1274356989045485574,negative,1.7566849901268416e-05
1274356997161443328,negative,0.0002702992916270752
1274356999187292162,negative,0.0014385367453438058
1274357001708019712,negative,0.17442877180841362
1274357004874760195,negative,0.0066375938938958694
1274357007085166595,negative,0.0023732456344530395
1274357013334626305,negative,0.0011048907135711014
1274357014311960579,negative,1.3078483686775047e-10
1274357023686168577,neutral,0.3734982865378475
1274357027129745408,negative,0.002947646382860306
1274357031550550018,negative,3.304724437117646e-05
1274357048881352710,negative,0.013998716497829841
1274357053893599232,negative,2.647011373442955e-06
1274357054468169728,neutral,0.4862442720152611
1274357057798496261,negative,1.462279423217315e-05
1274357063922180096,negative,1.7818538254827365e-05
1274357064844955648,negative,0.03321312685691563
1274357069911646212,negative,0.08819987503615076
1274357083585085441,negative,6.994169941215318e-06
1274357088014254085,negative,0.008794216229143243
1274357094418993153,negative,0.0033120343898480897
1274357096247590912,negative,0.001413565836202769
1274357096960659459,negative,0.02567689617816464
1274357099728900096,negative,0.007297576028631271
1274357101406674946,negative,0.002188174674675091
1274357107853275139,negative,2.1278100468149785e-08
1274357109749092356,negative,3.8000522162167687e-07
1274357111678537728,negative,0.01024459341701663
1274357112966131715,negative,0.0014714205018949284
1274357118842404873,negative,0.08826221692494869
1274357121769975808,negative,0.00010286635451016191
1274357123573600256,negative,0.006535836344641746
1274357125305774083,negative,0.007321434686180349
1274357125322604544,negative,0.0023732456344530395
1274357126144634882,negative,0.02094008784455701
1274357128250056706,negative,0.00699351138358601
1274357131135811585,negative,0.045777321671817396
1274357136349429760,negative,0.004575208838078723
1274357137528012803,negative,0.00028121726736893786
1274357139969114112,negative,6.130187161112413e-08
1274357144482168833,negative,6.274253905974365e-08
1274357151620673538,negative,0.08678406228101
1274357151679557634,negative,0.00019731891257500562
1274357153764192260,negative,0.005258645158455332
1274357157106982913,neutral,0.5442709927133846
1274357158952534017,negative,0.006195853787412943
1274357161896837120,negative,2.647011373442955e-06
1274357162551259136,positive,0.8585319019276769
1274357162811314177,negative,7.787247008468815e-05
1274357167366328325,negative,0.0019375576009374052
1274357169463402497,negative,0.11189504394899914
1274357169618550790,negative,8.131997553542855e-05
1274357169685700608,negative,0.0023732456344530395
1274357170818220035,negative,0.004575208838078723
1274357171376046081,negative,0.002188174674675091
1274357175754919938,negative,0.0023732456344530395
1274357177445224448,negative,0.146212893578679
1274357180314025986,negative,0.0014385367453438058
1274357188941791232,negative,0.20089410784214784
1274357190938132480,negative,3.321335504632736e-05
1274357200841039872,negative,1.462279423217315e-05
1274357204406108160,negative,0.00024230205770278129
1274357204905312256,negative,0.0008912635868117717
1274357217286856705,negative,6.623407311759133e-06
1274357218905817088,negative,6.329995677663389e-06
1274357221497896962,negative,2.647011373442955e-06
1274357222340988932,negative,0.0006618359689684027
1274357224702345218,negative,0.0014385367453438058
1274357225016999937,negative,0.00036477540815347414
1274357225075728389,negative,1.4574657464643485e-07
1274357226438877187,negative,8.131997553542855e-05
1274357228930248706,negative,2.647011373442955e-06
1274357229290995714,negative,0.24217142162770317
1274357235137810432,negative,0.005353570818145252
1274357236094164992,negative,0.0046483597329023945
1274357238627532802,negative,0.045777321671817396
1274357238958821383,positive,0.9084931927695996
1274357242477924352,negative,0.002947646382860306
1274357247863222273,negative,5.970336621947144e-06
1274357248979095553,negative,0.024782059259616553
1274357249180405763,negative,0.01024459341701663
1274357250027671553,negative,0.0026143148677457016
1274357254226161666,negative,0.17442877180841362
1274357256121966599,negative,4.1498958625698795e-05
1274357267459121153,negative,0.00976303112135586
1274357270466498560,negative,0.0006618359689684027
1274357271577997315,negative,0.0059608690101698334
1274357272404267009,negative,0.03808132109721348
1274357279018618881,negative,5.160360248869651e-06
1274357281971462144,negative,0.08826221692494869
1274357286539079681,negative,0.0003353586286657626
1274357288430600194,positive,0.8585319019276769
1274357289168838659,negative,0.0006618359689684027
1274357296714432513,negative,0.002034817216930656
1274357296844247041,negative,0.006535836344641746
1274357298257944577,negative,0.006535836344641746
1274357305337942019,negative,0.06526987126956774
1274357306122256384,negative,7.921580231453334e-05
1274357309507080192,negative,0.06131427537591488
1274357314615721990,negative,5.089591544019769e-05
1274357314909360130,negative,0.00976303112135586
1274357318302535680,negative,0.01024459341701663
1274357323696353282,positive,0.6797187448077961
1274357325567049728,negative,0.0033120343898480897
1274357339647365121,negative,0.004575208838078723
1274357340536528896,neutral,0.48864203577087373
1274357342310666241,negative,0.0015847378035844333
1274357342721761282,negative,4.592623725848183e-07
1274357347297767429,negative,0.00023238250679829745
1274357352720973827,negative,1.277621354795027e-07
1274357356067983361,negative,3.658724195817474e-10
1274357359373168643,negative,0.00011662017192503462
1274357360903872512,negative,0.0025244154240155283
1274357361969369089,negative,0.00937980767477089
1274357364561453056,negative,1.1585500839753986e-07
1274357377907789825,negative,0.19413116214590184
1274357378847313921,negative,0.022333942652277596
1274357379275067393,neutral,0.39259827893877663
1274357381976252419,negative,0.01024459341701663
1274357386564849669,negative,0.06195441624776564
1274357386963308545,negative,0.0006141545427556269
1274357389513408513,negative,2.647011373442955e-06
1274357390016643074,negative,0.07796273413362048
1274357391124029445,negative,2.7803244788446375e-12
1274357393082798081,neutral,0.41419892407341086
1274357397377687552,negative,0.01024459341701663
1274357399369981952,negative,0.02516504427049136
1274357399835619329,negative,0.012617172267407096
1274357410581405698,negative,0.003771785175577848
1274357411139092481,negative,0.02237350599281459
1274357411399249927,neutral,0.3996580091506196
1274357415517908992,negative,0.046338677010152145
1274357418584158213,negative,4.592623725848183e-07
1274357419779522560,negative,4.592623725848183e-07
1274357422090526722,negative,0.045777321671817396
1274357428033904640,negative,0.25082162104900946
1274357432232312839,negative,0.3252691964281219
1274357437257199616,negative,0.011796386630435448
1274357440436371456,negative,3.304724437117646e-05
1274357442256592898,negative,3.911303693610501e-06
1274357444521721857,negative,0.0008912635868117717
1274357445750484994,negative,0.0003969260820024506
1274357448518885376,negative,1.7452375077093067e-09
1274357449919692801,negative,2.3506781453270954e-08
1274357450590822402,negative,0.3252691964281219
1274357453191294981,negative,2.647011373442955e-06
1274357455338823680,negative,0.004066909692275981
1274357464574590978,negative,0.013998716497829841
1274359981228294145,negative,0.0030815074520384703
1274359982323007489,negative,2.0180404453172196e-10
1274359984726454272,negative,5.507364702208033e-05
1274359992536240129,negative,0.00019516053996559288
1274359994209701888,negative,5.420415997840538e-11
1274359996659220480,negative,2.0260555091847292e-06
1274360002329939970,negative,0.246093511614023
1274360002946510848,negative,0.0030015481702464772
1274360008134852608,negative,4.068245269745842e-06
1274360008420065281,negative,1.7896106539325036e-10
1274360009372119042,negative,0.02711216811102795
1274360009837641737,negative,0.006245142594431728
1274360010391330816,negative,1.7893383191198801e-09
1274360012371001352,negative,3.022747642379124e-11
1274360013381828609,negative,0.006535836344641746
1274360016833839105,negative,0.3252691964281219
1274360018096324611,negative,1.8360285563636294e-09
1274360019232985088,negative,0.00012801942955251822
1274360019618869248,negative,0.0023732456344530395
1274360019782455297,negative,0.001214630087769721
1274360020151476226,negative,0.046790912318259846
1274360021963374596,negative,8.705916356899873e-07
1274360024350035970,neutral,0.3383839213138075
1274360026585595904,negative,0.01024459341701663
1274360027294445568,negative,8.705916356899873e-07
1274360030507282433,negative,8.705916356899873e-07
1274360033015476234,negative,1.1257989752191355e-06
1274360035792084995,negative,0.0023732456344530395
1274360035934699520,negative,0.011836058119408356
1274360035959865344,negative,1.887758847830497e-05
1274360035976663041,negative,4.2328624797696396e-07
1274360036983296000,negative,8.776275665459857e-07
1274360038325288962,negative,0.0023732456344530395
1274360040909086720,negative,0.01024459341701663
1274360041685094400,negative,4.197309536925653e-05
1274360042213511169,negative,5.0123899425986075e-08
1274360042440069120,negative,7.787247008468815e-05
1274360052783120385,negative,8.705916356899873e-07
1274360054263812097,negative,0.05986297584571093
1274360055941541889,negative,0.07799641543938073
1274360063071784961,negative,8.705916356899873e-07
1274360069430394880,negative,0.01024459341701663
1274360076912951296,negative,3.3245896974668055e-05
1274360077403729920,negative,0.01024459341701663
1274360081983963136,negative,0.0034878666048113586
1274360082063601664,negative,0.06148393507911382
1274360084836093953,negative,6.957609568855938e-07
1274360086643826690,negative,1.042973902035493e-05
1274360087025500162,negative,0.0046483597329023945
1274360091756691456,negative,0.246093511614023
1274360091890892805,negative,1.1250214586008203e-06
1274360092603805701,negative,0.006535836344641746
1274360095221133316,negative,5.627746280201556e-13
1274360096391299072,negative,0.02094008784455701
1274360103265656837,negative,0.0023732456344530395
1274360103353954304,negative,8.373504644171e-05
1274360104264044545,negative,0.03157906758371036
1274360105572675586,negative,3.8000522162167687e-07
1274360111566290946,negative,0.10728509225597545
1274360117648076800,negative,0.2955897472253863
1274360118214361088,negative,0.11422668209073952
1274360118721884160,negative,0.01024459341701663
1274360121221660672,negative,6.957609568855938e-07
1274360123608178688,negative,0.01024459341701663
1274360133737418752,negative,6.240335665353627e-05
1274360136690208770,negative,3.133714683536121e-06
1274360140871995394,negative,0.015150966310370325
1274360143476658176,negative,1.3350007150859448e-05
1274360144957247492,negative,0.06451771866089863
1274360146366431234,negative,0.0752366985365965
1274360146634964993,negative,2.9452267565671403e-08
1274360152435630081,negative,0.0023732456344530395
1274360157514928129,negative,0.00038489792892547467
1274360157863100416,negative,0.11422668209073952
1274360159775731712,negative,4.3516231228467614e-07
1274360160320880640,negative,0.0046483597329023945
1274360160769712128,negative,0.08826221692494869
1274360164150398977,negative,0.3252691964281219
1274360170227916802,negative,0.0005496302367822342
1274360170869657600,negative,0.0023732456344530395
1274360177274257409,negative,1.3993118719126718e-10
1274360178343915520,negative,3.3165071712008695e-08
1274360182018015237,negative,0.00699351138358601
1274360182877847553,negative,4.2328624797696396e-07
1274360187135156224,negative,0.00036202959876858163
1274360187177046018,negative,0.00024188674243124755
1274360191618859008,negative,0.26044708285551055
1274360193703448576,negative,3.0747300727304183e-06
1274360198166188032,negative,0.045777321671817396
1274360199432806400,negative,4.633640968126435e-06
1274360204893794305,negative,0.015258206159699025
1274360205283864582,negative,1.1257989752191355e-06
1274360205992697856,negative,0.00011978606638147568
1274360210136711169,negative,5.906727048384814e-07
1274360219016060930,negative,0.04823696671773264
1274360220689539074,negative,0.0023732456344530395
1274360223453646849,negative,0.00826897223468063
1274360224405733377,negative,0.0996727596219591
1274360232454639616,negative,9.156532722939842e-07
1274360239274504200,negative,0.0008100535730314867
1274360239454855169,negative,0.0030015481702464772
1274360249814855680,negative,0.01024459341701663
1274360258857701377,negative,0.02564934070935634
1274360265249865730,negative,0.00014550898905004293
1274360266705244160,negative,0.0046483597329023945
1274360267443503104,negative,5.906727048384814e-07
1274360267611176960,negative,0.23708688348114312
1274360270941536257,negative,8.705916356899873e-07
1274360271360983040,negative,2.951343780503577e-07
1274360279149748226,negative,0.0008912635868117717
1274360280957452288,negative,0.00021762213938518354
1274360288972812290,negative,2.647011373442955e-06
1274360293435588608,negative,0.19364339445267673
1274360295859912711,negative,1.30803670949837e-05
1274360297327902721,negative,8.705916356899873e-07
1274360307050307584,negative,0.003591654202213047
1274360315208179712,negative,3.8000522162167687e-07
1274360318857220097,negative,0.045777321671817396
1274360319540973568,negative,0.0018725104914733524
1274360322967703552,negative,8.142271930746882e-05
1274360324033064961,negative,0.00034261822936066294
1274360330072850432,negative,0.0013658437632230011
1274360331108786178,negative,0.015831281456175583
1274360338239160321,negative,0.04014670483216241
1274360345243648000,negative,0.07376559775495921
1274360347017830403,negative,0.04508793175479512
1274360347382747137,negative,1.462279423217315e-05
1274360354328412169,negative,1.8245762377388926e-11
1274360357516120065,negative,0.045777321671817396
1274360357641953282,neutral,0.505334075764389
1274360358652821506,negative,0.01024459341701663
1274360360389226501,negative,0.045777321671817396
1274360361286762499,negative,0.02094008784455701
1274360361840500736,negative,5.501263535763822e-10
1274360365594423296,negative,0.00036477540815347414
1274360366429097985,negative,0.0008398287771664941
1274360368568119297,negative,0.07799641543938073
1274360369419628544,negative,7.787247008468815e-05
1274360375761408001,negative,6.23279449720613e-05
1274360377678147584,negative,0.04508793175479512
1274360377833291776,negative,0.06195441624776564
1274360379213307912,negative,7.787247008468815e-05
1274360381075591170,negative,1.1257989752191355e-06
1274360382858149889,negative,0.246093511614023
1274360384363864065,negative,0.0021303988137060617
1274360389812322306,negative,0.012557673863911462
1274360390764371974,negative,0.0015083597574763621
1274360393243283458,positive,0.9084931927695996
1274360394576887808,negative,0.04508793175479512
1274360399446462464,negative,1.3556537218513786e-15
1274360400277053446,negative,2.647011373442955e-06
1274360405121523712,negative,4.375307510852666e-09
1274360411740164097,neutral,0.4793340117974438
1274360411954065409,neutral,0.5858492654883056
1274360419600216066,negative,0.01024459341701663
1274360426923507712,negative,0.0023732456344530395
1274360428324433923,negative,1.5123409281282238e-14
1274360428680839168,negative,7.787247008468815e-05
1274360430983548928,negative,0.25082162104900946
1274360434401914885,negative,1.462279423217315e-05
1274360435077234694,negative,0.20568086100555025
1274360437438586880,negative,0.0007855484931737016
1274360441574211586,negative,5.906727048384814e-07
1274360451338571777,negative,0.002947646382860306
1274360452659720194,negative,0.01024459341701663
1274360453104373760,negative,0.12766342847343182
1274360458221420544,negative,0.00699351138358601
1274360462004625409,negative,0.01024459341701663
1274360462017249282,negative,2.6814724913950305e-07
1274360466249265157,negative,2.1865780544894804e-08
1274360468837150720,negative,0.20089410784214784
1274360471861198848,positive,0.8585319019276769
1274360479188729857,negative,9.824243533303324e-05
1274360484960092161,negative,0.11422668209073952
1274360493646516224,negative,0.045777321671817396
1274360496595107841,negative,0.29707925070275326
1274360497421369345,negative,0.02428482943864485
1274360497870118914,negative,0.0033120343898480897
1274360497899548673,negative,0.005624663025576122
1274360499245703169,negative,0.017106402913863585
1274360499812159488,negative,0.005401996074009007
1274360500348993536,negative,1.2992834258933481e-05
1274360503213723651,negative,0.005448483259237717
1274360507328335875,negative,0.0003969260820024506
1274360508284653568,negative,0.006535836344641746
1274360517394653184,negative,0.2715986399098022
1274360517507907585,negative,0.246093511614023
1274360520372600834,neutral,0.4814816171841305
1274360522838663168,positive,0.7316546271061264
1274360527683108864,negative,0.045777321671817396
1274360527712653313,negative,0.246093511614023
1274360530774491137,negative,0.02103721846664042
1274360534247374848,negative,8.705916356899873e-07
1274360538395545601,negative,0.02094008784455701
1274360539938992130,negative,0.1293355396363954
1274360544368214018,negative,0.0046483597329023945
1274360546788347904,negative,0.00019516053996559288
1274360562776969216,negative,0.03923783672127381
1274360562860818432,negative,0.06451771866089863
1274360563582136322,negative,7.522854067835918e-09
1274360565666680838,negative,2.116801542730537e-07
1274360567885713409,negative,0.0046483597329023945
1274360571043778560,negative,6.6804062309149374e-06
1274360571975131136,negative,0.010268704111565346
1274360573929508864,negative,7.522854067835918e-09
1274360575397711875,negative,0.12876967593303335
1274360582406311936,negative,0.06451771866089863
1274360587389108224,negative,1.462279423217315e-05
1274360588425191427,positive,0.8585319019276769
1274360590048378881,negative,0.16489830942753372
1274360590266511360,negative,0.00047502808479660594
1274360590430019585,negative,0.0033120343898480897
1274360593265369092,negative,0.2413938144215039
1274360593949118464,negative,1.462279423217315e-05
1274360594599235585,negative,0.015258206159699025
1274360599825321984,negative,0.0004817824573087463
1274360601263984640,negative,0.0014385367453438058
1274360602400632832,negative,0.00020364506242933418
1274360603260444674,negative,4.50858375280562e-05
1274360603897999360,positive,0.8585319019276769
1274360604145434625,negative,0.24217142162770317
1274360608696209413,negative,0.010233634585761113
1274360613444169730,negative,0.0036443584657675607
1274360615230996480,negative,0.06148393507911382
1274360620528386051,negative,7.787247008468815e-05
1274360627264393217,negative,0.0752366985365965
1274360628430413824,positive,0.9084931927695996
1274360629227331584,negative,0.20568086100555025
1274360634977722368,negative,0.07404622566939689
1274360639822147585,negative,0.011568402192510324
1274360640388423680,negative,1.1510923360105799e-06
1274360643446071297,negative,0.025692580386777106
1274360650156904448,negative,3.2793937848703704e-07
1274360652426027008,negative,6.583859353391083e-06
1274360653927657474,negative,2.5507892476020396e-14
1274360659728359424,negative,0.32868316734958414
1274360659778719745,negative,0.00046551452004895853
1274360660093104129,negative,5.227001376953994e-05
1274360660638474240,negative,4.3460942912126167e-11
1274360661032800263,negative,0.0033120343898480897
1274360662714650625,negative,0.02335876908031186
1274360662953791490,negative,0.20568086100555025
1274360663876399104,negative,6.957609568855938e-07
1274360664409223169,negative,0.00024188674243124755
1274360667026403328,positive,0.8585319019276769
1274360667747778565,positive,0.8585319019276769
1274360668544733184,negative,4.496536972445343e-07
1274360668737716227,negative,0.01024459341701663
1274360671141015554,negative,0.004328111366798156
1274360678158139392,negative,0.00034043396058922493
1274360678661279744,negative,0.0023732456344530395
1274360678875308035,negative,0.017246369433373637
1274360679097610242,negative,0.0014385367453438058
1274360683258314759,negative,2.1364543932807694e-12
1274360688174039045,negative,0.0023732456344530395
1274360688559955968,negative,2.0327434655942304e-08
1274360688627105793,negative,9.580835411497138e-09
1274360690699010049,negative,0.005353570818145252
1274360691860832258,negative,9.991791235792812e-13
1274360692896862210,positive,0.8585319019276769
1274360699511345152,negative,0.0023732456344530395
1274360703646945281,negative,7.787247008468815e-05
1274360707560046592,negative,3.1694446175518e-09
1274360710005436416,negative,0.0023732456344530395
1274360710106095617,negative,1.4045679569405173e-07
1274360721569189889,negative,0.0023732456344530395
1274360722038890497,negative,2.647011373442955e-06
1274360724190646274,negative,0.06451771866089863
1274360732621160448,negative,6.147526010650987e-05
1274360734265282566,negative,0.01024459341701663
1274360734907011074,negative,0.05034861662943371
1274360735292932096,negative,0.0023732456344530395
1274360736236613632,negative,4.2328624797696396e-07
1274360738593730560,negative,0.0023732456344530395
1274360739638247424,negative,0.01024459341701663
1274360740896522240,negative,5.507364702208033e-05
1274360741794123777,negative,5.970336621947144e-06
1274360742289047559,negative,0.00034261822936066294
1274360743538933760,negative,0.00024188674243124755
1274360747800354817,negative,3.070360329903531e-05
1274360747900968972,negative,0.246093511614023
1274360751881420801,negative,0.002188174674675091
1274360753420668929,negative,0.20089410784214784
1274360753944956929,negative,4.0930213644683475e-08
1274360755127816192,negative,4.26931249432007e-17
1274360756406976512,negative,0.01024459341701663
1274360765743616002,negative,4.229829021130865e-09
1274360774497099782,negative,0.045777321671817396
1274360774857801730,negative,0.045777321671817396
1274360775856054272,negative,0.03808132109721348
1274360777911255042,negative,0.0046483597329023945
1274360778204876800,negative,2.647011373442955e-06
1274360780297842690,negative,0.12079411852618979
1274360787251888128,negative,2.647011373442955e-06
1274360791953805312,negative,0.0025244154240155283
1274360791999885312,negative,0.20157340627493672
1274360792142491649,negative,1.7894371424166378e-05
1274360794373857280,negative,2.197833886320578e-07
1274360794503938050,negative,1.462279423217315e-05
1274360794927464450,negative,0.0025244154240155283
1274360798706532352,negative,0.026418535790556648
1274360802976333827,negative,0.004066909692275981
1274360804591177729,negative,0.01024459341701663
1274360811104894981,positive,0.8001684007195702
1274360814577823744,negative,0.11477591189808053
1274360819548119042,negative,0.0021894831226562128
1274360819648692224,negative,2.684473117214825e-08
1274360822626689025,negative,0.07812475409773977
1274360824937820161,negative,4.364930023548098e-06
1274360831095046147,negative,0.11506561529136326
1274360833930338304,negative,2.3474973605059397e-07
1274360834626654210,negative,0.06195441624776564
1274360841371111424,negative,1.02555606242989e-07
1274360843086544896,negative,0.045777321671817396
1274360844248285184,negative,0.0002913681736587058
1274360852016177152,negative,8.705916356899873e-07
1274360863064031235,negative,0.0046483597329023945
1274360867694534656,negative,0.19143840803003323
1274360869695164417,negative,0.01024459341701663
1274360870211026944,negative,1.3270539570029544e-06
1274360872253693954,negative,0.00030422128469036576
1274360873218342912,negative,2.554851965528593e-11
1274360875504283648,negative,5.011388889005777e-11
1274360876125093889,negative,0.246093511614023
1274360879694446592,negative,1.0560162643879943e-06
1274360884127817735,positive,0.8292672966583041
1274360885277007877,negative,2.1224737945562477e-05
1274360885419683841,negative,0.11422668209073952
1274360888003354626,negative,0.28904583833640324
1274360893699231745,negative,9.489417112153726e-06
1274360902985416706,positive,0.8585319019276769
1274360904998584321,negative,0.00011141951611595741
1274360906894520322,negative,0.05571408904217754
1274360908723216384,negative,0.045777321671817396
1274360912430936067,neutral,0.3821737957176615
1274360913924104192,negative,0.06195441624776564
1274360915484385282,negative,0.045777321671817396
1274360915610292230,negative,0.00016974310477324737
1274360917627736064,negative,0.07377853921039715
1274360918135144452,negative,4.1498958625698795e-05
1274360920316223488,negative,0.00022762993662143994
1274360920400113664,negative,1.489682571812293e-07
1274360920580460545,negative,1.0358887335451068e-06
1274360922887409665,negative,0.25082162104900946
1274360926477656064,negative,0.0003127144185082373
1274360928235028481,negative,0.014888537271823446
1274360930571337729,negative,0.0023732456344530395
1274360937173200904,negative,0.15706779014323308
1274360939337269251,negative,3.1684884524614017e-08
1274360941589794817,negative,0.0023732456344530395
1274360945473716225,negative,1.462279423217315e-05
1274360951563747328,negative,0.0006259214119960678
1274360954885734401,negative,3.0853995021812254e-07
1274360959776284674,negative,0.00976303112135586
1274360960338231296,negative,0.2650041269412651
1274360961735024642,negative,0.00027819694166770803
1274360961881772034,negative,0.03808132109721348
1274360971931398150,negative,0.045777321671817396
1274360975613988865,negative,0.0020303224103744785
1274360980663746560,negative,0.0023732456344530395
1274360982199042050,negative,0.0006618359689684027
1274360983125975041,negative,0.0014385367453438058
1274360983763419136,negative,0.13487877541827534
1274360986997227522,negative,0.09134473166018492
1274360987647344647,negative,0.0046483597329023945
1274360988163342344,negative,8.705916356899873e-07
1274360990755442688,negative,0.0046483597329023945
1274360990914580480,negative,1.0970544358686518e-12
1274360992135331840,negative,0.0053914830073487924
1274360997193691139,negative,0.0023732456344530395
1274361000888844288,negative,3.495411281893445e-05
1274361003233476608,negative,4.633640968126435e-06
1274361003296403467,negative,8.444125007579838e-06
1274361004080709639,negative,0.0023732456344530395
1274361004118417408,negative,0.045777321671817396
1274361005020196865,negative,1.0576728426970139e-06
1274361011135565825,negative,0.00976303112135586
1274361015883440129,negative,0.013706711661201366
1274361016302927873,negative,0.24217142162770317
1274361017217298434,negative,0.0032738856431234102
1274361020996292608,negative,0.04508793175479512
1274361021130510338,negative,0.0014385367453438058
1274361027161919488,negative,0.015258206159699025
1274361027715612673,negative,0.045777321671817396
1274361033524723712,negative,0.0046483597329023945
1274361034225209348,negative,0.0059608690101698334
1274361035772899330,negative,4.592623725848183e-07
1274361040294293509,negative,6.139455414545603e-05
1274361045293858817,negative,2.8735869004795518e-08
1274361045897936897,negative,0.0030015481702464772
1274361045910462467,negative,0.0025244154240155283
1274361052713701381,negative,0.246093511614023
1274361053980180480,negative,0.0025244154240155283
1274361056228331522,negative,0.0020303224103744785
1274361056975040512,negative,2.1743923588791848e-07
1274361057126092801,negative,0.23708688348114312
1274361059068055554,negative,9.05307469036873e-07
1274361070560346112,negative,0.3252691964281219
1274361075010420736,negative,0.03923783672127381
1274361075329380352,negative,0.15348889390519277
1274361076868661248,negative,0.23708688348114312
1274361080580579328,negative,0.02094008784455701
1274361083633991682,negative,0.0025244154240155283
1274361090084950017,negative,0.29707925070275326
1274361093264211970,negative,0.00036202959876858163
1274361097613717504,negative,0.005614770749018193
1274361100562300929,negative,0.03926110850782564
1274361101426229250,negative,0.19413116214590184
1274361105377308672,negative,0.056894728151425884
1274361108611006464,negative,0.0023732456344530395
1274361114013446147,negative,3.8000522162167687e-07
1274361114919346186,negative,0.246093511614023
1274361119952572416,negative,0.01024459341701663
1274361133953167360,negative,0.246093511614023
1274361137459576832,negative,0.04508793175479512
1274361139393069058,positive,0.9962645088228713
1274361139753820160,negative,0.03551156843960681
1274361143532777477,negative,0.005590502889370933
1274361145210609665,negative,0.0023732456344530395
1274361145575514112,negative,0.246093511614023
1274361147760803845,negative,0.0028646720969463086
1274361152865263618,neutral,0.3765887184902489
1274361158615605249,negative,0.0003311569970137178
1274361160180150273,negative,5.420415997840538e-11
1274361160851226625,neutral,0.46348596280757376
1274361164915519490,negative,0.06195441624776564
1274361165926277121,negative,4.224925394650093e-06
1274361169319510017,negative,0.003093184992713236
1274361181654921217,negative,0.0007257027877430026
1274361185278844929,negative,0.0008549470216301513
1274361185710809090,negative,1.3751838488349636e-05
1274361189418651649,negative,1.0092362902621618e-05
1274361198780309515,negative,3.219388073775948e-10
1274361206346862592,negative,0.20089410784214784
1274361207751880704,positive,0.9971442379704768
1274361207957356550,positive,0.8585319019276769
1274361208754311169,negative,8.962925889043322e-06
1274361209190481920,negative,0.32453166892343827
1274361209567969287,negative,0.03808132109721348
1274361210813599745,negative,0.006535836344641746
1274361211551977476,negative,4.7097423398330976e-05
1274361212793491460,negative,0.008823750531279824
1274361214420819969,negative,2.647011373442955e-06
1274361220406132738,negative,0.0001991154922125299
1274361224864636928,negative,7.787247008468815e-05
1274361226991108098,negative,6.139455414545603e-05
1274361227423162368,negative,0.01024459341701663
1274361238701715457,negative,0.0016303080464725162
1274361239620198404,negative,0.006915948204907481
1274361244774993920,negative,0.000761030877627925
1274361247585140737,negative,0.045777321671817396
1274361249468493824,positive,0.8585319019276769
1274361254358978565,negative,0.0002913681736587058
1274361262248321025,negative,3.304724437117646e-05
1274361264609918978,negative,0.0025244154240155283
1274361268032409601,negative,0.0033120343898480897
1274361274420334596,negative,0.00019516053996559288
1274361275271843847,negative,0.009061929521861162
1274361279776514053,negative,0.10213601803474368
1274361282515423233,negative,0.11182880993044475
1274361285581266946,negative,7.522854067835918e-09
1274361286088851464,negative,1.0362860712147734e-06
1274361288605536257,neutral,0.5741368151910128
1274361289800847360,positive,0.8585319019276769
1274361290723676161,positive,0.9146546925514543
1274361292338466817,positive,0.9538610114949269
1274363638980259843,negative,0.048868860854308416
1274363641207255042,negative,1.0576728426970139e-06
1274363645514993667,negative,0.045777321671817396
1274363645573697538,negative,0.005624663025576122
1274363646978768897,neutral,0.514558312659349
1274363647121412097,negative,0.01024459341701663
1274363647339397120,negative,4.031210158124359e-05
1274363648027262976,negative,0.02007590464062044
1274363648140550145,negative,2.3129088859658735e-05
1274363660685791233,negative,2.874628884126936e-06
1274363660845166592,negative,0.0023732456344530395
1274363662808072193,negative,1.2203311594152555e-09
1274363663101693953,positive,0.8235885469872046
1274363663978299400,negative,0.00012227106629769042
1274363672308199425,negative,0.02387059320127277
1274363672874356737,negative,0.0023732456344530395
1274363677001551873,negative,5.501557064316533e-13
1274363677316087810,negative,0.0023732456344530395
1274363682462597122,negative,0.003952579135053489
1274363682567438338,negative,0.10728509225597545
1274363684094173184,negative,0.10728509225597545
1274363685742485505,negative,0.11506561529136326
1274363686686162944,negative,0.0020303224103744785
1274363692365369347,positive,0.8585319019276769
1274363693959131145,negative,0.001214630087769721
1274363696676995072,negative,2.3015516129945246e-05
1274363698237386753,negative,0.0023732456344530395
1274363704990105609,negative,0.009154476985360422
1274363707120812039,negative,0.0007113050579235041
1274363709901725696,negative,4.592623725848183e-07
1274363711365492736,negative,0.00826897223468063
1274363711927377921,negative,1.5850278789555263e-07
1274363714402213890,negative,0.0009728648121375124
1274363714549006336,negative,7.522854067835918e-09
1274363715052134405,positive,0.8585319019276769
1274363717912797187,negative,4.592623725848183e-07
1274363730562822144,negative,0.0030015481702464772
1274363730650959873,negative,0.00034043396058922493
1274363737164709890,negative,0.0025244154240155283
1274363739429572608,negative,8.334576384604936e-07
1274363740889251846,negative,0.022163485317637545
1274363741757374467,negative,0.00019278684603752768
1274363742000680962,negative,3.0213257692754766e-07
1274363743250583557,negative,0.3252691964281219
1274363750880083969,negative,0.00045495496434337
1274363754650664960,negative,0.14234815665199127
1274363754738827265,negative,8.810608451065702e-05
1274363758480064512,negative,0.00045495496434337
1274363759117701120,negative,0.007423101344586885
1274363760979972096,positive,0.9954557571646541
1274363761089003520,negative,0.045777321671817396
1274363767103643649,negative,6.391652121324006e-07
1274363768865198080,negative,2.389655014519633e-11
1274363770492653568,negative,2.56832946560243e-17
1274363774321995777,negative,0.0003658084567906537
1274363774372372480,negative,9.378885573180377e-12
1274363776838651905,negative,1.5716350593334962e-05
1274363777912320000,negative,1.2896238092583742e-06
1274363779795554305,negative,3.33368631247161e-08
1274363780063952899,negative,0.15525320523050704
1274363786108026883,negative,0.0046483597329023945
1274363786112229378,negative,0.04508793175479512
1274363789471821825,negative,7.787247008468815e-05
1274363797923389442,negative,0.24217142162770317
1274363800209313793,negative,0.10728509225597545
1274363801308221443,negative,8.31061183648304e-06
1274363805116633091,negative,0.25082162104900946
1274363807662514179,positive,0.8001684007195702
1274363809554034688,negative,0.02871835043885765
1274363811194175493,negative,0.00045495496434337
1274363817661812740,negative,0.010042345226099337
1274363825572270080,negative,0.053228618929929916
1274363826750791681,negative,5.98374675196204e-06
1274363830789976065,negative,0.01498714777062495
1274363835189620737,negative,4.102679837220322e-05
1274363836267745281,negative,0.11136948020642913
1274363841355317250,positive,0.8656185596130461
1274363852453490699,negative,0.00034043396058922493
1274363853632143360,negative,0.06148393507911382
1274363858690465795,negative,0.0005453563383250131
1274363860720349185,negative,1.143799793641372e-05
1274363860829470720,negative,0.053228618929929916
1274363861488013312,negative,0.3252691964281219
1274363862809264128,negative,0.002947646382860306
1274363863304208387,negative,8.373504644171e-05
1274363869817954306,negative,0.021186788421404857
1274363870312894464,negative,8.373504644171e-05
1274363872212910083,negative,0.25425067132743534
1274363873089458176,negative,0.03808132109721348
1274363873940975619,negative,0.0007113050579235041
1274363874553270272,negative,0.0004470026052627636
1274363875002068995,negative,0.19413116214590184
1274363880245002240,negative,1.8093372267725387e-10
1274363880454549505,negative,0.0006716130389620008
1274363881599754243,negative,0.01024459341701663
1274363884753891328,negative,2.647011373442955e-06
1274363887282987008,positive,0.8585319019276769
1274363891095666688,negative,0.20568086100555025
1274363891355652102,negative,0.045777321671817396
1274363893184331784,negative,0.00024188674243124755
1274363898502746112,neutral,0.6386218217549884
1274363899522007040,negative,0.001214630087769721
1274363900537036812,negative,0.0023732456344530395
1274363901904289792,negative,2.984892256940751e-06
1274363902432772101,negative,2.6195542820296097e-05
1274363905880580096,negative,0.01024459341701663
1274363908082536449,negative,0.021302424193805666
1274363910112661506,negative,7.907763232562997e-05
1274363912104947713,negative,0.004575208838078723
1274363912646000641,negative,0.01024459341701663
1274363914994753537,positive,0.9084931927695996
1274363921261121536,negative,0.13454027506048566
1274363930165551104,negative,0.02422401260461348
1274363931855736833,negative,0.0046483597329023945
1274363933533638657,negative,7.312913135468398e-07
1274363938218573826,neutral,0.4047108546825155
1274363945776828416,negative,0.06148393507911382
1274363947689402369,negative,0.005346708485028401
1274363950482837504,negative,0.16253754049250624
1274363950780624896,negative,8.810608451065702e-05
1274363951850151941,negative,0.1277831476867902
1274363952097628160,negative,3.0224918095827233e-09
1274363954731667456,neutral,0.4047108546825155
1274363958674235392,negative,0.005614631298994481
1274363960846934018,negative,0.045777321671817396
1274363963522912261,negative,2.082818483545129e-05
1274363969264857089,negative,0.3252691964281219
1274363972788129793,negative,2.647011373442955e-06
1274363972842655744,negative,0.022714794521578062
1274363975002710025,negative,1.6688419259057242e-07
1274363977947062272,negative,0.038244359633113394
1274363986964893697,negative,0.2650041269412651
1274363988638347264,negative,0.0010431871096459107
1274363990957850624,negative,5.318824816183335e-05
1274363995596652546,negative,0.045777321671817396
1274363999270965249,negative,0.01024459341701663
1274364002232131593,negative,4.924114681606161e-09
1274364004048211968,negative,0.2903334831263267
1274364013170905088,negative,1.153527350380902e-05
1274364014601043969,negative,0.3252691964281219
1274364015037145089,negative,2.2369176969130738e-05
1274364015318269955,negative,7.764434928825738e-07
1274364016941395970,negative,2.647011373442955e-06
1274364021291048961,negative,0.0046483597329023945
1274364023233024000,negative,0.03808132109721348
1274364027985068032,negative,0.0046483597329023945
1274364031239884804,negative,0.0046483597329023945
1274364031248273408,negative,0.19143840803003323
1274364035878789126,negative,0.11422668209073952
1274364036302409728,negative,0.0008100535730314867
1274364037057347589,negative,0.00013752154497722276
1274364038215012354,negative,3.751647965571369e-06
1274364049187315712,negative,0.0030372042022370647
1274364055185231874,negative,0.00028947283494584573
1274364066417594368,negative,0.0025244154240155283
1274364066715373568,negative,0.0020303224103744785
1274364072784510978,negative,0.0006451796766006092
1274364076911554561,positive,0.8585319019276769
1274364077029146624,negative,1.6661995908116342e-05
1274364078706667522,negative,0.0023732456344530395
1274364083391905792,negative,0.09721596606527107
1274364084209713152,negative,0.0008082685846569359
1274364086999007233,negative,9.610364129038494e-06
1274364088936730624,negative,0.10250759680409322
1274364096285159424,negative,0.01024459341701663
1274364097056747526,negative,3.871147953676494e-08
1274364099791634433,negative,0.06451771866089863
1274364104623509504,negative,0.025692580386777106
1274364105894301697,negative,0.0021226346293098672
1274364106129227779,negative,2.3379463327964856e-05
1274364110415724544,negative,0.05502541143164812
1274364116644347919,positive,0.8585319019276769
1274364116874989573,positive,0.9950476479590439
1274364117831299073,negative,7.787247008468815e-05
1274364119186051072,negative,0.0046483597329023945
1274364125041381377,negative,2.4358659966227775e-10
1274364125179772928,negative,0.009154476985360422
1274364128996417538,negative,0.03923783672127381
1274364131911532544,positive,0.9646738705731457
1274364133887131649,negative,0.01024459341701663
1274364134784720897,negative,0.007423101344586885
1274364136533737479,negative,8.705916356899873e-07
1274364147678031872,negative,0.03808132109721348
1274364149263413248,negative,0.00045495496434337
1274364150798581763,negative,0.3252691964281219
1274364158532698115,negative,1.1446101135075305e-05
1274364158637674499,negative,0.00035461344567621684
1274364159409430528,positive,0.9364691732859382
1274364159904362498,negative,0.0034878666048113586
1274364169408692232,negative,0.011561833210597113
1274364174953525249,negative,4.2328624797696396e-07
1274364177633751040,negative,0.0020303224103744785
1274364179185643520,negative,0.246093511614023
1274364179265323011,negative,0.0023732456344530395
1274364183371370496,negative,1.1089748891379153e-05
1274364184545935363,negative,2.7724167949966305e-06
1274364187188346882,negative,0.0023732456344530395
1274364190086639617,negative,0.06195441624776564
1274364196919095296,negative,0.246093511614023
1274364198068289536,negative,0.06451771866089863
1274364204783468545,negative,0.004097806996502522
1274364211125239809,negative,2.647011373442955e-06
1274364214736564224,negative,0.04508793175479512
1274364214765813762,negative,2.197833886320578e-07
1274364217047597056,negative,0.11532004884992747
1274364218494631937,negative,0.11284177344706783
1274364222365990912,negative,4.2375601846195236e-10
1274364226065305600,negative,0.0020303224103744785
1274364228217044995,negative,5.906727048384814e-07
1274364228988743681,negative,0.20583974045437922
1274364235145936896,negative,0.0046483597329023945
1274364236169449474,negative,4.2328624797696396e-07
1274364239730413568,negative,0.002134576975047122
1274364245770145798,negative,4.27445569948374e-10
1274364247192068096,negative,5.759873404978022e-05
1274364248773275649,negative,8.705916356899873e-07
1274364249050144770,negative,2.652103779839056e-05
1274364253365993472,negative,4.4226120668849125e-08
1274364253798096898,negative,0.014257858063966084
1274364254099931137,positive,0.8585319019276769
1274364264262795264,negative,0.005448483259237717
1274364264615235585,negative,0.007423101344586885
1274364268507467778,negative,0.15727859397812907
1274364272039137281,negative,4.784878219749486e-06
1274364277646860295,negative,0.01024459341701663
1274364278557093888,negative,0.017106402913863585
1274364279047753728,negative,5.617578834082928e-10
1274364280557756422,positive,0.8585319019276769
1274364282046746627,negative,0.011553446942215499
1274364284315844610,negative,0.0019396924654882014
1274364289541906433,negative,7.787247008468815e-05
1274364299570556928,negative,0.008121690154039858
1274364301667688450,neutral,0.4047108546825155
1274364304976945154,positive,0.8585319019276769
1274364311901700100,negative,0.22952809292086354
1274364312195391489,negative,0.012557673863911462
1274364315844427776,negative,0.0007113050579235041
1274364317887008768,negative,0.246093511614023
1274364322580480006,negative,0.00034037012702383735
1274364323159314432,negative,0.0011355529246359997
1274364323486457856,negative,8.705916356899873e-07
1274364326959296514,negative,0.0023732456344530395
1274364326967721984,negative,0.20089410784214784
1274364337508028416,negative,0.06451771866089863
1274364338296492032,negative,0.09721596606527107
1274364338594349056,negative,0.013791325728274254
1274364345938595841,negative,0.3252691964281219
1274364347003940868,negative,0.02185172249692224
1274364348610338816,negative,0.0023732456344530395
1274364350317264897,negative,0.1307104325246039
1274364350455861249,negative,0.246093511614023
1274364351953145860,negative,0.03551156843960681
1274364357883965442,negative,0.006535836344641746
1274364358936723462,negative,3.4034725068864296e-08
1274364359272271872,negative,5.008602654812862e-08
1274364365635047424,negative,0.246093511614023
1274364366444466176,negative,4.633640968126435e-06
1274364368990470145,positive,0.9954557571646541
1274364369779011585,negative,0.045777321671817396
1274364369963560961,neutral,0.4047108546825155
1274364370768797698,negative,2.647011373442955e-06
1274364372052250625,negative,0.01840707639330408
1274364373872631808,negative,1.8541197263060049e-16
1274364379413299207,negative,0.23708688348114312
1274364382265270272,negative,0.01847917917448397
1274364383850889217,negative,0.0009899995142441964
1274364390414974977,negative,0.0033120343898480897
1274364392600043520,negative,4.980270782341126e-05
1274364394361638913,negative,4.674992314412595e-06
1274364395288580097,positive,0.9266878977062148
1274364397503348736,negative,0.0020303224103744785
1274364400925904898,negative,0.00023649796984270068
1274364402100326400,negative,0.03808132109721348
1274364403194920960,negative,0.0023732456344530395
1274364407590633472,negative,4.2328624797696396e-07
1274364409926778882,neutral,0.4047108546825155
1274364414938906629,negative,1.73228628369709e-08
1274364417099120640,negative,0.022163485317637545
1274364420810997766,positive,0.9930055265238883
1274364423650652160,negative,3.06159187983174e-06
1274364427500912640,negative,0.004578757003813828
1274364447000322048,negative,2.647011373442955e-06
1274364447818203136,negative,0.246093511614023
1274364447889522688,negative,0.013411909187252716
1274364452763316224,negative,0.00014550898905004293
1274364456483655680,negative,0.032983546167970605
1274364457469333505,negative,0.045777321671817396
1274364460023627776,negative,0.0016732414066993456
1274364461286121472,negative,0.005358544115159584
1274364461466505218,negative,8.705916356899873e-07
1274364464842682370,negative,0.0023732456344530395
1274364465203445761,negative,0.0023732456344530395
1274364469532069890,negative,0.0021874456555456114
1274364475416752129,negative,0.08142673742865338
1274364475555053568,negative,0.00976303112135586
1274364479518773248,negative,0.02103721846664042
1274364481074855937,negative,2.647011373442955e-06
1274364484698681344,negative,0.00024188674243124755
1274364486519062528,negative,0.0019200914595842206
1274364490465886210,negative,0.246093511614023
1274364493200580608,negative,3.939060809760468e-06
1274364498044792837,negative,0.03923783672127381
1274364499848462336,positive,0.6621788008102152
1274364500767125504,negative,3.904162009371626e-13
1274364502578999296,negative,0.0423707186991114
1274364507335397380,negative,0.00021035955853597447
1274364509898051585,negative,0.246093511614023
1274364510925737984,negative,0.01024459341701663
1274364512779599877,negative,1.6707956972012008e-07
1274364520723439617,negative,0.001978612095788162
1274364520987795456,negative,0.01024459341701663
1274364525681278977,negative,6.630600645669027e-05
1274364525853265925,negative,1.462279423217315e-05
1274364530081124354,negative,0.07376559775495921
1274364530689179654,negative,0.061011607050531456
1274364530743795717,negative,0.001214630087769721
1274364535747428353,negative,0.0023732456344530395
1274364538645893120,negative,0.004066909692275981
1274364539832844289,negative,0.04351230266032389
1274364542601043968,negative,2.9943972730378984e-05
1274364544027168771,negative,0.00461015728507529
1274364545486782469,negative,0.002928185808593319
1274364546086580224,negative,3.2717749106673894e-07
1274364546141093888,negative,0.0030372042022370647
1274364552352862209,negative,0.13454027506048566
1274364552969195520,negative,0.0023732456344530395
1274364553426542594,negative,0.0025244154240155283
1274364554898812929,negative,8.334576384604936e-07
1274364560623968258,negative,0.03808132109721348
1274364570497437699,negative,0.0023732456344530395
1274364574477750273,negative,1.153527350380902e-05
1274364575559843840,positive,0.8585319019276769
1274364584120463363,negative,0.003771785175577848
1274364586863591424,negative,0.002768845598321773
1274364588159643648,negative,0.0033120343898480897
1274364588843315201,negative,0.0008912635868117717
1274364592165183488,negative,0.16574158475857084
1274364592165212160,negative,3.3520042628276524e-09
1274364593243131904,negative,0.009328800263905338
1274364594371334144,negative,0.00019516053996559288
1274364596657192967,positive,0.8753660548112631
1274364596720107521,negative,0.022163485317637545
1274364597017939968,negative,0.0019247114733759816
1274364597286420480,negative,0.002212197251967362
1274364598288814086,negative,1.0337895037700816e-05
1274364598452355078,negative,0.0023732456344530395
1274364607671480321,negative,4.021187650057775e-06
1274364607679913986,neutral,0.4047108546825155
1274364609236008962,negative,9.089028471227256e-05
1274364609269506050,negative,0.0020303224103744785
1274364610670284801,positive,0.8585319019276769
1274364610737471491,negative,4.231772521035956e-17
1274364613325438976,negative,0.24217142162770317
1274364614550192128,negative,0.0023732456344530395
1274364620149534721,negative,0.0003969260820024506
1274364622741606400,negative,0.045777321671817396
1274364622775164931,negative,0.0020303224103744785
1274364627942608902,negative,6.143968646624788e-05
1274364631818125312,negative,0.0023732456344530395
1274364633781080068,negative,8.334576384604936e-07
1274364637543366656,negative,8.334576384604936e-07
1274364638642278402,negative,0.246093511614023
1274364639191670790,negative,0.000256025740595166
1274364639812423680,negative,0.022163485317637545
1274364640064045061,negative,2.647011373442955e-06
1274364644790919169,negative,0.246093511614023
1274364644900118536,negative,0.001170042752079443
1274364647064383489,negative,0.012206573254150147
1274364649622953988,negative,5.906727048384814e-07
1274364652349206528,negative,0.0020571337707291095
1274364653032833025,negative,9.106034458413566e-07
1274364653645303809,negative,0.0046483597329023945
1274364664814751744,negative,0.0270825496512356
1274364676621639680,negative,0.14234815665199127
1274364677145989120,negative,0.00010984439991079433
1274364681776517120,negative,0.0035577088783436913
1274364683110268928,negative,0.00976303112135586
1274364692820111361,negative,0.008830067912258075
1274364694753615873,negative,5.193244692427415e-09
1274364701355507712,negative,0.015258206159699025
1274364705180651525,negative,0.0025323253132901393
1274364707483385858,negative,0.00030735355693357094
1274364707588255746,negative,0.00017727021101492267
1274364708288634880,negative,0.04930330785647475
1274364713078525952,negative,7.312913135468398e-07
1274364713187422208,negative,0.0015396169863324822
1274364714747932672,negative,2.2611594806953092e-09
1274364714991190017,negative,0.01024459341701663
1274364719596539910,negative,0.01024459341701663
1274364729880989697,negative,0.013791325728274254
1274364731390857216,negative,0.00045242525051961526
1274364732934426625,negative,1.6959491709591386e-06
1274364739661987842,negative,0.025692580386777106
1274364746809171970,negative,5.705724177725467e-06
1274364748709138433,negative,0.0046483597329023945
1274364750009446400,negative,8.373504644171e-05
1274364751389302784,negative,0.0046483597329023945
1274364752869961729,negative,0.06451771866089863
1274364755650764810,negative,0.000479297735469132
1274364760474165249,negative,0.011448571446801233
1274364761090727936,negative,4.5668107964826934e-07
1274364763150209026,negative,7.68698610107416e-06
1274364765452800000,negative,4.633640968126435e-06
1274364776441880576,negative,0.003093184992713236
1274364778232909824,negative,7.663428933323814e-12
1274364778354544640,negative,0.11422668209073952
1274364790375280646,negative,0.0046483597329023945
1274364790404780032,negative,8.474574842275577e-05
1274364795328790530,negative,0.0006618359689684027
1274364796771729409,negative,2.4931553700099705e-08
1274364800714321921,neutral,0.36235124345137626
1274364806322151426,negative,1.8999812749120138e-07
1274364817382539266,negative,0.01024459341701663
1274364817437048839,negative,0.00042543494614398535
1274364822273089536,negative,1.0679142996436983e-07
1274364829545816066,negative,1.5652887581023312e-11
1274364830938529792,negative,0.246093511614023
1274364833690013696,negative,0.018790026667101785
1274364837263544320,negative,0.20089410784214784
1274364839113166851,negative,2.647011373442955e-06
1274364843877969923,negative,2.31337107344198e-06
1274364844469358593,negative,0.0003208483810390893
1274364848164556804,negative,7.312913135468398e-07
1274364849808687107,negative,2.082818483545129e-05
1274364851876397058,negative,0.0023732456344530395
1274364863389843456,negative,1.462279423217315e-05
1274364863415029761,negative,0.11041123102452652
1274364871988203521,negative,0.246093511614023
1274364875867856898,negative,0.0012420974507967285
1274364877151391750,negative,0.15348889390519277
1274364878778703874,negative,0.004066909692275981
1274364885128884226,negative,4.031210158124359e-05
1274364885279916037,negative,0.0025244154240155283
1274364886437507072,negative,0.007915977172696854
1274364897661419526,negative,0.01024459341701663
1274364898424881152,negative,1.7034359083818283e-10
1274364902094917632,negative,0.0023732456344530395
1274364902736572418,negative,0.0005135856453805724
1274364905207083008,negative,0.056360447419947814
1274364906050129922,positive,0.8585319019276769
1274364914350665729,negative,0.001214630087769721
1274364920809881612,negative,0.004066909692275981
1274364921489350658,neutral,0.6386218217549884
1274364924437975042,negative,0.0009899995142441964
1274364924450537472,negative,5.906727048384814e-07
1274364927344599046,negative,2.172750446551232e-05
1274364931576598528,negative,3.2328804688715028e-06
1274364931597570048,positive,0.8585319019276769
1274364933128572934,negative,0.00892588341881604
1274364936425287680,negative,0.001214630087769721
1274364937721217027,negative,0.0015396169863324822
1274364943169720321,negative,1.0679142996436983e-07
1274364945115873283,negative,0.0025244154240155283
1274364946617233408,negative,7.849331600385144e-17
1274364949058420736,negative,0.09673116805819881
1274364957606522881,negative,0.0023732456344530395
1274364958160142336,negative,2.0260555091847292e-06
1274364959858872321,negative,0.004066909692275981
1274364965701500928,negative,0.041127448362846326
1274364967899324418,negative,0.05472345824592784
1274364968234881027,negative,0.0008912635868117717
1274364970994671620,negative,0.053228618929929916
1274364971120549888,negative,0.048944326971756
1274364972743655425,negative,0.0023732456344530395
1274364977801986048,negative,0.246093511614023
1274364979530141698,negative,0.045777321671817396
1274364980687785989,negative,2.197833886320578e-07
1274364980863827978,negative,4.2328624797696396e-07
1274364982612889600,negative,0.27830556640777404
1274364983934177280,negative,0.246093511614023
1274364995653025792,negative,0.009784148183468261
1274364996772859909,negative,0.24217142162770317
1274364999264284673,negative,0.1563388907738867
1274365002913181696,negative,0.0023732456344530395
1274365003890659336,negative,0.022163485317637545
1274365003924213760,negative,0.022163485317637545
1274365005258018824,negative,0.0033375956776549387
1274365006088409090,negative,0.045777321671817396
1274365008961560579,negative,0.01024459341701663
1274365017257922567,negative,0.24217142162770317
1274365017891233793,neutral,0.49932337670129334
1274365019560587264,negative,0.001214630087769721
1274365020747567106,negative,0.24217142162770317
1274365023389794304,negative,0.0020303224103744785
1274365025365504000,negative,0.09025446903163141
1274365025822662666,negative,0.01024459341701663
1274365030511906816,negative,1.128345784593823e-07
1274365033103974406,negative,0.00012523079871798877
1274365035150704640,negative,0.08483308620764435
1274365036669005824,negative,0.0023732456344530395
1274365037021483014,negative,0.009154476985360422
1274365037046628354,negative,0.1836347302225495
1274365041647681536,negative,1.968637491230534e-07
1274365046718693377,negative,5.6884102685913923e-11
1274365048454918144,negative,1.0679142996436983e-07
1274365049646219264,negative,0.004575208838078723
1274365049977614337,negative,0.012378984482992872
1274365050078351360,negative,7.787247008468815e-05
1274365052913664000,negative,6.170181523556172e-06
1274365054402600962,negative,0.022163485317637545
1274365054788546562,negative,0.022163485317637545
1274365066553499648,positive,0.9084931927695996
1274365067199492100,negative,4.1498958625698795e-05
1274365067455275008,negative,0.0012420974507967285
1274365068256456707,neutral,0.42102025878282856
1274365072777887751,negative,0.0752366985365965
1274365073797140480,negative,0.12079411852618979
1274365080864358400,negative,0.20482239683182327
1274365084257656832,negative,1.3688274342462364e-07
1274367619387269120,negative,2.647011373442955e-06
1274367623334150144,positive,0.6621788008102152
1274367623384518657,negative,0.0046483597329023945
1274367623397093377,negative,1.8390871768804784e-07
1274367626853134336,negative,0.3252691964281219
1274367628086333443,negative,8.327218334783225e-06
1274367633589178372,negative,0.012557673863911462
1274367633975119873,negative,0.01024459341701663
1274367636009291778,negative,0.007423101344586885
1274367643697414144,neutral,0.6040208659914601
1274367649661812737,neutral,0.49789225920557484
1274367655923703808,negative,0.0046483597329023945
1274367656246874114,positive,0.6621788008102152
1274367658218196994,negative,5.698876171195121e-06
1274367659354787842,negative,0.03808132109721348
1274367661049249793,negative,0.004066909692275981
1274367666770317313,negative,3.366344276697996e-05
1274367668112568320,negative,0.24313610342929184
1274367669148553217,negative,4.10192555064252e-06
1274367672151662592,negative,0.004066909692275981
1274367672621453312,negative,0.01024459341701663
1274367673711751168,negative,0.0046483597329023945
1274367677847535617,negative,5.876256431869902e-08
1274367680221458434,negative,3.793628653586986e-09
1274367680854794240,negative,0.016754766621686356
1274367684994572288,negative,0.06148393507911382
1274367692896710657,negative,0.19424638560253568
1274367693853020160,neutral,0.33087080868255425
1274367694951927809,negative,0.00011540386875298103
1274367695132274689,negative,0.0018821623852663903
1274367696180842496,negative,0.20568086100555025
1274367700287062021,negative,7.522854067835918e-09
1274367700412837891,negative,0.03808132109721348
1274367704045150210,negative,2.647011373442955e-06
1274367706603626496,negative,0.00013572082846394427
1274367709757624320,negative,1.0679142996436983e-07
1274367713641627655,negative,0.23708688348114312
1274367720738308097,negative,0.0007113050579235041
1274367721082363907,negative,0.0025244154240155283
1274367721350803456,negative,1.3637632386295946e-08
1274367726807584770,negative,2.197833886320578e-07
1274367727118024707,negative,0.032945030602436136
1274367728376152064,negative,1.8251318707389142e-05
1274367730079186945,negative,1.2695982006786208e-12
1274367731291299842,negative,2.7168343995073973e-12
1274367734336360448,negative,1.2094822645011196e-07
1274367734894211075,negative,7.23812851698873e-10
1274367736446148610,negative,6.295374630652693e-05
1274367736525713409,negative,0.021122186389907545
1274367737591205895,negative,0.002188174674675091
1274367742083129346,negative,0.0023732456344530395
1274367748412448769,negative,0.048216937563393146
1274367750794809346,negative,0.013950011130404234
1274367753059807237,negative,0.0001307631522306608
1274367753382694914,negative,0.012557673863911462
1274367754703908864,negative,0.03808132109721348
1274367755026870272,negative,2.4576572186670364e-10
1274367765865017344,negative,5.906727048384814e-07
1274367775184576512,negative,0.0007113050579235041
1274367777181220866,neutral,0.4047108546825155
1274367781270622209,negative,1.677737620964422e-05
1274367785980907523,negative,3.7468060599199107e-06
1274367786664579074,positive,0.8585319019276769
1274367790301024256,negative,8.277289084515153e-05
1274367791106326528,negative,0.005355701285551964
1274367791932596227,negative,0.00022326146375711934
1274367792930861063,negative,0.018438601056476024
1274367797393600512,negative,0.00869637134010309
1274367797758484482,negative,0.13856362877476483
1274367797947035649,negative,5.7023684068557784e-11
1274367799100612611,negative,0.03808132109721348
1274367799633289216,negative,2.197833886320578e-07
1274367803806683136,negative,0.1138720318060893
1274367804632776705,negative,0.0023732456344530395
1274367806008688640,negative,0.3075633380013619
1274367806042243072,negative,0.01316814043411904
1274367807069786112,negative,0.0017586826976394602
1274367808537866248,negative,0.002188174674675091
1274367810119049216,negative,4.66710017186321e-07
1274367812300144644,negative,0.03808132109721348
1274367823205277698,negative,1.2139641557851993e-05
1274367827030441986,negative,8.810608451065702e-05
1274367836157292545,negative,0.0034255235962451043
1274367837180755969,negative,5.906727048384814e-07
1274367838103330817,negative,0.00047502808479660594
1274367846882181120,negative,2.8122303788650953e-06
1274367850313134085,negative,0.0005496302367822342
1274367854348046336,negative,8.810608451065702e-05
1274367863097360384,negative,0.0023732456344530395
1274367868537319427,negative,0.0030015481702464772
1274367874606534660,negative,2.647011373442955e-06
1274367874614861825,negative,0.0033120343898480897
1274367874635792395,negative,0.045777321671817396
1274367877932515329,negative,0.04508793175479512
1274367893342470144,neutral,0.5929686368429936
1274367893778685953,negative,1.462279423217315e-05
1274367897897512962,negative,0.0019161766269882728
1274367904801263617,negative,0.0033120343898480897
1274367912350871554,negative,1.6870278793723788e-08
1274367919619665921,negative,2.533961981673632e-08
1274367925957386241,negative,0.0023732456344530395
1274367928805265408,negative,4.2328624797696396e-07
1274367931615510530,negative,0.0007539521001582054
1274367932215308288,negative,0.208616290910968
1274367936887689217,negative,0.01024459341701663
1274367939752460288,negative,0.0029495369432475313
1274367945557368834,negative,0.0005389521995696526
1274367949457907713,negative,3.8973664463493865e-06
1274367951899107333,negative,0.0002559210276416557
1274367955158159363,negative,0.0009899995142441964
1274367957729259520,negative,0.01024459341701663
1274367969246748673,negative,7.787247008468815e-05
1274367970416918529,negative,5.54013275636084e-05
1274367972782596096,negative,0.017106402913863585
1274367973554298881,negative,1.545368299338641e-13
1274367975987056640,negative,0.00022828232732201176
1274367976918130689,negative,0.02103721846664042
1274367986837716994,negative,0.00014550898905004293
1274367991619170304,negative,0.02687281872924801
1274367992193843201,negative,4.392537849692573e-06
1274367998288150528,negative,0.017007052885325665
1274368000142049281,negative,0.0017586826976394602
1274368001488412672,negative,7.787247008468815e-05
1274368009793146880,negative,0.0045373347543700175
1274368011860873216,negative,0.0019112883569872136
1274368011881906176,negative,2.197833886320578e-07
1274368012657872898,negative,1.0187081123572033e-08
1274368027769933826,negative,0.0009489257781020992
1274368028134780936,negative,0.026531555440321198
1274368028180914176,negative,0.014257858063966084
1274368051341856771,negative,0.019122761472411598
1274368051958427650,negative,0.004141660950530229
1274368052818251777,negative,0.006535836344641746
1274368056895180806,negative,0.0002475415090174567
1274368059982168067,negative,2.550646713964154e-05
1274368062603628545,negative,0.01024459341701663
1274368067125075971,negative,0.01024459341701663
1274368067552903171,negative,0.0003969260820024506
1274368069218054145,negative,0.011369913974411406
1274368073311682560,positive,0.6621788008102152
1274368078600527873,negative,0.03923783672127381
1274368086364377088,negative,0.0014288072743578245
1274368091837935616,negative,0.0024791647340295046
1274368093637279744,negative,1.990721144705056e-09
1274368097663676417,negative,0.0015714024439870081
1274368101547675648,negative,1.19189067729208e-07
1274368105062510592,negative,0.0046483597329023945
1274368106048237568,negative,0.012435720605963497
1274368108938002432,negative,0.00016913816880183795
1274368115665776640,negative,0.04508793175479512
1274368116282318855,negative,0.0023732456344530395
1274368118232625152,negative,1.6589210871363984e-06
1274368123865612288,negative,7.787247008468815e-05
1274368137287385089,negative,0.0013658437632230011
1274368139233562625,negative,0.23708688348114312
1274368141750132736,negative,0.013893122350647083
1274368150717394946,negative,0.0020303224103744785
1274368154874138624,negative,3.141600800137151e-06
1274368154916065286,neutral,0.4365773560546663
1274368156635664388,neutral,0.3765887184902489
1274368162025308165,negative,0.246093511614023
1274368162943860737,negative,0.03551156843960681
1274368163485044736,negative,0.00718268713197499
1274368166454611968,negative,0.000673723697274049
1274368168581087233,negative,0.0017586826976394602
1274368171399675908,negative,0.28117576887030327
1274368173316476928,negative,0.02094008784455701
1274368175182921728,negative,0.0003969260820024506
1274368179935105026,negative,0.00024845239545784087
1274368182665576450,negative,0.0025244154240155283
1274368185236688896,negative,0.00976303112135586
1274368185320513538,negative,0.0025244154240155283
1274368195730776064,negative,0.045777321671817396
1274368196905238528,negative,0.012557673863911462
1274368197278433280,negative,0.0012245131023598855
1274368198922698755,negative,0.0008327555202377463
1274368202504454144,negative,0.0020380089060634166
1274368202592727042,negative,0.22758651909418473
1274368205923004420,negative,0.1566984227236589
1274368208435400705,negative,0.0046483597329023945
1274368209622310912,negative,0.002947646382860306
1274368215154675721,negative,4.633640968126435e-06
1274368218686201856,negative,4.785584934150838e-09
1274368219780964352,negative,0.022163485317637545
1274368220389089281,negative,1.377209017096893e-11
1274368220783353856,negative,0.010650548278902413
1274368224247926785,negative,0.00013452002655456687
1274368226374418433,negative,0.0023732456344530395
1274368229302054913,negative,3.377630973858967e-11
1274368229696319488,neutral,0.49361142015746884
1274368232976273408,negative,4.2328624797696396e-07
1274368233802477568,negative,0.01024459341701663
1274368242652524550,negative,0.0023732456344530395
1274368246372851713,negative,0.03808132109721348
1274368246624509952,negative,0.0046483597329023945
1274368247819898881,negative,0.01024459341701663
1274368248117710850,neutral,0.49789225920557484
1274368248256040967,negative,0.01024459341701663
1274368251779321863,negative,1.462279423217315e-05
1274368256598564864,negative,0.0046483597329023945
1274368257697480705,positive,0.9084931927695996
1274368261539467264,negative,0.053228618929929916
1274368265133883403,negative,0.0023732456344530395
1274368267898032131,negative,0.11064887116126246
1274368274961174529,negative,0.007423101344586885
1274368275812626432,negative,0.0025244154240155283
1274368275850432515,negative,6.52669796757631e-12
1274368276865462272,negative,7.522854067835918e-09
1274368277343584256,negative,0.01024459341701663
1274368277985320961,negative,0.000194712726200877
1274368279654682624,negative,0.07207548798100974
1274368280095064064,negative,0.3252691964281219
1274368286332006400,negative,0.01024459341701663
1274368291394531329,negative,2.579716149040556e-10
1274368296222183425,negative,0.30188095151748945
1274368305126682626,negative,4.8933164373561665e-08
1274368305348911104,negative,0.0010008715192111719
1274368306934427652,negative,0.040438041029809
1274368309023191041,positive,0.9167200267656139
1274368310797312000,positive,0.8585319019276769
1274368313989136386,negative,1.0029413030842034e-08
1274368314450546694,negative,3.148589181998678e-07
1274368316337983491,negative,1.1299102441786265e-10
1274368316551966729,negative,0.17162550789454536
1274368325431234568,negative,0.0023732456344530395
1274368328245620736,negative,0.0007453596392161943
1274368334247735296,negative,2.0261298851260953e-05
1274368335015075841,negative,0.0020380089060634166
1274368335136817152,negative,0.1523337360836069
1274368341394759680,negative,0.0009058770803850645
1274368342283874304,negative,0.001039340430049831
1274368344490205186,negative,3.788458129188334e-05
1274368346956464132,negative,1.1006240753538322e-05
1274368347560456197,negative,0.0046483597329023945
1274368355319848962,negative,0.20089410784214784
1274368355609214982,negative,0.0002818279212994692
1274368361598783490,negative,0.0046483597329023945
1274368372122226688,negative,0.013411909187252716
1274368375913943041,negative,2.8844760844714665e-05
1274368377625153543,negative,0.246093511614023
1274368382763036672,negative,1.9462031967011362e-09
1274368385015590913,negative,0.01024459341701663
1274368390669512704,negative,0.08448437244394663
1274368393035071490,negative,0.03119228198712948
1274368394981228545,negative,2.4068422160760825e-08
1274368403566927874,negative,0.246093511614023
1274368406867902470,negative,0.246093511614023
1274368412815437824,negative,9.278955856995955e-10
1274368421929652226,negative,0.10071602551860478
1274368433199575041,negative,1.0063588681432888e-06
1274368433879224329,negative,0.00032381616338099357
1274368440787140608,negative,0.01309164324206309
1274368447812689926,negative,0.007423101344586885
1274368450203463680,negative,0.0005496302367822342
1274368454372417536,negative,0.0023732456344530395
1274368464304705538,negative,0.11186677855945194
1274368467542605825,negative,7.522854067835918e-09
1274368473536368640,negative,0.009897814035839305
1274368474303868928,negative,7.787247008468815e-05
1274368480201060352,negative,0.03923783672127381
1274368484894486529,positive,0.9897940887128948
1274368488073805825,negative,5.449484355703021e-17
1274368488182886402,negative,0.0018664687285120491
1274368491064262659,negative,5.904532509733307e-07
1274368491261497346,negative,0.013456648521606905
1274368492255555584,negative,0.3252691964281219
1274368492377161728,negative,0.0020303224103744785
1274368492523917313,negative,1.1375230995917619e-05
1274368494667272194,negative,1.658688090119235e-05
1274368499293532162,negative,0.03119228198712948
1274368502611181569,negative,0.011851722936069087
1274368503840202752,negative,0.0033375956776549387
1274368507510128640,negative,0.0030015481702464772
1274368508130996227,negative,0.008494334421701893
1274368511377358851,neutral,0.3417344082047268
1274368512790687744,negative,0.22758651909418473
1274368513415819266,negative,2.9931321205642357e-05
1274368516783833088,negative,0.00848377971375757
1274368519187161089,negative,0.01024459341701663
1274368519766003712,negative,0.01024459341701663
1274368520059568128,negative,9.877942825205827e-05
1274368521749880833,negative,0.0012790156954150297
1274368522488025088,negative,0.0025244154240155283
1274368528045481986,negative,0.25082162104900946
1274368528817274881,negative,2.9364486647750897e-12
1274368531296124928,negative,0.006067969181693019
1274368536358641665,negative,8.810608451065702e-05
1274368537876979712,negative,0.03808132109721348
1274368538304827392,negative,0.22706414434616126
1274368538870820865,negative,0.0018442864603985198
1274368545816748032,negative,1.0521495786532294e-06
1274368546940891136,negative,1.620438984876815e-07
1274368547137843201,negative,0.043357289526929334
1274368547985252355,negative,0.03808132109721348
1274368553093869569,negative,4.592623725848183e-07
1274368556138971137,negative,0.1159081960369315
1274368557342654464,negative,0.0017746543312629668
1274368559557357570,negative,0.00937980767477089
1274368561000124419,negative,8.705916356899873e-07
1274368562233311232,negative,0.01024459341701663
1274368567027339265,negative,0.31606451298353566
1274368571683069952,negative,0.06451771866089863
1274368577890668545,negative,0.13454027506048566
1274368580784537602,negative,0.0030015481702464772
1274368583934640130,neutral,0.5799881707032553
1274368589907320833,negative,0.0014816986942520385
1274368590104481793,negative,0.0059608690101698334
1274368590867763200,negative,0.007856628728623454
1274368593124364288,negative,0.0006618359689684027
1274368594240028673,negative,0.004066909692275981
1274368595410259970,negative,0.004575208838078723
1274368596580368385,negative,0.00019516053996559288
1274368596714586122,negative,0.004051897035612202
1274368599134789632,negative,0.24217142162770317
1274368599466151938,negative,0.0025244154240155283
1274368599864619010,negative,0.0007113050579235041
1274368603186499584,negative,0.19413116214590184
1274368604411252737,negative,0.01024459341701663
1274368604520296449,positive,0.6621788008102152
1274368605702860800,negative,0.0023732456344530395
1274368606676099072,negative,0.02646604823493058
1274368611881189377,negative,0.0012420974507967285
1274368614016131072,negative,0.003298302871940426
1274368617237405697,negative,1.346350239504536e-06
1274368618235658240,negative,0.0006618359689684027
1274368619011551232,negative,2.647011373442955e-06
1274368627765129216,neutral,0.3713411305629032
1274368634572410882,negative,0.0023732456344530395
1274368636698820609,negative,0.0012674147253387384
1274368636971614208,negative,4.3574259936230573e-05
1274368637571346437,negative,0.01024459341701663
1274368637772718085,negative,0.246093511614023
1274368641119784966,negative,0.03808132109721348
1274368644508798976,negative,0.02094008784455701
1274368644550733825,negative,1.153527350380902e-05
1274368649688748033,negative,2.75421246101684e-06
1274368650502385666,negative,0.24217142162770317
1274368655120379904,negative,2.8106129503009253e-11
1274368658911961096,negative,5.6152728171951e-05
1274368660975616000,negative,0.01024459341701663
1274368661462147072,negative,0.0023732456344530395
1274368661596356608,positive,0.8585319019276769
1274368664817541120,negative,0.001214630087769721
1274368670148460550,negative,0.020998336804883062
1274368673998950401,negative,0.02094008784455701
1274368676540682240,negative,1.462279423217315e-05
1274368677039804419,negative,9.312806097469114e-05
1274368687160659971,negative,0.00027885886939814277
1274368694043455488,negative,0.011667847980282274
1274368694488051712,negative,0.045777321671817396
1274368695163330562,negative,0.0023732456344530395
1274368695649828864,negative,0.0023732456344530395
1274368698459934720,negative,0.0023732456344530395
1274368699030528002,negative,0.00020787970698739675
1274368703371640834,negative,0.06148393507911382
1274368703879155713,negative,0.005448483259237717
1274368715052720129,negative,0.007895238713371043
1274368720320815104,negative,0.04508793175479512
1274368720757022720,negative,1.7421376807358227e-06
1274368734761816064,negative,1.2532261430315518e-09
1274368737622319106,negative,6.103400841666349e-06
1274368742739398656,negative,0.05348147541647061
1274368747244081154,neutral,0.5326404530621117
1274368752155574272,negative,0.0046483597329023945
1274368752369504256,negative,0.01658764258476784
1274368758883254274,negative,1.0071510488651718e-07
1274368761869619206,negative,0.10679277765017187
1274368763522138113,negative,0.00976303112135586
1274368774288797701,negative,0.045777321671817396
1274368779758325760,negative,0.03808132109721348
1274368782383951872,negative,0.06148393507911382
1274368782459457536,negative,0.30736538127062907
1274368786901151744,negative,7.190418434579984e-05
1274368787043749889,negative,0.018298499056189178
1274368787438067712,negative,0.005192419262690851
1274368791766499332,negative,8.810608451065702e-05
1274368792060141569,negative,2.647011373442955e-06
1274368799635095552,negative,8.810608451065702e-05
1274368815892234241,negative,2.93811558128408e-10
1274368817901252608,negative,2.767738673287086e-08
1274368819683868673,negative,0.1293355396363954
1274368820996714497,negative,0.0009728648121375124
1274368821349023747,negative,1.1333652627727732e-05
1274368823823646721,negative,0.00016913816880183795
1274368824494755842,negative,0.001214630087769721
1274368825031569412,negative,0.01024459341701663
1274371275725713409,negative,0.20239329743009857
1274371282272911362,negative,0.010920161548177548
1274371282981838849,negative,0.0019161766269882728
1274371289491398657,negative,0.0025244154240155283
1274371292276436995,negative,0.04508793175479512
1274371294990086144,negative,0.01024459341701663
1274371295703117824,negative,7.677200863039744e-07
1274371298614018048,positive,0.8795481513355236
1274371310567686144,negative,2.647011373442955e-06
1274371315839926272,negative,0.0023732456344530395
1274371316058148864,negative,0.01024459341701663
1274371316276244486,negative,5.973678542533737e-07
1274371316720775168,negative,0.0033120343898480897
1274371316993449985,negative,0.15482765927473685
1274371318368972801,negative,0.00699351138358601
1274371322072760320,negative,0.006535836344641746
1274371322408206336,negative,1.5374647146811132e-09
1274371324144746500,negative,4.592623725848183e-07
1274371324270579713,negative,2.422095739038046e-11
1274371325692448768,negative,3.8000522162167687e-07
1274371328682967040,negative,0.246093511614023
1274371337612558338,negative,0.00018278186635519608
1274371339974033409,negative,0.01024459341701663
1274371344294195202,negative,0.0015083597574763621
1274371347578261504,negative,0.00976303112135586
1274371349864161280,negative,4.2328624797696396e-07
1274371352154300417,negative,0.0033120343898480897
1274371352280084480,negative,0.0023732456344530395
1274371354465361920,negative,0.06195441624776564
1274371357120303104,negative,0.0046483597329023945
1274371357745307655,negative,3.6777394848955764e-08
1274371361406881793,negative,0.0023732456344530395
1274371368520425476,negative,1.0576728426970139e-06
1274371370114330624,negative,0.01024459341701663
1274371371469062144,positive,0.9266878977062148
1274371378951655424,negative,0.04508793175479512
1274371379979149313,negative,0.0001558852083336612
1274371381434757122,negative,1.7066963416634737e-07
1274371382256766977,negative,1.0576728426970139e-06
1274371389890256896,negative,1.0679142996436983e-07
1274371390708334592,negative,0.022179247978313676
1274371390725066753,negative,0.03005060275768275
1274371390922272769,negative,1.331696417059444e-09
1274371395280154625,negative,0.08826221692494869
1274371399365406725,negative,0.1138720318060893
1274371400162258944,negative,0.03808132109721348
1274371401676460038,negative,0.004665772498491412
1274371402368520193,negative,1.912140949800405e-06
1274371403475795969,negative,0.0015083597574763621
1274371404536913920,negative,7.787247008468815e-05
1274371408789934080,negative,3.579212341032352e-06
1274371409654034432,negative,0.045777321671817396
1274371411306569728,negative,0.2218697316451371
1274371412673941505,negative,0.24217142162770317
1274371416545284097,negative,0.0025244154240155283
1274371416801116161,negative,0.004066909692275981
1274371423478386688,negative,0.03808132109721348
1274371423541354502,negative,0.001214630087769721
1274371423717535745,negative,1.7894371424166378e-05
1274371425118363653,negative,2.7067102036399856e-07
1274371427416846336,negative,0.01024459341701663
