Tweet_ID,Sentiment_Label,Probability_pos
1261068838155714560,negative,0.003658168362749159
1261068839208587264,negative,7.398029387919605e-11
1261068839376359430,negative,0.1011965743699901
1261068839577673728,negative,0.1913620992948721
1261068839665766401,negative,1.072170710913402e-12
1261068840189997057,positive,0.9633894245446962
1261068844581425153,negative,0.0005918503658934132
1261068844707254273,negative,0.013974828934767583
1261068845013438464,negative,0.0005226295360865039
1261068845277642752,negative,0.027332949917978695
1261068845411971072,negative,0.06133308566078277
1261068848549199872,negative,3.378378622720185e-06
1261068848683343873,negative,0.03252297090597513
1261068848796766208,negative,0.0001960240455866292
1261068848800948231,negative,0.3127093451721636
1261068848930926592,negative,0.0034903247428258173
1261068848956166144,negative,0.10754647254317651
1261068848985407494,neutral,0.5117783877884085
1261068849060904961,negative,0.00234935018102538
1261068853012029441,negative,0.26062414263329536
1261068853175599104,negative,0.0036798053977947732
1261068853636993027,negative,0.19276794311333997
1261068856824602630,neutral,0.4391003357689087
1261068858024050688,negative,5.748359179773012e-05
1261068860897275906,negative,0.0017229369252472785
1261068861086011394,negative,3.438668585915208e-05
1261068861576826886,negative,0.09677176217418565
1261068862147174400,negative,0.2741174098077397
1261068862281351169,negative,0.009635110315967137
1261068864563150849,negative,1.7705812114309707e-05
1261068865154449410,negative,7.683138095345502e-10
1261068865477500928,negative,0.21868012368958933
1261068870426771456,negative,0.03633703499563532
1261068870581997569,negative,1.0716690447452453e-10
1261068873639628802,negative,0.012572059480216636
1261068878039461888,neutral,0.6537474969498027
1261068878593081351,negative,0.0694375454718046
1261068878676975617,negative,0.13184512175920807
1261068878811103234,negative,0.06809762581072988
1261068878920273926,negative,0.22949407482612988
1261068882091167746,neutral,0.6206907234192696
1261068882296569856,negative,0.05796951301440428
1261068882476818434,negative,0.18089972161552242
1261068882728693765,negative,7.398029387919605e-11
1261068882825093126,negative,0.050027534561623385
1261068886352560129,neutral,0.5302573871689407
1261068886922977280,neutral,0.64258313890241
1261068886927081477,negative,0.01631380372057105
1261068887157870598,neutral,0.48935278364446505
1261068887422050310,neutral,0.41901263796461236
1261068887665360897,positive,0.9756537869876104
1261068890555256836,negative,0.010975760624181326
1261068890567835651,neutral,0.46127768308170247
1261068891893174272,negative,0.01827245644725621
1261068891951955968,negative,0.004069597752909918
1261068894552326150,neutral,0.49789225920557484
1261068894728531969,negative,0.03337450219509571
1261068894787289089,negative,1.038948792877083e-05
1261068894929813510,negative,0.08561621480946711
1261068895017996292,positive,0.7647417764232992
1261068895735119883,negative,2.7805977277806313e-05
1261068899002572800,positive,0.7341237262570166
1261068899023572992,negative,0.24339632402902336
1261068899061248001,negative,0.12154696332757234
1261068899136782337,negative,0.0014835570421181082
1261068899166179328,negative,0.07958848182746942
1261068899522613249,negative,0.24280583205225378
1261068899749187584,negative,0.1383004319890404
1261068899950395400,negative,6.070574844885682e-06
1261068900063641600,negative,0.00021303875421168394
1261068900365721601,negative,0.3112459430704607
1261068903029014528,negative,0.20000755038860982
1261068903238848519,negative,0.008273996442184241
1261068903318503424,positive,0.7142128879706829
1261068903645577217,negative,0.028222485213993925
1261068904241209344,negative,0.00043297553546448655
1261068907315638273,negative,0.11204499621077665
1261068907420553218,negative,0.18729891835491352
1261068907462328320,positive,0.8619084794855766
1261068907487678465,negative,0.3238956632889903
1261068907517022210,negative,0.0026995460490378043
1261068907621695488,negative,0.006287247041412716
1261068907852500992,positive,0.9576765494281486
1261068908708024320,negative,0.0834800784471925
1261068911530958850,negative,0.29272454531704056
1261068911572910081,negative,2.24491397926343e-05
1261068911769841664,negative,0.002961311291306646
1261068911962918912,negative,0.0014835570421181082
1261068912801861632,negative,4.061112535255035e-05
1261068915943317504,negative,0.06967499314271368
1261068916010467329,negative,0.031906291684652775
1261068916148838400,negative,0.0001166415946055713
1261068916174073856,negative,0.21996594455721225
1261068916350234625,negative,0.2147821849404412
1261068916543102977,negative,0.006060778227671621
1261068917008592900,negative,0.008273996442184241
1261068919852449793,negative,0.3242840396726093
1261068919936299008,negative,0.0030642149232999326
1261068920586452994,negative,0.0138396597300791
1261068920800280577,neutral,0.6464719040973205
1261068920926208000,negative,0.054572160237788936
1261068921010036739,negative,5.128817500092119e-05
1261068921085575173,neutral,0.48728019602140255
1261068921249153024,negative,0.004014432526452868
1261068924269068289,positive,0.9955117374246244
1261068924323614720,negative,0.008273996442184241
1261068924394897408,negative,0.002307356216281876
1261068924994629634,negative,0.0006407549909016311
1261068925145698307,negative,0.00568527131379799
1261068928345870338,negative,0.0043765745462335985
1261068928366841861,negative,0.01299392123367539
1261068928849252355,negative,0.11131737962450741
1261068928903778304,negative,0.06764437739561174
1261068928987602946,negative,0.12294674055541119
1261068929499164674,negative,0.008273996442184241
1261068929625186305,negative,0.11621235138636853
1261068932846321664,negative,1.9308144901016835e-08
1261068933001547776,negative,0.0005795850754923421
1261068933056135169,negative,0.11344827156499059
1261068933777539072,negative,0.07235867224819384
1261068936570966016,negative,0.013071802933519663
1261068936625471488,negative,0.04187243104244812
1261068937166544896,negative,0.000723601582511672
1261068937195917314,negative,2.294487975567694e-05
1261068937200128001,negative,5.2704429165151266e-09
1261068937300762625,negative,0.0001019961695275448
1261068940396167169,negative,6.698516905495894e-06
1261068940740038658,negative,1.0716690447452453e-10
1261068940756889602,negative,0.039414040611214195
1261068941193084928,negative,0.004122829826235455
1261068941444726786,negative,0.002961311291306646
1261068941465661440,negative,0.009635110315967137
1261068941725663234,negative,0.0013346156755125913
1261068944892461056,negative,1.625294053679137e-05
1261068944972099590,negative,1.625294053679137e-05
1261068945056030720,negative,2.5704425550496407e-08
1261068945534173186,negative,1.0716690447452453e-10
1261068945701793792,negative,0.013723830045691011
1261068945798422540,negative,0.00075150209607325
1261068946662461443,negative,0.008424436512622466
1261068946683432960,positive,0.6805124995504583
1261068949380366336,negative,0.10036574307765715
1261068949527166977,negative,0.0007026831144819801
1261068949623574534,neutral,0.5711200639153521
1261068949661286401,negative,5.310070640518162e-06
1261068950185615361,neutral,0.5683054665110046
1261068950332477442,negative,0.1098799555422647
1261068953725603848,negative,0.09785503625344835
1261068953759166466,positive,0.6615451732259808
1261068953910206464,negative,0.00598533951863095
1261068954077925376,negative,0.058697846150142265
1261068954300227585,negative,0.010554549143264032
1261068954497245184,negative,0.008273996442184241
1261068954539352064,negative,0.00013675254947395266
1261068957768806401,neutral,0.40485177752233803
1261068957924175878,negative,0.0016244481520802086
1261068957978632193,negative,0.013381734878671742
1261068958058364929,negative,0.009374463350822416
1261068958230171650,negative,0.029229908611199503
1261068958637133827,neutral,0.49789225920557484
1261068958892990467,negative,0.007942105302098266
1261068958968545281,positive,0.7306012613944252
1261068959106969607,negative,0.1913620992948721
1261068960948248578,negative,0.017176442403367454
1261068960952352768,negative,0.21101973433534477
1261068961480933376,negative,0.04802777113889906
1261068961866756096,negative,0.2760663096426017
1261068961971671042,negative,0.3096947150369141
1261068962403454977,negative,0.011863568424338337
1261068963037040640,negative,0.013000222754202146
1261068963309596672,negative,0.010554549143264032
1261068966124032001,negative,0.1576357861527654
1261068966375698434,negative,0.17953339425725498
1261068966618955780,negative,0.20708165224478345
1261068966719442944,negative,0.008273996442184241
1261068966799257613,positive,0.6900557270277036
1261068966849544193,neutral,0.44043713813542135
1261068967172587522,negative,0.012491486062200595
1261068970108608512,negative,0.002307356216281876
1261068970196697093,negative,0.0008215271308354626
1261068970259558401,negative,0.03450523242040106
1261068970720804864,negative,0.006476963414056496
1261068970762870785,negative,0.0017786929271154364
1261068970897145857,negative,3.1589629299708317e-06
1261068971056529414,negative,0.003591696831369598
1261068974126759937,negative,7.953161127726025e-06
1261068974269366273,negative,4.94727916089884e-06
1261068974437122049,negative,0.012491509334278604
1261068974533550080,negative,0.0001469105543117679
1261068974625873920,negative,0.31617114876833163
1261068974684549120,negative,0.0006430317737287878
1261068974856515584,negative,0.03393047584177207
1261068974994964481,positive,0.8201203076271957
1261068975280132108,negative,0.012009525610301459
1261068977926791170,negative,0.14679705369166957
1261068978186838016,negative,1.6657445836746734e-06
1261068978727903232,negative,0.001131825189241188
1261068978920869888,negative,0.0018109838562247326
1261068979973603336,negative,0.0008219331144770507
1261068982385336323,negative,0.0010713609576337828
1261068982527963136,positive,0.8528092046346761
1261068983668822016,negative,4.992240321823192e-05
1261068983672979458,negative,0.008273996442184241
1261068983798829056,negative,0.0018109838562247326
1261068987317858309,negative,0.09869485515081453
1261068987527462913,negative,0.0009875408014745131
1261068987573641220,negative,6.133049824679422e-05
1261068987619774466,neutral,0.3824546134505241
1261068987737223169,positive,0.9817420327984682
1261068987745439744,negative,0.023647596611352437
1261068987946975232,negative,0.014952268053387119
1261068988269965317,negative,0.029203263853436114
1261068988521623555,negative,0.0005918503658934132
1261068991424016387,negative,0.0011602414113314142
1261068992023797763,negative,0.04573562194307528
1261068992195760128,negative,1.0877965886739447e-09
1261068992569061379,negative,0.002961311291306646
1261068992686575616,negative,0.038885779100948835
1261068992879513600,negative,6.159684409824623e-05
1261068995358318595,negative,1.625294053679137e-05
1261068995618365444,positive,0.6633339863242538
1261068996071378948,negative,0.1712702221630997
1261068996218101761,negative,0.3138828566235909
1261068997157675008,negative,0.3107281742138744
1261069000068550666,positive,0.740581412506817
1261069003323256832,neutral,0.5524970973068358
1261069003763716096,positive,0.6633339863242538
1261069004199923719,negative,0.17912203872637958
1261069004455772160,positive,0.9924458156326212
1261069004904574978,negative,1.7954121531357658e-05
1261069008201121792,negative,0.2334671889592367
1261069008251518983,negative,2.0917080919999318e-06
1261069008624848896,negative,0.0016244481520802086
1261069009031700481,negative,0.07926378435556629
1261069009069527045,negative,0.0001481112316109183
1261069009174200321,negative,0.1740105501457912
1261069013041516544,negative,0.04056810797147631
1261069013318340608,positive,0.9982045510284216
1261069015038021634,negative,0.004635876243800295
1261069015071576064,negative,5.326428537506761e-05
1261069016648515586,negative,0.08767456492761842
1261069016816287744,negative,1.9032607153768502e-06
1261069016908664832,neutral,0.5839477768665294
1261069017105735686,negative,0.020965559322123614
1261069017785171969,positive,0.7297429276798559
1261069020679340032,negative,0.1913620992948721
1261069021484666880,negative,0.000342414413342501
1261069024735170567,neutral,0.3781135753017415
1261069025326628865,negative,0.05306475498045818
1261069025599242240,positive,0.921991089411296
1261069025880281088,negative,0.003618869155013082
1261069028161802240,negative,4.625472119277546e-05
1261069028614946823,negative,0.0002199209343344707
1261069028828819457,negative,0.1232238306194676
1261069028870807557,negative,0.004423656460869478
1261069029286043650,neutral,0.5083252673625444
1261069029520834561,negative,0.16917686307763757
1261069033190952963,negative,0.08764947287490846
1261069033501339648,negative,0.0834800784471925
1261069037263618057,negative,0.002307356216281876
1261069037481517056,negative,0.00036161421322405133
1261069037532057601,negative,0.12336260317640861
1261069037766955008,negative,0.00234935018102538
1261069037779419137,neutral,0.34212779492080586
1261069037980827649,neutral,0.5524970973068358
1261069038140248067,negative,0.31617114876833163
1261069038173646849,negative,0.0002636078572771582
1261069038496755714,negative,0.000342414413342501
1261069038551216130,neutral,0.4836615648449466
1261069041625698306,negative,0.022958984445237064
1261069041805950976,negative,0.0834800784471925
1261069041889878016,negative,0.0014564201960768925
1261069045740208130,positive,0.9985812467620746
1261069046109347841,negative,1.3066607290759074e-06
1261069046113538050,negative,0.012395425109043911
1261069046444969985,negative,0.00233387712352543
1261069046587547649,neutral,0.4210617759613723
1261069046767693824,negative,0.012476330210810335
1261069046855995395,negative,0.000713178654816396
1261069054258884608,neutral,0.49789225920557484
1261069054422507526,negative,4.7437828852731336e-05
1261069054644817922,negative,0.2782236071419222
1261069054653222920,negative,0.003579042953434833
1261069055387226114,positive,0.7915827976489561
1261069058105126914,negative,0.2043626074225695
1261069058675478533,negative,0.07279594289298937
1261069062391635968,negative,0.16917686307763757
1261069062685298689,negative,0.011893885723839162
1261069062840487942,negative,0.01387087065344314
1261069062953721859,negative,0.1376503753785203
1261069063020822528,negative,0.027103994001718947
1261069063306055689,positive,0.8248904162818091
1261069063691829249,negative,0.08371740739112851
1261069066648850434,positive,0.8689738024344142
1261069067210887170,neutral,0.49789225920557484
1261069067349364742,negative,0.03611141322467575
1261069067382935554,neutral,0.49789225920557484
1261069075100418048,negative,0.09148015799428928
1261069075368869890,negative,0.05317137309990877
1261069075696025606,positive,0.999999999875115
1261069076220305410,neutral,0.37037742606747703
1261069076253880320,negative,0.028222485213993925
1261069076312600576,negative,0.00022007360386991045
1261069079370219521,negative,5.601267873800839e-05
1261069079445733376,neutral,0.3385487287232056
1261069079718346753,negative,1.625294053679137e-05
1261069079898619904,negative,0.00012734267109165587
1261069079923822593,negative,0.07408610719760436
1261069083996553218,neutral,0.4862913000643885
1261069084097155072,negative,1.7737243301475026e-09
1261069084319334400,negative,0.0667557541648158
1261069084390817795,negative,3.729005110944954e-05
1261069084562726916,negative,0.00022413536018730745
1261069087972757504,neutral,0.5143447214613424
1261069092083163136,neutral,0.374728968896264
1261069092129292291,negative,0.07365622609644652
1261069092427046918,neutral,0.4764577292110158
1261069093119176704,negative,0.08395666814973364
1261069096445149184,negative,0.11128094115443106
1261069096868864001,negative,3.151656819283516e-06
1261069100140433409,negative,0.00501940990017347
1261069100379508738,positive,0.8563452565713475
1261069100446552064,negative,0.03977289636759727
1261069100450799617,negative,0.0741535527621264
1261069101193191427,negative,0.13549369954074872
1261069101193203713,negative,0.004014432526452868
1261069101331554317,neutral,0.5136446707795853
1261069101818052616,negative,0.19316951990380332
1261069104330477579,positive,0.748658165727092
1261069104439574529,negative,0.10311180463094281
1261069104745717761,negative,0.0013127302030827319
1261069105307758592,neutral,0.553817077987019
1261069105307803652,negative,0.004721745655054959
1261069105928511489,negative,0.3214078308826075
1261069108558336000,negative,0.11945710604163225
1261069108612915201,negative,0.0633070922928294
1261069108868767745,negative,0.010527605649677188
1261069109007200256,negative,0.008273996442184241
1261069109061656577,negative,0.0013453493002364948
1261069109082697728,negative,0.11275547759233974
1261069109267136515,negative,0.08775545253800286
1261069109292392448,negative,0.08775545253800286
1261069109665677313,neutral,0.49465494862883835
1261069112547123208,negative,0.0011501643374703383
1261069112710660101,neutral,0.49789225920557484
1261069112719167489,negative,0.0005954599017466339
1261069113125994502,negative,0.0014212333017924385
1261069113176317954,positive,0.892303511194296
1261069113285279745,neutral,0.3549788237786289
1261069113360818178,negative,1.2908137466698206e-08
1261069113461485568,neutral,0.37680543482765966
1261069113469939715,positive,0.9631795201963218
1261069113998393346,negative,1.5197242416163995e-05
1261069114107465728,negative,0.03187531387841372
1261069114392678400,negative,0.002961311291306646
1261069116816982020,negative,0.02035131727141473
1261069117248942081,negative,0.20397816093972984
1261069117274107905,negative,0.002095198278024129
1261069117374763009,negative,0.004014432526452868
1261069117588733954,negative,2.2329052986314907e-07
1261069117710315523,negative,0.06809090298428952
1261069118024953857,neutral,0.37679209754895876
1261069118062637056,negative,0.007491478377407189
1261069121183236097,negative,0.0013058940591577138
1261069121694793730,negative,6.57262297109344e-07
1261069122244415489,positive,0.6845064822254137
1261069122370244608,negative,0.14555464620433164
1261069122865070081,negative,0.005182993065430292
1261069125465628673,negative,0.0956658001448642
1261069125675372546,neutral,0.3858680182916954
1261069125708701697,negative,0.00613854178264631
1261069125746556940,negative,0.03205709398864268
1261069126619054081,negative,0.05107980860256238
1261069127051030533,negative,1.7662777286306644e-07
1261069129097842688,negative,0.0018090507643397544
1261069129777381376,negative,0.03187531387841372
1261069129882230785,negative,0.038265106128735134
1261069130079354885,negative,0.010554549143264032
1261069130641231872,negative,0.05736719385786155
1261069133803896834,neutral,0.3359217781560994
1261069133870804992,negative,0.03409860713310032
1261069134584045569,negative,2.5092237748260415e-09
1261069134743437313,negative,0.0008088665542365158
1261069134831464449,negative,0.000723601582511672
1261069134982459392,negative,0.003618869155013082
1261069135108243456,neutral,0.4518168036726226
1261069135192211465,negative,0.12258462670249735
1261069138111475720,neutral,0.33687396889773297
1261069138765676545,negative,0.15429739170131618
1261069138778259456,negative,0.017748864323693127
1261069138828632070,negative,0.17830525921243226
1261069138883153922,negative,0.00031560332374360123
1261069138954465280,negative,0.0018983314201658037
1261069139269103617,negative,0.004014432526452868
1261069139428487168,negative,0.006115550385365776
1261069142129549312,negative,0.02061366947841246
1261069142280544260,negative,0.0006888047385369805
1261069142452469765,negative,0.0015636691955122125
1261069142523871237,negative,0.2042517137896546
1261069142662225923,negative,3.0451262714276436e-06
1261069143165538305,negative,0.06868176661290021
1261069143215931392,negative,0.0015636691955122125
1261069143375253505,negative,0.002307356216281876
1261069146449686528,negative,0.0013450061478984623
1261069146487488512,negative,0.3214078308826075
1261069147099693056,negative,0.04091467920896201
1261069147313770496,negative,0.010818307174542807
1261069147489947648,negative,3.494337463666629e-07
1261069147607199744,negative,4.270247495584254e-06
1261069147758362624,negative,0.02042302598643286
1261069151252209664,positive,0.7307227494125816
1261069151331893248,negative,0.04802777113889906
1261069151503859718,negative,0.07819748423061493
1261069151545839616,negative,0.1119805776892634
1261069151650697219,positive,0.7113920217426194
1261069151839432704,negative,0.05393139608404876
1261069152288153601,negative,0.15604879611996295
1261069152502022146,negative,0.00010122814364068116
1261069154888691712,negative,0.000442240596698245
1261069155165446144,negative,0.059406929953972426
1261069158906843137,negative,0.02497920147408334
1261069158990610435,negative,0.060231683286108666
1261069159154290689,neutral,0.33113200015936756
1261069159468761088,neutral,0.4542051412756772
1261069159481454593,positive,0.7185141632653894
1261069159674392576,negative,5.211902166581649e-05
1261069159925821440,negative,0.015407302539987247
1261069159951147008,negative,0.14430499685716233
1261069160098009089,neutral,0.35119527102927156
1261069160131383296,negative,0.14777166117919585
1261069162706866184,negative,0.20217903134839052
1261069163222781958,negative,0.008424436512622466
1261069163394727936,negative,0.010855962853829997
1261069163419758592,neutral,0.6597573475815253
1261069163533041670,negative,0.0007807590990184636
1261069163755438080,negative,0.00956282098960921
1261069163876900865,negative,0.019398626832505143
1261069163927425026,negative,0.000563261554399173
1261069167488311297,negative,0.1913620992948721
1261069167945342976,neutral,0.392708762976668
1261069168268292097,neutral,0.44117483818726816
1261069168352415744,neutral,0.4111880105026108
1261069168528576512,negative,5.6296623396995034e-05
1261069168608071680,negative,0.0002726196955566791
1261069171460317188,negative,0.05148563495235856
1261069171804327937,negative,0.10368958117873237
1261069171980480515,negative,0.11965032313358888
1261069172093706241,negative,0.17383449721602262
1261069172131475456,positive,0.6633339863242538
1261069172345315330,negative,0.002364326828529678
1261069172924198913,negative,0.04473257994618074
1261069175637843972,negative,0.001077318537454454
1261069175684042758,negative,0.027621331923343484
1261069175696560130,positive,0.9098811932053372
1261069175809810433,negative,0.005482164210044367
1261069175851814913,negative,0.08821423687359088
1261069176548085761,negative,0.012423778439232166
1261069176799662087,neutral,0.4688405994340369
1261069179920224257,negative,0.008239293501947825
1261069179970621444,negative,0.2791081622670688
1261069180184526848,negative,0.00024519572555506695
1261069180461133824,negative,0.00025566520245754116
1261069180729778179,neutral,0.40485177752233803
1261069181153234945,negative,0.10037946346361658
1261069184299139079,negative,3.455281946599237e-05
1261069184315817984,neutral,0.36742492523419246
1261069184945045506,negative,0.033879182650351336
1261069185435815936,negative,0.22727451274474617
1261069188455706624,negative,0.0017103622810660671
1261069188527017984,negative,0.14426348743020453
1261069188979986434,negative,0.13681870320955467
1261069192540950528,negative,0.1913620992948721
1261069192683491331,negative,0.007881095019415649
1261069193937633284,negative,0.09850666337663404
1261069197100056577,neutral,0.5143447214613424
1261069200916918275,negative,0.28022467314234967
1261069201428578307,neutral,0.39791465965936246
1261069201915154437,neutral,0.49789225920557484
1261069202107990016,neutral,0.5724934286201718
1261069205077721088,negative,0.0072478703023351005
1261069205224521729,negative,1.3571915957213e-05
1261069205488762881,negative,0.0018983314201658037
1261069205627174913,positive,0.7371716501513265
1261069205706805250,negative,1.625294053679137e-05
1261069205853609984,negative,1.0877965886739447e-09
1261069209230086145,negative,0.0014977731309947825
1261069209649344514,negative,0.0075879282670955695
1261069210098204677,negative,3.3251811507353745e-06
1261069210211553281,neutral,0.48728019602140255
1261069213436973058,negative,0.004014432526452868
1261069213445378050,negative,0.26843780807384493
1261069213566992384,neutral,0.447854653089295
1261069213726375939,neutral,0.41112774186778783
1261069214263267328,negative,0.02840750226693878
1261069214280015872,negative,4.965678452818599e-05
1261069214393282566,positive,0.9205748723318148
1261069214582026240,negative,0.20966690686418718
1261069214678421507,negative,0.00018603139091997854
1261069217605943296,neutral,0.49789225920557484
1261069217761308672,negative,6.8168572639648e-07
1261069218038112264,negative,0.005977531069793503
1261069218155335680,neutral,0.3610600311230984
1261069218491006976,negative,0.0018071019222751618
1261069218570698752,positive,0.8402226795728336
1261069218600157185,neutral,0.39846391252391167
1261069218704838658,neutral,0.5017543432377519
1261069218872778753,negative,0.0005243654565387955
1261069218956677121,negative,0.0005768679770916307
1261069218960887808,negative,0.0062214706889238336
1261069221880004608,negative,0.008273996442184241
1261069221913640961,positive,0.758776886266339
1261069222047866881,negative,0.00023995861311041906
1261069222114967552,negative,0.008273996442184241
1261069222203002881,negative,0.009141893535151387
1261069223012569093,negative,0.03229907952784832
1261069223138385922,negative,0.022732213575553457
1261069223188717568,negative,0.08775545253800286
1261069226317688833,neutral,0.3403391890910929
1261069226640658433,neutral,0.39716689304764397
1261069226770563073,negative,0.31617114876833163
1261069227294953479,negative,0.021621589654584283
1261069227324211202,negative,2.0917080919999318e-06
1261069227416526849,negative,0.004014432526452868
1261069230398717952,negative,0.002252759592758711
1261069230486798336,negative,0.00013258970438484243
1261069230583226368,negative,0.0030675818145742637
1261069231086604288,neutral,0.4545686567815871
1261069234421092354,negative,0.002961311291306646
1261069234567819266,negative,0.2957222762459797
1261069234769211392,negative,0.06604408291588273
1261069234920185862,negative,0.08301289864159057
1261069239173218304,negative,0.00234935018102538
1261069239517093890,positive,0.7702347462092689
1261069239890391043,neutral,0.367474829391244
1261069243988181004,negative,0.011288630597445327
1261069247398268930,negative,0.001540039766619707
1261069247666622464,neutral,0.49789225920557484
1261069247901569025,negative,0.011927997461607553
1261069251403812864,negative,0.008543645253347075
1261069251781296128,negative,2.5353447401578922e-05
1261069252175552517,negative,0.09379362234173273
1261069252875837440,negative,0.025580668837847407
1261069255333773313,negative,0.15604879611996295
1261069256885710849,negative,0.012395425109043911
1261069259028889600,negative,0.013898982298179355
1261069259658137600,negative,0.06304120075965536
1261069261411401731,negative,0.04056810797147631
1261069263747547136,negative,0.011893885723839162
1261069263835672577,negative,0.0015636691955122125
1261069264959811586,negative,0.16917686307763757
1261069265458905092,negative,0.10426732763380442
1261069268231368704,negative,0.02035131727141473
1261069269225353216,negative,1.6297498158787745e-08
1261069269409902592,positive,0.9973683049411886
1261069272144642054,negative,0.03759356923697154
1261069272228474884,negative,1.625294053679137e-05
1261069272249491461,neutral,0.49789225920557484
1261069272866082817,negative,0.1371671970513129
1261069272966627334,negative,0.0018143612758886277
1261069273000144896,negative,0.3214078308826075
1261069273117704200,negative,0.029654113106311768
1261069273411264512,negative,0.05495013879373284
1261069273453268997,negative,0.003713972209110417
1261069276418658306,negative,0.028222485213993925
1261069277576257536,negative,0.0032066719582323723
1261069277655977985,negative,0.0007142274644215309
1261069280868777985,negative,0.22358134517346862
1261069280982024194,negative,0.06696303936280534
1261069281044959237,negative,2.6255227779531438e-08
1261069281153990656,neutral,0.6162940829641084
1261069281560797184,positive,0.8034471972800151
1261069284731760641,negative,1.1360249990660566e-05
1261069285067304960,negative,0.014897498085772492
1261069285222428673,neutral,0.5136446707795853
1261069285365071872,negative,2.2148688594888465e-05
1261069285671211017,neutral,0.586142376441515
1261069289328504832,negative,0.016458084838512833
1261069289559330816,negative,0.21274615049763695
1261069290209513474,negative,0.07502527764982109
1261069294382743554,negative,0.10036574307765715
1261069294915465216,neutral,0.5998404719393506
1261069297440509958,negative,0.0032566336548998788
1261069297453084673,negative,0.2065642761078804
1261069297599811584,negative,0.004014432526452868
1261069297834696705,negative,0.060998445458436225
1261069297838931969,positive,0.8125926572352725
1261069298233151489,negative,0.000723601582511672
1261069298602250242,negative,0.0003989456999554158
1261069301601259526,neutral,0.3499352441185855
1261069302024867840,negative,0.012476330210810335
1261069302192648192,negative,0.18618990676032474
1261069302221942785,negative,0.01592314171895039
1261069302448390144,positive,0.7281530690380975
1261069305355005952,negative,9.334345452564358e-06
1261069305967448066,neutral,0.42961223308966257
1261069306542071814,neutral,0.4923229461799426
1261069307133349888,negative,0.035114785709777066
1261069309763297280,negative,0.0006422126168221808
1261069310602153985,negative,0.2686823552260047
1261069310757388288,negative,0.1913620992948721
1261069310820265984,negative,0.014741338747863956
1261069310841233408,negative,0.002945762402765045
1261069310866456589,negative,0.18027501385829584
1261069310925180928,negative,0.07011194103648936
1261069310971314176,negative,0.00013058044914393874
1261069311054999552,negative,1.6053769673364058e-06
1261069311122255872,positive,0.7101788251182689
1261069314410635264,negative,0.010554549143264032
1261069314624552960,negative,0.000574156236390307
1261069315262078982,negative,0.0008363875249317243
1261069315274653704,neutral,0.4407531665618444
1261069315576606721,negative,0.004014432526452868
1261069315958341632,negative,0.15026392824749946
1261069318445576193,positive,0.9624376246851655
1261069319405834241,negative,0.19770369928745482
1261069319531880455,negative,0.00024558341311053944
1261069319607328768,neutral,0.47282409566604394
1261069321935237120,positive,0.9989295975316203
1261069322891526145,negative,4.548769609944681e-06
1261069323151515649,neutral,0.39824314707471364
1261069323285729281,negative,0.03289608090109384
1261069323600363520,negative,0.0004718424546278038
1261069323822563328,negative,0.1913620992948721
1261069326808948736,negative,0.018484949492836175
1261069327173746688,negative,1.0361178590651043e-05
1261069327559790592,positive,0.9542043903517397
1261069327593353216,negative,0.25938682440193145
1261069327983312896,negative,0.015292224323651725
1261069331028414465,negative,0.00015144921990325422
1261069331263377408,negative,0.004014432526452868
1261069331393400834,neutral,0.6336982874893852
1261069331716333573,neutral,0.6478056683926766
1261069331963752451,negative,0.14869506692064388
1261069334912393216,negative,6.8168572639648e-07
1261069335101145090,negative,0.003618869155013082
1261069335558324228,negative,0.027863558293461866
1261069335767859200,negative,0.004759404654389538
1261069335981961216,negative,0.00861502056546353
1261069336091013120,neutral,0.40485177752233803
1261069336283959304,negative,0.3289295320708833
1261069336627666944,negative,1.0716690447452453e-10
1261069339270283264,negative,0.00013058044914393874
1261069339546927104,negative,3.3541299704969037e-06
1261069339685502989,negative,2.2712643382083616e-11
1261069339899428874,negative,0.010056121113947453
1261069339916189700,negative,0.01030974359809605
1261069340075610116,neutral,0.447571325875383
1261069340486615047,negative,0.0017764886027568751
1261069340687962114,neutral,0.35245586839121745
1261069340692054016,negative,0.0010274623863093836
1261069340696293384,negative,0.008273996442184241
1261069343657537537,negative,0.008516921299789164
1261069343934332934,negative,0.007347482533223785
1261069343938490373,negative,0.1972470686671075
1261069344081096704,negative,0.001422199276385062
1261069344143929344,negative,3.455281946599237e-05
1261069344194387972,negative,0.08708421057550549
1261069344416694281,negative,0.0022563389035857866
1261069344458575872,negative,0.28957903477380015
1261069344496328705,negative,8.012401868414259e-06
1261069347696652288,negative,0.0019023214458093582
1261069347738583047,negative,0.12405454635076887
1261069347801509890,positive,0.9969790058551248
1261069348166414337,neutral,0.35203337585123845
1261069348459905024,negative,0.003618869155013082
1261069348501884930,negative,0.2597787989466998
1261069348577386497,negative,9.434073616260174e-05
1261069348871065601,negative,0.011040247763220958
1261069348908785670,negative,2.4221038675898243e-05
1261069351689560072,negative,0.014741338747863956
1261069351781875713,neutral,0.3664316131851231
1261069351849021442,negative,0.0028973881252718743
1261069351970410496,negative,0.011342526002148518
1261069352075485184,negative,0.0008790106735747209
1261069352155086851,negative,7.812197686930799e-08
1261069352331358208,neutral,0.6457423802859142
1261069352339738625,negative,0.059371854367166486
1261069352540962816,negative,0.030557601954796232
1261069352574517250,negative,0.05840540636089486
1261069352687804418,negative,0.0023201784631322587
1261069352691957760,negative,0.001354798481848562
1261069355871285249,negative,0.049306420911385894
1261069355980328962,negative,0.2816601964152948
1261069356060102661,negative,0.07661944789362238
1261069356148101126,negative,3.290860971532696e-06
1261069356252958732,negative,0.0005226295360865039
1261069356815048705,negative,0.016125460684754393
1261069356902973442,negative,0.17541919752102353
1261069356999544832,negative,0.08935782245691708
1261069357066727426,negative,0.0016244481520802086
1261069357087633415,negative,0.022345671253083482
1261069357196722178,neutral,0.42240858050040886
1261069360044654592,negative,4.271332548147064e-13
1261069360266797056,negative,0.047318542022367044
1261069360300347392,negative,0.00011917908253787366
1261069360426344450,negative,3.1659791786098475e-05
1261069360518631429,negative,0.06882413221735735
1261069360522760195,negative,0.00012111057075899599
1261069360631857153,neutral,0.5000306021952764
1261069360896057345,neutral,0.4862913000643885
1261069360942194689,positive,0.905133126740033
1261069361021935619,neutral,0.4393101850869295
1261069364482146304,negative,0.03229907952784832
1261069364780040210,positive,0.8360796658376382
1261069365165928449,negative,0.003096260355208411
1261069365287555089,negative,0.2863132203241599
1261069365589524483,negative,0.02060852976646351
1261069365723750401,negative,0.05464523137206154
1261069365744730112,neutral,0.5160255720563555
1261069365946077188,negative,0.005855900785782243
1261069366021554176,negative,0.07926138426951894
1261069368454250496,negative,0.00020606312509148546
1261069368571473920,positive,0.9861011637651593
1261069368613535744,negative,0.010554549143264032
1261069368621965312,negative,0.0010209292666188195
1261069368735281153,negative,0.2745613730171873
1261069368898838528,negative,0.008424436512622466
1261069369049788418,negative,0.0005918503658934132
1261069369179803653,negative,0.014663216604985076
1261069369330864128,negative,0.002356863865488258
1261069369439850496,negative,0.04932282902557651
1261069369486053376,negative,0.1392652998174303
1261069369720868865,negative,0.14323366987260364
1261069369821605890,neutral,0.5173008960746949
1261069372799569920,negative,4.712579046647293e-06
1261069373005053952,negative,0.03221773702120485
1261069373063802882,negative,0.12294674055541119
1261069373277704192,negative,0.28022467314234967
1261069373302857729,negative,0.004604338875718251
1261069373571313666,neutral,0.6052412577422503
1261069373609062402,neutral,0.4688044310045624
1261069373722279936,negative,0.002961311291306646
1261069377060954119,negative,0.004235680037472343
1261069377157431299,negative,0.039571347998365994
1261069377258115072,negative,0.002961311291306646
1261069377602019334,negative,0.2241175053537638
1261069377706749953,negative,7.4150949406997655e-06
1261069377786515460,negative,1.132167478940409e-05
1261069381628542982,negative,0.002961311291306646
1261069381913554944,negative,0.05393139608404876
1261069382001790977,negative,0.00143722240274205
1261069382081490950,neutral,0.33880110752754244
1261069382345621505,negative,0.3035317702845227
1261069382362554368,negative,0.02373881034292555
1261069382379323396,negative,0.004014432526452868
1261069382425419780,negative,0.00173257730691242
1261069382555484163,negative,0.0035185905447359506
1261069382802866177,negative,0.00022834687377223787
1261069385617281024,negative,0.19074960010687877
1261069385772433411,neutral,0.3824546134505241
1261069386007433217,negative,1.7662777286306644e-07
1261069386154217474,negative,0.012395425109043911
1261069389698412545,negative,0.02577400156754153
1261069389853532164,positive,0.682936819976546
1261069390424014848,negative,0.036866956471005
1261069391430631424,negative,0.0012360332784193575
1261069391497760768,negative,6.133049824679422e-05
1261069393800376320,negative,8.07726524765165e-06
1261069393892646913,negative,0.09762305240440998
1261069394068803584,negative,0.020877034466718777
1261069394525982724,neutral,0.4513338576519111
1261069394689523713,negative,0.013184842517972238
1261069394836426757,negative,0.0007306012104076303
1261069397885673473,negative,0.009015943942740082
1261069398107971592,positive,0.8686695045423942
1261069398258987008,negative,0.024933805433752766
1261069398330298370,negative,0.0002820125722515959
1261069398443536384,negative,3.422402642872353e-05
1261069399131373568,negative,0.03364125042073363
1261069399139725313,negative,2.294487975567694e-05
1261069403384242176,negative,0.006476963414056496
1261069403552206854,negative,8.217781205893893e-06
1261069405724782593,negative,0.0017298945924906209
1261069406349799426,negative,0.17885976911389
1261069406555250690,negative,0.022171161961391996
1261069406630707200,negative,0.05192555114783404
1261069406941085696,negative,1.6053769673364058e-06
1261069407285129218,negative,0.19335072302585207
1261069407331155968,negative,0.0021782399911821114
1261069410917367808,negative,0.11429074605867923
1261069411374465024,negative,0.001099609497697976
1261069411391352832,negative,0.0018743131065411583
1261069411634610183,negative,0.00021833862138043487
1261069414759370752,negative,1.7662777286306644e-07
1261069414868357121,negative,0.002961311291306646
1261069414872633344,negative,0.14784209187063543
1261069415656890368,negative,0.02589981524950632
1261069415669530626,negative,0.0651211343938378
1261069415728263174,negative,0.0005975860340762603
1261069415812157445,negative,0.01457799552663228
1261069415891841027,positive,0.8785330464920974
1261069418911629312,neutral,0.3799361522807003
1261069419037577218,negative,0.05106637002907062
1261069419134038027,neutral,0.4184730148681191
1261069419805016065,negative,0.002961311291306646
1261069419914067969,positive,0.958921312958823
1261069420094423040,negative,0.31617114876833163
1261069420190933000,negative,0.000853945462029626
1261069420283265025,negative,3.105794331771229e-06
1261069420354580483,neutral,0.5581606207566303
1261069423361867778,neutral,0.40485177752233803
1261069423403765764,negative,0.003096260355208411
1261069424007589888,negative,0.008273996442184241
1261069424087363584,negative,9.302222631807285e-05
1261069428051120130,positive,0.8749893518077556
1261069428525010945,negative,0.00011348498969040842
1261069431641460737,negative,0.05372232606555741
1261069432643862533,negative,0.04806312686579951
1261069435709816833,negative,3.444067269928239e-06
1261069435793629184,negative,0.08695424835387129
1261069436527816709,negative,6.669106933827116e-05
1261069437056290818,negative,0.08568082071461677
1261069437135978497,negative,6.00341937622385e-06
1261069440805933064,positive,0.9273966213862217
1261069441414180866,positive,0.8701749594814456
1261069441544130560,negative,0.00254588920408255
1261069444488605697,neutral,0.35245586839121745
1261069444765356039,negative,2.0516842650679473e-05
1261069444903841793,negative,0.08323684929155256
1261069444949950464,negative,2.7805977277806313e-05
1261069448896753664,negative,0.02974200214645776
1261069449001484289,negative,0.0010122074308452327
1261069449215594499,negative,5.593482641800863e-05
1261069449697939457,negative,0.18348240493401663
1261069452529012736,negative,3.254290389440126e-05
1261069452596174852,negative,7.398029387919605e-11
1261069452617056257,negative,0.001545274302229004
1261069452948496385,negative,0.06227188440285313
1261069453254672386,negative,0.0012255660958131308
1261069453447626753,negative,0.0467498340877909
1261069456811405312,negative,2.2223356260284904e-05
1261069457432207361,neutral,0.46127768308170247
1261069458011049984,negative,0.0004310358885751077
1261069460900925440,positive,0.8472338952007923
1261069461219676162,negative,0.016652434786224902
1261069461425131521,neutral,0.35430432216636815
1261069461911715847,negative,0.0874880969808828
1261069462058545152,negative,1.549779958943589e-08
1261069465078444032,negative,0.0003125917270174306
1261069466177282051,negative,1.1985353809247153e-05
1261069469260054528,positive,0.958921312958823
1261069469285330944,negative,0.32233576444041573
1261069469402763266,negative,1.625294053679137e-05
1261069469473886208,negative,0.0012971746357755927
1261069473064390657,negative,0.014220121115351585
1261069473856942080,negative,0.028937030437148525
1261069474008125444,negative,7.00288754011163e-13
1261069474331004930,negative,0.10781719998105493
1261069474419093505,negative,0.009141944267265414
1261069474502975491,positive,0.944003909435644
1261069478097551361,negative,0.0003181561560066098
1261069478152097794,negative,0.042514302423576435
1261069478399553541,negative,0.012491486062200595
1261069478487621634,negative,0.007181760834502343
1261069478554632192,negative,3.821616759528723e-05
1261069479150321671,negative,0.10036574307765715
1261069482446983168,negative,5.066812777821352e-06
1261069482627420160,negative,0.0007767543267582495
1261069483491254272,positive,0.9250087646536853
1261069486326718464,negative,0.007491478377407189
1261069486662258690,negative,0.058969303794577266
1261069486892998656,neutral,0.40810144557420625
1261069490189668352,negative,0.012423778439232166
1261069490529468418,positive,0.7453320083266284
1261069490873393152,negative,8.352226485863794e-10
1261069491246493701,negative,0.16625507404718293
1261069491561213953,negative,0.308199125160694
1261069491603157003,neutral,0.3858680182916954
1261069494740488193,neutral,0.34322267253793753
1261069494740492290,negative,0.2782236071419222
1261069494774108161,negative,1.0716690447452453e-10
1261069495210147842,negative,0.0070793346337903185
1261069498909679619,negative,0.15605358816441192
1261069499115229195,positive,0.9772541599654632
1261069499299762183,negative,0.04212399538832998
1261069499471626242,negative,0.011481244499064288
1261069499689820161,negative,0.00010183657642792023
1261069502994878470,neutral,0.4688044310045624
1261069503057846273,negative,0.013066545488803
1261069503343050752,negative,0.038040412437120724
1261069503393341446,positive,0.8354628209065177
1261069503472992257,negative,0.026926096156326636
1261069504219615234,negative,0.01113058554215691
1261069504299307008,positive,0.9550333377085978
1261069504383275010,negative,1.0716690447452453e-10
1261069504408412162,negative,5.50597755502525e-05
1261069504580378624,negative,0.0833598746191433
1261069507168264198,positive,0.9933130682878175
1261069507197575168,negative,8.10255694719426e-06
1261069507696578560,negative,0.037360247853580636
1261069507818291200,negative,8.377818015371175e-06
1261069508002885632,negative,0.002961311291306646
1261069508183232512,neutral,0.5235243303544864
1261069508187500544,negative,0.01299392123367539
1261069508187508738,negative,0.12286655334695264
1261069508246208520,neutral,0.4169243530438427
1261069508338503686,negative,0.0036798053977947732
1261069508384559108,negative,0.187004297320454
1261069511383539719,negative,0.14400463523838944
1261069511500931073,negative,0.2600027364037656
1261069511526137856,negative,8.012401868414259e-06
1261069512352370691,positive,0.8109496058090945
1261069512662794246,negative,0.00012221950518370101
1261069512750755840,neutral,0.49789225920557484
1261069512788623360,negative,0.004014432526452868
1261069515414257664,negative,0.00011440322442566827
1261069515795959819,negative,0.013974828934767583
1261069516009848833,negative,0.009141893535151387
1261069516089569281,negative,0.023463401131453725
1261069516143906816,negative,0.27411125215567805
1261069516299071488,neutral,0.5083252673625444
1261069516492214273,negative,0.002961311291306646
1261069516810915843,negative,0.02242137878864549
1261069516890615809,negative,0.11162762197975168
1261069516936798209,negative,0.2965689185286096
1261069517301702657,negative,0.0004620906720941231
1261069517930868737,negative,0.02061366947841246
1261069519667281920,negative,4.9993641657519303e-08
1261069520392912899,negative,1.7580665465732206e-06
1261069520808169474,negative,0.00342601444476009
1261069520879472641,negative,0.09019801432835374
1261069520959156225,negative,3.6079013496451676e-05
1261069524209750017,negative,0.1913620992948721
1261069524234899456,neutral,0.49789225920557484
1261069524310339591,negative,0.052317444487015266
1261069524335460352,negative,0.0007676019479279937
1261069524457140227,negative,3.8065691874316725e-05
1261069524922662912,negative,0.0016833586996778205
1261069525199589380,negative,0.3200780906683345
1261069528018157572,positive,0.958921312958823
1261069528240455680,negative,0.009657037738440821
1261069528299180033,negative,0.0002411519563670024
1261069528420810755,negative,0.06668839539806297
1261069528798281730,negative,0.03581279561100945
1261069528940806147,negative,5.564665110763293e-05
1261069529234489347,negative,1.3310840278136718e-05
1261069531952418825,negative,4.029411268523828e-08
1261069532837425155,negative,2.8942780406708373e-07
1261069533198065668,negative,0.009089726437407358
1261069533210533888,negative,8.47497856879012e-05
1261069533697249289,negative,0.003988175562330999
1261069536868143110,neutral,0.5694952289868118
1261069537094533120,neutral,0.34780910484793326
1261069540638822406,positive,0.8905561955604361
1261069540659732481,neutral,0.4881451678856577
1261069541083361281,positive,0.7759058789271049
1261069542568189953,negative,0.012491486062200595
1261069542597500938,negative,0.2045965738428348
1261069544963129356,neutral,0.42669272657661345
1261069545432928256,negative,0.0018945205209518238
1261069545634234368,positive,0.9174514672643934
1261069548947681280,negative,2.377497491788228e-06
1261069549191004165,negative,0.0055647777870377795
1261069549232848896,negative,0.0013058940591577138
1261069549824176128,negative,1.9779985306004947e-08
1261069550210220033,negative,0.0011919561689554222
1261069550235389952,neutral,0.3322976704973272
1261069550239580162,negative,0.014897498085772492
1261069550520500226,negative,0.009635110315967137
1261069550562488320,negative,0.00022092287154127464
1261069553188122630,negative,0.016985819505068816
1261069553355952129,positive,0.7759058789271049
1261069554081501184,negative,0.23153288026599683
1261069554140229633,neutral,0.40344605969232644
1261069554358386689,negative,0.017602775661404668
1261069554412777473,negative,4.548769609944681e-06
1261069557470572544,neutral,0.4393101850869295
1261069557663334400,negative,0.014276456674710688
1261069557789274115,positive,0.8921581360911373
1261069561207631872,negative,0.00012740526363869885
1261069561690034180,neutral,0.6438587361764524
1261069561727717376,negative,0.012423778439232166
1261069562117853186,negative,1.7606500136579507e-05
1261069562176512002,negative,0.06967499314271368
1261069562222649345,neutral,0.4801745337698294
1261069562252005378,negative,0.13397866938779301
1261069562436616192,negative,0.15058449733735796
1261069562600206337,positive,0.9464426807695885
1261069562751209474,negative,0.18257755894886069
1261069562818244609,negative,0.13417381598988076
1261069562923098116,negative,0.14070201145768899
1261069562931490823,positive,0.7377474944881492
1261069563065708546,negative,0.05840540636089486
1261069566089846785,negative,0.00023995861311041906
1261069566186344448,negative,0.009141893535151387
1261069566307860481,negative,0.0017878037204151383
1261069566333067275,neutral,0.3783047312370756
1261069566421188613,negative,1.6053769673364058e-06
1261069566484140034,negative,0.009635110315967137
1261069567478153216,negative,0.00474687949218242
1261069569965404160,negative,0.014897498085772492
1261069571185954818,negative,0.03759356923697154
1261069574310703110,negative,0.05161679918082319
1261069574885330950,negative,5.872093671368462e-09
1261069578425307136,negative,0.002252759592758711
1261069582875406339,neutral,0.40946085807280075
1261069583202516993,negative,0.0012679067725616712
1261069583466795008,negative,0.0018983314201658037
1261069583512993793,negative,0.00022500370989821108
1261069583533903878,negative,6.0734538589651744e-05
1261069583861067783,negative,0.07571251938802294
1261069587648520192,neutral,0.3499352441185855
1261069587648569345,negative,0.2350638632469471
1261069588374212608,negative,0.0014835570421181082
1261069590978797568,negative,0.023167642885278363
1261069591356280834,negative,0.0013058940591577138
1261069591461203970,negative,0.005228435535296809
1261069591939293185,negative,0.10268398892147786
1261069592035721221,negative,0.04845422205616322
1261069595080904704,negative,0.00956282098960921
1261069595294814208,negative,0.0005820543911223215
1261069595802304514,negative,0.0008012323572580617
1261069595806445569,negative,0.00010790458919936118
1261069596012032000,negative,4.7616815583517124e-05
1261069599275130883,negative,1.4898984680950154e-05
1261069599321329670,negative,0.07035350574505843
1261069599711342592,negative,0.0006496507205291337
1261069600139218944,positive,0.6639437114425746
1261069604060901377,negative,3.790730792081385e-09
1261069604312485889,negative,1.1824725349270746e-05
1261069604509691906,negative,0.027637602350073204
1261069607848284163,negative,0.008576252323497386
1261069607865126913,positive,0.958921312958823
1261069607902855173,positive,0.958921312958823
1261069608032837634,negative,0.010751025382709776
1261069608112578567,negative,0.002100352591683434
1261069608548589568,neutral,0.4740602713963294
1261069608792047618,neutral,0.5143447214613424
1261069608913645571,negative,0.029800686382563626
1261069608976625668,negative,1.511746852642367e-11
1261069611920953346,negative,0.0005661083444985321
1261069612269133826,negative,0.2668064573930407
1261069612365611012,negative,0.12415711098677361
1261069612990545921,negative,0.10629471873468169
1261069613107945472,positive,0.8562120396758514
1261069615649751042,negative,0.054401058017392784
1261069616052404224,negative,2.294487975567694e-05
1261069616224362503,negative,0.0034478648414749714
1261069616304001024,negative,3.10247500386031e-06
1261069616408924171,positive,0.7105569506348243
1261069616912183297,negative,1.8211120731258895e-07
1261069616975093765,negative,0.091547654180811
1261069620766666752,negative,0.009642943453271305
1261069620812877828,negative,0.005855900785782243
1261069621227950080,negative,0.05245280491833443
1261069621479837699,negative,0.036866956471005
1261069621819555842,negative,0.0007126199356595478
1261069624717828097,negative,0.003618869155013082
1261069624772304897,negative,0.07446932252173577
1261069624910712837,negative,0.006627705051334929
1261069625460170754,negative,0.13488892204121528
1261069625468628992,negative,0.002961311291306646
1261069625552494592,negative,0.009141893535151387
1261069625690927111,negative,0.002961311291306646
1261069628798898178,negative,0.0006240393947743078
1261069628933058560,negative,0.018840270186006668
1261069629113413633,positive,0.7633685394352547
1261069629339963393,negative,2.0646267404208645e-06
1261069629650132992,negative,0.054547366603086796
1261069633534210053,neutral,0.5017543432377519
1261069633580392450,negative,2.0917080919999318e-06
1261069634192760832,negative,0.002961311291306646
1261069637535531009,negative,0.005244572468559316
1261069638215118855,negative,0.004850779932819051
1261069641683742721,neutral,0.4579903031654873
1261069642526834688,negative,0.000723601582511672
1261069642581368832,negative,0.09815728220010408
1261069642614874113,negative,0.004725145634463002
1261069642619064320,negative,2.8496067356201676e-06
1261069642707152903,positive,0.8573381608825863
1261069642715607042,negative,0.09258674921589585
1261069645555130375,negative,0.11925701450338541
1261069650042986497,negative,0.003096260355208411
1261069650445709314,negative,0.16778110775874125
1261069653729783808,negative,0.048920937762386325
1261069653822095366,negative,0.009635110315967137
1261069654115614720,negative,0.12535381913561675
1261069654170140672,negative,0.13150692042104312
1261069654195347461,negative,0.12326534152492626
1261069654371504128,positive,0.731718064304516
1261069658016428032,negative,0.19335072302585207
1261069658070953988,negative,0.018221436073425107
1261069658389692419,neutral,0.5000306021952764
1261069658515480578,negative,0.009635110315967137
1261069658838441984,negative,0.022284726275024203
1261069659350204417,negative,0.02331048453724761
1261069662206464003,neutral,0.46127768308170247
1261069662365847553,negative,0.004014432526452868
1261069662521110528,negative,1.3595694536414757e-08
1261069663087271936,negative,0.031919954073574446
1261069663389184000,negative,0.06522069115785255
1261069663443791873,negative,0.0003591601888191274
1261069665549406208,negative,6.3419788987229925e-09
1261069666241347590,positive,0.7281530690380975
1261069666514067460,neutral,0.34766730157024306
1261069667378094096,negative,0.01672382034298014
1261069667436650498,negative,4.712579046647293e-06
1261069667814133760,negative,0.06569872322747594
1261069670947459078,negative,0.06871322691378827
1261069671018758145,negative,0.31617114876833163
1261069671320580096,negative,0.00013656328688970812
1261069671677165568,neutral,0.34322267253793753
1261069675435298816,negative,0.0023763902210614716
1261069675565322241,neutral,0.513136929509853
1261069675674337282,negative,0.2451975761054529
1261069675913515009,negative,0.0013346156755125913
1261069678165794816,negative,0.0013518793259518463
1261069679025704961,negative,0.00020014536208047315
1261069679709339648,neutral,0.4688044310045624
1261069679751303169,negative,0.26762551640693655
1261069679944183817,negative,0.0017542666483077458
1261069680007172098,negative,0.000671456460292202
1261069683274534912,negative,1.2212664445432396e-06
1261069684104978432,negative,0.11381658629921074
1261069687988932608,negative,5.237010403306905e-06
1261069688416743428,neutral,0.5315025225330297
1261069691700862977,negative,0.014870207605641667
1261069692111904768,negative,0.00010135360610074177
1261069696062812160,negative,0.2840572752788663
1261069696255889413,negative,0.009635110315967137
1261069696520028161,negative,0.06754653803908174
1261069696897613824,negative,0.025663655048336096
1261069697119911939,positive,0.6672768961291644
1261069700538281984,negative,0.03608055505586594
1261069701452566530,positive,0.6771868226228912
1261069703818235905,negative,7.332642895358792e-09
1261069704036220928,negative,0.056594555073196294
1261069704153743360,negative,0.0647937370455754
1261069704287969280,negative,0.05757631896721326
1261069704514301952,positive,0.8973179666359491
1261069704531185665,negative,4.712579046647293e-06
1261069704833220610,negative,1.6710270370718108e-05
1261069704942288904,negative,0.0008219331144770507
1261069705156018176,negative,0.21004689065618742
1261069705235890179,negative,0.18288442687691045
1261069705298817029,neutral,0.6047794145871268
1261069705365925896,negative,0.15429739170131618
1261069705865027585,negative,0.019628213891341353
1261069708536807426,negative,0.02776782459383368
1261069708557791232,neutral,0.46053299816213905
1261069708708786187,negative,0.0036017663580761696
1261069708838817792,negative,0.0007003441181772097
1261069709673406464,negative,0.0018983314201658037
1261069712550768641,negative,0.07952347615307911
1261069713007800320,negative,0.12257904940742644
1261069713184043008,negative,8.012401868414259e-06
1261069713209282562,negative,0.045613323732029414
1261069713213321217,negative,0.017235474914698058
1261069713234370564,negative,0.027232925355068393
1261069713553141765,negative,0.03759356923697154
1261069713725063168,negative,0.08775545253800286
1261069713725100034,positive,0.7713001098131724
1261069714022899715,negative,0.00625842373221945
1261069714140389379,negative,0.008006773974374722
1261069716975751171,negative,0.011665203872229649
1261069717428731912,negative,0.08568082071461677
1261069717768409089,negative,0.00041197799843138743
1261069718133317632,neutral,0.4564578472590881
1261069718221402114,negative,0.01018611916395006
1261069718401814530,positive,0.958921312958823
1261069718414397440,negative,3.3375578881982656e-06
1261069718489829386,negative,0.02974200214645776
1261069718552707072,neutral,0.3767701553394733
1261069718775050241,negative,5.790811863665302e-07
1261069718850543616,negative,0.009160746807160062
1261069721153294336,negative,0.12703271384507175
1261069721555865601,negative,0.008145274342901018
1261069721782358018,neutral,0.48728019602140255
1261069721954324483,negative,0.0001159944212443872
1261069722050854912,neutral,0.40810144557420625
1261069722071838731,negative,0.06696303936280534
1261069722289934337,neutral,0.34286675386611154
1261069724848467969,negative,0.0007331644638255757
1261069725192290310,negative,1.0523557234349123e-05
1261069725435457536,negative,0.21004689065618742
1261069726127665153,neutral,0.4703123699835196
1261069726228373505,positive,0.7745695179138606
1261069726454812673,positive,0.9813636885284827
1261069729353142272,negative,5.259261449949305e-05
1261069729588031506,negative,4.9360946468118235e-11
1261069730431086592,negative,0.00956282098960921
1261069730468835333,negative,0.0013453493002364948
1261069730523295749,negative,4.270247495584254e-06
1261069730586284035,negative,0.014897498085772492
1261069730594672642,negative,0.0004615994277316352
1261069730896642049,negative,7.572195545977293e-05
1261069733299924995,negative,0.008424436512622466
1261069733933318147,negative,1.4291988580755358e-08
1261069734101110785,negative,0.06967499314271368
1261069734629576706,negative,0.0016123420452644425
1261069734646370304,neutral,0.5160255720563555
1261069734927269889,negative,0.03288158207600615
1261069734969323521,positive,0.701103716600966
1261069737603325961,neutral,0.569784505817023
1261069737888530432,negative,0.02589981524950632
1261069738756714498,negative,0.004879668287015304
1261069738828017664,negative,0.016317354397204727
1261069739465605120,negative,0.27285607821453484
1261069739490709504,neutral,0.49789225920557484
1261069742057689090,negative,0.004014432526452868
1261069742154100739,negative,0.00011068392755826686
1261069742296698887,neutral,0.5220402502892152
1261069742510571521,negative,0.0027205178496373366
1261069742649073666,negative,3.06185234008825e-05
1261069742724399105,negative,5.6296623396995034e-05
1261069742774853632,negative,2.294487975567694e-05
1261069743026561024,negative,0.00013449346330901023
1261069743458586630,negative,0.008273996442184241
1261069746218426376,positive,0.9917942777357623
1261069746239397894,negative,0.0008841263182035399
1261069746428141568,negative,0.01387682643738661
1261069746654662656,negative,6.8168572639648e-07
1261069746847481868,neutral,0.3824546134505241
1261069746889515008,neutral,0.40810144557420625
1261069746948145153,negative,1.1106683360993618e-05
1261069747053092876,negative,0.0003698030630047008
1261069747090853890,negative,0.003096260355208411
1261069750240763904,negative,0.01942080822599003
1261069750404292608,positive,0.8544323207397936
1261069750404354048,negative,0.009708549348186333
1261069750731517953,neutral,0.48006337336787697
1261069751041703936,negative,0.19746782146709707
1261069751339679749,negative,0.05759367324562114
1261069751360634885,negative,0.0007585965565672397
1261069751717167110,negative,0.16694861483609696
1261069751742337028,negative,0.0006246751010915626
1261069751821967360,negative,0.0103322502877746
1261069754435067904,negative,0.003798699550218707
1261069754594463746,neutral,0.47032679367150576
1261069754766438402,negative,0.04920039929741545
1261069755156500490,negative,0.0012313209333089897
1261069755219357698,negative,0.019792225294041364
1261069755559153665,negative,0.06967499314271368
1261069755622084608,negative,0.002206715698628317
1261069755710128133,negative,0.014522585305583867
1261069755798208513,negative,0.00036412690889721865
1261069758834900993,neutral,0.49789225920557484
1261069759032045569,negative,0.23757104109670882
1261069759224971264,negative,1.8978054615012674e-06
1261069759245889537,positive,0.9319918178127249
1261069759505928192,negative,0.019398626832505143
1261069759698866177,negative,0.0008658808987767491
1261069759728287745,negative,0.06850961982756303
1261069760118378503,negative,0.004014432526452868
1261069760336244736,neutral,0.6479747020554839
1261069760382537728,neutral,0.5834234200160175
1261069762681024514,positive,0.9997513897625047
1261069762974691329,negative,0.00010664710997576234
1261069763222081538,neutral,0.43119278557506185
1261069763234717698,negative,0.16917686307763757
1261069763708620801,neutral,0.3348951366177125
1261069763935117312,negative,0.018513915147400077
1261069764102967296,neutral,0.3359217781560994
1261069766208499714,positive,0.999354274961665
1261069767127044098,neutral,0.4393101850869295
1261069767189966848,negative,0.003618869155013082
1261069767202541571,negative,0.059406929953972426
1261069767609368576,negative,6.331320590814272e-08
1261069767668109314,negative,0.057045680100204554
1261069767764516869,negative,0.004014432526452868
1261069767886073856,negative,2.6398477844406917e-05
1261069767886155776,negative,0.08563794579245108
1261069768057970688,negative,0.035702953750426134
1261069771321335809,neutral,0.48728019602140255
1261069771409408001,negative,0.004654855210502694
1261069771711315968,negative,0.00020062291711510005
1261069771723939841,positive,0.9648056105892359
1261069771929522177,negative,0.018379409371761322
1261069771942043652,negative,0.005991037631792754
1261069772134981632,negative,0.12745392591036453
1261069772214743040,negative,0.13578683234780012
1261069772252499969,negative,7.067361497191252e-05
1261069772281860096,negative,0.0005482009216490577
1261069773305233408,positive,0.9990202410932149
1261069775507259392,negative,0.15605358816441192
1261069775523975168,negative,6.580776561787232e-06
1261069775863549952,negative,0.03762054971017255
1261069775980998656,negative,3.1589629299708317e-06
1261069776291598338,negative,0.3107281742138744
1261069776614494209,neutral,0.4161768470891826
1261069776677416967,negative,0.0561127525074348
1261069776983478273,negative,0.077028194103853
1261069779760295940,neutral,0.3666851852981065
1261069780288749568,negative,0.20359220552712073
1261069780431319049,negative,0.1100678013349313
1261069780443975683,negative,0.029904802672370744
1261069781056327680,negative,0.010751025382709776
1261069783799336961,negative,0.0011008219806373939
1261069783837167617,negative,0.28022467314234967
1261069783946219522,negative,0.004178277039602555
1261069784076165120,negative,0.0001723368795452832
1261069784189370370,neutral,0.6052412577422503
1261069784411598848,neutral,0.42240858050040886
1261069784709566470,negative,0.01850490034086232
1261069784910888962,negative,9.163673323172434e-10
1261069785099579393,negative,0.0007182903897376621
1261069788404690952,negative,0.0698577425667702
1261069789054865408,negative,5.589981380672123e-06
1261069789218430977,negative,0.0017764886027568751
1261069789231005698,neutral,0.4124488904153207
1261069789264441344,negative,0.003948265446977843
1261069789532958721,negative,0.00016681561318638977
1261069789625286657,negative,0.0003080951221909217
1261069792141889543,negative,0.10621342427844126
1261069792578076672,negative,1.0950441910130075e-08
1261069792691314690,negative,0.019749365221591958
1261069792720506882,neutral,0.392708762976668
1261069792859037697,negative,0.003151921213626022
1261069793148514305,positive,0.6740133649348712
1261069793223901184,neutral,0.4737523995471574
1261069793324675073,negative,0.2942703269035874
1261069796633870337,negative,0.26155664228322023
1261069796772384771,negative,0.18582229846898216
1261069796927512576,positive,0.958921312958823
1261069796956942342,positive,0.958921312958823
1261069797346902018,negative,0.004604338875718251
1261069800782139392,neutral,0.49789225920557484
1261069800874422286,positive,0.8409644461177503
1261069801289666561,negative,0.0007702066775379207
1261069801302233090,neutral,0.5935237760665876
1261069801604231168,negative,0.2120335271377775
1261069804489838594,negative,0.32471643028034686
1261069804728958982,negative,0.015247193197421871
1261069804892573698,negative,0.2588326791041082
1261069805773156352,negative,0.0025691925451123226
1261069806100496387,neutral,0.3824546134505241
1261069809158172672,negative,0.0013127302030827319
1261069809195851777,negative,0.0008718210451815141
1261069809493725184,negative,0.027325408812880158
1261069809590075392,negative,0.06518392341109416
1261069810122870790,negative,1.625294053679137e-05
1261069812815532033,negative,0.026556772968882383
1261069813188714498,neutral,0.403708656677517
1261069813276966912,negative,0.011991585493638672
1261069813318848513,negative,0.21656401232843772
1261069813469904907,negative,0.04630957441213989
1261069814145134592,positive,0.937067489695103
1261069814187130880,negative,0.03759356923697154
1261069821116067840,negative,0.211197606382215
1261069821778804736,negative,2.5211653445576427e-07
1261069821963272194,negative,0.02042302598643286
1261069822055628803,neutral,0.3824546134505241
1261069822856704000,negative,0.00016173111174669312
1261069822923640832,negative,0.01490007493211805
1261069825884991489,negative,0.005793476901404126
1261069826065412096,negative,5.8275682344602745e-08
1261069826228924421,negative,1.7662777286306644e-07
1261069826925133824,negative,0.0912385366834027
1261069830234476547,neutral,0.5175616862363803
1261069830473625607,neutral,0.4838094309354267
1261069830725271554,negative,8.037475522912295e-07
1261069834294616064,negative,0.1376503753785203
1261069834294628354,neutral,0.49296976585630764
1261069834428846084,negative,0.06654671643887626
1261069834714066944,negative,0.0088652393716995
1261069834764288000,negative,1.3226354276325107e-09
1261069834764398600,negative,0.013066545488803
1261069834785189890,positive,0.7434865424745112
1261069834923761664,negative,0.1913620992948721
1261069835116699656,negative,0.0008658808987767491
1261069835213197314,negative,0.023445868007608093
1261069835347337220,negative,0.08057137906325966
1261069838740590595,negative,0.011377371988216796
1261069839378104321,negative,0.23727560277266557
1261069842775519234,negative,0.08306505847431943
1261069843324944393,negative,0.04904775299658316
1261069844033802240,negative,0.0013346156755125913
1261069846692888580,negative,0.034422062161160935
1261069846990802947,negative,1.625294053679137e-05
1261069847158493185,positive,0.6628809954950464
1261069847334719488,negative,0.3046256887371411
1261069851050811392,negative,0.12570810913284952
1261069851394744321,negative,0.31163330907658404
1261069851537412096,negative,0.00022092287154127464
1261069851570974721,neutral,0.34049358552720455
1261069851608612867,negative,0.15989362472854265
1261069851621232642,negative,0.00011320663685326903
1261069851633819648,negative,0.12883665883393897
1261069855228387328,negative,0.024393925199843066
1261069859246551040,negative,0.007367615438620964
1261069859984564225,negative,1.884104339588576e-06
1261069860450250752,negative,0.0009783479070604346
1261069860613873666,negative,0.02165903363030913
1261069863507943429,negative,0.023389652118343738
1261069864065777669,negative,0.000574156236390307
1261069867962306560,negative,0.08344379206710169
1261069868352311296,negative,0.0070958475026905036
1261069868503314433,negative,0.13390382093950332
1261069868880838660,negative,0.04277285639332306
1261069868977315845,neutral,0.5387013068887073
1261069869065306112,negative,0.008735798200214
1261069871976263680,negative,0.017837029308745398
1261069872060129283,negative,0.15989362472854265
1261069872324325376,negative,0.017748864323693127
1261069872491970560,negative,0.01459427626238186
1261069872932536322,negative,0.012491486062200595
1261069876279554051,neutral,0.34286675386611154
1261069876619288576,negative,0.17979199573599497
1261069876887793665,negative,1.0716690447452453e-10
1261069876896161792,negative,0.009637184536399434
1261069877038718988,negative,0.01806699486058111
1261069877370064901,negative,0.04479056006227105
1261069877403582464,negative,0.019792225294041364
1261069877575647239,negative,0.0011585787018982793
1261069877684637698,negative,0.023975335440623084
1261069880562003968,negative,0.001545274302229004
1261069880658464775,negative,0.00041204558504110534
1261069880914296832,negative,8.298562216907657e-06
1261069881077833728,negative,0.06696303936280534
1261069881514090498,negative,0.0005339222876475
1261069881623097356,negative,0.006899558887800318
1261069881644068874,negative,0.09946469067606015
1261069885549039616,negative,6.761508372407549e-05
1261069885720977408,negative,0.26550332895577433
1261069885851013122,negative,0.3181681788021133
1261069888480776199,positive,0.7281530690380975
1261069888652804100,negative,0.0445773186610487
1261069892893245441,negative,0.028477023963603337
1261069892897382400,negative,0.0015636691955122125
1261069894038290432,negative,0.03229907952784832
1261069894298357761,negative,0.020965559322123614
1261069897519509504,positive,0.9606201296576572
1261069897540526080,neutral,0.4838094309354267
1261069898253578246,neutral,0.5521729585144395
1261069901176942598,negative,0.050534225678516356
1261069901332185091,negative,0.013974828934767583
1261069901386649601,negative,0.0651313885531468
1261069901462110209,neutral,0.5171323287496915
1261069901604814854,negative,0.0028973881252718743
1261069902217175041,negative,0.005866200966547355
1261069902376570888,negative,0.002128938689235591
1261069902632439808,negative,4.027082558343337e-07
1261069905530626048,positive,0.880131780505572
1261069905811693568,negative,0.32239797829545347
1261069906029805568,negative,0.0007122612135837437
1261069906411470853,negative,0.040406185195943495
1261069906432360448,negative,0.006213458334393329
1261069906482728961,neutral,0.5160255720563555
1261069906583400448,negative,0.06840130901854338
1261069906822533133,negative,0.2147821849404412
1261069906864418818,negative,0.0019515793187123828
1261069909531992064,negative,0.00906634795737405
1261069909645307904,negative,0.06502391605129695
1261069909724999686,negative,0.31617114876833163
1261069909913735169,negative,0.011909064028840479
1261069910324764674,negative,0.00247424225263879
1261069910698057731,negative,2.53017867965851e-08
1261069910949728256,negative,0.31848148497838397
1261069911025016832,negative,7.518013195577584e-05
1261069911138414596,negative,0.0005286950728341189
1261069913998983168,negative,0.010030761736080833
1261069914208718848,neutral,0.35245586839121745
1261069915127193602,negative,0.0052170374902979965
1261069915164983297,negative,0.13729303346819122
1261069915185803266,negative,0.006950312657234103
1261069915223703555,neutral,0.35058589520076466
1261069918390423552,negative,0.004014432526452868
1261069919195557888,negative,0.25349452747590134
1261069919237668865,negative,0.1342870205895558
1261069919359295492,negative,0.1071641277205054
1261069922437865473,positive,0.9494782762681133
1261069922886660097,negative,0.008273996442184241
1261069922999971842,negative,3.3148431728374284e-06
1261069923016679424,negative,0.00026432214872611253
1261069923171909640,negative,0.00012874189824471497
1261069923398402048,negative,0.3031534900955381
1261069926548242433,negative,0.003239255709267561
1261069926548324352,negative,0.004461611371644285
1261069926573453313,negative,0.0017878870506782745
1261069926594490369,negative,0.010554549143264032
1261069926900563968,negative,0.0008219331144770507
1261069927433330694,negative,0.0007702066775379207
1261069927575846912,negative,0.07694198795676575
1261069930868494336,negative,0.004635876243800295
1261069931094749185,negative,0.20076457168800166
1261069931489132546,negative,8.30527074630339e-07
1261069931661209601,negative,0.14426348743020453
1261069931719917570,negative,2.759016033174035e-06
1261069932000882688,negative,0.05840540636089486
1261069932193812482,negative,0.0007544988372025122
1261069932214849536,negative,0.0887869248712111
1261069934651756544,negative,0.08667976802344796
1261069934756614144,negative,0.009635110315967137
1261069935146668037,negative,0.034816105275222706
1261069935784202240,negative,0.09884875611347818
1261069935784210434,negative,0.09128844580015186
1261069935838715907,negative,2.4964833404533092e-12
1261069939160604673,negative,0.001426826656403472
1261069939949154305,negative,0.2578914860682095
1261069939970097153,negative,0.002961311291306646
1261069940196605956,neutral,0.4492662328643014
1261069940636999685,negative,0.06967499314271368
1261069940746006532,neutral,0.49942525164173246
1261069943468101632,negative,0.0867896187230309
1261069943484923904,negative,0.0003080951221909217
1261069943598088195,negative,0.001545274302229004
1261069943627485186,negative,0.025335641378711353
1261069943833088000,positive,0.9310762275537259
1261069944193761282,neutral,0.3351384756993208
1261069944420098049,negative,0.006476963414056496
1261069947859582976,negative,0.00234935018102538
1261069948308393985,negative,0.008273996442184241
1261069948765560833,negative,0.05464795609234006
1261069949054918661,negative,0.03602003751026866
1261069951739113472,negative,0.0027205178496373366
1261069951793868806,negative,0.21325378803877423
1261069952037117959,negative,0.007942105302098266
1261069952389468161,negative,0.07279594289298937
1261069952624340993,negative,0.16340841260887135
1261069952674643970,negative,0.003618869155013082
1261069952762642434,negative,0.008273996442184241
1261069953064632321,negative,0.00016217436440800815
1261069953081520130,negative,0.03029339073377351
1261069953094103040,neutral,0.49789225920557484
1261069956038438919,neutral,0.5396332681400238
1261069956705390593,negative,7.398029387919605e-11
1261069956898316302,negative,0.010672841393179458
1261069956952842250,negative,0.0004349427666000321
1261069957108039680,negative,0.008273996442184241
1261069957242277891,negative,0.004001361985217551
1261069957246435328,negative,0.12609072001907926
1261069957388996611,neutral,0.5456836725428653
1261069960106967045,negative,0.013974828934767583
1261069960794660864,negative,0.089393008781483
1261069960853557254,negative,0.11159586485427155
1261069960899526656,neutral,0.49789225920557484
1261069961176453125,positive,0.9922798603199409
1261069961205866497,negative,5.556563462246478e-05
1261069961214283777,negative,0.008371926701347454
1261069961323261963,negative,0.004604338875718251
1261069961423990785,negative,1.4898984680950154e-05
1261069961667186688,neutral,0.34286675386611154
1261069964066332676,negative,0.018076771848046833
1261069964536143873,neutral,0.3858680182916954
1261069965760888835,negative,0.16530328612776538
1261069966595502083,negative,0.21786389875944076
1261069968289992704,negative,0.11496631159935798
1261069968373841920,negative,0.06133308566078277
1261069968474607617,neutral,0.5173008960746949
1261069968638124032,negative,6.256493143990366e-09
1261069968726208519,negative,0.019138572738471932
1261069968843706368,negative,0.02766733454951689
1261069969107890176,negative,2.0493335009946653e-06
1261069969493839872,positive,0.958921312958823
1261069972278784006,negative,0.0002234844286334405
1261069972303839232,negative,0.028325082780088415
1261069972392087552,negative,0.22148790098103757
1261069973109248005,negative,2.947344373361843e-08
1261069973159579650,negative,0.1330485060364563
1261069973180514305,neutral,0.42240858050040886
1261069973528739840,negative,0.11012102731986594
1261069973545459712,negative,0.1975383921457794
1261069973683933186,negative,0.0085896738212419
1261069973943975942,negative,1.2212664445432396e-06
1261069974317260805,negative,0.0058962073761318875
1261069976888160258,negative,0.0012614988862702766
1261069976909361153,negative,0.009141893535151387
1261069977874022404,negative,0.0012008629730467877
1261069981338476544,positive,0.9624376246851655
1261069981640470528,negative,0.002961311291306646
1261069985163739136,negative,3.71648012702611e-08
1261069985679650816,negative,0.009141893535151387
1261069986027765762,negative,0.07862990557725615
1261069986153394176,negative,0.0009368137416190843
1261069986195476480,negative,0.0636724291942458
1261069986631729154,negative,2.971404865091944e-10
1261069989379026949,negative,3.455281946599237e-05
1261069989441912833,negative,0.09495899157031996
1261069990435979270,negative,0.14925018326103837
1261069994739339265,negative,0.004376368513030892
1261069994869301254,negative,0.041257173334120295
1261069994953244672,neutral,0.3403391890910929
1261069995087245312,negative,0.027279807486083014
1261069997847334913,negative,0.28022467314234967
1261069998249914368,positive,0.721585250347747
1261069998635835394,negative,0.1471279604740052
1261070002612027397,negative,0.10191327623804246
1261070002939101185,negative,0.002961311291306646
1261070003027222533,negative,0.026593891674311834
1261070003106918404,negative,0.0009783479070604346
1261070003274756099,negative,0.19290978652665913
1261070006852427778,negative,0.029564524233968624
1261070007288631299,negative,0.3020135550609068
1261070010530664448,negative,5.0672882355467085e-11
1261070010769866753,negative,0.16917686307763757
1261070010790879241,negative,0.0012240499976942738
1261070011088723973,negative,0.07641099572151168
1261070014666416128,neutral,0.35828511894140086
1261070015190700033,negative,0.12070827268464895
1261070015232643078,negative,0.06909222890874712
1261070018974044172,negative,0.003263009801655018
1261070019624042496,negative,0.01052423206977576
1261070019649208324,negative,0.003599502224337888
1261070019703775235,negative,0.0028778609307878937
1261070019892514824,negative,0.006998756213204119
1261070020400025602,negative,0.10083949347403084
1261070020404273154,neutral,0.33193204162592205
1261070022060863491,negative,8.14671803923411e-05
1261070023478710273,negative,0.2042517137896546
1261070024124649473,negative,0.002961311291306646
1261070027089985536,positive,0.7371716501513265
1261070027119366144,negative,0.0006030773109815213
1261070027341680647,negative,0.0631369186418418
1261070028247642117,negative,0.006126993652170887
1261070030567092224,negative,0.07245715914114108
1261070031322066950,negative,0.00013170409649110735
1261070031347224576,negative,0.14619292478832624
1261070031414341633,negative,2.5092237748260415e-09
1261070031460450307,negative,0.00022158992556946925
1261070031485575169,positive,0.9990202410932149
1261070031603093506,negative,0.10612863100887614
1261070031724650496,negative,0.011893885723839162
1261070032248934400,negative,2.8244675392704626e-08
1261070032555081728,negative,0.005703867720910202
1261070032970399744,negative,0.13417381598988076
1261070033834381312,negative,9.546490853447045e-05
1261070035793195010,negative,0.02042302598643286
1261070039693877249,negative,4.992240321823192e-05
1261070039865872387,neutral,0.4208791835220762
1261070039945535489,neutral,0.5212084554669985
1261070043460308994,neutral,0.3829167341396002
1261070044035010561,negative,0.022589830690440474
1261070044064333825,negative,0.3201699683426565
1261070044198567937,negative,0.008273996442184241
1261070044680814592,positive,0.928615895573556
1261070044760543235,positive,0.9861011637651593
1261070044781568000,negative,0.3020135550609068
1261070044848697349,negative,0.0003055890739429581
1261070047767904256,negative,0.00010746030056729129
1261070048149602304,negative,1.0169897548069181e-05
1261070048279568387,negative,0.00041041072237595647
1261070048288014336,negative,0.04254158715416994
1261070048967438338,neutral,0.4938306962901149
1261070048996794372,negative,0.0011835936250742716
1261070049156239362,negative,0.025247445048264323
1261070049701494784,negative,8.47497856879012e-05
1261070052364881924,negative,0.2575386337404136
1261070052620730369,negative,0.0027437393516770605
1261070052943712256,negative,0.009635110315967137
1261070055581900800,neutral,0.39865413509851244
1261070056106135554,negative,0.0016688257447796118
1261070056160714754,negative,0.20950820340051649
1261070056848609293,neutral,0.47697210391394973
1261070056894668800,negative,0.30721249372230736
1261070057121161217,negative,0.30721249372230736
1261070057217634305,negative,0.009764272695457585
1261070057460858883,negative,0.15989362472854265
1261070060619268098,negative,0.000342414413342501
1261070060988313606,neutral,0.3418623459497081
1261070061030252544,negative,0.0021944385221166324
1261070061072265217,positive,0.9691456167914827
1261070061130956801,negative,0.0068335987237027485
1261070061189640194,negative,2.0547285370811808e-05
1261070064834482177,negative,0.014796746422002958
1261070065132240896,negative,0.028222485213993925
1261070065182670848,negative,0.022632009746625558
1261070069137838080,neutral,0.4389586640064141
1261070069322448898,negative,0.0203699884400826
1261070069565718530,negative,2.0723808202793614e-05
1261070069637025792,negative,0.021242737858977026
1261070069712461827,negative,0.0010676003372496
1261070073348972546,negative,0.32836179413959066
1261070073508311042,negative,7.060290337383122e-06
1261070073680314368,negative,0.005032755740247196
1261070073839656961,negative,0.09569205375635381
1261070074116530177,negative,0.02149914293905412
1261070074124873728,negative,0.0006057100156889014
1261070077601906688,negative,0.008560739998276749
1261070077908135937,negative,0.02823358015618444
1261070078126231552,positive,0.9793562593741668
1261070078130479106,positive,0.7371716501513265
1261070078277287936,negative,0.25536797568553127
1261070078558208007,negative,0.22358139069049732
1261070078889648129,positive,0.9999983506694962
1261070081880137734,negative,0.002968939661537639
1261070082018430977,negative,0.009635110315967137
1261070082471612418,negative,8.117466400767251e-05
1261070082945560583,negative,0.004706957242230743
1261070085915099143,negative,0.0006430317737287878
1261074304277590017,negative,0.0954890779049442
1261074313622454272,negative,0.32251055765836006
1261074313643470848,negative,0.027232925355068393
1261074313643515905,negative,0.0006590833879452289
1261074313727414272,negative,0.06388290419536183
1261074313853239296,negative,0.010554549143264032
1261074314096508928,negative,0.02589981524950632
1261074314209767424,negative,0.01600483636783255
1261074314423566345,negative,0.013770046126213829
1261074314427879424,negative,1.7887416871545516e-06
1261074314574602240,negative,0.1675264160740889
1261074314578792452,neutral,0.5834234200160175
1261074314834644996,negative,0.00127844930350937
1261074314935369734,negative,0.022420466241644257
1261074315010805761,negative,2.412828437872992e-07
1261074317888102401,negative,0.024040543911758132
1261074317993009152,neutral,0.49789225920557484
1261074318655664128,negative,0.008124541821060262
1261074318726885376,positive,0.8442014614349974
1261074318781546498,positive,0.8780244660211094
1261074318886395907,negative,0.0019820606293284113
1261074318966042625,negative,0.10504235848482542
1261074319066750982,positive,0.6672768961291644
1261074321461690372,negative,0.08627630286299684
1261074321956577285,negative,0.00011436596138147744
1261074322061512704,negative,0.02149914293905412
1261074322187268101,positive,0.9752722794051825
1261074322283728900,neutral,0.41549398959686085
1261074322623549447,negative,0.00016217436440800815
1261074322648694786,negative,0.0017221152556495545
1261074322724130816,positive,0.9552235305937437
1261074322829070336,negative,0.029122061193278887
1261074323223252993,negative,0.006787728906400376
1261074326637481984,negative,0.00012874189824471497
1261074327044272131,negative,0.04830528703942058
1261074327073705985,negative,4.548769609944681e-06
1261074327132409856,neutral,0.3726847435457324
1261074327266607104,negative,0.004014432526452868
1261074327279153154,negative,0.0007122612135837437
1261074327505637376,neutral,0.49789225920557484
1261074330496139264,negative,0.07113954447919095
1261074331163136000,neutral,0.6139072379384574
1261074331184041984,negative,0.03958502455990173
1261074331536429059,negative,0.023525506331898084
1261074331926487040,negative,0.1420168038230158
1261074331926487041,negative,0.16614307983032442
1261074334673707008,negative,0.3062029512219989
1261074334724108289,negative,0.008533016627671487
1261074334900269056,negative,0.017109091996975998
1261074335202148359,negative,0.02101608949287261
1261074335625814016,negative,0.0003024765162551233
1261074335701368833,negative,0.006927219879872705
1261074335776870400,negative,0.001898798929743257
1261074335827210243,negative,0.20386592480848528
1261074338180222976,negative,1.8879155422347176e-09
1261074338993897472,negative,0.0019413581367669558
1261074339585236994,negative,0.2772954894302519
1261074339593621507,negative,0.06655906734114778
1261074339627257858,negative,0.18561854979311332
1261074339815923714,negative,4.382618031228486e-06
1261074339849482241,negative,0.31777144373046573
1261074339895656448,negative,0.07512650693209329
1261074343112687625,negative,0.00024519572555506695
1261074343188193280,negative,0.0008219331144770507
1261074343230128133,negative,0.0954890779049442
1261074343259508741,negative,0.005014538927507596
1261074343485939712,negative,0.15854912067709181
1261074343561359361,negative,0.00234935018102538
1261074343582466048,negative,0.004776958330382233
1261074344287100930,negative,0.010554549143264032
1261074347894202371,positive,0.9430085908837678
1261074347948720131,neutral,0.49789225920557484
1261074348095537152,negative,0.10195232543105218
1261074348141686790,negative,2.091044115943127e-08
1261074348510756865,neutral,0.5054735849263643
1261074348519108617,negative,0.15896720939757006
1261074348582080514,negative,0.010554549143264032
1261074348900843520,negative,0.11260770603848186
1261074351438417921,negative,0.0004882437633016007
1261074351471951873,negative,2.57027971430196e-05
1261074351706845184,negative,0.0006515101347053958
1261074351773954050,negative,0.0006753107585589819
1261074352029777923,negative,0.037049696226605214
1261074352398839808,negative,0.1395527279644779
1261074352432349186,negative,0.001898798929743257
1261074355645149185,negative,0.0954890779049442
1261074356148592643,negative,0.2361399242109468
1261074356656058379,negative,0.12249684270116255
1261074356664512512,negative,4.061112535255035e-05
1261074356672880640,negative,0.003035441275787807
1261074360674156545,negative,0.003618869155013082
1261074360699363329,neutral,0.420149940444411
1261074361294995459,neutral,0.4894886660404289
1261074363769589762,negative,0.00013907431873831365
1261074364151271431,positive,0.9861011637651593
1261074364239355906,negative,0.0018983314201658037
1261074364285534210,negative,0.052317444487015266
1261074364440739840,negative,2.294487975567694e-05
1261074364453326853,negative,0.023445868007608093
1261074364528812032,negative,0.0315026348576079
1261074364667170817,negative,0.09314961748256918
1261074364952391682,negative,0.2756676658265441
1261074365099192322,negative,0.0004615994277316352
1261074365103378432,negative,8.519617428816104e-05
1261074368165273600,negative,0.07958848182746942
1261074368496615426,neutral,0.3743409631114303
1261074368664424450,negative,0.0001755985599929217
1261074369184518146,negative,0.00022777768211035116
1261074369297743873,negative,0.2361399242109468
1261074369473896450,negative,0.0004914588019371059
1261074372212727808,negative,2.5092237748260415e-09
1261074372430827522,negative,0.059330155379486854
1261074372493807616,negative,5.136225348166844e-05
1261074372497997830,negative,0.31617114876833163
1261074373211013121,negative,0.00127916812967785
1261074373366210562,negative,0.026500717776295032
1261074373517156353,negative,1.871722261506075e-05
1261074376625213443,negative,0.002350348273223552
1261074376734228481,negative,0.05614900536340445
1261074376788672514,positive,0.9922798603199409
1261074377052950528,negative,0.002011533873160561
1261074377073778688,neutral,0.3961693977460099
1261074377145298946,neutral,0.49789225920557484
1261074377287839744,negative,0.0018468135909929756
1261074377761841157,neutral,0.4442879538766859
1261074378038685696,negative,0.05317392548312752
1261074378336411649,negative,0.22362849854816838
1261074381121470464,positive,0.8780244660211094
1261074381352194049,negative,0.008273996442184241
1261074381704396800,negative,1.871722261506075e-05
1261074382094503937,negative,0.1420168038230158
1261074382140645382,negative,0.0007510344211771513
1261074382245572608,negative,0.3107281742138744
1261074382258143234,positive,0.9861011637651593
1261074384841818115,negative,0.22184263743928684
1261074385127051264,neutral,0.49789225920557484
1261074385177321479,negative,0.1675264160740889
1261074385202487302,negative,0.2342304869973551
1261074385294819329,negative,0.004883222713574381
1261074385307348992,negative,0.13818311014418297
1261074385450000389,neutral,0.4842970137757089
1261074386188210182,negative,0.07314865977262956
1261074386553094149,negative,0.10737922745576456
1261074389237485570,negative,0.16917686307763757
1261074389472346112,negative,3.004393723865905e-06
1261074390181126147,negative,0.0004964742467940737
1261074390269284352,negative,0.028778937698218876
1261074390298624001,negative,0.03413823296019744
1261074390311190530,positive,0.9023443975375621
1261074390365753345,negative,0.0219261650629614
1261074390441230338,negative,0.004087200351450963
1261074390604791809,negative,0.047948616398109115
1261074390646771712,negative,0.005277496312877024
1261074390730657797,negative,0.2756676658265441
1261074393293295617,neutral,0.333314263973405
1261074393305878528,negative,0.023457389146370695
1261074393469521922,negative,0.004635876243800295
1261074393540653056,negative,4.510360012240227e-05
1261074393918308354,negative,0.008667350927924249
1261074394891407360,negative,0.1395527279644779
1261074395021410306,negative,4.176154025941582e-05
1261074397886132226,negative,6.8168572639648e-07
1261074398062280705,neutral,0.3610809947850027
1261074398246830086,negative,0.002961311291306646
1261074398494306308,negative,0.15143396359006342
1261074398645231620,negative,0.3020135550609068
1261074402076213253,negative,0.12415711098677361
1261074402571149313,negative,8.553680403709706e-05
1261074402613112832,negative,0.0023763902210614716
1261074402654945281,negative,0.052337066318614164
1261074403024154624,neutral,0.6417147605933217
1261074403242070016,negative,0.11608104110653243
1261074403254771712,negative,0.06392579622132624
1261074405700120577,negative,7.055201178853109e-05
1261074405981147136,negative,0.15462323971691205
1261074406266351616,positive,0.9967693183583578
1261074406509551617,negative,0.00956282098960921
1261074406568230920,neutral,0.4442879538766859
1261074407025500162,neutral,0.3666851852981065
1261074410586247168,neutral,0.38019679021634445
1261074410871676929,neutral,0.5025215217889828
1261074410900992000,negative,0.1236540761367055
1261074410959769600,negative,0.009141893535151387
1261074411148292097,negative,0.031229556612725758
1261074411219824640,neutral,0.4355257854865004
1261074414285860869,negative,0.003263009801655018
1261074414688522243,neutral,0.40506534230917196
1261074414889832450,negative,0.0954890779049442
1261074414919090178,negative,0.16625507404718293
1261074415074320390,negative,0.0954890779049442
1261074416102002689,negative,0.08293266372407301
1261074416131280901,negative,1.010735098154527e-05
1261074416420741121,negative,7.398029387919605e-11
1261074416483647488,positive,0.9624376246851655
1261074418085888007,negative,1.749157612632462e-11
1261074418668716032,negative,3.4894729571397566e-09
1261074418840866822,negative,0.07963543459814047
1261074419063107590,negative,1.010735098154527e-05
1261074419113496576,negative,6.592963623445062e-05
1261074419314765824,neutral,0.5298158878564634
1261074419335774208,negative,0.27626037608679505
1261074419499352065,negative,0.00944490252591796
1261074419667079175,negative,0.004014432526452868
1261074420015288321,negative,0.016081281753326595
1261074420141117441,negative,0.2522545818749529
1261074422691237889,positive,0.7419831628715589
1261074422791901191,negative,0.0032062534400924786
1261074422858907649,negative,0.011179978854693589
1261074422875795456,neutral,0.5761076399742056
1261074422917672960,negative,0.04772097783792209
1261074422968004610,negative,0.1576357861527654
1261074423001550849,negative,0.06967499314271368
1261074423207079939,negative,0.0003481488175420881
1261074423542689792,negative,1.0528380421451814e-07
1261074423672520704,negative,0.06706803438500009
1261074423815208967,negative,0.07794145411051694
1261074426877161473,negative,2.5834928985541516e-06
1261074426906513408,positive,0.6662070841682721
1261074427136995328,negative,0.029229908611199503
1261074427141292036,negative,0.00025649512695716546
1261074427288010753,negative,0.05774330698250588
1261074427636117504,positive,0.996568533483016
1261074431100715009,negative,0.00031560332374360123
1261074431142699012,negative,0.005386658891187906
1261074431163731969,positive,0.9861011637651593
1261074431981629440,negative,2.615761502668857e-07
1261074432593924101,negative,0.0006323549389951755
1261074432707252227,neutral,0.4373566423025436
1261074432875008001,negative,0.0829358063617889
1261074435450327043,positive,0.9861011637651593
1261074435529945089,negative,3.0801271147538576e-07
1261074435890647040,positive,0.7097693173284133
1261074435919970304,neutral,0.48006337336787697
1261074436322734085,negative,0.03307193525354616
1261074436612030464,neutral,0.49789225920557484
1261074436893130754,negative,0.0008847553160534877
1261074437090111488,neutral,0.40620369592392663
1261074439921434624,negative,0.3077615422876837
1261074440449937409,negative,1.0906179300929964e-08
1261074440655257601,negative,0.1872433744277917
1261074443767631873,negative,0.0014567210901633232
1261074444086378497,negative,0.009888115581978685
1261074444107288582,negative,0.013757849151382472
1261074444153425922,negative,0.0011932448869651758
1261074444380000256,negative,0.0007026831144819801
1261074444434509832,positive,0.9999990566490924
1261074444547653632,negative,0.001898798929743257
1261074444610678787,negative,0.045613323732029414
1261074444644159488,negative,0.021853741798860078
1261074444690370562,negative,0.2558990727886215
1261074444736507904,neutral,0.35828511894140086
1261074448729456641,negative,0.018299681481648043
1261074448838471682,negative,0.00014011928175502775
1261074448905637891,negative,0.008760655165681641
1261074449102667776,negative,0.008424436512622466
1261074449308307457,negative,0.00016111346472872347
1261074452013514757,negative,0.0530589530612192
1261074453615837184,negative,0.002961311291306646
1261074453758427138,negative,0.18502259412742716
1261074453984882690,negative,0.0954890779049442
1261074456249761792,positive,0.8826824842731663
1261074456589545472,negative,0.0007266713401487695
1261074456933515266,negative,0.0017796674972280439
1261074456962912258,negative,0.001975369115409444
1261074456988057600,negative,0.027419040228506775
1261074457185210370,negative,3.401236151143193e-11
1261074457210376193,negative,0.01971991899963668
1261074460649631746,positive,0.9382249826244008
1261074460972646400,negative,2.7326943336202533e-11
1261074461505142784,neutral,0.3413953632848557
1261074461597544449,negative,0.18027501385829584
1261074461689884679,negative,0.19199403663949322
1261074461710827520,negative,0.009467045409062229
1261074464864964609,negative,0.07395837852499394
1261074464953053187,negative,0.0036242214790809645
1261074465435389953,negative,0.006185130029501376
1261074465464545281,negative,0.004926401711748934
1261074465561206784,negative,0.0014835570421181082
1261074465695416333,negative,0.0002712560960427828
1261074469029896195,negative,0.001898798929743257
1261074469390618624,negative,0.28022467314234967
1261074469398904834,negative,0.19335072302585207
1261074469457625088,negative,0.027777103090821858
1261074469940011014,negative,2.1585555182247693e-05
1261074470040633358,negative,0.286404010615674
1261074470158184450,negative,0.2832914606609304
1261074473433825281,positive,0.7690316417116843
1261074473471692801,negative,0.12415711098677361
1261074473882697728,negative,0.005615564119581315
1261074473899483136,negative,0.0668157625389469
1261074474142707715,negative,0.01573845801712196
1261074477259128838,negative,0.009141893535151387
1261074477368201216,negative,0.000723601582511672
1261074477594685441,negative,2.64774422340377e-07
1261074477829574659,negative,2.5092237748260415e-09
1261074478261559296,negative,1.0716690447452453e-10
1261074478320287749,negative,0.03352351538128751
1261074478337069057,negative,0.16917686307763757
1261074478504779776,positive,0.979975733609088
1261074481428279298,negative,0.00018603139091997854
1261074481981927424,negative,0.017748864323693127
1261074482325749760,negative,0.007491478377407189
1261074482879496193,negative,0.00020855260083293574
1261074485777534976,negative,0.04352581530199243
1261074485786050561,positive,0.6870835320075056
1261074485807104002,negative,0.004136123701116316
1261074485832232963,negative,0.0011252995640077155
1261074485878427651,negative,1.0716690447452453e-10
1261074486121693184,negative,2.5876179199210665e-06
1261074486419390467,negative,1.625294053679137e-05
1261074486494924801,negative,0.0734736093200907
1261074486910124033,negative,0.009141893535151387
1261074487124074499,negative,1.643391578903876e-05
1261074487128264707,negative,0.10262714699492612
1261074487270871042,negative,0.014870207605641667
1261074489888079874,neutral,0.6413969424581877
1261074489913126912,negative,0.0012469171247447512
1261074489992982529,neutral,0.5575485169630626
1261074489993027584,negative,0.0005086024620279106
1261074490060091395,neutral,0.3824546134505241
1261074490232131585,negative,0.04549310422875709
1261074490366230529,negative,0.029373354479329056
1261074490555056128,negative,0.0013058940591577138
1261074490567659525,negative,0.03413823296019744
1261074490588565507,negative,0.10537845914830042
1261074490693468161,negative,0.0014461136857409622
1261074490731253761,negative,1.772777222287381e-05
1261074490756382722,negative,0.03532765229258071
1261074494019510272,negative,0.053223795226538195
1261074494057320451,negative,0.049462059941596824
1261074494422241287,negative,0.24990165340558318
1261074494535290881,neutral,0.49789225920557484
1261074494678011904,positive,0.8992842190020182
1261074494820454400,negative,2.653851629617361e-05
1261074494837284865,negative,0.05894797249257469
1261074495013601285,neutral,0.5136446707795853
1261074495193874434,negative,0.02250748659825836
1261074495386902528,negative,0.01081990122121224
1261074497643347969,negative,0.004991622037736021
1261074498897485824,negative,0.0039002348361325666
1261074498922651651,negative,0.03229907952784832
1261074499233107969,negative,0.2075883076522709
1261074499413385217,negative,0.22182097756433436
1261074499430166528,negative,0.004404164926161911
1261074499715379200,negative,0.2361399242109468
1261074502538211334,negative,0.14784209187063543
1261074502689214470,negative,0.009141893535151387
1261074503087652864,negative,0.3263226425290438
1261074503087656961,negative,0.044128303438134474
1261074503108567040,neutral,0.5188930350270727
1261074506493263872,negative,0.161739539196467
1261074506707283968,negative,0.032276928488314274
1261074507277705216,negative,3.889626737182529e-05
1261074507554418689,negative,0.0027447601132779627
1261074507705565186,negative,0.1603520182134254
1261074507848089615,neutral,0.3499352441185855
1261074510515712000,negative,0.0004615994277316352
1261074510842941440,negative,0.04957064585124154
1261074511371341824,negative,0.019451907074254378
1261074511966941184,negative,0.0002636078572771582
1261074512277372929,negative,0.01631380372057105
1261074512436776966,negative,9.208691149249078e-08
1261074515364380673,positive,0.7799749557164174
1261074515364392960,positive,0.8841893396324214
1261074515616030725,neutral,0.3887393747252511
1261074515704066050,negative,0.2756676658265441
1261074515850694658,negative,0.0002617708006526805
1261074516341637123,negative,0.009751398058675531
1261074519311204352,negative,0.0954890779049442
1261074519567073280,negative,0.004032134566231082
1261074519642591233,negative,0.1882360028372884
1261074519764217856,negative,0.0004615994277316352
1261074520024244224,negative,0.018150593485521237
1261074520133287941,positive,0.9989870140030243
1261074520175185920,negative,0.04573562194307528
1261074520401723392,negative,0.009209284384072532
1261074523945910277,positive,0.9061813569230655
1261074524222754821,negative,0.11105465340981478
1261074527909535746,negative,7.243893587920465e-06
1261074528328916995,negative,0.0004093028432731861
1261074528341569536,negative,5.259261449949305e-05
1261074528421187590,negative,0.07082963495403906
1261074531617255424,negative,0.0003940559453334665
1261074532149768192,negative,0.045311749852788394
1261074532342747136,negative,0.0006021497443141381
1261074532410036224,neutral,0.49596318031767833
1261074532418420739,negative,0.06657712057554492
1261074532451921921,negative,6.502215484794074e-08
1261074532527411200,negative,0.06922859564160756
1261074532644904960,negative,0.14385134100702238
1261074532720422912,negative,0.1376503753785203
1261074532753956866,negative,0.001898798929743257
1261074535975190535,negative,0.19770369928745482
1261074536092614658,negative,0.0005339222876475
1261074536197431296,negative,3.8065691874316725e-05
1261074536314929160,negative,3.0330822798141326e-05
1261074537048932353,negative,0.010430968830249009
1261074537095008256,negative,0.015306561096638879
1261074537120219137,negative,0.10154946387876924
1261074537556447237,negative,0.019152608725626626
1261074540215533569,negative,0.3107281742138744
1261074540806967297,positive,0.7733153031138948
1261074540819558401,negative,0.050027534561623385
1261074540823805953,negative,0.0530156405495414
1261074540861558784,negative,0.0004615994277316352
1261074540936953858,negative,0.0010216782427670593
1261074541163556868,negative,0.009141893535151387
1261074541339725824,negative,0.0012360332784193575
1261074544531570690,negative,0.027803842681562368
1261074544623783938,negative,0.11028799369871288
1261074545127161856,neutral,0.6027432464259264
1261074545194262530,negative,0.0003060939587791407
1261074545290641409,neutral,0.6354773786940975
1261074545294954498,negative,0.08306505847431943
1261074545353555980,negative,0.0003269307119984905
1261074545433366534,neutral,0.48654900498827947
1261074545626226688,negative,0.07438148740162104
1261074545689210880,neutral,0.3858680182916954
1261074548654563329,negative,0.001898798929743257
1261074548717424648,negative,0.017748864323693127
1261074549010989056,negative,0.0829358063617889
1261074549132713985,negative,0.1468939028915713
1261074549212434432,negative,0.20388165935029987
1261074549396983815,positive,0.9995130384955465
1261074552496455680,negative,0.0004615994277316352
1261074552991428608,negative,0.0013400261220316034
1261074553104629761,neutral,0.5214734548148344
1261074553729581056,negative,0.008424436512622466
1261074554312671233,negative,0.0008219331144770507
1261074554312691718,negative,0.03548178564333209
1261074554396520448,negative,0.00459868291609148
1261074554442711045,negative,0.11621235138636853
1261074554623078401,negative,0.00015148696465991078
1261074556309118976,negative,0.006106138492831455
1261074557286453248,negative,0.045613323732029414
1261074557647106048,neutral,0.36595818820433196
1261074557718405122,negative,0.1819026673961904
1261074557743648768,negative,0.002961311291306646
1261074557751955456,negative,0.001770615882201045
1261074557789712391,negative,0.00022182211334377338
1261074558142070790,negative,0.026593891674311834
1261074558376910854,negative,0.00014593126035995774
1261074561531023366,negative,0.0016095993252902003
1261074561992478721,negative,8.643977786850109e-05
1261074562143227904,negative,0.3220622435771587
1261074562361495552,negative,0.00042083891549674
1261074562403446784,negative,0.1910656843677732
1261074562667753473,negative,0.005729078820379638
1261074562755813376,negative,9.495492481249993e-07
1261074566128054278,negative,0.0005918503658934132
1261074566140407814,negative,0.0008471212779561056
1261074566195163138,negative,0.02053129071095876
1261074566249578503,negative,0.01600483636783255
1261074566320963585,negative,0.24789005426292005
1261074569286356998,negative,0.0004633014498575057
1261074569546412034,negative,0.05840540636089486
1261074569672175621,positive,0.7472481876463161
1261074570221682690,negative,0.16204694275477147
1261074570435530753,negative,0.0954890779049442
1261074570557165573,negative,0.3159425417399949
1261074573170216969,negative,0.029836521655616243
1261074573694513154,negative,0.31283000678271594
1261074573707087873,negative,0.004014432526452868
1261074573744697344,negative,0.1857383846947977
1261074573996498945,negative,0.0051237245258702385
1261074578069172225,negative,0.0003169715994285519
1261074578434134017,negative,0.00046304804431785746
1261074578543181832,negative,0.06264495440836211
1261074579201679360,negative,0.005182993065430292
1261074579264614400,negative,0.2792948731991454
1261074582255144962,negative,0.002440699811895136
1261074582292828162,positive,0.9594402973965862
1261074582481616897,negative,1.0858788829536912e-07
1261074583014309893,negative,0.011927997461607553
1261074583295270919,negative,0.03229907952784832
1261074586386513921,negative,0.0005302339008050545
1261074586482946051,negative,0.07011194103648936
1261074586558517250,negative,0.17976103150714753
1261074586583666689,negative,0.0013397510607652
1261074586726215684,neutral,0.4446262458595597
1261074587011346432,negative,3.1028541218059805e-06
1261074587128942592,negative,0.004242434518020666
1261074587200237568,negative,0.15026392824749946
1261074587212603392,negative,0.00011348498969040842
1261074587695157255,negative,4.8258548510081333e-05
1261074587833466882,negative,0.16917686307763757
1261074587892305920,negative,0.06696303936280534
1261074590526255106,negative,0.0007155204507297321
1261074590815735809,positive,0.9740309236086951
1261074591054774272,negative,8.03344411431418e-06
1261074591230898177,negative,3.008972930426922e-08
1261074591964954624,negative,2.0917080919999318e-06
1261074595085508609,negative,0.00020862158899703282
1261074595119017984,negative,1.1089658484481179e-07
1261074595177734151,negative,0.012021042699169787
1261074595660075008,negative,0.004377339184064364
1261074595710410753,negative,0.006476963414056496
1261074595991261185,negative,0.001125551421860271
1261074596100485120,negative,0.007681973746176305
1261074596247285760,negative,0.009141893535151387
1261074596318543873,positive,0.8401154641959865
1261074598835208193,neutral,0.36595818820433196
1261074598889697280,neutral,0.6165231833858643
1261074598927437824,negative,0.17648793358686968
1261074598973575169,negative,0.00232100785074468
1261074599191740421,negative,0.0009158890632271808
1261074599195836416,negative,0.001719921766796547
1261074599447613441,neutral,0.5652144012458306
1261074599669829635,negative,0.003608545560256688
1261074602987585536,neutral,0.5032622220171635
1261074603457359875,negative,0.11854140658314155
1261074603570593794,negative,0.3107281742138744
1261074603595771904,negative,0.17979199573599497
1261074603830661122,negative,0.07279594289298937
1261074604145152002,negative,0.000736782805171105
1261074604275138561,negative,0.001015782712010595
1261074604342284289,negative,0.15076531360206036
1261074604401086465,negative,4.212434521282677e-06
1261074604463980545,neutral,0.4160673416942905
1261074604593942534,negative,0.0954890779049442
1261074607177695232,negative,3.921059449537906e-08
1261074607471235072,negative,0.008787525787110336
1261074607580340225,negative,0.00013339380351818774
1261074607701987335,negative,0.0036798053977947732
1261074607857115137,negative,0.25240178974297883
1261074607995604994,negative,0.01018611916395006
1261074608104648706,negative,4.905398501802375e-07
1261074608498900996,negative,0.04556528404558624
1261074611489443843,positive,0.809556477756485
1261074611627851776,negative,0.0007337242143566197
1261074611938222085,negative,0.00023995861311041906
1261074612001087492,negative,0.18096128115817206
1261074612365950982,negative,0.009637184536399434
1261074612441567238,negative,0.0025243889269310226
1261074612512645121,negative,0.11094451894099125
1261074612647051266,negative,0.010699129616263894
1261074612894478337,negative,0.005991037631792754
1261074612986707968,negative,0.06580433818474692
1261074615654387712,neutral,0.509997317738293
1261074615675256832,negative,0.011566858016478977
1261074616144941057,negative,0.0036513677220979283
1261074616216403973,neutral,0.3921392596637016
1261074616413573123,negative,0.01018611916395006
1261074616929464322,negative,0.04360430332697292
1261074616975593472,positive,0.8782164765929359
1261074617516486656,negative,0.034273995293050516
1261074620016459776,negative,0.25835631524345704
1261074620142227457,negative,0.020059381170681016
1261074620331036673,negative,0.005727170495359234
1261074620922433536,negative,1.3227858534582746e-06
1261074624323956742,negative,2.294487975567694e-05
1261074624382672896,negative,0.18257755894886069
1261074624978153473,negative,0.00011348498969040842
1261074625141903372,negative,0.220259464660603
1261074628275027969,negative,0.0001506758218385887
1261074628346351617,positive,0.9049826498733365
1261074628379901954,negative,0.0037202625627855194
1261074628811919360,negative,0.023777288897458056
1261074628832788489,negative,0.010418902882406897
1261074629227053059,negative,0.09506661415902562
1261074629231337474,negative,0.002961311291306646
1261074630086987784,neutral,0.5160255720563555
1261074632792322048,neutral,0.47669008658475526
1261074632901160960,negative,0.062294498156161726
1261074633404579840,negative,0.035914400883763575
1261074633501138945,negative,0.0119030531071047
1261074636663656451,positive,0.9929996751825009
1261074637041131523,negative,0.003069727106015871
1261074637540208641,negative,0.00012874189824471497
1261074637800308738,negative,0.21700786916551124
1261074637817085953,negative,0.06698265918613841
1261074637875826692,negative,4.952772571591987e-05
1261074638026821636,negative,0.11441741213873552
1261074638064492547,positive,0.8349730247905237
1261074638546694146,negative,0.22104639996388842
1261074638551109639,positive,0.9176989250560961
1261074640870481920,negative,0.015918159625723675
1261074641415737351,negative,0.003096260355208411
1261074642040733698,neutral,0.3666851852981065
1261074642049150978,negative,0.020309639746558923
1261074642195951616,neutral,0.41680403177747866
1261074642296541184,negative,2.815695640919577e-08
1261074644943155200,negative,0.014870207605641667
1261074644989345794,negative,0.1826650518364943
1261074644997677056,negative,0.00033498964715912046
1261074645215821828,negative,0.016985819505068816
1261074645282959365,negative,0.010554549143264032
1261074645471674371,negative,7.398029387919605e-11
1261074645488472064,negative,0.0015223392882489902
1261074645501063169,negative,0.08775545253800286
1261074645840736257,positive,0.8349730247905237
1261074645853315074,neutral,0.5220402502892152
1261074645912076288,positive,0.9239171057829297
1261074649263280138,negative,0.3277224880679646
1261074649322053632,neutral,0.39846391252391167
1261074649443639296,negative,0.15407539723868668
1261074649447874560,neutral,0.49789225920557484
1261074649485438977,negative,0.00844558460580422
1261074649741475842,negative,0.0015636691955122125
1261074650320207884,positive,0.907058491695564
1261074650999775237,negative,7.017678811961761e-07
1261074653675544576,neutral,0.5606811626091572
1261074653709303811,negative,0.18240832104543472
1261074654321610753,positive,0.663300529818724
1261074655084937217,negative,0.00017769789442066854
1261074657907822600,negative,0.0020150123678805416
1261074658167681025,negative,0.05058617203409081
1261074658406928389,negative,0.006476963414056496
1261074658612346884,negative,6.639942241021922e-05
1261074658994130952,negative,0.15500386629129964
1261074659237380098,neutral,0.5988705035536432
1261074659304509441,negative,0.2361399242109468
1261074661837885442,negative,1.2174172315480196e-08
1261074661875515399,negative,4.032002575507812e-08
1261074661908996096,positive,0.7246820948751541
1261074662349553666,negative,0.0013058940591577138
1261074662680719360,negative,0.2361399242109468
1261074663238782976,neutral,0.34533447752142954
1261074666183184384,negative,0.008221550077014776
1261074666527088640,negative,0.016378537254233744
1261074666656915456,neutral,0.48847072735016467
1261074666732601348,negative,0.20324330588806735
1261074667739271169,negative,0.0001401071788490823
1261074670469681152,negative,0.0005918503658934132
1261074670641655810,negative,0.06264495440836211
1261074671145025540,negative,0.05188331919018792
1261074671157620736,negative,0.0015330118667096957
1261074671333711873,negative,0.008106398521673537
1261074671342100480,negative,0.016360291763867687
1261074674387206149,negative,0.0003080951221909217
1261074675079184386,negative,0.03541998119034479
1261074675200819200,negative,0.06638552250520041
1261074675230224387,negative,2.0917080919999318e-06
1261074675234418691,negative,0.021524264422023404
1261074675330924547,negative,0.0954890779049442
1261074675423215623,negative,0.0008658808987767491
1261074675662282752,negative,0.03807867777823346
1261074675733495808,negative,0.0078000060049231955
1261074678510243850,negative,0.023562242004252377
1261074679038537728,negative,0.006682587722301313
1261074679147704322,positive,0.7307227494125816
1261074679156166656,negative,0.04536895380760097
1261074679315529732,neutral,0.33862749975248374
1261074682817777665,negative,0.002961311291306646
1261074682876395521,neutral,0.47981398796670305
1261074683174289408,negative,0.04990541322468104
1261074683199467522,neutral,0.49789225920557484
1261074684256423947,negative,0.000574156236390307
1261074686949146625,positive,0.7520747670705492
1261074686995136513,negative,0.05245280491833443
1261074687129530368,negative,1.7954121531357658e-05
1261074688056463369,negative,0.0005918503658934132
1261074688282955778,negative,0.00026657882595734945
1261074688433950722,negative,6.369380949145894e-07
1261074688517844993,negative,0.0011856431752439531
1261074691357212672,negative,0.27330878014942933
1261074691818762241,negative,0.2111655837935245
1261074691969687552,neutral,0.5220402502892152
1261074692003282945,positive,0.9007175247972627
1261074692213018624,negative,0.003466173084638746
1261074692435251203,negative,0.008792737830464192
1261074692502323201,negative,0.17956538935643954
1261074692552765440,negative,0.008317930422919801
1261074695430029322,negative,0.015733793550740838
1261074695467806722,negative,0.05007867212490771
1261074695484563456,negative,5.0097701983990396e-08
1261074695539036161,negative,0.002307356216281876
1261074695627124741,negative,0.18296687867959552
1261074695681642498,negative,5.425793299692568e-06
1261074695757193216,neutral,0.392708762976668
1261074696461844480,negative,0.007491478377407189
1261074696507764737,positive,0.8300127946194527
1261074699544662017,negative,4.556972200871193e-05
1261074700018515968,negative,0.00012874189824471497
1261074700328787975,negative,0.023950954053428633
1261074700656050176,negative,1.434927808269874e-05
1261074700844830723,negative,0.029203263853436114
1261074701176254466,negative,0.001641289339431805
1261074703780917250,neutral,0.49360249425427055
1261074703843840001,positive,0.7982933623037924
1261074703852154882,negative,0.00013010889430585965
1261074703868997632,negative,0.004604338875718251
1261074703944425479,negative,0.0005226295360865039
1261074703978049536,neutral,0.49789225920557484
1261074703982252032,negative,0.028267985454414737
1261074704049287168,negative,0.0648461770643371
1261074704145809408,negative,0.12257904940742644
1261074704367882240,negative,0.00719561327038256
1261074704401666048,positive,0.9977049035293406
1261074704531632129,negative,0.10429443187753072
1261074704615555074,negative,0.0031351886092989994
1261074708080070661,negative,6.20744651894337e-05
1261074708545638403,negative,0.32239797829545347
1261074708759547905,negative,0.011092137224377957
1261074709078331392,negative,0.03538145707823182
1261074709279584257,negative,2.594519741738394e-06
1261074709900414976,positive,0.9971500549003527
1261074712064675843,negative,0.0002256836556974878
1261074712102350849,negative,0.004461611371644285
1261074712521777153,negative,0.013770046126213829
1261074712647667712,negative,0.10136817657635594
1261074713142411264,neutral,0.47638887177747796
1261074713272598533,negative,0.045613323732029414
1261074713410854913,negative,3.455281946599237e-05
1261074713440333827,negative,0.19731840969612646
1261074716342849538,negative,0.046722238192506316
1261074716825092103,negative,0.19335072302585207
1261074716913254401,negative,6.014607188129208e-08
1261074717026529281,neutral,0.3582592803543694
1261074717118812165,negative,0.014591296232103706
1261074717353574401,negative,0.00018603139091997854
1261074717437460483,negative,0.028222485213993925
1261074717940879365,negative,0.01643177129110288
1261074720398639105,negative,0.003713972209110417
1261074720625176580,negative,0.11621235138636853
1261074720881025025,negative,0.008633783575883106
1261074721006858240,negative,0.0655811472267457
1261074721149517825,negative,0.020877034466718777
1261074721480851459,negative,0.10016810053010487
1261074721652736007,positive,0.9861011637651593
1261074721749295107,negative,0.00012111057075899599
1261074721787035650,negative,0.00020862158899703282
1261074721887707136,negative,0.1272639780999593
1261074724848693248,negative,0.004533206266248216
1261074724936994816,negative,0.0013026884711882071
1261074725087911937,neutral,0.4820492167313577
1261074725301825537,negative,0.23934801133058375
1261074725360599041,negative,0.07040989781141638
1261074725373083650,neutral,0.3499352441185855
1261074725469593605,neutral,0.5896148069136171
1261074725759049729,neutral,0.5988705035536432
1261074728988684288,neutral,0.37356359750014606
1261074729252851714,negative,0.0011431631149286653
1261074729487798277,negative,0.08529990686631934
1261074729726873601,positive,0.663300529818724
1261074730272149506,negative,0.013973349715236835
1261074730456502274,negative,0.0219261650629614
1261074732222300160,negative,0.0009649124002700664
1261074732763545600,negative,0.05804727010647399
1261074733413675016,negative,0.010387029969450992
1261074733430386691,negative,0.0003154107108048247
1261074733778513921,neutral,0.5988705035536432
1261074733912784896,positive,0.9770601614610619
1261074734781018115,positive,0.8162811711763485
1261074734852313093,negative,0.20909545023625334
1261074737276555265,negative,0.03752932650366946
1261074737389809677,negative,0.07893638597338185
1261074737448484870,negative,0.10197658960610963
1261074737490509824,negative,0.00736260522242523
1261074737658318850,negative,0.03516374227485077
1261074738295824389,neutral,0.5136446707795853
1261074738388008962,negative,0.0015463167378863146
1261074738623008769,negative,7.84857184260645e-07
1261074741122695168,negative,4.1367153689755165e-10
1261074741307289603,negative,0.04591273829696253
1261074741542125569,negative,0.018012758509999286
1261074741567401989,negative,0.0028787086176640065
1261074741579972608,positive,0.8208912260617377
1261074741693157376,negative,0.22861954191474046
1261074741819060224,negative,7.398029387919605e-11
1261074741978378244,negative,0.002961311291306646
1261074742045540354,negative,2.0231123110518753e-09
1261074742167175169,negative,0.004078651694856543
1261074742653657090,negative,0.2723651457855525
1261074742657912832,negative,0.020877034466718777
1261074742687068160,negative,0.045311749852788394
1261074742708142081,negative,0.0954890779049442
1261074742712336386,positive,0.9917942777357623
1261074745933606913,negative,0.10255083873615
1261074746210496512,negative,0.018537394302137036
1261074746407600131,negative,0.0022756331417468395
1261074746671857667,negative,0.0003080951221909217
1261074746797588485,negative,0.2361399242109468
1261074746978025472,neutral,0.4520546257912486
1261074747045052416,negative,0.000635743175293811
1261074747049291778,positive,0.8562120396758514
1261074749943398401,positive,0.701103716600966
1261074750102818822,negative,0.002961311291306646
1261074750287339521,negative,0.2798562387509579
1261074750706679808,negative,1.3571915957213e-05
1261074750966816768,negative,0.12012731400914249
1261074750991994882,negative,0.0023711026124279178
1261074751025565697,negative,0.07279594289298937
1261074751100841984,neutral,0.3403391890910929
1261074751440723968,negative,0.00012876659420576065
1261074754448035840,negative,0.14757148946083043
1261074754611675136,negative,0.10154946387876924
1261074754624258049,negative,0.11953450913703458
1261074754766856192,positive,0.8836689799486624
1261074754825486337,negative,0.0013026884711882071
1261074754934538242,positive,0.8310866263666253
1261074755031126020,negative,2.0668213514281948e-07
1261074755358035968,negative,0.003573065818358554
1261074755765129222,negative,0.005244146912832756
1261074758436884485,negative,0.3107281742138744
1261074758503931911,negative,0.19840199663041463
1261074758688538624,negative,6.713544444715524e-05
1261074759267373058,negative,0.00728364528062431
1261074759699369989,negative,0.2334671889592367
1261074762861699072,negative,0.06827922717892232
1261074762874396680,negative,0.03115464400210034
1261074763016962053,positive,0.7185737934580422
1261074763381948419,positive,0.940654741161808
1261074763457482755,negative,0.22695080687392644
1261074763511889920,negative,0.011201350765606731
1261074763637764104,negative,1.6019772657417197e-05
1261074763696480256,negative,0.08027891110359986
1261074766791917570,negative,0.012616283623385464
1261074766846402562,negative,0.005386658891187906
1261074766900969472,negative,0.011235289499059756
1261074766951219202,negative,0.2255536807368541
1261074767647514626,negative,0.008424436512622466
1261074767710490625,negative,0.0014559320079902465
1261074767739858947,negative,0.07571450198673367
1261074770776526848,negative,0.009219886224272522
1261074770998767619,negative,0.0001019961695275448
1261074771271462912,negative,0.05009443085707931
1261074771476992004,negative,0.19335072302585207
1261074771745398785,negative,0.18639883249422895
1261074771942531074,positive,0.9843207855999067
1261074772076761088,negative,5.8632180809175964e-05
1261074772294803458,negative,0.00025566520245754116
1261074772500373504,negative,0.0015467972105543306
1261074776279433220,negative,0.004917825324344701
1261074779236335618,negative,0.013974828934767583
1261074779643273217,negative,0.06967499314271368
1261074779701903361,positive,0.836232579504432
1261074779722964995,negative,0.23118268223643376
1261074780117258246,negative,0.0007544988372025122
1261074780343672840,negative,0.2756676658265441
1261074780515688448,negative,2.617277196251188e-11
1261074783464230912,negative,4.782239584279505e-05
1261074783602647040,negative,7.202920393862612e-05
1261074783753637890,negative,0.2361399242109468
1261074783900512257,negative,0.32239797829545347
1261074784248528897,negative,0.0012018121449835282
1261074784311541760,negative,0.006910281710847739
1261074784831537164,positive,0.9861011637651593
1261074784865091586,negative,0.0010576097943995192
1261074784902938627,negative,6.125909384928994e-05
1261074787801194496,negative,0.005975074252199045
1261074787918585856,negative,0.034481710787559246
1261074788157730816,negative,2.941924049634497e-05
1261074788270788608,positive,0.660061514280578
1261074788828811276,negative,0.008424436512622466
1261074791475236864,negative,0.021104569744404483
1261074791722672132,negative,6.836020565302999e-08
1261074791949381635,neutral,0.3306241707967123
1261074792037470210,negative,0.12883665883393897
1261074792469454856,negative,0.0954890779049442
1261074792515604480,neutral,0.5735294531537379
1261074792532361223,neutral,0.49789225920557484
1261074792574304256,positive,0.8836689799486624
1261074792658145280,positive,0.6733468368870563
1261074792884711425,positive,0.9478705178653458
1261074793106817024,negative,0.0016494744019349133
1261074793157275653,negative,0.0014835570421181082
1261074795950678018,negative,0.0004615994277316352
1261074796001079296,negative,0.000482252091059579
1261074796235894785,neutral,0.4217717678220494
1261074796911169536,negative,0.004058380082792314
1261074796936335364,negative,7.446439242553929e-05
1261074797141901312,positive,0.7550459889354691
1261074800899915776,negative,0.0954890779049442
1261074800925122561,negative,0.0020488733301124743
1261074801340358656,neutral,0.4056333135322141
1261074801495597062,negative,0.0025599120136188787
1261074801696931840,negative,3.455281946599237e-05
1261074801994739712,negative,0.0040024808446951455
1261074803844419584,negative,0.19072649699378552
1261074804284755968,negative,0.08462253971084285
1261074804708446210,negative,0.009552813566778
1261074804712579072,negative,3.508104605124234e-05
1261074804884545538,negative,0.013363786660020097
1261074805232631810,negative,0.0007847121778284412
1261074805249499137,negative,0.0007075003834262333
1261074805475901441,negative,0.22182097756433436
1261074805555712012,negative,0.0022252025360227057
1261074805702483968,negative,0.03413823296019744
1261074808558825475,neutral,0.4269166223901308
1261074808579723270,negative,0.0011932448869651758
1261074808797908992,negative,0.002451627725406524
1261074808818872320,negative,0.04573562194307528
1261074809120854018,negative,0.0005286950728341189
1261074809557078017,negative,0.08219411861770824
1261074809770868744,negative,0.2678018659457173
1261074809808719876,negative,0.034816105275222706
1261074813369622530,negative,6.289678924205157e-05
1261074813369692162,negative,0.12535381913561675
1261074813604560896,negative,0.001601250350241251
1261074813717807110,negative,0.002961311291306646
1261074814275653637,neutral,0.5599175931561406
1261074814535696387,negative,0.005244146912832756
1261074817169666051,negative,0.0007274603473712584
1261074818448965640,negative,0.0446490045425067
1261074818482556930,positive,0.9411790507108
1261074820449665025,negative,2.294487975567694e-05
1261074821493985281,positive,0.8162811711763485
1261074821640679426,neutral,0.4754522342199329
1261074821707976709,negative,0.08624975711706069
1261074821854703630,negative,0.00018603139091997854
1261074822232248321,negative,0.20040971584017067
1261074824761192448,negative,0.3189879193612644
1261074825457602562,negative,0.0005768679770916307
1261074825617068035,neutral,0.49789225920557484
1261074826036477953,negative,0.0007717999241430746
1261074826137088003,negative,0.0009967079647149161
1261074826560708608,negative,0.010554549143264032
1261074829677133826,negative,0.0014020675030662387
1261074830159421442,negative,0.0014835570421181082
1261074830348206082,negative,0.06289871624020997
1261074830578810880,negative,0.005810728713440336
1261074830767636485,negative,0.04500851091659959
1261074833808424961,neutral,0.49506710665379067
1261074833842081793,negative,0.1607375678226132
1261074833997250567,negative,6.647431171244887e-06
1261074834970345472,neutral,0.49789225920557484
1261074835343577090,negative,0.018077876626611842
1261074837977665536,positive,0.9990202410932149
1261074838006923269,negative,1.2437363215031143e-06
1261074838136946689,negative,0.12257904940742644
1261074839139483648,negative,0.06988056367442784
1261074842255794176,negative,3.489428462420829e-10
1261074842473857024,negative,0.07011194103648936
1261074843287597056,negative,3.1356711636001055e-17
1261074843497304071,negative,0.002307356216281876
1261074843610615815,negative,0.08869536739506528
1261074846374559744,negative,0.0071597246457732406
1261074846387187712,negative,5.237010403306905e-06
1261074846534041605,positive,0.7046196972194961
1261074846617829376,negative,0.0006515101347053958
1261074846655578112,negative,0.006525984004162968
1261074847083499522,negative,0.002961311291306646
1261074847540666371,negative,0.18096128115817206
1261074847641337857,negative,4.737246974451979e-05
1261074847838253056,negative,0.003618869155013082
1261074850531205120,negative,0.021227870279260402
1261074851432927238,negative,0.002961311291306646
1261074851474931712,negative,0.002961311291306646
1261074851634298882,negative,0.000235572784307887
1261074854801035265,negative,8.881494471640667e-05
1261074854826184714,negative,0.10429443187753072
1261074854851358724,negative,0.29797611903559484
1261074854918356993,negative,0.13640614297669731
1261074855103004674,negative,0.2840219610484545
1261074855354605569,negative,0.08912940633983024
1261074855711170561,positive,0.9861011637651593
1261074856130609152,negative,0.08293266372407301
1261074859003654144,negative,0.009642943453271305
1261074859108548608,negative,0.027325408812880158
1261074859448242176,positive,0.8310866263666253
1261074859452481537,negative,0.0031038706076430794
1261074859565682688,neutral,0.3656179862899828
1261074859800571906,negative,0.0028826662871067883
1261074859821596672,negative,0.013723830045691011
1261074860282970113,negative,0.20909545023625334
1261074860287176710,negative,0.046512161168895144
1261074863516614657,negative,0.04830528703942058
1261074863755796480,negative,0.009141893535151387
1261074864070328326,negative,1.3037687549054424e-10
1261074864070418433,neutral,0.3403391890910929
1261074864108011520,negative,0.0005184678803282431
1261074864158445568,negative,0.10621342427844126
1261074864410066944,positive,0.9230442989789612
1261074867362975749,negative,0.03548178564333209
1261074867396493312,negative,0.009190921920173878
1261074867400716289,negative,3.894618637638047e-09
1261074867480334340,negative,0.002451627725406524
1261074867702595585,negative,0.009635110315967137
1261074867912347655,negative,0.0005918503658934132
1261074868109524996,negative,0.013931795822449996
1261074868390551561,neutral,0.40250725688553923
1261074868428251142,positive,0.7759058789271049
1261074868436516865,negative,0.03581279561100945
1261074871880232966,negative,0.15604879611996295
1261074872089935873,negative,0.0005918503658934132
1261074872714833933,negative,0.013757849151382472
1261074872832319489,negative,0.0014529145092108417
1261074872937205763,negative,0.08824791728758484
1261074873088118786,negative,0.07477465783055395
1261074876250669058,negative,0.0008083073847436243
1261074876271648768,negative,4.613882931504774e-05
1261074876686876672,negative,0.26126883223545183
1261074876787548162,negative,0.002105666174477487
1261074878171660289,negative,0.029229908611199503
1261074880038125568,negative,0.008258376539854435
1261074880264638464,positive,0.9315316592517807
1261074880407232513,negative,0.057576039949313956
1261074880570822656,negative,0.004807157648550714
1261074881195753472,positive,0.8514649893243937
1261074884144377856,negative,0.23987246095199652
1261074884165341184,negative,0.009888115581978685
1261074884282552320,negative,4.64936119390646e-05
1261074884345630720,negative,0.0002636078572771582
1261074884605739009,negative,0.00026657882595734945
1261074884760948736,negative,1.6298033389600288e-11
1261074888498065408,negative,0.09850666337663404
1261074889068498954,neutral,0.49789225920557484
1261074889118810112,neutral,0.5220402502892152
1261074889315942407,negative,0.012733965306920133
1261074892520329217,negative,2.4082453678176106e-05
1261074893086633985,positive,0.9007175247972627
1261074893229211655,negative,0.19840199663041463
1261074893237559305,negative,0.0015502968681074948
1261074893719982081,negative,6.507641804989053e-06
1261074893732536320,negative,0.0003067663436073722
1261074893820567558,positive,0.8069968433389202
1261074894038749186,negative,0.0467498340877909
1261074894269419520,negative,0.031906291684652775
1261074896685318146,negative,0.013246553892222953
1261074896811155456,positive,0.8867137226380322
1261074897075408898,negative,0.0004988831857645422
1261074897150726144,positive,0.734704462268781
1261074897234653184,negative,0.05376265809283129
1261074897381601280,negative,0.31189723935073127
1261074897410891778,negative,0.004424165043114421
1261074897587011584,negative,0.11851719293774791
1261074897616416768,negative,0.00043189744998649196
1261074897641578497,negative,5.176494484174902e-06
1261074899851972608,positive,0.9072582398702576
1261074901085143042,negative,0.014877998100648339
1261074901454159879,negative,0.2334671889592367
1261074902137872386,negative,0.0038098153055392088
1261074902343434240,negative,0.14309910468457862
1261074905283657729,negative,0.011342526002148518
1261074905505959936,negative,0.00025566520245754116
1261074905577263105,negative,0.0005858392684304468
1261074905677942786,negative,3.422402642872353e-05
1261074905975730176,negative,0.09772390754595175
1261074906051207168,neutral,0.33814814065834964
1261074906298617857,negative,0.049011477904428065
1261074906629931008,negative,0.000489588362042174
1261074908982870016,negative,0.0009649124002700664
1261074909255675904,negative,0.004105928351406689
1261074909364736007,negative,4.0878732399188736e-07
1261074909901410304,negative,0.0035046382683492174
1261074910308380673,negative,0.0022729513315249807
1261074910333583360,negative,0.05476913477998591
1261074910346166272,negative,2.3301946403469613e-05
1261074910899650560,negative,0.31732489718339985
1261074913470885896,negative,0.05125287623197672
1261074913760329729,neutral,0.43837261925422183
1261074913768677376,negative,0.036023098064674956
1261074914318200832,negative,0.31617114876833163
1261074914422947842,neutral,0.5279780929674295
1261074914653671425,negative,1.7662777286306644e-07
1261074914762784768,negative,3.0224295998156534e-08
1261074917740560384,negative,0.00025566520245754116
1261074918051057673,negative,0.1129098058907083
1261074918181163014,negative,0.00011320663685326903
1261074918235652098,negative,0.09537127316698366
1261074918734802952,negative,0.010554549143264032
1261074918852235266,negative,0.16614307983032442
1261074918952914946,negative,5.164544543081694e-06
1261074919208730624,neutral,0.49789225920557484
1261074919221329923,negative,6.251015643800579e-05
1261074919229620226,negative,2.5203963603463375e-05
1261074919292653570,negative,0.008150972270553466
1261074921658232832,negative,1.945307787174171e-09
1261074921683333121,negative,1.1089658484481179e-07
1261074921846968324,negative,0.0013876144809278608
1261074922245197825,negative,0.0060101312956054405
1261074922362863616,negative,0.12665875109267807
1261074922740355073,negative,1.0716690447452453e-10
1261074926049660928,negative,0.08099960998906938
1261074926594916354,negative,2.6786168689144605e-12
1261074927047884800,negative,0.0027463683930837772
1261074927089836032,negative,5.426811121435662e-05
1261074927140167680,positive,0.7323685123694561
1261074927681142784,negative,0.19316951990380332
1261074930243784705,negative,0.019398626832505143
1261074930315255812,negative,5.846950262754838e-06
1261074930571055104,negative,0.04536895380760097
1261074930709471236,negative,0.004604338875718251
1261074930751483904,positive,0.9999536701404287
1261074930831155200,positive,0.958921312958823
1261074930831155201,negative,0.0014039567390036662
1261074930906603522,negative,0.0004475014329072321
1261074931145740291,positive,0.9007175247972627
1261074931267362821,negative,1.9659732822601405e-05
1261074931300925440,negative,0.033341109993058136
1261074931305066496,negative,0.17432353615699697
1261074934425583621,negative,0.03063921678677865
1261074934798921734,negative,0.0015636691955122125
1261074935302238209,positive,0.9982045510284216
1261074935688151042,negative,0.04549310422875709
1261074938175332353,negative,0.17766321996182619
1261074938640904192,negative,0.019818751785227726
1261074938724786181,negative,0.002961311291306646
1261074939714646018,negative,0.003067236102699437
1261074939802800129,negative,0.0216205790151023
1261074940108976130,negative,0.013974828934767583
1261074942092808197,negative,0.00920857462844503
1261074942885584898,negative,0.008222293109001237
1261074942973468672,neutral,0.33921402255846145
1261074942998741006,negative,0.003466173084638746
1261074943279849476,negative,0.19335072302585207
1261074943804092421,neutral,0.42262695859811644
1261074944328433664,negative,0.004404164926161911
1261074947033772034,negative,2.3089721986557296e-05
1261074947323105281,negative,0.001106871573266426
1261074947578920966,negative,3.16077051496188e-08
1261074947725819910,negative,8.094061095139913e-05
1261074947759316995,negative,0.2361399242109468
1261074947847438336,negative,0.05293211636253889
1261074947935436805,negative,0.03081758127812489
1261074948107513857,positive,0.9007175247972627
1261074948359061505,negative,0.1913620992948721
1261074951005769728,negative,0.023562242004252377
1261074951249047553,negative,2.465546796968746e-09
1261074951324327939,negative,2.110804965463741e-05
1261074951349473282,negative,0.002869836692442962
1261074951492247552,negative,2.294487975567694e-05
1261074951769149441,negative,0.26512381301368454
1261074951861407744,neutral,0.36595818820433196
1261074952029122562,negative,0.23565707057463148
1261074955451666433,neutral,0.49789225920557484
1261074955518783490,positive,0.9843207855999067
1261074955648864257,negative,0.09864090720393964
1261074955753701376,negative,0.28916289359371383
1261074956173168641,negative,0.0005918503658934132
1261074956336746499,negative,0.01030974359809605
1261074956454166529,negative,1.0934461205214514e-09
1261074956647104512,negative,0.15255320072981543
1261074956932259846,negative,0.15255320072981543
1261074959520104449,negative,0.0006430317737287878
1261074959704698881,positive,0.8836689799486624
1261074960069599240,neutral,0.4564578472590881
1261074964058378241,negative,0.011342526002148518
1261074964222009347,negative,0.004249443833172949
1261074964863688704,negative,0.011893885723839162
1261074965501218816,negative,0.10621342427844126
1261074965580963841,negative,0.021736068630098016
1261074968005263371,negative,0.0005918503658934132
1261074968114315264,negative,0.004014432526452868
1261074968542171136,positive,0.815299514483688
1261074968726683661,negative,0.00127916812967785
1261074969586434050,neutral,0.5241731575512101
1261074972161847296,negative,0.0010768021892628098
1261074972799369219,negative,0.00011521937300444296
1261074973050974208,negative,0.005386658891187906
1261074973101379585,negative,0.0005086024620279106
1261074973415915522,negative,0.23761530570443312
1261074973466267654,negative,0.003633685721624765
1261074973625593859,negative,2.665962048833791e-05
1261074976393834496,negative,0.001631578811359962
1261074976553172994,negative,0.010179069610191282
1261074977039822852,negative,0.23871696831429615
1261074977111134210,negative,0.0026195813833689995
1261074977232748544,negative,0.007047489141976817
1261074977459187714,negative,0.00628287545349936
1261074977484419085,neutral,0.47697210391394973
1261074977589268482,negative,0.016046273943048524
1261074977664663559,negative,0.0004615994277316352
1261074980856565760,negative,0.18098584888002706
1261074980911165448,negative,0.00038293330458670494
1261074981057753089,neutral,0.5413872540319957
1261074981577994241,negative,0.002098796266974781
1261074984858013696,negative,0.01152417415814879
1261074985134809088,neutral,0.6371857720847666
1261074985889783810,negative,0.1302866687898461
1261074986221133825,negative,0.005703867720910202
1261074989458919424,neutral,0.5873128235153824
1261074989492699138,negative,3.1817738659995946e-05
1261074990151196673,negative,0.06553441075687105
1261074990574768128,neutral,0.36975286415945646
1261074993171087362,negative,0.027325408812880158
1261074993317896195,negative,0.033033300403295385
1261074993422745600,negative,0.062295886673778875
1261074993539997696,negative,0.14621639752569543
1261074993745723392,negative,0.0006702916080729556
1261074994328743937,neutral,0.3353500257179539
1261074994546839555,negative,0.1420168038230158
1261074997633826817,positive,0.9982045510284216
1261074998539755523,negative,0.053675317684766126
1261074999173173251,negative,0.0005456625516224464
1261074999324049409,negative,3.725647948135853e-06
1261075001551122438,negative,4.504251412386748e-26
1261075001702301697,negative,1.493462105142829e-05
1261075001811316736,neutral,0.4880039776657555
1261075002125963266,negative,0.027621331923343484
1261075002134269960,negative,4.7146936325802767e-07
1261075002314678272,negative,1.0602573451077954e-05
1261075002583060482,negative,0.24860812547642927
1261075002683731975,positive,0.6601568602345234
1261075002897707014,negative,0.037360247853580636
1261075005451968514,negative,0.0021699400610320015
1261075005867261955,neutral,0.4789801278656252
1261075006118940672,negative,0.2361399242109468
1261075006152273920,neutral,0.3964497418215275
1261075006471245825,positive,0.794261858032566
1261075006492213249,neutral,0.36595818820433196
1261075009788948481,negative,0.21996643663899276
1261075010116083717,negative,0.0038826175487591172
1261075010204164101,negative,0.009141893535151387
1261075010355171331,positive,0.9398716506070102
1261075010380275719,negative,7.90822370517362e-07
1261075010569089024,negative,0.021058380263997072
1261075010728361984,negative,0.2454937796112596
1261075014406856704,negative,0.2361399242109468
1261075014419439616,negative,0.00127916812967785
1261075014494965768,neutral,0.3767701553394733
1261075015199588353,negative,0.12258462670249735
1261075015396519937,negative,0.0014835570421181082
1261075015442849794,negative,0.04573562194307528
1261075015514165252,negative,0.010672841393179458
1261075018815016960,neutral,0.35000532810977153
1261075018928263169,negative,0.002144050096462465
1261075019037368323,negative,0.04054460100288267
1261075019414876161,neutral,0.48728019602140255
1261075019582582786,negative,0.0007182936110697121
1261075019595202564,negative,0.00479086425959063
1261075019687432192,negative,0.001631578811359962
1261075022657044483,negative,6.063053111933127e-06
1261075022803873796,negative,0.0352952498830695
1261075023021977600,negative,0.008273996442184241
1261075023164563456,negative,0.0027371834161325393
1261075023206453249,negative,0.13863011357948796
1261075023483277312,negative,0.0005918503658934132
1261075023504248833,negative,0.060368639318961095
1261075023697240066,negative,0.13681870320955467
1261075023860772864,neutral,0.5556866927953724
1261075026733924355,negative,0.059406929953972426
1261075026901696512,negative,0.009141893535151387
1261075027065057281,negative,0.004014432526452868
1261075027199434753,negative,4.548769609944681e-06
1261075027308490753,negative,0.029229908611199503
1261075027539169281,negative,0.1100678013349313
1261075027832774657,negative,0.0011240525012718358
1261075028050935808,negative,0.001013161780855222
1261075028248068096,negative,0.0014421984240153229
1261075030974312448,negative,0.12258462670249735
1261075030999535623,negative,0.16778110775874125
1261075031016247296,negative,1.6019772657417197e-05
1261075031154733057,negative,0.01731397612777996
1261075031200796672,positive,0.7838627924272515
1261075031251132416,negative,0.0008219331144770507
1261075031314042880,negative,4.613882931504774e-05
1261075031393800197,negative,0.3279754365093972
1261075031590703104,negative,0.010024523927155757
1261075031603515392,negative,0.005855900785782243
1261075031859376133,negative,0.10775559603799147
1261075032027037702,negative,0.04980017307388959
1261075032056479746,negative,0.13969053254148095
1261075032060592132,negative,0.00014567012873294673
1261075032266203138,negative,0.24164619667823226
1261075034778583040,positive,0.7046196972194961
1261075035390906376,negative,0.0954890779049442
1261075035663609857,negative,0.21638112310799767
1261075035944517632,negative,0.32239797829545347
1261075036024307718,negative,0.0954890779049442
1261075036837904387,negative,0.24739790247822693
1261075037043507200,negative,0.11164983586529406
1261075039492898818,negative,0.0954890779049442
1261075039614631939,negative,3.422402642872353e-05
1261075039774027779,positive,0.8019594821738483
1261075040575066112,negative,2.2915026664891447e-06
1261075040797372425,negative,0.1100678013349313
1261075040830963712,negative,0.12056049151909537
1261075040856084483,negative,0.00018603139091997854
1261075043527856134,neutral,0.49789225920557484
1261075043871854592,positive,0.73761763539645
1261075044198989826,negative,0.00013058044914393874
1261075044647620608,neutral,0.4269166223901308
1261075044681355264,negative,0.2361399242109468
1261075044685545472,negative,0.2801405446281119
1261075044727390209,neutral,0.48408926298946536
1261075044849143808,negative,0.047620985999190756
1261075048129052672,negative,0.15071705626127185
1261075048233926657,negative,0.0007544988372025122
1261075048271618048,negative,0.17672755989941588
1261075048351313921,negative,0.00025566520245754116
1261075048405835779,negative,0.00043196011329484053
1261075048431058948,negative,8.306662806660587e-05
1261075048565288961,neutral,0.6165231833858643
1261075048582057990,negative,0.0834800784471925
1261075048699498498,negative,0.052317444487015266
1261075049215340544,neutral,0.49789225920557484
1261075051782328327,negative,2.2863199747171976e-07
1261075052059074562,negative,2.2791841227038523e-07
1261075052436557825,negative,0.17419181412416476
1261075053011238912,negative,9.758790090990318e-05
1261075053195792398,negative,0.13247446926397852
1261075053396910081,negative,0.01490007493211805
1261075056056324098,negative,0.013973349715236835
1261075056727396352,negative,0.03602003751026866
1261075056777723907,positive,0.9995130384955465
1261075056878399499,negative,0.2729636663363126
1261075056895066116,neutral,0.5601543151349715
1261075057134186497,negative,0.0015463167378863146
1261075057390034944,negative,0.1675264160740889
1261075059701157888,positive,0.7545710752531811
1261075060250628097,negative,0.08217906577854951
1261075061009760256,negative,0.15255320072981543
1261075063740207106,negative,0.001898798929743257
1261075064801374208,negative,0.0025301100376610647
1261075065120141313,negative,0.21656401232843772
1261075065216667649,negative,0.008424436512622466
1261075065438863366,negative,0.045400648252738075
1261075065459875847,negative,0.15745521262382997
1261075068320432129,negative,0.0070958475026905036
1261075068660199424,negative,7.398029387919605e-11
1261075068727238658,negative,1.0114502828417891e-07
1261075068798619650,negative,0.012764204230088018
1261075069608083457,neutral,0.3766683973372472
1261075072275668999,negative,0.007473222219098867
1261075073219416067,negative,0.11621235138636853
1261075073533911040,negative,0.06352487706510034
1261075073680715777,negative,0.13539844593997583
1261075073710067715,neutral,0.44054615157121163
1261075073710129152,negative,0.19825046324999182
1261075073835970561,negative,0.18502259412742716
1261075073999540226,negative,0.008424436512622466
1261075074012139526,negative,0.05161679918082319
1261075074049871872,negative,0.009635110315967137
1261075074146279425,negative,0.00013058044914393874
1261075077451452417,negative,0.0015160842106354282
1261075077568827393,negative,0.003618869155013082
1261075077631746055,negative,0.0014835570421181082
1261075077656870915,negative,0.011909064028840479
1261075077656973312,negative,0.029072550605411706
1261075078386679810,negative,0.00034453264374860714
1261075078508404737,negative,0.001898798929743257
1261075081209446401,negative,0.0561791530595282
1261075081410707456,negative,0.03581279561100945
1261075081494700034,neutral,0.4838094309354267
1261075081586933761,neutral,0.49789225920557484
1261075081641459715,negative,0.0013058940591577138
1261075081716957185,neutral,0.5915210539126298
1261075082069381120,negative,0.014591296232103706
1261075082081898496,negative,9.955691669746694e-05
1261075082237087745,negative,0.0022563389035857866
1261075082262319105,negative,0.1100678013349313
1261075085818986500,negative,0.0012360332784193575
1261075086301450240,negative,0.008424436512622466
1261075086473400320,negative,0.05584962817889566
1261075086917984256,negative,0.0002579111068604164
1261075087014363137,negative,0.008424436512622466
1261075089505869825,neutral,0.40810144557420625
1261075089619107845,neutral,0.48006337336787697
1261075089744945161,negative,0.025639814575746586
1261075089770020864,negative,0.0007242231837657885
1261075090126573569,neutral,0.3921392596637016
1261075090260799488,negative,0.09443490686224014
1261075090348797952,negative,0.0017036808741814219
1261075090411786240,negative,1.5413960161090397e-07
1261075090621358080,negative,0.00947223504727537
1261075090739015680,negative,0.06336306670406526
1261075090801922054,negative,0.0004615994277316352
1261075091162611717,negative,0.023454184633334648
1261075091246534658,negative,0.052317444487015266
1261075093570101250,negative,0.0007096560335105271
1261075093926694913,negative,0.0023711026124279178
1261075094027239424,negative,0.16275155524699078
1261075094060720128,negative,0.0017036808741814219
1261075094178336770,negative,0.02585847461832314
1261075094371270657,neutral,0.3403391890910929
1261075097911246849,negative,0.28022467314234967
1261075097986592769,negative,0.0017036808741814219
1261075098070650888,negative,0.24436852105699267
1261075098116722690,negative,2.1960415194369667e-06
1261075098561318913,negative,0.06215644487151562
1261075099370893312,negative,0.02254304078782897
1261075102294294528,negative,2.5239868176851237e-06
1261075102424236032,negative,0.026271779556010386
1261075102462021633,negative,0.004014432526452868
1261075102663348225,negative,0.0954890779049442
1261075102780751872,neutral,0.6133287314770753
1261075102927671297,negative,0.10016810053010487
1261075102940237824,positive,0.7307227494125816
1261075102965301248,negative,0.0018921155129841222
1261075103007354888,positive,0.9074076987548362
1261075103200182273,negative,0.011392470836655464
1261075103242162179,negative,0.007942105302098266
1261075103439376386,negative,0.11153878743906867
1261075106308198400,negative,0.018477369854458463
1261075106316595201,positive,0.9036787904469574
1261075106538958853,negative,0.21828062623999395
1261075107319078914,neutral,0.4393101850869295
1261075107872727043,negative,0.007163490821279062
1261075107935633409,neutral,0.5135037251952781
1261075108023668736,negative,3.392876642606439e-05
1261075108241838083,negative,0.2936471778682972
1261075110498361350,negative,0.2678426647439796
1261075110842130432,negative,0.0002636078572771582
1261075111207190528,neutral,0.49789225920557484
1261075111400136711,negative,0.030760930160980294
1261075111593095173,negative,0.0010181387258389623
1261075114881363969,neutral,0.5311563611606006
1261075115267305472,negative,0.2010847607010222
1261075115304980480,negative,0.049912410680514045
1261075115791585281,negative,0.2361399242109468
1261075115795677184,negative,0.18878780312753332
1261075116097748996,negative,0.0071597246457732406
1261075116240273410,negative,7.398029387919605e-11
1261075119016943620,negative,3.4492992914920324e-06
1261075119029522432,positive,0.7702347462092689
1261075119096713216,negative,4.0878732399188736e-07
1261075119528697856,negative,0.26665122977374456
1261075119541231619,positive,0.9988968409471666
1261075119570649088,negative,0.13726071792277128
1261075120413605892,negative,0.17083780974751095
1261075120426270722,negative,0.13481290835456405
1261075120870821888,negative,0.2756676658265441
1261075123261419520,negative,0.08217981501299716
1261075123454574593,negative,6.289678924205157e-05
1261075123576152066,neutral,0.4703123699835196
1261075123584602118,negative,1.4227122215694817e-07
1261075123622248450,negative,2.1060619360342485e-05
1261075123639062528,neutral,0.6150842836360038
1261075123672682499,negative,0.20771934817642312
1261075124012318721,negative,0.12067027429748088
1261075124129804288,negative,0.033125371502992905
1261075124515753987,negative,0.00854119499273649
1261075127556608003,negative,0.013973349715236835
1261075127577595909,negative,0.027232925355068393
1261075128177352705,negative,0.15664486325342897
1261075128332451840,positive,0.9999573687833649
1261075128915460097,negative,0.1885984712557001
1261075128932356096,negative,0.1518431986369129
1261075128944910336,negative,0.18285254833452194
1261075128949059585,positive,0.682936819976546
1261075129003581440,negative,0.1420168038230158
1261075131390189573,negative,0.04958765195398554
1261075131612487680,negative,0.0007544988372025122
1261075131801231361,negative,0.00127916812967785
1261075131906109441,negative,0.18012665521213436
1261075132375797760,negative,0.002961311291306646
1261075132476542976,neutral,0.5468881707710602
1261075132673646593,negative,0.12595954980867866
1261075132782718976,negative,0.04675167198232182
1261075133059473411,negative,0.2030102883858397
1261075133109862401,negative,0.16849392772626767
1261075135878123522,negative,0.004604338875718251
1261075135991353346,negative,0.0005918503658934132
1261075136221974528,negative,0.0023342287102988113
1261075136377020416,negative,0.0018945205209518238
1261075136423305217,neutral,0.49789225920557484
1261075136544940033,negative,0.004686596106156935
1261075139875258368,positive,0.6858356578051783
1261075140886106113,negative,4.2736296935104176e-05
1261075141104152576,neutral,0.4703655160533912
1261075141334794241,negative,1.9771214474174404e-05
1261075141745946624,negative,0.003151921213626022
1261075141963833344,negative,0.04450632732153679
1261075144145076231,negative,0.0006515101347053958
1261075144149282819,negative,0.0008658808987767491
1261075144212131841,negative,0.0216834426728778
1261075144476225536,neutral,0.493730564008152
1261075144484716544,negative,0.176563330889668
1261075144547713024,negative,0.00022356413419606706
1261075144790945798,negative,5.058840754400475e-05
1261075145856294913,negative,0.00012549028387124904
1261075146061737985,negative,0.013469509337730215
1261075148448444418,negative,0.03307193525354616
1261075148897169413,negative,0.11621235138636853
1261075149564100609,negative,0.10036574307765715
1261075149627023360,neutral,0.4269166223901308
1261075149660487682,negative,0.00437737306682947
1261075149752803328,negative,0.00020954427686131527
1261075152797937664,negative,0.0020682719325496625
1261075152823095301,negative,0.0026956981257243605
1261075153007579137,negative,9.080294121403417e-06
1261075153137606664,negative,3.4571857016194235e-08
1261075153250852865,negative,0.11162762197975168
1261075153263493127,negative,0.014123266259596303
1261075153347399689,neutral,0.33814814065834964
1261075153531830272,negative,0.015892843905014893
1261075153603252224,negative,0.08021564434584642
1261075153930182656,negative,5.8632180809175964e-05
1261075153976389632,negative,0.28022467314234967
1261075157118050310,negative,4.820832682734786e-11
1261075157310988288,negative,0.1576357861527654
1261075157759791105,negative,0.0008219331144770507
1261075157814214657,neutral,0.4492662328643014
1261075157852045314,negative,0.06712432819239568
1261075158036631560,positive,0.8069968433389202
1261075158187470848,negative,0.03857743593629227
1261075158195933186,negative,0.013469509337730215
1261075158263046145,positive,0.9791405145864285
1261075160918040579,positive,0.7323685123694561
1261075161043865600,negative,0.12415711098677361
1261075161295523840,negative,0.06967499314271368
1261075161350111235,negative,0.07759438730263865
1261075161412800512,positive,0.8594878205136515
1261075161412972544,negative,0.000711698246041157
1261075161526263808,negative,0.07279594289298937
1261075161559846913,negative,6.6202568239828634e-09
1261075161832402945,negative,0.3107281742138744
1261075161949843460,negative,0.06696303936280534
1261075161995976704,negative,0.053806191899297806
1261075162251788288,negative,0.001099609497697976
1261075165095460864,negative,0.03150657600972949
1261075165124997122,negative,0.0007613928891284341
1261075165187899399,neutral,0.5873128235153824
1261075165754068995,negative,9.035266458268887e-06
1261075165972176896,neutral,0.3510335265892389
1261075166504910849,negative,0.14684270962798032
1261075166806892545,negative,0.008424436512622466
1261075169466032128,neutral,0.35636306001696205
1261075169642082304,negative,0.009458090964940925
1261075170002735104,positive,0.848247897101139
1261075170313338880,negative,0.0014835570421181082
1261075170409828352,negative,1.4291988580755358e-08
1261075170485317644,negative,0.002961311291306646
1261075170510245888,negative,0.011179978854693589
1261075173605814273,negative,0.2774518489714586
1261075173685460995,negative,0.07214249317946571
1261075173702135808,negative,2.7726867295967393e-05
1261075174444748801,negative,1.6053769673364058e-06
1261075174595665920,negative,6.504486986273346e-06
1261075174847393793,negative,6.834169207473254e-05
1261075177791721472,negative,0.0005713152271686273
1261075177821143046,neutral,0.3749586141327468
1261075177875570691,negative,0.0003989456999554158
1261075178081181697,positive,0.7691637991656759
1261075178345422848,negative,0.031229556612725758
1261075178404098048,negative,0.003984360755317656
1261075178601066497,neutral,0.35257782021903505
1261075181784764416,negative,6.63840426401056e-05
1261075182342615048,negative,0.21282159451404753
1261075182485221379,negative,0.07279594289298937
1261075183244206081,negative,0.012224626921097468
1261075183286312960,negative,0.004563634500007137
1261075183483465732,negative,0.0002545745390204713
1261075183609266188,negative,0.0023711026124279178
1261075186130063360,negative,0.19335072302585207
1261075186192986112,negative,0.009888115581978685
1261075186541121536,negative,0.13758947866148286
1261075186549510149,negative,0.0001019961695275448
1261075186578841600,negative,0.00127916812967785
1261075186637590528,negative,0.0037191914548938493
1261075186926989312,negative,2.812594810386393e-10
1261075190311784449,negative,0.027325408812880158
1261075190756380677,negative,5.891404936265779e-12
1261075191217733632,negative,0.034481710787559246
1261075191465213955,negative,0.03533394837537675
1261075194396979207,negative,0.026271779556010386
1261075194401128448,negative,0.010746026602155427
1261075194447376385,neutral,0.48094839684804097
1261075194879315971,negative,0.08869536739506528
1261075195110047754,negative,0.2756676658265441
1261075195206537217,negative,0.10575490782911127
1261075195382693888,negative,0.0012155474307648834
1261075195441360898,negative,0.0016244481520802086
1261075195466399744,negative,0.025170339006596543
1261075195554664449,neutral,0.3569958475231166
1261075198733926400,neutral,0.5964951153264928
1261075198968725518,negative,0.002961311291306646
1261075199161663490,negative,2.487774919025893e-15
1261075199174348800,negative,0.11592989082669931
1261075199522414592,negative,7.923888319332047e-05
1261075199623135233,negative,6.834169207473254e-05
1261075199828676609,neutral,0.4269166223901308
1261075200050954240,positive,0.8573381608825863
1261075200088641536,negative,0.011893885723839162
1261075200352956416,neutral,0.3499352441185855
1261075203129577474,negative,0.0530156405495414
1261075203590959104,negative,0.0015084038141660243
1261075203758723074,positive,0.9861011637651593
1261075203779702787,negative,0.11653836455498957
1261075204031369217,negative,0.00012142871766982399
1261075204077506561,neutral,0.40485177752233803
1261075204215910407,negative,0.0002527152632931806
1261075206925246464,negative,0.0013058940591577138
1261075206975696902,negative,0.010554549143264032
1261075207034474498,negative,0.027232925355068393
1261075207135072256,negative,0.00012876659420576065
1261075207554584576,negative,0.00736260522242523
1261075207684415488,negative,4.5714571648415864e-07
1261075207978172417,negative,0.07038180670255602
1261075208015876096,neutral,0.358140288881884
1261075208213061632,positive,0.7024831471184637
1261075208611512322,neutral,0.3781446365656235
1261075208783290368,neutral,0.5882311541586824
1261075211392294914,negative,1.6053769673364058e-06
1261075211501404160,negative,0.01285326445934872
1261075211505610752,negative,0.0017979122486787892
1261075211551727622,positive,0.9923149844210083
1261075211790794758,positive,0.9594402973965862
1261075211971186689,negative,0.2756676658265441
1261075212105322496,negative,6.462761041428604e-08
1261075212566761472,negative,0.1696405526910729
1261075212713459712,negative,0.2723837290850765
1261075214462595078,negative,4.2027952093524235e-05
1261075215603445761,negative,0.028048826078395376
1261075215750246402,negative,0.010672841393179458
1261075216014307328,negative,0.0022598526419588187
1261075216064634880,negative,3.656243690638016e-08
1261075216744296453,neutral,0.3781446365656235
1261075216882597889,negative,0.00022676300171705426
1261075219684511749,positive,0.947485535923093
1261075219877412865,negative,0.00454496699935388
1261075219923566599,neutral,0.333314263973405
1261075220250705922,negative,0.04806312686579951
1261075220292665344,negative,0.0017223354980157454
1261075220326047744,negative,2.893014649670071e-05
1261075220493983747,negative,0.07143535657635075
1261075220514910210,negative,4.6040161733056975e-09
1261075220644999169,negative,2.294487975567694e-05
1261075220825280513,negative,0.16625507404718293
1261075223878737920,negative,0.06264495440836211
1261075224369352705,negative,0.00012734267109165587
1261075224415567872,negative,0.2065642761078804
1261075224553943041,neutral,0.33814814065834964
1261075224906420224,negative,0.04830528703942058
1261075225309052930,neutral,0.47669008658475526
1261075225481011203,negative,0.1420168038230158
1261075227972382720,negative,1.346524784037358e-08
1261075228240691202,negative,0.10208821846515646
1261075228270243841,negative,0.006086996069245789
1261075228400197641,negative,0.0001598593193030598
1261075228505116677,negative,0.04483261317816102
1261075228932870147,negative,0.021525266998354758
1261075229343973376,negative,0.00012874189824471497
1261075232145768454,negative,0.005175888617044175
1261075232288395269,negative,0.06967499314271368
1261075232351289349,negative,1.5081952813575593e-08
1261075232581750785,neutral,0.49789225920557484
1261075232619663364,negative,0.32506685266967134
1261075233324367873,negative,0.02738948852743254
1261075233374642178,negative,0.2950054800156706
1261075233378832388,negative,0.009141893535151387
1261075235693977601,negative,0.06264590579816845
1261075236419747848,negative,0.12603117387606896
1261075236566548480,negative,0.004393683058428238
1261075236851679234,negative,2.7920769730219088e-15
1261075237027950597,negative,0.005053029878680711
1261075237229268994,negative,0.0001481112316109183
1261075237262819330,negative,0.002961311291306646
1261075237405446145,negative,4.488185384978174e-05
1261075237589966850,negative,0.02436167204507064
1261075240672735234,negative,0.003446773441854737
1261075240723120129,neutral,0.5909609216963486
1261075240819535877,negative,3.900943855828649e-05
1261075241251504128,negative,0.012747584391602881
1261075241259937792,negative,0.12011451595521928
1261075241272475648,negative,0.07461021344634662
1261075241440358406,negative,0.0008658808987767491
1261075241670979588,negative,0.17107998462297838
1261075245378744320,negative,0.04897134739498701
1261075245710086145,negative,0.3186406432112998
1261075245718556672,negative,0.037236494543407876
1261075249145282561,negative,0.09713183362045447
1261075249833132035,negative,0.002363152953941645
1261075250026024960,negative,4.237748835678683e-09
1261075250038571013,negative,0.013470378404496702
1261075250458091520,negative,0.008347092752707192
1261075250730729474,negative,0.11608104110653243
1261075253436039174,negative,0.0027463683930837772
1261075253465407493,negative,0.045613323732029414
1261075253557633026,neutral,0.5110207713734486
1261075253695877120,negative,0.015415268239648923
1261075254342045697,negative,0.021034825867561502
1261075254375571456,negative,0.03494834613148342
1261075257420656647,negative,0.049462059941596824
1261075257756192768,negative,0.003618869155013082
1261075257856864256,negative,0.13818311014418297
1261075257865232386,negative,1.7133676551468538e-05
1261075258070663168,negative,0.014591296232103706
1261075258171224064,negative,0.1308729461968029
1261075258544717825,neutral,0.49461098539526
1261075258972520448,negative,2.932368170838014e-05
1261075259106738180,positive,0.9924082994040068
1261075261698846721,neutral,0.5057484710698332
1261075261795205120,negative,6.834169207473254e-05
1261075261971406850,negative,0.00012876659420576065
1261075262235607040,negative,0.2831350132158864
1261075262365712384,neutral,0.4818846397807812
1261075262583844864,negative,0.05813379421192973
1261075262944489475,negative,0.3107281742138744
1261075265876262913,negative,0.0005226295360865039
1261075266039930880,negative,0.10764408043772214
1261075266564239361,negative,0.007491478377407189
1261075266757165057,neutral,0.3638625139702317
1261075267025592320,negative,0.00846482764529057
1261075267080073217,negative,0.23370983068508033
1261075270305566725,negative,0.03232193979384412
1261075270628511744,negative,0.16917686307763757
1261075270926241792,negative,0.14231677819453872
1261075271077240848,negative,0.0954890779049442
1261075271123378180,negative,0.002961311291306646
1261075271144407041,negative,0.03229907952784832
1261075271484088320,negative,0.07926138426951894
1261075271588941826,negative,0.005182993065430292
1261075274571165698,negative,7.623000155249057e-08
1261075274805972994,neutral,0.5896148069136171
1261075274978013185,neutral,0.3984032731040368
1261075275007262721,positive,0.8782164765929359
1261075275066085377,negative,0.008424436512622466
1261075278815731712,negative,0.09990664326271806
1261075278832467968,positive,0.767992039642416
1261075279017054209,negative,0.010554549143264032
1261075279356874757,negative,0.027325408812880158
1261075279608455168,negative,0.05245280491833443
1261075279788867584,negative,0.07038180670255602
1261075279839203328,negative,0.03756321494580353
1261075279893716993,negative,0.0005268424922412837
1261075282695458816,negative,0.1319167621569466
1261075283773403137,negative,6.02848195412102e-07
1261075283857342464,negative,5.2777549505440045e-05
1261075283937046528,negative,0.007760697430112886
1261075284058505222,negative,0.1102500608108599
1261075284121583619,negative,0.09815728220010408
1261075284415123458,negative,0.2361399242109468
1261075286990389248,negative,0.001898798929743257
1261075287116328962,negative,0.0015954208226048657
1261075287586025475,negative,0.11153878743906867
1261075288160600070,negative,0.1537887120317559
1261075288164892673,negative,0.03756321494580353
1261075288294907905,negative,0.245694082506712
1261075291339882497,negative,0.11456702105710806
1261075291763589120,negative,0.005837297117112604
1261075291885244422,negative,0.06106106408883409
1261075291931398146,negative,0.025412954529264446
1261075292216582157,neutral,0.5121800749395776
1261075292321431554,negative,0.018730464588688923
1261075292422131715,negative,0.0003606465945629827
1261075292493361152,neutral,0.5896148069136171
1261075295895007234,negative,0.025111448721530552
1261075296259837953,negative,0.176563330889668
1261075296641593345,negative,0.0018921155129841222
1261075299367882757,negative,0.00127916812967785
1261075299695046656,negative,0.0008012323572580617
1261075299887972366,negative,7.398029387919605e-11
1261075299942518785,neutral,0.6133287314770753
1261075300403818498,negative,8.519617428816104e-05
1261075300538093569,negative,8.37597395451969e-05
1261075303775993857,negative,0.0956658001448642
1261075304153378816,negative,0.04806312686579951
1261075304380014592,negative,5.5584880559854405e-05
1261075304715554825,negative,0.05840540636089486
1261075305118269445,negative,0.30072867178484386
1261075308364673024,neutral,0.3499352441185855
1261075308410740737,negative,0.0004763319393104012
1261075309190881286,neutral,0.6245279476744507
1261075309190930433,negative,0.004945862789923454
1261075312055660545,negative,0.0010402257943731524
1261075312588271616,neutral,0.6326761927832771
1261075312592502784,negative,0.0017997494986838698
1261075313238425600,negative,0.15674222267288768
1261075313506877443,negative,0.0002823160652929009
1261075313611636738,negative,0.004382102488265311
1261075316220538881,neutral,0.367474829391244
1261075316740624385,positive,0.9861011637651593
1261075316996558849,negative,7.398029387919605e-11
1261075317055262723,negative,0.1108413140692744
1261075320439963650,negative,0.15604879611996295
1261075320691732480,negative,8.094061095139913e-05
1261075321262047234,positive,0.7746842285852532
1261075324273655819,positive,0.9659600036200192
1261075324831440897,negative,0.0954890779049442
1261075325037031425,negative,0.2982889117040943
1261075325099933697,negative,0.15641724021263748
1261075325167046663,negative,0.0005646365337690077
1261075325385089026,negative,0.01052423206977576
1261075325905035266,negative,0.32123772290228186
1261075328786739207,negative,0.023568743945471753
1261075328883208192,negative,0.003245223152281303
1261075329130672131,negative,0.05161679918082319
1261075329352896512,negative,0.00956282098960921
1261075329591975943,negative,7.398029387919605e-11
1261075329738629121,negative,0.00012097508418524162
1261075329764012033,negative,0.012267341390321169
1261075329956929537,neutral,0.6027432464259264
1261075333207527426,negative,0.0008219331144770507
1261075333278846978,negative,0.06392579622132624
1261075333480091648,negative,0.010554549143264032
1261075333526282241,negative,0.0013026884711882071
1261075333811449857,negative,0.1376503753785203
1261075333928935425,positive,0.9843207855999067
1261075334235131904,neutral,0.6521266627382928
1261075334289596424,negative,0.009775327720377376
1261075334386106368,negative,0.015892843905014893
1261075337519104001,negative,0.12883665883393897
1261075337695330305,negative,0.028113605619477358
1261075337888190464,negative,0.0013400261220316034
1261075337963802624,negative,0.0005754522088537776
1261075337968062470,neutral,0.4428523725631238
1261075338093871116,negative,0.006065593459550218
1261075338353954817,negative,0.13878157949550915
1261075338362314754,negative,0.037236173360743904
1261075338383241216,negative,4.548769609944681e-06
1261075341671641104,negative,0.0007702066775379207
1261075341931675649,negative,0.00015984899349716177
1261075341990387717,negative,0.0003335770457416692
1261075342304972805,negative,0.036866956471005
1261075345513611277,negative,0.043365500876251815
1261075345521983491,negative,0.0009134455133979125
1261075345769287681,negative,0.0012702819179254076
1261075346037899264,negative,0.01827245644725621
1261075346218258432,neutral,0.39147442169176677
1261075346285383680,negative,0.006940930650709414
1261075346364993536,neutral,0.6326761927832771
1261075346503471104,negative,0.07537872374807475
1261075346507481088,negative,0.15816818678033132
1261075349854720011,neutral,0.47669008658475526
1261075350001459209,negative,9.023444099511509e-05
1261075350215446529,negative,7.969729778177112e-05
1261075350534193157,negative,0.1649992114892044
1261075350550913024,negative,0.077028194103853
1261075350789947392,positive,0.9999522397900397
1261075351234416641,negative,0.1778149764371775
1261075353797353472,positive,0.812321066392638
1261075353889656832,negative,3.6179337623499138e-09
1261075353973526529,neutral,0.5036957299918283
1261075353990074368,negative,0.042521880375141874
1261075354061385729,negative,0.19136225586613317
1261075354313244674,negative,0.06312908047920136
1261075354447462406,neutral,0.6110646386613314
1261075354535460864,positive,0.9861011637651593
1261075357949661184,negative,4.9349108023046594e-05
1261075358226558980,negative,0.11771884879379194
1261075358297849856,negative,1.2957744229287851e-07
1261075358440357891,neutral,0.5532435009921873
1261075358796873728,negative,0.048241543308295554
1261075359069593604,negative,0.0829358063617889
1261075359656816643,neutral,0.5560976398329908
1261075359837171714,neutral,0.49744535975844434
1261075359916863489,neutral,0.5160255720563555
1261075362366267392,negative,0.031906291684652775
1261075362462814210,negative,0.16326750309691065
1261075362471182336,negative,4.1275865319484365e-12
1261075362588561408,negative,0.019235269701504933
1261075362945142785,negative,0.03548178564333209
1261075363129630720,negative,0.013019240115387862
1261075363561705472,negative,5.058840754400475e-05
1261075363674812416,neutral,0.3635933136830058
1261075366661296128,negative,0.003245223152281303
1261075366740975617,negative,0.08775545253800286
1261075366854242304,negative,0.010554549143264032
1261075367147773954,negative,1.625294053679137e-05
1261075367487569926,negative,0.00026647291485239335
1261075367596564480,negative,0.3265012058294093
1261075370964647941,negative,0.00127916812967785
1261075371363098631,negative,0.004652211087400809
1261075371736403970,neutral,0.49485223050927546
1261075371845455873,negative,0.0984274236571511
1261075372017418241,positive,0.9983300695538909
1261075372017422341,negative,0.2862692039324887
1261075374886223873,negative,0.0006430317737287878
1261075374932480002,negative,0.005838364445689231
1261075375037255681,negative,0.00012315396021975652
1261075375129583617,negative,0.3107281742138744
1261075375255322629,negative,0.009303524507197462
1261075375322550272,negative,0.05160719624340106
1261075375536443392,negative,0.2411855436839906
1261075375653781504,negative,6.42916826032642e-08
1261075375741902848,negative,0.21996643663899276
1261075375762833412,negative,3.422402642872353e-05
1261075375821672448,negative,0.04980017307388959
1261075379009224706,negative,0.0022397849988438114
1261075379013455875,negative,0.10136817657635594
1261075379076370433,negative,0.2616794982847924
1261075379374211072,positive,0.9999536701404287
1261075379537707008,negative,0.22460963247639856
1261075380334518273,negative,0.098139030602426
1261075380590596098,positive,0.8841893396324214
1261075383845347328,negative,0.26752648272963153
1261075383996342274,negative,1.4904407706234132e-07
1261075384042434566,negative,0.18204977686812365
1261075384185106433,negative,0.19335072302585207
1261075384390479872,negative,0.12980490875745337
1261075384545816577,negative,0.004136123701116316
1261075384554057729,negative,0.18856353244689064
1261075387515363328,negative,0.0023089331932337515
1261075387666366466,negative,6.766948907044678e-07
1261075387930628100,negative,0.001552503226207808
1261075388257746945,negative,0.0033235440912776706
1261075388593307650,negative,0.007490200650882637
1261075391571247104,negative,0.043284493982836465
1261075391743242246,neutral,0.4605782003473769
1261075391780999171,negative,0.001898798929743257
1261075391906750465,negative,0.1626375337701904
1261075392288436226,negative,0.025671014387180738
1261075396050726912,negative,0.014484647706696418
1261075396403040264,neutral,0.33250757190484137
1261075396428214272,neutral,0.48728019602140255
1261075396960886785,negative,0.004014432526452868
1261075400010203137,positive,0.6870835320075056
1261075400257568769,negative,0.13697026410678237
1261075400383332352,negative,0.008270098402387807
1261075400496689158,negative,0.0002873399348658876
1261075400853196801,negative,0.002961311291306646
1261075401008447488,negative,0.2774010218227071
1261075401348186112,negative,8.109971320353681e-05
1261075401377447937,negative,0.0011602414113314142
1261075401734053888,negative,0.0005852148518853576
1261075404951076864,negative,0.21656401232843772
1261075405043359744,negative,0.05393139608404876
1261075405542494214,negative,0.25240178974297883
1261075408109395969,neutral,0.4204190317913396
1261075408814039040,negative,4.636271066882551e-06
1261075408826630145,negative,1.7910748772541437e-05
1261075409048940555,neutral,0.36595818820433196
1261075409204019204,negative,4.4810002277228586e-08
1261075410017595392,neutral,0.5496234661379426
1261075412572127233,negative,7.398029387919605e-11
1261075412949635077,negative,0.004014432526452868
1261075413020835843,neutral,0.4127970566826956
1261075413230653440,negative,0.07756456784850768
1261075413872377859,negative,0.018379409371761322
1261075414027468802,negative,0.01960502389655823
1261075414233030656,negative,0.0012866810261745931
1261075417752121344,negative,0.09997281641887326
1261075417907302400,negative,0.043763808483039505
1261075417932410885,negative,1.625294053679137e-05
1261075418121035776,neutral,0.5485783211135326
1261075418121150464,positive,0.8807674133208021
1261075418205085702,negative,6.161956918425958e-09
1261075421501755392,negative,0.030378365817921665
1261075421514391553,neutral,0.5090399315511033
1261075422453936130,negative,0.008482317272295911
1261075425473826816,negative,0.03878714923512132
1261075425738006530,negative,0.2661003462958067
1261075425763233793,negative,0.0009822574282143956
1261075425893154825,negative,0.003618869155013082
1261075425926750216,negative,5.357561521096048e-07
1261075426191040512,negative,0.0003047895361423454
1261075426216235008,negative,0.057034703905651254
1261075429663875075,negative,0.11028799369871288
1261075429831716864,negative,0.2518687553856284
1261075429907193858,negative,0.017847449013692746
1261075433459798016,positive,0.7137379200521787
1261075433984057349,negative,0.0635076638724724
1261075434017566720,negative,0.0004615994277316352
1261075437683462144,negative,0.0028197616534701626
1261075438027358208,negative,1.6398320312366587e-06
1261075438136365057,negative,0.23427666213852763
1261075438291554305,negative,0.015149540967005963
1261075438971105282,negative,0.0002539145357565615
1261075442464886786,positive,0.8247903258364436
1261075442515218434,negative,1.625294053679137e-05
1261075442699730944,negative,0.1210149300971072
1261075446898348034,negative,0.1615367029670512
1261075446973771782,negative,0.013723830045691011
1261075447657398272,negative,0.19335072302585207
1261075447711805442,negative,0.2637902495418069
1261075450308235266,positive,0.9887333309239609
1261075450689773570,negative,0.086777777803099
1261075451566489602,negative,0.005703867720910202
1261075454980734976,negative,9.545265307769664e-05
1261075455542808579,neutral,0.6326761927832771
1261075455895109632,negative,0.0002579111068604164
1261075455941251078,positive,0.7077950270868482
1261075458814177280,negative,0.10154946387876924
1261075459099332608,negative,1.0242097854530649e-05
1261075459531517953,negative,0.24326453446290092
1261075459594428423,negative,0.18132793982199852
1261075463130230785,negative,0.245694082506712
1261075463151259650,negative,0.00333683890266529
1261075463323160585,negative,0.06827922717892232
1261075463952367617,negative,0.021058380263997072
1261075464338247680,negative,0.009637184536399434
1261075467794296833,negative,0.004706957242230743
1261075468339511298,negative,0.245694082506712
1261075471414034433,negative,5.9279907058121075e-06
1261075472059752448,negative,0.24923306564351497
1261075472345190400,positive,0.9594402973965862
1261075475767705601,negative,0.22362849854816838
1261075475939700742,negative,0.06827922717892232
1261075476237426689,negative,0.22640024780077897
1261075476472377354,negative,1.01985313764302e-07
1261075476694646786,negative,0.09537127316698366
1261075476786958336,negative,0.00041883058047706423
1261075476967231495,negative,0.005403860670970316
1261075479731359756,negative,0.0006633155899294128
1261075479752331269,negative,0.2532042252888044
1261075480079466497,negative,2.294487975567694e-05
1261075480561754112,negative,0.07655398446566994
1261075483812298752,negative,0.012938571666340555
1261075484395237377,negative,0.010554549143264032
1261075484860755971,negative,0.007011356292442779
1261075485066477568,negative,8.519617428816104e-05
1261075489092927488,negative,0.18132793982199852
1261075489197875200,negative,2.294487975567694e-05
1261075489206255618,negative,0.2685711445694575
1261075493173878784,negative,5.8632180809175964e-05
1261075493354340352,negative,0.052317444487015266
1261075496487587840,negative,0.026593891674311834
1261075497016070147,negative,0.17981243860897433
1261075497062187008,negative,2.294487975567694e-05
1261075497213202432,negative,0.03759356923697154
1261075497380909063,neutral,0.49789225920557484
1261075497645154306,negative,0.16917686307763757
1261075500606332928,negative,0.005546600703944719
1261075500954419201,negative,0.0790568657680525
1261075501130625026,negative,0.01915812214238469
1261075501709430784,negative,0.01299392123367539
1261075501969440768,negative,0.09713183362045447
1261075505392103424,negative,0.00024843901983699146
1261075505777762304,negative,0.0010181387258389623
1261075505975099393,negative,0.0007544988372025122
1261075509313585152,negative,0.0026581426826843358
1261075509972283392,negative,0.20048351688082472
1261075510051864579,neutral,0.5220402502892152
1261075510131666948,negative,0.1872433744277917
1261075510374825984,negative,0.008302569369791887
1261075510425255938,negative,0.0025560379871046885
1261075510551076870,negative,0.001015782712010595
1261075510634962945,neutral,0.43010935300609193
1261075513206099971,negative,0.10783411405587198
1261075514346942477,negative,0.12100128755273665
1261075514468564992,negative,0.05393139608404876
1261075514481090560,negative,0.24839328972192398
1261075514598526976,negative,0.002961311291306646
1261075514900525057,negative,0.03251246731493584
1261075515085119491,negative,0.001898798929743257
1261075517417144321,positive,0.6774024187612661
1261075517782056966,negative,0.020309639746558923
1261075518314643456,negative,0.026784119200150634
1261075518939684869,positive,0.7614259266590937
1261075522076979201,negative,0.001898798929743257
1261075522349654016,negative,0.00014567012873294673
1261075522475433984,negative,0.03288107100228126
1261075522597109760,negative,0.0013026884711882071
1261075522983022592,negative,0.00686544520039225
1261075526011088898,negative,0.00040499912303347297
1261075526585913356,negative,0.010554549143264032
1261075526833377280,negative,0.07038180670255602
1261075526845894658,negative,0.011377371988216796
1261075527047225344,negative,0.003713972209110417
1261075527298883593,negative,0.010554549143264032
1261075529974890496,negative,0.02225863420532979
1261075530008473600,negative,0.011985703199090734
1261075530016854018,negative,0.018513915147400077
1261075530398523393,negative,0.001815254946408618
1261075530734022656,neutral,0.3318228626708164
1261075530847305732,negative,0.0022252954633792815
1261075532835422209,negative,0.00793849628949258
1261075534311755777,negative,0.010825604910041722
1261075534592610305,neutral,0.39018204696982317
1261075534630486016,negative,0.03581540048996962
1261075534643105794,negative,0.0954890779049442
1261075534710267904,negative,0.21280585774289323
1261075535297417226,negative,1.1811481208372816e-06
1261075535427485696,neutral,0.5242070063032754
1261075535490437127,negative,5.805102219103736e-09
1261075535645544448,negative,0.00631982707567158
1261075538422235136,negative,0.055210057200825134
1261075538820685824,negative,0.07621078363212667
1261075538954924033,negative,0.005092623892669123
1261075539122630659,negative,0.025527589564474408
1261075539126898694,negative,0.03156432747399167
1261075539751624704,negative,0.0014004648440097216
1261075542591385601,negative,5.8632180809175964e-05
1261075542687784965,negative,0.00044360297686311804
1261075542981443584,negative,0.0773172724679999
1261075543002353666,negative,0.005778622350824506
1261075543136636931,negative,0.30133375536008383
1261075543174365184,neutral,0.35119527102927156
1261075543203680256,negative,0.0019402776777819905
1261075543560261640,neutral,0.4276072023135459
1261075543996403712,negative,0.051309749396945555
1261075546798043136,negative,0.06809762581072988
1261075547074985984,negative,0.003618869155013082
1261075547301515280,negative,0.3029968537174699
1261075547917963264,neutral,0.5136446707795853
1261075548132048899,neutral,0.3702954252343909
1261075548287229954,negative,4.613882931504774e-05
1261075550975770624,positive,0.8836689799486624
1261075551101599744,negative,0.03658541031055229
1261075551118336000,negative,0.00018300656230383844
1261075551281872897,positive,0.8794400731486101
1261075551500013568,negative,0.0002605597527524996
1261075551726551041,negative,2.140328551703383e-06
1261075551726567424,negative,0.0530156405495414
1261075551856611335,neutral,0.49789225920557484
1261075551961440256,positive,0.700122285818738
1261075552074694657,neutral,0.3702954252343909
1261075552338837504,negative,0.014220121115351585
1261075552548474880,positive,0.7052682233724544
1261075552590532608,negative,2.415039716255702e-19
1261075552703840259,negative,0.005212129705679147
1261075555492954112,negative,0.0216205790151023
1261075555534934017,negative,0.028201507200028852
1261075555895697414,negative,0.09921745621957537
1261075556168355842,negative,0.0014835570421181082
1261075556189327360,negative,4.548769609944681e-06
1261075556583473159,negative,0.0456617425482107
1261080026205818880,negative,5.9959983123339275e-05
1261080026436567041,negative,0.00038942459215321354
1261080026705002496,neutral,0.44154773672246683
1261080026847621122,negative,0.004635876243800295
1261080027384418305,negative,0.28022467314234967
1261080027875205120,negative,0.004855976914412125
1261080030123343872,neutral,0.4615558114404658
1261080031058636802,negative,3.0801271147538576e-07
1261080031369007105,negative,0.31200169848274484
1261080031373262848,negative,0.017869039521266995
1261080031511617539,negative,0.06499582681813074
1261080035395584001,negative,1.010735098154527e-05
1261080035441639439,negative,1.0878040574340998e-08
1261080035827597318,negative,0.11496631159935798
1261080035907317772,positive,0.9954294912710123
1261080035915698176,positive,0.762708579301029
1261080039220805632,negative,0.03300010628498713
1261080039245914113,negative,0.13482811494955396
1261080039254306819,negative,0.007347780079711144
1261080039610859521,negative,0.0020208556635159802
1261080039728316423,negative,0.06270069593974188
1261080039778652160,positive,0.8780244660211094
1261080039808020487,negative,0.004078651694856543
1261080040055373824,negative,0.09569205375635381
1261080043075313666,negative,0.002961311291306646
1261080043201146886,negative,0.0162339659121926
1261080043356327941,negative,0.0003307246250016788
1261080044212031488,negative,0.0017303360462561995
1261080047676465154,negative,0.0033403012484930425
1261080047793905666,negative,0.17254174996881744
1261080048485965830,negative,0.002019739994790087
1261080048725082113,negative,0.2622439662463701
1261080048741822466,negative,0.005991037631792754
1261080048762789888,positive,0.9336608896927749
1261080051619151874,negative,0.09258674921589585
1261080051661111296,negative,0.19724674137593387
1261080052583862282,negative,0.03759356923697154
1261080052818681856,negative,0.0013180666280685424
1261080056392298498,neutral,0.5258630689473026
1261080056669102085,negative,0.0834800784471925
1261080056719454209,positive,0.9861011637651593
1261080056929177601,negative,0.0005226295360865039
1261080057080098823,neutral,0.40485177752233803
1261080057180717058,negative,0.02589981524950632
1261080059844136960,positive,0.9654190877885409
1261080060561244160,neutral,0.49789225920557484
1261080060779347975,negative,0.032525517357854646
1261080060855029765,negative,0.07215406619326199
1261080061123362816,negative,0.00012549028387124904
1261080061341548546,positive,0.8685831157660973
1261080064143298561,negative,0.004635876243800295
1261080064185307146,negative,3.3148431728374284e-06
1261080064306839554,negative,0.001449783185214022
1261080065141551107,negative,0.0012155474307648834
1261080068429721601,negative,8.14671803923411e-05
1261080068790595585,negative,0.303247851754368
1261080069235228673,negative,0.028778937698218876
1261080069260394498,negative,0.030312881225347532
1261080069352587265,negative,0.006767942693815138
1261080069503680519,negative,0.011060725339617423
1261080072695492608,negative,0.0069193453875400854
1261080073454706693,negative,0.08627630286299684
1261080073572057090,negative,0.25471937942274525
1261080073702080520,negative,5.9371732490088934e-05
1261080077309300738,negative,0.05823629081281241
1261080077451825159,negative,0.0013797797449647605
1261080077573459974,negative,0.01599525660490881
1261080077720313858,negative,0.005464308395389653
1261080077951021063,positive,0.7226324118673846
1261080078211076096,negative,0.20359220552712073
1261080080744316934,negative,0.1913620992948721
1261080080782168066,negative,0.1913620992948721
1261080080928976901,positive,0.9852719764277243
1261080081184800770,positive,0.9324209004469726
1261080081474170888,negative,0.21759425755204576
1261080081595871237,negative,0.00621010348613444
1261080081923006464,negative,0.07865779733058727
1261080082296291328,negative,0.16642505145034722
1261080082426195968,negative,0.004014432526452868
1261080085123207168,negative,0.027811881977864026
1261080085634965511,neutral,0.4867593970310931
1261080086075387904,negative,0.28022467314234967
1261080090085134337,negative,0.22695080687392644
1261080090357702661,negative,0.00042779088584217565
1261080093386051592,negative,3.890154755249749e-12
1261080094447149056,negative,0.00846482764529057
1261080098847023104,negative,0.030307962610318345
1261080101875261440,negative,0.0018726747015986765
1261080102290575360,negative,0.0019651543843128656
1261080102370238464,negative,0.0024504624632584455
1261080106249981958,negative,1.3252688118568639e-05
1261080107063574529,negative,0.00011112170390300673
1261080107092975618,neutral,0.48439634580644964
1261080107160141824,positive,0.8676506159425117
1261080110301577218,negative,0.00017672578557480377
1261080110461071361,negative,0.18608466503753784
1261080110599491591,neutral,0.49789225920557484
1261080114437201921,negative,0.0010436565671373417
1261080114873458690,negative,0.000723601582511672
1261080115363975169,negative,0.3075770994707437
1261080115452219396,neutral,0.4324053746267678
1261080118992285696,positive,0.796568418807775
1261080119076163584,negative,1.0697331284892911e-06
1261080119835312130,negative,0.02734971161305225
1261080123459227648,negative,0.024445932837761787
1261080123748556801,negative,0.0003335770457416692
1261080126982422531,negative,0.003620801161130841
1261080127066292224,negative,0.0016244481520802086
1261080127187943424,negative,1.744069843740652e-06
1261080127347331072,negative,0.0020663411990008624
1261080127355707394,negative,5.54364475488487e-05
1261080127611469824,positive,0.8411785779995248
1261080127884136453,neutral,0.5136446707795853
1261080127968096256,negative,0.000574156236390307
1261080128186200065,negative,1.957769961057667e-11
1261080131591974912,negative,0.016155368547919546
1261080131629715456,negative,0.0030219446026518836
1261080131944284161,negative,0.034850854515690456
1261080132183302144,negative,0.10621342427844126
1261080135475826690,negative,0.02035194485444292
1261080135505149952,negative,0.009635110315967137
1261080135861665793,neutral,0.35365295362854143
1261080135949787137,negative,0.0006775074219692587
1261080136708997120,negative,3.235788854481019e-05
1261080136847327233,negative,0.0004615994277316352
1261080139712073728,negative,0.12626399535261731
1261080140026691586,negative,5.346122766200741e-07
1261080140538404864,neutral,0.33804814486335605
1261080141012316160,negative,0.2637579695066656
1261080141117165568,negative,3.236248935259232e-06
1261080142107095049,negative,0.0007242368182389171
1261080143969255424,negative,0.01030974359809605
1261080144153849857,negative,0.131531449432431
1261080144443301889,negative,0.07283388978142248
1261080144757895169,neutral,0.367474829391244
1261080145135390730,negative,0.04806312686579951
1261080148209795072,negative,0.007461335298435487
1261080148637618182,negative,0.0005918503658934132
1261080148683689986,negative,0.011550573536646585
1261080149027704832,neutral,0.4727708392140666
1261080149065433099,negative,0.013318043123453714
1261080149157699592,neutral,0.3996580091506196
1261080149279363075,negative,2.0668213514281948e-07
1261080152114704391,negative,0.0011318312072782636
1261080152269783040,negative,0.009927454973309656
1261080152534126592,negative,0.026491946850051917
1261080152538218496,negative,0.024815689814783232
1261080152802557953,negative,0.2791081622670688
1261080156560658432,neutral,0.3858680182916954
1261080157143605253,negative,0.0041116548020005824
1261080157269430274,negative,6.828352597853713e-05
1261080157462413313,negative,0.0023214876003854407
1261080157659545602,negative,0.2942703269035874
1261080157965737984,negative,0.0281629802890357
1261080157969952769,negative,0.00047283543426639206
1261080158146105348,negative,0.19800930734579564
1261080160633335812,negative,5.4616026135378055e-05
1261080160872411136,negative,0.031906291684652775
1261080160922677249,negative,3.317583382518905e-05
1261080161232891905,negative,0.15096037626519904
1261080161576980487,neutral,0.349110184827107
1261080161820303361,negative,0.21656401232843772
1261080161925070849,negative,8.426771339320727e-09
1261080162139070465,neutral,0.49789225920557484
1261080164953468928,negative,1.5091631505874052e-05
1261080164978634754,negative,0.15322430129899578
1261080165070917632,negative,0.0003918792305451177
1261080165460869121,negative,0.0006465986567538004
1261080165657919489,negative,3.163597505229349e-05
1261080165725200384,negative,0.020877034466718777
1261080166618578949,negative,0.12126993318127535
1261080168921280518,negative,0.28022467314234967
1261080169151954944,positive,0.8401154641959865
1261080169202286593,negative,1.1612270481937925e-05
1261080169416187905,negative,0.30121776913298387
1261080169588064256,negative,0.0023994335211848217
1261080169877581824,negative,0.03218960661813443
1261080169957085184,negative,6.6513254006703325e-06
1261080170452201472,positive,0.812321066392638
1261080173052678147,negative,0.0031493228392303527
1261080173115572224,negative,0.16642505145034722
1261080173702766599,negative,0.027325408812880158
1261080174407438336,negative,0.001734465095076725
1261080174524801025,negative,0.08824791728758484
1261080174587715586,negative,0.16852127163723027
1261080177347637248,negative,3.0395570302189517e-07
1261080177523798017,neutral,0.49789225920557484
1261080177616072704,negative,0.022789565092024087
1261080177850941442,negative,0.0020150123678805416
1261080177897099266,negative,0.00011348498969040842
1261080178035433474,neutral,0.4393101850869295
1261080178396139520,negative,0.006996638370415051
1261080178861752321,negative,7.398029387919605e-11
1261080178970763264,negative,0.20974710711800815
1261080178974789632,negative,8.459568259477798e-06
1261080178983346183,negative,0.00043268277621397405
1261080179000082432,negative,0.021298495884448643
1261080181072003072,negative,1.270067196306634e-09
1261080181877477377,negative,0.0007658791999783897
1261080181910966272,negative,5.086803706234062e-05
1261080181944573964,negative,1.7281855737360364e-07
1261080182519222274,negative,0.021298495884448643
1261080182624043009,neutral,0.49789225920557484
1261080182951227394,neutral,0.45183764869823795
1261080183160832001,neutral,0.49789225920557484
1261080185862082560,negative,0.00029147435928935733
1261080185945886727,negative,1.010735098154527e-05
1261080185950044162,negative,0.1420168038230158
1261080185983688704,negative,0.02766733454951689
1261080186000465920,negative,0.08149199676540379
1261080186067529728,negative,0.05346345977739676
1261080186105270274,negative,3.1938735020757733e-06
1261080186201784322,negative,1.4327137815950948e-05
1261080186323435521,negative,1.625294053679137e-05
1261080187153920000,negative,0.09566897722783892
1261080190173708288,negative,0.00770084772690414
1261080190282801153,negative,0.0001494501374897846
1261080190299619328,neutral,0.35365295362854143
1261080190454816770,neutral,0.49789225920557484
1261080190488371201,negative,0.013088318038781514
1261080191100575745,negative,0.004759404654389538
1261080191293628421,negative,0.0012360332784193575
1261080191432118274,negative,0.003250642238705798
1261080191444623360,negative,0.002350348273223552
1261080191474044935,positive,0.9594402973965862
1261080194133176324,negative,0.2361399242109468
1261080194414239750,negative,4.237748835678683e-09
1261080195517296640,positive,0.892303511194296
1261080195559239686,neutral,0.3666851852981065
1261080195752222720,negative,0.0834800784471925
1261080198352703488,neutral,0.4370320031839063
1261080198956580865,negative,0.004652211087400809
1261080199044759555,negative,0.10370168474182592
1261080199359168512,neutral,0.392708762976668
1261080199443238919,negative,0.00020867830408921562
1261080202546987012,neutral,0.49789225920557484
1261080202597326848,neutral,0.5615601581543098
1261080202995793921,negative,2.999343092245241e-05
1261080203310379008,negative,0.00782070513249228
1261080203427635200,negative,0.003151921213626022
1261080204283449346,negative,4.712579046647293e-06
1261080206774861827,neutral,0.409114109669092
1261080206892130306,negative,0.0987236673929037
1261080206913220613,negative,0.06696303936280534
1261080207366262784,negative,0.0062214706889238336
1261080207420723200,negative,0.04536895380760097
1261080207957598210,negative,7.017678811961761e-07
1261080208297332736,neutral,0.5136446707795853
1261080210969149442,negative,1.3571915957213e-05
1261080211057229825,negative,0.001759536327395771
1261080211631767559,neutral,0.5524146818102899
1261080212353286150,negative,0.11945710604163225
1261080212491681798,negative,0.0002579111068604164
1261080215368892417,negative,0.20909545023625334
1261080215452880897,negative,0.010554549143264032
1261080215821987840,negative,0.19072649699378552
1261080215947796481,negative,0.01878280806689247
1261080215993933832,negative,0.0021782399911821114
1261080219680681994,negative,0.005271607849966734
1261080219852644353,negative,2.294487975567694e-05
1261080220460818438,negative,0.03222901828959321
1261080223489163270,negative,0.0004016854859317501
1261080223526924297,negative,9.092050878338204e-07
1261080223665328128,negative,0.010446668621907173
1261080223715659778,negative,3.939417798959377e-06
1261080223975706633,negative,0.001550970012493988
1261080224047017984,negative,0.04450632732153679
1261080224286064640,negative,0.003618869155013082
1261080224596398082,negative,3.638772216599015e-05
1261080224994922496,negative,5.6182752541548074e-06
1261080227670876161,negative,0.1371641729138705
1261080227679215618,negative,0.17157579434888542
1261080231701622784,negative,0.01124715202226471
1261080232066457600,neutral,0.525350081947406
1261080232519401473,neutral,0.49789225920557484
1261080233136082949,negative,0.09932435804132303
1261080233412788232,negative,0.09112061889980158
1261080233425481728,negative,1.9139925995647148e-07
1261080236071976961,negative,0.0015150649276696212
1261080236197806080,negative,0.12242468086777311
1261080236646707200,negative,0.2675697355814983
1261080236764147713,negative,0.3010256227654854
1261080236965462016,negative,0.13840079572499814
1261080237053554696,negative,0.014112658342552821
1261080237460254720,negative,0.20117799632220945
1261080237506519043,negative,5.962596000532642e-06
1261080240765501443,neutral,0.5655148187929904
1261080240786456576,negative,0.00041654919207117624
1261080240958263298,negative,0.0019411181610205727
1261080241138814977,neutral,0.4116471447300191
1261080241193222145,negative,0.08646396328732533
1261080241667219459,positive,0.9997040187562849
1261080244317908992,negative,0.23115301116207237
1261080244376629249,negative,0.05393139608404876
1261080244854886402,negative,0.1421995973203724
1261080245089828873,negative,0.055151103109519865
1261080245244960776,negative,0.002961311291306646
1261080245807058949,negative,0.002961311291306646
1261080248633917446,negative,0.17107998462297838
1261080248738816001,negative,0.2042517137896546
1261080249091178498,negative,0.05212853767114251
1261080249128808449,negative,0.03668344457314586
1261080249493790720,negative,0.17275537554513754
1261080249892126720,neutral,0.33113200015936756
1261080250206826498,positive,0.8379215795679424
1261080252937375744,negative,0.0009649124002700664
1261080253000278016,negative,0.0024446274015499985
1261080253532954624,negative,0.008970864562230904
1261080253830750208,negative,0.00012549028387124904
1261080253889490945,positive,0.8310866263666253
1261080256892604419,negative,0.054857933062889906
1261080257446240261,negative,0.11012102731986594
1261080258293489667,negative,0.20909545023625334
1261080258461282304,negative,0.042037914297306585
1261080258729652227,negative,0.03532765229258071
1261080261518929921,negative,0.08627630286299684
1261080261749624832,positive,0.9007175247972627
1261080262462619650,positive,0.7307227494125816
1261080262848512000,negative,0.1872433744277917
1261080262911418373,negative,0.008362045635287215
1261080265755066368,negative,2.294487975567694e-05
1261080266031972353,negative,0.20412149710064223
1261080266845704202,negative,0.22404076628698474
1261080269810999298,negative,0.004965546681180916
1261080275850756098,positive,0.9997927334066906
1261080275905372160,neutral,0.49789225920557484
1261080278132559873,negative,0.0031493228392303527
1261080278308544513,negative,0.03484359644971148
1261080282419134465,negative,0.00014173242334284149
1261080283463536641,negative,0.08627630286299684
1261080283853529088,negative,0.00013058044914393874
1261080283916521473,negative,7.398029387919605e-11
1261080286550347777,negative,0.1863722686393168
1261080286743408640,positive,0.8152707241501324
1261080287615676417,positive,0.8827585983578559
1261080287708090373,neutral,0.6069909959625839
1261080287783653377,negative,0.1872433744277917
1261080287901081606,neutral,0.46127768308170247
1261080291155697664,negative,0.21686721119302732
1261080291478773763,negative,0.004032134566231082
1261080291910746115,positive,0.9230442989789612
1261080291986178049,positive,0.7306012613944252
1261080292049158150,neutral,0.3766528937383577
1261080295056584705,neutral,0.49789225920557484
1261080295866011648,negative,0.00501940990017347
1261080298990731266,neutral,0.6180347204653925
1261080299074707456,negative,0.002451627725406524
1261080302967029762,negative,0.018588598971709423
1261080303914962944,neutral,0.5496678701602578
1261080307215802372,negative,0.10433972238859765
1261080307748548609,negative,7.398029387919605e-11
1261080307836608514,positive,0.79642788713846
1261080308805484544,negative,0.08627630286299684
1261080311695368192,negative,0.04189894424316266
1261080311884120064,negative,0.07756456784850768
1261080312123133952,negative,0.004404164926161911
1261080312404156417,negative,3.685362254435753e-10
1261080312802656257,neutral,0.3996580091506196
1261080313037500417,positive,0.926514386715155
1261080316313296897,negative,0.0003388756249742489
1261080316640407557,negative,0.002121510478036092
1261080317177335810,negative,0.0011087476300223643
1261080317521276930,negative,0.045613323732029414
1261080319853297666,negative,0.005249968852847719
1261080319970639872,negative,0.012974739061449116
1261080320566321155,negative,0.0012702819179254076
1261080321048616960,negative,0.10737922745576456
1261080321354850304,negative,0.019498611453387934
1261080324513189889,positive,0.9944791050081849
1261080324584493056,negative,0.0035460518727269486
1261080325511434253,negative,4.617564657487609e-05
1261080328933867522,negative,0.04277285639332306
1261080329198227462,negative,0.2615659123587456
1261080329265336322,negative,0.1608803919365838
1261080329521160198,negative,0.00012697506139555223
1261080331941183489,neutral,0.573528744176982
1261080332889133056,negative,0.004111563945207006
1261080333858017281,negative,0.04307570522395765
1261080334004781056,negative,0.003713972209110417
1261080336689016832,negative,0.3233432492405055
1261080337020604416,negative,0.010272531348191099
1261080337364516867,negative,0.18096128115817206
1261080337435803653,negative,0.033543569789999936
1261080337620389894,negative,0.010554549143264032
1261080337809059842,negative,0.027325408812880158
1261080337855197193,negative,0.07803984867708978
1261080338169724929,negative,0.001093573533383159
1261080340917092355,negative,0.0007543814455865357
1261080340992491520,negative,0.2065674039165463
1261080341177131008,neutral,0.39148555583824224
1261080341546250246,positive,0.7307227494125816
1261080341722337280,positive,0.9007175247972627
1261080342116564993,negative,1.0365186271634195e-05
1261080342267650054,negative,0.0012155474307648834
1261080342741618689,negative,0.03313639318146659
1261080345048494080,negative,0.2942703269035874
1261080345111379969,negative,0.0010623664512196508
1261080345241432064,negative,0.13795507463988288
1261080345644072961,negative,0.010030761736080833
1261080346394718208,negative,0.00019393681922450943
1261080346717716480,neutral,0.49789225920557484
1261080346906550275,negative,0.020108271804337614
1261080347531530240,negative,0.001175362030024948
1261080349272047618,negative,0.22362849854816838
1261080349406302215,negative,0.15821911725267293
1261080349511213066,negative,0.023631963636974288
1261080349611884545,negative,0.09491047662794296
1261080349620256771,negative,0.010503119169525175
1261080349960032258,neutral,0.49789225920557484
1261080350278680576,negative,0.025652074156351463
1261080350421327872,negative,0.014897498085772492
1261080350987517952,negative,0.0017764886027568751
1261080351096659970,negative,3.4337086468924505e-06
1261080351193120773,negative,0.010719365921644153
1261080351243468804,positive,0.9657221512008964
1261080353755799559,negative,0.03299988820987437
1261080354670153728,negative,0.0011602414113314142
1261080354775015424,positive,0.8611453162667554
1261080354854666241,negative,0.020877034466718777
1261080355039313923,negative,0.1376503753785203
1261080355253243904,negative,0.00010115870211186405
1261080357937577985,negative,1.7133676551468538e-05
1261080358461640704,negative,0.0021574781233085973
1261080358797393920,negative,8.383015589954611e-05
1261080362576379905,negative,5.9435452156065684e-05
1261080362651959296,positive,0.9843207855999067
1261080363260092427,negative,0.03722915151823218
1261080366057693184,negative,0.05608653430336689
1261080366351183872,positive,0.7759058789271049
1261080367014051841,negative,5.8234807035764895e-05
1261080367274098689,neutral,0.47282409566604394
1261080367450243079,negative,0.0063689948996041345
1261080370285555712,negative,0.006940930650709414
1261080370298130438,neutral,0.5582121602773369
1261080370688274432,negative,0.0004403088986680908
1261080370734403587,negative,0.10308896748178487
1261080370906365954,neutral,0.39368841650289776
1261080371376119814,negative,0.0001499734616391093
1261080371489378305,negative,9.62232911786301e-05
1261080371539718144,neutral,0.33454078969952894
1261080374794477569,negative,0.13482811494955396
1261080374819487744,negative,0.09387925478331303
1261080375151022080,negative,0.04792512787381064
1261080375268343808,neutral,0.5735294531537379
1261080375364734976,positive,0.9823926583897303
1261080375528390657,neutral,0.5637307582714336
1261080375645831168,negative,0.005910827527191072
1261080375729762310,negative,0.00012734267109165587
1261080375792676865,negative,0.01731397612777996
1261080375817895937,negative,0.00016238673451385348
1261080375822073859,negative,0.11163628395678196
1261080378640674816,negative,9.176565106678928e-05
1261080378703581189,positive,0.8585164241022634
1261080378716143616,negative,0.0002579111068604164
1261080378942554113,negative,0.004382102488265311
1261080378959433729,negative,3.944413047992183e-07
1261080379148156928,negative,0.0513410771134898
1261080379622150152,positive,0.7982933623037924
1261080379630518272,negative,0.25047865076371006
1261080382818172929,negative,0.000635743175293811
1261080382843301890,negative,0.11945710604163225
1261080382910484484,negative,0.0013127302030827319
1261080382935629825,negative,0.06696303936280534
1261080383380246529,negative,0.05161679918082319
1261080383589888000,positive,0.9576765494281486
1261080383703130115,negative,0.00012734267109165587
1261080383753502720,negative,0.0074953683205328655
1261080383820640256,negative,0.13280232570430037
1261080383887740936,negative,0.009635110315967137
1261080385003433984,negative,0.00455301755416844
1261080386844704770,negative,0.005387530604467076
1261080387301842948,negative,0.006479944257174713
1261080387419332608,negative,0.024358488649443566
1261080387742203904,negative,0.007491478377407189
1261080388044304384,neutral,0.49364280210148453
1261080388459520001,positive,0.6715381011740298
1261080392163037185,negative,0.3030326019878415
1261080392414748674,negative,0.003952731347362238
1261080392582475778,negative,0.009141893535151387
1261080392683175936,negative,0.11082750303815647
1261080392695713793,negative,0.30405704969007014
1261080395631730693,negative,0.029459536728637815
1261080396386783232,negative,0.0189187771174377
1261080396428718081,negative,0.002961311291306646
1261080396474744833,negative,0.007760697430112886
1261080396512595970,neutral,0.41197611594388195
1261080396642562049,negative,3.7955277419423886e-06
1261080396730519552,negative,0.00031958392409414584
1261080397099737089,negative,6.659720140728044e-15
1261080397196263424,neutral,0.5524146818102899
1261080399347884032,negative,2.9707676594274624e-09
1261080399494688776,positive,0.803053149309858
1261080399805112321,negative,5.564665110763293e-05
1261080400027402247,negative,0.0954890779049442
1261080400136474627,negative,0.010554549143264032
1261080400341938209,negative,0.006479944257174713
1261080400413315073,negative,0.2954147815686688
1261080400652374020,negative,0.3020135550609068
1261080400765616133,negative,6.0658385923762444e-05
1261080401201766404,neutral,0.40164566407707886
1261080401268727808,negative,0.04307842612707615
1261080404070739973,negative,0.01164575147169654
1261080404091523073,neutral,0.42394469686680314
1261080404171382789,negative,0.16778110775874125
1261080404557041667,negative,0.003067236102699437
1261080404943081474,negative,0.017617514987840997
1261080405052137474,positive,0.958921312958823
1261080405307994113,negative,0.004097156102542661
1261080408239857665,negative,0.16625507404718293
1261080408336326666,negative,3.343700396773575e-11
1261080408772534274,positive,0.8785330464920974
1261080409619795973,negative,0.20879313726175877
1261080409632366592,negative,0.06499582681813074
1261080412249640960,negative,0.0014173389471305033
1261080416846479362,negative,0.00884813976007674
1261080417131773957,negative,0.16003979964489545
1261080417609879554,negative,0.002144050096462465
1261080418016731138,neutral,0.44203421560871836
1261080418260058114,negative,0.01967036180517848
1261080420071792641,negative,0.0009649124002700664
1261080420646629380,positive,0.7866962046776981
1261080420948426752,negative,0.002747209974911546
1261080421443547138,neutral,0.5673088443926794
1261080421468647424,neutral,0.38242422460819425
1261080421774888960,negative,0.3107281742138744
1261080421963632641,negative,0.11867293609116614
1261080422059962368,negative,0.0009731933122653255
1261080424769560576,negative,0.0030736471127859994
1261080424916361216,negative,0.0036798053977947732
1261080425088389130,negative,0.0008219331144770507
1261080425377796096,negative,0.0008658808987767491
1261080425965015041,negative,0.010554549143264032
1261080429513375754,negative,0.08516584502375532
1261080429542739969,negative,1.9161249910284806e-07
1261080430024982529,negative,0.0484302486766727
1261080430226427914,neutral,0.44203421560871836
1261080430343852034,negative,0.03221773702120485
1261080433418174464,negative,0.002961311291306646
1261080433611231233,neutral,0.49789225920557484
1261080433955090434,negative,7.398029387919605e-11
1261080434223579136,positive,0.7550459889354691
1261080434290671617,negative,0.0003307246250016788
1261080435066654722,negative,0.01164575147169654
1261080437994201088,positive,0.6748186763400095
1261080438061166592,negative,0.24285125148240888
1261080438229041157,negative,0.154792136554527
1261080438346403840,negative,0.2945911720623878
1261080438510161923,negative,0.0014651130071526221
1261080438690504705,negative,0.0025884959706312305
1261080439009292289,negative,0.027055274996891015
1261080439151890432,negative,0.0834800784471925
1261080441982984198,negative,0.005991037631792754
1261080442368860160,negative,0.3107281742138744
1261080442628907008,negative,0.04577324453094635
1261080443031601152,negative,1.2437363215031143e-06
1261080445825024000,negative,0.019195853329971355
1261080446273814529,neutral,0.4276797431372587
1261080450291978242,negative,0.14467146663109032
1261080450514259969,negative,0.0246891842246241
1261080451005001730,negative,1.7758470268395025e-06
1261080451063721985,neutral,0.3499352441185855
1261080454213632000,negative,0.0834800784471925
1261080454435872770,negative,0.032276928488314274
1261080454507216902,negative,0.027325408812880158
1261080454666620933,negative,0.02163285519072621
1261080454674952192,negative,0.003919366193384156
1261080454863695874,negative,0.0005918503658934132
1261080454989578244,negative,0.058598518511997724
1261080455622713344,negative,0.0032857416731980993
1261080458550484994,negative,0.10621342427844126
1261080459540402177,negative,0.09418697584256756
1261080460035264515,positive,0.731718064304516
1261080462883278849,neutral,0.3499352441185855
1261080467316629506,negative,0.018416809761382893
1261080467467571203,negative,0.039290569651869264
1261080467719282688,negative,3.22978952328617e-05
1261080471276052484,negative,0.012785143666859554
1261080472509186053,negative,2.937731193181124e-07
1261080475109601286,neutral,0.4269166223901308
1261080475415842818,negative,0.004799368581725476
1261080475487084544,positive,0.9985971868711024
1261080476057513992,negative,0.00038396526801278276
1261080479454937089,negative,0.03512653258020097
1261080480641941504,negative,0.024721494302958932
1261080480889409537,negative,0.0162339659121926
1261080483510829056,negative,0.0004923936218461759
1261080484165103624,positive,0.9245017444548247
1261080484248944641,negative,8.37597395451969e-05
1261080484655890432,positive,0.9861011637651593
1261080487843500032,negative,0.15608988195228896
1261080487856164865,negative,0.11050739101581093
1261080488028123136,negative,0.00012874189824471497
1261080489126965248,neutral,0.5203156260653066
1261080492167720960,positive,0.701619187954771
1261080492280971264,negative,0.05269492681935627
1261080492914421761,negative,0.0006430317737287878
1261080493019275266,negative,0.1576357861527654
1261080493312872449,negative,0.22362849854816838
1261080493350694916,negative,2.14143052051071e-05
1261080493371654144,neutral,0.5220402502892152
1261080496089554944,negative,0.0024555738448919858
1261080497268101122,negative,0.010237795289823676
1261080497406578692,negative,0.04423461986393317
1261080497561784321,negative,0.287610323351882
1261080497628856320,negative,7.017678811961761e-07
1261080500002869249,negative,0.18132793982199852
1261080500296392704,negative,0.00022092287154127464
1261080500891942916,negative,0.007491478377407189
1261080501336621057,negative,5.8632180809175964e-05
1261080503743995904,neutral,0.49789225920557484
1261080504532643840,negative,0.08829893440639093
1261080505472233472,negative,2.285976017193799e-06
1261080505753178113,positive,0.9861011637651593
1261080506088730638,negative,0.0005286950728341189
1261080506365550592,negative,0.0790568657680525
1261080508714430465,negative,0.00443867098267663
1261080509712654336,negative,0.2073487953071735
1261080513059516416,negative,0.0003267326151724483
1261080513466507267,negative,0.013505533100283736
1261080514104119297,positive,0.8205326862176766
1261080514330611712,negative,2.780345556005576e-06
1261080514573807624,negative,0.1022166537016999
1261080517602095104,negative,0.001681700862130394
1261080517639909381,negative,0.024172347938695455
1261080517652492299,negative,0.004014432526452868
1261080518218612737,negative,0.02738948852743254
1261080521389617161,negative,6.781853661845459e-07
1261080522186461190,negative,0.004072296486164904
1261080522614243328,negative,0.11172281048987337
1261080522635333632,negative,1.0716690447452453e-10
1261080525617446918,negative,0.24837716469200102
1261080525856440320,positive,0.9770836924529664
1261080525948805120,negative,0.06888037167078082
1261080526057865227,neutral,0.34049358552720455
1261080529706684416,negative,0.06353810735290814
1261080530566762497,negative,0.0684069275987494
1261080530910498816,negative,0.020249888730854218
1261080531032256514,neutral,0.3766528937383577
1261080531120336902,negative,0.00020124941903075643
1261080533909585923,negative,0.000635743175293811
1261080534035378180,positive,0.9566605266541124
1261080534161162246,negative,0.0010758360789133125
1261080534211530753,negative,0.14430499685716233
1261080534534492162,negative,0.10912991596920602
1261080535805448197,negative,1.946973579076968e-05
1261080538577862656,positive,0.8867137226380322
1261080539123122182,negative,0.07279594289298937
1261080539311767555,negative,6.781853661845459e-07
1261080539479539712,negative,0.0005425348222994636
1261080542239428611,negative,0.2390626899470967
1261080542407245827,negative,1.2783594419293162e-05
1261080543132868616,negative,1.625294053679137e-05
1261080543132880898,negative,0.004014432526452868
1261080543304843264,negative,0.04774048573896156
1261080543342575617,negative,0.010120232477805993
1261080546391678976,neutral,0.4889489023271898
1261080546534457347,negative,0.003618869155013082
1261080546777628675,negative,0.15821911725267293
1261080547234738178,neutral,0.6387765042918215
1261080547335397376,negative,0.03451311343165271
1261080547461398528,negative,0.2618185234608026
1261080547725541377,negative,0.13758947866148286
1261080550598758402,negative,0.0001769932663724741
1261080551085277184,negative,0.14430499685716233
1261080551139749892,negative,6.800852156146622e-05
1261080551290810368,negative,0.07413545857167232
1261080551663874048,negative,0.0003401625127457416
1261080551714443264,negative,0.010385612005117013
1261080551722749953,positive,0.9835925004215557
1261080551752192000,negative,0.1913620992948721
1261080551970279424,negative,0.0011602414113314142
1261080554738520065,negative,0.159319034836003
1261080554767822848,negative,2.0917080919999318e-06
1261080554914689026,negative,1.85567397551751e-06
1261080555531186182,negative,0.06967499314271368
1261080555988357122,negative,0.0797871844905
1261080556697120768,negative,0.007491478377407189
1261080556797919232,negative,2.0917080919999318e-06
1261080559725318144,negative,0.20879313726175877
1261080560027475968,negative,0.0023435235621278986
1261080560220413952,negative,0.07891332884724853
1261080560480464897,negative,0.1667716453547901
1261080563177476101,negative,2.5529340962563412e-05
1261080563307417605,negative,2.5092237748260415e-09
1261080563538169856,positive,0.9633894245446962
1261080563605266433,negative,0.19731840969612646
1261080563919794176,negative,3.1543583528709306e-05
1261080564045676544,negative,0.0015551117128797865
1261080564087562242,negative,0.0003749083576348535
1261080564343472128,neutral,0.5556866927953724
1261080564351696896,negative,4.270247495584254e-06
1261080564528041985,negative,0.004951945841102771
1261080567401123844,neutral,0.5220402502892152
1261080567472406530,negative,0.04179748941601812
1261080567480832001,neutral,0.34212779492080586
1261080567698857986,negative,2.5786783328320864e-06
1261080568009236480,negative,0.004093973900217857
1261080568126566401,negative,0.05084336822487208
1261080568143454208,negative,0.0008357567830512079
1261080568839766021,negative,0.01299392123367539
1261080568902582280,positive,0.9861011637651593
1261080569062076416,neutral,0.636125775154275
1261080572543348741,negative,0.01794899797668254
1261080572631408641,negative,0.07713228875676913
1261080572820172801,negative,6.781853661845459e-07
1261080573214445571,negative,0.001230009858910155
1261080576028749824,positive,0.7147380791204048
1261080576079138816,neutral,0.39380171261414226
1261080576171409410,negative,0.029353000555146246
1261080576179781633,negative,0.0007702066775379207
1261080576448233472,negative,7.846259341188759e-05
1261080576519557125,negative,0.0008456815967770603
1261080577089974274,negative,0.024512253805249438
1261080577211596816,negative,0.0018983314201658037
1261080577245151238,negative,0.005932303761011043
1261080577471586306,negative,0.036866956471005
1261080579950497793,negative,0.11945710604163225
1261080580080439298,neutral,0.3702954252343909
1261080580504125440,negative,0.05491616941244134
1261080580520804352,negative,0.0015160842106354282
1261080580588023810,negative,0.018763594332051353
1261080580885811207,negative,0.1988868884752821
1261080580994842629,neutral,0.49789225920557484
1261080583050010630,negative,5.008413910654826e-07
1261080583444316160,negative,0.0059999733374761005
1261080584400646147,negative,0.00020867830408921562
1261080584509685763,negative,0.0021840451689237143
1261080584580993027,negative,0.00025566520245754116
1261080588687007744,negative,0.021579334064281083
1261080589815472129,negative,9.447063949010606e-10
1261080592457883648,negative,0.00048324163401256595
1261080592680181760,negative,3.895687860828505e-09
1261080592709570561,negative,9.74881459506766e-05
1261080592839565313,neutral,0.4053799134260241
1261080593196093449,negative,0.00038293330458670494
1261080593300885505,negative,0.02143112724760225
1261080593300938752,negative,0.0007658791999783897
1261080593321930759,negative,0.002252759592758711
1261080593481306112,negative,0.0009822574282143956
1261080593850392580,negative,0.015201914855800094
1261080593892327428,negative,3.8856729336405006e-05
1261080595683254272,negative,0.19724615924741964
1261080595804782592,negative,0.006750897491106544
1261080597251981313,negative,0.02981061939976046
1261080597381943298,negative,0.1856248775199841
1261080597407072256,negative,0.2756676658265441
1261080597960765449,negative,0.013303797159401765
1261080598581407744,negative,0.011837492728535683
1261080601123328001,negative,1.625294053679137e-05
1261080601446268929,neutral,0.4740602713963294
1261080601668575233,negative,0.0005418169270050583
1261080602192773120,neutral,0.4609387356816365
1261080602205454336,negative,0.10437134729845735
1261080602339684357,negative,1.6331019532291786e-07
1261080605711794188,positive,0.9195370575698356
1261080605753774080,neutral,0.48313070292431554
1261080609214128131,negative,0.0012470468947884338
1261080609394475009,negative,0.0003518494512636856
1261080609641938944,positive,0.987897978081879
1261080609696481285,positive,0.836232579504432
1261080609750790144,positive,0.6860972293175988
1261080610040352771,neutral,0.35119527102927156
1261080610241753090,negative,0.007936940596042894
1261080610480762889,neutral,0.47367526412529243
1261080613576040449,neutral,0.392708762976668
1261080614415015937,negative,0.31617114876833163
1261080617787314177,negative,4.4084655113940376e-15
1261080617820794880,negative,0.003618869155013082
1261080618080907265,negative,0.0006844376230855539
1261080618579918848,negative,0.027111970972622926
1261080618760318976,negative,0.02734971161305225
1261080619041292288,neutral,0.5468881707710602
1261080619267706880,negative,0.009218213525240526
1261080622044459013,negative,2.67442758161818e-06
1261080622593740802,neutral,0.5505550505941735
1261080623227305988,neutral,0.40191824782101304
1261080623562842112,neutral,0.5711200639153521
1261080626217791488,neutral,0.3996580091506196
1261080626624704512,negative,0.27292421987320603
1261080626905714688,neutral,0.48347789059196755
1261080630693068800,positive,0.6748186763400095
1261080630902902785,negative,0.05192555114783404
1261080631326519298,negative,0.03525964020669123
1261080634224771079,negative,0.05111283667026669
1261080634501533698,negative,9.275715323592634e-09
1261080634581114880,neutral,0.38383032976483267
1261080634589614086,negative,2.147551206409598e-07
1261080635176890368,negative,0.0014173389471305033
1261080636032507909,positive,0.7265916055404313
1261080638976917504,neutral,0.40396342287728565
1261080639115276291,neutral,0.6464719040973205
1261080639870296065,negative,0.01631380372057105
1261080640071622656,negative,0.28022467314234967
1261080640155529219,negative,0.00038293330458670494
1261080643385077760,negative,0.0005240912805982745
1261080643389325314,neutral,0.49789225920557484
1261080643921993728,negative,0.006572825796544683
1261080644018462730,negative,0.06092120754071586
1261080644630671360,neutral,0.4795850754409164
1261080647130546182,negative,1.0361178590651043e-05
1261080647411662848,negative,0.1517018064394216
1261080647428440066,negative,3.7088365780800236e-05
1261080647831097345,negative,0.22695677829506164
1261080647877251073,negative,0.2840219610484545
1261080648107917315,negative,0.20061316274484892
1261080648128909312,negative,0.1872433744277917
1261080648493793280,negative,0.002961311291306646
1261080651513593860,negative,0.1351646716363962
1261080652897607680,negative,0.04270653839536465
1261080656072912896,neutral,0.49789225920557484
1261080660950876170,negative,0.16625507404718293
1261080661038755840,positive,0.9861011637651593
1261080664151130112,negative,0.012566339319315705
1261080664419557377,negative,0.012952087896134746
1261080664583090176,negative,0.2535088435685834
1261080665136795650,negative,0.04315775907375985
1261080669603663872,negative,6.612516936916907e-10
1261080669821812736,neutral,0.4737554465528978
1261080673730748416,negative,0.0003131799678566137
1261080673835720705,negative,0.05372232606555741
1261080676893417473,negative,0.05510042518961309
1261080677379948555,negative,0.020398453891586673
1261080677400883206,negative,0.2382669582645585
1261080677476438017,neutral,0.49789225920557484
1261080677887459333,negative,0.04536895380760097
1261080678034178049,negative,0.08627630286299684
1261080680336896000,negative,0.20508661312634155
1261080681049964545,positive,0.9788831332207611
1261080681670758401,negative,0.15420378754421535
1261080681964359680,negative,0.21686721119302732
1261080682098569216,negative,6.550125174769347e-06
1261080685168771073,negative,0.0022554106451823895
1261080685231702019,positive,0.7950453882984932
1261080685571452935,negative,0.010554549143264032
1261080685680513026,negative,0.020133747918721995
1261080685705641987,negative,0.012445605254959422
1261080686057918464,negative,0.016878275510005317
1261080686406053890,negative,0.0009837363505299992
1261080686452183048,negative,0.001158719236933988
1261080689283391489,positive,0.935660655866982
1261080689623130113,neutral,0.49789225920557484
1261080689694343168,negative,0.0005914295862602645
1261080689891594249,negative,0.0010420119330624242
1261080690118008835,negative,0.00856520062263418
1261080690566840321,negative,0.007491478377407189
1261080693456674816,negative,0.00012734267109165587
1261080693607731200,negative,0.002650849998287701
1261080693918105602,negative,0.12257904940742644
1261080693930672134,neutral,0.483617762324243
1261080693955858434,negative,0.0162339659121926
1261080697470664709,negative,0.004277543668574376
1261080697730748422,negative,0.010554549143264032
1261080698653474816,negative,0.10612863100887614
1261080702076010498,negative,0.0006515101347053958
1261080702256214016,negative,0.0829358063617889
1261080702537400320,negative,0.1576357861527654
1261080702654844934,negative,0.0010758360789133125
1261080702717702146,neutral,0.5244791875624429
1261080705922142212,negative,0.004014432526452868
1261080705993445377,negative,0.1643614674755463
1261080706098311171,neutral,0.5596510547498965
1261080706345828352,negative,0.00010603633327842012
1261080706668802048,negative,0.0003396866133706301
1261080710342864896,negative,0.2760663096426017
1261080710661767170,neutral,0.48071095117219587
1261080710883966979,negative,0.0022397849988438114
1261080710988914689,neutral,0.49789225920557484
1261080710993018880,negative,0.00020867830408921562
1261080711022379016,negative,0.0246891842246241
1261080711072751617,negative,0.027325408812880158
1261080714180800517,negative,0.003989272199968921
1261080714222723075,negative,0.05316989678914631
1261080714864242688,negative,0.010548046489917001
1261080716143742980,negative,0.013228587700276765
1261080716386938881,negative,5.7849477154965016e-05
1261080717703995393,negative,0.00031763579604318686
1261080718756765696,negative,0.0013023033912187981
1261080719851491342,negative,7.398029387919605e-11
1261080720228773888,negative,0.008840319862405103
1261080722682662914,negative,0.3029968537174699
1261080723617964038,negative,0.0013346156755125913
1261080727229206534,negative,0.004635876243800295
1261080727443079169,negative,0.31167321375915125
1261080727648710657,negative,0.008273996442184241
1261080731507449862,negative,0.0001932941929737121
1261080731863977984,negative,0.015759949015164806
1261080731964649478,negative,0.0024583773368814033
1261080732094664711,negative,1.2212664445432396e-06
1261080732111376384,negative,0.32142082171287656
1261080732149198854,negative,0.3162488284042739
1261080732241473539,negative,0.24999857946126175
1261080732400668673,negative,0.0002636078572771582
1261080735408099330,positive,0.7685674895837741
1261080736188203012,negative,0.29063585791036006
1261080736238575617,neutral,0.49789225920557484
1261080739606663169,negative,1.010735098154527e-05
1261080739795406848,negative,0.012267341390321169
1261080740101591040,negative,0.02734971161305225
1261080740395188224,negative,0.10963940193439523
1261080740537798670,positive,0.9654190877885409
1261080740999069697,negative,0.00127916812967785
1261080743771541507,neutral,0.44718859704321334
1261080744274862082,negative,0.007942105302098266
1261080744493027329,negative,5.854900523838392e-07
1261080744618872833,positive,0.9974084233241708
1261080747789647873,negative,9.023444099511509e-05
1261080747869450240,negative,0.037582432817283164
1261080748012036103,negative,0.2777032825191732
1261080748074905600,negative,1.0716690447452453e-10
1261080748255305728,negative,0.0834800784471925
1261080748469166083,neutral,0.44858162004847424
1261080748951560195,neutral,0.6170344053338821
1261080752114073601,negative,0.00011348498969040842
1261080752248274944,negative,0.00014173242334284149
1261080752613142534,neutral,0.5521729585144395
1261080752667742208,positive,0.7702347462092689
1261080752822902784,negative,0.035268989752067235
1261080752873254914,positive,0.9633894245446962
1261080752906809344,negative,0.013997509485914755
1261080753120710658,negative,0.0009513934019320345
1261080753141661699,negative,0.01114667925806501
1261080756090286080,negative,0.0060930728816902344
1261080760309682176,negative,0.0033891052483966512
1261080760339005440,negative,0.1089038919014092
1261080760435564546,negative,0.16007044937678755
1261080760943104001,negative,0.11113681270110316
1261080761307987975,negative,0.0002152519209407525
1261080761479938053,negative,0.21104275695208993
1261080761492529152,neutral,0.5939986779822981
1261080761496674306,negative,0.00015244751441035687
1261080761614110720,negative,0.009141893535151387
1261080761760976899,negative,0.12243167434614567
1261080764466290689,negative,0.25279948277424164
1261080765267349505,negative,0.003618869155013082
1261080765292515340,negative,0.015575306350939769
1261080765820997632,negative,0.03525964020669123
1261080768765460480,negative,1.27323381486789e-05
1261080768945815554,negative,0.2686823552260047
1261080769176494083,negative,0.004635876243800295
1261080769239416834,negative,0.011834520769462453
1261080769323315207,negative,1.6019772657417197e-05
1261080769486880770,negative,0.043796115037704315
1261080769566572550,positive,0.8310866263666253
1261080769587564551,negative,1.793855864711482e-05
1261080769801396224,negative,0.06442196639094223
1261080769839144963,negative,1.625294053679137e-05
1261080769960857603,negative,2.6513564856341925e-09
1261080770170535936,negative,0.1319196154970597
1261080770388557827,negative,0.022963101278868435
1261080772955570176,negative,0.15322430129899578
1261080773731516418,negative,0.004796083790645583
1261080774209605640,positive,0.7287103252345474
1261080774318739456,negative,0.0013026884711882071
1261080774863917064,negative,0.14104435762376835
1261080777321852928,neutral,0.4393101850869295
1261080777929957376,negative,0.003151921213626022
1261080777992929283,negative,2.3293599748942223e-07
1261080778252877827,negative,0.05161679918082319
1261080778768879617,negative,0.0005226295360865039
1261080778852700160,negative,0.06696303936280534
1261080781302247435,positive,0.7881919253169378
1261080781394329605,negative,0.06264495440836211
1261080781432279041,negative,0.052317444487015266
1261080781490982912,negative,9.22540463523063e-11
1261080782606667777,neutral,0.5661148955583963
1261080782732312579,negative,0.10905452754410802
1261080782883479553,negative,1.6649543132287832e-05
1261080785681027073,neutral,0.49789225920557484
1261080785781751808,negative,0.07910688318586129
1261080785924378626,neutral,0.35931922818604534
1261080785953656834,neutral,0.5083252673625444
1261080786016616452,negative,0.0003024765162551233
1261080786461241344,negative,4.162792045472192e-06
1261080786712899586,negative,0.00014173242334284149
1261080786742251520,negative,0.0019820606293284113
1261080789808185344,negative,0.03602003751026866
1261080789976076292,negative,6.800852156146622e-05
1261080790227615747,negative,0.03818452333473022
1261080790387036167,neutral,0.4053799134260241
1261080790395310081,negative,0.001230009858910155
1261080790521257984,negative,0.0018921155129841222
1261080790567436296,neutral,0.533226038444671
1261080790726782977,negative,0.04154831492020648
1261080791104323587,neutral,0.43505800571671444
1261080794141011969,negative,0.0014500128948266573
1261080794195472389,negative,3.719756365773661e-08
1261080794203815937,negative,0.06812191462879134
1261080794254192647,positive,0.8127393354730089
1261080794262581248,negative,0.008424436512622466
1261080794329726982,positive,0.9990202410932149
1261080794363297793,neutral,0.35443322697517066
1261080794589810691,negative,0.0012155474307648834
1261080794715566081,negative,0.0002025755177163367
1261080794845544448,negative,6.923692319897548e-06
1261080795227328514,negative,0.00026710759844679677
1261080795277668353,negative,1.8861118253145646e-05
1261080798624649216,neutral,0.6464719040973205
1261080798767321089,negative,3.7447981762679185e-06
1261080802546327552,negative,0.0006515101347053958
1261080802625871872,neutral,0.4001698017243347
1261080802663768065,negative,0.00025566520245754116
1261080803636903938,negative,0.0352952498830695
1261080806707146760,negative,7.645902363677262e-16
1261080807927681026,negative,5.6704507185501025e-06
1261080808275804160,negative,0.0016403381289822106
1261080812172316673,negative,0.00687869352742778
1261080814831493121,negative,0.0389241481188212
1261080814911193088,negative,0.00232100785074468
1261080815204786176,negative,2.932531095620965e-06
1261080815888478209,negative,0.10302493434489811
1261080816056184833,negative,0.002961311291306646
1261080819201970176,negative,0.31314498795199536
1261080819545919489,negative,0.00621010348613444
1261080819684257799,negative,0.009141893535151387
1261080819927408640,negative,0.00623824210704239
1261080819948494849,negative,0.00030065342621553884
1261080820468666370,negative,0.016639623501075274
1261080820560941058,negative,4.6310394153713643e-07
1261080823266189315,negative,0.1301933235452015
1261080823991656448,positive,0.8402226795728336
1261080824704831489,negative,0.0001019961695275448
1261080824918814721,negative,0.0002532492763742897
1261080828324360192,negative,0.0036798053977947732
1261080829108850689,positive,0.9998026573675747
1261080831596126210,neutral,0.3734886429250822
1261080831961042944,neutral,0.4580667345779014
1261080832174886914,negative,0.14467146663109032
1261080832506281988,negative,0.13327946622571724
1261080832762142720,negative,0.2013893054282698
1261080832820813824,neutral,0.43016227623201214
1261080836084060160,positive,0.9999820101381977
1261080836180508672,negative,0.08646396328732533
1261080836788518913,negative,0.058761204476708656
1261080837140840448,negative,0.00013967430289555435
1261080839993143302,negative,3.501511996050386e-05
1261080840785854471,positive,0.6990458540894394
1261080841167437824,negative,0.003618869155013082
1261080841427529731,negative,0.0791691022623264
1261080841536536576,negative,0.0018983314201658037
1261080845617631237,negative,8.95174658669591e-05
1261080846301384704,negative,0.06499582681813074
1261080848474005505,negative,0.08819771397680025
1261080848503365632,positive,0.6696015632147259
1261080848591446018,neutral,0.49789225920557484
1261080848905973760,negative,0.22396263971669256
1261080848998244352,negative,0.0006462289911478917
1261080849526796289,positive,0.9922798603199409
1261080853003882496,negative,2.329614052118569e-06
1261080853301493760,negative,5.473339817402083e-05
1261080853515587584,negative,0.0008102148911653431
1261080854392160256,negative,0.15255320072981543
1261080856795455498,negative,0.004014432526452868
1261080857110032389,negative,5.814285299981941e-05
1261080857114112001,negative,0.00012734267109165587
1261080857466613761,negative,0.00012874189824471497
1261080857483370498,neutral,0.49789225920557484
1261080857735049217,negative,0.0002640571674857539
1261080857856573441,negative,0.00621010348613444
1261080857953144833,negative,0.02904531871219863
1261080861090480131,negative,0.004288124513384394
1261080861786677248,negative,0.006080442237806901
1261080862030004224,negative,0.19583182108537914
1261080862264832000,negative,0.0001598593193030598
1261080862403244037,negative,0.32233576444041573
1261080865200910337,negative,0.0040784155198392074
1261080869357453314,negative,0.0001263605174919113
1261080870632542214,negative,0.00468068349552889
1261080874688425986,neutral,0.49789225920557484
1261080875107856384,negative,0.058598518511997724
1261080875229491200,negative,0.03899987559572416
1261080877855125505,neutral,0.39186697957209043
1261080878026981376,negative,0.00012874189824471497
1261080878446501890,negative,0.006287247041412716
1261080878920478721,negative,0.15664486325342897
1261080883622285315,neutral,0.4670892574836724
1261080886482796546,negative,2.6579467791516424e-05
1261080887128731650,neutral,0.6464719040973205
1261080887132905477,negative,0.000688257550121232
1261080890404470785,negative,0.02585563411411013
1261080890567884801,negative,0.03500968366794684
1261080890752618497,negative,0.19519280951139015
1261080891247546369,neutral,0.5220402502892152
1261080891289468931,negative,0.17743360221381224
1261080894523224069,negative,0.0004985439393650309
1261080895622176768,negative,0.00042457030983824353
1261080895777357826,negative,1.0878040574340998e-08
1261080895865438209,negative,0.02734971161305225
1261080895940853763,negative,0.011393402135437117
1261080898855985152,negative,0.01631380372057105
1261080899443142656,negative,0.0028787086176640065
1261080899451604992,negative,2.294487975567694e-05
1261080899896201219,negative,1.4112608307756196e-10
1261080904358903815,positive,0.7077950270868482
1261080907445874689,negative,0.04675167198232182
1261080907529805824,negative,0.003599502224337888
1261080907743662082,negative,0.10154946387876924
1261080907764686848,positive,0.926514386715155
1261080907911294976,negative,0.010719365921644153
1261080911560552455,negative,0.006247078809103264
1261080913057898497,neutral,0.35365295362854143
1261080915964559361,negative,0.06141502852634318
1261080916719435776,negative,0.07113954447919095
1261080919907205120,positive,0.7265916055404313
1261080920423096321,negative,0.022484967738385386
1261080923870765058,negative,7.792768517970053e-07
1261080924114096135,negative,0.10423129046954621
1261080924344770562,negative,2.5553266707453625e-05
1261080928706756608,negative,8.013333605459368e-15
1261080928929091584,negative,0.1872433744277917
1261080929348530179,neutral,0.33804814486335605
1261080929721868295,negative,0.016046273943048524
1261080932347514883,negative,0.1872433744277917
1261080932427145217,negative,0.00019841211574277878
1261080932620124161,negative,5.8632180809175964e-05
1261080932641050624,negative,0.004806399997354591
1261080932922068992,neutral,0.49789225920557484
1261080932926316550,negative,0.013569537092354469
1261080933488345093,neutral,0.6464719040973205
1261080933807128577,negative,0.06809762581072988
1261080936491495425,negative,0.00037090943042196933
1261080936516591619,negative,0.02520006099918706
1261080937397235712,neutral,0.4269166223901308
1261080937489674242,negative,0.005703867720910202
1261080937997238272,negative,0.07947020078184386
1261080940555538432,negative,0.30820559393181235
1261080940673208327,negative,0.16778110775874125
1261080941776318465,negative,6.658134243199739e-10
1261080941843361792,negative,0.027325408812880158
1261080941893545989,negative,1.808535042809632e-10
1261080941918896129,positive,0.7265916055404313
1261080941998587904,negative,8.14671803923411e-05
1261080942111862789,neutral,0.42394469686680314
1261080944439590919,negative,0.006770392175523465
1261080945056243712,positive,0.952381784023203
1261080945177661440,negative,0.08862176838202514
1261080945224028166,negative,1.4291988580755358e-08
1261080945584558080,negative,0.22362849854816838
1261080946411012096,negative,1.4063495364214812e-07
1261080949212745728,positive,0.8402226795728336
1261080949359611905,negative,0.32956787533783866
1261080949619666945,negative,1.169421296008764e-05
1261080949716115458,positive,0.9684694689741756
1261080950399594496,negative,0.024686356915091082
1261080950399737858,negative,0.0007093673604596786
1261080950781423617,negative,0.009232147506659362
1261080953755176961,negative,0.13646644678237144
1261080954417930241,negative,0.00023289984427522653
1261080954594111488,negative,0.002252759592758711
1261080957605511168,negative,0.00015174418344254977
1261080957802684416,neutral,0.35365295362854143
1261080958368956418,negative,0.0014835570421181082
1261080958419316737,neutral,0.3744386741387965
1261080961636347907,negative,0.2258690526856962
1261080961879609347,negative,0.005334999979030344
1261080962265423872,negative,0.010554549143264032
1261080962345074690,negative,0.1872433744277917
1261080962760355840,negative,0.16625507404718293
1261080962965876736,negative,0.16555414069649504
1261080963087339520,negative,0.008918252179945133
1261080966090625024,negative,0.000723601582511672
1261080966136836097,negative,0.0028193304773264836
1261080966547664896,negative,0.0829358063617889
1261080966564634629,negative,0.25047865076371006
1261080966996439041,negative,0.07502527764982109
1261080967076352003,negative,0.0001076618496006159
1261080967395135489,negative,0.023445868007608093
1261080970033270785,neutral,0.6266636191686873
1261080970142367744,negative,0.17672755989941588
1261080970335326209,negative,0.0530156405495414
1261080971295756290,negative,0.0012155474307648834
1261080974345080835,negative,3.895224351666302e-06
1261080974454149126,negative,0.00046304804431785746
1261080974546305026,negative,2.2377579498073216e-09
1261080974965854208,positive,0.7043588903019451
1261080975196463106,negative,0.11113681270110316
1261080975590797316,negative,5.237010403306905e-06
1261080975754301441,negative,0.05321170147490122
1261080978493263872,negative,3.5735452133914065e-05
1261080978812010496,negative,0.000862948722383773
1261080979927695361,negative,0.0008012323572580617
1261080982867738624,negative,0.0002636078572771582
1261080983354380289,negative,0.005703867720910202
1261080983438348288,negative,1.3252688118568639e-05
1261080983786278912,negative,0.06519404520597853
1261080984075808768,negative,0.0005616547290130262
1261080986894336000,negative,0.21920514593804336
1261080987275915266,negative,1.701817647521177e-05
1261080987431251974,negative,2.7549691406718286e-06
1261080987569618945,negative,9.40273815974533e-09
1261080987938762752,negative,0.029408586268227156
1261080988320497666,negative,0.00038293330458670494
1261080991080333313,negative,0.25047865076371006
1261080991097065472,negative,0.28022467314234967
1261080991407517697,neutral,0.39182142695745936
1261080991420092417,neutral,0.49789225920557484
1261080991508172802,negative,0.1734661270845593
1261080991537520643,negative,0.1576357861527654
1261080991566708736,negative,0.05699087532217048
1261080992384720897,negative,0.010554549143264032
1261080995194904577,neutral,0.49789225920557484
1261080995501158401,negative,0.01446902568642852
1261080995769565186,negative,0.0019820606293284113
1261080996553900038,negative,0.0530156405495414
1261080996675543044,negative,0.3107281742138744
1261080996738285569,neutral,0.36286127438462
1261080997069807617,negative,0.0008219331144770507
1261080999405985799,negative,0.013974828934767583
1261080999527677952,negative,0.04650418889436939
1261080999783432192,negative,0.006022784023619108
1261081000110624769,negative,0.01681241589718545
1261081000366551041,negative,0.009239420257180605
1261081000748167170,negative,0.0014835570421181082
1261081001062793216,neutral,0.39552260812334594
1261081001134108685,negative,0.19519280951139015
1261081003751333889,neutral,0.6113005919619151
1261081003818442760,negative,0.006020922879451593
1261081003935875072,negative,0.012830617121573573
1261081004778950658,negative,0.04312421495671867
1261081008193093634,negative,0.0012360332784193575
1261081008595705859,negative,0.21183185844498956
1261081008838979587,neutral,0.41442583369455643
1261081012844457984,negative,0.0384160410283412
1261081013049978880,neutral,0.4124488904153207
1261081013125595137,neutral,0.40485177752233803
1261081013234565120,negative,0.03181996012110792
1261081013263925252,negative,3.1724241206015587e-07
1261081013800898561,negative,0.01973368090186911
1261081017714126850,negative,0.025846597538894227
1261081020226568192,negative,0.20818785289827982
1261081020570443784,negative,0.13098675761965456
1261081021031813120,negative,0.10995972295048481
1261081021153492997,negative,0.027111970972622926
1261081021358968833,neutral,0.46127768308170247
1261081025163255810,negative,0.0025534288148424166
1261081025175859201,negative,4.3567044235696844e-10
1261081025259753475,neutral,0.49789225920557484
1261081025783967745,negative,0.012011280841689943
1261081026182471681,negative,0.06811964617060251
1261081033241513984,positive,0.8461445102717727
1261081033585373187,negative,0.1797552040600138
1261081037565825030,negative,0.23115301116207237
1261081037679071234,negative,0.004097156102542661
1261081038031409153,negative,1.3242509156408477e-12
1261081038249504768,negative,0.0008046049454557047
1261081038635388932,negative,0.002961311291306646
1261081041936285696,negative,0.23733087836435407
1261081042179457024,neutral,0.5723244097522945
1261081042733146112,negative,0.004014432526452868
1261081042993254403,negative,0.0006437585357529266
1261081045534830593,negative,5.136501698784683e-08
1261081045832814593,negative,0.05840540636089486
1261081049855070209,negative,0.00031273443001195286
1261081049867653122,negative,0.19316951990380332
1261081050731761665,negative,0.08910662259491726
1261081054489673728,negative,1.9626976210619738e-05
1261081058935623685,negative,0.00020256670258912715
1261081062475792385,negative,0.209175981571028
1261081062517682179,neutral,0.5315025225330297
1261081063910146049,negative,0.0005286950728341189
1261081066607083522,negative,0.16472503820338158
1261081066653310978,neutral,0.39169207858067884
1261081071074058240,negative,5.550919606261724e-05
1261081072135266305,negative,0.01124715202226471
1261081075079675906,negative,0.10612863100887614
1261081075289374720,negative,3.522247796520814e-06
1261081075310374912,negative,0.059406929953972426
1261081076350550021,negative,0.00013058044914393874
1261081079890444291,negative,0.2742463832894165
1261081080020467716,negative,0.020006679044400646
1261081080175656963,negative,0.01052423206977576
1261081080389685251,negative,0.19519280951139015
1261081080985276416,negative,0.1712631610276334
1261081081035599873,negative,2.294487975567694e-05
1261081084562944005,negative,0.02149914293905412
1261081084911026177,negative,0.006780256948263223
1261081087456968705,positive,0.9214485625813473
1261081087549243392,negative,0.2659387160401671
1261081088568569856,neutral,0.3996580091506196
1261081088597929990,negative,0.031906291684652775
1261081088753008640,negative,0.2762865303491929
1261081091743547400,negative,0.0002579111068604164
1261081091793989632,negative,0.015458194793780697
1261081092309712896,positive,0.9430085908837678
1261081092460855296,negative,0.006187404787646395
1261081092536315904,negative,0.021876841222629593
1261081093295538179,negative,1.7631825003506543e-08
1261081093618442242,negative,0.06337836654958043
1261081093622640641,negative,7.84376108222227e-05
1261081096516702209,negative,1.02507928304237e-05
1261081096734769154,negative,0.012291459361610798
1261081096978141185,negative,0.3029968537174699
1261081097573666821,negative,0.23115301116207237
1261081097586249728,negative,0.001545274302229004
1261081098165063685,neutral,0.5268834775159291
1261081101126078464,neutral,0.36200106063624393
1261081101801488387,negative,0.05510042518961309
1261081104662106118,negative,0.002006782886879054
1261081105047998465,neutral,0.49789225920557484
1261081105119281155,neutral,0.49789225920557484
1261081105735782400,negative,0.0010979171115142652
1261081105840705536,negative,0.16641382905658084
1261081108717895681,negative,0.05190644465900701
1261081108722126850,negative,0.08568082071461677
1261081108776706051,negative,0.023321347856967208
1261081109150027776,negative,0.0005885367568092882
1261081109217099776,positive,0.7306012613944252
1261081109288431616,negative,0.00025566520245754116
1261081109619712000,negative,0.18855216371662745
1261081109732954114,neutral,0.49789225920557484
1261081109766516738,negative,0.1643614674755463
1261081112694185990,negative,4.4810669679427823e-10
1261081112845209602,negative,0.31170746876139704
1261081113637814272,positive,0.9459041542042688
1261081117089837059,negative,1.625294053679137e-05
1261081117110591489,negative,0.009141893535151387
1261081117337292800,neutral,0.5220402502892152
1261081117723066372,negative,0.020108271804337614
1261081117744136192,neutral,0.5745941938663405
1261081121330286596,negative,0.013403640088941186
1261081121695182856,negative,0.009713522378810483
1261081121867128835,neutral,0.38450297407942724
1261081121971978241,negative,0.00421993593467052
1261081122571784194,negative,1.9310084102031302e-08
1261081125268664321,positive,0.7534411619752979
1261081125360992260,negative,0.22390445019044497
1261081125595856896,negative,0.1846189896078908
1261081125851717632,negative,0.02035131727141473
1261081125998465026,negative,5.425793299692568e-06
1261081126250127363,negative,0.15322430129899578
1261081126547984386,negative,6.566079939686648e-05
1261081126598324227,negative,0.05161679918082319
1261081126799581185,negative,1.299324567360351e-05
1261081129421017091,negative,0.2361399242109468
1261081129723068417,negative,0.06809762581072988
1261081129727205376,negative,3.2635506161947305e-05
1261081129848799232,negative,1.1362959024525338e-05
1261081134009647105,negative,0.0026117993977898013
1261081134538076161,negative,0.043756548464895205
1261081134722699264,negative,0.004065330526398969
1261081134756171777,negative,0.03857743593629227
1261081135037190146,negative,0.28854426538347494
1261081138111668226,negative,0.23686013804868628
1261081138841497605,positive,0.7695395947105412
1261081138946326531,negative,0.0002820356139648642
1261081139206373379,negative,0.015892843905014893
1261081142326972417,negative,1.7183290644372035e-05
1261081142515597314,negative,0.0006793500480299542
1261081142708633601,negative,0.05510042518961309
1261081142880591874,negative,5.259261449949305e-05
1261081142918332416,negative,0.00943449612006573
1261081143824302081,negative,7.687945148637655e-13
1261081143832608768,neutral,0.49789225920557484
1261081146185695232,negative,0.16275155524699078
1261081146659688451,negative,0.003035441275787807
1261081146789638144,neutral,0.47367526412529243
1261081146974240768,negative,0.28022467314234967
1261081147120984065,positive,0.9576765494281486
1261081147272056832,negative,0.0005226295360865039
1261081147326562307,negative,0.0006297323526487123
1261081147490086913,negative,0.0012866810261745931
1261081147716534273,negative,0.0005086024620279106
1261081150723960832,neutral,0.49789225920557484
1261081151164297216,negative,0.0006189407991512972
1261081151231471616,positive,0.6995222624183505
1261081151625736192,negative,0.07398610697658456
1261081151940300801,negative,0.010855803996302902
1261081154922393607,negative,0.0012520558281164398
1261081155014742018,neutral,0.3910557239460141
1261081156281348096,negative,0.0019820606293284113
1261081156285607944,negative,0.07958848182746942
1261081156654678018,negative,9.136864889105566e-05
1261081156671418368,negative,0.00012195488518000779
1261081158969888772,negative,0.05007867212490771
1261081159007600640,neutral,0.590946668812942
1261081159343263744,neutral,0.4053799134260241
1261081159364153344,positive,0.9922584201229911
1261081159397773315,negative,7.929925967317019e-09
1261081159477399564,negative,0.023891968275520856
1261081159544569858,negative,0.0002579111068604164
1261081160001691648,negative,1.1447272923793963e-05
1261081160492486656,negative,0.05768135596721798
1261081163164237824,negative,2.5663357321011836e-08
1261081163441016832,negative,0.008491640597977544
1261081163898204165,negative,0.19785203462125636
1261081164166594560,negative,0.0008271638537313464
1261081164615495681,negative,7.243893587920465e-06
1261081164690993155,negative,0.06264495440836211
1261081164728721417,negative,0.0068595539268972655
1261081167312367620,neutral,0.645902126359573
1261081167698235393,negative,0.0003749083576348535
1261081167757021185,negative,4.812317736419662e-05
1261081167996030976,neutral,0.3817771603617465
1261081168012808192,neutral,0.392708762976668
1261081168017068034,positive,0.880131780505572
1261081168377778176,negative,0.03581279561100945
1261081168390221827,negative,0.04281816534275822
1261081168851734535,negative,0.0012158277157009786
1261081171762515968,negative,0.17979199573599497
1261081171800330240,negative,0.1520420233512976
1261081171913347072,negative,9.378393453770348e-06
1261081172047781893,negative,0.000489588362042174
1261081172521758722,negative,0.11945710604163225
1261081172525887488,negative,0.14467146663109032
1261081172626595841,negative,0.019235269701504933
1261081172718821376,positive,0.8212173021093386
1261081172735594499,negative,0.011837492728535683
1261081175499640833,negative,0.005871290754052115
1261081176149639169,neutral,0.5305673082880528
1261081176317493250,negative,0.003899005105133594
1261081176485138437,negative,0.00013675254947395266
1261081180016951297,negative,0.2018545755243397
1261081180381892608,negative,0.17777872905629805
1261081180516102147,negative,0.1647733920947316
1261081180620959745,negative,2.294487975567694e-05
1261081180755103745,negative,0.03494834613148342
1261081181170401281,negative,0.3107281742138744
1261081184618057732,negative,0.03590000638422337
1261081184647479296,negative,0.00011521937300444296
1261081184676859910,neutral,0.48728019602140255
1261081185016598530,negative,0.00012359768427432682
1261081185385676800,positive,0.9999837463173291
1261081188283879430,negative,0.03605976842678376
1261081188460105729,negative,3.977769232885681e-05
1261081188464295937,negative,0.016046273943048524
1261081189173125126,neutral,0.49789225920557484
1261081189709946881,neutral,0.4053799134260241
1261081192486637576,negative,0.002307356216281876
1261081192578850817,negative,0.0017352264266801889
1261081192595628033,negative,0.00027247571870497113
1261081192876646401,negative,0.011288630597445327
1261081192918585347,positive,0.7811202735102136
1261081193107255297,negative,0.014346014148104057
1261081193484861440,negative,4.2118049197843355e-05
1261081196928413697,negative,0.25271615887552606
1261081197146525696,negative,0.0899261016301066
1261081197855363076,negative,1.3305206702390132e-06
1261081197947564038,positive,0.9336129037850613
1261081198157316103,negative,0.2453309603346184
1261081198236971008,negative,0.00018603139091997854
1261081200623583232,negative,2.6504243105224613e-07
1261081200707407872,negative,0.022963101278868435
1261081201051402241,negative,0.0003330494798631539
1261081201433067520,neutral,0.5665547265352604
1261081201441456129,negative,0.00039763221996774164
1261081202074816517,negative,0.003945980142544379
1261081204864036866,negative,0.0005307233609817884
1261081205006622720,negative,0.15322430129899578
1261081205061103616,negative,3.623450848468781e-05
1261081205103091715,negative,0.01967936789969604
1261081205425836032,negative,0.002961311291306646
1261081205614743552,negative,0.013303797159401765
1261081205795106816,negative,5.682067762113439e-07
1261081206088773632,negative,0.0014835570421181082
1261081206092955654,negative,0.009775327720377376
1261081206130696197,negative,0.00452163158819495
1261081206512398336,negative,0.20763931774893093
1261081209376997376,negative,0.0030736471127859994
1261081209641275392,negative,0.3107281742138744
1261081210018725889,neutral,0.38695803076524854
1261081210069155840,negative,0.019818751785227726
1261081210245115905,positive,0.8109496058090945
1261081210463363073,positive,0.9529341539497358
1261081210652147712,negative,3.158156473704495e-05
1261081210761207809,negative,0.0007510344211771513
1261081213709754368,negative,0.1872433744277917
1261081213743349762,negative,0.020108271804337614
1261081213848236035,negative,0.03119120583993523
1261081213860818948,negative,0.001372539789099179
1261081214049554434,neutral,0.4535427284816818
1261081214124990465,positive,0.9230442989789612
1261081214380736515,negative,0.09850666337663404
1261081214691225603,neutral,0.3808573889295111
1261081217371303938,neutral,0.49789225920557484
1261081217769910272,neutral,0.35119527102927156
1261081218029883398,negative,0.2301917679834784
1261081218537291776,negative,0.1972470686671075
1261081218612899845,negative,0.0006623419787524242
1261081222035329024,negative,0.0034470090496508295
1261081222052220931,neutral,0.564202313884282
1261081222106808320,negative,0.21670845693637467
1261081222781992960,negative,0.00018603139091997854
1261081225860694018,negative,0.009141893535151387
1261081226833809409,negative,0.12258462670249735
1261081230516211712,negative,3.0754705801070375e-06
1261081231044874243,negative,2.5092237748260415e-09
1261081231581683715,neutral,0.4880039776657555
1261081231640444930,negative,0.002747209974911546
1261081231652990976,negative,1.0232216720027381e-05
1261081234299633665,negative,0.027325408812880158
1261081234324815875,negative,0.003618869155013082
1261081234450644992,negative,1.0877965886739447e-09
1261081234991505408,neutral,0.49789225920557484
1261081235281117184,negative,0.3107281742138744
1261081235314618374,negative,0.009141893535151387
1261081238665740288,negative,0.0026721599267355645
1261081238741364738,negative,0.0013977710244026241
1261081239857049607,negative,0.047683402773650435
1261081242570637314,neutral,0.4573741638120766
1261081242705047554,negative,0.03695679670167378
1261081243095105536,negative,0.0012313209333089897
1261081243262820360,negative,0.244919252951796
1261081243409625089,negative,0.020877034466718777
1261081246970634240,neutral,0.49789225920557484
1261081247104761857,negative,1.625294053679137e-05
1261081247150780422,negative,0.12352195345832559
1261081251324350472,neutral,0.46650420745416477
1261081252192489472,neutral,0.38695803076524854
1261081255912845314,neutral,0.4139121795127042
1261081256562962434,neutral,0.4535427284816818
1261081259553497088,negative,1.2298121425488692e-07
1261081260220313600,negative,0.0005155828075663753
1261081260740325377,negative,0.002747209974911546
1261081263731064839,negative,0.013213366268116965
1261081263882080256,negative,0.09946469067606015
1261081263978545154,negative,0.007701106104783986
1261081264318275586,positive,0.9791454033536106
1261081264456687618,positive,0.9411790507108
1261081265308041216,negative,0.005950441670933124
1261081268567097344,negative,0.0902562326065031
1261081268856512512,negative,0.0012951231108807976
1261081269020041223,negative,0.056139095132534726
1261081269414367232,negative,0.0005226295360865039
1261081272329424897,positive,0.9685844712523551
1261081272501354498,negative,1.559074538896808e-05
1261081272794984448,negative,2.9778197978939437e-05
1261081273176596480,negative,0.003292936768539782
1261081273231163393,negative,0.0073662277837442695
1261081276783620096,neutral,0.3413953632848557
1261081277291208704,positive,0.8118215059775062
1261081277354184704,negative,0.03502899758714175
1261081277731680263,neutral,0.5427804419773418
1261081281783377921,positive,0.7265916055404313
1261081281825210375,negative,0.047976782197369984
1261081284706795520,negative,6.647609382935576e-05
1261081285122015241,negative,0.15097681291999315
1261081285138640896,negative,0.06809762581072988
1261081285658738688,negative,0.0009837363505299992
1261081285717569536,negative,7.398029387919605e-11
1261081288779296771,negative,0.001545274302229004
1261081288850714625,neutral,0.46127768308170247
1261081289085669381,negative,0.04202201474900292
1261081289421185024,negative,0.18132793982199852
1261068790407839744,positive,0.9845442820323445
1261068790596431872,negative,0.04577265428010674
1261068790617509889,negative,0.02759369642608056
1261068790655266816,negative,0.07279594289298937
1261068791296876548,negative,0.07949017177178994
1261068791460610049,neutral,0.4393101850869295
1261068791515090944,negative,0.009635110315967137
1261068791875764226,negative,0.00041341897660808735
1261068791875801088,negative,0.00127916812967785
1261068792823795712,negative,0.03548178564333209
1261068792836349952,negative,0.07756456784850768
1261068793159319553,positive,0.757391643130871
1261068793218039809,neutral,0.4862913000643885
1261068793633222656,neutral,0.42792047579721965
1261068793901711360,negative,6.5668542626460185e-12
1261068793918488578,negative,0.21979957583855825
1261068794300002304,neutral,0.5136446707795853
1261068794711216129,negative,0.009635110315967137
1261068794845421569,negative,0.009635110315967137
1261068795457798145,negative,0.07279594289298937
1261068797617868801,negative,0.015321099755803546
1261068798968442880,neutral,0.42792047579721965
1261068799639420930,negative,0.054803437414709784
1261068800126042115,negative,0.007942105302098266
1261068801099079680,negative,0.2624707538591435
1261068801501790208,negative,0.07333727796053646
1261068802219016192,negative,0.00024472412299378734
1261068803443757062,neutral,0.38817042317550166
1261068803825381376,negative,0.0012158277157009786
1261068804068687873,negative,4.2686144024026366e-05
1261068804257439747,negative,0.00127916812967785
1261068804555255808,negative,0.007701106104783986
1261068804655919107,negative,0.011179978854693589
1261068805209501696,negative,0.11945710604163225
1261068805796659201,negative,0.014741338747863956
1261068806123905025,negative,0.009635110315967137
1261068806174257154,negative,0.00015817885098586468
1261068806530662404,negative,0.003254191441231298
1261068806908190723,negative,0.0019413581367669558
1261068807298301955,negative,6.818518809891006e-06
1261068807495462923,negative,0.0019009991249393514
1261068807801647105,negative,1.3252688118568639e-05
1261068808128782342,negative,5.954945347779955e-05
1261068808229445634,negative,6.671965419409594e-05
1261068809030578177,negative,0.001545274302229004
1261068809601003521,negative,0.0059418797074409615
1261068810657902592,negative,0.03674269358356026
1261068811228282885,negative,0.009635110315967137
1261068812360826880,negative,0.07129015132741938
1261068812805382145,negative,0.040406185195943495
1261068814244032513,negative,0.010024523927155757
1261068815263301632,negative,0.0003513379710381576
1261068815431077888,negative,0.01030974359809605
1261068815754039298,negative,0.00010975418662023727
1261068815783378945,negative,0.2139224406081479
1261068816471261186,negative,0.025527589564474408
1261068816777392130,negative,0.0052170374902979965
1261068817138147328,neutral,0.3919942887602651
1261068817935093762,neutral,0.4393101850869295
1261068817993736193,negative,0.04122449292542697
1261068817993814016,negative,0.08681992363477803
1261068819432386560,negative,0.03502899758714175
1261068820388753415,negative,0.00030365091376729835
1261068820497793031,negative,2.0954867842551675e-09
1261068820619329536,negative,0.001465274472531796
1261068820799725568,negative,0.0006149946184115155
1261068820879417344,negative,0.07958848182746942
1261068821227593729,negative,0.0029113746740565345
1261068821412171778,negative,0.07756456784850768
1261068821860933638,negative,0.12962242848024538
1261068823526019075,negative,0.0005871513496367829
1261068823828074496,negative,0.01299392123367539
1261068823903567872,negative,0.025527589564474408
1261068824327184384,neutral,0.5630410866502906
1261068824431996929,negative,0.002928953311853551
1261068824520069120,negative,0.13031439530572367
1261068825132441601,negative,0.3281659907493771
1261068825216208898,neutral,0.48728019602140255
1261068826210455556,negative,0.08573580155358454
1261068826223009793,negative,0.00012619775678994767
1261068826235539462,negative,0.05180247225496701
1261068826403356678,negative,0.03294061096617084
1261068826407587840,negative,0.00016447723364626174
1261068826545991681,negative,0.0007122612135837437
1261068826571165706,negative,0.05505000466317082
1261068826944385027,negative,0.0003151738950162177
1261068828286619648,negative,0.051360084192619476
1261068828341161992,negative,0.0010474395200643885
1261068829263880192,negative,0.05009443085707931
1261068829947543555,positive,0.9977049035293406
1261068830580883458,negative,0.22561333375529458
1261068831306526726,neutral,0.4175189837453164
1261068831381958661,neutral,0.5700855745837485
1261068831621099520,negative,0.014741338747863956
1261068832472514562,negative,0.0001716329200412206
1261068832808095744,negative,0.01030974359809605
1261068833055543297,negative,0.08293266372407301
1261068833957335040,negative,0.04071173207179182
1261068834636783617,negative,0.020246698023273373
1261068836238999552,negative,4.548769609944681e-06
1261068836574498816,negative,0.04675167198232182
1261068836620636161,negative,4.855176714847755e-06
1261068837140783105,negative,0.0001960240455866292
1261068837174329344,negative,0.2857647828923007
1261068837396545542,positive,0.7580059550785906
1261068838331912192,negative,0.00013846572838544218
1261068838336159744,negative,0.00013846572838544218
1261068839149805569,negative,0.00017437131214230431
1261068839267246085,negative,0.024902806514448754
1261068839435067392,negative,0.05613685984390258
1261068839556694017,negative,0.007459091856615749
1261068839879663616,negative,0.27205971100344545
1261068840479404035,negative,0.0741535527621264
1261068840995299328,neutral,0.4890077676446204
1261068841582579712,negative,0.0001960240455866292
1261068842324951040,negative,1.0480746181266746e-06
1261068843121807363,negative,0.07958848182746942
1261068843176378368,negative,0.0001960240455866292
1261068843918798856,negative,0.2060413005592192
1261068844065591297,negative,0.20849129656184165
1261068844464046081,negative,0.0015502968681074948
1261068844522786818,negative,0.005095236476962059
1261068845026021378,negative,0.06801168691801364
1261068845500051458,neutral,0.5660951313495354
1261068845973897216,negative,0.009635110315967137
1261068978551525376,negative,0.1699254221843559
1261068979386421248,negative,0.0059418797074409615
1261068979616968704,negative,1.380336965716346e-05
1261068980480913408,negative,6.870067210693038e-05
1261068981747822595,negative,0.002928217720317866
1261068982070775811,negative,0.001545274302229004
1261068982607626242,positive,0.7167991058004878
1261068982959976448,negative,0.0009282203473265419
1261068983220002816,positive,0.8882851816629196
1261068984868356096,negative,0.019376265906299588
1261068984956391431,negative,0.006227322566229574
1261068985023561731,negative,0.0412802506520319
1261068986353147907,neutral,0.46511884455441777
1261068986445332480,negative,0.0412802506520319
1261068986730643458,negative,0.0006149946184115155
1261068987275849729,negative,0.05376265809283129
1261068987942699011,negative,3.9660162490233925e-05
1261068988710367232,negative,0.07144400217604176
1261068988861186048,negative,0.00983273521971378
1261068989339439105,negative,0.3096731275280358
1261068989788233730,neutral,0.4542051412756772
1261068989947613184,negative,0.07279594289298937
1261068991000240129,negative,0.06293980433503966
1261068991268782082,positive,0.8298488426650559
1261068992678158336,negative,0.01856308263627118
1261068993869291523,negative,0.0007122612135837437
1261068994980786176,negative,0.01299392123367539
1261068995719036928,neutral,0.49789225920557484
1261068995857469447,negative,0.0161439429732988
1261068996914434049,negative,0.008633783575883106
1261068999309344769,negative,0.3124147580230545
1261068999871389696,negative,0.0020340440721907807
1261069001725284353,negative,0.0075779144192591455
1261069002517950466,negative,0.05840540636089486
1261069003780435968,negative,0.13681870320955467
1261069004195717123,negative,0.009635110315967137
1261069004539641860,negative,0.2782236071419222
1261069004644499460,negative,0.05376265809283129
1261069005198163968,negative,0.00956282098960921
1261069005554581509,negative,3.0627872870107068e-06
1261069005751832576,negative,0.009635110315967137
1261069007580528640,negative,0.0006246751010915626
1261069007689519106,negative,0.04549310422875709
1261069007995785218,negative,1.1935565021500335e-06
1261069008624742401,negative,0.0829358063617889
1261069009082089474,negative,0.25618207572628365
1261069010398932992,negative,0.011179978854693589
1261069011326025730,negative,0.014741338747863956
1261069011359588354,neutral,0.3438159948065724
1261069012030623745,negative,6.378723437467411e-09
1261069013586755587,negative,0.006227322566229574
1261069013808971779,negative,0.00490222025024793
1261069013985243139,negative,0.0829358063617889
1261069014811512832,negative,0.24452059075275717
1261069015356780550,neutral,0.3385252644667176
1261069015537061888,negative,0.023955068786023114
1261069015562280966,positive,0.892303511194296
1261069016342450178,negative,0.015772828213452206
1261069017390948355,negative,0.021015852680319004
1261069017411919875,negative,0.009635110315967137
1261069017499996162,negative,0.09293738672710379
1261069017730744320,negative,0.07279594289298937
1261069018879922179,negative,0.1603691319763923
1261069019425263621,negative,0.009635110315967137
1261069020234682369,neutral,0.409114109669092
1261069020884762624,negative,0.00010803998269046904
1261069021316816896,negative,0.0012158277157009786
1261069023015550978,negative,0.011342526002148518
1261069023162314753,negative,6.397631827587839e-05
1261069023690842114,negative,0.023354361059646014
1261069025876082688,negative,0.04122449292542697
1261069027117379584,negative,0.18443676387681646
1261069027289554945,negative,3.898435432116088e-06
1261069027310473216,negative,5.219498158686368e-05
1261069027763519489,negative,0.001545274302229004
1261069028153491456,neutral,0.486078617131187
1261069028333965312,negative,0.0052170374902979965
1261069029655154689,negative,0.0070110527915990045
1261069029751566336,negative,0.005778622350824506
1261069030590484486,negative,7.497136050585982e-05
1261069031412510725,negative,2.0244256517803738e-12
1261069033039896577,neutral,0.46332198537777264
1261069033216053249,negative,0.010633237416269387
1261069034247712768,positive,0.829387619780276
1261069034377940992,neutral,0.551077815994506
1261069034499514371,negative,0.016506975175322753
1261069036072435723,negative,0.04980017307388959
1261069036298874880,negative,4.548769609944681e-06
1261069036491849732,negative,0.009306136192623441
1261069036751933445,negative,6.023892356362804e-06
1261069037645320192,negative,0.10036574307765715
1261069038031114244,negative,0.11179997514824513
1261069039281090560,negative,0.03928253994905847
1261069039427825665,negative,0.024304471979320254
1261069039654363141,negative,0.009635110315967137
1261069040514215939,negative,0.01299392123367539
1261069040581259270,negative,0.22104639996388842
1261069041915043840,negative,0.0012702819179254076
1261069042158374912,negative,0.007681973746176305
1261069178838097925,negative,0.2755263280075904
1261069179765039105,negative,0.31732489718339985
1261069179903492098,positive,0.9995130384955465
1261069180771729408,negative,0.22328899469924132
1261069183787372544,negative,0.007280510585469525
1261069185771343880,negative,0.1603691319763923
1261069187620974592,negative,0.02974200214645776
1261069189034500098,negative,5.41814127743359e-05
1261069189105758214,negative,0.04116740167356112
1261069191383302144,negative,8.65737169291811e-05
1261069192159256583,negative,0.028477023963603337
1261069192440078336,negative,0.029654113106311768
1261069192780034048,negative,0.0016635016369627794
1261069192993923072,negative,0.0003513379710381576
1261069193455316992,negative,0.00127916812967785
1261069193983807489,negative,0.09772390754595175
1261069194856194049,neutral,0.42868714123335616
1261069195304939521,negative,7.45307525396252e-07
1261069195455991809,negative,0.2775217089993913
1261069195548254209,negative,0.01299392123367539
1261069197112680449,negative,0.014870207605641667
1261069198752722947,negative,8.776068482247125e-05
1261069199033671681,negative,0.045400648252738075
1261069199327232001,negative,0.13397866938779301
1261069199448907776,negative,0.14931966875429115
1261069200472375297,negative,0.009635110315967137
1261069200472387588,negative,0.17964971981165215
1261069200900198401,negative,0.10659924369600925
1261069201596387330,negative,0.00874271012178017
1261069202057822214,negative,0.05248174428099411
1261069202640814086,negative,0.0003865629642884714
1261069202703683585,negative,0.014897498085772492
1261069203366449154,negative,0.0003018432529225969
1261069203756498944,negative,0.052317444487015266
1261069204435935235,negative,0.0015636691955122125
1261069204691791876,negative,9.790360322049728e-05
1261069204838547456,negative,0.0007337242143566197
1261069205824311296,negative,0.008388810642493633
1261069205866196992,negative,5.854900523838392e-07
1261069206688235521,negative,0.06690239760243506
1261069207271280646,negative,5.8251935838654246e-05
1261069207602704384,negative,0.023955068786023114
1261069207925653504,neutral,0.4683167323319153
1261069208051494912,negative,0.24531406486006269
1261069208097640449,negative,0.009635110315967137
1261069208437350401,negative,0.025971472360649166
1261069208634433541,negative,0.1657211520422484
1261069208978366464,negative,0.006327409198632161
1261069209410457600,negative,0.0006430317737287878
1261069212463894531,negative,0.01669316223511819
1261069215072575488,negative,0.006367190433057505
1261069215269879808,negative,0.0015636691955122125
1261069215550844931,neutral,0.4862913000643885
1261069215873871873,neutral,0.6360040684684427
1261069216339439625,negative,0.0019488905751692048
1261069216813404160,negative,0.028591551096336425
1261069217031430144,positive,0.9731309412256457
1261069219216662535,negative,0.031906291684652775
1261069219472474113,negative,1.8359533776423695e-06
1261069219812302856,negative,0.0467498340877909
1261069219829030912,negative,0.0007947940990276711
1261069219933929473,positive,0.8248904162818091
1261069220626010113,negative,0.22470537946669875
1261069220777013248,negative,2.3408362158812634e-05
1261069220831539202,negative,5.8251935838654246e-05
1261069221884198912,negative,6.7731024819191024e-09
1261069222278463489,negative,4.360357671278696e-06
1261069222450548737,negative,0.009635110315967137
1261069222987403265,negative,0.009635110315967137
1261069223092158464,negative,0.1222982795808648
1261069224413446144,neutral,0.49789225920557484
1261069224518303745,negative,0.10632630078950911
1261069226460221441,negative,4.548769609944681e-06
1261069229299728386,negative,0.02242137878864549
1261069231841566726,negative,0.019344475643960933
1261069232277774336,neutral,0.37680543482765966
1261069232294580226,negative,0.0006881511033539587
1261069234366320640,negative,0.10371589217655836
1261069236048482310,negative,0.0002196269671393782
1261069236153339912,negative,0.013469509337730215
1261069236253982721,negative,0.014148443805594617
1261069236455247872,neutral,0.3688120122074838
1261069236778283008,positive,0.8401154641959865
1261069237902344192,negative,0.280842524822382
1261069239978508288,negative,0.009983766628896098
1261069240788017152,negative,5.8251935838654246e-05
1261069240985169920,negative,0.05494365985949629
1261069241039622144,neutral,0.3510366950887679
1261069241266077696,positive,0.8782164765929359
1261069243375915008,negative,0.014548151890345015
1261069243837267974,negative,6.592963623445062e-05
1261069244227375104,negative,0.0040425414539528295
1261069244588068866,negative,0.04990541322468104
1261069245326245888,negative,0.016506975175322753
1261069245498212353,negative,0.014741338747863956
1261069245758074880,negative,0.07130347598287096
1261069246592954372,negative,0.03881074688202062
1261069246727098368,negative,4.548769609944681e-06
1261069248597839883,negative,0.1820641624067972
1261069248903905280,neutral,0.3359217781560994
1261069249130442754,negative,0.011646568338366383
1261069376163381249,negative,0.0006149946184115155
1261069376951930883,positive,0.745342429324549
1261069377769811968,negative,0.010024523927155757
1261069378445074433,negative,0.14641936637121178
1261069378616987650,neutral,0.4131389883755172
1261069379065860097,negative,0.0015160842106354282
1261069379246194688,negative,0.2745613730171873
1261069379304853507,negative,0.016154767464547894
1261069380517007360,negative,0.12899974692501778
1261069380991037441,negative,0.03881074688202062
1261069381620109312,negative,0.01299392123367539
1261069382610026502,negative,0.0015502968681074948
1261069383406780416,negative,0.009635110315967137
1261069383532793863,negative,0.15429138912277413
1261069383931170817,negative,0.014426075234252154
1261069385453764608,negative,0.0001469105543117679
1261069388419076102,positive,0.9974928931087707
1261069391262859265,negative,0.014741338747863956
1261069391300571137,negative,0.18348240493401663
1261069392215003136,negative,0.011342526002148518
1261069392219176960,negative,0.05686469145590095
1261069392319823877,negative,0.11734197440161946
1261069392869314562,negative,0.0012702819179254076
1261069393209024513,negative,0.014870207605641667
1261069393762701313,negative,0.023955068786023114
1261069395096469514,negative,0.011357893188484978
1261069395297779714,negative,0.0001469105543117679
1261069395360649216,negative,0.055085735436587076
1261069395943665666,positive,0.9292805918500148
1261069396002385920,negative,0.0007072141334376385
1261069396719603713,negative,4.0422944879970626e-05
1261069398397390849,negative,1.973516055726544e-06
1261069398925889537,negative,0.007695157085848624
1261069399840231430,negative,0.03282927766604589
1261069400158986241,negative,0.001545274302229004
1261069400939139078,negative,0.023955068786023114
1261069401484296194,negative,5.8251935838654246e-05
1261069403250216964,negative,0.0015502968681074948
1261069403648593921,neutral,0.6092742073923918
1261069405116608517,negative,0.05321170147490122
1261069405229899777,negative,0.22362849854816838
1261069406546866176,negative,0.1603691319763923
1261069406882402304,positive,0.6612568380368705
1261069406974730241,negative,0.2891710877447084
1261069407624757248,neutral,0.5660951313495354
1261069407859736577,negative,0.0013246848403921593
1261069408706928642,negative,0.0013918168722344155
1261069409763950592,negative,0.00391950338795949
1261069409910743040,negative,0.031136413701571768
1261069409990385666,negative,0.0052170374902979965
1261069410120470540,negative,0.16128997782218513
1261069410380517379,negative,0.01299392123367539
1261069410468577280,negative,0.07482428445478831
1261069410833510402,negative,0.03187531387841372
1261069411861106689,negative,2.0102162018986237e-06
1261069412267851776,neutral,0.4393101850869295
1261069412280365056,negative,0.0002256836556974878
1261069412662214661,negative,0.11621235138636853
1261069412867735558,negative,0.012491486062200595
1261069414499332097,negative,0.003363580722422742
1261069414734200832,positive,0.8782164765929359
1261069415426207745,negative,0.07958848182746942
1261069418119004162,negative,0.07155127835551803
1261069419343683584,negative,0.15556267932804727
1261069420530511872,neutral,0.36858997815997596
1261069421398896642,negative,2.1667087298249878e-05
1261069421449228289,negative,0.0022512193850980646
1261069421583499265,neutral,0.6165231833858643
1261069421612871680,negative,0.0002713616780666887
1261069421902213122,negative,0.00030237694446503036
1261069422099337216,negative,0.0001469105543117679
1261069422829109249,negative,0.03675808445476171
1261069423466745856,negative,0.07756818145852082
1261069424922107905,negative,0.034422062161160935
1261069426943766529,negative,0.034227344538902305
1261069426989957126,neutral,0.47669008658475526
1261069427438759936,negative,0.006253395507161377
1261069427858120705,negative,0.18138909267831635
1261069428118245386,negative,0.0734736093200907
1261069429280038912,negative,0.015786780734735686
1261069430332755973,negative,8.848800198281415e-05
1261069430416695296,negative,0.014741338747863956
1261069430970298371,negative,3.691428619725455e-06
1261069431909859328,negative,0.1603691319763923
1261069431972802561,negative,0.3031534900955381
1261069432006356994,neutral,0.37037742606747703
1261069433461772289,negative,0.005403860670970316
1261069434371874816,negative,0.006287247041412716
1261069435072282625,negative,0.00127916812967785
1261069437047889920,negative,0.0013346156755125913
1261069437140185093,negative,0.1885814554297355
1261069439832928257,positive,0.8401154641959865
1261069439841288195,negative,0.22104639996388842
1261069440025866242,negative,0.0006149946184115155
1261069440415698944,neutral,0.38459967304021925
1261069441040822272,positive,0.9772541599654632
1261069441321836544,negative,0.036305542184920055
1261069441418309632,negative,0.08708421057550549
1261069441703514112,neutral,0.4848784418116692
1261069441825153024,negative,0.045400648252738075
1261069441879740418,neutral,0.42239309502237166
1261069442366296065,positive,0.944256428047265
1261069442726985728,negative,4.2161761245691974e-06
1261069442743709697,negative,0.0015636691955122125
1261069442840231938,negative,0.06304120075965536
1261069444094275584,negative,0.021887789250521525
1261069446283747331,negative,0.0009039403619505685
1261069572872056832,negative,0.15429138912277413
1261069572968525825,positive,0.7687645067441837
1261069573698260992,negative,3.701740480170336e-05
1261069573849219073,positive,0.9868154881667016
1261069575187243008,positive,0.987903090522947
1261069575468302336,neutral,0.4517927262765662
1261069575585751041,negative,0.0005917032219382586
1261069575640305666,negative,0.0015636691955122125
1261069575896137728,negative,7.017678811961761e-07
1261069576055468034,positive,0.9186396055900012
1261069576898588672,negative,0.07279594289298937
1261069577359892487,neutral,0.5001488191529656
1261069578936999936,negative,0.06967499314271368
1261069579075366912,negative,0.16984925508147614
1261069579859755010,negative,0.012395425109043911
1261069580295966721,negative,0.009635110315967137
1261069580757282824,negative,0.07959898857717931
1261069582674133000,negative,0.1740760183697794
1261069583018078210,negative,0.012401798954252379
1261069584096006144,negative,0.14323366987260364
1261069584410578944,negative,0.0070958475026905036
1261069584838340611,negative,0.11539573990482015
1261069585823993856,negative,0.11414754205666874
1261069587057201153,negative,0.2782236071419222
1261069588592234496,negative,0.22980165766902236
1261069588864749568,neutral,0.49789225920557484
1261069591108870148,negative,0.0059418797074409615
1261069591402471424,negative,0.03289608090109384
1261069593164029952,negative,0.006740047774436476
1261069593185062912,negative,5.01472170975918e-07
1261069594204221446,neutral,0.3510366950887679
1261069595605184513,negative,0.1531769865231014
1261069596272013312,negative,0.0006297323526487123
1261069597417103366,negative,0.009635110315967137
1261069597563932672,negative,0.0829358063617889
1261069598905991186,positive,0.9995130384955465
1261069599082250246,negative,0.043065569008509656
1261069599711334402,negative,0.07694198795676575
1261069600269238272,negative,0.014741338747863956
1261069600470585347,negative,7.017678811961761e-07
1261069600709640196,negative,2.4907188884127546e-09
1261069600994795522,negative,0.06702941585205885
1261069601510580224,negative,0.004030686690389226
1261069601519079425,negative,0.04536895380760097
1261069601728847874,negative,8.884247892218972e-07
1261069602206953474,negative,0.0007337242143566197
1261069602764861448,negative,0.0006276833580731143
1261069602852929537,negative,0.05270681373609048
1261069604098629633,negative,0.057616074434535314
1261069604606091266,negative,0.03187531387841372
1261069605709197312,negative,5.8251935838654246e-05
1261069606875209729,negative,0.032147714586161794
1261069607311273989,negative,0.006253395507161377
1261069608389402628,negative,7.017678811961761e-07
1261069608544604161,negative,0.0015636691955122125
1261069608548786176,negative,0.009635110315967137
1261069610423640065,neutral,0.38657316102607164
1261069612898189313,negative,0.043065569008509656
1261069612961214467,negative,0.0521940818929039
1261069612965298182,negative,0.01299392123367539
1261069613225447427,negative,0.05825811215924671
1261069614425018368,negative,2.026544948107155e-09
1261069615372869638,negative,0.01984117080494706
1261069615918125056,negative,0.07958848182746942
1261069617780400129,negative,1.4046093646762378e-06
1261069618254417922,negative,0.002928217720317866
1261069619349069826,negative,0.0009007555855074659
1261069620703879168,negative,0.08708421057550549
1261069620821311489,negative,0.3214078308826075
1261069621634969600,neutral,0.37680543482765966
1261069622738108416,negative,0.0006430317737287878
1261069622792663040,negative,0.03928253994905847
1261069623115624455,negative,0.24034399880227572
1261069623283322882,negative,0.01299392123367539
1261069623522471937,negative,0.00013603063129691823
1261069623660818432,negative,0.11938941148820927
1261069624302592002,negative,0.07016225221294431
1261069624835178496,positive,0.9049826498733365
1261069625699250178,positive,0.9186396055900012
1261069625732759554,negative,0.0003335770457416692
1261069627058241537,negative,0.0026177834680164006
1261069627276263426,negative,8.519617428816104e-05
1261069627540541442,negative,5.836928470403229e-06
1261069627557326848,negative,7.315698741282395e-06
1261069627574157316,negative,0.05840540636089486
1261069628991832066,negative,0.0013346156755125913
1261069629339942913,positive,0.8799143624527516
1261069629398626306,negative,0.027293927987306434
1261069630543728645,negative,0.0059418797074409615
1261069631722336256,negative,0.00024233000695935043
1261069632254943240,negative,0.0007544988372025122
1261069632712163330,negative,0.29713718563997743
1261069633655889920,neutral,0.49789225920557484
1261069633886527500,neutral,0.49188674514639036
1261069636650532864,negative,0.1255487585778351
1261069637418209280,negative,0.019792225294041364
1261069637787308032,negative,0.007701106104783986
1261069638160564225,negative,3.302418121531178e-06
1261069639402078210,negative,0.22508260209168748
1261069640190566401,neutral,0.3351384756993208
1261069640232468482,negative,0.015786780734735686
1261069640387698688,negative,0.016652434786224902
1261069642057109506,negative,9.907181303026273e-07
1261069642644090880,negative,0.2624707538591435
1261069644192002054,negative,0.06304120075965536
1261069645043433474,neutral,0.3688120122074838
1261069645613805571,positive,0.9830606620768483
1261069645798408199,negative,0.0005029792532669526
1261069646054207488,negative,0.01299392123367539
1261069647316746240,negative,0.0018157579787938223
1261069777264685058,negative,0.000717432100258538
1261069778057388034,negative,0.012267341390321169
1261069778074112001,negative,0.03634248839136388
1261069781748404227,neutral,0.3351384756993208
1261069781987450882,negative,0.04675167198232182
1261069782104731648,negative,0.18459858958932926
1261069785837768705,negative,0.1661884397917235
1261069785925857280,negative,0.1265468175856512
1261069786093584384,negative,0.0019009991249393514
1261069786345332736,negative,0.0076761258960156105
1261069786521501702,positive,0.8783614828975778
1261069786840268801,neutral,0.37037742606747703
1261069787121061894,negative,2.972413646541809e-05
1261069787167363074,negative,0.011397522344224923
1261069787226091526,negative,0.03977289636759727
1261069788576612355,negative,0.030524936036003966
1261069790917070854,negative,0.15692732842471085
1261069790933921793,negative,7.530143582614453e-07
1261069791412064257,negative,0.019577849384325306
1261069792666103808,negative,0.001465274472531796
1261069792787783687,neutral,0.6115662310645421
1261069792980676611,negative,0.0321418235027337
1261069793387479040,negative,0.17979199573599497
1261069793915891712,neutral,0.3328196521355508
1261069794973028352,negative,1.3252688118568639e-05
1261069795539275776,negative,0.001748435335609232
1261069796034187266,negative,0.007876850723745788
1261069798420754433,neutral,0.4220961012986448
1261069798684884993,negative,0.12883665883393897
1261069799569981442,negative,0.043236251434715905
1261069800383680513,positive,0.9186396055900012
1261069801629327360,negative,0.007746096027212309
1261069803613294593,negative,0.000811827969789462
1261069803663568896,negative,2.2922952784208814e-06
1261069805332901888,negative,0.0013346156755125913
1261069805718822913,negative,0.06827922717892232
1261069806360551427,negative,0.07279594289298937
1261069806758920193,negative,0.001015782712010595
1261069807606288387,neutral,0.4220961012986448
1261069808126345219,negative,5.101135700837491e-06
1261069809527201792,negative,0.06882413221735735
1261069810135433222,negative,0.05840540636089486
1261069810819051521,negative,0.031906291684652775
1261069812991774731,negative,0.07548143880293066
1261069812995891201,negative,2.8631812454318304e-05
1261069814338146306,negative,5.8251935838654246e-05
1261069815621586948,negative,0.0013346156755125913
1261069816154161152,negative,0.009635110315967137
1261069816238157831,negative,0.03548178564333209
1261069817261494272,neutral,0.5894688651819927
1261069818469457924,negative,0.00127916812967785
1261069819434151937,negative,0.009635110315967137
1261069819723558922,negative,0.08293266372407301
1261069820205957121,negative,0.2782236071419222
1261069820524670978,negative,0.011342526002148518
1261069821338439680,negative,0.21603384627539246
1261069822139432961,negative,0.000925456507415725
1261069823049699328,negative,0.01309891119157396
1261069823234244611,positive,0.9868154881667016
1261069823238459394,negative,0.00342601444476009
1261069823355822083,negative,0.0013346156755125913
1261069823817191427,negative,0.00956282098960921
1261069825079640065,negative,0.1726569615193363
1261069825687904256,positive,0.8298488426650559
1261069826161872896,negative,0.008599047341298047
1261069827223019522,negative,0.009635110315967137
1261069827634089984,negative,0.023317553611169183
1261069827973812224,negative,0.00027073720760015593
1261069828787404802,negative,0.04918667833411423
1261069828938510336,negative,0.003189036666799659
1261069829336858624,negative,0.0007122612135837437
1261069829852856323,negative,0.0019009991249393514
1261069831559950336,neutral,0.4393101850869295
1261069833111773185,neutral,0.44322603614369344
1261069833367687173,negative,0.2111266418583095
1261069833548042245,negative,0.10397888944573129
1261069834479173637,negative,0.014870207605641667
1261069836148445184,negative,0.1050654710153976
1261069836324679681,negative,0.06882413221735735
1261069836391723010,negative,0.0005856113763100495
1261069836584706051,negative,0.005095236476962059
1261069836903493632,negative,4.7537299343177845e-05
1261069837549199362,negative,0.015041482471487655
1261069837570375684,negative,0.00614402448966383
1261069840565121024,negative,0.05840540636089486
1261069840615387137,negative,0.009490051838866637
1261069840653127680,negative,0.0001517499670830008
1261069841785651204,negative,0.029373354479329056
1261069842666455040,negative,0.00024233000695935043
1261069978125598722,negative,0.24148912951934684
1261069979761459203,negative,0.07556356177213915
1261069980222795779,negative,0.0070958475026905036
1261069982127054848,negative,0.00127916812967785
1261069982701682689,negative,0.3147206080626129
1261069983267934208,negative,0.07695229221096916
1261069983561461760,negative,0.0004520835359457318
1261069983725084673,negative,0.3031534900955381
1261069983813115905,positive,0.9668440436389586
1261069984211533828,negative,0.04445817530644994
1261069984970784775,negative,0.009635110315967137
1261069985692164097,negative,0.013427385137915561
1261069986573008902,neutral,0.44498724401209616
1261069986895978499,negative,0.00010580042973785545
1261069987407638528,negative,0.01030974359809605
1261069987432759298,negative,0.0005917032219382586
1261069987533459457,negative,0.09197477143485437
1261069988829560832,negative,0.03611141322467575
1261069988934402050,negative,8.098893084017233e-05
1261069989081157636,negative,0.3201699683426565
1261069989206949888,negative,0.003654275945979348
1261069990654066691,positive,0.721585250347747
1261069990855430144,negative,0.047837213921344365
1261069991685824513,negative,0.0037452566222103455
1261069992361107456,neutral,0.5191614046647676
1261069993178955779,negative,0.176563330889668
1261069995305504769,negative,0.06696303936280534
1261069995645288450,negative,0.013822199751433464
1261069996236713984,negative,4.548769609944681e-06
1261069996987502594,negative,0.03977289636759727
1261069997041909761,positive,0.8782164765929359
1261069997432078336,negative,0.07279594289298937
1261069997448847360,negative,0.002711820314615744
1261069998514147330,negative,0.0004989025182391388
1261069998941974535,negative,0.05284683391220212
1261069999382372359,negative,0.0027166915992849158
1261069999957049345,negative,0.11769440487032061
1261070000271605762,neutral,0.5191614046647676
1261070000380686341,negative,0.10036574307765715
1261070000464564243,negative,0.0023763902210614716
1261070002414854144,negative,0.008898096086005697
1261070003559968772,negative,0.2754716649813931
1261070003601883137,negative,5.692522821500292e-08
1261070003853557761,positive,0.9839493587962748
1261070004033896448,negative,0.0003224836925164469
1261070005476700161,negative,0.013469509337730215
1261070005988401155,negative,0.0008611185107762339
1261070006294646784,negative,0.290178147536712
1261070006554673152,negative,0.01064157014346718
1261070006789562368,negative,0.2709614506298858
1261070007712219136,negative,0.00956282098960921
1261070007766847497,negative,0.0006149946184115155
1261070008152666113,negative,0.18098584888002706
1261070008601448448,neutral,0.5191614046647676
1261070008911880192,negative,0.009635110315967137
1261070010673434629,negative,0.03106573820337694
1261070010824503296,negative,0.15284577528788865
1261070010891583489,negative,0.01064157014346718
1261070010971234304,negative,0.0012702819179254076
1261070012548288519,negative,0.006115550385365776
1261070012883898370,negative,0.04675167198232182
1261070013324234753,negative,0.2862692039324887
1261070013840179200,negative,0.01064157014346718
1261070014498701312,negative,2.36687091224882e-06
1261070014632939520,negative,0.038605913534393126
1261070014712631298,negative,0.008826489053879848
1261070015501139969,negative,0.00028661030187706287
1261070015731810305,negative,1.5180761584285677e-07
1261070016314818560,negative,0.0006149946184115155
1261070016612622336,positive,0.8782164765929359
1261070016692269057,negative,0.009635110315967137
1261070017103265794,negative,0.01064157014346718
1261070017979973632,negative,0.3201699683426565
1261070018042716160,negative,0.001677720663146492
1261070018969665536,negative,0.00019603866397410665
1261070020098035712,negative,0.0006430317737287878
1261070020978675713,negative,0.00947223504727537
1261070022551666689,negative,0.22362849854816838
1261070022803324928,negative,0.255292065586052
1261070023977766920,negative,0.03187531387841372
1261070024011321347,negative,0.0012092880121583177
1261070026318233600,neutral,0.44054615157121163
1261070027366825991,negative,0.15429739170131618
1261070027949826048,negative,0.11621235138636853
1261070028222406663,negative,4.548769609944681e-06
1261070028968992775,negative,0.31732489718339985
1261070030537719814,neutral,0.4131389883755172
1261070031271669761,negative,0.14869506692064388
1261070033431613440,negative,1.3252688118568639e-05
1261070033817493504,positive,0.7687093846196181
1261070033851084802,negative,0.010633369346061617
1261070033905684483,positive,0.9798693490778879
1261070033918271490,negative,0.2486640047527842
1261070033998041089,negative,0.16468740831664705
1261070035596050435,negative,4.411363697846655e-11
1261070036145487877,negative,0.3201699683426565
1261070036678082560,negative,0.0066214548779282055
1261070037139501058,negative,0.22328899469924132
1261070039194763264,negative,5.8251935838654246e-05
1261070039991619584,negative,0.0044020079745859
1261070040058793984,negative,0.3201699683426565
1261070040289460224,negative,0.2614185994872516
1261070040776036353,negative,0.07279594289298937
1261070041585520640,negative,0.009637184536399434
1261070041728061442,negative,3.9051972767875673e-05
1261070042638299140,negative,0.010779182274648821
1261070043296694272,negative,2.3969157595831423e-06
1261070174150701061,negative,0.0240197542781438
1261070175283150849,neutral,0.5360801807957056
1261070175442436099,negative,0.055372571349594474
1261070177208340480,negative,0.1892470523406462
1261070178483347457,negative,0.06827922717892232
1261070179280265221,negative,3.8065691874316725e-05
1261070179548770304,negative,0.0012190040298625528
1261070180110807042,negative,0.04980017307388959
1261070180798672904,negative,0.010129705213867796
1261070182295965697,negative,0.1639860460516815
1261070182946082821,negative,0.007701106104783986
1261070184162496519,negative,0.16669766082040008
1261070184514756610,negative,0.0006430317737287878
1261070185630511104,positive,0.92145900357652
1261070185894678529,negative,0.051785919767536104
1261070187085860870,negative,0.042933590103185815
1261070189187280897,negative,0.12038774780729075
1261070189581553664,negative,0.05376265809283129
1261070189661171713,negative,0.0015636691955122125
1261070190844030976,negative,0.048123055813090364
1261070191288619008,positive,0.9995130384955465
1261070191418630144,neutral,0.5703277809183654
1261070191724822530,positive,0.8619084794855766
1261070192152662026,negative,1.357221624446361e-05
1261070193465458689,negative,0.1639860460516815
1261070197433262081,neutral,0.4127096190826302
1261070199605862402,negative,0.18348240493401663
1261070200025251841,negative,6.166400438056457e-07
1261070200134348800,negative,0.00127916812967785
1261070200369274880,negative,0.004761298978579074
1261070201325568002,negative,2.4907188884127546e-09
1261070201669464067,neutral,0.6413969424581877
1261070201921187841,negative,7.072466998597983e-07
1261070202168623104,negative,0.0006430317737287878
1261070203594649600,negative,0.17878067037593526
1261070204127318018,neutral,0.3989152921021426
1261070204492275716,negative,0.0006149946184115155
1261070204693594113,negative,0.31004845114958446
1261070205326942210,negative,0.009635110315967137
1261070205364637699,negative,0.0003055890739429581
1261070205989552128,negative,0.00127916812967785
1261070206727839745,negative,6.592963623445062e-05
1261070207709298689,negative,0.30942350916132183
1261070207797395456,negative,0.15588285033482221
1261070208137076742,negative,0.12935332333077168
1261070208724279297,neutral,0.3403391890910929
1261070209445703681,negative,0.0015502968681074948
1261070210347433990,negative,0.038303803751462674
1261070211995893760,negative,0.01030974359809605
1261070212264267776,negative,0.27503109625379385
1261070212331384832,negative,0.07926138426951894
1261070213027692545,negative,0.25057522445365327
1261070213228961792,negative,2.4323344010188212e-05
1261070213476384771,negative,0.03476432013283137
1261070213824622593,negative,3.081581401876009e-05
1261070214130737157,neutral,0.4895071339990001
1261070214470475776,negative,0.05007867212490771
1261070215217102848,negative,0.18549048816354075
1261070215829426181,negative,0.006253395507161377
1261070215921704963,negative,0.013405460167787585
1261070216513142787,negative,0.006287247041412716
1261070217133916162,negative,0.0013450061478984623
1261070217201025024,negative,0.0007349789681813047
1261070218031509504,negative,0.11621235138636853
1261070218702528512,negative,0.0013346156755125913
1261070220355133443,negative,0.09603446458926226
1261070221852499968,negative,0.00956282098960921
1261070222015987715,negative,0.19276384376099165
1261070223056220160,negative,0.03476432013283137
1261070226881261568,negative,0.011988252084969094
1261070226944376842,neutral,0.47669008658475526
1261070227229609993,negative,0.04536895380760097
1261070227716046849,negative,0.0017196957097342718
1261070227800043522,neutral,0.37680543482765966
1261070228143955969,positive,0.9763121008850354
1261070229892988929,negative,0.012395425109043911
1261070230526275584,negative,0.03633703499563532
1261070234355720192,negative,0.0052170374902979965
1261070234481557504,negative,0.06304120075965536
1261070234795913216,negative,0.124532032174892
1261070234896814080,negative,0.029353732377655588
1261070235614031873,negative,0.002095425311864566
1261070237467840515,negative,0.03289608090109384
1261070237497282571,negative,0.025527589564474408
1261070238654791680,neutral,0.36953248436119723
1261070238759649282,positive,0.8782164765929359
1261070238973657091,negative,0.002928217720317866
1261070239544086528,neutral,0.5119034120618887
1261070239565074435,positive,0.8603193551361663
1261070239753789449,neutral,0.44117483818726816
1261070240013783041,negative,0.03502899758714175
1261070240550699011,negative,0.0015084038141660243
1261070240978436097,negative,0.014693915624826078
1261070241490259968,negative,0.0027435980707339364
1261070242530410496,negative,0.00011320663685326903
1261070242563919875,neutral,0.409114109669092
1261070243016798208,negative,0.0006149946184115155
1261070243214045185,neutral,0.6417147605933217
1261070244136865792,negative,0.0530156405495414
1261070244669349888,negative,0.07958848182746942
1261070244879257601,negative,0.00011224132721469062
1261070244984078338,neutral,0.49114048206328076
1261070246187880448,negative,0.00127916812967785
1261071623840575488,negative,0.0006430317737287878
1261071625241407488,negative,0.03548178564333209
1261071625405022209,neutral,0.6417147605933217
1261071625451122689,negative,0.0018716796761418194
1261071626864660481,negative,0.04212399538832998
1261071626990489601,neutral,0.5556866927953724
1261071627476926464,negative,0.0029113746740565345
1261071628005408770,negative,0.07915687485555689
1261071630211612674,negative,0.16160816210925413
1261071630715031552,negative,0.2147821849404412
1261071631126007809,negative,0.01069799533938025
1261071633009315841,negative,0.05840540636089486
1261071635303534599,positive,0.9315316592517807
1261071636100415495,negative,0.001362166358413752
1261071636368969733,neutral,0.49188674514639036
1261071637052567557,negative,0.01912972300898875
1261071638000545792,negative,0.04122977798772935
1261071639388749825,negative,8.462840383954421e-09
1261071640127037441,neutral,0.3577040618499847
1261071640206675968,negative,0.06967499314271368
1261071640781295617,negative,0.0956658001448642
1261071641167233024,negative,0.02498767402067948
1261071641406300161,negative,0.13887721975800457
1261071642354122755,negative,4.487113279668997e-06
1261071642727456770,negative,0.014142382004540028
1261071643679522818,negative,0.031906291684652775
1261071644552036359,negative,0.05840540636089486
1261071645139140609,negative,1.3179272806675117e-05
1261071645147619328,negative,0.02800422087909117
1261071646066200577,negative,0.14739456329076966
1261071648800768001,negative,0.11945710604163225
1261071649455124480,negative,0.0001255609982097801
1261071649736134666,negative,0.31735885473979114
1261071649773772800,neutral,0.37037742606747703
1261071649929117698,negative,0.039682762058830284
1261071651313156096,negative,6.136321123484173e-08
1261071651413819393,negative,0.046512161168895144
1261071652030464001,neutral,0.5000306021952764
1261071652651180037,negative,0.10734477181681684
1261071652726636544,neutral,0.3921392596637016
1261071652739321857,negative,0.07959898857717931
1261071653074681856,neutral,0.49789225920557484
1261071655461363717,negative,0.06312616280972642
1261071655520006144,negative,0.1338264633890867
1261071656568721414,negative,0.07437894456835815
1261071657776697344,negative,1.3179272806675117e-05
1261071658179313665,negative,4.120032005644058e-06
1261071658544234496,negative,0.003245436710300206
1261071659165011971,negative,1.7904086505236063e-05
1261071659437568002,negative,4.548769609944681e-06
1261071660158984194,negative,0.1963313600938323
1261071661048246284,neutral,0.49789225920557484
1261071661455093761,neutral,0.37680543482765966
1261071662067314688,positive,0.9657221512008964
1261071663254421504,negative,2.247530815692021e-05
1261071663707406342,negative,9.550888138261648e-05
1261071664646893570,negative,0.0015084038141660243
1261071664688910336,negative,0.07926138426951894
1261071665225773056,negative,0.0019402776777819905
1261071666060427264,positive,0.8127232032891534
1261071669805940742,negative,0.034971654803291334
1261071669981937664,negative,0.007491478377407189
1261071670497992705,negative,0.014870207605641667
1261071670523113473,neutral,0.3702954252343909
1261071671500451841,negative,0.04232650750484821
1261071671970148355,negative,8.47497856879012e-05
1261071672016343051,neutral,0.36440385825114957
1261071672402206721,negative,0.0015502968681074948
1261071673547272192,negative,3.8065691874316725e-05
1261071675015266305,negative,0.003834367739304022
1261071677284204544,negative,0.0004403088986680908
1261071677779148800,negative,0.007603862432120195
1261071678257446915,negative,2.4310032004417153e-06
1261071678504865796,negative,5.426455691160023e-08
1261071679045857280,negative,0.010790243737818237
1261071679549313029,negative,0.0016539261537199489
1261071680069414913,negative,0.13738451262825058
1261071680136454146,neutral,0.49673439901529404
1261071680375533569,negative,0.0006430317737287878
1261071684213321730,negative,0.031919954073574446
1261071685438095360,negative,0.10195232543105218
1261071685865873413,negative,0.009637184536399434
1261071685907775488,negative,0.0009756531235152684
1261071686042091520,negative,0.0066214548779282055
1261071687438778374,negative,0.009635110315967137
1261071689045217281,negative,0.16984925508147614
1261071689993138177,negative,0.1531769865231014
1261071691167514625,neutral,0.43874469652798986
1261071691943469056,neutral,0.34133129069459156
1261071692949909504,negative,4.7255417111700445e-05
1261071821874569216,negative,9.790360322049728e-05
1261071822130425858,negative,0.2191430854058399
1261071822151389185,negative,2.3898563738142427e-12
1261071822260441090,neutral,0.5130605840822943
1261071822583484417,neutral,0.3518889885676023
1261071822696656898,negative,0.15742766422991333
1261071824265400320,neutral,0.49789225920557484
1261071824277975040,negative,0.05613685984390258
1261071827146878976,neutral,0.3359217781560994
1261071827864113153,negative,3.0630016142375567e-09
1261071828002406400,negative,0.018681637359144816
1261071828610678784,positive,0.8782164765929359
1261071829097222145,negative,0.0006246751010915626
1261071829311111173,neutral,0.48163350008694344
1261071831420854272,negative,0.17419181412416476
1261071831836110853,neutral,0.35193251373426315
1261071831995465728,negative,0.0006297323526487123
1261071831999623168,negative,0.015866664651006432
1261071832121315340,neutral,0.48728019602140255
1261071835833262080,negative,0.001093573533383159
1261071836533665795,neutral,0.36886861758497935
1261071837410312204,neutral,0.48728019602140255
1261071838269984768,negative,0.01426784169711727
1261071838442119168,negative,0.001748435335609232
1261071838534402053,negative,0.29641731616416306
1261071838786007041,negative,0.12703271384507175
1261071839331340289,negative,0.005374276371275691
1261071839369072642,negative,2.140328551703383e-06
1261071839851433985,negative,0.023834073908745677
1261071840040058881,neutral,0.5505550505941735
1261071841302646792,negative,0.024913262737580533
1261071841927577606,negative,0.22980165766902236
1261071845283049474,negative,0.0412802506520319
1261071847283621890,negative,0.06549296553103669
1261071848269156352,negative,0.01017868999602126
1261071849263370240,negative,0.009637184536399434
1261071849754066951,negative,0.0066214548779282055
1261071850639175686,negative,0.00019367991449797397
1261071851176046594,negative,0.2782236071419222
1261071851662565384,neutral,0.46511884455441777
1261071852023287810,negative,0.0006149946184115155
1261071852358811650,negative,0.18348240493401663
1261071854036541447,negative,0.009160746807160062
1261071856716656641,negative,0.01749361399135378
1261071857094197250,negative,3.445121545728544e-05
1261071857513619456,neutral,0.47669008658475526
1261071858318946308,negative,0.0013725235535385003
1261071858461540352,neutral,0.3351384756993208
1261071858763530246,negative,0.004032134566231082
1261071859635957765,negative,6.669090327007052e-06
1261071860692684800,negative,0.2609384558852745
1261071860776742919,negative,0.012423778439232166
1261071862106333184,negative,0.026500717776295032
1261071862190268419,negative,3.1589629299708317e-06
1261071866321604609,positive,0.8782164765929359
1261071867017904129,negative,0.00956282098960921
1261071868964016133,negative,2.5485369790089535e-05
1261071869341507585,negative,0.001748435335609232
1261071870083960838,negative,0.05122390551834965
1261071870255915017,negative,0.308199125160694
1261071870876680194,negative,0.050092091252056346
1261071871392591880,negative,0.06312908047920136
1261071871770071040,positive,0.7205607441942632
1261071872910921728,negative,0.07279594289298937
1261071873359728650,negative,0.043624472347849434
1261071874575998977,negative,0.31189723935073127
1261071874819268608,negative,0.2227799157579673
1261071874840289282,neutral,0.5505550505941735
1261071874844475395,negative,4.3826570267694276e-05
1261071875863609344,negative,0.014503003518541795
1261071876027285508,neutral,0.36219882191549
1261071876345999360,negative,0.042614335212767314
1261071876971024384,negative,1.3179272806675117e-05
1261071877025431553,negative,7.388790033691612e-06
1261071879151943683,negative,0.009635110315967137
1261071880783609864,negative,0.0085896738212419
1261071881089753089,negative,0.0036694457639455465
1261071883073654784,negative,0.0015502968681074948
1261071883283423236,negative,0.00127916812967785
1261071883597942788,negative,0.11142858385471476
1261071883614793728,negative,0.009635110315967137
1261071883740602369,negative,0.11621235138636853
1261071884436885516,negative,0.0013346156755125913
1261071885120557057,neutral,0.37037742606747703
1261071885414080512,negative,0.3214078308826075
1261071886282358788,negative,0.0002172244792120224
1261071887339315206,neutral,0.49789225920557484
1261071887477747713,negative,0.007695157085848624
1261071887716831232,negative,0.11621235138636853
1261071888475979776,negative,5.237010403306905e-06
1261071888480116738,negative,0.01299392123367539
1261071888601821190,negative,0.0014735599507690763
1261071889566445574,negative,0.0007337242143566197
1261071889918758913,negative,0.010024523927155757
1261071891009343488,negative,0.058080846171161014
1261071891407736832,negative,0.22328899469924132
1261071891516850178,negative,0.052317444487015266
1261072020902514689,neutral,0.49789225920557484
1261072022949560332,negative,0.0007650476736387714
1261072023826116608,negative,0.011918511486603183
1261072023914188802,negative,4.548769609944681e-06
1261072024119791616,negative,0.03617018192035296
1261072024446754821,negative,0.13914528184915215
1261072025390637060,negative,1.1133595243476667e-05
1261072025499697157,negative,0.0051972655757809095
1261072025579335680,negative,0.06967499314271368
1261072025604575234,negative,0.06954108210877083
1261072026560856064,neutral,0.3403391890910929
1261072028955705344,negative,0.0015502968681074948
1261072029777891328,negative,0.18098584888002706
1261072029924700162,negative,0.0004832855911355414
1261072030860029952,negative,0.07638932538071
1261072030868344832,negative,0.016537514821859486
1261072031153639425,negative,0.000401081498997967
1261072031321333760,negative,0.09537127316698366
1261072031925383170,negative,0.13397866938779301
1261072032608980992,negative,0.0018143612758886277
1261072034571980801,negative,0.00127916812967785
1261072035096203264,positive,0.9995130384955465
1261072035318509568,negative,0.06061999563156052
1261072035922554881,negative,0.03562511908789619
1261072037113626625,negative,0.00027005194802780274
1261072038300659712,negative,0.14073862305967128
1261072038481006593,neutral,0.35193251373426315
1261072039517044737,negative,0.0009005165498232659
1261072039529582597,negative,0.0020983445894778765
1261072039537971200,negative,0.05657571118168813
1261072040334962690,negative,0.020722640951875843
1261072041349918721,negative,1.3179272806675117e-05
1261072042192822272,neutral,0.38966083377267685
1261072042239156225,negative,1.0116361176390614e-07
1261072043627483136,neutral,0.48728019602140255
1261072043937869824,positive,0.944003909435644
1261072044197904384,negative,0.007952229196894502
1261072044252413956,negative,0.22014155071261401
1261072044495601665,negative,0.3263226425290438
1261072044617277454,neutral,0.48728019602140255
1261072045435125767,negative,0.22190310128123153
1261072046517256198,negative,0.0005856113763100495
1261072046706040835,negative,0.0006297323526487123
1261072048379645954,negative,0.009635110315967137
1261072048564113408,negative,0.0019009991249393514
1261072049067483137,neutral,0.48728019602140255
1261072049398788098,negative,0.005729078820379638
1261072050946543618,negative,0.0005917032219382586
1261072053404413953,negative,0.02498767402067948
1261072053605675009,negative,0.09832384234973722
1261072053672837121,negative,0.0027512171815589604
1261072053739884544,negative,0.0003739915064564082
1261072053773500417,neutral,0.5241524701317473
1261072053974810624,negative,0.05376265809283129
1261072054020907012,negative,0.001734465095076725
1261072054192762880,negative,0.16190625184204965
1261072054293577728,negative,0.00127916812967785
1261072055195369473,negative,0.0008611185107762339
1261072055417667586,negative,0.012974739061449116
1261072056340357121,negative,9.442844954178946e-10
1261072057653170178,neutral,0.3870197945798013
1261072058429161473,positive,0.9766914227789169
1261072058785636362,negative,0.15835269201582441
1261072059842678784,negative,0.2645804637748251
1261072060119502849,negative,0.0006271709704536943
1261072061390356480,positive,0.7917551618104698
1261072061667172360,negative,0.21930493482039937
1261072062103289856,negative,0.0040425414539528295
1261072063298707459,negative,0.0019420336429015004
1261072063995039749,negative,0.007942105302098266
1261072064158543872,negative,0.0006538877979400553
1261072065601449986,negative,0.023317553611169183
1261072066377396224,neutral,0.48728019602140255
1261072066490634242,negative,0.13390382093950332
1261072066926739457,negative,5.5805250459893226e-08
1261072067518058497,negative,0.0829358063617889
1261072068218630146,negative,0.06534995061755723
1261072068298174465,negative,0.014897498085772492
1261072070345179136,negative,0.00011320663685326903
1261072072077385729,negative,0.0530156405495414
1261072072735895552,negative,1.3179272806675117e-05
1261072075818762245,positive,0.9731309412256457
1261072077240614912,negative,0.009635110315967137
1261072079245512704,negative,0.07119449789840437
1261072079274860544,negative,0.04675167198232182
1261072079480373251,negative,0.00035742470528590017
1261072080000430080,negative,0.030043160577938457
1261072080101089281,neutral,0.4710381263366026
1261072080319242244,negative,5.295542525237939e-06
1261072080835141640,negative,0.048334636341819774
1261072081229398017,negative,4.548769609944681e-06
1261072081397186560,negative,0.07143877399595279
1261072081535545346,negative,5.9503778798320256e-05
1261072082785402882,negative,0.06592671254909066
1261072083192352768,negative,0.0216295440333229
1261072083821477888,negative,0.03999770840714147
1261072084689616905,negative,0.000666843248902561
1261072085461409794,negative,0.0191088508259163
1261072085671129088,negative,0.12333120130852539
1261072086312857600,neutral,0.48163350008694344
1261072087218880513,negative,5.390215311644217e-05
1261072087936090112,neutral,0.4540357788719423
1261072088095481856,negative,0.009232147506659362
1261072088892399619,negative,0.0023723259193463232
1261072089672560640,negative,0.0003513379710381576
1261072212615761920,negative,0.0040425414539528295
1261072212678725633,negative,0.039388120420143106
1261072213509275648,neutral,0.3926847652451257
1261072217401626624,negative,2.5040433119175296e-06
1261072218668351490,neutral,0.4131389883755172
1261072219947634695,negative,6.357874051262648e-11
1261072221637926918,negative,0.04549310422875709
1261072222116032513,neutral,0.3577040618499847
1261072222275489796,negative,0.0734736093200907
1261072223269457923,negative,0.062294498156161726
1261072225064624130,neutral,0.48728019602140255
1261072227568672768,negative,7.22745223166037e-05
1261072228407525377,neutral,0.5869992875943767
1261072228910878720,negative,0.012513261581769118
1261072231083327488,negative,0.0018647880827415433
1261072231955922944,negative,0.06696303936280534
1261072232203390977,negative,0.007701106104783986
1261072233860128768,negative,0.05840540636089486
1261072234656993280,negative,0.01052423206977576
1261072235693031427,negative,0.01030974359809605
1261072236611604480,neutral,0.48728019602140255
1261072237655883776,negative,0.007942105302098266
1261072238444503040,negative,0.16228223478643658
1261072238897397761,negative,5.237010403306905e-06
1261072239249719297,negative,0.04278528515615724
1261072239501377538,negative,0.04521225681832914
1261072239761522689,negative,0.004075707226783108
1261072239849586691,negative,0.05864017526732119
1261072240818388993,negative,0.20849129656184165
1261072242051624963,negative,0.0005917032219382586
1261072242080976896,negative,0.11162762197975168
1261072242118668289,negative,4.6981783655054155e-07
1261072242341011457,negative,0.24973953684852862
1261072242487832578,negative,0.002899102003339625
1261072242517184518,positive,0.9095669448028859
1261072242697482240,negative,0.00011825625816227316
1261072242873700352,negative,0.013469509337730215
1261072244773699585,neutral,0.409114109669092
1261072245650317319,negative,0.009635110315967137
1261072245788676103,negative,0.07926138426951894
1261072246292058112,negative,0.0467498340877909
1261072246313017345,negative,0.1315793746362178
1261072246656901121,negative,0.09096852676538865
1261072247365787649,negative,0.0018125778228488853
1261072247449620481,negative,0.000714709906989197
1261072248766595078,negative,0.023997027547282685
1261072248842129409,negative,1.559074538896808e-05
1261072249127198720,negative,0.0004291939798083271
1261072251643985922,negative,6.166400438056457e-07
1261072251992051712,positive,0.714979263159778
1261072253678161927,negative,0.0008611185107762339
1261072253845999617,negative,0.16228223478643658
1261072256039620608,negative,5.8251935838654246e-05
1261072256123404289,neutral,0.4478889398505506
1261072256614256641,negative,0.0001954009404449971
1261072257365000192,negative,0.0005351305294892256
1261072258992406528,negative,0.0066214548779282055
1261072259428605952,negative,0.06827922717892232
1261072260569411584,negative,0.0530156405495414
1261072260732944385,negative,0.06592671254909066
1261072261211140099,positive,0.6802323574051679
1261072261458604043,negative,0.16228223478643658
1261072261479632896,negative,0.012423778439232166
1261072264805732352,negative,0.01651023651529249
1261072265430646788,negative,0.009635110315967137
1261072265493569538,positive,0.7799749557164174
1261072265921339399,negative,0.007681973746176305
1261072266684772353,negative,7.297131688756943e-06
1261072267607519232,negative,0.00928635966454866
1261072269691977728,negative,0.07656365652214434
1261072270891638784,neutral,0.5522580709852054
1261072272397414403,negative,8.012401868414259e-06
1261072273496256513,negative,0.11193737805348432
1261072274217672705,neutral,0.5505550505941735
1261072274825904128,negative,0.0013450061478984623
1261072274976800768,negative,0.07694198795676575
1261072275438276609,negative,0.0001954009404449971
1261072276881059846,negative,0.14252237697274964
1261072277623328768,negative,3.081581401876009e-05
1261072278256857088,negative,0.000497731248645134
1261072279515148288,negative,0.044022475848973154
1261072279670308865,negative,6.103312788955683e-05
1261072281205440512,negative,0.010098540541236713
1261072281805164544,negative,0.0001538915073574317
1261072282795024385,neutral,0.3359217781560994
1261072282853814274,negative,0.0009823228815433627
1261072283210260482,negative,0.02498767402067948
1261072283742978051,negative,0.29768154066058655
1261072284015644672,negative,0.003667883903900815
1261072285177389057,negative,0.0051972655757809095
1261072285198401536,negative,1.013231943300401e-05
1261072286305656838,negative,0.11696209438603497
1261072417495154693,negative,0.020915538884696317
1261072418493399040,negative,0.0530156405495414
1261072420032712710,negative,0.011342526002148518
1261072420808556544,negative,0.005853113848269164
1261072423274844166,positive,0.9067017055117128
1261072424067575814,negative,0.005729078820379638
1261072424327667712,negative,0.07958848182746942
1261072424428359685,negative,0.14950401786855722
1261072425527193602,negative,0.02436167204507064
1261072425564938242,negative,6.994230003618416e-05
1261072427288854530,negative,0.03684722106392948
1261072428605870083,negative,0.010098540541236713
1261072428710727682,neutral,0.3359217781560994
1261072429847371776,positive,0.8411731260944617
1261072430874976256,negative,0.0003513379710381576
1261072431940239361,negative,0.0001954009404449971
1261072432686759936,neutral,0.3377367795561067
1261072433764859904,negative,0.034422062161160935
1261072433924255745,negative,0.2624707538591435
1261072434645684226,positive,0.9763121008850354
1261072434733764608,negative,0.010098540541236713
1261072435698376716,negative,0.10290140058584481
1261072435740360708,neutral,0.6439653009942922
1261072436277248005,negative,0.17981243860897433
1261072436407291905,negative,0.019332762027156048
1261072437569114113,negative,3.081581401876009e-05
1261072439435497480,neutral,0.35193251373426315
1261072439708172289,negative,0.04122449292542697
1261072441557778439,negative,0.004825924682734139
1261072441683718146,negative,0.0011089614992965617
1261072441817751552,positive,0.7129863055406785
1261072444556808192,negative,0.003066129445336399
1261072444976238593,negative,0.02498767402067948
1261072445156573189,negative,0.0003055890739429581
1261072445190045696,negative,0.03684722106392948
1261072446116986885,positive,0.8603193551361663
1261072447027253249,negative,0.0015074364315360077
1261072447924658176,negative,0.011927997461607553
1261072448847519745,negative,0.02501012854296799
1261072450495840262,negative,0.00018205154377266508
1261072450852438021,negative,0.036767492379383336
1261072450936360967,negative,0.001551726558753098
1261072451032752129,negative,0.014548151890345015
1261072451485798408,negative,0.00037090943042196933
1261072452584722439,negative,0.0003055890739429581
1261072452685365249,neutral,0.5376582783896555
1261072454413320194,negative,1.3149319254271896e-08
1261072455625555970,negative,4.366366116772347e-05
1261072455684231169,negative,5.355418032126856e-06
1261072456342798336,negative,0.1335706058084613
1261072456489418754,negative,0.003654275945979348
1261072456493776897,negative,0.005244146912832756
1261072456837709825,negative,0.001792567333213372
1261072457559150592,negative,0.0005079185713548915
1261072458515451920,negative,0.1639860460516815
1261072458699997190,negative,0.11142858385471476
1261072459018711042,negative,0.04536895380760097
1261072460637786112,negative,0.0017297471047063064
1261072461841477632,negative,0.0734736093200907
1261072463473057794,negative,0.07959898857717931
1261072465540845570,negative,3.215418262282533e-08
1261072466014855168,negative,0.0015495448007214242
1261072466908188673,negative,1.559074538896808e-05
1261072467470286849,negative,0.00018184932854106768
1261072468246179842,negative,0.2432699719355544
1261072468959264768,negative,1.1638156377223444e-05
1261072469001154560,negative,8.848800198281415e-05
1261072469580013568,negative,0.048123055813090364
1261072470825750528,negative,0.07887951891885177
1261072472121708547,negative,0.015236685102100153
1261072472604057600,negative,5.8251935838654246e-05
1261072472625070080,positive,0.9731309412256457
1261072473136812033,negative,0.06827922717892232
1261072473879007233,negative,0.022823958352496773
1261072473929416705,neutral,0.36975286415945646
1261072474227294209,negative,0.07168326611435831
1261072474722177026,neutral,0.33677065988963156
1261072475208552448,negative,0.037360247853580636
1261072475279863808,negative,0.012395425109043911
1261072475674329088,negative,0.00019074297414541072
1261072475850444801,negative,0.28483591311188317
1261072477712797698,negative,0.0014030113626131526
1261072478203412486,positive,0.8273537395824193
1261072478404775940,negative,0.0064075698339267845
1261072479151423488,negative,4.548769609944681e-06
1261072480426504193,negative,0.08708421057550549
1261072480678092800,negative,0.019398626832505143
1261072480883654656,negative,3.973697389609092e-06
1261072482213269505,negative,0.004951945841102771
1261072483127562247,negative,0.0074953683205328655
1261072484176138240,negative,0.011665203872229649
1261072485719707649,negative,0.003754816280564531
1261072485920968704,negative,5.237010403306905e-06
1261072486197846016,negative,0.010961626980101863
1261072610781257733,negative,4.548769609944681e-06
1261072612626780160,negative,5.129869659574392e-06
1261072612924538880,negative,0.012401798954252379
1261072613264195587,negative,0.0011253349604855578
1261072614463864833,positive,0.9770836924529664
1261072616254771201,negative,0.02436167204507064
1261072616485457922,negative,0.009635110315967137
1261072617462804486,negative,0.0012702819179254076
1261072617592643584,negative,2.2561129672440713e-06
1261072619371220993,negative,0.014713850535849192
1261072621086670848,neutral,0.34330076883275634
1261072621568790528,negative,0.000428047530815227
1261072623603273732,negative,0.13726101296200716
1261072623871627264,negative,0.0006430317737287878
1261072624911818753,neutral,0.5605298535204721
1261072626056941571,negative,0.0013450061478984623
1261072626610507776,negative,0.004507421630060434
1261072627197775880,neutral,0.632872165243195
1261072627357093890,neutral,0.3403391890910929
1261072628271415296,negative,0.0024999886066255726
1261072630012096513,neutral,0.48728019602140255
1261072630565699585,negative,1.669352956059049e-06
1261072631714975744,negative,0.05840540636089486
1261072631715028997,negative,1.434927808269874e-05
1261072632360943616,negative,0.00031957725565827074
1261072632541335552,negative,0.07279594289298937
1261072633438896132,negative,0.00648611860487168
1261072633484972044,negative,5.8251935838654246e-05
1261072633799553024,negative,0.2509070549148021
1261072634269360129,negative,0.10284221082403829
1261072634332225536,negative,0.009635110315967137
1261072634734882816,negative,0.009635110315967137
1261072636521693185,negative,5.345765842188915e-07
1261072636664320000,negative,0.06827922717892232
1261072636978888706,negative,0.0006430317737287878
1261072637163380736,negative,2.043726157718943e-05
1261072639671635970,positive,0.9624376246851655
1261072640141393923,negative,0.0006149946184115155
1261072646365745154,neutral,0.4393101850869295
1261072646541848576,neutral,0.35193251373426315
1261072647682744322,negative,0.15493166711183465
1261072648748007425,negative,2.8106730732866917e-10
1261072649352077313,negative,0.013770046126213829
1261072649385541639,neutral,0.42923183263943143
1261072650736152576,negative,0.017508861941054867
1261072652355211265,positive,0.9999680379030773
1261072653064036353,negative,0.06884933194749646
1261072654062292993,negative,0.05657571118168813
1261072654167150593,negative,8.525986869025335e-06
1261072654615920640,positive,0.9186396055900012
1261072655089905667,neutral,0.5191614046647676
1261072655622508544,negative,1.434927808269874e-05
1261072656029245440,negative,0.019398626832505143
1261072656083845121,positive,0.8298488426650559
1261072656490795011,negative,5.873297198345383e-06
1261072656675323909,negative,0.2147821849404412
1261072656738258947,neutral,0.5505550505941735
1261072657379966976,negative,0.039547711184311767
1261072657631633408,negative,0.0007309153738612042
1261072657673486337,neutral,0.4862913000643885
1261072658671828992,neutral,0.4863364197307839
1261072660060086275,negative,0.02498767402067948
1261072661242949635,positive,0.6781425568160937
1261072661297364993,negative,3.58767187598013e-06
1261072662043987968,negative,4.548769609944681e-06
1261072662052458497,negative,0.07780722681789691
1261072662417281025,neutral,0.49789225920557484
1261072662476075009,negative,0.0019402776777819905
1261072663583358977,negative,0.11734197440161946
1261072666053705729,negative,0.26126883223545183
1261072666158600197,neutral,0.4210617759613723
1261072667844775941,negative,0.012009525610301459
1261072667953766401,negative,9.120202281886766e-05
1261072668016640000,negative,2.8742421059056533e-07
1261072668671070209,neutral,0.36468924727245433
1261072670550118400,negative,0.05840540636089486
1261072670902439936,negative,0.02791094795118935
1261072671086981121,negative,0.10522542756600707
1261072671443484672,negative,0.05847659869305358
1261072672672317445,negative,0.024913262737580533
1261072673670672385,positive,0.8442014614349974
1261072674215866370,negative,0.00012849878613880437
1261072675058966529,negative,0.08708421057550549
1261072676325658624,positive,0.9763121008850354
1261072677219033088,negative,0.005244146912832756
1261072678506696710,negative,3.081581401876009e-05
1261072678552768512,negative,0.00219591357616186
1261072678666080258,neutral,0.48728019602140255
1261072679043547145,neutral,0.38817042317550166
1261072679886630912,negative,8.47497856879012e-05
1261072681866268683,neutral,0.48728019602140255
1261072682377977856,negative,0.051721012886817
1261072682747154432,negative,0.07130347598287096
1261072683082616840,negative,0.06696303936280534
1261072683191631872,negative,1.1307531192782122e-05
1261072811893932032,negative,6.28120904532806e-05
1261072812757913600,negative,0.007942105302098266
1261072814448181250,negative,0.031906291684652775
1261072814699839495,positive,0.8877580857125646
1261072816843239431,negative,0.06388290419536183
1261072816918626306,positive,0.7799749557164174
1261072817614970881,negative,0.0019402776777819905
1261072817757589505,negative,0.031906291684652775
1261072817799548928,negative,0.23736519448931323
1261072819317850112,negative,0.0003513379710381576
1261072819653414914,neutral,0.33638844707444554
1261072820152471555,negative,1.379580946527459e-11
1261072820320137217,negative,0.026500717776295032
1261072821519876097,negative,0.0007122612135837437
1261072822245392385,negative,0.005244146912832756
1261072822606102528,negative,0.14030418357026964
1261072822815817728,negative,0.008970894893046477
1261072822954266631,negative,0.0009938900950847726
1261072823331835905,negative,0.0015160842106354282
1261072823457546242,negative,3.081581401876009e-05
1261072823587569669,negative,0.005244146912832756
1261072824204173318,negative,0.0829358063617889
1261072824359321605,negative,0.0002605597527524996
1261072825072390144,negative,1.6487470360245807e-07
1261072825781227520,negative,1.991662637930287e-06
1261072826351616001,negative,9.790360322049728e-05
1261072828813783040,negative,0.03187531387841372
1261072828826300416,negative,0.002928217720317866
1261072830319525888,negative,0.003667883903900815
1261072830785040385,negative,0.07694198795676575
1261072830885756928,negative,0.04980017307388959
1261072831040958465,neutral,0.4863364197307839
1261072831716171776,negative,0.0017122187770887457
1261072831795822593,negative,0.0063182295770754186
1261072833620463616,negative,0.002490752559860821
1261072834677346305,neutral,0.6439653009942922
1261072835382071296,negative,0.0011883062568920806
1261072835486892033,negative,2.1351910184198627e-11
1261072838603218945,negative,0.11142858385471476
1261072839781896192,neutral,0.49115264481839077
1261072841178599425,negative,0.0034833624252509137
1261072841325383681,positive,0.9995130384955465
1261072841954463744,negative,0.005403860670970316
1261072843611279363,negative,0.0066214548779282055
1261072843883806721,negative,0.22362849854816838
1261072845289000962,neutral,0.5130605840822943
1261072845876137988,negative,0.02974200214645776
1261072846610186242,negative,0.08909696344882251
1261072846794772480,neutral,0.6439653009942922
1261072847658782720,negative,0.01030974359809605
1261072847709114370,negative,0.040094110602713146
1261072848329805831,negative,0.0530156405495414
1261072848774365184,negative,0.11142858385471476
1261072849667854339,negative,0.00956282098960921
1261072849927843841,negative,0.02711050628086597
1261072850158575616,neutral,0.37037742606747703
1261072850875813889,negative,0.2018545755243397
1261072851282649089,negative,0.0070958475026905036
1261072852285042689,negative,0.1770623610572286
1261072852591226880,negative,1.429846024377683e-05
1261072856441589761,negative,0.24411536935801273
1261072856529633281,negative,0.05009443085707931
1261072856684933120,neutral,0.49789225920557484
1261072857641168896,negative,0.03152711687377514
1261072857729294338,negative,0.0015160842106354282
1261072859406970880,negative,0.0006454117731109582
1261072859889315840,negative,0.058361842487511945
1261072860438835200,neutral,0.3335303853507717
1261072860757532672,negative,4.548769609944681e-06
1261072861093081089,negative,0.025610582370064673
1261072861709717504,negative,0.01299392123367539
1261072862221385728,negative,9.465906469993257e-07
1261072863471206405,negative,0.022823958352496773
1261072864868028416,negative,0.0007544988372025122
1261072865690030080,negative,0.0009576336557415467
1261072866973548551,negative,0.00928635966454866
1261072867611095047,negative,1.559074538896808e-05
1261072867661316097,negative,0.2982889117040943
1261072868911337475,negative,0.00020014536208047315
1261072869309677568,negative,0.02051280459500951
1261072869947310080,neutral,0.48728019602140255
1261072870001737728,negative,0.01286555566396438
1261072870240915457,negative,4.548769609944681e-06
1261072870639271940,positive,0.8298488426650559
1261072870786191360,negative,0.16222600747749508
1261072873529237506,negative,0.0003055890739429581
1261072873537634306,neutral,0.4492662328643014
1261072873826979845,negative,0.0412802506520319
1261072873852190721,negative,3.368553550960685e-06
1261072875588669440,negative,0.0075481802417570465
1261072875613814786,negative,0.052317444487015266
1261072875680722944,negative,0.08708421057550549
1261072875752173568,negative,0.167204924532387
1261072877224366086,negative,0.028638616496659563
1261072877241196550,positive,0.666137466771807
1261072878101020672,negative,0.00956282098960921
1261072879518613505,negative,0.0051972655757809095
1261072880814755840,negative,5.8251935838654246e-05
1261072880869216257,negative,0.06061999563156052
1261072881032876032,negative,0.02843441718544169
1261072881452285952,negative,0.17409250953881047
1261072881666138113,negative,0.0012459385750609017
1261072882232291328,positive,0.8442014614349974
1261072882488279040,negative,0.15854912067709181
1261072882492375041,negative,0.158955862888185
1261073010573873156,negative,0.0018927276722128486
1261073012608176131,negative,0.11621235138636853
1261073012876619776,neutral,0.35193251373426315
1261073013371437059,negative,0.003466173084638746
1261073013514080256,neutral,0.3746008108018062
1261073013975527426,neutral,0.49789225920557484
1261073014130651139,negative,0.00011927837172258229
1261073014222991367,negative,0.023031601691600314
1261073014936010752,negative,0.00334830842108305
1261073015338602498,neutral,0.35193251373426315
1261073015716151298,neutral,0.6101475452213356
1261073015791640576,negative,4.959180406609522e-05
1261073016613679104,negative,5.8251935838654246e-05
1261073017041563649,negative,0.02498767402067948
1261073017049878529,neutral,0.6462984645562982
1261073017112858624,negative,0.0005917032219382586
1261073017259593729,negative,0.03415628029767989
1261073017469317125,negative,0.00980972105898589
1261073018131972098,negative,0.006260340509643752
1261073018303983616,negative,0.00013483502845262842
1261073018631139330,negative,0.0006149946184115155
1261073018677276674,negative,0.0037311572358234945
1261073018769551361,negative,0.007270379411655592
1261073020098994176,negative,2.5485369790089535e-05
1261073020761919488,neutral,0.6439653009942922
1261073021944594432,negative,0.07587277469554032
1261073024419270657,negative,0.24530108986558227
1261073025157521408,negative,0.012030079196461976
1261073029372743680,negative,0.13969053254148095
1261073032707223552,negative,0.013838584136385536
1261073033017675776,negative,0.010000182545153478
1261073033646743554,negative,0.00023216403790224206
1261073034124894210,negative,5.176494484174902e-06
1261073034267541504,negative,0.0177472742145381
1261073034284326914,neutral,0.569259385241047
1261073034498228225,neutral,0.4131389883755172
1261073034879938561,positive,0.8846014143464835
1261073035429363712,negative,0.00956282098960921
1261073036897329152,negative,0.03863573124866836
1261073037757202433,negative,0.0004550928181093024
1261073037912350721,negative,0.0008358252284643122
1261073039225171969,negative,0.0070958475026905036
1261073039267110922,negative,0.05105448481933101
1261073039749525504,negative,0.009635110315967137
1261073039825002501,negative,0.001015782712010595
1261073040647036928,negative,0.009983766628896098
1261073042618421248,negative,0.23575715674488534
1261073042991710212,negative,0.014897498085772492
1261073043167862785,negative,0.18417862803706667
1261073044178636802,negative,0.04618750821847108
1261073044254216192,negative,0.11142858385471476
1261073045478916097,negative,0.0070958475026905036
1261073045902540807,negative,0.08479870084354241
1261073047106314240,negative,7.850053774605524e-12
1261073047865503747,negative,0.05840540636089486
1261073048700059648,negative,0.08297795766367937
1261073048905580546,negative,4.712579046647293e-06
1261073048930791430,negative,0.0651313885531468
1261073049316724739,negative,8.012401868414259e-06
1261073051342573568,negative,0.2887944283778857
1261073051355136000,negative,0.03731017890917338
1261073051824816131,negative,0.010009121344066561
1261073051984199686,negative,0.000657305283952807
1261073052240162821,negative,0.04122977798772935
1261073052454006784,negative,0.2562231775067642
1261073053934641153,negative,0.15896720939757006
1261073054207225861,negative,0.0007544988372025122
1261073058518925318,negative,0.009877624500936271
1261073058971992073,negative,0.03345081218377502
1261073059575762944,positive,0.8467813792165689
1261073059982827521,neutral,0.4662169283079212
1261073059995418625,negative,4.400370766049876e-08
1261073060473561088,negative,0.11142858385471476
1261073060519649290,negative,0.012526473089781932
1261073061178212357,negative,5.428521649563439e-05
1261073061845118976,negative,0.046512161168895144
1261073062147096576,negative,0.0003513379710381576
1261073062176468995,negative,0.0009823228815433627
1261073063392751622,neutral,0.48728019602140255
1261073065506635776,negative,0.19060071632849393
1261073065531846656,neutral,0.35193251373426315
1261073070325932037,negative,0.0006149946184115155
1261073070955036672,negative,0.06979617208118148
1261073071819173892,negative,0.0004884056521234479
1261073071877902336,negative,0.0038617293982355703
1261073072360169474,negative,0.05209653338449522
1261073072909684737,neutral,0.3761432841706203
1261073074084024320,negative,0.08396002503196653
1261073074645950465,negative,1.3498810683535953e-06
1261073075921137664,negative,0.03654897661394997
1261073078060232705,negative,6.13814092276323e-06
1261073078328496128,negative,0.0005844938474168968
1261073079490543617,negative,0.01717912023755394
1261073203318984705,negative,9.681941297505716e-08
1261073204296237056,positive,0.9186396055900012
1261073205214748674,neutral,0.4862913000643885
1261073205843898370,negative,8.012401868414259e-06
1261073209702715392,negative,0.007491478377407189
1261073210021380098,neutral,0.4862913000643885
1261073212189933569,negative,2.047563006091809e-05
1261073212911255553,negative,0.07279594289298937
1261073214593216515,negative,0.04536895380760097
1261073214777823232,negative,0.2642989205609141
1261073215218167809,neutral,0.4393101850869295
1261073215855738881,neutral,0.5564336786568836
1261073215927050240,negative,0.0014030113626131526
1261073216749088769,negative,0.00012512869941913015
1261073217181138954,negative,0.011342526002148518
1261073217298534402,neutral,0.36219882191549
1261073217449611265,neutral,0.6375846891058706
1261073217965322242,negative,0.009635110315967137
1261073219349594112,positive,0.7645894120138468
1261073219597058049,negative,0.01052423206977576
1261073219802615808,negative,0.13969053254148095
1261073219857121284,negative,0.004069477724187613
1261073221241245697,negative,5.8251935838654246e-05
1261073222516211713,neutral,0.49789225920557484
1261073223598342144,neutral,0.39523208040613517
1261073224223412224,negative,0.0017197746741180336
1261073227100684288,negative,0.00471045497153983
1261073227641761795,negative,0.0006430317737287878
1261073228333809665,neutral,0.46502620540948164
1261073229260750850,negative,4.712579046647293e-06
1261073229885722626,positive,0.6670198792510444
1261073230296645633,negative,0.12257904940742644
1261073233194946561,negative,0.20564876658906225
1261073234021187584,negative,0.24514635772904694
1261073234411339779,neutral,0.48728019602140255
1261073234461679620,negative,9.842486402025053e-05
1261073235946373123,negative,0.0745776003410468
1261073237288660992,negative,0.014897498085772492
1261073237460557826,negative,0.06522069115785255
1261073238911782913,negative,0.00127916812967785
1261073239352258561,negative,0.062294498156161726
1261073239398383629,negative,0.06634671188474327
1261073239763234816,negative,0.021887789250521525
1261073240279134209,negative,0.045435831166805
1261073241306775557,negative,2.2922952784208814e-06
1261073242074292229,neutral,0.3983155815913078
1261073242242121728,negative,0.00012697506139555223
1261073242992922625,neutral,0.4662169283079212
1261073243500433411,negative,0.025517817944349205
1261073245110972416,positive,0.8442014614349974
1261073245303967744,positive,0.6624055896622104
1261073245501038593,negative,0.0001469105543117679
1261073245597507584,negative,0.05847659869305358
1261073246683828224,neutral,0.4587894237857181
1261073246994169857,negative,0.010513168063251057
1261073250441887745,negative,0.0012646858649395514
1261073250874003457,negative,0.05325483553597971
1261073250928545794,negative,0.0003055890739429581
1261073252782354433,negative,0.038037575988419246
1261073252841119744,negative,2.690097705904338e-09
1261073253004726272,negative,4.0878732399188736e-07
1261073253973573633,negative,0.20093606338218228
1261073254342709255,negative,0.11797898567183755
1261073255944859654,neutral,0.48728019602140255
1261073256041385985,neutral,0.3359217781560994
1261073257240956931,negative,0.00015632174367194557
1261073257308053510,negative,0.12333120130852539
1261073258021113858,negative,0.03382821258925588
1261073258314706944,negative,0.04760003644168561
1261073259019284482,negative,5.237010403306905e-06
1261073259136770048,negative,0.08479870084354241
1261073259317137411,negative,0.12381023232111757
1261073259929505795,negative,0.2018545755243397
1261073260038373378,negative,0.0007896640195280059
1261073261376438272,negative,0.0006600108011293359
1261073262198640643,negative,0.0995952757041119
1261073262718615554,negative,0.0008763487582074545
1261073264505434112,negative,0.11621235138636853
1261073264622940160,negative,5.425793299692568e-06
1261073264819961856,neutral,0.36975286415945646
1261073265524486144,negative,0.012129363327643543
1261073265969283073,negative,0.03415628029767989
1261073269093957639,negative,0.007569742607778936
1261073270536835073,negative,0.14042478541975506
1261073270549479426,negative,0.08062036122506527
1261073270914375680,negative,0.11621235138636853
1261073270918479872,neutral,0.48728019602140255
1261073271971332097,negative,0.06809762581072988
1261073272176664577,negative,0.07915687485555689
1261073272822738945,negative,0.09258796205260134
1261073273510559744,negative,0.09932435804132303
1261073276249542657,negative,0.0016369362212482132
1261073276740284416,negative,0.05889292828613174
1261073277423943681,positive,0.9624376246851655
1261073278073962496,negative,0.08913093480629793
1261073406310731777,negative,0.10552902027931559
1261073407644504065,negative,0.09453733028297408
1261073408005148674,negative,0.0004685120905880194
1261073408722374657,negative,0.04122977798772935
1261073409913610241,negative,0.00013766818359527567
1261073410777657348,negative,0.05840540636089486
1261073411008233472,negative,0.02974200214645776
1261073411260002305,negative,0.007491478377407189
1261073411595517952,negative,0.0003513379710381576
1261073412304314378,positive,0.9772745178573247
1261073413998891009,neutral,0.3517570378324615
1261073414430826496,negative,0.12419505481976163
1261073415051661315,negative,0.23080955395214584
1261073416301363200,negative,0.0020532864352960415
1261073417371033600,negative,0.06696303936280534
1261073418100920320,neutral,0.6558985228264356
1261073418411261953,negative,0.05376265809283129
1261073420894306305,negative,0.034816105275222706
1261073421447954432,positive,0.9933130682878175
1261073423528230913,negative,7.984646688047655e-15
1261073423540854790,neutral,0.33649804038495584
1261073423842725888,negative,0.019398626832505143
1261073423998033920,negative,0.00127916812967785
1261073424518131713,negative,0.2756676658265441
1261073424958525441,positive,0.7154964317366478
1261073425508052993,positive,0.9735087569021971
1261073426078367744,negative,0.01299392123367539
1261073426598559748,neutral,0.49789225920557484
1261073426745360384,negative,0.005244146912832756
1261073427118673921,negative,0.22508260209168748
1261073427525320705,negative,0.045595704785805824
1261073427999457282,negative,0.042471736993696
1261073428016234497,negative,0.07959898857717931
1261073428355977216,neutral,0.4492662328643014
1261073429115154432,negative,0.0085896738212419
1261073429417070596,negative,0.01351522121514013
1261073429425422337,negative,0.06696303936280534
1261073429559738368,negative,0.0015502968681074948
1261073430994173952,negative,0.0001970576642085394
1261073431879192583,negative,4.3398014230434004e-10
1261073433531744260,negative,0.2756676658265441
1261073433552719873,negative,0.08809221387253646
1261073433686945794,negative,0.0006430317737287878
1261073434857082880,negative,0.0219261650629614
1261073435066761217,negative,0.006253395507161377
1261073436878802949,negative,3.8065691874316725e-05
1261073437768011784,positive,0.8401154641959865
1261073437776281601,negative,0.11621235138636853
1261073438711709696,negative,0.00956282098960921
1261073440108404741,negative,5.426811121435662e-05
1261073440196435970,negative,0.07001058233721168
1261073440305565700,negative,0.12257904940742644
1261073442826334209,negative,0.05481594061233107
1261073442910208007,negative,0.0002855527023645415
1261073445569417217,negative,0.0734736093200907
1261073447737864197,negative,0.010747092904500506
1261073447993704450,negative,0.2756676658265441
1261073448597688327,negative,0.0011932448869651758
1261073448903860225,neutral,0.48728019602140255
1261073449541341184,negative,0.06368189174123162
1261073449734324225,positive,0.8401154641959865
1261073450619359244,neutral,0.39195208547533217
1261073451974045696,negative,0.01219647451264966
1261073453576323072,neutral,0.49789225920557484
1261073453664305153,negative,0.0005856113763100495
1261073454582939651,negative,0.015318156523164796
1261073455371505669,negative,0.009635110315967137
1261073456336195585,negative,0.07756456784850768
1261073457023979522,negative,0.03684722106392948
1261073458898907142,negative,0.011342526002148518
1261073460182335490,negative,0.013469509337730215
1261073460270436354,neutral,0.629313361771838
1261073460618461185,negative,0.00127916812967785
1261073460849258501,negative,0.07321495667762626
1261073461004374022,negative,0.03711426883569289
1261073463726530561,neutral,0.3518889885676023
1261073463961419776,negative,0.06552190219112722
1261073463965634560,neutral,0.34133129069459156
1261073464204709890,negative,0.05840540636089486
1261073464666054659,positive,0.9995130384955465
1261073464737378304,negative,0.03636663667339685
1261073465928372224,negative,0.15896720939757006
1261073467513819138,neutral,0.49789225920557484
1261073467652411395,negative,4.500233160742359e-05
1261073468080164865,negative,0.03548178564333209
1261073468864503809,negative,5.604728193181766e-05
1261073468985991169,negative,0.0006430317737287878
1261073470915411970,negative,0.00026647291485239335
1261073471708299265,negative,0.0012190040298625528
1261073600964165632,negative,0.07638932538071
1261073601903484929,negative,0.0005951614714856696
1261073604843880456,negative,0.013364663414617825
1261073605280043011,negative,0.005777843704185637
1261073605330456578,negative,0.1657726893975348
1261073605397528581,positive,0.7438620309185666
1261073607129784323,negative,0.0007634442640288814
1261073607272300544,negative,5.588853894797401e-05
1261073608128049152,negative,0.176563330889668
1261073609587593217,negative,0.0014735599507690763
1261073609725968385,negative,0.0003335770457416692
1261073609767993347,negative,0.306724589378688
1261073611223269377,negative,0.13277119670224774
1261073612473356289,negative,0.010961626980101863
1261073612653674500,negative,0.0020679137294755223
1261073613068910592,negative,0.17369904314559317
1261073613228310536,negative,0.1639860460516815
1261073613496684545,negative,0.00043189744998649196
1261073614423707653,positive,0.7030510374703716
1261073614788530179,negative,0.052337066318614164
1261073615522594821,negative,0.05614900536340445
1261073618181566464,neutral,0.3565519623216345
1261073618408296452,negative,0.09502863958101852
1261073619058331651,negative,0.03307193525354616
1261073622082433024,negative,0.01219647451264966
1261073622980079616,negative,0.00019074297414541072
1261073623223279618,negative,0.2756676658265441
1261073623802155021,negative,0.01654988152053202
1261073624305467394,negative,0.04675167198232182
1261073624414420998,positive,0.8442014614349974
1261073625190469633,negative,0.005729078820379638
1261073625215631365,neutral,0.33085917452218194
1261073625240801280,positive,0.9608045445004245
1261073626029273096,negative,0.14323366987260364
1261073627639881731,negative,0.002451863214744108
1261073629363802114,negative,0.3025628749561155
1261073629632253955,positive,0.8442014614349974
1261073629686759424,negative,0.06696303936280534
1261073629938360321,negative,0.22362849854816838
1261073631867781121,negative,0.3208053490546449
1261073632199086080,negative,0.12011451595521928
1261073632941559808,negative,0.0006149946184115155
1261073633155395584,negative,0.0075779144192591455
1261073633235152896,neutral,0.3746008108018062
1261073633692258305,negative,0.0022252025360227057
1261073634128470021,negative,0.15605358816441192
1261073634749186050,neutral,0.49789225920557484
1261073635554537472,negative,0.0006149946184115155
1261073635802054657,negative,0.001015782712010595
1261073636699619338,negative,0.0012190040298625528
1261073638251429889,negative,0.2774703723599347
1261073639199440897,negative,0.01576197662578871
1261073641728598016,negative,0.10661604346045266
1261073643846668294,negative,0.009635110315967137
1261073645482520577,negative,0.22095369110816682
1261073645620867072,negative,0.03834454024618712
1261073646317076485,negative,0.07465782853259012
1261073646862381059,negative,0.0002833782113330613
1261073647478943744,negative,0.00021750787479588303
1261073648573648896,negative,0.2007510467018541
1261073649051860998,negative,0.006525984004162968
1261073649098018816,negative,0.2756676658265441
1261073650326913024,positive,0.9849685182887814
1261073650389782528,neutral,0.6384024051836308
1261073650985377792,negative,0.03684722106392948
1261073651559993351,positive,0.7519034299092918
1261073651899797506,neutral,0.6162940829641084
1261073652742795271,negative,0.11353929990722053
1261073654642868231,negative,0.0003513379710381576
1261073656261861377,negative,0.018275229005576387
1261073656589017088,negative,0.01915812214238469
1261073656811335686,negative,0.00010117431210239516
1261073658174418944,negative,0.0013450061478984623
1261073659227246592,neutral,0.5136446707795853
1261073661282471938,negative,1.6487470360245807e-07
1261073661458612224,negative,0.24911523093064666
1261073661827694592,negative,0.03185623092912526
1261073664365211651,negative,0.07168326611435831
1261073664835026944,negative,0.052317444487015266
1261073664881111042,negative,0.0412802506520319
1261073665204129792,negative,0.0014039567390036662
1261073666395291653,negative,5.8251935838654246e-05
1261073666856620034,neutral,0.36813873394072316
1261073667355705346,negative,0.03836071837902141
1261073667464802304,negative,1.3650750632010872e-14
1261073667632640000,negative,0.0010402257943731524
1261073667988975616,negative,0.012129363327643543
1261073808259235841,neutral,0.4210617759613723
1261073808472936448,negative,0.20294435150661957
1261073808523268097,negative,0.08529990686631934
1261073808531705856,negative,0.0022063118554985664
1261073808544469000,negative,0.0004035410435288037
1261073808548679687,negative,0.0022926007339736185
1261073808561233921,neutral,0.613336874600098
1261073808565456905,negative,1.0421584990375315e-07
1261073808628252677,negative,0.013911960189549854
1261073808632410113,negative,0.04352581530199243
1261073808665931778,negative,0.1616017167913338
1261073808703787010,negative,0.00024019479924279898
1261073808716443650,negative,0.07109450888647872
1261073808724652032,negative,0.09354068925630403
1261073808741543936,neutral,0.49789225920557484
1261073808762580992,negative,0.02461711126602171
1261073809328820224,negative,0.29311512235789605
1261073809806962689,negative,0.002928217720317866
1261073811727953920,negative,0.0017122187770887457
1261073812055035906,negative,0.17419181412416476
1261073812319350784,negative,3.8065691874316725e-05
1261073812835184642,neutral,0.5287045137283256
1261073813137129474,negative,0.07926138426951894
1261073813313400838,negative,0.0027435980707339364
1261073813955108867,negative,0.0052170374902979965
1261073816362651650,negative,5.192372632520369e-07
1261073817750945792,neutral,0.5000306021952764
1261073817910329348,negative,1.2524300464733578e-05
1261073818761801728,negative,0.020246698023273373
1261073820254973957,positive,0.9398716506070102
1261073820275875841,negative,0.0003513379710381576
1261073820443607043,neutral,0.6165231833858643
1261073820812804096,positive,0.9740309236086951
1261073820909047808,negative,0.11953450913703458
1261073821332836359,negative,0.04638127160131586
1261073822649921537,negative,0.2541276552200637
1261073822989590529,negative,0.019015289147812295
1261073823128043527,negative,0.04051450787141339
1261073823199363073,negative,0.0003749083576348535
1261073823736008704,negative,0.3143208744784813
1261073823757189120,negative,0.0028255310861566947
1261073823778013184,negative,0.31777144373046573
1261073823857807360,neutral,0.4147342023902695
1261073823903948800,negative,0.22832379841307177
1261073824965156865,negative,0.0026117993977898013
1261073825728471041,negative,0.011342526002148518
1261073826256953345,negative,0.13863011357948796
1261073827175563275,negative,0.2774703723599347
1261073827653652481,negative,0.010179069610191282
1261073828932976640,negative,0.019485916969439382
1261073829503385606,negative,0.04675167198232182
1261073830535143427,negative,0.2674798365066058
1261073830619099138,negative,0.0005871513496367829
1261073831189450753,negative,0.052337066318614164
1261073831252430850,negative,0.19011993839441071
1261073832284168194,negative,0.30158689065846955
1261073833206992896,negative,0.3214078308826075
1261073833328508928,neutral,0.6597232454045365
1261073833492086785,neutral,0.47669008658475526
1261073834171666433,neutral,0.49789225920557484
1261073835077406720,negative,0.004951945841102771
1261073835597664256,negative,0.005635731978743851
1261073835614523393,negative,0.0005683630289753149
1261073836608454656,negative,0.0012384938789308196
1261073838365970433,negative,0.009037254110746665
1261073838621765634,positive,0.9576765494281486
1261073839351648261,negative,0.0070958475026905036
1261073840186077185,negative,0.0015551117128797865
1261073840198889478,neutral,0.39849346787609835
1261073841410969604,negative,0.050092091252056346
1261073841436143619,neutral,0.35193251373426315
1261073841457160192,negative,0.019398626832505143
1261073843386494981,neutral,0.35193251373426315
1261073844254760962,negative,4.548769609944681e-06
1261073844758077441,negative,5.8966446837491525e-05
1261073844841914369,neutral,0.37459658941747853
1261073845257109504,neutral,0.37037742606747703
1261073846884540417,negative,0.010530328720824406
1261073847735943170,negative,0.005926320658889875
1261073847916339200,neutral,0.49789225920557484
1261073849044611072,negative,0.07279594289298937
1261073849162051586,negative,0.0014030113626131526
1261073851104059394,negative,0.0003229528186226643
1261073851678625792,negative,0.15285865069466753
1261073852941074432,neutral,0.37037742606747703
1261073854262398976,neutral,0.5735294531537379
1261073854987939841,neutral,0.420149940444411
1261073855537385472,negative,0.22902694858319156
1261073856120446988,negative,0.2756676658265441
1261073857068388352,negative,0.00020014536208047315
1261073857806512128,negative,1.5259879555308899e-06
1261073859991810048,neutral,0.4276072023135459
1261073860092444674,negative,1.3179272806675117e-05
1261073860247662596,negative,0.28854426538347494
1261073860515987458,negative,0.0006126222186817111
1261073860776124422,positive,0.7618503796287162
1261073861044469760,negative,0.12703271384507175
1261073861333913614,negative,4.548769609944681e-06
1261073861367468035,negative,0.04122977798772935
1261073861845692417,negative,0.020495808921030766
1261073862567002115,negative,0.0009823228815433627
1261073863024218113,negative,0.0071597246457732406
1261073863535988736,negative,0.06061999563156052
1261073864051888128,negative,4.712579046647293e-06
1261073864592932867,negative,0.00014722994719770996
1261073864873869312,negative,0.0004847443768819079
1261073865301798912,negative,0.167204924532387
1261073865830268935,negative,2.120819422983885e-06
1261073866635575296,negative,0.2662388417268517
1261073868384432128,negative,0.037360247853580636
1261073868963356673,negative,0.19276384376099165
1261075378493444097,negative,0.004772296484939522
1261075378543697920,positive,0.8846014143464835
1261075379189690369,negative,0.0009069426288907534
1261075379344879616,negative,0.12962242848024538
1261075379453931520,negative,0.027383195841807095
1261075381072924672,neutral,0.46794120207220813
1261075381261565952,negative,0.17646238775534856
1261075382134091777,positive,0.8529352753488834
1261075382289211400,negative,0.007783993882948994
1261075382507319296,negative,5.426811121435662e-05
1261075384340185088,negative,0.0019009991249393514
1261075384659050496,negative,0.07038180670255602
1261075386441621506,negative,0.00956282098960921
1261075388731740162,negative,0.009635110315967137
1261075391491584001,negative,0.06696303936280534
1261075391936106497,neutral,0.5560976398329908
1261075392506613762,negative,0.001748435335609232
1261075392951173122,negative,0.00011248775604814773
1261075392988930049,negative,5.836928470403229e-06
1261075393253117952,negative,0.15896720939757006
1261075393257365504,negative,0.0003513379710381576
1261075393425158145,negative,0.0984274236571511
1261075393462841344,negative,0.0032418612783385826
1261075393966153728,negative,9.919400674819537e-10
1261075394687574019,neutral,0.40053898876181676
1261075395308331010,negative,0.0458013759992648
1261075395518046215,negative,0.00956282098960921
1261075396298248192,negative,0.0012654646123820023
1261075396554043396,negative,0.009595571103236977
1261075397992726529,neutral,0.48728019602140255
1261075399183826944,negative,0.0219261650629614
1261075400362426371,negative,0.014232781389236731
1261075400714829829,negative,0.011255697055601655
1261075403852124161,negative,0.2782236071419222
1261075405152411654,negative,0.05274599893204546
1261075405353746445,negative,0.03548178564333209
1261075406096130055,negative,0.1731950923748974
1261075406784008199,negative,0.29684163144213266
1261075406880411655,negative,0.02498767402067948
1261075407215960070,positive,0.7950453882984932
1261075407413149703,negative,0.011866724528489933
1261075408142958592,negative,2.6456735910167152e-08
1261075408834965505,negative,0.01299392123367539
1261075408927195140,negative,4.785069029082999e-07
1261075408948207621,negative,0.0025477686880636436
1261075410009407488,negative,0.04675167198232182
1261075410298732545,neutral,0.42826219278121774
1261075410328027136,negative,0.0007514735762838656
1261075410399432704,negative,0.011342526002148518
1261075411418693638,negative,0.011255697055601655
1261075412773490694,negative,0.05376265809283129
1261075413461282821,negative,0.04536895380760097
1261075415260712962,negative,0.0004994623360277496
1261075416749617155,negative,0.3280514945238441
1261075416858669057,negative,0.00956282098960921
1261075416921649157,neutral,0.4393101850869295
1261075417735331840,neutral,0.3927029052080003
1261075421061427206,negative,0.00016217436440800815
1261075421858234368,negative,0.07567840048451273
1261075423657672706,negative,0.0066214548779282055
1261075424420999168,negative,6.592963623445062e-05
1261075425528360960,negative,0.00019584410448192596
1261075427352809474,negative,0.0002005429106019905
1261075428120412163,negative,0.10662354578851349
1261075428539842562,negative,0.00019316295065323872
1261075429714284544,negative,0.06967499314271368
1261075429982699520,negative,0.0006149946184115155
1261075430192398341,negative,0.07038180670255602
1261075430720901126,negative,0.06827922717892232
1261075432490835969,negative,0.0018017132645160952
1261075432557903874,negative,0.0321418235027337
1261075432687927298,positive,0.8839441139541989
1261075432973230092,negative,0.0655811472267457
1261075433199677444,negative,0.11290668061691253
1261075433283518465,negative,0.00956282098960921
1261075434248298502,negative,0.045400648252738075
1261075435363934213,negative,0.06696303936280534
1261075435699548161,neutral,0.35193251373426315
1261075436269981696,negative,0.0006271709704536943
1261075437402443776,negative,0.026187001028629003
1261075437733711874,negative,0.009635110315967137
1261075437985431558,negative,1.2613171568739023e-08
1261075438442549248,negative,0.07038180670255602
1261075438555758592,neutral,0.551077815994506
1261075439084331010,negative,0.07279594289298937
1261075439252131841,negative,1.180704104774805e-07
1261075441391206401,negative,9.372608834167143e-14
1261075441605099521,negative,0.13277119670224774
1261075442330714112,negative,0.00928635966454866
1261075444151070723,neutral,0.35430575677725773
1261075444239040515,negative,0.005467125572196077
1261075444616527872,negative,0.017875388543351696
1261075444650192900,positive,0.9306916851570082
1261075444654317570,negative,0.002137756694170568
1261075444658569216,negative,0.0003513379710381576
1261075445153443842,neutral,0.6388025170398699
1261075446516666368,negative,0.006812843518981862
1261075446919241729,negative,0.10368958117873237
1261075448857059328,negative,0.10441977343786368
1261075450627047426,negative,0.1952677762786831
1261075451637833728,negative,0.00037090943042196933
1261075595578015744,negative,0.0006297323526487123
1261075595624091653,neutral,0.4895071339990001
1261075598702718977,negative,0.0007544988372025122
1261075599340208129,negative,0.010366625272612963
1261075599478538242,negative,0.001744829498431101
1261075600812511237,positive,0.7077950270868482
1261075601038946304,negative,0.000985312870416761
1261075601118683137,negative,0.012216482418901872
1261075601391312901,negative,0.0012702819179254076
1261075604008513536,negative,4.0878732399188736e-07
1261075604306305024,negative,0.0007122612135837437
1261075605841481733,negative,0.20630844780102212
1261075606780985344,negative,0.0019009991249393514
1261075606848114688,negative,0.031241224524731454
1261075607166889984,negative,0.00938565029104915
1261075607296892930,negative,0.007287803217848167
1261075607494053889,negative,0.020311408824926384
1261075608378978309,negative,0.0007544988372025122
1261075608718782464,negative,0.04997745322922801
1261075609473736705,negative,1.99466056409378e-09
1261075609486192640,negative,0.16134684277552555
1261075609498853377,negative,0.2218697316451371
1261075609830244352,negative,0.0005393639514121534
1261075610262175745,negative,0.0003513379710381576
1261075610421661696,neutral,0.35011994243460837
1261075610522267649,negative,0.3236132358466228
1261075610748817408,negative,0.02938298631236686
1261075611604451328,negative,6.279468813056099e-08
1261075611742883840,negative,7.017678811961761e-07
1261075612158042114,negative,0.010779029603198534
1261075612464082945,negative,0.07502527764982109
1261075613152088068,negative,0.11156516956345716
1261075614255198209,positive,0.9594402973965862
1261075614385287168,negative,0.053651646762747446
1261075614775336963,negative,0.001119745128502197
1261075615484084225,negative,0.006368226018853662
1261075615689641985,negative,5.8251935838654246e-05
1261075616327249925,negative,8.737266611704235e-06
1261075617149321217,negative,0.25787466188279123
1261075617639997441,negative,5.9617129877900625e-05
1261075618311143425,negative,0.005553884766272708
1261075618340487168,negative,5.8892238737460436e-05
1261075618487296002,negative,0.04150769502862742
1261075620026556417,negative,0.04135520892499101
1261075620332736513,negative,0.006818227528339028
1261075620500570115,negative,0.03347126859553101
1261075621909757952,negative,0.007491478377407189
1261075624073936897,negative,0.07854552106652905
1261075625697214465,negative,0.00302076413936855
1261075626359955456,negative,0.000635206769659096
1261075628813664256,neutral,0.3499352441185855
1261075629153320960,negative,0.20025908576954812
1261075630596198403,negative,0.028956353637340063
1261075631267340289,negative,0.05274599893204546
1261075631338663951,negative,0.02314634087886404
1261075633943257089,negative,5.8251935838654246e-05
1261075634077478912,negative,4.424201971001224e-05
1261075635218325504,negative,1.6913623047935721e-06
1261075635520372736,negative,0.05034895858091772
1261075636090781703,negative,0.2756676658265441
1261075636183019526,negative,0.009635110315967137
1261075636661166081,negative,0.07898460974072567
1261075637281923083,negative,0.3280514945238441
1261075638074724355,positive,0.944003909435644
1261075638779338753,positive,0.8783614828975778
1261075638783361024,neutral,0.49789225920557484
1261075638825467906,negative,0.1867955745266764
1261075639324590085,neutral,0.5735294531537379
1261075639936987146,negative,0.030514110311069802
1261075640457007106,positive,0.8926514368016745
1261075641174315011,neutral,0.37037742606747703
1261075643296612353,negative,0.1310855870640454
1261075644106014727,neutral,0.44755217967136185
1261075644638801921,negative,0.01345683571134171
1261075645968330752,negative,4.3500151670961366e-10
1261075646219943936,negative,1.7426721010512412e-05
1261075646702399490,negative,0.0007544988372025122
1261075646891073537,negative,0.00012512869941913015
1261075647960682499,negative,0.028508693701959617
1261075648212340736,negative,0.0006149946184115155
1261075649025970177,negative,0.0022615793284158107
1261075649466437633,negative,0.2756676658265441
1261075650716237827,neutral,0.5666140499822833
1261075651181887489,negative,0.003466173084638746
1261075651282571264,positive,0.8794400731486101
1261075651764813830,negative,0.00026609364354768136
1261075652335329286,negative,0.01030974359809605
1261075652557619207,negative,0.04675167198232182
1261075652628938753,neutral,0.4509736075800162
1261075652700262401,negative,0.16715871652693362
1261075652838653952,negative,1.293298747825835e-05
1261075653023203328,negative,2.1070786462805963e-08
1261075653098700801,positive,0.9372138322698721
1261075655048998916,negative,0.06304120075965536
1261075655200059398,negative,6.898779495099519e-05
1261075655401168897,negative,0.0829358063617889
1261075656072482819,negative,3.541271219707235e-08
1261075656554745856,positive,0.9594402973965862
1261075657150418945,negative,0.05785651576159852
1261075657687207936,negative,0.0014039567390036662
1261075658341572608,negative,0.15939795182710317
1261075660015120384,negative,0.13397866938779301
1261075660270952454,negative,0.0026195813833689995
1261075661579595779,negative,1.180704104774805e-07
1261075661919322113,positive,0.8783614828975778
1261075661931679744,negative,0.0007958445998074274
1261075662313598976,negative,0.0064075698339267845
1261075662586236936,negative,0.0016244481520802086
1261075662661656578,negative,0.0006248161731060175
1261075662837874689,negative,0.07958848182746942
1261075662997241860,negative,0.3214078308826075
1261075663135653888,negative,0.06696303936280534
1261075663295000586,negative,4.548769609944681e-06
1261075663718670337,negative,0.017323200876476284
1261075664553345026,negative,0.06592671254909066
1261075664783933440,positive,0.9085180595774995
1261075665245347842,neutral,0.49114048206328076
1261075793209438214,negative,0.18132793982199852
1261075793666596864,neutral,0.49789225920557484
1261075795780476936,negative,0.0012702819179254076
1261075795851784193,negative,0.05122390551834965
1261075796539641866,negative,0.0007544988372025122
1261075797374316546,positive,0.8436519475122075
1261075797693149186,neutral,0.36813873394072316
1261075798255177728,negative,0.0003055890739429581
1261075798313840647,negative,0.18132793982199852
1261075798611681282,negative,0.02498767402067948
1261075799001751552,neutral,0.49789225920557484
1261075800813531136,negative,3.8945175294959514e-10
1261075801262489602,neutral,0.35193251373426315
1261075802059419649,negative,7.742958712389652e-07
1261075804370452480,negative,0.008633783575883106
1261075804513013761,negative,0.004174067104872151
1261075804957683713,negative,0.21996643663899276
1261075805729325056,neutral,0.6558985228264356
1261075806283075585,neutral,0.3659021076993772
1261075806568304640,negative,0.18132793982199852
1261075806891069443,negative,0.0829358063617889
1261075808623484929,negative,0.00012697506139555223
1261075809391034369,negative,0.0012702819179254076
1261075809743155202,negative,0.0013187978785405862
1261075809793605635,negative,0.0004922711785829586
1261075809944682496,negative,0.0003698030630047008
1261075810540302341,negative,0.1459993466080471
1261075814898192384,negative,0.24001923773807873
1261075816106070016,negative,0.18132793982199852
1261075816374558720,negative,0.0006430317737287878
1261075816403873795,negative,8.519617428816104e-05
1261075817091776513,negative,0.0001872407679934649
1261075817242791936,negative,0.176563330889668
1261075817314111491,negative,0.03444158726370184
1261075819486760960,neutral,0.4542051412756772
1261075821697077266,positive,0.9632461767328977
1261075821785083904,negative,0.11463786305922899
1261075821822832640,neutral,0.3353500257179539
1261075822053666817,negative,3.9201059590972415e-07
1261075822225641479,positive,0.9430085908837678
1261075823169282052,negative,0.2795253156138551
1261075823278374912,negative,0.00789433104435471
1261075823869734915,negative,0.018102436325652387
1261075826524684289,neutral,0.48418544982672085
1261075826604412930,negative,0.04536895380760097
1261075826906411009,negative,0.0007544988372025122
1261075827032125440,negative,0.0002256836556974878
1261075827296481281,positive,0.731718064304516
1261075827376164864,negative,0.020495808921030766
1261075827451744256,negative,0.0011318312072782636
1261075828261126147,negative,0.022277916123084388
1261075828328345600,neutral,0.4304986299918358
1261075828336660483,negative,0.07465782853259012
1261075829666258947,negative,0.0002605597527524996
1261075829959909378,positive,0.9731309412256457
1261075830387748864,negative,0.0028255310861566947
1261075832904302592,neutral,0.4754522342199329
1261075834217074690,neutral,0.36677276533252134
1261075836238565376,neutral,0.38682674515497006
1261075836410777601,negative,0.0003513379710381576
1261075837383835651,negative,0.014897498085772492
1261075837467734021,negative,0.08293266372407301
1261075839376142337,negative,0.048596646499719204
1261075839392899072,neutral,0.3749586141327468
1261075839854272514,negative,0.00011320663685326903
1261075840420450311,neutral,0.6439653009942922
1261075840831537158,negative,0.11193737805348432
1261075843163598849,negative,0.0015502968681074948
1261075844270821381,negative,0.05840540636089486
1261075845122269185,neutral,0.6326761927832771
1261075847307542528,negative,0.0017652669181139828
1261075847752175617,negative,0.08708421057550549
1261075847949115393,negative,0.06827922717892232
1261075848251219969,negative,0.1603691319763923
1261075850860118018,negative,0.03151131219988187
1261075851455709185,neutral,0.4900702001266582
1261075851795238917,negative,0.0029113746740565345
1261075852583829505,neutral,0.4862913000643885
1261075853158387714,negative,4.0752986753752216e-08
1261075853884248070,negative,0.27466468059838367
1261075854412709888,negative,0.0006430317737287878
1261075854857244680,negative,0.25057522445365327
1261075854932807682,negative,0.014616820916270088
1261075856933429250,neutral,0.34225008716885263
1261075857092874240,negative,5.288811580262965e-05
1261075857386455041,negative,0.00856279639571969
1261075859001262084,negative,0.011646568338366383
1261075859135488002,negative,0.015041482471487655
1261075859227717632,negative,0.02973449114360837
1261075863602376713,negative,0.009635110315967137
1261076014706417670,neutral,0.3499352441185855
1261076015444570114,negative,0.0007303863647456059
1261076017487253505,negative,0.009637184536399434
1261076018644779011,negative,0.045400648252738075
1261076019114651649,negative,0.0003055890739429581
1261076019714408453,negative,0.0003529857608991037
1261076019966025730,negative,0.11156516956345716
1261076020825927681,negative,0.02498767402067948
1261076023816474626,negative,0.05840540636089486
1261076024214917122,negative,0.03502899758714175
1261076024953110528,negative,5.8251935838654246e-05
1261076026244894720,negative,0.07038180670255602
1261076026572054529,negative,0.07563504414586107
1261076026584596480,negative,0.0008763487582074545
1261076027910115328,negative,0.2782236071419222
1261076028019150849,negative,0.0005794736560089032
1261076031332589569,negative,4.0878732399188736e-07
1261076031626194944,negative,0.060105996645752405
1261076032578301952,negative,0.07279594289298937
1261076033593376771,negative,0.05813379421192973
1261076034260291590,negative,0.0070958475026905036
1261076034432229377,positive,0.926514386715155
1261076035245932548,positive,0.737094214418436
1261076036973928450,positive,0.9731309412256457
1261076037338791936,negative,0.009635110315967137
1261076037972172800,negative,0.01731397612777996
1261076042397163527,neutral,0.35193251373426315
1261076042791313408,neutral,0.35193251373426315
1261076044263587842,negative,0.004923939817451445
1261076044339187712,negative,8.797908448641041e-07
1261076044381130753,negative,0.0004633014498575057
1261076044414623745,negative,0.03984246819305385
1261076044653760516,negative,0.011927997461607553
1261076045324828675,negative,0.0456617425482107
1261076046289473536,negative,0.06549296553103669
1261076046532751361,negative,0.0003513379710381576
1261076046692126720,negative,0.05494457299982142
1261076046734131202,negative,0.007942105302098266
1261076047854010370,negative,0.07600653433428042
1261076048634150912,negative,0.01744499267774748
1261076050437705729,negative,0.01299392123367539
1261076051570167808,negative,0.07279594289298937
1261076051662430209,negative,0.004069477724187613
1261076052148981763,neutral,0.48728019602140255
1261076052199329794,negative,0.0070958475026905036
1261076052727795713,negative,7.969729778177112e-05
1261076053134577672,negative,0.15657081475017987
1261076053382045698,negative,0.0070958475026905036
1261076054522937345,negative,0.0012190040298625528
1261076054602444802,negative,1.6246698195755934e-10
1261076055433101313,negative,0.0846181408979735
1261076055550394369,neutral,0.44054615157121163
1261076057081421837,negative,0.008464885312764004
1261076057882591232,negative,0.002928217720317866
1261076058184593411,negative,0.01052423206977576
1261076059312787466,negative,7.969729778177112e-05
1261076060176859137,negative,0.023869727706260627
1261076060759785474,negative,0.05774330698250588
1261076061561008129,neutral,0.5000306021952764
1261076062383026188,negative,0.1603691319763923
1261076062450130951,neutral,0.49789225920557484
1261076063091920898,negative,1.4898903417754038e-05
1261076063091937282,negative,0.00041683052722762715
1261076063095894016,negative,0.06809762581072988
1261076063456825344,neutral,0.34225008716885263
1261076064245252096,negative,0.06696303936280534
1261076065604243457,negative,0.0006435021034353309
1261076065646260226,positive,0.926514386715155
1261076065981657088,negative,0.06944200919940226
1261076068120752128,negative,0.0005069632996148118
1261076068573810691,negative,0.16160816210925413
1261076068620021760,negative,0.0045818754265991
1261076070012510215,neutral,0.5017543432377519
1261076070784172032,positive,0.6929852858275585
1261076071488851971,negative,0.0026195813833689995
1261076072168337408,neutral,0.49789225920557484
1261076073325920259,positive,0.7743225050943114
1261076073569230848,negative,0.0007810411746766639
1261076074060013570,negative,9.790360322049728e-05
1261076074932436992,negative,0.001319036219173044
1261076075775475712,negative,0.009671052747546784
1261076076782067714,negative,0.01711556241409921
1261076078099156997,positive,0.772829831032023
1261076078828937217,neutral,0.4462256315160764
1261076079214723073,negative,0.013633103115121725
1261076079592251394,positive,0.8401154641959865
1261076079885901828,negative,0.0006742193083342164
1261076081794265094,positive,0.9594402973965862
1261076082272415744,negative,0.0018017132645160952
1261076082473619457,negative,2.140328551703383e-06
1261076083161673730,positive,0.9770836924529664
1261076083400683521,negative,0.0060708398120669005
1261076083937619973,negative,0.0007122612135837437
1261076084373716993,negative,0.012381229372705783
1261076084814155776,negative,0.0025260607995237242
1261076218461523968,negative,0.19977534619521006
1261076218817867776,negative,0.0110403679982855
1261076219682045953,negative,0.009635110315967137
1261076219824668672,negative,0.009635110315967137
1261076220143378434,negative,0.047837213921344365
1261076220827045895,positive,0.926514386715155
1261076220957114371,negative,0.07889166424740562
1261076221162643463,negative,5.492652101788737e-05
1261076221540122633,negative,5.686014969028734e-06
1261076222773207043,negative,0.020537012325033757
1261076224136351745,negative,0.000714709906989197
1261076224702644224,negative,0.03588299931515324
1261076225340080133,negative,0.00013834676585589166
1261076225524740097,negative,0.001015782712010595
1261076225767936002,neutral,0.49789225920557484
1261076225910550528,negative,0.00127916812967785
1261076226510336001,negative,0.0010741213392607767
1261076228590768129,negative,9.27813178834163e-05
1261076229177966593,negative,0.009635110315967137
1261076229257457666,negative,0.02135462719387436
1261076231610437633,negative,0.0007304084883098877
1261076232457924616,negative,0.0004002154725795446
1261076234022408192,negative,0.05840540636089486
1261076234739605504,negative,0.12257904940742644
1261076235100327936,negative,8.039814114547948e-05
1261076237461737474,neutral,0.6165231833858643
1261076238682202115,negative,8.94606824284962e-06
1261076240112459785,negative,0.0012702819179254076
1261076240255107073,negative,0.00928635966454866
1261076240510959617,negative,0.19758310384160546
1261076240859045888,negative,0.013770046126213829
1261076241370710019,negative,0.12171238018332572
1261076241878261761,negative,0.011342526002148518
1261076242914258944,negative,0.04881128577040607
1261076243006570497,negative,0.0014022732069325467
1261076243275026433,negative,0.00127916812967785
1261076243711172609,negative,0.18132793982199852
1261076243858042887,negative,0.05429889644211355
1261076244252307456,negative,0.0006989403474326846
1261076244688494592,negative,0.007491478377407189
1261076245305012227,negative,0.023317553611169183
1261076246169112578,positive,0.700122285818738
1261076246596915202,negative,0.2782236071419222
1261076247091859456,negative,0.15480874163662972
1261076247406186498,negative,0.08824791728758484
1261076247712600064,neutral,0.4210617759613723
1261076248979296257,negative,1.0169897548069181e-05
1261076249394524162,negative,0.0003151738950162177
1261076249675542528,negative,0.08202671239802112
1261076249792954368,negative,0.0015636691955122125
1261076250975784968,negative,0.002490752559860821
1261076252838035456,neutral,0.3403391890910929
1261076253710462976,negative,4.176154025941582e-05
1261076253899198466,negative,2.4900140116458114e-05
1261076254045933575,negative,0.17190388294498726
1261076254335348737,negative,0.23818381046539233
1261076254507380737,neutral,0.6101475452213356
1261076255094591502,positive,0.8354628209065177
1261076256717561861,negative,0.06809762581072988
1261076257632026628,negative,0.004282708336158852
1261076257992736771,negative,0.011342526002148518
1261076259246931970,positive,0.848247897101139
1261076259708305408,negative,0.11664436133139418
1261076259750240256,negative,5.237010403306905e-06
1261076260018704386,negative,9.495492481249993e-07
1261076260240920576,negative,0.001426826656403472
1261076260274536456,negative,3.3015606809331234e-11
1261076260538724352,negative,0.2654544616015188
1261076261503332354,negative,0.04054460100288267
1261076262078107651,negative,0.0020168813186650504
1261076262191345672,negative,0.0016244481520802086
1261076262715604993,negative,0.06696303936280534
1261076263424450561,negative,0.07804189819520058
1261076263982247942,positive,0.926514386715155
1261076264368160768,positive,0.8799143624527516
1261076264401567744,negative,0.17517863746681028
1261076264833736704,neutral,0.4276072023135459
1261076265102082052,negative,0.03984246819305385
1261076266251321346,negative,0.002928217720317866
1261076269166473216,negative,0.22362849854816838
1261076269476667392,neutral,0.4572696145273162
1261076270860951552,negative,0.0008068758842537066
1261076271376842755,positive,0.9978369170091665
1261076271477469204,negative,0.3261080349761815
1261076272383492096,negative,0.17672755989941588
1261076272664510464,negative,0.0013450061478984623
1261076273583067137,negative,0.2601072911487383
1261076274627444737,negative,1.7684456489978011e-10
1261076275642486784,negative,0.27466468059838367
1261076276254781446,negative,0.02498767402067948
1261076276300955650,negative,0.10441977343786368
1261076276900761601,negative,0.005570996356777064
1261076277144047620,positive,0.926514386715155
1261076277500489730,negative,0.00127916812967785
1261076278180040704,neutral,0.47669008658475526
1261076278490398725,positive,0.9974928931087707
1261076278825881601,negative,0.0022252025360227057
1261076279031365632,negative,0.011384540603881776
1261076279618650115,negative,1.2817360212543354e-07
1261076281711607809,negative,0.0013360422382814457
1261076284521791489,negative,0.0018380373485464379
1261076284978925568,negative,6.408496774133744e-05
1261076285117419521,negative,0.03973603858210757
1261076285847212033,negative,0.00022834687377223787
1261076416440877058,negative,0.0846181408979735
1261076416696930309,negative,0.16427461792575476
1261076419733450753,negative,0.019398626832505143
1261076420534636546,negative,0.014897498085772492
1261076420706656257,negative,2.777313814135226e-05
1261076420916383752,negative,0.0033078912138767916
1261076421482594305,negative,0.0019324182967208317
1261076422011084801,negative,0.013607453509512282
1261076422187192320,negative,5.016600802252633e-07
1261076422199783424,negative,0.045400648252738075
1261076422518542336,negative,3.8065691874316725e-05
1261076423105826827,negative,2.690097705904338e-09
1261076424716357635,negative,0.16238260799608548
1261076425475608582,negative,0.16228223478643658
1261076426008276993,neutral,0.36813873394072316
1261076428843560962,negative,0.07038180670255602
1261076430898765824,negative,0.0956658001448642
1261076432006057987,positive,0.9186396055900012
1261076434476548096,negative,0.00022834687377223787
1261076435562827776,negative,0.18132793982199852
1261076437311913989,negative,0.000442240596698245
1261076437785772034,negative,0.15420378754421535
1261076438427619330,negative,0.01728825373608872
1261076438456860674,positive,0.8309458467126113
1261076439572635650,negative,0.07038180670255602
1261076439622922240,positive,0.9933130682878175
1261076439790686208,negative,4.889257986102075e-11
1261076440658972673,neutral,0.46127768308170247
1261076440822550530,negative,0.09793809432290161
1261076440927416320,negative,0.027383195841807095
1261076440973524992,negative,0.018792524166445362
1261076441971769347,negative,0.004654855210502694
1261076441975922690,negative,0.0734736093200907
1261076442605068292,negative,0.0005657026581597597
1261076444320579591,positive,0.926514386715155
1261076445616619521,negative,0.19276384376099165
1261076446044397570,negative,0.008302569369791887
1261076447512465408,negative,0.1841008928196142
1261076448460365825,positive,0.926514386715155
1261076449152335872,negative,0.0066214548779282055
1261076450108518400,negative,0.04130401233705538
1261076453241884675,negative,0.0014039567390036662
1261076453627748357,positive,0.9594402973965862
1261076454282014720,negative,0.21139109066500397
1261076454764314625,negative,0.0412802506520319
1261076455196372993,negative,0.16222600747749508
1261076455527796736,positive,0.7063327699992136
1261076455544492032,negative,0.0038256648449672766
1261076456244940809,negative,0.012395425109043911
1261076456974794757,negative,3.081581401876009e-05
1261076457046061058,negative,0.021214157895463895
1261076457335459842,negative,0.04982947207598149
1261076457968799745,negative,1.5723430398884125e-06
1261076458795081731,negative,0.18132793982199852
1261076458811928576,negative,0.0440464932437711
1261076459428425728,negative,0.003466173084638746
1261076461907312645,negative,3.3568500128895616e-06
1261076462024753152,negative,0.045400648252738075
1261076462171455489,negative,0.044455785718271336
1261076462813220865,negative,0.062294498156161726
1261076463064715265,neutral,0.4400620864693129
1261076463496855553,neutral,0.5560976398329908
1261076463526313989,negative,6.357874051262648e-11
1261076464734294016,negative,0.00037841457107241737
1261076465992503296,negative,0.10195232543105218
1261076466898436099,positive,0.926514386715155
1261076468039208960,negative,2.8046577739086364e-06
1261076468836294662,negative,0.0002432858831665652
1261076469209534471,negative,0.0005917032219382586
1261076469259870208,negative,0.21139109066500397
1261076469499015170,negative,0.037582432817283164
1261076470337806336,neutral,0.34225008716885263
1261076471000502272,negative,0.03187531387841372
1261076471453548546,negative,0.02323995832945212
1261076472208461826,neutral,0.4863364197307839
1261076472380481537,negative,0.008991502828393498
1261076473890377730,negative,0.0018125778228488853
1261076474544750598,negative,0.12935332333077168
1261076475379355660,negative,0.13445351826696356
1261076476595703808,negative,0.03984246819305385
1261076477069668353,negative,0.001926184565027778
1261076477103288321,negative,0.00014663770238955505
1261076477812015105,negative,0.21346148984978017
1261076478478946307,negative,0.1698938554913801
1261076479623995392,neutral,0.4210617759613723
1261076479720542214,negative,0.09537127316698366
1261076479871500289,negative,0.07038180670255602
1261076480445956096,negative,0.0004403088986680908
1261076480827838467,neutral,0.42386203191089294
1261076481515696128,negative,0.004884081407358386
1261076482274836481,negative,0.013348107808170048
1261076483185008640,negative,1.2783457876450896e-05
1261076484023881729,positive,0.9995130384955465
1261076484053221376,negative,0.00928635966454866
1261076484485251075,negative,0.0070958475026905036
1261076485106028544,negative,0.00024274463818998494
1261076485525340168,positive,0.8846014143464835
1261076620326187009,negative,1.3179272806675117e-05
1261076620603002881,negative,0.1301416228051152
1261076620640739328,neutral,0.33649804038495584
1261076621337022470,negative,0.011554087858890422
1261076622280724482,positive,0.8782164765929359
1261076622914007047,negative,0.03320057791047045
1261076624075825153,positive,0.9178173932818446
1261076624780308481,negative,0.0004847443768819079
1261076625212481538,negative,3.33695163163977e-07
1261076625514549248,positive,0.926514386715155
1261076625569058816,neutral,0.4705346123817447
1261076626462425088,negative,0.008496809610139076
1261076626462425090,negative,0.0026117993977898013
1261076626479083526,negative,0.11105465340981478
1261076626864996352,negative,0.0026520075894292247
1261076627016089607,negative,4.959180406609522e-05
1261076629234876416,negative,1.102473124082607e-06
1261076629746376704,neutral,0.4393101850869295
1261076630006628352,negative,0.025652074156351463
1261076631331975168,negative,0.017674976143378877
1261076633638899713,negative,0.2782236071419222
1261076633923936256,negative,4.618325534604336e-05
1261076635417300993,negative,0.0022335761004886484
1261076635752767494,negative,0.07038180670255602
1261076637057236995,negative,0.07915687485555689
1261076637363437569,negative,0.018792524166445362
1261076637694808064,negative,0.007491478377407189
1261076640395862019,negative,0.1301416228051152
1261076641419321345,negative,0.0002605597527524996
1261076642274971649,positive,0.9987289271969932
1261076642493063175,negative,0.02028920283809117
1261076642673438720,neutral,0.5735294531537379
1261076643499642892,negative,0.014870207605641667
1261076644376178688,negative,0.011259375321142176
1261076644502085632,positive,0.9594402973965862
1261076645051596805,negative,0.11608043870948004
1261076645240340480,negative,0.011554087858890422
1261076645940736001,negative,0.0034833624252509137
1261076647530422272,negative,0.022420466241644257
1261076648293740544,negative,1.7160579309944204e-05
1261076649170341902,negative,0.0006246751010915626
1261076649510141958,negative,0.26378004307992176
1261076649933758465,negative,0.04437831515661001
1261076650822905856,positive,0.926514386715155
1261076651129135104,negative,1.434927808269874e-05
1261076651917676546,negative,0.20516429665235886
1261076652173471750,neutral,0.5766471338366042
1261076652408348673,negative,0.3214078308826075
1261076653322756100,negative,0.016909139503606015
1261076653867962370,negative,0.03684722106392948
1261076654748811265,negative,0.003466173084638746
1261076654786523137,negative,0.00127916812967785
1261076654786568192,negative,0.14684270962798032
1261076655088504839,negative,0.06827922717892232
1261076655537299458,negative,0.18132793982199852
1261076655596068866,negative,0.2818781069636351
1261076656405581826,negative,0.06215644487151562
1261076657252765698,negative,0.018792524166445362
1261076657277935618,negative,1.96916755597623e-07
1261076657508671489,neutral,0.5148236573682601
1261076657944879110,neutral,0.4393101850869295
1261076658095783940,negative,0.009635110315967137
1261076659190534145,negative,0.016482556363219297
1261076659509362689,negative,0.002761371852796226
1261076659832307712,negative,1.05196494387156e-05
1261076659861696514,neutral,0.39950600821890636
1261076659907768321,negative,0.24835966415677962
1261076661212033026,negative,0.0013688841878946052
1261076661333905409,negative,1.3589892248087713e-10
1261076662722027522,neutral,0.3377367795561067
1261076663376494595,negative,0.00127916812967785
1261076665700093952,negative,5.807706987996602e-05
1261076666618712066,negative,2.725046043991705e-05
1261076666719363075,negative,1.946973579076968e-05
1261076666983596035,negative,0.037360247853580636
1261076667700850689,negative,0.010805915618266883
1261076667960832000,positive,0.926514386715155
1261076668954947586,negative,0.07401617653026428
1261076669038723073,negative,0.009693341144120508
1261076669403725824,negative,0.0006430317737287878
1261076669542080512,negative,0.0070958475026905036
1261076670158700549,negative,0.03684722106392948
1261076670498258945,negative,0.0066214548779282055
1261076670913576963,negative,2.523663587148793e-06
1261076671492435972,negative,0.1963556602639838
1261076671505014784,negative,0.06696303936280534
1261076672792547328,negative,0.019398626832505143
1261076672805208064,negative,4.7806492523532694e-06
1261076673988083715,negative,0.0010375736230352642
1261076674063609864,negative,0.11162762197975168
1261076674218618885,negative,8.174248169948881e-12
1261076676282286080,negative,0.03548178564333209
1261076676978659328,negative,0.01651023651529249
1261076677582610432,negative,0.0013450061478984623
1261076678979264512,negative,0.024358488649443566
1261076679579111430,negative,0.11921596198221812
1261076679826563073,negative,0.051059384434395665
1261076679990169600,negative,0.0006430317737287878
1261076680627687424,negative,3.503086829437059e-05
1261076680690536452,negative,0.00034086997344750115
1261076681000976384,negative,5.425793299692568e-06
1261076681646903296,negative,0.05511754566196554
1261076683731451906,negative,4.807328543352089e-05
1261076683832078339,negative,0.0064075698339267845
1261076683987341319,negative,0.030137062462926408
1261076685127946240,negative,4.183095494287007e-05
1261076685430161412,negative,0.007173931797826115
1261076813473857537,negative,0.0030331501014005647
1261076814493073434,negative,0.15815381252202101
1261076814795100162,negative,0.01030974359809605
1261076814925049857,negative,6.117340604345695e-06
1261076815604580360,negative,0.15896720939757006
1261076815965290496,negative,0.0003055890739429581
1261076817676505094,negative,9.371699225456844e-09
1261076818074927104,negative,0.002350348273223552
1261076818796437504,negative,0.007695157085848624
1261076819790487552,negative,0.009056353502791442
1261076820365099008,negative,0.023130070062441818
1261076822332248064,positive,0.9624376246851655
1261076822474752003,negative,0.00026647291485239335
1261076825121357831,negative,0.08788935337725028
1261076827185000448,negative,0.17979199573599497
1261076827264688128,negative,0.04675167198232182
1261076827612856322,negative,0.04980017307388959
1261076828250349571,negative,0.01731397612777996
1261076828430544896,negative,0.001596229948425627
1261076828631887872,negative,0.000760274468632214
1261076831555530752,negative,2.476872974644657e-06
1261076831920435201,positive,0.9566605266541124
1261076832159510531,negative,0.0476295801522667
1261076833983967232,negative,0.0025971878118738936
1261076833988227075,negative,0.04638127160131586
1261076834017574918,negative,0.13408369891908792
1261076834843799554,negative,0.03187531387841372
1261076834931834881,negative,3.6700568700576467e-07
1261076835422609409,negative,0.04650286669861733
1261076837167497216,negative,0.11156516956345716
1261076837792391168,neutral,0.5592254148206556
1261076838241259526,negative,0.00017437131214230431
1261076840170639368,negative,0.0012190040298625528
1261076841663614976,negative,0.00026647291485239335
1261076842020208640,negative,0.31732489718339985
1261076844196986880,negative,0.27330878014942933
1261076844545077249,negative,0.12283550818193925
1261076845329555457,negative,0.00127916812967785
1261076845501591552,negative,7.518013195577584e-05
1261076845677723649,negative,0.12859440887783205
1261076846571118601,positive,0.8603193551361663
1261076846592110593,neutral,0.37037742606747703
1261076846998937602,negative,0.01052423206977576
1261076847527366662,negative,0.0001229710661272933
1261076848508878850,negative,0.0007544988372025122
1261076849020395520,positive,0.7246820948751541
1261076850337595392,negative,5.4340917347257975e-05
1261076850366992384,negative,0.0734736093200907
1261076850496999425,negative,0.018070449433947852
1261076850815762438,positive,0.731718064304516
1261076853063684096,negative,0.07644835039310169
1261076854095572992,negative,0.062294498156161726
1261076854468947974,negative,0.0015502968681074948
1261076854523527172,negative,0.01299392123367539
1261076856230612992,positive,0.9074076987548362
1261076856960319491,negative,0.042375955984794114
1261076857300094976,negative,5.8390990194693874e-05
1261076858226999296,negative,0.11621235138636853
1261076858755481601,negative,0.3263226425290438
1261076860122943488,negative,0.00029546472826532316
1261076860517130241,negative,0.025500373049312217
1261076862329069568,negative,0.0075779144192591455
1261076863037984771,negative,0.00037090943042196933
1261076863457394690,positive,0.890770962599241
1261076863692058624,negative,0.06827922717892232
1261076864480817152,negative,0.018792524166445362
1261076865986543617,negative,0.001947669540092043
1261076868985479175,negative,0.009635110315967137
1261076869597855744,negative,6.906709765985994e-05
1261076870608674822,neutral,0.36975286415945646
1261076870734336000,negative,0.06809762581072988
1261076871048986624,negative,8.635523750682574e-07
1261076871271383040,negative,0.23818381046539233
1261076871585959941,negative,2.2223356260284904e-05
1261076872005386242,negative,0.01328165885252183
1261076872642924544,negative,0.10662354578851349
1261076872982663168,negative,0.05887844845887644
1261076873683099648,negative,0.0003513379710381576
1261076873892618240,positive,0.9881163798266451
1261076873989193728,negative,0.00013206033915480155
1261076874186424321,negative,0.013405460167787585
1261076874572292099,positive,0.937883542696479
1261076874618449920,neutral,0.35193251373426315
1261076877785075713,negative,0.05009443085707931
1261076877969686528,negative,2.53017867965851e-08
1261076878108098561,negative,0.10783931194773141
1261076879433510917,negative,0.010869709450489562
1261076879844532224,negative,0.1385996486125076
1261076879848718336,negative,0.07505274781758411
1261076880368771078,negative,0.0055975867690786114
1261076882650550273,negative,0.03232193979384412
1261076882663116802,negative,0.2921496046875031
1261076882944073731,negative,0.022712243140674136
1261076883925499907,negative,0.0019402776777819905
1261076883950755840,negative,0.22076710888910503
1261076884684705801,negative,0.26740184739849737
1261077018499665920,neutral,0.37037742606747703
1261077020710232064,negative,7.694171667312496e-06
1261077021460967425,negative,0.3014282605046095
1261077022530580480,positive,0.9566605266541124
1261077023746899969,negative,0.10490505140059989
1261077024959012867,negative,0.19463906775764167
1261077025525284865,negative,0.24525066499750883
1261077026477400064,negative,0.18132793982199852
1261077027161071622,negative,0.008302569369791887
1261077027714527232,negative,0.000236308293066814
1261077027769245696,negative,0.0028255310861566947
1261077027840577541,negative,0.0014377750919202714
1261077027861528580,negative,0.21868012368958933
1261077028087967744,negative,0.011179978854693589
1261077028452945922,negative,0.04079775390358848
1261077028809388032,negative,2.523663587148793e-06
1261077030264766465,negative,1.0169897548069181e-05
1261077031997054976,negative,0.167763635144092
1261077032009695232,negative,0.0006195357472650101
1261077032374542337,negative,0.05581529077775635
1261077032546578432,neutral,0.6417147605933217
1261077032684916738,negative,0.011665203872229649
1261077033783832583,neutral,0.5500026670929543
1261077033951600645,neutral,0.3421780915508727
1261077034220040193,negative,0.024358488649443566
1261077034350108672,neutral,0.4100733423020195
1261077034656243712,negative,0.0023250285930467513
1261077035176378376,negative,0.00127916812967785
1261077035188998145,negative,0.005403860670970316
1261077035201462272,negative,0.0006430317737287878
1261077036191399938,negative,0.01744499267774748
1261077036493348864,negative,0.16937405722133475
1261077040226283520,positive,0.926514386715155
1261077040444452864,negative,1.946973579076968e-05
1261077040498909184,negative,1.5101353441385544e-05
1261077042251984896,negative,0.0810562449526632
1261077042940071937,negative,0.001641289339431805
1261077044923949058,negative,0.003134529394541366
1261077045854994435,neutral,0.3797475724074737
1261077048564625413,positive,0.9984587015492564
1261077049256501250,negative,0.06827922717892232
1261077051827781636,negative,0.2818041731688546
1261077051882127360,negative,0.13729141057869118
1261077052523982850,negative,0.04212399538832998
1261077053337735168,negative,1.559074538896808e-05
1261077054419804161,negative,0.1539738284347406
1261077055539752962,negative,0.011130715790707105
1261077055694921729,negative,0.009595571103236977
1261077055854260226,negative,0.13620784750922624
1261077058819690496,negative,0.03624326661917479
1261077059184537600,negative,0.2920090440640503
1261077059847233536,negative,0.0028255310861566947
1261077061139083265,negative,0.0035713307756876
1261077061852151808,negative,0.015918159625723675
1261077062372253696,negative,0.026187001028629003
1261077062464483328,negative,0.07038180670255602
1261077063001407491,negative,1.1136068483416598e-05
1261077063446016001,negative,0.05345396968550975
1261077064003866625,neutral,0.3582592803543694
1261077064985333774,negative,0.06967499314271368
1261077066117611520,negative,0.16312121265981097
1261077066402926592,neutral,0.6417147605933217
1261077067996807170,negative,0.020750834986878235
1261077068298760193,negative,0.10124335494450921
1261077070861479945,neutral,0.6326761927832771
1261077072363040771,negative,0.0530156405495414
1261077072807710722,negative,0.0177472742145381
1261077072992260096,neutral,0.47302332250069373
1261077073881436162,negative,0.0004500558547055044
1261077074997137413,negative,0.07038180670255602
1261077075391401984,positive,0.9398716506070102
1261077075865284610,negative,0.0012158277157009786
1261077076196687878,negative,0.031447090427887466
1261077076418998273,negative,0.0014842169360488177
1261077076939071491,neutral,0.39232104295579656
1261077078214131714,negative,0.0003162123179091255
1261077080139325448,neutral,0.6258967382255501
1261077080239861761,negative,0.2851446293099105
1261077080306900993,negative,0.15163757974434056
1261077080436953089,negative,0.00016258999032758644
1261077080797782021,negative,0.010805915618266883
1261077080839725059,negative,1.6913623047935721e-06
1261077081800220674,negative,0.02661486870230619
1261077082035150848,negative,0.0003389764967552584
1261077083108900865,negative,0.0012158277157009786
1261077083897430017,negative,0.05840540636089486
1261077214646480899,negative,0.17436941695940453
1261077215913091072,positive,0.9995130384955465
1261077217506930689,negative,0.06215644487151562
1261077219981565952,negative,4.463314512439253e-05
1261077221302829056,negative,0.00010245538250984854
1261077221327896576,negative,0.017109091996975998
1261077221445378048,negative,0.0028255310861566947
1261077221621542912,positive,0.9973683049411886
1261077222506496000,negative,0.001551726558753098
1261077222611451904,negative,8.66505195333346e-05
1261077222712119299,negative,0.03289608090109384
1261077222925963270,negative,0.0066214548779282055
1261077223504785409,neutral,0.3351384756993208
1261077223580282886,neutral,0.4062856776942228
1261077224200994816,negative,0.00021114151737292692
1261077225719443462,negative,0.00043096476635295195
1261077225740197889,positive,0.6881048341172759
1261077225950109700,negative,0.020067058354763797
1261077225962475520,negative,0.009635110315967137
1261077226415632384,positive,0.9995130384955465
1261077226558312449,negative,0.025654079445814836
1261077227682357249,negative,4.807328543352089e-05
1261077228646993923,negative,0.03984246819305385
1261077228743524352,positive,0.9735087569021971
1261077229699772423,negative,0.006517915305109745
1261077229724774400,negative,0.19979952497223782
1261077232564477963,neutral,0.35102596914907175
1261077233898336261,neutral,0.5144158419199569
1261077234934218760,negative,0.13397866938779301
1261077235672453120,negative,0.28483591311188317
1261077235911610368,positive,0.9974928931087707
1261077236905652225,positive,0.9805947980350839
1261077238017122306,negative,4.571319410419685e-05
1261077238344286208,negative,2.208648591336105e-10
1261077238612733955,negative,2.0349138112783642e-07
1261077238700785665,negative,0.002350348273223552
1261077239174778892,negative,0.06827922717892232
1261077239506055175,negative,0.009160746807160062
1261077239917092864,negative,0.05840540636089486
1261077240256831488,negative,0.062294498156161726
1261077240554586120,neutral,0.49789225920557484
1261077242014285826,negative,0.13863011357948796
1261077243218010118,negative,1.2764681625756726e-05
1261077243541028864,positive,0.8608982665079753
1261077245176750081,negative,0.004404164926161911
1261077246980300800,negative,0.015940732426578372
1261077247840202752,negative,0.008736584225849853
1261077248376881152,negative,0.0040425414539528295
1261077248720896013,neutral,0.6133287314770753
1261077248876187648,negative,0.004404164926161911
1261077249060745216,negative,1.009479712746278e-05
1261077249220120576,negative,0.004404164926161911
1261077249475989504,negative,5.8251935838654246e-05
1261077249505275904,negative,0.1898458952822012
1261077251816333312,negative,0.0007544988372025122
1261077251988361222,negative,2.026544948107155e-09
1261077253208920066,neutral,0.5136446707795853
1261077253364035586,negative,0.009637184536399434
1261077254253264897,negative,0.047837213921344365
1261077255750594560,neutral,0.38425981251971375
1261077258502123521,negative,0.07926138426951894
1261077258879582208,negative,0.1588421758016843
1261077259760201729,neutral,0.5505550505941735
1261077259869458434,negative,0.020722640951875843
1261077260066590725,negative,0.09802505455089248
1261077260360130561,negative,0.0002713929026672908
1261077260746067969,negative,0.09537127316698366
1261077260947292160,negative,0.003134529394541366
1261077263270981632,negative,0.0002605597527524996
1261077263291949058,negative,1.0261628002131999e-05
1261077264613212161,negative,0.2854849631496673
1261077266475466752,negative,0.022823958352496773
1261077267335327744,negative,0.002749122760947758
1261077267679248384,positive,0.926514386715155
1261077268354543616,negative,0.010513168063251057
1261077269247909889,negative,0.020514971154574242
1261077269600186379,negative,0.07279594289298937
1261077270338383872,neutral,0.5000306021952764
1261077270455898113,negative,0.0014315738798785947
1261077271193907200,positive,0.926514386715155
1261077273316339718,negative,0.06215644487151562
1261077273484148736,negative,0.0007544988372025122
1261077274788425728,negative,0.034422062161160935
1261077275690360837,positive,0.9995130384955465
1261077276453560320,negative,9.952976106743632e-11
1261077277330333697,negative,0.002350348273223552
1261077277405741056,negative,0.0006149946184115155
1261077278588579841,negative,0.015918159625723675
1261077278760611844,negative,0.3265012058294093
1261077278865461249,positive,0.926514386715155
1261077279658184711,negative,5.237010403306905e-06
1261077280648028161,negative,0.0028255310861566947
1261077280681582595,negative,0.004404164926161911
1261077280891318272,negative,2.692197965153888e-07
1261077281260404738,negative,0.05036324329013795
1261077281994428416,positive,0.9946741536733334
1261077282518700033,positive,0.9977049035293406
1261077283542106115,negative,0.0004790983237781507
1261077283709820928,negative,4.500233160742359e-05
1261077284318072832,negative,0.07279594289298937
1261077285639262213,negative,0.011740549219660933
1261077417013252106,positive,0.9186396055900012
1261077417071915008,negative,0.009635110315967137
1261077420301586432,negative,0.17323500607426087
1261077420691595266,negative,0.0009972883069789427
1261077421266272262,negative,0.17710701971136458
1261077421517950977,positive,0.933297853108221
1261077421727657985,negative,0.0008233755000593173
1261077422751002625,negative,0.049910154262403424
1261077426022387712,negative,0.1603691319763923
1261077426328780800,negative,0.004404164926161911
1261077426475589632,negative,0.011863147293317384
1261077426551042049,negative,0.06809762581072988
1261077427872247808,negative,0.07795154342333073
1261077427943624708,neutral,0.40164566407707886
1261077428354584576,positive,0.9847681241117736
1261077428488884224,negative,0.0026195813833689995
1261077428849577985,negative,0.00127916812967785
1261077433261928452,negative,6.166400438056457e-07
1261077434503270400,negative,0.00012359768427432682
1261077434687983616,negative,0.03372011469112262
1261077434864205824,negative,0.0810562449526632
1261077435241631745,neutral,0.4513605618894927
1261077435300196353,neutral,0.6326761927832771
1261077436541931520,negative,0.018792524166445362
1261077436932001799,negative,5.407900381302735e-05
1261077437233987584,negative,0.002967797497415516
1261077437284319232,neutral,0.5406666666345932
1261077437330440193,negative,0.26740184739849737
1261077439763136523,negative,0.17545366175225371
1261077440258064384,negative,0.00017042925230629645
1261077441805778951,negative,0.11945710604163225
1261077441868492801,negative,0.11592989082669931
1261077442711695366,neutral,0.46502620540948164
1261077442845798401,negative,2.878371989151871e-05
1261077442921467905,negative,0.0006297323526487123
1261077442925649920,negative,0.08529990686631934
1261077443475058693,neutral,0.4131389883755172
1261077443743485952,negative,0.11621235138636853
1261077444007780354,negative,0.09832384234973722
1261077444615864322,negative,0.0008158838841770285
1261077444817272834,negative,0.19110499226183916
1261077444896964613,negative,0.03232193979384412
1261077446474031104,negative,0.006204070050598582
1261077446771855362,negative,0.021298495884448643
1261077447249977344,negative,0.021298495884448643
1261077448025952258,negative,0.176883126368165
1261077448629747712,negative,0.11156516956345716
1261077449653223424,negative,0.0075779144192591455
1261077450810961920,negative,0.0020753341617404707
1261077451100360710,negative,0.11734197440161946
1261077452492808195,negative,0.01286555566396438
1261077452912287748,negative,1.946973579076968e-05
1261077453382062083,neutral,0.47669008658475526
1261077453591756800,positive,0.9430085908837678
1261077453851721729,negative,0.007491478377407189
1261077454451552257,negative,1.1447272923793963e-05
1261077454480969731,neutral,0.4583732996979346
1261077454837465089,negative,0.00127916812967785
1261077455005274114,negative,0.1524160730144031
1261077455097475072,negative,0.18132793982199852
1261077457387610115,neutral,0.5844651896922618
1261077457710592000,negative,0.3146707339775546
1261077458020790272,negative,0.011179978854693589
1261077458440290306,negative,0.007253235154700059
1261077458654244869,negative,0.176563330889668
1261077458763251713,negative,0.00017674728118703036
1261077458884968448,negative,0.009030444530178138
1261077459308601344,negative,0.030607293753396037
1261077460541673476,negative,0.0008233755000593173
1261077460986343425,negative,1.131276452233874e-07
1261077461275680770,negative,6.083955632136759e-05
1261077461925793795,negative,0.2060413005592192
1261077463003774978,negative,2.0060003183324164e-06
1261077464098508800,neutral,0.6360040684684427
1261077464106831887,negative,0.11534236730164957
1261077464748486656,negative,0.15393196558892364
1261077464903811074,neutral,0.35193251373426315
1261077465486802949,negative,0.19276384376099165
1261077465520386054,negative,0.0651313885531468
1261077465545359360,positive,0.8676506159425117
1261077465973370885,positive,0.926514386715155
1261077466459672576,negative,0.0461248621567367
1261077466921066496,positive,0.8676506159425117
1261077468418576385,negative,0.0008233755000593173
1261077468766765057,negative,0.00020014536208047315
1261077469823741956,negative,0.0003513379710381576
1261077470188617728,negative,0.008438335914816334
1261077470842966016,negative,0.014548151890345015
1261077471610404866,negative,0.05551253962666499
1261077471627223040,negative,0.0003513379710381576
1261077473095307265,negative,0.0006065017793913176
1261077473896300545,neutral,0.49789225920557484
1261077477142781956,negative,0.051869822032688355
1261077477763489795,negative,0.0028255310861566947
1261077478543589377,negative,0.06549296553103669
1261077479785103367,negative,0.03299988820987437
1261077480389201922,negative,0.009637184536399434
1261077480745717761,negative,0.0005323098514989625
1261077481173528578,negative,9.709767516229853e-06
1261077485304918017,negative,0.10441977343786368
1261077487049637889,negative,2.0210917899177305e-05
1261077487150399489,neutral,0.34225008716885263
1261077488135892993,neutral,0.37029629987661505
1261077622848655360,negative,0.000781467081339649
1261077623486189570,neutral,0.43837261925422183
1261077623674933248,negative,0.2018545755243397
1261077623742124034,negative,0.0014030113626131526
1261077624849391616,negative,0.00046646223247362277
1261077625059016711,negative,0.09537127316698366
1261077625268830208,negative,0.09248323068040787
1261077626250301440,negative,0.012423778439232166
1261077627202351107,neutral,0.4862913000643885
1261077627525308416,negative,0.0006358919592569032
1261077627839877120,negative,0.04675167198232182
1261077629085593600,negative,0.02498767402067948
1261077629777690628,positive,0.7974259185430881
1261077630306127872,neutral,0.35193251373426315
1261077630432038921,negative,0.025527589564474408
1261077630704668672,negative,0.0003055890739429581
1261077631606370309,positive,0.9594402973965862
1261077631757402112,negative,0.10368958117873237
1261077631799300099,negative,0.0019767708664800354
1261077632541696000,negative,0.01030974359809605
1261077632604614659,negative,0.00022834687377223787
1261077633464500227,negative,0.2309625502613533
1261077633640599553,negative,0.008128286307203284
1261077634097860611,positive,0.8796232234348507
1261077635356143619,negative,0.03588299931515324
1261077635809017859,negative,0.0009481686281699412
1261077636631101442,negative,0.0012372512595368145
1261077636824129539,negative,0.007942105302098266
1261077637801394178,negative,0.0008233755000593173
1261077639374221312,negative,0.007491478377407189
1261077639671971848,negative,0.08509366063932162
1261077639730737153,negative,0.2551322274428182
1261077640145928197,negative,0.00026352329760443496
1261077640607301634,negative,0.2756676658265441
1261077640800284673,negative,0.25741748571289785
1261077642591309824,negative,0.007491478377407189
1261077642624843776,negative,0.04980017307388959
1261077644944322561,negative,0.1422358461833887
1261077647255375874,neutral,0.40164566407707886
1261077647372816385,negative,0.0015160842106354282
1261077647569936384,neutral,0.47669008658475526
1261077647741693952,negative,0.004404164926161911
1261077648131973127,negative,0.014219848564829279
1261077648224276487,negative,0.040772936939489246
1261077651151880193,negative,0.0006430317737287878
1261077651634171912,negative,0.009635110315967137
1261077651919421445,neutral,0.48728019602140255
1261077653643235336,negative,0.0004500558547055044
1261077653936844801,negative,0.00127916812967785
1261077654486351872,negative,0.08293266372407301
1261077655287406592,negative,1.4367969806997321e-08
1261077655627141121,negative,0.2795253156138551
1261077657342619652,negative,0.0003513379710381576
1261077657820827650,negative,0.07038180670255602
1261077658429018112,negative,0.19002902219920095
1261077658898702336,negative,0.07279594289298937
1261077659846692864,negative,0.001613138689703107
1261077660454866950,negative,9.428445817761676e-11
1261077660597452805,negative,0.053245565414201564
1261077661096370176,negative,0.0829358063617889
1261077661281026049,negative,0.0005054532085143603
1261077661297848326,negative,0.014870207605641667
1261077662526734338,negative,0.007337702392695689
1261077662803451904,negative,0.13578275328718958
1261077663067799553,negative,0.05614900536340445
1261077663260827648,negative,0.12263787738868037
1261077664384901120,neutral,0.49789225920557484
1261077664594452481,negative,0.0006149946184115155
1261077664955318273,negative,1.1524317257358826e-07
1261077665487958016,negative,0.1367956679174708
1261077665731284992,neutral,0.35193251373426315
1261077665999708161,negative,0.005403860670970316
1261077666532331523,negative,0.027568569696996694
1261077667484438535,neutral,0.40164566407707886
1261077668725915648,negative,0.07676531159859488
1261077669019561986,negative,0.013469509337730215
1261077669044793348,neutral,0.42833930957282856
1261077670365986816,neutral,0.3353500257179539
1261077671339065344,negative,0.0053751061441511365
1261077671364173824,negative,0.26740184739849737
1261077672022740992,neutral,0.5048913951138708
1261077672215674880,negative,0.0008233755000593173
1261077672261795843,negative,0.016909139503606015
1261077672681189377,negative,0.0004403088986680908
1261077674400890881,negative,0.06304120075965536
1261077674715463682,negative,0.00127916812967785
1261077675164254212,negative,0.044284361757153105
1261077675227185154,negative,0.19939289091661633
1261077675923451904,negative,0.01654988152053202
1261077676380639244,negative,0.01377396620704581
1261077676590354432,neutral,0.49789225920557484
1261077677479464962,negative,0.0102988837117082
1261077677689069568,negative,3.5107877373755776e-06
1261077678217662472,negative,0.009671052747546784
1261077678796521472,positive,0.9186396055900012
1261077679211716608,negative,0.07093402646303933
1261077679454945281,negative,0.006209466667681625
1261077680507752449,negative,0.2009621308366666
1261077681346658306,negative,0.006227322566229574
1261077682042871808,negative,0.037360247853580636
1261077682302976000,negative,0.00013750726789653472
1261077682483331074,negative,0.05840540636089486
1261077683557093378,negative,7.413350009633086e-06
1261077684760829954,negative,0.011342526002148518
1261077685306044416,negative,0.04984945595414802
1261077686870519808,negative,0.022059574363910033
1261077688283955205,negative,0.00127916812967785
1261077688380506114,negative,0.16228223478643658
1261077688862769155,negative,0.0007544988372025122
1261077812934520838,negative,4.341816982180088e-05
1261077813983162369,negative,0.007491478377407189
1261077814016688129,negative,0.0005997342801419908
1261077814876528644,negative,0.02974634257414715
1261077814956249090,negative,0.04980017307388959
1261077815052718083,negative,0.22561333375529458
1261077816814309378,negative,0.12257904940742644
1261077817585999872,neutral,0.37037742606747703
1261077821545492484,negative,0.004404164926161911
1261077822422032384,negative,0.19002902219920095
1261077825081225217,positive,0.7077950270868482
1261077827836878849,positive,0.9566605266541124
1261077828918865920,negative,0.0029113746740565345
1261077829275602947,negative,0.12257904940742644
1261077829506215944,negative,0.22362849854816838
1261077830479286284,negative,0.06747592601169865
1261077831150374913,positive,0.9995130384955465
1261077831272091649,negative,0.04122977798772935
1261077831745966080,negative,0.0028255310861566947
1261077833847320576,negative,0.0008233755000593173
1261077834954670080,positive,0.926514386715155
1261077835084705792,negative,0.03984246819305385
1261077835168518145,negative,0.1757572064176582
1261077836271681546,negative,0.0016968168897312443
1261077836732997636,negative,2.1743935687471933e-05
1261077837156691976,negative,0.0012018121449835282
1261077837236203521,negative,0.06696303936280534
1261077837630656514,negative,0.007491478377407189
1261077839329230848,negative,0.01600483636783255
1261077840457601032,positive,0.9995130384955465
1261077840767877124,negative,0.0022656721656560833
1261077842864902144,negative,0.0015502968681074948
1261077843460538368,neutral,0.45183764869823795
1261077844391854080,neutral,0.6023064438108239
1261077846971355137,negative,0.000852777383752566
1261077847386607617,negative,0.07038180670255602
1261077847625494528,negative,0.07958848182746942
1261077847671635968,negative,0.009122798121991
1261077848514801665,negative,0.1075677166095566
1261077848732901376,negative,0.0003123292835792655
1261077849290784782,negative,0.06215644487151562
1261077850339377152,negative,0.0829358063617889
1261077850834251776,negative,0.02181698954289933
1261077851207536642,negative,0.2756676658265441
1261077853136920576,negative,0.06696303936280534
1261077853422202880,positive,0.926514386715155
1261077853497634816,negative,0.03928253994905847
1261077854399365121,negative,0.007491478377407189
1261077854663716865,negative,0.005763259622668567
1261077855007641602,negative,0.27461536723199736
1261077855728959488,negative,0.05840540636089486
1261077855955492864,negative,0.024092732257527505
1261077856173674496,negative,0.2756676658265441
1261077856328785920,negative,0.05774330698250588
1261077857721352192,positive,0.998058891608727
1261077858002382848,negative,0.000680586020127218
1261077858774114310,negative,0.08154021398050165
1261077860254654466,negative,4.6981783655054155e-07
1261077862339301376,negative,0.0015084038141660243
1261077862427308033,neutral,0.5144158419199569
1261077862481682434,neutral,0.4507454498615163
1261077862519578624,negative,0.004404164926161911
1261077862825766915,negative,0.10397888944573129
1261077863916331009,negative,4.888347118864835e-06
1261077864314818562,positive,0.9985627021100494
1261077865866702848,negative,0.0014714062574484865
1261077867330338816,negative,0.07279594289298937
1261077867632394242,negative,0.0012702819179254076
1261077867724767237,negative,0.011866724528489933
1261077868857171969,neutral,0.47669008658475526
1261077868920127491,negative,4.548769609944681e-06
1261077868941119494,negative,0.001015782712010595
1261077869025021956,negative,0.00127916812967785
1261077869205340165,negative,0.004404164926161911
1261077872124538886,negative,0.2624707538591435
1261077873227706368,negative,0.07531975060467902
1261077874087530497,negative,0.004404164926161911
1261077874410430464,neutral,0.40164566407707886
1261077874439790592,negative,0.004404164926161911
1261077875492622336,negative,0.014392711072010705
1261077877770145797,negative,0.019398626832505143
1261077878030155776,negative,0.0019413581367669558
1261077878931959810,neutral,0.569259385241047
1261077879082934272,negative,0.0003095950258373768
1261077881708519425,negative,7.518013195577584e-05
1261077883591831553,negative,0.004404164926161911
1261077884241936384,negative,2.662891633380892e-12
1261077884283891712,negative,0.06696303936280534
1261077884367769601,negative,0.00039075043282504743
1261079219829907456,negative,0.007232611875636406
1261079222052945921,neutral,0.5524146818102899
1261079222132580353,neutral,0.38425981251971375
1261079222627577862,negative,0.00013206033915480155
1261079223609044992,negative,0.00014903250613045735
1261079225089605635,negative,0.006328804893110981
1261079225244831745,negative,0.12262768069223887
1261079225320300545,negative,0.002199255308063261
1261079225458733056,negative,0.042203538187721296
1261079225500676101,positive,0.9186396055900012
1261079226725392391,negative,0.025944939647628784
1261079227425853441,negative,0.0005856113763100495
1261079227673255937,positive,0.8782164765929359
1261079227929030656,negative,0.017283295947817943
1261079228579266560,negative,0.11148600213466771
1261079229019684864,negative,0.21874668176981468
1261079229099323392,negative,0.25413872301882723
1261079229183209474,negative,0.024008859935862346
1261079229321469953,neutral,0.35193251373426315
1261079230957453315,negative,0.0003513379710381576
1261079232396091392,negative,0.10721484809097309
1261079232517677056,neutral,0.5735294531537379
1261079233574637568,negative,0.025652074156351463
1261079233692086278,negative,1.946973579076968e-05
1261079234933653508,negative,0.023997027547282685
1261079235109761032,negative,0.06592671254909066
1261079235768332294,positive,0.9995130384955465
1261079236133236738,negative,0.06696303936280534
1261079236565241856,negative,0.1885343735148747
1261079238708539392,neutral,0.46571361764833796
1261079239685701635,negative,0.004404164926161911
1261079239782215680,negative,0.010513168063251057
1261079242051219458,negative,0.10062493524095424
1261079243548753920,negative,3.9741069565446764e-05
1261079245683654656,negative,0.23542287204150292
1261079246656745474,negative,0.22362849854816838
1261079246870654976,positive,0.7169129283613036
1261079247554252800,neutral,0.3696821291446064
1261079248032456705,negative,0.014085000853163375
1261079249269727232,negative,0.0007544988372025122
1261079250456592384,negative,0.06809762581072988
1261079250758664193,negative,0.2756676658265441
1261079250972454913,negative,0.002105933409044512
1261079253031874561,positive,0.9985295459774143
1261079253463883776,negative,0.04211155014495326
1261079253585723393,negative,3.098941096078739e-08
1261079253589901312,negative,1.5797893818151712e-07
1261079254193901570,negative,0.038713015494631374
1261079255972220929,negative,0.07279594289298937
1261079256202870791,negative,0.14430499685716233
1261079256525914113,negative,0.09966757560458513
1261079256614031360,negative,0.004404164926161911
1261079258518237185,positive,0.9770836924529664
1261079258857906177,negative,0.08422484178138492
1261079259059273731,negative,0.1274086823814032
1261079259516411907,negative,0.21517057486001032
1261079259621269504,negative,0.0069164280924240125
1261079260179152897,negative,0.11621235138636853
1261079263194816513,negative,0.07949017177178994
1261079263593332736,negative,5.176494484174902e-06
1261079263723368448,negative,3.887507093259853e-06
1261079263861600256,negative,0.0002358600220152384
1261079264105029633,neutral,0.47669008658475526
1261079264113446915,negative,0.013865410947405498
1261079264432013313,negative,0.006287247041412716
1261079266730610691,negative,0.1050654710153976
1261079267749900291,negative,0.18727031498866858
1261079270237011976,negative,0.030307962610318345
1261079270509744128,negative,0.06125579820047154
1261079270706892800,positive,0.8138035239077772
1261079271923212291,negative,0.0014030113626131526
1261079272879521792,negative,0.10933678677725707
1261079272934060033,negative,1.3779545325247217e-07
1261079273386897410,negative,7.136213929034416e-06
1261079273567379457,negative,0.02242137878864549
1261079275358355457,positive,0.8830283006755308
1261079275614191617,negative,0.11621235138636853
1261079276150874112,negative,0.00012359768427432682
1261079276914388994,negative,0.009343609837119538
1261079277325496324,negative,0.06967499314271368
1261079277350592512,negative,0.0008233755000593173
1261079277371559939,negative,0.13863011357948796
1261079278495641600,negative,0.023786811601879676
1261079278608932867,negative,0.0016036869907899362
1261079279200342017,negative,0.14104435762376835
1261079279422656519,positive,0.7043588903019451
1261079279670046727,negative,0.020495808921030766
1261079280894836736,negative,0.0012158277157009786
1261079282182434818,positive,0.9772541599654632
1261079283780509696,negative,0.00956282098960921
1261079284833271808,negative,2.523663587148793e-06
1261079285726658560,negative,0.0066214548779282055
1261079286141812737,negative,0.0014755517525652532
1261079286267678721,positive,0.9995130384955465
1261079288847241228,negative,0.01030974359809605
1261079412558180360,negative,0.003066129445336399
1261079412759498764,negative,1.2735239516483613e-06
1261079413912788992,negative,0.04534095155987883
1261079415792046081,negative,0.00418213407377026
1261079418023411717,negative,1.898033874472036e-05
1261079418367283202,negative,0.0005184678803282431
1261079418455425029,negative,7.43646579155725e-11
1261079419592085504,negative,1.5091631505874052e-05
1261079421320138752,negative,0.11734197440161946
1261079421664088064,negative,6.055051686474348e-06
1261079421823397889,negative,0.12286655334695264
1261079425396936704,negative,0.0028255310861566947
1261079427523452928,negative,0.01299392123367539
1261079429851340801,negative,0.014870207605641667
1261079430929223686,neutral,0.6417147605933217
1261079432233725953,negative,0.1885343735148747
1261079434032971777,positive,0.9594402973965862
1261079434494386178,negative,0.00011248775604814773
1261079435463348224,negative,0.007150962408534407
1261079436235083777,negative,0.3214078308826075
1261079436566450177,negative,0.0219261650629614
1261079436734201858,negative,6.446630474490759e-05
1261079437686321152,negative,0.0005871513496367829
1261079438994935808,negative,0.004796302839370495
1261079439619903490,negative,0.003281435006973336
1261079439737262080,negative,0.2874153248865684
1261079440035139590,neutral,0.3751851680410154
1261079440169136128,negative,0.01286555566396438
1261079444766294017,negative,6.055051686474348e-06
1261079445391183874,neutral,0.38425981251971375
1261079446649536515,negative,0.31743826405610354
1261079446985064453,negative,0.12626399535261731
1261079447341371392,neutral,0.3569958475231166
1261079447710707722,positive,0.8999051076931678
1261079447777816576,negative,0.002928217720317866
1261079448830517249,negative,0.09609031900742088
1261079449140854790,negative,0.006812843518981862
1261079449145159680,negative,0.04490458190046622
1261079449350660098,negative,0.1301416228051152
1261079449396826118,negative,0.014991300734083085
1261079449405194240,negative,0.020073163580546685
1261079451833634816,negative,0.12257904940742644
1261079452093685771,negative,0.012242696917118896
1261079454148956162,negative,0.0003529857608991037
1261079455008567296,negative,0.00012359768427432682
1261079455591694336,negative,2.2454147623298707e-06
1261079455675617281,negative,0.06592671254909066
1261079456107712517,negative,0.03347126859553101
1261079457030385667,negative,0.00011973242940237016
1261079458754097153,negative,0.000666843248902561
1261079458888454147,neutral,0.5136446707795853
1261079460398407687,negative,0.00055673825445385
1261079460666900480,positive,0.9057695809174406
1261079460868247553,neutral,0.6388025170398699
1261079461660889093,negative,0.01665058178167646
1261079462654939138,negative,0.04130401233705538
1261079464101974016,negative,0.03684722106392948
1261079465460891648,negative,0.045400648252738075
1261079466308251649,negative,3.447557033284957e-06
1261079466480209926,positive,0.912272298285949
1261079467012894720,negative,0.00016217436440800815
1261079467348430848,negative,0.0029409762965603788
1261079468317257728,negative,0.058078642165725725
1261079468854124544,negative,1.0867021566154009e-06
1261079468992614406,positive,0.9240071066415726
1261079470615584769,negative,0.14104435762376835
1261079471790206976,negative,0.002698302967081607
1261079471999901705,neutral,0.48163350008694344
1261079472129937415,negative,0.0003513379710381576
1261079472654204930,neutral,0.6417147605933217
1261079473765650434,negative,0.022823958352496773
1261079474239614976,negative,7.148774481977144e-05
1261079475212767234,negative,0.07038180670255602
1261079476743651330,positive,0.6933796911301287
1261079477003661313,negative,0.012267341390321169
1261079477309902848,negative,0.17047728381193533
1261079477569892353,negative,0.0012018121449835282
1261079477825699840,negative,0.012963762295667798
1261079477934841860,negative,7.84376108222227e-05
1261079478463352832,negative,0.01781641363900483
1261079478635245569,negative,0.05840540636089486
1261079478840766464,neutral,0.40164566407707886
1261079478886899715,negative,0.04675167198232182
1261079480619196422,negative,0.07038180670255602
1261079480661049345,negative,5.237010403306905e-06
1261079483060289539,negative,0.004547150197426747
1261079483362226179,negative,1.2817360212543354e-07
1261079486973579264,positive,0.7998580475033316
1261079489171329025,negative,0.1876069278410292
1261079489951514631,negative,8.848800198281415e-05
1261079489980829696,negative,0.014142382004540028
1261079491629154304,negative,0.0004403088986680908
1261079492937822214,negative,0.04675167198232182
1261079493294292994,negative,0.013770046126213829
1261079493478952963,negative,0.0017196957097342718
1261079495664119809,negative,0.0005184678803282431
1261079495920037889,negative,0.002137250377122489
1261079617617702929,negative,6.055051686474348e-06
1261079617781235713,neutral,0.5048913951138708
1261079618708275202,negative,5.237010403306905e-06
1261079619610062856,negative,8.268185547346639e-08
1261079620654374912,positive,0.8156107653082303
1261079621124186112,negative,0.0011217589188781609
1261079621706985472,negative,0.0029113746740565345
1261079622579638276,neutral,0.6399786927099863
1261079622776762376,positive,0.8729617772003601
1261079622881546241,negative,5.485991974701579e-09
1261079623355568139,positive,0.9970300761323309
1261079623959564288,positive,0.9783167495545394
1261079624248971267,negative,0.023317553611169183
1261079624597020674,negative,0.01030974359809605
1261079627650551809,positive,0.9430790435804802
1261079628665454600,negative,0.06580433818474692
1261079629487636480,negative,0.036767492379383336
1261079630611652609,negative,0.04980017307388959
1261079631366627331,negative,0.2756676658265441
1261079631702249474,negative,3.8065691874316725e-05
1261079632402698243,negative,0.0009972883069789427
1261079633287577603,negative,0.04212399538832998
1261079633308549126,negative,0.0002623017401096843
1261079634956947459,negative,0.003250642238705798
1261079636659908611,negative,0.17854711835690734
1261079636672491520,negative,9.045374034258997e-11
1261079637431586817,positive,0.9459041542042688
1261079638362787847,negative,0.18098584888002706
1261079638505336838,negative,0.04277285639332306
1261079639386193920,negative,0.011476941009734294
1261079640895942656,neutral,0.3499352441185855
1261079644419260418,positive,0.9177487462612254
1261079645035823104,negative,0.010098540541236713
1261079645153366017,negative,0.005763259622668567
1261079645899931659,negative,0.1402759222902369
1261079647128883202,negative,0.0005425348222994636
1261079647384731654,neutral,0.41734831004922857
1261079647422464000,negative,0.1841008928196142
1261079647548256263,negative,0.25211096364270497
1261079650404630528,negative,0.025527589564474408
1261079652048809984,negative,0.09964760085485352
1261079652451434496,negative,5.485991974701579e-09
1261079654989004801,negative,0.006287247041412716
1261079655651717120,negative,0.09633065975676036
1261079656440217604,negative,0.0003513379710381576
1261079659535634434,negative,0.0011932448869651758
1261079660483543042,negative,0.0026117993977898013
1261079660613570561,negative,0.07958848182746942
1261079660793913344,negative,0.01006288191141587
1261079661846712321,negative,0.003593683996872086
1261079662727434241,negative,0.06696303936280534
1261079662798782469,negative,0.11046799113983963
1261079662983249921,negative,0.047394633358413873
1261079663746723843,negative,0.009635110315967137
1261079664321232899,negative,0.3256628584004339
1261079664547835904,negative,0.04351499828870379
1261079664698830850,negative,0.009635110315967137
1261079665533468672,negative,0.0006149946184115155
1261079665709637633,neutral,0.49578619753579584
1261079666351312903,negative,0.005307226184836309
1261079666363969543,negative,0.04212399538832998
1261079667534106627,negative,8.47497856879012e-05
1261079669358526465,negative,0.09996677729558082
1261079669396340738,negative,0.019347834871547512
1261079669836779526,negative,0.18132793982199852
1261079670294040576,negative,0.0006777586002994462
1261079670356836354,negative,0.009635110315967137
1261079670679838720,negative,0.00127916812967785
1261079671342497794,negative,0.00011320663685326903
1261079671741067267,negative,0.002529123403962503
1261079672210817024,negative,0.0026195813833689995
1261079672630239233,negative,0.27765168021673153
1261079672684793856,negative,0.007491478377407189
1261079672823123974,positive,0.9944791050081849
1261079674773536769,negative,0.023955068786023114
1261079675197181953,negative,0.06696303936280534
1261079676363120640,neutral,0.3833891361161165
1261079677902426112,negative,6.055051686474348e-06
1261079678233849859,negative,0.009267628385245044
1261079680372875270,negative,0.0075779144192591455
1261079681064857600,negative,0.02181698954289933
1261079681903796225,negative,0.11546466734965788
1261079682537193473,negative,0.019398626832505143
1261079683094982664,negative,0.0015272034653036571
1261079683904479234,negative,0.005268029320401256
1261079684437213185,neutral,0.3771014237793692
1261079684701446145,negative,1.5368452237687873e-05
1261079684965715969,negative,0.0018647880827415433
1261079685318021122,negative,0.0143691569323241
1261079687683604481,negative,0.18132793982199852
1261079687754850305,negative,0.0008143068010568026
1261079687855517696,negative,0.0007544988372025122
1261079688430194689,negative,0.07926138426951894
1261079689499750405,positive,0.9566605266541124
1261079691840098305,negative,0.00044785368226678957
1261079693253640192,negative,0.03588299931515324
1261079693798903820,negative,0.18132793982199852
1261079695044546560,negative,0.0006149946184115155
1261079696458027009,negative,0.006236713272351215
1261079819594407937,negative,0.10621342427844126
1261079821590974465,negative,0.22365769681869202
1261079821985202176,negative,0.023897710117016725
1261079822182297600,positive,0.926514386715155
1261079822249472000,negative,8.848800198281415e-05
1261079822513713152,negative,0.15770519087659057
1261079823402893317,negative,0.021298495884448643
1261079823755198471,negative,0.2763711276011782
1261079823847501825,neutral,0.4393101850869295
1261079824514396163,neutral,0.3510366950887679
1261079824518569991,negative,6.055051686474348e-06
1261079824942186503,negative,0.01912972300898875
1261079826116628488,negative,0.1724477043819196
1261079830273110025,negative,0.03299988820987437
1261079832919715840,negative,0.012316572864172592
1261079834031280129,negative,1.946973579076968e-05
1261079834362556418,positive,0.9187734058430442
1261079834899279872,positive,0.9186396055900012
1261079836304515072,negative,0.000240938601930248
1261079836455579648,neutral,0.6417147605933217
1261079836728029184,neutral,0.49789225920557484
1261079836900155393,negative,3.330582444371827e-05
1261079837348777984,negative,0.047318542022367044
1261079838015795200,negative,0.03288107100228126
1261079839718719489,negative,5.2047850363921534e-08
1261079839840313350,negative,0.00045938434672608883
1261079840297533441,negative,0.009869353311088971
1261079842126086145,neutral,0.3696821291446064
1261079846333054976,negative,0.04277285639332306
1261079848174465024,positive,0.8067634496739899
1261079848333664256,neutral,0.553444523083037
1261079848354582528,negative,0.0140741473295959
1261079848392495110,neutral,0.48728019602140255
1261079848665133057,negative,0.001545274302229004
1261079848816128016,negative,0.006019348492827425
1261079849583685633,negative,0.0002005429106019905
1261079849663442945,neutral,0.5799432700948403
1261079851265654784,negative,0.0066214548779282055
1261079851320184832,negative,0.0070958475026905036
1261079851873775623,negative,0.07756456784850768
1261079851966042112,neutral,0.33476276817477585
1261079852892991488,negative,0.03299988820987437
1261079853073346560,negative,0.0012158277157009786
1261079853371097090,negative,0.05840540636089486
1261079853794824198,neutral,0.5745941938663405
1261079853899620353,negative,3.040983555029468e-07
1261079854688108544,neutral,0.6162940829641084
1261079855686393860,negative,0.10621342427844126
1261079859016675328,negative,0.18132793982199852
1261079859700412433,negative,2.244603839513948e-12
1261079860660838405,neutral,0.35193251373426315
1261079862594482178,neutral,0.5475144922864627
1261079862716117000,positive,0.9926768601874724
1261079863127130113,positive,0.9944791050081849
1261079863949176833,negative,0.047551216154445054
1261079863982723079,neutral,0.4393101850869295
1261079864607748100,negative,0.03299988820987437
1261079866159529984,negative,0.27178743759025314
1261079867334045696,negative,0.0003737708586978372
1261079868130942979,negative,0.007491478377407189
1261079870924341251,negative,7.492873700794283e-05
1261079871788384262,negative,0.17448246323826827
1261079873923289093,negative,6.781853661845459e-07
1261079874669854723,negative,0.007150962408534407
1261079874925715458,positive,0.9944791050081849
1261079875944841226,positive,0.8676506159425117
1261079876548820993,negative,0.0002514045732478907
1261079876959862788,negative,0.0003513379710381576
1261079877094080512,neutral,0.47669008658475526
1261079877123522570,negative,7.017678811961761e-07
1261079877190594567,negative,0.047837213921344365
1261079881569521664,negative,6.055051686474348e-06
1261079881913446400,negative,0.04534095155987883
1261079883259752451,negative,0.0070958475026905036
1261079883805048835,negative,0.0018128879555840399
1261079884299976704,negative,0.007491478377407189
1261079884631343106,neutral,0.35983544336202605
1261079884669091841,negative,0.021298495884448643
1261079886141235202,negative,0.002350348273223552
1261079888712196097,negative,0.006367190433057505
1261079888825483265,negative,0.0829358063617889
1261079890150948866,negative,0.0003865629642884714
1261079890452873217,positive,0.9576765494281486
1261079890897616896,negative,1.952285491866723e-05
1261079893250584578,negative,0.22723897456548744
1261079893284130816,negative,0.2653386384684935
1261080017095835648,negative,0.03287812857005473
1261080017611763714,negative,0.05492432453759986
1261080019692064771,negative,0.0070958475026905036
1261080020170223625,negative,0.07279594289298937
1261080020799434753,negative,0.009635110315967137
1261080021411733504,negative,0.1724477043819196
1261080021785067520,negative,0.2105452668305726
1261080021910925313,negative,0.1724477043819196
1261080022154166277,negative,0.05000473756390208
1261080022602956800,negative,0.058852715763549016
1261080023278202880,neutral,0.4131389883755172
1261080026465918979,negative,0.0012018121449835282
1261080029808562176,negative,0.046283587398745434
1261080029888479233,negative,0.06882413221735735
1261080030681206785,negative,0.0006430317737287878
1261080031834456064,negative,0.0925911623251712
1261080032300068864,negative,0.02974200214645776
1261080032618872834,neutral,0.35365295362854143
1261080032816050179,negative,0.0006297323526487123
1261080033327820803,negative,0.012423778439232166
1261080034091118597,negative,0.3214078308826075
1261080034217000963,negative,9.976352673090122e-05
1261080034460213248,neutral,0.49963898437943544
1261080036356038656,negative,0.00127916812967785
1261080037266161665,negative,0.0003055890739429581
1261080037736022016,negative,0.00028253720614257433
1261080038306349056,negative,0.00023843503925221826
1261080041074520064,negative,0.00983273521971378
1261080041263431680,negative,0.00016933955435738756
1261080042735652864,negative,0.0012158277157009786
1261080042832084994,negative,0.0010728237623461438
1261080044308500481,negative,0.009267628385245044
1261080045281566724,negative,0.0026804282011305145
1261080046732787713,negative,0.007491478377407189
1261080047118618631,positive,0.9217938129455711
1261080048142082051,negative,0.0829358063617889
1261080049647828993,negative,0.0064075698339267845
1261080050012733442,negative,0.0004184623138598992
1261080052713820164,negative,0.007402612883008404
1261080053024059392,neutral,0.5019816082907498
1261080053145841664,neutral,0.6413969424581877
1261080053263355904,negative,0.00010626212884193116
1261080053837901825,negative,0.009635110315967137
1261080053930233857,neutral,0.3569958475231166
1261080055079415808,negative,0.07926138426951894
1261080055377256448,negative,0.1724477043819196
1261080055410601990,negative,0.004805010769256333
1261080056555810818,negative,0.27765168021673153
1261080057499586565,positive,0.8676506159425117
1261080057826721799,negative,0.08202671239802112
1261080061014310919,negative,0.06439228122538394
1261080061249236998,negative,0.00016217436440800815
1261080062780203015,negative,5.528649045567095e-06
1261080063992377344,negative,0.2068419170804562
1261080064659271685,negative,0.007217022573809804
1261080065380671493,negative,0.031906291684652775
1261080065451884550,negative,6.592963623445062e-05
1261080066546708485,negative,0.054437127226927534
1261080068106997760,positive,0.9016975841847982
1261080068387979267,negative,0.00995285888360205
1261080068408905734,negative,0.07365284070895582
1261080068593516544,negative,0.005455913776100697
1261080069226840064,negative,0.0015502968681074948
1261080070145400834,negative,0.018275229005576387
1261080071969873922,negative,0.23182680822916144
1261080072527757314,negative,4.470007911325974e-06
1261080072754065409,negative,0.001931818007127936
1261080073790197768,neutral,0.4010223899496355
1261080074146758657,neutral,0.5505550505941735
1261080074389987328,positive,0.7245024586345844
1261080075862192130,negative,6.055051686474348e-06
1261080075895701504,positive,0.863814643834973
1261080076315168769,negative,0.022049598121256272
1261080078571712514,negative,4.359460220332571e-10
1261080078869344257,negative,0.005358776354652845
1261080080547287040,negative,0.011519511547947378
1261080081767837697,negative,6.592963623445062e-05
1261080082019385345,negative,0.001641289339431805
1261080082501828611,negative,5.2294584697769303e-08
1261080082812190721,negative,0.2983470658447613
1261080083789492226,negative,0.01915812214238469
1261080083936284672,negative,0.1274086823814032
1261080084582215680,neutral,0.44502210375127954
1261080084984799233,negative,0.09439434314032633
1261080085232312322,negative,0.007491478377407189
1261080087056826369,negative,0.0070958475026905036
1261080087514021891,negative,0.0011932448869651758
1261080087782404096,negative,0.1821064697195017
1261080089225199616,neutral,0.5098851099676254
1261080089829224448,negative,0.018275229005576387
1261080090022162432,negative,1.573493362181876e-06
1261080090592641027,negative,1.162529397337832e-06
1261080209182404608,negative,0.00874230404534604
1261080210293682176,neutral,0.4744007417802897
1261080210709057536,negative,1.946973579076968e-05
1261080211212427267,negative,0.203651205388452
1261080213817118721,neutral,0.6484827436178549
1261080214257504258,neutral,0.5475144922864627
1261080215251562499,negative,0.007701106104783986
1261080215842848773,negative,0.31751790853365736
1261080216212045824,positive,0.9944791050081849
1261080218888011779,negative,0.03299988820987437
1261080221442326529,negative,6.538734813775937e-05
1261080221576507392,negative,0.2775217089993913
1261080222646120451,neutral,0.41422308832356086
1261080224172736512,negative,6.538734813775937e-05
1261080225376542720,negative,0.0005184678803282431
1261080226047590400,negative,0.004404164926161911
1261080228627185664,negative,0.19671726813826895
1261080230871085059,negative,0.025527589564474408
1261080231105884161,negative,6.6595218984142355e-06
1261080231147905025,negative,6.592963623445062e-05
1261080232456527872,negative,0.014937243790214817
1261080232804716544,neutral,0.37037742606747703
1261080233257680897,negative,0.014207032637837888
1261080235560370181,negative,0.023997027547282685
1261080235593936896,negative,0.0003151738950162177
1261080236155944960,negative,0.0013450061478984623
1261080236713742336,negative,1.946973579076968e-05
1261080236952891393,negative,0.031906291684652775
1261080237359628294,negative,6.055051686474348e-06
1261080237493927937,negative,0.17124433427164976
1261080238194397197,negative,0.2775217089993913
1261080238487941120,negative,0.06907025349363545
1261080239104339968,neutral,0.3579609534749526
1261080239137886209,negative,0.00874230404534604
1261080240660656130,negative,0.025500373049312217
1261080242040553473,neutral,0.43505800571671444
1261080242426466304,negative,0.05840540636089486
1261080244330598400,negative,0.00956282098960921
1261080244464820225,negative,3.051327681608368e-07
1261080244909465600,negative,0.034915139810854166
1261080245618257920,negative,0.1301416228051152
1261080246020907010,negative,1.4529162029694404e-05
1261080246893281280,negative,0.06809762581072988
1261080247354695680,negative,0.0942379992087264
1261080247690240003,negative,0.05376265809283129
1261080247757410305,neutral,0.37037742606747703
1261080248440979457,neutral,0.33362443351280024
1261080248835289088,positive,0.7205607441942632
1261080249355427841,positive,0.9944791050081849
1261080249661620224,negative,3.186012946279449e-06
1261080250081071109,negative,0.12626399535261731
1261080250513047555,negative,0.03502899758714175
1261080250584350724,negative,0.007942105302098266
1261080251586748416,negative,0.002350348273223552
1261080252249489408,negative,0.07958848182746942
1261080252802973696,negative,0.03187531387841372
1261080254086512640,negative,0.220162719106585
1261080254313115649,negative,0.0003513379710381576
1261080254447333381,negative,0.0044416438872787525
1261080256255086593,negative,0.09767795137268392
1261080256837976066,negative,0.005641115677473353
1261080257278480387,negative,0.0010236188930770008
1261080257567875072,negative,0.0004068509744782043
1261080258171867137,positive,0.9985627021100494
1261080258775834624,negative,2.4635825298781377e-06
1261080259136499713,negative,0.04669283421485249
1261080262588411905,neutral,0.35193251373426315
1261080263922196480,neutral,0.6413969424581877
1261080263985152004,negative,5.237010403306905e-06
1261080264501051394,negative,0.009869353311088971
1261080264555614211,negative,0.012702899242022237
1261080264605863937,negative,0.00013766818359527567
1261080264865984514,negative,6.080925063374013e-08
1261080265180446721,negative,0.03834454024618712
1261080266677813251,negative,0.0003055890739429581
1261080266954530816,neutral,0.5921022564042216
1261080267449675778,negative,0.05245280491833443
1261080270394085376,negative,7.523949415256053e-05
1261080272432508928,neutral,0.4662169283079212
1261080272881229826,negative,0.17419181412416476
1261080274307334145,neutral,0.35193251373426315
1261080274789642243,negative,0.1724477043819196
1261080275548864514,negative,0.1499521007464479
1261080276119289856,neutral,0.3696821291446064
1261080276182142976,negative,5.237010403306905e-06
1261080277922832384,negative,0.00127916812967785
1261080278807851008,negative,6.592963623445062e-05
1261080280015699968,negative,0.02365840692713393
1261080282846728192,negative,0.005715946619496909
1261080282926592000,negative,0.03299988820987437
1261080282930778112,negative,1.589354433692558e-05
1261080283174129665,negative,9.06459163841703e-09
1261080284063301638,negative,0.014248629529681952
1261080285615136768,negative,6.639785428983708e-06
1261080285778755584,positive,0.9958388305455959
1261080286344986624,negative,0.012491486062200595
1261080286667800576,negative,0.06280503400001573
1261080402799800320,negative,0.02436785384018199
1261080404573839360,negative,0.001545274302229004
1261080405123399682,negative,0.14430499685716233
1261080405207322626,negative,0.0034577688986582975
1261080405895233539,neutral,0.5136446707795853
1261080409389006849,negative,0.07958848182746942
1261080409590378496,negative,0.012395425109043911
1261080411507232769,neutral,0.4507454498615163
1261080412690034688,negative,0.14742709748113014
1261080413256073216,negative,0.0029113746740565345
1261080415416262656,negative,0.0012190040298625528
1261080415491801090,negative,0.00010376356324186878
1261080416724942849,negative,0.0006149946184115155
1261080418427731968,negative,8.66505195333346e-05
1261080418515922947,positive,0.9944791050081849
1261080418645880832,negative,0.10535135965682293
1261080419535065090,negative,0.005156777152779888
1261080422018166785,negative,0.11162762197975168
1261080424350171136,negative,0.15591590037225175
1261080424471842816,negative,0.13397866938779301
1261080424891252737,negative,0.006632033216143335
1261080424895451147,negative,0.007421155313517511
1261080425960701952,negative,0.035767828095352006
1261080426090766343,negative,0.000417538101411656
1261080427252592640,negative,0.009267628385245044
1261080427265249282,negative,0.021034825867561502
1261080428275998723,negative,0.008265550082696499
1261080428477329413,negative,0.02498767402067948
1261080430419288070,neutral,0.5735294531537379
1261080431904071686,negative,0.02498767402067948
1261080434068185090,negative,0.010548046489917001
1261080434638643200,negative,0.0023552093991860666
1261080435054063622,negative,0.0017001971758878423
1261080435729354752,positive,0.892303511194296
1261080436161294340,neutral,0.5413498032891854
1261080436530282496,positive,0.8799143624527516
1261080439193821185,negative,0.07889166424740562
1261080440338817025,negative,0.07279594289298937
1261080441420906496,neutral,0.46571361764833796
1261080441844649984,negative,0.0043628093459659595
1261080444285718531,neutral,0.44498724401209616
1261080447913562112,negative,0.010548046489917001
1261080448794583043,negative,0.20828688544925994
1261080449088094210,negative,0.0003513379710381576
1261080450082263042,negative,0.0004403088986680908
1261080450518396929,negative,0.0956658001448642
1261080451608834048,negative,0.002928217720317866
1261080453248774144,negative,0.18732339512147328
1261080453399949313,negative,8.848800198281415e-05
1261080456260390918,negative,0.010548046489917001
1261080456457527296,negative,0.034422062161160935
1261080456516296704,neutral,0.33457247288763003
1261080456667299840,positive,0.9995130384955465
1261080457791275018,negative,0.041704459970716444
1261080458114355203,positive,0.9995936068004598
1261080459217375232,negative,0.0015502968681074948
1261080459859103750,negative,4.665555788702734e-11
1261080460534386690,negative,0.06215644487151562
1261080461545275394,neutral,0.4210617759613723
1261080463042646017,negative,0.013405460167787585
1261080463671791617,negative,0.0005425348222994636
1261080463814406146,negative,0.058078642165725725
1261080463969484801,negative,0.016709585956880536
1261080464279900166,negative,0.031824039296953446
1261080465353715715,negative,0.21534839837192463
1261080466234445830,negative,0.009637184536399434
1261080467064999936,negative,0.001465274472531796
1261080467144675328,neutral,0.37609422587007374
1261080468620890114,negative,0.06809762581072988
1261080469514465286,negative,0.0070958475026905036
1261080469598351364,negative,0.1301416228051152
1261080470156185600,negative,0.00956282098960921
1261080471208894466,negative,0.00010089657718934966
1261080471565406208,negative,0.002655696650265478
1261080473125752839,negative,0.2756676658265441
1261080473406779393,neutral,0.4924377959559972
1261080473717092354,negative,0.0056208215374589305
1261080475650723842,negative,0.007491478377407189
1261080475893993476,negative,0.0412802506520319
1261080476468408323,positive,0.8364463538993934
1261080476506259457,positive,0.7167991058004878
1261080478242701313,neutral,0.4567939863166965
1261080478427291648,neutral,0.49789225920557484
1261080601894977539,negative,0.29277062314580254
1261080602251583488,negative,4.101595290929803e-09
1261080602884952075,negative,4.548769609944681e-06
1261080603027484672,negative,0.0008233755000593173
1261080604256473088,negative,5.8251935838654246e-05
1261080604403101697,negative,0.17487464638656935
1261080604545675264,neutral,0.35193251373426315
1261080604810137600,positive,0.9520821984133664
1261080606114537472,negative,0.0012394643481581575
1261080607351812097,negative,0.03005850577416586
1261080607565721601,negative,0.029323981800602562
1261080608316456961,negative,0.007597380024169224
1261080608668819462,negative,0.03684722106392948
1261080612972056577,negative,0.06827922717892232
1261080613479682049,negative,0.009232147506659362
1261080613613903872,negative,0.0412802506520319
1261080614075277313,negative,0.004404164926161911
1261080615350403074,negative,0.07541362167133957
1261080615597871104,negative,0.007177464113858249
1261080616197591045,negative,7.969729778177112e-05
1261080618093481994,negative,0.005156777152779888
1261080618093490181,negative,0.09529862947708992
1261080620391948290,negative,0.005916562894432655
1261080620412932104,negative,0.004616932683915045
1261080620496760835,negative,0.03890504297312442
1261080620605804546,negative,8.848800198281415e-05
1261080620777697282,negative,0.020211595507670883
1261080622925316099,positive,0.926514386715155
1261080623776751616,negative,0.013770046126213829
1261080626603712519,negative,0.007491478377407189
1261080627857760257,negative,0.0530156405495414
1261080628478517249,negative,0.14187159035120095
1261080628566646785,negative,0.03588299931515324
1261080629346799616,negative,2.5627332743585417e-06
1261080630768685057,negative,0.0006246751010915626
1261080630819008514,negative,6.055051686474348e-06
1261080631649468417,negative,0.0015551117128797865
1261080631896870918,negative,2.5040433119175296e-06
1261080633620803589,negative,0.0007337242143566197
1261080633641664512,negative,0.016348622889358826
1261080633721446408,negative,0.15436550694657555
1261080634136711168,negative,0.2541386598620025
1261080635994669057,negative,0.025527589564474408
1261080636330332161,negative,0.020504469728652698
1261080638020599810,negative,1.0842824059807685e-05
1261080638150631433,negative,0.004404164926161911
1261080638955966466,negative,0.14430499685716233
1261080641044701184,neutral,0.3461827551986135
1261080643213164544,negative,0.00025043907839838997
1261080643292848128,negative,0.14671821395181123
1261080643707994114,negative,0.19463906775764167
1261080643766751233,positive,0.9995130384955465
1261080644249161731,negative,0.0029414469746781575
1261080644362342400,positive,0.9982335934152847
1261080645452935169,negative,0.176883126368165
1261080645545201664,negative,0.016652434786224902
1261080647671709697,negative,5.8251935838654246e-05
1261080648149803011,negative,0.016943530883869014
1261080648376291330,negative,0.0001448827334528799
1261080649437450241,negative,0.001015782712010595
1261080651329126400,neutral,0.37680543482765966
1261080652981641217,negative,0.021298495884448643
1261080653526904833,negative,0.004456393461761639
1261080655192080386,negative,0.05510042518961309
1261080655439499266,negative,2.796019007198565e-05
1261080655494033408,negative,0.002758828382992987
1261080655548555265,negative,0.2762865303491929
1261080657964552193,negative,0.05013564226450479
1261080658467794944,positive,0.9332532101046976
1261080658635558912,negative,0.007159010447295681
1261080658937614338,negative,2.53017867965851e-08
1261080659407319041,negative,0.0004517934811687509
1261080659503742980,negative,0.03684722106392948
1261080659562545157,negative,8.809172410525884e-06
1261080659797426176,neutral,0.49789225920557484
1261080660120342534,negative,0.004404164926161911
1261080661969993728,negative,0.0037955798660701105
1261080662267752449,negative,5.237010403306905e-06
1261080662725013505,negative,0.086749072429151
1261080662838255616,negative,0.07279594289298937
1261080663492616194,negative,0.0003513379710381576
1261080663819771906,negative,0.05876920203944523
1261080664897699842,negative,0.03737348554983519
1261080665090637826,negative,0.06304120075965536
1261080666025885696,neutral,0.44445755795949016
1261080666504138752,negative,0.001998159252870973
1261080667917557762,negative,7.736621300916934e-05
1261080668710285312,negative,0.19555628982172585
1261080668798320641,negative,0.0010402257943731524
1261080669649764353,negative,0.021876841222629593
1261080671658938369,negative,0.0073425281438595415
1261080671872856070,negative,0.013260246960157016
1261080672317444097,negative,0.0011962601104482358
1261080673193951234,negative,0.07279594289298937
1261080674041290753,negative,5.352061382891977e-10
1261080794744979456,negative,0.03548178564333209
1261080797064421377,positive,0.9576765494281486
1261080797899116547,positive,0.8676506159425117
1261080798607917056,negative,0.009671052747546784
1261080799258050562,negative,0.08408830639321406
1261080799824285697,negative,0.13785949092314154
1261080800642109441,negative,0.01299392123367539
1261080802437316616,negative,0.00028384320250823044
1261080802613436423,negative,2.5722725489376068e-08
1261080802949058560,negative,3.5735452133914065e-05
1261080803448107008,negative,3.081581401876009e-05
1261080804467376128,negative,0.00013766818359527567
1261080804601597952,negative,0.015321099755803546
1261080804681277441,negative,1.0480746181266746e-06
1261080804920307713,negative,0.0008233755000593173
1261080805130022920,positive,0.8298488426650559
1261080807776620546,neutral,0.35193251373426315
1261080809336901635,negative,0.19566105662596464
1261080809756336128,negative,0.0015084038141660243
1261080811702493186,negative,0.1643614674755463
1261080812730167296,negative,0.0005949739515179621
1261080813749362690,negative,0.14430499685716233
1261080816609787911,negative,0.0006271709704536943
1261080817750683648,negative,0.04534095155987883
1261080818887331840,negative,0.13397866938779301
1261080818962894849,positive,0.9649539196279338
1261080819055165446,negative,0.00011248775604814773
1261080819466199046,negative,0.031824039296953446
1261080820619661312,negative,0.17448246323826827
1261080823392014336,positive,0.7077950270868482
1261080823752790016,neutral,0.5366071008066075
1261080825854070788,neutral,0.4671177965916943
1261080826298630146,negative,0.052317444487015266
1261080826734948355,negative,4.548769609944681e-06
1261080826957238277,negative,0.0012158277157009786
1261080827032735744,negative,0.11621235138636853
1261080827296874496,neutral,0.48163350008694344
1261080827393380362,negative,0.011342526002148518
1261080828840488964,negative,0.058001399038169886
1261080828936966144,negative,0.009635110315967137
1261080829285019649,negative,0.07279594289298937
1261080829800976389,negative,0.18132793982199852
1261080830262345728,neutral,0.5000306021952764
1261080830610464768,negative,0.006839331406001333
1261080831235371019,neutral,0.46511884455441777
1261080831424106500,negative,8.47497856879012e-05
1261080832481034241,negative,0.0001469105543117679
1261080832841834505,positive,0.6869311421006977
1261080833743519745,negative,0.0530156405495414
1261080834477625345,negative,0.00027082171391389054
1261080834510974977,negative,0.057522739264733516
1261080834964107264,positive,0.8046095610971276
1261080835974930434,negative,0.22761070535092487
1261080836880781312,negative,0.00012359768427432682
1261080837749178376,negative,0.15821911725267293
1261080837824614401,negative,4.548769609944681e-06
1261080838193786881,negative,7.19990146996191e-07
1261080838638354435,positive,0.9576765494281486
1261080841217867782,negative,0.021876841222629593
1261080841524072451,negative,0.07934228845748642
1261080842580918272,negative,0.01299392123367539
1261080842937532417,negative,0.0010876726351500352
1261080843197480966,negative,0.08708421057550549
1261080844648792064,negative,0.03966124796163267
1261080844938219523,negative,0.006839331406001333
1261080846330707975,negative,0.002758828382992987
1261080847811256321,neutral,0.5605906486052316
1261080848566308874,negative,0.05510042518961309
1261080848918593536,negative,0.0001299942306647712
1261080849149288450,negative,0.1639860460516815
1261080849358995462,negative,0.007764169010679853
1261080849627451394,negative,0.0014842169360488177
1261080850806030336,neutral,0.6101475452213356
1261080850814439426,neutral,0.3518889885676023
1261080850935844865,negative,0.07474986464276273
1261080851015745543,negative,0.0007544988372025122
1261080851623882752,negative,0.05510042518961309
1261080852383125504,neutral,0.36819774897876867
1261080853112815616,negative,2.617181445155381e-05
1261080853209325576,negative,6.055051686474348e-06
1261080854828367873,negative,0.0006430317737287878
1261080854970810368,negative,0.01489428624652075
1261080856367697921,negative,0.06967499314271368
1261080856531066880,positive,0.8142087794113186
1261080857911209984,negative,0.0009039403619505685
1261080857969930254,negative,0.002180725278516566
1261080859152703490,negative,1.549531661204742e-05
1261080861618794498,negative,0.23426587441583174
1261080862898225153,negative,0.026452401690733807
1261080863518986240,negative,0.12257904940742644
1261080864697528322,negative,0.2689991314364525
1261080865649627143,negative,1.3252688118568639e-05
1261080866035466241,negative,0.0009039403619505685
1261080866509459459,neutral,0.40063507147983324
1261080867474157574,negative,0.008455051953078588
1261080988899303427,negative,0.15482375319234723
1261080989595586570,neutral,0.33740903814333895
1261080989729796097,negative,1.299324567360351e-05
1261080989972918273,negative,0.0020247550875949686
1261080989981265920,negative,0.0829358063617889
1261080990149079041,negative,0.04478603193562427
1261080990589599746,negative,0.0029113746740565345
1261080990904131589,negative,0.18732339512147328
1261080992078606337,negative,0.08152779488559123
1261080992611213319,negative,0.007270379411655592
1261080993890435073,negative,0.018275229005576387
1261080994330771457,neutral,0.5869861080901129
1261080994356113408,positive,0.8607877788111624
1261080996549668864,negative,0.0004994623360277496
1261080996881014789,negative,6.781853661845459e-07
1261080998579785730,positive,0.9944791050081849
1261080998743347203,negative,1.5091631505874052e-05
1261081002996387846,negative,0.002758828382992987
1261081003013128193,negative,0.0023832108017792066
1261081003558387713,neutral,0.5475144922864627
1261081003700957184,negative,8.196165913170898e-05
1261081005127065601,positive,0.7077950270868482
1261081008348299270,negative,0.002758828382992987
1261081008688058374,negative,0.05245280491833443
1261081009359130626,neutral,0.6413969424581877
1261081010411880450,negative,0.00011060206483558495
1261081011196170240,negative,4.548769609944681e-06
1261081011422724098,negative,0.13558983821885426
1261081012018298881,negative,0.12570810913284952
1261081012068659207,negative,6.055051686474348e-06
1261081012894916610,negative,0.004404164926161911
1261081013515685888,negative,0.00956282098960921
1261081014169894915,negative,0.007254349941305919
1261081014446641152,negative,0.05510042518961309
1261081014589435904,neutral,0.5820443383920558
1261081014929166336,negative,0.034422062161160935
1261081015512182785,negative,0.17203334118010216
1261081016191631365,negative,0.11871858030437207
1261081016371941376,negative,0.024205018910682486
1261081017252745218,negative,0.0018428498005793512
1261081018938863617,negative,0.043529789846227164
1261081019140255745,negative,0.013469509337730215
1261081020125925378,negative,0.0008068758842537066
1261081020578910216,negative,0.07958848182746942
1261081020629213185,neutral,0.35365295362854143
1261081020897599489,negative,0.04650286669861733
1261081022210375681,positive,0.9520821984133664
1261081023472951296,negative,0.004496281285130206
1261081024466956288,negative,0.0026195813833689995
1261081027163959296,positive,0.9944791050081849
1261081027214225412,negative,0.05510042518961309
1261081027222495232,negative,0.06280503400001573
1261081028933885958,negative,0.0066214548779282055
1261081030179643392,negative,1.299324567360351e-05
1261081032423505922,negative,0.04162181510671934
1261081034587811841,neutral,0.3966663609172106
1261081034990419968,negative,0.0014012719948561685
1261081036458528769,neutral,0.41103277408600336
1261081036814942208,positive,0.926514386715155
1261081037217705984,positive,0.8864168300156331
1261081037825769473,negative,0.0011041652621831398
1261081037871906818,negative,0.10381992096085416
1261081038077530112,negative,0.08228564237392874
1261081040426356737,negative,0.034422062161160935
1261081040929665031,negative,0.0069164280924240125
1261081041470513157,negative,0.1724477043819196
1261081042204733441,negative,0.0009756531235152684
1261081042330492930,neutral,0.437369725752128
1261081044268150785,negative,0.007166235580735366
1261081044683554823,neutral,0.47669008658475526
1261081045140733952,negative,3.5735452133914065e-05
1261081045694394368,negative,0.18942631076829802
1261081046977859584,positive,0.9995130384955465
1261081047330062336,positive,0.8782164765929359
1261081048542253056,negative,0.010570603246390585
1261081051054714883,negative,0.24450609839488252
1261081051205644289,negative,4.79976557232596e-09
1261081054972182528,negative,9.617533920050969e-05
1261081055060283393,negative,0.11270194197291
1261081056314359808,negative,0.00109352357677216
1261081056675069956,negative,0.1643614674755463
1261081057455149059,negative,0.010548046489917001
1261081057786503174,negative,0.18109689044679286
1261081058759643150,negative,1.299324567360351e-05
1261081059191652359,neutral,0.45531902536951896
1261081059287953409,negative,0.0014233809587802858
1261081059787264000,negative,0.05510042518961309
1261081060999335937,positive,0.7077950270868482
1261081061938720768,negative,0.09932435804132303
1261081062475628544,neutral,0.3817771603617465
1261081063763308546,negative,0.0829358063617889
1261081064572846081,negative,0.0006972329568856965
1261081064774209540,positive,0.9944791050081849
1261081065520877570,negative,0.007491478377407189
1261081067215376384,negative,0.0014864889500187124
1261081187545726976,negative,0.011927997461607553
1261081187566698497,negative,0.0846181408979735
1261081189030547457,negative,0.0019413581367669558
1261081189655425026,negative,0.12626399535261731
1261081189730967555,positive,0.9985627021100494
1261081191354109953,negative,0.14430499685716233
1261081192557936647,neutral,0.645902126359573
1261081192599822337,negative,3.4216479431910537e-11
1261081194592075777,negative,0.0005812967361960337
1261081194818498560,negative,0.1724477043819196
1261081195347050498,negative,0.06304120075965536
1261081195405873153,negative,0.0012092880121583177
1261081196076957697,negative,0.002137250377122489
1261081196345405445,negative,0.007868034150464255
1261081196492197888,negative,0.013469509337730215
1261081196651581440,negative,0.03005850577416586
1261081197930852358,negative,0.02974200214645776
1261081199436541955,negative,0.007722353308273733
1261081199608561664,negative,3.094153609763964e-08
1261081200053170178,negative,0.11734197440161946
1261081200426471424,neutral,0.5136446707795853
1261081200455794690,negative,7.477762258807051e-11
1261081201525342209,negative,0.17419181412416476
1261081201772724227,negative,0.009635110315967137
1261081202095775744,negative,4.712579046647293e-06
1261081203534413825,neutral,0.35365295362854143
1261081203811155974,negative,0.00018205154377266508
1261081204729708544,positive,0.9712226890320511
1261081205065297921,negative,0.0003152657750419945
1261081205426061317,negative,0.07144400217604176
1261081205539209216,negative,0.007571848411168897
1261081206814359553,negative,2.0995957607770914e-07
1261081206906654720,negative,0.0036753193647183296
1261081207128940545,negative,0.015737453790189003
1261081208068411392,negative,0.2762865303491929
1261081209905524742,negative,0.1643614674755463
1261081210048126976,negative,6.055051686474348e-06
1261081211621048322,negative,0.19905357185764222
1261081211704872969,negative,1.109300561659295e-07
1261081213906944000,negative,0.015881472327268033
1261081215400128515,negative,0.12444600599919248
1261081216096272390,positive,0.8189201821613045
1261081218042519553,negative,0.07413545857167232
1261081221058170881,negative,0.1724477043819196
1261081222106812417,positive,0.8401154641959865
1261081222501019655,positive,0.926514386715155
1261081222811398148,positive,0.956047494203522
1261081224568807425,negative,0.0011932448869651758
1261081226724675589,positive,0.8248904162818091
1261081227920056322,negative,0.0015502968681074948
1261081227932680192,negative,6.781853661845459e-07
1261081228259794944,negative,0.007491478377407189
1261081229253844992,negative,0.13792324850351373
1261081230549884928,negative,5.8251935838654246e-05
1261081230898089989,negative,0.00020162546450479496
1261081231422357511,negative,0.0022252954633792815
1261081231426490374,negative,7.017678811961761e-07
1261081232235851776,negative,9.162482094766087e-06
1261081233234296832,negative,0.2018545755243397
1261081233666293769,negative,0.0018015870826305377
1261081235016699905,negative,3.971127855442728e-06
1261081236564512780,negative,7.84376108222227e-05
1261081236681953281,negative,0.004404164926161911
1261081236979752960,negative,0.23431688148558877
1261081241018720257,negative,0.002758828382992987
1261081242222628865,negative,0.013770046126213829
1261081242629529600,positive,0.800335816903458
1261081243346702337,positive,0.9576765494281486
1261081243623587841,negative,0.2756676658265441
1261081244324020224,neutral,0.409114109669092
1261081244563116032,negative,0.0075216036221523045
1261081245016080385,negative,6.910907667235283e-05
1261081245561151488,negative,0.03632653277875275
1261081246299566080,negative,0.28537077533441246
1261081246840619011,negative,3.6552563485554514e-05
1261081247079694338,negative,0.020410097776989065
1261081248333737989,negative,0.05510042518961309
1261081249311064067,neutral,0.409114109669092
1261081249705340928,negative,0.0208650463045982
1261081251810873347,negative,0.03313639318146659
1261081252045762566,negative,0.2646037667565593
1261081253425676289,negative,0.00011831223059889545
1261081255636058113,neutral,0.35365295362854143
1261081256273592326,negative,0.009635110315967137
1261081257099907078,positive,0.926514386715155
1261081261071904769,negative,0.007681973746176305
1261081262095294464,negative,0.0008763487582074545
1261081262707654661,negative,0.047837213921344365
1261081378596282373,negative,0.06696303936280534
1261081379347070976,negative,0.00956282098960921
1261081379636416512,neutral,0.41422308832356086
1261081380047540238,negative,0.00127916812967785
1261081380693426183,negative,0.2763711276011782
1261081381045776385,negative,0.031447090427887466
1261081382455042050,negative,0.19276384376099165
1261081383721676806,negative,0.13994600639892701
1261081384082382848,negative,0.0006430317737287878
1261081386057900037,negative,0.12381023232111757
1261081387349786624,neutral,0.36716081310831067
1261081388427640834,negative,0.01299392123367539
1261081388520034306,negative,0.18317612208791012
1261081389874794498,negative,0.042614335212767314
1261081390831067140,neutral,0.35365295362854143
1261081392781328385,negative,0.039547711184311767
1261081395084001281,neutral,0.5437433443381107
1261081395830685697,negative,5.8251935838654246e-05
1261081395876843522,negative,0.00127916812967785
1261081396505911299,negative,0.10262714699492612
1261081396803776512,negative,3.7955277419423886e-06
1261081397248360448,negative,0.00034086997344750115
1261081397810388992,negative,0.06696303936280534
1261081397986557952,negative,0.004660766566651951
1261081398212997121,negative,1.299324567360351e-05
1261081399580405760,negative,0.004404164926161911
1261081400096231425,neutral,0.36181014422108565
1261081400213737475,negative,0.1682079082246761
1261081401740398593,negative,0.013469509337730215
1261081402688376834,neutral,0.5826248048604759
1261081403992600576,negative,6.547306967321498e-05
1261081404571607043,negative,0.021876841222629593
1261081405989228551,negative,0.06696303936280534
1261081408338001920,negative,0.030137062462926408
1261081408661000192,neutral,0.33315594416672883
1261081409445298176,neutral,0.3499352441185855
1261081410548502528,negative,0.03345081218377502
1261081411555143681,negative,5.237010403306905e-06
1261081412473683970,negative,0.03647858578581312
1261081414839255046,negative,0.00127916812967785
1261081414939836416,negative,0.002218029462564318
1261081415086682113,negative,9.856113035972869e-06
1261081415262887936,positive,0.8782164765929359
1261081415497777155,negative,2.5640994740103064e-06
1261081416001093633,neutral,0.5820443383920558
1261081417552887810,negative,0.05510042518961309
1261081421768253441,negative,0.1724477043819196
1261081425463427072,negative,0.18562346664998455
1261081425933148161,negative,0.07345830492739822
1261081426516217857,negative,0.01299392123367539
1261081426528571392,negative,0.0075779144192591455
1261081426658758659,negative,2.617181445155381e-05
1261081427183120385,negative,7.782261845093454e-05
1261081427459833867,negative,0.00127916812967785
1261081428151984128,negative,0.06215644487151562
1261081428399448066,negative,0.07143904224021702
1261081428432949248,negative,0.043065569008509656
1261081428453883904,neutral,0.4662169283079212
1261081428638478336,neutral,0.35365295362854143
1261081428764352525,negative,0.0006430317737287878
1261081429984923655,neutral,0.6413969424581877
1261081430446223363,negative,0.003278596146838371
1261081430777618433,negative,0.008740247367807435
1261081431587069955,negative,0.003054154628495092
1261081431738134529,negative,0.14430499685716233
1261081433067708425,negative,0.06696303936280534
1261081433503944705,negative,0.043529789846227164
1261081434061750274,negative,3.623886269724111e-05
1261081434242105345,negative,0.00302076413936855
1261081434372157440,negative,0.2347917525737276
1261081434913148928,negative,0.03420228139401268
1261081435064147971,negative,0.0216295440333229
1261081435257126912,negative,0.015504573842779952
1261081435945009155,negative,0.0010923374248330883
1261081436163096578,negative,0.00925090328086626
1261081437316493313,neutral,0.5166861696596327
1261081437601660936,negative,0.09747478233625537
1261081438323200001,negative,0.08835643051912288
1261081439887638528,negative,0.15991390233028133
1261081440848171012,negative,0.08809221387253646
1261081441712177152,negative,0.07939866109316544
1261081442785931270,negative,6.927932965604309e-10
1261081444786548741,negative,0.021242737858977026
1261081445180878849,positive,0.6869311421006977
1261081447412219906,negative,0.3075770994707437
1261081447940665346,negative,0.03005850577416586
1261081448267821056,negative,0.009635110315967137
1261081450889326593,negative,0.03138709200115866
1261081451459686400,negative,0.0003055890739429581
1261081451665252358,negative,0.0002815439704125912
1261081452084703240,neutral,0.5826248048604759
1261081453036781569,negative,0.007491478377407189
1261081453523349504,negative,0.024358488649443566
1261081455670603776,negative,0.24450609839488252
1261081456845008896,negative,0.0016529534012003947
1261081458132824065,negative,0.03370732627062989
1261081459688865795,neutral,0.37680543482765966
1261081460322316290,negative,0.0003055890739429581
1261082963791527938,negative,1.797351676167282e-05
1261082964416442369,neutral,0.4820492167313577
1261082964475158529,negative,0.0025016017850332363
1261082965863514116,negative,0.0007544988372025122
1261082967331557376,negative,0.004951945841102771
1261082971412578307,negative,0.0911560010807997
1261082972276633600,negative,2.609924298971036e-08
1261082972884807681,negative,0.06967499314271368
1261082973631365125,negative,0.003741089321133581
1261082975531401220,negative,0.007491478377407189
1261082976076652546,negative,0.013469509337730215
1261082977955651585,negative,0.10961055061639659
1261082980325482497,negative,0.021887789250521525
1261082980686139394,negative,0.058078642165725725
1261082981931921408,neutral,0.5826248048604759
1261082981944393728,negative,0.10951175108495258
1261082983374692354,negative,0.015946527573292187
1261082983529877505,negative,0.026347359919098434
1261082983710236672,negative,7.335459942250492e-05
1261082985182478341,negative,0.24231187709296548
1261082986658902020,negative,0.05510042518961309
1261082987837493254,negative,0.09747478233625537
1261082988588273665,negative,0.1380022526975349
1261082989141921803,negative,0.011927997461607553
1261082989343227904,negative,5.237010403306905e-06
1261082990203088896,negative,0.12883665883393897
1261082990219796480,positive,0.9576765494281486
1261082990354083840,positive,0.7785143963232783
1261082990584758274,negative,0.0530156405495414
1261082992476327936,negative,6.592963623445062e-05
1261082993944416257,neutral,0.5366071008066075
1261082995135569920,negative,0.20872584755581097
1261082995437568001,negative,0.0007924035033866684
1261082995785699333,negative,0.3115354514695418
1261082996968431617,negative,0.18132793982199852
1261082997895331845,negative,0.05510042518961309
1261082998348414977,negative,0.0003513379710381576
1261082998809726976,negative,0.18862209811354125
1261082998931361792,negative,1.6482083565000017e-07
1261083000944635905,negative,0.19463906775764167
1261083001506664449,negative,0.31785994299386217
1261083001670295554,negative,0.31785994299386217
1261083001682788352,positive,0.9974928931087707
1261083002962141185,negative,0.18862209811354125
1261083003717025793,negative,0.004404164926161911
1261083003809390592,negative,0.013687310629870069
1261083005101182976,negative,0.31785994299386217
1261083006782996480,neutral,0.39846391252391167
1261083007290507264,negative,0.13863011357948796
1261083007294812160,negative,0.08293266372407301
1261083008821534721,negative,8.206086773279339e-08
1261083009777692672,neutral,0.49789225920557484
1261083010155401222,negative,0.0001181037678342515
1261083010348302338,negative,0.03313639318146659
1261083011510083584,negative,0.18862209811354125
1261083011908538371,negative,0.11503286815799393
1261083011967266817,negative,0.07958848182746942
1261083012353142786,negative,0.0014249613316798784
1261083012487434241,negative,0.0014030113626131526
1261083013296852993,neutral,0.6439653009942922
1261083014102220801,negative,0.0004841381729599123
1261083015280758784,negative,0.004404164926161911
1261083015381430279,negative,0.06696303936280534
1261083015641542656,positive,0.9566605266541124
1261083016056770561,negative,0.004404164926161911
1261083016195198978,negative,0.30941270543876337
1261083018686615552,negative,0.0003055890739429581
1261083020288765952,negative,0.0011281786450844705
1261083021677133824,negative,1.0341341539665373e-10
1261083022457049088,negative,7.335459942250492e-05
1261083022985699328,negative,8.848800198281415e-05
1261083023791046658,negative,0.30941270543876337
1261083024374054914,negative,0.11621235138636853
1261083024671850498,negative,6.357874051262648e-11
1261083026127294465,negative,0.043173851122294195
1261083026513068035,positive,0.944003909435644
1261083028329132032,negative,7.530143582614453e-07
1261083028731965441,negative,0.0007959889679707576
1261083029327482880,positive,0.9594402973965862
1261083031768633354,negative,0.1370390024342367
1261083032318029826,negative,0.11882217860877889
1261083032376750082,negative,8.455161568587033e-05
1261083033232453632,negative,0.009637184536399434
1261083033353977856,negative,0.31785994299386217
1261083034285203457,positive,0.9944791050081849
1261083036323586053,negative,2.6942414632924577e-05
1261083036650737664,negative,0.07279594289298937
1261083037829382148,negative,0.003972739247525914
1261083038592753664,negative,0.01030974359809605
1261083038655578113,negative,0.05614900536340445
1261083039679033346,negative,4.060163907495316e-05
1261083042011131904,negative,0.01030974359809605
1261083042447228929,negative,0.0034615361271167428
1261083045169414145,negative,0.05510042518961309
1261083172105748480,negative,0.22026607799373837
1261083172323971072,negative,0.001974130182360962
1261083173036929027,negative,0.0006149946184115155
1261083173212975104,negative,0.0005425348222994636
1261083173439647746,negative,0.10133392404418849
1261083174639198208,negative,0.06132723213995197
1261083174681088001,negative,0.007695157085848624
1261083174806999041,negative,0.05774330698250588
1261083175620448257,neutral,0.5366071008066075
1261083175884926983,negative,0.0006481799136174118
1261083176530837504,neutral,0.49789225920557484
1261083177134821376,negative,0.31785994299386217
1261083177541668869,negative,0.015111855012084558
1261083177881350144,negative,0.31785994299386217
1261083178359500801,negative,0.16228223478643658
1261083178682527753,neutral,0.5596510547498965
1261083178921611265,negative,5.355181016732e-05
1261083180263669760,negative,0.007942105302098266
1261083180326682626,negative,2.026544948107155e-09
1261083180788002824,negative,0.005412252417139589
1261083183770189826,negative,0.25479826061244726
1261083184982351886,negative,0.00956282098960921
1261083186177720320,neutral,0.35365295362854143
1261083186311774209,positive,0.7659349003964419
1261083187196944385,negative,0.036466288973153106
1261083187712835584,negative,0.03754403963685427
1261083187809267719,negative,0.2523237922377166
1261083188362969093,negative,7.335459942250492e-05
1261083188518178817,negative,0.15605358816441192
1261083188945960962,negative,0.021111217056350925
1261083189306589191,negative,0.12257904940742644
1261083190099423237,negative,7.880077785201477e-10
1261083190833397760,negative,0.0014583096715091895
1261083191747792897,negative,0.0032310130404188046
1261083191898779650,negative,0.009635110315967137
1261083192783769601,neutral,0.35050846738154967
1261083192838295553,negative,0.009637184536399434
1261083193589010433,negative,0.06696303936280534
1261083194398584836,neutral,0.46127768308170247
1261083194562162689,negative,0.034816105275222706
1261083195686236161,negative,0.0002286392424103755
1261083197682536448,positive,0.8467813792165689
1261083197930078209,negative,0.004404164926161911
1261083198286712833,negative,0.027372087861404146
1261083198739697666,negative,0.0026195813833689995
1261083198857129988,negative,0.25614821602803806
1261083200291573761,neutral,0.386829318417136
1261083200467677185,neutral,0.6417147605933217
1261083201365311490,negative,0.23632336945711951
1261083201776373761,neutral,0.38425981251971375
1261083201998446593,negative,0.0028255310861566947
1261083204397694977,negative,0.07279594289298937
1261083206348128258,negative,0.04327890109507192
1261083206662619136,negative,0.008840319862405103
1261083207442841600,negative,0.07282165065137274
1261083207979667459,negative,0.07934228845748642
1261083208894107648,negative,0.13811960139779372
1261083209573576704,positive,0.7659349003964419
1261083209791680513,negative,0.2198234459331938
1261083210143928321,neutral,0.37462991609367335
1261083211452559363,negative,0.0003513379710381576
1261083213620850689,negative,0.05510042518961309
1261083213751095296,negative,0.0003513379710381576
1261083213881106439,neutral,0.4662169283079212
1261083214682210307,negative,1.946973579076968e-05
1261083214791221250,negative,0.007695157085848624
1261083216334725120,negative,0.13811960139779372
1261083217882382338,negative,0.0006543046050713955
1261083218616496129,negative,0.007491478377407189
1261083221485289472,negative,0.05674509818185374
1261083221627998208,negative,0.0031912643206957326
1261083221904838670,negative,0.2569624598473517
1261083222357803009,negative,0.011297390477592664
1261083224140402689,positive,0.9944791050081849
1261083224228327425,negative,0.0031477834820204114
1261083226703003652,positive,0.8794400731486101
1261083227374092288,neutral,0.6326761927832771
1261083227495837699,negative,0.04670089542814923
1261083228401737730,negative,2.45296239581866e-05
1261083229211295744,neutral,0.47669008658475526
1261083231832678401,neutral,0.35365295362854143
1261083232017223680,neutral,0.37037742606747703
1261083232273039361,negative,0.0003055890739429581
1261083232319295491,negative,0.011315399591024936
1261083232608673794,negative,2.641630325774382e-05
1261083233342586882,positive,0.7124436524440767
1261083234827489283,negative,4.991105170278523e-05
1261083235485913100,negative,0.0005044188962687507
1261083236123529217,negative,9.845947451756795e-07
1261083236320632834,negative,0.03345081218377502
1261083236383387648,positive,0.793119859692073
1261083236429676551,negative,0.12381023232111757
1261083236433879040,negative,0.026540080527391256
1261083236710723584,negative,0.024134331789213884
1261083237281075200,negative,0.036324953286084795
1261083237721477120,negative,2.2579418672208634e-06
1261083237826416641,negative,0.0969184216209926
1261083237977382914,negative,0.0003513379710381576
1261083238547755009,negative,0.03345081218377502
1261083238900002816,negative,0.019152608725626626
1261083239814434817,neutral,0.33454953246698577
1261083240682663936,negative,0.05510042518961309
1261083241458610181,negative,0.0011089614992965617
1261083242733678592,negative,0.08152779488559123
1261083243060899841,negative,0.31785994299386217
1261083365966520320,negative,0.176563330889668
1261083366331310080,negative,0.02498767402067948
1261083366343901184,negative,0.06209917722726692
1261083367744974850,negative,0.08959897860291133
1261083367891705857,negative,1.946973579076968e-05
1261083369015775234,negative,4.548769609944681e-06
1261083369141608449,negative,0.005637083294486939
1261083369317765120,neutral,0.5380332172955851
1261083369544339458,negative,0.1958422491269227
1261083370030858241,negative,0.052798011325179126
1261083371280752641,negative,0.002658847769702256
1261083371691704320,neutral,0.3353500257179539
1261083372484468736,negative,0.011335698418322746
1261083374078308353,negative,0.0006430317737287878
1261083375437254657,neutral,0.6462984645562982
1261083377203056650,positive,0.8142087794113186
1261083379635642375,negative,0.020097897924455158
1261083382517248000,negative,0.05376265809283129
1261083382659891200,negative,0.12114147356215373
1261083383087628289,negative,0.011976165688102534
1261083385105178632,positive,0.7398280097245383
1261083385449103367,positive,0.9995130384955465
1261083385549684736,negative,0.0015084038141660243
1261083388796039168,negative,0.05931995876831725
1261083389546893315,negative,0.0037191914548938493
1261083389811208194,negative,0.17160324671225374
1261083393237934081,negative,0.0012702819179254076
1261083393447677955,negative,0.22083763762612
1261083393875496962,negative,0.1603691319763923
1261083396303925248,negative,0.00024233000695935043
1261083396601794561,negative,0.02498767402067948
1261083397117685761,positive,0.9291545203493895
1261083399328018433,negative,0.11902198028082626
1261083399768412162,negative,0.01181137628955119
1261083400712183809,negative,0.008211126084679474
1261083400896688130,negative,0.0734736093200907
1261083401282441216,neutral,0.46127768308170247
1261083402733858820,negative,0.0003513379710381576
1261083403178389509,negative,0.03928253994905847
1261083403606261762,neutral,0.44086945805243716
1261083405132988416,negative,0.002758828382992987
1261083408140316676,negative,0.07926138426951894
1261083408786165763,negative,0.02359802722626293
1261083409247502337,negative,0.05510042518961309
1261083411541884928,negative,7.77993094433768e-06
1261083411558608901,negative,0.08260480926731552
1261083412124893186,neutral,0.38761049994872243
1261083412200390664,negative,0.007942105302098266
1261083413760618498,negative,2.4907188884127546e-09
1261083414888882176,negative,1.2068936145392286e-05
1261083416126197760,negative,6.055051686474348e-06
1261083417095163906,negative,0.014085000853163375
1261083417212567553,negative,0.004404164926161911
1261083417829089283,neutral,0.49789225920557484
1261083418659631105,neutral,0.47302332250069373
1261083420073119744,negative,0.031777665066380106
1261083424305164288,negative,5.477209099657211e-05
1261083426926538755,negative,0.13403096343630877
1261083429560619009,negative,0.024802960573333484
1261083429963214854,negative,0.0012615619427311696
1261083430017806337,negative,0.010513168063251057
1261083431460577280,negative,0.0007613928891284341
1261083431749980161,negative,0.06967499314271368
1261083432316284928,neutral,0.3499352441185855
1261083432953745408,negative,0.20872584755581097
1261083433079627778,negative,0.20499543822908603
1261083434648207362,negative,0.009635110315967137
1261083434858041344,positive,0.7077950270868482
1261083436657369088,negative,0.14430499685716233
1261083436741099520,negative,0.08678412059577861
1261083440281247747,negative,0.13445117345926036
1261083440688041984,negative,0.10951175108495258
1261083566538096641,negative,0.0390416671036496
1261083566844391424,neutral,0.3817771603617465
1261083567213498372,negative,0.06321575723460862
1261083567595143168,negative,0.08529990686631934
1261083569826471938,negative,0.09080531415915098
1261083570313080836,negative,0.03451840621327121
1261083571198013440,negative,2.8605457496153116e-06
1261083572938723329,negative,0.23321467749162345
1261083573068709889,negative,0.0005425348222994636
1261083573517520896,negative,0.2753602941777099
1261083573597192194,negative,0.007491478377407189
1261083573806825477,negative,0.05840540636089486
1261083574637223936,negative,0.004654855210502694
1261083576587739137,negative,3.8720287475358454e-07
1261083577548226561,negative,0.18132793982199852
1261083579100037120,neutral,0.386829318417136
1261083579737673735,negative,0.010098671249388307
1261083579980922885,neutral,0.4507454498615163
1261083580878524421,negative,0.0026195813833689995
1261083581360865282,negative,0.0002777699831009152
1261083582203858949,negative,0.07647029565557341
1261083582568771584,negative,0.027526045202191693
1261083583583838210,positive,0.892303511194296
1261083583646765063,neutral,0.35365295362854143
1261083583751630850,negative,0.03187531387841372
1261083584393367557,negative,0.014870207605641667
1261083584653336578,positive,0.8401154641959865
1261083585169297409,negative,0.004286804613556951
1261083588709232641,negative,0.014870207605641667
1261083592073138177,negative,4.620907409038607e-06
1261083592702164997,negative,0.05107980860256238
1261083593222295554,negative,0.16682902310603692
1261083593276825605,negative,0.00127916812967785
1261083593432092673,negative,0.03187531387841372
1261083595378221068,neutral,0.37874993579954885
1261083596799897600,negative,0.012242696917118896
1261083597198561289,negative,5.425793299692568e-06
1261083598150606853,negative,0.0008215836094412648
1261083599157198848,neutral,0.3328196521355508
1261083599488548864,negative,0.0002702543675423827
1261083600285503493,negative,0.0008825716223948428
1261083600562290689,neutral,0.49789225920557484
1261083603771052032,negative,0.005358776354652845
1261083603972132864,negative,0.06209917722726692
1261083605603962880,neutral,0.6227879318644133
1261083605754941449,negative,0.0011932448869651758
1261083606354665472,negative,0.0412802506520319
1261083606849654797,neutral,0.6326761927832771
1261083607705280514,neutral,0.4147342023902695
1261083607935987712,negative,0.026834675215015594
1261083608762155009,neutral,0.3746008108018062
1261083611337498625,negative,1.1447272923793963e-05
1261083612474150924,neutral,0.4564578472590881
1261083613728251904,negative,0.058044676711519284
1261083613837381634,negative,0.0006149946184115155
1261083616341381120,negative,0.25160651867053596
1261083618102910978,neutral,0.37874993579954885
1261083618170068992,negative,0.14295484359566052
1261083618182602752,neutral,0.517534519577263
1261083618358722563,negative,0.009637184536399434
1261083621508743168,negative,0.06549296553103669
1261083622175576064,negative,0.05000473756390208
1261083622590820353,negative,0.007491478377407189
1261083623308042240,neutral,0.43494346346367707
1261083625531023361,negative,0.0008233755000593173
1261083625828818945,negative,0.025710846999463192
1261083625891811328,negative,0.0003055890739429581
1261083626697101314,positive,0.9731309412256457
1261083626772586501,negative,0.011927997461607553
1261083627095498753,negative,0.012267341390321169
1261083628282486787,negative,0.08689490951447258
1261083629456961544,negative,3.5735452133914065e-05
1261083630052478976,negative,0.06827922717892232
1261083631184949250,negative,0.041603324796926903
1261083632715923462,negative,3.013675542492083e-05
1261083633160523776,negative,0.0028248327904057684
1261083634578214912,positive,0.8489895873676339
1261083638252417025,negative,0.0003512805863890806
1261083639267373066,negative,0.021022987871185356
1261083640232099845,negative,1.946973579076968e-05
1261083756582129666,positive,0.9241547652246592
1261083757035106309,positive,0.8401154641959865
1261083757190303744,negative,7.608044287412658e-05
1261083757383204864,negative,0.1643614674755463
1261083758188519424,positive,0.8851954168812006
1261083758394060800,negative,0.003250642238705798
1261083760793174016,negative,0.027526045202191693
1261083764287045632,negative,0.002758828382992987
1261083766648340480,negative,0.09387925478331303
1261083767051112449,negative,3.8065691874316725e-05
1261083767948611585,negative,0.001636867828360286
1261083769328545793,negative,6.781853661845459e-07
1261083769605369859,negative,0.039095250940381736
1261083769664135168,negative,0.28636094986196386
1261083771023110146,negative,0.05975712309693461
1261083773346684930,negative,0.30509292409284516
1261083773552209923,negative,0.0004403088986680908
1261083773552267264,negative,0.004654855210502694
1261083773896216576,neutral,0.37119567643290163
1261083774110007300,negative,0.27099619696152555
1261083775292903424,positive,0.8489895873676339
1261083775364206594,negative,3.122459150041559e-05
1261083775594827778,negative,0.00127916812967785
1261083775636770818,negative,0.18862209811354125
1261083775913668608,negative,0.007781777776519261
1261083776123273218,neutral,0.39202631741437305
1261083776534315008,negative,6.781853661845459e-07
1261083778354745352,negative,0.18862209811354125
1261083779088687107,negative,0.18132793982199852
1261083783547191298,neutral,0.3569958475231166
1261083783840837638,negative,0.004404164926161911
1261083784058941440,negative,0.10317335425059736
1261083785216614401,negative,0.009635110315967137
1261083786277765120,negative,1.559074538896808e-05
1261083786458079235,negative,0.010920457588241112
1261083787141709830,negative,0.013131896110519887
1261083788223930370,negative,0.0014679802877060372
1261083788223938561,negative,0.004736521525333667
1261083788244893696,negative,0.02021404950027613
1261083788433674240,negative,0.020722640951875843
1261083788517482497,negative,0.01377099290461213
1261083789276700674,negative,0.008826489053879848
1261083789457063936,negative,0.00127916812967785
1261083789612195845,negative,0.05601547594720405
1261083790576947200,neutral,0.3392298216783617
1261083791759736835,negative,0.31785994299386217
1261083791986249740,negative,0.005637083294486939
1261083792753799174,negative,0.02002420432542186
1261083793059909632,negative,0.0012471434966388325
1261083793840095233,neutral,0.3526939139122041
1261083794137890816,negative,0.31785994299386217
1261083794259480580,negative,0.00031479608985777454
1261083795207467008,negative,5.237010403306905e-06
1261083795308056582,negative,0.0001181037678342515
1261083797065535489,negative,0.0070958475026905036
1261083798030045184,negative,0.2858831287390166
1261083799800238088,negative,0.05510042518961309
1261083800743878656,negative,0.0037191914548938493
1261083801062694913,negative,0.2523237922377166
1261083801511440390,negative,1.946973579076968e-05
1261083802052497408,negative,0.0006430317737287878
1261083803088453636,negative,0.1814764530442018
1261083804325736449,negative,0.06309388025362414
1261083804485275648,negative,4.1110715162356985e-05
1261083804590059520,negative,0.022219284785985373
1261083806662098944,negative,0.0219261650629614
1261083807580651521,negative,0.06592671254909066
1261083811363815424,negative,1.559074538896808e-05
1261083813217787909,negative,6.281558581798718e-06
1261083813452578817,negative,0.21354831299284596
1261083814358630401,negative,0.0077603602479793575
1261083814635462659,negative,0.0007896394181859947
1261083815415615489,neutral,0.625087407480487
1261083816967507968,negative,0.0066214548779282055
1261083817831542786,negative,0.0005386670931541133
1261083820880736256,negative,0.03187531387841372
1261083821178605569,negative,0.002095425311864566
1261083821358923777,positive,0.9566605266541124
1261083821602193413,negative,0.0005917032219382586
1261083822310866945,negative,0.0749528547932302
1261083824622092294,negative,0.1822307878711024
1261083824664043523,negative,2.6407736253116855e-15
1261083824726970370,negative,0.1643614674755463
1261083825234489357,negative,0.0734736093200907
1261083827323240448,neutral,0.37874993579954885
1261083827402833921,negative,0.2879146084370109
1261083827994165248,negative,0.07854552106652905
1261083828434673668,negative,0.0012158277157009786
1261083831710482433,negative,0.016360291763867687
1261083832633221123,negative,0.005763259622668567
1261083833329483776,negative,0.18039775854066561
1261083833832800256,negative,0.012395425109043911
1261083833966792704,negative,0.022183063836993082
1261083837708337152,negative,7.77993094433768e-06
1261083838933020672,neutral,0.37680543482765966
1261083839306387459,negative,0.012395425109043911
1261083839788695556,negative,0.3031534900955381
1261083840086511618,neutral,0.5957631430373119
1261068849295888386,negative,0.040565809396206944
1261068850428284929,neutral,0.47865870524693105
1261068850558382081,negative,0.09850666337663404
1261068850868731904,negative,0.007899596194823683
1261068850893926400,negative,0.0008219331144770507
1261068851074273286,neutral,0.5426818134355911
1261068851694972932,negative,0.009141893535151387
1261068851841839104,negative,0.32167725897901955
1261068852458291206,negative,0.005182993065430292
1261068853217505281,negative,0.31120253097089134
1261068853724905472,negative,0.029501084804124965
1261068853846716419,positive,0.9861804780127554
1261068854211629057,negative,0.0013934772143177853
1261068855247548418,negative,0.0189187771174377
1261068855247622147,negative,0.23565707057463148
1261068855457218560,negative,0.03149581579628194
1261068855553777665,negative,5.968285048145709e-05
1261068855599935493,negative,0.1226900090124896
1261068855767597058,negative,0.002961311291306646
1261068855809638407,negative,0.003984360755317656
1261068856006762498,positive,0.8307407287338637
1261068856346521600,negative,0.000692877896391425
1261068856359104514,negative,0.003618869155013082
1261068857382514688,negative,0.2050565228060428
1261068857848053762,negative,4.548769609944681e-06
1261068857852248066,negative,0.005182993065430292
1261068857994891264,positive,0.6633339863242538
1261068858602991619,negative,0.027560060832166635
1261068858724691969,negative,0.19770369928745482
1261068859311886352,negative,0.0001960240455866292
1261068860339388421,negative,0.02478241975371509
1261068860402413570,neutral,0.5495922250151081
1261068860821815296,negative,0.328633826624442
1261068861157314560,negative,0.06541023113844874
1261068861350313985,neutral,0.3664316131851231
1261068862126161921,negative,0.008273996442184241
1261068862210138113,negative,0.008424436512622466
1261068862931509253,negative,0.04845422205616322
1261068863418007552,negative,0.008424436512622466
1261068863581478913,negative,4.270247495584254e-06
1261068864651223052,negative,0.008273996442184241
1261068865259417602,negative,0.00019841213364591142
1261068865515241476,negative,0.0059418797074409615
1261068865825656835,negative,0.1643332037363943
1261068865871794181,negative,0.19316951990380332
1261068865938866183,negative,0.0001960240455866292
1261068866169552896,negative,0.01935701410684807
1261068866257588231,negative,0.005315402663864904
1261068866316374016,negative,0.0005918503658934132
1261068866379296769,negative,0.0019334477483973018
1261068867243302913,negative,0.003618869155013082
1261068867465510912,negative,0.02981061939976046
1261068867612393475,negative,0.0001960240455866292
1261068867671076864,negative,0.0001960240455866292
1261068867788582917,negative,0.0001960240455866292
1261068868325216257,negative,0.03465235985032818
1261068868589666315,negative,0.006145460771747687
1261068869868957702,negative,0.005916770392663889
1261068869935886338,negative,0.00021718431425042767
1261068870074368001,negative,0.308199125160694
1261068870225453056,negative,9.532974663047105e-10
1261068870535839744,negative,0.10218094447220816
1261068870665875460,negative,0.0006386046881014435
1261068870942633986,negative,0.0001960240455866292
1261068870997213184,negative,4.813815078111427e-12
1261068871081082882,negative,0.004457917610406234
1261068871345139712,negative,0.2942703269035874
1261068872041426945,negative,0.06968450744311026
1261068872393859073,negative,0.03232193979384412
1261068873756860416,negative,0.18257755894886069
1261068873786363904,negative,0.1913620992948721
1261068873933045761,negative,0.008273996442184241
1261068874071638016,negative,0.004165394628733135
1261068874612715523,negative,0.00212183050943714
1261068874809856007,positive,0.9843207855999067
1261068875090874369,negative,0.014348498017339471
1261068875287932929,negative,0.04012177605263789
1261068876227530752,negative,8.750553620768699e-06
1261068876613328905,negative,0.16340841260887135
1261068877225697312,negative,0.013971612227077344
1261068877519192064,negative,0.028355397026108287
1261068877666156546,negative,0.1913620992948721
1261068879209660416,negative,1.6053769673364058e-06
1261068879859761156,negative,0.19264966606221937
1261068880216285190,negative,0.15960248604320856
1261068880866410501,negative,0.10970593197814178
1261068881801744385,negative,0.0059418797074409615
1261068881973710849,negative,0.002961311291306646
1261068882137284612,neutral,0.3424616130281868
1261068882174935044,negative,7.940523334349514e-12
1261068883039002630,negative,0.002961311291306646
1261068883424837635,negative,0.008410436766295378
1261068883676614656,negative,0.05654391273158253
1261068884175708160,negative,0.2939911449386519
1261068884649656321,negative,0.1342870205895558
1261068884825780225,negative,0.006476963414056496
1261068885136113664,negative,0.05759367324562114
1261068885316558848,negative,0.01307463661593066
1261068885635334145,neutral,0.42695075000513394
1261068885991686145,negative,0.008273996442184241
1261068886172151814,negative,0.003618869155013082
1261068886935506944,neutral,0.35119527102927156
1261068886935572485,negative,7.120745576941066e-07
1261068887061299201,neutral,0.3399888845124134
1261068887816364035,negative,0.02235153075631184
1261068887925248001,neutral,0.5495922250151081
1261068888512458753,negative,0.008380325485021765
1261068888760033281,negative,0.16499813286466902
1261068888894210063,negative,0.3107281742138744
1261068889414348802,negative,0.1857415889677131
1261068889783484416,negative,0.013558845252752433
1261068890098020353,negative,0.001852599396376008
1261068890534293515,negative,1.1740557051046278e-05
1261068890555191303,negative,0.0001019961695275448
1261068890970509319,negative,9.610298564449101e-08
1261068891297665024,negative,1.6575556819556618e-14
1261068891637284865,negative,0.04012177605263789
1261068891649908738,negative,0.1913620992948721
1261068892019077120,negative,0.14261366936611716
1261068892065140740,negative,0.007787281812243831
1261068892081983493,negative,0.03977289636759727
1261068892128108544,negative,0.008273996442184241
1261068892765593601,negative,0.019865135105178282
1261068893398933504,negative,0.013153960165615954
1261068893851918339,neutral,0.6297667872127539
1261068893990408195,negative,0.00013841487899139994
1261068894334320640,neutral,0.5199812393062957
1261068894774734848,negative,0.00038649328228180244
1261068894837649409,positive,0.9922798603199409
1261068895009505282,negative,0.0001159944212443872
1261068895168929797,negative,0.002377690926676052
1261068895194136576,negative,0.003618869155013082
1261068895345049607,neutral,0.3593501437232527
1261068895424823298,negative,0.00011440322442566827
1261068898578857993,negative,0.00025567310309179415
1261068898759315457,negative,0.15932302716620503
1261069042808479746,negative,0.02589981524950632
1261069043018194949,neutral,0.5495922250151081
1261069043546685440,positive,0.958921312958823
1261069043966119936,neutral,0.43959828319466043
1261069044838350848,negative,0.008273996442184241
1261069045077434368,negative,0.09850666337663404
1261069045220225026,negative,0.2042517137896546
1261069046050668544,negative,0.0001019961695275448
1261069046457524224,negative,0.00013699717632722065
1261069046864318469,negative,0.18455396075240918
1261069047447392262,negative,0.15709760186304256
1261069047745085441,negative,0.1569180269547454
1261069048001040390,negative,0.01642142981891351
1261069048839901186,negative,0.0002769279961974023
1261069049364185088,negative,0.0014783218706303023
1261069049863081985,negative,3.150903060786678e-07
1261069049871519750,negative,0.009941063472806835
1261069050903498752,negative,0.00056523058238911
1261069050928607232,negative,0.20849129656184165
1261069051566194691,negative,0.1109487683248625
1261069052220444673,neutral,0.36472433387010983
1261069052434436098,negative,2.5092237748260415e-09
1261069052526628865,negative,0.00829732746044146
1261069052677627909,negative,0.11487109684948509
1261069052858052614,neutral,0.41140120168023997
1261069053155856389,negative,0.0012581994944270514
1261069053390729218,negative,0.2580560619789238
1261069053403246592,neutral,0.47690903695529907
1261069053801750533,negative,0.1913620992948721
1261069053885546496,negative,4.548769609944681e-06
1261069054661603328,negative,0.002390296280066036
1261069055299026944,negative,7.528508355918325e-05
1261069055835987968,negative,4.548769609944681e-06
1261069055890460672,negative,4.237748835678683e-09
1261069055924076548,negative,0.03292811147760656
1261069057329115136,positive,0.9843207855999067
1261069058499362818,negative,0.04927770032935091
1261069059778584577,negative,0.12258462670249735
1261069059917058048,negative,0.022012173291736267
1261069059929649159,negative,0.001758940233460584
1261069060315504641,negative,0.0005074437968441719
1261069060743344129,negative,0.008273996442184241
1261069060764102658,negative,0.2042517137896546
1261069061083013123,negative,0.002438391317314772
1261069061221502983,negative,0.21280585774289323
1261069061909368834,negative,0.003578888613576724
1261069062416859139,negative,0.3107281742138744
1261069062580428800,negative,0.2221177689925519
1261069063226363904,positive,0.7449185621670995
1261069063431892992,negative,0.03471382904555636
1261069064119730178,neutral,0.636275314874707
1261069064132128768,negative,0.22731686517010827
1261069064329400323,negative,0.3107281742138744
1261069064719515654,negative,0.06967499314271368
1261069065625440256,positive,0.6631605170944257
1261069065625448450,negative,0.00019738556246326822
1261069065805795330,negative,0.003618869155013082
1261069067101843461,negative,0.02507618128976769
1261069067663925248,negative,1.8130464902089533e-05
1261069069668831241,negative,1.6019772657417197e-05
1261069070377586688,negative,0.06817969804679798
1261069070847352834,positive,0.8686695045423942
1261069070859997185,negative,0.13397866938779301
1261069071598133253,negative,0.3107281742138744
1261069071673630720,negative,0.05687404491131948
1261069071900123136,neutral,0.6027432464259264
1261069071992397824,negative,0.0202494522184683
1261069072294383619,negative,0.02630920713056576
1261069073137512451,negative,0.3107281742138744
1261069073523150851,negative,0.1872433744277917
1261069074047565824,negative,0.10845668316699864
1261069074664210432,negative,0.10773434714860444
1261069075024941057,positive,0.9585244204455262
1261069075628855297,positive,0.7652314659832282
1261069075658268672,negative,0.009624634199420895
1261069076237074434,negative,0.005287375734142788
1261069076379688960,neutral,0.38242422460819425
1261069076522287109,negative,0.011909142703536992
1261069076593545218,neutral,0.6219128901582578
1261069077319241728,negative,0.002961311291306646
1261069077377880064,negative,0.03187531387841372
1261069077503717377,negative,3.1724241206015587e-07
1261069078304677888,neutral,0.5288636399463092
1261069078401298436,negative,0.002961311291306646
1261069079177302016,negative,1.7590785267359254e-06
1261069079248539650,negative,0.0002636078572771582
1261069079676440587,negative,1.010735098154527e-05
1261069080850771969,negative,0.0016461016431671529
1261069081119272964,neutral,0.42507619662732005
1261069081203138562,negative,0.003618869155013082
1261069081509232643,negative,0.07641099572151168
1261069081547018243,neutral,0.5495922250151081
1261069082062962688,negative,0.0008658808987767491
1261069083862355969,negative,0.0002636078572771582
1261069084579553293,negative,0.002961311291306646
1261069085028364288,negative,0.00031715068956052536
1261069085137342470,negative,0.005991037631792754
1261069085267447808,negative,0.008273996442184241
1261069085670100993,negative,3.3148431728374284e-06
1261069085825253377,negative,2.348389844621022e-06
1261069086882181124,neutral,0.48893729246778567
1261069087054147584,negative,2.39529111344955e-10
1261069087616184320,negative,0.034481710787559246
1261069087918247939,positive,0.9995130384955465
1261069088165593088,negative,3.9191554384934636e-10
1261069088358629378,negative,0.009141893535151387
1261069088375410690,negative,0.3107281742138744
1261069089222594562,negative,0.0283330720218366
1261069090078240768,negative,9.233973238187531e-07
1261069090439004161,negative,0.032490099410925975
1261069090657046528,negative,0.0007672499014360527
1261069090900320256,neutral,0.40231933975652817
1261069090980016131,negative,1.6225923939445342e-05
1261069091177201664,negative,0.04518963739638122
1261069091575607296,positive,0.880131780505572
1261069091823067137,negative,0.09277815331260901
1261069091877654529,negative,0.04385411857602056
1261069092435394561,negative,0.0006149946184115155
1261069092481568768,negative,0.0019009991249393514
1261069092821352449,negative,0.16838572573702976
1261069095883157504,negative,0.3107281742138744
1261069096449425411,positive,0.6633339863242538
1261069096537505793,negative,0.0006149946184115155
1261069096592031745,negative,0.03187531387841372
1261069097393164291,negative,0.00531359131065456
1261069097439199232,negative,0.1227803244794923
1261069097619591169,neutral,0.4838094309354267
1261069098026442752,negative,4.696166934101122e-08
1261069099767083010,negative,0.15313589903760325
1261069099888762881,negative,0.002961311291306646
1261069240745906177,positive,0.8847613425581677
1261069240892882952,negative,0.008627139714055557
1261069241081528329,negative,0.0005918503658934132
1261069242063097856,negative,0.06355652582567621
1261069242453028864,negative,0.029229908611199503
1261069242742509569,negative,8.53479502887417e-05
1261069244294402049,negative,0.007760697430112886
1261069244633985024,negative,0.0005406650222246089
1261069246165127174,negative,1.1937926060420136e-08
1261069247037313024,negative,0.000123415479285003
1261069247448416256,negative,0.011909142703536992
1261069247800737793,negative,0.007385974301312836
1261069248006287360,positive,0.6961714941454674
1261069248530657280,negative,0.03448285601543034
1261069249042407425,neutral,0.4928510299346433
1261069249172385793,negative,0.15680716521651022
1261069250019688450,neutral,0.5374661100684109
1261069250195861510,negative,0.0008068758842537066
1261069250313289731,neutral,0.6027432464259264
1261069250464116736,negative,0.008273996442184241
1261069251064016896,negative,0.2042517137896546
1261069251219206151,negative,0.0001294828048594302
1261069251399561219,negative,0.110911508379549
1261069251831631875,negative,0.2977534008093177
1261069251991015427,negative,0.2942703269035874
1261069252527882241,negative,0.13967361294242783
1261069252536262660,negative,0.005991037631792754
1261069252964032513,negative,0.013244080331333438
1261069253085736960,negative,0.004635876243800295
1261069253991698433,negative,0.21004996870473325
1261069254478254081,negative,0.2617712821811001
1261069254767661056,neutral,0.367474829391244
1261069254993928192,neutral,0.47865870524693105
1261069255052800007,negative,0.01791620724369604
1261069256944467970,neutral,0.4418955193412182
1261069257019883520,neutral,0.3308723433454697
1261069257930166272,negative,1.0764178490335282e-05
1261069257984610317,positive,0.6693040544512034
1261069258760609792,neutral,0.3401563644261893
1261069259263918081,negative,0.010554549143264032
1261069259284852737,positive,0.9273851537710748
1261069259389763584,negative,0.3107281742138744
1261069260438331392,negative,0.0004367381543405924
1261069260446629894,negative,0.3107281742138744
1261069260807303169,neutral,0.47865870524693105
1261069261205880832,negative,0.18455396075240918
1261069261998522368,negative,0.008273996442184241
1261069261998604289,negative,0.00031121655681981975
1261069263399460868,negative,0.0019009991249393514
1261069264439709698,negative,0.005776709775610684
1261069265580339200,negative,0.20076457168800166
1261069266327089155,negative,0.001099609497697976
1261069266335543298,neutral,0.5630410866502906
1261069266440392708,negative,1.5570645270735917e-05
1261069266457067520,negative,0.03465235985032818
1261069266864017408,neutral,0.4688405994340369
1261069267031728132,neutral,0.40164566407707886
1261069267270881280,neutral,0.5752933826635607
1261069268545921025,negative,0.055005751018990655
1261069269527388161,negative,0.1109487683248625
1261069269623808012,negative,0.0005406650222246089
1261069269737111555,neutral,0.5090399315511033
1261069269766291456,neutral,0.5495922250151081
1261069270525640704,negative,0.0005918503658934132
1261069270668185600,negative,0.00232100785074468
1261069271289008129,negative,0.0011114398073064579
1261069272199188481,negative,0.008273996442184241
1261069272345960448,negative,0.11349931283662784
1261069272639561733,negative,0.002307356216281876
1261069272664735745,negative,0.0023491214015874166
1261069272928980998,positive,0.9960061146570264
1261069275416190976,negative,0.04806312686579951
1261069275688849411,neutral,0.5577416162972975
1261069275844038658,negative,0.005182993065430292
1261069276200353792,negative,0.030354110004478834
1261069277710503937,negative,0.0005918503658934132
1261069277966319616,neutral,0.5017329992396988
1261069278024998914,negative,0.19662743991808151
1261069278096351232,neutral,0.4615118521069563
1261069278872080387,negative,9.23373449850617e-05
1261069279442677771,negative,0.08708421057550549
1261069280050925576,negative,0.18431685898600256
1261069280453558274,negative,0.08240973577352088
1261069280529068037,negative,0.2050419152349415
1261069280742977537,negative,0.0005918503658934132
1261069281275588611,negative,0.005500428217795644
1261069281485348864,negative,0.12326534152492626
1261069281552412675,negative,0.008273996442184241
1261069281728565259,neutral,0.40164566407707886
1261069281745342469,negative,0.008273996442184241
1261069282152271878,negative,0.001045379498614497
1261069282307444736,negative,0.009888115581978685
1261069282844295168,negative,0.024524119293185043
1261069283054039040,negative,0.29676789564387285
1261069283527925762,negative,0.0014835570421181082
1261069283976720385,negative,0.11621235138636853
1261069284421353472,neutral,0.5495922250151081
1261069284710641664,negative,0.00568527131379799
1261069287252508672,negative,0.024913262737580533
1261069287625756672,negative,0.04549947795777838
1261069287818760192,negative,0.011017369783969836
1261069288837992450,negative,0.03608055505586594
1261069289496424450,negative,0.00021578169785405375
1261069289534226435,negative,1.8778995526399163e-05
1261069289836220416,negative,0.006826982208665483
1261069289886547968,neutral,0.5105204711049051
1261069291253903369,negative,0.021817482590894468
1261069291337678849,negative,0.005565442651796379
1261069291417415682,neutral,0.5495922250151081
1261069291945750528,negative,3.259252529286225e-11
1261069292000489481,negative,0.0016461016431671529
1261069292231106562,neutral,0.40485177752233803
1261069292629606401,positive,0.9749032670270267
1261069292990337026,neutral,0.5859587792385597
1261069293103562763,neutral,0.3826805774167147
1261069293632061441,neutral,0.3606967149114307
1261069294189895683,negative,0.0001974771760189262
1261069294911270915,negative,0.004635876243800295
1261069295150342144,negative,0.12306714528501826
1261069295481741312,negative,0.005738385600082667
1261069295674679299,negative,0.16275155524699078
1261069295980773376,negative,0.21659070216520487
1261069296182136832,negative,3.2172594142689084e-05
1261069296261836802,negative,0.1972470686671075
1261069296282873857,negative,0.002961311291306646
1261069296433795072,negative,0.11064440976115651
1261069296467312641,positive,0.9982045510284216
1261069296710680579,neutral,0.5594737591983451
1261069296714776576,negative,0.3107281742138744
1261069297079554048,neutral,0.46127768308170247
1261069297335635974,negative,0.005738385600082667
1261069297692094464,negative,0.0019685924397828476
1261069297901801472,negative,0.20076457168800166
1261069298069655563,negative,0.11945710604163225
1261069298761596930,negative,0.0018645177165325538
1261069298811965442,negative,0.029203263853436114
1261069299130732545,negative,0.019180531367854855
1261069299650891778,negative,0.005991037631792754
1261069300309295107,negative,0.03519164374542932
1261069300598800385,negative,0.002252759592758711
1261069439623102465,negative,0.0008493048386039594
1261069439983853568,negative,0.00036457016387595826
1261069440420130818,negative,0.0008493048386039594
1261069440814321665,negative,0.015696247224609054
1261069441183465474,negative,0.1913620992948721
1261069441187622912,negative,0.0008493048386039594
1261069441372172288,negative,0.008424436512622466
1261069441762242561,negative,0.14343424893770743
1261069441959370753,negative,0.0008493048386039594
1261069442424987648,negative,0.009888115581978685
1261069442575765504,negative,0.0698577425667702
1261069442764718084,negative,0.0008493048386039594
1261069442957656069,neutral,0.47865870524693105
1261069442987036672,negative,0.001929338344002451
1261069443641348098,negative,0.0008493048386039594
1261069444425580545,negative,0.0008493048386039594
1261069444488495105,negative,0.002961311291306646
1261069444505309184,negative,0.00012337642332274428
1261069444740272128,neutral,0.4838094309354267
1261069445356761088,negative,0.3277224880679646
1261069445788848130,negative,0.0008493048386039594
1261069445977513987,negative,0.0022928103089534446
1261069448372510721,negative,0.022511496358234937
1261069448494100485,negative,0.08711330345899261
1261069450603892739,negative,0.002961311291306646
1261069450624872448,negative,0.009230979660807765
1261069451308544001,negative,0.11532519666323195
1261069451761528834,negative,0.0008219331144770507
1261069451891486725,negative,0.23494263420996375
1261069451966980097,negative,1.6053769673364058e-06
1261069452046671875,negative,0.02944739272726962
1261069453053300736,negative,0.09255938242757386
1261069455800532993,positive,0.880131780505572
1261069456136122368,negative,0.008273996442184241
1261069456597540866,negative,0.05600898352266889
1261069456601755653,negative,0.008273996442184241
1261069456987639808,negative,0.07963543459814047
1261069456995999745,negative,0.013224306813469809
1261069457511849984,negative,0.2756315676372902
1261069457541210114,negative,0.00020689982033891672
1261069457725759488,negative,0.12650712066655306
1261069457750884353,negative,0.002961311291306646
1261069457780281345,negative,0.3107281742138744
1261069457788751874,negative,0.001760568100550888
1261069457927163905,negative,0.16838572573702976
1261069458065457155,negative,0.037455007790796094
1261069458216550401,negative,0.008388810642493633
1261069459080577028,negative,0.01177680074086481
1261069459386781696,negative,1.15209067271091e-05
1261069459927769090,negative,0.1226900090124896
1261069460875730945,negative,0.0003996388137833603
1261069461085290496,negative,0.0005918503658934132
1261069461190295554,negative,0.0001523030940260892
1261069461492125696,negative,0.2042517137896546
1261069462427643909,neutral,0.5495922250151081
1261069462616317952,negative,6.078863022005016e-06
1261069463241326595,negative,0.015700763503903006
1261069464621154304,negative,0.01615139196804035
1261069465011343365,negative,0.07617068094788841
1261069465401413632,negative,0.03991485817040731
1261069465598509056,negative,0.006593727922793447
1261069465854316546,neutral,0.4906160081076306
1261069465959256070,neutral,0.5495922250151081
1261069466059841537,negative,0.1647733920947316
1261069466554773505,negative,1.6386817259430423e-10
1261069467204947969,negative,0.3107281742138744
1261069467913773056,neutral,0.3826805774167147
1261069468815503365,negative,0.002307356216281876
1261069471403380736,neutral,0.5599175931561406
1261069471487340544,negative,0.004654855210502694
1261069472028336129,positive,0.8402226795728336
1261069472636567553,negative,0.002961311291306646
1261069473911574528,negative,0.005182993065430292
1261069474037465095,negative,0.2552297003550384
1261069474633060352,negative,3.367990848465877e-06
1261069474645643264,negative,0.17383449721602262
1261069475937488904,negative,0.0036463647143539645
1261069476386177025,negative,0.0011665669899360558
1261069476595929088,negative,2.3301946403469613e-05
1261069477426401281,negative,0.008424436512622466
1261069477493592064,neutral,0.47865870524693105
1261069477921337344,negative,7.3444446958212285e-06
1261069478282043392,negative,0.005991037631792754
1261069478353387520,negative,0.0007672499014360527
1261069478919618561,positive,0.958921312958823
1261069478969958400,negative,0.20561112126159403
1261069479301255169,negative,0.002961311291306646
1261069479678746630,negative,0.011352944217178753
1261069479854907399,negative,2.950683698767587e-05
1261069480676990976,negative,1.7106233357715741e-07
1261069481977286656,negative,0.010024523927155757
1261069482291867648,negative,0.0185686944383891
1261069483042639872,negative,0.002307356216281876
1261069483189338113,neutral,0.5495922250151081
1261069483529179140,negative,0.2952608259372005
1261069483826909184,negative,0.20054281347045663
1261069484305141760,negative,0.2336008043193406
1261069484787466242,neutral,0.4507454498615163
1261069485085265920,negative,0.006838546959313554
1261069485177475075,negative,4.5481658666304794e-05
1261069485617938432,negative,1.010735098154527e-05
1261069486494486531,negative,0.0006952900858072456
1261069486691672067,negative,2.5092237748260415e-09
1261069487060783104,negative,0.0051324467169386835
1261069487459221506,negative,0.1913620992948721
1261069488021286915,negative,0.002464055122179861
1261069488625197057,negative,0.0005918503658934132
1261069488906219520,neutral,0.41083713763532154
1261069489036242947,negative,0.3107281742138744
1261069489237569536,positive,0.7307227494125816
1261069489438732289,negative,0.009212053294011292
1261069489455628289,positive,0.6715381011740298
1261069490105790465,neutral,0.4567273420162924
1261069490789498885,negative,3.4345400287407382e-09
1261069491372535808,neutral,0.5090399315511033
1261069492957974529,negative,0.0044649497657217934
1261069493452845057,negative,0.11611564495440062
1261069494321123334,negative,0.3107281742138744
1261069494493032450,negative,0.11064440976115651
1261069494677618688,neutral,0.4627593886501711
1261069494925103104,neutral,0.40485177752233803
1261069496363687936,negative,3.724004290579961e-05
1261069497055789061,positive,0.9023443975375621
1261069497131294720,negative,0.3200780906683345
1261069498515218432,neutral,0.5495922250151081
1261069499677229056,negative,0.0062214706889238336
1261069500620963840,negative,0.00204143493955329
1261069500880949248,negative,2.5092237748260415e-09
1261069638814912520,positive,0.8585164241022634
1261069639208976384,negative,0.0202494522184683
1261069639792029696,negative,0.003948265446977843
1261069640882630656,negative,0.0004001348565432703
1261069641595658247,negative,0.03246770568826779
1261069641646051328,negative,0.008424436512622466
1261069643231498240,negative,0.006388180791520494
1261069643483054088,negative,0.002961311291306646
1261069644108107778,negative,0.017869039521266995
1261069644317765633,negative,0.14593911914931648
1261069644514963461,negative,3.455281946599237e-05
1261069645626433538,negative,0.024207948347319187
1261069646129758208,negative,0.016345019454484768
1261069646414802947,neutral,0.6237967920591744
1261069646591152130,negative,1.6019772657417197e-05
1261069647413080065,negative,0.008273996442184241
1261069648172326922,negative,0.0010808852674661232
1261069648826716166,positive,0.8310866263666253
1261069649128669184,negative,0.030312881225347532
1261069649543913474,neutral,0.3767701553394733
1261069649858494464,negative,0.008273996442184241
1261069650005241856,negative,0.15332131276468072
1261069650705682433,positive,0.683551922850432
1261069650990948354,negative,0.0005918503658934132
1261069651250987010,neutral,0.5545289007101847
1261069651569782785,negative,0.002961311291306646
1261069652194742281,negative,0.07765072376445857
1261069652240797696,negative,0.0001019961695275448
1261069652253343744,negative,0.013974828934767583
1261069652584738821,negative,0.008124541821060262
1261069652853174272,neutral,0.43119278557506185
1261069653167747072,negative,0.00029785267859327346
1261069653599760392,negative,0.08301289864159057
1261069654010859526,negative,0.013974828934767583
1261069654199545863,negative,5.371106129675376e-08
1261069654304403456,negative,0.06111591386915547
1261069655424335873,negative,0.006770392175523465
1261069655768272896,negative,0.023445868007608093
1261069655851978752,positive,0.9995130384955465
1261069656179257344,negative,0.002961311291306646
1261069656623890432,negative,0.19540175271190174
1261069656795893762,negative,0.007696444199111047
1261069657777352709,negative,0.005991037631792754
1261069658003853314,negative,0.0048056986692400884
1261069658146381824,negative,0.0012360332784193575
1261069658746224641,negative,0.0015463167378863146
1261069659144675329,negative,4.5001656289811536e-05
1261069660289564672,negative,2.1861769714170005e-05
1261069660541378560,negative,0.07617068094788841
1261069660545601543,negative,0.0006520225196204823
1261069660604301312,negative,0.28507673477527545
1261069660801417220,neutral,0.40485177752233803
1261069661061423111,negative,0.0013453493002364948
1261069661220659200,neutral,0.49789225920557484
1261069661694803969,negative,0.1459470827295533
1261069661908672512,negative,0.002961311291306646
1261069662005219335,negative,0.0008658808987767491
1261069663661961216,negative,0.3107281742138744
1261069663980654592,negative,0.013470378404496702
1261069666279215105,negative,0.0005348650103479347
1261069666786504704,negative,0.0018945205209518238
1261069666803314689,negative,0.15594101732744348
1261069667008995328,positive,0.9732355877803633
1261069667055153166,negative,0.11406635883069119
1261069667130642434,negative,6.413271171382718e-09
1261069667260481538,neutral,0.5495922250151081
1261069667650633729,negative,0.010869709450489562
1261069667671695365,positive,0.9960061146570264
1261069667722035201,negative,0.002961311291306646
1261069669554929665,positive,0.9023443975375621
1261069669760413696,negative,0.0016494744019349133
1261069670075039750,negative,0.03581279561100945
1261069670142091266,negative,1.198324651807883e-10
1261069671228420097,negative,0.06108510053166623
1261069671756902400,negative,0.07626236968837265
1261069671966670848,neutral,0.47575035468965776
1261069672914378752,negative,0.010974812668538794
1261069673560342528,negative,0.06873702079849367
1261069673782824966,negative,4.548769609944681e-06
1261069674172887040,negative,1.6019772657417197e-05
1261069674692952064,negative,0.002961311291306646
1261069674692972546,negative,0.2471051277119641
1261069674877349890,positive,0.7418367839878729
1261069674936020993,negative,0.15277348318544687
1261069675594690561,negative,0.0754574665288692
1261069676102156288,negative,0.006476963414056496
1261069676186152963,negative,0.20867296800592622
1261069676504846338,negative,0.023777288897458056
1261069677154889728,negative,0.011277148441103963
1261069677972897792,positive,0.8867137226380322
1261069678182567936,negative,0.0013203513616139703
1261069678769852416,negative,0.022492657979876828
1261069678828535809,negative,0.19731840969612646
1261069679013113857,negative,0.2863132203241599
1261069679390425088,negative,0.1496060526755059
1261069679461892097,negative,0.0018633210434069155
1261069679553986565,negative,0.013974828934767583
1261069679981928449,neutral,0.5569940406085948
1261069680002859008,negative,1.513987176251854e-08
1261069682842521600,neutral,0.5859718980126387
1261069682859282439,negative,0.00358469209519877
1261069682905427969,negative,0.0416564850206545
1261069682968330242,negative,0.31059429860164794
1261069683534565376,negative,4.956201773728466e-10
1261069683706511360,positive,0.9974590591001309
1261069683991760896,neutral,0.5869861080901129
1261069684134166528,neutral,0.35119527102927156
1261069684306214914,neutral,0.3351384756993208
1261069684360859649,negative,0.1846533874971922
1261069684578885634,negative,0.09049316027842402
1261069685153501189,neutral,0.40485177752233803
1261069685229006848,neutral,0.35119527102927156
1261069685296168962,negative,0.006899225002382914
1261069686537695232,negative,0.03417566190785205
1261069686818643968,negative,0.1913620992948721
1261069686847885312,neutral,0.4999780182156503
1261069686923571202,negative,0.053223795226538195
1261069687015833600,negative,0.24165437627233213
1261069687271677952,negative,0.011352944217178753
1261069687712079873,negative,0.00028104633858989513
1261069688114733056,negative,0.3107281742138744
1261069688366301185,neutral,0.4393101850869295
1261069690631098368,negative,0.00304967698613245
1261069691130466304,negative,0.10201849775981543
1261069691784552450,negative,0.008273996442184241
1261069692153868290,negative,0.03642914546371554
1261069692216672257,neutral,0.4580667345779014
1261069692258660352,negative,0.19770369928745482
1261069692883677184,negative,0.002961311291306646
1261069693152120835,neutral,0.4985928500860049
1261069693357563906,negative,0.22535000141658923
1261069693374341121,negative,0.08334633661483437
1261069693760098304,negative,0.02727566705724899
1261069693772869632,positive,0.8782164765929359
1261069694284464128,positive,0.9326410265674885
1261069694678765579,negative,0.004155314919080445
1261069696012615681,negative,0.010672841393179458
1261069697283321859,negative,3.761584119552287e-07
1261069697459597312,negative,0.11621235138636853
1261069697556058112,negative,0.004710967351013406
1261069698202034191,negative,4.276862895812734e-09
1261069835724828677,negative,0.011916860015797894
1261069835858898944,negative,0.008273996442184241
1261069836098166790,negative,0.3107281742138744
1261069836563578880,negative,0.0018214214330309173
1261069836802838528,negative,0.004759404654389538
1261069836915892224,negative,0.08065744271972508
1261069837260017666,negative,0.023445868007608093
1261069838111387648,negative,0.21131301789281656
1261069838736404480,negative,0.00023995861311041906
1261069838971273219,negative,0.3107281742138744
1261069839466205184,negative,0.15551408660071112
1261069839692640259,negative,0.01177680074086481
1261069839822655489,negative,1.8778995526399163e-05
1261069839931781125,positive,0.9631795201963218
1261069839952687104,negative,0.026360947899510528
1261069839956938752,negative,0.005991037631792754
1261069840011407360,negative,0.001346511055825577
1261069840045006855,neutral,0.6027432464259264
1261069840179236864,positive,0.958921312958823
1261069841450106881,neutral,0.3767701553394733
1261069841894645763,negative,0.0202494522184683
1261069843748528133,negative,0.00925248137899194
1261069843803123715,negative,0.058832202947487006
1261069844218286083,negative,0.0463194128755315
1261069844419657729,negative,0.1913620992948721
1261069844981731329,neutral,0.49789225920557484
1261069845350821894,neutral,0.3548953318202292
1261069845661192193,negative,4.188207965573074e-05
1261069845807808512,negative,0.05057069532273135
1261069846181224449,negative,0.3200780906683345
1261069846206459905,negative,0.08955736794332136
1261069846416146432,negative,0.013953821144567297
1261069848483954689,negative,0.0005004192507029806
1261069848999874560,negative,6.143905966238739e-11
1261069849142362112,negative,0.24973953684852862
1261069850081996802,positive,0.9843207855999067
1261069850438520833,negative,0.2613790679778108
1261069850862125059,negative,1.15209067271091e-05
1261069851369574402,negative,0.1109487683248625
1261069851449348101,negative,0.2618185234608026
1261069851642257409,negative,0.0027326109071273467
1261069852795691010,negative,0.00029785267859327346
1261069852846014464,positive,0.6699731262098089
1261069852963409922,negative,0.0463194128755315
1261069853382893571,neutral,0.5495922250151081
1261069853449912326,negative,0.05310416394514789
1261069853911330819,negative,0.003618869155013082
1261069854376964097,positive,0.7307227494125816
1261069855261941760,negative,0.006899225002382914
1261069856289456136,positive,0.8585164241022634
1261069856625098756,negative,0.0001019961695275448
1261069856893554695,negative,0.0698348546930373
1261069857052745728,negative,0.02859002083908825
1261069857149169664,negative,9.378393453770348e-06
1261069857564561408,negative,4.474501544339448e-06
1261069857585594369,negative,0.007944074002484416
1261069858156040194,negative,0.004635876243800295
1261069858210549761,positive,0.958921312958823
1261069859603038209,neutral,0.40231933975652817
1261069860148334593,negative,0.18636920024339737
1261069860345458688,negative,0.0012614988862702766
1261069860689379330,negative,0.3107281742138744
1261069861914099712,negative,0.008970864562230904
1261069862387900416,neutral,0.5495922250151081
1261069862589399040,negative,0.2791081622670688
1261069862669082626,negative,0.003274039395208352
1261069863201759232,negative,0.0007865133352610893
1261069863424065536,neutral,0.4999780182156503
1261069863629529089,negative,0.07011194103648936
1261069863939784704,negative,0.00013675254947395266
1261069864254337025,negative,0.0013453493002364948
1261069864560721920,negative,0.019020511858732554
1261069864673951744,negative,0.31104512026625825
1261069865424740354,negative,0.00381857916510064
1261069865441517569,negative,0.3107281742138744
1261069865529507840,negative,0.1913620992948721
1261069866364284934,negative,0.00041197799843138743
1261069866410414085,negative,8.456716740926487e-05
1261069866586591232,negative,0.008273996442184241
1261069867769307136,positive,0.9764826184972663
1261069868243120128,neutral,0.47865870524693105
1261069868251693056,negative,0.02478241975371509
1261069868260102147,negative,0.03187531387841372
1261069869308665857,negative,0.03987770932739295
1261069870126546945,negative,0.0468603084262047
1261069871162494976,negative,0.3107281742138744
1261069871271550980,negative,2.5092237748260415e-09
1261069871615479815,negative,0.0002869393542737393
1261069872039157762,negative,0.031118843211946304
1261069873322627072,negative,0.1913620992948721
1261069874039840771,neutral,0.3696317476786902
1261069875172130816,positive,0.9953389276966067
1261069876942299136,negative,0.003618869155013082
1261069876980047878,negative,0.3107281742138744
1261069877168701445,negative,0.004284173726646251
1261069877365878786,negative,0.0352952498830695
1261069879781851137,negative,0.0010186359562120767
1261069879874117632,neutral,0.40231933975652817
1261069879907627010,negative,0.012908940289837531
1261069879957958656,negative,0.16838572573702976
1261069880062861317,negative,3.4069124326915525e-05
1261069880444542979,negative,0.11945710604163225
1261069880486506497,negative,0.0015463167378863146
1261069880612327426,negative,0.08180544856842413
1261069881467899905,negative,0.004671055451267315
1261069881648259073,negative,0.0001019961695275448
1261069882281480192,negative,0.0134485258677702
1261069882319241216,negative,0.030312881225347532
1261069883091177473,neutral,0.37593737393046844
1261069883200155650,negative,1.762389740701592e-05
1261069883539947521,neutral,0.447854653089295
1261069883724398592,negative,0.026805549526764602
1261069884227796997,neutral,0.45537559180128756
1261069884945022976,negative,7.11851851208281e-05
1261069886543069184,negative,0.009888115581978685
1261069886626967557,negative,0.007760697430112886
1261069887776137220,negative,0.04549947795777838
1261069887906238465,negative,0.0754002365607831
1261069888128516101,neutral,0.35119527102927156
1261069888388505604,negative,0.0015463167378863146
1261069888925433857,negative,0.02589981524950632
1261069889357459459,negative,0.007408096540251523
1261069889487409153,neutral,0.42167829421315633
1261069890586320896,negative,4.162205699296944e-12
1261069890699526144,negative,0.03620244864771752
1261069891064352769,positive,0.880131780505572
1261069891278376961,negative,0.3159425417399949
1261069891353837572,positive,0.9732355877803633
1261069893186867200,negative,0.0021173986952363545
1261069893555929100,negative,0.00010122814364068116
1261069893857935360,negative,0.0005406650222246089
1261069894516342785,neutral,0.38243380557867157
1261069895254622213,negative,0.002961311291306646
1261069895300767744,negative,0.08301289864159057
1261069895560769537,negative,0.00036412690889721865
1261069896059928578,neutral,0.46250743719453175
1261069896374419460,neutral,0.4478814827726608
1261069896420646912,positive,0.7265145744353184
1261069896529608704,negative,0.13397866938779301
1261070050376679424,negative,0.03809910217455656
1261070050582245377,negative,8.415068522992933e-09
1261070050666123264,negative,0.0005406650222246089
1261070050842284032,negative,0.010554549143264032
1261070051001720832,negative,0.010158448709534355
1261070051375034370,negative,0.023647596611352437
1261070051710513159,negative,0.030312881225347532
1261070052004114432,negative,7.329341509213523e-06
1261070053421862918,negative,0.28854426538347494
1261070053782573057,negative,0.0643759516238023
1261070054738837506,negative,0.1603126569757053
1261070055112159233,negative,0.06215644487151562
1261070055732850689,negative,0.04091268992012582
1261070055791607808,negative,4.446512970395682e-06
1261070056428986368,negative,0.003659761824574905
1261070056785674240,negative,0.2502871188254265
1261070056815026182,negative,0.00046304804431785746
1261070056827449344,negative,0.03289608090109384
1261070057318354950,negative,0.003791336279710174
1261070057435738112,negative,0.006708787739919659
1261070057473560576,negative,0.18820391679993598
1261070057783861257,negative,0.000342414413342501
1261070059281305600,negative,0.02589981524950632
1261070059314778121,negative,0.046512161168895144
1261070059948118024,negative,0.045613323732029414
1261070060162035723,negative,0.05675767055285197
1261070060375937026,negative,0.15482375319234723
1261070060443090944,negative,0.0004615994277316352
1261070061034446854,negative,0.0007763347803403554
1261070061600718849,neutral,0.3351384756993208
1261070062573797377,negative,1.0143877684442127e-05
1261070062632435718,negative,0.001099609497697976
1261070063051968512,negative,0.0001159944212443872
1261070063299440642,negative,0.027279807486083014
1261070063995584512,neutral,0.3373968789872479
1261070064289288192,negative,4.237748835678683e-09
1261070065098559489,positive,0.9990202410932149
1261070065232904193,negative,0.00816155426659046
1261070065799233536,negative,0.06784246775975679
1261070066499624961,negative,4.237748835678683e-09
1261070066575126528,negative,0.002307356216281876
1261070067112050691,positive,0.8573381608825863
1261070067166519296,negative,4.237748835678683e-09
1261070068059901955,negative,2.5092237748260415e-09
1261070068340965377,negative,0.002390296280066036
1261070069020450823,negative,0.041968389488762574
1261070069204946946,neutral,0.334975968405829
1261070070463320065,negative,0.046512161168895144
1261070070543003648,negative,0.008424436512622466
1261070071063097355,negative,0.20771934817642312
1261070073118306304,negative,0.12326534152492626
1261070073382547458,negative,0.0018770069295146595
1261070073558716418,negative,0.1913620992948721
1261070074565332993,negative,0.015651276637743988
1261070074796036097,neutral,0.3373968789872479
1261070075014066176,negative,6.413271171382718e-09
1261070075097952258,negative,1.1046188780575621e-05
1261070075102203905,negative,0.0716854955699417
1261070075316051968,negative,0.06817969804679798
1261070076058501123,negative,0.000744764564540388
1261070076444389377,negative,0.0002791816573995484
1261070076742111232,negative,0.008273996442184241
1261070076800831488,negative,0.0002636078572771582
1261070076800884739,negative,0.000992014397950883
1261070076813496320,negative,0.22798139538364742
1261070077249458176,neutral,0.43657421545140196
1261070077358735361,negative,0.0006149946184115155
1261070077375504385,negative,0.046512161168895144
1261070077488590849,positive,0.996568533483016
1261070078654779393,negative,0.00017676977698680352
1261070078784811009,negative,0.014616820916270088
1261070079481065474,negative,0.0012147364249779926
1261070079892037634,negative,3.3720798977968875e-11
1261070080013750282,negative,2.0917080919999318e-06
1261070080034701318,negative,0.007760697430112886
1261070080231772160,negative,0.18302613857818326
1261070080236040197,negative,0.1913620992948721
1261070080244436993,neutral,0.5556866927953724
1261070080412127232,negative,0.1100678013349313
1261070081800441864,negative,0.03143021815176969
1261070083004280836,negative,0.009141893535151387
1261070083306262532,neutral,0.47865870524693105
1261070083536957442,negative,0.04806312686579951
1261070085671845890,negative,0.05915500771241952
1261070086003134466,negative,0.3020135550609068
1261070086087086082,neutral,0.40164566407707886
1261070086783348737,negative,2.9192248948766644e-08
1261070086787469312,neutral,0.3373968789872479
1261070087542444032,negative,0.3107281742138744
1261070087714492420,negative,0.2637902495418069
1261070088758845443,negative,0.01718439830427825
1261070089090039810,negative,0.0008323133982201886
1261070089669029895,negative,1.6053769673364058e-06
1261070090163945476,negative,0.04162980734074836
1261070090273009666,negative,0.003151921213626022
1261070090360979457,negative,0.002961311291306646
1261070090600165376,negative,0.0014835570421181082
1261070090956615680,negative,0.034481710787559246
1261070091640352775,negative,0.0005971097011737696
1261070091908722688,negative,0.19731840969612646
1261070092030357505,positive,0.7307227494125816
1261070093624238080,positive,0.7307227494125816
1261070093800271873,negative,0.3107281742138744
1261070094110797826,negative,0.00016931167884368206
1261070094114992129,neutral,0.35000532810977153
1261070094127546373,neutral,0.3644241330562167
1261070094278549510,negative,0.002227873285320764
1261070095163502595,negative,0.21631061820183065
1261070095264051202,negative,0.017615469801396208
1261070095729790978,negative,1.5045813283590853e-12
1261070096342097921,positive,0.8462560033157565
1261070096409264133,negative,0.0003459958417208942
1261070096472178690,negative,0.0754574665288692
1261070097210277888,positive,0.979975733609088
1261070097214562312,negative,0.12342333100890189
1261070097545920513,neutral,0.5761076399742056
1261070097948585985,negative,0.0110403679982855
1261070098682576897,negative,0.0021369263741682926
1261070101140377600,negative,0.013974828934767583
1261070101924777985,negative,0.1050654710153976
1261070102318940161,negative,1.7662777286306644e-07
1261070104554586118,negative,0.008273996442184241
1261070104600760320,negative,0.0016390801226407016
1261070104953073666,negative,0.11621235138636853
1261071494068789248,negative,1.5882187411845323e-07
1261071494467268610,negative,0.027279807486083014
1261071494660206592,negative,0.0014835570421181082
1261071495306063876,negative,0.0012321725017315679
1261071495670964224,negative,0.00027079996224063614
1261071497151442944,negative,0.033903472091744456
1261071497633902592,negative,0.15026392824749946
1261071498657185792,neutral,0.49789225920557484
1261071498938368001,negative,0.08563428771476056
1261071499093512193,negative,2.5092237748260415e-09
1261071499114536960,neutral,0.49613002127556033
1261071499257094144,positive,0.726106601290971
1261071499689103362,negative,0.002743898856684126
1261071499991175169,negative,3.891195327511158e-06
1261071500477706241,negative,0.0001401071788490823
1261071501203320833,negative,0.024524119293185043
1261071501236805635,negative,1.4134715859752935e-06
1261071501991784448,negative,0.0006149946184115155
1261071502105096196,neutral,0.5495922250151081
1261071502646149121,positive,0.9960061146570264
1261071502700617728,negative,0.00020691054951926504
1261071503187206151,negative,0.0014835570421181082
1261071503547863048,negative,0.11621235138636853
1261071503979958274,negative,0.0585772995190105
1261071504051183618,positive,0.9995130384955465
1261071504072212484,negative,0.21656401232843772
1261071504290258944,negative,0.16625507404718293
1261071505494102018,negative,2.5092237748260415e-09
1261071505754030084,negative,2.0857851880395455e-07
1261071505942863874,negative,0.013974828934767583
1261071507394093062,negative,0.0004615994277316352
1261071507503136769,negative,2.3463087849929856e-06
1261071507503144967,negative,0.11945710604163225
1261071507616403458,negative,0.08955736794332136
1261071507809357824,positive,0.9983300695538909
1261071508425891842,negative,0.0008219331144770507
1261071508635598848,negative,0.10713663457527776
1261071508903952387,positive,0.8643306660423875
1261071509780561920,negative,0.0020208556635159802
1261071510023868422,negative,0.0030872417314825712
1261071510179119104,positive,0.7498360209040831
1261071510233645058,positive,0.9597068748716235
1261071511072497666,positive,0.8652093784784579
1261071511093379079,negative,0.0002491764098254571
1261071512477581316,negative,0.03602003751026866
1261071512502767623,negative,0.004171259060640976
1261071513194823686,negative,0.04078942709105605
1261071513366781953,negative,0.029466791061208242
1261071513391960064,negative,0.001994858333156471
1261071514121768965,negative,0.002961311291306646
1261071514381815810,positive,0.9999837463173291
1261071515392540672,negative,3.4441731039702245e-06
1261071516088905736,negative,0.00027079996224063614
1261071517414313997,positive,0.9843207855999067
1261071517502205952,negative,0.0954404972692782
1261071518336983041,positive,0.7419078150131044
1261071518764871680,negative,0.0011318312072782636
1261071518978789376,negative,0.007784387787892926
1261071519368851459,negative,0.01002207742829609
1261071519385608192,negative,0.21282159451404753
1261071519763095552,neutral,0.3424616130281868
1261071519846989826,negative,0.19731840969612646
1261071519993737223,positive,0.8310866263666253
1261071520694243329,negative,0.004557279821351394
1261071521121878016,negative,0.03987770932739295
1261071522015391744,positive,0.7030103192404069
1261071522082492421,neutral,0.5017329992396988
1261071522267103232,negative,0.04845422205616322
1261071522384486401,negative,0.00704289059680232
1261071522405519373,neutral,0.6342389142921967
1261071522573287425,negative,0.007467664757015066
1261071523495976962,neutral,0.38966083377267685
1261071524192227329,neutral,0.39328893512020136
1261071524947247109,neutral,0.4025672456475848
1261071525307973633,negative,5.593509544543972e-05
1261071525806997505,negative,0.2904462015218329
1261071526021025792,negative,0.03968369208330522
1261071526788575232,negative,0.07143877399595279
1261071527564521473,positive,0.7265145744353184
1261071528126492672,negative,0.02042302598643286
1261071528600440832,negative,0.12778740289983936
1261071528663429126,negative,0.003858220646345114
1261071528856178689,negative,0.005388300989340037
1261071529942618112,negative,0.0004615994277316352
1261071530047549441,negative,0.019674547532428945
1261071530446008323,neutral,0.5939986779822981
1261071530576011266,negative,0.002961311291306646
1261071531586867200,negative,0.002961311291306646
1261071531746168832,negative,0.2576806556245388
1261071532169801728,negative,0.031118843211946304
1261071532580835329,negative,0.2580560619789238
1261071532694147078,negative,0.0727060741981506
1261071533700677634,negative,0.013470378404496702
1261071533826506755,negative,0.00020873187766593592
1261071534170529801,negative,0.027232925355068393
1261071534187315205,negative,0.004886641882477822
1261071534287917056,negative,0.0060390068991413815
1261071534715736067,neutral,0.5495922250151081
1261071536162844672,negative,0.0012173519138151921
1261071537442078723,neutral,0.5130605840822943
1261071537605656576,negative,0.2618185234608026
1261071537886633984,negative,0.0004615994277316352
1261071538033512448,negative,0.0188491733173998
1261071538150879233,negative,0.08708421057550549
1261071538574569472,negative,0.07548830909772285
1261071538922508288,positive,0.8782164765929359
1261071539358834688,positive,0.9734758235268818
1261071539467935745,negative,2.902511075516102e-05
1261071540101267456,neutral,0.41876006002174265
1261071540663341057,negative,1.010735098154527e-05
1261071540751183872,negative,0.026421202733427584
1261071540789096448,negative,0.0042866908439188525
1261071540998807557,negative,0.0006550629781355301
1261071541451870209,negative,0.16034387998898245
1261071541468639245,negative,0.2613962034186399
1261071543574069248,negative,0.020764738257327522
1261071543594962944,negative,0.03582397029678251
1261071543821574155,negative,0.020552010624154002
1261071544425615360,negative,0.3107281742138744
1261071544727502848,negative,0.003695938032178789
1261071544752771074,negative,0.0004996817847617865
1261071544798904320,negative,0.00782070513249228
1261071544878587904,negative,0.15143396359006342
1261071545138655233,negative,3.3148431728374284e-06
1261071545167949831,negative,0.0024052961743143493
1261071545440653312,neutral,0.5495922250151081
1261071545813909505,negative,0.19072649699378552
1261071546220785664,negative,0.00023995861311041906
1261071546355003393,negative,0.005014538927507596
1261071546367520768,negative,3.105794331771229e-06
1261071546845736960,neutral,0.6244489926337272
1261071546900250627,negative,0.01586486250273424
1261071546925252610,negative,0.0202494522184683
1261071546954776584,neutral,0.5495922250151081
1261071547638390785,negative,0.3020135550609068
1261071548057882630,negative,0.10790945279090801
1261071548150095872,negative,0.00027079996224063614
1261071548301148163,negative,0.008424436512622466
1261071549286793216,positive,0.9842892966787623
1261071549567832064,neutral,0.3401563644261893
1261071550142431232,negative,0.16625507404718293
1261071550142459904,negative,0.003064412525955553
1261071550549307392,negative,8.564186476156679e-09
1261071550675107840,negative,0.0004615994277316352
1261071551081975810,negative,0.21282159451404753
1261071551195222019,negative,0.03501800096812271
1261071551576891392,positive,0.958921312958823
1261071551727689731,negative,0.05652747719723822
1261071683739213824,negative,0.00011035596645520614
1261071683756097536,negative,0.000630310629323843
1261071685165473794,negative,0.12258462670249735
1261071685710741510,negative,0.197986846966302
1261071686226640897,negative,0.0026179085421569
1261071686247477249,neutral,0.5495922250151081
1261071686545412097,neutral,0.49789225920557484
1261071686679646215,neutral,0.5444238033644027
1261071688495554560,negative,0.31827969801668227
1261071688638365699,negative,0.02271549028379152
1261071689116516352,negative,0.0003114202800842282
1261071689141665792,negative,3.037046507560174e-08
1261071689229664256,negative,0.0006171966395242834
1261071690311897088,negative,0.3107281742138744
1261071690337050631,negative,0.22695080687392644
1261071691465265152,positive,0.8964973623845216
1261071692044144642,neutral,0.47865870524693105
1261071692387975172,negative,0.005991037631792754
1261071692388016130,negative,0.019692340058718442
1261071692832681986,negative,7.528508355918325e-05
1261071693520519168,negative,0.0008658808987767491
1261071693889646593,negative,0.003428729426338439
1261071695076634624,negative,0.08560919549249293
1261071695206666248,negative,0.02512244041782358
1261071695357652992,negative,0.002961311291306646
1261071695730933760,positive,0.7307227494125816
1261071696007659526,neutral,0.4478814827726608
1261071696506822656,negative,0.0009039403619505685
1261071697022771200,positive,0.9953389276966067
1261071697333096451,negative,2.971809770646077e-06
1261071697618317313,negative,0.30166009451794856
1261071697815277568,negative,0.10244366774578492
1261071697928695811,negative,9.049695914906374e-06
1261071698876600324,negative,0.0004615994277316352
1261071699107352580,negative,0.15245603196008226
1261071699941953540,neutral,0.49789225920557484
1261071700223025153,negative,0.04935519960684727
1261071700294320138,negative,0.013060775025014664
1261071700453658628,negative,0.32068088831224084
1261071700512305153,negative,0.19751506317315187
1261071700994785283,negative,0.005007444855454845
1261071701988737024,negative,0.23108660748076523
1261071702097879052,negative,1.3179272806675117e-05
1261071702555013121,neutral,0.39268632837504586
1261071706371821568,negative,5.777219017810008e-07
1261071706522882048,negative,0.009141893535151387
1261071707147653120,neutral,0.5814900332245094
1261071707609223168,negative,1.6019772657417197e-05
1261071707886010372,negative,0.009888115581978685
1261071707906998272,neutral,0.49789225920557484
1261071708586496001,neutral,0.5395477054117664
1261071708724789250,neutral,0.5495922250151081
1261071708930420736,positive,0.9685330477653318
1261071709488189440,negative,0.05218285560204514
1261071710117380097,negative,8.120457819953987e-06
1261071710327132162,neutral,0.36886861758497935
1261071710499098626,negative,0.05584962817889566
1261071710511599617,negative,0.04845422205616322
1261071711132422144,negative,0.1913620992948721
1261071711962689537,negative,0.01730377647545583
1261071713342836736,negative,0.02416385300941056
1261071713351196677,negative,0.24839328972192398
1261071714336870400,negative,0.1087294922379694
1261071714798182401,negative,0.003501666747819522
1261071716513730562,negative,2.50524532156585e-05
1261071717130264576,negative,6.778278847718189e-06
1261071717583269888,negative,0.0017178512406713265
1261071718451462144,negative,0.2420766760854119
1261071718468255745,negative,7.436078516104426e-06
1261071718568919043,negative,0.13572478353206793
1261071719038513152,neutral,0.49789225920557484
1261071719906922496,negative,0.0023172362836992966
1261071720263409664,negative,0.20267801294958188
1261071721064357888,neutral,0.3438029142393433
1261071721379123200,negative,0.12179535538402415
1261071722691911681,negative,0.034227344538902305
1261071722926665728,negative,4.9138580935116545e-06
1261071723425824770,neutral,0.4580667345779014
1261071723539189762,positive,0.958921312958823
1261071723857920003,negative,0.0026474108794570365
1261071724801593348,negative,0.14125280140870364
1261071724805672960,negative,0.00037155918070670805
1261071724931616769,negative,0.009168058664798839
1261071724960985089,negative,0.0005644072765755889
1261071725678063616,negative,1.04252545524085e-05
1261071727238328321,negative,7.027283197383873e-05
1261071727406321664,negative,0.004617825838841391
1261071727595053061,positive,0.7307227494125816
1261071728761016320,negative,0.00011440322442566827
1261071729750876164,negative,0.07557890546562722
1261071730438746112,neutral,0.36886861758497935
1261071730996633607,negative,0.10026212383222648
1261071731319586817,negative,0.0834800784471925
1261071731550191619,negative,0.0013453493002364948
1261071731550232578,negative,0.16614307983032442
1261071732045201409,negative,1.5723773902057163e-05
1261071732695355395,negative,3.3148431728374284e-06
1261071733475459072,negative,0.008675625635096414
1261071734280720390,negative,0.20077891348724697
1261071734620520455,negative,0.09726741151725884
1261071734758952961,negative,0.14931271232762278
1261071735757160453,negative,0.00048151455370942407
1261071735769772032,negative,0.011078376228806457
1261071736163971074,negative,0.007154993971187669
1261071736637919235,negative,0.048550158945260324
1261071736671481857,negative,0.009888115581978685
1261071737007022080,negative,0.026994010101230304
1261071737128697862,negative,0.03393047584177207
1261071737778823169,negative,0.0035103066190939167
1261071738680627201,negative,0.01002207742829609
1261071738793791496,negative,0.030310590070109597
1261071738814816257,negative,0.1565079258954872
1261071739045285888,negative,0.18427524452482416
1261071739641004036,neutral,0.49789225920557484
1261071739695529985,neutral,0.45943733050640245
1261071739716599809,negative,0.04376746160308734
1261071739838246917,negative,5.626034898444311e-05
1261071740421242881,neutral,0.43101304354026343
1261071740467380226,negative,0.001631578811359962
1261071740479963142,negative,0.06246023946882571
1261071740572037120,negative,0.013953821144567297
1261071740630949888,negative,1.0888183883184422e-05
1261071741264297991,positive,0.9911710085966272
1261071741784174592,neutral,0.47865870524693105
1261071744472924160,negative,3.1712051750606442e-06
1261071744481320961,negative,1.578386053750868e-08
1261071746196799489,negative,0.2756315676372902
1261071746398146562,neutral,0.6471755739275492
1261071883308609539,negative,0.009141893535151387
1261071883379912705,negative,0.08775545253800286
1261071883711254529,negative,0.000503018907364311
1261071884130627584,negative,0.005991037631792754
1261071884201967623,negative,0.002961311291306646
1261071884919148544,negative,1.508488858178739e-06
1261071884940120064,negative,0.00020689982033891672
1261071885359513602,negative,2.545690221377466e-06
1261071885435113472,negative,0.2102846190128694
1261071885875523585,negative,0.2558990727886215
1261071886504476672,negative,0.029229908611199503
1261071887175692290,negative,0.031199133653653816
1261071887809069058,negative,0.014638282560491054
1261071888157114369,negative,0.03251319416051221
1261071888815730693,negative,4.704037643249261e-09
1261071889880973315,neutral,0.5160255720563555
1261071891592347648,negative,0.023685245293502813
1261071891734818816,neutral,0.47865870524693105
1261071891734896640,negative,0.3107281742138744
1261071892884131840,negative,0.15108236719596552
1261071893509136386,neutral,0.3644241330562167
1261071895186808834,negative,0.005014538927507596
1261071895887298563,positive,0.8686695045423942
1261071896076062721,negative,0.0004839893051904153
1261071897137221638,negative,0.0025260607995237242
1261071897443344385,negative,0.10621342427844126
1261071897825067008,neutral,0.49789225920557484
1261071897908908032,neutral,0.5495922250151081
1261071898143752199,negative,0.013974828934767583
1261071898504499201,negative,0.18546220811758787
1261071898932371456,negative,0.02032036818110669
1261071900152860672,negative,0.00027079996224063614
1261071900492599297,positive,0.984681126764194
1261071901767561216,negative,0.03501800096812271
1261071901797093377,positive,0.8595711828741658
1261071901973250049,negative,0.05452464077834255
1261071901994160132,negative,0.05177835969063477
1261071902271057921,negative,0.0006149946184115155
1261071902900129793,negative,0.008273996442184241
1261071902962941952,negative,0.17627958665001092
1261071903499997186,neutral,0.4580667345779014
1261071903642484738,negative,0.03251319416051221
1261071904288518146,negative,0.002961311291306646
1261071904527601665,negative,0.0004615994277316352
1261071904632430593,positive,0.812321066392638
1261071904703680512,negative,0.000236421566931659
1261071905265790977,neutral,0.49789225920557484
1261071905420914689,negative,0.03295334770333187
1261071905957842950,negative,0.31283000678271594
1261071906662424578,negative,0.20771934817642312
1261071906775511040,negative,0.08775545253800286
1261071906977001474,negative,0.3107281742138744
1261071907820056577,negative,0.21738786727028936
1261071907983634432,negative,0.005687590326238981
1261071908633751554,neutral,0.3781446365656235
1261071909225205767,negative,0.0754002365607831
1261071909317419011,negative,0.030310590070109597
1261071909531168770,negative,0.004584074100298624
1261071909627801602,positive,0.7395480024206785
1261071910865186816,negative,0.00046755448907936193
1261071911435542529,negative,0.16838572573702976
1261071911523672065,negative,0.004078651694856543
1261071911947247622,negative,0.12258462670249735
1261071912471592961,negative,0.00041041072237595647
1261071913511800832,negative,1.7343497069648507e-05
1261071913780117504,negative,0.3107281742138744
1261071914338050048,negative,0.0044271234330604614
1261071914518360066,negative,0.2606209694092836
1261071914686132225,negative,0.22011418980037717
1261071914874871814,positive,0.9982045510284216
1261071915122331656,negative,0.0004615994277316352
1261071915365646336,negative,1.0877965886739447e-09
1261071915424182272,negative,0.004540273302909556
1261071916082831362,negative,3.401236151143193e-11
1261071916619780098,negative,0.3107281742138744
1261071916711972868,negative,0.0005858392684304468
1261071917261434883,negative,0.2855516622523623
1261071917391450115,negative,0.023846279178381714
1261071917873803264,negative,0.010874309317210866
1261071918381371392,negative,0.003618869155013082
1261071918515523586,negative,0.1436154538073118
1261071919585144832,negative,0.0005918503658934132
1261071919924891650,negative,0.017920395136857812
1261071920033824773,positive,0.7845036771361175
1261071920797122561,neutral,0.5495922250151081
1261071921640325120,negative,0.003618869155013082
1261071922147852290,negative,0.16003979964489545
1261071922583998465,negative,1.010735098154527e-05
1261071923032854529,negative,0.062417805279325854
1261071923611607043,negative,0.002325147202232478
1261071924408602629,negative,0.3272873797275189
1261071924823756801,negative,0.18846982147750244
1261071925171945472,negative,0.010554549143264032
1261071925238997003,neutral,0.49789225920557484
1261071925385875459,negative,0.0485468929950561
1261071925557760005,negative,0.3134936118721957
1261071925742354432,negative,0.037258240461996044
1261071927524933632,negative,0.0668578488859178
1261071927604580352,positive,0.8663468529359027
1261071928552337409,negative,0.017615469801396208
1261071928590307328,negative,0.0005406650222246089
1261071928854482944,negative,0.06603251794693801
1261071930838396928,negative,0.08408225756119303
1261071931035521025,negative,0.003618869155013082
1261071931287187463,negative,0.11142858385471476
1261071931731841030,negative,0.006842619326723686
1261071932138549248,negative,0.00027079996224063614
1261071932981538816,negative,0.02634660927271361
1261071933287915521,negative,0.1913620992948721
1261071933388599302,negative,2.5092237748260415e-09
1261071933896081413,negative,0.024420575102315392
1261071933954760705,negative,0.0001951749063698028
1261071934269329412,negative,0.06122190594334571
1261071934386733057,negative,0.00035982711665099627
1261071934520995843,negative,2.5092237748260415e-09
1261071934525227008,negative,0.20610029668865834
1261071935397605378,negative,0.010210161708066767
1261071935833886722,positive,0.8685831157660973
1261071936165117954,positive,0.9843207855999067
1261071936483983360,negative,3.74351257027614e-06
1261071936781791235,negative,0.01615139196804035
1261071937599614981,negative,0.1856936412008333
1261071937603805200,negative,0.0484302486766727
1261071937670983684,negative,0.0017352264266801889
1261071937691844610,negative,0.013974828934767583
1261071937721303045,neutral,0.49789225920557484
1261071939889770497,negative,0.023647596611352437
1261071940938354688,negative,4.867593615451687e-07
1261071942112522240,negative,0.20076457168800166
1261071942146093056,negative,0.0036628830816191394
1261071943295479810,negative,2.412828437872992e-07
1261071943698087942,negative,0.10621342427844126
1261072082798088193,negative,0.010554549143264032
1261072082940674054,negative,0.1713839964777883
1261072083485888515,negative,0.003618869155013082
1261072083641159686,neutral,0.3666851852981065
1261072084094070785,negative,0.2795337763699208
1261072084114997249,negative,2.2376902586390345e-06
1261072084228354049,positive,0.9982045510284216
1261072084740038659,negative,1.6595909709485725e-06
1261072084911915015,negative,0.08203787431484984
1261072085826318336,negative,0.029059348108448863
1261072086904328192,negative,0.3107281742138744
1261072088191897600,negative,3.8245902495290964e-09
1261072088200331266,neutral,0.3499352441185855
1261072089529843715,neutral,0.35119527102927156
1261072089529933827,positive,0.8231293046504736
1261072089844461572,negative,0.0022563389035857866
1261072090347778056,negative,2.5092237748260415e-09
1261072090632986624,negative,1.2406856160753342e-07
1261072090674999297,negative,0.18318854751568178
1261072090838507522,positive,0.8578807206139758
1261072091106795520,negative,0.08144630747532439
1261072091849330689,negative,0.08240973577352088
1261072091933290496,negative,0.1487010282085905
1261072092868509696,negative,1.53846951498827e-09
1261072093053140993,negative,0.006577365698288392
1261072093627768832,negative,0.009141893535151387
1261072094038761473,negative,0.008424436512622466
1261072094500175880,negative,0.23568651887278078
1261072095729115136,negative,0.204289275813495
1261072095892639744,negative,0.004052282702028597
1261072096169426944,negative,0.014647196326363918
1261072096312131584,negative,0.002252759592758711
1261072096349872130,positive,0.9672490111980425
1261072096689639430,positive,0.9983717094311771
1261072097088090112,negative,0.03851239493212132
1261072097142624258,negative,0.19398806356646772
1261072097163567112,neutral,0.47865870524693105
1261072097553588231,negative,2.5553266707453625e-05
1261072097855627268,negative,0.02868516303380982
1261072098757431298,negative,8.216668653302033e-06
1261072099034177536,negative,0.016191466448147677
1261072099403345921,negative,0.003618869155013082
1261072099868848130,negative,0.0018921155129841222
1261072100506447873,negative,0.1100678013349313
1261072101764710400,negative,0.0005918503658934132
1261072101794086914,negative,0.003501666747819522
1261072101882187784,negative,0.0044649497657217934
1261072102049931265,negative,0.010554549143264032
1261072102758768640,positive,0.9577435630409077
1261072104046432258,negative,0.002307356216281876
1261072104872652800,negative,0.1227803244794923
1261072104989941760,negative,0.05132790701138706
1261072105157857286,negative,0.009467045409062229
1261072106151915525,neutral,0.6528433651503082
1261072106223263744,negative,1.2235903853970535e-06
1261072106848124928,positive,0.8652093784784579
1261072107020193792,negative,0.005991037631792754
1261072107791884289,neutral,0.5734576952979002
1261072108072960003,negative,0.22695080687392644
1261072108408508416,negative,0.3107281742138744
1261072108567789575,negative,0.027792999443283624
1261072108769153024,negative,0.25625959436142753
1261072109465411585,negative,4.302953647436384e-07
1261072110035841025,neutral,0.3330716321755111
1261072110186889216,positive,0.794261858032566
1261072110606262278,negative,0.003101273166848329
1261072110778269696,negative,0.2849805157197406
1261072110962819072,negative,0.00021701918694441485
1261072112124604418,negative,0.009141893535151387
1261072114238578689,negative,0.0834800784471925
1261072114527895553,negative,4.959180406609522e-05
1261072114527993856,negative,0.0008473217824706689
1261072114762813444,negative,0.0005646365337690077
1261072115102597121,neutral,0.4507454498615163
1261072116046278656,negative,0.0004816089368650251
1261072116448927751,neutral,0.578479984244387
1261072116935544833,negative,5.854900523838392e-07
1261072117564616704,negative,0.0021173986952363545
1261072118369923074,negative,0.21656401232843772
1261072118390849538,negative,0.01002207742829609
1261072118952931333,negative,0.001959330984698364
1261072118957162496,negative,0.3201699683426565
1261072119401766913,negative,0.07360741902488688
1261072121243095042,negative,0.004677196359828559
1261072122539114496,negative,0.1913620992948721
1261072122845298689,negative,0.1416199802421476
1261072122853670915,negative,0.3107281742138744
1261072122895613952,positive,0.9922798603199409
1261072123575091201,negative,0.03581279561100945
1261072123759480834,negative,0.023206599728545402
1261072124548087809,neutral,0.3499352441185855
1261072125244432386,negative,1.6053769673364058e-06
1261072125554823174,negative,4.548769609944681e-06
1261072126443954178,negative,0.0037804904709831024
1261072126498529281,negative,0.13417381598988076
1261072126825635848,neutral,0.5072158910993565
1261072126834085888,negative,0.04740234975340004
1261072127798595584,negative,0.11942552331201975
1261072129589678088,neutral,0.40485177752233803
1261072129757523968,negative,0.16712391797087509
1261072129950277632,negative,0.02297732777815617
1261072130667622400,negative,0.04740234975340004
1261072130902568960,negative,0.22212943047981085
1261072130944512003,negative,0.002961311291306646
1261072131359682560,negative,0.09108743421664485
1261072131657326592,negative,0.024079178616483423
1261072131837886464,negative,0.026869042031321577
1261072132764774400,negative,0.21656401232843772
1261072135017160704,negative,0.007784387787892926
1261072135092666369,negative,0.010939584561978176
1261072135302373376,negative,0.00018603139091997854
1261072135948316677,negative,0.1872433744277917
1261072137043038209,negative,0.1647733920947316
1261072137445691393,negative,0.02242137878864549
1261072137890205707,negative,2.5092237748260415e-09
1261072137969905670,negative,0.0010021111673585443
1261072137978294272,negative,0.22695080687392644
1261072138028679169,negative,0.2954900775857719
1261072138238296064,negative,0.002961311291306646
1261072138544590848,negative,0.0001019961695275448
1261072138615881728,negative,0.008273996442184241
1261072139354025985,negative,3.334881034584616e-06
1261072139622461442,negative,1.6019772657417197e-05
1261072139643490311,negative,0.1512219764754628
1261072139865767936,neutral,0.33813216099838955
1261072140440342531,negative,0.3107281742138744
1261072140507459585,negative,0.03844114331729762
1261072140612272128,negative,1.15209067271091e-05
1261072141014970368,negative,0.00029785267859327346
1261072141530906631,negative,0.007941176494155287
1261072142499807235,negative,0.22785780742941272
1261072142801801216,negative,1.8595610742398846e-06
1261072142940221441,negative,0.0044649497657217934
1261072282442780673,negative,0.010554549143264032
1261072282715336706,negative,0.17383449721602262
1261072282816057351,neutral,0.49789225920557484
1261072283293999104,negative,0.0017352264266801889
1261072283625500680,negative,6.559702577122251e-07
1261072284023996417,negative,0.002307356216281876
1261072284518883328,negative,0.0001325108449654963
1261072285450014724,negative,0.008627139714055557
1261072285517176832,negative,0.003618869155013082
1261072286062219264,negative,0.2836210562304933
1261072286813126663,negative,1.9347279955010484e-05
1261072287215714304,negative,0.10487890183146167
1261072288494964738,negative,0.03541562131182145
1261072288566427650,negative,3.0621832801572775e-06
1261072288688099328,neutral,0.49789225920557484
1261072288700645376,negative,4.270247495584254e-06
1261072288906125312,negative,1.8602783790251717e-09
1261072289321361411,negative,0.21656401232843772
1261072289333985280,negative,0.23565707057463148
1261072289459769346,neutral,0.4825049966673974
1261072290990735361,positive,0.8003230958610369
1261072291087204352,negative,0.0698577425667702
1261072291259133959,negative,0.004420555769556626
1261072291267567617,negative,0.05887470571266328
1261072292068671490,negative,0.12805441092561337
1261072292194516994,negative,7.528508355918325e-05
1261072292551016449,negative,0.1102500608108599
1261072292576022528,negative,0.29929356747853464
1261072292664262656,negative,0.19770369928745482
1261072293226328064,negative,0.002961311291306646
1261072293524103168,neutral,0.5495922250151081
1261072294128111619,negative,0.023846279178381714
1261072294157463552,negative,0.0006298508489988149
1261072294593650693,positive,0.958921312958823
1261072295197650944,neutral,0.5577416162972975
1261072295424135170,negative,0.017674976143378877
1261072297307320320,negative,4.270247495584254e-06
1261072297802166272,negative,0.018677477453795138
1261072297869312002,negative,0.08323455095623186
1261072298401886208,negative,4.959180406609522e-05
1261072298498502663,negative,0.037360247853580636
1261072298531946497,negative,0.026298800805354842
1261072298867556352,neutral,0.41876006002174265
1261072299115061248,positive,0.7198117147231491
1261072299429638144,negative,0.22695080687392644
1261072299538681862,negative,0.027728882528896756
1261072299731664896,negative,0.3107281742138744
1261072299760861184,negative,0.05259908941895105
1261072300054646784,negative,0.002961311291306646
1261072300121735174,negative,0.3220622435771587
1261072300738260992,negative,0.03352939469516509
1261072301719617541,positive,0.770917792213459
1261072302269255680,negative,0.0020282282296708535
1261072302416019457,negative,0.04012177605263789
1261072302797664256,negative,0.003618869155013082
1261072303179399177,neutral,0.47047990434382203
1261072303737184257,negative,0.00027079996224063614
1261072304026591233,neutral,0.6478056683926766
1261072304794226688,negative,0.002731255058398766
1261072304865509376,negative,0.0005526574651175703
1261072305884672000,negative,0.31919714098627233
1261072305918181376,negative,0.09726741151725884
1261072306081869831,negative,0.09850666337663404
1261072307096743937,positive,0.9995130384955465
1261072307126243331,negative,0.009045051934648166
1261072307428220929,negative,0.00033893791844699916
1261072308048990208,negative,0.00024623582701890613
1261072308665540614,negative,0.0017974522726571956
1261072308711690240,negative,0.05177835969063477
1261072308891942913,negative,0.009271769585855787
1261072309047250945,negative,0.007696444199111047
1261072309307215873,negative,0.05161679918082319
1261072309449895942,negative,0.05357524492649366
1261072309726720000,negative,4.548769609944681e-06
1261072309726728192,positive,0.880131780505572
1261072310087421952,negative,0.2621435295041906
1261072310355791872,negative,0.0003080951221909217
1261072310687215616,negative,0.04131845558442685
1261072311224086529,negative,0.03295334770333187
1261072311786131457,negative,0.0005918503658934132
1261072312062709760,negative,0.1846533874971922
1261072312473997314,negative,0.001099609497697976
1261072312587214848,negative,0.117091391127847
1261072312687886338,negative,0.003151921213626022
1261072313547722760,negative,0.14214747020855856
1261072315057688577,negative,0.0008897866231055611
1261072315212759042,neutral,0.46626112988796486
1261072315464519680,negative,0.03149581579628194
1261072315573571584,negative,0.21849270415349292
1261072315577700359,negative,0.013974828934767583
1261072316290785281,negative,0.24839328972192398
1261072316655710208,negative,0.02308318091568645
1261072316659884032,negative,0.1255160764151157
1261072316965978119,neutral,0.4507454498615163
1261072317041565698,negative,5.744215593962897e-07
1261072317725188098,negative,0.18096128115817206
1261072317922324480,negative,4.0057031189866864e-05
1261072318882873345,neutral,0.6352777106113963
1261072319792861184,neutral,0.5495922250151081
1261072320216608770,negative,0.2920406154554065
1261072320346705920,negative,0.1109487683248625
1261072320992382976,negative,0.059209135594139026
1261072321126727682,negative,0.0005918503658934132
1261072321944707072,negative,2.0917080919999318e-06
1261072322343174149,positive,0.9768532717474852
1261072322489917441,neutral,0.560304202685156
1261072324280946688,negative,9.972937922328957e-06
1261072324771622913,positive,0.9982045510284216
1261072324851314690,neutral,0.41375198555249393
1261072325824385024,negative,0.1603126569757053
1261072327564947456,negative,6.386215290911857e-09
1261072328206811138,negative,0.004078651694856543
1261072328324243462,negative,0.0396951836488089
1261072328655593477,negative,0.03393047584177207
1261072329091751939,negative,0.24912885814914157
1261072329188220929,negative,0.2678018659457173
1261072329444032512,negative,0.03251319416051221
1261072330723405828,neutral,0.6573387476652274
1261072330832388101,positive,0.6633339863242538
1261072331373531141,negative,0.17964305012831341
1261072331436290048,neutral,0.5988604384719208
1261072331633549316,neutral,0.4653370205097338
1261072332522741760,negative,0.16167264767246137
1261072332560510979,negative,0.04760003644168561
1261072332648599553,negative,0.06462725792992093
1261072332661182471,negative,0.06558267437604429
1261072332967358469,negative,1.8834383319949952e-05
1261072333894307840,negative,0.005991037631792754
1261072334561128450,positive,0.8127393354730089
1261072335341334530,negative,0.008273996442184241
1261072335827881986,negative,0.0002351055680573228
1261072335848734721,neutral,0.47865870524693105
1261072337060970496,negative,0.002961311291306646
1261072337107124225,negative,2.0997468552457707e-05
1261072337383849986,negative,0.023224257188204565
1261072337727881220,negative,1.2437363215031143e-06
1261072337870434306,negative,2.5141548647058338e-08
1261072338566746112,negative,0.13726071792277128
1261072339015544833,negative,0.22695080687392644
1261072339187482624,negative,2.0745916683964934e-05
1261072339317469195,negative,0.00025281829421800703
1261072339556499457,negative,0.0010638500993339563
1261072339648696321,negative,5.710264000883322e-05
1261072340466774019,neutral,0.3767701553394733
1261072341490073600,neutral,0.37152604608666934
1261072471572336640,negative,0.028113605619477358
1261072471618355203,negative,1.2023567001403355e-07
1261072472004349952,negative,0.20373136578710718
1261072473111572480,negative,0.1468939028915713
1261072473254252544,negative,0.017843156395539836
1261072474395074560,negative,0.00027079996224063614
1261072475330412551,negative,0.11539909781174437
1261072476064415744,negative,0.12395039219161755
1261072476622258177,negative,0.00023618432384863277
1261072476676796416,negative,0.2507592687173738
1261072476748025856,negative,0.004945862789923454
1261072476903297025,negative,0.16168417770193486
1261072476949356546,negative,0.0005341070638844579
1261072477817581568,negative,0.03490794063248063
1261072478870306816,negative,1.2437363215031143e-06
1261072478970970112,negative,0.0003080951221909217
1261072479235313664,positive,0.9911114904910142
1261072480397123585,negative,0.29571069711139847
1261072480661377024,negative,4.899185558336986e-06
1261072481101713411,negative,3.452336350571372e-05
1261072481370202112,negative,0.1647733920947316
1261072481823141888,negative,0.01960254758675952
1261072482724917249,negative,0.011147381678299102
1261072483094073345,negative,2.5092237748260415e-09
1261072483949719553,negative,0.006476963414056496
1261072483987357697,negative,0.20771934817642312
1261072484260024320,negative,0.19316951990380332
1261072484260098048,negative,0.17623100610984624
1261072484394323968,neutral,0.49789225920557484
1261072484620591104,positive,0.9803776155059716
1261072484851281920,negative,0.20771934817642312
1261072485040238592,negative,0.0001019961695275448
1261072486415962115,negative,0.0396951836488089
1261072486642454529,positive,0.9990202410932149
1261072487783321602,negative,0.0008841263182035399
1261072488299212804,negative,0.002961311291306646
1261072488873758721,negative,0.0008219331144770507
1261072488949309443,negative,0.0007672499014360527
1261072488953511938,negative,0.3107281742138744
1261072488970289152,neutral,0.40485177752233803
1261072489339400196,negative,0.005496706655063829
1261072489771413504,negative,0.0006285653971016577
1261072489834315781,positive,0.7307227494125816
1261072489851093000,negative,1.3179272806675117e-05
1261072490157260803,neutral,0.4393101850869295
1261072490358624259,negative,0.019537050149676237
1261072490979373058,negative,0.023777288897458056
1261072492266811392,neutral,0.45145777390572217
1261072492308856832,negative,0.00472062068610723
1261072492812173314,negative,1.15209067271091e-05
1261072493961515019,negative,0.010554549143264032
1261072494485819394,negative,3.6701708736670128e-06
1261072495119151104,negative,0.002961311291306646
1261072495131721728,negative,0.13781963865219365
1261072495169490946,negative,1.2437363215031143e-06
1261072496402595840,negative,0.0005918503658934132
1261072496939409408,negative,7.04455928015114e-05
1261072497040068608,negative,0.04806312686579951
1261072497774125057,negative,0.0030800346233060744
1261072497899905025,negative,0.002307356216281876
1261072498147446786,negative,1.2437363215031143e-06
1261072498218668032,negative,0.22695080687392644
1261072498482954242,negative,0.00027079996224063614
1261072498726023168,negative,0.24839328972192398
1261072499024027648,negative,0.021817482590894468
1261072499057528832,negative,1.881781228381376e-12
1261072499175034880,negative,0.0893989674563143
1261072499422396417,negative,0.06967499314271368
1261072499581743104,negative,0.0036033349096513344
1261072499632033792,negative,0.008083739334986864
1261072500299108355,neutral,0.40231933975652817
1261072500403904513,positive,0.8776510009173047
1261072500533932033,negative,0.28957903477380015
1261072500588331008,negative,0.04806312686579951
1261072501628702722,neutral,0.3424616130281868
1261072502882697217,negative,0.023777288897458056
1261072503218163712,negative,0.07183360342079571
1261072503742619653,negative,0.08408225756119303
1261072504350576640,negative,0.04918667833411423
1261072504434692096,negative,0.03465235985032818
1261072505017495552,negative,0.05600898352266889
1261072506435190784,negative,0.032124352770857
1261072506527649792,negative,0.00022725806708686166
1261072506548621313,negative,0.010554549143264032
1261072506934497291,neutral,0.3463189215312905
1261072507454423040,positive,0.9847050484572306
1261072507681021952,positive,0.8841893396324214
1261072508163362824,negative,0.07919568702604235
1261072509639831553,negative,0.03289608090109384
1261072510138941442,negative,0.07011194103648936
1261072511434919937,neutral,0.49789225920557484
1261072511518871558,negative,0.021817482590894468
1261072511606947840,positive,0.8180051326715707
1261072512034770945,neutral,0.5295115470886377
1261072512177393664,negative,0.010024523927155757
1261072514177994754,negative,0.007811860978249483
1261072515616604162,negative,0.3107281742138744
1261072515805384706,negative,0.00010017547523048144
1261072515994193920,negative,1.2437363215031143e-06
1261072516010786816,negative,0.0005406650222246089
1261072516065513473,negative,0.2629798627855671
1261072517302804480,neutral,0.47865870524693105
1261072517302804482,negative,0.09376906045436378
1261072518779199489,negative,0.005496706655063829
1261072519244722176,negative,0.01432608296026921
1261072519445925888,negative,0.0022331314044560764
1261072520188436484,negative,0.0007510344211771513
1261072520641462272,negative,0.00019074297414541072
1261072520700182529,negative,2.9999417813997336e-06
1261072521367035904,negative,1.3179272806675117e-05
1261072521555820545,neutral,0.5217483247908299
1261072522117873664,negative,0.008424436512622466
1261072522751156229,negative,0.06893245735624899
1261072523560706053,negative,0.010380830268412428
1261072523770331138,negative,0.0006285653971016577
1261072524030488576,negative,0.00019175148120317555
1261072524043071488,negative,0.15551408660071112
1261072525926322181,negative,0.05316725771550884
1261072526110851076,negative,1.9484165637699895e-08
1261072526345732097,negative,1.15209067271091e-05
1261072526760833024,negative,0.0015806780573660582
1261072528115675136,negative,0.05652747719723822
1261072528971386880,negative,0.08133721151976395
1261072529223045120,negative,0.010970685663566104
1261072529537499136,negative,1.431955981309798e-05
1261072529818558465,negative,0.00871021762401528
1261072530728783873,positive,0.9960061146570264
1261072531550801920,negative,0.03289608090109384
1261072533622853638,positive,0.7614259266590937
1261072534675566594,negative,0.20489935021365804
1261072535724187648,negative,0.31312953756608913
1261072535736778756,negative,0.31732489718339985
1261072536080658432,negative,0.1295444870356344
1261072537045413890,negative,0.010554549143264032
1261072537280294912,negative,7.599290444940552e-06
1261072674886909953,negative,0.02512244041782358
1261072675193204738,negative,1.8778995526399163e-05
1261072675797073921,negative,0.1468939028915713
1261072676375986176,negative,0.004481936096965884
1261072677185499141,negative,0.15551408660071112
1261072677210591238,negative,0.07445228466969786
1261072677332291585,negative,0.08644996963377041
1261072677550374916,negative,0.2595892167759077
1261072677768515587,negative,0.024524119293185043
1261072678179549184,negative,0.0002437583718853178
1261072678871498752,negative,0.02168971351191402
1261072678951288841,negative,0.19770369928745482
1261072679018340352,negative,0.017588709234641974
1261072679047659520,neutral,0.5896148069136171
1261072679207084032,negative,0.04806312686579951
1261072679983071233,negative,0.3020135550609068
1261072680935215104,negative,0.11362795886615126
1261072681216151553,neutral,0.5495922250151081
1261072681438457857,neutral,0.4621012961010501
1261072681929191427,negative,0.1872433744277917
1261072683174944769,negative,0.07056073073774553
1261072683573415937,neutral,0.5046463216205648
1261072683606986754,negative,0.036866956471005
1261072683728613378,negative,0.004717743542693167
1261072684642971653,negative,0.08775545253800286
1261072684663922690,positive,0.8369585025790245
1261072684877787139,neutral,0.6027432464259264
1261072685154648064,negative,0.0005054532085143603
1261072685855051782,negative,0.057030145921645896
1261072686895165441,negative,3.455281946599237e-05
1261072688325500932,neutral,0.4393101850869295
1261072689407700992,negative,0.019451907074254378
1261072689856471042,negative,0.0021764289612305346
1261072689923592192,negative,0.00024558341311053944
1261072691592753153,negative,0.0018268654937205941
1261072692469477380,negative,0.12285803312509674
1261072692486320130,negative,0.003618869155013082
1261072692763078656,negative,0.07794145411051694
1261072693002211330,negative,0.002252759592758711
1261072693106966529,negative,0.008424436512622466
1261072694105251840,neutral,0.4393101850869295
1261072694285496320,negative,0.021817482590894468
1261072694658969605,neutral,0.3945110413754022
1261072694927392769,negative,0.036466288973153106
1261072695380369409,neutral,0.34075176843878735
1261072696630099969,negative,0.020166143128393325
1261072697544642560,negative,6.162748646304714e-05
1261072698345762816,negative,0.00029785267859327346
1261072699079548928,negative,0.041068494078948574
1261072699247546369,negative,0.0004384850733818171
1261072699457187841,negative,0.00030415146075788693
1261072700954619904,neutral,0.3600905408203143
1261072701105623042,positive,0.9174514672643934
1261072701919297538,positive,0.7307227494125816
1261072702015766530,negative,0.000572324429572539
1261072702762373121,neutral,0.4580667345779014
1261072703043375104,negative,0.03997969520751843
1261072703328595976,neutral,0.5237744460667915
1261072704033165317,neutral,0.3664316131851231
1261072704125485056,negative,0.006374888997361569
1261072704343617538,negative,0.0834800784471925
1261072705803235329,negative,0.002961311291306646
1261072706335801344,neutral,0.35000532810977153
1261072706830848000,negative,0.0029472179032056928
1261072707271131136,negative,0.006172707370678722
1261072707829084160,negative,0.00043096476635295195
1261072707921350658,negative,8.750553620768699e-06
1261072707963273219,negative,0.08169722856974154
1261072709037031424,negative,0.00027079996224063614
1261072709959778309,neutral,0.4368347878126289
1261072709997518849,negative,0.002307356216281876
1261072710089744387,negative,0.01654451539263268
1261072710219767810,neutral,0.6223681735261462
1261072710224003073,positive,0.9953394715459946
1261072710664425472,negative,0.0005678891262268974
1261072711515856896,negative,0.15551408660071112
1261072711809470469,negative,2.377497491788228e-06
1261072711884963846,negative,0.01474130268275664
1261072713273110529,negative,0.0003369431318981582
1261072713273225216,negative,0.006109323284599165
1261072713524936704,negative,0.002388104937314256
1261072714900688901,negative,8.643977786850109e-05
1261072715039092737,negative,0.13287358184015488
1261072715814821890,negative,0.0036017663580761696
1261072716112764929,negative,0.0018078088729229693
1261072716184137729,neutral,0.49789225920557484
1261072716217692160,negative,0.15245603196008226
1261072716758691842,negative,0.22137511804231325
1261072717043793920,negative,0.004759404654389538
1261072717576646657,negative,5.808559658350896e-07
1261072717832491010,negative,0.010554549143264032
1261072718432219137,positive,0.9631795201963218
1261072718562115584,negative,0.028248486685061643
1261072718646124547,negative,0.0004813196726229718
1261072719183056896,negative,0.0814366365274984
1261072719233404930,negative,0.011739127660388772
1261072719287894017,negative,0.14693064044498758
1261072720286097408,positive,0.7427078932229195
1261072720521027584,positive,0.8841893396324214
1261072722077061121,negative,0.013589225041072763
1261072722295209989,negative,0.0007672499014360527
1261072723230498816,negative,0.0009822574282143956
1261072723352129539,negative,0.006854426349614889
1261072723440209920,negative,0.021817482590894468
1261072723691941892,negative,0.0003300768616159036
1261072724652371968,negative,0.0004615994277316352
1261072724769849345,negative,1.6386817259430423e-10
1261072724966998018,neutral,0.5896148069136171
1261072725101228041,negative,0.004768863084692023
1261072725721874432,neutral,0.5814900332245094
1261072726225293313,negative,0.0022563389035857866
1261072726611169281,negative,0.0014698073340221102
1261072726799810570,negative,0.007760697430112886
1261072727215136770,negative,6.525581691676832e-09
1261072727261220864,negative,0.07581250652407759
1261072728028852226,negative,0.3107281742138744
1261072728120946688,negative,0.0005406650222246089
1261072728364367872,negative,0.0007378778604435502
1261072728389541889,positive,0.8470995814744239
1261072728800595968,positive,0.979975733609088
1261072728867700736,negative,1.9987495099277475e-06
1261072730486644736,negative,0.004635876243800295
1261072730629300225,negative,0.1420168038230158
1261072731216457732,positive,0.8442014614349974
1261072731367444481,negative,0.0004615994277316352
1261072732143456256,negative,0.000630310629323843
1261072732537655296,negative,0.3107281742138744
1261072733410123779,negative,0.0022563389035857866
1261072734022504448,negative,0.12778740289983936
1261072735809257472,neutral,0.40164566407707886
1261072735956078595,negative,0.003010741641387486
1261072736593600519,negative,0.03532765229258071
1261072736694284288,negative,4.270247495584254e-06
1261072872669356032,negative,1.6386817259430423e-10
1261072872841371649,positive,0.8686695045423942
1261072872966983680,negative,0.0005406650222246089
1261072873860460544,negative,0.023224257188204565
1261072874108051457,negative,2.5092237748260415e-09
1261072875185938433,positive,0.991874587904818
1261072875550904325,negative,0.0014835570421181082
1261072875567677443,negative,0.05093445608454724
1261072879543889923,neutral,0.39164260201451834
1261072879661330442,negative,0.2836210562304933
1261072879925542913,negative,0.005707071971117613
1261072879967485955,negative,0.20523629802899984
1261072880089141248,negative,0.017674807892085517
1261072880286269443,negative,0.0026613078254358867
1261072880584048641,negative,5.259261449949305e-05
1261072880835624960,positive,0.6633339863242538
1261072880856637440,negative,1.010735098154527e-05
1261072881020055554,negative,0.0018945205209518238
1261072881456472066,negative,0.0726186652911018
1261072882618245120,negative,0.1975383921457794
1261072882769240066,negative,0.032276928488314274
1261072882823815171,negative,2.5092237748260415e-09
1261072882886684673,negative,7.073465486511268e-05
1261072883129946112,negative,0.016742067372067897
1261072883255836672,negative,0.0005918503658934132
1261072883909947392,negative,0.216638819677104
1261072884740612097,neutral,0.5288636399463092
1261072884979634180,negative,3.944000509969194e-07
1261072885570891776,negative,0.023224257188204565
1261072885692739590,negative,0.010024523927155757
1261072886296698881,positive,0.958921312958823
1261072886493859845,negative,0.0799725000018356
1261072886531592194,negative,0.18838057697710886
1261072886829203456,negative,0.008273996442184241
1261072887257141248,negative,0.008695058063243421
1261072887517249538,negative,0.03987770932739295
1261072887722672128,negative,0.08811606630792425
1261072888288993280,negative,0.19770369928745482
1261072888293195777,negative,0.03977289636759727
1261072888351936514,neutral,0.33577493209822795
1261072888821669888,negative,0.3107281742138744
1261072888934944775,negative,0.00529998553073693
1261072889123606528,negative,0.116275453419374
1261072890088349698,negative,0.006041832929755191
1261072890092552193,neutral,0.6354725854693329
1261072890130247683,neutral,0.47760839526369675
1261072890314752000,negative,0.3107281742138744
1261072890696331265,negative,0.021817482590894468
1261072891363418117,negative,1.3891171852845996e-05
1261072892013543424,negative,3.731063476051778e-05
1261072892571369473,negative,1.0721717304796422e-06
1261072893770858496,negative,0.027279807486083014
1261072893800140801,negative,3.19243151338535e-05
1261072893976489990,negative,0.04012177605263789
1261072894634921985,negative,0.28976014726628146
1261072895138242560,neutral,0.38390145230293415
1261072895867940864,negative,0.08775545253800286
1261072896639852544,negative,0.1515944562899714
1261072896652455937,negative,0.013853510158766241
1261072896786661377,negative,2.0917080919999318e-06
1261072897503834124,negative,0.0021173986952363545
1261072898632146944,negative,0.0009197839926822224
1261072898711642112,negative,0.004086034811940394
1261072898871230466,negative,0.2275043676985414
1261072899294683136,negative,0.027108185130740023
1261072900012101635,negative,0.0058004928888185855
1261072901295558657,negative,0.10083810133203948
1261072901966573568,negative,0.00037905578794647597
1261072902054719494,neutral,0.3781446365656235
1261072902482350080,negative,0.007095815044238886
1261072904336429056,negative,0.05056577857197379
1261072904915124231,negative,0.21046319127035779
1261072905363849217,negative,2.1920133695728438e-06
1261072906047668224,positive,0.8841893396324214
1261072906286780418,negative,4.173444301297727e-05
1261072907154882563,negative,1.0404650220943026e-07
1261072908027379712,negative,0.27226541091231454
1261072908157431808,negative,0.003599502224337888
1261072908908146691,negative,0.3200780906683345
1261072908916588545,positive,0.7301016012031958
1261072909008809984,negative,0.006172707370678722
1261072909059215361,neutral,0.3824546134505241
1261072909549940736,negative,1.8778995526399163e-05
1261072910279684096,neutral,0.4478814827726608
1261072910762024961,negative,0.06967499314271368
1261072912620060673,negative,0.0005929732220557815
1261072912926326785,neutral,0.3434861556984328
1261072913219956736,negative,0.0982232720541644
1261072913907830792,negative,0.001631578811359962
1261072914172063746,neutral,0.3666851852981065
1261072914939408384,negative,3.455281946599237e-05
1261072915082207232,negative,0.06264495440836211
1261072915140837378,negative,7.87833394609981e-12
1261072915338067972,negative,0.3107281742138744
1261072916889780224,negative,0.002698302967081607
1261072917326114816,neutral,0.47282409566604394
1261072917548367875,negative,0.004734009588240718
1261072918852878341,negative,0.11532854938273694
1261072919146434560,neutral,0.5521729585144395
1261072919213588482,negative,8.922874314920657e-05
1261072919901483021,neutral,0.4478814827726608
1261072919951794177,negative,0.3107281742138744
1261072920899661825,negative,0.2558990727886215
1261072921218428934,negative,2.5092237748260415e-09
1261072921365184512,negative,0.0017151178938461503
1261072921482625025,negative,0.011078376228806457
1261072922355081216,neutral,0.5334551903795411
1261072922384482307,negative,2.8281479168987124e-06
1261072922422251521,negative,0.2334716435499026
1261072922573062146,negative,0.043796115037704315
1261072923059728387,negative,0.019981536146325793
1261072923563044869,negative,0.0008945505379265623
1261072923651125248,negative,0.1109487683248625
1261072924016103427,negative,0.016191466448147677
1261072924309585921,negative,0.009834846903015799
1261072924804595712,positive,0.7001452809272432
1261072925152641025,negative,0.0218558976508368
1261072925387563008,negative,0.3107281742138744
1261072925530210304,negative,0.009141893535151387
1261072925735579648,neutral,0.5495922250151081
1261072926272520198,negative,1.6884928710559142e-12
1261072926419431424,negative,0.03393047584177207
1261072926817890304,negative,0.022492657979876828
1261072926918541312,negative,0.1468939028915713
1261072927119691776,negative,0.08775545253800286
1261072929074352130,negative,2.902511075516102e-05
1261072929556750336,negative,0.028326030823041384
1261072929791459328,negative,0.02135921556177601
1261072930005553152,negative,8.545835552260509e-06
1261072930932437007,neutral,0.4462343048573855
1261072931460919297,positive,0.9843207855999067
1261072931561574401,negative,0.18591538731711493
1261072931867594752,positive,0.8544323207397936
1261072931989356545,neutral,0.5495922250151081
1261072934443106309,negative,0.004481936096965884
1261072934497640453,positive,0.9999536701404287
1261072934732521472,negative,1.010735098154527e-05
1261073065213132801,positive,0.7024087850743129
1261073065481469959,negative,0.029229908611199503
1261073065645146113,negative,0.1420168038230158
1261073065963913218,negative,0.0016545119289554145
1261073066152603648,negative,0.0002917860918723367
1261073066278424578,negative,0.14167054070399543
1261073066718826498,positive,0.8585164241022634
1261073067473874945,positive,0.8384200580967115
1261073068832759809,negative,2.412828437872992e-07
1261073068920881153,negative,0.0014835570421181082
1261073068966936577,negative,0.002961311291306646
1261073069147373571,negative,3.455281946599237e-05
1261073069185138691,negative,0.15063412387673508
1261073071433277454,negative,0.01707398762894244
1261073072226000897,negative,0.1420168038230158
1261073072951566336,neutral,0.49789225920557484
1261073073001967617,negative,0.018588598971709423
1261073073345830914,neutral,0.4690269717772395
1261073073941426176,neutral,0.35357424341562044
1261073074352513032,negative,1.007429410285078e-09
1261073074666995712,negative,9.368865101769585e-05
1261073075400892416,negative,0.2772954894302519
1261073075556286464,neutral,0.432995506339086
1261073077254922240,negative,0.011815251815170083
1261073077494054913,negative,0.0015202657674945694
1261073078571995136,positive,0.979975733609088
1261073079209517060,negative,0.0018921155129841222
1261073079234711553,negative,0.0115462483540179
1261073079305986049,negative,0.019692340058718442
1261073079498924033,negative,0.023557397514965633
1261073080157376512,negative,0.0158277332049388
1261073081088520192,neutral,0.4326449863017152
1261073081654824962,negative,0.03261021158748539
1261073082640248832,negative,0.1647733920947316
1261073083550425088,negative,0.00856985656162514
1261073084880171008,negative,0.0007126715195652017
1261073085953949698,negative,1.3095803014638537e-09
1261073086276911111,negative,0.002390296280066036
1261073086478082048,negative,0.1872433744277917
1261073086696349698,negative,0.32167725897901955
1261073086889197568,negative,0.004635876243800295
1261073087606513671,neutral,0.560304202685156
1261073087996575752,negative,0.2102846190128694
1261073089233924096,negative,3.889626737182529e-05
1261073089531654144,negative,0.21656401232843772
1261073090081173505,negative,0.3160266997093814
1261073090135625734,negative,0.00035799958361250263
1261073090450206722,negative,4.773244610089958e-06
1261073090500530181,neutral,0.5896148069136171
1261073090756464642,negative,0.04410080148764136
1261073092597755904,negative,0.002961311291306646
1261073093138751493,negative,0.14167054070399543
1261073093570822145,negative,0.23494263420996375
1261073094841679872,negative,0.13549369954074872
1261073094896226304,negative,0.008296150988962726
1261073095286296580,neutral,0.5922079093772366
1261073095433093120,neutral,0.5868561473605416
1261073096624287744,positive,0.9948946040029726
1261073097232388098,negative,0.0484302486766727
1261073098230685696,negative,0.002961311291306646
1261073098994057216,negative,0.019077037639588096
1261073100868911107,negative,5.501075913534616e-11
1261073100982095873,negative,0.03910431603880715
1261073101397340160,negative,0.00019257574549467842
1261073101644869632,negative,0.14684270962798032
1261073102743785472,negative,0.31059429860164794
1261073103062552576,negative,0.0018921155129841222
1261073104920547333,negative,0.00018530257548594452
1261073104991850497,positive,0.9983300695538909
1261073105511907328,negative,0.08265626821157974
1261073105751101447,negative,3.821787279129852e-06
1261073105755287553,negative,0.1468939028915713
1261073106342477827,negative,0.00825202899120047
1261073106946396161,negative,0.010554549143264032
1261073107336429568,negative,0.013974828934767583
1261073107554643968,negative,0.006172707370678722
1261073107554652160,negative,0.0021179149412130366
1261073108376719360,negative,0.04806312686579951
1261073108389281792,negative,1.2437363215031143e-06
1261073108544487426,negative,0.0004615994277316352
1261073109005807623,negative,0.00992745205401346
1261073109274198016,negative,0.00531359131065456
1261073109517508610,positive,0.7609354891286763
1261073109685350400,negative,0.23763768958400439
1261073111379828736,negative,0.08322939073860745
1261073112088666114,negative,0.0030702059151438313
1261073112780734469,negative,0.010030761736080833
1261073113040613376,negative,0.0007672499014360527
1261073113577553920,neutral,0.40485177752233803
1261073114278100992,negative,0.1654172520543972
1261073116849111042,negative,0.0012076963312437048
1261073116954087425,negative,0.2942703269035874
1261073116996009985,negative,0.3269730785386652
1261073117499338752,negative,0.008424436512622466
1261073117755170816,negative,2.5159250279319744e-05
1261073118069755904,negative,0.004097156102542661
1261073118405300232,negative,0.002144050096462465
1261073118539452416,negative,0.002961311291306646
1261073118711492608,negative,3.889626737182529e-05
1261073118761795589,negative,8.14671803923411e-05
1261073118841524226,negative,0.006787728906400376
1261073119101542400,neutral,0.47865870524693105
1261073119319674881,negative,0.023997027547282685
1261073119462252545,negative,0.3107281742138744
1261073119613239296,negative,0.03533394837537675
1261073119634219008,negative,2.7791870169657146e-08
1261073120489857027,negative,0.06369058049464947
1261073121890537473,negative,0.027279807486083014
1261073122008150022,negative,0.009141893535151387
1261073122716983297,negative,0.00669987676831775
1261073122775781378,negative,0.24155473591153268
1261073123245522944,negative,0.0010829296496219607
1261073123295875074,negative,0.00024863434806106686
1261073123606224901,negative,0.005844528178709066
1261073124709355521,negative,0.004635876243800295
1261073125061660674,negative,0.03977289636759727
1261073125246218246,negative,0.0009102706055183553
1261073125380325376,negative,0.0011531452138481843
1261073125808144384,negative,2.5092237748260415e-09
1261073126336745476,negative,0.000653232406349746
1261073127473319937,negative,0.00023359055516511133
1261073127792140290,negative,0.10134028605591529
1261073128676929536,negative,2.508565637754784e-05
1261073128878456832,negative,6.923829297294494e-05
1261073129847369733,negative,0.0834800784471925
1261073131919282176,negative,0.1872433744277917
1261073132271685634,negative,0.011210109076727223
1261073132552630273,negative,0.0013934772143177853
1261073132586184710,negative,0.006999728634012658
1261073133013958656,negative,1.2132421417955668e-10
1261073263884668929,positive,0.9750404689674443
1261073264253841408,neutral,0.5495922250151081
1261073264421613569,negative,4.270247495584254e-06
1261073264673243137,negative,0.020673679773846786
1261073265109487617,positive,0.9699651025045742
1261073266896183296,negative,3.1724241206015587e-07
1261073267420430338,negative,0.000683426272583817
1261073267613450240,negative,0.21004996870473325
1261073268024520707,negative,0.16838572573702976
1261073269643530240,negative,0.23494263420996375
1261073269869993987,negative,9.136864889105566e-05
1261073271283494912,negative,0.010554549143264032
1261073271652573185,positive,0.8573381608825863
1261073271740600327,negative,2.0917080919999318e-06
1261073272390721537,negative,0.005391364169418377
1261073272663310337,negative,0.02153902219914797
1261073272709492737,negative,1.2437363215031143e-06
1261073272877338625,negative,0.010554549143264032
1261073273019924481,positive,0.9911992101701631
1261073273535623168,negative,0.15672449615898132
1261073274626170880,neutral,0.5100963933585334
1261073274794135552,negative,7.796484702883431e-05
1261073275037327365,negative,0.21656401232843772
1261073275762941955,negative,0.08775545253800286
1261073276241154049,positive,0.9998078307929789
1261073276597608451,negative,0.13896124398910137
1261073277046394881,negative,4.0973636640296696e-05
1261073279428804608,negative,1.595098364213122e-07
1261073280393523202,negative,5.854900523838392e-07
1261073280812769280,negative,3.401236151143193e-11
1261073281110683649,negative,0.0018921155129841222
1261073281261744131,negative,0.09644200805511814
1261073281358102531,positive,0.862627048054308
1261073282113196034,neutral,0.40396342287728565
1261073282125705216,negative,0.009642943453271305
1261073282637447168,neutral,0.5251482567183595
1261073283333660673,negative,0.004650090132266798
1261073284038352896,negative,2.3454230995875538e-06
1261073284378099712,negative,0.0352952498830695
1261073285216899072,negative,0.1654172520543972
1261073285229481985,negative,0.09108743421664485
1261073285904764936,neutral,0.553817077987019
1261073285955104775,negative,0.005229229461409953
1261073287808983043,negative,0.13818311014418297
1261073287813070849,negative,0.2351369921721758
1261073288173948933,negative,0.002961311291306646
1261073288589123585,negative,0.002307356216281876
1261073288945696770,neutral,0.3494688470486578
1261073288987660289,negative,0.021817482590894468
1261073289096638467,negative,0.2322754099540773
1261073289247707136,negative,0.2677202830806763
1261073290099073024,negative,0.10970593197814178
1261073290107457540,negative,0.006577365698288392
1261073290409512960,positive,0.7307227494125816
1261073291311304704,negative,0.002307356216281876
1261073291340648448,negative,0.19770369928745482
1261073292812865541,negative,0.1146388129500703
1261073294213742597,negative,0.01822968012462568
1261073294394118150,negative,0.0004718424546278038
1261073294498959364,negative,1.7662777286306644e-07
1261073294666727433,negative,0.2744480959132546
1261073294897352704,negative,9.98833327985385e-05
1261073294935154689,negative,0.011927997461607553
1261073295966863360,negative,0.028483967195717032
1261073297233661954,positive,0.7702347462092689
1261073298659725313,negative,0.2470091085865852
1261073299129450497,negative,0.10462156572880875
1261073299678867462,positive,0.9995130384955465
1261073299724996609,negative,0.010178590151824438
1261073300819771393,negative,9.131026263270858e-07
1261073301276954627,negative,7.528508355918325e-05
1261073301289476096,positive,0.8841893396324214
1261073301574750208,negative,0.25006698932039334
1261073301645824000,negative,0.29676789564387285
1261073302493310976,negative,0.017674976143378877
1261073304355581953,negative,0.09506661415902562
1261073304611241984,negative,1.5723773902057163e-05
1261073305018253319,negative,0.023224257188204565
1261073305148235776,negative,0.2672919846738884
1261073305244704770,negative,0.16697415720648204
1261073305324445700,negative,0.010554549143264032
1261073305488052226,negative,0.06466042478397105
1261073305513197568,negative,0.2398938139535466
1261073305747877889,negative,5.004709298378027e-06
1261073305898975238,negative,0.002961311291306646
1261073307060887552,negative,0.023777288897458056
1261073307102842882,negative,0.034504277752052344
1261073307211837441,negative,0.0021173986952363545
1261073307392237569,negative,0.013473428579101821
1261073307421589506,negative,0.2756315676372902
1261073307740172288,negative,3.1373149119365205e-05
1261073308377890817,negative,0.1647733920947316
1261073308637966341,negative,0.08404761185651191
1261073309497688064,negative,0.010554549143264032
1261073309841739777,negative,0.023224257188204565
1261073311708205056,negative,0.029024418385163137
1261073311733342209,negative,0.013376418430788713
1261073312018563078,negative,6.868778638050119e-07
1261073312773480454,neutral,0.5895223168699266
1261073313188786176,negative,0.10083810133203948
1261073313251487744,neutral,0.5068541592238434
1261073313696288769,negative,0.008424436512622466
1261073316238016517,negative,5.357561521096048e-07
1261073317693476866,negative,0.002961311291306646
1261073317911564288,negative,0.03581279561100945
1261073317919887362,negative,0.04307842612707615
1261073318075150342,negative,0.005110475170246161
1261073318242852866,negative,2.5092237748260415e-09
1261073318620344322,negative,0.2504300754283624
1261073318628798466,negative,0.08439947539951344
1261073319199031296,negative,0.11119375611710554
1261073319681576962,negative,0.23494263420996375
1261073320033816578,negative,0.002307356216281876
1261073320117768194,neutral,0.45439127824642317
1261073320713355266,negative,0.00027079996224063614
1261073320969146373,negative,3.571032186223328e-05
1261073321367687168,negative,0.098139030602426
1261073321816477697,negative,0.0005918503658934132
1261073321891975169,negative,0.02400083561685306
1261073322206519296,negative,0.22695080687392644
1261073322424578048,neutral,0.4622567359881221
1261073322428772355,negative,0.020505525596433847
1261073323330613248,neutral,0.49450773538465514
1261073323573882885,negative,0.027232925355068393
1261073324534349824,negative,0.1420168038230158
1261073324890873858,negative,0.10400056333176264
1261073325037686784,negative,0.0009155961637565488
1261073325083721729,negative,0.3107281742138744
1261073326883115008,negative,0.19316951990380332
1261073326920826880,negative,0.00011348498969040842
1261073327013212161,negative,0.006476963414056496
1261073327952744448,negative,0.02818606637169329
1261073329072545792,neutral,0.333314263973405
1261073458865340416,negative,0.009141893535151387
1261073459486101504,negative,0.003110358012750486
1261073461088313348,positive,0.7419078150131044
1261073461532921860,negative,0.12258462670249735
1261073463646830592,negative,0.0005918503658934132
1261073463948656640,negative,0.054547366603086796
1261073464049364992,negative,0.008410436766295378
1261073464087232514,neutral,0.4478814827726608
1261073464359825414,negative,0.002961311291306646
1261073467077689350,negative,0.28471954156552104
1261073467404881920,negative,0.18296687867959552
1261073467522158592,negative,3.889626737182529e-05
1261073468096995329,negative,6.963511696673563e-09
1261073468327694336,positive,0.7649938409102774
1261073468487012352,neutral,0.5217483247908299
1261073468579291136,negative,0.0007355326320233916
1261073468973551616,negative,0.0005646365337690077
1261073469120413698,negative,0.002307356216281876
1261073469221097472,negative,0.3020135550609068
1261073469325934592,negative,0.03246770568826779
1261073471905415168,positive,0.8723915950343974
1261073472719065089,negative,2.964674600556799e-09
1261073473071390720,negative,0.1420168038230158
1261073473402789889,negative,0.037258240461996044
1261073473536917505,negative,0.11204499621077665
1261073474635862017,negative,0.017864360573060314
1261073476636545027,negative,4.511812595354756e-05
1261073477207052288,negative,0.03251319416051221
1261073477743849472,negative,0.020673679773846786
1261073478763122690,negative,0.0002748522710067394
1261073478784032768,negative,0.0009745621048915668
1261073479023067138,negative,3.401236151143193e-11
1261073479132164104,negative,4.270247495584254e-06
1261073479627083780,negative,0.09777808727922538
1261073480482783235,neutral,0.40485177752233803
1261073480629567488,negative,5.357561521096048e-07
1261073480642166790,neutral,0.3406691420986956
1261073481074126849,negative,3.858627582386327e-09
1261073481103523840,neutral,0.5334551903795411
1261073481330016263,neutral,0.3517570378324615
1261073482068213760,negative,7.277938692507781e-10
1261073482269569025,negative,2.0917080919999318e-06
1261073482273771521,negative,0.0008945505379265623
1261073483527630848,neutral,0.652332052164385
1261073483632726018,neutral,0.35000532810977153
1261073484156993538,negative,0.08775545253800286
1261073484819685376,negative,0.00021978275041434722
1261073484874240000,negative,0.06264495440836211
1261073485184544771,negative,0.00035799958361250263
1261073485637484544,negative,0.0038401661887754028
1261073486782529536,negative,0.00034216451755812456
1261073486782648320,negative,0.12258462670249735
1261073487701180416,negative,0.0006042470465614003
1261073488519073794,negative,8.012401868414259e-06
1261073488934248454,neutral,0.47865870524693105
1261073489294954504,negative,0.0008945505379265623
1261073489932554251,negative,0.030868010847387915
1261073490322485248,negative,0.07446544648796702
1261073490351775745,negative,6.014607188129208e-08
1261073490377146368,negative,0.12096431877625884
1261073490632982530,negative,0.0021782399911821114
1261073491929038849,neutral,0.5334551903795411
1261073492231032834,positive,0.9933308326510435
1261073492730150913,negative,0.0009907337821126302
1261073493451571203,negative,0.0005918503658934132
1261073493505880066,negative,9.378393453770348e-06
1261073494126854150,negative,0.11945710604163225
1261073494269472775,negative,0.014366285621956054
1261073494848286720,negative,0.040874375899255716
1261073495200534528,neutral,0.3406691420986956
1261073495276040196,neutral,0.3595237661134701
1261073495863287809,negative,0.0001974771760189262
1261073496106512386,neutral,0.47865870524693105
1261073496626679812,negative,0.015379335562484813
1261073496836321280,negative,0.023777288897458056
1261073497142497281,negative,0.036866956471005
1261073497649971202,negative,0.23353981837549287
1261073498451173376,neutral,0.37859974459627066
1261073498795106304,negative,0.0004615994277316352
1261073499298430976,negative,5.123638027514554e-09
1261073499675865089,negative,0.006476963414056496
1261073500682452995,negative,0.0004615994277316352
1261073501198471170,negative,0.00871021762401528
1261073501508820997,neutral,0.5560976398329908
1261073501949251584,negative,0.00035530030630397824
1261073502528036864,negative,0.010554549143264032
1261073502603554818,negative,0.2778381358764926
1261073503568244740,negative,0.022691529391855668
1261073503702392832,negative,0.0002802112541276731
1261073504717492229,negative,0.1603520182134254
1261073505120067584,neutral,0.3406691420986956
1261073505493360649,neutral,0.41876006002174265
1261073506063745025,negative,4.548769609944681e-06
1261073506227404802,neutral,0.44831036907294464
1261073506479017986,negative,7.5205261945551e-08
1261073506726445058,neutral,0.4880039776657555
1261073506902704133,negative,9.031730846192641e-07
1261073507804491776,positive,0.9843207855999067
1261073507825397761,negative,0.035914400883763575
1261073508492328961,negative,0.009141893535151387
1261073508664324096,negative,0.011017369783969836
1261073509285007360,negative,0.017811847626389554
1261073510367064065,neutral,0.46127768308170247
1261073510836981760,negative,0.0050202445755170915
1261073511319248898,positive,0.9843207855999067
1261073512921477126,negative,0.006388180791520494
1261073512955084802,negative,0.19072649699378552
1261073513298956288,negative,0.10100659655255864
1261073513307410432,negative,0.006476963414056496
1261073513546502145,negative,0.21656401232843772
1261073513575833605,negative,6.968219905815985e-05
1261073513865269249,neutral,0.6417147605933217
1261073514100031495,negative,8.00200166025473e-07
1261073514263572481,negative,0.3171371949374326
1261073515702128640,negative,0.0784605640105966
1261073515706560514,negative,0.0027525142956649692
1261073515823935490,neutral,0.6417147605933217
1261073516138573824,negative,0.18591538731711493
1261073516369195008,negative,2.5198088332415116e-08
1261073516893478915,negative,0.14125280140870364
1261073516931231750,neutral,0.5641033427776593
1261073517086420993,negative,0.001631578811359962
1261073518252433411,neutral,0.4478814827726608
1261073519082905605,negative,0.008627139714055557
1261073519720435713,negative,0.1359586148235842
1261073519884017666,negative,0.00027079996224063614
1261073521725317120,positive,0.9999896975762183
1261073523205906432,negative,0.3201356949210526
1261073523512090625,negative,0.0011967889190236368
1261073523755360260,negative,0.0014835570421181082
1261073523818278913,negative,0.2678018659457173
1261073524061605891,negative,1.2437363215031143e-06
1261073524468387840,positive,0.8723915950343974
1261073525009453056,negative,0.03716201460650567
1261073654655389696,negative,0.0059316394358197785
1261073654655463427,neutral,0.5237744460667915
1261073654726754304,negative,0.004635876243800295
1261073655519469578,negative,0.06264495440836211
1261073656274399238,negative,1.2437363215031143e-06
1261073656333074437,negative,0.051623361613431985
1261073656555417607,neutral,0.4790908626163513
1261073656593121280,negative,0.13116155558847617
1261073658212212736,negative,0.002961311291306646
1261073659504050181,negative,0.1913620992948721
1261073659625644032,negative,0.000719137401790773
1261073660032548865,negative,0.002961311291306646
1261073660414222336,negative,0.00018603139091997854
1261073660724613120,neutral,0.49789225920557484
1261073660854616073,negative,0.016998125329113267
1261073660972011523,neutral,0.37475091980275105
1261073661383135238,negative,0.027279807486083014
1261073661886369794,neutral,0.49789225920557484
1261073662918250497,negative,0.00029243790591001345
1261073662968573954,negative,0.003618869155013082
1261073663199240194,negative,0.06738016653391239
1261073663484481538,positive,0.6969285368392312
1261073663526346752,negative,0.009141893535151387
1261073664482689024,negative,0.002961311291306646
1261073664616935424,neutral,0.4838094309354267
1261073664839233539,negative,0.008627139714055557
1261073664969146371,negative,0.00025296928487368223
1261073666621792258,negative,0.01654451539263268
1261073668114919424,positive,0.8965984614572763
1261073668148527107,negative,0.09108743421664485
1261073669876518912,negative,0.0030403462736423486
1261073670937759744,negative,0.14167054070399543
1261073671273226247,negative,0.11064440976115651
1261073671436644354,negative,0.0490081322412766
1261073672560758784,negative,0.06264495440836211
1261073672854437891,negative,0.3045097542851128
1261073673211052032,negative,0.0003459958417208942
1261073674041524226,negative,0.30409335109884644
1261073674221821953,negative,0.018588598971709423
1261073676822286336,negative,0.014684647968983628
1261073677057241088,negative,0.05564844968237547
1261073678026125312,negative,0.3201699683426565
1261073678814588928,neutral,0.45526435901435797
1261073678831423495,negative,0.24839328972192398
1261073678902714370,negative,0.20373136578710718
1261073679821213699,neutral,0.49450773538465514
1261073681813553153,negative,0.18302613857818326
1261073682979569671,neutral,0.6437250423543486
1261073683516448770,negative,0.08775545253800286
1261073683852005376,negative,1.6053769673364058e-06
1261073683877113861,negative,0.03835037410383698
1261073684187537408,negative,3.455281946599237e-05
1261073684556627968,negative,0.029024418385163137
1261073684640514050,negative,0.010024523927155757
1261073684820824069,negative,0.013974828934767583
1261073686804738051,negative,0.0484302486766727
1261073688000106498,neutral,0.5990561748564274
1261073688675434496,negative,0.005143523471895895
1261073689300348933,negative,0.061783377602136334
1261073689354874880,negative,0.027232925355068393
1261073689619116040,negative,0.0009720565403155576
1261073689749196800,negative,0.005334587040875626
1261073690021621760,negative,1.087498173556679e-05
1261073690181148672,negative,0.07183360342079571
1261073690546057219,negative,0.2664798131896304
1261073690722271239,negative,0.007784387787892926
1261073690969755648,negative,0.06264495440836211
1261073691183587330,negative,0.12096431877625884
1261073691393261568,neutral,0.49789225920557484
1261073691494006785,negative,0.0002051526951415848
1261073691821125640,negative,0.021817482590894468
1261073692638842881,negative,0.0030373579416402754
1261073694199369728,negative,1.3691187089276493e-05
1261073694224498690,negative,0.16705943442022111
1261073694983684098,negative,0.050394598278269497
1261073695252140034,negative,0.1322574349570599
1261073695595999232,negative,0.009022995580292022
1261073696015425537,negative,0.012009525610301459
1261073696590102532,negative,0.13697026410678237
1261073697315721216,negative,0.0727060741981506
1261073697395429378,negative,1.3571915957213e-05
1261073698175533059,negative,0.0013604590579843392
1261073698636935169,negative,0.01654451539263268
1261073698871808001,neutral,0.5896148069136171
1261073699291176960,negative,0.014176040462537426
1261073700889100288,negative,0.2334671889592367
1261073700926849024,negative,0.14684270962798032
1261073701228994562,negative,0.008627139714055557
1261073701828808704,negative,0.03857743593629227
1261073702269091840,negative,2.0917080919999318e-06
1261073702470418432,negative,3.889626737182529e-05
1261073703665893378,negative,0.011017369783969836
1261073704160768000,positive,0.9843207855999067
1261073704534097922,negative,0.0007672499014360527
1261073705096052736,negative,0.021817482590894468
1261073705448419328,negative,0.002006782886879054
1261073705557463040,negative,0.0041116548020005824
1261073705792352257,negative,0.002961311291306646
1261073706148859904,negative,0.30690748496878306
1261073707990044672,negative,1.3179272806675117e-05
1261073708124377091,negative,0.009141893535151387
1261073708468310017,negative,0.00027079996224063614
1261073708468314112,negative,3.4271745633834866e-08
1261073708657061893,negative,0.05148738870897889
1261073708837294080,negative,0.059750747486031236
1261073708942319616,negative,0.22695080687392644
1261073709621747712,negative,0.11142858385471476
1261073711245012993,negative,0.00037759085798400645
1261073711324676096,neutral,0.5580106789290911
1261073711500853251,positive,0.9817420327984682
1261073711576354816,neutral,0.40485177752233803
1261073711924416524,negative,0.13417381598988076
1261073712780062720,negative,0.0022563389035857866
1261073712981454848,negative,0.005605282605024464
1261073713400819712,negative,0.004964634213226641
1261073713967087616,neutral,0.6341585096896298
1261073714013253633,positive,0.9326410265674885
1261073714554327047,negative,0.003618869155013082
1261073714919202816,positive,0.9871228800590438
1261073714973683717,negative,7.845757232134601e-05
1261073715565076481,negative,0.013381734878671742
1261073715707760646,negative,0.24147565747910957
1261073716051472384,negative,0.0014835570421181082
1261073716106219520,neutral,0.333314263973405
1261073716294942722,negative,9.136864889105566e-05
1261073716613693441,negative,1.6053769673364058e-06
1261073717049860097,negative,0.03527795097267233
1261073717280616448,positive,0.7377474944881492
1261073718308208640,negative,0.1104720608259595
1261073719293874177,negative,0.06264495440836211
1261073721374244864,negative,4.5102801661873205e-12
1261073722217283591,negative,2.714776736404183e-07
1261073856816721921,negative,0.0004615994277316352
1261073856950939649,negative,0.0033195241355612535
1261073857064112128,neutral,0.3724154755344462
1261073858045661191,negative,6.162213496039077e-06
1261073858234404865,negative,0.006849795024798225
1261073859106701312,negative,0.0028372488527901325
1261073859199066122,negative,0.21717794331750742
1261073859559727105,negative,9.59136614412352e-05
1261073860255977473,negative,0.1420168038230158
1261073860931223552,negative,1.1864663041638146e-05
1261073861220671488,negative,0.004510231479785381
1261073861279461377,negative,0.1319529512296895
1261073861312905216,negative,0.0007323073140597471
1261073862911053824,neutral,0.40485177752233803
1261073863103991809,negative,0.005369838720645525
1261073863485427712,neutral,0.4999780182156503
1261073864232185856,negative,0.0008219331144770507
1261073864467140610,negative,0.00024519572555506695
1261073865481973760,negative,0.029229908611199503
1261073866153234432,negative,2.0378756292348056e-06
1261073866195193859,positive,0.7620633217217692
1261073866216083458,negative,0.00011108042019917289
1261073866224398336,negative,0.08169722856974154
1261073866513952773,negative,0.1606099827548821
1261073867063189504,negative,0.00021578169785405375
1261073867969384448,negative,0.1420168038230158
1261073868078436353,negative,0.3107281742138744
1261073868137136128,negative,0.0012360332784193575
1261073868510449664,positive,0.9990202410932149
1261073869051437057,neutral,0.5288636399463092
1261073869995151363,negative,0.00010182404188416712
1261073870997553152,negative,0.004705833194232128
1261073871526133762,negative,0.025386975366556475
1261073873103212544,negative,0.002144050096462465
1261073873291882497,negative,3.46150185525239e-08
1261073873409396739,neutral,0.46127768308170247
1261073873669324810,negative,0.008424436512622466
1261073873946083328,negative,0.0011602414113314142
1261073874151768067,negative,4.0878732399188736e-07
1261073874726334467,neutral,0.4386529311554365
1261073875007344646,negative,6.778278847718189e-06
1261073875091156992,negative,0.0026721599267355645
1261073876345380867,negative,0.011905309747617257
1261073876550914048,negative,1.4898984680950154e-05
1261073878362849283,negative,0.3107281742138744
1261073878949990401,positive,0.9990202410932149
1261073879579217920,negative,0.2734271224885051
1261073881508442112,negative,0.02135921556177601
1261073881621770242,negative,0.30072867178484386
1261073882091597826,negative,3.455281946599237e-05
1261073882422927361,negative,0.06668839539806297
1261073883047878657,negative,0.023777288897458056
1261073884218118145,negative,0.0037621999356244125
1261073884385812480,negative,0.002961311291306646
1261073885174341632,negative,5.259261449949305e-05
1261073885329530882,negative,0.001631578811359962
1261073885702664192,negative,0.23931760159907664
1261073885962874880,negative,0.10063909080958762
1261073887816794117,neutral,0.5157705601018782
1261073888743653377,negative,0.03289608090109384
1261073889083265029,neutral,0.36813873394072316
1261073889616105485,neutral,0.47865870524693105
1261073890647977984,negative,0.0006522544131395036
1261073891096698883,negative,0.0016705945928628388
1261073891491020801,negative,0.18296687867959552
1261073892132753408,negative,4.992240321823192e-05
1261073892430544898,negative,3.2078594135978006e-06
1261073892526997504,negative,0.003490610944236885
1261073893080682503,negative,0.040874375899255716
1261073894129229831,positive,0.9220117294746969
1261073894435368969,neutral,0.6417147605933217
1261073894938562561,negative,0.054854564623139646
1261073895173611524,negative,0.3107281742138744
1261073895920152577,negative,0.03548178564333209
1261073895953764358,negative,0.010672841393179458
1261073896016666624,negative,0.0041116548020005824
1261073896104747008,negative,0.15896720939757006
1261073897421770753,negative,1.2437363215031143e-06
1261073897845334024,negative,0.0012360332784193575
1261073897912512518,negative,0.24155473591153268
1261073898008969217,negative,3.3148431728374284e-06
1261073898176724995,neutral,0.42643388132378096
1261073898436730880,negative,0.05628549179915027
1261073899078459392,positive,0.9353849665845557
1261073899355279361,negative,0.00597490618519414
1261073899908931584,negative,0.13397866938779301
1261073900454248449,negative,0.002961311291306646
1261073900928225290,positive,0.8156138950363035
1261073901393711104,negative,0.00042657998166552964
1261073901754302464,negative,3.3148431728374284e-06
1261073902043881473,negative,0.11204499621077665
1261073902333079554,negative,0.0352952498830695
1261073902333317120,negative,0.013973349715236835
1261073902635298819,negative,0.0005918503658934132
1261073902987546625,neutral,0.5985294911534882
1261073903935463424,negative,0.2966672736788722
1261073904296026112,negative,0.005065107315746007
1261073904480727048,neutral,0.3517570378324615
1261073904723992576,negative,0.13818311014418297
1261073905067966465,negative,0.1259410418453853
1261073906863091715,negative,0.07556698965509663
1261073906972196867,negative,0.0002005429106019905
1261073907227992071,negative,0.2067138917574363
1261073907957858305,negative,7.198445867232669e-06
1261073907978772481,negative,0.029128127990297587
1261073908138160130,negative,0.10134028605591529
1261073908180103169,negative,1.0877965886739447e-09
1261073909543288835,negative,0.11313517243530531
1261073910247886848,neutral,0.5495922250151081
1261073910751166467,negative,0.0007188454586642557
1261073910805794817,negative,0.03224088120161927
1261073910931619840,negative,9.180040931454922e-05
1261073911686533126,negative,0.00036412690889721865
1261073911883747337,negative,0.0017103622810660671
1261073912508452865,negative,3.455281946599237e-05
1261073912705810432,negative,0.12273801249308257
1261073912907038720,negative,0.002961311291306646
1261073913662013442,negative,1.6053769673364058e-06
1261073913880215565,negative,0.08775545253800286
1261073914656174086,negative,0.11621235138636853
1261073915830571009,negative,0.004635876243800295
1261073916153548801,negative,0.19731840969612646
1261073916203806720,negative,0.0062214706889238336
1261073916681957379,positive,0.9956610982243466
1261073917017501696,negative,0.003554958638133148
1261073917185265664,negative,0.21656401232843772
1261073917596360709,negative,0.0014835570421181082
1261073919068401664,negative,4.270247495584254e-06
1261073919785738240,negative,0.032276928488314274
1261073920007921664,negative,0.00047501785661226614
1261073921237016577,positive,0.796666629286687
1261073921618653187,negative,0.00029355298956259494
1261073922424025095,negative,0.0024446274015499985
1261075440753692672,negative,0.00037905578794647597
1261075442389389313,neutral,0.4025672456475848
1261075442506895362,negative,0.01960502389655823
1261075442674663424,neutral,0.5495922250151081
1261075442989240321,negative,4.0973636640296696e-05
1261075443685392386,negative,7.853900259773739e-07
1261075444599631872,neutral,0.5495922250151081
1261075445900103683,negative,0.003618869155013082
1261075447611342849,negative,0.0012360332784193575
1261075449574285312,neutral,0.4478814827726608
1261075450459295744,negative,0.1626375337701904
1261075450568364032,negative,0.025845562602628228
1261075451205890049,negative,0.003010741641387486
1261075451457482753,negative,9.219746247882557e-06
1261075451742572545,neutral,0.4507454498615163
1261075451860209670,positive,0.7649938409102774
1261075451998621699,neutral,0.3438873534631538
1261075453978259456,negative,0.028113605619477358
1261075454175346692,negative,0.005518691268691739
1261075455412703233,negative,0.010503119169525175
1261075455664422915,negative,0.2042517137896546
1261075455911788545,negative,0.02136666756763999
1261075456096382978,negative,0.1626375337701904
1261075457237151744,negative,0.17291851703915326
1261075457853833216,negative,0.0954890779049442
1261075457883209728,negative,0.00825202899120047
1261075458545811457,neutral,0.35982063143391035
1261075459904700417,neutral,0.3344438065334922
1261075460374573056,negative,3.932725093721996e-12
1261075460454309888,negative,0.030152230401719746
1261075461150556161,negative,0.00027079996224063614
1261075461339254785,neutral,0.47865870524693105
1261075461507026946,negative,0.2756315676372902
1261075461590966280,neutral,0.44498724401209616
1261075461813272577,negative,0.016155368547919546
1261075463679574016,negative,1.864800062202597e-07
1261075464413745152,negative,0.00719561327038256
1261075464837349381,negative,0.017615469801396208
1261075465533566976,negative,0.1420168038230158
1261075466426990592,negative,0.15415102195746153
1261075467215474690,positive,0.8772338218849469
1261075467421061120,neutral,0.3666851852981065
1261075467467059200,negative,0.28622449471795014
1261075467517468673,negative,0.029360021658882497
1261075467630673921,negative,0.008967964402996203
1261075467655942149,negative,0.0352952498830695
1261075468117147648,negative,0.04806312686579951
1261075468171837440,negative,0.0005918503658934132
1261075469136429066,negative,0.00033627918420749305
1261075469333680131,negative,0.005453140767634439
1261075470310936581,neutral,0.6500919968242482
1261075470386434048,negative,0.004967084365834435
1261075470562582530,negative,0.010554549143264032
1261075470822649857,negative,0.0954890779049442
1261075471015477249,negative,0.038194312771963904
1261075471162368000,negative,0.0005409961275899458
1261075472567488512,negative,0.008662015689834239
1261075473012002819,negative,0.0867896187230309
1261075474463293441,negative,0.2014115959549051
1261075474500988933,negative,1.1727391966995104e-05
1261075474652041218,negative,2.329614052118569e-06
1261075475482501120,negative,0.0027463683930837772
1261075475851509761,negative,0.0002791816573995484
1261075476447182851,negative,0.22695080687392644
1261075476749131777,negative,0.03579781107424028
1261075476782735360,negative,7.528508355918325e-05
1261075478393348097,negative,4.270247495584254e-06
1261075478565326852,negative,0.09850666337663404
1261075478816804864,negative,0.0010362599566807484
1261075480356233218,negative,0.005991037631792754
1261075480494649344,negative,0.00747407982879927
1261075480557436930,negative,0.06885644624728708
1261075480695975936,negative,0.06352324431657345
1261075480867999745,negative,0.030378365817921665
1261075480930914311,negative,0.08869536739506528
1261075481262206978,positive,0.9681399302610582
1261075481690091520,negative,3.7415026218303025e-06
1261075482264690690,negative,9.756014840621972e-05
1261075482285654017,negative,0.002961311291306646
1261075484449931272,negative,5.587250605867969e-08
1261075484550537217,negative,0.021817482590894468
1261075484584161280,negative,0.009888115581978685
1261075485267767296,negative,0.01306956848222051
1261075485402038279,negative,0.034481710787559246
1261075485410258944,negative,0.00027079996224063614
1261075486467375106,negative,0.02436167204507064
1261075486651940864,negative,0.028712780610804702
1261075486710665216,negative,4.3966575073366786e-07
1261075487742234625,negative,0.01654451539263268
1261075488090578944,negative,0.0954890779049442
1261075488107311106,neutral,0.3931304764194037
1261075488270954499,negative,0.0009780012050970225
1261075488333795329,negative,0.0038826175487591172
1261075488811872256,negative,0.00873882956707505
1261075489441153024,negative,2.329614052118569e-06
1261075490993045506,positive,0.8180051326715707
1261075491693506565,negative,8.57257107960706e-08
1261075491722866689,negative,2.225956616039747e-08
1261075492175859713,negative,0.010554549143264032
1261075492255469569,negative,0.00012876659420576065
1261075492687556609,negative,0.05316089390398922
1261075492863606784,negative,2.5092237748260415e-09
1261075493337608192,negative,0.021817482590894468
1261075494973378563,negative,0.09943293989517736
1261075495199916040,negative,0.01404522902155889
1261075495552237570,negative,0.1626375337701904
1261075496001064973,positive,0.7532887297373544
1261075496462409728,positive,0.9956009448227995
1261075496604925959,negative,0.06299980547415528
1261075496822960128,neutral,0.3499352441185855
1261075496873451521,negative,0.0006148650859044917
1261075497552875520,negative,9.834281728384022e-05
1261075497947201540,neutral,0.3499352441185855
1261075499415228418,negative,0.0005646365337690077
1261075499452956678,negative,0.0008219331144770507
1261075499687849986,negative,5.692771810664788e-10
1261075500354715654,negative,0.0021782399911821114
1261075500430213120,negative,4.959180406609522e-05
1261075501021626374,negative,0.0005918503658934132
1261075501197623297,negative,1.2785203625842413e-05
1261075501755650048,negative,0.005991037631792754
1261075502040743941,negative,0.0003631347643310794
1261075502485385218,negative,0.00030837521397969903
1261075502942638081,neutral,0.3825074142145181
1261075503773032449,negative,0.1422946412367035
1261075503869501441,negative,0.023777288897458056
1261075504674803717,negative,9.758790090990318e-05
1261075504678998016,negative,0.03251319416051221
1261075505186516994,negative,0.013381734878671742
1261075505798885376,negative,4.154743778480879e-05
1261075506021011457,neutral,0.5495922250151081
1261075506050416640,neutral,0.5873128235153824
1261075507510157312,negative,0.00769819762667784
1261075508915310592,negative,0.0954890779049442
1261075657905373185,negative,0.02034220347363389
1261075658064769027,negative,0.14545678743357227
1261075658580557824,negative,0.1420168038230158
1261075658891026442,negative,0.0011602414113314142
1261075659486629890,negative,0.003245223152281303
1261075660803629057,negative,0.18296687867959552
1261075661462126592,positive,0.8841893396324214
1261075661743104010,negative,0.15382327319929384
1261075662049366017,negative,0.1626375337701904
1261075662959501318,negative,0.005991037631792754
1261075663034843138,negative,3.0810324602858106e-09
1261075663081148417,negative,1.9808538162126713e-05
1261075663508865027,negative,0.002961311291306646
1261075665832546311,negative,0.020169365096966697
1261075665908105223,negative,0.001807503760587155
1261075666268827649,negative,0.08265736664958413
1261075666528763907,neutral,0.5896148069136171
1261075667212472332,negative,0.0001215382255953496
1261075667275460608,negative,9.532974663047105e-10
1261075668332404738,negative,0.00027079996224063614
1261075668756029442,negative,0.0005406650222246089
1261075669112492032,negative,0.012971141767036178
1261075669435514891,negative,9.864592401485211e-06
1261075669494173697,negative,0.08694501807410418
1261075669590642688,negative,0.026187001028629003
1261075669833916431,neutral,0.5130605840822943
1261075669934538752,negative,0.05468312195870377
1261075669947211776,negative,0.13818311014418297
1261075670127595520,negative,0.002252759592758711
1261075670173655042,negative,0.3107281742138744
1261075670312136705,negative,0.06967499314271368
1261075671784263686,negative,0.3107281742138744
1261075671817822210,neutral,0.3842098245863701
1261075672090513408,negative,0.052378709829917526
1261075672644161537,negative,0.1626375337701904
1261075672883224577,negative,0.04766196817686429
1261075673654886401,negative,0.0004615994277316352
1261075673877229574,negative,0.003618869155013082
1261075674007326725,negative,0.010554549143264032
1261075674615492609,negative,0.0006149946184115155
1261075674783191040,negative,0.3107281742138744
1261075675353505792,negative,0.0008184065542336317
1261075675479498752,negative,0.08567089575992982
1261075675785555968,positive,0.9968027413104769
1261075676473548800,negative,0.001898798929743257
1261075677593419778,negative,0.0219261650629614
1261075677618384896,negative,2.8489659974078908e-05
1261075677618544643,negative,0.018588598971709423
1261075678637809664,negative,0.0954890779049442
1261075678679773184,negative,0.12258462670249735
1261075678893535232,negative,0.07027440999919067
1261075678901997569,negative,0.0037249102406782795
1261075678960553984,negative,0.23221065704737412
1261075679128494081,positive,0.9699894952181546
1261075679497654273,negative,0.021817482590894468
1261075679657033728,negative,0.037743567768304606
1261075679975800832,negative,0.01654451539263268
1261075680177119232,negative,3.929384287444692e-05
1261075680357474305,negative,5.626034898444311e-05
1261075680512655363,negative,0.14931271232762278
1261075680718094336,negative,0.030378365817921665
1261075680772620289,neutral,0.6409801655582299
1261075681905119237,negative,0.0005918503658934132
1261075681972293633,neutral,0.577079946801629
1261075682009812999,negative,0.07183360342079571
1261075682119032832,negative,1.7662777286306644e-07
1261075682358157315,negative,0.0017247331500128815
1261075682492248064,negative,0.001631578811359962
1261075683020865536,negative,1.50797358370873e-05
1261075683025051649,negative,0.0954890779049442
1261075683054321664,negative,8.148308175639692e-15
1261075683486334980,positive,0.7649938409102774
1261075683805220871,negative,0.2844175859976007
1261075683960225793,negative,0.1329282829744497
1261075685344456706,negative,0.0012360332784193575
1261075686044901379,negative,5.54917554905221e-08
1261075686602743808,negative,0.08265736664958413
1261075686711685122,negative,0.13397866938779301
1261075686976098304,negative,0.041396880723658304
1261075687567474692,negative,0.2318294828874462
1261075688012099585,negative,0.01654451539263268
1261075688259379200,negative,0.04806312686579951
1261075689543008256,negative,0.1626375337701904
1261075689966452736,negative,6.754227132298243e-05
1261075690306310146,positive,0.7257574485939455
1261075691132633101,negative,0.01960502389655823
1261075691325452290,negative,0.18257755894886069
1261075691443048454,negative,0.03254205010038079
1261075691455602688,negative,6.413271171382718e-09
1261075691640164354,negative,0.015035790605110146
1261075691929571335,negative,0.005334587040875626
1261075692541927426,negative,4.446512970395682e-06
1261075692671860748,positive,0.9496767618776348
1261075692894240769,negative,0.007703861648869198
1261075693821218816,negative,0.058585410844099524
1261075694081183744,negative,0.00018566801195388352
1261075694223753217,negative,7.363559796355997e-07
1261075695528271873,negative,0.19371477297865852
1261075695582789632,positive,0.8180051326715707
1261075697205944320,negative,0.002961311291306646
1261075697231159297,negative,0.10320693737548546
1261075697268854787,negative,0.003618869155013082
1261075697294073857,negative,0.08775545253800286
1261075697335971840,negative,0.0007258962276317359
1261075698292273152,negative,0.08955736794332136
1261075698464194560,negative,0.0013453493002364948
1261075699126984704,negative,2.4800289323452216e-05
1261075699273777152,positive,0.8836689799486624
1261075699579879424,negative,0.31059429860164794
1261075699810664448,negative,0.00024883009054776353
1261075699965853700,negative,1.6053769673364058e-06
1261075700263641088,positive,0.7323685123694561
1261075700272058370,negative,0.03532765229258071
1261075700875919360,negative,0.00028962009461226104
1261075701610020866,negative,0.00018603139091997854
1261075701651963905,negative,1.7662777286306644e-07
1261075702033657856,negative,0.1626375337701904
1261075702142636035,positive,0.9983300695538909
1261075702658609153,negative,7.67111711514942e-09
1261075702662811650,negative,0.01654451539263268
1261075703182876672,negative,0.013973349715236835
1261075703216443392,negative,0.007787281812243831
1261075704155983873,neutral,0.3921697401369427
1261075704554414081,negative,0.16625507404718293
1261075704893988864,positive,0.8467813792165689
1261075704994725892,negative,0.19093281446871252
1261075705875628034,negative,0.001898798929743257
1261075705930174467,negative,0.08694501807410418
1261075706307584007,negative,0.029229908611199503
1261075706508800000,negative,0.0013524047870143395
1261075706689105920,negative,0.00018235569494693955
1261075707037454336,negative,0.11886538416427682
1261075707297443847,negative,1.010735098154527e-05
1261075707968606215,negative,4.5780775938652454e-05
1261075708174118914,negative,4.548769609944681e-06
1261075708417318914,negative,3.6869564633282195e-06
1261075708614410243,negative,0.00028910955176813933
1261075709080059911,neutral,0.38657316102607164
1261075710090907648,negative,0.00023708595908116488
1261075710208344068,negative,1.6019772657417197e-05
1261075710749347841,negative,0.000138379101587578
1261075710971645952,negative,0.03698662555454558
1261075711198191616,negative,0.014522585305583867
1261075712049647617,negative,2.7922915401323806e-07
1261075712653606912,negative,0.002961311291306646
1261075713286791169,negative,0.0834800784471925
1261075713526030336,negative,0.0005918503658934132
1261075713836421126,negative,0.13185800359190072
1261075713865777152,negative,0.013381734878671742
1261075714184486914,neutral,0.3781446365656235
1261075714536865795,negative,0.0027463683930837772
1261075714926919682,negative,0.00020272981970723312
1261075715501559810,negative,0.03791638209912656
1261075716994711552,negative,0.0007844882637566111
1261075717271572480,negative,0.08694501807410418
1261075717862744064,neutral,0.47865870524693105
1261075718072655875,negative,0.010554549143264032
1261075720098496512,neutral,0.49789225920557484
1261075846271467520,negative,0.011909142703536992
1261075848276381696,negative,2.175274634738535e-05
1261075848431575043,negative,0.05110412752890286
1261075848993611776,negative,0.07183360342079571
1261075849069068288,neutral,0.49789225920557484
1261075849073381378,negative,1.9772018498013065e-07
1261075849090039814,negative,0.009888115581978685
1261075849220165632,negative,0.002307356216281876
1261075849291485184,negative,0.010554549143264032
1261075849295650817,negative,0.19398806356646772
1261075850713235460,negative,0.0005918503658934132
1261075850776268802,negative,1.6929276797593652e-07
1261075850948206593,negative,0.00871021762401528
1261075852428742660,negative,0.22695080687392644
1261075853271879681,negative,0.2678018659457173
1261075853775175685,negative,1.6053769673364058e-06
1261075853825454082,negative,0.010420379331286233
1261075854265901056,negative,0.010462243995599944
1261075854366584834,neutral,0.5761076399742056
1261075854404145152,positive,0.9958280200773767
1261075854504931329,negative,0.24700878954355554
1261075854903455749,negative,0.23505650790400298
1261075855209574400,negative,0.13851458672907263
1261075855310237700,negative,0.03465235985032818
1261075855800807424,negative,0.027279807486083014
1261075857537409026,negative,0.10955582333689654
1261075857847836678,negative,0.0012155474307648834
1261075859412303872,negative,0.29037975859278714
1261075860326699009,negative,0.058585410844099524
1261075860473479170,positive,0.834220077649574
1261075860964204544,negative,0.031588004086446776
1261075861870174209,negative,0.1689295622351949
1261075863560314880,negative,0.1420168038230158
1261075864130813954,negative,0.09033039181406023
1261075864311250946,negative,1.3571915957213e-05
1261075864508264449,negative,0.0027326109071273467
1261075864785223684,neutral,0.4127970566826956
1261075864785235970,neutral,0.4523831036212897
1261075865070338055,negative,2.1861769714170005e-05
1261075865083019264,neutral,0.41086737343706603
1261075865242406914,negative,5.626034898444311e-05
1261075865565356040,negative,0.003618869155013082
1261075866639118338,negative,1.7662777286306644e-07
1261075867092111361,negative,9.758790090990318e-05
1261075867662499854,negative,0.005014538927507596
1261075867960295427,negative,0.08169722856974154
1261075868107051013,negative,0.15037969741109306
1261075868891467776,negative,0.2756315676372902
1261075869457453056,negative,0.2986858802568616
1261075869579313153,positive,0.7574874250758095
1261075870351085573,negative,0.17956538935643954
1261075872318140416,negative,7.861515800138009e-07
1261075872381100042,negative,0.1626375337701904
1261075872905338880,negative,5.712792965607441e-05
1261075874121687042,negative,0.009100879130327392
1261075874641780736,negative,0.0023153182086349125
1261075874817937410,negative,0.14167054070399543
1261075875782701060,negative,0.07445228466969786
1261075875963047937,negative,0.24023435256296452
1261075876743188480,negative,0.09108743421664485
1261075876768292864,neutral,0.5521729585144395
1261075877233856512,negative,0.2658076916838739
1261075877904945154,negative,0.0036749237761539064
1261075878936817665,negative,8.66505195333346e-05
1261075880073474049,negative,0.080664308949846
1261075880463532035,negative,1.010735098154527e-05
1261075880547201025,negative,0.2658076916838739
1261075881231073285,negative,0.21312363199481554
1261075881637732352,negative,0.045502954296268626
1261075882216763401,negative,0.021928715274771783
1261075883214987272,negative,0.005334587040875626
1261075883680546817,negative,0.250237236289452
1261075884255084544,negative,0.0035434464923789345
1261075885211385856,negative,0.0004738249497165445
1261075885295353857,negative,0.010554549143264032
1261075886339751936,positive,0.6633339863242538
1261075887992291330,negative,0.002961311291306646
1261075889183391753,negative,0.2719183686992666
1261075891276349446,negative,0.03588299931515324
1261075891549069312,negative,0.007385974301312836
1261075891586768896,negative,1.010735098154527e-05
1261075892199186445,negative,0.010672841393179458
1261075892283027458,negative,0.002961311291306646
1261075892580868099,negative,0.1913620992948721
1261075893189062658,negative,0.2014115959549051
1261075893423869952,negative,0.0008219331144770507
1261075893675610119,negative,0.19770369928745482
1261075894044680192,negative,0.006476963414056496
1261075894556336128,negative,0.028113605619477358
1261075895013576704,negative,0.041068494078948574
1261075895437209602,negative,0.005356686512746875
1261075895495692288,negative,0.004078651694856543
1261075895495819265,negative,0.002098796266974781
1261075896133353480,negative,0.032489972319274474
1261075896431185920,negative,2.0034398950565791e-07
1261075896972324870,negative,1.2437363215031143e-06
1261075897177845760,negative,0.007385974301312836
1261075898813554696,negative,0.1420168038230158
1261075898901712897,negative,0.14309163271370742
1261075899035901953,negative,0.03732285772720247
1261075901086945280,negative,0.0005406650222246089
1261075901170610176,negative,0.05954271008742127
1261075901401497600,negative,0.07038180670255602
1261075901631959040,negative,0.09157792052304252
1261075902450073603,negative,0.009141893535151387
1261075904123543554,negative,0.07445228466969786
1261075904425574402,positive,0.9930180479649321
1261075905054736392,negative,0.06264495440836211
1261075905788686338,negative,0.0005406650222246089
1261075906476617728,negative,0.010554549143264032
1261075907248377858,negative,0.11831344416411216
1261075907579691009,negative,0.0954890779049442
1261075907822997511,negative,0.0017010809116420151
1261075908074655744,negative,0.08775545253800286
1261075908628287489,positive,0.7944022771911516
1261075909009907716,negative,7.455236891091168e-07
1261075909173563393,neutral,0.6027432464259264
1261075909248987137,negative,0.0005406650222246089
1261075909987221513,negative,0.002961311291306646
1261075911107137538,negative,0.1626375337701904
1261075912516423683,positive,0.7313864714800378
1261075913598435335,negative,0.2406893127658228
1261075913703333890,negative,0.02647790521386964
1261075913950756872,neutral,0.38242422460819425
1261075914043031557,negative,0.041396880723658304
1261075914156396546,negative,0.13304022271220559
1261075914315702273,negative,0.000766307964560837
1261075914571431937,negative,0.06264495440836211
1261075915125280769,negative,0.006581796531642926
1261075915955736576,negative,0.00021578169785405375
1261075916026974209,negative,0.013973349715236835
1261075916605796353,negative,0.23329113202663126
1261075916744208385,negative,0.3107281742138744
1261076077260222472,negative,0.027792999443283624
1261076077449039872,neutral,0.4151464059551273
1261076078266847236,negative,0.00027079996224063614
1261076079047049219,negative,0.24400456311720578
1261076080322121729,negative,0.163028119361353
1261076080460513280,negative,0.00041041072237595647
1261076080779235331,negative,0.0005918503658934132
1261076081098002442,negative,0.00793849628949258
1261076081165164544,positive,0.958921312958823
1261076082209554432,negative,0.0005620404110526395
1261076082230353920,negative,0.27831466592643966
1261076082423238656,negative,1.3571915957213e-05
1261076082616348672,negative,0.17672755989941588
1261076083023192065,neutral,0.35207113747369906
1261076084004491264,positive,0.8623380961794572
1261076084734472192,negative,0.09258674921589585
1261076085263028225,positive,0.9231293618879749
1261076085598490624,negative,7.389782180477689e-05
1261076086584205312,negative,0.008627139714055557
1261076087586652165,negative,0.0001401071788490823
1261076088538759170,negative,0.1626375337701904
1261076088614240256,negative,0.03251319416051221
1261076089008349185,negative,0.00921083873502307
1261076089092345858,negative,0.3029967489187903
1261076089721544704,negative,0.0002553584997872916
1261076089759313921,negative,2.8113649456871688e-05
1261076090304544768,negative,0.05171721973803157
1261076091004956672,negative,0.11142858385471476
1261076092821164036,negative,0.05230696405796062
1261076092888256516,negative,0.1626375337701904
1261076093588701187,neutral,0.575875647021057
1261076094305865730,negative,9.21286082509193e-05
1261076094452555782,negative,0.00027079996224063614
1261076094557585412,negative,0.0001725426625154409
1261076095664902146,negative,4.548769609944681e-06
1261076095744565248,negative,0.015892843905014893
1261076096218513410,negative,0.16838572573702976
1261076096868638721,negative,0.0954890779049442
1261076097032216582,positive,0.9990202410932149
1261076097237688324,neutral,0.47641681562608973
1261076097392947200,positive,0.8458487658492743
1261076097904623617,negative,0.07038180670255602
1261076098311491588,negative,0.009141893535151387
1261076099670261760,negative,0.0274975700463366
1261076100324753409,negative,0.01612639247310993
1261076100400197633,negative,0.0006496507205291337
1261076100643463169,positive,0.8573381608825863
1261076101213958144,negative,0.19072649699378552
1261076101943767049,positive,0.9843207855999067
1261076102786809856,negative,0.01730377647545583
1261076104607080451,negative,0.00024519572555506695
1261076104686829569,neutral,0.5769770004828406
1261076105307488256,positive,0.958921312958823
1261076106427465736,negative,0.03732285772720247
1261076106733641729,negative,0.21183185844498956
1261076107501207552,positive,0.9087813993875381
1261076107723505664,negative,1.6053769673364058e-06
1261076107945742337,negative,1.8858356876277489e-07
1261076108264517634,negative,0.011052929698943942
1261076108730081281,negative,0.26740184739849737
1261076108730085378,negative,0.2318294828874462
1261076108776275970,negative,0.023562242004252377
1261076109275418624,negative,0.2014115959549051
1261076109308956673,negative,0.0012354803031195112
1261076109572993026,negative,0.062214896000267327
1261076109887709184,negative,0.008424436512622466
1261076110101688323,negative,1.6019772657417197e-05
1261076110202331137,negative,0.0014835570421181082
1261076110613381120,neutral,0.37152604608666934
1261076110802128898,negative,0.02981061939976046
1261076113159262211,negative,0.056592611655820114
1261076113415118853,negative,0.002961311291306646
1261076113733926915,negative,0.08265736664958413
1261076113826209798,negative,0.009141893535151387
1261076114081906688,negative,0.006099828276174976
1261076114623148032,negative,0.19770369928745482
1261076114883186688,negative,8.969512335976007e-05
1261076115004801027,negative,0.12258462670249735
1261076115197698055,neutral,0.5144158419199569
1261076116644655104,negative,0.005023582180100399
1261076116737077254,negative,1.010735098154527e-05
1261076116875415554,negative,0.003010741641387486
1261076117168979971,negative,2.353229684409347e-10
1261076117265551361,negative,0.05575068421896388
1261076117840109569,negative,0.0954890779049442
1261076118519590912,negative,0.0013124536391917248
1261076118607626242,negative,0.006981143508020182
1261076118788100106,negative,1.1204046781484859e-06
1261076119383674887,negative,0.0008219331144770507
1261076120197267457,negative,0.0022201797023395802
1261076120298012673,negative,0.27116269303643814
1261076120503549953,positive,0.9995130384955465
1261076120826531840,negative,0.00018603139091997854
1261076121019351046,negative,0.0022668519004293993
1261076121115910151,negative,0.03857743593629227
1261076121434689538,positive,0.9752106938586952
1261076121665376257,negative,0.0954890779049442
1261076122265161728,negative,0.0014835570421181082
1261076122500022275,negative,0.1872433744277917
1261076122764144640,negative,0.07521477519229629
1261076122873315328,negative,0.003618869155013082
1261076123062079489,neutral,0.384456876114543
1261076123091439616,negative,0.11204499621077665
1261076123326148608,negative,0.17291851703915326
1261076123405844480,negative,0.04806312686579951
1261076123963633664,negative,1.0683585321236743e-05
1261076124014120961,positive,0.9033523284568287
1261076124332949506,negative,0.15709760186304256
1261076126434299907,negative,0.0008681960930850484
1261076126484639745,negative,0.15255320072981543
1261076126681706501,positive,0.9843207855999067
1261076127076016129,negative,4.4376630045181757e-07
1261076128632094731,negative,0.14309163271370742
1261076128648888321,negative,0.2952608259372005
1261076128736907264,negative,0.03987770932739295
1261076129714245633,negative,0.00035982711665099627
1261076130565550081,negative,0.007891056111978953
1261076130670485506,positive,0.8602157702269029
1261076130699739136,negative,0.24147565747910957
1261076132230725632,neutral,0.37616378929496785
1261076132297879553,positive,0.9467726089874372
1261076132369248257,negative,0.018588598971709423
1261076132734087169,neutral,0.42060383866900225
1261076133778386945,negative,0.003151921213626022
1261076133795282944,negative,0.004747164476340867
1261076134051090444,negative,3.889626737182529e-05
1261076134097293313,negative,0.0018017132645160952
1261076134181117954,negative,0.004510231479785381
1261076134361468928,negative,0.002961311291306646
1261076134751502337,negative,0.0005918503658934132
1261076135678484482,negative,0.29676789564387285
1261076135703646208,neutral,0.4940037234040132
1261076135754031104,neutral,0.4621012961010501
1261076135808507906,negative,0.00027079996224063614
1261076136441847811,negative,0.00018013755782828216
1261076136597098497,negative,0.008787024074531528
1261076137217650688,negative,0.002961311291306646
1261076137280708609,negative,1.15209067271091e-05
1261076138392268802,negative,0.030312881225347532
1261076138702471168,negative,3.455281946599237e-05
1261076138803240962,negative,0.0011602414113314142
1261076139138826242,negative,0.0004718424546278038
1261076139172388871,neutral,0.39328318248801547
1261076139340169216,negative,1.2070257591505676e-05
1261076139621179394,negative,0.0001974771760189262
1261076140577488902,negative,0.002961311291306646
1261076296941080576,negative,2.5092237748260415e-09
1261076296949432321,negative,0.002961311291306646
1261076297901637633,positive,0.9923231687842224
1261076298061012993,negative,0.13185800359190072
1261076299570954240,positive,0.9894416994951594
1261076299763851271,negative,0.02647790521386964
1261076299847733248,negative,0.1626375337701904
1261076302196551680,negative,0.0014835570421181082
1261076302368563200,negative,1.3956960856709648e-08
1261076302553067520,neutral,0.35000532810977153
1261076303480045568,negative,0.1626375337701904
1261076303484203008,negative,0.0014835570421181082
1261076304486686720,negative,0.04560462057589818
1261076305283596288,negative,0.30418034409395156
1261076305367519232,negative,0.0006149946184115155
1261076305929363456,negative,5.702096319082146e-07
1261076305984004098,negative,0.0035434464923789345
1261076306051117062,negative,0.02478241975371509
1261076306118270979,negative,0.016935287121822643
1261076306311208960,negative,0.0005145438546081465
1261076306764206084,negative,0.11621235138636853
1261076306889973761,negative,0.01654451539263268
1261076307011567617,negative,0.008424436512622466
1261076307808530434,negative,0.30156579914414294
1261076308169232386,negative,0.06264495440836211
1261076308559228929,negative,0.0003438079709090557
1261076309276602371,negative,0.008826489053879848
1261076310266449920,negative,0.054854564623139646
1261076310975229965,negative,9.228914281920951e-07
1261076311445049345,negative,0.003208617177402718
1261076311487000577,negative,0.07038180670255602
1261076312212402176,negative,0.11297764382696024
1261076312233558023,negative,0.0027840898851617113
1261076312623644672,negative,0.0067662925964918795
1261076312921382912,negative,0.0017103622810660671
1261076313005228034,negative,0.0005124091305999147
1261076313781276678,negative,0.004574659726843717
1261076314381078528,negative,0.002961311291306646
1261076314926256128,negative,1.3179272806675117e-05
1261076315085639681,negative,0.013973349715236835
1261076315987378184,negative,0.0012360332784193575
1261076316092325890,positive,0.888148297389085
1261076316541108225,negative,2.7920396664283566e-06
1261076317006712836,negative,0.06893245735624899
1261076317505761288,negative,0.1626375337701904
1261076319212797952,negative,0.005334587040875626
1261076319422603267,negative,4.9138580935116545e-06
1261076319540056066,negative,0.012931658552004692
1261076321616224261,negative,0.005232456149735939
1261076321683140608,negative,0.000635743175293811
1261076322094325761,positive,0.7073664636096065
1261076322530492417,negative,0.09850666337663404
1261076322912256001,negative,0.30409335109884644
1261076322979323905,neutral,0.36595818820433196
1261076323679772672,negative,0.11945710604163225
1261076324887801856,negative,0.11744391528015612
1261076325013557252,negative,0.0012416174119919867
1261076325038559233,negative,0.0049099243681807216
1261076325042753537,negative,1.2822267954842504e-10
1261076325063852032,negative,0.2449187687166494
1261076325067927554,negative,0.003791336279710174
1261076325067964416,neutral,0.4189927338505553
1261076325110030337,neutral,0.4365591079490342
1261076325114183680,negative,0.014739602571710197
1261076325131042820,negative,0.09222146053125566
1261076325152030723,negative,0.18819850951687758
1261076325202182146,negative,0.030685719547169626
1261076325206556673,negative,0.054854564623139646
1261076325223153664,positive,0.9999663407572944
1261076325223272448,negative,0.01457799921338018
1261076325273677824,negative,0.004423337660155469
1261076325298630656,negative,0.1016678713183528
1261076325327986688,negative,0.08922741505789661
1261076325332369408,negative,0.00670212501348274
1261076325407711232,negative,0.0150753918386511
1261076325424660498,negative,0.049713661518088495
1261076325441257473,negative,0.1364909250749698
1261076325445468161,negative,0.010701720879631343
1261076325449646080,negative,0.07615513564421215
1261076325449658371,neutral,0.3638625139702317
1261076325466550273,neutral,0.39368841650289776
1261076325470818309,negative,0.04822971880629602
1261076325579673601,negative,0.07223508522323921
1261076325592453122,negative,0.03857743593629227
1261076325600841737,neutral,0.5140501312689977
1261076325659561987,negative,7.635526421099524e-05
1261076325705625600,negative,0.16457129599939335
1261076325714010113,positive,0.9475323721218302
1261076325802094593,negative,0.040391061829115414
1261076325885857799,negative,0.033397184654724875
1261076325890248704,neutral,0.4081043767128939
1261076325948813313,negative,0.04949264905221012
1261076325957165058,negative,0.012496811373749679
1261076326020272129,negative,0.00224367474167976
1261076326078873600,negative,0.07725859038101503
1261076326187966465,negative,0.09175671840586372
1261076326246580225,neutral,0.42695075000513394
1261076326301089793,neutral,0.4660282170093088
1261076326301134848,negative,0.20879313726175877
1261076326313857024,neutral,0.40506534230917196
1261076326351544320,negative,0.018792524166445362
1261076326414340098,negative,0.03179524365994359
1261076326628253697,positive,0.832292238698416
1261076326863208448,negative,0.03956426956698449
1261076326867501056,negative,0.00016792932068441138
1261076326955401218,negative,0.0011466001645582039
1261076327106588673,negative,0.005845174847338359
1261076327118991360,negative,0.1258650476884442
1261076327123185664,negative,0.050334654529203215
1261076327513325572,negative,0.005334587040875626
1261076327559385088,negative,0.07477465783055395
1261076327731539969,negative,0.0012726160264400546
1261076327899312128,negative,0.014253203280992294
1261076328037658634,negative,0.19462945829568815
1261076329035976704,negative,0.05280717664476831
1261076330939994112,negative,0.0002696383866511396
1261076331409870855,negative,0.0954890779049442
1261076331573493760,negative,0.0010768021892628098
1261076331607085057,positive,0.9697587883229393
1261076331770589184,negative,6.741250982577199e-07
1261076331804098560,negative,0.0019820606293284113
1261076331892281346,negative,0.002390296280066036
1261076332013740033,negative,0.16801208150723185
1261076332114587648,negative,0.3107281742138744
1261076332215140355,negative,0.3107281742138744
1261076332714364929,negative,0.1960815169692188
1261076333066665986,negative,0.02744637245112907
1261076333586788354,negative,2.4719650127702187e-05
1261076334261960704,negative,1.010735098154527e-05
1261076334404612096,neutral,0.5782148530977581
1261076335063183361,neutral,0.6048921923434396
1261076335369367552,negative,1.2668087262753646e-05
1261076335532871683,negative,0.0317563981636114
1261076336287809536,positive,0.9531860610213351
1261076336485031937,neutral,0.47918040576385446
1261076336560549888,negative,1.1204046781484859e-06
1261076336736530433,negative,0.0021173986952363545
1261076337328078848,negative,0.0008219331144770507
1261076337340690434,negative,0.023777288897458056
1261076337642680324,negative,0.001898798929743257
1261076337827119104,negative,0.07038180670255602
1261076338263408640,negative,0.0007510344211771513
1261076338414432256,negative,0.0011766452945374756
1261076339471323142,negative,9.136864889105566e-05
1261076339534282754,positive,0.8402226795728336
1261076339790155784,negative,0.0013597404041181158
1261076339899203587,negative,0.09832384234973722
1261076340326965249,negative,0.03683305186419955
1261076341409165314,negative,0.006614391054395679
1261076478453788676,neutral,0.4507454498615163
1261076478789332994,negative,0.24700878954355554
1261076479678570496,negative,2.0917080919999318e-06
1261076481213698048,negative,0.2759594967145181
1261076482467790849,negative,0.1109487683248625
1261076482740424704,negative,0.1100678013349313
1261076483927408641,neutral,0.35417210952028666
1261076484367753216,negative,0.12258462670249735
1261076485118574593,neutral,0.6027432464259264
1261076485567401990,negative,0.00024519572555506695
1261076485772840960,negative,0.00415303283746201
1261076486020161536,negative,0.0002636078572771582
1261076486288814082,negative,0.002961311291306646
1261076486536265728,negative,0.1399605818580017
1261076486569840641,negative,0.0011160744927538547
1261076486997639176,negative,0.0023809539715063137
1261076487035289601,neutral,0.333314263973405
1261076487433646081,negative,0.00027079996224063614
1261076487438053377,neutral,0.36813873394072316
1261076488197156866,negative,0.31732489718339985
1261076488843153410,positive,0.9749032670270267
1261076489358970888,negative,0.0018716796761418194
1261076489367425024,neutral,0.5944580873431633
1261076489610711041,negative,0.3005067683235352
1261076489774260224,negative,0.1689295622351949
1261076489996513285,positive,0.8602157702269029
1261076490105565186,neutral,0.40164566407707886
1261076490164342784,negative,0.2939006054589049
1261076490571169794,negative,0.003618869155013082
1261076490877370370,negative,0.002747209974911546
1261076490894168064,negative,0.013974828934767583
1261076490919141376,negative,0.002747209974911546
1261076491745533952,neutral,0.6555624138053427
1261076491846156290,neutral,0.5560976398329908
1261076492458524677,negative,0.11621235138636853
1261076492903165954,neutral,0.40485177752233803
1261076492982931459,negative,0.03602003751026866
1261076493016469510,neutral,0.49789225920557484
1261076493813395456,negative,0.013974828934767583
1261076494413107200,negative,0.002602304924830971
1261076494568370176,negative,9.893957298710984e-05
1261076494631211008,negative,0.010869709450489562
1261076494769688579,negative,1.6053769673364058e-06
1261076494794788864,negative,0.03231260460447317
1261076494878568448,negative,0.13119537634943143
1261076495285575680,positive,0.863104556696158
1261076495633702912,positive,0.9708460390988204
1261076495767875586,negative,0.00014168101474609698
1261076496078290944,negative,0.23323516035049255
1261076497131069440,neutral,0.40485177752233803
1261076499991494665,negative,0.001591109471735656
1261076500159365122,neutral,0.49789225920557484
1261076500448718848,positive,0.7323685123694561
1261076500725424128,negative,0.04830528703942058
1261076501090500611,negative,0.12258462670249735
1261076501283266560,negative,0.009480621537058576
1261076501463777282,neutral,0.3644241330562167
1261076501744713729,positive,0.8443717814927852
1261076502474563589,negative,0.1647733920947316
1261076502730477568,negative,0.10141609490443848
1261076503640576001,negative,4.270247495584254e-06
1261076503967784965,negative,0.008056548964479346
1261076504462741505,negative,0.2836210562304933
1261076504487907328,negative,0.04686420785132934
1261076504831803392,negative,1.4898984680950154e-05
1261076504987000835,negative,0.0003918792305451177
1261076506081669121,negative,0.006480189714056491
1261076506371149826,negative,0.013381734878671742
1261076506702491648,negative,0.1301416228051152
1261076506840911873,negative,0.2879839208952318
1261076507298062339,negative,0.023777288897458056
1261076508220719106,negative,4.561160744153102e-07
1261076508292063232,negative,0.07512650693209329
1261076508510019585,negative,0.015651276637743988
1261076508959035392,negative,0.03977136670057482
1261076509298774018,negative,0.31283000678271594
1261076509458141185,negative,0.1666569742327634
1261076509516849152,neutral,0.37616378929496785
1261076509709733888,negative,0.002961311291306646
1261076509957279745,negative,0.14727800467036042
1261076510187888641,negative,0.001779729331817792
1261076510770946051,negative,0.3192126659104983
1261076510774980609,neutral,0.49789225920557484
1261076511035215874,negative,0.018792524166445362
1261076511785750528,positive,0.9326410265674885
1261076511915900935,neutral,0.39010482132297875
1261076512620580866,negative,0.032276928488314274
1261076512750493697,negative,0.3275076957062075
1261076513270771713,positive,0.8940432801381126
1261076513396588544,negative,0.06391949016737832
1261076513803427840,neutral,0.5582121602773369
1261076513832816641,negative,0.012395425109043911
1261076513967013889,negative,0.004635876243800295
1261076514109632513,negative,0.03588299931515324
1261076514667401216,negative,0.0012132005688109799
1261076516559097857,negative,0.3171371949374326
1261076517020368902,negative,0.002961311291306646
1261076517053964288,negative,0.0044649497657217934
1261076517653790720,negative,1.010735098154527e-05
1261076518710710274,negative,0.3171371949374326
1261076518719098881,negative,1.1204046781484859e-06
1261076518735839232,negative,0.008627139714055557
1261076519633461250,negative,0.0005601888963226891
1261076519809691648,negative,0.31923375840236456
1261076521541931008,negative,0.041396880723658304
1261076522955350016,negative,0.10397888944573129
1261076523764928514,negative,0.2836210562304933
1261076524083695617,negative,0.00047012395949394813
1261076524586856449,neutral,0.5495922250151081
1261076526809985027,neutral,0.4393101850869295
1261076527325855744,negative,9.864592401485211e-06
1261076527569141761,negative,0.00011348498969040842
1261076527569154048,negative,0.08169722856974154
1261076527787110401,negative,6.650812630275991e-06
1261076528030498821,negative,0.0022563389035857866
1261076528038703104,negative,0.029229908611199503
1261076528667996171,negative,4.4436010848731977e-07
1261076529561382914,negative,0.10799971978412322
1261076529825624064,negative,0.008424436512622466
1261076529901187072,negative,0.001898798929743257
1261076530081476616,neutral,0.36595818820433196
1261076530224037892,negative,0.1272639780999593
1261076531172052993,negative,0.11945710604163225
1261076531356581893,negative,1.608366587313213e-06
1261076532233199616,negative,4.499933994309242e-07
1261076532245733376,negative,0.002747209974911546
1261076532669415424,negative,0.0005406650222246089
1261076533168537602,negative,0.02846369435196311
1261076533239844870,negative,0.028248486685061643
1261076534514921478,positive,0.9467726089874372
1261076534980489217,negative,2.2007850032416198e-05
1261076535156641792,negative,0.0012599601878890306
1261076536175800321,negative,1.7662777286306644e-07
1261076536465244162,negative,3.0115015260186526e-05
1261076536590991360,negative,0.1647733920947316
1261076536935014400,negative,0.013974828934767583
1261076537069240323,negative,0.0006149946184115155
1261076537245347841,negative,0.010443742453968263
1261076537576763394,negative,0.03251319416051221
1261076537610100736,negative,0.0002896923974053601
1261076537710833665,negative,0.0002636078572771582
1261076538134536193,positive,0.9586469614375335
1261076538230890496,positive,0.9062238411158277
1261076538281385985,negative,5.357561521096048e-07
1261076538528800769,negative,5.243816354899337e-08
1261076539174563840,negative,0.0005406650222246089
1261076539451437056,negative,5.626034898444311e-05
1261076540261105664,negative,0.06664755417555158
1261076540474998786,negative,0.26593147303783354
1261076540684677120,negative,0.013974828934767583
1261076681433010177,negative,0.07926378435556629
1261076681940447233,negative,0.0027706834879156262
1261076682015899648,negative,0.00024096830644614362
1261076682175328257,negative,0.005314781514019225
1261076682410164226,negative,7.454459523556661e-12
1261076682695340032,negative,0.0716604702022168
1261076682854801411,negative,0.1626375337701904
1261076683567837184,negative,0.0003307246250016788
1261076684666740738,negative,0.1626375337701904
1261076684683517953,negative,0.2710678737230197
1261076684759011333,negative,0.00027079996224063614
1261076685732155392,negative,0.003172112382117199
1261076686357102599,negative,0.0039688126499790805
1261076686487027714,negative,0.00036412690889721865
1261076686570954753,neutral,0.5580106789290911
1261076686789099522,negative,0.2381710574235696
1261076687028203521,negative,0.01720971352346673
1261076687271464962,negative,0.0823083989529253
1261076687875461122,negative,0.3107281742138744
1261076688433283078,negative,0.1355566428732691
1261076688588492803,positive,0.9537495763836815
1261076690060677121,negative,0.24155473591153268
1261076690865991682,negative,0.0014343829174904724
1261076690970779649,negative,0.00036412690889721865
1261076691113447427,negative,0.00027079996224063614
1261076691159592962,negative,0.002307356216281876
1261076691578806273,positive,0.834220077649574
1261076691767738369,negative,0.0001331299843403115
1261076693126701056,positive,0.812321066392638
1261076693600657409,neutral,0.448152944241921
1261076693789409282,neutral,0.5375218842339021
1261076693965406208,negative,5.626034898444311e-05
1261076694900801536,positive,0.8255850724920122
1261076695739781120,negative,0.1626375337701904
1261076695928516616,negative,0.002961311291306646
1261076697014849539,positive,0.9957393490282632
1261076697723568136,positive,0.8841893396324214
1261076699346685952,negative,0.006818361006468681
1261076699627884544,negative,0.03678697868122273
1261076699636269056,positive,0.8968724799273775
1261076699812331520,negative,0.0002873399348658876
1261076700277989381,negative,0.00272708099422469
1261076700462485504,negative,0.0002141633401759267
1261076700659683330,negative,0.2558990727886215
1261076703683784704,negative,0.0004615994277316352
1261076704807788544,negative,0.00491890164236136
1261076704958840832,neutral,0.44626886761113427
1261076706175127556,neutral,0.36595818820433196
1261076706384916482,negative,0.10621342427844126
1261076706590363651,negative,0.006593727922793447
1261076707714445316,negative,4.270247495584254e-06
1261076708041674753,negative,0.002307356216281876
1261076708381396994,negative,0.04506658707991072
1261076708486254599,negative,0.0054210977160623515
1261076708830121984,neutral,0.40164566407707886
1261076710545596418,negative,0.08244992742475318
1261076711007010822,negative,0.006356104364588927
1261076711015362562,negative,0.11204499621077665
1261076711149576198,negative,0.0585772995190105
1261076711711612935,negative,0.24839328972192398
1261076712189759490,negative,0.05669497792212931
1261076712630165504,neutral,0.6227579303994472
1261076713007710208,negative,0.0005918503658934132
1261076713150308356,negative,0.03246770568826779
1261076713469095937,negative,0.22815310492292012
1261076714018549763,negative,0.003925324116068255
1261076714194640897,negative,0.0301065015482542
1261076714349871110,negative,0.08141401050610941
1261076714358288384,negative,1.8778995526399163e-05
1261076714639077376,negative,0.001878229272221551
1261076714937073665,negative,0.07038180670255602
1261076714945490945,negative,4.548769609944681e-06
1261076715331293198,negative,0.19108079047977666
1261076715503263745,negative,0.0003232924523680898
1261076715767554048,negative,0.0005918503658934132
1261076715889139718,negative,0.3107281742138744
1261076716044398592,neutral,0.46127768308170247
1261076716757401601,neutral,0.35119527102927156
1261076717075959808,negative,5.846950262754838e-06
1261076717197840384,positive,0.9843207855999067
1261076717617254401,negative,0.0022563389035857866
1261076718024044546,negative,7.010565284684282e-05
1261076718477086720,negative,2.0092954309264923e-08
1261076718519037952,negative,0.030378365817921665
1261076718976225285,negative,0.01960502389655823
1261076719257165825,negative,0.0023840001497644173
1261076719349510145,negative,7.846259341188759e-05
1261076719886315520,negative,0.2210170488810634
1261076720930689032,negative,0.002961311291306646
1261076721094340609,negative,3.1724241206015587e-07
1261076721325019136,negative,0.2879839208952318
1261076721853489152,negative,0.004191751515041874
1261076722323251200,negative,0.11945710604163225
1261076722759409665,negative,0.021817482590894468
1261076722859905024,negative,0.023224257188204565
1261076723010924545,negative,0.001591109471735656
1261076723187269633,negative,2.5092237748260415e-09
1261076724097232896,neutral,0.3306625034439008
1261076724210716672,negative,0.013757849151382472
1261076724349050882,negative,0.08265736664958413
1261076724848234497,positive,0.9231293618879749
1261076725070520327,positive,0.7377474944881492
1261076725678604290,negative,0.002307356216281876
1261076725787754497,negative,0.0954890779049442
1261076727201181698,negative,0.11133386773267277
1261076727322890240,negative,0.0115462483540179
1261076728174297094,negative,4.9067039365075804e-05
1261076728547606538,negative,0.0317563981636114
1261076728585129986,negative,1.8311691241283242e-16
1261076730321809409,negative,0.00024519572555506695
1261076730799890432,negative,0.22695080687392644
1261076731261263873,negative,0.004121137018986681
1261076731965964289,negative,0.12258462670249735
1261076732561494016,negative,1.6913623047935721e-06
1261076732716765186,positive,0.7063886088386824
1261076734419574784,negative,1.6072672789291561e-15
1261076734893580289,negative,0.008367587527636607
1261076734985875457,negative,0.00034318269229645533
1261076735107510272,negative,0.002961311291306646
1261076735401000960,negative,0.009642943453271305
1261076735937970182,positive,0.8402226795728336
1261076736088977408,positive,0.782993178198467
1261076736852312066,negative,0.3107281742138744
1261076736994873347,negative,0.003208617177402718
1261076737015906312,negative,0.021817482590894468
1261076737397534720,negative,0.0369274441895653
1261076737821224963,negative,0.02947139026599974
1261076737934471170,negative,0.3041968421952189
1261076738165092355,negative,0.2911482948499813
1261076738664169472,negative,0.01306956848222051
1261076739108884482,negative,0.002747209974911546
1261076739356266496,negative,0.02746678067043866
1261076739415068672,negative,0.2756315676372902
1261076739889008641,negative,0.003010741641387486
1261076741235314695,positive,0.7307227494125816
1261076875436228621,negative,0.00035799958361250263
1261076875645865984,negative,1.5723773902057163e-05
1261076875939627008,negative,0.006476963414056496
1261076876619059201,negative,0.0005918503658934132
1261076876719804418,negative,0.002747209974911546
1261076877575360512,positive,0.7307227494125816
1261076878175211525,negative,2.5092237748260415e-09
1261076880897257479,negative,0.009141893535151387
1261076881069219842,negative,1.010735098154527e-05
1261076881551568898,negative,0.2544389029600646
1261076881643839490,negative,0.2471051277119641
1261076882134568960,negative,0.24165437627233213
1261076883481006083,negative,0.16476372593106628
1261076883522936832,negative,0.00478941394911801
1261076884386791424,negative,0.029229908611199503
1261076884403732480,negative,0.00553736423955383
1261076884550451200,negative,0.003007911883937286
1261076884886077441,negative,3.080586002607712e-11
1261076886089863170,negative,0.0014700234554034985
1261076886718943235,neutral,0.4985928500860049
1261076887037771776,neutral,0.41442583369455643
1261076887436173314,negative,1.6053769673364058e-06
1261076888509874178,neutral,0.499410982095509
1261076888723886081,negative,1.7310631811385797e-05
1261076888774156288,negative,0.0027887282691079966
1261076888967155714,negative,0.005376655085047213
1261076889260744704,negative,0.00023995861311041906
1261076889331994624,negative,0.10026212383222648
1261076890036711432,negative,4.4096490972475857e-05
1261076890498056194,negative,0.0005424592804865539
1261076890921717767,positive,0.8573381608825863
1261076891743719425,negative,0.12258462670249735
1261076892653883395,negative,0.002961311291306646
1261076892792295424,negative,0.005334587040875626
1261076892876144641,negative,0.0008219331144770507
1261076893194956800,negative,0.2592067178318392
1261076893455069185,negative,0.002961311291306646
1261076893589266432,negative,5.387092814797093e-05
1261076893824057354,positive,0.7791982446618752
1261076893861904385,negative,3.0810324602858106e-09
1261076894344241164,negative,0.0003307246250016788
1261076894738460672,positive,0.7620633217217692
1261076895522750465,positive,0.6858356578051783
1261076896097406983,negative,0.0007947159759837071
1261076896655257601,negative,0.002554836431454779
1261076896906907648,negative,0.21656401232843772
1261076897842237443,positive,0.9580883493173452
1261076898647597073,negative,0.1403112248767587
1261076898798604291,positive,0.7908823791618218
1261076899331223552,positive,0.9828135523189936
1261076899549208576,neutral,0.34503062106406457
1261076900203556865,negative,0.013599149328954644
1261076900518264835,negative,0.019136824791868293
1261076901428432897,negative,1.4953004700781255e-05
1261076901688487943,negative,0.19731840969612646
1261076902070177792,negative,0.0001076618496006159
1261076902372093952,negative,0.028326030823041384
1261076902544117762,neutral,0.6102779661148551
1261076902711787521,negative,0.2942703269035874
1261076902711869449,negative,0.250708095051559
1261076902816575488,negative,0.002747209974911546
1261076903932411904,negative,0.0008219331144770507
1261076903936606208,negative,0.002747209974911546
1261076904024707077,positive,0.9176989250560961
1261076905714831360,negative,0.0002636078572771582
1261076906587426816,positive,0.9857382593777624
1261076906813919233,negative,0.003181371669903001
1261076907094945793,negative,0.0007510344211771513
1261076907656962050,negative,3.0330822798141326e-05
1261076909707923456,negative,0.06264495440836211
1261076910022377473,negative,0.03877501429796996
1261076910450319360,negative,8.056574084870313e-06
1261076911012433920,negative,0.3045097542851128
1261076911771529216,negative,0.009888115581978685
1261076912174235653,negative,0.03187531387841372
1261076912518189056,negative,0.005855900785782243
1261076913159880704,negative,0.004903000769118489
1261076914208493568,negative,0.1301416228051152
1261076914258825221,neutral,0.47865870524693105
1261076914619527170,negative,0.0014835570421181082
1261076914653069317,negative,0.008862810858757673
1261076914845908993,negative,0.031118843211946304
1261076915403833344,negative,0.0005768679770916307
1261076916422840320,negative,0.007998077396007124
1261076917299675137,negative,0.003750347257303627
1261076918444711936,negative,0.0032740466981067695
1261076918931259398,negative,0.09108743421664485
1261076919703015426,positive,0.8310866263666253
1261076919740780549,negative,0.31776367965613117
1261076919845564423,negative,0.06967499314271368
1261076919908470789,negative,0.041396880723658304
1261076920474763270,negative,0.0006125151914138882
1261076920793542657,positive,0.9982045510284216
1261076920957054976,neutral,0.5582121602773369
1261076921229684737,negative,0.00011348498969040842
1261076921858822145,negative,0.03958502455990173
1261076922064404481,negative,4.410710560560609e-06
1261076922500616195,negative,0.0954890779049442
1261076923796434944,negative,0.03179524365994359
1261076924006371341,negative,0.14135659486958693
1261076924656427008,neutral,0.41442583369455643
1261076925046554624,negative,0.12543272581993273
1261076925306503170,negative,0.0016244481520802086
1261076925482782722,negative,0.0005918503658934132
1261076925604409345,negative,0.1872433744277917
1261076925663100929,negative,0.11945710604163225
1261076925965049860,negative,0.03299988820987437
1261076926032220160,negative,0.12096680268493944
1261076927500050432,positive,0.9389621663742063
1261076927751819264,neutral,0.3424616130281868
1261076927961587714,negative,0.0698577425667702
1261076928045473792,negative,0.19770369928745482
1261076928766849031,neutral,0.40485177752233803
1261076929119227906,negative,0.1913620992948721
1261076929152679936,negative,0.1422358461833887
1261076930142654472,negative,0.04806312686579951
1261076930335510533,negative,0.002961311291306646
1261076931619012609,negative,7.889195646089597e-05
1261076932227203074,negative,0.02969552348567477
1261076932554305542,negative,0.015651276637743988
1261076932717940736,neutral,0.44203421560871836
1261076932818382848,negative,0.05676419224307674
1261076933267390464,neutral,0.47760839526369675
1261076933816864774,neutral,0.4478814827726608
1261076933997146118,negative,0.0002420947196336421
1261076934282395651,negative,0.002747209974911546
1261076936501190664,negative,0.001898798929743257
1261076937155452929,negative,0.03246770568826779
1261076939109957638,negative,0.1626375337701904
1261076939160399872,negative,3.296344768147336e-05
1261076939407843328,negative,0.04402549133216028
1261076939529424896,negative,0.0005571454529042819
1261076940468830209,negative,0.008273996442184241
1261076940552843268,negative,0.003618869155013082
1261076940661886976,negative,0.0018716796761418194
1261077076335038471,negative,8.60971811163236e-06
1261077077337530368,negative,0.0954890779049442
1261077077379485696,neutral,0.6521266627382928
1261077078419607559,negative,0.06600886857146838
1261077078780379137,negative,0.21282159451404753
1261077080076402688,negative,0.08741889974069354
1261077080353017859,negative,0.1872433744277917
1261077080583872514,negative,0.0014835570421181082
1261077080818712578,negative,0.3200780906683345
1261077081389174785,negative,0.00018603139091997854
1261077081967992834,negative,0.12240738383583477
1261077082043551745,negative,0.18257755894886069
1261077082446143488,negative,0.2942703269035874
1261077082446184451,negative,0.054572160237788936
1261077082731356160,negative,1.4898984680950154e-05
1261077083079483393,negative,5.3761501201562894e-05
1261077083956097024,negative,0.15155827535433017
1261077083972874247,negative,0.2756315676372902
1261077084257923074,negative,0.0036017663580761696
1261077087638732800,negative,0.0013453493002364948
1261077087890350088,negative,0.3107281742138744
1261077088150474755,negative,0.15852907913144687
1261077089199034370,negative,1.6019772657417197e-05
1261077089333194754,negative,0.22367519312499795
1261077089538715652,negative,0.00018603139091997854
1261077089719136257,negative,8.14671803923411e-05
1261077090037837824,negative,0.002747209974911546
1261077090536996865,negative,0.0033753208263250984
1261077091438735360,negative,0.08775545253800286
1261077091644313606,negative,0.013136841515540546
1261077092445360130,negative,0.03289608090109384
1261077094202855424,negative,0.004759404654389538
1261077095033290758,negative,0.009271769585855787
1261077095175860224,negative,0.001977125547430271
1261077096123809797,negative,0.08647324490552778
1261077097788977152,neutral,0.6132736493545415
1261077098430693382,negative,0.003618869155013082
1261077098820767745,negative,0.004078651694856543
1261077099126939648,negative,0.17976103150714753
1261077099491844097,negative,0.002747209974911546
1261077101450584064,negative,0.03857743593629227
1261077101958103040,negative,0.09548710864510265
1261077103203713025,negative,1.5509940305400943e-05
1261077103660855296,negative,1.7662777286306644e-07
1261077103862317057,negative,0.20860920355757837
1261077104160059397,neutral,0.5063119614753882
1261077104927690752,neutral,0.49789225920557484
1261077104973709320,negative,9.590555968490829e-05
1261077105070276610,negative,0.3272873797275189
1261077105670053894,negative,0.09354068925630403
1261077105867186182,negative,0.003208617177402718
1261077106009804805,negative,0.2448159816673393
1261077106139828224,negative,0.061260051835624316
1261077108270354435,neutral,0.44203421560871836
1261077108392165378,negative,0.1626375337701904
1261077108736045056,negative,0.033125921113548305
1261077109721772033,negative,0.0023191006386854294
1261077111361724423,negative,0.11621235138636853
1261077112599072769,positive,0.8573381608825863
1261077113127481345,negative,0.05017911164888077
1261077113173663746,negative,4.270247495584254e-06
1261077113286901766,positive,0.8544323207397936
1261077113345585159,negative,0.013087595171789295
1261077113941168128,neutral,0.35119527102927156
1261077114046029824,negative,1.7275121182608282e-06
1261077114117402624,negative,6.74603597580003e-06
1261077114255704064,negative,0.002307356216281876
1261077115333640193,negative,0.00011348498969040842
1261077115551834113,negative,0.0001570166036769562
1261077116638179329,negative,4.90029086829862e-06
1261077117355335681,negative,0.0035434464923789345
1261077117917413377,negative,0.004635876243800295
1261077119544647680,negative,0.0012546751334543765
1261077121008644096,negative,0.014638282560491054
1261077121386020867,negative,0.03548178564333209
1261077121658753025,negative,0.062214896000267327
1261077122153676800,negative,0.00232100785074468
1261077122161967110,negative,0.08955736794332136
1261077122816380929,negative,0.004969527440369391
1261077123017695233,negative,0.1947092665273231
1261077123349057537,negative,0.07062044395052396
1261077123374231552,negative,0.010554549143264032
1261077123810209792,negative,0.000635743175293811
1261077124666085376,negative,0.00018603139091997854
1261077125618184192,negative,0.3005067683235352
1261077125643350022,negative,5.854900523838392e-07
1261077125970485248,neutral,0.5693310940442049
1261077126066794498,negative,0.19976178666780633
1261077126758969345,negative,0.00468068349552889
1261077126922604545,negative,0.0893989674563143
1261077127161679873,negative,0.24706974134033197
1261077127245545472,negative,0.003501666747819522
1261077129149767682,negative,0.007760697430112886
1261077129682444288,negative,9.588478932826536e-06
1261077130609393669,negative,4.532280964290462e-06
1261077130638766084,negative,0.023359055203683803
1261077131863433224,negative,0.11621235138636853
1261077132060561410,negative,0.0007570970194492313
1261077132165472262,negative,0.2515187754415142
1261077132186353664,negative,0.005014538927507596
1261077132190658563,negative,0.030639981256277756
1261077134845579264,negative,0.000497102899407363
1261077135072075782,positive,0.9248774206181325
1261077135109865472,negative,0.13397866938779301
1261077135185362945,negative,0.036866956471005
1261077135382458368,neutral,0.3685180960909114
1261077136040919042,negative,0.03602003751026866
1261077136603066379,neutral,0.3403391890910929
1261077137680932865,negative,1.969729523175118e-06
1261077138112950272,negative,1.056167556678431e-10
1261077138826018822,negative,0.02293352318095639
1261077139056726016,neutral,0.494568399471506
1261077139400646666,negative,0.04830528703942058
1261077139815882752,negative,9.66017619943069e-07
1261077140386308097,negative,4.044620783127729e-13
1261077278458621952,negative,0.1603126569757053
1261077278479519744,negative,0.16838572573702976
1261077278504747009,negative,0.003618869155013082
1261077279515557888,negative,0.037743567768304606
1261077280308244480,negative,0.008564417643525744
1261077280744497153,negative,0.00013938428386595455
1261077281063215106,negative,1.2623509139120765e-07
1261077281193316352,positive,0.9843207855999067
1261077281684029441,negative,0.15551408660071112
1261077281843314688,negative,0.0187922987113914
1261077282262781953,negative,0.00045059216013230736
1261077282564771842,neutral,0.5521729585144395
1261077282602528770,negative,0.3107281742138744
1261077282761912326,negative,1.6862963984118206e-05
1261077283068092417,positive,0.9922798603199409
1261077284091572230,negative,0.029024418385163137
1261077285538607107,negative,0.008905588854766963
1261077285567897603,negative,3.5957601273795965e-07
1261077285756641285,negative,0.033957862829775115
1261077286075465728,negative,0.0005823815855797166
1261077286490722304,negative,0.1666438900359592
1261077287530881030,negative,0.0004615994277316352
1261077288256516096,negative,0.013381734878671742
1261077288453627911,neutral,0.44831036907294464
1261077288495591424,negative,1.4898984680950154e-05
1261077288503869440,negative,0.04582097192912811
1261077288789118978,negative,0.00035982711665099627
1261077289078419456,negative,0.0023163947951462746
1261077289325998081,negative,0.013381734878671742
1261077289745428481,negative,0.003618869155013082
1261077289854554114,negative,0.004969527440369391
1261077289896423427,negative,0.09614630925827154
1261077289946820610,negative,0.001099609497697976
1261077290558971904,negative,0.022788403401924597
1261077291410485248,negative,0.04202991237264156
1261077291817467904,negative,0.07875717597298434
1261077292496957440,negative,2.164426582851351e-05
1261077292673126402,negative,0.09376906045436378
1261077293809782788,negative,0.0954890779049442
1261077294036197376,negative,0.07069531918105357
1261077295780986880,negative,0.003618869155013082
1261077296087044096,negative,3.455281946599237e-05
1261077297228111874,negative,0.034197862665609584
1261077298037403648,negative,0.07537401587138517
1261077298238939141,neutral,0.40485177752233803
1261077298251522048,negative,0.030312881225347532
1261077298452848640,neutral,0.333314263973405
1261077299383996416,negative,0.13397866938779301
1261077299409178632,positive,0.6726830474394413
1261077299455299584,negative,0.0028255310861566947
1261077300029898752,negative,0.026399941193125876
1261077300386414593,negative,0.00782070513249228
1261077300751335424,negative,0.00014506705254332288
1261077301002940418,negative,0.04806312686579951
1261077302038929417,neutral,0.5237744460667915
1261077302311636992,negative,0.19080272724089742
1261077302495985665,neutral,0.35828511894140086
1261077302903025665,negative,0.15255320072981543
1261077303087501312,negative,1.4121078744065183e-08
1261077303402127361,negative,0.017101039199567323
1261077303632842754,negative,0.015651276637743988
1261077303720914954,negative,0.08265736664958413
1261077303951589376,neutral,0.43387943934994044
1261077304312299528,negative,0.05391390986327413
1261077304962355202,neutral,0.49789225920557484
1261077306522644481,negative,0.1872433744277917
1261077307562868741,negative,0.1856936412008333
1261077307734753286,negative,0.003607179671693701
1261077308041048069,neutral,0.37007744298490036
1261077308686823424,negative,0.07038180670255602
1261077308741505025,negative,0.2836210562304933
1261077310423392257,negative,0.0002636078572771582
1261077310700228611,negative,0.0021649110958003016
1261077311417393152,negative,6.939847987334353e-07
1261077311543263232,negative,0.0003888235757844206
1261077311685828608,negative,0.06594645337359155
1261077311803101184,negative,2.5008509217119566e-12
1261077311811715074,negative,0.0883156344496721
1261077311979429893,negative,0.03617352735728829
1261077313476755457,negative,0.002961311291306646
1261077314001141760,negative,0.0006149946184115155
1261077314005155840,negative,0.0002636078572771582
1261077314290561030,negative,0.002961311291306646
1261077315460763648,negative,0.0004615994277316352
1261077315578142722,negative,0.06893245735624899
1261077315808878600,negative,0.012491509334278604
1261077316333166592,negative,0.0834800784471925
1261077316773519360,positive,0.9995808619530799
1261077316974907393,neutral,0.3330716321755111
1261077317306155009,negative,0.300535796996593
1261077317746647041,negative,0.008627139714055557
1261077317805375496,positive,0.8986354478138652
1261077318027677696,negative,0.06549236838440162
1261077318308593665,negative,0.03358990628348098
1261077318891536384,negative,0.0001021056840430078
1261077319181119490,neutral,0.49789225920557484
1261077319617257473,negative,1.010735098154527e-05
1261077319705378817,negative,0.002747209974911546
1261077319726313473,negative,0.050003517295371495
1261077320305123329,negative,0.008905588854766963
1261077320435224577,negative,0.05756331860758005
1261077320686882816,negative,0.010320231446011024
1261077320795852801,negative,0.024867010674942364
1261077320867229706,negative,0.002961311291306646
1261077321521520642,positive,0.7614259266590937
1261077321685106690,neutral,0.46127768308170247
1261077321735421959,negative,0.3107281742138744
1261077322150694915,negative,0.023777288897458056
1261077322259730432,negative,0.00016329058033381143
1261077322347810821,negative,0.009883756970001954
1261077322851127296,negative,0.0002636078572771582
1261077323123736579,negative,0.008627139714055557
1261077323178180609,negative,9.547866426921815e-11
1261077323878748161,negative,0.002826291078105717
1261077324272975877,negative,0.03581279561100945
1261077325359255558,negative,0.002747209974911546
1261077325795467268,negative,0.0954890779049442
1261077327624179713,negative,0.1420168038230158
1261077328018518016,negative,0.0006149946184115155
1261077328039460864,negative,0.0003080951221909217
1261077328211386373,neutral,0.3306625034439008
1261077328278495233,negative,0.15409735668224786
1261077328488169472,positive,0.6961714941454674
1261077328651829249,negative,0.0001960868640894239
1261077328672821253,negative,0.010855803996302902
1261077329276739585,negative,0.021058380263997072
1261077330606293004,positive,0.9843207855999067
1261077331088736256,negative,0.0017103622810660671
1261077331357114368,negative,5.029728837218116e-05
1261077331898056706,negative,0.010049184116769028
1261077332120354816,negative,0.15462323971691205
1261077334913925122,negative,1.010735098154527e-05
1261077335110975488,negative,0.21656401232843772
1261077335916322817,neutral,0.636275314874707
1261077336029609984,negative,0.018588598971709423
1261077336503484427,negative,0.02589981524950632
1261077336692346881,negative,0.0039688126499790805
1261077336914563073,neutral,0.5017329992396988
1261077337107464193,negative,0.14684270962798032
1261077337250181122,negative,0.00536109508018642
1261077337262694401,negative,0.002307356216281876
1261077339267567616,negative,0.21921412548362115
1261077339389210626,negative,0.03364125042073363
1261077340131647490,negative,0.010554549143264032
1261077340374867970,positive,0.7323685123694561
1261077340731461632,negative,0.1626375337701904
1261077342308519936,neutral,0.5495922250151081
1261077342384009222,negative,0.0007344638699318135
1261077475469205506,neutral,0.40485177752233803
1261077475779624960,negative,0.006498405061405914
1261077475821522944,negative,0.00034318269229645533
1261077475884519425,negative,0.23323516035049255
1261077476148686849,negative,0.00012349278705418976
1261077476396187649,neutral,0.35119527102927156
1261077476828229633,negative,2.146519195420295e-06
1261077476920512513,negative,0.11945710604163225
1261077477746769921,negative,0.04806312686579951
1261077477763559424,positive,0.8602157702269029
1261077478027571201,negative,0.15245603196008226
1261077478233292803,neutral,0.5944580873431633
1261077479114113025,negative,0.008451692347386184
1261077479214759936,negative,0.002961311291306646
1261077480531800064,negative,0.2772954894302519
1261077481441951745,neutral,0.35000532810977153
1261077481613864961,negative,0.0001019961695275448
1261077481748127744,negative,2.0917080919999318e-06
1261077482477846530,negative,0.10063909080958762
1261077482578550786,negative,3.818290740172926e-05
1261077483648139267,negative,0.003440142857554426
1261077483731943424,negative,0.0044649497657217934
1261077484730286082,negative,0.00030415146075788693
1261077485518827520,neutral,0.4253064966227345
1261077486064095234,neutral,0.3414451402798415
1261077486504419328,neutral,0.35119527102927156
1261077486684852225,negative,3.27758608921548e-10
1261077486798090242,negative,0.3020135550609068
1261077486923730944,negative,0.14631552242657997
1261077487120875522,positive,0.9973324974916767
1261077487154593797,neutral,0.41399731430916176
1261077487230095374,negative,0.0954890779049442
1261077487771095041,negative,7.206543686694602e-05
1261077488437989377,negative,0.016089771009965895
1261077488597446656,positive,0.9633980756098398
1261077489595625473,negative,0.16241466371535326
1261077489646002179,negative,0.3107281742138744
1261077489675313152,negative,4.548769609944681e-06
1261077489910198272,negative,0.0012360332784193575
1261077490044473352,negative,0.14270681472899416
1261077490363219969,negative,0.002961311291306646
1261077490648391680,negative,0.0007187371680417638
1261077491382472710,neutral,0.402941836443315
1261077492481372163,negative,0.021604702415670685
1261077492930052097,negative,0.059519774474461676
1261077493274025988,negative,3.2782649479552114e-06
1261077493546651650,negative,0.09685148986139684
1261077494905569280,negative,0.009141893535151387
1261077495157346307,negative,0.25528886699735714
1261077495278964736,negative,0.0027840898851617113
1261077495425708032,negative,0.00024519572555506695
1261077495467651074,negative,0.0014173389471305033
1261077495799066627,negative,0.3277224880679646
1261077497782980612,negative,0.001304380332448816
1261077497954947079,negative,0.22695080687392644
1261077499099807745,negative,0.1576976092871658
1261077499934576641,positive,0.958921312958823
1261077500303675392,neutral,0.4129885006342927
1261077500685418497,negative,0.21280585774289323
1261077501327167488,negative,0.00012359768427432682
1261077501465559040,negative,0.010930989587727001
1261077503122313217,negative,1.4638354211973796e-05
1261077504460292096,negative,4.548769609944681e-06
1261077506624552961,negative,0.00022689851944994208
1261077507345965057,negative,0.14684270962798032
1261077507501154305,negative,0.0018921155129841222
1261077507576664064,negative,0.04294207225437363
1261077507752648706,negative,0.035548279229802124
1261077507899613188,negative,0.002961311291306646
1261077507954147328,neutral,0.37616378929496785
1261077508021256192,positive,0.9648056105892359
1261077511275982849,neutral,0.5896148069136171
1261077511510917120,negative,0.03983031260542193
1261077511921901568,negative,5.357561521096048e-07
1261077511980580873,negative,0.007328641019989721
1261077512005746691,negative,1.774969569516907e-05
1261077512110641157,neutral,0.35119527102927156
1261077512744062977,negative,7.116872392125079e-05
1261077512869814273,negative,0.11086301632614479
1261077513272537088,negative,0.005356686512746875
1261077514191060993,negative,0.0008658808987767491
1261077515042521088,negative,0.0532864946257451
1261077515256332290,negative,0.018220946832287876
1261077516439162884,negative,0.0003024765162551233
1261077517181616139,negative,1.9682768441201003e-05
1261077517420695557,neutral,0.35119527102927156
1261077518318284801,negative,0.0009384608430989509
1261077518435659776,positive,0.7313864714800378
1261077519597539331,negative,1.15209067271091e-05
1261077519622602752,negative,0.0954890779049442
1261077519643656192,negative,0.009467045409062229
1261077519765082114,negative,0.03371647357108172
1261077519983431680,negative,0.08538827727114746
1261077520004395008,negative,0.013974828934767583
1261077521023500289,neutral,0.6067551120528589
1261077521673707520,negative,2.2443795211473365e-06
1261077522474729475,neutral,0.36813873394072316
1261077523322081286,negative,0.21656401232843772
1261077523397586945,negative,0.0352952498830695
1261077523611496448,neutral,0.5334551903795411
1261077524483719170,negative,0.1872433744277917
1261077524794290177,negative,0.0019009991249393514
1261077525658243074,negative,0.0008493048386039594
1261077525729406976,negative,0.002747209974911546
1261077525888995331,negative,2.146519195420295e-06
1261077527478579201,negative,0.0005918503658934132
1261077527914860544,negative,0.00033720549399789774
1261077528661364738,negative,3.5984734135906767e-13
1261077529089236992,negative,0.1846533874971922
1261077530360119297,negative,0.0005918503658934132
1261077530599198720,negative,0.24155473591153268
1261077531047923713,negative,3.1724241206015587e-07
1261077531337383941,negative,0.005464308395389653
1261077531891052544,negative,0.03352521420975897
1261077532436299776,negative,0.006476963414056496
1261077533606531073,negative,0.00012359768427432682
1261077533795237890,negative,0.019633128088397084
1261077534030037000,negative,0.0021506182688690815
1261077534101458945,negative,0.005182993065430292
1261077534445309960,positive,0.8733126396729881
1261077535443607556,negative,0.0954890779049442
1261077535783337984,negative,5.513177482326524e-05
1261077535993012231,negative,0.03251319416051221
1261077536005664770,negative,0.1872433744277917
1261077536626421761,negative,0.01615139196804035
1261077536768917507,negative,0.0009903508901862063
1261077536865386499,negative,0.03156432747399167
1261077536974438401,negative,0.006682587722301313
1261077537146404864,negative,0.021817482590894468
1261077537318412288,negative,3.0115015260186526e-05
1261077538069151747,negative,0.00027079996224063614
1261077538572587009,neutral,0.44203421560871836
1261077538748739585,negative,0.0008219331144770507
1261077539029749760,negative,0.0024174625920033426
1261077539348525056,negative,0.06470242612319486
1261077540321591296,negative,0.0011179394400701688
1261077682751668225,neutral,0.522140961576708
1261077682869207041,positive,0.8214394121627385
1261077683049562115,negative,0.008006773974374722
1261077683246678016,negative,1.3887318448170715e-05
1261077683485716480,negative,0.013184842517972238
1261077684286713856,negative,0.0015463167378863146
1261077685289332741,positive,0.7265145744353184
1261077685645856768,negative,0.002747209974911546
1261077686782492674,negative,0.0834800784471925
1261077687042486274,negative,0.10623097123350622
1261077687289950208,negative,0.0008219331144770507
1261077687818317824,neutral,0.4180405129631963
1261077687919161350,negative,0.0044649497657217934
1261077688455962625,neutral,0.44203421560871836
1261077689366085643,negative,0.09628657895223199
1261077689403916289,negative,0.002394391770829032
1261077690058244096,negative,0.0947871643658122
1261077690104283141,neutral,0.5288636399463092
1261077690586664960,negative,0.0008219331144770507
1261077690829934594,negative,1.9804968887678703e-07
1261077691060518912,negative,4.425527812257477e-06
1261077691970850820,negative,0.0003024765162551233
1261077692629372931,negative,7.658443726596653e-05
1261077692797145089,negative,0.002961311291306646
1261077693325545474,negative,0.1626375337701904
1261077693606645760,negative,0.2836210562304933
1261077694185238529,negative,0.006183883230555579
1261077694663610368,neutral,0.5085468592262525
1261077694994878466,negative,0.0008219331144770507
1261077695208787975,negative,0.02953951835280389
1261077695720574977,negative,0.008885508704646487
1261077695934468101,positive,0.8467813792165689
1261077696311787521,negative,0.005376655085047213
1261077696710348801,neutral,0.44203421560871836
1261077696764878848,negative,0.04168285997509087
1261077697222115332,negative,0.00019841211574277878
1261077697897299973,neutral,0.5242070063032754
1261077698740355072,positive,0.9843207855999067
1261077698845315079,positive,0.7547412978184019
1261077699000401922,neutral,0.6132736493545415
1261077699113766923,negative,4.935160254032117e-10
1261077700208361473,positive,0.8544323207397936
1261077700246228993,negative,0.0005918503658934132
1261077701106044928,negative,0.023777288897458056
1261077701127016448,negative,0.01141001033874192
1261077701693186051,negative,0.002961311291306646
1261077702318186496,negative,0.11945710604163225
1261077703446454278,negative,0.3107281742138744
1261077703786139651,negative,0.08775545253800286
1261077703999909889,negative,1.010735098154527e-05
1261077704591511554,negative,0.010420379331286233
1261077704675393537,negative,0.0008219331144770507
1261077704767651840,neutral,0.5688215188623142
1261077704859942912,neutral,0.49026705531667353
1261077705220673538,negative,9.378393453770348e-06
1261077705434464256,negative,0.008264890073261685
1261077707019956225,negative,0.03602003751026866
1261077707451965440,negative,0.00020719049110211514
1261077708412518400,negative,0.05249588701700755
1261077708496388101,negative,0.01306956848222051
1261077708856979457,negative,0.0005406650222246089
1261077709230354432,neutral,0.5495922250151081
1261077709775495168,negative,0.0003991772136203813
1261077709851103233,negative,0.002961311291306646
1261077712149655553,neutral,0.37859974459627066
1261077713005293572,negative,0.31776367965613117
1261077713122734085,negative,0.006041832929755191
1261077713307213824,positive,0.922051966348849
1261077714531827713,negative,6.886679409169576e-06
1261077714544582656,negative,0.002961311291306646
1261077715555438598,negative,1.5711645603272295e-05
1261077716314591232,negative,0.07548830909772285
1261077716687826945,negative,0.041396880723658304
1261077717304389632,negative,0.15709760186304256
1261077719049109504,negative,0.07452227668217493
1261077719095410694,negative,0.002961311291306646
1261077719732957186,positive,0.9838668812487167
1261077720362029063,negative,0.002961311291306646
1261077720563400704,negative,0.0012683482178986554
1261077720664080384,negative,0.017922478947906002
1261077721070948354,negative,0.25611707218416274
1261077721448435712,negative,0.008273996442184241
1261077721519656961,negative,4.088979182642987e-06
1261077722186559489,negative,0.003587812303007923
1261077722748551174,negative,4.270247495584254e-06
1261077723335843841,negative,0.1626375337701904
1261077723809636352,neutral,0.42568311589091995
1261077723851689984,negative,0.000601171969871356
1261077724044636162,negative,2.513766774357178e-07
1261077724216557570,negative,0.0002636078572771582
1261077724254396416,negative,0.0005646365337690077
1261077725080702981,negative,0.002747209974911546
1261077725567213578,neutral,0.3767422317892411
1261077725843947525,negative,0.11621235138636853
1261077725936222208,negative,0.2042517137896546
1261077726405910528,neutral,0.33132884362057824
1261077726435274752,negative,0.1062832312974833
1261077726456434690,negative,0.018588598971709423
1261077727211331585,negative,0.0004825597759924622
1261077727345508353,negative,0.0001523030940260892
1261077727861489664,negative,0.11945710604163225
1261077728918413312,negative,0.23057309273524498
1261077729254019072,negative,0.10016810053010487
1261077729413226496,negative,0.0006727348865725926
1261077729421586434,negative,0.2942703269035874
1261077729702748162,negative,0.2718257296976233
1261077731888050176,negative,0.0004615994277316352
1261077732756205568,negative,0.016222635036702078
1261077732890488832,negative,0.008273996442184241
1261077734358257664,negative,0.002747209974911546
1261077735818092550,negative,0.0003080951221909217
1261077736459829248,negative,0.10548460047231341
1261077738133368832,negative,0.009642943453271305
1261077738582151169,negative,0.22695080687392644
1261077738913480711,negative,0.007044373689257045
1261077739035123713,negative,0.031118843211946304
1261077740834471936,positive,0.9843207855999067
1261077740834508800,negative,0.00024519572555506695
1261077740997840896,negative,0.1872433744277917
1261077741056688129,negative,0.00246093735581068
1261077741228691456,negative,0.010554549143264032
1261077742130466816,positive,0.7723772045853299
1261079080465846274,positive,0.9133540972849135
1261079081082290176,negative,0.003618869155013082
1261079081283706883,negative,0.004040180562324345
1261079081522692098,negative,2.194633879179418e-11
1261079082080653314,negative,0.01306956848222051
1261079082143490050,negative,0.23773314561573097
1261079082982309895,negative,0.24165437627233213
1261079083817095172,neutral,0.3499352441185855
1261079084064481281,negative,0.23820834532183754
1261079084337160193,negative,0.0003518494512636856
1261079084567801857,negative,2.147551206409598e-07
1261079085071155200,negative,0.004635876243800295
1261079086132330498,negative,1.9935454904900236e-05
1261079086803402752,negative,0.25047865076371006
1261079087394807810,negative,2.9445455187013062e-05
1261079088099442695,negative,7.426863217030776e-11
1261079088141406208,negative,0.0008219331144770507
1261079088237871104,positive,0.7620633217217692
1261079088648904705,negative,0.0006326777649042132
1261079088921485312,negative,0.16424853655654345
1261079089005420552,positive,0.9780849255200196
1261079089475092484,negative,0.18812125692373952
1261079089601003523,negative,0.0008658808987767491
1261079089617743874,negative,0.21280585774289323
1261079089999482881,negative,0.08563428771476056
1261079090372784129,negative,0.0016403381289822106
1261079090448216065,negative,0.2753602941777099
1261079090486018056,negative,1.6398320312366587e-06
1261079091190607872,neutral,0.5495922250151081
1261079091241013248,negative,4.270247495584254e-06
1261079091333050368,negative,0.14104435762376835
1261079091580715015,negative,0.03465235985032818
1261079092587302914,negative,0.31776367965613117
1261079092776099844,negative,3.3148431728374284e-06
1261079093358948352,negative,0.08552668405923285
1261079094516572160,positive,0.8402226795728336
1261079094533464065,negative,0.20267801294958188
1261079094541922304,negative,0.002747209974911546
1261079094705491969,negative,0.013381734878671742
1261079094785081345,negative,0.001631578811359962
1261079095535972352,negative,0.06264495440836211
1261079095544291328,negative,0.18068581080173343
1261079095892377602,negative,0.06352324431657345
1261079096072773636,neutral,0.5761076399742056
1261079097595305986,negative,0.003501666747819522
1261079099679870981,negative,0.3107281742138744
1261079100497833991,negative,0.023184254016819294
1261079100514619392,negative,0.07011194103648936
1261079100548173825,negative,0.0012898495188051213
1261079100761964545,negative,0.01654451539263268
1261079100959019009,negative,0.2942703269035874
1261079101953265664,negative,0.000388250394190654
1261079102020292608,negative,0.1188161120608343
1261079102112460800,positive,0.9944737119524419
1261079103446429697,negative,0.00034599575992036533
1261079104654323712,negative,0.0647937370455754
1261079104792571905,negative,0.002747209974911546
1261079105430261760,negative,2.2556621980435782e-05
1261079105732333568,negative,0.2791081622670688
1261079107028353038,negative,0.04307842612707615
1261079107246477315,positive,0.8944143812537313
1261079108513079296,negative,0.010024523927155757
1261079109704302595,negative,0.002307356216281876
1261079111415496704,negative,0.01971991899963668
1261079111855898635,negative,0.06983987164686625
1261079112115986435,negative,0.1647733920947316
1261079113093308416,negative,0.013974828934767583
1261079113353347075,negative,0.00030090727674358144
1261079113382707201,negative,0.000497102899407363
1261079113500102656,negative,0.0028255310861566947
1261079113688739842,negative,0.02163285519072621
1261079113760153600,positive,0.8401154641959865
1261079114720718848,negative,0.2756315676372902
1261079118168444929,negative,0.11261856802887601
1261079119082766336,negative,0.003140987092407014
1261079120261320711,negative,0.0001021056840430078
1261079120500396033,negative,8.315316785673931e-05
1261079120999481345,positive,0.7548902052352293
1261079121611886594,negative,0.022048012599058562
1261079121645514761,neutral,0.5495922250151081
1261079121934893056,negative,0.11945710604163225
1261079122232606722,negative,0.17379703616430486
1261079122538901509,negative,9.274059514067981e-06
1261079122970767362,negative,0.10437134729845735
1261079123067392000,negative,0.010554549143264032
1261079123780239361,negative,0.010554549143264032
1261079123876773888,positive,0.98593129621066
1261079123914604547,negative,0.00232100785074468
1261079125126787076,negative,8.664434616691576e-06
1261079125906919427,negative,0.0005606574687884804
1261079126330523650,negative,0.02163285519072621
1261079126338940933,negative,0.0008219331144770507
1261079126729003016,negative,1.010735098154527e-05
1261079126896775168,negative,0.00866755231087288
1261079128851263488,neutral,0.35642260328195674
1261079130101161984,neutral,0.35119527102927156
1261079130210291716,negative,0.11621235138636853
1261079130931634177,negative,0.0039688126499790805
1261079131183288322,negative,0.06893245735624899
1261079132303175684,negative,3.5184460160002225e-05
1261079132521332737,neutral,0.37859974459627066
1261079133406322691,negative,0.008273996442184241
1261079133586690050,negative,0.0007026887005040142
1261079133821558792,negative,0.006502339742158443
1261079133972582401,negative,0.2753602941777099
1261079135033741313,neutral,0.5793131370750294
1261079135839019011,negative,0.003618869155013082
1261079135872524295,positive,0.9429531195271753
1261079135910322176,negative,9.378393453770348e-06
1261079136895934464,negative,0.010672841393179458
1261079136967294978,negative,6.688189896954075e-12
1261079136967299073,negative,0.28031823526380295
1261079137239867395,negative,8.876520569273399e-05
1261079138003226627,negative,0.002961311291306646
1261079138737238025,negative,0.06893245735624899
1261079139861364736,negative,0.0005926704056831602
1261079140339335170,negative,0.00012359768427432682
1261079140377255942,negative,0.11012102731986594
1261079140419153924,negative,0.00047035504340811255
1261079140880601088,neutral,0.3594718183962384
1261079140997967873,neutral,0.447854653089295
1261079141115453440,negative,0.01045786038196097
1261079141262266370,positive,0.7988616580564978
1261079141455204353,negative,4.270247495584254e-06
1261079142205972480,negative,0.00024519572555506695
1261079143069990916,neutral,0.47865870524693105
1261079268739645443,negative,3.457957171108991e-05
1261079268898926592,negative,0.16275155524699078
1261079268962025476,negative,0.30517772172918095
1261079269222100994,negative,0.003501666747819522
1261079270908203008,negative,0.09351781034294167
1261079270950141952,negative,8.398694137566788e-07
1261079272736919552,negative,0.15802645999068066
1261079272963411976,negative,3.982389328558275e-05
1261079273575776257,negative,0.0020150123678805416
1261079274251005952,negative,0.0002751325627854696
1261079275433799680,negative,0.04573971890494692
1261079276159369217,negative,0.010554549143264032
1261079276251680768,negative,0.106907069534401
1261079276377554953,negative,1.47298062319349e-07
1261079276830498817,neutral,0.3403391890910929
1261079277044404226,negative,0.0301065015482542
1261079277656825857,negative,0.005334587040875626
1261079277774278656,negative,0.03218960661813443
1261079278617313280,negative,0.034178545767047236
1261079280336977922,negative,0.14125280140870364
1261079282350243840,negative,0.028113605619477358
1261079282350264321,negative,0.0008658808987767491
1261079282878689282,negative,0.0008957415081922095
1261079282929020928,negative,0.00034318269229645533
1261079283264602112,neutral,0.42060383866900225
1261079285772824576,negative,0.02322546308487911
1261079286460661761,negative,0.03251319416051221
1261079287240830976,neutral,0.6209692007453878
1261079287391715329,negative,1.3887318448170715e-05
1261079287505072130,negative,0.0021764289612305346
1261079287744126977,negative,0.013381734878671742
1261079287882539008,negative,0.00012337642332274428
1261079288121442304,negative,0.02647790521386964
1261079288813666304,negative,1.6053769673364058e-06
1261079289304317953,negative,0.015454017867395833
1261079289681842178,negative,0.008424436512622466
1261079291128840193,negative,0.009141893535151387
1261079291468681216,negative,0.02242137878864549
1261079291762221065,negative,0.03320562865918551
1261079292345188353,negative,0.17239159331852782
1261079292848545798,negative,0.021817482590894468
1261079293167353856,negative,0.00035530030630397824
1261079293423165441,negative,0.04410080148764136
1261079293695676417,negative,0.1872433744277917
1261079294677221376,negative,0.004635876243800295
1261079294899564544,negative,0.3107281742138744
1261079295046365189,negative,0.003208617177402718
1261079295088300033,negative,0.12294674055541119
1261079296489197568,negative,0.0005838784699669325
1261079297072168961,negative,0.0352952498830695
1261079297210462214,negative,7.122360086058733e-09
1261079297663655938,negative,8.120457819953987e-06
1261079297814671362,negative,0.005991037631792754
1261079297994997760,negative,0.002961311291306646
1261079299425173505,negative,0.27042832463070715
1261079299723051009,negative,0.02478241975371509
1261079300071178244,negative,0.014882226096925643
1261079300159176704,neutral,0.49789225920557484
1261079300457070592,negative,0.299293066348427
1261079300582920192,negative,0.005227466505889744
1261079302013169664,negative,9.136864889105566e-05
1261079302642307072,negative,2.5092237748260415e-09
1261079303548272641,negative,0.15051814485448253
1261079304663949316,negative,0.0014835570421181082
1261079305074991105,negative,0.002961311291306646
1261079305158828033,negative,0.028903505570440895
1261079305389563905,negative,0.09731133398844671
1261079306421313537,negative,0.0014835570421181082
1261079306488492035,negative,0.005991037631792754
1261079306794676237,negative,0.02400083561685306
1261079308396900352,negative,1.2750230685033888e-06
1261079308623282178,positive,0.8578807206139758
1261079309168578563,negative,0.002382194954843691
1261079309235732486,negative,0.00034318269229645533
1261079309361524736,neutral,0.5730353675222472
1261079309906784256,negative,0.15247912607885272
1261079310011637760,negative,0.005143523471895895
1261079310103912450,negative,0.06150678969391886
1261079310300876800,neutral,0.5495922250151081
1261079311341236225,negative,0.0020350934877743755
1261079311928512513,negative,0.07512650693209329
1261079314402967552,negative,1.6019772657417197e-05
1261079314407264256,neutral,0.333314263973405
1261079314616864768,negative,0.12258462670249735
1261079314755452934,negative,0.2014115959549051
1261079317112590338,positive,0.9995130384955465
1261079317179752449,negative,0.005068621318928035
1261079317271937025,negative,1.6053769673364058e-06
1261079317389414400,neutral,0.6417147605933217
1261079317532020740,negative,0.002961311291306646
1261079318123253763,negative,0.08775545253800286
1261079318312161283,negative,0.003618869155013082
1261079318354104321,negative,0.12258462670249735
1261079318664556544,negative,0.00010092318437330361
1261079319008460801,negative,0.00011440322442566827
1261079319176241159,negative,0.0011636007900176766
1261079319411122178,neutral,0.41442583369455643
1261079319440433152,positive,0.8652093784784579
1261079320291917824,negative,0.03221773702120485
1261079321030144003,negative,0.22695080687392644
1261079321201934336,negative,0.04802777113889906
1261079321344651266,negative,3.864860323532105e-09
1261079321436979200,negative,0.2630714598948138
1261079322137427970,negative,0.001131825189241188
1261079322460291073,negative,0.10695434072539589
1261079322741207040,neutral,0.6586478432448587
1261079323886444544,negative,0.05304551146843562
1261079324008030214,negative,1.0059046232243785e-05
1261079324700151811,negative,0.0035434464923789345
1261079324767256579,negative,0.0007672499014360527
1261079324876247042,negative,0.002961311291306646
1261079324947550209,neutral,0.35642260328195674
1261079325312417792,negative,0.0033891052483966512
1261079325639692291,positive,0.7419078150131044
1261079325887127555,negative,0.009076262399433054
1261079326851829760,negative,0.12342333100890189
1261079327967453185,negative,0.002961311291306646
1261079328160350211,negative,0.07617068094788841
1261079329263534081,negative,0.3220622435771587
1261079329905221633,negative,0.021817482590894468
1261079330190495746,negative,0.03299988820987437
1261079332044312576,negative,0.0007672499014360527
1261079332195373061,negative,0.01002207742829609
1261079332249837576,negative,3.461464037418692e-05
1261079333088759818,neutral,0.4580667345779014
1261079333218762753,negative,0.04356509798909403
1261079333302611974,negative,0.008424436512622466
1261079333411708933,positive,0.8402226795728336
1261079334334455810,negative,0.010554549143264032
1261079334409965568,negative,0.2942703269035874
1261079334888054784,negative,0.004314892834797588
1261079335257223168,negative,0.008627139714055557
1261079335911534593,positive,0.7323685123694561
1261079336016318465,negative,0.0008658808987767491
1261079336045744128,negative,0.0015977222900033978
1261079336351870977,negative,0.027383195841807095
1261079336507052032,negative,0.0526227501394695
1261079336779755521,negative,0.06470242612319486
1261079337136201729,negative,0.0004981928826162567
1261079337316556800,negative,0.24671337100959156
1261079337496911872,negative,0.001631578811359962
1261079337710870529,negative,1.010735098154527e-05
1261079337710899202,negative,0.006476963414056496
1261079338402885633,negative,0.012491509334278604
1261079339417944064,negative,0.1876004957997629
1261079339610841089,negative,0.054303030386914995
1261079339761836033,negative,0.13495932418934337
1261079340395180038,negative,0.25246125273336234
1261079481344823299,negative,0.03653500385767389
1261079481374126080,positive,0.8943052199764062
1261079481852231681,negative,0.003151921213626022
1261079482007539712,neutral,0.46255232757756093
1261079482577887233,neutral,0.47865870524693105
1261079482800246785,negative,0.00035530030630397824
1261079483693629445,negative,0.19770369928745482
1261079483790036996,negative,0.0034803643318166216
1261079483903344641,positive,0.7547412978184019
1261079484108697600,negative,0.013958430091962282
1261079484670885893,negative,0.0021173986952363545
1261079484750532609,negative,0.03779531509462664
1261079484834426889,neutral,0.44203421560871836
1261079484859584512,negative,0.003222205327880296
1261079485140664322,negative,0.006099828276174976
1261079485660741632,negative,0.0005918503658934132
1261079485694316544,neutral,0.35119527102927156
1261079486038237185,negative,0.0014835570421181082
1261079487200067584,positive,0.7705593899613067
1261079488198258689,negative,0.02163285519072621
1261079488294772738,negative,0.0010728699014130542
1261079489154625537,negative,0.2399039657774622
1261079489368387584,neutral,0.44203421560871836
1261079490060595200,negative,0.051456702871720786
1261079490719031296,neutral,0.35357424341562044
1261079490807070721,negative,0.1397356881034135
1261079491075551234,negative,0.20061316274484892
1261079491104911360,negative,0.002961311291306646
1261079491415355393,negative,0.1876004957997629
1261079491625041922,negative,6.254560234253213e-10
1261079492275195908,positive,0.9188262512995473
1261079492631691265,negative,1.6019772657417197e-05
1261079492690403328,negative,3.455281946599237e-05
1261079493977894912,positive,0.8402226795728336
1261079494544277507,neutral,0.4838094309354267
1261079495227985920,negative,0.010554549143264032
1261079495907463168,neutral,0.3424692527519356
1261079496091996160,negative,0.09235568511058936
1261079500365787136,neutral,0.4040549235463261
1261079500680462336,neutral,0.4088969589458987
1261079501125103619,negative,0.07183360342079571
1261079501586530304,negative,0.003998323921332197
1261079502127587328,positive,0.9995130384955465
1261079502345699335,negative,0.0834800784471925
1261079503507521537,negative,0.16838572573702976
1261079504920948736,negative,0.024712285508328786
1261079505768026114,negative,5.626034898444311e-05
1261079505902452736,negative,0.17627923424202938
1261079505931767810,positive,0.691207392929783
1261079506951049217,negative,0.258550010976803
1261079507265601536,negative,0.012340734848766109
1261079507370496015,negative,0.07662216172795033
1261079507567546370,neutral,0.4838094309354267
1261079508477771778,negative,6.055051686474348e-06
1261079508624572417,negative,0.00010541139548985564
1261079510214213632,negative,0.1422946412367035
1261079510587490305,negative,0.0004615994277316352
1261079510629470209,negative,0.07184911965343625
1261079510675533826,negative,0.0062214706889238336
1261079510809825281,negative,0.002747209974911546
1261079510847492097,negative,0.13417381598988076
1261079511027736577,positive,0.9847050484572306
1261079511506006017,neutral,0.5006086376065693
1261079512051261456,neutral,0.41378303416967727
1261079512105857028,negative,0.16018259363421686
1261079512479141889,negative,0.16625507404718293
1261079513687044103,negative,0.1626375337701904
1261079513888444416,negative,0.045770434067459044
1261079514383364096,negative,0.018588598971709423
1261079514400129024,negative,0.19618950993330989
1261079516186845184,negative,4.6181772257858556e-05
1261079516207820800,neutral,0.36813873394072316
1261079517260636160,negative,1.8778995526399163e-05
1261079518825123840,negative,1.2437363215031143e-06
1261079519479369728,negative,0.002046442636640554
1261079519907250176,negative,0.2942703269035874
1261079521517805568,negative,0.00531359131065456
1261079522952216577,negative,0.00568527131379799
1261079522994257922,neutral,0.3781446365656235
1261079523078148096,negative,0.01277719270250584
1261079523136884736,negative,0.3115939520754721
1261079523388465154,negative,0.1626375337701904
1261079523426254850,negative,1.6331019532291786e-07
1261079524248375297,negative,0.1500108644553793
1261079524424454147,negative,0.007787281812243831
1261079525343014912,positive,0.6727150455407095
1261079525426974723,neutral,0.3499352441185855
1261079526060236800,negative,0.008627139714055557
1261079526634926082,negative,0.01654451539263268
1261079527154946049,neutral,0.44758192259577423
1261079527616393223,negative,1.7662777286306644e-07
1261079527847051264,negative,0.002961311291306646
1261079528589479936,negative,0.002088642596923094
1261079528694321159,negative,0.037455007790796094
1261079529054969857,negative,0.22377495203665335
1261079529239515137,positive,0.7323685123694561
1261079529839374341,positive,0.999835298199331
1261079532733333509,negative,0.0007672499014360527
1261079533614239753,negative,0.11945710604163225
1261079534138425344,negative,0.252945772859937
1261079534163701760,negative,0.012524633334256024
1261079534578946051,negative,0.03532765229258071
1261079535061282818,negative,2.1373910438909108e-05
1261079535170342912,negative,0.0001019961695275448
1261079535753322496,negative,0.02560565849654561
1261079535929511936,negative,0.3107281742138744
1261079536055144448,negative,0.0002636078572771582
1261079537183490049,negative,0.11621235138636853
1261079537607204865,negative,0.16629555178290298
1261079538316062720,neutral,0.40446680944231517
1261079538815000576,negative,0.16174842050075414
1261079538882183168,negative,0.07183360342079571
1261079539196854273,negative,0.006389506116258516
1261079539867955201,negative,0.0009218974331662741
1261079540505419777,positive,0.7323685123694561
1261079540815691776,neutral,0.3826805774167147
1261079540933234688,negative,0.00011691430474071159
1261079541231083520,negative,0.15026392824749946
1261079541583425538,negative,0.010554549143264032
1261079542170619904,negative,3.592930536493536e-08
1261079542346719232,negative,0.13417381598988076
1261079543059709952,negative,0.0007130458539313509
1261079543974178816,negative,0.31261090568408745
1261079543982575618,neutral,0.39290688922390604
1261079544217378818,negative,0.03857743593629227
1261079544691376128,negative,0.09966757560458513
1261079544930406403,negative,0.00468068349552889
1261079545052049409,neutral,0.4600064687465861
1261079545744105474,negative,0.16275155524699078
1261079545828048896,negative,0.0024166793797249166
1261079545953824770,neutral,0.44203421560871836
1261079546171973633,neutral,0.4215314241799115
1261079547283484672,negative,0.0014564201960768925
1261079547786727424,negative,0.04131845558442685
1261079548709539840,neutral,0.44203421560871836
1261079549107978242,negative,0.0008658808987767491
1261079549238038529,negative,0.30363470045102275
1261079549921710082,neutral,0.6048921923434396
1261079550156513282,negative,0.21920514593804336
1261079682742661122,positive,0.8780244660211094
1261079682918817792,negative,0.002961311291306646
1261079683573178374,negative,0.27116269303643814
1261079683912863746,negative,0.08961346581593901
1261079684466577408,negative,6.13716643972474e-09
1261079685041197057,negative,0.002747209974911546
1261079686513397761,negative,0.19226311004491928
1261079686521774080,negative,0.0352952498830695
1261079686534266880,neutral,0.47367526412529243
1261079686785966080,negative,0.24204389110628624
1261079687239028741,negative,0.17383449721602262
1261079687381598210,neutral,0.49789225920557484
1261079688287588358,negative,0.0029657353756597626
1261079688883118080,positive,0.9999536701404287
1261079688987975682,negative,0.008424436512622466
1261079690573492224,negative,2.5092237748260415e-09
1261079691311669248,negative,0.1420168038230158
1261079692309925896,negative,0.04806312686579951
1261079692335091715,negative,0.0014835570421181082
1261079693643657216,negative,0.26770578265512684
1261079693866012673,negative,5.626034898444311e-05
1261079693987586055,negative,1.8778995526399163e-05
1261079695317176325,positive,0.8482552130872387
1261079696114167808,negative,0.0007672499014360527
1261079696164429827,negative,0.16337984607887832
1261079697296949250,negative,0.3126206163180686
1261079698639069185,negative,0.0039331469623607234
1261079699264024577,negative,8.120457819953987e-06
1261079699486367751,negative,0.30363470045102275
1261079699658342401,negative,0.06967499314271368
1261079700211990528,negative,0.010554549143264032
1261079700677496835,negative,0.1545768074638165
1261079701235421184,negative,0.019196887106465613
1261079702103453696,negative,0.05747715657628278
1261079702229434371,negative,0.013669145250584847
1261079702388781056,negative,0.0005406650222246089
1261079702485315587,negative,1.074845089337466e-09
1261079702611034114,negative,0.2954900775857719
1261079703001206792,neutral,0.3638625139702317
1261079703206735872,negative,7.548544506385965e-07
1261079704683118593,negative,0.012524633334256024
1261079704855076864,negative,0.0680380819355502
1261079705052164097,negative,0.20879313726175877
1261079705261924353,negative,0.16551724055211098
1261079705693888512,negative,0.1146388129500703
1261079706079645696,negative,0.1100678013349313
1261079706297917440,negative,2.5092237748260415e-09
1261079706855759874,negative,1.967051965004644e-06
1261079707145175054,negative,2.653851629617361e-05
1261079707816267776,neutral,0.4580667345779014
1261079708592222209,neutral,0.49789225920557484
1261079708906577920,negative,0.0007344638699318135
1261079709716275200,negative,0.0021347590325404456
1261079710534119424,negative,0.3279754365093972
1261079710773043201,negative,0.0005406650222246089
1261079713122062338,negative,4.237748835678683e-09
1261079713315000320,neutral,0.5761076399742056
1261079714455830529,negative,0.0028255310861566947
1261079715462479872,negative,0.009141893535151387
1261079717777682434,negative,0.08764609164144105
1261079718213885954,negative,7.067361497191252e-05
1261079718310412288,negative,0.010554549143264032
1261079718381707270,negative,0.1420168038230158
1261079718662717440,negative,0.010554549143264032
1261079718780194819,negative,0.13397866938779301
1261079719811956737,negative,0.11621235138636853
1261079719975350272,negative,0.09966757560458513
1261079720097185799,negative,0.031118843211946304
1261079720390733825,neutral,0.44203421560871836
1261079720562700294,negative,0.1420168038230158
1261079721594556418,negative,0.3107281742138744
1261079723226136578,negative,3.917823708047597e-07
1261079723788115968,positive,0.9334681072363069
1261079723939069958,negative,0.0676312922778908
1261079724333424640,negative,0.13473946884515367
1261079724392095747,negative,0.05303443930430201
1261079724522115072,negative,0.29899762803057084
1261079725205839877,negative,0.0028255310861566947
1261079726610841606,negative,0.1872433744277917
1261079726912757760,neutral,0.41442583369455643
1261079726963208192,negative,2.5092237748260415e-09
1261079727290318848,negative,0.0004645740705603774
1261079727445590017,negative,0.2180274312214871
1261079727449792514,positive,0.944948816653332
1261079727961505793,negative,0.07578791640979429
1261079727982419970,positive,0.9633980756098398
1261079728448049152,negative,0.009888115581978685
1261079729333035010,negative,0.19731840969612646
1261079729664397313,neutral,0.44203421560871836
1261079729681162245,negative,0.0034625579948213392
1261079729983152128,positive,0.7307227494125816
1261079730901733376,negative,0.1872433744277917
1261079730910085120,neutral,0.6271260893196788
1261079731413364738,negative,0.0011602414113314142
1261079731631460353,positive,0.9911992101701631
1261079731757355009,negative,4.270247495584254e-06
1261079732411609088,negative,3.4337086468924505e-06
1261079734915665922,negative,0.00018072389326634204
1261079735498670082,negative,0.008424436512622466
1261079735507005440,negative,1.061316718138998e-06
1261079737696497670,negative,0.07005601129225508
1261079737763594242,negative,0.0015861592803463956
1261079738077999104,negative,0.027279807486083014
1261079739395121154,negative,0.009141893535151387
1261079739487457281,negative,0.047193927521640956
1261079739760103424,negative,0.007150962408534407
1261079740070461441,negative,0.3107281742138744
1261079741068705792,negative,9.377950006560572e-05
1261079741521711104,negative,0.0039331469623607234
1261079741660114950,positive,0.8944143812537313
1261079743065096194,negative,0.019692340058718442
1261079743102947329,negative,0.002252759592758711
1261079743107080192,negative,0.0005646365337690077
1261079743128047617,negative,0.19072649699378552
1261079743346233346,negative,0.22695080687392644
1261079745258762242,negative,0.0015005419961264218
1261079745325936641,negative,0.020722640951875843
1261079746114252800,negative,0.11582176194217196
1261079746412249093,neutral,0.49789225920557484
1261079746651226120,negative,0.010574915458229967
1261079746995204097,negative,0.013381734878671742
1261079747032907777,negative,0.008424436512622466
1261079875185606663,negative,0.003176367471096368
1261079875936489472,negative,0.12258462670249735
1261079876376854528,negative,0.20373136578710718
1261079876578222081,neutral,0.43657421545140196
1261079876917919745,negative,7.528508355918325e-05
1261079877350031361,negative,0.07095017046303205
1261079877551341571,negative,0.3275076957062075
1261079877597495297,negative,0.0834800784471925
1261079878423756803,negative,0.006787728906400376
1261079878448930816,neutral,0.5521729585144395
1261079879065505792,negative,0.036866956471005
1261079879698841600,negative,0.0012155474307648834
1261079880386654208,negative,0.00012556682919412127
1261079881082982402,negative,0.009763210067373348
1261079881137471488,negative,0.002144050096462465
1261079881615638528,negative,0.019174612541986158
1261079881720487945,negative,0.04307842612707615
1261079882609692679,negative,0.0007510344211771513
1261079883595333632,negative,0.010554549143264032
1261079886132887552,negative,0.01654451539263268
1261079886824865793,neutral,0.3661713917354441
1261079887038820352,negative,0.018638710943392426
1261079887248535560,positive,0.7307227494125816
1261079887462498305,negative,0.062151951097707527
1261079887940640776,negative,3.839581018252009e-06
1261079888229957633,neutral,0.3624605213830211
1261079888389382145,negative,0.07445228466969786
1261079888632692741,negative,2.734278275228063e-10
1261079889802940419,negative,1.1268966602759456e-07
1261079890109042689,negative,0.03857743593629227
1261079890163642371,negative,0.3107281742138744
1261079891035983875,negative,0.002307356216281876
1261079891870724096,negative,0.16275155524699078
1261079892067782657,negative,0.005464308395389653
1261079892394999816,negative,0.02098506962224183
1261079892453711874,positive,0.8432465098900165
1261079892927623169,negative,4.548769609944681e-06
1261079893565222912,neutral,0.49789225920557484
1261079894286495745,positive,0.8402226795728336
1261079894815051776,negative,0.007696444199111047
1261079895331016712,neutral,0.47367526412529243
1261079895725277185,negative,0.0003396757254286779
1261079896375332866,positive,0.9995130384955465
1261079896589131776,negative,5.064457430144585e-12
1261079897029648387,negative,0.11276184835169388
1261079897864392704,negative,0.002089038482688741
1261079898204057602,negative,7.965227467318162e-10
1261079899529531392,negative,0.00793849628949258
1261079899831492608,negative,0.16642505145034722
1261079900187848709,negative,3.724004290579961e-05
1261079901442105350,negative,1.769495278103591e-06
1261079902935269376,negative,0.002961311291306646
1261079902947872770,neutral,0.4725318070601368
1261079903392464903,negative,1.967051965004644e-06
1261079903589597185,positive,0.7011701234834724
1261079904273207296,negative,0.15672449615898132
1261079904373923847,negative,0.04161820847100775
1261079904642310144,negative,0.12258462670249735
1261079904940163082,negative,0.30517772172918095
1261079905451663360,negative,0.14467146663109032
1261079906064179200,negative,0.005991037631792754
1261079906483503104,negative,1.5723773902057163e-05
1261079906689200134,neutral,0.6048921923434396
1261079906760474628,negative,0.06967499314271368
1261079909939777537,neutral,0.45635996068334056
1261079910518370304,negative,0.027383195841807095
1261079910615048193,negative,0.24155473591153268
1261079910724009985,negative,0.042330864346205234
1261079911151947778,negative,0.0009335205706019317
1261079911613083648,neutral,0.5495922250151081
1261079911953043458,negative,0.013973349715236835
1261079913408466948,negative,0.0954404972692782
1261079913530118147,negative,0.15551408660071112
1261079913949511681,negative,0.2613790679778108
1261079914108731394,negative,0.03465235985032818
1261079914490613761,positive,0.6631605170944257
1261079915593695233,neutral,0.5495922250151081
1261079916726161408,negative,0.20373136578710718
1261079916935815168,negative,0.00035982711665099627
1261079917795717125,negative,0.023255422284430716
1261079918122881026,negative,0.2504300754283624
1261079918689038343,positive,0.9956163798387002
1261079918903013376,negative,0.00027079996224063614
1261079920362631168,neutral,0.5396332681400238
1261079920605872128,negative,9.779133832168176e-09
1261079922266845190,positive,0.7323685123694561
1261079923646660609,negative,0.0005606574687884804
1261079924150095872,positive,0.7323685123694561
1261079924821147649,negative,0.14467146663109032
1261079925660037121,negative,0.13964524828511266
1261079925768978433,negative,0.0006189407991512972
1261079927908175872,negative,0.2451975761054529
1261079927912370176,negative,0.004510231479785381
1261079928067559440,neutral,0.42690686166099573
1261079928109502465,negative,0.1420168038230158
1261079928285659136,negative,0.08265736664958413
1261079928306573319,negative,0.09079619343033396
1261079928453206017,negative,3.455281946599237e-05
1261079928830861314,negative,0.019692340058718442
1261079929724317696,negative,0.1603126569757053
1261079930814771201,negative,0.0007048718807912801
1261079930898542593,negative,0.10657202218426916
1261079930995179520,negative,0.14167054070399543
1261079933037817857,negative,0.0008658808987767491
1261079935025905664,negative,0.011514692409470263
1261079935583752193,negative,1.4531255606765705e-05
1261079936254820358,negative,0.16551724055211098
1261079936443584516,neutral,0.46127768308170247
1261079936523218952,negative,0.0008219331144770507
1261079936636461059,negative,3.3148431728374284e-06
1261079937106292737,negative,0.0014835570421181082
1261079937131347973,negative,0.041170758488279495
1261079937534103558,negative,0.1913620992948721
1261079938502987777,neutral,0.401200585427332
1261079939249573896,negative,0.2916937106496956
1261079939325059074,neutral,0.4999780182156503
1261079939383586816,negative,0.20024277266266827
1261079939488636928,negative,0.1933311826096359
1261079939568275456,negative,0.004339059143358577
1261079939626995713,negative,0.0002636078572771582
1261079939740307456,negative,0.180534716200017
1261079939970932736,negative,0.0005646365337690077
1261079940868562945,neutral,0.49789225920557484
1261079943913537542,negative,0.00207773128111516
1261079944060440576,neutral,0.39328318248801547
1261079944601501701,negative,0.19770369928745482
1261080085735579649,positive,0.9999933993102695
1261080085890818048,negative,0.002758828382992987
1261080085949493248,negative,0.08265736664958413
1261080085957955584,negative,0.010554549143264032
1261080086356336640,negative,0.04307842612707615
1261080087497187329,neutral,0.5779158160906966
1261080089023963136,negative,0.009141893535151387
1261080089070010370,negative,0.0001019961695275448
1261080089166598144,negative,0.0007672499014360527
1261080089258799106,negative,0.25915092679199137
1261080091062341633,negative,0.00027079996224063614
1261080091720708096,negative,0.0051930932969376075
1261080092383629320,negative,0.0014835570421181082
1261080092622688257,negative,4.548769609944681e-06
1261080092782006272,negative,0.1420168038230158
1261080092954034176,negative,0.002961311291306646
1261080093000073217,negative,0.0834800784471925
1261080093344124931,negative,0.003618869155013082
1261080093880967173,negative,0.006204657518821145
1261080093994164229,negative,0.15811052550935506
1261080094212345856,negative,0.001525717908701965
1261080094522707968,negative,0.00018603139091997854
1261080096594526208,negative,1.508118583623071e-05
1261080097030881280,positive,0.7702347462092689
1261080097496465411,negative,0.11494629230626713
1261080098951835648,negative,0.12836305204279858
1261080098972762112,neutral,0.47865870524693105
1261080099832512512,negative,0.31732489718339985
1261080099857805313,positive,0.8271028307265152
1261080099882807298,negative,0.039321841164910554
1261080099899805697,negative,1.4927711258194995e-05
1261080099945762817,negative,0.028478524016568484
1261080099958341632,negative,0.04454849894014064
1261080099983511553,negative,0.0010842805591283662
1261080099987886090,negative,0.03452354395412839
1261080100008636417,negative,0.0002032848087383701
1261080100021374981,negative,8.045891051838836e-06
1261080100033802242,negative,0.06538690701304714
1261080100046467072,negative,0.0010560132184427504
1261080100067520512,negative,3.5184460160002225e-05
1261080100079931392,negative,0.0009383465540774295
1261080100092604417,negative,0.18768063926848874
1261080100122083331,negative,0.006204265581898982
1261080100122112003,neutral,0.3933410571741267
1261080100130271232,negative,0.03771619450441092
1261080100138778629,neutral,0.4013561928780577
1261080100155654145,negative,0.282508754040228
1261080100197429248,negative,0.25047865076371006
1261080100277121024,negative,2.04547920453235e-05
1261080100310827011,negative,1.4979945207858944e-05
1261080101241917445,negative,3.4014853984996348e-09
1261080101271277570,negative,0.11945710604163225
1261080101980188672,negative,0.0954890779049442
1261080102001090560,negative,0.22695080687392644
1261080102416166912,negative,0.006476963414056496
1261080103234277376,negative,0.0019820606293284113
1261080103775322112,negative,0.005376655085047213
1261080103825670149,neutral,0.45477284440288196
1261080104043716612,negative,0.0954890779049442
1261080104211537920,negative,0.000342414413342501
1261080104475787264,negative,0.06135474696003198
1261080104777760769,negative,0.0011602414113314142
1261080104794537984,negative,0.0006149946184115155
1261080104794566659,negative,0.13549369954074872
1261080104979116034,negative,2.731508034226585e-05
1261080105021050882,negative,1.2612235817597751e-05
1261080105222156288,negative,3.455281946599237e-05
1261080106862129152,negative,2.147551206409598e-07
1261080107550150658,negative,0.14309163271370742
1261080107562807296,negative,0.05759367324562114
1261080107663405056,neutral,0.39182142695745936
1261080107722117120,negative,0.008662829446491715
1261080107755753474,positive,0.9113113141162407
1261080108426760197,negative,1.149958949792449e-09
1261080108883992583,positive,0.9555727249067817
1261080109483806720,neutral,0.333314263973405
1261080109794066435,negative,0.002550394142390579
1261080110133805059,negative,0.05735286403495418
1261080110511394819,negative,0.0771226269598771
1261080110628773893,negative,3.0971818405510486e-12
1261080111861960705,negative,0.027292961399411862
1261080111916425216,negative,0.31735885473979114
1261080112021135360,positive,0.6969285368392312
1261080112113606656,positive,0.6748186763400095
1261080112235196423,positive,0.8846702992773979
1261080112847560711,negative,0.003501666747819522
1261080113984294914,negative,0.18257755894886069
1261080115343167488,negative,0.15051814485448253
1261080115364192259,negative,0.002961311291306646
1261080115657703427,negative,0.017571758179624686
1261080115833982976,neutral,0.35357424341562044
1261080116047872000,negative,0.0044413506548853406
1261080116328890371,negative,0.13417381598988076
1261080116718899210,negative,0.15915442502021407
1261080117033332736,negative,0.006688014808295647
1261080117134143489,negative,0.00026731723834422954
1261080117201317888,negative,0.029203263853436114
1261080117507428354,positive,0.7386112842670757
1261080117855555585,negative,0.009467045409062229
1261080117926924294,negative,0.021986673166494546
1261080118132453376,negative,0.04866216624064784
1261080118811701248,negative,0.004654855210502694
1261080118975442948,negative,1.885317933524858e-05
1261080119097151490,negative,0.15816818678033132
1261080119508074497,negative,0.09943883822938517
1261080119726268416,negative,0.0005849890795640323
1261080121408094208,negative,0.007891056111978953
1261080121764708357,negative,0.03006046052310798
1261080122200915968,negative,8.916832771120985e-06
1261080122356125705,negative,0.009141893535151387
1261080122666496000,negative,0.008662829446491715
1261080123547279362,positive,0.9089278425721714
1261080123647934466,negative,0.0001437750792456828
1261080124520370176,negative,0.0008390677935871439
1261080124994322433,negative,0.3277224880679646
1261080125225009154,negative,0.31500393758189627
1261080125275287555,negative,3.1724241206015587e-07
1261080125669507076,positive,0.9983300695538909
1261080125673619456,neutral,0.3996580091506196
1261080125715685377,negative,0.009141893535151387
1261080125849964545,negative,0.018792524166445362
1261080125883416577,neutral,0.333314263973405
1261080126290354178,neutral,0.42186934330226555
1261080126298771456,negative,0.0020040683483454106
1261080126508449793,negative,0.00041041072237595647
1261080126726561792,negative,0.14111833068102178
1261080126827175936,negative,0.03678697868122273
1261080127255044096,neutral,0.3746599891896733
1261080127393476608,negative,0.1885984712557001
1261080127728828416,negative,0.0954890779049442
1261080127867359233,negative,3.3148431728374284e-06
1261080127968104448,negative,0.027292961399411862
1261080129326940160,negative,0.00043313050781359683
1261080130480418823,negative,0.1893882703758446
1261080130568572928,negative,0.26740184739849737
1261080131747151873,negative,0.0008658808987767491
1261080132258861058,negative,0.03005532246997086
1261080133303222273,negative,5.259261449949305e-05
1261080133626142721,negative,0.0005918503658934132
1261080135836610560,neutral,0.35119527102927156
1261080136163766273,negative,0.20560973603963323
1261080136474116096,neutral,0.5676294139637562
1261080136834846720,negative,0.027984812253449617
1261080136931250178,negative,0.0018078088729229693
1261080138336346118,neutral,0.3635933136830058
1261080138353192964,negative,3.889626737182529e-05
1261080138613231616,negative,3.724004290579961e-05
1261080139431116800,negative,0.16491331869266895
1261080140488024064,positive,0.7620633217217692
1261080141721108480,negative,0.3107281742138744
1261080141763153920,negative,0.003618869155013082
1261080141939322889,positive,0.7518561241808517
1261080144204234752,negative,1.8841350049056556e-09
1261080144518672384,negative,7.3887232937152895e-06
1261080263502843904,negative,0.03256597054136737
1261080264362594311,negative,1.0378030153365947e-05
1261080264584945664,negative,0.02583588739707806
1261080264970833920,negative,0.06710643511201132
1261080266010959883,negative,0.0014835570421181082
1261080266405273601,negative,3.7962437635197754e-09
1261080266484912129,negative,0.11945710604163225
1261080266824658950,neutral,0.40485177752233803
1261080267701342211,negative,0.006476963414056496
1261080268519157765,negative,0.008554975944347306
1261080268863086592,negative,0.19522149773872452
1261080269941063681,negative,0.14467146663109032
1261080270071115779,positive,0.8127393354730089
1261080270146605059,negative,0.00011440322442566827
1261080270347870208,negative,0.31732489718339985
1261080270830284804,negative,0.002961311291306646
1261080271497113600,negative,0.027232925355068393
1261080271547400194,negative,0.0027475380055716862
1261080271639785472,negative,0.31167321375915125
1261080272809779200,negative,0.2486640047527842
1261080272960970754,negative,1.9099404299656028e-05
1261080273158053888,negative,1.15209067271091e-05
1261080273191485440,neutral,0.49789225920557484
1261080273564950531,negative,0.0309121505745191
1261080274579963910,neutral,0.46127768308170247
1261080275133612034,negative,0.23160165149158743
1261080276085637121,negative,0.03602003751026866
1261080276437958663,negative,0.016933110739908323
1261080276714901504,negative,0.0029104892508893415
1261080276912033792,negative,0.008424436512622466
1261080277893472256,negative,0.018370502289848732
1261080281194389505,negative,0.19540175271190174
1261080281290878977,neutral,0.4326449863017152
1261080281714323456,negative,0.3200780906683345
1261080281781592067,negative,0.26770578265512684
1261080283295518721,negative,0.0021173986952363545
1261080283924832261,negative,0.31732489718339985
1261080284155580416,negative,1.2282676358649706e-13
1261080285774598144,negative,7.774970698356848e-05
1261080285866627072,negative,0.06570975311001856
1261080287255179271,negative,0.08962402939495681
1261080288215674880,negative,0.0005406650222246089
1261080288547024896,neutral,0.3728086158411031
1261080290761543681,negative,0.023387554931608646
1261080291474538497,negative,0.010554549143264032
1261080291919224834,positive,0.9998995993506757
1261080292170838016,neutral,0.3824546134505241
1261080292397330434,negative,0.0008219331144770507
1261080293571788800,negative,0.00012263155517610325
1261080294251249664,negative,4.548769609944681e-06
1261080295014612994,negative,0.2942703269035874
1261080295182422017,negative,0.0007376816467836334
1261080296520388608,negative,0.19785203462125636
1261080297153708033,neutral,0.4838094309354267
1261080297317203968,negative,0.00018603139091997854
1261080298688823298,negative,0.14323366987260364
1261080299913576448,negative,0.0009104705488783017
1261080299947032577,negative,0.0008219331144770507
1261080300014141440,negative,0.0016307585317525822
1261080300341297154,negative,0.0002780267212723359
1261080300664299522,negative,0.003501666747819522
1261080300769198086,negative,6.055051686474348e-06
1261080302220443648,negative,0.1913620992948721
1261080302706987010,negative,0.08269203046684466
1261080302908293125,neutral,0.5779158160906966
1261080303411646465,negative,0.006085097297006388
1261080303952629763,negative,0.0802546135644841
1261080304070123522,negative,0.06893245735624899
1261080304133066754,negative,0.012354664560000474
1261080304284053505,negative,0.03221773702120485
1261080304304955397,negative,0.011277148441103963
1261080304539877378,negative,0.003501666747819522
1261080304791453697,negative,0.00042846375622020535
1261080305626222592,negative,1.6019772657417197e-05
1261080305785606147,positive,0.6631605170944257
1261080305835872257,negative,4.955922608689317e-08
1261080307194826752,negative,0.2335632506167529
1261080307438096389,negative,0.12836305204279858
1261080307454955533,negative,0.03299988820987437
1261080308071444489,neutral,0.3666851852981065
1261080308201533440,negative,0.0055872794394523
1261080309606612993,negative,0.0883156344496721
1261080310810398721,negative,0.0022563389035857866
1261080311552716801,neutral,0.3392260650575066
1261080311905103872,negative,0.00024519572555506695
1261080312689426433,negative,5.530314901352175e-09
1261080312915902466,negative,0.008631604644092798
1261080313339543555,negative,0.11621235138636853
1261080313633083393,negative,0.2621435295041906
1261080315168124928,neutral,0.48728019602140255
1261080316917305348,negative,1.9808538162126713e-05
1261080317047328774,negative,0.04118543662744332
1261080317508476930,positive,0.9874203192860403
1261080317680590849,negative,0.13840079572499814
1261080319387750401,negative,2.5260223716732455e-05
1261080320398389249,negative,0.03465235985032818
1261080321170210818,negative,0.002747209974911546
1261080321300279296,negative,7.774970698356848e-05
1261080322411843586,negative,0.0219261650629614
1261080322831200261,neutral,0.44203421560871836
1261080323447828482,neutral,0.555189604754712
1261080324659953664,positive,0.8782164765929359
1261080324768968705,negative,0.11945710604163225
1261080325012230152,neutral,0.49282820200272465
1261080325830193158,negative,0.010855803996302902
1261080325993742338,negative,0.002252759592758711
1261080326987800576,negative,0.01164575147169654
1261080327281311746,negative,0.11297764382696024
1261080327486943233,negative,0.010554549143264032
1261080327671345153,negative,0.023224257188204565
1261080327918936065,negative,0.3107281742138744
1261080329152090114,negative,0.07438148740162104
1261080329781047297,negative,0.001898798929743257
1261080329823150080,negative,0.002758828382992987
1261080330020274177,negative,0.16701438776658772
1261080330259378176,neutral,0.35119527102927156
1261080330431315975,negative,0.013153923123838247
1261080330473222146,negative,0.31732489718339985
1261080331379265537,negative,0.07676531159859488
1261080332490674178,negative,0.20344808602321618
1261080332498960384,negative,3.455281946599237e-05
1261080332973072388,negative,0.12859024128503524
1261080334545846274,negative,1.296373601736121e-07
1261080335405678592,negative,0.00019857944049163226
1261080335489609728,negative,0.07183360342079571
1261080459259363329,negative,0.1389166896008006
1261080461062873093,negative,0.02637620358807592
1261080463109652485,negative,2.5454753522994626e-08
1261080464598671360,negative,0.06431399823251283
1261080465311596544,negative,0.0007459260274113983
1261080465328439296,negative,0.3107281742138744
1261080465798283264,negative,0.31732489718339985
1261080465806635018,positive,0.8774219656908474
1261080466574266369,negative,0.002747209974911546
1261080466955919369,negative,1.7223399887415505e-11
1261080467782217728,negative,0.02713618256363043
1261080468453068800,negative,8.14671803923411e-05
1261080469916905472,negative,0.0016403381289822106
1261080470005170176,neutral,0.5020667289932428
1261080471317905408,negative,0.11657344621857846
1261080471708065792,negative,0.0002990769144764754
1261080472014086144,negative,0.18257755894886069
1261080472790196224,negative,0.002961311291306646
1261080473180274693,negative,0.00020055806184924793
1261080474362970112,positive,0.9528391826462839
1261080475654918146,negative,0.2621765638469359
1261080476531535872,negative,0.0954890779049442
1261080476971937792,negative,0.03256597054136737
1261080477710114818,negative,0.013659432159627533
1261080477714141184,negative,0.048065975895513265
1261080477823369217,neutral,0.35119527102927156
1261080478909517824,negative,0.25047865076371006
1261080479232593922,negative,0.002961311291306646
1261080481677955076,negative,0.03251319416051221
1261080481854099463,negative,5.364396606089137e-12
1261080481929535488,negative,0.3171371949374326
1261080481963130891,negative,0.0011324520809843617
1261080482306981892,positive,0.8310866263666253
1261080482353201153,negative,0.1913620992948721
1261080482520932357,negative,0.0219261650629614
1261080483452137472,negative,0.09555033466886954
1261080483993174018,negative,6.191475561531033e-07
1261080484370661376,negative,0.31732489718339985
1261080484840382468,negative,2.902511075516102e-05
1261080486040014849,negative,0.03183795717777573
1261080486182518785,negative,0.0015944385151774908
1261080487059091457,positive,0.7258342900206324
1261080487197540352,negative,2.5092237748260415e-09
1261080487461863425,negative,0.06967499314271368
1261080487679975424,negative,0.0014959781156214096
1261080487688376320,negative,0.00029243790591001345
1261080487940034562,negative,0.12138256744462048
1261080488124571649,negative,0.2558990727886215
1261080488242020353,negative,4.431238558662597e-07
1261080489210847238,negative,3.07570296243092e-08
1261080489445769216,negative,0.011909142703536992
1261080490330730496,negative,0.31735885473979114
1261080490624323584,negative,0.0014415290464059756
1261080490796355593,negative,0.005991037631792754
1261080491664474112,negative,1.6053769673364058e-06
1261080492524347393,negative,0.28431955899700073
1261080492780158976,negative,3.455281946599237e-05
1261080493505875968,negative,0.10882473443969508
1261080494504120321,negative,0.2879839208952318
1261080495238123521,neutral,0.44203421560871836
1261080497398124545,negative,1.7718106969946391e-09
1261080501349163014,negative,0.0039688126499790805
1261080501462405121,positive,0.9956209566289349
1261080501948944386,negative,0.19023256183089735
1261080502284562434,neutral,0.4143856101811453
1261080503848964096,negative,0.0003459958417208942
1261080504041975808,negative,0.023570002572751644
1261080504411074560,negative,0.002961311291306646
1261080504704606208,negative,0.18176217436447314
1261080504822108161,negative,0.002961311291306646
1261080506399162371,positive,0.7265145744353184
1261080506680127491,negative,1.15209067271091e-05
1261080508001325058,negative,0.2102846190128694
1261080508357767168,negative,0.2836210562304933
1261080508622127104,negative,1.2572049297183959e-05
1261080509028814851,negative,0.011837492728535683
1261080509628780544,negative,1.7354678147017997e-06
1261080509658157056,negative,0.19067765433781567
1261080509691695104,negative,0.048848189069077466
1261080511742689280,negative,0.029101501691179824
1261080513881743361,negative,0.00024519572555506695
1261080514116583431,neutral,0.6067551120528589
1261080514162839553,negative,0.006269054620951577
1261080514250842112,negative,0.0003080951221909217
1261080514783477760,neutral,0.5495922250151081
1261080514892574720,negative,0.009211903610230244
1261080515026784256,negative,0.16337984607887832
1261080515203018752,negative,0.1626375337701904
1261080516687736832,neutral,0.49789225920557484
1261080516780064768,negative,0.0008658808987767491
1261080517040132098,negative,2.3293599748942223e-07
1261080517551759360,negative,0.04307842612707615
1261080517878964225,negative,0.2042517137896546
1261080517979619328,negative,0.19072649699378552
1261080519179206658,neutral,0.47865870524693105
1261080519405682690,negative,0.04131845558442685
1261080519556640768,neutral,0.5599175931561406
1261080519569268738,neutral,0.6132736493545415
1261080519770542081,negative,0.006066758494981596
1261080522979250177,negative,1.0571370586867033e-05
1261080523503538176,negative,0.05470356307280094
1261080524413644800,positive,0.8841893396324214
1261080526221344770,neutral,0.41086737343706603
1261080526372380673,negative,0.03572953867187456
1261080526439530498,negative,0.008424436512622466
1261080527068676098,negative,2.009901705555773e-05
1261080527123165191,negative,0.0361776506711174
1261080529358721024,negative,0.14931271232762278
1261080529631424512,neutral,0.5066926431000655
1261080529731977217,neutral,0.6103324831578489
1261080530294124546,negative,0.2798428540355707
1261080531355271177,negative,0.002747209974911546
1261080531719970816,negative,0.0014415897102907263
1261080532043083777,negative,0.03916416060369497
1261080654025904129,positive,0.9078136101543182
1261080654609027077,negative,0.15245603196008226
1261080654646738944,neutral,0.6400394696156579
1261080655590494209,negative,0.0007510344211771513
1261080656374902784,negative,0.2042517137896546
1261080656395804674,negative,0.0834800784471925
1261080656559341569,negative,0.00232100785074468
1261080656743981056,positive,0.7620633217217692
1261080656781680641,negative,0.00010171747159979168
1261080656932679680,negative,0.022478312299605983
1261080657092100098,neutral,0.5495922250151081
1261080659508039682,negative,0.12342333100890189
1261080661424836610,negative,0.0015565137718598348
1261080661496139777,negative,0.013974828934767583
1261080663509393408,negative,0.004650090132266798
1261080663635214341,negative,0.0023069009212100776
1261080664608313349,negative,0.013974828934767583
1261080664667029505,negative,0.019248060043582736
1261080667351375874,negative,0.19080272724089742
1261080667464466434,negative,0.029229908611199503
1261080667581906945,negative,0.000719137401790773
1261080668206923776,negative,0.2982502698793098
1261080668345425921,negative,0.002961311291306646
1261080669775675392,negative,0.1913620992948721
1261080671033987074,negative,0.011542327101477854
1261080671495368706,negative,0.0007570970194492313
1261080672778833921,negative,0.005182993065430292
1261080672950784002,negative,0.10525302146641591
1261080672975945729,negative,0.1109487683248625
1261080672988520448,negative,0.002961311291306646
1261080673970016262,neutral,0.35119527102927156
1261080674313867264,negative,1.6053769673364058e-06
1261080674318123008,negative,0.0038826175487591172
1261080674812850176,neutral,0.4004342596044208
1261080675094016007,positive,0.8686695045423942
1261080675656118275,negative,0.012491509334278604
1261080675949649921,negative,5.739732014157297e-11
1261080676784357378,negative,0.002961311291306646
1261080676813737984,negative,0.020569358506555703
1261080677279240193,negative,0.0012679067725616712
1261080677811916800,negative,0.03987770932739295
1261080678415941634,negative,0.03602003751026866
1261080679196090368,neutral,0.35119527102927156
1261080679980445696,positive,0.9794799565770468
1261080680664104961,negative,0.1893882703758446
1261080680768909314,negative,0.18096128115817206
1261080680836009986,positive,0.9843207855999067
1261080681351962631,negative,0.0008068758842537066
1261080681834090496,negative,0.011837492728535683
1261080682274492416,negative,0.03581279561100945
1261080682513805313,negative,0.27069839133778073
1261080682744463361,negative,0.2021643353135964
1261080682899607552,neutral,0.33454078969952894
1261080683398782978,negative,2.485139377840787e-09
1261080684644442113,negative,0.06392516815191765
1261080685156151299,negative,0.023777288897458056
1261080685181362179,negative,0.09543703027505417
1261080685403680778,negative,0.00018603139091997854
1261080685508530177,positive,0.8964682561936866
1261080686703902720,negative,0.008424436512622466
1261080687131734017,neutral,0.3933410571741267
1261080688050266112,negative,1.7266281995445894e-11
1261080688381456387,negative,0.026994010101230304
1261080690034171904,negative,0.0007378778604435502
1261080690310946816,negative,0.03251319416051221
1261080691384688640,negative,0.00031702884874352177
1261080691904778240,negative,0.0638138797235396
1261080692345262088,negative,0.06307225375368526
1261080692567543809,neutral,0.5495922250151081
1261080692588511234,negative,8.761801983208876e-05
1261080692701761542,negative,0.008424436512622466
1261080693439897606,neutral,0.5651437490476977
1261080695071539200,positive,0.9099736108309587
1261080695104892929,negative,0.000971339655158587
1261080695134392320,neutral,0.46127768308170247
1261080695654490112,neutral,0.6133272946802542
1261080695918690304,negative,6.055051686474348e-06
1261080696497545219,negative,0.09581766303050931
1261080697067970560,negative,0.21656401232843772
1261080697516822530,negative,0.27108556020062524
1261080698057887744,negative,0.1301808415021426
1261080698120810501,negative,0.004445761165958328
1261080698426925059,positive,0.8767492048472587
1261080699433598977,neutral,0.43926183772058386
1261080699685277696,positive,0.8968724799273775
1261080699739783168,negative,0.0008219331144770507
1261080700943511561,neutral,0.5761076399742056
1261080701283102720,negative,4.072201398482696e-06
1261080701304295424,negative,0.002758828382992987
1261080701543251974,negative,0.03602003751026866
1261080702033985539,negative,0.003208617177402718
1261080702570954752,negative,0.0954890779049442
1261080702625492992,neutral,0.49789225920557484
1261080702843404290,negative,0.0057747033324140025
1261080703292321792,negative,0.0008219331144770507
1261080703397175296,negative,0.02589981524950632
1261080703506268160,negative,0.03371647357108172
1261080703741112320,negative,0.06352487706510034
1261080703975989249,neutral,0.47865870524693105
1261080706098368524,negative,0.01704110248965385
1261080706756853762,negative,4.237748835678683e-09
1261080706869952512,neutral,0.5495922250151081
1261080706870120449,neutral,0.4177909810976475
1261080706974986241,negative,0.0014835570421181082
1261080707042066440,negative,0.03471200290580496
1261080707134349312,negative,0.0023872191841093965
1261080707813818368,neutral,0.34774775681682585
1261080709567053825,negative,1.1362959024525338e-05
1261080710074556417,negative,0.00029145032275282946
1261080710082936837,negative,0.31735885473979114
1261080710430900224,negative,0.002747209974911546
1261080710900666368,negative,0.00046304804431785746
1261080711106367489,negative,0.0001019961695275448
1261080711538368512,positive,0.6858356578051783
1261080711928438784,negative,0.21491659985314138
1261080712331104256,negative,0.0016403381289822106
1261080712473653253,negative,3.226857101489211e-05
1261080713396355075,negative,0.002307356216281876
1261080713681670146,negative,0.00100108152617279
1261080714193272832,positive,0.8841893396324214
1261080714528743424,negative,0.13551250459219297
1261080715170545664,negative,0.31735885473979114
1261080716361846791,positive,0.809556477756485
1261080718295183361,negative,0.1283397771851063
1261080720266735616,positive,0.7307227494125816
1261080720971309056,negative,0.07446670496600384
1261080721852112902,positive,0.9843207855999067
1261080722506481666,negative,5.267813413900527e-08
1261080722795909121,positive,0.8402226795728336
1261080723357929472,negative,0.002655696650265478
1261080723466977280,negative,0.0017293028679861522
1261080723479560193,negative,3.5735452133914065e-05
1261080723508924416,negative,0.0004517934811687509
1261080723571658752,negative,0.14167054070399543
1261080724062588928,negative,0.013062503345506389
1261080854081789959,negative,0.3133104842467922
1261080854316617728,negative,3.455281946599237e-05
1261080854463422470,negative,2.177037764397654e-07
1261080854702555138,negative,0.12543272581993273
1261080856162115585,negative,0.07011194103648936
1261080856837468161,negative,0.10629471873468169
1261080856858255360,negative,0.00027079996224063614
1261080859077033985,negative,0.009778643821979372
1261080860096450561,negative,0.000132826626918237
1261080860624859136,negative,0.10437219488628903
1261080860893249536,positive,0.7323685123694561
1261080860914323457,negative,0.002961311291306646
1261080861715443712,negative,0.02558405764485432
1261080861954527233,neutral,0.4580667345779014
1261080863871131648,negative,0.32956787533783866
1261080864412381184,negative,0.00024519572555506695
1261080864886161408,negative,4.876315408386372e-06
1261080864919818240,neutral,0.5495922250151081
1261080865091747840,negative,0.2041718118604449
1261080866165526528,negative,0.021817482590894468
1261080866740207617,negative,6.2887357128157e-06
1261080867117715465,positive,0.9054584044921951
1261080867969040384,positive,0.6748186763400095
1261080868170469377,positive,0.8402226795728336
1261080868258344960,negative,0.0005406650222246089
1261080869046976512,negative,0.009146365885867341
1261080869609111555,positive,0.9960061146570264
1261080869672009729,positive,0.8402226795728336
1261080869873336320,negative,1.439418418973852e-05
1261080870003318785,negative,0.19522149773872452
1261080870418624512,negative,1.5509940305400943e-05
1261080870871580672,positive,0.9843207855999067
1261080872700256257,negative,0.0014835570421181082
1261080873375543298,neutral,0.6417147605933217
1261080873581101059,negative,0.0954890779049442
1261080875225231365,negative,1.967051965004644e-06
1261080875258851328,negative,0.009141893535151387
1261080875518889989,negative,0.04307842612707615
1261080875732799488,negative,1.7662777286306644e-07
1261080875837657091,negative,0.1647733920947316
1261080875963473927,negative,3.610388610178168e-09
1261080876047372289,negative,0.3107281742138744
1261080876554883072,negative,0.005376655085047213
1261080877058195456,negative,0.002388017455163985
1261080877372751873,negative,8.643977786850109e-05
1261080877553070080,negative,0.0008658808987767491
1261080877582426112,negative,0.00834460164513611
1261080879000170496,negative,0.005182993065430292
1261080879822262273,negative,1.967051965004644e-06
1261080879834771458,neutral,0.5950087081998937
1261080880061255680,neutral,0.5495922250151081
1261080882221322241,negative,0.021847994220713422
1261080882770780161,negative,7.774970698356848e-05
1261080882972106753,positive,0.6631605170944257
1261080883118866434,positive,0.8402226795728336
1261080883177668609,negative,0.023777288897458056
1261080883685216256,negative,5.092266279847415e-05
1261080883785871360,negative,0.021817482590894468
1261080883789955073,negative,0.0005467224246551208
1261080884385628160,negative,0.18180867750581886
1261080884960165891,negative,0.0014482587801920095
1261080884981174272,negative,0.1101179882218812
1261080885010534403,positive,0.7339071521567808
1261080886029803520,negative,0.22390445019044497
1261080886151385089,neutral,0.5521729585144395
1261080887338270720,negative,5.01145498282277e-05
1261080887405486080,negative,0.0036017663580761696
1261080887564910593,neutral,0.5495922250151081
1261080887745286149,negative,0.00676312130532614
1261080887934029824,negative,0.001758940233460584
1261080888340811781,negative,0.00016563931916926725
1261080888483299328,negative,0.045311749852788394
1261080889473355778,neutral,0.5495922250151081
1261080890731454464,positive,0.770917792213459
1261080892375814144,negative,2.0917080919999318e-06
1261080892669333504,negative,0.05759367324562114
1261080893084569608,negative,0.0007672499014360527
1261080893755731969,negative,0.19731840969612646
1261080894158385154,negative,0.2274294892861581
1261080894237839360,negative,0.12059193672619449
1261080894451978240,neutral,0.37152604608666934
1261080894636466176,neutral,0.41266981629537175
1261080895236247558,negative,0.0902417021087192
1261080895236308999,negative,0.0834800784471925
1261080898495229952,neutral,0.5896148069136171
1261080899287871490,negative,0.001625330658290536
1261080900009431040,neutral,0.4706360692173153
1261080901036851200,negative,0.0014835570421181082
1261080901641003016,neutral,0.5495922250151081
1261080901909467137,negative,0.0005812967361960337
1261080901951401984,negative,0.002961311291306646
1261080902257557505,negative,0.007110710282981152
1261080902597136386,negative,0.002747209974911546
1261080902664364032,negative,0.2014115959549051
1261080902890856448,negative,0.023777288897458056
1261080903025070080,negative,0.0001401071788490823
1261080903125807105,negative,0.007385974301312836
1261080903406755846,neutral,0.6311351154646749
1261080903637491719,neutral,0.4219680598836992
1261080904484548608,positive,0.6858356578051783
1261080905478598656,negative,0.000635743175293811
1261080906489626625,positive,0.8402226795728336
1261080906535706626,neutral,0.35119527102927156
1261080907227807745,neutral,0.41266981629537175
1261080907500457984,negative,2.377497491788228e-06
1261080907802386433,negative,0.003208617177402718
1261080908150472704,positive,0.7307227494125816
1261080908385443842,negative,0.0012611440390596857
1261080908913926146,negative,1.6053769673364058e-06
1261080908951674881,neutral,0.33402218903110614
1261080909433929731,negative,0.003618869155013082
1261080910201569286,negative,0.0012354803031195112
1261080910352527361,negative,0.2836210562304933
1261080913640935424,negative,0.013381734878671742
1261080914148425730,negative,0.0030162885936351473
1261080914425151489,negative,0.0004784213479216522
1261080914668462081,neutral,0.44203421560871836
1261080915117330441,negative,0.0037369032252308216
1261080915658366976,neutral,0.4774999489184486
1261080915662569473,negative,0.1666438900359592
1261080915977154564,negative,0.0035434464923789345
1261080916652363778,negative,0.06889899520881435
1261080916811821056,negative,0.0836460428541719
1261080917096960002,negative,0.11621235138636853
1261080917369589761,negative,2.6927457883668696e-06
1261080917927485440,neutral,0.41086737343706603
1261080918183366663,negative,0.00429352143171378
1261080918292398081,negative,0.0057747033324140025
1261080918804004864,negative,0.0051237245258702385
1261080918908952577,negative,0.16016677714172942
1261080918992785410,negative,0.006942631717476901
1261080919974252544,negative,0.22390445019044497
1261080920385368064,negative,2.9074515321770962e-11
1261080921228423176,negative,0.08538827727114746
1261081044901670912,negative,0.03729132772361978
1261081045128052739,negative,0.059750747486031236
1261081045174308865,negative,0.0024407135805995218
1261081047221092355,negative,0.0954890779049442
1261081047233691648,negative,0.0061099308164914885
1261081047804059649,negative,0.07891332884724853
1261081047833415680,negative,0.0003307246250016788
1261081047837691904,negative,0.030378365817921665
1261081048655544320,negative,0.02042302598643286
1261081048764616709,neutral,0.333314263973405
1261081049741705216,negative,0.1626375337701904
1261081050480082948,negative,3.455281946599237e-05
1261081051323129856,negative,0.01960502389655823
1261081051805421571,negative,0.00516173545328078
1261081052078125056,negative,0.04307842612707615
1261081052212314112,neutral,0.41969077563352464
1261081052807942146,negative,0.0018468135909929756
1261081053281890305,negative,0.002747209974911546
1261081053533519876,negative,0.0039688126499790805
1261081053533548546,neutral,0.5495922250151081
1261081054313680896,negative,0.005559458865581545
1261081054632448011,negative,0.029229908611199503
1261081054997286913,negative,0.1724276612455654
1261081056331075584,negative,0.2504300754283624
1261081056519884802,negative,0.02400083561685306
1261081056654036995,negative,0.08370615502042587
1261081057295773696,positive,0.9904473830584276
1261081057471815680,positive,0.996568533483016
1261081058415607808,negative,0.1724276612455654
1261081058428280839,neutral,0.3499352441185855
1261081059095126021,negative,0.07061838115875682
1261081059191652353,negative,0.09555033466886954
1261081059611025408,negative,0.04061343032885303
1261081060236038149,negative,0.06344553166055047
1261081060508655616,negative,0.0034205527305059638
1261081061590806531,neutral,0.4985928500860049
1261081062081527808,negative,0.1876004957997629
1261081063058800640,negative,0.005910827527191072
1261081063687892993,neutral,0.5761076399742056
1261081064191201286,negative,0.06549236838440162
1261081064971395079,negative,0.018883472318718054
1261081065030135808,negative,0.009141893535151387
1261081065181130753,negative,0.2544389029600646
1261081065936039936,negative,0.3020135550609068
1261081066774953985,neutral,0.33454078969952894
1261081068104560643,positive,0.8929091510463996
1261081069002072069,negative,0.02827539613162562
1261081069316722694,neutral,0.37152604608666934
1261081069660581889,negative,0.00038942459215321354
1261081069836697600,negative,0.0012155474307648834
1261081070793080838,negative,0.0003067663436073722
1261081070826598402,negative,3.917823708047597e-07
1261081071514464256,negative,0.03221773702120485
1261081071837425664,negative,0.08370615502042587
1261081072449839106,negative,0.00036359367218713153
1261081073049432064,neutral,0.40485177752233803
1261081073347330050,negative,0.02647790521386964
1261081073456427008,negative,0.09208364274523959
1261081074169503745,negative,0.16838572573702976
1261081074555408390,negative,3.7838720515379694e-08
1261081074584768512,negative,0.000288001988384941
1261081074756726785,negative,0.1913620992948721
1261081076782555141,negative,2.5092237748260415e-09
1261081077227171840,negative,0.05654272276547208
1261081077419999232,negative,0.0771226269598771
1261081078850355203,neutral,0.38356677755934454
1261081079383052289,positive,0.7650956489483489
1261081079739412480,negative,3.99651627794196e-05
1261081080142000128,positive,0.7307227494125816
1261081080569856000,negative,0.23820834532183754
1261081082331570178,neutral,0.5582121602773369
1261081082339840000,negative,0.014957010047803197
1261081083354980352,negative,0.021058380263997072
1261081083589857281,negative,0.005334587040875626
1261081084370042882,negative,3.5735452133914065e-05
1261081084940476418,positive,0.9497878843859486
1261081085062131714,negative,0.22367519312499795
1261081085217136640,positive,0.6969285368392312
1261081085427036160,negative,0.010392837940467282
1261081087427698690,negative,9.807182295365177e-05
1261081087490621440,negative,0.00013019421737224158
1261081087519817728,positive,0.691207392929783
1261081089054998529,neutral,0.35119527102927156
1261081089344487424,negative,0.23323516035049255
1261081090422444033,negative,0.002560085907094208
1261081090841874432,negative,5.473339817402083e-05
1261081090925703168,positive,0.6858356578051783
1261081091693314048,negative,0.1249111205644846
1261081093362593793,neutral,0.5495922250151081
1261081093555486720,negative,0.006459493638226774
1261081095019409409,negative,0.11729201424308883
1261081095082135553,negative,0.02558405764485432
1261081096181239809,negative,0.002758828382992987
1261081096508387328,negative,0.0006149946184115155
1261081096730574848,negative,0.19751506317315187
1261081096982351872,negative,0.03617352735728829
1261081097271640065,neutral,0.40506534230917196
1261081097401745415,negative,0.009141893535151387
1261081097661628416,neutral,0.49789225920557484
1261081097707958274,neutral,0.3666851852981065
1261081097850556416,negative,0.021058380263997072
1261081098123128836,negative,1.3199010660182828e-05
1261081098928480257,negative,0.0005054532085143603
1261081099154919426,negative,1.0877965886739447e-09
1261081099276562435,negative,0.0017473453816453195
1261081100170022912,negative,0.03251319416051221
1261081100547284992,negative,0.20771934817642312
1261081100664872962,neutral,0.4838094309354267
1261081101185007618,negative,0.0007551573273904993
1261081102095134722,neutral,0.49789225920557484
1261081102996901894,negative,0.049023031989178
1261081104120975362,negative,1.967051965004644e-06
1261081104578228226,negative,0.18257755894886069
1261081104712417282,negative,0.19751506317315187
1261081105270267907,negative,0.21647218940221769
1261081105433755650,negative,0.3107281742138744
1261081105555435520,negative,0.19731840969612646
1261081106012651520,negative,0.0018945205209518238
1261081108256522248,negative,0.31607881526339743
1261081108315353091,negative,0.002961311291306646
1261081110366355459,negative,0.10905452754410802
1261081112937365507,neutral,0.42872498028385914
1261081113662980096,negative,0.0014679802877060372
1261081114095038467,negative,0.12069954126804683
1261081115089080327,negative,0.2942703269035874
1261081116322271232,negative,0.14467146663109032
1261081118264233986,positive,0.9369977723284841
1261081118394273798,negative,0.09555033466886954
1261081118721351681,negative,0.004339059143358577
1261081118729744385,negative,0.00010224631879036377
1261081240838512641,negative,1.2588563141664035e-06
1261081242772156416,neutral,0.3401563644261893
1261081242939854849,positive,0.796666629286687
1261081243288055814,negative,0.28728203984633854
1261081244584087552,negative,0.02558405764485432
1261081246068858880,negative,0.0014547221912644267
1261081246148550664,negative,0.03364125042073363
1261081247150944257,negative,0.00044482485229032964
1261081247218053121,neutral,0.3499352441185855
1261081247222284295,negative,2.7644309306081575e-07
1261081248098811904,neutral,0.45526435901435797
1261081248589664256,negative,0.011909142703536992
1261081248644116486,negative,2.0917080919999318e-06
1261081248816148480,positive,0.8797382548468979
1261081249193644037,negative,0.0954890779049442
1261081249323589636,neutral,0.333314263973405
1261081251198513152,neutral,0.5495922250151081
1261081251936681988,negative,0.07061838115875682
1261081252481949696,negative,0.15672449615898132
1261081253886992385,negative,0.0028686138588967704
1261081255904530434,negative,0.008424436512622466
1261081256722399232,positive,0.8686695045423942
1261081257154424834,negative,0.22691345471533453
1261081257724829699,negative,0.03221773702120485
1261081259029250049,positive,0.8573381608825863
1261081259926859777,negative,0.002307356216281876
1261081259989704704,neutral,0.49114048206328076
1261081260283363330,neutral,0.5020667289932428
1261081260706930688,positive,0.9023443975375621
1261081260711120896,negative,0.002961311291306646
1261081261617152000,neutral,0.4838094309354267
1261081261998772225,negative,0.19770369928745482
1261081262015594496,negative,0.0018078088729229693
1261081263814914051,negative,0.03501800096812271
1261081264813223936,negative,2.6927457883668696e-06
1261081265433911297,negative,0.03501800096812271
1261081265517875202,negative,0.0004806741068017155
1261081265563766784,negative,0.006099828276174976
1261081265568088065,negative,0.00045501385058391075
1261081267124211712,negative,0.019077037639588096
1261081267275251716,negative,0.20142948729705923
1261081270517485568,negative,0.20039316464816415
1261081270525796352,negative,0.003245223152281303
1261081271599595526,negative,0.002758828382992987
1261081273612800005,negative,0.002758828382992987
1261081273864531968,negative,0.06470242612319486
1261081273944113152,negative,0.027383195841807095
1261081274216779777,neutral,0.4026584616735308
1261081274485268483,negative,0.13726071792277128
1261081275181469698,negative,0.0012569176363645916
1261081275550568448,negative,0.002307356216281876
1261081276402020352,negative,0.002758828382992987
1261081276502728707,negative,0.03928253994905847
1261081276519456771,negative,0.002758828382992987
1261081277794529288,positive,0.9990202410932149
1261081277844897797,negative,0.006476963414056496
1261081278033457152,negative,4.270247495584254e-06
1261081278885003264,negative,6.055051686474348e-06
1261081279212249088,negative,0.002747209974911546
1261081279845580802,negative,0.007760697430112886
1261081280273354752,negative,0.007760697430112886
1261081280663429125,neutral,0.5107392282727181
1261081281389092864,negative,0.002961311291306646
1261081281472929795,negative,0.008173803695410113
1261081281850376192,negative,9.166569348210158e-10
1261081282253066242,negative,0.00026617864231916514
1261081283276484608,negative,0.2986858802568616
1261081283553308677,negative,0.03785909157126425
1261081284052320256,neutral,0.5873128235153824
1261081284085837824,negative,0.16174842050075414
1261081284979363840,negative,0.010554549143264032
1261081285289807874,negative,0.002961311291306646
1261081286082351104,negative,0.13031567639309632
1261081286279602178,negative,0.0024581191927417483
1261081286459957248,negative,0.0008658808987767491
1261081286501961734,neutral,0.49789225920557484
1261081286531330048,negative,0.17436094016435877
1261081286690648065,negative,1.6053769673364058e-06
1261081287097569280,negative,0.0019222775492067018
1261081287885979650,positive,0.9983300695538909
1261081288259317765,negative,2.511875686896645e-10
1261081288804622338,negative,0.06700310722180802
1261081289203093505,negative,0.008424436512622466
1261081289463148550,positive,0.9995130384955465
1261081289916133383,negative,0.03722664864161378
1261081290276777985,negative,0.03533229720008275
1261081290784333824,negative,7.115753878588831e-06
1261081291065303046,negative,0.0001404407733597403
1261081291967037440,negative,0.00230528272470516
1261081292176871429,negative,0.2541875221084397
1261081292281729026,negative,0.03232193979384412
1261081292877242368,negative,0.03135927297469869
1261081292894023682,negative,0.06817969804679798
1261081293334462468,negative,0.21066180008856167
1261081293527400448,negative,0.23632336945711951
1261081293682606080,negative,0.04530556792532054
1261081294051651584,negative,0.002961311291306646
1261081294718582784,negative,0.037455007790796094
1261081295221739521,negative,2.611709116960264e-07
1261081297163870209,negative,3.222024871126263e-06
1261081298271195136,negative,0.19080272724089742
1261081298313109505,negative,0.0001019961695275448
1261081299701444610,negative,0.0019598809852081627
1261081300070531073,negative,3.613847744206186e-05
1261081301752451072,negative,0.00830167147691963
1261081301811159041,negative,0.09258674921589585
1261081302410899462,neutral,0.41702281971528393
1261081302599700480,negative,0.03251319416051221
1261081302670835712,negative,0.0030615936095445607
1261081302851153920,negative,0.003448708937971655
1261081303623098368,negative,0.06967499314271368
1261081303937662976,neutral,0.38356677755934454
1261081304289902593,negative,0.03299988820987437
1261081304973656064,negative,0.03987770932739295
1261081305044918279,negative,1.8901875642029735e-08
1261081305657327618,negative,4.748457259463907e-10
1261081307574079490,neutral,0.3312362701829959
1261081308161138688,negative,0.0016263542475693758
1261081308408799234,neutral,0.5495922250151081
1261081309092425728,positive,0.9999986545826927
1261081309302132740,positive,0.8402226795728336
1261081309549649925,negative,2.0917080919999318e-06
1261081310086533120,negative,0.000672160701421654
1261081311399284737,negative,0.32656892940951227
1261081311487373312,negative,0.008424436512622466
1261081312200470534,negative,0.002961311291306646
1261081313232203778,negative,2.0917080919999318e-06
1261081313374846977,negative,1.6053769673364058e-06
1261081313446105089,negative,0.06133308566078277
1261081313508909056,negative,0.0015463167378863146
1261081313626505218,negative,5.598330038667087e-06
1261081314092093440,negative,0.0005823815855797166
1261081314565947392,negative,0.0017103622810660671
1261081316860272640,negative,0.00022689851944994208
1261081443532505088,negative,0.021817482590894468
1261081444350377985,negative,0.16838572573702976
1261081444484550658,negative,8.068152693657024e-06
1261081446728507395,negative,0.00018603139091997854
1261081447986688001,negative,0.04830528703942058
1261081450025287686,negative,0.0014835570421181082
1261081451778326528,negative,0.027279807486083014
1261081453242322948,negative,0.002961311291306646
1261081453342920706,negative,0.00032183819291280196
1261081454265630727,negative,1.967051965004644e-06
1261081454831964160,negative,0.04131845558442685
1261081455855271936,negative,0.0003396757254286779
1261081456207675392,negative,0.22390445019044497
1261081456966660097,negative,0.006490328753223425
1261081457348481025,negative,4.188207965573074e-05
1261081457486966785,neutral,0.37859974459627066
1261081458656997382,negative,0.000635743175293811
1261081459424669696,positive,0.7323685123694561
1261081459827322881,negative,0.1626375337701904
1261081460003483648,negative,1.7662777286306644e-07
1261081461060505601,negative,0.005143523471895895
1261081461962219520,negative,0.17761717663251125
1261081462092201986,negative,0.006466231753255225
1261081462889160707,negative,0.0013453493002364948
1261081463027630083,negative,1.6119936920340198e-09
1261081463036018698,negative,0.07038180670255602
1261081463455268864,negative,0.1690087084612106
1261081463921020928,negative,0.14467146663109032
1261081463950172161,negative,0.00037759085798400645
1261081465640476672,negative,0.04806312686579951
1261081466626334720,negative,0.017756260195913004
1261081466752192513,negative,0.0014835570421181082
1261081467767095302,negative,0.0014224489801736863
1261081468098555911,negative,0.3107281742138744
1261081468530503683,neutral,0.5495922250151081
1261081469281357833,neutral,0.5404918689920695
1261081469323272196,negative,5.259261449949305e-05
1261081469335855104,negative,0.046663134115848846
1261081472791990282,positive,0.8573381608825863
1261081472913616897,negative,1.6019772657417197e-05
1261081472993288199,negative,0.3107281742138744
1261081473404112896,negative,0.0015939646271482253
1261081473509179393,negative,0.22390445019044497
1261081473697959936,negative,0.1933306475894072
1261081473765031937,negative,0.07900862632724676
1261081474108985350,negative,0.24165437627233213
1261081474364854272,negative,9.136864889105566e-05
1261081475711205376,negative,0.0008658808987767491
1261081476440952833,negative,0.07617068094788841
1261081476524912641,negative,0.0001401071788490823
1261081477133021184,neutral,0.5376582783896555
1261081478152192003,neutral,0.3767701553394733
1261081478420746240,negative,3.954707865511457e-05
1261081478684979202,neutral,0.40485177752233803
1261081478743629826,negative,1.6019772657417197e-05
1261081479066591238,negative,2.6927457883668696e-06
1261081479171325953,negative,7.528508355918325e-05
1261081479494291457,negative,0.04344407120982793
1261081479532052481,negative,0.0015939646271482253
1261081480085811201,negative,0.014263571587789976
1261081480194920451,negative,0.050483936393489214
1261081482023616514,negative,0.00023968934219825
1261081482317246465,negative,0.1920985065862352
1261081483013509121,negative,0.00857063981041762
1261081483390877696,neutral,0.3902005341217683
1261081483474804737,negative,0.13706357257497118
1261081483789381633,negative,0.013974828934767583
1261081484418572288,positive,0.8841893396324214
1261081484619927553,negative,0.2272087918499019
1261081484837953540,negative,3.5735452133914065e-05
1261081485827813376,negative,0.022055050122493827
1261081485941133312,positive,0.8573381608825863
1261081486419202048,positive,0.9497604522269033
1261081488277331970,neutral,0.48250735416811696
1261081488327655430,negative,2.286944073151512e-10
1261081488327663622,negative,0.11621235138636853
1261081488814194692,negative,0.002961311291306646
1261081489053085696,negative,0.023570002572751644
1261081489149538305,positive,0.7103900115701475
1261081489380384768,negative,2.5092237748260415e-09
1261081489707499522,negative,0.0005918503658934132
1261081489825058816,neutral,0.6223449582323425
1261081489955008514,negative,0.0834800784471925
1261081490751979522,negative,0.09376906045436378
1261081491590823937,negative,0.013974828934767583
1261081491741818882,positive,0.9487287687287097
1261081492224192512,positive,0.825303824930411
1261081492488245249,negative,0.03581279561100945
1261081492828102656,neutral,0.46427968182500445
1261081493226639363,negative,0.0003200642311179912
1261081493293674496,negative,4.7813963012046976e-05
1261081493306294274,negative,0.0001401071788490823
1261081493838934016,negative,0.00090990513324262
1261081495868968961,negative,8.067852708055469e-05
1261081495936077825,negative,0.1603126569757053
1261081496494002178,neutral,0.35828511894140086
1261081496804302851,negative,0.0735151845083947
1261081497194430465,positive,0.7845036771361175
1261081497781637122,negative,0.03218960661813443
1261081498725126144,negative,0.02920830979612308
1261081498733641728,negative,0.0002636078572771582
1261081499127943169,positive,0.9849788380855865
1261081499530670084,negative,2.5092237748260415e-09
1261081500642168833,negative,0.0006678482193752524
1261081500797239298,negative,0.057954365805660976
1261081500801544193,negative,0.004635876243800295
1261081501149601795,negative,0.002961311291306646
1261081501204197376,neutral,0.3530861815068843
1261081501443252228,negative,0.31732489718339985
1261081501518770176,negative,0.009211903610230244
1261081501929799680,negative,0.10912991596920602
1261081502349094916,negative,0.3107281742138744
1261081502697361421,negative,0.018792524166445362
1261081503800442880,positive,0.7548902052352293
1261081504278429696,negative,0.000635743175293811
1261081504500846596,negative,0.023777288897458056
1261081507013234693,neutral,0.4423155763116241
1261081507210375173,positive,0.8127393354730089
1261081508086820865,positive,0.7427078932229195
1261081508149964800,negative,9.377950006560572e-05
1261081508523184133,neutral,0.39931682508676464
1261081508552544258,negative,0.0005145595054965869
1261081509890531334,negative,0.00027079996224063614
1261081510695915521,negative,0.0021085473906718574
1261081510712655872,negative,0.003222205327880296
1261081511220047872,negative,0.03452354395412839
1261081511752761345,negative,3.5735452133914065e-05
1261081511853522950,negative,0.22390445019044497
1261081512121950209,neutral,0.47865870524693105
1261081512272936960,neutral,0.47865870524693105
1261083024487309322,negative,0.23820834532183754
1261083026806751232,negative,0.0954890779049442
1261083027016482818,negative,0.13685452811264706
1261083027809198088,negative,0.029501084804124965
1261083027905576962,negative,4.0973636640296696e-05
1261083028392153088,negative,0.007787281812243831
1261083029700820993,negative,0.0913968148603777
1261083030720036864,negative,1.8940339821843344e-08
1261083031319785472,negative,0.13672995910289784
1261083031458254854,negative,0.16838572573702976
1261083032833982469,negative,0.11998628134824621
1261083034180354049,negative,0.2954147815686688
1261083034863968259,negative,0.13903037670771148
1261083035505655811,negative,1.1042937300159042e-09
1261083036055199745,negative,0.0004615994277316352
1261083036877193217,negative,0.021817482590894468
1261083037309317121,negative,3.455281946599237e-05
1261083037351247879,negative,3.0330822798141326e-05
1261083037841965060,negative,0.23834679269576262
1261083038047326210,negative,0.00136468868174675
1261083038756171776,negative,0.0003918792305451177
1261083039494529024,neutral,0.5399269564517983
1261083039960096768,negative,0.008555719302246302
1261083040039735297,negative,0.024842687048890172
1261083040299782144,negative,1.1566302930135372e-08
1261083040735989760,neutral,0.45526435901435797
1261083041126023170,negative,0.15713913296919935
1261083041344208902,negative,0.21131301789281656
1261083042006945794,negative,0.15709760186304256
1261083042396938241,negative,0.003263454996904061
1261083042736672769,negative,0.0001401071788490823
1261083042807975937,negative,0.014255841107960613
1261083042841583620,negative,0.29421650888984446
1261083042925498374,negative,0.0012155474307648834
1261083043000995841,negative,0.002961311291306646
1261083043135094785,negative,4.270247495584254e-06
1261083043642646529,negative,0.3269730785386652
1261083045395824640,negative,0.12562804237363526
1261083045731471360,negative,0.03785909157126425
1261083046700294156,negative,0.003618869155013082
1261083047161724928,negative,0.0008658808987767491
1261083047904116736,negative,0.016911632367007982
1261083048789061634,negative,0.012491509334278604
1261083049254674432,negative,0.012524633334256024
1261083050202378240,negative,0.00238189878060505
1261083051389603848,negative,0.004635876243800295
1261083052094246914,negative,0.0035062492666783364
1261083053327134722,negative,1.1074400605306582e-05
1261083053633548288,negative,0.007583724754557595
1261083054040215552,negative,0.0005406650222246089
1261083055437090818,negative,0.01654451539263268
1261083056141672451,negative,0.0002464870254328577
1261083056984789002,negative,0.12415776281702796
1261083057509076993,negative,0.015892843905014893
1261083057643237382,neutral,0.6538923046502242
1261083058058530816,negative,0.03251319416051221
1261083058993655808,negative,2.147551206409598e-07
1261083059123822594,negative,0.10134028605591529
1261083059161567232,negative,4.197498584855346e-07
1261083059820138496,negative,0.02426414986185051
1261083060415664128,negative,0.03324321167688231
1261083060705124360,negative,0.06264495440836211
1261083061615235073,negative,0.01181137628955119
1261083062445780993,negative,0.04724859771977555
1261083062525460480,negative,0.016742067372067897
1261083062680670208,negative,0.0018921155129841222
1261083062701604867,negative,0.3107281742138744
1261083063079100416,negative,0.001082501815469254
1261083063108468737,negative,0.02426414986185051
1261083064463233025,negative,0.007760697430112886
1261083065302081536,negative,0.017238390762896245
1261083065843101698,negative,0.00018174387032558826
1261083067415920646,negative,0.00472062068610723
1261083068347166720,negative,0.003833848918429695
1261083068355563520,negative,0.008905588854766963
1261083068418441222,negative,0.00399491222295182
1261083068816916481,negative,0.021817482590894468
1261083070050033664,negative,0.0001076618496006159
1261083070326812683,negative,0.002961311291306646
1261083070456872960,neutral,0.4697329021420244
1261083070532333569,negative,0.24781996833259454
1261083070624563202,negative,0.0008658808987767491
1261083071979442178,negative,0.15777472152595248
1261083072000294913,negative,0.11831344416411216
1261083072059105281,negative,0.0834800784471925
1261083072310714369,positive,0.8865556350498817
1261083072419815424,negative,0.03785909157126425
1261083073833287685,negative,0.00782070513249228
1261083074303057926,negative,0.0013934772143177853
1261083075062239235,negative,0.000288001988384941
1261083076152745985,negative,0.0948908403365332
1261083076819632133,negative,0.003618869155013082
1261083077066944512,negative,0.011688039061306494
1261083077423632389,negative,0.05252995542409104
1261083078723727360,negative,4.933880397249026e-10
1261083078727839744,neutral,0.4062237372033458
1261083079545888769,negative,0.0009162096572497485
1261083079638167552,negative,0.00017682084605414545
1261083079650635776,negative,0.04583971624957925
1261083079822708737,negative,0.08240973577352088
1261083080095301634,neutral,0.3392260650575066
1261083080158326788,negative,0.2942703269035874
1261083081513074691,neutral,0.5871800871780085
1261083081731178496,negative,0.06122190594334571
1261083081907351552,negative,0.25047865076371006
1261083082616168460,negative,0.001082501815469254
1261083083542913024,negative,1.4659511590548017e-11
1261083084277133314,negative,1.6398320312366587e-06
1261083084709081090,negative,0.02492940851756637
1261083085292163072,negative,0.00011348498969040842
1261083085833207813,positive,0.9959018676943115
1261083086621675520,negative,0.005377061459785981
1261083086697029633,negative,0.0015573777329820275
1261083087112306688,negative,0.01181137628955119
1261083087552815105,negative,0.0008219331144770507
1261083087607410689,negative,0.005991037631792754
1261083088844546049,negative,0.16838572573702976
1261083090564329474,negative,0.2504300754283624
1261083091193475074,negative,0.2668329658614218
1261083092934176768,negative,2.5092237748260415e-09
1261083094003695616,negative,0.00743856848577372
1261083095467528192,negative,8.075965546321373e-07
1261083223368642563,negative,0.0019480764081230874
1261083224576528384,negative,1.9808538162126713e-05
1261083225075712002,negative,0.041561469453553955
1261083225260204032,negative,0.002307356216281876
1261083225780150272,negative,0.004472460930103305
1261083228154277891,negative,0.005464308395389653
1261083228309463041,negative,0.013309279253124291
1261083228443742209,negative,0.00010122814364068116
1261083229072867329,negative,0.0954890779049442
1261083229098041347,negative,0.0018945205209518238
1261083229211299840,neutral,0.40485177752233803
1261083229236445185,negative,0.000653232406349746
1261083230071066627,negative,0.07971635296811137
1261083230758940673,positive,0.9755098256495631
1261083231476158466,negative,0.19072649699378552
1261083231656579073,negative,0.0014863539784718733
1261083231786610688,negative,0.003599502224337888
1261083232004644864,neutral,0.39147442169176677
1261083232625254400,negative,0.3107281742138744
1261083232814145536,negative,0.0007284376020792767
1261083233657196546,neutral,0.6232643230202886
1261083235246837760,negative,0.26644780251621764
1261083236228358145,negative,0.0019913696346410426
1261083236249329664,negative,0.13549369954074872
1261083236282896384,negative,3.518708256779147e-05
1261083236295495680,neutral,0.504535622230524
1261083236312264704,negative,0.041009611730990436
1261083236706537474,negative,0.04830528703942058
1261083237323079687,negative,0.0003396757254286779
1261083238321225729,neutral,0.6553122777776279
1261083238904270849,negative,0.2993418547833692
1261083238954676224,negative,0.0301065015482542
1261083239386660867,negative,0.00011348498969040842
1261083239407468544,negative,0.08905283410036235
1261083240573677569,negative,0.009187151263255759
1261083240879869952,negative,8.884225211000563e-06
1261083241899012098,negative,0.0008658808987767491
1261083243043930112,negative,2.116494254021187e-06
1261083243572584452,negative,0.00010303049069597763
1261083243664867328,negative,0.005850720107287522
1261083244008804352,negative,0.006476963414056496
1261083244910587905,negative,0.0004002154725795446
1261083245787205633,negative,0.021058380263997072
1261083246156283905,positive,0.9982045510284216
1261083247070633984,negative,3.1435193932392635e-06
1261083247829831680,negative,0.002961311291306646
1261083249973043208,negative,0.00030723141580804884
1261083250891653120,negative,0.16863308895665388
1261083251558539264,negative,0.005334587040875626
1261083252036644864,negative,0.046199064573386926
1261083252087042056,neutral,0.3651166642612673
1261083252200222720,positive,0.9815147555378415
1261083253651505155,negative,2.2299981319883247e-05
1261083254079225857,negative,0.014330504043253388
1261083255232757761,negative,0.002961311291306646
1261083255291469824,neutral,0.35357424341562044
1261083255618457601,neutral,0.4180405129631963
1261083256394584069,negative,0.1626375337701904
1261083257350893569,negative,0.0027435445294036382
1261083257359208454,negative,0.0003024765162551233
1261083259024347137,negative,0.0002791816573995484
1261083259502551040,negative,1.6053769673364058e-06
1261083259611406336,negative,0.057907319126952385
1261083259892531205,negative,0.07095960429425927
1261083259900846080,neutral,0.4510106566713744
1261083259976499200,negative,4.548769609944681e-06
1261083261306093568,negative,0.018111570038842353
1261083261406720002,neutral,0.3638625139702317
1261083262086270977,negative,0.04197895714292733
1261083262224609285,negative,0.020514971154574242
1261083262266589186,negative,2.3293599748942223e-07
1261083262610362368,negative,0.002307356216281876
1261083264980340746,negative,0.0013934772143177853
1261083265018081281,negative,3.687781645915163e-05
1261083267178147840,negative,1.6019772657417197e-05
1261083267673055233,negative,3.0737848291853135e-08
1261083267970871296,negative,0.0484302486766727
1261083268356681738,negative,0.06021362021127343
1261083269069778946,negative,0.3200780906683345
1261083270323863553,negative,0.018111570038842353
1261083271380770821,negative,3.7088365780800236e-05
1261083272001486851,negative,0.0014679802877060372
1261083272131608576,negative,0.023141222020652125
1261083272827809792,negative,0.23632336945711951
1261083272932622336,negative,0.06967499314271368
1261083273591164928,negative,0.023777288897458056
1261083273645764608,negative,0.3275076957062075
1261083273649893382,negative,1.6053769673364058e-06
1261083274153209860,negative,0.021817482590894468
1261083275025690629,neutral,0.40164566407707886
1261083276359368707,negative,0.0031288158635107114
1261083277596729346,negative,0.052822655813100444
1261083277605117952,negative,8.902081841690072e-12
1261083277646938113,negative,4.439473344718176e-05
1261083278917894150,negative,8.504169966603276e-07
1261083279656181761,negative,4.473844848640791e-06
1261083281342320645,negative,6.929641160936755e-11
1261083281883303938,negative,0.055717414186032446
1261083282168590340,neutral,0.39147442169176677
1261083282793472001,negative,0.002961311291306646
1261083284735492101,negative,0.19398806356646772
1261083285469487107,negative,0.03548178564333209
1261083285481979904,negative,0.010120232477805993
1261083286224412678,negative,0.030378365817921665
1261083286820061185,negative,0.10669395788135454
1261083286903885827,negative,0.03356046991159031
1261083287155609601,negative,0.00026229033426697335
1261083287285633028,negative,0.002390296280066036
1261083287558279168,negative,5.259261449949305e-05
1261083287637934084,negative,0.05341447044745872
1261083287793041408,negative,0.004654855210502694
1261083288111906822,negative,0.002758828382992987
1261083289139511297,negative,0.003618869155013082
1261083289420529665,negative,0.0219261650629614
1261083289651154944,negative,0.002961311291306646
1261083290259390474,negative,0.041009611730990436
1261083290355851264,negative,0.00056631550350921
1261083290594873344,negative,0.1958422491269227
1261083290796204032,negative,0.0008219331144770507
1261083291412725760,negative,0.004988069088712278
1261083291437813765,negative,0.021817482590894468
1261083291505090560,positive,0.7103900115701475
1261083291614134277,negative,0.04589592859128942
1261083292100702212,negative,0.3107281742138744
1261083292218130434,negative,0.000826576448453993
1261083292373340161,positive,0.6922310873791506
1261083292851482624,negative,0.0008658808987767491
1261083293031649280,negative,0.04450632732153679
1261083293518348288,negative,1.51933184197559e-09
1261083294311034889,negative,0.13915077706296097
1261083294730539008,negative,0.001959330984698364
1261083295795871745,negative,0.2504300754283624
1261083424846200834,neutral,0.49789225920557484
1261083426133880834,negative,0.11878134744880953
1261083427601858560,negative,0.3107281742138744
1261083429942300673,negative,0.2790810422815306
1261083430374256640,negative,0.0352952498830695
1261083430390861824,negative,0.22675167533712304
1261083432261541888,negative,0.0034081698692549145
1261083433620701185,negative,0.002747209974911546
1261083433922691077,negative,0.0754574665288692
1261083434820292614,negative,0.0002636078572771582
1261083434828660738,negative,0.03665225002411199
1261083435382255626,neutral,0.47865870524693105
1261083435550023680,negative,0.08865091852690221
1261083435646541825,neutral,0.403708656677517
1261083436338511873,negative,0.013974828934767583
1261083436489596928,negative,0.012397209536499514
1261083436514545664,negative,0.019077037639588096
1261083436766449665,negative,0.00041205569520544067
1261083436774821891,negative,0.21656401232843772
1261083436862910464,negative,0.002307356216281876
1261083437299007489,neutral,0.5495922250151081
1261083437471055873,negative,0.2618185234608026
1261083437492064258,negative,0.0735151845083947
1261083438255398916,neutral,0.494734649804776
1261083438909657088,negative,0.06893245735624899
1261083438985154561,neutral,0.5676294139637562
1261083440121872392,neutral,0.4346986216957569
1261083440587440130,negative,0.0016403381289822106
1261083441334038528,negative,0.002886360050172732
1261083442252562432,negative,0.011909142703536992
1261083442495832064,negative,0.32567600129975494
1261083443124895746,negative,0.2738953642442871
1261083443925938176,negative,0.10301505782225091
1261083444148342785,negative,0.041009611730990436
1261083444261597185,negative,0.0035476762780485872
1261083444823625728,positive,0.7974134030033277
1261083445079523330,negative,0.00010923054740691812
1261083445540855809,negative,0.0219261650629614
1261083445679325184,negative,0.19072649699378552
1261083445750566913,negative,0.13726071792277128
1261083445809291264,negative,0.16167264767246137
1261083446031589388,negative,0.008826489053879848
1261083447231037441,negative,0.037743567768304606
1261083447675797504,negative,0.01607801866719602
1261083447956844544,negative,0.009141893535151387
1261083448162357256,negative,0.24165437627233213
1261083448661495810,negative,0.01181137628955119
1261083449181589505,negative,0.2624707538591435
1261083450028810240,negative,8.916832771120985e-06
1261083450041393154,negative,0.0014835570421181082
1261083450712481792,negative,0.07414296168159495
1261083451261935616,negative,0.004829534113013274
1261083451895275520,neutral,0.35119527102927156
1261083452146888705,negative,0.005464308395389653
1261083452457267205,negative,0.0005646365337690077
1261083452666900480,negative,0.0027525142956649692
1261083452914442242,negative,0.23557289998616934
1261083453317156865,negative,0.03581279561100945
1261083454453747713,negative,0.00020689982033891672
1261083455137423361,negative,0.0002636078572771582
1261083455259107329,negative,3.244494756214836e-09
1261083456320258054,negative,0.0016645049334396997
1261083457108742146,neutral,0.37142605093897746
1261083457402396672,negative,0.002961311291306646
1261083457666547713,negative,0.002961311291306646
1261083457905741827,negative,0.0017425840776426665
1261083459319144451,negative,0.18257755894886069
1261083459751198723,negative,0.0001092412795571786
1261083460103520259,negative,0.03465235985032818
1261083460267118592,negative,0.14505607731663872
1261083460829089793,negative,4.1741172040229673e-07
1261083461256970241,negative,0.04307842612707615
1261083462016151555,negative,0.0007510344211771513
1261083462771097601,negative,0.03987770932739295
1261083463261859841,positive,0.9023443975375621
1261083463333134338,negative,0.032875789009884956
1261083463513448448,negative,0.03785909157126425
1261083465203814400,negative,0.24165437627233213
1261083467883909128,negative,0.018449583167339436
1261083468449976320,negative,0.2227046184872864
1261083468919906304,negative,0.13726071792277128
1261083469351989250,positive,0.979975733609088
1261083469825916928,negative,0.003245223152281303
1261083471566569472,negative,0.02163285519072621
1261083471793065986,negative,0.2042517137896546
1261083471902134273,negative,0.00014619570358536307
1261083471973281793,negative,0.0008196425273546297
1261083473659473925,neutral,0.3351384756993208
1261083474565443584,negative,0.022492657979876828
1261083475215552512,negative,3.441859112083269e-05
1261083476440354821,negative,0.0735151845083947
1261083477283409920,negative,0.001994858333156471
1261083477493104641,neutral,0.5334551903795411
1261083477665079304,negative,3.1435193932392635e-06
1261083477790900224,negative,0.11532519666323195
1261083477975465986,negative,0.03231516368263867
1261083478373871616,negative,0.003618869155013082
1261083479695130625,negative,0.00025899799232888027
1261083480668229633,negative,0.0005406650222246089
1261083481184092162,neutral,0.5495922250151081
1261083481427390469,negative,1.6053769673364058e-06
1261083482115227650,negative,0.19731840969612646
1261083483197374465,negative,0.15768682552321722
1261083483285356547,negative,0.00046304804431785746
1261083485890138112,negative,1.7662777286306644e-07
1261083489388109832,negative,0.19072649699378552
1261083489555722240,negative,1.0877965886739447e-09
1261083490675810304,negative,0.11886538416427682
1261083491590041600,negative,3.7839744173329493e-07
1261083491690840065,negative,0.003750347257303627
1261083491837542401,negative,0.002574647977693889
1261083492336746497,negative,0.09941104089067515
1261083492731039745,negative,0.14467146663109032
1261083493313867779,neutral,0.47125079982979085
1261083494169505792,negative,0.25047865076371006
1261083494333235201,negative,0.01051971818232619
1261083494761062403,negative,0.2925562604993222
1261083494945619971,neutral,0.5006086376065693
1261083495209803777,positive,0.8686695045423942
1261083495490899971,negative,0.002961311291306646
1261083621454163970,negative,0.041561469453553955
1261083621659738113,negative,0.0008658808987767491
1261083622423105536,negative,0.007784387787892926
1261083622699720704,neutral,0.44203421560871836
1261083623060627462,negative,0.02769085577702768
1261083623123415041,negative,0.0025391633336989262
1261083623450644482,negative,0.011837492728535683
1261083624650260483,negative,0.0003396757254286779
1261083624713134081,neutral,0.5495922250151081
1261083626428645377,negative,0.002961311291306646
1261083627141705731,neutral,0.35357424341562044
1261083628492279808,negative,2.5092237748260415e-09
1261083630207729664,negative,6.886333351561087e-05
1261083631440867328,negative,0.057030145921645896
1261083631684108290,negative,8.120457819953987e-06
1261083631919009792,negative,0.0007672499014360527
1261083632493645825,negative,0.1626375337701904
1261083632669769729,negative,0.031215294829153313
1261083633080848387,negative,9.98833327985385e-05
1261083634494320641,neutral,0.47865870524693105
1261083634678804480,neutral,0.5416287469103049
1261083634708164611,negative,0.003618869155013082
1261083635404300288,negative,0.0005051773559702022
1261083636889092097,negative,1.520448487923812e-05
1261083637161787392,negative,0.002961311291306646
1261083637589688321,negative,0.2855516622523623
1261083638172696580,negative,0.25047865076371006
1261083638294360064,negative,0.16352294366444967
1261083638390718466,negative,0.010343674033821531
1261083638394957826,neutral,0.40235372083872284
1261083638420078595,negative,0.0352952498830695
1261083638654996481,negative,0.014143674820061587
1261083639573557248,negative,0.3272873797275189
1261083639724429312,negative,1.2095596151442528e-10
1261083639753949184,negative,0.10037808109138219
1261083640223711233,neutral,0.4418722198989629
1261083640357847040,negative,3.803165816151249e-05
1261083640928370696,negative,0.02555511152347659
1261083641201000448,neutral,0.47865870524693105
1261083641221963776,neutral,0.43586751091147646
1261083641343553541,negative,0.0018921155129841222
1261083641561485312,negative,0.09046505196272178
1261083642564153345,negative,0.00016621869494514403
1261083642857762817,negative,0.12258462670249735
1261083644191477761,negative,0.014377748550525333
1261083645621739521,negative,0.10037946346361658
1261083645839839232,negative,0.0219261650629614
1261083645898522624,negative,0.003618869155013082
1261083646020268032,negative,0.003501666747819522
1261083646590685186,negative,1.8409780186902289e-06
1261083647496654848,negative,0.07921871431034916
1261083648092254208,negative,1.6053769673364058e-06
1261083648507482113,negative,0.06133573511193914
1261083648939503616,negative,0.007787281812243831
1261083649446940680,neutral,0.47865870524693105
1261083649572773894,negative,0.0014676819734861124
1261083649648320513,negative,0.2942703269035874
1261083649723772935,negative,0.003621286495306016
1261083650722082817,negative,0.02293352318095639
1261083650902368257,neutral,0.47865870524693105
1261083651657199616,negative,0.036866956471005
1261083651799953408,negative,8.14671803923411e-05
1261083652433330176,negative,0.1277675404233035
1261083652739530753,neutral,0.5334551903795411
1261083654882820096,negative,8.459399374685987e-05
1261083655033761800,negative,0.023445868007608093
1261083655348387842,negative,8.14671803923411e-05
1261083658015903744,negative,0.000497102899407363
1261083658078892034,negative,0.003101615304191896
1261083658137546762,negative,0.11136984108159251
1261083658405982208,neutral,0.4127970566826956
1261083658590523392,negative,3.4337086468924505e-06
1261083658913529856,negative,0.1714425787572104
1261083659198590978,negative,0.005770103110616378
1261083659651690499,negative,0.008424436512622466
1261083659865600000,negative,1.6019772657417197e-05
1261083661782388736,neutral,0.4478814827726608
1261083662449246211,negative,0.0008315581547298915
1261083662927478784,negative,0.19873607158016757
1261083662990422021,negative,0.14467146663109032
1261083665225773058,negative,0.0003483386725026782
1261083665553133569,positive,0.8402226795728336
1261083665662119936,negative,0.20030727814428986
1261083666387591168,negative,0.28682883251503616
1261083666526199821,negative,0.3107281742138744
1261083666790432769,negative,0.08641971138016331
1261083666987581442,negative,1.480986713240004e-09
1261083667037925376,neutral,0.5495922250151081
1261083667826442242,negative,0.13549369954074872
1261083667969048576,negative,2.772138209482889e-06
1261083668405276675,negative,0.002307356216281876
1261083668933681163,negative,0.12859040891321594
1261083669105704963,neutral,0.35828511894140086
1261083669340585987,negative,0.04806312686579951
1261083670389182465,negative,0.01984117080494706
1261083670942793730,negative,0.04530556792532054
1261083671844589568,negative,0.24165437627233213
1261083672205295616,negative,0.0834800784471925
1261083672335323136,negative,0.3107281742138744
1261083672834445313,negative,0.006066758494981596
1261083673883009030,negative,0.12416271141043653
1261083673937444864,negative,0.011862504417034977
1261083674025644033,negative,0.02555511152347659
1261083675027963905,negative,0.02558405764485432
1261083675879518208,negative,0.003618869155013082
1261083677926158336,negative,4.0973636640296696e-05
1261083678157012992,negative,0.004072089918342727
1261083678312144896,negative,1.7662777286306644e-07
1261083678949740545,negative,0.09707691232809917
1261083678979080194,negative,0.12258462670249735
1261083681621409798,negative,0.0017400875693503377
1261083682095366145,negative,0.0003067663436073722
1261083682682658819,negative,0.011927997461607553
1261083682707824644,negative,0.3107281742138744
1261083683492171777,negative,0.0026938383834369624
1261083684171468804,negative,0.3054156855814618
1261083685035614208,negative,0.0007560688567680925
1261083685056471040,neutral,0.4875442550619647
1261083685119385601,negative,0.16606925944840045
1261083685916413953,negative,3.0115015260186526e-05
1261083686520356874,negative,0.0018449004373573279
1261083686851743746,neutral,0.35119527102927156
1261083688403697668,negative,0.12258462670249735
1261083688772788224,negative,0.14743127391184882
1261083691545014272,negative,6.804031096848056e-05
1261083691624824834,negative,0.0001480073165532063
1261083691897491468,negative,0.006952758044414324
1261083692417667072,negative,0.00013294080056173077
1261083692480565250,negative,0.003497161009767215
1261083845656367104,negative,0.20373136578710718
1261083847585935360,negative,2.3293599748942223e-07
1261083847984381953,negative,0.1025601560794151
1261083848709939200,negative,0.002961311291306646
1261083848739377152,negative,0.010554549143264032
1261083848886161409,negative,0.18925043885199694
1261083849464991745,negative,0.02555511152347659
1261083852224647169,negative,0.00015759584860676996
1261083852635865088,negative,0.12510204374761022
1261083852803538948,negative,0.11831344416411216
1261083853483106306,negative,0.000832538310856435
1261083853613137926,negative,0.2982889117040943
1261083853881577475,negative,0.2221177689925519
1261083853881585665,negative,3.4337086468924505e-06
1261083855131418624,neutral,0.49789225920557484
1261083855517372419,negative,1.010735098154527e-05
1261083855672532992,negative,0.035188648016420916
1261083856494567431,negative,0.006183883230555579
1261083857484484608,negative,0.013002273268887327
1261083857744322560,neutral,0.40164566407707886
1261083858742718464,negative,0.0668157625389469
1261083859535515648,negative,0.07061838115875682
1261083859636060161,negative,0.029229908611199503
1261083860470648832,negative,2.5280342777524235e-05
1261083861792014337,negative,3.455281946599237e-05
1261083862656000002,neutral,0.4393101850869295
1261083863326928896,negative,0.0032357559331805154
1261083864207769600,negative,0.0263659390291969
1261083864312811529,negative,0.1328023789447671
1261083864442769414,negative,0.011611623011481224
1261083864824455169,negative,0.011611623011481224
1261083865483022337,neutral,0.5495922250151081
1261083865965199360,negative,0.06373562404083095
1261083866221154305,negative,0.001456995101042494
1261083866661629956,negative,0.014730385182574156
1261083866875527168,negative,0.011611623011481224
1261083867554942985,negative,0.011611623011481224
1261083868049874949,negative,3.364204606910698e-05
1261083868184154117,positive,0.7152530859638999
1261083868540657664,negative,6.378856002021896e-13
1261083868901388288,negative,0.021817482590894468
1261083869928980481,negative,0.03665225002411199
1261083870075723777,negative,0.004787260386373949
1261083870121857026,negative,0.14467146663109032
1261083870486827011,negative,0.00017186467655309494
1261083870738423808,negative,8.14671803923411e-05
1261083871183024128,negative,6.350923550078492e-05
1261083871610900480,negative,0.12990322490242678
1261083871635845120,neutral,0.3933410571741267
1261083871854108672,negative,0.0008219331144770507
1261083872806293506,negative,0.09378533884699668
1261083873271844864,neutral,0.39147442169176677
1261068774440124417,negative,0.03214453646981026
1261068775249653768,negative,0.05771830551291257
1261068775283060738,negative,2.6204162539952497e-05
1261068775304114177,negative,0.01008180085178202
1261068775320956942,negative,0.009888115581978685
1261068775354294272,neutral,0.6246100947397998
1261068775417417729,negative,4.841065723639569e-06
1261068776075923463,neutral,0.575875647021057
1261068776134623238,neutral,0.4324743785621698
1261068776306589699,negative,0.02435348052627816
1261068776386199555,negative,0.00016485950419174557
1261068778776879106,negative,6.508928995143367e-05
1261068779947245572,negative,0.09452925413755917
1261068783021670401,negative,3.672952771840797e-10
1261068783269052416,negative,8.713153599139163e-08
1261068784070164485,negative,7.496523994956111e-07
1261068785022197760,negative,0.05220429646373002
1261068786154815489,negative,7.772321882486797e-07
1261068786242854914,neutral,0.5178552636567064
1261068786729394176,negative,0.003399460306453556
1261068794132340742,negative,0.008796447741703399
1261068796321845248,negative,0.049241485094610654
1261068796728664067,negative,4.5675729721601266e-05
1261068800839036933,negative,1.8615454751986973e-05
1261068803036905473,negative,0.039919337002767924
1261068807252180995,negative,0.13503230888990247
1261068809575829505,negative,0.039919337002767924
1261068809592438785,negative,1.60719200075616e-07
1261068811203227648,positive,0.6894577716291981
1261068813971476481,negative,0.04220254400239
1261068814185160704,negative,0.018994819438857443
1261068814986420225,negative,0.005082925941661389
1261068815904968705,negative,2.1686372633520427e-05
1261068817758855173,neutral,0.575875647021057
1261068817763119104,negative,7.079910461741999e-10
1261068817859403776,negative,0.0008834748619500995
1261068818912358406,negative,3.712630016811064e-05
1261068819335872512,negative,0.01998013381499921
1261068821726715904,negative,0.04185013216917684
1261068826978004999,negative,9.875947014967011e-06
1261068828265644035,negative,0.005707562248354057
1261068829142155264,negative,0.039919337002767924
1261068829695913986,negative,0.0011510078147747794
1261068830698332160,negative,0.00341341611997427
1261068832229244929,negative,6.778008997479042e-07
1261068833143603205,negative,0.0025766932297508704
1261068836540989442,negative,0.267012256053308
1261068839346995200,negative,4.7328488740732176e-05
1261068839825092615,negative,0.0019500453050630149
1261068840945029120,negative,0.014954664284912779
1261068841737740288,negative,0.011393402135437117
1261068841884491776,negative,0.05464444944411171
1261068842417238017,negative,0.001076694703561392
1261068844598276099,neutral,0.3768754653035828
1261068844904468488,negative,0.01889928647913752
1261068845713940481,negative,0.00030100075550353636
1261068845982330881,negative,1.3768454452512829e-07
1261068848553476099,negative,2.5652927191000045e-05
1261068848591142914,negative,1.947258999061532e-09
1261068848700305419,positive,0.7490936733586608
1261068850113773569,negative,3.549689495512987e-07
1261068850428329991,negative,7.260002449285366e-07
1261068852248678400,negative,0.0028319620733804336
1261068852697477121,negative,2.2077864108171433e-05
1261068858212974592,negative,6.125231056451737e-05
1261068858556850177,negative,4.562468692547114e-09
1261068908393631749,negative,0.0016899282319126061
1261068908657872898,negative,0.00021919014193142751
1261068909362450434,negative,0.13503230888990247
1261068909404356608,negative,1.7850983685507652e-07
1261068912323682304,neutral,0.5220402502892152
1261068913531670528,negative,1.5882187411845323e-07
1261068913929936898,neutral,0.3866708394484774
1261068914047553537,negative,0.00020437934924430766
1261068914714345475,negative,0.00043989980985123403
1261068917922869249,negative,0.015860089837907917
1261068918602510338,negative,0.13503230888990247
1261068918988423171,negative,0.039523901655189694
1261068919424593920,negative,0.014900689163377829
1261068920326254592,negative,7.079910461741999e-10
1261068921521790978,negative,0.05979393847971365
1261068922511675393,negative,9.992261805568223e-09
1261068923786670081,negative,0.039919337002767924
1261068925044961282,negative,0.134123477673351
1261068927565791233,negative,0.0021768941822513216
1261068929650352128,negative,0.32593704358059855
1261068930535260161,negative,1.2186152174772139e-05
1261068934297640961,negative,0.001886426955548443
1261068935866310659,negative,1.3320773896358394e-05
1261068937070067717,negative,2.6345278028953082e-11
1261068937355300864,negative,0.057886961143383424
1261068937367879681,negative,1.6445688274823753e-12
1261068938470981632,negative,0.008353816845408386
1261068941373444098,negative,3.4919728826853526e-05
1261068942161870849,negative,0.01830165109805268
1261068943969718272,negative,2.7827720156040165e-16
1261068945085300737,negative,0.026994010101230304
1261068945370632194,negative,3.780232764381572e-05
1261068947157397505,negative,0.0026541172258813016
1261068951515279360,negative,0.06259016998053199
1261068952014372866,negative,0.12532502800638706
1261068955613003778,negative,0.039919337002767924
1261068956837838848,negative,0.05220429646373002
1261068959102664705,negative,0.014809848725708823
1261068959937433609,negative,0.04917253301111851
1261068965142581258,negative,1.0606024234151347e-05
1261068967671709697,negative,8.022076507509184e-06
1261068970062462976,negative,2.2148688594888465e-05
1261068970523799554,negative,6.289678924205157e-05
1261068972558102528,negative,6.937863988728732e-05
1261068973694693377,negative,0.01423139665763657
1261068973858316290,negative,0.016166179481113842
1261068976387354624,negative,0.004175639553909177
1261068977767428096,negative,0.01998013381499921
1261068979155668996,negative,7.079910461741999e-10
1261068981047373826,negative,0.004285493395840582
1261068982964158467,negative,0.011393402135437117
1261068985195470848,negative,5.369703894355969e-06
1261068988043399173,negative,0.039919337002767924
1261068991348473856,negative,0.2433633595357406
1261068997400973315,negative,2.117463852526347e-08
1261068998055256065,negative,0.0035460518727269486
1261068999149977602,negative,0.06549236838440162
1261068999460294658,negative,2.0583678315710225e-06
1261069003872706563,negative,0.002061402506684424
1261069006028578816,negative,0.003871005829922452
1261069007240773632,negative,2.7799179022577165e-07
1261069008113188868,negative,1.4144752907639908e-10
1261069009430163457,negative,7.772321882486797e-07
1261069009551790080,negative,0.03608055505586594
1261069009602195457,negative,1.4058053517088073e-05
1261069010306846721,negative,0.00035996152248787263
1261069014559854593,negative,0.0031161104473235563
1261069015331540994,negative,2.948954647572573e-05
1261069015801384962,neutral,0.5220402502892152
1261069016510214144,negative,6.159082388867747e-05
1261069022222843904,negative,0.0011099108686714243
1261069022680006658,neutral,0.3768754653035828
1261069022843502592,negative,2.5460046835508753e-09
1261069024462544903,negative,0.00452163158819495
1261069027260215296,negative,0.0011018115109794862
1261069028522590210,negative,8.550485358695773e-08
1261069029659291648,negative,0.0020488733301124743
1261069030036779008,negative,5.535779829945874e-07
1261069030741377024,negative,0.008796447741703399
1261069032834424834,negative,4.447683248518289e-05
1261069033413267457,neutral,0.5493177293358434
1261069033828503555,negative,0.011393402135437117
1261069035741032449,negative,2.1074015232495283e-08
1261069035741077504,negative,0.001398777556026416
1261069037276192769,negative,0.02696870851817406
1261069037540446211,negative,5.269194143573392e-05
1261069037729177600,negative,9.076896689850783e-06
1261069043701858304,negative,5.255861952838683e-05
1261069043802558464,negative,0.0038928090260565303
1261069044985344002,negative,8.907715642651731e-06
1261069047061524480,negative,7.685535775384595e-05
1261069047162118149,negative,0.11889416409589151
1261069047879221248,negative,0.23748623573794575
1261069053139058688,negative,0.0003601864495642521
1261069054174998528,neutral,0.38237923425056103
1261069097695051779,negative,3.340229276067033e-07
1261069098148036614,negative,6.846672125421888e-13
1261069099389591552,negative,0.13503230888990247
1261069100706672643,negative,0.0002682754516307759
1261069101981732866,negative,0.002061402506684424
1261069102266843136,negative,2.4833846117734135e-08
1261069104242278403,negative,0.06673451577485943
1261069106587086854,negative,7.085407437176266e-06
1261069106801004546,negative,0.000345198404503589
1261069107337793536,negative,0.004985177149009579
1261069107748798467,neutral,0.49789225920557484
1261069108256309248,negative,0.039919337002767924
1261069111242752000,negative,0.014954664284912779
1261069111989276672,negative,0.008211638193549567
1261069112530345987,negative,0.01998013381499921
1261069113021120512,negative,0.005541117125715664
1261069114556272640,negative,0.11470696920624456
1261069115986509825,negative,2.6343649914519064e-05
1261069119274864648,negative,0.06933431239456965
1261069121132920833,negative,0.005984021141471108
1261069121422266369,negative,2.7207951444475286e-12
1261069121959182339,negative,0.0035253354895114324
1261069123326525442,negative,0.0011380398037866275
1261069123909570566,negative,0.011156080712928501
1261069125851512832,negative,0.07035883842382522
1261069126203777025,negative,0.020148102692638566
1261069126598082565,negative,0.00010801817864540037
1261069131354341380,negative,9.076896689850783e-06
1261069143933140995,negative,0.13503230888990247
1261069144956506114,neutral,0.40231933975652817
1261069148773404672,negative,8.835514534748392e-07
1261069155308113923,negative,0.0006149946184115155
1261069156490805258,negative,1.2186152174772139e-05
1261069158965489664,negative,0.00031969712537060043
1261069159863062529,negative,0.008796447741703399
1261069164300689408,negative,0.0020899209249256095
1261069165194031105,negative,0.03767275346245413
1261069166334947328,negative,2.246576129507741e-09
1261069166959869955,negative,0.001058684561773648
1261069168889257989,negative,2.2148688594888465e-05
1261069172685103112,negative,0.13503230888990247
1261069174828412928,negative,9.314771380291194e-05
1261069178783612928,negative,9.16667412771467e-05
1261069186522058754,negative,0.03961074404098538
1261069186635304964,negative,9.076896689850783e-06
1261069186698223617,negative,1.9701819334353595e-06
1261069188094885893,negative,3.1057459586247807e-11
1261069192687751169,negative,0.2081386153019568
1261069196647071745,neutral,0.5178552636567064
1261069197406138370,neutral,0.49789225920557484
1261069199117619202,neutral,0.40231933975652817
1261069201009258497,negative,0.010453840183696505
1261069204456906753,negative,0.006761081285921456
1261069204922433542,negative,0.00029685998078441816
1261069206088450050,negative,0.17704724722427487
1261069206763630592,negative,0.001645335709301832
1261069208240246829,negative,0.0011413227891105288
1261069210899197952,negative,1.2186152174772139e-05
1261069213160087552,negative,1.2267131017462656e-10
1261069215219449858,negative,2.5652927191000045e-05
1261069219707437060,negative,0.009568955810382166
1261069219774509059,negative,0.026994010101230304
1261069221179600898,negative,0.0007845287075615655
1261069222186106880,positive,0.7965941324519608
1261069222614106116,positive,0.9981458294784616
1261069225587867648,negative,7.079910461741999e-10
1261069229845090304,negative,0.012425487719227756
1261069229887012866,negative,0.0024237316996333306
1261069231036170246,negative,0.13503230888990247
1261069231581429762,neutral,0.34984903455897254
1261069232231628803,negative,6.289678924205157e-05
1261069233334747136,negative,0.004291886458005829
1261069233359933446,negative,0.0015343753906699531
1261069234270023681,negative,5.383160443440575e-06
1261069238749585408,negative,0.026994010101230304
1261069241744347140,negative,2.014302522574848e-06
1261069242713153538,negative,3.277841370681607e-05
1261069243401019392,negative,8.038159315396891e-05
1261069244554457088,negative,0.004285493395840582
1261069249960960005,negative,0.0003601864495642521
1261069253224136706,negative,0.16112438517276484
1261069256130801664,negative,0.0010400036382848814
1261069256969654276,negative,0.020987639199370405
1261069261151383552,negative,9.54678507420475e-13
1261069262250221568,negative,0.005143076239420262
1261069303266398219,negative,0.0928479001517006
1261069305489182720,neutral,0.5032001266048772
1261069306747633666,negative,7.079910461741999e-10
1261069307318087680,negative,0.00811510516534087
1261069308240822272,negative,0.020040979935042672
1261069309473890305,negative,0.1036853429894542
1261069310719602688,negative,0.0005301361189929273
1261069313102032896,negative,0.0966652008695166
1261069313991225349,negative,0.0005745300916718749
1261069317556363265,negative,0.0006149946184115155
1261069319456391173,negative,0.0020488733301124743
1261069320353972226,negative,0.0005823396397515809
1261069330642501633,negative,0.0015343753906699531
1261069330730672130,positive,0.9063381623017809
1261069331112345600,negative,0.09145403680776516
1261069332278362114,negative,0.0007720257454291874
1261069334044200962,negative,0.00014540414494263623
1261069335042371587,negative,0.0002066268852303508
1261069336682409985,negative,0.2038958911842557
1261069338024587265,negative,0.023317553611169183
1261069339261837319,negative,5.116406605040481e-05
1261069342965477378,negative,0.039919337002767924
1261069343896621056,negative,0.008796447741703399
1261069346715172864,negative,0.0024237316996333306
1261069347436584961,negative,0.005541117125715664
1261069347558129668,negative,8.751716312770292e-07
1261069347889479684,neutral,0.49789225920557484
1261069348170616833,negative,0.039919337002767924
1261069349097521152,negative,8.310839448901901e-10
1261069352469659649,negative,9.227259435103951e-05
1261069354499784706,negative,0.03459346314359165
1261069354575290368,negative,0.00014941800472082026
1261069356391452674,negative,0.13503230888990247
1261069357595144197,negative,0.0021768941822513216
1261069357691658242,neutral,0.4803828672700772
1261069358606016512,negative,3.48539296498881e-07
1261069359507701760,positive,0.9656798149550723
1261069361512501248,negative,9.913867801165224e-14
1261069361768476673,negative,2.5652927191000045e-05
1261069365702688770,negative,0.0006149946184115155
1261069368835952640,negative,0.004167708665810578
1261069375689326599,neutral,0.4803828672700772
1261069378751213568,neutral,0.48960800718787706
1261069380525359107,negative,0.28609800860582263
1261069380659687424,negative,0.002152684963370033
1261069380735184897,negative,5.283736732814923e-06
1261069383063015428,negative,2.5711066539237666e-07
1261069383197220867,neutral,0.4371491272400341
1261069384111579140,negative,6.159082388867747e-05
1261069385910935552,neutral,0.5220402502892152
1261069389807251456,negative,0.07377879507510647
1261069395981410306,negative,0.0020488733301124743
1261069398204448768,negative,3.038899595418484e-11
1261069398804238337,negative,0.0002319716784185957
1261069401907847168,negative,0.10273078418534475
1261069406098067457,negative,1.896075302932183e-09
1261069406601445382,negative,2.4386030029720033e-06
1261069409491312644,negative,7.772321882486797e-07
1261069413308137477,negative,0.0018566653493130494
1261069415946301440,negative,6.891971519200781e-08
1261069416189636615,negative,9.992261805568223e-09
1261069416327979015,negative,0.134123477673351
1261069416533569536,negative,0.0009540716658031605
1261069420908118016,negative,8.038159315396891e-05
1261069421835169792,negative,0.0035460518727269486
1261069423974195200,neutral,0.38024924020910944
1261069424167092231,negative,5.574509301254705e-05
1261069428319490048,neutral,0.6437083580862986
1261069429619806215,negative,1.874569830950827e-12
1261069429762375682,negative,7.571759855987604e-07
1261069430345420803,negative,0.0004713600151044468
1261069431528206336,neutral,0.40231933975652817
1261069431993782275,negative,0.12093506069473518
1261069434212548615,negative,0.13503230888990247
1261069435860852737,negative,0.061238212924637575
1261069438763307008,negative,0.00047835765864529835
1261069439543455746,negative,0.002887341114036138
1261069441552592899,neutral,0.3708285720008068
1261069444408803328,negative,0.0022470489145277515
1261069446153744384,negative,0.020902699229772725
1261069446820565004,negative,0.000934820997886739
1261069449685278722,negative,9.118235711337176e-05
1261069451103002626,negative,0.015591261405209948
1261069451543416832,negative,4.994003421204515e-05
1261069455448309765,negative,0.0028787086176640065
1261069458199764995,negative,0.039919337002767924
1261069458996690944,neutral,0.4371491272400341
1261069502411878406,negative,0.0009540716658031605
1261069502688747521,negative,0.0003315594081305276
1261069504869793794,negative,3.978951954655649e-08
1261069506333548547,neutral,0.35893398252491177
1261069506862092289,negative,0.00011642544230972759
1261069507449192448,negative,0.000878323464862579
1261069508887764993,negative,0.2622137047100244
1261069511521980416,negative,0.0006149946184115155
1261069514667589633,negative,0.01998013381499921
1261069516659986433,negative,0.02653288085244003
1261069518195097607,negative,0.009467045409062229
1261069519130447873,negative,0.009252922563527409
1261069520460005381,negative,2.9228111800537083e-06
1261069520606826499,negative,1.0874882453671206e-08
1261069523282780167,negative,2.6196910829530706e-06
1261069524020932608,negative,0.006761081285921456
1261069524163592194,negative,1.5714054156983653e-06
1261069525732245505,negative,0.001195074737081859
1261069525887451137,negative,0.06549236838440162
1261069526323560463,negative,9.00267027772222e-09
1261069526613049344,negative,0.0020899209249256095
1261069532657000449,negative,0.003972276546762371
1261069534670266368,negative,0.011393402135437117
1261069535366569987,negative,0.01998013381499921
1261069536981389312,negative,9.234129176255481e-07
1261069537602080771,negative,0.039919337002767924
1261069538843668480,negative,7.079910461741999e-10
1261069539665731584,negative,0.005455913776100697
1261069540781408256,negative,2.6399852834249103e-11
1261069541100093443,neutral,0.5178552636567064
1261069544392740866,negative,2.6182069570330316e-10
1261069545332228096,negative,7.640072678879135e-13
1261069546112368645,negative,0.0005661487465659184
1261069547618078721,negative,0.020040979935042672
1261069549526380544,negative,5.744215593962897e-07
1261069551988604933,positive,0.673184983516711
1261069552298983424,negative,1.6609085104326648e-05
1261069554312192002,negative,1.8228488791760038e-07
1261069555939586049,negative,1.702829182430616e-05
1261069556430385152,negative,0.0002488487497902266
1261069560805015557,negative,2.3676513237642888e-06
1261069560997916676,negative,4.587164995517322e-05
1261069561002164224,negative,1.708034883482899e-05
1261069562033975297,negative,0.08667906487678738
1261069565590745089,negative,0.001272535301220644
1261069565829746694,negative,0.0006149946184115155
1261069565934657538,negative,0.012019110149417077
1261069566257610761,negative,0.006590804815813983
1261069569537593344,negative,0.04918507818343124
1261069569743085569,negative,5.843064787480084e-06
1261069571987038210,neutral,0.40231933975652817
1261069573148696578,negative,0.31846387869528453
1261069574906286087,negative,0.22946392997825782
1261069576424632320,negative,0.0571521019795201
1261069578618224644,negative,8.140894315730264e-05
1261069580304289799,negative,7.797853259443763e-07
1261069580841213952,negative,0.006761081285921456
1261069583278051329,neutral,0.40231933975652817
1261069584397975556,negative,0.0020488733301124743
1261069584624488451,negative,0.0015162836987341617
1261069586608381956,negative,0.00028087066443307384
1261069588814536707,neutral,0.5125870749617524
1261069593096978441,negative,2.087876106624967e-05
1261069593151447040,negative,0.0013479581546622585
1261069598738300933,negative,1.0861195923982211e-07
1261069599589781506,negative,7.079910461741999e-10
1261069605709250562,negative,0.0966652008695166
1261069606095138817,negative,0.017754754408882818
1261069611073757184,negative,9.860264279877536e-09
1261069612692758528,negative,0.15189653336938902
1261069614785626112,negative,0.0011048029355326071
1261069615876235264,negative,3.6857745296038207e-08
1261069617281318913,negative,0.0009165356117336638
1261069620091523075,negative,0.0015343753906699531
1261069621735677952,negative,1.4332895411119544e-05
1261069623744704514,negative,0.2952608259372005
1261069624512110592,neutral,0.5586279189499778
1261069624512327680,negative,0.00409493821234418
1261069629373452289,negative,0.020742610842503055
1261069629822324736,negative,0.0013870021489394409
1261069631021817856,negative,0.0035460518727269486
1261069631344848897,negative,0.04355700087180708
1261069633265831938,negative,1.026925359243048e-05
1261069634377302017,negative,0.12987339212288077
1261069636206055426,negative,0.0011798377431826376
1261069642883366913,neutral,0.4898631585877994
1261069643562848256,negative,0.00022906936109773457
1261069646209454080,negative,1.702829182430616e-05
1261069648013012997,negative,0.039919337002767924
1261069648558198790,negative,0.30647691423800943
1261069651477397506,negative,3.02435200818897e-06
1261069653666865156,negative,4.397519396295141e-09
1261069658330992645,negative,2.7251238074779846e-09
1261069711430819841,negative,0.0010170779239884154
1261069712148094977,negative,3.830631398009421e-08
1261069712303296512,negative,0.039919337002767924
1261069713041391618,neutral,0.5178552636567064
1261069714735992837,negative,0.039919337002767924
1261069714782109697,negative,2.1074015232495283e-08
1261069715809734657,negative,0.3236550075310847
1261069717080551424,negative,0.0012072068310269878
1261069719383277569,negative,0.02697292072449709
1261069724781129729,negative,0.0002599648443211355
1261069726064824321,negative,0.023743081031497946
1261069726068998144,negative,0.23748623573794575
1261069727134294024,negative,0.009888115581978685
1261069728199708672,negative,0.0028787086176640065
1261069729797718017,negative,0.0006149946184115155
1261069732213653504,neutral,0.5496678701602578
1261069736097591296,negative,3.7059099021453535e-06
1261069736441516032,negative,1.2319442829275277e-05
1261069736445698048,negative,3.1381888518210724e-06
1261069736726736898,negative,0.0006190132449785822
1261069737796292608,negative,0.009888115581978685
1261069739591417857,negative,1.9220188808750375e-09
1261069741243973635,negative,0.0006794471351204147
1261069742967853064,negative,0.00012887376202248458
1261069745111080960,negative,0.0028787086176640065
1261069754070114307,negative,0.07644092815540307
1261069754757984259,negative,0.11506561529136326
1261069757664591885,negative,0.00983810346502632
1261069759153668096,neutral,0.5178552636567064
1261069760852381696,negative,0.07662216172795033
1261069760864935936,negative,0.0024237316996333306
1261069763893067779,negative,0.004277040975637448
1261069764371210240,negative,0.0005707288512697775
1261069766443270144,negative,2.0003500963822097e-05
1261069770260086790,negative,7.079910461741999e-10
1261069770817974274,negative,2.2844401663195705e-07
1261069774030811136,negative,1.2756364215926723e-05
1261069775880552448,negative,3.508104605124234e-05
1261069777440735232,negative,0.013117191312285309
1261069779487637504,negative,0.0026541172258813016
1261069779907026948,negative,0.044218354188319854
1261069780984967175,negative,0.0966652008695166
1261069781999984640,negative,0.008756028460369408
1261069782788472836,negative,0.0035253354895114324
1261069786773102599,negative,0.001645335709301832
1261069787335024640,negative,4.840255308667936e-08
1261069788526370819,negative,0.0007621106857110172
1261069790426382336,negative,4.113162980406164e-06
1261069791252676614,negative,0.1497700519582562
1261069793555353607,negative,0.2433633595357406
1261069794276593665,negative,0.002973760464845785
1261069796944338946,negative,5.727287469334527e-06
1261069797221163012,negative,0.021268994283910377
1261069802086567937,negative,0.0758482308133548
1261069805010014211,neutral,0.5220402502892152
1261069805098065920,negative,0.039919337002767924
1261069809099431936,negative,2.6343649914519064e-05
1261069810970103808,negative,1.3142729131943246e-07
1261069811838152705,negative,2.0245410816042636e-07
1261069811838324738,negative,0.10282694947661716
1261069813075582976,negative,5.744215593962897e-07
1261069819111190533,negative,0.008069120328034037
1261069823980777473,negative,0.0003464066428747264
1261069824450576389,negative,1.2186152174772139e-05
1261069825205567489,negative,5.116406605040481e-05
1261069828015525888,negative,0.0028787086176640065
1261069831496925184,negative,0.032679158462449134
1261069831836766209,negative,0.03240185253778337
1261069832004546561,positive,0.8282195114090074
1261069833602584581,negative,0.10333472478453727
1261069834529525760,negative,8.994292079970465e-07
1261069835380953094,negative,0.13503230888990247
1261069835808714754,negative,0.0028787086176640065
1261069836265889794,negative,0.003978691249415057
1261069836567883781,negative,0.036182489925628405
1261069837952061442,negative,2.2490811778075248e-05
1261069839780765707,negative,0.039919337002767924
1261069840737017859,positive,0.8767676899010793
1261069842339299330,negative,6.289678924205157e-05
1261069842679021570,negative,2.0245410816042636e-07
1261069844897808384,positive,0.7914261469945912
1261069845212418049,negative,0.006761081285921456
1261069846210641922,negative,0.039523901655189694
1261069850497241095,negative,0.039919337002767924
1261069855601700867,negative,2.0245410816042636e-07
1261069897062285318,negative,0.17333817843112903
1261069898316382209,negative,2.0012071324640768e-05
1261069898337394688,neutral,0.575875647021057
1261069902762455040,negative,7.958762665907359e-05
1261069904494673926,negative,1.702829182430616e-05
1261069904649699328,negative,0.0008431775069513085
1261069905706668032,negative,0.0009322252000922603
1261069907048923139,negative,7.0898238916912e-09
1261069910832304136,negative,0.0005898446059266595
1261069915018145792,negative,0.00139580919253319
1261069915835990017,negative,0.13503230888990247
1261069917106905091,negative,0.03970423958451556
1261069917450838016,negative,0.00045922016884911696
1261069918646272005,negative,0.07461021344634662
1261069919040475136,negative,0.039919337002767924
1261069919912894475,negative,0.08563428771476056
1261069920886030337,negative,7.356510830081332e-07
1261069931585646592,negative,1.741743104950503e-07
1261069934458802176,negative,0.03214453646981026
1261069934676922368,neutral,0.5478809940218669
1261069935993913346,negative,4.070106749901581e-05
1261069936543268866,negative,0.039919337002767924
1261069936568553474,negative,0.009265022233586294
1261069945833652227,negative,0.13503230888990247
1261069946181820418,negative,0.0018647880827415433
1261069950049009664,negative,0.13503230888990247
1261069954465648641,negative,6.417469071667303e-06
1261069955577110529,negative,0.0567038114879991
1261069967425929219,negative,7.742374811541327e-05
1261069968319356928,negative,0.0021768941822513216
1261069969657339906,negative,0.020040979935042672
1261069971368620033,negative,0.01806554537901778
1261069972694085636,negative,0.0035253354895114324
1261069973390319616,negative,1.5436410237407007e-07
1261069977513312257,neutral,0.5220402502892152
1261069981162377216,negative,0.005889230130146287
1261069981560733696,negative,0.002152684963370033
1261069982936584194,positive,0.9480168715992013
1261069986346516481,negative,0.0024237316996333306
1261069987101499392,negative,7.882474193961591e-07
1261069990234644485,negative,5.19010915447817e-08
1261069991320924160,negative,7.079910461741999e-10
1261069993321644034,negative,0.0005745553962623212
1261069997356584960,negative,0.13503230888990247
1261070000464502786,neutral,0.5220402502892152
1261070002331045889,neutral,0.5220402502892152
1261070003807432704,negative,3.974307655785145e-06
1261070006395248640,negative,2.919267379821872e-06
1261070008085610498,negative,0.12025829411513847
1261070011038347269,negative,4.180014809021328e-07
1261070011311013890,negative,0.014809848725708823
1261070015215910914,negative,9.076896689850783e-06
1261070020765003776,negative,3.0366207109564964e-12
1261070021591171082,negative,0.006761081285921456
1261070024879505420,negative,2.113326757431264e-07
1261070026506936324,negative,0.01217748341820864
1261070028717338627,negative,0.009568955810382166
1261070031003308032,neutral,0.5220402502892152
1261070031422701570,negative,0.00025556519857238035
1261070031905046538,negative,2.2766611448496408e-06
1261070033893163010,negative,0.044317109378775074
1261070033981263872,negative,0.22297306974085496
1261070038137819139,negative,2.0739892373037507e-08
1261070038649446400,negative,0.14047476125834954
1261070042038505478,neutral,0.5493177293358434
1261070044169199616,negative,0.002152684963370033
1261070044932575234,negative,1.1160418888187866e-08
1261070047814041600,negative,0.006761081285921456
1261070048808099842,negative,7.079910461741999e-10
1261070050624188417,negative,5.847226078393161e-09
1261070052104835074,negative,1.5741157279767101e-12
1261070102621028352,negative,8.824487487300377e-05
1261070103371812865,neutral,0.6001289409128411
1261070105695457282,negative,7.079910461741999e-10
1261070106085462016,negative,0.006761081285921456
1261070106425274368,negative,0.001276441567675792
1261070106576261122,negative,6.778577627830231e-07
1261070107050217484,negative,2.753305808943181e-09
1261070108060983299,negative,1.4480620485416581e-08
1261070109239582721,negative,0.00644370651459338
1261070110770573313,negative,5.9446023822902546e-08
1261070114654269441,neutral,0.5220402502892152
1261070116734803971,negative,0.07985861439347677
1261070120140578821,negative,5.574509301254705e-05
1261070121944170497,negative,0.0028787086176640065
1261070125853224963,negative,0.026983483856473697
1261070127132540929,negative,0.000879104364124047
1261070131213545472,negative,0.009888115581978685
1261070136976572417,negative,0.007121396748736485
1261070137827954693,negative,0.0010973279854506852
1261070138926915588,negative,0.03636927718433428
1261070140021620736,negative,0.039919337002767924
1261070140759846913,negative,0.13528007287762603
1261070143133814784,negative,0.0028906816497752787
1261070143616102400,negative,1.4560291807781324e-07
1261070144761204736,negative,0.05464444944411171
1261070146573152256,negative,0.0035879683886805664
1261070149400039430,negative,0.0006149946184115155
1261070152080265219,negative,1.741743104950503e-07
1261070155272126464,negative,0.02696870851817406
1261070156014522369,negative,0.06839173932662224
1261070158895943681,negative,0.0004550928181093024
1261070158958923778,negative,7.986836823196457e-07
1261070159281864720,negative,0.00013246687654405446
1261070159525134336,negative,7.10414331236486e-07
1261070159739052049,negative,8.52629940111732e-10
1261070160905019393,neutral,0.4803828672700772
1261070160942768128,negative,0.11194244118639003
1261070164650528768,negative,2.6788088533733915e-07
1261070165447409664,negative,0.11506561529136326
1261070165522944000,negative,1.8117100154923352e-05
1261070168525950976,negative,0.003314890907838091
1261070172510720011,negative,1.6609085104326648e-05
1261070181683597314,negative,0.08822379256174463
1261070182782550017,negative,0.2543287840269971
1261070183046828032,negative,9.779230513161323e-06
1261070183684333568,neutral,0.575875647021057
1261070184229584897,neutral,0.49789225920557484
1261070185722793985,negative,0.02696870851817406
1261070187241111557,negative,2.197558319705857e-05
1261070188084105216,negative,0.0063872604846508104
1261070188910346241,negative,0.0026541172258813016
1261070189686411265,negative,3.3991651439170996e-07
1261070190294585344,negative,0.21640481937799358
1261070191611523073,negative,9.076896689850783e-06
1261070192291065856,negative,0.07377879507510647
1261070194249736194,negative,5.925733284306633e-06
1261070196141424647,negative,0.08291046156819036
1261070198297309186,negative,0.13503230888990247
1261070200104980485,negative,1.7456365022643707e-05
1261070207751241733,negative,0.0008181114003710122
1261070210259451908,negative,4.447683248518289e-05
1261070210909573120,negative,0.0015343753906699531
1261070211244888064,negative,0.26958997512927796
1261070211815542785,negative,2.0245410816042636e-07
1261070212553568256,negative,0.001195074737081859
1261070215313580036,negative,0.0009165356117336638
1261070217104547841,negative,3.9562328546191574e-16
1261070221357600768,negative,2.6718555735452984e-10
1261070221693026306,negative,0.082136870720051
1261070222074810371,negative,7.424480802228883e-06
1261070223085576197,negative,0.2717411344203385
1261070225249878016,negative,0.1054172128735687
1261070227812614144,negative,5.81473557474676e-05
1261070229196746752,negative,0.005777794719687377
1261070231423901698,negative,0.08955506692291458
1261070234087313408,negative,2.639208704414661e-07
1261070237790806021,neutral,0.635164239368342
1261070238159962114,negative,0.040803585260769326
1261070238990438401,negative,1.745877002957353e-17
1261070240928206848,negative,7.882474193961591e-07
1261070241049821184,negative,0.0025855997021335705
1261070241758674944,negative,0.00021853319573164511
1261070242484273152,neutral,0.48960800718787706
1261070253959806978,negative,0.0006149946184115155
1261070254773592066,negative,0.02696870851817406
1261070255419523072,negative,4.884544961689602e-08
1261070257101459465,negative,0.0008760464654687872
1261070257499889664,negative,0.001272535301220644
1261070258196099072,negative,0.0035460518727269486
1261070258762375169,negative,1.8555535201321227e-05
1261070260180070406,negative,0.08563428771476056
1261071561068593152,negative,0.012147636335812746
1261071562758860800,negative,0.13503230888990247
1261071566403776512,negative,0.03876830755243369
1261071571038416896,negative,0.24212357990298386
1261071572816797698,negative,0.0002661831856361145
1261071575752806402,negative,3.984705724303687e-06
1261071578311340038,negative,0.003565926553784755
1261071578470723584,negative,0.22695080687392644
1261071581868183554,negative,0.005248486748064504
1261071587031343104,negative,0.163423954294378
1261071587618566144,negative,0.1837470751223466
1261071588692307974,negative,4.002792700362854e-06
1261071592492335104,negative,0.012759294962805824
1261071594094579716,negative,5.066689796178726e-05
1261071596862738432,positive,0.9148716183464656
1261071596988633089,negative,0.06839320886149086
1261071597093388292,negative,2.102051011031429e-07
1261071597617758209,negative,0.0030831200377524136
1261071597970100224,negative,2.816130358975075e-06
1261071602772516864,negative,0.0024237316996333306
1261071608594288641,negative,1.5417876877090556e-09
1261071609550569473,positive,0.986061816083626
1261071612041969665,negative,3.0488930824161305e-10
1261071613522567169,negative,4.8932476304387844e-06
1261071617070956544,negative,0.16209026611326838
1261071618929025024,negative,0.0008181114003710122
1261071619251978249,negative,1.0628976299463146e-07
1261071620648697857,negative,0.22695080687392644
1261071620833185794,negative,0.016288301868759264
1261071624247312387,negative,0.175711493882321
1261071629410619394,negative,0.0022470489145277515
1261071631021154307,negative,0.008796447741703399
1261071636096258048,negative,0.0010126924409105404
1261071636670951425,negative,0.0032225938027947644
1261071637467803648,negative,5.945177854469771e-07
1261071637975310336,negative,1.02096422436535e-07
1261071639623749632,negative,0.039919337002767924
1261071641976635392,negative,0.22695080687392644
1261071643105021953,negative,6.289678924205157e-05
1261071650365243397,negative,0.00020559396894859647
1261071653049597952,negative,0.0031081409987430693
1261071658581929986,negative,0.18740831111147505
1261071659869536259,negative,0.020187086382793592
1261071660486029313,negative,0.0021768941822513216
1261071661274664961,negative,0.0010813267207910992
1261071661773832198,negative,0.03455791004862096
1261071666718937088,negative,0.00031953218929071936
1261071668136554496,negative,0.0071067593481145466
1261071672746160133,negative,0.014994463887495027
1261071672871813120,neutral,0.5178552636567064
1261071675346554885,negative,0.217838327203745
1261071676281929729,negative,7.079910461741999e-10
1261071676760043520,negative,0.0003320946548013042
1261071677275897856,negative,0.049297832109566064
1261071677473132547,negative,0.13646205287930016
1261071678844604418,negative,0.011393402135437117
1261071678995603461,negative,0.0035253354895114324
1261071681344471042,negative,0.08563428771476056
1261071681956786176,negative,1.4290087555798593e-07
1261071682208362496,negative,0.0017185122085002216
1261071683944951809,negative,0.00016047107449341998
1261071687531089920,negative,0.13503230888990247
1261071690903293954,negative,1.545691277031493e-11
1261071691381444614,negative,9.196247885680588e-05
1261071691469422594,negative,0.03340991556819404
1261071692186759169,negative,0.004937220086588662
1261071693474402306,negative,2.7172767193682796e-05
1261071693570809857,negative,6.289678924205157e-05
1261071693969227777,negative,0.03177912739876485
1261071694262865920,negative,0.04684776960203396
1261071697366654978,negative,0.0035253354895114324
1261071697391861761,negative,0.0035460518727269486
1261071699275063298,negative,6.106966305945216e-08
1261071700000718854,negative,1.309673000160569e-05
1261071700399206402,neutral,0.4898631585877994
1261071700868960258,negative,0.012147636335812746
1261071701334462473,negative,2.4521946381281805e-06
1261071702118801410,neutral,0.3768754653035828
1261071702924107776,negative,0.00030082513317140983
1261071703221899272,negative,7.24316253431794e-05
1261071707030392833,negative,0.009383440060427876
1261071707227512834,neutral,0.6437083580862986
1261071707852455937,negative,0.28609800860582263
1261071745592811521,negative,0.00920492005513682
1261071746184237056,negative,0.0007619301733657485
1261071747199221763,negative,0.00230812251181191
1261071747429945345,negative,6.718664056190067e-05
1261071749644509184,negative,0.0006149946184115155
1261071749711626240,neutral,0.5178552636567064
1261071751997526022,negative,0.18740831111147505
1261071754426023936,negative,0.0035253354895114324
1261071755877154816,negative,0.13646205287930016
1261071757349396482,negative,0.22108728458198423
1261071758347702272,negative,0.020742610842503055
1261071758767140864,negative,9.076896689850783e-06
1261071759564038147,negative,2.38617732601622e-07
1261071760738353152,negative,0.00010934602186456591
1261071762852384770,negative,0.002800204883265053
1261071764295221248,negative,0.009361200791844363
1261071769605193730,negative,0.039919337002767924
1261071770670546946,negative,0.0019041396315512451
1261071771215765508,negative,7.882474193961591e-07
1261071771547074561,neutral,0.3461615921033033
1261071774655156224,negative,1.702829182430616e-05
1261071775619842051,negative,6.026251600899198e-06
1261071775854714881,positive,0.99573857892083
1261071779675725824,negative,0.003652390038465363
1261071779717668866,negative,5.7417445381304126e-05
1261071784172048385,negative,0.009888115581978685
1261071787867230208,neutral,0.40231933975652817
1261071789637226497,negative,0.023743081031497946
1261071792657125377,negative,0.0029104892508893415
1261071794301255686,negative,0.11894162855859346
1261071795106516997,negative,0.0804847909958743
1261071797367246854,negative,0.13503230888990247
1261071798055116801,negative,0.001748435335609232
1261071801477664769,negative,0.011393402135437117
1261071802211713026,negative,0.13503230888990247
1261071802870226946,negative,0.0010768021892628098
1261071804539367426,negative,0.011393402135437117
1261071804686307328,negative,1.1953885944002641e-05
1261071806896758786,negative,0.0008487269365357003
1261071809950212096,negative,1.1088328386698847e-05
1261071811414024192,negative,2.4521946381281805e-06
1261071811594391553,negative,0.025537082973832163
1261071813980893184,negative,0.0004829322225123274
1261071817021820930,negative,0.001748435335609232
1261071817537716224,negative,2.0245410816042636e-07
1261071817910910976,negative,0.22695080687392644
1261071819865497600,negative,1.8699355554996924e-10
1261071821132226566,negative,0.000878323464862579
1261071824663851008,negative,0.053812237347387916
1261071836042969093,negative,0.029193503898798358
1261071839796834308,negative,3.423894323659181e-05
1261071842422505473,negative,1.6105628880396333e-07
1261071842586083333,negative,0.01998013381499921
1261071843903012866,negative,6.045156433717746e-08
1261071845308186624,negative,0.008796447741703399
1261071845727461376,negative,6.039749553297235e-06
1261071846235136000,negative,0.0006300516015506141
1261071846696501248,negative,2.2148688594888465e-05
1261071846755229696,negative,8.967312780041408e-05
1261071852023185414,negative,0.039919337002767924
1261071852148895744,negative,0.004582575200299068
1261071853012967424,negative,3.44289791468394e-08
1261071857144532998,negative,0.045826574873140104
1261071857555582976,negative,0.0019936278604860045
1261071860680273921,negative,0.00037200197113501567
1261071861510819851,negative,0.010234540457309264
1261071863943479296,negative,7.079910461741999e-10
1261071866023854083,negative,0.0001937025869618757
1261071870876672001,negative,2.517705029855863e-06
1261071875339411464,negative,0.0011911420177024297
1261071877642084352,negative,0.13503230888990247
1261071879814725632,negative,0.22695080687392644
1261071880645218304,negative,7.772321882486797e-07
1261071882406723585,negative,0.015591261405209948
1261071890132672514,negative,0.03627619473246779
1261071891449679875,negative,0.03214453646981026
1261071892682809346,negative,0.0966652008695166
1261071893672706050,negative,7.667743934139139e-05
1261071894901673984,negative,0.0035460518727269486
1261071895673397256,negative,0.0028787086176640065
1261071899901255693,negative,0.14380964489423506
1261071901121789954,negative,1.702829182430616e-05
1261071901528666113,negative,0.07363383606665859
1261071932570636288,positive,0.9979299995907117
1261071932780359680,negative,0.11506561529136326
1261071935703744514,negative,0.0018625398903251947
1261071936349667328,negative,0.005881095926937842
1261071942267912192,negative,0.0027850501643003735
1261071942653751297,negative,2.106457720419281e-05
1261071943358439426,negative,0.039919337002767924
1261071943584940040,negative,0.0009344639121040834
1261071947045244933,negative,0.023317553611169183
1261071948865511425,negative,0.0008181114003710122
1261071948894875648,negative,2.786022735319337e-10
1261071949440090115,negative,0.22695080687392644
1261071949666701314,negative,0.002152684963370033
1261071950723629057,negative,1.6342972434653333e-09
1261071953437380609,negative,0.09899727503010736
1261071957384138752,neutral,0.5220402502892152
1261071957719744512,negative,3.4323882282928477e-06
1261071958780841985,negative,0.003634394005184981
1261071959712030724,negative,0.002152684963370033
1261071965143564288,negative,0.00031969712537060043
1261071970055094273,neutral,0.5220402502892152
1261071974111076355,negative,4.5723847458375806e-06
1261071974568206347,negative,8.140894315730264e-05
1261071977139376129,negative,0.06340469297101828
1261071977659478020,negative,0.13503230888990247
1261071979295186949,neutral,0.40231933975652817
1261071979777589249,negative,7.079910461741999e-10
1261071980280848386,negative,2.331183898633695e-07
1261071980889063435,negative,0.0010126924409105404
1261071980956090368,negative,0.04444230061225738
1261071983061741570,neutral,0.5220402502892152
1261071988447219715,negative,0.13503230888990247
1261071989189607431,negative,8.08060981978461e-08
1261071991039234057,negative,5.0110154859195494e-05
1261071991412580352,negative,0.008756028460369408
1261071991542624256,negative,7.791206041990171e-11
1261071992066904070,negative,0.015415912233655323
1261071995774668806,negative,0.0002814124132221864
1261071997372641284,negative,4.76793091807115e-09
1261071998928773120,negative,0.1382530617690298
1261072000702971907,negative,0.02696870851817406
1261072001231396866,negative,0.0006241162825549138
1261072001642442754,negative,0.03869502212507672
1261072002795724801,negative,3.4538932621866515e-11
1261072003693494273,negative,8.824487487300377e-05
1261072010903519234,neutral,0.5220402502892152
1261072011075485698,negative,2.4521946381281805e-06
1261072015294967808,negative,5.116406605040481e-05
1261072015492079619,negative,0.00055525606918264
1261072017769586690,negative,0.00013671544056444244
1261072018079977473,negative,1.0759305993828598e-05
1261072022400090112,negative,0.1637374571837963
1261072022970531841,negative,0.005707562248354057
1261072025617039361,negative,0.006761081285921456
1261072027361906689,negative,0.0007975134876956371
1261072028003635206,negative,0.15637555943152284
1261072028444102657,negative,0.134123477673351
1261072029098311686,negative,0.013087595171789295
1261072032210575362,negative,0.0029104892508893415
1261072032982155264,negative,7.174918380473902e-08
1261072039798079488,negative,0.007326235487550944
1261072039919714312,negative,0.020040979935042672
1261072042360811520,negative,0.11086794936238048
1261072042948022273,negative,5.584298040151204e-05
1261072045061873664,negative,9.16667412771467e-05
1261072047687569409,negative,0.012432592721608498
1261072048165617664,neutral,0.40231933975652817
1261072048341868551,negative,0.13646205287930016
1261072059121250306,negative,0.00021678548672630704
1261072061700681728,negative,1.7490613669243261e-06
1261072062359252992,negative,0.039919337002767924
1261072062749323264,negative,1.9020412025690121e-07
1261072067807588354,negative,0.001886426955548443
1261072069879640071,negative,7.079910461741999e-10
1261072074338193410,negative,0.006761081285921456
1261072074614988801,negative,7.882474193961591e-07
1261072074845478915,negative,2.2911416826813125e-05
1261072075181129731,negative,0.004228321492358686
1261072077676777472,negative,0.10620097177563678
1261072078561738752,negative,1.3431531842631404e-09
1261072080092704768,negative,0.0026541172258813016
1261072080126255104,negative,0.033044292087750574
1261072081736929281,negative,0.0027850501643003735
1261072083674595329,negative,0.0028787086176640065
1261072087864741888,positive,0.8507607100248661
1261072089232146433,negative,0.039919337002767924
1261072093363548163,negative,1.1088328386698847e-05
1261072095515213825,negative,0.005096054858426633
1261072101399834632,negative,0.015751976923023464
1261072103857704960,neutral,0.49789225920557484
1261072159398658048,negative,0.12025829411513847
1261072162364030978,negative,0.11291208618858474
1261072163005698050,negative,0.011382444248888075
1261072164234637312,negative,8.650004708356581e-08
1261072165102858240,negative,7.079910461741999e-10
1261072165564186628,negative,0.040589921673366336
1261072166478655488,negative,0.00011873762930818525
1261072168831549445,negative,0.015224639918107156
1261072171515940872,neutral,0.5316624617817726
1261072172501667841,negative,0.0028787086176640065
1261072175102124034,negative,5.6036546575817415e-09
1261072177207537665,negative,0.020742610842503055
1261072177421582343,negative,0.003638180120826427
1261072180944740352,negative,2.8054991512099774e-06
1261072181716488193,negative,0.0008711573131809084
1261072182161158153,negative,0.0017247331500128815
1261072182949576706,negative,0.044218354188319854
1261072183146749953,negative,0.018316080759505655
1261072184014974978,negative,0.0028787086176640065
1261072190860079106,negative,0.0012311518622047156
1261072192948797440,negative,0.0004270873005010719
1261072201933033474,negative,0.012147636335812746
1261072205020102658,negative,6.026251600899198e-06
1261072206378921984,negative,0.0005301361189929273
1261072207587008512,negative,3.349104149623976e-05
1261072207608000513,negative,0.04718783191524399
1261072208409042944,negative,0.05220429646373002
1261072210166288384,negative,0.06992651153158562
1261072212305608712,negative,0.004078746761443597
1261072212871839750,negative,0.15314032925733598
1261072215224848386,negative,4.203535851475654e-10
1261072215426109442,negative,9.076896689850783e-06
1261072216067911686,negative,0.003774623542797359
1261072216357244928,negative,0.000368439872830593
1261072219603644417,negative,0.038413806005126006
1261072220077658116,positive,0.9618868408215182
1261072220111212545,negative,0.004228321492358686
1261072220572524549,neutral,0.4646932000063715
1261072220815851528,negative,5.269194143573392e-05
1261072221495267329,negative,0.009888115581978685
1261072222078279681,negative,0.06444147441407738
1261072222770343937,negative,0.06766491991119071
1261072224641077248,negative,1.6539247473096053e-15
1261072226436165632,negative,0.13503230888990247
1261072229862957059,neutral,0.5988048178944094
1261072230240395270,negative,2.0598244556382533e-06
1261072233637838848,negative,0.005851828680410201
1261072233889443840,negative,6.338927279989362e-08
1261072233918799872,negative,1.6609085104326648e-05
1261072234489225217,negative,0.008796447741703399
1261072234912911360,negative,0.20259374992482773
1261072235269427206,neutral,0.5220402502892152
1261072235416244228,negative,0.22695080687392644
1261072237433503744,negative,1.702829182430616e-05
1261072239224664065,negative,0.22695080687392644
1261072241678303244,negative,0.004323736534495473
1261072242663882754,negative,0.0008181114003710122
1261072245612568581,negative,0.22695080687392644
1261072247193821185,neutral,0.4179173487111876
1261072249324539908,negative,0.012638691194648307
1261072250989678592,negative,7.079910461741999e-10
1261072251367153665,negative,0.002448176870681661
1261072253334290435,negative,1.1304393900920925e-14
1261072255003627524,negative,4.977271379262004e-08
1261072258145177605,negative,0.0035253354895114324
1261072261391540224,negative,0.006761081285921456
1261072263765471233,negative,0.16112438517276484
1261072264361107458,negative,0.16039792418177662
1261072264877019137,positive,0.721974123764034
1261072266646958080,negative,5.989937625140336e-13
1261072268379033600,negative,0.026994010101230304
1261072273475330053,negative,7.986836823196457e-07
1261072275920412675,negative,3.1957770852120227e-06
1261072278680371201,negative,6.289678924205157e-05
1261072278755868673,neutral,0.5178552636567064
1261072279183790083,positive,0.9807262591850208
1261072283600326657,negative,0.029966226105325247
1261072285370376193,negative,0.011415031839314013
1261072288587436032,negative,3.980456485399152e-05
1261072291665973249,negative,9.355397110754581e-06
1261072291913519113,negative,0.0028787086176640065
1261072292165099521,negative,0.005096054858426633
1261072295189196807,negative,2.483152005984185e-08
1261072295659024385,negative,0.011393402135437117
1261072300318822400,negative,0.001645335709301832
1261072301803610112,negative,0.04915990512052675
1261072327879667714,negative,0.008158059856837452
1261072328856911872,negative,1.4541360089090463e-07
1261072329397895168,negative,0.13503230888990247
1261072329859379200,negative,0.13503230888990247
1261072333038632965,negative,1.994169700167481e-12
1261072334062063618,negative,0.0015343753906699531
1261072334783418370,negative,0.0035253354895114324
1261072336620367873,negative,0.08105905796416388
1261072337664978944,negative,0.005984021141471108
1261072340013797379,negative,2.8630681612551084e-10
1261072340529614849,negative,1.4275186074182676e-05
1261072343473979396,negative,2.4949917883738124e-05
1261072345818705921,negative,0.005984021141471108
1261072350650470400,negative,0.009888115581978685
1261072351581667330,neutral,0.48960800718787706
1261072351749341185,negative,1.1098702140453084e-05
1261072351871021063,negative,1.2106124110211383e-09
1261072353049497600,negative,1.0632420657173435e-07
1261072353930420225,neutral,0.5220402502892152
1261072355083915267,negative,0.01824441508948525
1261072358019870722,negative,3.91089605008006e-10
1261072364424609794,negative,0.014056855960620592
1261072364483350532,negative,0.22695080687392644
1261072369751412743,negative,3.818724103519117e-16
1261072370241908737,negative,0.0011441992044142367
1261072374151163904,neutral,0.40757355539802526
1261072375350734848,negative,0.004460874583693545
1261072375547920385,negative,0.0021768941822513216
1261072375681957889,negative,1.4689885457818991e-05
1261072394845933569,negative,0.005478223592573216
1261072395051433984,negative,0.002800204883265053
1261072396720771077,negative,0.05220429646373002
1261072402454392832,neutral,0.5220402502892152
1261072403062497285,negative,0.0020488733301124743
1261072404031340544,negative,0.0020425894872512325
1261072404278845440,negative,1.2785995333391286e-05
1261072404400336896,negative,0.004904293524813678
1261072410020896770,negative,0.0045847056253171614
1261072411883159554,negative,0.012143422429969625
1261072416815681536,negative,7.079524056940179e-05
1261072418312982533,negative,1.9018117856148864e-08
1261072423702724610,negative,1.6972741959466833e-05
1261072427225841664,negative,0.0007930122335000112
1261072429436239872,negative,7.079910461741999e-10
1261072431831269378,negative,0.0006529916411005287
1261072432112168960,positive,0.8968402194907663
1261072432615452672,negative,0.002061402506684424
1261072433097957377,negative,7.24316253431794e-05
1261072433580314632,negative,0.005707562248354057
1261072434226233344,negative,0.019633128088397084
1261072434561777667,negative,1.1710241408084075e-09
1261072439288705025,negative,0.29171456123451783
1261072443436945409,positive,0.8837099252587886
1261072444632322048,neutral,0.49789225920557484
1261072445475377152,negative,1.597979434930769e-07
1261072446557433856,negative,0.00032849856065158986
1261072446628790272,negative,0.0006300516015506141
1261072447169794049,negative,0.0026277939082800343
1261072453436149761,negative,2.4677846418264258e-05
1261072455055138821,negative,0.029411752841943355
1261072457903079424,negative,0.002887341114036138
1261072459681484806,negative,0.004228321492358686
1261072469949120513,negative,0.029551286218430825
1261072470120951808,neutral,0.6479736879657639
1261072471924539395,negative,0.0027427922754330223
1261072476513107969,negative,0.020040979935042672
1261072477352071169,positive,0.9383227967605356
1261072479268802562,negative,3.8079724227810126e-06
1261072480732680193,negative,1.831113193537747e-08
1261072488903172097,negative,0.001645335709301832
1261072490023079937,negative,0.045145129104267386
1261072491520409603,negative,0.02696870851817406
1261072491570761730,negative,0.012147636335812746
1261072492090834947,positive,0.7487409235150048
1261072492665462795,negative,7.079910461741999e-10
1261072494854840321,negative,0.0035253354895114324
1261072497644056581,negative,0.05769782698677062
1261072498533322753,negative,0.13503230888990247
1261072536537903104,negative,2.1159643720080967e-08
1261072538043658240,negative,0.009142505977916684
1261072538924273669,negative,5.165533279747556e-09
1261072539146760201,negative,0.16702919869799512
1261072544075059200,negative,1.1088328386698847e-05
1261072545786314752,negative,0.011393402135437117
1261072547321393153,negative,0.01300625305430936
1261072549015957507,negative,0.00139580919253319
1261072549129183232,negative,0.006761081285921456
1261072549351481345,negative,0.00030773538985862656
1261072551016640515,negative,7.39674405206828e-12
1261072555038912513,negative,6.289678924205157e-05
1261072560508342277,negative,2.7685951567303886e-05
1261072563582763008,negative,5.544825887555412e-07
1261072564115423237,negative,0.1428233860666086
1261072564786528256,negative,0.0004676476854320622
1261072566430638080,negative,7.188306696262112e-08
1261072566946533376,negative,0.00025811480488180556
1261072569362497540,negative,0.023383180524309096
1261072571187048449,negative,0.007988453107335668
1261072574718640129,negative,0.13503230888990247
1261072574898937863,negative,0.0035253354895114324
1261072575326756865,negative,4.0878732399188736e-07
1261072576098512899,negative,5.239747752344632e-09
1261072576991944706,negative,0.0068574414485351835
1261072577159671809,negative,3.0053770831528695e-05
1261072577260335105,negative,0.014489080854051732
1261072577591730178,negative,3.7047603845118723e-07
1261072583979565058,negative,0.11291208618858474
1261072585355395079,neutral,0.5210229731199233
1261072588161384449,negative,0.014954664284912779
1261072590195625984,negative,4.447683248518289e-05
1261072590644350976,negative,0.00601783108434885
1261072591885926406,negative,0.0002635214888665313
1261072601604067328,negative,3.508104605124234e-05
1261072604523307008,negative,0.003608279453311974
1261072608398843906,negative,0.011393402135437117
1261072608482799616,neutral,0.5220402502892152
1261072608495198208,negative,0.01734643287503892
1261072609845956620,negative,0.01998013381499921
1261072611057864704,negative,1.7838180688455278e-05
1261072612752592896,negative,2.1165352499448392e-08
1261072615051005952,negative,4.925093646179317e-05
1261072616917544960,negative,0.14047476125834954
1261072618355953664,neutral,0.5220402502892152
1261072618922393601,negative,9.908779087180205e-07
1261072618981031936,negative,1.2785995333391286e-05
1261072625566130178,negative,0.005984021141471108
1261072626518306816,negative,0.012638691194648307
1261072630364418050,negative,2.986855435453876e-05
1261072630817357824,neutral,0.3348716969502043
1261072636014190595,negative,9.783107924146654e-06
1261072636303552512,negative,0.0009475238412311269
1261072638270726145,negative,0.009888115581978685
1261072638992097280,negative,9.181954543292438e-05
1261072639189307395,negative,0.03608055505586594
1261072639654756352,negative,0.00010380371862155221
1261072648345436162,negative,0.011393402135437117
1261072651902205952,negative,2.0245410816042636e-07
1261072656125825024,neutral,0.5220402502892152
1261072660114608130,neutral,0.5220402502892152
1261072661297364992,negative,1.0628976299463146e-07
1261072665286189063,negative,1.4181723497957379e-09
1261072668029304841,negative,7.079910461741999e-10
1261072669178462210,negative,2.04951823820021e-05
1261072670969470976,negative,2.6275318923124383e-07
1261072672584273922,negative,7.079910461741999e-10
1261072672978583552,negative,0.0008181114003710122
1261072678645051395,negative,3.48742820030755e-05
1261072680104542208,positive,0.887655011014191
1261072681300041728,positive,0.9140199430610552
1261072683275608064,negative,0.01998013381499921
1261072684634472450,negative,1.4734797062359894e-07
1261072687516061698,negative,0.0011415059278061127
1261072692326699008,negative,0.005455913776100697
1261072694285668352,negative,0.0006529916411005287
1261072696026247169,negative,1.5714054156983653e-06
1261072696038903810,negative,0.0029679086987648455
1261072727336779776,negative,0.004228321492358686
1261072730478333955,negative,6.707621899072595e-11
1261072731438800898,negative,0.0021768941822513216
1261072733120626688,negative,1.9208437313383744e-08
1261072733443706882,negative,0.1494019060654328
1261072734588633090,negative,0.005889230130146287
1261072735901495303,negative,0.04684776960203396
1261072737935798272,neutral,0.4179173487111876
1261072738288054275,negative,1.65719417844543e-08
1261072738955005959,negative,2.993914487122383e-07
1261072738975920128,negative,3.508104605124234e-05
1261072747310039040,negative,0.16039792418177662
1261072748333404165,negative,1.2676380407666906e-12
1261072750908780544,negative,3.543148371055995e-10
1261072750980014082,negative,0.22695080687392644
1261072751579795457,negative,0.0035253354895114324
1261072752733294598,negative,1.1661748569931112e-07
1261072753874042885,negative,7.667743934139139e-05
1261072754868129792,negative,0.22695080687392644
1261072756885671936,negative,0.01423139665763657
1261072758068457472,negative,9.076896689850783e-06
1261072758689222661,negative,0.002152684963370033
1261072759448354819,negative,6.159082388867747e-05
1261072760228413440,negative,0.0964516724948967
1261072766968762368,negative,0.014900689163377829
1261072767140737024,negative,0.012147636335812746
1261072767144865793,negative,0.0012836471797312064
1261072767371350018,negative,0.0012188724621905527
1261072772496855041,negative,0.002061402506684424
1261072772819677184,negative,7.311202345644889e-06
1261072773021159424,negative,0.00019468943335290503
1261072773067288576,negative,4.501125710580017e-09
1261072773377675264,negative,0.002061402506684424
1261072777995485185,negative,0.3279754365093972
1261072780428218368,negative,1.858572227987997e-06
1261072781984358401,negative,0.002717642763613048
1261072784270209030,neutral,0.5220402502892152
1261072784647761926,negative,3.412724656854213e-07
1261072787864780801,negative,0.1480544941768943
1261072788426838018,negative,0.0007442062142256598
1261072791262158848,neutral,0.5220402502892152
1261072792080048131,negative,7.308961609508668e-10
1261072792344240136,negative,0.02576940061897129
1261072792382050304,negative,4.340430919559447e-07
1261072792541450240,negative,1.0877432198433387e-09
1261072796005863426,neutral,0.6361730852699667
1261072796463116289,negative,0.14979970517074656
1261072797578809345,negative,2.4979203805498037e-06
1261072797914333186,negative,0.013291552043471797
1261072798220521473,neutral,0.5493177293358434
1261072800141451264,negative,2.1183886312825324e-05
1261072801060044800,negative,1.02285123581399e-07
1261072801659748352,negative,0.0010973279854506852
1261072803396292608,negative,6.289678924205157e-05
1261072808047714304,negative,0.13503230888990247
1261072808504954882,negative,8.687559519096679e-14
1261072809075376130,negative,0.13646205287930016
1261072817094877184,negative,0.0668578488859178
1261072817908518912,negative,0.101735689743991
1261072825038839808,negative,0.0003013299195665328
1261072825684824068,negative,2.513873515796789e-05
1261072826498535424,negative,0.1480544941768943
1261072830541766659,negative,0.01998013381499921
1261072832748048384,negative,1.1281416414964855e-05
1261072836204036096,negative,0.006932455795512797
1261072836405452807,negative,0.011393402135437117
1261072836489359361,negative,0.00011873762930818525
1261072837776998400,negative,0.0009165356117336638
1261072841694416899,neutral,0.5297571565723247
1261072843447635970,negative,8.824487487300377e-05
1261072845683281923,negative,1.50671806297718e-06
1261072848480804866,negative,4.867548350592913e-10
1261072850036850689,negative,0.32868316734958414
1261072852922613760,negative,0.32593704358059855
1261072854961053702,negative,5.843064787480084e-06
1261072855728394240,negative,0.00012155644497813508
1261072855925575682,negative,7.707769920563827e-08
1261072856357703680,negative,1.212166869188023e-06
1261072861000761345,negative,0.00031969712537060043
1261072861634142211,negative,0.0020899209249256095
1261072863542607873,negative,0.001856620796250149
1261072865794953217,negative,0.039919337002767924
1261072870576357377,negative,0.0006300516015506141
1261072873453760515,negative,0.008107391244501275
1261072873457963009,negative,0.012147636335812746
1261072874032562178,negative,0.10363896851979705
1261072876914049025,negative,9.076896689850783e-06
1261072882286952451,negative,0.0002019010448080129
1261072882609852417,negative,0.005984021141471108
1261072882815434752,negative,1.47254488593561e-06
1261072882991607811,neutral,0.635164239368342
1261072887802363904,negative,7.820630695911996e-09
1261072890360926209,negative,8.696170894015828e-06
1261072891535384576,neutral,0.4925787056581189
1261072926700421123,negative,6.039117710471129e-06
1261072927946129409,negative,5.747467515182088e-07
1261072928155807745,negative,0.039919337002767924
1261072928285884416,negative,7.079910461741999e-10
1261072933633564673,negative,0.001664572322095072
1261072933776248833,negative,6.339704522416814e-08
1261072934287945728,negative,0.0966652008695166
1261072934468190208,negative,3.230485739434304e-05
1261072935449776134,neutral,0.5220402502892152
1261072935936237568,negative,0.11086456601016957
1261072938020802560,negative,1.0622490744037757e-05
1261072940239597568,negative,3.164368528416944e-08
1261072940579393537,negative,0.12025829411513847
1261072947353133056,negative,0.07206452453438678
1261072950352109570,negative,0.22695080687392644
1261072952105328651,negative,0.012320758463389361
1261072952226918402,negative,2.1516911820222932e-05
1261072952243769348,negative,2.762442096633034e-08
1261072955007795201,negative,1.212166869188023e-06
1261072956035420160,negative,0.22695080687392644
1261072959495684096,negative,0.000879104364124047
1261072959806062592,negative,1.1242535975509765e-10
1261072963203330048,negative,0.0002642479391060417
1261072963773837313,neutral,0.5004167183990406
1261072965690626048,negative,6.506523025691532e-05
1261072968861573122,negative,5.574509301254705e-05
1261072972439306241,negative,0.10814398340838281
1261072973202632709,negative,0.011393402135437117
1261072979133378560,negative,0.0433592820796587
1261072979292835844,negative,0.0006578860596750717
1261072980127465473,negative,0.0013963282501008435
1261072981469605890,neutral,0.47606208253178806
1261072981738037249,negative,1.1088328386698847e-05
1261072983717797893,negative,0.13503230888990247
1261072989283594240,negative,0.0022470489145277515
1261072989421961218,negative,0.039919337002767924
1261072989954719744,negative,0.0010126924409105404
1261072993482092547,negative,9.076896689850783e-06
1261072993528303616,positive,0.9452426550418609
1261072995025596422,negative,0.22695080687392644
1261072995566657541,negative,0.00032880250016801866
1261073000151109632,negative,0.00040939728763287025
1261073000486625280,negative,0.006095725182550107
1261073002994810888,negative,2.3235925799863784e-05
1261073004521496582,negative,0.044218354188319854
1261073007835045888,negative,0.0006253843353561195
1261073012121632769,negative,0.07377879507510647
1261073012499066882,negative,2.001080663049714e-09
1261073013484773376,negative,0.0006341626611655889
1261073013816152066,negative,0.26545944637530294
1261073017548963840,negative,4.786974247311625e-06
1261073018224287751,negative,0.001076694703561392
1261073018366963713,negative,0.09107574955527133
1261073019776237568,negative,0.009848202930817875
1261073020342489088,positive,0.9689168370449541
1261073027607023616,negative,3.813448217858728e-09
1261073029091725312,negative,0.13503230888990247
1261073029926436867,neutral,0.5220402502892152
1261073030375227392,negative,1.702829182430616e-05
1261073031402840066,negative,0.1497700519582562
1261073031776153602,negative,1.2756364215926723e-05
1261073031901962242,negative,2.9624999872622e-06
1261073032887533570,neutral,0.4382878228636781
1261073036435996672,negative,0.0035253354895114324
1261073044237361153,negative,4.186138778772305e-08
1261073045130805250,negative,0.0005271588168833137
1261073045919277056,negative,1.5021419782652416e-06
1261073046556868610,negative,2.1584778485016695e-06
1261073051514437633,negative,0.00013687516828304213
1261073051652775938,negative,0.013291552043471797
1261073052378501121,negative,0.005851828680410201
1261073053003460608,negative,1.946328298447688e-05
1261073056258240515,neutral,0.5220402502892152
1261073056627294213,negative,7.882474193961591e-07
1261073057524875265,negative,0.22695080687392644
1261073057692688385,negative,0.0008861857378791201
1261073064722341889,negative,0.05197110173540116
1261073067163467777,neutral,0.5220402502892152
1261073068270764032,positive,0.9150869297405809
1261073068988018689,negative,0.0024237316996333306
1261073069197725699,negative,0.013012162241001884
1261073072435625985,negative,0.0005031755576405471
1261073072616062976,negative,0.0005954521116731404
1261073072813211648,negative,0.27784313577141206
1261073075313037313,negative,3.3181057741011385e-07
1261073083072380928,negative,0.005478223592573216
1261073086461489152,negative,6.524907802889641e-11
1261073086889238528,negative,0.020040979935042672
1261073090248876034,negative,0.06205100127807544
1261073091205238790,negative,0.016288301868759264
1261073093122035712,negative,0.11300863797014185
1261073118875058176,negative,0.0005954521116731404
1261073122880520192,negative,0.0003981971292317618
1261073125225246724,negative,0.039919337002767924
1261073129872461825,negative,5.377384601657339e-06
1261073131722215429,negative,0.0002065315307274999
1261073133525753856,negative,1.6282646368626253e-06
1261073134989475850,negative,0.13646205287930016
1261073137065656322,negative,0.006761081285921456
1261073137191596038,negative,0.14619012242791177
1261073137875267590,negative,0.003156733018811995
1261073138932203520,neutral,0.5220402502892152
1261073139909435394,negative,0.008132782460846887
1261073142530945026,negative,0.0026541172258813016
1261073146528088064,negative,5.443313948068799e-06
1261073147513786375,negative,9.60610837526742e-06
1261073148109357057,negative,0.011630004018964817
1261073148214226957,negative,0.02451551060409397
1261073149157916673,negative,2.7321752880975152e-05
1261073151397629952,negative,4.013791568482712e-09
1261073151779364871,negative,0.0003276126213424854
1261073152878292993,negative,0.11487184052629303
1261073155575156736,positive,0.9169282648666176
1261073160935538690,negative,7.079910461741999e-10
1261073161359183872,negative,0.013458256152134841
1261073162013417473,negative,0.22695080687392644
1261073163229822977,negative,9.076896689850783e-06
1261073164458553344,negative,8.252524190999992e-06
1261073164550971392,neutral,0.37624146073606246
1261073166585208835,negative,0.0010768021892628098
1261073167180800001,negative,0.13503230888990247
1261073168850182155,negative,0.0039050488484886664
1261073169659682817,negative,0.00032880250016801866
1261073171421245442,negative,5.116406605040481e-05
1261073173522636800,negative,0.0008181114003710122
1261073174013321216,negative,0.012432592721608498
1261073177125552128,negative,9.076896689850783e-06
1261073177570140160,negative,0.30147293805652137
1261073177943343107,negative,0.0004297134053932063
1261073178371162112,negative,0.13503230888990247
1261073181126860801,negative,1.947448697186832e-09
1261073185690320900,negative,0.0006712546101004991
1261073186768240645,negative,3.9701699570361535e-09
1261073187850399745,negative,0.0024237316996333306
1261073188156571648,negative,0.0445773186610487
1261073189670617089,negative,0.011298858974030372
1261073190002003971,negative,7.079910461741999e-10
1261073190069166094,negative,0.0048607652863004525
1261073191511961601,negative,0.00160789671839702
1261073194926198784,negative,4.07026417431403e-06
1261073195215577089,negative,0.07985861439347677
1261073195974737922,negative,0.175711493882321
1261073197463633922,negative,5.844554654592167e-08
1261073200768835586,negative,0.13503230888990247
1261073201163100161,negative,0.22695080687392644
1261073201557319681,negative,0.003978691249415057
1261073202501038082,negative,0.010174755107864973
1261073202870194180,negative,0.007590385014836385
1261073205629816832,negative,0.11291208618858474
1261073209031614466,negative,6.635225721961988e-05
1261073214119325698,negative,0.0026541172258813016
1261073214547144708,negative,0.02451551060409397
1261073215364849665,negative,4.26564477338363e-13
1261073217130807296,neutral,0.5220402502892152
1261073221723598848,negative,0.044218354188319854
1261073223162134528,negative,0.039919337002767924
1261073223862685698,negative,0.015520529743067434
1261073225829814272,negative,0.020187086382793592
1261073227931160576,neutral,0.5220402502892152
1261073229080297480,negative,9.963308896023346e-12
1261073230355468288,negative,0.014900689163377829
1261073230451916802,negative,0.10898280664963172
1261073230472843266,negative,0.012147636335812746
1261073230594441218,negative,0.0002600686468565309
1261073230670057472,negative,2.7651549193948466e-05
1261073232532307969,negative,1.73464808799928e-05
1261073235459923968,positive,0.6797431459846311
1261073238618144769,negative,6.267775534800307e-07
1261073241763872769,negative,0.004767228354061296
1261073242862878721,negative,3.12485610149002e-09
1261073245815607310,negative,1.691605766162951e-05
1261073246436368385,negative,0.023509408673032254
1261073247191347200,negative,0.0029838816025312127
1261073247996719104,negative,2.607398138152547e-06
1261073248613171200,negative,0.009467045409062229
1261073249733132288,negative,5.145872955691624e-07
1261073255739392000,negative,0.0010126924409105404
1261073256796368901,negative,0.0035253354895114324
1261073258931277831,negative,0.00019454957870567035
1261073265931534336,negative,0.016342258241471765
1261073266590040064,negative,0.004884081407358386
1261073272600440840,negative,0.00032880250016801866
1261073272751501313,negative,0.05220429646373002
1261073274647261185,neutral,0.5220402502892152
1261073274815078401,negative,1.6223914145105756e-08
1261073281052020736,negative,0.0001085794364009176
1261073281907597313,negative,0.0013878337791511865
1261073285351190528,negative,6.700396603654987e-12
1261073286177476610,negative,9.076896689850783e-06
1261073286882000896,negative,0.002152684963370033
1261073288031330305,neutral,0.4898631585877994
1261073288480071683,negative,0.015591261405209948
1261073288668815368,negative,0.0010126924409105404
1261073289822318592,negative,4.389282108227191e-06
1261073289880928256,negative,0.08510046868420103
1261073291890044928,negative,0.0433592820796587
1261073292049383424,negative,0.039919337002767924
1261073327688421376,negative,0.19977511368407733
1261073328040816641,negative,0.0001360019718268519
1261073330578350080,negative,0.024805179210084873
1261073335930273793,negative,1.86803126247762e-05
1261073336626565125,negative,0.0026541172258813016
1261073340434911233,negative,3.902195094762711e-05
1261073347439460353,negative,0.044218354188319854
1261073348223778819,negative,0.003821721569709347
1261073351193264130,negative,0.0026541172258813016
1261073351306551297,negative,2.9585433889518595e-05
1261073353143697410,negative,0.03825327741143904
1261073356348174342,negative,0.2518223358158727
1261073361049915392,negative,0.10895379261932304
1261073364644487173,negative,0.0010126924409105404
1261073365663703041,neutral,0.5220402502892152
1261073369899958274,negative,1.702829182430616e-05
1261073372013887494,negative,0.0008312847721779546
1261073372898877443,negative,4.646586653524256e-13
1261073373603528705,negative,0.014900689163377829
1261073374723227648,negative,0.008996444154842275
1261073379483844609,negative,0.22695080687392644
1261073380079538182,neutral,0.5220402502892152
1261073381153267721,negative,1.261194976022397e-05
1261073387583143938,negative,4.5675729721601266e-05
1261073388094750730,neutral,0.5220402502892152
1261073388401045504,negative,0.010174755107864973
1261073388757540871,negative,0.009314818296166255
1261073390267400194,negative,0.00026630907026434003
1261073391995535364,negative,2.7923357130181763e-10
1261073395330023428,negative,0.0056046305678519315
1261073397171097606,negative,2.8183396906802646e-05
1261073399062937600,negative,7.24316253431794e-05
1261073401562750976,negative,0.001272535301220644
1261073401646657536,negative,0.013505533100283736
1261073401709498370,neutral,0.5220402502892152
1261073403630497795,negative,2.253719045269306e-10
1261073404465164289,negative,0.003978691249415057
1261073405463404544,negative,0.06766491991119071
1261073405543055360,negative,1.702829182430616e-05
1261073407556440066,negative,0.0023813451203004376
1261073407799681045,negative,0.006732728117218083
1261073409515171840,neutral,0.43654597372762594
1261073410056019968,negative,1.0213375487081498e-08
1261073410173677570,negative,0.011393402135437117
1261073410395947010,negative,1.1088328386698847e-05
1261073412186873857,negative,5.56470648814517e-05
1261073414942601219,neutral,0.5493177293358434
1261073415303319552,neutral,0.6479736879657639
1261073417689759747,negative,9.879580322579789e-09
1261073418067329026,neutral,0.5220402502892152
1261073420579733510,negative,0.05220429646373002
1261073426036305920,negative,0.0024054725873266427
1261073426191659010,negative,0.0015343753906699531
1261073432663515136,negative,0.001076694703561392
1261073432734773250,negative,0.13134646110629244
1261073432747352065,negative,0.0015343753906699531
1261073433280086017,neutral,0.5178552636567064
1261073433552707585,negative,3.846161890785066e-12
1261073434299248640,negative,1.733570347297777e-06
1261073435008159750,negative,0.03214453646981026
1261073435024936960,negative,1.6014856402385347e-05
1261073437654765568,negative,3.508104605124234e-05
1261073439248580612,negative,0.00010425241692582308
1261073441530265600,negative,0.00139580919253319
1261073442834657281,negative,3.998829614787769e-08
1261073444436946944,negative,1.9701819334353595e-06
1261073448861868039,negative,0.10783104711933329
1261073456587845632,negative,3.173464540491908e-20
1261073458139627521,negative,5.104132081172322e-08
1261073459385372672,positive,0.9063381623017809
1261073463948783616,negative,8.365820641573153e-08
1261073464225607686,negative,1.3823484716541867e-17
1261073464657686529,negative,1.2411152093253056e-06
1261073464758321152,negative,0.0016947669461871609
1261073464867409924,negative,0.0011949898402484683
1261073465953652743,negative,1.702829182430616e-05
1261073466796716036,negative,0.03546310058392085
1261073467161448449,negative,0.11506561529136326
1261073468612894726,neutral,0.48960800718787706
1261073472890957825,positive,0.8778267960758854
1261073476422639616,negative,0.0028787086176640065
1261073476766629889,neutral,0.6479736879657639
1261073477890605056,negative,1.0672732945087242e-07
1261073479639670786,negative,3.312651184499507e-05
1261073481472630785,negative,5.6204297010212536e-11
1261073482873475072,negative,5.574509301254705e-05
1261073483016146944,negative,4.5002619531834065e-05
1261073483414593541,negative,0.04597455882274931
1261073483456528385,neutral,0.5220402502892152
1261073483691425792,negative,0.0011899530746050015
1261073484689670146,negative,0.02696870851817406
1261073484857307136,negative,2.5676902002611327e-07
1261073485738237953,negative,6.289678924205157e-05
1261073486606458881,negative,0.00708060143997547
1261073521343705088,negative,0.0008947231692723143
1261073522245472256,negative,0.044218354188319854
1261073522929139713,negative,0.06839173932662224
1261073523273019394,negative,0.327641692724982
1261073525491761158,negative,0.01097480199575408
1261073533628710912,negative,0.13503230888990247
1261073535612735490,negative,0.0035253354895114324
1261073538775232512,negative,0.06303233276698146
1261073539534336001,negative,6.039117710471129e-06
1261073540104806400,negative,1.702829182430616e-05
1261073545062481923,negative,0.01042303064942593
1261073546488557569,negative,7.245279643262493e-07
1261073546970828800,negative,0.039919337002767924
1261073547604250624,negative,9.076896689850783e-06
1261073548849885184,negative,5.443313948068799e-06
1261073555908935681,negative,1.702829182430616e-05
1261073556923772928,negative,0.00029063066235823353
1261073558710693890,negative,0.013505533100283736
1261073561256554497,negative,0.026994010101230304
1261073562699530241,negative,0.00014028368181359988
1261073562758262785,negative,9.853966646640835e-05
1261073563743932416,negative,1.1088328386698847e-05
1261073563886460928,negative,0.0020899209249256095
1261073565560029184,negative,4.5675729721601266e-05
1261073566210105347,negative,0.039919337002767924
1261073568554782720,negative,6.142348157737244e-09
1261073576473645057,negative,8.67397539651732e-11
1261073578541420545,negative,0.0003821327022399623
1261073578956673031,negative,7.079910461741999e-10
1261073580181327872,negative,0.010110202642025855
1261073580290433026,negative,0.0008450577792101657
1261073582026711041,negative,1.7486099961398537e-09
1261073583092236290,negative,5.426811121435662e-05
1261073583985524742,negative,0.22695080687392644
1261073586053316610,negative,0.13503230888990247
1261073588112760832,negative,6.159082388867747e-05
1261073589882826760,negative,0.0035253354895114324
1261073589966692352,negative,0.316469533656467
1261073590524547072,negative,0.014900689163377829
1261073590662938624,negative,7.079910461741999e-10
1261073590721687552,negative,2.7277147734223915e-07
1261073591019372547,negative,0.01998013381499921
1261073593112449024,negative,0.007478488032757447
1261073593783517184,negative,2.2148688594888465e-05
1261073593926123526,negative,4.213709619912992e-07
1261073594559365122,neutral,0.6460754389322418
1261073599311613955,negative,0.10215317938526143
1261073600708255745,negative,0.00018707724577158617
1261073603560460295,negative,7.097113550031567e-05
1261073605716303872,negative,0.22695080687392644
1261073608962605058,negative,0.00129426193157765
1261073609377951746,negative,0.0028787086176640065
1261073616273276928,negative,0.0016528741000693197
1261073619687530505,negative,0.039919337002767924
1261073620492865536,negative,0.026180304485580667
1261073620681580547,negative,0.0026541172258813016
1261073622719922179,negative,6.159082388867747e-05
1261073625110720513,negative,5.6945136591500154e-06
1261073625526022144,negative,3.214585193600043e-05
1261073630198484993,negative,7.079910461741999e-10
1261073631460892677,negative,5.56470648814517e-05
1261073632345931776,negative,0.13503230888990247
1261073638888964096,negative,0.020040979935042672
1261073643016278018,negative,1.4884582868883963e-14
1261073643548925952,negative,0.002152684963370033
1261073643909627906,negative,0.0017599366905281146
1261073644052271104,negative,3.12050478224062e-11
1261073644131954699,negative,0.0028787086176640065
1261073644580634625,negative,0.22695080687392644
1261073651102875648,negative,0.0002373431894822223
1261073652185006080,negative,0.0005271588168833137
1261073654441541634,negative,3.1596598699957745e-06
1261073658459627521,negative,0.044218354188319854
1261073659407618055,negative,3.508104605124234e-05
1261073660129001474,neutral,0.5220402502892152
1261073660594577409,negative,0.004641840469654311
1261073665053134849,negative,0.015591261405209948
1261073667414425600,negative,1.1430455022773777e-05
1261073668525957123,negative,0.0002978412302060804
1261073668874153985,negative,1.6254851379951653e-12
1261073668924485633,negative,9.16667412771467e-05
1261073670132371458,negative,7.079910461741999e-10
1261073670384074755,negative,5.426811121435662e-05
1261073675496931328,negative,5.426811121435662e-05
1261073676801380352,negative,1.9311903230450914e-05
1261073678067994624,negative,0.13503230888990247
1261073731344125952,negative,0.0027850501643003735
1261073731851517952,negative,0.0016892565548668615
1261073733743149056,negative,7.079910461741999e-10
1261073735504801793,negative,2.360426317444625e-11
1261073737757216773,negative,0.039919337002767924
1261073737933189120,negative,0.01413081584988649
1261073739095126017,negative,8.581856552784668e-06
1261073741733408773,negative,5.443313948068799e-06
1261073745189494795,negative,3.402096895897318e-08
1261073746829488130,negative,5.743522426205677e-08
1261073748121223172,negative,2.0359686051073497e-08
1261073749962567681,negative,0.0009122341354112464
1261073751355072513,negative,4.5675729721601266e-05
1261073751464124420,negative,1.284678873240093e-06
1261073753041260544,negative,0.001272535301220644
1261073753766719488,neutral,0.6479736879657639
1261073754614046727,negative,0.002895241221681735
1261073758590251008,negative,0.012743288546837324
1261073761765404677,negative,0.22695080687392644
1261073762264313856,negative,0.0008764498161737615
1261073765250801665,negative,0.15377764140074288
1261073767788351489,negative,0.00044897808411868066
1261073768056848388,negative,0.03924678718401026
1261073770938327040,negative,9.997424026918467e-06
1261073771835854849,negative,1.1647603249494703e-09
1261073773106692101,positive,0.6797431459846311
1261073774042140675,negative,6.448171196164483e-05
1261073775145160705,negative,0.039919337002767924
1261073778777436160,negative,0.012147636335812746
1261073782065807361,negative,1.1566990737071605e-05
1261073784049721346,negative,0.0008181114003710122
1261073786637606912,negative,0.004358970774455903
1261073786880827393,negative,0.000878323464862579
1261073790773211136,negative,3.121608541488623e-05
1261073790936723456,negative,7.079910461741999e-10
1261073793885319168,neutral,0.5220402502892152
1261073794103480321,neutral,0.5220402502892152
1261073797332992001,negative,0.0035253354895114324
1261073797890834432,negative,0.0966652008695166
1261073804526268417,negative,1.1088111531897585e-08
1261073806640263174,negative,0.039919337002767924
1261073808443576321,negative,1.4867975533116466e-05
1261073808699600901,negative,0.005833538154788091
1261073809593032705,negative,0.010174755107864973
1261073812013092867,negative,2.9624999872622e-06
1261073812571009029,negative,5.269194143573392e-05
1261073815385387013,negative,3.06978690460928e-05
1261073815918034944,negative,2.0245410816042636e-07
1261073816366841857,negative,0.10898280664963172
1261073823283249156,negative,0.024370122780894288
1261073824994525186,negative,3.8749648291119705e-05
1261073830149226506,neutral,0.40231933975652817
1261073830392541185,negative,0.0008181114003710122
1261073830992371714,negative,0.0003978453555374541
1261073837019537412,negative,2.4537646826168944e-07
1261073839125155846,neutral,0.5220402502892152
1261073840064651265,negative,9.019886636702225e-05
1261073842497359874,negative,0.26818617427818464
1261073842530852864,negative,5.56470648814517e-05
1261073851926052871,negative,0.06626111281121681
1261073852106444803,negative,1.6077538368094745e-09
1261073852341211138,negative,0.06300023913771173
1261073852496478209,negative,0.13503230888990247
1261073858808987649,neutral,0.5220402502892152
1261073866060939268,negative,1.2684968802431759e-05
1261073869697400832,negative,0.00015240583053280368
1261073870720831488,positive,0.995679429975904
1261073874973851649,negative,0.0022572688866766303
1261073875884007426,negative,3.8749648291119705e-05
1261073877863673866,negative,0.0012719608897441559
1261073878312419329,negative,0.15031294514125787
1261073879528812545,negative,0.006761081285921456
1261075319605395458,negative,6.289678924205157e-05
1261075319643090944,negative,0.22695080687392644
1261075321878609924,negative,0.0009095516252508423
1261075323254452224,negative,0.06300023913771173
1261075325896798208,negative,0.00983810346502632
1261075326811193344,negative,7.079910461741999e-10
1261075328556052480,negative,7.0563358972418175e-09
1261075328790863874,negative,0.039919337002767924
1261075330804207623,negative,5.464516099083575e-11
1261075338081243136,negative,0.002061402506684424
1261075340782448640,negative,1.0621079670208803e-07
1261075342376284161,negative,0.13594805340260796
1261075344909574144,negative,0.0035460518727269486
1261075348827131909,negative,0.0005737482637880044
1261075349129105415,negative,0.050519353834595104
1261075351960051713,negative,7.689121369571479e-07
1261075352560033792,negative,0.02314089348852536
1261075353344278534,negative,1.6617165012063253e-08
1261075356129337344,negative,7.079910461741999e-10
1261075357282840581,negative,0.039919337002767924
1261075360084623361,negative,0.0002547154407751259
1261075361623924736,negative,5.395925015427749e-06
1261075361917546496,negative,0.0005271588168833137
1261075363167436804,negative,0.004064635771544339
1261075363356045312,negative,0.05379032060221179
1261075363842666498,negative,0.00016890365786137893
1261075367256895490,negative,0.13503230888990247
1261075371887218688,negative,2.6942414632924577e-05
1261075374047473665,negative,0.00031370643404395916
1261075374869487617,negative,2.9585775903303777e-06
1261075376979181574,negative,0.018588598971709423
1261075380615753728,neutral,0.49789225920557484
1261075381895024640,negative,0.009888115581978685
1261075382201200641,negative,0.007527262881833948
1261075383929184261,negative,0.0009576400521282668
1261075385510506496,negative,0.0010090759538365242
1261075385590087681,negative,0.06837999045618855
1261075386261274626,negative,0.006761081285921456
1261075386714198025,negative,0.0008947231692723143
1261075387020443649,negative,0.09364824654073918
1261075387926433792,negative,0.016533424303605306
1261075389088067584,negative,0.007816102194359237
1261075391722242048,negative,0.00018920094202722762
1261075392254918656,negative,1.8883910889000795e-06
1261075396260442113,negative,0.003659761824574905
1261075397288038407,negative,0.012427230760374226
1261075399620034560,negative,1.946328298447688e-05
1261075400060399616,negative,0.0007711981269663399
1261075400064512000,negative,2.069150717518405e-06
1261075401339699201,negative,0.22695080687392644
1261075403030040578,negative,7.397224668509534e-05
1261075403088723974,negative,0.0035460518727269486
1261075403676008449,negative,0.002887341114036138
1261075405294968837,negative,1.737116363835067e-08
1261075405315989511,negative,0.0006300516015506141
1261075412131741697,negative,0.29628494922093634
1261075417148071937,neutral,0.5220402502892152
1261075419455016960,negative,0.25634272820314685
1261075421568946176,negative,0.22695080687392644
1261075424127442945,negative,1.9660388596403047e-12
1261075424869855232,negative,0.0029227976129670816
1261075425041813504,negative,0.020187086382793592
1261075425754787842,negative,5.116406605040481e-05
1261075425780027392,negative,0.17127907529240805
1261075428120367104,negative,0.0004620003961407474
1261075432771911680,negative,0.0010517918846568147
1261075435036667904,negative,2.8619313710227427e-05
1261075436441829376,negative,0.012147636335812746
1261075439541501954,negative,0.000679899325824923
1261075441596719104,negative,8.791670116661054e-08
1261075443052150786,negative,0.012427230760374226
1261075445879054342,negative,0.0009015173688748845
1261075446315331584,negative,0.28609800860582263
1261075449880424448,negative,0.014070036940995782
1261075455186276353,negative,0.13503230888990247
1261075455257567237,neutral,0.36160457763865556
1261075459099504642,neutral,0.48960800718787706
1261075462475984900,positive,0.7991014383192255
1261075465705525248,negative,2.3559840087490857e-05
1261075515026419715,negative,4.3280032961432904e-08
1261075516418859009,negative,0.00012876659420576065
1261075518247645186,negative,0.0020488733301124743
1261075521699565568,negative,2.1188612025571825e-05
1261075522097987584,negative,0.0056046305678519315
1261075523737976844,negative,0.3279754365093972
1261075524320886786,negative,0.07512650693209329
1261075525868621824,negative,7.079910461741999e-10
1261075526640427013,negative,0.0004319358216915006
1261075527248629762,negative,0.002809247569931019
1261075527588347906,negative,0.045826574873140104
1261075529597431808,negative,7.079910461741999e-10
1261075533112238083,negative,0.06766491991119071
1261075534202593281,negative,0.009888115581978685
1261075536056631304,negative,1.1189297099976393e-10
1261075540158619650,negative,0.00048800857323344596
1261075542780129281,negative,0.006401222802502925
1261075544365547522,negative,0.005984021141471108
1261075548744437760,negative,5.426811121435662e-05
1261075549033844736,negative,7.079910461741999e-10
1261075552808701953,negative,0.039919337002767924
1261075556445143041,negative,1.3073313087500801e-11
1261075557078437889,negative,0.018588598971709423
1261075557439229953,neutral,0.5806841647917775
1261075557971828737,negative,0.014988478612021816
1261075558168920070,negative,9.076896689850783e-06
1261075558961741830,positive,0.9746952881197867
1261075562849861637,negative,9.181954543292438e-05
1261075564913451008,negative,9.076896689850783e-06
1261075565630677000,negative,9.590432697241372e-08
1261075565886521345,negative,0.13503230888990247
1261075569145458695,negative,5.574509301254705e-05
1261075569258696704,negative,1.4480620485416581e-08
1261075574019231745,negative,0.0005267442133558057
1261075575646625795,negative,6.0134181281574124e-09
1261075576892395520,negative,0.13503230888990247
1261075578154897409,negative,1.1584867893082897e-11
1261075580025536513,negative,0.019174612541986158
1261075580558159878,neutral,0.5824397593628208
1261075581619384320,negative,0.00139580919253319
1261075589571772420,negative,0.039919337002767924
1261075590356119560,positive,0.9452426550418609
1261075595456393216,negative,0.005739668173965655
1261075596098113538,negative,9.076896689850783e-06
1261075596630806535,negative,0.0036199276423849965
1261075598211981318,negative,0.006506359490872524
1261075598954332166,negative,0.002152684963370033
1261075599248023554,negative,4.8486319467501175e-08
1261075599319273478,negative,0.0068574414485351835
1261075600267231235,negative,1.4665046736141645e-05
1261075600535584773,negative,7.079910461741999e-10
1261075600850268160,negative,0.036141178681367535
1261075607577923585,neutral,0.5220402502892152
1261075608248950792,negative,0.08065553831982757
1261075608299323392,negative,7.079910461741999e-10
1261075609054146560,negative,0.0002095721252494067
1261075609133948936,negative,0.13503230888990247
1261075611889684481,negative,0.039919337002767924
1261075614968303617,negative,0.13503230888990247
1261075615010127875,negative,0.1243081635346105
1261075620257300485,negative,3.6654915159751337e-06
1261075623986040832,negative,0.18073370732773852
1261075625240133632,negative,0.274515119130039
1261075625709916160,negative,0.0001572956138983798
1261075633473572868,negative,4.50601567562236e-09
1261075633863614467,negative,0.13503230888990247
1261075633934864385,neutral,0.6264077649141596
1261075645955747841,negative,6.857170811324407e-05
1261075646677164033,negative,9.464998922127032e-06
1261075649751650307,negative,0.006814895516182078
1261075649919401988,negative,0.17258308140327455
1261075650598899714,negative,1.0271786056118267e-09
1261075653778190338,negative,0.001903883060997227
1261075656294772736,negative,5.116406605040481e-05
1261075656898752515,negative,0.22695080687392644
1261075657267822592,negative,0.005591082214131358
1261075657368444931,negative,0.0681154460983329
1261075659834753024,negative,1.354797892469387e-07
1261075661143314432,negative,0.13503230888990247
1261075663135674368,negative,0.00030769233685331004
1261075664427458560,negative,0.0010170779239884154
1261075666629472257,positive,0.7991014383192255
1261075666713403397,negative,0.014190695571410405
1261075668047204353,negative,7.079910461741999e-10
1261075668600832012,negative,5.395925015427749e-06
1261075668701413377,neutral,0.6001289409128411
1261075669099970565,negative,0.0035460518727269486
1261075671754907648,neutral,0.4925787056581189
1261075675320127493,negative,0.00022371997761977064
1261075679069851651,positive,0.9029183478107866
1261075710556491777,neutral,0.5220402502892152
1261075713677017088,negative,0.012427230760374226
1261075723995013131,negative,0.02673505522454355
1261075726075387907,negative,0.22695080687392644
1261075726377369601,negative,0.0068574414485351835
1261075726691979265,neutral,0.49789225920557484
1261075726721265664,negative,0.13646205287930016
1261075728730411009,negative,0.0026541172258813016
1261075729749549056,negative,0.039919337002767924
1261075729913196553,negative,1.404874867680985e-10
1261075730097745927,negative,0.023743081031497946
1261075730496196609,negative,0.00022015024756508582
1261075731150516224,negative,3.8622547762133073e-10
1261075731817381892,negative,0.004304535083934977
1261075733428031493,negative,0.0007162485191839268
1261075737806868481,negative,0.0013175509733267133
1261075740583493632,negative,0.13503230888990247
1261075740751048706,negative,1.505342132742712e-11
1261075746266796032,negative,0.003774623542797359
1261075748955226117,negative,0.04532641044081347
1261075760120508416,negative,0.012427230760374226
1261075760846077952,negative,0.014647678778142029
1261075763341623297,negative,0.0007711981269663399
1261075763832504322,negative,0.0009763174912380159
1261075764268740608,negative,9.498913191829306e-13
1261075764377722880,negative,0.009667731139109707
1261075765409374209,negative,3.436943607617287e-05
1261075766000975874,negative,0.002460551279106641
1261075769134133249,negative,0.018588598971709423
1261075769834508288,negative,0.0015833824678334575
1261075770748723200,neutral,0.6437083580862986
1261075771902300162,neutral,0.5220402502892152
1261075774146314240,negative,7.079910461741999e-10
1261075776163774464,negative,0.008121530940489048
1261075779368235009,negative,0.0466337174069317
1261075782509760516,negative,0.006805274561851327
1261075784506191875,negative,0.134123477673351
1261075785500295174,negative,0.1213772987546829
1261075790684356613,negative,0.0026783245310940565
1261075791875584001,negative,0.006814895516182078
1261075795994427394,negative,0.008910872695601084
1261075800008335365,neutral,0.49789225920557484
1261075801786724353,neutral,0.3708285720008068
1261075801929383937,negative,1.8298803696789944e-06
1261075807881003010,negative,1.702829182430616e-05
1261075808048873472,negative,0.018588598971709423
1261075810682900481,negative,4.501125710580017e-09
1261075812817788929,positive,0.9452426550418609
1261075815246282752,negative,0.001103038052797831
1261075817507020801,negative,0.01692006625191962
1261075821953011714,negative,0.32988062525730405
1261075825492926466,negative,0.018588598971709423
1261075828701630465,negative,0.22695080687392644
1261075829406253056,negative,0.0005505908912613498
1261075830257733636,negative,1.1088328386698847e-05
1261075830517698563,negative,0.0005446505626300546
1261075832900063234,negative,5.269194143573392e-05
1261075833076232198,negative,0.1014872349453994
1261075833101389824,neutral,0.34007969710589014
1261075835005677578,neutral,0.39328318248801547
1261075836309995523,negative,0.0026541172258813016
1261075841087307776,negative,1.6017058329676223e-06
1261075841976582147,positive,0.71567943802828
1261075842005905408,negative,0.0035253354895114324
1261075842500788232,negative,0.00027855301213871057
1261075848519577601,negative,0.001895585048150135
1261075855817814018,negative,5.395925015427749e-06
1261075862667112450,negative,5.275421679199038e-06
1261075863384272897,negative,2.4715512347164713e-10
1261075865091354624,negative,7.557719076725873e-09
1261075865464647680,negative,0.00949074480973879
1261075868241272833,negative,0.10620097177563678
1261075868337782787,negative,5.1505253171510384e-09
1261075868635578368,negative,6.897323888363816e-05
1261075876365680640,negative,1.6281793293627948e-06
1261075943377993728,negative,0.003774623542797359
1261075944946782217,negative,0.039919337002767924
1261075946662244352,negative,0.0020488733301124743
1261075949782736897,negative,0.11506561529136326
1261075950198030337,negative,7.093059819904826e-08
1261075953280782337,negative,1.1661748569931112e-07
1261075955348639747,negative,0.13503230888990247
1261075961119997952,negative,0.005541117125715664
1261075961224855555,negative,0.018588598971709423
1261075964693491713,negative,6.5239880661133654e-06
1261075965821755402,negative,2.3958289877049065e-05
1261075966463483907,negative,7.079910461741999e-10
1261075967017136134,negative,9.218412753961369e-07
1261075969600901121,negative,6.566941111128344e-09
1261075972905938944,negative,0.004496281285130206
1261075975116382209,negative,0.13503230888990247
1261075976127164416,negative,6.117352337306748e-06
1261075977033179138,positive,0.9319011563148566
1261075978211733504,negative,2.718905251391141e-07
1261075981235822593,negative,0.15751488950044923
1261075981281918980,neutral,0.4898631585877994
1261075982447980544,negative,0.06839173932662224
1261075983299481602,negative,0.006814895516182078
1261075984201273345,neutral,0.49789225920557484
1261075985761435648,negative,0.02673505522454355
1261075986445225985,negative,0.018316080759505655
1261075986520645633,negative,0.0010126924409105404
1261075986575249408,negative,4.093016484956993e-06
1261075987451740160,negative,0.0011515286419589155
1261075990194905094,negative,0.001723149510763239
1261075990396243978,negative,0.06028627199459934
1261075991075618816,neutral,0.39328318248801547
1261075997442691072,negative,6.7955914260988085e-15
1261075999783112705,negative,4.6538836798906666e-10
1261076000651333634,neutral,0.5220402502892152
1261076001829896204,negative,0.0006264049666760711
1261076002924625920,negative,0.0004904279202972449
1261076005516726273,negative,0.014828304777060663
1261076005529088000,negative,0.03214453646981026
1261076006900817921,negative,6.308377928415146e-05
1261076010679795712,negative,0.13503230888990247
1261076011820728320,negative,0.0026541172258813016
1261076012915470336,negative,0.11452732660109585
1261076013116776454,negative,0.0021768941822513216
1261076014408650754,negative,7.079910461741999e-10
1261076015083696129,negative,0.009568955810382166
1261076016564486150,negative,0.008796447741703399
1261076016908382210,neutral,0.5220402502892152
1261076017126531073,negative,0.0006247586481348188
1261076018766512128,negative,0.04684776960203396
1261076021677371392,negative,0.023083661237160123
1261076025036824576,negative,5.744215593962897e-07
1261076025204711424,negative,1.3826744228334314e-06
1261076029067669505,negative,0.15031294514125787
1261076030887993345,negative,0.0010506284507510767
1261076032506998786,negative,0.012427230760374226
1261076036164505602,negative,0.005984021141471108
1261076037364076549,neutral,0.49789225920557484
1261076038207012868,negative,0.009888115581978685
1261076040195158018,negative,5.1524349359132074e-05
1261076040954384384,negative,0.007297879509112793
1261076041763880962,negative,4.804620007480457e-06
1261076042942316544,negative,0.13503230888990247
1261076043932168194,negative,7.626336102196398e-15
1261076047816273920,negative,2.100054886759454e-06
1261076056464936966,neutral,0.5292860020178509
1261076058067087361,negative,0.0008949340965832954
1261076058612301825,negative,6.289678924205157e-05
1261076059052744709,negative,0.00012876659420576065
1261076061456130048,negative,0.1575350163564984
1261076062278168577,negative,1.2186152174772139e-05
1261076062378897411,negative,2.344732528311942e-07
1261076063737778177,negative,5.476872690298511e-09
1261076063863607302,negative,0.006761081285921456
1261076067093274624,negative,7.079910461741999e-10
1261076070473912322,negative,0.01998013381499921
1261076070947848193,negative,0.28609800860582263
1261076072076120066,negative,0.0009540716658031605
1261076073212764162,negative,7.079910461741999e-10
1261076074248777728,negative,0.00012035518142653681
1261076074882007040,negative,0.011122649546731625
1261076078698864644,negative,0.001805731921334972
1261076079290318849,negative,0.0005434388372182556
1261076081840467969,negative,0.09668154039175744
1261076082918375424,negative,0.0035460518727269486
1261076085040721921,neutral,0.5220402502892152
1261076085455949824,negative,0.0024237316996333306
1261076091055288320,negative,4.209749218694244e-06
1261076091067863040,negative,0.04814766381817948
1261076092443660289,negative,0.00014685233740805562
1261076096591761411,negative,0.012638691194648307
1261076132927062023,negative,0.3020901928568866
1261076133061316609,negative,0.006761081285921456
1261076135330357252,negative,0.13503230888990247
1261076142972456964,negative,0.0006529916411005287
1261076144721465346,negative,4.5675729721601266e-05
1261076145472245763,negative,1.702829182430616e-05
1261076146554318848,negative,3.2213613846132764e-10
1261076147133198336,negative,0.039919337002767924
1261076147997077504,negative,0.039776974323010104
1261076148487892993,negative,3.8749648291119705e-05
1261076150379515909,negative,8.510412885949519e-06
1261076150547288065,negative,0.0009610509450393125
1261076152275406851,negative,0.02681522435282654
1261076152787009537,negative,7.882474193961591e-07
1261076153399468040,negative,0.0009099234035934681
1261076156364795904,negative,0.022577759008305377
1261076156952064006,negative,9.076896689850783e-06
1261076158176788480,negative,0.15031294514125787
1261076160257146883,negative,0.13503230888990247
1261076161251196931,negative,0.0668578488859178
1261076161775448064,negative,0.04684776960203396
1261076162031337478,negative,3.4942883222980933e-06
1261076163490963458,negative,0.17667481943702065
1261076163688095745,negative,0.03608055505586594
1261076164736692230,negative,0.011393402135437117
1261076165026091008,negative,0.0017665222802573496
1261076166817058817,negative,5.116406605040481e-05
1261076169132253184,negative,6.289678924205157e-05
1261076171380396032,negative,0.006763934137109627
1261076171934048256,negative,2.3442007728929025e-06
1261076174152896512,negative,0.13503230888990247
1261076177411887106,negative,4.988076653159542e-05
1261076177692897280,negative,1.9020412025690121e-07
1261076177969541121,negative,3.436943607617287e-05
1261076181706735617,negative,0.03363248405635972
1261076183824896000,negative,0.13503230888990247
1261076184382738433,positive,0.6904269241416303
1261076184823144448,negative,0.039919337002767924
1261076191282434050,negative,0.0004261069901639676
1261076191643140099,negative,0.22695080687392644
1261076195996602371,negative,1.741743104950503e-07
1261076196122677249,negative,0.012147636335812746
1261076198278512645,negative,0.01998013381499921
1261076199335432194,negative,0.0004550928181093024
1261076201193574401,negative,0.07377879507510647
1261076202057539593,neutral,0.5637860583795387
1261076210739818512,negative,0.010135463941697521
1261076211058577410,negative,0.05037013242924205
1261076216079138817,negative,0.00035852668774549506
1261076217945567232,negative,0.02696870851817406
1261076218402742273,negative,9.076896689850783e-06
1261076220839673861,negative,3.024762475514915e-11
1261076221783273474,negative,1.9610540737653102e-07
1261076224547438597,negative,0.039919337002767924
1261076226883665921,negative,0.011662182785721228
1261076227890327553,negative,0.07584843544971914
1261076232214642692,negative,0.024805179210084873
1261076234047455249,negative,7.079910461741999e-10
1261076236283121664,neutral,0.5220402502892152
1261076237818224641,negative,1.702829182430616e-05
1261076239101513729,negative,1.64415109013511e-08
1261076240091557889,negative,5.362347516478422e-05
1261076242012528646,negative,5.3486337468488525e-09
1261076243836960769,negative,1.741743104950503e-07
1261076245909049344,negative,0.0056046305678519315
1261076249922977792,negative,0.018588598971709423
1261076250568921090,negative,8.534982177094574e-05
1261076252347285511,negative,1.1088328386698847e-05
1261076252687024133,negative,0.00011873762930818525
1261076253219663877,negative,0.014988478612021816
1261076255639650304,negative,1.3591371256015822e-12
1261076257938247683,negative,0.02221750932825268
1261076259678949376,negative,0.015665191601994578
1261076259972448256,negative,0.015665191601994578
1261076260559695874,negative,0.011393402135437117
1261076261746757635,positive,0.9928925024612822
1261076268528947201,negative,5.4998148314196784e-05
1261076269074128901,negative,0.14380964489423506
1261076270181474307,negative,0.0020696453960548354
1261076272417050625,negative,0.11094080020133062
1261076276393267200,negative,3.153415766472533e-05
1261076277718589441,negative,0.03883937624525179
1261076278624616452,negative,0.008796447741703399
1261076279736127488,negative,0.0027427922754330223
1261076283884216325,negative,4.362419961925037e-05
1261076286795124737,negative,0.0003865785300040147
1261076288443473920,negative,7.140642611558856e-05
1261076289391415297,negative,7.499565840561865e-09
1261076291287162883,negative,0.012427230760374226
1261076298064998400,negative,0.012462153753339282
1261076299227058185,negative,2.2840742946069877e-11
1261076299579305984,negative,0.023083661237160123
1261076345729290248,negative,0.22695080687392644
1261076346031280128,negative,1.2478398520654478e-10
1261076346115108864,negative,0.0915680682236027
1261076348044533764,negative,0.00021919014193142751
1261076348250046466,positive,0.8180358494617082
1261076348724031489,positive,0.6904269241416303
1261076351831900162,negative,0.22695080687392644
1261076352045928448,positive,0.7914261469945912
1261076352473739266,neutral,0.5374329148319921
1261076353597784065,negative,0.009888115581978685
1261076354717622272,negative,0.039919337002767924
1261076355850133504,negative,1.517736625801698e-08
1261076357389434884,neutral,0.37864351851381506
1261076362980462597,negative,9.076896689850783e-06
1261076363819331587,negative,0.006761081285921456
1261076364045811714,negative,0.001924543895457538
1261076366402994186,negative,0.13503230888990247
1261076370320433152,negative,5.4093340645783474e-08
1261076372384071683,negative,0.019948321472566113
1261076376305774593,negative,0.004574659726843717
1261076382626516995,negative,0.06542922137181013
1261076382777577476,negative,0.0026541172258813016
1261076385239425024,negative,4.972216944438979e-06
1261076387215138817,negative,0.02451551060409397
1261076389110874119,negative,5.385290345411696e-09
1261076389224210433,negative,7.079910461741999e-10
1261076390096646145,negative,0.005126096504201199
1261076391371706370,negative,0.01998013381499921
1261076394299265025,negative,2.9647575221792608e-05
1261076395473526785,negative,6.348407124004658e-09
1261076395616329739,negative,0.0001281620051163915
1261076395775660033,negative,0.0015343753906699531
1261076398372007937,negative,0.001842090452652045
1261076401882628098,negative,0.004696591469748049
1261076404080427013,negative,7.772321882486797e-07
1261076404453683202,neutral,0.5220402502892152
1261076408190881792,negative,0.08079453822057933
1261076412783636481,negative,0.015195986828134425
1261076413412712455,negative,7.079910461741999e-10
1261076414897573888,negative,0.00011873762930818525
1261076415178510336,negative,0.0006734294251488328
1261076415421825024,negative,1.702829182430616e-05
1261076415509913606,negative,0.00012137563599968034
1261076416168370178,neutral,0.5220402502892152
1261076418798260225,negative,0.14965357032054696
1261076424158478336,negative,0.0035827072790240643
1261076424611500032,negative,0.012147636335812746
1261076429397200896,negative,0.004201449497442254
1261076430320021507,negative,0.0006266520050002163
1261076431150501889,negative,0.020050826942169028
1261076431586693123,negative,0.0009099234035934681
1261076434413588480,negative,0.13503230888990247
1261076435642564608,negative,0.13503230888990247
1261076435873251328,negative,7.079910461741999e-10
1261076436519133186,negative,0.029349473313412828
1261076439019016192,negative,2.351074319168971e-07
1261076440864473093,positive,0.7877502645155031
1261076445939601409,negative,0.000438947945375264
1261076447181111296,negative,0.0466337174069317
1261076449001381889,negative,0.039919337002767924
1261076452205879299,negative,2.976731897798849e-08
1261076454793777152,negative,5.027272905990919e-08
1261076456207089665,negative,0.0002276553969978641
1261076457830461440,negative,0.039919337002767924
1261076461873750024,neutral,0.5220402502892152
1261076463547285505,negative,0.0026541172258813016
1261076463857676289,negative,7.659145990611754e-07
1261076464117649408,negative,4.5675729721601266e-05
1261076466214846465,negative,7.434121414559726e-07
1261076467242409988,negative,5.192551148609601e-06
1261076468915998725,negative,0.0020318071652927305
1261076469465468929,negative,0.015665191601994578
1261076470211858433,negative,0.00010639279643169053
1261076470304309254,negative,1.185890541498469e-08
1261076472162369538,negative,3.5733880660555845e-06
1261076472854388738,negative,1.8244632355407143e-05
1261076473412288513,negative,4.206990803711562e-05
1261076474569900032,negative,3.5118389507654816e-08
1261076477090635777,negative,2.948954647572573e-05
1261076479854686210,negative,0.01998013381499921
1261076481918275585,positive,0.9919272641970812
1261076486414614529,negative,0.028277368521422232
1261076487190515716,negative,0.13646205287930016
1261076492638969856,negative,1.8138109781298261e-06
1261076492965933056,negative,1.0726879479301965e-06
1261076497617620993,negative,9.076896689850783e-06
1261076497772797952,negative,1.6617165012063253e-08
1261076499559563266,negative,3.904491691258207e-06
1261076499832037376,neutral,0.49789225920557484
1261076541850648579,negative,1.5714054156983653e-06
1261076544891518976,negative,3.638773229289899e-09
1261076545088733188,neutral,0.5220402502892152
1261076545285783553,negative,1.5236203297978286e-08
1261076546904895488,negative,4.447683248518289e-05
1261076547609468929,negative,0.01418071118950601
1261076549580840961,neutral,0.40231933975652817
1261076550318985220,negative,6.289678924205157e-05
1261076552089055233,negative,0.15537029198424918
1261076552114229249,negative,0.0005745553962623212
1261076554374877184,negative,0.014900689163377829
1261076554756612106,negative,0.004323736534495473
1261076555159220224,negative,2.7386524144148747e-06
1261076555616473089,negative,1.9789804706116623e-13
1261076558749544459,negative,0.021851603509630776
1261076559206715400,negative,0.03290367389564228
1261076562730012678,negative,9.908779087180205e-07
1261076564529369089,negative,4.5675729721601266e-05
1261076564562894848,negative,8.651840118433775e-06
1261076568413274118,negative,0.004743708904423345
1261076570225197056,negative,0.22695080687392644
1261076573056311296,negative,0.15031294514125787
1261076575967207424,negative,2.2191293763801413e-11
1261076576998952963,negative,0.04488321570526047
1261076579419131906,negative,0.0005160594136512363
1261076579670724608,negative,0.10558913625676292
1261076580736081920,negative,0.039919337002767924
1261076581247864832,negative,0.03346541170566828
1261076582766186497,neutral,0.6001289409128411
1261076583978356736,negative,0.28609800860582263
1261076584091529219,negative,0.00877005062955951
1261076584712359936,negative,0.00010005665607910725
1261076585039433728,negative,0.0004542113693586342
1261076585312071680,negative,0.22695080687392644
1261076586230620160,negative,0.039919337002767924
1261076590131363843,negative,0.012427230760374226
1261076591016378370,negative,2.8671706339033556e-08
1261076592371138560,negative,0.07081282431577525
1261076593042210816,negative,6.507641804989053e-06
1261076602064195587,negative,1.651319791259482e-06
1261076605537071105,negative,0.00031969712537060043
1261076606912737286,negative,0.0005671638454638587
1261076618099003399,negative,0.0009335205706019317
1261076618140946432,negative,0.001670952467300209
1261076618233237504,negative,1.1273214240915465e-08
1261076619206238214,negative,0.039919337002767924
1261076619323678720,negative,8.038159315396891e-05
1261076621064273920,negative,8.038159315396891e-05
1261076623241228289,negative,0.012769445339912283
1261076624063311873,neutral,0.40231933975652817
1261076625539715077,negative,0.009371963101437241
1261076627339071488,negative,1.8138109781298261e-06
1261076628530171905,negative,4.3895389414539845e-05
1261076628840554496,negative,0.018588598971709423
1261076629184548864,negative,0.0029104892508893415
1261076629486538754,negative,0.039919337002767924
1261076631059398659,negative,7.882474193961591e-07
1261076631130603525,negative,2.0245410816042636e-07
1261076632548151297,negative,1.8138109781298261e-06
1261076637791248384,negative,0.006476611971322382
1261076641100464136,neutral,0.3875481676420635
1261076650084745219,negative,0.05202832831300249
1261076650915176450,negative,0.0016892565548668615
1261076652764753920,negative,0.13306643287821535
1261076653914099714,negative,0.005691549978523344
1261076655952613377,negative,0.00012876659420576065
1261076658452180992,negative,9.430456675370102e-07
1261076659198967809,negative,7.079910461741999e-10
1261076659609849857,negative,0.00011839082975998774
1261076662659268609,negative,0.15807799294954208
1261076665368817665,negative,0.010174755107864973
1261076665523937290,negative,0.13503230888990247
1261076671156891648,negative,0.0002648692531256971
1261076672012582913,negative,0.22695080687392644
1261076672092274689,negative,3.4111756705558964e-10
1261076672234782721,neutral,0.48960800718787706
1261076672914259968,negative,0.2179096519923416
1261076674487222279,negative,5.443313948068799e-06
1261076679298031617,negative,0.0005719087849204091
1261076681818857478,negative,9.950936367772408e-16
1261076693441220608,negative,0.012700513730719135
1261076698499551237,negative,0.001272535301220644
1261076699275460608,negative,1.1177636741966684e-06
1261076727813431297,negative,0.005234108198559462
1261076728803463172,negative,0.039919337002767924
1261076734713217027,negative,1.702829182430616e-05
1261076735690489857,negative,0.13503230888990247
1261076743957471232,negative,1.7869398896605537e-05
1261076744112570369,negative,1.530020358906674e-07
1261076748604760064,negative,0.04684776960203396
1261076748604772354,negative,0.019651724065811265
1261076749795962888,negative,0.0006149946184115155
1261076749816926208,negative,0.035440594001339476
1261076751381409793,negative,7.079910461741999e-10
1261076752237027328,positive,0.6670675970974241
1261076752492826634,negative,0.01998013381499921
1261076754036404239,negative,0.22695080687392644
1261076755928023041,negative,4.4751042892289823e-07
1261076757324718085,negative,0.0005271588168833137
1261076757857304577,negative,0.002061402506684424
1261076762546655233,negative,1.2425675931055177e-06
1261076765503520773,negative,0.0056046305678519315
1261076767340716034,neutral,0.5220402502892152
1261076767365890052,negative,0.0026541172258813016
1261076768577945602,negative,2.2484918056102686e-06
1261076769152684032,negative,0.0006734294251488328
1261076771497181195,negative,8.038159315396891e-05
1261076771727867905,negative,2.4521946381281805e-06
1261076772877225993,negative,0.0006324781934388065
1261076774999543816,negative,1.138197190583354e-07
1261076776014548993,negative,1.1088328386698847e-05
1261076776635244545,negative,0.030494643401641215
1261076779365777408,negative,0.11506561529136326
1261076780783415297,negative,0.0012956845987545662
1261076781433597954,negative,1.7073616942378337e-18
1261076782075260930,negative,0.05097155942430723
1261076782993858560,negative,0.039919337002767924
1261076786282147842,negative,0.014994463887495027
1261076788203175937,negative,7.079910461741999e-10
1261076788391874560,negative,2.2477690199747956e-05
1261076789637627904,negative,0.01998013381499921
1261076790711369728,neutral,0.5136446707795853
1261076792749817857,negative,1.113993809524589e-07
1261076792842076166,negative,0.00010005665607910725
1261076795178258432,neutral,0.5178552636567064
1261076801989853187,negative,0.039919337002767924
1261076809690603521,negative,6.38250621659794e-08
1261076810630074374,negative,0.0023615219722705645
1261076811519275008,negative,0.27513417248201427
1261076812886618112,negative,0.28609800860582263
1261076816132964353,negative,0.006761081285921456
1261076819912134656,negative,0.22695080687392644
1261076822432907265,negative,0.004574659726843717
1261076822592282625,negative,0.0668157625389469
1261076824349687809,negative,0.057909755441884245
1261076824387473408,positive,0.9989154159390788
1261076825922510852,negative,5.784346386545702e-05
1261076829265428487,negative,6.897323888363816e-05
1261076829668102144,negative,3.508104605124234e-05
1261076829995139074,negative,1.8028575590148658e-13
1261076834910908416,negative,0.0035253354895114324
1261076837314318341,negative,0.13503230888990247
1261076841487650816,negative,0.00012707846873664952
1261076842921984002,negative,1.702829182430616e-05
1261076843396042763,negative,0.00010497138706514245
1261076845115641856,negative,0.0017198511643388569
1261076845501583372,negative,8.967418011176014e-12
1261076846730502145,negative,0.0005413744615475021
1261076847359639556,negative,0.0036744848310356604
1261076848756342784,negative,0.039919337002767924
1261076849414848515,negative,0.0005514954570472953
1261076851151306754,negative,3.0414642488638116e-12
1261076851746844675,negative,0.0014149752606025688
1261076852417970176,negative,3.278163424191346e-05
1261076853802045440,negative,1.5890801172876565e-05
1261076856977207296,negative,0.13503230888990247
1261076857581174786,negative,9.175020633228165e-16
1261076862845038594,negative,2.993731508777019e-07
1261076865810337793,neutral,0.5220402502892152
1261076868918370305,negative,0.0010126924409105404
1261076871522979841,negative,0.0966652008695166
1261076871653076999,negative,3.740730529504156e-06
1261076880884629505,negative,0.024102742541787004
1261076882755371009,negative,0.1485381755055025
1261076884181463041,negative,0.015665191601994578
1261076885020086272,negative,0.01042303064942593
1261076885322240005,negative,0.1161072944852285
1261076885607534594,negative,0.007536108170366327
1261076888556052480,negative,0.014617552439944526
1261076888895750147,negative,4.2485458703571455e-05
1261076892188278786,negative,0.039919337002767924
1261076892725260290,negative,0.00708060143997547
1261076894495256578,negative,0.011393402135437117
1261076895636115465,negative,2.4907188884127546e-09
1261076895774511111,negative,2.2148688594888465e-05
1261076898886623236,negative,7.772321882486797e-07
1261076900472111106,negative,1.1323604328307887e-10
1261076901550010369,positive,0.9955330486968231
1261076938346639360,negative,8.752567228118183e-08
1261076948756938753,neutral,0.5768286645533268
1261076949356744707,negative,0.029966226105325247
1261076949478277122,negative,8.928972229274935e-06
1261076952305328129,positive,0.6941422121867404
1261076953165160448,negative,0.006761081285921456
1261076954956136450,neutral,0.5734576952979002
1261076958278029312,negative,0.026994010101230304
1261076959200714760,negative,7.772321882486797e-07
1261076963579609088,negative,0.00011054371087625722
1261076965982900225,negative,0.00021919014193142751
1261076966435930113,neutral,0.6437083580862986
1261076971376840704,negative,0.09503030090477621
1261076971519381504,negative,0.00011217668604831106
1261076972068880387,negative,6.905579488349161e-05
1261076973947949061,negative,6.468522082097255e-08
1261076978175815681,negative,0.015665191601994578
1261076978813120512,negative,0.04303053962965312
1261076978968526849,neutral,0.4803828672700772
1261076980461641731,negative,0.0003865785300040147
1261076982177161216,negative,0.0005271588168833137
1261076987566841862,negative,0.0006564339728945801
1261076987898220544,negative,1.6464121787670611e-06
1261076989554851840,negative,7.079910461741999e-10
1261076989781381121,negative,0.040772936939489246
1261076989928263686,negative,0.039919337002767924
1261076989940768773,negative,0.002137250377122489
1261076990238621697,negative,6.005724186379615e-13
1261076991513673729,negative,1.3088508211303807e-06
1261076993195507714,negative,0.22695080687392644
1261076998119723009,neutral,0.4786945228107607
1261076998488829954,neutral,0.5220402502892152
1261076999419973634,negative,0.0028787086176640065
1261077002595045379,negative,0.0002367624973609587
1261077004968964098,negative,0.000122511660949456
1261077006340497410,negative,2.872899097170265e-05
1261077015161196545,negative,0.0007673049744956172
1261077016083865610,negative,0.039919337002767924
1261077018373951495,neutral,0.4898631585877994
1261077024803827712,negative,1.1661748569931112e-07
1261077025445552129,negative,6.305556579551192e-06
1261077028960382976,negative,0.007955972137187722
1261077030352846848,negative,0.0002604475858559406
1261077033058054144,negative,2.3133764893181376e-05
1261077033599275011,neutral,0.5220402502892152
1261077035969110018,negative,0.005632648131817028
1261077040096260097,negative,1.776054554947341e-05
1261077042910593027,negative,0.0027427922754330223
1261077044110254081,negative,1.0123700300825057e-12
1261077044567379968,negative,0.0493848281796614
1261077047000158219,positive,0.9326609409265308
1261077049512509440,negative,1.997710386732425e-09
1261077050774913025,negative,0.1575350163564984
1261077051949191168,negative,0.09609015023162562
1261077059562061826,negative,0.010434078929443204
1261077061034283009,negative,0.0002857182936844217
1261077061613031424,negative,0.006761081285921456
1261077063794114562,negative,0.19674400713633775
1261077065308258306,negative,8.94403396453765e-05
1261077065987690500,negative,8.946596403948355e-11
1261077068701458439,negative,0.0024237316996333306
1261077071239012353,negative,1.195038180145558e-05
1261077074854510593,negative,9.5672668256385e-09
1261077077161369601,neutral,0.5652144012458306
1261077079304667137,negative,0.0005745553962623212
1261077080189460480,positive,0.8925870014949574
1261077080260988934,negative,0.00341341611997427
1261077080336240640,negative,0.0020677635978759963
1261077082047754240,neutral,0.3866708394484774
1261077084937637894,negative,2.3060602890625666e-08
1261077087428870144,negative,3.2168806672617706e-08
1261077088976674816,negative,3.1098233625183e-05
1261077089224216579,negative,4.447683248518289e-05
1261077093892403200,negative,5.169644497315813e-05
1261077097294020609,negative,0.01998013381499921
1261077099806326785,negative,1.2161928046911061e-05
1261077140826730497,negative,0.00045216468399425584
1261077141451493376,negative,0.1879677261263711
1261077143263592452,neutral,0.40231933975652817
1261077144886804481,negative,0.13503230888990247
1261077145113296899,negative,0.003959757192392401
1261077145318809603,negative,0.015510547852352948
1261077145536823296,negative,1.2785995333391286e-05
1261077146749087744,negative,0.0028319620733804336
1261077149521530880,neutral,0.5220402502892152
1261077150867820545,negative,7.041366142478719e-05
1261077159533326337,negative,1.702829182430616e-05
1261077161554911232,negative,0.0024237316996333306
1261077161672310784,negative,0.0075474610772616035
1261077161718484992,negative,0.00012852939972421564
1261077161886322688,negative,0.000363377910428426
1261077163429806080,negative,0.17127907529240805
1261077164239306752,negative,1.5714054156983653e-06
1261077164386136065,negative,0.13503230888990247
1261077166076420102,negative,8.783753498674121e-12
1261077166927863808,negative,0.16051263072565786
1261077169150865409,negative,0.0008947231692723143
1261077169595453446,negative,1.168323151465316e-07
1261077181230440449,negative,0.0028787086176640065
1261077182056726536,neutral,0.5220402502892152
1261077184392896512,negative,0.0036589713509463644
1261077185647050760,negative,7.882474193961591e-07
1261077189111537664,negative,1.3769736611508125e-18
1261077189761609730,negative,2.5361311835561266e-05
1261077190302748674,negative,1.1688675488491042e-05
1261077191225466880,negative,0.22695080687392644
1261077191690989568,negative,0.011393402135437117
1261077196740923392,positive,0.7914261469945912
1261077198171246593,negative,9.302560600542956e-05
1261077198250934278,negative,0.13102526395442005
1261077198750048259,negative,2.2490811778075248e-05
1261077206098423808,negative,0.01218943250057598
1261077207105093633,negative,0.010174755107864973
1261077207671283713,negative,0.175711493882321
1261077208187183104,negative,0.0009165356117336638
1261077209294475265,negative,7.079910461741999e-10
1261077209391026179,negative,1.2123897231999316e-09
1261077209395142656,negative,7.24316253431794e-05
1261077209864900613,neutral,0.5220402502892152
1261077211295219714,negative,0.039919337002767924
1261077212222152704,negative,1.7509028732827146e-06
1261077214189293573,negative,0.029501862203657643
1261077214432550914,negative,7.010429548133357e-11
1261077214633832449,negative,0.00012876659420576065
1261077214893944833,negative,0.005984021141471108
1261077215594319872,negative,0.0046302358251364036
1261077216504545281,negative,0.005984021141471108
1261077219625099264,negative,9.076896689850783e-06
1261077221504020480,negative,1.2190603710031093e-06
1261077222334570496,negative,0.02696870851817406
1261077225618706432,negative,0.00010005665607910725
1261077226008780804,negative,0.0027549313417438224
1261077226516340743,negative,0.0013331125965940825
1261077227954933764,negative,0.00012876659420576065
1261077228458258433,negative,0.012638691194648307
1261077229691437058,negative,0.001332899001809225
1261077230408675329,negative,0.012097002068258715
1261077230672924681,negative,0.00039116172038722
1261077233822826496,negative,7.079910461741999e-10
1261077234162548738,negative,0.21141670138878232
1261077235622121475,negative,2.0004432602658996e-11
1261077237660598273,negative,4.953128570125241e-11
1261077245130670082,neutral,0.36160457763865556
1261077245541654528,negative,0.00026784635485131665
1261077247244541952,negative,7.079910461741999e-10
1261077248075091976,negative,0.009361200791844363
1261077251354918912,negative,3.9869771028722437e-10
1261077252776824833,negative,8.713153599139163e-08
1261077253674467331,negative,4.0516794144215574e-05
1261077254383206400,negative,0.00010639279643169053
1261077256392396800,negative,3.292898937468879e-08
1261077257914892290,negative,0.1329777031430729
1261077261660405762,negative,8.39357242596333e-14
1261077261710745610,negative,0.22695080687392644
1261077268308217856,negative,0.0007162485191839268
1261077270564941824,negative,0.00012137563599968034
1261077272263565313,negative,0.004574659726843717
1261077273278636033,negative,1.6665667097684503e-08
1261077279133835270,negative,4.1855529723169036e-08
1261077282912964610,negative,7.079910461741999e-10
1261077286348099585,negative,1.7436130863935387e-08
1261077288361345026,negative,0.13503230888990247
1261077293469970432,negative,0.05097155942430723
1261077293516099593,negative,0.0003441445391572191
1261077295403618306,negative,7.079910461741999e-10
1261077297529937920,negative,0.0028787086176640065
1261077299484647424,negative,9.076896689850783e-06
1261077331231244288,negative,0.02099430457315537
1261077331965247491,negative,0.015510547852352948
1261077334381285376,negative,0.0007162485191839268
1261077335534600195,negative,0.0026541172258813016
1261077338340687875,negative,0.00018068358085404022
1261077340450443265,negative,0.13503230888990247
1261077340752314369,negative,6.289678924205157e-05
1261077341477974026,negative,0.2348831522469453
1261077341490601985,negative,1.4596825191607952e-08
1261077342698582021,negative,1.1750291349926966e-06
1261077344263036930,negative,8.064303891055954e-11
1261077346410520576,negative,1.03418950761041e-08
1261077346884497408,negative,8.586420992730753e-05
1261077347224215557,negative,0.0003654784323828691
1261077348092465152,negative,0.08627574973049036
1261077348444770306,negative,0.22695080687392644
1261077352815132672,negative,3.642850488934912e-05
1261077353096196110,negative,3.1098233625183e-05
1261077356346855424,negative,7.772321882486797e-07
1261077356950716417,negative,0.04399788882366294
1261077359387717632,negative,2.102051011031429e-07
1261077359836516359,negative,0.13503230888990247
1261077360151011329,negative,0.05938916521414788
1261077360885075978,negative,0.0003828269574066544
1261077363548454912,negative,0.004404164926161911
1261077363586150400,neutral,0.5220402502892152
1261077368711634945,negative,0.3247103146434718
1261077370083184640,negative,6.493541597034975e-05
1261077371307937792,negative,0.0015343753906699531
1261077371534401536,negative,9.943135566239789e-08
1261077371618279424,negative,0.008796447741703399
1261077377993658368,negative,0.002152684963370033
1261077381944655875,negative,0.22695080687392644
1261077382737195010,negative,3.0465169365748483e-07
1261077383290986496,negative,0.0010973279854506852
1261077387258802176,negative,0.012396798139693153
1261077387908984832,negative,1.5714054156983653e-06
1261077388840054784,negative,0.004404164926161911
1261077389045567489,negative,1.9759625562815913e-11
1261077390131974145,negative,7.079910461741999e-10
1261077392870846464,negative,0.0030396659620179627
1261077394527567872,negative,0.22695080687392644
1261077396566028290,negative,0.009467045409062229
1261077398021459968,negative,0.0064846132332707085
1261077399070027777,negative,0.0020488733301124743
1261077402547097600,negative,0.004404164926161911
1261077402714804224,negative,0.0966652008695166
1261077404837085186,negative,5.56470648814517e-05
1261077406485536768,negative,0.02673505522454355
1261077409908109315,negative,0.024968180043273808
1261077411816443905,negative,0.0016919908754845924
1261077412911210497,negative,1.6609085104326648e-05
1261077414383357952,negative,0.17232734253950446
1261077418145701888,negative,0.05816485661965364
1261077418611277834,negative,1.2111561699045306e-09
1261077420557455360,negative,0.020780865462401234
1261077422000222208,negative,7.079910461741999e-10
1261077427075321861,negative,7.896394399547274e-06
1261077431420624902,negative,0.0002488487497902266
1261077433069056001,negative,7.414315477567992e-09
1261077433492611078,negative,0.00012876659420576065
1261077435711356928,negative,9.16667412771467e-05
1261077437078700033,negative,8.824487487300377e-05
1261077441130487811,negative,7.927050932005269e-05
1261077443819036672,negative,0.22695080687392644
1261077445144465411,positive,0.9874203192860403
1261077445450633218,negative,0.006761081285921456
1261077446356602880,negative,0.004574659726843717
1261077447178625026,negative,0.0008947231692723143
1261077448160149505,negative,0.005707562248354057
1261077448608886785,negative,0.0035253354895114324
1261077453327515656,negative,0.006761081285921456
1261077455055532032,negative,8.93374813267254e-10
1261077455282016258,negative,2.6339693008165174e-09
1261077455726678017,neutral,0.40218216750191166
1261077459274997765,negative,6.395541006303347e-11
1261077462492028928,neutral,0.49789225920557484
1261077463884496904,negative,0.021006580745907704
1261077464488595457,negative,1.1627912914095954e-07
1261077468246671360,negative,0.08052455503862699
1261077469911810049,negative,7.079910461741999e-10
1261077478837301248,negative,1.1661748569931112e-07
1261077483421675528,negative,2.1833483501088596e-06
1261077485334257666,negative,0.0013870021489394409
1261077489650216962,neutral,0.5768286645533268
1261077493177618433,neutral,0.5178552636567064
1261077494624641025,negative,4.0827847561604767e-07
1261077494674993152,negative,0.004404164926161911
1261077496205848576,negative,0.039919337002767924
1261077497917116418,negative,0.012427230760374226
1261077498114252800,negative,0.004404164926161911
1261077499779350528,negative,1.5910694757458042e-09
1261077500622442497,negative,6.81061843220684e-07
1261077545904230400,negative,0.0006149946184115155
1261077546466230273,neutral,0.5220402502892152
1261077546923253760,negative,0.00012844443163111192
1261077547372220418,negative,0.018809264202469072
1261077547493855232,negative,3.0453076889337123e-07
1261077547699310593,negative,0.004404164926161911
1261077550694051842,negative,0.025537082973832163
1261077555999846400,negative,0.015176364311547274
1261077556880715780,negative,8.176370644039143e-11
1261077559279828992,negative,0.039919337002767924
1261077559283978242,negative,0.004404164926161911
1261077559284039680,negative,7.1570114090461335e-09
1261077559418159104,negative,6.895368039640322e-05
1261077562069000194,neutral,0.47606208253178806
1261077563369238528,negative,0.0576651170069417
1261077564547895297,negative,0.13646205287930016
1261077566720561154,negative,4.849395116609301e-06
1261077566993190914,negative,0.039919337002767924
1261077568977018880,neutral,0.41061163743838813
1261077569224523776,neutral,0.46619979864157096
1261077569719410688,negative,0.004404164926161911
1261077571967619072,neutral,0.3774177231051936
1261077572693213184,negative,0.05531233214193472
1261077577185320960,negative,0.0211888021933958
1261077579110461440,negative,0.032752173730878215
1261077581752930304,negative,0.01998013381499921
1261077581971034113,negative,0.04166331373746916
1261077582407036928,negative,0.11506561529136326
1261077582608547842,negative,0.00017560714716767221
1261077582705037315,negative,0.08316265968854528
1261077585175416832,negative,0.20795652270741308
1261077585833975816,negative,6.438720657251428e-12
1261077586291175425,negative,0.0001144380886502204
1261077587213852674,negative,0.004404164926161911
1261077587679498242,negative,0.0005745553962623212
1261077588329594882,negative,0.11291208618858474
1261077588396605440,negative,1.0238652507838137e-07
1261077590493855752,negative,1.4881916866675143e-05
1261077590590189568,negative,2.539727027566459e-06
1261077590611300356,negative,0.004536346949844501
1261077593710891008,negative,4.781530702498267e-06
1261077595690602497,negative,6.029873028103069e-05
1261077598572085248,negative,0.08577859342936822
1261077598731472898,negative,0.00046554565477769836
1261077600677572612,negative,5.361539064813945e-05
1261077603726831616,negative,0.0009540716658031605
1261077604355932160,negative,0.00015592373710504072
1261077605014528000,negative,0.011393402135437117
1261077607765983233,negative,2.66482391058732e-09
1261077607904395264,negative,0.0027427922754330223
1261077610232152067,negative,0.0029104892508893415
1261077614493663234,negative,0.006814895516182078
1261077615076614149,negative,0.11506561529136326
1261077616360148993,negative,5.843064787480084e-06
1261077617245147138,negative,0.0035253354895114324
1261077617773510658,negative,4.296617488472807e-09
1261077617865822208,negative,0.0010126924409105404
1261077617941385220,negative,0.004404164926161911
1261077618142728192,negative,0.004404164926161911
1261077619317104641,negative,3.508104605124234e-05
1261077619631632394,negative,0.004731652453037856
1261077619728146435,negative,2.4537646826168944e-07
1261077619895910400,negative,0.0013878337791511865
1261077621175181319,negative,0.004574659726843717
1261077622836076545,negative,2.0820520996663585e-07
1261077623821733888,negative,1.702829182430616e-05
1261077624891363329,negative,0.0006245314976442578
1261077628154531842,negative,1.9201263567033102e-05
1261077629282799616,negative,2.2632827254482096e-05
1261077631107313666,negative,0.005984021141471108
1261077634546573317,negative,0.15377764140074288
1261077638673727493,negative,0.00013680086550097565
1261077642968739840,negative,5.116406605040481e-05
1261077645078466562,negative,0.05123214085171228
1261077645644660737,negative,0.020040979935042672
1261077647511228416,negative,4.968152400501759e-09
1261077649268658177,negative,0.002152684963370033
1261077651286081540,negative,0.039919337002767924
1261077651487408128,negative,0.0001045927987783121
1261077652355649537,negative,0.0003344937433185373
1261077654796722176,negative,0.06029980100640715
1261077655027355648,negative,0.0018485899747771144
1261077656730140672,negative,0.02955132970804138
1261077659636899842,neutral,0.5220402502892152
1261077659779465216,negative,0.010434078929443204
1261077659955625984,negative,4.673601364454317e-09
1261077661646041088,negative,0.004574659726843717
1261077661994139650,negative,0.0005307092652582561
1261077662119989248,negative,2.582385818504138e-09
1261077664716242944,negative,0.13102526395442005
1261077673490681856,negative,0.00016336111554587953
1261077673583009792,negative,0.10832564713086004
1261077673712984065,negative,1.3993238826740446e-08
1261077681778634752,negative,0.004574659726843717
1261077684785946636,negative,7.068593508603966e-10
1261077689705922560,negative,0.0001947773628885694
1261077689718444038,positive,0.9999982934557816
1261077691870126080,negative,0.1264232979680446
1261077697477980166,neutral,0.5220402502892152
1261077698291666954,negative,0.02673505522454355
1261077700858597378,negative,0.009371963101437241
1261077701609357315,negative,7.079910461741999e-10
1261077702653685760,negative,0.04265365611357033
1261077746006077441,negative,6.083955632136759e-05
1261077746035363840,negative,0.22695080687392644
1261077748027723777,negative,0.0009570443093856792
1261077751429242883,negative,0.039919337002767924
1261077754830823424,negative,0.0022604448169738747
1261077755002867712,negative,1.4947050837983696e-06
1261077759910166535,negative,0.004404164926161911
1261077762418368523,negative,0.1696680743494591
1261077762737127425,negative,0.00039116172038722
1261077764062564353,negative,0.3085943572471467
1261077766675587072,negative,0.039919337002767924
1261077766692384768,negative,1.4000587967704528e-05
1261077766914674692,negative,0.034461945251911395
1261077768705576962,negative,2.7180993308113963e-06
1261077770349707265,negative,0.01998013381499921
1261077773218713602,negative,0.001670952467300209
1261077776930611200,negative,4.447683248518289e-05
1261077777207484416,negative,4.190443137499475e-05
1261077778826477580,negative,1.5325849171678197e-09
1261077786346872834,negative,0.010434078929443204
1261077787076632577,negative,2.9122340844456754e-05
1261077787357728770,negative,0.004884081407358386
1261077790646046720,negative,0.0011798377431826376
1261077793695203339,negative,0.004894203727382066
1261077794328633344,positive,0.9267153843337227
1261077797797232642,negative,0.00864094202715849
1261077799655407616,negative,0.0006149946184115155
1261077799785451520,negative,0.004404164926161911
1261077799978352641,negative,1.5714054156983653e-06
1261077800561315840,negative,0.01998013381499921
1261077801391849472,negative,0.023317553611169183
1261077811357515776,negative,0.001670952467300209
1261077811789549568,neutral,0.35037246870997213
1261077814763282434,negative,0.009106022450375078
1261077814834614272,negative,6.026251600899198e-06
1261077819788079110,negative,0.11291208618858474
1261077820526166017,negative,1.959698180417146e-08
1261077820975046662,negative,0.0005094070378587528
1261077828461834242,negative,2.581137345754825e-10
1261077840516218881,positive,0.9193862936909506
1261077841871077377,negative,0.0021768941822513216
1261077845008359424,negative,0.055875922800291654
1261077848758108165,negative,0.04684776960203396
1261077849026564104,negative,0.006590804815813983
1261077849219510277,negative,0.00010639279643169053
1261077849760567306,negative,6.039749553297235e-06
1261077851299819521,negative,0.00021556797441667948
1261077855091544064,negative,0.002980855920313905
1261077856714719240,negative,0.018588598971709423
1261077859805863936,negative,0.1717123296376052
1261077861311696902,negative,0.026494842977888115
1261077862632828930,negative,1.2186152174772139e-05
1261077863131996160,negative,0.0026541172258813016
1261077863622639621,negative,4.605380305289592e-06
1261077865468170245,negative,0.02504650335613266
1261077867414388737,negative,0.01998013381499921
1261077867787702273,negative,0.23315500156433486
1261077869964517376,negative,0.13503230888990247
1261077874897047557,negative,0.004574659726843717
1261077877363277824,negative,0.0002635214888665313
1261077877401038848,negative,0.012541809553293148
1261077879321919490,neutral,0.40894589973255985
1261077880282456073,negative,4.0516794144215574e-05
1261077880513212421,negative,0.011653687893068478
1261077880785776640,negative,0.0027850501643003735
1261077880907456518,negative,4.047715210543174e-06
1261077883742760965,negative,0.0022470489145277515
1261077884418035713,negative,0.20771934817642312
1261077886045499393,negative,0.02404766013252184
1261077887073083392,negative,0.03806920897505817
1261077887689646080,negative,0.0006503790941682426
1261077888608198656,negative,0.2952608259372005
1261077889589694464,negative,6.327826578580869e-12
1261077889816170496,negative,0.0015343753906699531
1261077890223026176,negative,6.289678924205157e-05
1261077892605362176,negative,2.4455981377890575e-08
1261079148908462080,neutral,0.37624146073606246
1261079149428572163,negative,7.772321882486797e-07
1261079149776699393,positive,0.8824648677359093
1261079150263177221,negative,8.038159315396891e-05
1261079150749724676,negative,0.11361238598919533
1261079151861252097,negative,5.236792523115833e-08
1261079152377159690,neutral,0.5656329908927105
1261079154268741638,negative,0.00041948426496034096
1261079155703255041,negative,0.0021768941822513216
1261079156395315204,negative,0.01399513734048216
1261079157238267905,negative,0.029778228942534117
1261079157892620289,negative,0.00452163158819495
1261079159226486792,negative,0.0020488733301124743
1261079159423610880,negative,7.444493310261465e-05
1261079165006217218,negative,0.0681154460983329
1261079165421457408,negative,4.047715210543174e-06
1261079165429854209,negative,0.0010056181206633719
1261079166839074816,negative,7.079910461741999e-10
1261079169347268608,negative,0.006079988633145356
1261079170790100992,negative,9.739849853394243e-06
1261079172585144320,negative,0.006057219902006074
1261079172635656194,negative,1.6772442417808888e-05
1261079174183301122,negative,0.0028787086176640065
1261079174527234060,negative,0.0002521780855270252
1261079180684517379,negative,0.0006149946184115155
1261079184937492482,negative,5.291630293610489e-05
1261079185751068674,negative,0.0809452273489317
1261079186007089155,negative,3.577588735847545e-13
1261079186233532418,negative,1.068914885783249e-07
1261079194093654018,negative,0.01806554537901778
1261079197235195904,negative,2.5702757194546005e-11
1261079198149619713,negative,0.001670952467300209
1261079200712273920,negative,0.009888115581978685
1261079202390048768,negative,0.006761081285921456
1261079203493089282,negative,0.15534521975304685
1261079207783923719,negative,0.13503230888990247
1261079208475885568,negative,0.0004904279202972449
1261079209444888576,negative,1.1098702140453084e-05
1261079209935585280,negative,0.006558514797022187
1261079212452204545,negative,0.00021316251720734992
1261079212817088513,negative,4.047715210543174e-06
1261079214410862592,negative,0.0004708573649433242
1261079214457061382,negative,0.002152684963370033
1261079217476898819,negative,3.2347017657351104e-09
1261079217686675457,negative,0.00033813376895531675
1261079218760400897,negative,5.3124082346385304e-14
1261079220098404353,negative,0.0026541172258813016
1261079220505190400,negative,0.00040682970844826147
1261079220882755586,negative,1.702829182430616e-05
1261079222556246017,negative,3.909401147632416e-06
1261079223923589122,negative,5.234093433400171e-08
1261079225576165382,negative,0.006590804815813983
1261079225576173568,negative,0.005984021141471108
1261079229745319937,negative,4.804620007480457e-06
1261079232006012928,negative,0.16702919869799512
1261079234153517061,negative,0.13503230888990247
1261079234396684288,negative,0.04684776960203396
1261079235042648071,negative,0.0028319620733804336
1261079235256561665,negative,1.702829182430616e-05
1261079237102108674,negative,0.13503230888990247
1261079237274017793,negative,5.242050126845098e-07
1261079239702589440,negative,0.0018031749805644476
1261079244572184584,negative,0.0001255348839739971
1261079244769296385,negative,0.008796447741703399
1261079245402578952,negative,0.000677651626402474
1261079246317015042,neutral,0.4179173487111876
1261079246925160448,negative,9.70508291170024e-05
1261079248082800640,negative,0.22695080687392644
1261079250804920320,negative,4.296617488472807e-09
1261079251220148233,negative,3.6438347123996016e-06
1261079253380194306,negative,2.513302783317047e-05
1261079258904104960,negative,0.04733776926006163
1261079260229500930,positive,0.8968402194907663
1261079263672963072,negative,0.15377764140074288
1261079264046309376,negative,0.0028787086176640065
1261079272397160449,negative,0.045826574873140104
1261079275442245636,negative,0.0013371937430098756
1261079275937161216,negative,3.971354099087156e-05
1261079278214623233,negative,0.0015496504388419145
1261079283398819841,negative,1.6609085104326648e-05
1261079291267289088,negative,0.13503230888990247
1261079291837767682,negative,0.0010126924409105404
1261079293091815436,negative,2.3980752299855342e-11
1261079294534578179,negative,0.02877227281153365
1261079295625179138,negative,7.079910461741999e-10
1261079296631767041,negative,2.5652927191000045e-05
1261079298812846082,negative,0.016166088993621718
1261079299219697666,negative,0.0003416942721993384
1261079299349712899,negative,0.0026541172258813016
1261079300285050881,negative,0.006590804815813983
1261079343419330561,negative,5.7417445381304126e-05
1261079346812510210,positive,0.696531730562957
1261079347139616780,negative,0.014994463887495027
1261079348121153537,negative,7.079910461741999e-10
1261079350964891650,positive,0.8089443207695687
1261079351145246720,negative,0.001537975700826857
1261079353905090561,negative,0.03043573946000427
1261079354471256065,positive,0.8545589029801142
1261079354722988036,negative,2.8418214255101646e-07
1261079355813478402,negative,0.31630284129450825
1261079357696757761,negative,1.0454269034552604e-12
1261079361140203521,negative,4.439230459072246e-12
1261079361719095303,negative,9.076896689850783e-06
1261079365007310848,negative,0.017267906517041503
1261079369361039360,negative,4.047715210543174e-06
1261079370858455040,negative,0.0037381754249546026
1261079371382697984,negative,0.0006149946184115155
1261079375040016384,negative,0.0026810382046072
1261079375690244100,negative,6.704529384096148e-05
1261079380618555392,negative,0.003336763896638561
1261079381696544768,negative,1.7838180688455278e-05
1261079383357501440,negative,0.004404164926161911
1261079383990767617,negative,0.00010774990531624673
1261079385827880960,negative,0.00025811480488180556
1261079387996409859,neutral,0.37246490436791174
1261079391167266816,negative,0.011393402135437117
1261079391230201862,negative,5.201260589244828e-08
1261079392954003457,positive,0.8948060517912205
1261079393654517765,negative,9.076896689850783e-06
1261079398062723072,negative,0.03608055505586594
1261079400856117250,negative,0.0017060630950452343
1261079401036419072,negative,2.4521946381281805e-06
1261079401229418496,negative,2.8079573851165335e-06
1261079401980145667,negative,8.675260526146111e-06
1261079403464925184,neutral,0.46127768308170247
1261079404228284420,negative,0.009888115581978685
1261079404836503552,negative,9.227259435103951e-05
1261079405297836032,negative,0.11213367452509657
1261079405687865345,negative,7.323092794213832e-09
1261079406258401280,negative,1.5714054156983653e-06
1261079406572953601,negative,0.002152684963370033
1261079406577139715,negative,0.002061402506684424
1261079408212836355,negative,0.00012876659420576065
1261079408477118465,negative,0.02451551060409397
1261079410708537344,negative,0.0024203501997905434
1261079411337711616,positive,0.9874203192860403
1261079412344266758,negative,0.00012579576503334564
1261079414131118086,negative,0.09628368348701496
1261079422419062785,negative,0.001805731921334972
1261079424105099264,negative,3.508104605124234e-05
1261079424801345536,negative,0.0013745952291849565
1261079424923025412,negative,0.00139580919253319
1261079425447268352,negative,4.047715210543174e-06
1261079429087977472,negative,0.039919337002767924
1261079429285060611,negative,4.683644771325067e-12
1261079430530826241,neutral,0.36160457763865556
1261079430543400964,negative,1.702829182430616e-05
1261079432766410758,negative,7.079910461741999e-10
1261079435698208769,negative,0.0018048674847499413
1261079436272766976,neutral,0.48960800718787706
1261079438130851840,negative,9.97540980587758e-07
1261079439389208577,negative,0.11787800957443581
1261079440529993729,negative,0.01904975172534304
1261079442463612928,negative,6.154066611729051e-07
1261079443487014912,negative,0.0027850501643003735
1261079446251098112,negative,0.0010126924409105404
1261079448318861313,negative,8.038159315396891e-05
1261079449145094145,negative,6.989952613998339e-05
1261079449224839169,negative,2.0120349995956543e-06
1261079449828720642,negative,0.13503230888990247
1261079452265611276,negative,0.1485381755055025
1261079453385588737,negative,0.0003601864495642521
1261079457680502784,negative,0.006761081285921456
1261079458456514560,negative,1.1098702140453084e-05
1261079458590711812,negative,0.0023916139788922497
1261079466513707008,negative,4.973082903630832e-07
1261079467843256320,negative,0.0022982392877992693
1261079469227413504,negative,0.002887341114036138
1261079469277708288,negative,0.0028787086176640065
1261079469520977922,neutral,0.5220402502892152
1261079472184463360,negative,7.079910461741999e-10
1261079476852723713,negative,0.0010932315619946262
1261079479415439366,negative,0.002760868026468073
1261079479436423169,neutral,0.5178552636567064
1261079485329350657,neutral,0.5806841647917775
1261079487745155073,negative,0.09364824654073918
1261079487766298635,negative,0.000780897889610886
1261079491461427200,negative,0.05179363580175775
1261079493495660544,negative,0.006254562023421355
1261079498054930438,negative,0.00027402385256114004
1261079498583400449,negative,2.0388102937205304e-05
1261079502458892296,negative,0.00047875991412418004
1261079504803508224,negative,0.01904975172534304
1261079505826971648,negative,0.001765008490632222
1261079506691010561,neutral,0.5220402502892152
1261079509232758786,negative,0.01998013381499921
1261079530812383233,negative,2.079511884677447e-06
1261079531265445888,negative,4.296617488472807e-09
1261079533018648579,negative,0.027379349970354162
1261079533119320064,neutral,0.4179173487111876
1261079535606513666,negative,1.0877432198433387e-09
1261079539192598529,negative,0.023840182332841346
1261079540941586432,negative,0.0010203871677638265
1261079545995825154,negative,2.3014684374794657e-09
1261079548508221442,negative,0.052961000164463666
1261079549267390469,negative,1.702829182430616e-05
1261079550219431939,negative,2.5652927191000045e-05
1261079555999227904,negative,8.702214065163259e-06
1261079556657680384,neutral,0.33974440647945064
1261079556741611526,neutral,0.4199591609992042
1261079557228171265,negative,0.0021768941822513216
1261079557781815298,negative,0.020040979935042672
1261079561237860352,negative,4.501125710580017e-09
1261079563301355520,negative,0.13503230888990247
1261079566766018560,negative,0.012802566652821635
1261079572977762306,negative,1.702829182430616e-05
1261079573011324928,negative,0.0016600463852801802
1261079573648850949,negative,0.0026541172258813016
1261079573904703488,neutral,0.5220402502892152
1261079574567424002,negative,3.612073815071992e-05
1261079576706519041,negative,7.311202345644889e-06
1261079577700564993,negative,0.0026541172258813016
1261079578010882051,positive,0.9944791050081849
1261079578287587328,positive,0.9944791050081849
1261079579617263617,negative,8.510275909289998e-07
1261079580770787335,negative,0.0009540716658031605
1261079581991342087,negative,0.0005307092652582561
1261079582993678341,negative,0.16453553701516313
1261079594641362944,negative,0.1485381755055025
1261079596520419329,negative,0.000516285459446136
1261079596885303296,positive,0.9944791050081849
1261079602874761219,neutral,0.4898631585877994
1261079604732801030,negative,0.005984021141471108
1261079607677194240,negative,0.27513417248201427
1261079608864227328,negative,4.2088532174476624e-07
1261079609027723264,negative,0.13503230888990247
1261079610416082945,negative,7.260960453394451e-13
1261079610449592322,positive,0.8033001807833607
1261079610877448194,negative,5.323636906919063e-07
1261079612307705856,negative,1.2281098374593168e-05
1261079620293742592,negative,0.22695080687392644
1261079620864086016,negative,0.029778228942534117
1261079623070298122,negative,5.114988338863302e-10
1261079623259115520,neutral,0.6437083580862986
1261079624127328256,negative,0.039919337002767924
1261079624752271360,negative,0.00041940718309560726
1261079627403071490,negative,0.12000302556827035
1261079627533090819,negative,0.005707562248354057
1261079631542788098,negative,7.542848273568622e-08
1261079632654336000,negative,1.0477569292694082e-06
1261079638467588096,negative,0.027474140796691623
1261079639671410694,negative,0.22695080687392644
1261079644658446338,negative,0.006761081285921456
1261079646235287555,negative,0.06549236838440162
1261079646310989826,negative,0.005984021141471108
1261079646344548353,negative,0.004884081407358386
1261079646436720644,negative,1.6757349223418144e-06
1261079649465110528,negative,0.22695080687392644
1261079652023635969,negative,0.00038957816671604214
1261079654976405506,negative,9.853966646640835e-05
1261079655894966273,negative,5.234345532380972e-10
1261079656075276288,negative,9.242185538826962e-09
1261079661544644610,negative,0.0035143667045182334
1261079662219931654,negative,0.0015343753906699531
1261079666028314626,negative,0.06837999045618855
1261079668209397765,negative,0.005984021141471108
1261079670092640257,neutral,0.4898631585877994
1261079671531343873,negative,0.011393402135437117
1261079676870631425,negative,0.026631755677714346
1261079678720368641,negative,0.2952608259372005
1261079680695898113,negative,0.014629955048637228
1261079680997867520,negative,6.796840713058716e-07
1261079683795423233,negative,6.230368911218094e-11
1261079684336496646,negative,0.024476944027248353
1261079685242318848,negative,0.0014956709732391318
1261079685473153025,negative,0.00086911635245464
1261079688979656704,negative,0.011393402135437117
1261079691022274563,negative,7.10414331236486e-07
1261079691542364162,negative,8.140894315730264e-05
1261079692423106568,negative,0.0026017414861760316
1261079695556296704,neutral,0.5806841647917775
1261079695807971329,negative,0.0002661831856361145
1261079696407777288,negative,0.012427230760374226
1261079699817725953,neutral,0.5220402502892152
1261079700203503616,negative,0.0020488733301124743
1261079703319916544,negative,0.00010841030536850805
1261079703554752515,negative,0.001076694703561392
1261079703756189696,negative,1.946328298447688e-05
1261079704028811265,negative,0.006761081285921456
1261079707002589185,negative,0.051171008723590115
1261079709116518400,negative,0.00016805958893288442
1261079740548603906,negative,0.010234540457309264
1261079740728905740,negative,7.079910461741999e-10
1261079744977801216,negative,0.0003865785300040147
1261079745825030144,negative,0.012802566652821635
1261079747158818816,negative,0.0017696349142155275
1261079749646049288,negative,0.00020445369124663543
1261079750937894914,negative,5.750355110436498e-10
1261079751474778112,negative,0.01855141269715998
1261079755572609024,negative,1.0084239451119494e-09
1261079755975163904,negative,0.0003865785300040147
1261079757602553857,negative,0.039919337002767924
1261079757950791685,negative,5.7417445381304126e-05
1261079759989231618,negative,0.0002648692531256971
1261079760026902532,negative,0.0002387341577363385
1261079763789254658,negative,0.029778228942534117
1261079765001306113,negative,0.00561238418397867
1261079766175711233,negative,0.039919337002767924
1261079774878990336,negative,1.3204849375950951e-08
1261079776720236546,negative,0.0007043166337077866
1261079778515451905,negative,0.00016047107449341998
1261079783225667591,negative,2.4907188884127546e-09
1261079784882425865,negative,0.0022109754122908547
1261079786899869696,negative,0.044218354188319854
1261079787700916224,negative,2.0096468668327114e-05
1261079788091068416,negative,0.01998013381499921
1261079788132995073,negative,6.7366100182357e-06
1261079788741066753,negative,7.079910461741999e-10
1261079789684895746,negative,4.047715210543174e-06
1261079790913716232,negative,0.0028787086176640065
1261079791148695553,negative,0.0030601652472931123
1261079793279401984,neutral,0.5220402502892152
1261079796773081091,negative,0.047439252060694374
1261079799692505090,neutral,0.5023152003573491
1261079800560615430,negative,2.830042043813599e-07
1261079800707534848,negative,0.04684776960203396
1261079801026285570,negative,0.004404164926161911
1261079801621872641,negative,0.05732666582304056
1261079802183856128,negative,0.13503230888990247
1261079807934312449,negative,0.207416542809334
1261079811897901056,negative,0.011393402135437117
1261079813906989056,negative,0.002061402506684424
1261079814284414978,negative,0.016342258241471765
1261079814515183616,negative,0.0037761653127149166
1261079817077886977,negative,0.13646205287930016
1261079818092806146,negative,2.142168818841495e-11
1261079818193514496,negative,0.00010639279643169053
1261079819430887424,negative,0.20310095265138053
1261079820215226373,negative,1.702829182430616e-05
1261079820454301696,negative,0.0006999560329234945
1261079822010331140,negative,7.714785091199185e-06
1261079823365148677,negative,9.076896689850783e-06
1261079824736628742,negative,0.00033427585911044574
1261079824862523394,negative,5.395925015427749e-06
1261079826091446272,negative,0.005984021141471108
1261079830440939520,negative,0.015468687571312546
1261079832395419649,negative,0.0002488487497902266
1261079834572263424,negative,0.1485381755055025
1261079835096559617,negative,0.11506561529136326
1261079835247407104,negative,8.213179633122511e-05
1261079835998388224,negative,4.5675729721601266e-05
1261079836417720321,negative,0.0022761412223872347
1261079840280784898,negative,5.440995794946099e-12
1261079842705022978,negative,0.03214453646981026
1261079845234077696,negative,0.00538434179339722
1261079847964749827,negative,8.87220339044421e-07
1261079848606412800,negative,0.04808220920669235
1261079848874921985,negative,0.0009384035421782039
1261079849596305408,neutral,0.5220402502892152
1261079849659240448,negative,4.96599604503252e-06
1261079850242256896,negative,0.001195074737081859
1261079850418307078,negative,0.001195074737081859
1261079851982782468,negative,0.011393402135437117
1261079852825948160,negative,0.012427230760374226
1261079853304090624,negative,0.0028787086176640065
1261079855116029953,negative,0.012147636335812746
1261079863861170180,negative,0.18238971728907083
1261079867493359616,negative,0.0015343753906699531
1261079868105768961,negative,0.0002672043040595678
1261079868315500545,negative,0.0002383891114272162
1261079868827144193,negative,0.010687993579614242
1261079869754138627,negative,0.006761081285921456
1261079869859024896,negative,1.1319810791531954e-06
1261079872077774851,negative,0.2814623313707707
1261079873440841728,negative,2.771175996031279e-06
1261079873558401024,negative,2.5907030165632662e-08
1261079874019766272,negative,0.00619833889740389
1261079877765287936,negative,0.0035253354895114324
1261079879975649282,negative,0.039919337002767924
1261079880835518464,negative,0.0028787086176640065
1261079885159608320,negative,1.777783442791356e-07
1261079885939970053,negative,0.039919337002767924
1261079891036037121,negative,0.0003865785300040147
1261079891400933377,negative,0.01998013381499921
1261079892977991683,negative,0.16112438517276484
1261079895813300225,negative,0.0008565272304206962
1261079896182456321,negative,0.0002488487497902266
1261079896719347713,negative,2.9624999872622e-06
1261079897138741248,negative,0.011393402135437117
1261079898459947013,negative,1.237144744955853e-06
1261079904109637633,negative,0.00016890365786137893
1261079904952737795,negative,0.0001688339516514904
1261079904990478336,negative,0.013034375270297329
1261079926230450178,negative,0.014820146441769282
1261079933574660097,negative,0.019146036601735073
1261079934124077064,negative,1.920588061228648e-05
1261079935558483969,negative,0.0024237316996333306
1261079938934898691,negative,0.01423139665763657
1261079941472534531,negative,1.9636155543702446e-05
1261079942403633153,negative,0.0011798377431826376
1261079945742356482,negative,0.040772936939489246
1261079946484645889,negative,0.00012844443163111192
1261079947776536577,negative,5.311849947662697e-06
1261079949588348928,negative,0.27513417248201427
1261079951593349121,negative,0.012427230760374226
1261079954214789120,negative,5.395925015427749e-06
1261079954919501828,negative,0.009718039849162724
1261079955175346181,negative,1.1670830957532404e-06
1261079958480396292,negative,0.23747281187922975
1261079958807556097,negative,0.27766031651516393
1261079959021461504,negative,0.1504937912197808
1261079961726857217,negative,0.01998013381499921
1261079963127726080,negative,0.027374611326597624
1261079964083990531,negative,7.079910461741999e-10
1261079966533537798,negative,0.0004625009381221471
1261079966663561223,negative,0.12179860448947555
1261079967485636615,negative,8.038159315396891e-05
1261079971382124553,negative,0.045103492563594076
1261079977048580104,negative,5.323615873952041e-06
1261079979271561216,negative,0.006761081285921456
1261079980227821570,negative,3.861685796935627e-05
1261079981725298695,neutral,0.5220402502892152
1261079982098522113,negative,2.5014672825942477e-05
1261079984401035270,negative,1.0726879479301965e-06
1261079985948971008,negative,0.004894203727382066
1261079989258194948,positive,0.8024012710073155
1261079991984537602,neutral,0.5220402502892152
1261079996979953664,negative,6.679575046880974e-08
1261079996996689921,negative,0.00012293341479779215
1261080000540934147,negative,0.010064064740355549
1261080002424160262,positive,0.9944791050081849
1261080004651352070,positive,0.8837099252587886
1261080006056382468,negative,3.7035457192897744e-05
1261080006786195456,negative,5.488183717459537e-07
1261080007218270210,negative,9.163609721018966e-08
1261080007222464515,negative,0.00016350837748921085
1261080009084743681,negative,0.0009165356117336638
1261080009965436928,negative,1.087012726132184e-12
1261080012524081153,negative,0.0010170779239884154
1261080012754694145,positive,0.8837099252587886
1261080016596504582,negative,3.04736699141992e-09
1261080017741676549,neutral,0.5220402502892152
1261080020962799616,negative,0.0008294615822068522
1261080022250594315,negative,0.07439167197574575
1261080022296788992,negative,0.012802566652821635
1261080022347067398,negative,0.00010030082399703297
1261080027434815494,negative,0.009888115581978685
1261080031272546304,negative,0.001794685143255394
1261080037547225090,negative,0.002152684963370033
1261080037958340609,positive,0.9546896082784294
1261080039073906691,negative,2.3099975231920277e-14
1261080041800249345,negative,0.2068829595572157
1261080045919129600,negative,3.397162060430414e-08
1261080046384668672,neutral,0.6508556148594659
1261080046623735810,negative,0.11871722092803504
1261080047508692992,negative,4.047715210543174e-06
1261080050738368513,negative,0.020040979935042672
1261080054555185153,neutral,0.3909938844444388
1261080054668365829,negative,1.3573510652440332e-05
1261080055511474177,negative,0.01998013381499921
1261080056740315139,negative,7.079910461741999e-10
1261080062448803840,negative,0.015592998395452919
1261080067142230016,negative,1.2175706256917098e-05
1261080067259711489,negative,0.12179860448947555
1261080067859456001,negative,0.003428455882260279
1261080068497051654,negative,1.753889639959558e-06
1261080073723162627,negative,0.001426704178584141
1261080075744747520,negative,0.008796447741703399
1261080078945005568,negative,8.713153599139163e-08
1261080080526295041,negative,0.013028279743531292
1261080084263448577,negative,0.000726496893795919
1261080085773287425,negative,0.0006041620893172287
1261080086587092993,negative,3.6801924005658175e-10
1261080116874170370,negative,0.004884081407358386
1261080118140833792,negative,0.00016485950419174557
1261080120988700674,negative,0.140568990642386
1261080121257140224,negative,0.0001319306994609908
1261080121542393859,negative,0.0011798377431826376
1261080125287936000,negative,2.5976711811982965e-10
1261080126923694085,negative,0.0003219973368309052
1261080129742274565,negative,0.004004247354257801
1261080135261925376,negative,0.005984021141471108
1261080135454855168,negative,0.002152684963370033
1261080138617413634,positive,0.9022376103413164
1261080140592840704,negative,6.766521053196614e-10
1261080146611769347,negative,0.001079435996630425
1261080148654403594,negative,0.0009540716658031605
1261080148822183940,negative,0.03725935962190169
1261080150038511618,negative,2.4652981505490952e-08
1261080151879823360,negative,0.07662430576195807
1261080157609177088,negative,0.010135463941697521
1261080159949598721,negative,0.31820487300311295
1261080164689154048,negative,0.13503230888990247
1261080166828302337,negative,0.031116131288417365
1261080167851712514,negative,0.014954664284912779
1261080171949539328,neutral,0.433101916476703
1261080172377374720,negative,0.0009540716658031605
1261080172872204288,negative,0.012802566652821635
1261080172905840640,negative,0.22695080687392644
1261080175502151688,negative,7.079910461741999e-10
1261080175778938882,negative,0.0035253354895114324
1261080177586647041,negative,0.045826574873140104
1261080177746075655,negative,1.1480800071055396e-07
1261080178425499649,negative,0.018588598971709423
1261080179297959936,negative,2.4270032876999754e-15
1261080188017954816,negative,0.004416802955738171
1261080188953247744,negative,0.03214453646981026
1261080190454845441,negative,0.002295607373833855
1261080190693883909,negative,1.0917364484217885e-10
1261080191205597184,negative,0.0028787086176640065
1261080191943704577,negative,0.0022470489145277515
1261080194997198853,negative,0.163423954294378
1261080203218096129,negative,0.0020899209249256095
1261080204023402496,negative,7.079910461741999e-10
1261080204212125696,negative,7.567063145541324e-06
1261080204946157570,negative,0.00010005665607910725
1261080205281591298,negative,0.08563428771476056
1261080206917451777,negative,0.0010393342569880218
1261080207936585734,negative,6.289678924205157e-05
1261080208603521027,neutral,0.5220402502892152
1261080215683555330,negative,3.1230705916378115e-06
1261080215998136322,negative,1.9584062803768827e-07
1261080218380492802,negative,6.117352337306748e-06
1261080219605139458,negative,0.0037381754249546026
1261080221362655232,negative,0.13503230888990247
1261080225871466497,negative,0.16084505748012426
1261080230296457217,negative,0.039919337002767924
1261080231395430400,negative,0.06766491991119071
1261080231693242369,negative,0.0015343753906699531
1261080233119223813,negative,0.019342467607309868
1261080237544296448,negative,2.4521946381281805e-06
1261080239389761536,neutral,0.5220402502892152
1261080244116742144,negative,0.17667481943702065
1261080244812943360,negative,0.0035460518727269486
1261080246968860678,negative,0.006761081285921456
1261080247501496325,neutral,0.3860930706071758
1261080247711051777,negative,0.013034375270297329
1261080247740567552,neutral,0.49789225920557484
1261080250643091457,negative,1.702829182430616e-05
1261080251100278789,negative,1.1559295475007296e-05
1261080252174000128,negative,0.23570838497027097
1261080252819943425,negative,0.03214453646981026
1261080253532983297,negative,0.03214453646981026
1261080255684632577,negative,7.200224147176035e-13
1261080256443813889,negative,0.12179860448947555
1261080260222820353,negative,0.00043989980985123403
1261080261703409665,negative,0.0028787086176640065
1261080262944980993,negative,0.006761081285921456
1261080264429776897,negative,0.15377764140074288
1261080269672644608,negative,0.0013725499243688692
1261080270645665794,negative,7.079910461741999e-10
1261080271480381440,positive,0.6667751998926995
1261080271698432000,negative,0.005317720098547081
1261080274273787904,negative,0.000994033783137852
1261080275968307203,negative,0.023840182332841346
1261080282695942145,negative,5.418054815316015e-10
1261080284667219968,negative,0.0006001981490187098
1261080287418691584,negative,0.0005161243561856822
1261080289268379649,negative,0.001272535301220644
1261080289549443074,negative,0.03214453646981026
1261080294368690180,negative,0.004404164926161911
1261080295530532867,negative,0.0004936004254803782
1261080297120161792,negative,1.0319816359176114e-16
1261080329810567169,negative,0.14181229634465775
1261080332289392641,negative,0.04684776960203396
1261080333170225152,negative,0.03693619051618421
1261080333778333697,negative,1.2997235073676521e-10
1261080334520717312,neutral,0.5220402502892152
1261080336827588609,negative,0.00010005665607910725
1261080339243511809,positive,0.7371293184890532
1261080339730096129,neutral,0.4915415793319917
1261080343127494658,negative,0.27622892552487777
1261080344788447235,negative,2.7025002213591503e-08
1261080346193469443,negative,0.0035253354895114324
1261080347506245635,neutral,0.6437083580862986
1261080348600995841,negative,3.357675953059622e-08
1261080353323843584,negative,2.6960045991813576e-16
1261080354384941059,negative,0.0006999560329234945
1261080357052600322,negative,0.012427230760374226
1261080359107801102,negative,0.0030396659620179627
1261080359237754880,negative,8.823475404931468e-11
1261080361272033281,negative,7.11661870919483e-05
1261080363377573888,negative,0.0012188724621905527
1261080363490856965,negative,3.141283315945e-06
1261080366909095937,negative,0.06766491991119071
1261080369245405186,negative,7.882474193961591e-07
1261080369547411457,negative,8.038159315396891e-05
1261080370767900672,negative,7.205350085544099e-07
1261080372537962497,negative,0.0021768941822513216
1261080375805214720,neutral,0.4898631585877994
1261080379076771843,negative,6.2828068180824495e-06
1261080380268052482,negative,0.004404164926161911
1261080380456738817,negative,0.01998013381499921
1261080380502945799,negative,0.004574659726843717
1261080381123682305,negative,0.28609800860582263
1261080381601861633,negative,0.005984021141471108
1261080382306484229,negative,0.0681154460983329
1261080382423924737,negative,0.13646205287930016
1261080383409532931,negative,3.97419816336005e-08
1261080386182033416,negative,0.082136870720051
1261080386546917377,negative,0.11920905116768436
1261080386584616960,negative,0.003994013789495011
1261080387226415104,negative,9.076896689850783e-06
1261080389948526594,negative,0.0010393342569880218
1261080392104370179,negative,0.07439167197574575
1261080392217567232,negative,0.0355461093715381
1261080393991757824,negative,0.0016434475129235297
1261080395598245889,negative,0.0002672043040595678
1261080396902600706,negative,0.03608055505586594
1261080399020785667,negative,0.1520324321255564
1261080399180189696,negative,0.0029940750813453225
1261080399234641922,negative,8.823475404931468e-11
1261080399675035648,negative,1.709544901168758e-08
1261080400127983616,negative,1.6609085104326648e-05
1261080401914847233,negative,0.14047476125834954
1261080403902902272,neutral,0.5220402502892152
1261080408109785094,negative,0.0020488733301124743
1261080416930365445,negative,0.07968445648498909
1261080418541088768,negative,0.0040681857795722065
1261080418805149696,negative,0.00341341611997427
1261080425776234499,negative,1.7667152530038551e-09
1261080428036980741,negative,0.039778822797776815
1261080428351557633,negative,0.0037474983798816237
1261080431304364033,negative,0.11245532962553717
1261080432025763840,negative,0.013034375270297329
1261080432789028864,negative,0.012427230760374226
1261080433510494208,positive,0.8837099252587886
1261080435397988354,negative,0.020040979935042672
1261080436761075712,negative,0.0022470489145277515
1261080438992441344,negative,0.11506561529136326
1261080444545662976,negative,0.006761081285921456
1261080445120155648,negative,0.0001404407733597403
1261080445132910592,negative,0.14181229634465775
1261080446605156352,neutral,0.46572311734526883
1261080450002493442,neutral,0.5496678701602578
1261080453164957696,negative,0.014723038181209992
1261080459674636288,positive,0.8180358494617082
1261080461012590592,negative,0.13503230888990247
1261080464628035584,negative,2.809402468069369e-10
1261080465240322053,negative,2.2422439080022548e-07
1261080466918191106,negative,0.13503230888990247
1261080467001966594,negative,7.222271248611258e-06
1261080468923039744,negative,2.769446854213199e-08
1261080469451476992,negative,0.002061402506684424
1261080471934550023,negative,9.827136412664684e-09
1261080476284006400,negative,4.047715210543174e-06
1261080478376919042,negative,0.0026541172258813016
1261080480369250305,negative,8.160714483324966e-05
1261080480545492992,negative,0.0035460518727269486
1261080481220747268,neutral,0.3348716969502043
1261080481476608011,negative,8.991268074243246e-05
1261080481761832960,negative,0.008231957993623838
1261080482130923520,negative,6.937863988728732e-05
1261080482189582336,negative,0.006761081285921456
1261080487881248770,negative,7.140642611558856e-05
1261080488678027265,negative,0.0010242358674794109
1261080491861704711,negative,0.12179860448947555
1261080492323069952,negative,2.235710355903746e-05
1261080524036231169,neutral,0.49789225920557484
1261080527400042497,negative,0.1692785953590464
1261080529547472896,negative,0.00011224132721469062
1261080530470174720,negative,7.079910461741999e-10
1261080534639394816,negative,0.001076694703561392
1261080536602357768,negative,0.08036016996549022
1261080537990672384,negative,4.047715210543174e-06
1261080538439389187,negative,1.6512166593042163e-08
1261080540297547777,positive,0.9944791050081849
1261080542956720131,negative,4.047715210543174e-06
1261080545963970562,negative,7.041366142478719e-05
1261080546358317057,neutral,0.5220402502892152
1261080546509295617,negative,0.03608055505586594
1261080555640229891,negative,0.06072849400521181
1261080557380870144,negative,0.039919337002767924
1261080562745442312,negative,0.000575314329452811
1261080564704083968,negative,0.12523992560341457
1261080565408845824,negative,0.008796447741703399
1261080568554557451,negative,0.006025382272546256
1261080571251392512,negative,0.004404164926161911
1261080572052594689,negative,0.07439167197574575
1261080577496793090,negative,7.882474193961591e-07
1261080580558671872,negative,0.072106011767268
1261080581758222338,negative,1.571857200536356e-05
1261080584660680705,negative,0.002089087569000662
1261080587630252032,negative,9.076896689850783e-06
1261080588553007104,negative,0.039919337002767924
1261080589198909447,negative,0.01998013381499921
1261080590062845959,negative,0.3298514487153326
1261080590343901190,negative,0.23279863829236888
1261080591077912578,negative,0.004404164926161911
1261080594370441217,negative,0.012802566652821635
1261080596354412544,negative,5.277118075940871e-09
1261080596765388803,negative,8.824487487300377e-05
1261080597654573057,negative,0.04274189637121576
1261080597751103489,negative,0.006761081285921456
1261080597881065484,negative,0.0027427922754330223
1261080603862147072,negative,9.186619499692378e-10
1261080606982713345,negative,0.011551916135194122
1261080608396148741,negative,2.0052738654136677e-05
1261080608496910336,negative,0.001195074737081859
1261080608647925765,negative,0.22695080687392644
1261080612015878145,negative,9.668701437526655e-06
1261080612103843842,negative,0.0046746011159454785
1261080614779969536,negative,1.8267013494927035e-06
1261080615312592897,negative,0.0008181114003710122
1261080621067182080,negative,0.012427230760374226
1261080622103252992,negative,0.001013765400173538
1261080623470596096,negative,0.005946422925581665
1261080624472961032,negative,0.11506561529136326
1261080634539282434,negative,3.0433657247618806e-08
1261080639215996931,negative,0.15331882249999376
1261080641304776704,negative,0.019633128088397084
1261080641778659331,negative,7.256272875230933e-07
1261080643104055298,negative,4.97974329275679e-05
1261080643368296448,negative,3.1881615670644687e-16
1261080643531870216,negative,0.006382815534641237
1261080644895080450,negative,0.12179860448947555
1261080646593716224,negative,0.1134438622223595
1261080649152311296,negative,0.011393402135437117
1261080649462681601,negative,0.027295181580857673
1261080649731051523,negative,3.554312568582771e-08
1261080650293088256,negative,0.0028787086176640065
1261080655007539202,negative,1.504871870723231e-06
1261080655326261248,negative,0.008796447741703399
1261080657398247426,neutral,0.5136446707795853
1261080660388823042,negative,0.0001247642500799635
1261080660481134599,negative,8.666024703215343e-10
1261080663341531138,negative,4.97697264743175e-13
1261080664251785216,negative,0.001450642181451948
1261080667896655872,negative,3.331550998936609e-07
1261080670157275137,negative,3.895038297747939e-10
1261080671591845889,negative,0.01998013381499921
1261080673445650432,negative,0.006590804815813983
1261080674817265664,negative,0.0003865785300040147
1261080676327141384,negative,0.014028652931332689
1261080680131428354,negative,0.0005430717386062285
1261080680836009984,negative,0.02775302553622464
1261080683558076424,negative,0.001272535301220644
1261080685009395712,negative,0.00043144894113740387
1261080685835694080,negative,0.16569058622942612
1261080719524343809,negative,2.0245410816042636e-07
1261080724465242115,negative,3.2168806672617706e-08
1261080724737871873,negative,7.121772317383857e-05
1261080727044730881,negative,5.116406605040481e-05
1261080727048933383,negative,0.00012876659420576065
1261080727166337024,negative,0.0024425660663358433
1261080727648698375,negative,7.079910461741999e-10
1261080729594720257,negative,2.653334845329652e-08
1261080735051628546,negative,0.0006149946184115155
1261080738713272321,negative,4.780304704579938e-08
1261080739921252359,positive,0.897393834249808
1261080741611520001,negative,0.0038486800950435
1261080742328762368,negative,0.012427230760374226
1261080744350363648,negative,1.0173267207437001e-06
1261080744572706819,negative,6.105688649737694e-08
1261080745323433984,negative,1.087012726132184e-12
1261080749010272258,negative,0.0035460518727269486
1261080751241601029,negative,0.039919337002767924
1261080762444582913,negative,0.0008149330722292424
1261080764076212225,negative,3.036917649024411e-06
1261080765535850498,negative,0.01998013381499921
1261080766039166976,neutral,0.5220402502892152
1261080768698351624,negative,0.00694234962646512
1261080768945799169,neutral,0.49789225920557484
1261080769415524362,negative,5.6220071540946744e-05
1261080773911863296,negative,0.014954664284912779
1261080775518236681,negative,0.0006960131456267979
1261080776193576960,negative,0.012802566652821635
1261080776545906688,negative,0.07040418589958443
1261080777086971905,neutral,0.5220402502892152
1261080778378817537,neutral,0.4898631585877994
1261080778559102981,negative,0.04986002277218743
1261080782229176321,neutral,0.5178552636567064
1261080783038668801,negative,0.0023857191309692304
1261080789695041538,negative,0.011224505439069405
1261080790533840897,negative,0.0029940750813453225
1261080790747709440,negative,8.090989882196632e-06
1261080791926235136,negative,7.039800831714024e-09
1261080794988261381,negative,8.160714483324966e-05
1261080796280115204,neutral,0.5220402502892152
1261080799803256838,negative,6.693345591344685e-14
1261080802940551172,negative,1.2262390037400534e-07
1261080806065426434,negative,0.00029793996920086344
1261080810314219521,negative,0.010174755107864973
1261080815829729281,neutral,0.5220402502892152
1261080816291020800,negative,6.039749553297235e-06
1261080818346192896,negative,0.0037762978766875473
1261080824704794624,negative,1.2167558987784271e-07
1261080830002200578,negative,2.1377721814463766e-05
1261080831050657792,negative,0.014723231245522874
1261080831088607232,negative,1.4024245706955093e-09
1261080833290653696,negative,2.9624999872622e-06
1261080833789583360,negative,0.025100535539907824
1261080835161276416,negative,0.00039116172038722
1261080835702341632,negative,0.007726849038774226
1261080836616663044,negative,2.1324820089903942e-05
1261080836960550912,negative,0.006761081285921456
1261080838864855040,negative,7.079910461741999e-10
1261080839397486593,negative,7.079910461741999e-10
1261080842392256517,negative,0.23279863829236888
1261080844141240320,negative,0.010290083351019623
1261080847140229126,negative,0.039113289727854744
1261080850860556289,neutral,0.6376098958162001
1261080854069215234,negative,3.7200166371813704e-08
1261080857764343813,negative,0.0009201780367610847
1261080857848229890,negative,0.00030773538985862656
1261080859144327168,negative,6.246495094613875e-19
1261080860511686661,negative,0.014954664284912779
1261080862289993731,negative,0.015467029158716688
1261080862386503683,negative,6.154066611729051e-07
1261080865494446080,positive,0.7576032057848336
1261080865653895173,negative,0.011393402135437117
1261080868405350401,negative,1.6249117398102632e-11
1261080871475597315,negative,0.009284131120891314
1261080872461185026,negative,0.004404164926161911
1261080873493037057,negative,7.079910461741999e-10
1261080874428387329,negative,0.004404164926161911
1261080878035292162,negative,0.0005271588168833137
1261080880677871618,negative,4.047715210543174e-06
1261080921609920512,negative,0.14108944246294722
1261080921798836227,negative,0.017267906517041503
1261080923031863296,negative,0.00808597882658377
1261080924604772353,negative,1.0628976299463146e-07
1261080925200359430,negative,0.13646205287930016
1261080925607063552,negative,5.473339817402083e-05
1261080925921775617,negative,0.0030185617570956842
1261080930053165061,negative,0.002975070663795911
1261080930128670720,negative,0.0002765167196521962
1261080930590040069,negative,5.116406605040481e-05
1261080931483422722,negative,0.2667972577009286
1261080931663859712,negative,8.160714483324966e-05
1261080939930832896,negative,1.1661748569931112e-07
1261080951347707906,negative,3.584803809034349e-06
1261080953092530177,negative,0.039919337002767924
1261080953151270912,negative,0.010064845308032396
1261080953390235656,negative,0.0006149946184115155
1261080956271820800,negative,0.004414613362540248
1261080956590526464,negative,0.0020488733301124743
1261080958075318272,negative,0.0030396659620179627
1261080961997029376,negative,0.0006149946184115155
1261080962886221824,negative,0.0016596450984917876
1261080963297222656,negative,0.0011888633335977424
1261080963716714499,negative,0.05221112268738816
1261080964186419201,negative,0.009361200791844363
1261080964584951815,negative,0.13503230888990247
1261080965616672773,negative,0.082136870720051
1261080966895894533,negative,0.002152684963370033
1261080968607215617,negative,0.013226016090155305
1261080968640806914,negative,0.15807799294954208
1261080971056726016,negative,0.005377186975518853
1261080973606879234,negative,4.447683248518289e-05
1261080973967572992,negative,0.012427230760374226
1261080975817224192,negative,0.23748623573794575
1261080976668704769,negative,0.016288301868759264
1261080984004579328,negative,0.017249666990751072
1261080985417981953,negative,0.03924678718401026
1261080986563022849,negative,0.0008947231692723143
1261080988785889281,negative,0.006783590740516347
1261080989100539905,negative,0.00016890365786137893
1261080989729722376,negative,0.045826574873140104
1261080990983872512,negative,0.024039042889380857
1261080992711954433,negative,7.079910461741999e-10
1261080993261334528,negative,7.079910461741999e-10
1261080994322550786,negative,0.030853039357473234
1261080994687397889,negative,9.076896689850783e-06
1261080996302241792,negative,0.082136870720051
1261080997334048768,negative,0.016288301868759264
1261080999594778625,neutral,0.49789225920557484
1261081003348590593,negative,0.02176605323691951
1261081005911408643,negative,4.362419961925037e-05
1261081006938951682,negative,0.0701723036524467
1261081008432185345,positive,0.9063381623017809
1261081011284332545,negative,0.0006241162825549138
1261081017751932928,negative,0.11111725465510336
1261081018016174080,negative,5.116406605040481e-05
1261081018871754757,negative,0.007289413840772015
1261081019442233349,negative,1.2835904084093574e-05
1261081020323049472,negative,0.020153597118719436
1261081021287665665,negative,0.004807338416344723
1261081024160829440,negative,0.009888115581978685
1261081024488001536,negative,1.1151305919826313e-06
1261081026211852294,negative,0.015467029158716688
1261081035388923904,negative,4.5675729721601266e-05
1261081035959349248,negative,0.03608055505586594
1261081037721030656,negative,0.006544203714786848
1261081038182395904,negative,0.03214453646981026
1261081039105114115,negative,0.0027850501643003735
1261081040518438912,negative,5.473339817402083e-05
1261081042968027141,negative,0.0966652008695166
1261081045103005697,negative,0.044218354188319854
1261081045773897729,negative,1.1192718720041272e-06
1261081047569178626,negative,1.087012726132184e-12
1261081050538786818,negative,0.01998013381499921
1261081051583205377,negative,0.006619896388095709
1261081053290287105,negative,2.6354331688306327e-09
1261081061313908738,negative,0.005984021141471108
1261081063465631751,negative,0.045826574873140104
1261081064216367106,negative,1.7378075270445822e-10
1261081066355544065,negative,0.0068574414485351835
1261081066871414786,negative,3.121391114661769e-09
1261081068339449857,negative,3.7282086632968032e-06
1261081069173997570,negative,0.03316556806802359
1261081075893166080,negative,0.13503230888990247
1261081076270759939,negative,0.011139549405918565
1261081076425949189,negative,9.111892654712405e-09
1261081076648345601,negative,0.011393402135437117
1261081079806640128,negative,0.006761081285921456
1261081103890251782,negative,0.0015343753906699531
1261081104855040001,negative,0.016342258241471765
1261081107891658752,negative,0.15754620371745287
1261081107937792001,negative,0.1335824978378884
1261081110873886723,negative,5.574509301254705e-05
1261081111872102401,negative,3.508104605124234e-05
1261081112237019137,negative,0.0013309082565543082
1261081118431903746,negative,0.005222346191566587
1261081119941894145,negative,0.00012876659420576065
1261081123104477190,negative,0.012147636335812746
1261081124807327747,positive,0.9944791050081849
1261081125830746113,negative,0.01998013381499921
1261081125847478273,negative,0.01998013381499921
1261081136270319621,neutral,0.34007969710589014
1261081136404369409,neutral,0.6437083580862986
1261081140343037953,negative,0.0002461128610607195
1261081140703760385,negative,0.13503230888990247
1261081143945900034,negative,0.00014777713143061423
1261081144537288710,negative,0.01998013381499921
1261081146307248128,negative,0.009888115581978685
1261081146743537665,negative,2.2148688594888465e-05
1261081149851516928,negative,0.04443747011594881
1261081154389762049,positive,0.9995231303965721
1261081156868616192,neutral,0.5220402502892152
1261081157514473473,negative,0.002152684963370033
1261081159209029632,negative,2.0505126201008673e-05
1261081159737409539,negative,0.02718354883110356
1261081162216288257,negative,0.003164547921640294
1261081165068406785,negative,0.0013784872010630213
1261081168335843334,negative,0.009888115581978685
1261081174983741445,negative,1.2660240019426652e-05
1261081175747108865,negative,7.079910461741999e-10
1261081176804032519,negative,0.13503230888990247
1261081178200776708,neutral,0.4415083844603584
1261081179182301185,negative,1.741743104950503e-07
1261081184169328640,negative,1.1661748569931112e-07
1261081185855234048,negative,2.1371512889185118e-09
1261081190561431554,neutral,0.5010022899469446
1261081194046918663,negative,0.0026541172258813016
1261081196857102337,negative,0.1497700519582562
1261081205308612608,negative,1.9232687531340065e-07
1261081205354778625,negative,0.00025178626847085285
1261081206155874304,negative,0.04160815605347052
1261081209725227009,negative,6.289678924205157e-05
1261081209809010688,positive,0.9042405977085537
1261081210652164100,negative,0.001076694703561392
1261081211272859648,neutral,0.49789225920557484
1261081211981660160,negative,0.044218354188319854
1261081213084880896,negative,0.04672276311901415
1261081219153960962,negative,1.702829182430616e-05
1261081236069588997,neutral,0.5220402502892152
1261081238879834118,negative,5.966133307169989e-07
1261081239609659398,negative,0.00023353765842082337
1261081242830884867,negative,0.01904975172534304
1261081243413893120,negative,0.1234187365424719
1261081243757805568,negative,2.026600354783606e-07
1261081245997502465,neutral,0.3467979737763548
1261081248497311748,negative,3.649584516876763e-11
1261081251764752384,positive,0.9546896082784294
1261081255124316160,negative,0.011650213447932663
1261081255300530178,negative,0.0003821327022399623
1261081255971557376,negative,0.02700388550667173
1261081261742927872,negative,0.026213745189116833
1261081261927469057,negative,4.047715210543174e-06
1261081263819108354,neutral,0.6058865100916573
1261081266411253761,neutral,0.5220402502892152
1261081266725797888,negative,0.00025178626847085285
1261081267807887361,negative,0.01998013381499921
1261081268302774273,negative,0.000878323464862579
1261081268403556352,negative,1.2566781640430628e-05
1261081269506621440,neutral,0.5220402502892152
1261081273591902208,negative,0.002544812806979596
1261081274946650112,negative,0.13503230888990247
1261081298975830022,negative,0.0006578860596750717
1261081302532534274,negative,0.0005271588168833137
1261081307557306368,negative,0.007730968157479377
1261081311579705344,negative,9.981660119878662e-07
1261081318009507842,negative,0.006761081285921456
1261081318575738882,negative,8.823475404931468e-11
1261081320882610177,negative,0.0016528741000693197
1261081320958107648,negative,0.006656065114245327
1261081325571846144,negative,0.012427230760374226
1261081331116711938,negative,0.11164999549727986
1261081334421884928,neutral,0.48960800718787706
1261081334795112451,negative,8.937745549436119e-05
1261081337219485697,negative,0.014028652931332689
1261081338972499968,neutral,0.45100016839397256
1261081339631153153,positive,0.9944791050081849
1261081340415524873,negative,6.154066611729051e-07
1261081342726615040,negative,0.01096408196198143
1261081344215523344,negative,0.0028787086176640065
1261081346367205376,negative,4.438818290789806e-06
1261081346782441478,positive,0.9452136190209047
1261081347948515329,negative,0.018316080759505655
1261081350196658177,positive,0.9944791050081849
1261081350418903040,negative,0.0035460518727269486
1261081352360820737,negative,0.002934666575899111
1261081354248376320,negative,0.016428005082596567
1261081354449702913,negative,0.02050495695773744
1261081356278403073,neutral,0.5220402502892152
1261081356832051203,negative,4.047715210543174e-06
1261081358203576328,neutral,0.42415128032521887
1261081358304071681,negative,5.3461954042663584e-05
1261081358442643456,positive,0.8948060517912205
1261081358585098241,negative,0.033716292795449784
1261081362687197185,negative,0.004758228059027251
1261081366487326721,negative,0.003022666350872161
1261081374305292288,negative,0.010712375759775366
1261081375454777344,negative,4.910051660042274e-06
1261081377564393473,negative,9.076896689850783e-06
1261081378986344450,negative,0.012120329904299017
1261081379741319168,negative,0.00038067305833813607
1261081379925827586,negative,6.507641804989053e-06
1261081381825904645,negative,0.00012876659420576065
1261081382224306177,negative,0.006761081285921456
1261081382543114241,negative,6.532861633118077e-12
1261081382723506181,negative,0.1485381755055025
1261081383868514306,negative,6.289678924205157e-05
1261081385214849024,negative,0.010441340270881238
1261081385760145408,negative,0.0974938495106486
1261081386594766850,negative,0.012438957851465
1261081387651784705,negative,1.2186152174772139e-05
1261081387697942530,negative,7.613571781777733e-13
1261081389258231808,negative,0.14047476125834954
1261081389471920128,negative,0.06549236838440162
1261081390885601280,negative,0.0035253354895114324
1261081394526195713,positive,0.7797477054682522
1261081394614337542,negative,0.012802566652821635
1261081396904329218,negative,0.012427230760374226
1261081402197577730,negative,0.1485381755055025
1261081405129457668,negative,1.1395136986745593e-05
1261081406681362434,negative,2.7057937850173154e-05
1261081409810284545,negative,1.1223028034872738e-06
1261081415132872704,negative,1.312682548985206e-07
1261081416164610048,neutral,0.37866768635878983
1261081417326514177,negative,7.079910461741999e-10
1261081417381040128,negative,1.8103045204286226e-05
1261081422049271808,negative,0.012427230760374226
1261081422728704001,negative,1.702829182430616e-05
1261081425564049409,negative,0.0021773846050510666
1261081425610227712,negative,6.117352337306748e-06
1261081428479168512,neutral,0.40231933975652817
1261081429087313927,neutral,0.5220402502892152
1261081430001692672,negative,0.012432592721608498
1261081432350511104,negative,0.09887690754756316
1261081432396648449,neutral,0.46572311734526883
1261081438792953856,negative,1.768945749376498e-07
1261081439908618241,negative,0.09384202041479425
1261081441707966465,negative,0.0011326783913397228
1261081449622573056,negative,0.0007580405649166959
1261081456279007233,negative,7.079910461741999e-10
1261081456341852161,negative,0.00010005665607910725
1261081457998643213,negative,0.0380306002254309
1261081458355113985,negative,2.0448295177556065e-06
1261081460565577729,negative,7.079910461741999e-10
1261081462297804803,negative,0.06839173932662224
1261081464227221504,negative,0.012427230760374226
1261081464642441216,positive,0.8720472586679859
1261081466496266240,negative,0.004404164926161911
1261081469256183811,negative,3.2213613846132764e-10
1261081470757752834,negative,0.0026541172258813016
1261081472640876545,positive,0.885797296831806
1261082873894973440,negative,0.1234187365424719
1261082877938327553,negative,1.1088328386698847e-05
1261082877980180480,negative,4.4771244259511337e-08
1261082886104469505,negative,0.06549236838440162
1261082887845285889,negative,0.03214453646981026
1261082889640345603,negative,0.00929114045052925
1261082891800530946,negative,0.0006009410148632595
1261082897567625229,negative,0.011393402135437117
1261082897592864779,negative,2.3982636890538404e-05
1261082898343616513,negative,0.006761081285921456
1261082898427514881,negative,0.0027850501643003735
1261082903334674432,negative,6.067180221806985e-05
1261082909542318080,negative,0.26936212563721995
1261082911010406400,negative,2.52530629780262e-08
1261082911496900609,negative,0.018316080759505655
1261082914088906753,negative,0.11506561529136326
1261082920258854914,negative,0.039919337002767924
1261082923891113991,negative,0.13646205287930016
1261082926571290630,negative,2.2517849813943897e-05
1261082935551287298,negative,0.0013878337791511865
1261082937258278918,negative,5.7849477154965016e-05
1261082940240429056,negative,0.03735146003411538
1261082942702522369,negative,8.605398642927313e-06
1261082945290489856,negative,0.002887341114036138
1261082945600851975,negative,1.637582435253994e-06
1261082951888056320,negative,6.239047502199966e-06
1261082955792990210,negative,2.6036762261128802e-11
1261082957093183489,negative,0.005344392575373475
1261082957437194240,negative,0.003906930403779259
1261082958213140481,negative,5.292838462546191e-12
1261082960947818496,negative,0.28609800860582263
1261082961098805250,negative,0.0002637323721663437
1261082965255340032,negative,0.011091415382018506
1261082966312333313,negative,0.00045610864511079225
1261082972729626624,negative,7.079910461741999e-10
1261082976143712256,negative,1.1404368414922834e-07
1261082978794573825,negative,4.3877455339352e-06
1261082983072772097,negative,0.22695080687392644
1261082986428194817,negative,0.039919337002767924
1261082988433092608,negative,0.1472551199876579
1261082988730867718,negative,0.13503230888990247
1261082991276822529,neutral,0.5220402502892152
1261082992925126663,neutral,0.49789225920557484
1261082995462672385,negative,0.0005810925645492148
1261082996800700416,negative,0.001627531115842127
1261083004035829762,negative,7.079910461741999e-10
1261083005503762432,negative,0.09364824654073918
1261083006565003264,neutral,0.5178552636567064
1261083009400344576,positive,0.9084607231097294
1261083010721558529,negative,0.00015066119627993237
1261083014437769216,negative,0.029659366101244172
1261083016698494977,negative,0.03735146003411538
1261083019059892229,negative,0.00025178626847085285
1261083020217536513,negative,2.399049966387129e-05
1261083021614157824,negative,9.076896689850783e-06
1261083024332070918,negative,7.772321882486797e-07
1261083027771478016,negative,0.10064091151448724
1261083027813384192,negative,0.0008969439219609896
1261083030136983553,negative,4.836041228659691e-11
1261083032339046406,negative,9.076896689850783e-06
1261083032917815296,negative,0.04684776960203396
1261083037124755457,negative,0.28451430744920647
1261083038592745473,negative,0.00341341611997427
1261083039507021826,negative,0.00010500705176879058
1261083040899567620,negative,0.0008969439219609896
1261083046423531520,neutral,0.5178552636567064
1261083049250390016,negative,0.001791007630904174
1261083049430786049,negative,7.435277432992415e-16
1261083055764254721,negative,0.0006331810197602068
1261083056112312322,neutral,0.5220402502892152
1261083057882165248,negative,0.16702919869799512
1261083058599604225,negative,0.13503230888990247
1261083091239649280,negative,0.003333532011491941
1261083097736642567,negative,0.039919337002767924
1261083098630033408,negative,7.079910461741999e-10
1261083099385004038,neutral,0.49789225920557484
1261083105676472320,negative,0.048554010613761155
1261083105961472000,negative,6.200150683176442e-08
1261083108176211970,negative,1.3927531463504204e-05
1261083109971369987,negative,0.009888115581978685
1261083110797697031,negative,0.0002488487497902266
1261083112194347010,negative,0.00014733328614012454
1261083112504725506,negative,3.634672876700236e-10
1261083112995352577,negative,0.00021344059190411832
1261083113251319808,negative,4.140008274015936e-05
1261083114127994886,negative,1.1931043936399704e-07
1261083115738497029,negative,1.563333464384614e-05
1261083116032208897,negative,3.7249156115406345e-07
1261083118016040960,negative,9.30612166778209e-05
1261083118120964097,negative,0.20872584755581097
1261083119521869826,negative,2.3750373062470695e-06
1261083120415264768,negative,0.1243081635346105
1261083121052782592,negative,0.012147636335812746
1261083129546186753,negative,0.03735146003411538
1261083130905182215,negative,7.079910461741999e-10
1261083131186155522,negative,9.076896689850783e-06
1261083131697922050,negative,0.17059119574709938
1261083131714637825,negative,0.0014759360238316382
1261083132121567233,negative,3.69626428899862e-15
1261083132566126592,negative,5.444151133638775e-06
1261083137666400257,negative,0.026631755677714346
1261083139918659587,negative,7.079910461741999e-10
1261083142028328960,negative,0.10539050954321483
1261083142233956353,negative,0.0009540716658031605
1261083144150712320,negative,0.13503230888990247
1261083145316831237,negative,0.003022666350872161
1261083146914856960,negative,3.62104374717613e-07
1261083146990346243,neutral,0.49789225920557484
1261083150102474753,negative,0.0026541172258813016
1261083151541121024,neutral,0.5220402502892152
1261083152518467584,negative,0.011090697919194639
1261083155072770053,negative,2.1011991122318217e-07
1261083155865321473,negative,2.4677846418264258e-05
1261083156729466880,negative,0.01764146415434031
1261083156880424960,positive,0.9944791050081849
1261083156926660610,negative,1.9740493258037806e-08
1261083158281404416,negative,0.039919337002767924
1261083158621097985,negative,8.823475404931468e-11
1261083163025178625,negative,2.4641450820986765e-07
1261083163952062469,negative,0.13503230888990247
1261083164392423424,negative,0.0003967033677586911
1261083167684988930,negative,0.2081386153019568
1261083171241758720,negative,0.00247195940312888
1261083172093165574,negative,0.008875059431202655
1261083173481570305,negative,0.00017560714716767221
1261083174580506625,negative,9.076896689850783e-06
1261083177453576193,negative,1.7271299934228227e-07
1261083183598141440,negative,0.14380964489423506
1261083187482112007,negative,0.03735146003411538
1261083190384607234,negative,0.0015246884024709545
1261083191412166656,neutral,0.5220402502892152
1261083195866599425,neutral,0.5220402502892152
1261083195908521986,negative,0.0024237316996333306
1261083196566966272,negative,4.422393749975985e-08
1261083199171694595,negative,0.009888115581978685
1261083203269529601,negative,0.00341341611997427
1261083205337300994,negative,4.2132559252676696e-05
1261083207069466629,negative,0.0897450799936216
1261083209082822658,neutral,0.37334605257974945
1261083210383069187,negative,0.007309670952780264
1261083211330916355,negative,0.13503230888990247
1261083211788169216,negative,1.0726879479301965e-06
1261083215013597185,negative,0.00044887264765259015
1261083215231582211,negative,0.0006288808207088385
1261083215667908609,negative,0.0030570069011228228
1261083220340244480,negative,0.13503230888990247
1261083221049184258,negative,0.00030936387141897295
1261083224526270464,negative,1.1661748569931112e-07
1261083228393345026,negative,0.0032338179821578476
1261083229718745089,negative,0.13503230888990247
1261083231031623681,negative,7.079910461741999e-10
1261083232059232261,neutral,0.5220402502892152
1261083238912663558,positive,0.7259673271340207
1261083239147601920,negative,4.55836662068389e-06
1261083245229244421,negative,6.701071777579196e-07
1261083249541029893,neutral,0.5495027005810471
1261083249574645763,negative,0.11506561529136326
1261083249583034368,positive,0.9944791050081849
1261083252363796480,neutral,0.5220402502892152
1261083254075072512,negative,0.23279863829236888
1261083280134332418,negative,0.020040979935042672
1261083281245777921,negative,0.0026541172258813016
1261083281824464896,negative,0.014954664284912779
1261083283531726854,negative,0.27988657273387657
1261083286614487040,neutral,0.5220402502892152
1261083286702559233,negative,1.0628976299463146e-07
1261083287331778567,negative,0.000878323464862579
1261083288145461255,negative,4.4771244259511337e-08
1261083292402663425,negative,4.643581042775749e-08
1261083295669985283,neutral,0.49789225920557484
1261083297444179968,negative,0.004640612739390014
1261083298584985601,positive,0.9999726151778566
1261083298756988928,neutral,0.5220402502892152
1261083305975386114,negative,2.9056645394776224e-05
1261083306159980546,positive,0.9963300004648677
1261083307170770945,negative,0.13503230888990247
1261083309599346693,negative,0.002045361284591534
1261083312539435008,negative,0.0008829961743349813
1261083313181253641,positive,0.8968402194907663
1261083314196185094,negative,0.003022666350872161
1261083323163688962,negative,0.0028787086176640065
1261083323822215170,negative,7.882474193961591e-07
1261083324866584576,negative,0.006761081285921456
1261083325931847680,negative,0.0001040950688533401
1261083327097946115,negative,0.0011437322639337299
1261083330105270272,negative,0.11291208618858474
1261083330591838208,negative,5.574509301254705e-05
1261083335054540802,negative,5.165533279747556e-09
1261083335171940355,negative,0.0006869497134202493
1261083335369076740,negative,0.027896339093199884
1261083336572895232,neutral,0.5220402502892152
1261083338468741120,neutral,0.5220402502892152
1261083339131424768,negative,0.002137250377122489
1261083340389695488,negative,0.015510547852352948
1261083340662243330,neutral,0.3482077484634823
1261083341039648770,negative,8.205851265655541e-06
1261083341920624640,negative,8.038159315396891e-05
1261083343250169856,negative,0.004435520125857057
1261083345968119808,negative,0.014994463887495027
1261083348220477441,negative,7.097525855166733e-10
1261083349319389185,negative,3.7249156115406345e-07
1261083351689170945,negative,1.7838180688455278e-05
1261083352796258304,negative,0.0008826852116250083
1261083353043939329,negative,5.0838185096355354e-05
1261083355090694145,negative,0.004404164926161911
1261083357552795650,negative,0.00014733328614012454
1261083360006471682,negative,2.9624999872622e-06
1261083361965195264,negative,5.443313948068799e-06
1261083362388783105,neutral,0.46127768308170247
1261083364326588416,negative,0.01998013381499921
1261083371326898178,negative,0.01998013381499921
1261083377798709248,negative,0.014343558812976722
1261083378805284867,negative,0.0001225539176510267
1261083378893365249,negative,1.4746504616966096e-13
1261083380474613763,negative,0.012147636335812746
1261083384677269504,negative,1.0711969625916391e-08
1261083387269390338,negative,0.00221693285679925
1261083398375964672,negative,9.957484076652336e-07
1261083400783499264,negative,3.075929395858481e-05
1261083401408438274,negative,0.0026541172258813016
1261083406982696960,negative,0.01998013381499921
1261083411021795330,negative,0.0010126924409105404
1261083411223056385,negative,0.0002091177615842911
1261083412032610305,negative,2.442610250029229e-13
1261083413660000263,negative,0.004736997332371833
1261083415031447555,negative,0.18830908284321007
1261083415107055616,negative,0.002605843796221712
1261083415216087043,negative,7.079910461741999e-10
1261083418886103042,negative,9.917165492716571e-05
1261083419095764996,negative,8.185472436789347e-11
1261083422468038657,negative,0.008796447741703399
1261083423260717058,negative,1.0290354796779021e-05
1261083423378214915,negative,5.0123767168163995e-06
1261083424556748804,negative,0.018588598971709423
1261083425697644545,negative,0.00221693285679925
1261083426125422592,positive,0.9022376103413164
1261083426792169472,positive,0.6879710982344455
1261083429241839618,negative,9.406414273329487e-06
1261083434849574914,negative,0.006761081285921456
1261083437689196552,negative,7.772321882486797e-07
1261083440092459011,negative,0.0681154460983329
1261083442542006273,negative,0.0013081626752795552
1261083442600726531,negative,0.005984021141471108
1261083445754724352,negative,0.011839959670118484
1261083447235395584,negative,0.0003498061845809776
1261083447466119168,negative,0.03628331429628458
1261083449001213952,negative,0.039919337002767924
1261083449131175936,negative,0.00021164688353937414
1261083453539463170,negative,0.13134646110629244
1261083453984038915,negative,0.006761081285921456
1261083454432829441,negative,4.1793455828348086e-07
1261083484375973889,neutral,0.5220402502892152
1261083485403561986,negative,2.4521946381281805e-06
1261083487605526542,negative,0.040540361219434835
1261083487920164866,negative,2.7683799811953628e-05
1261083490138886144,negative,0.001076694703561392
1261083491409833986,negative,0.004404164926161911
1261083493993496576,negative,0.002295607373833855
1261083494622601217,negative,0.0003865785300040147
1261083496027750403,negative,0.002454688690544904
1261083496564559872,neutral,0.34749531721943705
1261083502759591944,negative,0.06531840620222465
1261083507352371203,negative,7.772321882486797e-07
1261083509352955906,negative,0.0016874862623185588
1261083509554393088,negative,0.18056213258549925
1261083509977989125,negative,7.217840920295543e-07
1261083511475273728,negative,8.133067835862033e-05
1261083512146460678,negative,0.2081386153019568
1261083512775618560,negative,4.673601364454317e-09
1261083515103387650,negative,0.0035827072790240643
1261083520396558338,negative,4.7349098959989356e-05
1261083524716691456,negative,0.17672755989941588
1261083525731831810,negative,0.039919337002767924
1261083526088122368,negative,0.0013878337791511865
1261083527577288706,neutral,0.3415071725893297
1261083529426894852,negative,0.008796447741703399
1261083530056138752,positive,0.9616593807922869
1261083533193482240,negative,0.01764146415434031
1261083535529689091,negative,0.020040979935042672
1261083537450680320,negative,0.009888115581978685
1261083537739902976,negative,0.11506561529136326
1261083537794641927,neutral,0.49789225920557484
1261083537991753729,negative,7.363871514237487e-07
1261083541179416576,negative,1.6609085104326648e-05
1261083543238701056,negative,0.26701862244204
1261083548066426880,negative,0.01998013381499921
1261083548359876608,negative,1.2785995333391286e-05
1261083549253406720,negative,2.1831824765599893e-12
1261083552051089408,positive,0.9944791050081849
1261083556501217280,negative,7.079910461741999e-10
1261083558711627778,negative,4.3564286827198e-05
1261083559474888708,negative,1.3892567546018752e-09
1261083560573894661,negative,0.0037219801867886446
1261083562130001922,negative,0.0002682754516307759
1261083563342073858,negative,3.93110405795173e-06
1261083564008976392,negative,2.2240822156608653e-05
1261083568115245063,positive,0.9999859798793841
1261083574624751628,negative,0.0020488733301124743
1261083575996342284,negative,0.0001449508368783601
1261083576918929409,negative,0.0028787086176640065
1261083579871789057,negative,2.2827557972796447e-08
1261083580693975042,negative,7.079910461741999e-10
1261083581314740225,negative,0.004758228059027251
1261083582573031424,negative,0.014994463887495027
1261083584170995712,negative,0.0002465723448447641
1261083584632406016,negative,0.0005846413114036855
1261083584749699072,negative,0.01103573650184353
1261083586041712643,negative,2.026600354783606e-07
1261083588075966467,negative,0.0008487269365357003
1261083588155584512,negative,1.78518078477452e-05
1261083589707468800,negative,0.00030870188847156784
1261083589913055232,negative,1.200249733504994e-07
1261083590428893186,negative,0.006590804815813983
1261083590571556867,negative,6.803446055653756e-08
1261083590663852033,negative,9.115619907703802e-05
1261083595554394114,neutral,0.5220402502892152
1261083596292587522,negative,0.01764146415434031
1261083597592821761,negative,0.001174174811125913
1261083605377462272,negative,0.28609800860582263
1261083605780103168,negative,0.01764146415434031
1261083607013240832,negative,0.004970964560811895
1261083607470309376,negative,0.23570838497027097
1261083607759826945,negative,3.077985529101824e-05
1261083610276417536,negative,0.00020677683611699995
1261083611375308801,negative,0.006121760096983441
1261083611677298688,negative,0.039919337002767924
1261083613459820550,negative,0.2667972577009286
1261083615372414978,positive,0.850701588654013
1261083616181997568,negative,5.179264754938148e-05
1261083616450416641,negative,0.3040773573247968
1261083616882262016,negative,0.03631746370585553
1261083621059973120,negative,0.11225155037300791
1261083621655535623,neutral,0.4898631585877994
1261083628303454214,negative,1.4142319437394568e-05
1261083629033144320,negative,0.07275732394324433
1261083630409068547,neutral,0.6420857600402522
1261083633512845312,negative,2.043680001112384e-05
1261083634121019393,negative,0.01764146415434031
1261083636436172800,negative,0.015510547852352948
1261083637572931585,negative,1.0148787586113294e-08
1261083638021709829,negative,0.002650849998287701
1261083638172651522,neutral,0.6420857600402522
1261083640089452549,negative,0.012383507357013887
1261083642530541568,negative,0.00014733328614012454
1261083643050688512,negative,0.00020677683611699995
1261083644409634820,negative,0.13528007287762603
1261083646091542529,negative,5.4534424774008324e-12
1261083646859137024,negative,8.824487487300377e-05
1261083647274291208,negative,0.02696870851817406
1261083648129974273,negative,0.20872584755581097
1261083648260014082,negative,0.13503230888990247
1261083649065332737,negative,0.0004115961447811787
1261083650113880066,negative,0.0010264232009698972
1261083650680029184,negative,0.013208657436074371
1261083651804205056,negative,3.077985529101824e-05
1261083652299112448,negative,2.2185579230825243e-07
1261083652320043015,negative,0.003774623542797359
1261083652944998400,negative,0.0010649208255700483
1261083653943242753,negative,0.01998013381499921
1261083655713275904,negative,3.077985529101824e-05
1261083662508048391,neutral,0.4898631585877994
1261083662872907778,neutral,0.5220402502892152
1261083664173195266,negative,0.005984021141471108
1261083665481838592,negative,0.11291208618858474
1261083672398237698,negative,0.006063590706442481
1261083673178275846,negative,0.004404164926161911
1261083677158707202,negative,1.2704496921540923e-08
1261083678857482240,negative,0.27471082741755626
1261083679142678531,negative,0.008562235556103857
1261083682787536896,negative,0.01998013381499921
1261083683370434561,negative,1.5714054156983653e-06
1261083683387314177,negative,0.2114744556526462
1261083686184910854,negative,0.00014733328614012454
1261083686797299712,negative,0.06709184318652602
1261083693172559872,negative,6.470613161750535e-06
1261083695492075520,negative,7.219464258058856e-05
1261083695789871104,negative,3.121933887719006e-05
1261083696007909376,negative,3.8214288163480264e-13
1261083698214174733,negative,0.039919337002767924
1261083701145939968,negative,0.002152684963370033
1261083702865641473,negative,0.039919337002767924
1261083703440297985,positive,0.9944791050081849
1261083706942468097,negative,1.702829182430616e-05
1261083707412283393,negative,0.00010559004730689767
1261083708620181504,negative,0.010234540457309264
1261083709253574657,neutral,0.4504672544722744
1261083710356627457,negative,0.001245290444102434
1261083712034410496,negative,3.20316171373081e-12
1261083713439510533,negative,0.011393402135437117
1261083714555121674,negative,0.012427230760374226
1261083715754774534,negative,0.08563428771476056
1261083717503770627,negative,0.004574659726843717
1261083718833319936,negative,2.0219290200590316e-12
1261083721530302465,neutral,0.46127768308170247
1261083721714872320,negative,0.14075476489845995
1261083722213814272,negative,1.3009779469812051e-09
1261083723560296448,negative,1.306915510293586e-07
1261083725170868224,negative,0.00020677683611699995
1261083726877986824,positive,0.9944791050081849
1261083730397052930,negative,0.0013870021489394409
1261083731072299016,neutral,0.46572311734526883
1261083733249134598,negative,0.0026541172258813016
1261083736319418369,negative,0.13503230888990247
1261083739016265730,negative,0.002795516459765417
1261083739599310848,negative,1.8915701343277082e-05
1261083739913945089,negative,2.9718517171560303e-05
1261083743139385347,negative,0.0012188724621905527
1261083744091463681,negative,5.005752932316761e-05
1261083744515100673,negative,2.0420183234954537e-08
1261083744603115522,negative,0.014994463887495027
1261083746603843586,negative,0.06839173932662224
1261083746914238464,negative,1.339890007870835e-05
1261083748558397444,neutral,0.397756968622292
1261083748583366656,negative,0.006761081285921456
1261083748684255233,negative,0.004496281285130206
1261083749179183104,negative,0.0013594159407504817
1261083750856785922,negative,7.079910461741999e-10
1261083751012016130,negative,0.0016600463852801802
1261083752907837440,negative,2.194818272749623e-12
1261083753478270976,negative,2.5413886322951642e-11
1261083760814161920,negative,0.001765008490632222
1261083766644187136,negative,2.4367890228678898e-06
1261083769030815754,negative,3.408221112682766e-06
1261083772247826435,negative,0.0002661831856361145
1261083773355077633,negative,0.22695080687392644
1261083776983027713,negative,0.0035253354895114324
1261083777360703488,negative,0.02918653294154604
1261083780271484929,negative,0.0068574414485351835
1261083783664668673,negative,0.00030773538985862656
1261083783987630082,negative,1.4604002340821805e-08
1261083792095219712,negative,4.5786961754615665e-12
1261083795069042688,negative,0.12454968520136565
1261083796969074688,negative,0.2081386153019568
1261083801641529344,negative,9.076896689850783e-06
1261083801947643906,negative,0.039919337002767924
1261083803117854721,positive,0.850701588654013
1261083803453440002,negative,0.002821904199395064
1261083804531376133,negative,0.0016600463852801802
1261083804837580801,negative,1.577850528235768e-10
1261083806238486529,negative,2.3963600995413335e-09
1261083811086991361,negative,1.702829182430616e-05
1261083811774959621,negative,7.079910461741999e-10
1261083811972108288,negative,0.01764146415434031
1261083813037383684,negative,3.508104605124234e-05
1261083816334184448,negative,0.011393402135437117
1261083819513384961,negative,0.28609800860582263
1261083825536413696,negative,0.0027850501643003735
1261083825880399873,negative,8.510412885949519e-06
1261083829776703488,negative,2.8500099514679184e-06
1261083831760818177,negative,0.0002661831856361145
1261083834113761282,negative,0.00983810346502632
1261083836953157633,negative,7.626470990033255e-15
1261083836953264132,negative,3.508104605124234e-05
1261083840614936577,negative,2.0876287383571325e-05
1261083842502365184,negative,0.10010862761086177
1261083842619809794,negative,7.079910461741999e-10
1261083844846989312,negative,0.01998013381499921
1261083847447453697,neutral,0.5220402502892152
1261083848370249731,negative,1.3359357403511238e-06
1261083849389465605,negative,0.13503230888990247
1261083850123489280,negative,0.012802566652821635
1261083850555437056,negative,0.0005841979193828983
1261083851272699909,positive,0.666503271542504
