Tweet_ID,Sentiment_Label,Probability_pos
1342153060148273152,negative,0.009566096252246687
1342153060194242561,negative,0.2305723543117306
1342153060215181312,negative,0.0007417977420938795
1342153060236337152,negative,0.09414603289396443
1342153060240351233,negative,0.007264023833882454
1342153060609630210,negative,0.05750607810767126
1342153060693528576,negative,0.007744608641705063
1342153060705992704,neutral,0.6066240407014014
1342153061880500225,negative,0.011867762055994917
1342153062086012933,negative,0.2631410331762806
1342153062136356864,negative,0.03138867406330808
1342153062735986688,negative,3.0042989385246746e-06
1342153062773739520,negative,0.12731740277245546
1342153062832476160,negative,5.043149544113038e-05
1342153062840901635,negative,1.8919900111897462e-05
1342153065688928264,negative,0.3097806281904041
1342153066171133952,negative,0.0046874080066843125
1342153066410348544,neutral,0.5239123648910672
1342153066447958017,negative,0.15370921333745927
1342153066498252800,negative,0.0021271478483210404
1342153066733170689,negative,0.0017521540629901436
1342153066905124864,positive,0.6673706273978542
1342153067035119618,negative,5.6042962940322156e-05
1342153067077095429,positive,0.8488784103859388
1342153067123286016,negative,2.135709048474093e-10
1342153067244912641,negative,0.0016271874274328532
1342153070113943553,negative,0.0003405950740469159
1342153070189432833,negative,0.0008943356061979205
1342153070235422720,negative,0.00268341863048686
1342153070264901637,negative,0.03667239878433015
1342153070269108225,negative,0.0013842735647810376
1342153070399131648,negative,0.0004793691019688506
1342153070533173248,neutral,0.4619741558880597
1342153070646419460,negative,0.03920753461494018
1342153070646493184,neutral,0.3341375882806857
1342153070755647493,neutral,0.3816840056458336
1342153070868746240,negative,0.011386771245539605
1342153070868791297,positive,0.7082001759963634
1342153071145742337,negative,0.11924197513035559
1342153071225401350,negative,0.2305723543117306
1342153071611146240,negative,0.15983203017793274
1342153074849296390,negative,0.3072762055139911
1342153074912202759,negative,0.03845309961145903
1342153075566538752,negative,0.01629480158786063
1342153076279398401,negative,0.011059117830160798
1342153076539609091,negative,1.3283336322173096e-06
1342153077302947840,positive,0.8802369804617467
1342153080394158083,negative,0.006017101707427884
1342153081627271170,negative,0.13467339204295112
1342153083372122113,negative,0.0870535619663459
1342153084080943106,negative,0.01004251104481455
1342153085200773126,positive,0.9477931060999414
1342153085804802050,negative,0.0010225906921312875
1342153087864156161,negative,0.0376074107948466
1342153088044568580,negative,0.18898952086545473
1342153088271060994,negative,0.00021607350839287904
1342153089000894464,negative,0.003433871264966067
1342153089961369601,negative,1.6734281074416479e-10
1342153091563409409,negative,0.03835981498946683
1342153091899125767,neutral,0.37236912424337093
1342153092553453570,negative,5.0141510123613015e-05
1342153092855451651,negative,0.0016922359003417181
1342153093157433344,negative,0.08154449131695832
1342153093564297220,negative,6.364455534011339e-06
1342153094029828097,negative,0.008285294134682705
1342153096110239746,neutral,0.46127768308170247
1342153096840028161,negative,0.05352475611900498
1342153096869408770,negative,0.000337066890442146
1342153097259462658,neutral,0.5614152023143125
1342153097779568641,negative,0.026241123901954468
1342153097829883910,negative,0.09646578667338862
1342153098182197250,negative,0.0067640551387649905
1342153100086407177,negative,0.2774991482581568
1342153100442931200,negative,0.0066768423637950615
1342153101235671042,negative,0.0008588881773527504
1342153102502334466,negative,0.0020047620585541322
1342153103382958081,positive,0.9696335536177817
1342153104368824320,negative,7.728296537469807e-06
1342153105945800707,negative,0.009812761995502623
1342153106063323139,negative,3.2366362626937776e-07
1342153106239447040,negative,0.1853781195513734
1342153106688245766,negative,7.417264304712718e-06
1342153108470837248,neutral,0.5024549303604945
1342153108865036288,negative,0.018448992226732477
1342153109041106944,negative,0.01563543576172292
1342153109091467266,negative,0.027289744188104013
1342153110089773056,neutral,0.6549881414416066
1342153110379225089,positive,0.8253714345432658
1342153110815469568,negative,0.2990677891813035
1342153111041953794,negative,0.012487335807890914
1342153115366281220,negative,0.016427604373005056
1342153117530550274,negative,0.0006004748683393548
1342153117652176899,negative,0.11876655246657639
1342153118365212674,negative,0.15237137935820858
1342153119548006407,negative,0.047587205733855345
1342153120873402368,negative,0.054327400666022506
1342153121385082885,negative,0.045237078153474955
1342153121569640452,negative,0.09640323611645361
1342153121863258119,negative,0.0020047620585541322
1342153122156859393,negative,0.0007929404103188511
1342153122366566403,negative,0.11312151898796842
1342153122416893952,negative,0.014165342918037727
1342153122635010050,negative,0.05352475611900498
1342153123046043651,negative,0.1994694027461982
1342153124988014592,negative,0.018275740387495007
1342153126267256837,negative,0.00020491577436213102
1342153126594412548,neutral,0.6275397513817577
1342153126984486913,neutral,0.36728291019967485
1342153127395356673,negative,0.10088451751232096
1342153127592603649,negative,0.03389676136479784
1342153127647182849,negative,0.1649495327761463
1342153130444787718,negative,0.0012802493548384288
1342153134156771329,negative,3.977265850725536e-06
1342153134257430529,neutral,0.49789225920557484
1342153134920052740,negative,0.2906278741030604
1342153135436025857,negative,0.2788704994405457
1342153135855427584,negative,0.019130978584044014
1342153136123867141,negative,7.000968158929942e-05
1342153138493554688,negative,0.040563252726156324
1342153140318203905,negative,0.19568821442105808
1342153142448877570,neutral,0.4078265570899457
1342153142528425992,negative,4.611766483293337e-06
1342153142574596096,negative,1.6846766731952497e-08
1342153142838951936,neutral,0.5239123648910672
1342153143040270336,negative,0.04309523899221751
1342153145976283140,negative,0.01563543576172292
1342153146756444161,negative,0.04868275178669267
1342153148576759809,negative,3.380271897721503e-05
1342153150401302531,negative,0.04275548090686738
1342153155224760320,negative,0.009087159101972653
1342153155367358466,negative,0.238428800670322
1342153158701817857,negative,0.1862700744638412
1342153159549087751,negative,0.14886488587030575
1342153163235848194,negative,0.32657810376062596
1342153163315490817,neutral,0.35779481929181023
1342153163680477189,negative,0.09441817175456481
1342153164645138436,negative,0.0021116303739656416
1342153167073648642,neutral,0.6433288147729448
1342153167333715972,negative,0.12938338242195166
1342153168722022400,neutral,0.4985928500860049
1342153170131173376,neutral,0.5533970533999424
1342153171154690053,negative,0.0002825994013803651
1342153176678604805,positive,0.9975807777926429
1342153177718808576,neutral,0.6010617675389737
1342153180457611270,negative,0.027289744188104013
1342153181325905921,negative,0.011648318356981133
1342153188716277761,negative,0.014604029080065396
1342153190381383686,negative,0.0021116303739656416
1342153194160480256,negative,0.027289744188104013
1342153195368435712,negative,0.019516927481713298
1342153196186308610,negative,0.00016220871278043464
1342153197150986242,negative,0.2611621137273265
1342153200397410304,negative,0.0006465529985654247
1342153200531607555,negative,0.0021116303739656416
1342153200791658496,negative,0.03491482329150693
1342153201404047360,negative,0.027289744188104013
1342153202456813569,negative,0.2789982976546408
1342153205879336963,neutral,0.4525299360032805
1342153206483324931,negative,0.009760717503525121
1342153210585296900,negative,0.11357281344757626
1342153211126407170,neutral,0.49789225920557484
1342153211671703553,negative,6.852982559205675e-05
1342153213689081857,negative,0.0036458509026180814
1342153213705859073,negative,0.22996680922864685
1342153215039725572,negative,0.03300297064347458
1342153215144570880,negative,0.20046674227386882
1342153215245221892,negative,0.017183900555631536
1342153215295574017,negative,0.04586691580839149
1342153215836618752,negative,0.0045886777599032065
1342153217719885825,negative,0.01563543576172292
1342153218898313217,negative,2.4938686060583976e-06
1342153219582144517,negative,5.346136395625996e-09
1342153220001562624,negative,0.15237137935820858
1342153220655874052,negative,0.04402673916649242
1342153221171798021,negative,5.2354190461617574e-05
1342153222048395264,negative,7.6252653638707265e-06
1342153223281455105,negative,0.08005452430519058
1342153224598528002,negative,4.8001701991986245e-05
1342153224950865920,negative,0.02698615743726635
1342153226045554692,negative,0.0008680304672318207
1342153226733432832,neutral,0.39404261037543126
1342153227589066752,negative,0.10260268713683236
1342153232391528449,negative,0.027289744188104013
1342153234325114883,negative,1.6119684250411773e-05
1342153234866167808,negative,0.0017186828185257136
1342153235436609538,negative,0.0007212255536393351
1342153235864416256,negative,0.0002755830172568149
1342153238318092291,negative,0.08783976614162912
1342153239186137095,negative,1.2442368623273053e-11
1342153239333056514,neutral,0.47878153849390703
1342153239752531968,negative,0.00020001226852676648
1342153239911870464,negative,0.16017251878975808
1342153240247468033,negative,0.036870999809779426
1342153240511700992,negative,0.11842947483817863
1342153240641740801,negative,0.2016423268944407
1342153243330134017,neutral,0.49789225920557484
1342153243963645954,negative,0.06926047871920944
1342153244039065601,positive,0.9845644697550272
1342153244425019396,negative,0.009087159101972653
1342153245003821060,negative,0.008033948956713641
1342153245662261251,negative,0.014921409828964609
1342153246392008704,negative,0.07012912088702614
1342153247176458241,negative,0.1994694027461982
1342153247709134851,negative,0.2906278741030604
1342153248321507333,negative,5.667585845313686e-06
1342153248749326336,negative,0.015565404561229668
1342153248795406337,negative,0.15237137935820858
1342153251790188548,negative,0.0026611541182524003
1342153251895062530,negative,0.00025314446995299786
1342153251966377986,negative,0.00320438588450489
1342153252683603970,neutral,0.5406808637391193
1342153253702803456,negative,0.07748682674951801
1342153253845430272,negative,0.0008057474479825996
1342153255485399041,negative,0.010821739943380863
1342153256731086850,negative,0.21215071710977063
1342153256752082945,negative,1.9058876064315664e-06
1342153259289481217,negative,1.6734281074416479e-10
1342153259318980612,neutral,0.3812352090972061
1342153259855859712,negative,0.15375165750311892
1342153260141056007,negative,0.0069571137892871044
1342153260644225026,negative,9.244861717688193e-07
1342153260946382849,negative,0.00017582172268412865
1342153263651688450,negative,0.036870999809779426
1342153263727202310,negative,0.0003413660955043868
1342153263873978369,negative,0.008331704177175445
1342153264305942532,negative,0.0010427729243528215
1342153264918384646,negative,0.00016774532491474578
1342153264985501701,negative,0.001651035876127608
1342153265266491401,negative,0.00849309960577442
1342153265753051136,negative,0.15237137935820858
1342153265908244481,negative,0.0021116303739656416
1342153267858563074,negative,0.13128487260820354
1342153268747792385,negative,2.6551873154995943e-06
1342153271989964800,negative,0.2480260321145302
1342153273176973312,negative,0.0069571137892871044
1342153274930176000,negative,0.0016984442996489809
1342153275169239040,negative,0.000535703980981346
1342153275420893184,negative,0.0069571137892871044
1342153275475427338,negative,0.05528446120294227
1342153276272173056,negative,0.0196207661935353
1342153277211860992,neutral,0.49789225920557484
1342153277895540736,negative,0.18917555239952435
1342153278205927428,negative,7.30774934935384e-05
1342153278340149251,negative,3.0654597488645394e-05
1342153280508592130,negative,0.0017321315229659477
1342153280818999303,negative,0.25380076829799114
1342153281523621889,neutral,0.49789225920557484
1342153282081484800,negative,0.009655167226292012
1342153282333126660,negative,0.01901656117934125
1342153282517655555,negative,0.25380076829799114
1342153282689634304,neutral,0.4357892521178035
1342153284782592000,negative,0.00011194199471536717
1342153284807774209,negative,0.0006511462771957673
1342153286099611654,negative,0.000191521967868596
1342153286439358465,neutral,0.35341083541347074
1342153286900711425,negative,0.0008259065152873754
1342153287957540865,negative,0.25380076829799114
1342153289211797505,negative,0.0069571137892871044
1342153289387937793,positive,0.8830283006755308
1342153289610240001,negative,0.005523502443881404
1342153290293850113,negative,0.000886978029431226
1342153291183099906,negative,0.001095849295524466
1342153293808734211,negative,0.13071799727002806
1342153293947170816,neutral,0.49789225920557484
1342153294261719046,negative,6.791462745964413e-07
1342153294341402627,negative,0.04336131479549512
1342153294597259265,neutral,0.49789225920557484
1342153296077844480,negative,0.21966130200538841
1342153297969471488,negative,0.21643777703880746
1342153298166620162,negative,0.08663240066919725
1342153298485325826,negative,0.0004760529356788509
1342153298598637573,negative,0.1427911304668142
1342153298690912258,negative,0.012023715685309685
1342153299705913346,negative,0.011538404096376137
1342153299982757888,negative,0.005661703613089805
1342153300062445570,negative,0.0848319427504804
1342153300104204294,negative,0.0013309581222396769
1342153301790482433,negative,0.2643108128347181
1342153302868439040,negative,0.1696356060781461
1342153302893621249,negative,0.15237137935820858
1342153303866699779,positive,0.7259088198190115
1342153305573662720,negative,0.0017506143388280031
1342153305728946180,negative,0.02453642743149882
1342153305733160963,negative,0.0016269335738276546
1342153306072895492,negative,0.09421973755316626
1342153306152574977,negative,0.007457407434689354
1342153306483908609,negative,0.019130978584044014
1342153307490574341,negative,0.17799537651540087
1342153307981283328,negative,4.858891234095382e-05
1342153308019052544,negative,0.011596964255212673
1342153308228751360,negative,0.00036698065428222344
1342153310451732482,neutral,0.5688179436075986
1342153310887936001,negative,0.03012280913677911
1342153311248510978,negative,3.574032765369884e-05
1342153311395303425,negative,0.003566906859200871
1342153311479361538,negative,0.11207339746683785
1342153311823286272,negative,3.339586700261228e-06
1342153312188174337,neutral,0.35398784208254197
1342153312225910784,negative,0.01162917621536433
1342153312360136706,neutral,0.35770092647308793
1342153312473391114,negative,4.513847697047126e-06
1342153313559728128,negative,0.03826108458646406
1342153314016714752,negative,0.0001123780949996407
1342153314268536843,negative,1.0446828866966541e-14
1342153315723964418,negative,2.1062408085849187e-05
1342153322648764418,negative,0.238428800670322
1342153324230037505,neutral,0.37895253782273386
1342153324540407810,negative,0.08082401622464973
1342153324611727360,negative,6.556125086403295e-05
1342153326553657344,neutral,0.6149732941538079
1342153327308644354,negative,2.9162894037981953e-06
1342153327543513088,negative,0.0006477115916706814
1342153331012210688,negative,9.423169217315647e-09
1342153331091894278,negative,0.24343637376867214
1342153331347775489,negative,0.2080084260041141
1342153332438294530,negative,0.00016036712028058784
1342153333100969991,negative,0.06260675607150028
1342153335483199490,negative,2.9162894037981953e-06
1342153338931073029,neutral,0.3330951121524989
1342153339304366081,negative,0.00010288296327112246
1342153339732193283,negative,0.09641841869296945
1342153339811848199,negative,0.0443772494921819
1342153340013182977,positive,0.784813846344994
1342153340906471425,negative,0.011867762055994917
1342153347554570241,negative,0.0016984442996489809
1342153347898494976,negative,0.26865583127411913
1342153348833816579,negative,0.05812587877411365
1342153349857087488,negative,0.013016721627495122
1342153351505522694,negative,0.0193012532879555
1342153356735877122,neutral,0.5533970533999424
1342153357063049218,negative,0.017363129704759287
1342153357302099971,negative,0.003566906859200871
1342153357302116359,negative,0.027289744188104013
1342153357910282241,negative,6.576797486429847e-05
1342153360368087040,neutral,0.42599977868554484
1342153360716296192,negative,0.2805594507293369
1342153362565984258,negative,4.085572917828661e-05
1342153375039819780,negative,4.301094882263365e-10
1342153375178129412,negative,0.010821739943380863
1342153380953731073,positive,0.9184128822879598
1342153380991541250,negative,1.1967611115933768e-09
1342153383432609792,negative,0.009261737488122862
1342153383499735045,negative,0.0003448420866964124
1342153383587807233,neutral,0.6149732941538079
1342153383604592643,negative,0.012977270866622386
1342153384401448961,negative,0.0007098065446854892
1342153387064832000,neutral,0.49789225920557484
1342153389644410881,negative,0.04462791309902938
1342153390357422084,negative,0.07107058159338464
1342153391468916736,negative,0.09414603289396443
1342153391972233216,negative,0.11842947483817863
1342153391997399043,negative,0.2613248007609279
1342153393540837378,negative,0.21047953907773329
1342153393859657734,negative,0.11182245947334335
1342153393901592576,positive,0.7364552304579606
1342153394648059904,negative,0.02312814423556466
1342153394778238979,neutral,0.3593672214136314
1342153395206033411,negative,1.6734281074416479e-10
1342153395449319424,neutral,0.438006710951531
1342153395692597249,negative,0.010959568899694983
1342153395986165763,negative,0.09646578667338862
1342153396124585991,negative,0.08689490951447258
1342153396653072384,negative,0.005557068525823104
1342153396715991041,negative,5.001696173137159e-06
1342153397831688194,negative,7.30774934935384e-05
1342153398242729985,neutral,0.5391371911639813
1342153398578249735,negative,0.008002740267951025
1342153398947368962,negative,4.429319665962582e-07
1342153399572295680,negative,0.00044286331715456817
1342153401908555776,negative,0.021832781444602187
1342153402290155520,negative,0.21047953907773329
1342153402961297409,negative,0.02312814423556466
1342153403363774464,negative,0.054327400666022506
1342153410523623424,negative,0.11924197513035559
1342153410531962882,negative,0.00026044834046333676
1342153410901061632,negative,0.10977482800689495
1342153411123433473,negative,0.3020135550609068
1342153411232350210,negative,0.008425904554895676
1342153412608196608,negative,0.30432713635852227
1342153412767584259,negative,0.000725745494711989
1342153413124100108,negative,0.0005271496179503533
1342153414847901697,positive,0.9205393517642273
1342153414889844743,negative,0.00017207712341774485
1342153414919254018,negative,0.008334955680392745
1342153414965387264,negative,0.092566265101455
1342153415389011970,negative,0.009087159101972653
1342153415519039489,negative,0.0021116303739656416
1342153415925755904,negative,1.1554566603198996e-05
1342153415930093568,negative,0.0005819333606554976
1342153416118829057,positive,0.6890536672459633
1342153419117580296,negative,0.08918055955368544
1342153420090859522,negative,0.052320994155700504
1342153421512699907,negative,0.02440565801217755
1342153423261753345,negative,0.16176363966730578
1342153424339550208,positive,0.6745554052340406
1342153425061085194,negative,0.0069571137892871044
1342153426227048448,negative,8.885466562234789e-05
1342153427309260800,negative,0.008002740267951025
1342153427959341058,negative,0.009087159101972653
1342153428072620034,negative,0.06128345454587786
1342153428286529536,negative,1.6734281074416479e-10
1342153428710076416,negative,0.21687849046531163
1342153428777234437,neutral,0.33623359787652535
1342153429079252992,negative,0.21551926719774733
1342153430052253700,negative,0.033815380081671904
1342153430119362560,negative,2.3207361130147617e-09
1342153431302201344,negative,0.00015598799805013335
1342153431641952258,negative,0.2842014134721643
1342153433197981699,negative,0.005872918506056955
1342153434263396352,negative,5.001696173137159e-06
1342153435890798593,negative,0.0038505335777279217
1342153436381384705,negative,0.00011941724193488018
1342153437027454976,neutral,0.41710648645367876
1342153437501394946,negative,0.11033247199339155
1342153437908250625,negative,0.028883334796173155
1342153438008909825,negative,0.034168297047262965
1342153438491275264,negative,0.21047953907773329
1342153438583431169,negative,0.24396968572718591
1342153439615332353,negative,0.0412732402174507
1342153439875387394,negative,0.05452281977696587
1342153440307232771,positive,0.8421616836382435
1342153440911368192,negative,0.00036698065428222344
1342153441628590086,negative,0.3299369520233627
1342153442450661377,negative,0.2073124719616097
1342153443775971329,negative,0.02312814423556466
1342153444841435139,negative,0.0022041068911777435
1342153445009022982,negative,0.021685254312139447
1342153445038559234,negative,0.021832781444602187
1342153445092945922,negative,0.021685254312139447
1342153445097160706,negative,0.021685254312139447
1342153445525041165,negative,0.0002755830172568149
1342153449119641601,negative,0.0001039175126215644
1342153449169940481,negative,2.5748448314182146e-05
1342153449916416000,negative,0.014921409828964609
1342153451313225730,negative,0.0007929404103188511
1342153451711688704,negative,0.0006928238528478394
1342153451833184263,negative,0.009366623533087502
1342153452550463488,neutral,0.4461733275406525
1342153453573976064,negative,0.0009914381637920345
1342153454987472896,negative,0.00363036381272472
1342153455226540033,neutral,0.47878153849390703
1342153455377518602,negative,6.384235841134826e-11
1342153457214648323,positive,0.9487637637087933
1342153457608892417,negative,1.6734281074416479e-10
1342153457759825921,negative,0.012376378919967288
1342153458531504128,negative,8.49050213209397e-08
1342153460196716548,negative,0.005649617191571445
1342153460293234688,negative,0.003121316702415719
1342153463552241668,negative,9.761622158158853e-07
1342153464072298503,negative,5.001696173137159e-06
1342153464118435841,negative,0.0001568571784537398
1342153464277827584,negative,0.16032660318925046
1342153465083080704,positive,0.6830689139170363
1342153465536126980,negative,3.1523096481486244e-06
1342153466488254464,negative,0.02520165804122861
1342153466534387713,positive,0.9270733017928835
1342153466685366273,neutral,0.37628681631538385
1342153466916069379,negative,0.12962009069807864
1342153467205443584,neutral,0.33727600713706035
1342153468107218945,negative,1.4951304000415723e-05
1342153468983836675,negative,0.027289744188104013
1342153469013200902,negative,0.00011524530286741981
1342153469260660738,negative,0.052320994155700504
1342153470015643653,negative,1.910249147040122e-05
1342153470955163648,negative,0.021814056619496727
1342153471043260418,negative,5.001696173137159e-06
1342153473148608512,negative,0.0069571137892871044
1342153473761169408,negative,0.09646578667338862
1342153473811501068,negative,0.000485581170854973
1342153473886969863,negative,5.001696173137159e-06
1342153473886998529,negative,0.009556971130213204
1342153474218348545,negative,0.027829226260964745
1342153474482393088,negative,0.011596964255212673
1342153475023638533,negative,0.027289744188104013
1342153475413708800,negative,5.001696173137159e-06
1342153475438878721,negative,0.011596964255212673
1342153476009324548,negative,0.0017186828185257136
1342153476936232970,negative,0.0037366772797827424
1342153477611384832,negative,0.0010427729243528215
1342153478949523461,negative,0.008285294134682705
1342153479327019009,negative,0.015628719614071678
1342153479910027265,negative,0.24427329965715436
1342153481830936576,negative,0.003566906859200871
1342153482518863873,negative,0.27648209669329427
1342153483726827521,negative,0.016855376936074692
1342153483886071808,negative,0.011596964255212673
1342153484951556103,negative,0.00017582172268412865
1342153485714907146,negative,0.0006200594099677314
1342153485886894081,negative,0.18917555239952435
1342153487031926791,negative,8.439267767097397e-08
1342153487048704005,negative,0.00741627213827822
1342153487526858752,negative,0.015565404561229668
1342153488676118530,negative,0.15301998045035217
1342153489271693319,negative,0.0002755830172568149
1342153490429321217,negative,8.885466562234789e-05
1342153491167531008,negative,4.0430999370713804e-13
1342153491293364224,negative,0.002745298738113449
1342153491343695872,positive,0.9205393517642273
1342153492522274825,negative,0.05161130577266361
1342153492874600448,negative,3.1888847204197865e-05
1342153495143739393,negative,0.06640051744579871
1342153495453921282,negative,0.019463299758375695
1342153495458283521,negative,6.17938220872769e-05
1342153495521210369,negative,0.0021116303739656416
1342153495953211392,negative,0.10994229332706695
1342153495986712577,negative,0.0034523858155143363
1342153496544481280,positive,0.9671304898346147
1342153496645181440,negative,0.03845309961145903
1342153496875982848,negative,0.04326749920868208
1342153497521881088,negative,0.11705960195381153
1342153498721398784,negative,0.04275548090686738
1342153498750832642,negative,0.09421973755316626
1342153500080398336,neutral,0.5409932244914993
1342153500168482816,negative,0.029966898860864934
1342153500424359936,neutral,0.3816840056458336
1342153500957007873,negative,0.005058963611082928
1342153502869614592,negative,6.556125086403295e-05
1342153503981121536,negative,0.2906278741030604
1342153507076452352,negative,0.0033185809036079534
1342153507906977792,negative,0.19512902450161523
1342153508288663552,negative,0.0003082441436803875
1342153508787728384,negative,0.019016471764847734
1342153510071238656,negative,0.0002755830172568149
1342153511140777986,negative,0.11884105538474297
1342153511560228864,negative,0.09758234103676629
1342153512470392833,negative,9.835295791170858e-10
1342153512596205569,negative,0.003778780709496659
1342153512923312130,negative,0.008002740267951025
1342153512944336897,negative,0.00011552585557457573
1342153513250545666,negative,0.026241123901954468
1342153513422499841,neutral,0.33623359787652535
1342153513917440000,negative,0.0007215222070526154
1342153515838431234,negative,5.001696173137159e-06
1342153515960070144,negative,0.12703271384507175
1342153516064919553,negative,0.009641129150223094
1342153516555624451,negative,0.04126977234668852
1342153516803104771,neutral,0.46318326475361027
1342153517084143616,negative,0.2164295994262103
1342153517511954432,negative,1.0174029987668273e-05
1342153517612544000,neutral,0.6166747953299241
1342153517818130433,negative,0.06106744169493714
1342153518321463297,negative,0.21659070216520487
1342153518485024771,neutral,0.3920775259595825
1342153519265181696,negative,0.27538537887707226
1342153519546171392,negative,0.0010622548059183094
1342153519881740290,positive,0.7551920784622247
1342153519978213377,negative,0.0898859173980726
1342153522368950275,negative,0.00025108172501963667
1342153522784165888,neutral,0.3376157738488888
1342153524117819392,negative,0.0432731921126461
1342153524117991430,negative,0.1437549869102453
1342153524772220931,neutral,0.38980451004723643
1342153525103476736,negative,0.10787524446433075
1342153525594386433,negative,0.0004180395850782589
1342153526160592899,negative,8.277971471996416e-05
1342153528219983874,negative,0.0001690060164897966
1342153528417120259,negative,0.010821739943380863
1342153529675436035,negative,5.001696173137159e-06
1342153529692221446,negative,0.30432713635852227
1342153530342322178,negative,0.011538404096376137
1342153531407687682,negative,0.029325265205113263
1342153531529244674,negative,0.157523823469074
1342153532267442176,negative,0.00921716969955868
1342153532326244353,negative,0.016740922947494765
1342153533244772354,negative,0.13467339204295112
1342153533500567554,negative,0.01427651978628213
1342153533735387142,negative,0.04309523899221751
1342153534721183746,neutral,0.4299071923816135
1342153534884687872,negative,0.028883334796173155
1342153535002173441,negative,0.01266060370634821
1342153536361156608,negative,0.13512686681630218
1342153536717598724,negative,0.09711881535077527
1342153537447485447,negative,7.548841920217413e-06
1342153538567286785,negative,2.3614783932145e-08
1342153539364282368,negative,0.26076950668447035
1342153539536171013,positive,0.9735534666991177
1342153539536216065,negative,0.21047953907773329
1342153539594969090,negative,0.2605324407373723
1342153540219904003,negative,1.1799024330240125e-06
1342153541536915456,neutral,0.4732958491829495
1342153541599842304,negative,0.006896792122881261
1342153542937825281,negative,0.11281984553626843
1342153543143272448,negative,0.015773583174067275
1342153543436926978,negative,0.08675644068887371
1342153543503867905,negative,0.11924197513035559
1342153544502272002,negative,0.03222573416639304
1342153544980459520,negative,0.013721923908731734
1342153545685086210,negative,0.003413067213581349
1342153545961844736,negative,0.0069571137892871044
1342153546259693571,negative,0.0029294430571814014
1342153546351976449,positive,0.8241667247123412
1342153546976948228,negative,0.0017186828185257136
1342153547249549316,neutral,0.5608912584217474
1342153547362803714,negative,0.009974783398437057
1342153547463282689,negative,0.20828494091279945
1342153547476045825,negative,0.0006726122019988871
1342153547522179075,negative,0.010414104679443252
1342153548797247488,negative,0.013302237061209862
1342153549908738048,negative,0.013264906367471251
1342153550214922240,negative,0.15884973808023384
1342153550604939264,negative,0.0006618755121295592
1342153550797938689,neutral,0.3593672214136314
1342153551297056769,negative,0.24788140837292044
1342153551393525767,negative,0.003983690503770904
1342153551611617284,positive,0.9025902875945664
1342153551942922247,negative,0.1233919987540032
1342153553490685956,negative,1.6734281074416479e-10
1342153553637470209,negative,0.0028399999552511036
1342153556384751616,negative,1.4111992767671584e-06
1342153557127135236,negative,0.21878833430299058
1342153557487857664,negative,1.016954370319264e-07
1342153557693386754,positive,0.8402101995146604
1342153559283007489,negative,0.004906386306334919
1342153559878598656,negative,0.2034864737320364
1342153559882784770,negative,0.15237137935820858
1342153560369360897,negative,5.001696173137159e-06
1342153560574844934,neutral,0.5750104166423131
1342153561698951170,negative,0.00016036712028058784
1342153562428760064,positive,0.9848729805812653
1342153562529402880,neutral,0.47371072416927557
1342153563397632000,negative,0.0003275646941694135
1342153563485691904,negative,5.001696173137159e-06
1342153563871576064,negative,1.6734281074416479e-10
1342153563921932292,neutral,0.3499352441185855
1342153563967991809,negative,0.16722382616251752
1342153564035010560,negative,0.0802368461190806
1342153564085358592,negative,0.043993163311094964
1342153565796708353,negative,1.7161990852840349e-07
1342153566601900033,negative,0.0005845633072789418
1342153567721959430,negative,1.3567657709369757e-07
1342153567864500225,negative,0.00849309960577442
1342153567956836352,negative,0.00017582172268412865
1342153568766328837,neutral,0.5908766672630462
1342153568883761154,negative,0.027289744188104013
1342153571211616256,negative,0.0001690060164897966
1342153571484266498,negative,0.00013875820220372935
1342153571714920450,negative,0.0004511022549333818
1342153571790426114,negative,0.0005305527608219524
1342153572042080256,negative,0.09640323611645361
1342153572063080449,negative,0.001654093385975514
1342153572125990912,negative,0.010821739943380863
1342153572386021377,neutral,0.49789225920557484
1342153574525054978,negative,0.0015616565911547543
1342153575040954368,negative,0.20432965143997953
1342153575292669953,negative,0.0013957967114211825
1342153575988928515,neutral,0.595202635083463
1342153576056057856,neutral,0.4232078962494373
1342153576504832002,negative,0.05699214767406059
1342153578878824450,neutral,0.381508138592727
1342153579168149505,neutral,0.33623359787652535
1342153579814129664,negative,0.0010388997081749792
1342153579830906883,negative,0.003077898514334927
1342153579998695424,negative,0.07192298659144568
1342153580543946759,negative,0.054327400666022506
1342153580917256193,neutral,0.6489077768764223
1342153580975955968,negative,5.001696173137159e-06
1342153582594961411,negative,1.9867513443824337e-05
1342153583609982976,negative,0.001820181155187131
1342153583861637121,negative,0.00045132505137832643
1342153584956243969,negative,1.0412367226818305e-05
1342153586998915076,neutral,0.5472960823705576
1342153587414212608,negative,0.25380076829799114
1342153588492165122,negative,0.004849585118641502
1342153589351968772,negative,0.25380076829799114
1342153589419085826,negative,0.0011982354586618353
1342153590622851073,positive,0.7560908973998467
1342153590924845058,negative,0.00016171073529718208
1342153591319121922,negative,0.2514385832700579
1342153591642009603,negative,0.01741935496928855
1342153591868583938,negative,0.0001382907057797968
1342153592153772035,neutral,0.3593672214136314
1342153592162156544,negative,0.12182690509467343
1342153592271233029,negative,0.054327400666022506
1342153592283795456,negative,0.001465722038859222
1342153592527007748,negative,0.002745298738113449
1342153592673861635,negative,0.1994694027461982
1342153592715833350,neutral,0.47371072416927557
1342153593093300225,negative,0.011059117830160798
1342153595341434881,negative,0.037099999874296394
1342153595354042369,neutral,0.5549267714336705
1342153596817780736,negative,1.7161990852840349e-07
1342153596993994761,neutral,0.36067068112873035
1342153599258931200,negative,0.0010427729243528215
1342153599724478464,negative,0.015565404561229668
1342153600018083843,positive,0.8260534269944707
1342153600567554049,negative,0.14934222542602554
1342153600626274311,negative,0.09381313098852266
1342153601339289601,negative,0.01465420266613809
1342153601699950600,negative,0.14979215823549333
1342153602132037633,negative,0.02110438221067509
1342153602152980488,negative,0.016917380996999163
1342153602194935809,negative,0.2223947256174405
1342153603407106049,negative,0.008002740267951025
1342153604011089926,positive,0.9105502578511375
1342153604401164288,negative,0.0011902757213991234
1342153605663444992,negative,0.0021116303739656416
1342153606196305920,negative,0.0010388997081749792
1342153607869849600,negative,0.032337177208207106
1342153608016510977,neutral,0.49789225920557484
1342153608570294283,negative,0.08425730305887004
1342153608595451904,negative,0.0007929404103188511
1342153609304297474,negative,0.05373020492671784
1342153609358827526,neutral,0.6149732941538079
1342153610243792898,negative,0.0010427729243528215
1342153611674054656,negative,0.2611621137273265
1342153612005404673,negative,0.0007929404103188511
1342153612651339776,negative,0.003142287567010316
1342153613523599360,neutral,0.3767435055654218
1342153613624233989,negative,0.271155428753468
1342153614085607424,positive,0.9469833316086539
1342153614190641152,negative,5.381563203372152e-05
1342153614471688194,negative,0.0002755830172568149
1342153616916942848,negative,0.23554288921650945
1342153617260871691,negative,0.0012638920586640191
1342153620062666752,positive,0.8095152265392336
1342153620545015808,neutral,0.5490292481829452
1342153621656530945,negative,0.00029196341699747616
1342153622017122304,neutral,0.46127768308170247
1342153622545723392,neutral,0.5368523055443009
1342153625095852033,negative,0.27538537887707226
1342153625842413568,negative,0.07726435786683304
1342153625959854081,negative,0.002016559111491992
1342153626022801408,negative,3.561629459391233e-05
1342153626244935681,negative,0.0001372522694666519
1342153626433822726,negative,0.005557068525823104
1342153626660216832,negative,0.009655167226292012
1342153626828099585,negative,0.0008067471435549648
1342153626857439233,negative,0.16289514496898516
1342153628820393986,negative,0.0013241467055976107
1342153629193687047,neutral,0.4215531227116738
1342153629327884288,negative,2.531760760566459e-05
1342153629340479489,negative,0.012129802154643673
1342153629566963715,neutral,0.35901917105626846
1342153629831221252,negative,0.0006832830193695865
1342153629940256772,neutral,0.4215531227116738
1342153633228533761,positive,0.6609361976307044
1342153633308270597,negative,0.12188388017780136
1342153633673175042,negative,0.08273902024434268
1342153634382032898,negative,0.01973158284621792
1342153634541412353,negative,0.27926391863729233
1342153634654597121,neutral,0.4076670781044594
1342153634709123072,negative,0.04781960394358314
1342153635602587649,negative,0.022964716368658107
1342153636554661895,negative,3.927924613128538e-05
1342153636760014848,negative,0.07012912088702614
1342153637037035520,negative,0.27402236122247564
1342153637343223809,negative,5.001696173137159e-06
1342153638584659970,neutral,0.33623359787652535
1342153638613983232,positive,0.9996679469659898
1342153638672814080,positive,0.7088771082093664
1342153638760873986,negative,0.14736507045868152
1342153641625612288,negative,2.4457780680198168e-06
1342153642380587008,negative,0.011596964255212673
1342153642468651011,negative,0.02312814423556466
1342153642556665856,positive,0.7112264328727067
1342153642799816704,negative,0.32476060762037645
1342153642971947008,negative,1.1799024330240125e-06
1342153643114586112,negative,0.019082453908448597
1342153644418846721,positive,0.8488784103859388
1342153645396287488,negative,0.0008596891898833029
1342153646084153355,negative,0.012487335807890914
1342153646298034176,positive,0.9814390750011744
1342153646352588801,positive,0.8359917651841152
1342153648328105986,negative,0.002911858949305761
1342153649796112385,negative,5.327902248902009e-11
1342153649842216963,negative,0.1994694027461982
1342153650165186560,negative,0.2844159490137059
1342153651062792192,negative,0.06426464958996005
1342153651268284416,negative,3.3277212746636314e-05
1342153653612933121,negative,0.15237137935820858
1342153655278047235,negative,0.06970667733471696
1342153655470985218,negative,0.0019742200850810976
1342153655760273410,negative,1.894836895761861e-05
1342153657786228737,negative,0.00030250149425897603
1342153658356674573,negative,0.00044286331715456817
1342153662089539584,negative,0.0070622827309985555
1342153663217881088,negative,0.12031485348697876
1342153664719278082,negative,9.222901635241756e-05
1342153665130455043,negative,0.0006004748683393548
1342153665398755328,negative,0.2906278741030604
1342153666468347906,negative,0.06963969370949581
1342153666745282563,negative,0.2906278741030604
1342153666917240834,negative,0.025471180128984684
1342153667420545025,negative,0.003566906859200871
1342153667789598723,negative,7.548841920217413e-06
1342153668200689665,negative,0.004780373107154429
1342153668389449730,negative,8.885466562234789e-05
1342153668553035776,negative,0.17924444010584145
1342153672273371136,negative,6.813862274628636e-08
1342153672327880705,negative,0.060501586096609446
1342153675091931136,negative,0.2774991482581568
1342153675272286209,negative,0.00036698065428222344
1342153675356184580,negative,0.022964716368658107
1342153675888881665,negative,0.0702755496756272
1342153675909816320,negative,9.704054076440848e-05
1342153676517998593,negative,0.17493183951753083
1342153678808096768,negative,0.005308712800262438
1342153679328182274,negative,0.0029840733242146827
1342153680015872000,negative,0.0010427729243528215
1342153680410320899,negative,0.0060171394668596355
1342153681131745281,negative,0.006671141875045404
1342153681295339520,negative,7.771742229368685e-05
1342153683308408833,negative,0.13062966627828346
1342153684545781760,negative,0.00044286331715456817
1342153684948549635,negative,0.054327400666022506
1342153684969529348,negative,0.0003547338786500015
1342153686244597764,negative,0.03809247528106545
1342153686257184769,negative,0.010821739943380863
1342153686412382208,negative,9.726659626817363e-06
1342153686513029123,negative,0.04275548090686738
1342153687154749441,negative,0.000239193657099081
1342153687171555330,negative,7.789885408308987e-07
1342153687347703810,negative,0.00025851919782632853
1342153688253657089,negative,0.08604282488708964
1342153688345948162,positive,0.9205393517642273
1342153688526286852,negative,0.2148034929280826
1342153688610177024,negative,0.09640323611645361
1342153688945713154,negative,2.7033837434018865e-05
1342153690417913863,negative,0.06426464958996005
1342153691672018945,negative,0.0006185145512758461
1342153692162752515,negative,0.06099425073977465
1342153692481523718,negative,0.0005819333606554976
1342153693257494528,negative,0.2613248007609279
1342153693513330689,negative,5.001696173137159e-06
1342153693756592139,neutral,0.6475852229063868
1342153694025031681,negative,0.020674868635403694
1342153694046003201,negative,0.0706528566680088
1342153695589355520,negative,0.00016036712028058784
1342153695740493826,negative,0.004174535258129079
1342153696025726976,negative,0.00849309960577442
1342153696629694464,neutral,0.3593672214136314
1342153696851931138,negative,0.0272770270803665
1342153697208500225,negative,0.15237137935820858
1342153697716031493,negative,0.007645255270188219
1342153697766174720,negative,0.1828032273543383
1342153699628642305,negative,1.8960165536796278e-07
1342153700173864960,neutral,0.5871088658505342
1342153700266172417,neutral,0.502844809291071
1342153700626853888,negative,0.023849355284841115
1342153701033730049,negative,0.13870343936031082
1342153702581395457,negative,0.21700786916551124
1342153703114084358,negative,0.0004398069040672222
1342153704858918913,negative,0.012850310061991384
1342153705492242439,negative,0.002494458538065088
1342153706096259072,negative,0.057100421758971884
1342153706108669952,neutral,0.4215531227116738
1342153706192723969,negative,2.6551873154995943e-06
1342153706586992645,negative,2.6768448590877754e-05
1342153706926702592,negative,0.24299071089802127
1342153707174158343,negative,0.07107058159338464
1342153707295653889,negative,0.010913431004332586
1342153709187432449,negative,0.01209414323385881
1342153709246160896,negative,0.0073824643827614675
1342153709736898563,negative,5.3177974286809735e-06
1342153710005149702,negative,0.0011939324646786946
1342153710038867970,neutral,0.6149732941538079
1342153710831628292,negative,0.0013472911878420859
1342153712328990720,negative,0.0847488558838257
1342153712538628096,negative,0.0033570373241131168
1342153712991678468,negative,6.12611714233203e-05
1342153713650171907,negative,0.11878569332368277
1342153713683738625,negative,0.0010427729243528215
1342153713885048833,negative,0.034168297047262965
1342153714077814784,negative,0.2906278741030604
1342153714304475137,negative,0.24938481226141682
1342153714698772482,negative,0.00023273286480038127
1342153714807828481,negative,5.001696173137159e-06
1342153716611379202,negative,0.06781343276278987
1342153716758155264,negative,0.004701627538831651
1342153717160812545,negative,0.0006618755121295592
1342153717232132096,negative,0.2906278741030604
1342153718314242048,neutral,0.4215531227116738
1342153718368710657,negative,0.0013614756126234773
1342153718695931906,negative,0.05528446120294227
1342153718926635014,negative,3.363747825194886e-05
1342153721212526592,negative,0.0019776109645981877
1342153721434746881,negative,0.25724215248665205
1342153721799725058,neutral,0.49789225920557484
1342153722093314054,negative,0.0006331044747352487
1342153722110074880,neutral,0.49789225920557484
1342153724236615684,negative,8.721269468323858e-06
1342153724819611649,neutral,0.5024549303604945
1342153725566189569,negative,0.1123542187380721
1342153727059357700,negative,0.20828225876074594
1342153727113900032,negative,0.034808686730241734
1342153727231340546,negative,0.016427604373005056
1342153727533322241,negative,0.0007929404103188511
1342153729152147456,negative,0.27538537887707226
1342153729156366338,neutral,0.6149732941538079
1342153729211060225,negative,5.001696173137159e-06
1342153729374646273,negative,5.001696173137159e-06
1342153729701801987,negative,0.0002889641373474622
1342153729777295361,negative,0.003566906859200871
1342153731656327168,negative,5.001696173137159e-06
1342153732495208448,negative,5.001696173137159e-06
1342153733321486339,negative,0.037468232963498084
1342153734458122240,negative,0.023075944015281635
1342153735255035905,negative,0.0008788004964417757
1342153737473822723,negative,0.18575529401966948
1342153738048438275,negative,0.022462354256301727
1342153738895695873,negative,0.006112180904382101
1342153739415777282,neutral,0.513136929509853
1342153739495473156,negative,0.009915330295003391
1342153739843629056,negative,0.0641549146612599
1342153740325949442,negative,0.10489656397742007
1342153741626126337,negative,0.0011313791537525216
1342153742246965251,negative,0.004214753926543237
1342153742532096005,negative,0.05352475611900498
1342153744050499584,negative,0.21047953907773329
1342153744067256320,negative,0.0003874801047200541
1342153746294349826,negative,5.871701206826582e-05
1342153746588041216,negative,0.3081067398812138
1342153746839601152,negative,0.0021116303739656416
1342153747242344448,negative,0.16532172419126437
1342153747447881730,negative,0.002745298738113449
1342153747670200320,negative,0.0004760529356788509
1342153747879878657,negative,0.05352475611900498
1342153748098019328,negative,0.1994694027461982
1342153750509715456,negative,0.11630316019335102
1342153751113641984,negative,3.142822654108156e-05
1342153751981936640,negative,0.2223947256174405
1342153752271331330,negative,5.001696173137159e-06
1342153752455696385,negative,1.6734281074416479e-10
1342153752481038336,negative,0.0002977093060074143
1342153753236033538,neutral,0.5490292481829452
1342153754305560579,negative,0.1037734448413423
1342153754548822019,negative,0.045237078153474955
1342153755119263744,negative,6.824266367392315e-07
1342153756398530568,negative,0.027289744188104013
1342153756524179459,neutral,0.44193049347687885
1342153756671152129,negative,0.05042122367904857
1342153756792807426,negative,0.0011618443054844621
1342153757405147139,negative,0.0004760529356788509
1342153757828775936,negative,0.004911521286639298
1342153758399193089,negative,0.006652079456480197
1342153758583754754,negative,0.0005483299208524088
1342153759900782592,neutral,0.5630410866502906
1342153760253095938,negative,0.0005513534658065328
1342153760773177345,negative,0.023832841112034736
1342153761440067585,negative,0.238428800670322
1342153761683333120,positive,0.8072178014602105
1342153762593497094,negative,8.676345324405635e-06
1342153763033907208,negative,0.0009215395441343478
1342153763138793474,negative,0.0008430454380527071
1342153763872772098,negative,0.14979215823549333
1342153763906322432,positive,0.8241667247123412
1342153764724219908,negative,0.00044155849038958066
1342153764724232192,negative,3.4991162172496064e-10
1342153767026884610,negative,0.13036130171474938
1342153767702192130,negative,0.011299369399161294
1342153768201281536,negative,0.0017083787440911415
1342153769551802370,negative,0.048699028157767464
1342153769883152390,negative,5.001696173137159e-06
1342153769962844161,negative,0.0006511462771957673
1342153771367981056,negative,0.09640323611645361
1342153772668215296,negative,6.256942625617613e-06
1342153773649555456,negative,0.0013309581222396769
1342153773712601088,negative,0.19267078773348426
1342153776430534657,negative,0.20828494091279945
1342153777382612992,negative,0.02312814423556466
1342153778393280512,positive,0.9222231640455014
1342153778489921536,negative,0.11924197513035559
1342153778770935809,negative,0.00021000429826306658
1342153781056835584,negative,0.010051846711497194
1342153781669208064,negative,5.001696173137159e-06
1342153781941739520,negative,0.009655167226292012
1342153781941821440,negative,4.128650826309591e-06
1342153782017347584,negative,0.001003214872194098
1342153782554218500,neutral,0.604908796989935
1342153782721982465,positive,0.923139291310461
1342153782801686528,negative,0.02312814423556466
1342153782898143233,negative,0.26076950668447035
1342153782982045704,negative,0.009087159101972653
1342153783808319488,negative,1.2137587316032155e-05
1342153784777191426,negative,5.001696173137159e-06
1342153784974311426,negative,0.0043437810112414875
1342153785209221121,negative,2.01061649394996e-06
1342153785251160066,positive,0.9312237680373932
1342153785586700291,negative,0.000725745494711989
1342153786228432899,negative,5.001696173137159e-06
1342153789663490050,neutral,0.49789225920557484
1342153789911019521,negative,0.16169099762394964
1342153791173513216,negative,0.0001618715877547291
1342153791379038208,negative,7.695317181248532e-07
1342153791882342401,negative,5.001696173137159e-06
1342153793769775105,negative,0.022184555405539243
1342153793966903297,negative,0.0563363644219922
1342153795145400320,negative,0.054327400666022506
1342153795351011328,neutral,0.3726847435457324
1342153796819017729,negative,5.001696173137159e-06
1342153796902920203,negative,0.27538537887707226
1342153797116829698,negative,0.00015598799805013335
1342153798287060992,positive,0.8241667247123412
1342153799268331520,negative,0.00044286331715456817
1342153801621532673,negative,5.067111439135553e-05
1342153801952800768,negative,0.03322602911834677
1342153802435203078,positive,0.7088771082093664
1342153803009814529,negative,0.006671141875045404
1342153803336998912,negative,0.015155107296918732
1342153803374727169,negative,0.31297259541654526
1342153803420872707,negative,0.0051690509653073095
1342153804574285825,negative,5.2354190461617574e-05
1342153804653993987,negative,0.0060171394668596355
1342153804700143618,negative,0.0016387731188780338
1342153805857746946,negative,5.001696173137159e-06
1342153806268788737,negative,0.16280582794327256
1342153806407233538,negative,0.24069718251009975
1342153806646280198,negative,0.2822862736216238
1342153806759538693,negative,0.00017582172268412865
1342153806893772804,negative,0.28065583592395604
1342153807254319104,negative,9.528668099425474e-08
1342153808898625541,negative,0.00042647619539366974
1342153810412711938,negative,0.0005819333606554976
1342153810530234369,negative,0.006666050148015849
1342153811096436736,negative,0.01366302732957199
1342153811289382913,negative,0.20828494091279945
1342153812031631361,negative,0.004913631829117438
1342153813524963329,negative,0.000725745494711989
1342153814086979584,negative,0.010821739943380863
1342153814359609346,negative,0.00017582172268412865
1342153814938427392,negative,5.001696173137159e-06
1342153815185895424,negative,0.019153007750891342
1342153815609417729,negative,4.054259603472826e-07
1342153815831670784,negative,0.00012357398151920812
1342153815924109312,negative,0.009655167226292012
1342153816117030914,negative,0.007341891221620342
1342153817488564224,negative,0.0012802493548384288
1342153817983475712,negative,5.21059358334464e-07
1342153818126094336,negative,0.02329323645236039
1342153818172239875,negative,9.284858554693108e-05
1342153818532839425,negative,0.00015058623294954873
1342153819757686791,negative,0.001646052607465433
1342153819841572866,neutral,0.33113119352556253
1342153819904503809,negative,0.022964716368658107
1342153821565448195,neutral,0.3381089209676091
1342153821808680962,negative,0.005024477676082971
1342153822001627136,negative,7.732899791390422e-05
1342153822018351106,negative,0.26550332895577433
1342153822454616066,negative,0.028883334796173155
1342153822907588610,neutral,0.49789225920557484
1342153824270766081,negative,0.12309367964302582
1342153824564346882,negative,0.1658986689049587
1342153827668156417,negative,0.00032842889342098505
1342153828033064963,negative,0.14979215823549333
1342153830348300293,negative,0.017840404156025128
1342153830394429441,negative,0.017514075186211453
1342153831296208896,negative,0.01946934548437986
1342153831816290304,negative,0.0010427729243528215
1342153832017453056,negative,0.00025185021101227164
1342153833955418116,positive,0.792008497624949
1342153834072846338,negative,0.056064655995890535
1342153834530013185,negative,5.001696173137159e-06
1342153834844577793,negative,0.0004392791343105455
1342153835318554624,negative,0.016427604373005056
1342153835389841411,positive,0.9477931060999414
1342153835398230018,negative,0.0479208624284839
1342153836899794944,negative,0.05528446120294227
1342153836966924288,neutral,0.5646816220814923
1342153837562327047,negative,0.027289744188104013
1342153839475093505,negative,6.367843770837767e-07
1342153840783732736,negative,5.001696173137159e-06
1342153840955559937,neutral,0.4232078962494373
1342153841060564993,negative,0.0004760529356788509
1342153841387728900,negative,0.0069571137892871044
1342153842285277194,negative,0.06232861534326934
1342153843128348672,negative,0.00040965037373199984
1342153843317092353,positive,0.7721233048357815
1342153843493249024,positive,0.7806511300713626
1342153844130660354,negative,0.029285760829236937
1342153844516671493,negative,0.03857391923157227
1342153844629782529,negative,0.11924197513035559
1342153844936085506,neutral,0.4844527213700916
1342153845602983938,neutral,0.398180521791012
1342153845854642177,negative,0.008285294134682705
1342153846852730880,negative,0.004363795759413647
1342153847062589445,negative,0.00045817185760475403
1342153847926566913,negative,1.2229954070059822e-05
1342153848924868610,negative,0.1808381791238687
1342153849679867904,negative,0.09446607658361883
1342153849872789506,neutral,0.437369725752128
1342153849969156097,negative,0.0017544270121222598
1342153850963324930,negative,0.00017582172268412865
1342153851261112321,negative,1.6734281074416479e-10
1342153851298861058,negative,0.012080350975762542
1342153851651190784,negative,7.219399210988782e-05
1342153851823136772,negative,0.00021005645049827702
1342153852527783938,negative,1.8266802005945085e-05
1342153853052063752,neutral,0.5533970533999424
1342153855082127363,negative,0.046453844139325524
1342153855975514114,negative,0.0001618715877547291
1342153856357183490,negative,2.5987155852303245e-05
1342153856717910016,negative,0.058953509185247416
1342153857254764546,negative,0.04868275178669267
1342153857413963776,negative,0.0006101233508810849
1342153857544105990,negative,0.009801277970333255
1342153859175690246,negative,5.001696173137159e-06
1342153859297398785,negative,5.001696173137159e-06
1342153860853485575,negative,0.11459250768017797
1342153861172236295,negative,7.480970799753317e-06
1342153861436465152,negative,0.009087159101972653
1342153861897867265,neutral,0.49789225920557484
1342153863424520194,negative,0.011549384426958777
1342153863537844230,negative,0.0069571137892871044
1342153864175300610,negative,0.020662502153600684
1342153864510906370,negative,1.2137587316032155e-05
1342153864703836160,negative,0.00451595085493334
1342153864934395909,negative,0.0004760529356788509
1342153865337171974,negative,1.2899789086896046e-05
1342153865504956417,positive,0.9845644697550272
1342153869061726211,negative,0.00044286331715456817
1342153871712522240,negative,0.02312814423556466
1342153872501043204,negative,0.2517456297231813
1342153872937246722,negative,0.001318030393695084
1342153873264357376,negative,8.709865121717521e-05
1342153874375925761,negative,0.0537374120531692
1342153874434621441,negative,0.0010427729243528215
1342153874757591040,negative,1.2137587316032155e-05
1342153874870685696,negative,0.0005065676908913339
1342153876238184449,negative,0.014921409828964609
1342153876645015559,negative,0.00031315001716344807
1342153876665999365,negative,0.11924197513035559
1342153878188523523,negative,0.011538404096376137
1342153879853662208,negative,0.09815553852711636
1342153880273096705,negative,0.00025592611092818305
1342153880310845446,positive,0.9757135295126074
1342153880411529217,neutral,0.5533970533999424
1342153881040662529,negative,1.8629426471344644e-06
1342153881539796994,negative,0.0025745293428542705
1342153881829191681,negative,5.001696173137159e-06
1342153881971793920,negative,0.027289744188104013
1342153882265407491,negative,0.00020967023426541852
1342153882613518336,negative,0.00849309960577442
1342153882772905986,negative,0.0005819333606554976
1342153882777116681,negative,0.16167256707023125
1342153884207349765,negative,0.026019783837375486
1342153884224073729,neutral,0.49789225920557484
1342153884878442503,neutral,0.49789225920557484
1342153885436293121,negative,0.0004392791343105455
1342153885503401984,neutral,0.5387363519274366
1342153885910245377,negative,0.00036698065428222344
1342153886002507778,positive,0.8488784103859388
1342153888846106625,positive,0.8280407398841343
1342153888850444289,negative,5.001696173137159e-06
1342153888984653824,negative,0.05392573136096403
1342153891190874114,negative,0.009812761995502623
1342153891354464256,negative,0.04218314762657707
1342153893292212225,negative,0.0012463663046665885
1342153893715845122,negative,0.10489656397742007
1342153894047186953,neutral,0.49789225920557484
1342153894172868609,negative,0.04309523899221751
1342153895469080579,negative,6.987899863814964e-08
1342153896098086913,negative,0.056064655995890535
1342153898673524738,negative,0.15335434241404183
1342153899139092482,negative,5.001696173137159e-06
1342153899483004928,negative,0.10489656397742007
1342153901253005313,negative,0.0043475298439098605
1342153901571592198,negative,0.058514860059594824
1342153902070902786,negative,2.0653834926349795e-11
1342153902490341379,negative,0.05611189649683511
1342153902674874371,negative,0.26076950668447035
1342153902758764546,negative,8.16152285395075e-05
1342153902846840835,neutral,0.42594871640093107
1342153903442423808,negative,0.004892682854262637
1342153903652139008,positive,0.8488784103859388
1342153903786246144,negative,0.14621262492287865
1342153905254367233,negative,5.001696173137159e-06
1342153905300332544,negative,3.820002838140053e-15
1342153907015999489,negative,0.0012802493548384288
1342153907473100801,neutral,0.47878153849390703
1342153908559478784,negative,0.003142287567010316
1342153909121536000,negative,0.012685101620968212
1342153909788418051,negative,0.056064655995890535
1342153914217594880,negative,0.003737190182664258
1342153914385379330,negative,0.001649926536779189
1342153915081646082,negative,0.009087159101972653
1342153915316359169,negative,0.164474915802353
1342153915874357256,negative,0.010822551755000468
1342153915949834241,negative,5.667585845313686e-06
1342153916209917953,negative,0.05005758688555734
1342153918457982977,negative,0.011240436048194727
1342153918684532736,neutral,0.3341375882806857
1342153919984635904,negative,1.6734281074416479e-10
1342153920697815040,negative,0.003072274358750926
1342153921448484864,positive,0.7794410761426152
1342153921935114240,negative,6.361889733821579e-07
1342153922383917062,negative,0.0012802493548384288
1342153922509758464,negative,0.00012472232288823846
1342153923239546881,negative,1.2137587316032155e-05
1342153923935809547,negative,0.006112180904382101
1342153924795621377,negative,0.009087159101972653
1342153924959215616,positive,0.7302882421908075
1342153925248471041,negative,0.13330950109685444
1342153926150402050,negative,7.548841920217413e-06
1342153926318047233,negative,0.010821739943380863
1342153927274491907,negative,0.11472950135162724
1342153928163676161,negative,0.22233601662305544
1342153928830373888,negative,0.010821739943380863
1342153929233149957,negative,1.6734281074416479e-10
1342153929338073088,negative,0.04560545865835427
1342153930474717186,negative,0.0745755045707512
1342153931028369409,negative,0.27538537887707226
1342153933653995520,negative,0.24938481226141682
1342153933897293824,negative,0.00012288767942325045
1342153934828412933,negative,0.030816286510205185
1342153935562420224,negative,0.08405878933700647
1342153935692378126,neutral,0.4694592989332536
1342153936581623815,negative,0.1758366948485248
1342153938632667137,negative,7.206353144640434e-05
1342153938812993540,negative,0.002973912230882754
1342153938993360896,negative,0.014921409828964609
1342153939110797312,neutral,0.49789225920557484
1342153939320508420,neutral,0.5533970533999424
1342153939500859393,negative,0.19971207519434114
1342153939576369153,neutral,0.3920775259595825
1342153939769319426,negative,0.002745298738113449
1342153939815432193,negative,5.001696173137159e-06
1342153941291827202,negative,0.0017544270121222598
1342153941300215812,negative,0.04275548090686738
1342153944143962118,neutral,0.3499826807961504
1342153944726908928,negative,0.027289744188104013
1342153944987033602,negative,0.002203708659298494
1342153945020588036,negative,0.009087159101972653
1342153945234468866,neutral,0.4377896312766332
1342153948749328385,negative,0.0008140858766949577
1342153949059682305,negative,0.005058963611082928
1342153949571256324,negative,0.09414603289396443
1342153950036955136,negative,0.008002740267951025
1342153950166986752,negative,0.11531516418309866
1342153951421018115,negative,0.01268081008907129
1342153952004100099,negative,0.18997256886076777
1342153953048363009,positive,0.7734628215390307
1342153953514053634,negative,0.0002755830172568149
1342153956336820226,negative,0.0014775854351103544
1342153956802367491,negative,1.910249147040122e-05
1342153956949188614,negative,0.00031284106238320397
1342153959469940742,positive,0.9254340127064525
1342153959906172928,negative,1.245765000465035e-07
1342153960099082240,negative,0.06732531787604393
1342153960178790401,positive,0.7955667191879832
1342153960761798659,negative,0.00014169577276701802
1342153961722277888,negative,0.06764897733077281
1342153962099769345,negative,0.007536317800254469
1342153963932684290,negative,0.0007929404103188511
1342153964071112708,negative,0.0014313438979348828
1342153964343730177,negative,0.006336406175103249
1342153964494712836,negative,0.0025839751135425613
1342153964566044674,negative,0.009087159101972653
1342153965270683650,positive,0.8253714345432658
1342153965312626688,neutral,0.35509496682161057
1342153966709338113,negative,0.014921409828964609
1342153967053246465,negative,0.0003015204507765513
1342153968177180672,neutral,0.49789225920557484
1342153968382861314,negative,0.11580847530218072
1342153968441569281,negative,0.003778780709496659
1342153968877772803,negative,0.13259430846401665
1342153969611763713,negative,0.03432233179482178
1342153969863311360,negative,0.027289744188104013
1342153970106695680,neutral,0.3499352441185855
1342153971390177280,negative,2.3470549041886104e-06
1342153972522639362,negative,0.18893275984545968
1342153972769931264,negative,0.006230867036817334
1342153972770025473,negative,5.001696173137159e-06
1342153973109817346,negative,5.001696173137159e-06
1342153973357289474,negative,0.02312814423556466
1342153973684457472,negative,0.2120335271377775
1342153976502956034,negative,5.001696173137159e-06
1342153976792363008,negative,0.017373859308577363
1342153978608549895,negative,0.2148034929280826
1342153979652927489,negative,7.30774934935384e-05
1342153979883610115,negative,0.008002740267951025
1342153980894474242,negative,0.12358640168933246
1342153980986585092,negative,0.00013135638316077902
1342153981095784448,negative,0.0006618755121295592
1342153981511016453,negative,4.253509010756979e-06
1342153981607473157,negative,0.004476505012020927
1342153982714683392,negative,0.019392804817404678
1342153983067090948,negative,0.1826650518364943
1342153983385866241,negative,0.0001039175126215644
1342153983402663939,negative,0.006248314451104854
1342153983721418759,negative,0.054327400666022506
1342153985323626502,negative,0.019082453908448597
1342153985818431488,neutral,0.6149732941538079
1342153986217009153,negative,0.039367461402449795
1342153986258989056,negative,1.8157835055271488e-05
1342153986313478153,negative,0.26989792640062205
1342153986762289152,negative,0.03317371491764906
1342153987240431616,negative,2.3584215938828693e-17
1342153987261423617,neutral,0.47878153849390703
1342153987269672960,negative,0.011778657885330808
1342153987437506560,negative,0.2611621137273265
1342153987991199744,negative,0.0914986851958892
1342153988377112576,negative,0.0017186828185257136
1342153989043990528,negative,0.008413475745480313
1342153989597650950,negative,0.11924197513035559
1342153989928878081,positive,0.7562113285039403
1342153990121910274,negative,6.0988225328066684e-05
1342153994198786050,negative,0.0012638920586640191
1342153994366406656,negative,0.10430735260108946
1342153996237213697,negative,0.07726435786683304
1342153996551802880,negative,0.08663240066919725
1342153997222879232,negative,0.15676917463736662
1342153997852016642,negative,5.001696173137159e-06
1342153998535692294,negative,0.005872918506056955
1342153999030501377,neutral,0.6149732941538079
1342153999139676162,negative,0.00139847858266263
1342153999399710720,negative,0.00031284106238320397
1342153999613497346,negative,1.900688511710048e-11
1342154000507015175,negative,0.014883674790615977
1342154000540573696,negative,0.0023487531243348283
1342154001614299138,negative,5.001696173137159e-06
1342154002071498754,negative,3.2555201800864684e-05
1342154002503520256,negative,0.04467398683820503
1342154002801152001,negative,0.0013309581222396769
1342154002906161152,negative,5.466133945153291e-05
1342154003707260929,negative,8.354994966466997e-08
1342154003975725065,negative,4.044389952670016e-05
1342154004088893441,negative,0.07957166590687072
1342154004705505282,negative,0.0067640551387649905
1342154004722307077,neutral,0.6489077768764223
1342154006697811969,negative,0.26076950668447035
1342154006697832449,neutral,0.5533970533999424
1342154007742193664,negative,0.007173625732290519
1342154008534917122,negative,0.003965852085985849
1342154010241892353,negative,0.016917380996999163
1342154010330091527,negative,1.0044464331399418e-06
1342154010715967488,negative,5.001696173137159e-06
1342154010883731458,negative,0.00016036712028058784
1342154011277991936,negative,0.032757194886342614
1342154011345084418,negative,0.0006882629575688258
1342154011416297472,negative,0.0004392791343105455
1342154011433058304,negative,0.003778780709496659
1342154011508617217,positive,0.9433918244099128
1342154015354859524,neutral,0.4035907864046648
1342154015359066113,negative,0.0006832830193695865
1342154016822849547,negative,0.0003239154728240111
1342154016864817153,negative,0.0010427729243528215
1342154018651398150,negative,0.0007212255536393351
1342154019129548801,negative,0.0001123780949996407
1342154020853608448,negative,0.00021000429826306658
1342154021293981697,negative,0.27538537887707226
1342154021667274752,negative,0.01901656117934125
1342154021885386753,negative,0.05171623751076193
1342154023042998272,negative,0.006082835666594897
1342154023240146944,negative,0.005024477676082971
1342154023277887489,positive,0.9996679469659898
1342154023529566208,negative,0.02551768110510739
1342154023877685248,negative,0.28741154178763173
1342154024301326337,neutral,0.398180521791012
1342154025010126851,neutral,0.4471531546041907
1342154025186295810,negative,0.00683932533767299
1342154027421806592,negative,0.001764640528511418
1342154027820331009,negative,0.0006890247013791343
1342154029342863363,negative,7.191574837491704e-07
1342154031200948225,negative,0.27538537887707226
1342154031234494465,negative,0.002527463070670167
1342154031356063746,negative,6.528187334092049e-09
1342154031398064128,negative,0.02551768110510739
1342154032476020736,negative,1.1420426555922927e-05
1342154032501170180,negative,7.708948217245076e-05
1342154032635383812,negative,0.23651870389251717
1342154035328147459,negative,0.0012802493548384288
1342154035592368135,negative,0.003121316702415719
1342154035755933698,neutral,0.4496962766777865
1342154036099874816,negative,0.00014898306801054982
1342154036116680704,negative,0.0006792467293653653
1342154036263464964,negative,0.09646578667338862
1342154036649275396,negative,0.1409544626568271
1342154036657737728,negative,0.0024386427462532506
1342154037303644162,negative,0.015773583174067275
1342154037823746049,negative,5.6313889857663156e-08
1342154037970481152,negative,0.01901656117934125
1342154039862177793,negative,0.0010427729243528215
1342154041128718337,neutral,0.49789225920557484
1342154042345189376,negative,0.0004760529356788509
1342154043251175425,negative,0.0010427729243528215
1342154043527843840,negative,0.014921409828964609
1342154043637035010,negative,7.675978419244984e-06
1342154043775451139,negative,3.4403341764704925e-05
1342154043813228548,negative,0.2650808030708126
1342154044010352647,negative,0.0069571137892871044
1342154044266213376,negative,0.0012121385396418384
1342154044677222401,negative,6.822046852172342e-05
1342154045008568321,negative,0.05352475611900498
1342154045163778048,neutral,0.46295512005353534
1342154045578948612,negative,0.0004760529356788509
1342154046187184129,negative,0.008231299366764882
1342154048116547584,negative,0.0036458509026180814
1342154048452091906,negative,7.204025455551541e-06
1342154049043509249,neutral,0.42384951280353284
1342154049823584263,negative,0.014921409828964609
1342154050226118657,positive,0.9533078140112528
1342154050830274560,negative,0.15545294521566938
1342154051161649156,negative,0.0571870868199314
1342154052658978817,negative,0.00010350117180782416
1342154054995238912,positive,0.966087470829039
1342154055272067072,negative,2.326121185998517e-05
1342154057478115330,negative,0.0009268291998292341
1342154057646006277,negative,0.09640323611645361
1342154060745633794,negative,0.02123698529868375
1342154061836128257,neutral,0.3614399138399964
1342154062419152898,neutral,0.4514239111743711
1342154063421595648,negative,0.03190980838088371
1342154064440807425,negative,0.04790737881872064
1342154064721833985,neutral,0.42507619662732005
1342154065422249988,negative,0.052237915845013534
1342154065648693249,negative,0.3020135550609068
1342154066571513859,negative,0.016464699376844857
1342154069436227585,neutral,0.49789225920557484
1342154070602248192,negative,0.28741154178763173
1342154070853869569,neutral,0.5191249616724637
1342154071285886981,negative,7.30774934935384e-05
1342154071285919747,neutral,0.4525299360032805
1342154071512375303,negative,0.1994694027461982
1342154072103809024,negative,0.09512699998239728
1342154072116371457,negative,0.008413475745480313
1342154072569200640,negative,0.01563543576172292
1342154072732921856,negative,0.010821739943380863
1342154073253011457,negative,0.12962009069807864
1342154074167250944,neutral,0.4170472422273398
1342154074217713665,negative,0.02164200608655055
1342154074897059840,negative,0.03639614060582062
1342154077162115073,negative,0.2822862736216238
1342154077405380608,negative,0.05172517381513308
1342154078734974977,neutral,0.398180521791012
1342154080114810880,negative,0.021832781444602187
1342154081410932737,negative,0.002911858949305761
1342154081633263616,neutral,0.6506909529295689
1342154081725534213,neutral,0.5734576952979002
1342154082010750977,negative,0.02312814423556466
1342154082396594180,negative,0.0003082441436803875
1342154082828611585,negative,0.1994694027461982
1342154082845401088,negative,0.1994694027461982
1342154083117969409,negative,0.014104831512234394
1342154083382255625,negative,0.0673834447469688
1342154083663273987,negative,0.013728909341149014
1342154083705249799,negative,0.013956859522498572
1342154087555588096,negative,2.6931327575197172e-05
1342154087933087744,negative,5.8882715849692685e-06
1342154090269319170,negative,0.04277548742730317
1342154090944614405,negative,0.027289744188104013
1342154091364032512,negative,0.03198409823614153
1342154091733135362,negative,0.02312814423556466
1342154092983046144,negative,2.096845103682393e-07
1342154093402460160,negative,4.044389952670016e-05
1342154093658329088,negative,0.000725745494711989
1342154094056792065,negative,0.2164295994262103
1342154094509756416,negative,0.0015584516984355054
1342154095629643776,negative,0.11935951334984464
1342154096447467527,negative,0.0003887588000431457
1342154097143627776,negative,4.440574594787094e-08
1342154097206636544,negative,0.07305481468430156
1342154098045579265,negative,0.06106744169493714
1342154098746023939,negative,2.410779437064278e-08
1342154099265916933,negative,0.003496328831290306
1342154100285329414,negative,0.0010622548059183094
1342154100495036417,negative,0.1004436230119933
1342154100792848384,negative,0.11471253522744967
1342154101937893377,negative,1.6899314432113355e-06
1342154102508281856,negative,0.18364099313401525
1342154102701228032,negative,2.3636951638967303e-05
1342154103095345152,negative,0.02902189840142555
1342154103389093893,negative,0.013475546155382039
1342154103745605633,negative,0.1758366948485248
1342154106031517696,negative,0.0006566485959450078
1342154107717615616,negative,0.013538257339114304
1342154108124409857,negative,0.02326424050415526
1342154109416218624,negative,0.0010427729243528215
1342154109449854976,negative,0.17391761695589428
1342154110334889986,negative,6.932607143681108e-05
1342154110670413825,positive,0.8464618206459138
1342154110859177987,neutral,0.47878153849390703
1342154110888521733,negative,0.0002929829596141553
1342154112058716165,neutral,0.43228307121551773
1342154112914354176,positive,0.923139291310461
1342154113635803137,negative,0.0013309581222396769
1342154113841246209,negative,0.20828494091279945
1342154114042617857,negative,0.07200648653365295
1342154114810179584,negative,0.16222737795344114
1342154117045739521,negative,0.25753049109155557
1342154117289046016,neutral,0.398180521791012
1342154117742010369,negative,0.0036313552731084297
1342154117762985985,positive,0.9947468922317618
1342154117880434695,negative,0.0055053052165636674
1342154121135202307,negative,0.0032580438964232438
1342154123064594434,negative,0.0002118543919604948
1342154124360613888,negative,0.00017582172268412865
1342154124754898953,negative,0.013538257339114304
1342154127888044034,positive,0.8234176770217752
1342154129800511488,negative,0.014883674790615977
1342154130140377091,negative,0.0016984442996489809
1342154131037945856,neutral,0.4469203531611031
1342154132916985862,negative,0.0022573473052836597
1342154133911056386,negative,0.0004392791343105455
1342154134246592514,negative,0.0069571137892871044
1342154136393895942,negative,0.11924197513035559
1342154136687620098,negative,0.0002755830172568149
1342154137035829248,negative,0.005114315575263364
1342154137522331648,negative,0.009087159101972653
1342154138600222725,negative,0.057100421758971884
1342154140873609217,negative,0.3022490341336516
1342154141133639681,negative,0.0853523591885704
1342154142282821632,negative,0.00013910969151667595
1342154142337392643,negative,0.009566096252246687
1342154142727462921,negative,0.0625586673689649
1342154143536967683,negative,0.02312814423556466
1342154143964786688,negative,0.0007929404103188511
1342154144652677121,negative,0.0062087614268772
1342154144753332227,negative,2.435394772024331e-07
1342154145143386113,negative,0.009087159101972653
1342154145873145857,negative,0.0017739398650300725
1342154147416702979,negative,0.08522524458980589
1342154148821790723,negative,0.057100421758971884
1342154148968595457,positive,0.9997986240468733
1342154150088482819,negative,0.03389676136479784
1342154151044804608,negative,0.00026120781288088333
1342154151355158531,negative,0.01901656117934125
1342154151686512641,negative,0.004611260178172442
1342154151694893056,negative,0.00021909519392193167
1342154152269520897,negative,0.029590200191017914
1342154152772841472,negative,0.17260615242312957
1342154152995139584,negative,1.6734281074416479e-10
1342154153641078784,negative,0.006671141875045404
1342154155163447296,negative,0.05352475611900498
1342154157092835328,negative,0.2906278741030604
1342154157181038592,negative,0.06156100502183778
1342154157747286017,negative,0.24477909656496857
1342154158028320770,negative,0.0004760529356788509
1342154158187704320,negative,0.003566906859200871
1342154158204461060,negative,0.00030250149425897603
1342154158519037954,negative,0.02329323645236039
1342154158821036033,negative,0.004061709377234725
1342154158858768384,negative,0.0004389247951369165
1342154160200937474,negative,1.1809648180118811e-05
1342154161136295936,negative,0.0006832830193695865
1342154161274630144,negative,1.7499721329366254e-06
1342154161333411842,negative,0.013007140082784408
1342154161836732416,negative,0.054327400666022506
1342154161882710016,negative,0.027811738775304844
1342154162495217665,negative,0.18617953087208958
1342154162633666562,negative,0.01144476773670799
1342154164026167296,negative,9.849003740412778e-05
1342154164151922690,negative,0.08807432546207059
1342154164575432705,negative,0.27538537887707226
1342154165318017027,negative,0.06946581803373242
1342154167339667458,negative,0.000239193657099081
1342154167524069377,negative,4.856358587254698e-05
1342154168358854660,negative,0.023722449119721076
1342154168912523264,negative,0.11924197513035559
1342154169369690113,negative,0.08850883050479902
1342154170573463553,negative,0.00221018892700186
1342154170699288576,negative,0.02312814423556466
1342154171206680577,negative,1.1503773449063346e-07
1342154171869360128,negative,0.03691197355965848
1342154172003704838,positive,0.8216983883136683
1342154172188254208,negative,0.0570541821720109
1342154172507033603,negative,0.012850310061991384
1342154173710794756,negative,0.013016721627495122
1342154174377709569,negative,0.27538537887707226
1342154174398517248,negative,0.10851678902702802
1342154174742589440,negative,0.12376353132407591
1342154175455621123,negative,0.2650808030708126
1342154175703085057,neutral,0.6149732941538079
1342154175849918464,negative,0.02902189840142555
1342154176005083137,negative,2.7150729097281463e-05
1342154176080572416,negative,0.00508283694788516
1342154178022543360,negative,0.016217664293853656
1342154181398900737,negative,0.030587769139739537
1342154182208466946,negative,0.002745298738113449
1342154182552379394,positive,0.9243280120221552
1342154182921359361,negative,0.021993163211019524
1342154182959247360,negative,0.11182245947334335
1342154183177285632,neutral,0.6149732941538079
1342154183240200192,negative,0.010821739943380863
1342154183391072258,negative,0.0010427729243528215
1342154184548900865,negative,0.015459452077076921
1342154184666324995,negative,0.0069571137892871044
1342154184737624070,negative,0.04885908248466426
1342154186838958080,negative,0.02312814423556466
1342154187136757763,negative,0.00014742348011854896
1342154187375849474,negative,0.05352475611900498
1342154187958857729,negative,0.08892871720967067
1342154188197949440,negative,0.00031314834017357525
1342154189015801858,negative,0.03827106477015299
1342154190823546882,negative,0.2828321292982334
1342154191012298755,negative,0.009087159101972653
1342154192396423170,negative,0.009273341945829006
1342154193457586176,negative,0.0007929404103188511
1342154194585841665,negative,0.11045510171074793
1342154194803896320,negative,0.008002740267951025
1342154195655389185,positive,0.9999948549081155
1342154196536221700,negative,0.03169841090178228
1342154196762697731,neutral,0.5175030083291732
1342154197026951174,neutral,0.42785875118910477
1342154197307777025,negative,0.016464699376844857
1342154197320552448,negative,0.12166193430189527
1342154197752545282,negative,0.32016572066462995
1342154199094624256,neutral,0.4170472422273398
1342154200055238658,negative,0.005194596826563236
1342154201158316034,negative,2.3047668923773097e-06
1342154202978676736,neutral,0.5081665078402328
1342154203427295233,negative,0.27538537887707226
1342154203435683840,negative,0.11580541190417794
1342154203884617730,negative,0.011538404096376137
1342154204199215106,negative,0.002745298738113449
1342154204396347392,negative,0.0019742200850810976
1342154204715036674,negative,0.02312814423556466
1342154204786294787,neutral,0.37206502473530245
1342154205537038337,negative,0.29560768548828775
1342154205876736001,negative,0.03316337627831728
1342154207781117952,negative,1.5372552647897689e-06
1342154208909398017,negative,0.06773674069689643
1342154209219776513,negative,0.0002977093060074143
1342154210285146113,negative,0.0007929404103188511
1342154210855571457,negative,0.27538537887707226
1342154210943639557,negative,0.00044286331715456817
1342154211618770949,negative,0.0001697406989068009
1342154214089306120,positive,0.9543341838413475
1342154214294876160,negative,0.008002740267951025
1342154214345211905,negative,0.001649926536779189
1342154214928244737,negative,0.00036698065428222344
1342154215775469569,negative,0.009087159101972653
1342154216610144258,neutral,0.4636998499923699
1342154218619236353,negative,0.020662502153600684
1342154219885752321,negative,0.1235522795365215
1342154220548587522,neutral,0.36733294409994255
1342154221349646341,negative,0.005194596826563236
1342154221764964354,negative,1.6734281074416479e-10
1342154222440230915,positive,0.7567546089677775
1342154224092803072,negative,0.012487335807890914
1342154226139619330,negative,3.8452152024914766e-10
1342154226588413952,negative,0.03366229578777519
1342154227544698883,positive,0.7284343511107879
1342154228647653376,neutral,0.4232078962494373
1342154228706516992,negative,0.027289744188104013
1342154231050977280,negative,0.01034802725542635
1342154231894208515,negative,1.4635937090505173e-06
1342154232540102661,neutral,0.3404008017963423
1342154232678514688,negative,5.121154846943292e-07
1342154232816951297,neutral,0.42755866745518784
1342154232959557632,negative,0.0007929404103188511
1342154233232171009,negative,0.08778798262592226
1342154233949396992,negative,0.0006618755121295592
1342154236478545922,negative,0.27180899209314996
1342154236822495232,negative,0.0022898261716901578
1342154237036404744,negative,0.009655167226292012
1342154237468401664,negative,5.995222248131254e-11
1342154237841694721,positive,0.9999948549081155
1342154237841731586,negative,0.1994694027461982
1342154238009475074,neutral,0.3419083628913906
1342154238294683648,negative,0.006143763795002943
1342154238949023744,negative,0.08301289864159057
1342154239058063362,positive,0.9998346173284736
1342154241545293827,negative,0.016427604373005056
1342154241998282752,negative,0.009864472319900678
1342154242543374341,negative,0.01615575654303187
1342154242581213184,neutral,0.5231818390743167
1342154242698727424,positive,0.9959462840312769
1342154242715484161,neutral,0.5490292481829452
1342154243520802816,negative,0.01340451792263866
1342154243520811009,neutral,0.49789225920557484
1342154245693431810,negative,0.11935951334984464
1342154246624448513,negative,6.711769716691244e-07
1342154246666518529,negative,0.02312814423556466
1342154248210022400,negative,0.00020882999833362183
1342154249363484673,negative,0.06640051744579871
1342154249468338178,negative,0.20432965143997953
1342154249690611713,negative,0.1239235556525478
1342154249938075654,positive,0.9243280120221552
1342154250554662912,negative,0.03995610164569443
1342154252064591872,negative,2.655139363291261e-06
1342154252186214403,neutral,0.46127768308170247
1342154252836364288,negative,0.006037767299196514
1342154253087944705,negative,7.754491742395171e-05
1342154253335461890,positive,0.9997986240468733
1342154254371356672,neutral,0.5542742496867634
1342154254891556866,negative,0.11182245947334335
1342154255608627205,negative,7.639714922217613e-06
1342154256124620809,neutral,0.6342223244482552
1342154257714262018,negative,3.353983937109005e-07
1342154257932414977,negative,0.0479208624284839
1342154258075054081,negative,0.19633520117730202
1342154258356039685,negative,0.318273103083393
1342154262005116930,negative,0.062191053680428626
1342154262437126149,negative,1.7161990852840349e-07
1342154262747426816,negative,0.011538404096376137
1342154264530083842,negative,0.000725745494711989
1342154264773160966,negative,3.2687622720048386e-05
1342154266065178627,positive,0.8063795016043004
1342154266748854276,negative,0.0016082398850975326
1342154267461898241,negative,0.0007864074183939588
1342154268682366979,negative,0.015773583174067275
1342154270322417667,negative,0.13467339204295112
1342154270792155138,neutral,0.6149732941538079
1342154271165313028,negative,0.0017975564472879734
1342154271417135105,positive,0.7364552304579606
1342154271480033281,negative,0.0069571137892871044
1342154271631028224,negative,0.012487335807890914
1342154271731707904,negative,0.046453844139325524
1342154272474017799,positive,0.8798880363447208
1342154274529226752,negative,0.0002690355969390279
1342154274692849670,negative,0.009087159101972653
1342154275921780738,negative,0.10111094768868999
1342154277050048514,negative,0.009087159101972653
1342154278035738625,positive,0.9997986240468733
1342154278476115969,negative,8.073077315193917e-06
1342154278824243205,negative,0.028767126992416545
1342154279184781312,negative,0.10111094768868999
1342154279369338880,negative,0.11583112357064614
1342154279956738048,negative,8.944556096738261e-05
1342154281642766336,negative,0.002745298738113449
1342154281697370113,negative,0.24788140837292044
1342154281965780993,negative,1.4326302695554221e-05
1342154282867564545,negative,0.045237078153474955
1342154282905251840,negative,3.824131101931065e-06
1342154282947272714,negative,0.010821739943380863
1342154283555368960,negative,2.725501462392349e-05
1342154284759183365,neutral,0.45704058469798703
1342154286441107459,negative,0.0025710180249427315
1342154287082852352,negative,0.001095849295524466
1342154287716167687,positive,0.9845644697550272
1342154288668274690,negative,0.11924197513035559
1342154289402191872,negative,0.27538537887707226
1342154289775566851,negative,0.0009758201416809123
1342154289821614080,negative,1.2254579153398618e-14
1342154292308819968,negative,0.02329323645236039
1342154292816470016,negative,0.005194596826563236
1342154295639085056,negative,2.475803686627773e-05
1342154295718760449,negative,0.22429654979632907
1342154296046055430,negative,0.009655167226292012
1342154296213856261,negative,0.00012919953254284541
1342154296666828803,negative,0.3024154418601797
1342154297174351874,negative,0.19002659034763292
1342154297367285760,negative,0.19608385064557662
1342154297623113731,negative,0.005194596826563236
1342154299623804928,negative,0.0018089831172252648
1342154300978507789,negative,0.0007929404103188511
1342154301888716805,negative,0.02312814423556466
1342154301980946433,negative,0.0376074107948466
1342154304044617732,negative,0.15633211014863618
1342154304359194625,negative,4.299086322517724e-10
1342154305856565249,positive,0.7088771082093664
1342154306712121347,negative,0.006781810475675729
1342154306846339072,negative,0.05832218741674825
1342154308566056962,negative,0.014921409828964609
1342154308742090752,negative,0.09803091811044108
1342154309014843393,negative,0.0003239154728240111
1342154309878865922,negative,0.015628719614071678
1342154310172479488,negative,0.30647691423800943
1342154310461902851,negative,0.02312814423556466
1342154310638055426,negative,2.144824502713876e-05
1342154311514673152,negative,0.010821739943380863
1342154314723180544,negative,0.17850408857045813
1342154317646745600,negative,0.06182788333001303
1342154317776752647,neutral,0.3349776912528529
1342154318510743557,negative,0.03899301626143866
1342154318862983169,negative,0.021406424601142723
1342154318959546370,negative,0.1825199677430493
1342154318992924678,negative,0.1708638133984952
1342154319085318145,neutral,0.35985390181278276
1342154319123030016,negative,0.02364941421032838
1342154319127166978,negative,0.05581789130947509
1342154319160893444,positive,0.9652194777622529
1342154319253151749,neutral,0.35341083541347074
1342154319525801985,negative,0.0001123780949996407
1342154321333350401,negative,0.0013309581222396769
1342154322520502274,negative,6.3608324806072896e-15
1342154322717646848,neutral,0.4402571704036702
1342154324873519112,neutral,0.49789225920557484
1342154325691400193,neutral,0.4020557810786359
1342154327545307137,negative,0.017350492376011478
1342154327553662982,negative,0.13330950109685444
1342154329281753091,negative,0.057100421758971884
1342154329806012418,neutral,0.49789225920557484
1342154330703589377,positive,0.9310471946470046
1342154332188200961,neutral,0.3725123196158991
1342154334415577088,negative,0.0004829976620611374
1342154337221562368,negative,0.008285294134682705
1342154337380950016,positive,0.9996679469659898
1342154337796161537,negative,0.000571812841904101
1342154338488213506,negative,4.299086322517724e-10
1342154339276697601,negative,0.15237137935820858
1342154339767394304,negative,0.01629480158786063
1342154341571063810,negative,5.44306538758563e-07
1342154341671645184,negative,9.849003740412778e-05
1342154341722042368,negative,0.011538404096376137
1342154342028234752,negative,0.11924197513035559
1342154342032404482,negative,0.001346724101093484
1342154342137266177,negative,0.002745298738113449
1342154345605976065,negative,0.05902203095982302
1342154345920380931,negative,0.0007488225647531762
1342154346591612928,negative,0.14174617776833753
1342154346910380035,negative,0.2718275415197593
1342154347761823745,positive,0.9085370439444267
1342154350056140800,negative,0.00044286331715456817
1342154350731423745,negative,0.0012802493548384288
1342154350806913025,negative,0.004423337419303993
1342154351477993476,negative,4.234810715903695e-08
1342154351733837827,negative,0.000345090928778012
1342154352325230592,negative,0.03555832570145826
1342154354183254019,negative,0.0069571137892871044
1342154355307405312,negative,0.11184799870925999
1342154356213342208,negative,0.0010398813390054599
1342154358100779009,negative,3.4192242823614742e-09
1342154360315371522,negative,0.000484445469176012
1342154361753972739,negative,2.8586087727702476e-05
1342154361938522112,negative,0.057100421758971884
1342154363205275648,negative,0.011538404096376137
1342154363964424195,negative,1.575216317279176e-05
1342154364807426050,negative,3.3541283865824595e-08
1342154365537312770,negative,0.0006566485959450078
1342154365885362178,negative,0.00012266947576312407
1342154366724300801,neutral,0.3481586194852676
1342154366904635395,negative,0.004072871419728824
1342154367181475851,negative,0.04429362435829081
1342154367491842050,negative,0.002527463070670167
1342154367751876609,negative,0.01703053034152268
1342154368817242113,negative,0.20525301493209017
1342154371392565255,negative,0.15007937777373928
1342154371522560005,negative,0.005370575131904248
1342154372126449665,negative,0.006990645365338225
1342154372977987586,negative,2.0717357472802673e-05
1342154373045084161,negative,0.16271561316777983
1342154373594537984,negative,0.27538537887707226
1342154375523926021,negative,0.26759857988729496
1342154375767187469,negative,4.299086322517724e-10
1342154375997882377,negative,0.0060171394668596355
1342154379525201920,negative,4.7935817316968615e-05
1342154379831504902,negative,0.16245032394625236
1342154380037009412,negative,7.30774934935384e-05
1342154381144158210,negative,0.02312814423556466
1342154384118075392,negative,0.10786469527658457
1342154385514782724,negative,0.02049828370112842
1342154385988661249,negative,0.011538404096376137
1342154388329140227,negative,0.00010674871181465369
1342154388752773124,negative,3.089312616181282e-06
1342154389629374467,neutral,0.6157672268251071
1342154389637787650,negative,0.007536317800254469
1342154389751025666,negative,1.6734281074416479e-10
1342154390585683968,negative,0.000725745494711989
1342154390669565954,negative,0.008002740267951025
1342154390820560897,negative,0.0009210258709874677
1342154392036732928,negative,0.0029983909628816777
1342154392053673990,negative,0.029696769445850035
1342154392661852160,negative,5.595701057678635e-07
1342154396172431363,negative,0.07304492200196933
1342154396679987200,negative,0.005539046746033054
1342154396713574402,negative,0.11175313130087808
1342154398248693761,negative,0.022320756771527405
1342154398655504385,positive,0.9047351537363814
1342154399272067072,negative,0.16532172419126437
1342154400521977857,negative,1.4111992767671584e-06
1342154401243410433,neutral,0.4232078962494373
1342154401805455361,negative,0.009116900597927852
1342154401931276288,negative,0.2164295994262103
1342154402065510403,negative,0.0038881355130281226
1342154402380062720,negative,0.16277734924962173
1342154403042758662,negative,2.8961650749369948e-05
1342154404439478274,negative,0.0013309581222396769
1342154405362233344,negative,1.2129427810373926e-10
1342154406180040704,negative,5.702152232251858e-07
1342154406624702470,negative,0.014046218899557936
1342154406939271168,negative,0.09180396665083808
1342154410055622656,negative,3.6148952737501836e-09
1342154410110181376,negative,1.9951854902392797e-05
1342154410223415300,negative,0.11924197513035559
1342154410684784642,negative,0.15237137935820858
1342154411032805376,negative,0.16532172419126437
1342154413234937862,negative,0.0011106092011548086
1342154413830414336,negative,0.0004760529356788509
1342154414300266497,negative,0.16532172419126437
1342154414535139333,negative,0.012544764816666474
1342154414849732609,negative,0.04329948809938995
1342154414858137602,negative,2.475803686627773e-05
1342154415248183298,neutral,0.5192129242554453
1342154418007977987,negative,0.010728201962269748
1342154418511351809,negative,5.654930364249085e-06
1342154419069186050,negative,0.21722145998290496
1342154419320868866,neutral,0.49789225920557484
1342154419346006023,negative,0.05352475611900498
1342154421069877248,negative,0.0002755830172568149
1342154421246062593,negative,0.10839174790091585
1342154421380243459,negative,1.7055908265533705e-07
1342154422365859841,negative,0.0015361393601096727
1342154422672101377,negative,0.0057899175196762616
1342154424563724288,negative,0.27538537887707226
1342154424626655232,negative,0.15388074030892698
1342154425419390981,negative,0.0005583564912642673
1342154426052734982,negative,0.06418211069397059
1342154426858004480,negative,0.045237078153474955
1342154427118071809,negative,0.0014841782576974878
1342154427810066433,negative,0.010674914207711737
1342154429823393795,neutral,0.5513128947172802
1342154434126688259,negative,0.07748682674951801
1342154434219008001,neutral,0.49789225920557484
1342154434328092674,negative,0.027289744188104013
1342154435460521984,neutral,0.5533970533999424
1342154435905146881,neutral,0.4507454498615163
1342154436416823299,negative,0.005323176344637563
1342154438484627457,negative,0.0017186828185257136
1342154438744698883,negative,0.09640323611645361
1342154438971170816,negative,0.003802494215023941
1342154441261244418,neutral,0.6149732941538079
1342154441710071809,negative,0.07393459354148145
1342154441739431937,negative,0.009087159101972653
1342154441777147907,negative,0.06356053740885668
1342154442154586113,negative,0.057100421758971884
1342154443127726085,negative,0.0069571137892871044
1342154443844964357,positive,0.8965342229842713
1342154444163567617,negative,0.0016984442996489809
1342154444985823233,negative,0.000727578777212182
1342154445212315654,negative,0.07531915635502451
1342154445476384773,negative,0.01901656117934125
1342154445946298371,negative,0.015773583174067275
1342154446957137923,negative,0.03375398755300569
1342154447351402497,neutral,0.49789225920557484
1342154447628197889,negative,0.027289744188104013
1342154449477918724,negative,0.01888243702305757
1342154451080138753,negative,0.024563039089928067
1342154451268874240,negative,4.947421021818537e-06
1342154452829147136,negative,0.11594557455312586
1342154453919670273,negative,0.021832781444602187
1342154455349911552,negative,0.0546372321866097
1342154455807119360,negative,0.2490231680385857
1342154457103167492,negative,0.11630316019335102
1342154457392545793,negative,0.06946581803373242
1342154457908310017,negative,0.1235522795365215
1342154458034270210,negative,1.1809648180118811e-05
1342154458889936897,negative,0.004692856039975429
1342154460328431617,negative,1.6734281074416479e-10
1342154460504727556,negative,0.02771668733457097
1342154460802535424,negative,0.15630830276745175
1342154461985193984,negative,0.0023178881438169563
1342154463130300419,positive,0.9911141777237472
1342154463641960449,negative,0.20828494091279945
1342154463860154368,negative,0.27538537887707226
1342154464812277760,neutral,0.4737554465528978
1342154465474998272,negative,0.000307102765361961
1342154468096430082,negative,1.4166550173433856e-08
1342154468696080384,negative,0.007546070639815085
1342154468960440321,negative,1.396171994727584e-07
1342154469212090368,negative,0.008002740267951025
1342154472252993537,negative,0.000725745494711989
1342154472265572352,negative,0.26076950668447035
1342154472336842752,positive,0.6604448071260868
1342154473267998720,negative,0.0005819333606554976
1342154473892937729,negative,0.0010115135809355097
1342154474706653185,negative,0.2073124719616097
1342154475054788608,negative,0.01563543576172292
1342154475142840321,neutral,0.5490292481829452
1342154475767812100,negative,0.0002922487043940966
1342154475960725504,neutral,0.5533970533999424
1342154476065497088,negative,0.31826588889428326
1342154476564721666,neutral,0.6485490903808274
1342154476937994240,negative,1.8890812784442922e-06
1342154477281947649,negative,0.022109085672527472
1342154477604900866,negative,0.18066694178805578
1342154478737371136,negative,0.08778798262592226
1342154478754148353,negative,0.0001123780949996407
1342154480087789568,negative,4.077843877615391e-05
1342154480364744707,negative,0.0001123780949996407
1342154481304297472,negative,0.0011348880657365084
1342154482038276096,negative,0.17927257682712625
1342154482747113472,negative,0.0012802493548384288
1342154484395466752,negative,0.02329323645236039
1342154484689104897,negative,0.2841669608426926
1342154485389545473,negative,0.0654742167474257
1342154485691506690,negative,0.011596964255212673
1342154488153575424,negative,4.372401752205902e-07
1342154488392675332,negative,8.885466562234789e-05
1342154488954707971,negative,0.009027592057730455
1342154489780957184,negative,0.16386934636537276
1342154490506579973,negative,0.054327400666022506
1342154490779205632,negative,0.04075910793648389
1342154493086097408,negative,1.2917711986189051e-06
1342154493132201990,negative,0.15237137935820858
1342154493597786114,negative,0.0006550635098663382
1342154494700826626,negative,1.549991768174361e-05
1342154495137091588,negative,0.009087159101972653
1342154497116798977,negative,0.11175313130087808
1342154498307989504,negative,0.016714336386832434
1342154498421219330,negative,0.0037056673456543694
1342154499973120000,neutral,0.37874993579954885
1342154502904950785,negative,6.923824726528761e-05
1342154502938505222,negative,0.2539604224788366
1342154503550808064,negative,0.0027645380825375467
1342154504960176129,positive,0.7221754866712443
1342154507766128640,negative,0.10489656397742007
1342154507942301696,negative,0.01563543576172292
1342154510047784960,negative,0.24605292635221107
1342154510324654084,negative,0.0012802493548384288
1342154510542639104,negative,1.2137587316032155e-05
1342154512061104131,negative,3.4565946590273255e-08
1342154512442642432,negative,0.019463299758375695
1342154512585220096,negative,9.822507882697605e-05
1342154513394892807,negative,0.011538404096376137
1342154515210899456,negative,0.0031023963934914273
1342154515299115008,negative,0.00023269909039640185
1342154515584348160,neutral,0.6251928892507559
1342154516226060293,negative,0.0059617621267305295
1342154516750331904,negative,0.03935763459730946
1342154518218289152,negative,0.0317620954333156
1342154518667145216,positive,0.7722827167357554
1342154519656988673,negative,0.22425862640257577
1342154520709767177,negative,0.039362063073630604
1342154521636712448,negative,2.5058276009545155e-05
1342154522047770624,negative,8.885466562234789e-05
1342154523364577282,negative,0.0009268291998292341
1342154524102975491,negative,0.1708638133984952
1342154524526432256,negative,0.01629480158786063
1342154524744683527,negative,3.936387330628724e-13
1342154525096996865,positive,0.9048404031640801
1342154526174945282,neutral,0.5490292481829452
1342154526661468162,negative,0.0007929404103188511
1342154527450001409,negative,0.02329323645236039
1342154527718469639,negative,0.09182517808455813
1342154528121114624,positive,0.6890536672459633
1342154528653717504,negative,0.010821739943380863
1342154530587357185,negative,0.009087159101972653
1342154531463983107,negative,0.0010427729243528215
1342154532663472131,negative,0.0163052327254229
1342154533179420673,negative,0.015111455761129782
1342154534072803330,neutral,0.49789225920557484
1342154534970224641,negative,0.20312125524299396
1342154536383901702,negative,0.170447611045978
1342154537122017280,negative,9.623134989510285e-06
1342154537260482562,negative,0.26076950668447035
1342154538959204354,negative,0.15237137935820858
1342154539017920517,negative,0.0010427729243528215
1342154539248586755,neutral,0.37895253782273386
1342154539407958016,neutral,0.46392933659774127
1342154539680608256,negative,0.07109062890878029
1342154540339113985,negative,0.00031315001716344807
1342154540351692800,neutral,0.6305123593916463
1342154542910222336,negative,0.0014910916939241741
1342154542994092037,negative,0.16223676098694406
1342154543707074560,negative,2.3047668923773097e-06
1342154544323686400,negative,0.01770363181567079
1342154547515502593,negative,0.0005095945507496848
1342154550183129097,negative,0.13330950109685444
1342154551152017409,negative,0.014562012813278957
1342154552607440898,negative,2.6367898573905378e-05
1342154555438620673,positive,0.6994654929385462
1342154556558307328,negative,0.16532172419126437
1342154557804204032,neutral,0.6149732941538079
1342154560693923841,negative,0.027289744188104013
1342154562753486849,negative,0.005969912517931997
1342154566360592384,negative,0.0002185441656049738
1342154567908290561,negative,2.5454523519076818e-05
1342154568302551043,negative,0.03366229578777519
1342154569556635648,negative,7.000968158929942e-05
1342154569850245121,positive,0.9424096940464146
1342154572685565952,negative,0.00045577905385702075
1342154573516046338,negative,0.004796396669707673
1342154573641822210,negative,0.03338628435849808
1342154573671264257,negative,4.669746695975483e-10
1342154577441935360,negative,0.1068709047550909
1342154577882337281,negative,7.000968158929942e-05
1342154578762952705,neutral,0.40879360950088234
1342154579115388929,negative,0.0007212255536393351
1342154580465999872,negative,0.010821739943380863
1342154584723230720,negative,0.05352475611900498
1342154585801166851,negative,0.012487335807890914
1342154588707819521,negative,0.013883400772774052
1342154590972731392,negative,0.00011523333947817612
1342154593740992513,negative,0.010821739943380863
1342154593959092225,negative,0.21262315063761303
1342154594454007808,negative,0.029406379253751447
1342154595984961542,negative,0.02049828370112842
1342154598463791106,negative,8.790762549192843e-05
1342154601492066305,negative,0.028770662929482535
1342154602439962627,negative,0.03389676136479784
1342154602636922881,negative,0.2906278741030604
1342154607636656129,negative,0.011867762055994917
1342154608366546950,negative,0.1966513218550911
1342154610631434241,negative,0.0022898261716901578
1342154613206691841,negative,0.00014667649964743483
1342154614582489090,negative,0.10433972238859765
1342154614737670145,negative,0.028217856910894
1342154614779617280,positive,0.9997986240468733
1342154624988545030,negative,4.856761301368025e-05
1342154625290526723,negative,0.04053834345471281
1342154625445715969,negative,0.10976502105124358
1342154626607570944,negative,0.02312814423556466
1342154627396083714,negative,0.022964716368658107
1342154628184477696,negative,0.0010427729243528215
1342154629069598723,negative,0.2519765508665613
1342154629392576515,negative,0.0035126652621209685
1342154629417758720,negative,0.00030705728700698855
1342154629598097408,neutral,0.42807599464855545
1342154631120564225,negative,0.0012802493548384288
1342154631980478471,negative,0.00021150508835675644
1342154632026595329,neutral,0.6141984688261694
1342154632278253571,negative,0.0024240177449457024
1342154632743813120,negative,0.001717874980064043
1342154632743825410,negative,0.011538404096376137
1342154633112858624,negative,4.10946125132698e-07
1342154633301676036,negative,1.388900683081859e-10
1342154633557512192,negative,0.0004043505547437434
1342154635000360960,negative,7.6252653638707265e-06
1342154635059077120,negative,0.009655167226292012
1342154635096809473,negative,0.00017582172268412865
1342154636401246208,negative,0.13062966627828346
1342154637034590223,negative,0.0021116303739656416
1342154637068136449,negative,0.10440416148123748
1342154637705703426,negative,0.011867762055994917
1342154639957962760,positive,0.9477931060999414
1342154641216307203,negative,0.20112848955314197
1342154641891618817,negative,0.18089512684721112
1342154642105524227,neutral,0.42363179730038547
1342154642499776514,negative,0.00508283694788516
1342154643464400896,negative,0.002745298738113449
1342154644232011776,negative,1.5012636947327472e-10
1342154645146374144,negative,0.006910155025790927
1342154645414834180,negative,0.0009047020429283383
1342154646048141313,negative,0.1677650619549456
1342154646761041922,negative,0.27538537887707226
1342154648245870592,negative,0.04954563918783347
1342154648979968007,positive,0.9636739215879813
1342154649013522434,negative,0.004782697375939148
1342154649416175616,negative,0.003121316702415719
1342154650791923712,negative,0.02312814423556466
1342154652159275010,negative,0.0002929829596141553
1342154652226347015,neutral,0.4232078962494373
1342154652616417280,negative,5.005830403118933e-06
1342154653790740480,negative,0.05358945346816664
1342154654239612930,negative,0.16280582794327256
1342154654386429962,negative,0.12703271384507175
1342154654625398784,negative,0.024623666153617847
1342154654994608130,negative,0.01901656117934125
1342154656106098688,negative,0.0412732402174507
1342154656928116736,negative,0.0004043505547437434
1342154657322434564,negative,0.014921409828964609
1342154658073214985,negative,0.3028088956931792
1342154658232594432,negative,0.007791895933433513
1342154658593304577,negative,0.014921409828964609
1342154659667079169,positive,0.6890536672459633
1342154660711432193,negative,0.003553496148071977
1342154661055311873,negative,0.25761699035025865
1342154661596450819,negative,0.018864655204929436
1342154661709697024,positive,0.7155345349710237
1342154661990690816,negative,0.07135742109612626
1342154662657597446,negative,0.0008556415460677557
1342154662871527424,negative,0.0029983909628816777
1342154663047512066,neutral,0.49789225920557484
1342154666214215680,negative,0.011596964255212673
1342154666218553347,neutral,0.49789225920557484
1342154666709291009,negative,0.0008682273835110941
1342154666713501705,negative,0.08541479622888147
1342154666931597313,positive,0.7567546089677775
1342154669414633477,neutral,0.3397363929200129
1342154670719041539,negative,0.005651403569784747
1342154671146889217,negative,0.006307621384252111
1342154672921079810,negative,0.012487335807890914
1342154673327923201,negative,0.0002807432256407207
1342154674661683200,negative,3.792379489848801e-05
1342154674837860353,negative,0.16280582794327256
1342154674854625281,negative,0.308199125160694
1342154674984673285,negative,2.410147227859737e-05
1342154675076943873,negative,0.06153656764342385
1342154677132124160,negative,5.667585845313686e-06
1342154677509566470,negative,0.21047953907773329
1342154679657115649,negative,0.09640323611645361
1342154680160411657,neutral,0.49789225920557484
1342154681359998976,negative,5.655379091333902e-06
1342154683423584258,negative,0.2906278741030604
1342154683545214978,negative,6.191881935358951e-06
1342154683922657282,neutral,0.44193049347687885
1342154684258267136,negative,0.0004760529356788509
1342154684937744384,negative,0.05806225500559729
1342154685453631488,neutral,0.42507619662732005
1342154685835317248,negative,0.009087159101972653
1342154686992965632,neutral,0.4195266264728037
1342154689991880704,negative,0.23871696831429615
1342154690688151553,negative,7.30774934935384e-05
1342154690772013056,negative,2.6551873154995943e-06
1342154691384381441,negative,0.0023178881438169563
1342154691451478016,negative,0.0069571137892871044
1342154692294569993,negative,0.0889724702424542
1342154693707878401,negative,0.024623666153617847
1342154694114881539,negative,0.10440416148123748
1342154694265876480,negative,0.014849538568656992
1342154694748221447,negative,0.0017186828185257136
1342154696354631681,neutral,0.5024549303604945
1342154696459358208,negative,0.00606045011717588
1342154698158202887,negative,0.0001039175126215644
1342154698216894464,negative,0.15237137935820858
1342154699529711616,negative,0.17799537651540087
1342154700733489152,negative,0.2987146409751615
1342154700880306178,negative,0.11924197513035559
1342154701152776192,negative,0.0069571137892871044
1342154702801285122,neutral,0.49789225920557484
1342154703308779521,neutral,0.5255725387376573
1342154704512577541,neutral,0.5957399490333923
1342154704772505600,negative,0.18898952086545473
1342154704986529794,negative,0.0029983909628816777
1342154705124929539,negative,0.027289744188104013
1342154705519194112,negative,0.014849538568656992
1342154705582092290,negative,0.027289744188104013
1342154707402452993,negative,3.142822654108156e-05
1342154708362915848,negative,2.6551873154995943e-06
1342154708597825537,negative,0.0021116303739656416
1342154709084364800,negative,0.16738158781127896
1342154709386342406,negative,0.02110438221067509
1342154710900482052,negative,0.10388574738742794
1342154710946635777,negative,2.0020308591864937e-06
1342154711374450692,positive,0.6830689139170363
1342154711462510596,positive,0.836749125904228
1342154712091648001,negative,0.009087159101972653
1342154712095862791,negative,0.16020424570729913
1342154712385249280,negative,0.002908512070420462
1342154712959873030,neutral,0.49789225920557484
1342154713119207424,positive,0.9404232383506169
1342154715639984130,negative,0.14062140337477336
1342154720824205312,negative,0.025332260654935206
1342154721042329600,negative,0.015773583174067275
1342154723558735872,negative,3.7595181872831715e-09
1342154724154482688,negative,1.2971426811503027e-05
1342154725228126213,negative,0.0004392791343105455
1342154725228224513,neutral,0.3358218310945649
1342154725526016003,negative,0.19972204682111397
1342154726180315139,negative,4.660393401829881e-05
1342154726238990336,negative,0.009655167226292012
1342154726419427328,negative,0.2819857886142029
1342154726528454656,neutral,0.44590422336040336
1342154727992291328,negative,0.003737190182664258
1342154728071962624,negative,0.0571870868199314
1342154729258954752,negative,0.27538537887707226
1342154732396285953,negative,1.24825102539181e-05
1342154732798947330,negative,0.0022573473052836597
1342154733042061314,negative,0.0004760529356788509
1342154734195666944,negative,0.005194596826563236
1342154736196321281,negative,0.011538404096376137
1342154738314440706,negative,2.476963048078562e-05
1342154740281565185,negative,0.016283777880554406
1342154740306735104,negative,0.00022629343562880839
1342154740596092930,negative,0.0013361498494843136
1342154741086707712,negative,0.014425713493889014
1342154744941449218,negative,0.09099983287935152
1342154745893556224,negative,0.1696356060781461
1342154748275941379,positive,0.910558298164858
1342154748816994304,negative,9.353677774815252e-05
1342154749475491850,negative,0.008572464653953473
1342154750700236807,negative,0.0005900654102380677
1342154755469144064,neutral,0.49789225920557484
1342154756777635841,negative,0.027289744188104013
1342154758522626048,negative,0.2794653930830212
1342154758585516032,negative,0.009655167226292012
1342154761366335488,negative,0.009087159101972653
1342154762230366208,negative,0.0012298714794978384
1342154762289082369,negative,0.006153732275491286
1342154763413159938,negative,1.1503773449063346e-07
1342154764130390016,negative,0.08663240066919725
1342154765074096129,negative,0.01090715993487572
1342154765648719881,negative,0.00980401023409891
1342154765841657856,negative,0.021685254312139447
1342154767083204608,negative,5.001696173137159e-06
1342154768958021641,negative,1.0901782026543762e-13
1342154769582985216,negative,0.09646578667338862
1342154770031796224,neutral,0.5136446707795853
1342154773454196736,negative,0.027289744188104013
1342154778160279553,negative,0.05106637002907062
1342154778244231171,negative,0.00030250149425897603
1342154778516869126,neutral,0.49789225920557484
1342154780098093056,negative,0.0010423729774167608
1342154780614029316,negative,0.29787240932424375
1342154782270775296,negative,0.0016082398850975326
1342154783319334914,positive,0.9998966188999282
1342154783570980864,negative,0.03710400829032104
1342154784460173314,neutral,0.3593672214136314
1342154785068363776,neutral,0.36356652853001176
1342154788654501890,negative,0.0002964613228115761
1342154790571286530,negative,0.009087159101972653
1342154790650990593,neutral,0.37874993579954885
1342154794908209153,negative,0.07903570300231018
1342154800436289538,negative,0.0011153610596205846
1342154801057058817,neutral,0.469435958302461
1342154801996414976,negative,0.008425904554895676
1342154802986442754,negative,0.2611621137273265
1342154804223684614,negative,0.011596964255212673
1342154807549812736,negative,0.00019497624945402642
1342154807814090753,negative,0.002454667869162021
1342154808812302339,negative,0.11924197513035559
1342154809336590338,negative,0.010821739943380863
1342154809911209985,positive,0.8464618206459138
1342154810913648640,negative,0.03382612959019134
1342154814084567040,negative,0.2223947256174405
1342154821508493312,positive,0.9952474247027968
1342154821978058752,neutral,0.3345653063781744
1342154822028386305,positive,0.9471004935614326
1342154824444469249,negative,0.052994772954973866
1342154824620658690,negative,4.968483197040571e-06
1342154829242753025,negative,0.0002493878551403378
1342154829670608897,negative,0.009087159101972653
1342154830589079555,negative,0.16408567729590007
1342154831289581568,neutral,0.3943493465860606
1342154833059590144,negative,0.294905006370306
1342154833894248453,negative,1.818762691659418e-08
1342154836255641605,negative,7.615805667759236e-08
1342154836712701952,neutral,0.42179982041745157
1342154838654808065,negative,0.059779089679781024
1342154839074209793,neutral,0.49789225920557484
1342154841544667136,negative,0.27538537887707226
1342154841838084096,negative,0.2906278741030604
1342154842672914432,negative,5.2354190461617574e-05
1342154843771715584,negative,0.14753306846464215
1342154844631670789,negative,0.027289744188104013
1342154844870762498,negative,0.003737190182664258
1342154844975620097,negative,0.028922152451269775
1342154845176926208,negative,0.0017186828185257136
1342154846074515456,negative,0.010821739943380863
1342154846695256064,negative,0.004386699216115566
1342154847743864833,negative,1.4111992767671584e-06
1342154849459335172,negative,0.023532579938958176
1342154849706782721,positive,0.9554370779255776
1342154850054893569,negative,0.0069571137892871044
1342154852210761729,negative,0.00012725323301178882
1342154853368426499,negative,0.041007663271044346
1342154853989183489,positive,0.9946537616518749
1342154854072950784,negative,3.193925067012866e-07
1342154854739943426,negative,0.017974189626196267
1342154854991622154,negative,0.0006373316526822
1342154857688559616,negative,0.012487335807890914
1342154857977966594,negative,0.020662502153600684
1342154858351230978,positive,0.8440728986871372
1342154858506424320,neutral,0.40140716566156437
1342154859622125576,neutral,0.46127768308170247
1342154861534711808,neutral,0.45934747459404834
1342154862478422016,negative,0.005024477676082971
1342154863791067136,negative,0.13413217597782237
1342154863908704256,negative,0.1235522795365215
1342154865120849923,negative,0.010801363879912205
1342154865661894656,positive,0.7567546089677775
1342154865791873025,negative,0.011477559641956745
1342154866320404481,negative,5.4136314284361674e-11
1342154866970554368,negative,0.0004367948248556924
1342154867582795779,negative,0.010821739943380863
1342154867931021317,negative,0.003566906859200871
1342154868186865666,negative,0.1043527907751138
1342154869881368576,negative,3.9435864120735495e-05
1342154870330167296,negative,0.008285294134682705
1342154871097745414,negative,0.014233824104601235
1342154871953358850,negative,0.009087159101972653
1342154874167947264,negative,0.014883674790615977
1342154874243469312,negative,0.009366623533087502
1342154875120078848,negative,0.05352475611900498
1342154875292049408,negative,0.0013736406908613382
1342154875694706689,negative,0.00043871346721761076
1342154875854082049,negative,0.09180396665083808
1342154875942137856,neutral,0.3358218310945649
1342154876864892928,negative,0.005026369834513546
1342154879230300160,negative,0.001499726294711571
1342154879519879171,negative,0.0021116303739656416
1342154879708573696,negative,0.0010724565179443908
1342154880086134786,negative,0.014921409828964609
1342154880761298944,negative,0.0069571137892871044
1342154881310875654,negative,0.015773583174067275
1342154881583366144,negative,0.030731195502362
1342154882917154816,negative,1.6734281074416479e-10
1342154883286360077,negative,0.15237137935820858
1342154883634487301,neutral,0.46127768308170247
1342154886222393344,negative,7.71280294293051e-05
1342154886457253889,positive,0.9997986240468733
1342154887023521794,neutral,0.3593672214136314
1342154887828746240,negative,4.044389952670016e-05
1342154887996563457,negative,8.790762549192843e-05
1342154888562806784,negative,0.00038762428198487093
1342154889485496322,negative,0.31830910085235925
1342154889783345152,negative,7.993828113325692e-13
1342154890362150913,negative,0.01901656117934125
1342154890475425794,negative,0.015773583174067275
1342154890961956866,negative,0.03630015787993681
1342154891062628352,negative,0.11078722695282898
1342154891599470592,negative,0.17355381795072564
1342154893382004738,negative,0.1202877895426779
1342154893847650306,negative,0.056064655995890535
1342154897081380864,negative,8.515087045096324e-06
1342154897177849856,negative,0.009087159101972653
1342154897714798593,negative,5.441622580140844e-06
1342154897760935945,negative,0.0277903146818252
1342154898054533120,negative,0.03796884500247603
1342154899681894400,neutral,0.3358218310945649
1342154899937783808,neutral,0.4737554465528978
1342154900164268035,negative,0.16532172419126437
1342154900181020673,negative,4.2904534946458075e-07
1342154900227047425,negative,0.03909746360501934
1342154900717916164,negative,0.010064909227752364
1342154901187653641,negative,4.301094882263365e-10
1342154901540007938,neutral,0.4170417535514259
1342154901745524739,negative,0.01901656117934125
1342154902596890624,negative,0.026830194102773382
1342154904664748033,negative,0.003121316702415719
1342154904706703362,negative,0.17654448198810088
1342154905016909825,neutral,0.47056419380391146
1342154905050603520,positive,0.9170231853860284
1342154905704923137,negative,9.822507882697605e-05
1342154905981771777,neutral,0.5192315299824337
1342154906719952897,negative,0.041520676539302026
1342154906770288644,negative,2.887440347509249e-07
1342154907277783041,negative,0.14753306846464215
1342154907881771009,negative,0.006056248981062274
1342154908355575809,negative,5.565213631756166e-07
1342154908737257472,negative,1.0000211168455916e-06
1342154909161021440,negative,0.01130536739368902
1342154909748178950,negative,0.04326749920868208
1342154910004105216,negative,7.026607133529424e-08
1342154910616449024,negative,0.31830910085235925
1342154911031713793,negative,1.6734281074416479e-10
1342154912206098435,negative,0.04799629503887361
1342154912214392832,negative,0.04164257938099828
1342154912864604163,negative,0.2522817600246395
1342154913850281984,negative,0.008331704177175445
1342154914135502857,negative,0.31830910085235925
1342154914550738945,negative,0.009655167226292012
1342154914928222213,negative,7.548841920217413e-06
1342154917830651906,negative,0.007608478207888328
1342154917977485312,negative,0.000725745494711989
1342154917981642753,negative,0.006248314451104854
1342154919252516870,negative,0.00044286331715456817
1342154921592971264,negative,0.06474522636047719
1342154922654117889,negative,0.011596964255212673
1342154926072467457,negative,4.945253190156241e-07
1342154927171317760,negative,0.21869325381738683
1342154928836517891,negative,0.13506988849829543
1342154930535030787,neutral,0.6433263507102214
1342154933701902337,negative,0.010320231446011024
1342154933886324736,negative,0.027289744188104013
1342154934679183362,positive,0.8253714345432658
1342154935849398278,neutral,0.3597530600570847
1342154937007038464,negative,0.027468463557235284
1342154937136984064,positive,0.999540960699701
1342154937384501251,negative,0.0014313438979348828
1342154938294611968,negative,0.00044286331715456817
1342154938890285056,neutral,0.36733294409994255
1342154939309539328,negative,0.05216227108740228
1342154942086262784,neutral,0.44381268871734203
1342154942170214400,neutral,0.49789225920557484
1342154944368037889,negative,0.00045577905385702075
1342154946138025987,negative,0.27330089195993995
1342154948881096707,negative,0.0009135723002259712
1342154950537838594,negative,0.0059617621267305295
1342154951989080064,negative,0.0001404747139170291
1342154952207163396,neutral,0.38706865715976324
1342154953457082370,negative,7.000968158929942e-05
1342154953477873664,negative,0.013016721627495122
1342154953905860608,positive,0.999540960699701
1342154954484510722,neutral,0.35687899807558493
1342154955432611851,negative,0.009087159101972653
1342154955889627136,positive,0.9947442963434583
1342154956200050688,negative,0.009655167226292012
1342154961300295680,neutral,0.393938198402104
1342154963858804738,negative,0.10292344482340621
1342154964488122368,negative,0.000239193657099081
1342154967113580546,positive,0.9634604740631637
1342154967163961345,negative,0.2200595651665338
1342154968254525441,negative,4.301094882263365e-10
1342154970750185473,negative,0.010821739943380863
1342154973094797312,negative,0.03157718584383944
1342154979415621634,negative,0.0017186828185257136
1342154981688942600,negative,0.009087159101972653
1342154981957369857,negative,1.4042163960352404e-05
1342154983320547329,negative,3.964588768473941e-06
1342154987414155267,negative,0.027289744188104013
1342154987988787205,negative,0.0022163522295716082
1342154988576002048,negative,0.00018160601461683317
1342154989758803970,negative,0.003131538777137177
1342154990039785472,negative,0.23398098051223332
1342154992044675076,negative,0.0006373316526822
1342154993156173827,negative,0.027289744188104013
1342154993621553152,negative,0.009655167226292012
1342154994284441601,negative,0.00017582172268412865
1342154998314987520,negative,6.046486790017601e-06
1342155000387088385,negative,0.09646578667338862
1342155001444134918,negative,0.01090715993487572
1342155001632862210,neutral,0.5533970533999424
1342155001741926409,neutral,0.49789225920557484
1342155001813233666,negative,0.013729234737542537
1342155002094252032,negative,0.00030250149425897603
1342155004442935296,negative,0.003566906859200871
1342155005718126592,negative,4.364280067877536e-06
1342155010705076225,negative,0.004047313346786816
1342155010981982208,negative,0.30086933859882947
1342155013561458701,negative,0.054327400666022506
1342155013821489154,negative,0.00030250149425897603
1342155014089924610,negative,0.14753306846464215
1342155017650896897,negative,0.009706085909575887
1342155019236368384,negative,0.005969912517931997
1342155022386278400,negative,0.011596964255212673
1342155026001752065,negative,0.0001569164978646672
1342155026945421316,negative,0.03309331140031229
1342155029977968640,negative,0.05735328316963086
1342155030103810048,negative,0.3020135550609068
1342155031064281088,negative,0.00319603969384985
1342155033522139136,negative,0.0022898261716901578
1342155034281222145,negative,0.027289744188104013
1342155039591313409,negative,0.00021909519392193167
1342155040866234368,negative,0.0017801758821672472
1342155042988716032,negative,0.03338628435849808
1342155043030659073,negative,0.00044286331715456817
1342155044465090561,negative,0.03387767875350326
1342155051188424705,negative,2.167983696481375e-05
1342155052048375810,negative,1.4290049596130077e-05
1342155054439149568,negative,0.0003900380259478866
1342155054674030592,negative,2.5851204192250178e-08
1342155055097475073,negative,0.0008851451242205857
1342155055911362563,negative,0.046177314466715864
1342155056221712387,negative,0.005026369834513546
1342155059048673281,negative,0.12188388017780136
1342155059816230914,negative,0.05909721857634217
1342155062735466497,neutral,0.6079851152343057
1342155063507251200,negative,5.667585845313686e-06
1342155064476114944,negative,6.094074704385432e-08
1342155065038143490,positive,0.7053908788915162
1342155067592359937,negative,0.2906278741030604
1342155068913709058,negative,0.0032580438964232438
1342155072134914050,neutral,0.6079851152343057
1342155072927633414,negative,0.19608385064557662
1342155073141547011,negative,0.24880802496813487
1342155073426776065,negative,0.0021116303739656416
1342155073468567553,negative,6.160787156340807e-05
1342155073535750145,negative,0.024840528819796922
1342155073619685381,negative,0.12703271384507175
1342155076006260736,negative,1.2137587316032155e-05
1342155076593471489,negative,0.0063709917442390665
1342155076878692352,negative,0.015773583174067275
1342155077033861120,negative,0.0003676775367768263
1342155077369393152,negative,0.09182517808455813
1342155078266990594,negative,0.14404517399365704
1342155080800362496,negative,0.03300297064347458
1342155081823768577,negative,0.12031485348697876
1342155081827770368,negative,0.0069571137892871044
1342155081911693312,negative,0.2906278741030604
1342155082423525384,negative,0.07903570300231018
1342155083757314049,negative,1.102832667958939e-08
1342155084189360128,neutral,0.6079851152343057
1342155084256276486,negative,0.056064655995890535
1342155085372157953,negative,0.0003082441436803875
1342155087699996676,negative,8.885466562234789e-05
1342155087863570435,negative,0.1921070103867105
1342155089235075075,negative,0.02312814423556466
1342155089511931905,negative,0.0069571137892871044
1342155089918754816,negative,0.007737272138103139
1342155090254323712,negative,7.893501654351006e-06
1342155090585661440,negative,1.4635937090505173e-06
1342155092829614082,negative,0.002311901259290162
1342155093760745472,negative,0.08663240066919725
1342155093760765952,neutral,0.5847264862634185
1342155093903290368,negative,0.0038248402924192606
1342155094977081344,negative,0.00016673687966147047
1342155095685951488,negative,0.0002755830172568149
1342155096461860864,negative,0.057100421758971884
1342155096596082689,negative,0.0002458449961728255
1342155097208446978,negative,0.060709951340092126
1342155098227662848,negative,0.005363906578824478
1342155098454175748,negative,0.26076950668447035
1342155098726797312,negative,0.16532172419126437
1342155098760368132,negative,0.0023045448566988867
1342155099523657728,negative,0.0018112395590501407
1342155101646057474,negative,5.24938469072325e-05
1342155102463942660,negative,0.006017101707427884
1342155102610714627,negative,0.01901656117934125
1342155103302807552,positive,0.9101689587720528
1342155103676071937,neutral,0.46127768308170247
1342155103784980483,negative,0.018467403244614707
1342155104745631745,negative,0.07963132039368781
1342155105597009922,negative,1.2137587316032155e-05
1342155107463557125,negative,3.792379489848801e-05
1342155107648098305,negative,0.26076950668447035
1342155109489201154,negative,0.011059117830160798
1342155109816524803,negative,5.0141510123613015e-05
1342155110621786115,negative,0.2724809987208805
1342155115847970818,negative,0.0001123780949996407
1342155116548386818,negative,0.16532172419126437
1342155116602748928,negative,0.03153226901318821
1342155118414864384,positive,0.999540960699701
1342155119044022275,negative,0.011596964255212673
1342155120117743623,negative,0.279339169101368
1342155121002745858,negative,7.026607133529424e-08
1342155121615110144,negative,0.05070826087669668
1342155122445586432,negative,0.00139847858266263
1342155123913601024,negative,0.03993143131641469
1342155126056898567,negative,0.002454667869162021
1342155130775478272,negative,0.06426464958996005
1342155135078699009,negative,0.010821739943380863
1342155135963828225,negative,0.005194596826563236
1342155137100509185,negative,0.2906278741030604
1342155139319259136,negative,0.0056638297247934444
1342155141412253697,negative,0.03606788593470421
1342155143853301760,neutral,0.42148205596288174
1342155146738814977,neutral,0.49789225920557484
1342155148022452224,negative,0.238428800670322
1342155153886097415,negative,0.0021116303739656416
1342155156079734786,negative,0.0051690509653073095
1342155157254123520,negative,0.00041737370140945994
1342155157572870145,negative,0.006641195049176829
1342155161964318720,neutral,0.6149732941538079
1342155165999235080,negative,3.9711957289853805e-05
1342155166083121157,negative,0.0002648279463577823
1342155167148498944,negative,0.02410025090611589
1342155168369045505,negative,7.509477161378553e-08
1342155168935251970,negative,7.410415824728742e-05
1342155169040007169,negative,7.410415824728742e-05
1342155170428440578,negative,0.0011565200259012604
1342155173095993347,negative,0.08618080129723713
1342155178376572933,negative,1.6982466321919247e-11
1342155178598952962,negative,7.026607133529424e-08
1342155178875777030,negative,0.0017470442354359384
1342155179248988161,neutral,0.5533970533999424
1342155179265822723,negative,0.25292396903132935
1342155180582858752,negative,0.00017519101894700135
1342155181585289217,negative,0.1372177327457776
1342155184412258304,negative,0.2906278741030604
1342155184877682688,negative,0.010821739943380863
1342155185796182016,negative,0.0006726122019988871
1342155185938952192,negative,0.04400272114475594
1342155192205238275,negative,9.24974181870509e-11
1342155192368844800,negative,0.2164295994262103
1342155192897306625,negative,0.043750021502340086
1342155193782251520,neutral,0.6079851152343057
1342155193954267141,negative,0.26076950668447035
1342155194218532865,neutral,0.414878614273811
1342155195401302017,negative,0.008285294134682705
1342155197724962817,negative,0.011538404096376137
1342155197817245700,negative,0.014046218899557936
1342155198261821440,negative,0.009498342947866101
1342155198672855042,negative,0.0008652683737108112
1342155198987456519,negative,0.10440416148123748
1342155202082852865,neutral,0.3648025808206021
1342155205790617605,negative,0.06629964309305747
1342155206071640064,negative,0.027289744188104013
1342155206465871874,positive,0.999540960699701
1342155210723127296,positive,0.999540960699701
1342155211113160705,negative,0.025742826521775772
1342155211327102979,negative,0.03845309961145903
1342155220026073091,negative,0.020764564334816004
1342155222295203840,negative,0.003566906859200871
1342155222362304514,positive,0.732902134670623
1342155223163416581,negative,0.00012886923598357422
1342155227634561024,negative,0.0003003572210592242
1342155233376538633,negative,0.0004776296991420239
1342155235603566592,negative,0.027289744188104013
1342155237721853952,positive,0.8464618206459138
1342155245485502465,negative,0.005656342587096816
1342155246982852609,negative,0.027289744188104013
1342155248006258693,negative,0.007279006621424005
1342155252385112065,neutral,0.3385252644667176
1342155252645019649,negative,0.07903570300231018
1342155253333061635,negative,0.0032357908947151623
1342155253337059328,negative,0.014205827926210534
1342155253391745024,negative,0.054327400666022506
1342155254125584384,negative,0.2818952640346621
1342155255073665024,negative,0.23398098051223332
1342155260681400322,negative,1.8746329642345603e-06
1342155262946324480,negative,0.03300297064347458
1342155270462574593,negative,0.003312321884851833
1342155270923964417,neutral,0.4406874970281921
1342155271892848646,negative,0.0012802493548384288
1342155274812071936,negative,0.12434008970783582
1342155275101466630,negative,0.011867762055994917
1342155277605478401,negative,0.11924197513035559
1342155277957795844,negative,0.0007929404103188511
1342155280944164871,negative,6.046486790017601e-06
1342155283003531273,negative,0.014883674790615977
1342155283515236357,negative,0.0056638297247934444
1342155285402677248,negative,5.547586483555178e-06
1342155285624987648,positive,0.8197584750417382
1342155286232981510,negative,0.02437120135669833
1342155287927656449,negative,0.003121316702415719
1342155288204505088,negative,0.0017506143388280031
1342155288460357636,negative,0.10741740791562202
1342155288888160261,negative,5.962353560468601e-08
1342155290431672323,negative,0.005308712800262438
1342155291253764096,negative,0.027289744188104013
1342155291375374336,neutral,0.42448187885953126
1342155291773825024,negative,0.013690750960715573
1342155291958370304,neutral,0.49789225920557484
1342155294634254337,negative,0.20828494091279945
1342155296295120896,negative,0.010733528944241013
1342155297088008192,neutral,0.49789225920557484
1342155297129984001,negative,0.027289744188104013
1342155298086268935,neutral,0.4795169234018679
1342155301588504576,negative,0.00017582172268412865
1342155303056498689,negative,0.31820487300311295
1342155312275591172,negative,0.0032889349199641416
1342155317229060096,negative,0.009087159101972653
1342155318143442944,negative,0.00103849243008817
1342155318336380928,neutral,0.46127768308170247
1342155319733059589,negative,4.364280067877536e-06
1342155319871471616,negative,0.02448383941136253
1342155320550973447,negative,0.08095025987379895
1342155323092697090,negative,8.05199849645345e-06
1342155324460052481,negative,0.06273546563255376
1342155324837359616,neutral,0.49789225920557484
1342155325378605063,negative,0.0001042526269632592
1342155327018561537,negative,0.003566906859200871
1342155328197193735,negative,1.5430961551002625e-06
1342155335172296704,negative,0.3024154418601797
1342155336002777088,positive,0.9477931060999414
1342155337537871876,negative,0.005995036620968541
1342155338015977478,negative,0.027289744188104013
1342155338158641153,negative,0.2906278741030604
1342155339878305799,negative,0.022888170912950357
1342155341652439041,negative,3.203835884701393e-09
1342155341967069192,negative,0.027289744188104013
1342155342415708160,negative,0.15429214955441606
1342155345708331009,negative,0.010952761807428038
1342155348883492866,negative,0.0021116303739656416
1342155352754843650,negative,6.035557884120147e-09
1342155354608717829,negative,0.00021493466822283114
1342155356655529984,negative,0.0001123780949996407
1342155358463287296,negative,0.01090715993487572
1342155361000845314,negative,0.28708535681024444
1342155362011467776,negative,0.0012802493548384288
1342155363982962688,negative,0.00017582172268412865
1342155365568417794,negative,0.019563187163222803
1342155365631320065,negative,0.0019922630138158727
1342155370526101504,negative,0.009655167226292012
1342155372077965313,negative,0.2611621137273265
1342155372895891458,negative,0.00017582172268412865
1342155373529223173,positive,0.7014950603148503
1342155374347100161,negative,0.057100421758971884
1342155375835942913,negative,0.0009584541308739287
1342155375882203138,negative,0.0024073217646672375
1342155376175755264,positive,0.8999771000756641
1342155376238751751,negative,5.118798475547867e-09
1342155377459265536,negative,0.01901656117934125
1342155380370059266,negative,0.007718704224340631
1342155381913612288,negative,0.14621262492287865
1342155382731530243,negative,0.0031023963934914273
1342155383977213955,negative,0.009087159101972653
1342155384094646272,negative,3.0073230746796203e-06
1342155384157589510,negative,0.0005513534658065328
1342155384237289479,negative,5.924343988958564e-10
1342155384518270976,neutral,0.49789225920557484
1342155386133090308,negative,0.11924197513035559
1342155386204397568,negative,0.03387767875350326
1342155386804183040,negative,0.0011353916683194206
1342155387450109952,negative,0.0006618755121295592
1342155390864146432,negative,0.29950672546524976
1342155391334051840,neutral,0.4525299360032805
1342155391350796291,negative,3.675577789749899e-11
1342155391732494337,negative,0.15237137935820858
1342155391791202307,negative,0.0021116303739656416
1342155392223244290,negative,0.009080883055398342
1342155392256782336,negative,0.0006890247013791343
1342155392822947845,negative,0.03389676136479784
1342155395167608832,negative,5.58487420535712e-11
1342155395352166400,negative,0.01901656117934125
1342155397113765890,negative,0.011538404096376137
1342155398422343680,negative,0.020662502153600684
1342155398447575045,negative,0.12656977186421048
1342155398946586624,negative,0.2611621137273265
1342155399772983297,negative,0.32679632986568685
1342155400007868419,negative,0.004845735299912643
1342155400670552064,negative,0.00020815070263724967
1342155400947376131,neutral,0.4525299360032805
1342155400997724160,negative,0.0010427729243528215
1342155401341644801,negative,2.399643603467276e-06
1342155402822221831,negative,0.014921409828964609
1342155402876755969,neutral,0.46127768308170247
1342155404239904772,negative,0.023980403972990897
1342155404713861120,negative,0.0012287299786906908
1342155405397544960,negative,0.15237137935820858
1342155406903283714,negative,0.2827211566748335
1342155406953484288,negative,0.01105517135966487
1342155407171743745,negative,0.0011177041225770474
1342155407264014337,negative,0.0008461046282712783
1342155408480366592,negative,0.025644759334982475
1342155408589381632,negative,0.12614567128025364
1342155409046515712,negative,0.005969912517931997
1342155411353432064,negative,0.060708828470702504
1342155411558948870,negative,0.03796884500247603
1342155412498427905,neutral,0.42316074363633727
1342155412573974528,negative,7.63624663476541e-06
1342155413144408069,negative,0.08008206157173875
1342155413328953346,neutral,0.4025936382069884
1342155413589000200,negative,0.014921409828964609
1342155413614157824,positive,0.8713798185926741
1342155416772472834,negative,1.3520057623840865e-05
1342155417892302851,negative,0.02553113815889012
1342155419221958656,negative,0.016218976321130958
1342155420476043265,neutral,0.39705853574408695
1342155424229945350,negative,0.009087159101972653
1342155425211445253,negative,0.0021116303739656416
1342155428038373378,negative,0.03988410205554107
1342155428944371712,negative,0.0021116303739656416
1342155429032423428,neutral,0.3794434373490297
1342155429753856000,neutral,0.3316654477060271
1342155433117683719,negative,0.26012947799118874
1342155438486274048,neutral,0.49789225920557484
1342155439337836549,negative,0.09646578667338862
1342155441263042563,negative,0.010821739943380863
1342155443393753092,negative,0.0065787095830724
1342155446325489675,negative,0.238428800670322
1342155446652698625,negative,0.02049828370112842
1342155447323791361,negative,0.016464699376844857
1342155448745668610,negative,0.08754131433889883
1342155449676783627,negative,0.25380076829799114
1342155450096230400,negative,0.02329323645236039
1342155453376180227,negative,0.02410025090611589
1342155453699149824,neutral,0.34328375075981155
1342155454558908418,negative,3.062271684791097e-06
1342155457079738369,negative,0.005194596826563236
1342155460535668739,negative,0.020878506436568404
1342155461567664129,negative,0.0021116303739656416
1342155462020640768,neutral,0.4063848318194522
1342155467292753920,negative,0.03845309961145903
1342155468022697985,neutral,0.49789225920557484
1342155468739928064,negative,0.001160481123412676
1342155469100634113,negative,0.23584594398412012
1342155475870220289,negative,0.13467339204295112
1342155478793650177,negative,6.046486790017601e-06
1342155479674478592,negative,0.20828494091279945
1342155480848879617,negative,0.11531516418309866
1342155483562598401,negative,0.013538257339114304
1342155483969417219,negative,0.20828494091279945
1342155489271029762,negative,0.20828494091279945
1342155489384292354,negative,0.3196984607859839
1342155490579636225,negative,3.014991592837233e-06
1342155494694268929,positive,0.8464618206459138
1342155495033987073,negative,0.0017186828185257136
1342155495130460160,negative,3.809407302274062e-05
1342155496678166535,negative,0.00016435715877843356
1342155499085697028,neutral,0.3919068391247937
1342155500000075778,negative,0.14300471853901178
1342155500343992320,negative,0.0292887814219921
1342155501950349317,negative,0.04519956219568551
1342155504236326912,negative,0.0008652683737108112
1342155505414905860,negative,0.013538257339114304
1342155506111160320,negative,1.4384304340747583e-08
1342155507918921728,positive,0.8830283006755308
1342155517259522049,negative,0.00018983998561175077
1342155521806245888,negative,0.00019077187817444157
1342155522598969346,negative,0.1326103564066452
1342155524574310400,negative,0.02902189840142555
1342155529741889536,negative,0.0012802493548384288
1342155530287128577,neutral,0.3483776439259413
1342155530991759360,negative,0.00044286331715456817
1342155533709680641,neutral,0.5372318511317483
1342155535852982273,negative,6.503482814236264e-08
1342155538180804610,neutral,0.42235835904352426
1342155540370247681,negative,0.0021116303739656416
1342155540533833729,negative,7.836437992672807e-05
1342155542031175680,neutral,0.3483776439259413
1342155542110875650,negative,0.03387767875350326
1342155542928752642,negative,0.022729179908755146
1342155544325283842,positive,0.9477931060999414
1342155544585527297,negative,4.928796589398327e-08
1342155545357250564,negative,0.016377912020579175
1342155547148247041,negative,0.002544347395166212
1342155550734376960,negative,0.0017083787440911415
1342155552307068929,negative,0.20079464775713693
1342155552814751746,negative,0.000881365338098209
1342155555419402241,positive,0.674431462833672
1342155555847237632,negative,0.00010182509953519478
1342155556530892802,negative,0.15237137935820858
1342155558581841922,neutral,0.3428497658633938
1342155559143931910,neutral,0.5533970533999424
1342155559483662341,negative,0.00823751859811489
1342155560259624963,negative,0.008419973540098923
1342155560393838594,negative,0.009087159101972653
1342155560448307202,negative,0.26076950668447035
1342155562105114624,negative,3.339586700261228e-06
1342155562486796288,negative,0.014849538568656992
1342155563044634632,negative,0.13259430846401665
1342155563719864321,negative,0.12182690509467343
1342155566899224581,negative,0.15237137935820858
1342155567947722753,negative,0.15237137935820858
1342155568627253248,negative,0.0002977093060074143
1342155569537409024,negative,0.017840404156025128
1342155569990402049,negative,0.24788140837292044
1342155570548129792,negative,0.13540487157144374
1342155571550691330,negative,0.007920758449113684
1342155571743645698,neutral,0.3729713672110386
1342155573056434177,neutral,0.36356652853001176
1342155573891051520,negative,0.0003169061617677638
1342155574289555456,negative,0.057100421758971884
1342155575212339207,neutral,0.49789225920557484
1342155576189607937,negative,0.26076950668447035
1342155576810172417,negative,3.3306233063391456e-07
1342155576831143936,neutral,0.3797965773348163
1342155576831315969,negative,0.0008201189247750985
1342155576856330240,negative,0.009057493669438192
1342155576869081090,negative,0.0003082441436803875
1342155576898412544,negative,0.00031444920733155813
1342155576906817539,positive,0.999030297303411
1342155576915144705,negative,2.160622505999013e-05
1342155576927793158,negative,0.03433982526833802
1342155576944443392,negative,0.001953129171352078
1342155576944553986,positive,0.8068064722827494
1342155577015808008,neutral,0.33402218903110614
1342155579377082369,neutral,0.5364049954119403
1342155580165795846,neutral,0.3385365493424123
1342155583676407808,negative,0.07699239695978259
1342155583961575425,positive,0.999540960699701
1342155584318156800,negative,0.009087159101972653
1342155585463201799,negative,0.17274197153709184
1342155588541816836,negative,0.06214932012083676
1342155589196132353,negative,0.2906278741030604
1342155589598720010,positive,0.9350293038776688
1342155591419105286,negative,0.005261295280914172
1342155591842750467,negative,2.1738897168714815e-11
1342155592056639489,negative,0.00012758401629954657
1342155592085991425,negative,0.15237137935820858
1342155592643833858,negative,0.0007146645496186657
1342155593340088322,neutral,0.3371348131876588
1342155596112535552,negative,0.09098416582258051
1342155596703932418,neutral,0.5024549303604945
1342155596783644674,negative,3.035461084035595e-07
1342155598268391427,negative,0.12962009069807864
1342155598750740482,negative,0.06982712738328907
1342155599946067968,negative,0.03366229578777519
1342155600403300353,negative,0.009087159101972653
1342155600516575233,neutral,0.49789225920557484
1342155602022322177,negative,7.30774934935384e-05
1342155602215239682,negative,0.26076950668447035
1342155602328481796,negative,0.020662502153600684
1342155605625237506,neutral,0.384755143179098
1342155605990125569,positive,0.7364552304579606
1342155608301182979,neutral,0.5533970533999424
1342155608800292864,negative,0.00010838613174299595
1342155609085521921,negative,0.09640323611645361
1342155609139920896,negative,5.667585845313686e-06
1342155609316216840,negative,4.894823194557621e-05
1342155609404276737,negative,0.004584457602210859
1342155609534328845,negative,0.058953509185247416
1342155610272518144,negative,0.014883674790615977
1342155610754834437,negative,0.009655167226292012
1342155612034129921,neutral,0.5220505278733276
1342155612654764035,negative,4.429319665962582e-07
1342155612831043584,neutral,0.35341083541347074
1342155613577617410,negative,0.03589160844210587
1342155613766377472,negative,0.005050777926367388
1342155614139637760,negative,0.027289744188104013
1342155614785581057,negative,5.311583749397019e-07
1342155614886084608,negative,0.00021909519392193167
1342155615070793728,negative,0.057100421758971884
1342155616463286275,negative,4.5501618330918406e-05
1342155616530345985,negative,0.02312814423556466
1342155616744329220,negative,0.009087159101972653
1342155616782057474,negative,0.2906278741030604
1342155617109045248,negative,0.08418173863198308
1342155620837953540,negative,0.10440416148123748
1342155621089636355,positive,0.8488784103859388
1342155621198659589,negative,0.18917555239952435
1342155621597114368,negative,0.02059478213973318
1342155622515662848,negative,0.11312151898796842
1342155625258741765,negative,7.486119617896081e-07
1342155625426538498,negative,0.015141648629067025
1342155625896275969,neutral,0.38602231375877305
1342155626886135814,negative,0.0001123780949996407
1342155627741794304,negative,0.16018661904129503
1342155628714725376,negative,0.021832781444602187
1342155629335601154,negative,0.005194596826563236
1342155630375825408,negative,0.07697525380910032
1342155631399153664,negative,0.00741627213827822
1342155632078712833,negative,0.007637015117477577
1342155632556720128,negative,0.0032580438964232438
1342155634154868736,negative,2.6551873154995943e-06
1342155635324903424,neutral,0.5490292481829452
1342155636210065409,neutral,0.3358218310945649
1342155637497671682,negative,0.269786312807154
1342155638617505793,negative,0.27096003074137487
1342155638785388550,negative,0.16532172419126437
1342155640245022722,negative,0.0012638920586640191
1342155640945455106,negative,0.0034706007257613906
1342155642467975169,negative,0.06349256163192335
1342155643139063812,negative,0.0001123780949996407
1342155643675942912,negative,0.06349256163192335
1342155644543987712,negative,0.027289744188104013
1342155647266283526,neutral,0.5240526623853734
1342155648096735239,negative,0.0021116303739656416
1342155650890145795,negative,0.00017582172268412865
1342155652681117696,negative,0.0015825334693598282
1342155655755550720,negative,7.489983358390218e-07
1342155656099409920,negative,0.021402756939784627
1342155656204328966,negative,7.000968158929942e-05
1342155656707657731,neutral,0.4525299360032805
1342155658934824962,negative,0.21813144854871458
1342155660641886209,negative,0.009655167226292012
1342155663775068160,negative,0.002309902662783
1342155663825391616,neutral,0.4608912312862265
1342155664815255552,negative,0.008978253459419546
1342155667143069696,negative,0.014205827926210534
1342155669730975748,negative,0.009087159101972653
1342155679214280705,negative,0.08414659756580609
1342155679403012096,neutral,0.46127768308170247
1342155680023801856,negative,0.034168297047262965
1342155680057151492,negative,0.009655167226292012
1342155680455815170,negative,0.025761070879987608
1342155680497737730,negative,0.06106744169493714
1342155681122701316,negative,0.044105842830182956
1342155681676328965,negative,0.0012802493548384288
1342155692560433152,negative,4.1149698064828844e-05
1342155693000941568,negative,0.03489889797458225
1342155693797863425,neutral,0.3957868947703896
1342155694712254465,negative,0.20211335405797357
1342155698650689540,negative,0.019999981458400873
1342155699086884870,negative,0.0027039928785358783
1342155699573424133,negative,0.0007212255536393351
1342155703482339334,negative,0.08418173863198308
1342155704040378369,negative,0.3029968537174699
1342155704845529088,negative,0.009655167226292012
1342155705571291136,negative,0.05352475611900498
1342155711279747072,positive,0.8061061964474351
1342155713003593735,negative,0.00044286331715456817
1342155713368514560,neutral,0.4292432427314265
1342155713896857601,negative,0.039942203776707735
1342155714492563458,negative,0.23937635460751416
1342155716853985281,negative,1.9940022902823652e-05
1342155719852896258,negative,0.12234250735432527
1342155720368812032,negative,0.009655167226292012
1342155722927308800,negative,0.029132413443294945
1342155723187302403,negative,0.009087159101972653
1342155723648737280,negative,2.4472458020011067e-05
1342155727029284865,negative,0.009087159101972653
1342155729906577409,neutral,0.6149732941538079
1342155729956982784,negative,0.0017186828185257136
1342155730942652422,negative,0.04275548090686738
1342155736126648320,negative,0.0007212255536393351
1342155736449740800,negative,9.706094958020938e-09
1342155738995699712,negative,0.030923755542516786
1342155739326922752,negative,2.6498228189338233e-05
1342155740132229121,negative,0.0002922708266383631
1342155740736319488,negative,1.2137587316032155e-05
1342155741038338053,negative,0.15237137935820858
1342155742560792577,negative,0.0004615635581546248
1342155742632169472,negative,0.03796884500247603
1342155743210971142,negative,0.1742380541875788
1342155744477667329,negative,1.6734281074416479e-10
1342155744792223745,negative,0.009866309110518985
1342155745270374401,negative,1.6734281074416479e-10
1342155745492664326,negative,3.096655778800458e-05
1342155746214105088,negative,0.11421310470793355
1342155746478346242,neutral,0.33264619083818053
1342155746889392128,negative,0.027289744188104013
1342155747300438018,negative,5.990106864549514e-06
1342155748143468549,negative,0.027829226260964745
1342155748453847040,negative,0.03324321167688231
1342155748797788165,negative,0.0002755830172568149
1342155748932005888,negative,0.10440416148123748
1342155749426925570,negative,0.027289744188104013
1342155751721230338,neutral,0.49789225920557484
1342155752258097152,negative,0.01507678499389741
1342155753117917187,negative,0.1994694027461982
1342155755592572931,negative,0.02707511609049439
1342155758230638592,negative,0.319728963340947
1342155759547789320,negative,0.009087159101972653
1342155761112260608,negative,0.1325245531974614
1342155761816915968,neutral,0.5533970533999424
1342155761863028739,negative,0.009132729708475888
1342155762118905857,negative,0.0021116303739656416
1342155762290864129,negative,3.1646241059327216e-09
1342155762513162244,negative,0.009087159101972653
1342155765298159617,negative,0.009655167226292012
1342155766535479308,negative,0.0002770203714801331
1342155766770372609,negative,0.040906966205101015
1342155766992662528,negative,1.425561846222936e-06
1342155767672156162,neutral,0.6149732941538079
1342155772122320898,negative,1.301502580380808e-09
1342155773305114628,neutral,0.5923812850827109
1342155773514756096,negative,0.16532172419126437
1342155774307442689,negative,0.02679736193056124
1342155775024771074,positive,0.7475242755227335
1342155775364501506,negative,0.008002740267951025
1342155776006250496,negative,1.6734281074416479e-10
1342155776773648384,negative,0.0007459431189993248
1342155777503539207,negative,0.0022076292609529377
1342155778883526658,negative,0.063334806975656
1342155779210665985,negative,0.1939751723184478
1342155779982438402,negative,0.0006022332542719744
1342155780582207489,neutral,0.5490292481829452
1342155781127483392,negative,9.381980431997567e-07
1342155781148454913,negative,0.006671141875045404
1342155782519971841,negative,0.10440416148123748
1342155784419991558,negative,5.959548009256265e-05
1342155785191755776,negative,1.6734281074416479e-10
1342155786957574144,neutral,0.33727600713706035
1342155787410542592,negative,0.0069571137892871044
1342155787578318853,positive,0.7560908973998467
1342155787595112448,negative,7.219399210988782e-05
1342155789428019200,negative,0.0003729495833184038
1342155790136864770,negative,8.16152285395075e-05
1342155790178799618,negative,0.01745484737706581
1342155790954729472,negative,1.0332355643713323e-05
1342155792141733888,negative,0.08825381395458298
1342155793236426753,negative,0.06761515089341635
1342155793303560195,negative,0.027065569078279204
1342155793374785537,negative,0.05755909633084141
1342155794083622914,negative,2.9323728478094176e-05
1342155795090132992,negative,0.023980403972990897
1342155795597815808,negative,0.0003337093090357444
1342155795656531968,negative,0.006567087916684964
1342155796830965762,negative,0.0012802493548384288
1342155797229404162,positive,0.9796093793538125
1342155797439127555,negative,0.0007929404103188511
1342155797552365571,negative,0.0069571137892871044
1342155797632069634,negative,0.0728752984896165
1342155798944903169,negative,0.008334955680392745
1342155799326560257,negative,0.0026718646847690027
1342155802593923077,neutral,0.43476015795637407
1342155803084652547,positive,0.8830283006755308
1342155807086026753,negative,0.018777197720283207
1342155807253790720,neutral,0.3526434678804405
1342155808440791041,negative,0.005523502443881404
1342155809367584773,negative,0.0002755830172568149
1342155809468391424,negative,0.0019854025388994635
1342155809556373504,negative,0.001499726294711571
1342155809615208448,negative,0.21047953907773329
1342155809631985664,negative,0.006694052782044788
1342155809963302919,negative,3.480463188589721e-05
1342155810072363009,negative,0.0001690060164897966
1342155812425367558,negative,0.0174221789164632
1342155812689510403,negative,0.09646578667338862
1342155813083893761,negative,0.0015383727154870642
1342155814983897096,negative,0.29110704015181765
1342155815424290820,negative,0.0001618715877547291
1342155815583535104,negative,0.11924197513035559
1342155815839522816,negative,0.05878363343565463
1342155816145727489,negative,0.04664866983234521
1342155816162484226,negative,0.03675985246945928
1342155816166633474,neutral,0.3648025808206021
1342155816305094657,negative,4.368041995966456e-07
1342155817290760196,negative,0.14744223228981004
1342155822147776512,negative,0.010821739943380863
1342155822210707460,positive,0.6918285223339797
1342155822349082627,negative,0.003121316702415719
1342155823619989504,negative,0.27538537887707226
1342155823951216641,negative,0.027811738775304844
1342155823976509442,negative,0.000578579550294044
1342155825343852544,negative,0.07069463718861892
1342155825473679360,negative,0.13330950109685444
1342155825503215616,negative,0.0021116303739656416
1342155827155755009,negative,8.885466562234789e-05
1342155828514541568,negative,0.06726300206151539
1342155828611211266,positive,0.9991991695359793
1342155828648763394,negative,0.006652958425647358
1342155829169041409,negative,0.26076950668447035
1342155829403914241,negative,1.929629508488968e-07
1342155830628642816,neutral,0.33146687013091974
1342155831299600385,negative,0.14818555587331625
1342155831840804865,negative,0.21047953907773329
1342155832067297281,negative,0.025998307488977638
1342155832067317760,negative,0.01437903078328581
1342155833103306752,negative,0.052994772954973866
1342155834198028289,neutral,0.46127768308170247
1342155834910941184,negative,0.0052131868878954775
1342155835947028480,negative,0.0002463890094123655
1342155836198711297,negative,0.06980168864051693
1342155836395806720,negative,8.605410329688785e-05
1342155838732034050,neutral,0.42755866745518784
1342155839319146498,negative,0.00216750029484594
1342155839352664065,negative,0.00216750029484594
1342155839508013060,neutral,0.6333105239376515
1342155839541399552,negative,0.00216750029484594
1342155839570776065,negative,0.00216750029484594
1342155839579164672,negative,0.00216750029484594
1342155839889502208,negative,0.00216750029484594
1342155840363630593,positive,0.965778894413364
1342155840405426176,negative,0.00216750029484594
1342155840413986818,negative,0.0007929404103188511
1342155841068290048,positive,0.788359955178981
1342155841147985920,positive,0.9998790083654926
1342155844876726272,negative,0.055513831180776255
1342155846042722310,negative,0.00634142405876412
1342155849226211335,negative,0.0020519847622660716
1342155849310105601,negative,2.0778090057540014e-06
1342155851788918784,negative,0.015751190982413562
1342155851797311489,negative,0.2906278741030604
1342155853001068544,negative,0.2715220889220143
1342155853051404288,negative,0.054327400666022506
1342155853588140033,negative,0.012487335807890914
1342155854255190016,negative,2.3830963432469617e-08
1342155859208646658,negative,0.009155122152143546
1342155859300909058,negative,0.0014049083005648528
1342155862798958593,neutral,0.3318228626708164
1342155865957294081,negative,5.084978307518878e-05
1342155866901016579,negative,0.32112084512068156
1342155869560123398,negative,0.016218976321130958
1342155870520676352,negative,0.009087159101972653
1342155872575889408,neutral,0.33000841313334767
1342155873196658688,negative,0.08948498661781212
1342155874362675200,negative,0.00044286331715456817
1342155878183694336,negative,0.32112084512068156
1342155880071102465,negative,0.10221162418301495
1342155881291476992,negative,0.12234250735432527
1342155882239459330,negative,0.060708828470702504
1342155885259464708,neutral,0.4292432427314265
1342155888463904769,negative,6.046486790017601e-06
1342155890825289731,negative,0.18575529401966948
1342155894159781889,negative,2.1791083193399374e-06
1342155895162200064,negative,0.006671141875045404
1342155897586388992,neutral,0.49789225920557484
1342155898316156928,negative,0.027289744188104013
1342155899322830848,negative,0.12576005770930868
1342155899394207745,neutral,0.4496962766777865
1342155901701148675,negative,0.014205827926210534
1342155906155503616,negative,0.00023892191826557367
1342155907619287041,negative,2.83410749995183e-06
1342155908227457026,negative,0.10111094768868999
1342155909619998720,negative,0.11855547067628665
1342155910165245953,negative,4.364280067877536e-06
1342155910584684548,negative,0.32112084512068156
1342155913197740033,negative,0.05352475611900498
1342155916238589953,negative,0.016218976321130958
1342155920973975552,negative,0.009087159101972653
1342155921422753792,negative,0.32112084512068156
1342155922865606656,negative,0.0006487007650236135
1342155923041693698,negative,0.011501255095717136
1342155926879547397,negative,0.009911100721586305
1342155927542226944,negative,0.0013467545406616115
1342155928674582529,negative,0.0021116303739656416
1342155930486661121,positive,0.999540960699701
1342155933384921088,negative,0.32112084512068156
1342155933644955650,negative,1.9701809080614078e-06
1342155934269927424,neutral,0.3646109940331642
1342155934986997763,negative,0.00021909519392193167
1342155937382100992,negative,0.20143555609808125
1342155939395366918,negative,0.0005513534658065328
1342155940682936321,negative,0.0007947281187795242
1342155941685436416,positive,0.7419174195129323
1342155943820357637,negative,0.00017582172268412865
1342155947364519943,negative,0.16316786126014554
1342155948941594629,negative,3.792379489848801e-05
1342155950149480449,negative,0.08350873402384867
1342155950204084228,negative,0.020661725647693138
1342155952171134977,negative,0.009451115820435703
1342155952242356225,negative,0.27538537887707226
1342155952913489921,negative,0.07282988979776904
1342155952959713282,negative,0.05285763660929391
1342155953542750209,negative,0.005523502443881404
1342155954427719681,negative,0.004407745679555904
1342155954582941696,negative,0.029008259601575354
1342155955111419909,negative,0.02312814423556466
1342155955509854210,negative,0.0018089831172252648
1342155956357115905,negative,0.034168297047262965
1342155956608761859,negative,0.011795714715035734
1342155957539844099,negative,0.050185094066085845
1342155957770604544,negative,9.732540548731157e-07
1342155958005460992,negative,5.743734701435673e-05
1342155962115829765,negative,0.02312814423556466
1342155963525070850,negative,0.16532172419126437
1342155963810385928,negative,0.1325245531974614
1342155963940290560,negative,9.275532240362196e-06
1342155963990757377,negative,0.0598838203698199
1342155964007522309,negative,1.235024457071888e-08
1342155964732956672,negative,0.0016984442996489809
1342155965991411719,negative,0.0007166506180605534
1342155966146600962,negative,0.004300878492222307
1342155967111327745,neutral,0.5063485859391795
1342155967467761664,negative,0.2115994889310998
1342155968797310976,negative,0.0007929404103188511
1342155969095106562,negative,0.161182008347786
1342155970923921411,negative,0.014956136915293594
1342155972396150785,negative,0.004912119675623573
1342155972442206210,negative,0.00045701546201009957
1342155972953989125,negative,0.00015446819188183589
1342155973868331008,negative,1.728023816526153e-08
1342155974124171271,negative,0.03472483520141516
1342155974463918081,negative,0.041137094692619204
1342155974883352576,negative,0.07360800224004332
1342155975340527616,neutral,0.34266077358128766
1342155977211183104,negative,0.0037056673456543694
1342155977471254530,negative,0.0012802493548384288
1342155978175885314,negative,0.009366623533087502
1342155978368802816,negative,0.21047953907773329
1342155979488718850,negative,0.009087159101972653
1342155979975176197,negative,0.0021116303739656416
1342155980436623362,negative,0.0069571137892871044
1342155981434859522,negative,0.014921409828964609
1342155982336618500,negative,0.1720401480103085
1342155983687053317,negative,0.0021116303739656416
1342155983901122560,neutral,0.44292709731499286
1342155984576253955,negative,0.027289744188104013
1342155985603997697,negative,1.58491530658932e-13
1342155985620791297,negative,0.010821739943380863
1342155988779065345,negative,0.011525042873627246
1342155988867149825,neutral,0.5119193186489841
1342155989076865028,negative,0.025551525660264952
1342155991081750528,negative,1.255470111659719e-05
1342155991299858432,negative,1.8218995844573605e-07
1342155991337594884,neutral,0.3371348131876588
1342155991534759943,positive,0.999540960699701
1342155991870271489,negative,0.028883334796173155
1342155992709128193,negative,0.021625781630707195
1342155992801415171,positive,0.7734290382277216
1342155994143584259,negative,0.06349256163192335
1342155996588859393,negative,0.008556670548331254
1342155997775847424,negative,0.010821739943380863
1342155998161760257,negative,1.7741370598427808e-06
1342155998455156736,negative,0.00022949559299155462
1342155998669250560,neutral,0.6061408009382778
1342155999344529409,negative,0.027289744188104013
1342156000036577280,negative,1.4951304000415723e-05
1342156000208543748,negative,0.01613242230301775
1342156000472805376,negative,0.017054603518529318
1342156000497950725,neutral,0.4171084832741637
1342156001882107904,neutral,0.39220849115704093
1342156001970188296,negative,1.6734281074416479e-10
1342156002045652992,negative,0.005690555835752746
1342156002158735361,negative,5.51005630987257e-09
1342156003337494528,negative,1.6734281074416479e-10
1342156004646146048,negative,7.381700029840387e-06
1342156004767645696,negative,0.11924197513035559
1342156004826382337,negative,0.011490537435018785
1342156005048774657,negative,0.013956859522498572
1342156005690511362,negative,1.2137587316032155e-05
1342156006504230914,negative,0.015141648629067025
1342156008186138624,negative,1.6128057945625464e-06
1342156008404234248,negative,2.1597888369781722e-05
1342156010941722626,negative,0.06810498982857156
1342156011055030282,negative,0.000725745494711989
1342156011713531908,neutral,0.4020557810786359
1342156011881312259,negative,0.0649409937485363
1342156012141293569,negative,0.0015189172575283854
1342156012485287949,negative,0.02410025090611589
1342156013080895488,negative,0.0003476618130283044
1342156013152120838,negative,0.009728036026384501
1342156013504503810,negative,0.015773583174067275
1342156015815565312,negative,0.0007929404103188511
1342156016243376130,negative,2.7685677746738094e-10
1342156017086431234,neutral,0.4282978071167385
1342156017455403009,negative,0.01563543576172292
1342156019154223106,negative,0.32112084512068156
1342156022018940928,negative,0.00044286331715456817
1342156022446751744,negative,0.0325365510547228
1342156022635507714,neutral,0.6149732941538079
1342156022702616581,negative,0.03862794139167232
1342156023214338049,negative,8.605410329688785e-05
1342156025311473664,negative,0.055513831180776255
1342156027739963394,negative,0.24934846987526132
1342156033104424965,negative,0.004273830082308398
1342156034274590721,negative,4.364280067877536e-06
1342156034597670912,negative,0.01978699144490203
1342156036183121923,neutral,0.65693403439061
1342156038368342018,negative,0.02224005848153911
1342156038955544587,negative,0.17544439578210483
1342156040004116481,negative,3.358647851450476e-05
1342156040046059521,negative,0.20828494091279945
1342156040322867201,neutral,0.5708661665127723
1342156040456966145,negative,0.027289744188104013
1342156040780075009,positive,0.7565095875698936
1342156040931049474,negative,1.0361804522143808e-05
1342156044517175299,negative,0.010813235759662556
1342156044915658752,neutral,0.5785710304184576
1342156044953239552,negative,0.010706368727839864
1342156045431558144,negative,0.16854693829321393
1342156050280054784,neutral,0.5533970533999424
1342156051043540995,negative,0.22967206803388554
1342156051232280578,negative,0.0011120210947369272
1342156053056786432,negative,0.009087159101972653
1342156053400727554,negative,0.19759550433256623
1342156059025281026,negative,0.32112084512068156
1342156059528589312,negative,0.009997255132582329
1342156061873041408,negative,0.007327907599347392
1342156062363947008,negative,0.00031315001716344807
1342156063521579015,negative,0.005194596826563236
1342156065769713664,negative,0.033836586291598136
1342156067451645952,negative,0.016464699376844857
1342156067539734528,positive,0.8057310243824527
1342156067661295617,neutral,0.49789225920557484
1342156067971727362,negative,0.0013467545406616115
1342156070261821441,negative,0.0021116303739656416
1342156071213916161,negative,0.2794653930830212
1342156071784173568,negative,0.011596964255212673
1342156076414889990,neutral,0.3918133836164454
1342156077924839425,negative,0.11485600250880483
1342156078570733573,negative,0.0873594882948523
1342156078897901569,negative,2.1679731930642363e-05
1342156082827948039,negative,0.027289744188104013
1342156083394007040,negative,0.0021116303739656416
1342156084186906624,negative,1.7161990852840349e-07
1342156086552514560,negative,0.052450804249639285
1342156087768788998,negative,0.07970655620640098
1342156091795320834,negative,0.009087159101972653
1342156092428541973,negative,0.30311666902129447
1342156094945320960,negative,0.00029196341699747616
1342156095129849856,negative,0.0032357908947151623
1342156095578660868,negative,0.1931052188064269
1342156095700279296,negative,0.20220272334123046
1342156099974213634,negative,0.0006004748683393548
1342156100024590341,negative,0.00017582172268412865
1342156102989967365,negative,8.048829468706448e-05
1342156104462196738,negative,0.03988410205554107
1342156109717639180,negative,0.04206713201113633
1342156109969313792,negative,0.29557480691200605
1342156111118536705,negative,0.051718651505617864
1342156111949033478,negative,0.0011303632900339763
1342156114708856833,negative,1.2794471612806405e-06
1342156118299033602,neutral,0.5533970533999424
1342156124854824960,negative,0.02912101029332736
1342156125433692160,negative,0.005194596826563236
1342156126469632000,negative,0.010032582970081057
1342156126696124417,negative,0.006570642282783885
1342156130584309762,negative,0.051718651505617864
1342156130986975232,negative,0.00044286331715456817
1342156131867783168,negative,0.00017582172268412865
1342156133226717184,negative,0.07098944263900862
1342156133285433351,neutral,0.6517528416796651
1342156134040416256,negative,7.410415824728742e-05
1342156134329810945,negative,0.0037814023361133634
1342156138025000968,negative,0.0001039175126215644
1342156138192785408,neutral,0.5356135199433161
1342156138972901376,negative,0.005341352532337548
1342156141170728961,negative,0.20828494091279945
1342156148485595138,negative,7.000968158929942e-05
1342156150838595585,negative,1.7161990852840349e-07
1342156151794839553,negative,0.0092814745274036
1342156155825618945,negative,0.005194596826563236
1342156156408655872,negative,0.11451939098620599
1342156157436227584,neutral,0.4232078962494373
1342156157952159746,negative,0.08135425352654199
1342156160435159049,negative,0.006549865196859619
1342156160644882435,negative,0.051718651505617864
1342156160779104258,neutral,0.43486066778736443
1342156161873809416,negative,0.3029968537174699
1342156162490314757,negative,0.03845309961145903
1342156162888822790,positive,0.9304431943207508
1342156167393513479,neutral,0.36356652853001176
1342156167531913221,negative,0.20828494091279945
1342156168534380544,negative,0.28741154178763173
1342156169293520899,negative,0.006284697492873292
1342156169301909508,negative,0.0010427729243528215
1342156170144980992,negative,0.08522524458980589
1342156170199445505,neutral,0.4820055295404988
1342156170321145859,neutral,0.3358218310945649
1342156172028207105,negative,0.010064909227752364
1342156172921511936,negative,0.01901656117934125
1342156173156384769,negative,2.475803686627773e-05
1342156174020530183,negative,0.0008951199474301301
1342156175182327808,neutral,0.49789225920557484
1342156175211683840,negative,3.142822654108156e-05
1342156175991779331,negative,4.7776418130381596e-08
1342156177078165504,negative,0.002855514979868941
1342156177119952897,negative,0.0002755830172568149
1342156177136898055,negative,0.007324964432069982
1342156178625712128,negative,0.002745298738113449
1342156179217248257,negative,0.0014910916939241741
1342156180211249162,negative,0.2396621911436798
1342156181012406274,negative,0.005447757490260875
1342156182639812608,negative,0.10851678902702802
1342156182694322178,negative,0.027289744188104013
1342156182799183877,negative,0.007342745464133485
1342156183608635393,negative,0.1479294972119304
1342156183696793600,negative,0.007809040031757991
1342156183843581952,negative,0.04275548090686738
1342156184481099776,negative,0.0007983492437266562
1342156184590151682,negative,0.014921409828964609
1342156185009582080,negative,0.07726435786683304
1342156186611810306,negative,0.005194596826563236
1342156187438084096,negative,0.1714267382097156
1342156187991744515,neutral,0.3358218310945649
1342156188125966336,negative,0.011538404096376137
1342156188276895744,negative,1.0670534837039309e-05
1342156188897701889,negative,0.0006511462771957673
1342156190097100802,negative,0.0017544270121222598
1342156193389826048,negative,0.031398749811728056
1342156195348549634,negative,0.31297259541654526
1342156196187418629,negative,0.066120657218166
1342156196225159170,negative,0.000178997026255327
1342156196510375938,negative,0.0008404151946437426
1342156197949009921,negative,0.0021116303739656416
1342156198095843330,negative,0.005447757490260875
1342156198154543105,negative,1.895565884554105e-05
1342156198167019521,negative,2.475803686627773e-05
1342156198854983694,negative,0.05352475611900498
1342156198875959303,negative,0.0004760529356788509
1342156198938865665,negative,0.2648067970313416
1342156199555436544,negative,0.014921409828964609
1342156199660314627,negative,1.6734281074416479e-10
1342156199891005441,negative,0.059763010062178226
1342156199941337091,negative,2.3163175207761963e-05
1342156200167796736,neutral,0.3860734147883248
1342156201434509313,negative,0.1250224706700623
1342156202193534976,negative,0.016218976321130958
1342156202260582401,positive,0.8488784103859388
1342156202419965952,negative,0.02590854239908028
1342156204156608518,negative,0.2536288699758124
1342156204399763456,positive,0.9377488433023085
1342156204814942209,negative,0.0011353916683194206
1342156205066752000,positive,0.674492556352747
1342156205523931137,negative,0.10587021323935558
1342156205721067521,positive,0.8488784103859388
1342156208036261889,negative,0.02275432244281846
1342156209441280000,negative,0.005024477676082971
1342156210762559492,negative,0.002421229784099448
1342156211244904450,neutral,0.35025925297296484
1342156212310315009,negative,0.003219014391140649
1342156212423581699,negative,0.0003082441436803875
1342156212452913152,negative,0.0034626417605143813
1342156213459546113,neutral,0.49789225920557484
1342156213480550403,negative,0.006100086787408851
1342156213526544387,negative,0.30311666902129447
1342156213593772032,negative,0.0020377204144672724
1342156213837037569,negative,6.993681726368323e-05
1342156214038368257,negative,7.30774934935384e-05
1342156214097076224,negative,0.015773583174067275
1342156214956929025,negative,0.006663418150990524
1342156218052304896,negative,1.4277499043383644e-05
1342156219193192449,negative,0.00012886923598357422
1342156219683901440,negative,0.003496328831290306
1342156226285723649,negative,0.07192298659144568
1342156231268593667,negative,0.0003082441436803875
1342156232275222530,negative,1.361866848064981e-06
1342156238088511495,negative,0.24187439095654115
1342156239753498625,positive,0.8429258171568976
1342156240286347264,negative,0.19755164587239535
1342156242135998465,negative,0.03314362190917502
1342156243239104513,negative,7.095428699919883e-07
1342156245596180483,negative,0.10111094768868999
1342156246498103296,negative,0.31297259541654526
1342156250126176256,negative,0.15237137935820858
1342156250193285122,negative,0.13727869052965794
1342156250734338048,negative,0.0009719968613302451
1342156253510791169,negative,0.0003696861881017568
1342156255117402114,negative,6.8668505062330205e-06
1342156258787340289,negative,6.046486790017601e-06
1342156260628701190,negative,0.04540983031045838
1342156260951654400,negative,0.00017582172268412865
1342156267117228035,negative,0.0007737543094011443
1342156268782432258,negative,0.04145160344385007
1342156268946006019,negative,9.571911886832665e-05
1342156273345826816,negative,0.000677653834536815
1342156276596416523,negative,0.0022898261716901578
1342156280077565952,negative,4.077843877615391e-05
1342156285458997248,negative,0.00011841198347708944
1342156285987475457,negative,0.1866633852564735
1342156292144705537,negative,0.009087159101972653
1342156292937424896,negative,0.0007183530237687489
1342156293193293830,positive,0.9845644697550272
1342156293382037506,negative,2.3437479140674666e-05
1342156293436534784,negative,0.0006877962546359359
1342156293629423619,negative,0.014921409828964609
1342156294497689600,negative,0.15630830276745175
1342156295462387712,negative,0.2164295994262103
1342156296158638080,negative,3.142822654108156e-05
1342156297479868416,negative,0.00020858487292716615
1342156297509228544,negative,0.003433871264966067
1342156298058661894,negative,0.001482493170733148
1342156298385825798,negative,2.4146718285100685e-05
1342156298616504321,negative,0.004555829507408022
1342156300373921793,negative,0.00039002436772763544
1342156300382253065,negative,0.014363065706211106
1342156300596211712,negative,0.00030625802874966346
1342156300600438785,negative,0.011538404096376137
1342156300743041027,negative,0.15237137935820858
1342156301200220161,neutral,0.4232078962494373
1342156301418291204,negative,7.410415824728742e-05
1342156302810828800,negative,6.288346527202917e-05
1342156302915612673,negative,0.04432939939730267
1342156302982787072,negative,0.00011684796825530551
1342156303582384128,negative,6.555638861676289e-06
1342156305537007620,negative,0.04309523899221751
1342156305948049408,negative,0.0004760529356788509
1342156307177078784,negative,0.0002922487043940966
1342156309618065411,negative,0.01901656117934125
1342156309970513920,negative,0.3194920842491927
1342156310545133569,negative,0.0010427729243528215
1342156310909956096,negative,0.010707567603196803
1342156312700985345,negative,7.410415824728742e-05
1342156312843612160,negative,1.2137587316032155e-05
1342156314567462915,negative,0.0002768024461637105
1342156315414683648,negative,0.1213806476221265
1342156315540533248,negative,3.792379489848801e-05
1342156316274532356,positive,0.8455915369476715
1342156316962385928,negative,0.005447757490260875
1342156317977419776,negative,0.22693476074206984
1342156319625785344,negative,0.0012802493548384288
1342156323153190912,negative,5.121154846943292e-07
1342156323178295299,negative,0.004587599939796901
1342156323769757696,negative,0.00029933402235968973
1342156323857838081,negative,0.016427604373005056
1342156324293890048,negative,0.058953509185247416
1342156324612800514,negative,0.06349256163192335
1342156325262942208,negative,0.08254945333254635
1342156326336659459,negative,0.01069204969305658
1342156326806421506,negative,0.07364183036277536
1342156326819012610,negative,0.271155428753468
1342156327171330048,negative,0.004912119675623573
1342156328433803264,neutral,0.4215559435071324
1342156329641795586,negative,0.010414104679443252
1342156330828767233,negative,0.035256124030404304
1342156331248201730,negative,0.016464699376844857
1342156331474710536,neutral,0.49789225920557484
1342156331776573440,negative,0.1771591286494254
1342156333882208256,negative,0.019066194584136255
1342156334322638852,negative,0.005026369834513546
1342156334490394627,negative,0.000489258895203469
1342156334695927810,negative,0.0021479068848115983
1342156335996166152,negative,5.547265060916852e-06
1342156336243609601,negative,2.984973454750879e-08
1342156336713396227,negative,0.00022593904884339472
1342156336876892162,negative,0.015751190982413562
1342156337447378945,negative,0.02312814423556466
1342156338240090116,negative,0.00044286331715456817
1342156338462400514,negative,1.1362865973254404e-06
1342156338621800448,negative,0.0037267581427079094
1342156338814717960,negative,0.056064655995890535
1342156340186271749,negative,2.6551873154995943e-06
1342156340718940160,negative,0.27538537887707226
1342156342765694977,neutral,0.6241918372733148
1342156343474593793,negative,0.08111416891916993
1342156344573513729,negative,0.11935951334984464
1342156344619651074,negative,1.911761287581062e-05
1342156344653205504,negative,0.0025018105628367955
1342156344758038537,neutral,0.5533970533999424
1342156346536292353,negative,0.2073850669045448
1342156346658066432,negative,0.013584846091702825
1342156347811500041,negative,0.2695869446175245
1342156348541300737,negative,0.05262209315619995
1342156348956569601,negative,0.0644881938641443
1342156349061427200,negative,0.0011987546536927625
1342156352911781888,negative,0.0002977093060074143
1342156354887311361,negative,3.804048600941985e-05
1342156355306717185,negative,0.028770662929482535
1342156356476940290,negative,0.2164295994262103
1342156356770525185,negative,0.00011050760361525609
1342156356820860929,negative,0.0004814432770394458
1342156360046309376,negative,1.1291423544883213e-05
1342156360662843393,neutral,0.3341375882806857
1342156360851615749,negative,0.04431263158694897
1342156361493336066,negative,0.2405555736724345
1342156363879878656,negative,0.00741627213827822
1342156364169154561,negative,0.06405537043123012
1342156364177678337,negative,0.008870725673466636
1342156364492242944,negative,0.0010427729243528215
1342156364639064065,negative,0.041137094692619204
1342156366455169027,negative,0.027289744188104013
1342156367377780736,negative,0.18490819662282487
1342156367449255936,negative,0.022964716368658107
1342156368250359809,negative,0.00032033025437408713
1342156369986801664,neutral,0.47878153849390703
1342156370003582981,negative,0.00019557726745524757
1342156373967187969,negative,0.013016721627495122
1342156374097190913,negative,0.1264921192167089
1342156374650843136,negative,0.0012802493548384288
1342156374839582720,negative,0.010064909227752364
1342156375326076928,negative,0.035089484698044085
1342156376517332994,negative,0.11225808089435693
1342156376789942272,negative,0.005194596826563236
1342156379801456640,negative,0.004300878492222307
1342156381772632064,negative,0.0069571137892871044
1342156383127527424,negative,8.885466562234789e-05
1342156383253364739,neutral,0.3358218310945649
1342156384096448512,positive,0.8488784103859388
1342156384259944448,negative,0.3146435372671299
1342156384901754882,negative,0.0279199118752944
1342156385203716098,negative,1.4329104957285467e-05
1342156385954492419,negative,0.021832781444602187
1342156386038390788,negative,0.0010427729243528215
1342156388232011779,negative,0.009329544930382008
1342156389687427074,negative,4.94678499956781e-05
1342156390190768129,negative,5.121154846943292e-07
1342156392707338244,negative,0.14101930736840645
1342156394406027275,negative,0.16428093198843094
1342156394468962309,negative,0.18951001038817164
1342156396880531457,negative,0.312946473667598
1342156397878915075,neutral,0.364942314526389
1342156401783791616,neutral,0.49789225920557484
1342156405311213568,positive,0.8259957546706592
1342156410323410947,negative,0.0012463663046665885
1342156411279699969,positive,0.6675508078454042
1342156413653676032,negative,0.0021116303739656416
1342156415083941889,negative,0.00031903428567659696
1342156415515815937,negative,0.027289744188104013
1342156422436577280,negative,8.721269468323858e-06
1342156423317377026,negative,0.001271293920282318
1342156426496585728,positive,0.8121699326330626
1342156426781859840,negative,0.0004036356967443948
1342156427742367746,negative,0.0021116303739656416
1342156430221189121,negative,0.011477559641956745
1342156432049917961,negative,0.0292887814219921
1342156435883520002,positive,0.784813846344994
1342156436843991040,negative,0.1250224706700623
1342156438408318977,negative,0.01090715993487572
1342156438966304768,neutral,0.33390869349468444
1342156439192817664,negative,0.21921412548362115
1342156439733874688,negative,0.16280582794327256
1342156442728620032,negative,0.0015721628599613755
1342156443701694464,neutral,0.6342223244482552
1342156444901240833,positive,0.9956879020719476
1342156445689765893,negative,0.238428800670322
1342156447560445952,negative,0.004791891352519333
1342156448617402370,neutral,0.41456727982220337
1342156448776728577,negative,0.027289744188104013
1342156448776806406,negative,0.020775374754464553
1342156451851198467,negative,0.0006543062738987582
1342156453499580419,negative,0.0012802493548384288
1342156456288772105,negative,0.035572993044047235
1342156458075578368,negative,0.0056638297247934444
1342156461045112832,negative,0.2819411170673034
1342156461447782402,neutral,0.5533970533999424
1342156462215352321,negative,0.006921350887931277
1342156466149597185,negative,8.05199849645345e-06
1342156466824884228,negative,5.698533146431975e-06
1342156467110092800,negative,7.430496683458666e-08
1342156467714084865,negative,0.02448383941136253
1342156469194657793,negative,0.039362063073630604
1342156473892278272,negative,0.11630316019335102
1342156474722746369,negative,0.02312814423556466
1342156474768879616,negative,0.008002740267951025
1342156475288969220,neutral,0.40304719392749905
1342156475372883971,negative,3.770269141755884e-06
1342156476475830272,negative,0.058953509185247416
1342156476585013248,negative,0.21071571394474808
1342156477088333831,negative,0.21047953907773329
1342156477566431234,negative,0.15026887944733647
1342156477893664774,negative,0.26989792640062205
1342156481550925824,negative,0.027289744188104013
1342156482398343168,negative,0.04825897008487054
1342156482763231234,neutral,0.6149732941538079
1342156483182686208,negative,0.11924197513035559
1342156483329486851,neutral,0.42570501536259053
1342156485208510464,negative,0.3020135550609068
1342156486961745921,negative,0.029554461532469174
1342156488131883010,neutral,0.49789225920557484
1342156488731750406,negative,0.2536288699758124
1342156489599942659,negative,0.00031315001716344807
1342156493303504897,negative,0.00016682321303079813
1342156495153209348,negative,0.09394345256797082
1342156496327618561,negative,0.005058963611082928
1342156497535565824,negative,1.9203541096978217e-10
1342156498085031936,negative,0.045237078153474955
1342156498164740098,negative,0.027289744188104013
1342156499234205705,negative,0.04200885003699929
1342156502509957120,negative,0.00012806966803041736
1342156502572929024,neutral,0.3499352441185855
1342156502803623936,negative,0.12356545199738704
1342156503269175305,negative,0.008596641619556382
1342156503298560003,neutral,0.39697510199130176
1342156503474700289,negative,0.0016984442996489809
1342156504544268294,neutral,0.5533970533999424
1342156504615542786,negative,0.05528446120294227
1342156505672507393,negative,0.00741627213827822
1342156506083549184,positive,0.8464618206459138
1342156506742071300,neutral,0.6149732941538079
1342156507740254213,negative,0.17799537651540087
1342156508856000512,negative,0.06158441697108521
1342156509208305665,negative,0.0022930161908591763
1342156509569052672,negative,0.1324057685992205
1342156510043004929,negative,8.463421716173515e-15
1342156510109917184,negative,0.00013840144458670907
1342156511536164865,negative,0.00032834213979979123
1342156513155178499,negative,0.000683282905979139
1342156513465479169,negative,0.09640323611645361
1342156514006593538,negative,0.005447757490260875
1342156514551857152,negative,0.15608868916466107
1342156515214389250,negative,0.014921409828964609
1342156515575267328,neutral,0.3765779839922154
1342156516367994880,negative,0.2421840069416206
1342156516779057154,negative,2.5415964745174237e-05
1342156516871303168,neutral,0.5814945040166146
1342156517798240256,negative,0.0001123780949996407
1342156517986983937,negative,0.2226288826810743
1342156518368681986,negative,0.32112084512068156
1342156518880378880,negative,7.015655176336258e-06
1342156519077535748,negative,1.6734281074416479e-10
1342156519773712385,negative,0.07430667215239103
1342156520784424961,negative,0.02679736193056124
1342156523611574272,negative,0.027348492627627438
1342156523925950466,negative,0.00015586307796449538
1342156523997257729,neutral,0.49789225920557484
1342156525654175745,neutral,0.40447801807326084
1342156526639837184,negative,5.067111439135553e-05
1342156526887206914,negative,0.027289744188104013
1342156526979584000,negative,0.15630830276745175
1342156527944294400,negative,0.24808777934736304
1342156528418111488,negative,0.007265170212787386
1342156528757964800,negative,0.022964716368658107
1342156528841842688,neutral,0.6149732941538079
1342156528929959936,neutral,0.5114878955189579
1342156529127075840,negative,0.08663240066919725
1342156531027107842,negative,0.0002768796278208597
1342156531622621184,positive,0.784813846344994
1342156533136842758,negative,0.00451595085493334
1342156533556260865,negative,0.31297259541654526
1342156533690413056,negative,0.010959568899694983
1342156534269227009,negative,0.005370575131904248
1342156534348967940,negative,1.0531070063839446e-08
1342156535724707840,negative,5.986978496516846e-07
1342156535959576579,negative,0.04655577628293924
1342156536034914304,negative,0.009655167226292012
1342156536341258243,neutral,0.36733294409994255
1342156537045913602,negative,1.7499721329366254e-06
1342156539176644609,negative,3.792379489848801e-05
1342156539453448193,negative,0.02160242453216044
1342156539671552006,negative,0.05324345586373358
1342156541408006144,negative,0.17532624316627185
1342156541496066049,negative,0.06405537043123012
1342156541676273664,negative,0.0009268291998292341
1342156542108434432,negative,0.006100086787408851
1342156542129262592,negative,0.0012802493548384288
1342156544415305728,negative,0.05352475611900498
1342156545161908224,negative,1.697591729062636e-05
1342156545220632578,negative,0.002454667869162021
1342156545514217473,negative,0.0011576635811865164
1342156545807712257,negative,0.04309523899221751
1342156545975590917,positive,0.8488784103859388
1342156546650877954,negative,8.699932779372021e-05
1342156546730557440,positive,0.999540960699701
1342156548450250760,negative,0.04811465104060185
1342156548920008704,neutral,0.39220849115704093
1342156548974510082,negative,0.014883674790615977
1342156549133901824,negative,0.01072136387044308
1342156550052392960,negative,0.010295429084400908
1342156552162177027,negative,0.009655167226292012
1342156553785405444,negative,0.06106744169493714
1342156553839915008,negative,0.054327400666022506
1342156554313867264,negative,0.002745298738113449
1342156554586501122,negative,0.014921409828964609
1342156555337273344,negative,0.10124053646171588
1342156555651870720,negative,0.007809040031757991
1342156556075479044,negative,0.08437613153631827
1342156559657422849,neutral,0.608711942479606
1342156560752140288,neutral,0.5533970533999424
1342156561117040640,positive,0.9981727954728697
1342156562236903427,negative,0.00044286331715456817
1342156562358530049,positive,0.9965069851297071
1342156562501144577,negative,4.473347650157299e-05
1342156562689884164,negative,0.027289744188104013
1342156562727624706,neutral,0.3474295495185809
1342156565307133953,negative,0.02160242453216044
1342156565734940672,neutral,0.46127768308170247
1342156566221484032,negative,0.002426743509287547
1342156566590607360,negative,0.0010427729243528215
1342156567265898499,negative,0.029101064505016434
1342156567681126400,negative,0.00016036712028058784
1342156568066928640,negative,3.964588768473941e-06
1342156568876429312,neutral,0.4525299360032805
1342156569149108225,negative,0.11225808089435693
1342156569149108228,negative,0.11366169422944113
1342156569526628352,negative,0.05528446120294227
1342156570465976320,negative,0.0010427729243528215
1342156571485204480,negative,0.01366302732957199
1342156571594338307,negative,0.009366623533087502
1342156571640537089,negative,0.0029983909628816777
1342156577088831490,negative,0.009655167226292012
1342156577650974721,negative,0.0022898261716901578
1342156582109523972,neutral,0.6437755837536341
1342156582675771395,positive,0.9077017132144649
1342156582742876166,negative,1.1025333818588417e-05
1342156582956756995,negative,0.0004659193743918614
1342156582965149697,negative,5.2354190461617574e-05
1342156583468462083,negative,0.2906278741030604
1342156585708109827,negative,0.005569482993291084
1342156585842434051,negative,6.438528179403724e-07
1342156586672910337,negative,4.268001929705497e-05
1342156590607175682,negative,0.004797976670931217
1342156591789957120,negative,0.0923495657705897
1342156591844495365,negative,0.01658714877290156
1342156591945183233,negative,0.17943833439194123
1342156592569991168,neutral,0.4674721106682651
1342156594579185664,negative,0.054327400666022506
1342156598559600640,negative,0.03387767875350326
1342156598656036866,negative,0.011708329955110584
1342156598958030849,negative,0.00014279223887606144
1342156602598690816,positive,0.6679447458610329
1342156603454320644,negative,0.0021116303739656416
1342156606608453633,neutral,0.6149732941538079
1342156607325679618,negative,0.027289744188104013
1342156608755953664,negative,0.000627083358510002
1342156616305664003,negative,0.0021116303739656416
1342156616712527873,positive,0.6994654929385462
1342156618532671490,negative,0.0001153170309673274
1342156618910359563,negative,0.17274197153709184
1342156618977435648,negative,0.22856334493631153
1342156619833090050,negative,0.0007544559464409997
1342156621431058432,positive,0.999540960699701
1342156621615681536,negative,0.06946581803373242
1342156622752264192,negative,0.004912119675623573
1342156623700258818,negative,2.575671679532095e-07
1342156625545736193,negative,0.23124626104478893
1342156632952872961,negative,1.9277989720237317e-07
1342156633409871878,negative,0.009655167226292012
1342156634064359427,neutral,0.49789225920557484
1342156636006346755,negative,7.548841920217413e-06
1342156637554008064,negative,0.05352475611900498
1342156638778777606,positive,0.9975807777926429
1342156644965376002,negative,0.059622251325815015
1342156645871349761,negative,8.262962425333124e-06
1342156646873772032,positive,0.999540960699701
1342156650443116545,negative,0.0056638297247934444
1342156652041166856,negative,0.009087159101972653
1342156654826180610,negative,0.00045132505137832643
1342156654960386055,negative,1.5742839970926033e-07
1342156656822652935,negative,0.00044286331715456817
1342156657145630720,neutral,0.49789225920557484
1342156657464377344,negative,0.0021116303739656416
1342156657544081410,negative,0.02332646445722412
1342156657955131393,negative,0.25786362502299304
1342156658147995660,negative,4.866657784055049e-10
1342156658168848384,neutral,0.398180521791012
1342156658739449857,negative,7.410415824728742e-05
1342156658831732741,negative,0.009655167226292012
1342156659251097603,negative,0.02160242453216044
1342156660865961986,negative,0.00021909519392193167
1342156661323137027,neutral,0.49789225920557484
1342156661587374082,negative,6.252812839061642e-07
1342156663126679554,negative,1.9429505594912306e-06
1342156665290960896,negative,0.06762159785159677
1342156666377220106,neutral,0.49178886988063825
1342156666503131136,negative,0.0001039175126215644
1342156667207745544,negative,0.002884595312769996
1342156667304235009,negative,0.005872918506056955
1342156667350355968,negative,0.0001039175126215644
1342156667736231936,neutral,0.4200252812397388
1342156667966861314,negative,0.006523180151790409
1342156668625444868,neutral,0.5454865229941258
1342156669422366721,negative,0.005353255170027112
1342156669506170886,negative,0.06640051744579871
1342156670277967875,negative,0.005447757490260875
1342156670558986242,negative,0.0009852799266708927
1342156671372693505,negative,0.2350437295946142
1342156671905386496,neutral,0.4545900548782308
1342156672492515339,negative,0.005447757490260875
1342156673553739782,negative,0.13858569004193308
1342156673746665473,negative,0.0021116303739656416
1342156673977364482,negative,0.002745298738113449
1342156675118198786,negative,0.0508051651203812
1342156675290198016,negative,0.29063685756305496
1342156675365613570,neutral,0.44193049347687885
1342156677341016065,negative,2.9192382807696873e-06
1342156677651591172,negative,0.007435109254466696
1342156677764808713,negative,0.011068019455858051
1342156678989557761,negative,0.05162939938257333
1342156679207669762,negative,0.0025727072421477524
1342156679341871104,negative,0.04275548090686738
1342156679501160449,negative,0.01952320733155905
1342156680352698370,negative,0.0003082441436803875
1342156683360010242,negative,0.19608385064557662
1342156683796238345,negative,7.000968158929942e-05
1342156687357186049,negative,0.15237137935820858
1342156688137326593,negative,0.13673752893601093
1342156688879661057,negative,0.00044286331715456817
1342156689030729731,negative,0.15237137935820858
1342156689437577217,neutral,0.6149732941538079
1342156690368716803,negative,0.00042253257833378823
1342156691211771904,negative,0.02342844013126742
1342156692981739520,negative,0.034168297047262965
1342156694814683136,positive,0.8181171411366561
1342156697868099584,negative,0.027289744188104013
1342156699235454977,negative,0.2301917679834784
1342156700074168325,negative,0.01655810971147242
1342156700724437000,negative,0.027289744188104013
1342156701148082178,negative,0.03796884500247603
1342156701202591746,negative,0.19608385064557662
1342156701278072836,neutral,0.3358218310945649
1342156701626028032,negative,0.012487872683137346
1342156704247635968,negative,0.04733189936611493
1342156704826478593,negative,0.21047953907773329
1342156707372392448,negative,0.27538537887707226
1342156707934445569,negative,0.025369252280032686
1342156708060295168,negative,0.08330828598861773
1342156708634910723,negative,6.558554984086108e-07
1342156708941078528,neutral,0.6418516740094394
1342156709436018696,positive,0.8488784103859388
1342156711616983041,negative,0.21047953907773329
1342156711797411841,negative,0.1768880552443879
1342156711973580800,negative,0.09646578667338862
1342156712598523905,negative,0.002454667869162021
1342156712955011075,negative,0.10207293315307418
1342156713214889984,negative,0.08125387407256193
1342156713814716416,negative,0.00849309960577442
1342156714116833281,negative,3.7926482325379075e-05
1342156716834775040,negative,0.15237137935820858
1342156717061099520,positive,0.9996679469659898
1342156717577150466,neutral,0.3909626859526589
1342156719544283138,negative,0.16428093198843094
1342156720232157186,negative,3.916953135098841e-05
1342156720349573127,negative,2.0954247953352465e-06
1342156720362160129,negative,0.009655167226292012
1342156720420884482,negative,0.003566906859200871
1342156720819347457,negative,0.02049828370112842
1342156721205243905,negative,4.301094882263365e-10
1342156721532395522,negative,0.15255229023260233
1342156722249453570,negative,0.27538537887707226
1342156722325098496,negative,0.0004615635581546248
1342156722379567104,negative,0.1471562350051551
1342156722606116864,negative,0.03809344957497387
1342156723835043840,negative,0.003998427261181163
1342156724522737667,positive,0.9247489304836741
1342156724590030850,negative,5.838280331083885e-06
1342156724656979974,negative,0.04189553218445024
1342156724942348288,negative,0.3055950302665505
1342156725458243594,negative,0.09646578667338862
1342156725475024897,negative,0.0021111628425916447
1342156726011895808,negative,0.027289744188104013
1342156726418763776,negative,0.08437613153631827
1342156727911915520,negative,0.0005307165068588733
1342156729216282624,negative,0.17799537651540087
1342156729581244417,negative,0.12740039617771
1342156730281717761,negative,0.009087159101972653
1342156730608840704,negative,0.035241122830545
1342156732177539073,negative,0.17648314728865105
1342156732399841280,negative,0.08206419745083758
1342156732701749249,negative,0.0001409226767444189
1342156733502742528,positive,0.9247489304836741
1342156733721022466,neutral,0.3697674097288342
1342156735008665600,negative,1.5502496565250153e-05
1342156736623505409,negative,0.1466265739854057
1342156736682192897,negative,0.024165956919594285
1342156736929689604,negative,0.0008857452603480243
1342156737789325312,negative,2.6551873154995943e-06
1342156738510921739,negative,0.30758962395425377
1342156738716381184,negative,0.011386771245539605
1342156739400134656,neutral,0.49789225920557484
1342156740197023753,negative,0.013883775507431013
1342156741002330112,negative,0.005557068525823104
1342156741249785862,negative,0.009087159101972653
1342156742457765889,negative,0.014921409828964609
1342156745423134723,negative,0.0018185212516189481
1342156746933100545,negative,0.005447757490260875
1342156746979115008,positive,0.9247489304836741
1342156747096662020,negative,0.00013426718800508766
1342156747465781249,negative,0.0006477115916706814
1342156748786905089,negative,0.015459452077076921
1342156749231562752,negative,0.010064909227752364
1342156750011695105,positive,0.9996679469659898
1342156750112210944,negative,8.550509257562934e-06
1342156751362084865,positive,0.7610937966661441
1342156751441973250,neutral,0.4755822938625887
1342156751639089154,negative,0.001439217197991817
1342156753325187074,negative,0.06810498982857156
1342156753505497090,negative,3.8950687981075924e-07
1342156755178934273,negative,0.027289744188104013
1342156755833384963,negative,7.000968158929942e-05
1342156755887943681,negative,7.819737540884177e-05
1342156756064067585,negative,0.11788177164474763
1342156757603393537,negative,0.006646468719851769
1342156758437998592,negative,0.01613242230301775
1342156759163490304,negative,0.20828225876074594
1342156760719761410,negative,5.181907496216934e-05
1342156760732246016,neutral,0.5472960823705576
1342156760769912832,negative,0.012487335807890914
1342156762653347841,negative,1.0162005606446956e-06
1342156763068583936,negative,0.009655167226292012
1342156763550937090,neutral,0.4171084832741637
1342156764050055174,negative,0.027289744188104013
1342156766931525633,negative,0.052499208848416495
1342156772149256193,negative,0.01467947721395888
1342156772178595840,negative,0.0021116303739656416
1342156772400889862,negative,3.964588768473941e-06
1342156775605366784,negative,0.051718651505617864
1342156775764725761,negative,0.03999182497324638
1342156776540696577,negative,0.051718651505617864
1342156777459122178,negative,0.0794647547607608
1342156778788818950,negative,0.07375289073441772
1342156784287494144,negative,0.04177627806166283
1342156785428393986,negative,0.0011699355912028343
1342156787269701632,negative,0.00017582172268412865
1342156787470970881,negative,0.1966513218550911
1342156788741894151,negative,1.4923400366941717e-05
1342156791719763972,neutral,0.4505138789577287
1342156793317888002,negative,0.016464699376844857
1342156795477942272,negative,2.2197333951932213e-05
1342156796912349186,negative,0.32506685266967134
1342156797449302016,negative,0.00010288296327112246
1342156799378665472,negative,0.027289744188104013
1342156800087502848,negative,2.285000683639122e-05
1342156800485978112,negative,0.06760332322861914
1342156801660366854,negative,0.00016036712028058784
1342156804453756930,negative,0.0003082441436803875
1342156805066153990,negative,0.0376074107948466
1342156806022443008,negative,0.2685711445694575
1342156810405502976,negative,0.010821739943380863
1342156812175298560,negative,0.0007166506180605534
1342156812238401546,negative,0.06106744169493714
1342156814327099393,negative,0.013128080582023999
1342156814373294080,negative,0.016464699376844857
1342156814385819653,negative,0.07192298659144568
1342156816181026817,negative,0.25528183038444485
1342156817376243712,negative,0.0159761751634748
1342156817502269443,negative,0.00017582172268412865
1342156818328543234,negative,2.889018533681382e-09
1342156818441588736,negative,4.0032823393062206e-07
1342156818571812869,negative,0.05352475611900498
1342156819087679488,negative,0.09355348343357782
1342156819603599360,neutral,0.5495922250151081
1342156820362702850,negative,6.046486790017601e-06
1342156823609147392,negative,0.010136429427904124
1342156824880025601,negative,0.003566906859200871
1342156825165262855,negative,0.010821739943380863
1342156826788442112,negative,0.00015123374302257765
1342156827006554114,negative,0.00010380996616249674
1342156832912142339,neutral,0.5098436067637715
1342156833461559296,neutral,0.4232078962494373
1342156839224553473,negative,0.02902189840142555
1342156839614611457,negative,0.001338865932659323
1342156839778181121,negative,0.0346931271413689
1342156841195810816,negative,0.2812124665127172
1342156841422360576,negative,0.005447757490260875
1342156841422385152,negative,0.32112084512068156
1342156842462535684,negative,0.24342974455593216
1342156844807155712,negative,0.0001043395187557896
1342156845381799939,neutral,0.5674047860043102
1342156845910286344,negative,0.30975103832962125
1342156846484905984,negative,0.005194596826563236
1342156847235670017,negative,4.128650826309591e-06
1342156848133099520,negative,0.04484789677779327
1342156848342810624,negative,0.0277903146818252
1342156850578542596,negative,0.0358861740772784
1342156851144605696,negative,0.013016721627495122
1342156851186597890,negative,0.15210707275969992
1342156851350265857,negative,0.19608385064557662
1342156851471912961,negative,5.9863439701835745e-05
1342156851513860096,negative,0.0005586755284113936
1342156852524703744,negative,0.002809490411877239
1342156852570824704,negative,0.0006566485959450078
1342156853971734531,negative,0.2833848953654449
1342156854743470081,negative,0.02679736193056124
1342156854806392833,negative,0.09752879755642452
1342156854969843716,negative,0.04362790378570312
1342156855104180225,negative,0.00030189634416527295
1342156855108362245,neutral,0.6149732941538079
1342156856500887552,negative,0.07192298659144568
1342156856542830594,negative,4.540937017501673e-05
1342156857750667264,negative,0.024991153811876735
1342156858090549249,negative,0.13340954978550612
1342156858388328448,negative,0.06735262945225812
1342156863224348673,negative,0.10440416148123748
1342156863253737473,negative,0.012200404745245749
1342156863719108608,negative,0.01901656117934125
1342156863819948032,negative,0.00046806575895322263
1342156864235200518,negative,0.011017388323203009
1342156864276983810,negative,0.11924197513035559
1342156864289701889,negative,7.382731725420572e-05
1342156866437132291,negative,0.0021116303739656416
1342156866630119424,positive,0.9696335536177817
1342156866894360576,neutral,0.4504888139938193
1342156867011796994,negative,0.046713702602444056
1342156867255099393,positive,0.7292677948837735
1342156868098134017,negative,1.8218995844573605e-07
1342156868366589953,negative,0.00010288296327112246
1342156872191774722,negative,0.0010427729243528215
1342156872787361792,negative,0.015459452077076921
1342156872812519424,negative,0.001513512692132489
1342156872871268356,negative,0.0003430122176172002
1342156875282829312,negative,0.02902189840142555
1342156875463352323,negative,0.006671141875045404
1342156876021198848,negative,0.009205858770249339
1342156876398669826,neutral,0.4282978071167385
1342156877485010945,positive,0.9998891086803092
1342156877514334208,negative,0.03513664696641658
1342156877757632516,negative,0.21047953907773329
1342156878948806656,negative,0.031231833153341285
1342156881033310210,negative,0.00017582172268412865
1342156881591230464,negative,0.00029196341699747616
1342156882123882497,negative,0.23145934796723433
1342156883528966146,negative,0.1964104599792626
1342156883973517316,negative,0.04309523899221751
1342156884778868737,negative,0.09640323611645361
1342156884858564608,negative,0.0001123780949996407
1342156885160505345,negative,0.010032582970081057
1342156885521121281,negative,1.0886693861934428e-05
1342156885869404161,negative,0.0035982875043934124
1342156887773609987,negative,0.17812810456297185
1342156888511832065,negative,3.62292384409477e-06
1342156890336337922,negative,0.02312814423556466
1342156891850493957,negative,9.983555866794065e-05
1342156892357976068,negative,0.0037814023361133634
1342156892882219009,negative,0.026773813979631095
1342156892961988609,negative,0.26076950668447035
1342156893926682624,negative,0.012487335807890914
1342156893981204480,negative,0.21648638113827817
1342156894107021313,neutral,0.43686867815316577
1342156895805648897,negative,3.1223380003982046e-05
1342156896279605249,negative,5.121154846943292e-07
1342156897554722823,negative,0.12740039617771
1342156897860939779,negative,1.3648981405861941e-11
1342156898066378754,negative,0.00044286331715456817
1342156898179674112,negative,0.00017582172268412865
1342156898372640774,negative,0.0005513534658065328
1342156898641072130,negative,0.03793768076430421
1342156899219767297,negative,8.550509257562934e-06
1342156899928723456,negative,0.10440416148123748
1342156901115711493,negative,0.020774974276068937
1342156902755565568,negative,0.004911521286639298
1342156903149936640,negative,0.011538404096376137
1342156903212851204,negative,0.0002755830172568149
1342156903934275584,negative,0.0004760529356788509
1342156904815087617,negative,0.0003747825680904291
1342156905012211713,negative,0.20104403581410019
1342156905809063936,negative,6.17938220872769e-05
1342156906044002304,negative,0.21047953907773329
1342156906215956483,negative,3.469471583512035e-05
1342156906912247808,negative,4.388206513900202e-05
1342156907675594752,negative,0.057100421758971884
1342156909118427140,negative,0.01426289705205799
1342156909130878982,neutral,0.36356652853001176
1342156909453975553,negative,0.012487335807890914
1342156909596585989,neutral,0.43393302045253523
1342156909730643970,negative,1.2997590761780037e-08
1342156910049587201,negative,0.015178231329654521
1342156912960229378,negative,0.07012912088702614
1342156914810089474,negative,0.011538404096376137
1342156914923339781,negative,0.05528446120294227
1342156916219383808,negative,0.0021116303739656416
1342156916684947456,negative,2.5987155852303245e-05
1342156916705742848,negative,0.23398098051223332
1342156916726915076,negative,7.30774934935384e-05
1342156917087592448,negative,3.2747310788282916e-08
1342156917217509378,negative,1.5296859250567444e-05
1342156917431558146,negative,0.16280582794327256
1342156917767090177,negative,0.07884051830597238
1342156917817434112,negative,2.984973454750879e-08
1342156917892730880,neutral,0.3613736706529672
1342156917909684225,negative,0.04614628650156319
1342156918572408836,negative,0.00823751859811489
1342156922707992578,negative,0.05542377308181811
1342156924008202240,negative,0.010064909227752364
1342156924763205633,negative,0.000178997026255327
1342156926369423361,neutral,0.49789225920557484
1342156926432501760,negative,0.009087159101972653
1342156926453481474,negative,0.003802494215023941
1342156927883735041,negative,0.08206419745083758
1342156929284661254,neutral,0.3697674097288342
1342156930035412996,negative,0.0076793701300136175
1342156930115108865,negative,0.08437613153631827
1342156931415334912,negative,0.010010436042350045
1342156931696373767,negative,0.0033544235791264925
1342156931910217728,negative,0.009864472319900678
1342156934233911299,negative,0.24393810780110217
1342156936133931010,negative,0.027289744188104013
1342156938059149313,negative,0.3020135550609068
1342156942760935424,positive,0.9713304176434753
1342156943671128065,negative,2.573431078662111e-05
1342156943981481984,negative,0.011596964255212673
1342156947668262914,neutral,0.44193049347687885
1342156948951732224,neutral,0.4525299360032805
1342156950335868931,negative,0.08035313699578582
1342156955125596160,negative,1.96249245554016e-09
1342156956920913927,negative,0.012396026862837035
1342156956975460353,negative,0.16488836838566875
1342156959072608257,negative,0.11235301458350375
1342156960884514818,negative,0.010821739943380863
1342156961715023874,negative,0.00835977363942704
1342156963711488001,negative,0.02410025090611589
1342156963996598272,negative,0.20891535256794236
1342156964210614272,neutral,0.3829594103726344
1342156964453879814,negative,0.0006661345693589146
1342156965036908544,negative,1.4584869493967428e-05
1342156965221445633,negative,0.00044286331715456817
1342156965288546307,negative,0.0028368997445731795
1342156970552385538,negative,0.012487335807890914
1342156971839991813,negative,0.005105794077761883
1342156972926398464,negative,0.06946581803373242
1342156973316460549,negative,4.799730299181207e-10
1342156973433712640,negative,0.000126766967628531
1342156975535235074,negative,0.027266282965574744
1342156978362195973,neutral,0.3643685158170457
1342156978458664961,negative,0.0068252795322152416
1342156978554990592,negative,0.010821739943380863
1342156979381432320,positive,0.9988185991961946
1342156981742788608,negative,0.00044286331715456817
1342156982539571201,negative,0.0007212255536393351
1342156983256944642,negative,0.004555829507408022
1342156983961591814,negative,0.02049828370112842
1342156985760948226,negative,0.011596964255212673
1342156989862998017,negative,0.00022949559299155462
1342156990676692993,negative,0.1736504651274858
1342156992664760321,negative,0.01158985135065683
1342156992937279491,negative,0.2821721353205616
1342156993038069764,neutral,0.6149732941538079
1342156993772060672,negative,0.09182517808455813
1342156994862608387,negative,0.015416135532522888
1342156997639155712,negative,0.0006726122019988871
1342156997693743104,negative,0.027289744188104013
1342156998083833856,negative,0.14995922938884051
1342156998410969088,negative,0.0004036356967443948
1342157000139005954,negative,0.009655167226292012
1342157001799860224,neutral,0.35253428379258867
1342157002433323010,negative,0.027289744188104013
1342157003645476870,negative,1.7161990852840349e-07
1342157004945686528,negative,0.0011565200259012604
1342157006631788544,negative,0.15335434241404183
1342157011702583296,neutral,0.49789225920557484
1342157013145554948,negative,9.822507882697605e-05
1342157014101852162,negative,0.24970851142414252
1342157014311477248,negative,0.005635167492439159
1342157015959932930,negative,0.0001226976142830433
1342157020506456064,negative,0.00029196341699747616
1342157020888256513,negative,0.027289744188104013
1342157022482083841,negative,7.815612721160295e-06
1342157023199322114,negative,7.8964593116111e-10
1342157023253831680,negative,0.010232081537924268
1342157024293920768,positive,0.6800588541412664
1342157024482783232,negative,0.03909746360501934
1342157024696655881,negative,1.4951304000415723e-05
1342157025564794881,neutral,0.3614399138399964
1342157025615241226,negative,0.03633684283748469
1342157025896058883,negative,0.01901656117934125
1342157026198249472,negative,0.023584009553104707
1342157027775156224,negative,0.0598838203698199
1342157027938861056,negative,0.09275780284120302
1342157029381722117,negative,0.1107752723773233
1342157029645963264,positive,0.9205393517642273
1342157030266703881,negative,0.0002351555222202862
1342157030673543170,negative,0.15388074030892698
1342157031969579008,negative,0.051718651505617864
1342157032003014658,negative,8.515087045096324e-06
1342157032279961603,negative,0.2640154428111083
1342157032435154945,negative,0.001764640528511418
1342157032833523713,negative,0.0012207674338523052
1342157032896528385,negative,0.31830910085235925
1342157034205143040,negative,0.05025571966734841
1342157035056480256,negative,0.27538537887707226
1342157035186614273,negative,0.19608219301299584
1342157035660574724,negative,0.035572993044047235
1342157036272967686,negative,0.15237137935820858
1342157036541403140,negative,0.0762885634045399
1342157036927107072,negative,0.010496816195101346
1342157037191495686,negative,0.014921409828964609
1342157038693060616,negative,2.9531476503093073e-08
1342157039020077058,negative,6.783294257456809e-05
1342157039020085248,negative,0.027074645129845643
1342157039917789184,negative,0.0598838203698199
1342157039976542210,neutral,0.37874993579954885
1342157041721364486,positive,0.9900537850302044
1342157043801743361,negative,0.0009168816256133443
1342157044028203012,negative,0.006274956437245017
1342157044590260224,negative,0.21047953907773329
1342157047404638208,negative,0.00030250149425897603
1342157047526260736,negative,0.10111094768868999
1342157048390115328,negative,0.003566906859200871
1342157049002668034,negative,6.256942625617613e-06
1342157049367564288,negative,0.09904286944174936
1342157049916915714,negative,0.0018381216279315345
1342157050256756736,negative,0.09732670441727871
1342157050269347840,negative,6.052560642660567e-05
1342157050571321344,negative,0.014849538568656992
1342157050743320577,neutral,0.47878153849390703
1342157053326929921,negative,0.00303484442953941
1342157053821939713,negative,0.00017582172268412865
1342157053947768833,negative,0.11028959255616755
1342157054006489090,negative,0.00044286331715456817
1342157054723596288,negative,0.000126766967628531
1342157055390584832,positive,0.9966815111517452
1342157055797424128,negative,0.028117818745070258
1342157056422236161,negative,0.0012610069444334599
1342157056510291973,negative,0.26358014030118204
1342157056858595328,negative,0.04755920229517442
1342157057454198784,negative,0.0673834447469688
1342157057802305537,negative,0.07457915665387328
1342157059345809410,negative,0.001453460741788501
1342157059450540032,negative,0.011386771245539605
1342157059471511553,negative,2.3689136692537622e-05
1342157059895287809,negative,8.515087045096324e-06
1342157061312958465,positive,0.8830283006755308
1342157061652680704,negative,0.27626037608679505
1342157063552696323,negative,0.26076950668447035
1342157063682711557,negative,0.0069571137892871044
1342157064446107655,positive,0.9966815111517452
1342157065398218752,negative,0.15504787150520305
1342157065813454850,negative,0.0750301550963365
1342157065842806784,negative,0.15237137935820858
1342157065976905728,negative,0.2020779095980671
1342157068443262976,negative,0.1928306638549478
1342157069042913282,negative,0.0021116303739656416
1342157069655318528,negative,0.011386771245539605
1342157070506864651,negative,7.026607133529424e-08
1342157071664492545,negative,1.4111992767671584e-06
1342157072067141639,negative,0.0002755830172568149
1342157073992314881,negative,0.03778640421313795
1342157074097184769,negative,0.02045366808552573
1342157075779100674,negative,8.515087045096324e-06
1342157076714434564,positive,0.8061061964474351
1342157077209370624,neutral,0.3358218310945649
1342157077897162752,negative,0.1258285199032784
1342157078320869376,negative,3.792379489848801e-05
1342157080271138817,negative,0.016427604373005056
1342157080346697731,negative,0.015141648629067025
1342157081453932545,negative,0.005058963611082928
1342157081617584129,negative,3.138928676810399e-08
1342157081831481345,negative,0.0003998466404645706
1342157082108309505,negative,0.02312814423556466
1342157083261751297,negative,0.02312814423556466
1342157084792647681,negative,0.06761515089341635
1342157085337903107,negative,0.01802643909317884
1342157085342052353,negative,0.014883674790615977
1342157086264872968,negative,0.011538404096376137
1342157087107915777,negative,0.014921409828964609
1342157088751939584,negative,0.011386771245539605
1342157088869539842,negative,0.0012556272042652328
1342157088928247810,negative,0.10268578362069504
1342157089481711616,negative,0.04329948809938995
1342157089976836097,negative,2.6551873154995943e-06
1342157090048118789,neutral,0.3385252644667176
1342157090559840257,negative,2.6551873154995943e-06
1342157090899570688,negative,0.0598838203698199
1342157091000168448,negative,0.10381992096085416
1342157091293835266,positive,0.8488784103859388
1342157091985903616,negative,0.03796884500247603
1342157093302915074,neutral,0.49789225920557484
1342157094292762625,negative,0.015565404561229668
1342157094607343616,negative,8.797189063067652e-05
1342157094951280644,negative,0.00028595531040795786
1342157095165190144,negative,0.05628418104802219
1342157095177658371,negative,0.033006725792466565
1342157095542681603,negative,0.010821739943380863
1342157095983063040,negative,4.301094882263365e-10
1342157097434312704,negative,0.08437613153631827
1342157098877136897,negative,0.009087159101972653
1342157099556458496,negative,0.13310963566302414
1342157099871174658,negative,0.1250224706700623
1342157100055724035,negative,0.057100421758971884
1342157100089106432,negative,0.0014279453955055737
1342157102467334144,neutral,0.49789225920557484
1342157102882549760,negative,0.031825527455829096
1342157103046275073,negative,0.051305979249928337
1342157103071252480,negative,0.011490537435018785
1342157103742513160,neutral,0.4125167585617551
1342157104124145664,negative,0.26076950668447035
1342157105709510658,negative,0.0004760529356788509
1342157105801920512,negative,2.481744761877416e-07
1342157105801920520,negative,0.0076793701300136175
1342157106535796736,negative,0.00271784362838045
1342157107269939200,negative,0.271155428753468
1342157108305924096,negative,0.27009137085593915
1342157109971083264,negative,0.054327400666022506
1342157110365327361,neutral,0.48728019602140255
1342157110512144385,negative,0.06640051744579871
1342157110952554504,neutral,0.5734576952979002
1342157111040614400,negative,0.26076950668447035
1342157111632007168,negative,0.014503183359014663
1342157111636144128,negative,0.011324991043698331
1342157112357642240,negative,0.17943833439194123
1342157113959841792,negative,0.001694193001030666
1342157114693865472,negative,0.24251040904170532
1342157115666952196,negative,0.0006618755121295592
1342157116530962432,negative,0.0053405496112882925
1342157116803526657,negative,0.0007929404103188511
1342157118091239424,negative,1.558907026615901e-05
1342157118686851076,negative,6.44638338961598e-12
1342157118896541696,negative,0.2343068529270471
1342157119160786944,negative,0.028860980213723457
1342157119345274881,negative,0.15630830276745175
1342157120612016135,negative,0.08437613153631827
1342157120683339776,neutral,0.46127768308170247
1342157121501028352,negative,0.02329323645236039
1342157122704957440,positive,0.9348293994078349
1342157122872766464,negative,0.012487335807890914
1342157123837423616,neutral,0.4525299360032805
1342157125112496128,negative,0.08437613153631827
1342157125569699842,negative,0.11225808089435693
1342157126886633473,negative,0.04484789677779327
1342157127079628800,negative,0.09916737932135118
1342157127876571137,negative,0.062191053680428626
1342157129571065856,negative,0.008285294134682705
1342157130623815683,negative,0.05711459240235603
1342157130737078272,negative,0.1994694027461982
1342157130745393152,negative,0.14182546504243043
1342157131961790465,negative,0.26076950668447035
1342157132347695104,positive,0.9966815111517452
1342157132439969793,negative,0.0649409937485363
1342157132830040064,negative,6.3369602522620354e-06
1342157132905512960,negative,0.0895333666348501
1342157133236854784,negative,0.0006095025376758965
1342157133312352256,negative,0.04452566015412304
1342157133513678849,negative,8.022837284641435e-05
1342157133983477761,negative,0.18917555239952435
1342157135111712775,negative,0.009366623533087502
1342157135141081090,negative,0.20432965143997953
1342157135791104001,neutral,0.49789225920557484
1342157136105668608,negative,2.2863656650225426e-09
1342157137179508737,negative,0.0653833245514655
1342157139515731974,positive,0.7088771082093664
1342157140316860416,negative,0.0069571137892871044
1342157140597891073,negative,0.014849538568656992
1342157140937613312,neutral,0.3318228626708164
1342157141302538244,negative,0.0021116303739656416
1342157141650640898,negative,0.013877294289259462
1342157141856178176,negative,0.003355747681712649
1342157143835877376,neutral,0.4232078962494373
1342157144884449288,negative,0.005024477676082971
1342157145249353730,negative,0.001278503335434978
1342157145924497409,negative,0.00849309960577442
1342157146423754753,negative,0.01629480158786063
1342157147522674689,negative,0.003533798072395648
1342157147539439617,negative,0.01209388592877573
1342157149028245506,negative,0.011596964255212673
1342157149485604865,negative,0.005194596826563236
1342157151813464067,negative,0.034168297047262965
1342157151914106880,negative,0.0006726122019988871
1342157152316751873,positive,0.9477931060999414
1342157152333524993,negative,0.0051932906889877485
1342157155667992576,negative,0.007201235444945872
1342157156435582980,negative,0.0051558209482676105
1342157156687163392,negative,0.0069571137892871044
1342157157274419200,positive,0.9986876194434775
1342157160780685313,negative,0.2906278741030604
1342157160944463872,positive,0.6864853079933441
1342157161024126976,negative,0.009087159101972653
1342157161112092676,negative,2.3689136692537622e-05
1342157161330335745,negative,3.2891934303716066e-05
1342157161514860552,negative,7.548841920217413e-06
1342157161573445633,negative,0.0012376032758048283
1342157161883860993,positive,0.6800588541412664
1342157161892233216,negative,0.0991654945521101
1342157162194345984,negative,0.08437613153631827
1342157162395660291,negative,0.16922859333983092
1342157162479550467,negative,0.0712979596632403
1342157162542469120,neutral,0.49789225920557484
1342157163234390016,negative,0.13193864712749268
1342157164559949824,positive,0.999540960699701
1342157166300573696,negative,0.0007929404103188511
1342157166468358145,negative,0.008566861788800222
1342157167122673665,neutral,0.5472960823705576
1342157168485789701,negative,0.0021116303739656416
1342157168829730817,negative,3.028725819711792e-05
1342157169362407425,negative,0.08437613153631827
1342157169567928324,negative,0.004849585118641502
1342157169949614083,negative,0.054905628972724975
1342157170369036288,negative,0.002745298738113449
1342157170394103809,negative,0.1250224706700623
1342157170650001408,negative,0.1866633852564735
1342157171723743233,negative,4.623698886044777e-07
1342157172805947392,negative,0.009087159101972653
1342157173086892034,negative,2.5987155852303245e-05
1342157173607043072,negative,5.924343988958564e-10
1342157173867081728,negative,0.00013581594805024276
1342157174999568386,negative,0.0004550346715866577
1342157177193189378,neutral,0.39220849115704093
1342157177239330818,negative,0.005447757490260875
1342157177268613121,negative,0.004473863185505913
1342157177608425472,negative,0.003441918319111806
1342157177683914753,negative,0.04431263158694897
1342157178627645441,negative,0.10381734080021172
1342157180905152513,neutral,0.33623359787652535
1342157181261643776,negative,0.0021116303739656416
1342157181685260292,positive,0.6800588541412664
1342157182377332738,negative,0.002796444762805122
1342157182658293765,negative,8.277971471996416e-05
1342157185170563077,negative,0.2217624192155579
1342157185732681728,negative,3.62292384409477e-06
1342157185850159112,negative,0.26076950668447035
1342157186412257280,negative,7.820450182091613e-05
1342157186496163848,negative,0.0006004748683393548
1342157186563252224,negative,0.238428800670322
1342157186756194305,negative,0.017251395403806043
1342157189855596544,negative,1.7499721329366254e-06
1342157189918699520,negative,0.06405537043123012
1342157190354903041,negative,0.009655167226292012
1342157191265062917,negative,1.3397052748340904e-09
1342157191290232839,negative,0.004142239296535925
1342157191625592834,positive,0.923139291310461
1342157191885815810,negative,0.008395315856489092
1342157191999090692,negative,0.16532172419126437
1342157192460427264,negative,0.01563543576172292
1342157193341186052,negative,0.004315178123019976
1342157193471266817,negative,0.10440416148123748
1342157194444369920,negative,0.006017101707427884
1342157194465325056,negative,1.6734281074416479e-10
1342157194574360579,negative,0.008395315856489092
1342157194968657920,negative,0.009087159101972653
1342157195631161344,negative,8.515087045096324e-06
1342157196230938625,neutral,0.5136446707795853
1342157196725915648,negative,0.010821739943380863
1342157198043058176,negative,0.006100086787408851
1342157198143721473,negative,0.0016711689234877635
1342157198563160064,negative,0.016427604373005056
1342157198634450947,negative,0.26076950668447035
1342157199196315650,negative,0.0012802493548384288
1342157199301373958,negative,0.0017154257532718843
1342157200253476865,negative,0.03796884500247603
1342157201411072002,negative,0.0667658068442467
1342157202988150784,negative,0.005447757490260875
1342157203093016579,negative,0.16280582794327256
1342157204200304643,negative,0.061410069973311145
1342157204372205571,negative,0.008285294134682705
1342157204426780672,negative,0.00036698065428222344
1342157204435193858,negative,0.2545221070777563
1342157204762349570,neutral,0.42876467289441955
1342157205710188545,neutral,0.42876467289441955
1342157206867742722,negative,0.1397851972724352
1342157206939181057,negative,0.12971544759595222
1342157207778037762,neutral,0.3428393741674494
1342157207954202624,negative,0.15340728057126846
1342157209015365643,negative,0.012376378919967288
1342157209711599618,negative,0.3120329156721037
1342157209740976134,negative,0.028860980213723457
1342157210030403584,negative,0.000817403828072958
1342157211028647938,negative,0.00508283694788516
1342157211095728129,negative,3.964588768473941e-06
1342157211196395520,negative,0.16607610750087148
1342157211355779074,negative,0.1250224706700623
1342157211443851265,negative,5.001696173137159e-06
1342157211695460352,negative,0.016917380996999163
1342157212001710082,negative,7.000968158929942e-05
1342157212068716544,negative,0.0002755830172568149
1342157212165275648,negative,0.0057899175196762616
1342157212450496512,negative,0.03589160844210587
1342157212827971588,negative,0.047343125308005815
1342157214757359617,negative,3.252260775243556e-07
1342157214790922240,negative,8.657432572320091e-14
1342157215411671040,negative,0.001983340690335818
1342157215906623488,negative,0.006112180904382101
1342157216997015552,negative,0.27538537887707226
1342157217022111745,positive,0.9543341838413475
1342157217202626560,neutral,0.6149732941538079
1342157217609482242,neutral,0.4737554465528978
1342157219585019907,negative,0.002745298738113449
1342157220654575616,positive,0.9999624441521426
1342157220675420161,negative,0.32487682076984686
1342157221564596224,negative,0.0010427729243528215
1342157223372476418,negative,0.004285138271283273
1342157223548616706,negative,0.010173857450883438
1342157224018382850,neutral,0.4603985411339065
1342157224328622081,negative,4.882139745008093e-05
1342157225020674048,negative,0.07416461070563346
1342157226467880963,negative,0.0991654945521101
1342157227386351619,negative,0.0812148074563168
1342157227541606412,negative,5.001696173137159e-06
1342157229139632130,negative,0.0008857452603480243
1342157229328396288,neutral,0.49789225920557484
1342157231522013184,negative,0.001681145829015434
1342157232268587009,negative,1.319395328845215e-06
1342157232331354112,positive,0.9996679469659898
1342157232444760066,negative,0.0598838203698199
1342157232448786432,negative,0.004255855132316902
1342157232503476233,negative,0.055677767582300176
1342157235527544832,negative,2.830424596282693e-06
1342157237318381573,negative,0.19698566538285395
1342157237679218688,negative,0.01901656117934125
1342157239361134592,negative,0.0598838203698199
1342157240388657152,negative,8.335412483998454e-07
1342157241022033920,negative,0.07704569150759955
1342157241206665216,negative,0.0267656237052338
1342157241886060544,neutral,0.49789225920557484
1342157241974206465,positive,0.7560908973998467
1342157242150350865,neutral,0.38106477297650987
1342157243903565825,positive,0.8153868140281438
1342157244595658759,negative,0.02059478213973318
1342157245300224002,negative,0.02144613824048249
1342157246139166721,negative,3.476136117285288e-05
1342157248316002308,negative,0.015565404561229668
1342157248617975815,negative,0.057182439783236
1342157249628798976,negative,0.007809040031757991
1342157250723532807,negative,2.9756695389912087e-05
1342157250744492032,negative,0.0023178881438169563
1342157250803200002,neutral,0.6149732941538079
1342157251235164164,negative,2.9756695389912087e-05
1342157252267036672,negative,0.06762159785159677
1342157252543864833,negative,5.121154846943292e-07
1342157252673863682,negative,0.09205680058539192
1342157252891914241,negative,0.036870999809779426
1342157253948944386,negative,0.009087159101972653
1342157255039336448,negative,5.221311793860681e-08
1342157255580463106,neutral,0.46295512005353534
1342157255962210305,negative,0.0076793701300136175
1342157256863997952,negative,0.0008067471435549648
1342157257484759041,negative,7.000968158929942e-05
1342157257887379456,negative,0.02856219882254282
1342157257967099906,neutral,0.35341083541347074
1342157258658959361,negative,0.010238469191180911
1342157261234458624,negative,0.0024838707771660247
1342157261406404609,negative,0.0008858123788873024
1342157262337540097,negative,0.0021111628425916447
1342157263184797697,neutral,0.49789225920557484
1342157265126764545,negative,0.08437613153631827
1342157265223221254,negative,1.326794247758723e-06
1342157265730744320,negative,0.0012514355907625692
1342157267509112833,negative,0.009087159101972653
1342157269207666688,negative,0.00018983998561175077
1342157269388161024,neutral,0.6149732941538079
1342157269795037185,negative,5.001696173137159e-06
1342157270394822658,negative,0.0006618755121295592
1342157271208439808,negative,0.023443003468745106
1342157271242067968,negative,0.0001123780949996407
1342157271321739266,negative,0.20143555609808125
1342157271825080320,neutral,0.458452529704962
1342157271963475968,negative,0.006895801007348718
1342157272726831105,negative,0.005447757490260875
1342157273427288064,neutral,0.628922845693724
1342157273741754369,negative,0.05447534550667627
1342157275067273218,negative,0.02312814423556466
1342157275264385025,negative,0.0025613409921164338
1342157275465711618,negative,0.05352475611900498
1342157276073897984,negative,6.83999007056974e-05
1342157276078100480,neutral,0.5607641371991559
1342157277684494343,negative,0.0034626417605143813
1342157278305255424,negative,0.054327400666022506
1342157278498058240,negative,0.08437613153631827
1342157278800183297,negative,7.279777833303868e-06
1342157280352071682,negative,0.07107058159338464
1342157281669107712,negative,2.787996407071218e-11
1342157282784636930,positive,0.994300686957626
1342157283103535106,negative,0.016218976321130958
1342157284676395010,neutral,0.39697510199130176
1342157284999393281,negative,0.047343125308005815
1342157286807056384,neutral,0.3852890914698617
1342157289105600513,neutral,0.49789225920557484
1342157289134968835,negative,0.005447757490260875
1342157290049310722,negative,0.0069907124592387794
1342157292175765507,negative,0.12740039617771
1342157292448468992,negative,1.7232000318458185e-05
1342157292821741568,negative,0.006671141875045404
1342157292863516673,negative,1.719523716474849e-05
1342157293782233091,negative,0.14132013971068658
1342157293878726663,negative,0.30311666902129447
1342157294281383936,negative,0.0076793701300136175
1342157295921324032,negative,0.0667829273200578
1342157296311398401,negative,0.06106744169493714
1342157296361758722,positive,0.7444127378451055
1342157296898478082,negative,0.027289744188104013
1342157297070600192,neutral,0.46045269445256026
1342157298668453888,negative,0.01901656117934125
1342157299092234240,negative,0.004911521286639298
1342157299197108226,negative,0.0002977093060074143
1342157299390017538,negative,0.04627630306908293
1342157300031741954,negative,0.0012802493548384288
1342157300119859200,negative,0.016427604373005056
1342157300342153219,negative,0.07360800224004332
1342157300547596288,negative,0.057182439783236
1342157301633998849,negative,0.09984292607386556
1342157302732890114,negative,1.2641649287362206e-08
1342157303722729472,negative,0.03925212264752703
1342157304477712386,negative,8.404947829857484e-05
1342157305165602816,neutral,0.43228307121551773
1342157305647943681,negative,0.01072136387044308
1342157306780397568,negative,0.005447757490260875
1342157307334029314,negative,0.0012610069444334599
1342157307472441346,negative,0.052994772954973866
1342157307686363137,negative,5.001696173137159e-06
1342157309133393920,positive,0.7034240643452915
1342157309196308480,negative,0.04431263158694897
1342157309439578113,negative,0.010496816195101346
1342157310077128706,negative,0.011538404096376137
1342157310173597702,negative,9.533419961670696e-08
1342157311352205313,negative,0.0003356739674628079
1342157312719511553,negative,0.0025071147380299305
1342157313323446273,negative,0.0022776141320938357
1342157315357736960,negative,0.0009607299537401806
1342157316053938190,negative,2.0020308591864937e-06
1342157316473442304,negative,0.23376994620979663
1342157316930592768,negative,0.0020000959006504404
1342157317081600000,neutral,0.608711942479606
1342157317970784261,negative,0.13652893567515634
1342157319707258880,negative,7.219504647839445e-06
1342157319744983041,neutral,0.4232078962494373
1342157320395124736,negative,5.001696173137159e-06
1342157320621596672,negative,2.1329463887910447e-05
1342157320759947264,negative,5.001696173137159e-06
1342157320793501697,negative,3.332450038449595e-05
1342157320906801159,negative,3.792379489848801e-05
1342157324195082243,negative,0.01095171128086433
1342157324706861059,negative,0.013016721627495122
1342157325042409472,negative,0.026033893367827677
1342157326187421698,negative,5.001696173137159e-06
1342157326309089282,neutral,0.49789225920557484
1342157327772868608,negative,0.01802643909317884
1342157327881875457,negative,0.00741627213827822
1342157329274429440,negative,0.1329614214338081
1342157329496731649,negative,4.770258671112023e-05
1342157329765179395,negative,0.00044286331715456817
1342157332306821120,negative,0.000484445469176012
1342157333137391617,negative,2.4382571185172475e-06
1342157335616217089,negative,0.0037957839531313716
1342157335641411584,negative,0.19468083390137883
1342157336165675011,negative,0.01366302732957199
1342157336744513537,negative,0.26076950668447035
1342157337470136326,negative,0.1977571311248516
1342157338065645572,positive,0.7088771082093664
1342157338850041856,negative,0.0033828159963191634
1342157338891972608,negative,0.04508457843608312
1342157340431290369,negative,3.285975235580466e-05
1342157342255755268,negative,0.013428396646316287
1342157342402609152,negative,0.047343125308005815
1342157345141489664,negative,0.0005581380537185461
1342157345196007428,negative,0.006236429820964479
1342157345246294018,negative,3.792379489848801e-05
1342157345930039296,neutral,0.5156400623309239
1342157346609516547,neutral,0.3428393741674494
1342157348790366208,neutral,0.3499352441185855
1342157348807323649,negative,0.027289744188104013
1342157350661193734,neutral,0.49789225920557484
1342157350883504131,negative,0.11705960195381153
1342157352888369153,negative,0.011397619690147848
1342157353442045958,negative,0.2256522636868311
1342157353660125184,negative,0.005447757490260875
1342157354050203655,negative,0.0010427729243528215
1342157354096332811,neutral,0.4373823667951831
1342157354725486592,negative,0.003496328831290306
1342157355501367297,negative,0.0015628941064796391
1342157356189298688,negative,5.001696173137159e-06
1342157357887844358,negative,0.0002009127540701539
1342157357908815872,negative,0.27538537887707226
1342157357942501376,negative,0.0007459431189993248
1342157357963476993,negative,0.03349484649450077
1342157358504566786,negative,0.00011545584018542647
1342157358936547328,negative,0.11550639656881563
1342157359762845696,negative,0.010064909227752364
1342157360421359619,negative,0.001709169457499047
1342157361604128768,negative,0.0013233457584210856
1342157362120052736,negative,2.7730791872106666e-07
1342157363286061056,negative,0.07911778406011234
1342157363743236096,negative,0.003934161853096725
1342157363940360197,negative,0.0012803967118646033
1342157364309458948,negative,0.0017506143388280031
1342157365588717573,negative,8.515087045096324e-06
1342157365760696323,negative,3.142822654108156e-05
1342157365978796036,negative,0.003566906859200871
1342157366352031745,negative,0.21047953907773329
1342157366897352712,negative,0.02641126108909998
1342157367086080003,negative,0.000646788359747177
1342157367098675205,negative,0.0010427729243528215
1342157367199358976,negative,0.3275247770014647
1342157367291629569,negative,0.04761177589450739
1342157369669689347,neutral,0.49789225920557484
1342157369803997184,negative,0.0001773147322756265
1342157370844188675,neutral,0.5418528198291243
1342157371385262083,negative,1.7411761951259495e-10
1342157371540430853,negative,1.622977954852815e-05
1342157371741769731,negative,1.0404045096286015e-07
1342157372396077056,negative,0.006671141875045404
1342157375449530368,positive,0.6800588541412664
1342157375503884288,negative,0.035572993044047235
1342157375587770368,neutral,0.49789225920557484
1342157375600545794,negative,0.0013842806220476002
1342157375692800001,negative,0.0045774114226911815
1342157375814455297,negative,0.09646578667338862
1342157375885746177,negative,3.514968279862264e-08
1342157378515562497,positive,0.9404232383506169
1342157378779828225,negative,0.017766124132177534
1342157379182407680,negative,0.16349460318445383
1342157379333447680,negative,0.0020946184796329513
1342157379513806848,negative,0.06264125978148576
1342157380474130432,negative,1.6734281074416479e-10
1342157380738576386,negative,0.000725745494711989
1342157380927295493,negative,5.667585845313686e-06
1342157381166374912,negative,2.6551873154995943e-06
1342157381258653702,negative,0.02312814423556466
1342157382697312259,negative,0.011867762055994917
1342157382797942786,negative,0.017126594126241592
1342157384609898499,negative,0.03300786849982588
1342157386459582466,negative,0.00010967993051988058
1342157387755565056,negative,0.014921409828964609
1342157388300881921,negative,6.75744143586171e-05
1342157391643734022,negative,0.030507801923982864
1342157391643758592,negative,0.0010427729243528215
1342157392054784000,neutral,0.35253428379258867
1342157392570671104,negative,0.03171493986472626
1342157395905159169,negative,0.03302535827393863
1342157396509122561,negative,0.0002690355969390279
1342157397431869440,negative,0.008526251943626521
1342157398333673479,negative,0.27538537887707226
1342157399596146688,neutral,0.6149732941538079
1342157399608750081,negative,6.556125086403295e-05
1342157399780552706,negative,0.022964716368658107
1342157399986036739,negative,6.013107750550403e-06
1342157400992849920,negative,0.004583909437684974
1342157402205007873,negative,0.009356826102454268
1342157403261984771,negative,0.10440416148123748
1342157403891126273,negative,2.085966445076176e-05
1342157404289572864,negative,0.24251040904170532
1342157405279416320,negative,5.001696173137159e-06
1342157406244130816,negative,0.008166593364252878
1342157407028391936,negative,0.05319810296292194
1342157407456092160,negative,0.016218976321130958
1342157407494017026,negative,5.001696173137159e-06
1342157407930212353,negative,0.06408686069986926
1342157408278343681,negative,0.0012802493548384288
1342157413269561344,positive,0.9959512755592296
1342157413814824963,negative,0.00849309960577442
1342157415807119365,negative,0.02329323645236039
1342157415978999809,negative,0.0030081608627769425
1342157416121692161,positive,0.784813846344994
1342157416314662912,negative,0.1964104599792626
1342157416616648704,negative,4.851116239690294e-12
1342157417430327299,negative,0.0015954302947921413
1342157417547767809,negative,0.08339602471901279
1342157417900105728,negative,0.08748761820568701
1342157418562785280,negative,0.00043451653370277606
1342157420295053313,negative,0.014921409828964609
1342157420458553351,negative,0.01684880621090605
1342157420840235009,negative,0.005447757490260875
1342157421221974025,negative,0.000886978029431226
1342157421649784832,negative,0.00016036712028058784
1342157422098587648,negative,0.02184215436940481
1342157423163842560,negative,0.04664866983234521
1342157425550491651,neutral,0.6149732941538079
1342157425609064449,negative,0.11924197513035559
1342157425659551744,negative,0.052994772954973866
1342157425831514115,negative,0.023596135910664322
1342157425843994625,negative,0.0012610069444334599
1342157426016083972,negative,3.2511945225952536e-05
1342157426095751169,negative,0.0004036356967443948
1342157426443825154,neutral,0.45666398517992285
1342157426607448072,negative,0.18437973135257407
1342157427416948738,negative,0.10646490515393876
1342157429392326659,negative,9.535615763813769e-05
1342157429707075592,neutral,0.36742492523419246
1342157430105362433,negative,0.04275548090686738
1342157430327824386,negative,0.007809040031757991
1342157430592073729,negative,2.7315312145477216e-05
1342157434438230021,negative,0.04235452712898091
1342157434794729474,negative,0.018837305702084244
1342157434832359427,negative,0.050623776426533804
1342157435197403137,neutral,0.49789225920557484
1342157435767762945,negative,0.002320145475481019
1342157436061446144,negative,0.011538404096376137
1342157436275322881,negative,0.014361743377447337
1342157436732452866,negative,0.061020018951123633
1342157436875116544,negative,5.001696173137159e-06
1342157437357486083,negative,0.003566906859200871
1342157437420384258,negative,0.011806563727656144
1342157438385090567,negative,0.037704072899065355
1342157438968016898,negative,0.07186236288972482
1342157439366520835,negative,0.0004376230358166725
1342157439890841601,negative,0.03154417029517184
1342157441384017924,neutral,0.3444695957478264
1342157441757310979,negative,0.3047325431777601
1342157442214453249,negative,0.0005307165068588733
1342157443124572160,negative,7.8964593116111e-10
1342157444135460874,negative,0.005415462360364208
1342157444491976706,negative,1.786889551151083e-05
1342157446006059008,negative,0.014921409828964609
1342157446815612934,negative,0.003578308463072381
1342157447746740226,negative,0.09640323611645361
1342157448082284553,neutral,0.49789225920557484
1342157448476565504,negative,2.2564659667630182e-08
1342157448971481088,neutral,0.4507454498615163
1342157449353113602,negative,5.001696173137159e-06
1342157452054310914,negative,0.21047953907773329
1342157452419227648,negative,0.0007929404103188511
1342157453664903168,negative,0.0010427729243528215
1342157453711069184,negative,0.2568636855303768
1342157453933371392,negative,0.12997789230772508
1342157454080155649,negative,0.0007929404103188511
1342157454931595265,negative,0.01901656117934125
1342157455028084737,negative,5.001696173137159e-06
1342157455107776513,negative,0.01684880621090605
1342157455602544642,negative,0.04520397372924969
1342157457913749508,negative,2.0003170207701976e-08
1342157458031181834,positive,0.8233761083969613
1342157459352408066,neutral,0.5063575273151028
1342157461193691143,negative,0.015565404561229668
1342157461986422785,negative,5.001696173137159e-06
1342157462628134918,negative,0.10885524543345386
1342157463232147457,negative,4.269719259322293e-12
1342157463508942849,positive,0.7470326468787389
1342157463664123905,negative,5.001696173137159e-06
1342157463894822912,negative,0.004748818472565873
1342157463911460864,negative,0.11924197513035559
1342157464028921858,negative,0.0008364947965996147
1342157464482050049,negative,0.04555015516361882
1342157464582692865,negative,0.0002755830172568149
1342157466725982212,negative,0.004900912000151935
1342157467027849216,negative,0.13330950109685444
1342157467141230592,negative,0.008002740267951025
1342157468894314498,negative,0.05278437248218949
1342157471868014593,neutral,0.49789225920557484
1342157472031625216,negative,0.05404119872205481
1342157472597999617,negative,0.16607610750087148
1342157473701130240,positive,0.8234176770217752
1342157474003095560,negative,0.04276490384416493
1342157474875506691,negative,0.011538404096376137
1342157476024750084,negative,0.09180396665083808
1342157476700033027,negative,8.022837284641435e-05
1342157476716638209,negative,0.013721923908731734
1342157476800692230,negative,0.005447757490260875
1342157477455003655,negative,8.514515919000049e-12
1342157477643759619,positive,0.999540960699701
1342157479296299009,negative,0.0001123780949996407
1342157479690596355,negative,0.0004760529356788509
1342157479774449664,negative,0.047343125308005815
1342157480495882243,negative,2.241915771293515e-07
1342157480663658498,negative,0.0055358752083795966
1342157481007607808,negative,0.0007929404103188511
1342157481192124416,negative,6.582747253450239e-05
1342157483603853312,negative,0.00015184671333816073
1342157484434317313,negative,0.04836470721988605
1342157485151563782,negative,5.5080439178619904e-05
1342157485193506816,negative,0.13114032356334313
1342157486128771073,negative,0.025642197114280806
1342157486514708481,negative,0.000869705001354524
1342157486543925249,positive,0.9107449288773368
1342157487236067329,positive,0.9477931060999414
1342157487349358594,negative,0.016427604373005056
1342157487768788994,negative,0.0005513534658065328
1342157487865131008,negative,0.003566906859200871
1342157488762859521,negative,0.051382662168166414
1342157488930643980,neutral,0.6149732941538079
1342157489761091593,negative,0.02312814423556466
1342157490105049091,negative,2.6551873154995943e-06
1342157490486697985,negative,0.026109722401313387
1342157491321397248,negative,4.301094882263365e-10
1342157491602415616,negative,0.24788140837292044
1342157492072099841,neutral,0.37694754132794417
1342157492260900867,negative,0.16391782574256425
1342157492340596739,negative,5.001696173137159e-06
1342157492537720835,negative,0.0016984442996489809
1342157492630024194,negative,8.231684470758975e-06
1342157492923469826,neutral,0.46665989878280806
1342157493091397635,negative,0.000126766967628531
1342157493112352768,negative,5.001696173137159e-06
1342157493821169672,neutral,0.42876467289441955
1342157493972168706,negative,0.23511723330628345
1342157494060261382,neutral,0.49789225920557484
1342157497126293505,negative,0.00017582172268412865
1342157497130508292,positive,0.8860979761078142
1342157497197588482,negative,1.6038747529736048e-06
1342157498531393537,negative,0.00014659234309960764
1342157498736910338,negative,0.07107058159338464
1342157499080855553,negative,0.17218016099005984
1342157501379321856,negative,0.0018111569415601016
1342157502415335425,negative,0.03764851749024876
1342157504034299906,negative,0.2812416023317804
1342157504046911490,positive,0.784813846344994
1342157504319524865,negative,0.04712547754951245
1342157504730558464,negative,5.001696173137159e-06
1342157504755740673,positive,0.8488784103859388
1342157505045143556,negative,0.0207674236593034
1342157505070301184,negative,0.04505481050316802
1342157505632337921,negative,0.14132013971068658
1342157505934348290,negative,0.016427604373005056
1342157506278207495,negative,0.008253433629788016
1342157506919874561,negative,0.0004760529356788509
1342157506970345472,positive,0.9404232383506169
1342157508253769728,negative,0.006100086787408851
1342157508631289856,negative,0.00741627213827822
1342157509256241152,negative,1.2917711986189051e-06
1342157509709213696,negative,0.057100421758971884
1342157510493564934,negative,0.06711886013676781
1342157510522843136,negative,1.2137587316032155e-05
1342157510627758081,negative,0.2164295994262103
1342157510661312512,negative,0.2256522636868311
1342157512439717889,negative,0.001095849295524466
1342157513597325312,negative,0.016427604373005056
1342157514339725313,negative,0.0032531335097000617
1342157514536677378,negative,0.0004760529356788509
1342157515069542401,negative,0.00015377840065926743
1342157515447009280,neutral,0.6504034637655766
1342157515459588096,negative,0.006856336372179729
1342157516755656705,negative,0.17777651721139978
1342157517250580484,negative,0.16480619711246156
1342157517384790022,negative,0.029590200191017914
1342157517619671047,positive,0.9657614674856395
1342157517946667009,negative,7.891777478212922e-05
1342157519037345792,negative,1.2137587316032155e-05
1342157521511997441,negative,0.06901671001804847
1342157521763622915,negative,1.7391913237475356e-11
1342157522195591169,negative,0.002153104912789545
1342157523844005888,negative,0.023075944015281635
1342157524171186176,negative,9.07379132510936e-06
1342157524267634688,negative,0.0003389455323041898
1342157524993265664,negative,9.959709311860408e-05
1342157525752414209,negative,1.2137587316032155e-05
1342157525899218944,neutral,0.384755143179098
1342157526553554944,negative,0.039391092173905996
1342157526935154688,negative,0.28860930312072425
1342157527514034180,negative,0.05056774649494393
1342157527916527617,negative,5.479609987495037e-05
1342157528453570561,negative,0.0019742200850810976
1342157529208512512,negative,5.679992772318372e-08
1342157529527279616,negative,0.052133550035978374
1342157530013847554,negative,0.00019941967542738074
1342157530806571008,negative,0.13597992318965407
1342157531033038848,negative,5.001696173137159e-06
1342157532077436936,positive,0.8488784103859388
1342157532299726848,positive,0.8988623462625015
1342157533579005956,negative,2.1035265826294615e-05
1342157535109914627,negative,5.001696173137159e-06
1342157535298650113,negative,0.0018975591365382148
1342157536192036870,negative,0.19698566538285395
1342157537072865280,negative,0.21803115886094318
1342157537534234624,negative,0.00791036669261504
1342157537634873344,negative,0.15237137935820858
1342157537693618177,neutral,0.6149732941538079
1342157537815224322,negative,0.012487872683137346
1342157537823641601,negative,0.27538537887707226
1342157538347933699,negative,7.162439965859129e-06
1342157538607984642,negative,0.006477982368485242
1342157538821869568,negative,0.0010427729243528215
1342157539178389506,negative,0.005026369834513546
1342157539736223747,negative,0.0010427729243528215
1342157539740364807,negative,0.02551768110510739
1342157540025577472,positive,0.9936032614230884
1342157540130508800,negative,0.02160242453216044
1342157541640445952,negative,5.4170839024315985e-05
1342157541665603587,negative,4.2721446228357135e-05
1342157542995193857,negative,0.004255855132316902
1342157543850663940,negative,5.479609987495037e-05
1342157544035258368,positive,0.9996679469659898
1342157544349954048,negative,0.010064909227752364
1342157545125908481,negative,0.30773715827862147
1342157545176231940,negative,0.01969824713432691
1342157545226596356,negative,0.005062700904717063
1342157546249981952,negative,0.0004036356967443948
1342157546807824385,neutral,0.34379942365079735
1342157547315351552,negative,0.018223727094134636
1342157548963721219,neutral,0.3612555989588956
1342157549378936836,negative,0.057100421758971884
1342157550393896961,negative,0.2784240650237527
1342157550771429377,negative,0.0069571137892871044
1342157551044071424,negative,1.6734281074416479e-10
1342157552361078785,positive,0.9487637637087933
1342157552671453184,negative,0.08219778193275565
1342157553522896897,negative,0.2835972398030034
1342157554302988296,negative,0.11635749989020586
1342157554495811585,negative,5.479609987495037e-05
1342157554567303168,negative,0.23871696831429615
1342157555313860609,negative,1.9940022902823652e-05
1342157556060463106,neutral,0.3813872840564904
1342157556324696064,negative,0.2125317867646293
1342157556584734721,negative,0.23398098051223332
1342157556718989313,negative,0.049434641162222265
1342157556748333056,negative,0.32112084512068156
1342157556794404869,negative,0.0004036356967443948
1342157556962234371,negative,5.667585845313686e-06
1342157556983222277,negative,0.023443003468745106
1342157558849695744,negative,0.0007576648602023971
1342157559101272064,negative,0.00333061607930336
1342157559382355970,negative,0.019918803437762433
1342157560191873025,negative,5.2354190461617574e-05
1342157560376385538,negative,0.01677202005988487
1342157560762273792,negative,0.1848092360068603
1342157560854540288,positive,0.7005635780771149
1342157560913276929,neutral,0.6489077768764223
1342157562779758593,negative,2.2327973112735503e-06
1342157562939117571,negative,0.06426464958996005
1342157563815608320,negative,0.0006890247013791343
1342157564579090432,positive,0.8957242972285638
1342157565355032577,negative,0.047343125308005815
1342157566810447875,negative,0.0010427729243528215
1342157567070527488,negative,0.013887951829970602
1342157567997440002,negative,0.07364364184111645
1342157568869851144,negative,0.0013309581222396769
1342157568911826949,negative,0.0013529815782286159
1342157569348005891,negative,8.515087045096324e-06
1342157572384706562,negative,0.009655167226292012
1342157572946747393,negative,0.0001374947187511129
1342157573353578496,negative,0.3181881386603384
1342157574003699714,negative,0.018223727094134636
1342157574058213377,negative,0.0021711828321665616
1342157574293102593,neutral,0.544796207599928
1342157575832395776,negative,0.014484201751425264
1342157575874293760,negative,0.0007929404103188511
1342157576021155847,negative,0.0007947281187795242
1342157576629325826,negative,0.014921409828964609
1342157576826277888,negative,0.013016721627495122
1342157577061335042,negative,0.08663240066919725
1342157577724026882,negative,0.15237137935820858
1342157582811734018,negative,0.0007929404103188511
1342157584699154434,positive,0.9976521473271183
1342157585160544256,negative,3.054821285717083e-07
1342157585424723968,negative,0.0006510680305221868
1342157587710701569,negative,8.755865612590481e-07
1342157588687958018,neutral,0.49789225920557484
1342157590109761537,negative,0.0069571137892871044
1342157590235553793,negative,0.0008113561620185022
1342157590344691712,negative,0.2343068529270471
1342157592215379973,negative,0.16368986019133266
1342157592265691136,negative,0.015756417584997257
1342157592403931136,negative,0.24113966482711596
1342157592584400903,negative,0.0056638297247934444
1342157592966135811,negative,0.10440416148123748
1342157593083523073,positive,0.7005635780771149
1342157594115375105,negative,0.018223727094134636
1342157594421587970,negative,0.0015361393601096727
1342157594522243075,neutral,0.41656356652018717
1342157594610249728,neutral,0.5533970533999424
1342157596602589188,positive,0.8464618206459138
1342157597680562176,negative,0.0010427729243528215
1342157597768437761,positive,0.8770055896058973
1342157598582165504,negative,0.010821739943380863
1342157600541040641,negative,1.8486571403807116e-08
1342157600650100737,neutral,0.47960041475486676
1342157600759156737,neutral,0.4894886660404289
1342157601623175169,negative,0.000126766967628531
1342157601744666626,negative,7.667706735886462e-08
1342157601832796161,negative,0.0012411143267469348
1342157602122330114,negative,0.0005104107819318827
1342157602180968449,negative,0.015320462693009147
1342157602709356544,negative,0.10422648226934632
1342157603338596352,positive,0.9326153338506629
1342157603971981312,negative,0.009655167226292012
1342157603988791297,positive,0.9559558627193462
1342157605121175552,negative,0.1250224706700623
1342157605133803531,negative,0.0018112395590501407
1342157605301530628,negative,0.016799490002802096
1342157605356134402,negative,2.1386353469995988e-05
1342157605632962560,negative,0.0004687935529877855
1342157606245249024,negative,0.034168297047262965
1342157606522134531,negative,0.0009390832590088655
1342157607298084866,negative,0.000335662299527901
1342157608296321032,negative,0.06106744169493714
1342157608300503040,negative,0.0076793701300136175
1342157609101635586,negative,0.01051593394520277
1342157610049536006,negative,0.25753049109155557
1342157610787753989,negative,5.001696173137159e-06
1342157610854866953,negative,0.0001039175126215644
1342157610909376514,negative,0.005194596826563236
1342157612264140800,negative,0.008840426312788089
1342157612318601224,negative,0.2906278741030604
1342157612431732736,negative,0.19132743091329324
1342157612683563010,negative,1.6603354909250755e-05
1342157612872314880,neutral,0.48834448802556185
1342157612939403264,negative,0.0008414405512073318
1342157613446950912,negative,3.7000244140238327e-10
1342157613551788032,negative,0.0069571137892871044
1342157614310801408,neutral,0.4445449685024627
1342157615351001089,neutral,0.4445449685024627
1342157615523004416,negative,0.11924197513035559
1342157618031288322,negative,0.009655167226292012
1342157618438164489,negative,0.00020967023426541852
1342157618844987394,negative,0.0005772989894670822
1342157618928742400,negative,1.2359520289570802e-07
1342157618945658880,negative,0.014909645287737413
1342157619348336642,negative,0.002745298738113449
1342157619679682562,negative,5.001696173137159e-06
1342157621315440640,negative,6.215694674427066e-06
1342157621739061256,negative,0.0001039175126215644
1342157622095523840,negative,0.0069571137892871044
1342157622280011777,negative,0.2306303305288742
1342157622397476864,negative,0.004315178123019976
1342157623374868482,negative,0.22406653789425973
1342157623400009731,negative,0.06261853073905493
1342157623412588552,negative,3.5997304548378054e-05
1342157623852982272,negative,1.9595761120397425e-05
1342157623890735104,negative,0.008171896226596
1342157625673347073,negative,7.703599672199355e-05
1342157625803354114,negative,0.2906278741030604
1342157625975328771,negative,0.27538537887707226
1342157626428239875,negative,0.027289744188104013
1342157626843521027,negative,0.0031795958988044435
1342157628097638402,negative,0.047343125308005815
1342157629217505281,negative,0.0001039175126215644
1342157630215774209,negative,3.336552926092652e-07
1342157631062945793,negative,0.023980403972990897
1342157631184580609,negative,0.056064655995890535
1342157631226523655,positive,0.9996679469659898
1342157631327268870,negative,0.10087022298939594
1342157633260843008,negative,0.2906278741030604
1342157634061934598,negative,0.07978081844760179
1342157634493763585,negative,0.007809040031757991
1342157634804310016,neutral,0.49789225920557484
1342157635001450496,negative,0.12576005770930868
1342157635219546112,neutral,0.49030118183870675
1342157635844497409,negative,0.17160900439671925
1342157635978670083,neutral,0.46127768308170247
1342157636565921793,neutral,0.49789225920557484
1342157636641435650,negative,0.0076793701300136175
1342157637203451904,negative,0.06838091240989712
1342157637522100224,negative,0.0012802493548384288
1342157639111880706,negative,0.0076793701300136175
1342157639346774017,neutral,0.5614152023143125
1342157639359340544,negative,0.0045774114226911815
1342157639392878598,negative,0.04326749920868208
1342157640823164934,negative,0.0010427729243528215
1342157641225621506,negative,0.057100421758971884
1342157641485873157,negative,0.00017582172268412865
1342157642651869187,negative,0.2187859562319196
1342157642727362560,negative,0.02329323645236039
1342157643780149248,negative,0.2531634427905142
1342157644199563266,negative,0.018223727094134636
1342157644237299712,negative,6.346871249753284e-06
1342157644916797441,negative,0.005690555835752746
1342157644992303104,negative,0.046177314466715864
1342157645562732551,negative,0.016427604373005056
1342157645868920839,negative,0.013721923908731734
1342157647345295361,negative,0.006194740623119772
1342157649278771200,neutral,0.3951691123600869
1342157649408892932,negative,5.001696173137159e-06
1342157649459208199,negative,1.6734281074416479e-10
1342157651480875011,negative,1.5404944643157457e-08
1342157651938070533,negative,0.03088476773717236
1342157652068093954,negative,7.856230902403956e-05
1342157652164554754,negative,2.6551873154995943e-06
1342157652185337861,negative,0.06470751967012281
1342157654857297921,neutral,0.39242527698554697
1342157655612268545,negative,5.001696173137159e-06
1342157656014934017,negative,0.13407027463903998
1342157656363061258,negative,0.0013774359200638977
1342157657302556673,neutral,0.49789225920557484
1342157658103701505,negative,0.15237137935820858
1342157659219353600,negative,0.05136697516652068
1342157660913872900,negative,2.99770936461223e-06
1342157661450735618,negative,0.32112084512068156
1342157662016966656,negative,0.016427604373005056
1342157663241646081,negative,0.002745298738113449
1342157663367536640,negative,9.339116624493162e-10
1342157663669510145,negative,0.020662502153600684
1342157663740833793,negative,0.15899597848292396
1342157664030232590,negative,1.2917711986189051e-06
1342157666832031745,negative,0.0001755067620441254
1342157668669140993,negative,0.009087159101972653
1342157669130530816,negative,9.50652088519773e-06
1342157669151330304,negative,0.16532172419126437
1342157669482852359,negative,0.06711886013676781
1342157670397014016,negative,0.00015900178216507563
1342157670464286722,negative,0.004716969802356861
1342157670833385474,negative,0.0649409937485363
1342157671026323456,negative,0.000383351606077712
1342157671705804802,negative,0.0005760498126914107
1342157671722610688,negative,0.018223727094134636
1342157673169563649,negative,0.01554463017623712
1342157673475825666,negative,0.0016984442996489809
1342157673723293710,negative,0.2292230345691949
1342157674092363776,negative,0.005128945804818289
1342157674364825600,negative,0.001899547308491881
1342157674604093440,neutral,0.6149732941538079
1342157676067893249,neutral,0.46127768308170247
1342157676743163905,negative,5.001696173137159e-06
1342157677217144834,negative,0.019130978584044014
1342157681780375554,negative,0.007809040031757991
1342157681843433472,negative,0.00017806607144085418
1342157682330005504,negative,0.0007929404103188511
1342157682455818240,negative,0.06349256163192335
1342157682782908417,negative,0.3205746300160878
1342157684674539522,neutral,0.4558169435160659
1342157685316349976,negative,7.410415824728742e-05
1342157685387620355,negative,0.32112084512068156
1342157685945466880,negative,5.001696173137159e-06
1342157686050197506,negative,0.008178362527209763
1342157686843043842,negative,0.1994694027461982
1342157687111483397,negative,0.000322370697355717
1342157687325413382,negative,0.010496816195101346
1342157690269794305,negative,5.941577636090677e-06
1342157690282389504,negative,0.027289744188104013
1342157690542436355,negative,0.2741998439825614
1342157690714398728,negative,0.08818512235255481
1342157690722791424,negative,0.08437613153631827
1342157692983533570,negative,0.005447757490260875
1342157693348442114,negative,0.02312814423556466
1342157694329876481,negative,0.011538404096376137
1342157695466536960,negative,0.006355536379467356
1342157695512702978,negative,0.0016984442996489809
1342157695588175872,negative,0.006956819042403656
1342157695810465792,negative,0.0111513615991623
1342157695856615425,negative,0.018223727094134636
1342157696905129990,negative,8.903962894941108e-06
1342157697144082432,neutral,0.6149732941538079
1342157697668567040,negative,7.026607133529424e-08
1342157698184355844,negative,0.0021116303739656416
1342157701560889348,neutral,0.4846849013791206
1342157701783162884,negative,2.1954026779947777e-07
1342157701913174017,negative,2.7479649678194297e-06
1342157702911422466,positive,0.9966815111517452
1342157703779672065,negative,0.02694059908500949
1342157703939051521,negative,0.08057073301509861
1342157706229149696,negative,0.08437613153631827
1342157706547908610,negative,0.010821739943380863
1342157707332218880,positive,0.9242975391639151
1342157707462131713,neutral,0.33727600713706035
1342157708611506182,negative,0.01901656117934125
1342157709475516420,negative,0.2990745970709813
1342157709752344576,negative,1.2617647078165193e-05
1342157710155014146,neutral,0.5324774894687032
1342157710679302144,negative,5.001696173137159e-06
1342157711400701957,negative,0.051147248506914544
1342157712466046978,negative,0.00020445136017536354
1342157712944222208,negative,8.885466562234789e-05
1342157714009550848,negative,0.000239193657099081
1342157714521251842,negative,0.0009553316340103627
1342157714621927425,neutral,0.3918920931514065
1342157714714193923,negative,4.563863876968111e-06
1342157715439833088,neutral,0.33623359787652535
1342157716274475010,negative,0.00019641397143608207
1342157716295475200,negative,0.000725745494711989
1342157716672884737,negative,0.00014489007935663365
1342157716974940161,negative,0.05056774649494393
1342157718812057600,negative,0.00849309960577442
1342157718828756993,negative,0.015141648629067025
1342157720007430147,positive,0.8234176770217752
1342157720280035329,neutral,0.4147454973971492
1342157721676754947,positive,0.9326364557407526
1342157722159083524,neutral,0.3648025808206021
1342157722653888512,negative,0.16280582794327256
1342157723908132871,negative,0.0668077075858207
1342157724432265216,positive,0.9993219077612299
1342157724516282371,negative,0.16021754809408228
1342157724554035202,negative,0.016427604373005056
1342157724579221505,neutral,0.5212084554669985
1342157725459996673,negative,0.07625015681295673
1342157725522927618,positive,0.8068064722827494
1342157725627768834,neutral,0.43869236405157325
1342157726374375425,negative,2.117813937185338e-10
1342157726974152704,positive,0.9752841466459561
1342157727989198849,negative,0.308199125160694
1342157728307965955,neutral,0.33623359787652535
1342157728370880512,negative,0.06280685983190057
1342157728953864193,negative,0.05498750258424212
1342157729134219265,negative,0.004849585118641502
1342157729264267264,negative,0.17696020550727629
1342157729473957895,negative,2.6551873154995943e-06
1342157730921009152,negative,0.0007929404103188511
1342157731801812992,positive,0.7814303862653554
1342157732376440835,negative,5.436037210735125e-10
1342157732682604544,negative,0.03266602265630329
1342157732745506819,negative,0.022555295659749775
1342157733211090948,negative,0.015320462693009147
1342157734725234696,negative,0.15237137935820858
1342157735421480961,negative,7.30774934935384e-05
1342157736608493571,negative,8.151251222707963e-07
1342157736793034753,positive,0.6800588541412664
1342157737480904704,negative,0.0026812772105823885
1342157737531240448,negative,0.010821739943380863
1342157737849970690,negative,0.021334480608838066
1342157738764361729,negative,0.018223727094134636
1342157738923745281,negative,0.06427843084178704
1342157739334791168,negative,0.002745298738113449
1342157739414364160,negative,4.331676093253438e-06
1342157740182020101,negative,0.017840404156025128
1342157740718739456,negative,0.002286035074955575
1342157741998137346,negative,0.005088290917145074
1342157742035922959,negative,5.760107276558512e-05
1342157742988025856,negative,0.009655167226292012
1342157743046733826,negative,2.768378163051475e-13
1342157743411572739,negative,0.02177225556927092
1342157744355291138,negative,0.05263481344373262
1342157744913014785,negative,5.066138631292994e-08
1342157745018052609,negative,0.00017582172268412865
1342157745341001728,negative,0.06354159451440143
1342157745479409665,negative,0.0922042596623711
1342157745504587776,negative,0.0014313438979348828
1342157747152957442,negative,0.10440416148123748
1342157747291185152,negative,0.08437613153631827
1342157747425521664,negative,0.005557068525823104
1342157747933081601,negative,5.838280331083885e-06
1342157750198018048,neutral,0.4737554465528978
1342157750344806400,negative,0.13282942792649632
1342157750596460545,negative,5.001696173137159e-06
1342157750726438916,negative,0.0004025377743028638
1342157751418564609,negative,0.00037157359251137453
1342157751456329733,negative,0.023732242750601065
1342157752160972806,negative,0.011596964255212673
1342157752710389767,negative,5.001696173137159e-06
1342157756707573761,negative,0.00019884681316964704
1342157757051359232,negative,0.003566906859200871
1342157757328183296,negative,1.9264923755409437e-06
1342157757458358274,negative,0.0239552435531025
1342157759391870976,negative,0.05469200517342636
1342157760838955016,negative,0.0007929404103188511
1342157761799483396,negative,0.10440416148123748
1342157761858121729,negative,2.3276535265142426e-05
1342157762114048002,neutral,0.39220849115704093
1342157762218831873,negative,0.009087159101972653
1342157762864635904,negative,1.960032534874306e-07
1342157762864836615,negative,0.04733189936611493
1342157764177645568,negative,2.2919327965292324e-07
1342157764366393344,negative,0.06810498982857156
1342157765213614082,negative,0.00029240313758230373
1342157765259767808,negative,0.0076793701300136175
1342157766429986819,negative,0.3154476580367503
1342157766576762880,negative,0.0009255107306036795
1342157766874562562,neutral,0.3815185921253388
1342157767428239367,negative,0.013549000747233484
1342157769617645571,negative,0.027289744188104013
1342157769718247425,negative,0.19793368602579114
1342157769726693381,neutral,0.47878153849390703
1342157770305499136,neutral,0.35133699858468137
1342157770607484932,negative,0.0003838579247459695
1342157772520042499,negative,0.06356053740885668
1342157772595617794,negative,0.023443003468745106
1342157774101295107,negative,5.001696173137159e-06
1342157774419947520,negative,0.005344791474254491
1342157776777334789,negative,0.06583226526723569
1342157777263800321,negative,0.15901206932974238
1342157778740260865,negative,0.32221592714766345
1342157779126132736,neutral,0.5136446707795853
1342157779239317505,negative,1.2137587316032155e-05
1342157779763666947,positive,0.9999997683637203
1342157781030350848,negative,0.01684551977740049
1342157781202309123,neutral,0.6166747953299241
1342157781525258242,negative,5.838280331083885e-06
1342157782057938945,negative,0.23076088874713427
1342157783458836481,negative,0.01901656117934125
1342157784020897792,negative,9.356126934744481e-09
1342157784297721857,negative,0.09302077423779032
1342157785153359872,negative,0.002745298738113449
1342157786126364672,negative,0.03330116398344588
1342157786470346752,negative,7.30774934935384e-05
1342157787695095815,neutral,0.3648025808206021
1342157787892211712,neutral,0.5533970533999424
1342157790123536384,negative,0.0021116303739656416
1342157791138611206,negative,0.002745298738113449
1342157791864233984,negative,0.24516715324990543
1342157791956332544,negative,0.004067136296981879
1342157792694706179,negative,1.2137587316032155e-05
1342157793911042049,neutral,0.48623803045231345
1342157794435346433,negative,0.010064909227752364
1342157795119017988,negative,0.0076793701300136175
1342157795135803393,neutral,0.49789225920557484
1342157795320352768,negative,0.30019230703006566
1342157796092030977,negative,0.3120329156721037
1342157797119713281,negative,1.382112640141882e-09
1342157797174243330,negative,2.3470549041886104e-06
1342157797572694018,negative,0.13786125298214882
1342157798008905728,negative,0.12962009069807864
1342157798180868100,negative,0.04275548090686738
1342157799544000512,negative,3.091870670518949e-13
1342157799896264706,negative,0.23680431468579044
1342157799963254785,negative,1.4172499649466585e-08
1342157800630329349,positive,0.8253714345432658
1342157800840032259,negative,0.0022558990971385325
1342157801326567426,negative,0.0007929404103188511
1342157802534531072,negative,0.013484328355256045
1342157802589073409,negative,0.29046877459225773
1342157802815578113,neutral,0.4799681435772251
1342157803511799809,negative,8.457761314726121e-08
1342157804300361732,negative,0.009087159101972653
1342157804384251905,negative,6.213643725002996e-12
1342157804900134912,negative,3.4129842827785643e-08
1342157805093068800,negative,0.0016467488188474568
1342157806040969216,negative,0.1708638133984952
1342157806129078274,negative,5.001696173137159e-06
1342157806133272577,negative,0.0010427729243528215
1342157806322020358,negative,1.7161990852840349e-07
1342157806653366273,negative,0.15630830276745175
1342157806691115014,negative,0.0018112395590501407
1342157807437549568,negative,0.014883674790615977
1342157807760584711,negative,0.00020967023426541852
1342157808008097792,negative,3.2531976808854307e-05
1342157808565936129,negative,0.00015377840065926743
1342157808855371777,neutral,0.6149732941538079
1342157809371123713,negative,0.017286836009129967
1342157809731813376,negative,0.03338628435849808
1342157810533085185,negative,0.015773583174067275
1342157810646343680,negative,0.006795160632124096
1342157810998644738,neutral,0.384755143179098
1342157811313217536,negative,5.664689077722939e-09
1342157811753615360,negative,0.3029968537174699
1342157811971715072,negative,0.0076793701300136175
1342157812223377410,negative,0.003121316702415719
1342157812504342528,negative,0.0005531046440976642
1342157813041213440,negative,0.012487335807890914
1342157813276168192,neutral,0.3918920931514065
1342157815000027136,negative,2.6551873154995943e-06
1342157816405098501,neutral,0.40866469622424617
1342157816409284609,negative,0.0004398069040672222
1342157817051025409,negative,0.0045774114226911815
1342157817390768134,negative,1.6734281074416479e-10
1342157817910853635,negative,0.15237137935820858
1342157818678407172,negative,0.0018919906467918532
1342157819433414656,negative,0.005611630340417751
1342157820230311937,negative,0.2256522636868311
1342157821757038592,negative,0.0026906440298372658
1342157821790580741,negative,0.015320462693009147
1342157822159630339,neutral,0.49789225920557484
1342157822419722242,negative,0.0043765745462335985
1342157822931300352,negative,0.0021116303739656416
1342157823342485506,negative,0.0031023963934914273
1342157823678050304,negative,0.06787413861555608
1342157824080666630,negative,0.003997349304787405
1342157824609157123,negative,0.004845735299912643
1342157825401872390,negative,5.001696173137159e-06
1342157825569665026,neutral,0.3813872840564904
1342157825578033152,negative,0.08441834286023552
1342157827482251265,negative,0.0020674483111158214
1342157827855560705,negative,0.2611621137273265
1342157828186906625,negative,0.000727578777212182
1342157828237234176,negative,8.635454518552651e-12
1342157828270608385,neutral,0.6149732941538079
1342157828736360448,negative,0.0018089831172252648
1342157828803362816,negative,9.290614402304577e-06
1342157828828631042,negative,0.0020307466858533424
1342157829055143936,negative,0.14811908256912487
1342157829759758337,negative,2.6551873154995943e-06
1342157831051620352,negative,0.24099495223464257
1342157831072579584,negative,0.03589160844210587
1342157831823351811,negative,0.005447757490260875
1342157833354285062,negative,0.26076950668447035
1342157833882710016,positive,0.9702344487316803
1342157834444673024,negative,0.14609850283191778
1342157838257446912,negative,0.01563543576172292
1342157838479720450,negative,5.001696173137159e-06
1342157839486373889,negative,0.00044286331715456817
1342157839771512832,negative,0.0649409937485363
1342157839771566081,negative,0.00020135034781614935
1342157840446795778,negative,0.28937857796082267
1342157840530759681,negative,0.07213506132594845
1342157841444958208,neutral,0.5533970533999424
1342157841638055936,negative,0.32487682076984686
1342157841864527875,negative,0.005075760514370607
1342157841868574720,neutral,0.6149732941538079
1342157841885405184,negative,0.0015636766363976164
1342157843701649409,negative,0.002093703815809686
1342157844116873220,positive,0.9278936719089798
1342157846293729281,negative,8.534208116411845e-07
1342157846629277696,neutral,0.4540005507991587
1342157847874969600,negative,0.00045786378266802797
1342157848462172162,negative,0.00021150508835675644
1342157850441732097,negative,0.0060171394668596355
1342157850504814592,negative,0.015320462693009147
1342157852480327681,negative,0.013410455118728893
1342157852916338688,negative,0.32487682076984686
1342157853226803201,negative,0.32487682076984686
1342157853646331905,negative,0.10430735260108946
1342157853822513153,negative,0.08437613153631827
1342157854392856584,negative,0.014921409828964609
1342157854522961921,negative,0.0531516503172241
1342157856456519681,negative,0.047343125308005815
1342157856909516800,negative,0.0011902757213991234
1342157857169559555,neutral,0.6043200082682098
1342157857333063680,negative,8.885466562234789e-05
1342157857463164929,negative,0.0021711828321665616
1342157857718824960,negative,0.0010427729243528215
1342157858062946304,negative,0.015320462693009147
1342157858226503680,neutral,0.6514905077705265
1342157859203788802,negative,0.2713507410847158
1342157859321212928,negative,0.025919168429135744
1342157860516618241,negative,0.014233824104601235
1342157860596293633,negative,0.3029968537174699
1342157861565190146,negative,0.054327400666022506
1342157862995447808,negative,0.12740039617771
1342157865654607875,negative,0.2906278741030604
1342157866254405632,negative,0.1851207634969174
1342157866367672321,negative,0.014385947766844315
1342157866543673344,negative,0.16930425466309135
1342157866602553345,negative,3.680741371970811e-05
1342157867076313088,negative,0.00010870422866261671
1342157867449806851,negative,0.00018496554259712618
1342157868884238336,negative,0.17605122433476714
1342157869114916867,negative,5.001696173137159e-06
1342157870536777729,negative,0.00034227786781603224
1342157870817751042,negative,0.15382327319929384
1342157871014789122,negative,0.0009268291998292341
1342157871409205249,negative,0.06916266373320186
1342157871535058944,negative,0.001081236070240787
1342157871648284672,negative,0.00016036712028058784
1342157871686045697,negative,3.9370528341049285e-06
1342157872482942976,negative,0.0015106564342132571
1342157872512299011,neutral,0.48728019602140255
1342157874487812099,negative,0.018223727094134636
1342157875213443075,negative,0.05126602373136688
1342157876475912192,neutral,0.3385252644667176
1342157877214109697,neutral,0.49789225920557484
1342157878510157825,negative,0.06711886013676781
1342157879298596866,neutral,0.6149732941538079
1342157879613267968,negative,0.0004036356967443948
1342157879810400258,negative,0.0014325726235158757
1342157879839756288,negative,3.9158802049001493e-13
1342157880011714562,neutral,0.4458470767507837
1342157880137551873,negative,0.016427604373005056
1342157880192081920,negative,0.00678136489509398
1342157880540221440,negative,0.054327400666022506
1342157881592971267,negative,1.7792019240281194e-05
1342157882209525763,negative,0.00017582172268412865
1342157883702730752,neutral,0.6489077768764223
1342157883715289088,negative,0.004238845430557115
1342157884138786816,negative,8.797189063067652e-05
1342157886374506496,negative,0.2509508170725066
1342157886651301888,negative,0.028020207708951465
1342157886802300929,negative,0.002745298738113449
1342157886831669249,negative,0.00016036712028058784
1342157888324837379,negative,0.008402433005247453
1342157888723288064,negative,0.0006726122019988871
1342157890182905857,negative,0.13114032356334313
1342157890430373890,negative,6.243051619591606e-05
1342157891013263360,negative,0.0010427729243528215
1342157891457982464,negative,0.0010427729243528215
1342157891701243906,positive,0.668645159507102
1342157891898388494,negative,0.05352475611900498
1342157892066144256,negative,0.0005837600594044972
1342157892732989443,negative,0.27538537887707226
1342157893857062916,negative,3.0760698055853717e-07
1342157894163324928,negative,0.21047953907773329
1342157894658256899,negative,0.006677802306150966
1342157895094337536,negative,0.2702412499885854
1342157896906399744,negative,0.054327400666022506
1342157897241866242,negative,0.0014049083005648528
1342157897636188162,negative,0.010821739943380863
1342157897648787458,negative,0.20373693675826887
1342157898030313472,neutral,0.3648025808206021
1342157898290495488,neutral,0.451439346188083
1342157898814808066,positive,0.9599525506169604
1342157899255193600,negative,0.017286836009129967
1342157899703967744,negative,0.0013774359200638977
1342157899850608640,negative,0.0019604174337225742
1342157900144398338,negative,0.22737501622881523
1342157900450582530,neutral,0.4525299360032805
1342157900848852992,negative,0.0021116303739656416
1342157901138448386,negative,0.2889156098309334
1342157901314609152,neutral,0.49789225920557484
1342157901863899136,negative,0.003496752053164821
1342157902807760897,negative,7.430496683458666e-08
1342157902828736513,negative,0.047049967585336375
1342157903260753920,negative,0.018223727094134636
1342157903940251648,negative,0.24938481226141682
1342157904384827394,negative,0.15237137935820858
1342157904753864705,negative,0.12962009069807864
1342157905282347014,negative,0.30337821253668507
1342157906846871558,negative,0.047343125308005815
1342157907698339841,negative,0.0076793701300136175
1342157907975168000,negative,0.24187439095654115
1342157908323299330,negative,0.06349256163192335
1342157908512022529,negative,0.002745298738113449
1342157908704976896,positive,0.9845733582633431
1342157908839170053,negative,0.06156100502183778
1342157911167000577,negative,0.00010350117180782416
1342157911536128007,negative,0.00033380941341749367
1342157911942901768,negative,0.027289744188104013
1342157912861536259,negative,4.716989722459196e-05
1342157912970584064,neutral,0.5533970533999424
1342157913062858753,negative,0.06946581803373242
1342157917341024259,negative,0.20935166489465376
1342157917378801670,negative,0.001039075883570062
1342157919207518211,neutral,0.49789225920557484
1342157919459147776,negative,0.23916883342491707
1342157919660503040,negative,0.0069571137892871044
1342157919899557894,negative,0.06156100502183778
1342157920960655366,negative,0.031231833153341285
1342157921115754497,positive,0.9997862537627992
1342157921254256640,negative,0.03562205634907662
1342157921833132036,negative,1.7356221277495615e-06
1342157923632492546,negative,5.116401978787539e-08
1342157924307619840,negative,0.010173857450883438
1342157924974649351,negative,0.06156100502183778
1342157924978880516,negative,0.23871696831429615
1342157925238919169,negative,0.01802643909317884
1342157925331173376,negative,0.0034571688366880583
1342157925415071744,neutral,0.4737554465528978
1342157926576881665,negative,8.44457521294878e-07
1342157926635601920,neutral,0.49789225920557484
1342157926648213504,negative,2.906411269349187e-06
1342157926883078150,neutral,0.46425755225578613
1342157927818395649,negative,0.16280582794327256
1342157929114460160,neutral,0.5298631573776782
1342157929173168129,negative,0.2833848953654449
1342157929496145920,negative,0.018223727094134636
1342157929693245440,negative,0.0004304470364228719
1342157929810685954,negative,0.03240585955062548
1342157929974288384,negative,1.2997611122057853e-10
1342157930045599755,negative,0.005447757490260875
1342157930053963782,negative,0.27538537887707226
1342157932587347974,negative,0.12962009069807864
1342157932880867328,positive,0.8521579246449539
1342157933803499521,negative,0.0023178881438169563
1342157935414284289,negative,0.21047953907773329
1342157936123125760,negative,0.016464699376844857
1342157936831967240,negative,0.1399829326686015
1342157937339412482,negative,0.009655167226292012
1342157937607905283,negative,1.2137587316032155e-05
1342157938543243266,neutral,0.607601807529265
1342157938685784067,negative,0.12182690509467343
1342157940413911044,negative,0.12164179654375695
1342157940531343360,negative,0.009264039343730587
1342157941085007874,negative,0.014385947766844315
1342157941542187009,negative,0.01090715993487572
1342157942410403842,negative,4.72995779870177e-06
1342157942414565376,negative,0.21047953907773329
1342157944675332097,negative,0.20828494091279945
1342157945128300547,negative,0.0004760529356788509
1342157945828560898,negative,1.6734281074416479e-10
1342157945866493953,negative,0.00032756152571296825
1342157946189447169,negative,0.0010966534675369323
1342157946696949761,negative,1.248808342161146e-07
1342157949003829249,negative,1.7741370598427808e-06
1342157949670727680,negative,0.07069463718861892
1342157949922324481,negative,0.30396949356940606
1342157950387830788,negative,0.0004760529356788509
1342157950576709633,negative,0.0010966534675369323
1342157950866096130,negative,0.008788495254404166
1342157952417984512,negative,2.447715521840964e-06
1342157952648704000,negative,9.178070812045909e-05
1342157952812261376,negative,0.21047953907773329
1342157952954863616,negative,0.08437613153631827
1342157953592340482,negative,0.004578021584741204
1342157953890217984,negative,0.010822551755000468
1342157954326392838,negative,0.03387767875350326
1342157954473226240,negative,0.11935951334984464
1342157957518118913,negative,0.003496328831290306
1342157957522460675,negative,0.02312814423556466
1342157957593784322,negative,0.031489123559982284
1342157958139011074,negative,0.010821739943380863
1342157958361321472,negative,0.00012511130534360618
1342157958537490432,negative,0.0023689269820352894
1342157958659121155,positive,0.9278936719089798
1342157958684274688,negative,7.000968158929942e-05
1342157959078490112,negative,0.21722145998290496
1342157959078547456,negative,0.002745298738113449
1342157961456742400,neutral,0.45934747459404834
1342157961536307201,negative,0.0015457774796299576
1342157961758695426,negative,0.0016872919324072966
1342157961951649792,negative,7.266009469157855e-08
1342157962589122560,negative,0.018223727094134636
1342157962723266560,negative,0.0010427729243528215
1342157963277045762,neutral,0.398180521791012
1342157963285450755,negative,0.24187439095654115
1342157967517429767,negative,0.0020377204144672724
1342157967605583877,negative,0.3029968537174699
1342157967752388608,negative,0.047343125308005815
1342157969757249536,negative,0.03322402495705298
1342157969962766337,negative,0.27538537887707226
1342157970159841283,negative,0.15237137935820858
1342157971510456321,negative,0.2301917679834784
1342157972051349506,negative,0.009655167226292012
1342157972353536003,negative,5.121154846943292e-07
1342157974723129344,negative,0.027289744188104013
1342157975046254592,negative,0.013650695322709986
1342157975214034945,negative,0.0012237805805817787
1342157975331491841,negative,0.15237137935820858
1342157976036126720,negative,0.2702412499885854
1342157976124215297,negative,0.12478171561957835
1342157976220495873,positive,0.7661327234652938
1342157977973710848,negative,0.308199125160694
1342157979064422400,negative,0.0015682249056857595
1342157979622236160,negative,0.011739970700098886
1342157979706077184,negative,2.6942414632924577e-05
1342157979727101952,negative,0.003787325904839655
1342157979798425602,negative,0.05352475611900498
1342157980418994177,positive,0.7760469379874324
1342157980569985024,negative,0.01946935473826694
1342157980729552896,negative,0.007153327869971612
1342157981731975169,negative,1.2232154952526973e-07
1342157981765529602,negative,0.0006048997578669893
1342157982184910848,negative,0.06124177979665343
1342157982302433283,negative,0.16280582794327256
1342157982679896067,negative,3.792379489848801e-05
1342157984424726529,negative,7.6252653638707265e-06
1342157984802074624,negative,0.00013752094999252402
1342157984856727555,negative,0.19608385064557662
1342157987046158336,negative,0.19133352884439717
1342157987197177856,negative,0.002320145475481019
1342157987889225733,negative,0.0860313009081514
1342157988187025408,positive,0.7112264328727067
1342157988568690688,negative,0.044883231511899734
1342157988610662400,negative,0.23749203830678875
1342157988619055108,negative,0.010929883898686639
1342157989168427009,negative,0.16280582794327256
1342157989394984960,negative,0.02944598135192064
1342157990917525506,negative,0.012468040280025128
1342157991089471489,negative,0.26076950668447035
1342157991164854272,negative,6.046486790017601e-06
1342157991240413191,negative,0.025100515042451827
1342157992473477120,negative,0.13467339204295112
1342157994105167873,neutral,0.6210907753807138
1342157994654502913,negative,0.0001123780949996407
1342157995560607746,negative,0.008285294134682705
1342157996965523461,negative,0.0053670200003743075
1342157999972999175,negative,0.15237137935820858
1342158000295993346,negative,0.0009057352055507733
1342158001457811458,negative,0.00012016692516643921
1342158003433308164,negative,0.029349230045347875
1342158005849235459,negative,0.30396949356940606
1342158006415482887,negative,0.2729327260928277
1342158006562267139,neutral,0.3643685158170457
1342158008038563840,negative,1.49750550303229e-06
1342158008663609346,negative,0.00849309960577442
1342158008873177088,negative,0.000126766967628531
1342158008940429312,negative,0.04040052686909206
1342158009502478337,negative,0.00012919953254284541
1342158009758343168,negative,3.089312616181282e-06
1342158009842216966,negative,0.26076950668447035
1342158010068643841,negative,0.001363496019747767
1342158010462990342,negative,0.1250224706700623
1342158013076013057,negative,1.9264923755409437e-06
1342158013449334785,negative,0.05917738451080122
1342158013918892032,negative,0.19698566538285395
1342158014191702020,negative,0.03540712113948901
1342158015001190400,negative,0.10111094768868999
1342158015835865089,negative,0.018223727094134636
1342158018763497473,negative,0.008002740267951025
1342158020038565889,positive,0.9998790083654926
1342158020776759299,negative,0.009655167226292012
1342158021032599552,negative,1.4486060583781222e-06
1342158021561094147,negative,0.00044286331715456817
1342158022353838081,negative,0.010707567603196803
1342158022613860353,negative,0.20828494091279945
1342158024014766082,negative,0.0004760529356788509
1342158024471932930,negative,0.19793368602579114
1342158024887181313,negative,0.012411063206778454
1342158026434875392,negative,9.565152915513682e-06
1342158028385234944,negative,8.885466562234789e-05
1342158029115023362,negative,1.8266802005945085e-05
1342158029853229057,negative,7.000968158929942e-05
1342158029903560706,negative,0.0649409937485363
1342158031749079040,negative,0.010821739943380863
1342158032432672772,neutral,0.49789225920557484
1342158032822788099,negative,0.13036130171474938
1342158032994754565,negative,0.07360800224004332
1342158033128984576,positive,0.784370923750256
1342158033149956096,negative,4.364280067877536e-06
1342158033766543361,negative,0.010821739943380863
1342158034353721344,positive,0.977348790241834
1342158034844475393,neutral,0.3996580091506196
1342158035041607681,neutral,0.3593672214136314
1342158036106940417,negative,0.02410025090611589
1342158036270538757,negative,0.02678044416215498
1342158036543168514,negative,0.00013060261663481044
1342158036954189824,negative,0.16739807468438336
1342158038036328449,negative,0.00020497698284596092
1342158038300581888,negative,0.028189306577752416
1342158039231713284,negative,0.06663668783824335
1342158039378440197,neutral,0.4737554465528978
1342158039630163968,negative,0.08192931222109458
1342158039814725636,negative,0.0012638920586640191
1342158041437921288,negative,0.00012069711588651851
1342158043019153414,negative,0.23547448214396235
1342158043262427139,negative,0.01741935496928855
1342158044025806852,negative,0.06167165633444072
1342158045246316544,negative,0.0012611103131100296
1342158046143901697,negative,0.06629107690946992
1342158046269747200,positive,0.9628087324740442
1342158047129587713,negative,0.2906278741030604
1342158047628709888,negative,3.679038620839239e-05
1342158047767048193,positive,0.6800588541412664
1342158048916369409,negative,3.3048302168967805e-05
1342158049142845442,negative,0.005447757490260875
1342158049243406336,negative,0.04431263158694897
1342158055048404993,negative,0.002347813531804289
1342158056365449217,negative,0.005357417187818236
1342158056457723905,neutral,0.49789225920557484
1342158056831012864,negative,0.03387767875350326
1342158056881319938,negative,0.26076950668447035
1342158057615335430,negative,2.491221432481564e-05
1342158059414708225,negative,0.004707885274048118
1342158059959947264,negative,0.015550295855119392
1342158060152901632,negative,0.004152293629966322
1342158061843185664,negative,1.6734281074416479e-10
1342158061876740097,negative,1.0731338363834328e-06
1342158062065483776,negative,0.23749203830678875
1342158062346498048,negative,0.00045701546201009957
1342158062979862529,negative,0.009087159101972653
1342158063760003074,positive,0.9027310835779597
1342158066096238599,negative,0.02312814423556466
1342158066276573184,negative,0.26076950668447035
1342158066591137793,neutral,0.47878153849390703
1342158067107045376,negative,0.015773583174067275
1342158068759584772,negative,1.2137587316032155e-05
1342158068830748673,negative,0.003566906859200871
1342158070101782530,negative,6.17938220872769e-05
1342158071095672832,negative,0.04586691580839149
1342158071632695296,negative,0.0012434550613787886
1342158072467353600,neutral,0.49030118183870675
1342158072949714945,negative,0.020033117947931472
1342158073083928578,negative,0.1312330358531154
1342158073172013057,neutral,0.3593672214136314
1342158073259933696,negative,0.02329323645236039
1342158073473994754,negative,0.018223727094134636
1342158074669391873,negative,0.12962009069807864
1342158075076161544,negative,0.006437531960969794
1342158075151740929,positive,0.8464618206459138
1342158077127249922,negative,0.08437613153631827
1342158077189971970,negative,0.0011353916683194206
1342158077336956932,negative,0.027289744188104013
1342158077915766786,negative,0.2906278741030604
1342158078020562945,negative,0.003121316702415719
1342158079081771008,negative,3.589200064941054e-07
1342158080071659520,negative,0.0991654945521101
1342158080688222212,negative,0.017759887115153965
1342158080969236483,neutral,0.5338521772673254
1342158082374295556,negative,0.001947191680232351
1342158082437230595,neutral,0.44718859704321334
1342158082667900931,negative,0.004555829507408022
1342158082734960644,negative,0.022964716368658107
1342158083028611078,negative,0.000727578777212182
1342158083066372100,negative,4.2904534946458075e-07
1342158083406127105,negative,0.0006134999580760797
1342158083527729153,negative,0.035241122830545
1342158083548737536,neutral,0.3690431246793421
1342158085259993089,negative,5.067111439135553e-05
1342158087000453120,negative,0.02505719393596048
1342158088275701761,negative,0.15237137935820858
1342158088313450498,negative,0.010822551755000468
1342158088522981377,negative,0.054327400666022506
1342158089173274632,negative,0.06975296894090434
1342158089693356034,neutral,0.331031189338988
1342158090288967688,negative,0.0010427729243528215
1342158090548998150,neutral,0.35580142773938084
1342158090620162048,negative,0.00044286331715456817
1342158090737745920,neutral,0.49789225920557484
1342158091157184514,negative,0.04501136954221888
1342158091169763328,negative,0.1227307543016075
1342158091568214016,negative,0.014385947766844315
1342158091891183622,negative,0.004900912000151935
1342158092562268165,negative,0.003953379278240212
1342158093359214592,negative,0.007809040031757991
1342158093396963328,negative,0.10944822003342888
1342158093543559175,neutral,0.4317409818632666
1342158096215515137,negative,0.26076950668447035
1342158096769155072,negative,0.026442697229933358
1342158097301843968,negative,0.00230117861691589
1342158098337845248,negative,0.18364099313401525
1342158099638079489,negative,0.17372697767264275
1342158099818442757,negative,0.037869328755591104
1342158099927494656,positive,0.8512503895080619
1342158099969413121,negative,0.07980762243056304
1342158100153905152,negative,0.2789982976546408
1342158100791484416,negative,0.004948581080975688
1342158100942491649,negative,0.0006634082798155958
1342158101131104256,negative,0.308199125160694
1342158103937167368,negative,0.03352181931630195
1342158103945617408,negative,0.03352181931630195
1342158104893468672,negative,7.521185422783785e-08
1342158105258373121,negative,0.0005455126532203209
1342158106818703360,negative,0.00044026634978309694
1342158108328681476,negative,0.0014020656724788162
1342158108399972353,negative,0.001528405026854895
1342158110388080643,neutral,0.49789225920557484
1342158110526496768,neutral,0.469435958302461
1342158110656380928,negative,0.011099205271788447
1342158114041290754,negative,0.02483647271266582
1342158114561421312,negative,0.0008217241837661046
1342158115643518982,negative,1.6734281074416479e-10
1342158116515946496,negative,0.0011902757213991234
1342158116755017729,negative,0.23710857453342019
1342158117027667969,negative,0.017158683575701487
1342158117602271233,negative,1.8537409366454798e-07
1342158117828780035,negative,0.0018112395590501407
1342158118105591808,negative,0.014385947766844315
1342158121951752193,negative,0.018223727094134636
1342158122127921154,negative,0.027289744188104013
1342158122685751298,neutral,0.6149732941538079
1342158123218460673,neutral,0.3593672214136314
1342158123298136064,positive,0.6873335203193304
1342158123516223497,negative,6.046486790017601e-06
1342158124795326465,negative,0.02806062011662782
1342158125240082433,negative,0.138143021368976
1342158125768404993,negative,0.08330828598861773
1342158125852463109,negative,0.0076793701300136175
1342158127303716865,neutral,0.3951220180357708
1342158127370817537,negative,0.017525578600472852
1342158129367277570,negative,0.26076950668447035
1342158129560219649,negative,7.30774934935384e-05
1342158129845448707,positive,0.7560908973998467
1342158129895759873,negative,0.00045577905385702075
1342158129908342784,negative,1.9264923755409437e-06
1342158130101309446,negative,5.4098147427066665e-05
1342158130449424387,negative,0.00017582172268412865
1342158130461999104,negative,0.30829643170701443
1342158133003579395,negative,0.010821739943380863
1342158133133766661,negative,0.08437613153631827
1342158133234438144,negative,0.08663240066919725
1342158133414797313,negative,5.157089722617492e-10
1342158134866046983,negative,0.16532172419126437
1342158134958292995,negative,0.17544439578210483
1342158135058952194,negative,0.0016984442996489809
1342158135235125248,negative,2.1083499000326255e-11
1342158135365160960,negative,7.15144973719575e-05
1342158135595835392,negative,0.00015001894591687835
1342158137797783560,negative,0.0006004748683393548
1342158138968076288,negative,0.01595305404542334
1342158139387502593,negative,0.07861879453919204
1342158142298353665,negative,1.0323351728629406e-06
1342158143397257216,negative,1.1898088248771074e-07
1342158143783104514,negative,0.000770416401296374
1342158146505220096,negative,0.0021116303739656416
1342158147977437186,negative,0.031825527455829096
1342158150057689088,negative,0.002280613216603444
1342158150217183232,positive,0.999540960699701
1342158154268893185,negative,0.0012802493548384288
1342158154742833154,negative,0.09603524417155987
1342158156072411137,negative,0.009655167226292012
1342158161269153792,negative,4.301094882263365e-10
1342158162581983232,negative,0.00017582172268412865
1342158163261460481,negative,1.5256549691541485e-08
1342158163378892800,negative,0.008130650242016644
1342158164272312333,negative,0.0021116303739656416
1342158169355726850,negative,0.007956910122394023
1342158169850732549,negative,0.0021116303739656416
1342158175546601475,negative,0.0056305376166472755
1342158177484333056,negative,0.21921412548362115
1342158180848173056,negative,0.008251322068778493
1342158189366824964,neutral,0.6537474969498027
1342158192235540480,negative,0.05404119872205481
1342158193993113600,negative,0.00044286331715456817
1342158196136439812,negative,0.26990358198503844
1342158201534484481,neutral,0.49789225920557484
1342158205250625536,positive,0.9348801628482606
1342158206248882177,negative,0.00017582172268412865
1342158206412464131,negative,0.1537050090719496
1342158209507704833,negative,0.035386020794465706
1342158210799693826,negative,0.010821739943380863
1342158212309647361,negative,0.28881357952450165
1342158212338892800,negative,0.003496328831290306
1342158212682952704,negative,0.052699521493645936
1342158214100561928,negative,0.00044286331715456817
1342158214322745344,negative,9.290614402304577e-06
1342158215677685761,negative,0.0017186828185257136
1342158215866417152,negative,0.00016036712028058784
1342158219871985664,negative,0.009655167226292012
1342158224401657856,negative,7.847061863400528e-11
1342158225370705922,negative,0.032234686359842335
1342158225412661248,negative,0.14609850283191778
1342158225555132419,negative,1.6734281074416479e-10
1342158227337834496,negative,0.011538404096376137
1342158227606302721,negative,0.3205746300160878
1342158229892173825,positive,0.998972751351336
1342158231259344896,negative,0.000881365338098209
1342158231599198212,negative,0.17788807864041553
1342158235311075329,negative,0.03406745288515731
1342158235487371266,negative,1.914359947504438e-07
1342158235546095616,negative,0.019044469009225365
1342158235743170566,negative,4.660393401829881e-05
1342158235961319424,neutral,0.5743452650545291
1342158236003262464,neutral,0.4030761972637382
1342158239228702720,negative,0.0021116303739656416
1342158239455191047,negative,0.020662502153600684
1342158239534776322,negative,0.009655167226292012
1342158240180789252,negative,0.008253433629788016
1342158241405546496,negative,0.00849309960577442
1342158241569132549,negative,0.29550906454701265
1342158242160521216,negative,0.015155107296918732
1342158242802241537,negative,0.005024477676082971
1342158243972468738,negative,0.0017739398650300725
1342158244660310016,negative,0.27189982290922643
1342158244735815681,negative,0.2164295994262103
1342158244920352769,negative,0.0001444289000791695
1342158247034286082,negative,0.054730557950301066
1342158247273377793,negative,0.025187550138389768
1342158247403393026,negative,0.003737190182664258
1342158248208699392,negative,9.578572402627643e-08
1342158248225492992,negative,0.08257315439397898
1342158248833593346,negative,9.178070812045909e-05
1342158249475198976,negative,5.8243884063023896e-05
1342158251408949251,negative,4.364280067877536e-06
1342158251975180288,negative,0.006760758078923405
1342158252189036552,negative,0.0036156759278284187
1342158252411219968,negative,6.499673311784401e-06
1342158254709858304,negative,0.028883334796173155
1342158255460675585,negative,0.0020730089676728176
1342158259076132866,negative,0.000725745494711989
1342158259730452480,negative,0.011538404096376137
1342158261601128448,negative,1.3487191289712967e-06
1342158262381260801,negative,0.0004621289803301903
1342158263454937088,positive,0.725060457043836
1342158263689773056,negative,0.00849309960577442
1342158264088195072,negative,0.0006004748683393548
1342158265355014146,negative,0.024694100878818438
1342158266042871817,negative,0.04505481050316802
1342158268161007622,negative,1.6119684250411773e-05
1342158269176016897,negative,0.012487335807890914
1342158269423480833,negative,0.23398098051223332
1342158269960380416,negative,0.0004959955619609795
1342158271616978952,neutral,0.36356652853001176
1342158272405647365,negative,0.0004760529356788509
1342158272573419520,negative,0.001095849295524466
1342158273479368707,negative,0.015773583174067275
1342158275752689671,negative,0.06274224827690665
1342158279464660994,negative,0.054327400666022506
1342158279942823938,negative,0.0016984442996489809
1342158280488083459,neutral,0.6305123593916463
1342158280903323648,neutral,0.47878153849390703
1342158281947529216,negative,1.0522135910740449e-08
1342158282010537992,negative,0.002225098948855687
1342158282102857734,negative,0.0007929404103188511
1342158283759607809,negative,0.3006403786005674
1342158286590767109,neutral,0.4667819144075502
1342158286699835394,negative,0.0016984442996489809
1342158287077310464,negative,0.10086712948634141
1342158287266066432,negative,0.03496816703658319
1342158287341543428,negative,0.022080184875549445
1342158287400296452,negative,0.0002766296331445566
1342158288625037315,negative,0.003802494215023941
1342158288822145029,negative,0.0017186828185257136
1342158289543553024,negative,0.015155107296918732
1342158292039163904,neutral,0.3358218310945649
1342158292663980033,negative,0.011617394528324478
1342158293125525510,negative,2.0255971042421403e-06
1342158293448323072,negative,0.23432434876951558
1342158293691752450,negative,1.0067946140183152e-06
1342158293796585474,negative,0.0017186828185257136
1342158293922439168,negative,0.0016984442996489809
1342158293943406592,negative,0.019044469009225365
1342158295201681412,negative,0.01615575654303187
1342158295612731392,negative,1.3009398724152303e-05
1342158296912973828,negative,8.885466562234789e-05
1342158297475002370,negative,0.014921409828964609
1342158299307900931,negative,0.13137947492221264
1342158301803503619,neutral,0.42755866745518784
1342158302642376709,negative,0.10587670344193531
1342158303212789760,negative,0.011538404096376137
1342158303279927304,negative,0.014425713493889014
1342158305972670466,negative,0.2676407539577333
1342158306232717316,negative,5.6046434574970585e-06
1342158306647932928,negative,0.0004959955619609795
1342158307503517696,negative,0.001395093827848838
1342158307713277953,negative,0.010821739943380863
1342158308367593472,negative,0.006764856156082284
1342158308527009797,negative,6.046486790017601e-06
1342158310116630533,negative,0.0007947281187795242
1342158310120828928,neutral,0.4505138789577287
1342158310255026177,negative,2.5002363990836155e-05
1342158312113135620,negative,0.0016120736247397217
1342158312406712320,negative,0.011538404096376137
1342158315636355077,negative,0.22672051176824415
1342158315917209600,negative,0.000996532293273471
1342158316328407042,negative,0.002442287510515907
1342158316739375106,negative,1.2993312627035544e-06
1342158317309874176,negative,0.01366302732957199
1342158317800534016,negative,0.0031023963934914273
1342158318513614848,negative,0.0014313438979348828
1342158318727524352,negative,0.0031832966230792774
1342158319599964167,positive,0.8779799778333703
1342158320250089472,negative,0.001042820755173689
1342158320711299074,negative,0.0013906066995083757
1342158322200440833,negative,1.4635937090505173e-06
1342158323236409344,negative,0.003433871264966067
1342158323471187968,negative,0.0319206093468433
1342158323613724672,negative,2.2419796363354096e-11
1342158323798437890,neutral,0.4667819144075502
1342158324230479872,negative,3.652923485043396e-05
1342158324402450432,negative,0.0012803967118646033
1342158325748793345,positive,0.7666669770595549
1342158326747033601,negative,0.05738731705847255
1342158327208296448,negative,0.010821739943380863
1342158327321677825,negative,0.32112084512068156
1342158328881811456,neutral,0.34294689591426497
1342158329238478855,negative,0.020662502153600684
1342158330471604226,negative,0.013016721627495122
1342158330597408771,negative,0.000725745494711989
1342158331469844480,negative,3.3490070767052697e-09
1342158331708903425,negative,4.8108263440716315e-06
1342158331767619586,negative,0.006720905989338632
1342158332187058176,negative,0.07086750242740236
1342158332962992137,negative,0.010824922453260982
1342158334858821634,neutral,0.3648025808206021
1342158335206973441,negative,0.06405537043123012
1342158335500578816,negative,0.2912105422660608
1342158335945158659,negative,1.9878649455603878e-05
1342158336192630785,negative,2.1547268445989686e-05
1342158336624631808,negative,1.7470609096971462e-07
1342158338893688838,negative,0.06405537043123012
1342158340810551296,negative,0.11924197513035559
1342158341322190848,neutral,0.49789225920557484
1342158341938827264,negative,1.168914452295607e-05
1342158342148546560,neutral,0.4372371996426999
1342158343981445122,negative,0.008285294134682705
1342158344446996481,negative,0.11580847530218072
1342158344669319168,negative,0.2725757060621418
1342158345105371136,neutral,0.4808254043045416
1342158345172500484,negative,0.0012610069444334599
1342158345172643843,negative,0.0034815376180800184
1342158348213489672,negative,0.0013467545406616115
1342158348448358400,negative,1.135721824294668e-09
1342158348817465344,negative,0.0069571137892871044
1342158351568928768,negative,0.052450804249639285
1342158352265183237,negative,0.000374239515978661
1342158352965640193,negative,2.5987155852303245e-05
1342158353066315777,negative,0.0016984442996489809
1342158353095602177,negative,2.4895788172581186e-07
1342158353254866944,negative,0.08761922422947857
1342158354148425730,neutral,0.5490292481829452
1342158354156761090,negative,0.03513664696641658
1342158355532558336,negative,1.2037641209801937e-05
1342158355851317256,negative,0.0004760529356788509
1342158356224598017,negative,0.0005462882107922243
1342158356576940038,negative,3.303672385569735e-05
1342158356618891264,negative,2.6551873154995943e-06
1342158357507919872,negative,0.0008244989520914943
1342158357604417536,negative,0.008015890175014551
1342158357701013507,negative,0.010821739943380863
1342158359655542787,negative,7.133621763477493e-07
1342158359764451328,negative,0.0018112395590501407
1342158360678961153,negative,0.23972773971202263
1342158360951599106,negative,0.13036130171474938
1342158361756897282,negative,0.15237137935820858
1342158362033713155,negative,0.06453094084602255
1342158362507685889,negative,0.00012758256285958248
1342158363895812096,negative,6.17938220872769e-05
1342158364319621122,positive,0.9998790083654926
1342158365078781958,negative,0.009264039343730587
1342158365359824897,negative,5.643567653826576e-05
1342158365481463808,neutral,0.5533970533999424
1342158366844583937,negative,0.0015376610966298476
1342158368794963970,negative,0.003949948577157421
1342158369977741312,negative,0.00017582172268412865
1342158370879516673,negative,0.0006004748683393548
1342158373165223938,negative,0.027792028839605815
1342158373941346306,neutral,0.4292432427314265
1342158374008479746,negative,0.022080184875549445
1342158375245783041,negative,0.0051932906889877485
1342158376843816963,negative,0.054327400666022506
1342158377179377668,negative,0.0021033342822691977
1342158377384878082,negative,0.04505481050316802
1342158377615585281,negative,0.00017230101668934194
1342158378345312256,negative,0.019515418665927924
1342158378727047176,negative,7.706056551130622e-09
1342158379498827776,negative,0.0012802493548384288
1342158380778086400,negative,0.006764856156082284
1342158382183145472,negative,0.03638099091321265
1342158387417591808,neutral,0.43295721120518166
1342158390164922368,negative,0.10248937187269318
1342158390370459656,negative,5.671524634870374e-08
1342158390722703362,negative,0.003617168265266498
1342158391653916673,negative,0.0836382779507393
1342158393960751107,negative,0.018223727094134636
1342158395277766667,negative,6.490127841024241e-06
1342158395294552072,negative,0.2640186529128663
1342158397630783489,negative,0.00011969593462917336
1342158398121537536,negative,0.027289744188104013
1342158398675185664,negative,0.14484210374842796
1342158398847123456,negative,0.0006341799171763298
1342158398977150976,negative,0.03688390625307777
1342158399136559116,negative,0.005514917634915028
1342158399316770817,negative,0.2575963766895307
1342158399862136837,negative,0.005026369834513546
1342158401497948169,negative,0.01657279953061399
1342158401523109888,negative,0.13871023524374113
1342158402957541380,negative,0.0319206093468433
1342158403351801860,negative,0.0014720187331148688
1342158408837947392,negative,0.004541886596393346
1342158410196938754,neutral,0.4318077781035068
1342158411451002882,neutral,0.3593672214136314
1342158411698495489,negative,0.027289744188104013
1342158415007789059,negative,6.985478864346409e-05
1342158415385284609,negative,3.379233828159462e-06
1342158418405158913,negative,0.00017582172268412865
1342158420875554817,positive,0.9453446855800982
1342158423757123585,negative,0.05352475611900498
1342158424113618954,neutral,0.44374817211906
1342158424671277061,negative,0.03926168738061407
1342158427942866944,negative,0.0319206093468433
1342158429666889733,negative,0.018223727094134636
1342158431042547718,neutral,0.4232078962494373
1342158431155843073,negative,0.0838991748433343
1342158432783237123,negative,0.005194596826563236
1342158435492704262,negative,0.0001123780949996407
1342158442899927040,negative,0.060708828470702504
1342158444107857924,negative,6.03865997660824e-08
1342158449375928322,negative,0.09673222424458884
1342158453314301954,negative,0.010821739943380863
1342158453507117056,negative,4.9396955598595707e-08
1342158453549264897,neutral,0.5017543432377519
1342158454346158083,neutral,0.42960203930713187
1342158454664916992,neutral,0.49789225920557484
1342158456124563458,negative,0.202609433120827
1342158456485249025,negative,0.027083950002352537
1342158456611074051,negative,0.0001039175126215644
1342158457114304512,negative,0.28963392521496933
1342158457529659392,negative,0.005206935726244289
1342158457764519942,negative,0.0001690060164897966
1342158458372694016,negative,0.09646578667338862
1342158458494222336,negative,0.009655167226292012
1342158460453056512,positive,0.9740997906387266
1342158462395019266,neutral,0.49789225920557484
1342158462445355009,negative,0.006662726596264658
1342158462541828099,neutral,0.4652960361104631
1342158462885703683,negative,8.515087045096324e-06
1342158463095484417,negative,2.5987155852303245e-05
1342158463426818050,negative,1.2137587316032155e-05
1342158465637220352,negative,0.06946581803373242
1342158466887069698,neutral,0.4479917494122217
1342158467897974785,negative,0.238428800670322
1342158468354961409,negative,0.0007252384789420658
1342158470154510336,negative,0.018555171178845146
1342158470435504132,negative,0.2851134417573037
1342158470485782536,positive,0.998703464401758
1342158470649298945,negative,0.0021116303739656416
1342158470766862340,negative,0.005526309385863951
1342158471014313984,negative,0.014921409828964609
1342158471328890883,negative,0.036729482473240524
1342158471605723136,negative,0.02312814423556466
1342158471731564544,negative,0.02049828370112842
1342158472218095619,neutral,0.4479917494122217
1342158473178599430,negative,0.0010427729243528215
1342158473740619777,negative,0.00030326960888814607
1342158474277494784,positive,0.8488784103859388
1342158475523219464,negative,0.002515054097712651
1342158476152344579,negative,0.0016984442996489809
1342158476206886916,negative,0.00012919953254284541
1342158476445933568,negative,0.025551525660264952
1342158476580106246,negative,1.3401222381727669e-12
1342158477091876869,negative,0.013016721627495122
1342158477117030401,negative,0.24617001669634506
1342158477179936769,negative,0.00044286331715456817
1342158477368696832,negative,0.0012652311539080186
1342158477733593090,negative,0.046430951521740156
1342158478534717442,negative,0.04505481050316802
1342158478828253187,negative,1.2988088544063323e-05
1342158479017070593,negative,0.02353637973963139
1342158479063187459,negative,0.03721997211650322
1342158479096762371,negative,8.16152285395075e-05
1342158481860788227,negative,0.019342502183944912
1342158482468962305,negative,0.10440416148123748
1342158482758361088,negative,6.931048472325273e-08
1342158483060260864,negative,0.0043464053471772585
1342158483291054081,negative,0.00044286331715456817
1342158483693707264,negative,0.002495183263108385
1342158486646484993,neutral,0.5063575273151028
1342158486659063813,negative,0.32476060762037645
1342158486663266305,negative,0.010714379468445523
1342158486684184583,negative,1.7494230119706582e-10
1342158486797430789,negative,0.24187439095654115
1342158487577616384,negative,0.0051144434820617046
1342158488034828290,negative,0.1826650518364943
1342158488244518912,negative,0.015565404561229668
1342158490161262593,negative,0.014921409828964609
1342158490576560129,negative,0.13036130171474938
1342158490618486785,negative,0.010821739943380863
1342158490920484869,negative,0.27538537887707226
1342158491184738304,negative,0.011720495607131207
1342158492472406016,negative,1.6734281074416479e-10
1342158492661129216,negative,0.018223727094134636
1342158495567777794,negative,1.0974528010801748e-11
1342158495655874565,positive,0.7675564082223298
1342158495811067905,negative,0.00014221014850131935
1342158495844544512,negative,0.0012803967118646033
1342158496884809728,negative,0.12911828401242606
1342158496930922496,negative,0.06494525605211854
1342158496960278528,negative,6.244940915556781e-13
1342158497295826947,negative,5.667585845313686e-06
1342158498071797766,negative,0.08437613153631827
1342158499548160003,negative,0.004584457602210859
1342158499908907009,negative,8.885466562234789e-05
1342158500479311875,negative,0.0069571137892871044
1342158501062340608,negative,0.0069571137892871044
1342158501481570304,negative,0.0010427729243528215
1342158504908517383,negative,0.08807432546207059
1342158505042591744,negative,0.10430735260108946
1342158505143369729,negative,0.0010427729243528215
1342158507752255493,negative,0.029893094936846443
1342158507915804674,negative,0.0007215222070526154
1342158507945156609,negative,0.09334027236768713
1342158512617644034,negative,0.02902189840142555
1342158512907022336,negative,0.0009135723002259712
1342158513783664640,negative,0.015155107296918732
1342158515335536643,negative,0.13388188084755365
1342158517172625408,negative,4.6266755296666017e-10
1342158518066024451,negative,0.08825381395458298
1342158518472867849,negative,0.055513831180776255
1342158518485442563,positive,0.9908627282407085
1342158518812606465,negative,0.03589160844210587
1342158518921687040,negative,0.00033096047889370197
1342158519617921026,negative,0.00497024115664098
1342158520419028995,negative,7.967458442517967e-08
1342158520507133952,negative,0.0019866843830911337
1342158520804773889,negative,0.12861009383879196
1342158520851046400,negative,0.3020135550609068
1342158521220132871,negative,0.010821739943380863
1342158523195650050,negative,1.4681176225977096e-06
1342158523711561728,negative,1.3384303532632652e-07
1342158524537843717,negative,1.0147668748445837e-06
1342158529969459202,negative,0.001649926536779189
1342158535916978176,negative,0.009087159101972653
1342158536625819650,negative,0.1484692067977948
1342158543353507840,negative,0.0016474055575827476
1342158545647792128,negative,1.012666897278683e-05
1342158545706430470,negative,0.28620852652742995
1342158545886846976,positive,0.8253714345432658
1342158547409362946,negative,0.045237078153474955
1342158550148255744,negative,0.05471020256331717
1342158553503719430,negative,0.018223727094134636
1342158554954870787,positive,0.922373300553558
1342158557056262144,negative,0.0015371842216093678
1342158557584773121,negative,0.12696448452575732
1342158561330262018,neutral,0.377384912994291
1342158562718605313,neutral,0.5098436067637715
1342158562991120386,negative,0.01918606586389639
1342158563138015233,neutral,0.43295721120518166
1342158563469352961,neutral,0.4866010795077989
1342158569286770689,negative,0.027289744188104013
1342158570142371840,negative,0.009655167226292012
1342158570717118466,negative,4.318476926429455e-05
1342158572675850240,negative,0.0019498944401086027
1342158573493772290,negative,0.09588371451962191
1342158578522726407,neutral,0.6537474969498027
1342158578627575814,negative,0.04586691580839149
1342158578711457792,negative,3.591150159509122e-10
1342158578740834312,negative,0.15335434241404183
1342158580540186624,negative,0.016464699376844857
1342158581832024064,positive,0.7609854559398146
1342158582758969344,negative,0.018223727094134636
1342158582930935809,negative,0.009087159101972653
1342158583300059142,negative,0.24477909656496857
1342158586013609985,negative,0.00015421310707181812
1342158590333902850,neutral,0.36356652853001176
1342158590841397250,negative,6.1722199682967025e-06
1342158592762408965,negative,0.019516927481713298
1342158598483402752,negative,0.0017635557567300655
1342158600698032131,negative,1.7264827779761115e-05
1342158603617243138,negative,0.011756083205217233
1342158604493877248,neutral,0.5607006995317723
1342158607442456578,negative,8.651947477981804e-05
1342158607622799362,negative,0.03387767875350326
1342158607874457606,negative,0.2906278741030604
1342158609212469248,positive,0.9958102576643406
1342158613918453761,negative,0.027289744188104013
1342158619958243329,negative,0.02201234051531052
1342158625268183044,negative,0.009157768905021721
1342158626488688640,negative,0.027289744188104013
1342158629219282952,negative,0.12234250735432527
1342158632503357445,negative,3.8315869547062137e-05
1342158633392549894,negative,0.034168297047262965
1342158633409265664,negative,0.00044286331715456817
1342158633623310336,neutral,0.5027542548072337
1342158633887559680,negative,0.0019818135599973976
1342158633912725505,negative,0.0012802493548384288
1342158634642534404,neutral,0.3604302616075478
1342158637184274434,negative,0.002855389184555252
1342158640392888320,negative,0.0012803967118646033
1342158645174255618,neutral,0.4705026239168581
1342158645522386945,negative,0.0005819333606554976
1342158645707100161,negative,0.014385947766844315
1342158649595207681,negative,0.12088182107521099
1342158650756968449,negative,0.05352475611900498
1342158654850654213,negative,0.0033124711926596885
1342158662031339524,negative,9.983555866794065e-05
1342158662366879745,neutral,0.49789225920557484
1342158663851646977,negative,0.12305169152481811
1342158666053656577,negative,0.000387311656609343
1342158666271756288,negative,0.2021949639367727
1342158667261636609,neutral,0.6149732941538079
1342158668670898177,negative,0.018216752729794665
1342158672718417920,positive,0.9966815111517452
1342158672739377152,negative,1.4951304000415723e-05
1342158673116860417,negative,0.028860980213723457
1342158673225908226,negative,0.018223727094134636
1342158674446475267,neutral,0.49789225920557484
1342158674656112640,negative,0.008781028336158186
1342158675415330818,negative,0.13937662796410877
1342158676690276354,positive,0.8488784103859388
1342158678640783360,negative,0.0009348457534911085
1342158678812545024,negative,0.0319206093468433
1342158679018250240,negative,0.0018355776577193726
1342158682881196035,negative,0.15237137935820858
1342158683678113794,negative,0.07730739556701206
1342158684261134336,negative,0.16423193959161045
1342158684269522944,negative,0.28314670123576824
1342158684311478275,negative,0.01911472919897377
1342158684470784000,neutral,0.5136446707795853
1342158685397680129,negative,0.17081360610822469
1342158687402668033,negative,0.13997518181407745
1342158688858091524,negative,3.538031354834977e-05
1342158688933584896,negative,0.09180396665083808
1342158689462071296,negative,0.0002766296331445566
1342158689868926985,neutral,0.49789225920557484
1342158690145755136,negative,5.508518942653407e-05
1342158691349499904,negative,0.005088290917145074
1342158691882172417,neutral,0.36039094037262215
1342158691949301761,negative,0.06916266373320186
1342158692519731200,negative,0.001095849295524466
1342158692595150849,negative,0.04668869569348924
1342158695430410240,neutral,0.437369725752128
1342158696714010624,negative,0.04867059925904629
1342158696915337217,negative,0.00021150508835675644
1342158697573834752,negative,0.1537050090719496
1342158699406745603,negative,0.0002977093060074143
1342158699947819010,negative,0.14614323410657648
1342158700409212929,negative,0.008840426312788089
1342158705035538433,negative,0.0021116303739656416
1342158705543012354,negative,0.02049828370112842
1342158706046345216,negative,0.008002740267951025
1342158706079883265,negative,0.00039031524917606457
1342158706314600448,neutral,0.3816607510801893
1342158709661855748,negative,0.06696498164136956
1342158710819356674,negative,0.21047953907773329
1342158710920126465,negative,1.652084552775862e-06
1342158711733809159,negative,0.00020491577436213102
1342158711805145088,negative,0.0022558990971385325
1342158712799162369,negative,0.0017321315229659477
1342158713260568584,negative,0.2568913808118738
1342158713457676288,negative,0.1825721704861695
1342158714128781312,negative,0.2581688033744144
1342158714963374081,negative,0.000126766967628531
1342158715626123264,negative,0.00025471223999529207
1342158716079120385,negative,4.833342365882318e-06
1342158716980711424,neutral,0.5533970533999424
1342158718562152451,negative,0.018223727094134636
1342158720969666562,positive,0.788133761636855
1342158721162620929,negative,0.010821739943380863
1342158722328621056,negative,0.0012451888854856632
1342158722727075842,negative,0.0012802493548384288
1342158723083624451,neutral,0.4739607432362514
1342158723184209922,negative,0.0798319072016116
1342158726715875332,negative,0.0006726122019988871
1342158726778806276,negative,0.027289744188104013
1342158727013609475,negative,0.1036754620123414
1342158727261151233,negative,0.02049828370112842
1342158727982575617,neutral,0.46127768308170247
1342158733154148352,negative,0.023795154447962725
1342158733342814208,negative,0.004048582271772707
1342158734571794433,negative,2.640036368232261e-05
1342158735028842496,negative,0.008802884860654241
1342158737155510272,negative,0.20221441361515172
1342158737839108097,negative,0.0021116303739656416
1342158739252645892,negative,0.00023754572692021074
1342158741735497733,negative,0.11924197513035559
1342158748849229829,positive,0.6928356110418054
1342158749713240065,negative,0.04431263158694897
1342158751361597441,negative,0.0019498944401086027
1342158751810400268,negative,0.11924197513035559
1342158752414375936,negative,0.00044286331715456817
1342158752942854145,neutral,0.49789225920557484
1342158753894903808,negative,6.7335341654580575e-12
1342158754092118020,negative,0.06946581803373242
1342158756830982144,neutral,0.49789225920557484
1342158758647050242,negative,0.0003892240415946616
1342158760337436674,neutral,0.48061219287488127
1342158763088900101,negative,0.045237078153474955
1342158764401717250,negative,0.0802790219889539
1342158764691116033,negative,0.002620995909231746
1342158767442587652,negative,0.07125446740248834
1342158773184581640,neutral,0.6149732941538079
1342158774992334855,negative,0.027348012415129866
1342158777265627137,negative,0.010821739943380863
1342158779635400705,negative,0.06946581803373242
1342158779719299072,neutral,0.6149732941538079
1342158786157539331,negative,0.018223727094134636
1342158786245652481,negative,0.04505481050316802
1342158786463674370,negative,0.009087159101972653
1342158787856257024,negative,0.00024810762093038834
1342158788711878662,negative,0.20828494091279945
1342158791979237391,negative,0.027289744188104013
1342158792369319939,negative,0.12938306811016503
1342158792566444032,negative,0.0004326831714440807
1342158792583237638,negative,0.00017582172268412865
1342158793115897857,negative,0.10805862784823965
1342158795699613696,negative,5.514194825267546e-06
1342158795741548544,negative,0.12264717914797435
1342158795900858370,negative,0.00230117861691589
1342158795926077448,negative,0.04563917186051498
1342158797092114433,negative,0.03827275827667686
1342158797444411393,negative,3.672259331947703e-06
1342158797939347456,negative,0.0024720972950464286
1342158798203531269,positive,0.9433918244099128
1342158800304758785,negative,0.0003239154728240111
1342158800841793540,negative,0.0598838203698199
1342158800846016514,negative,8.515087045096324e-06
1342158801408036869,negative,0.11935951334984464
1342158801982652418,neutral,0.46127768308170247
1342158805015146498,negative,0.038131450298013285
1342158805019275264,negative,0.2799388645840533
1342158806382485507,negative,2.9603470345231977e-10
1342158809163304964,negative,0.017876698594171916
1342158809268183040,negative,0.005447757490260875
1342158809326751744,negative,0.006374257367724866
1342158810140438528,negative,9.290614402304577e-06
1342158811059154947,negative,0.008802884860654241
1342158813479186433,negative,0.009655167226292012
1342158813571506177,negative,0.024623666153617847
1342158818566959109,negative,0.027289744188104013
1342158821112868875,negative,0.13467339204295112
1342158822601879553,negative,0.009570221728596956
1342158824078102528,negative,0.0002931278702068905
1342158826708070400,positive,0.7180895055593276
1342158827211419648,negative,0.009087159101972653
1342158827597295616,neutral,0.46127768308170247
1342158829828648964,negative,0.0036350756005644295
1342158829920915457,negative,1.3840349897319729e-05
1342158835058962433,neutral,0.5136446707795853
1342158842143113219,negative,0.02498274233008501
1342158842696626177,negative,4.540937017501673e-05
1342158842780651520,negative,0.03827275827667686
1342158844512886785,negative,1.6869121096857853e-05
1342158846307966976,negative,0.0003760802549208535
1342158846442266624,negative,0.027829226260964745
1342158846853341184,negative,0.11924197513035559
1342158847448772609,negative,0.010821739943380863
1342158847935393792,positive,0.999540960699701
1342158851878105088,negative,1.5426322142741816e-06
1342158853006364672,negative,0.04046535098621536
1342158855153852418,positive,0.671295258086685
1342158856093376513,negative,0.018223727094134636
1342158857028698112,negative,0.0034096366070002723
1342158861109608449,positive,0.8561918642595091
1342158863898988546,negative,6.953481580701291e-13
1342158867350904833,positive,0.7627843246566761
1342158867938082819,negative,0.11069576398026598
1342158872874790912,negative,0.0005819333606554976
1342158873491345409,negative,0.005370575131904248
1342158873948532738,negative,0.00010060747256526236
1342158877144576001,negative,0.02049828370112842
1342158877819883521,neutral,0.6323720940364075
1342158879761850370,negative,0.12188388017780136
1342158882379091974,neutral,0.5318834537628724
1342158882735595521,negative,0.2057522141666982
1342158886506098688,negative,0.027289744188104013
1342158886657269763,negative,0.021132438316795718
1342158890385997829,negative,0.0002767795760619306
1342158894383198211,negative,3.930163203580908e-06
1342158894764761090,negative,0.021324888176839953
1342158901266042880,negative,0.022928443659888123
1342158901572218885,negative,0.0007166506180605534
1342158901723209728,negative,0.0012638920586640191
1342158904826998787,negative,0.00045132505137832643
1342158906244608002,negative,0.0016614944210296227
1342158909944041473,negative,0.003871523790484523
1342158910027923457,negative,0.0006683791792955005
1342158912351592454,negative,0.007809040031757991
1342158913987342340,negative,0.003802494215023941
1342158914201276416,negative,0.13470813067887957
1342158914666848256,negative,0.0016984442996489809
1342158915031748608,neutral,0.4525299360032805
1342158916860469248,negative,0.018223727094134636
1342158917728661510,negative,0.0006004748683393548
1342158920547233793,negative,0.07730739556701206
1342158923583926274,negative,0.30305727354273154
1342158926721105922,negative,0.092566265101455
1342158928948252672,negative,0.00010288296327112246
1342158931674722304,negative,0.07608611839523881
1342158932203237377,positive,0.7719242348936064
1342158932324872195,negative,0.02471920914502119
1342158932467478529,negative,0.24396968572718591
1342158934791102465,negative,0.03799144489604533
1342158936640790529,negative,0.06730903907433261
1342158936896581632,neutral,0.49789225920557484
1342158938960240647,negative,0.054327400666022506
1342158939157266433,negative,0.054327400666022506
1342158940516323329,neutral,0.5136446707795853
1342158941036359680,negative,0.09646578667338862
1342158941359382535,negative,0.0007212255536393351
1342158949395664896,negative,0.010645404030554131
1342158949576036353,negative,0.14368393683693018
1342158952172199937,negative,0.009655167226292012
1342158955481600001,negative,0.0031355839657767923
1342158955636805632,negative,0.009655167226292012
1342158958224666636,negative,0.007404965997143347
1342158959814316034,negative,1.7314861331951481e-07
1342158966684573697,negative,0.018223727094134636
1342158973110284290,negative,0.015992510674246986
1342158973122838528,negative,0.02416259920124921
1342158974334984193,negative,1.1639585898813242e-05
1342158974557310984,neutral,0.4232078962494373
1342158976167923720,negative,0.3205746300160878
1342158977052930049,negative,0.003934161853096725
1342158977073885185,positive,0.9377488433023085
1342158978000805888,neutral,0.402708063042279
1342158978181173249,negative,0.01903706542306838
1342158978206355456,negative,0.008255408773844912
1342158979775004675,negative,0.009801277970333255
1342158980525793284,negative,0.027289744188104013
1342158981708578817,negative,0.015565404561229668
1342158981750517760,negative,0.20305138526007055
1342158981826019329,negative,0.010821739943380863
1342158983747018752,positive,0.9845644697550272
1342158984552341505,negative,0.04309523899221751
1342158984690749443,negative,0.0014984180620027016
1342158985986777088,negative,0.02312814423556466
1342158986611712006,negative,0.10992826582026567
1342158986989211648,negative,0.009655167226292012
1342158987341529096,negative,1.0745254335488076e-05
1342158988687908865,negative,0.11439128495666886
1342158990155927558,negative,0.1097617189921027
1342158990336114691,negative,0.027289744188104013
1342158990638260226,negative,0.07739417249433897
1342158990810165251,negative,0.008566861788800222
1342158991326142469,negative,0.24307174074586085
1342158993230159873,negative,0.0006618755121295592
1342158993251323914,negative,0.00403584642845862
1342158993662345216,negative,0.00017319096423876318
1342158993863667714,negative,0.006720905989338632
1342158994379595777,positive,0.9477931060999414
1342158994530594829,neutral,0.4956122598824536
1342158994580844546,negative,0.02062778007778393
1342158994899693573,negative,0.03088476773717236
1342158995025522700,negative,0.021339945379915747
1342158995361050630,negative,2.6551873154995943e-06
1342158997495930885,negative,0.010707567603196803
1342158997869256707,neutral,0.5017543432377519
1342158999236571136,negative,0.005194596826563236
1342158999697973253,negative,0.20740513237370262
1342159001975484416,negative,0.02106975073864809
1342159003967741953,negative,0.07393459354148145
1342159005821534208,negative,0.027289744188104013
1342159005846818816,negative,0.0001112861922563253
1342159005960052738,negative,0.14512222629948365
1342159006354329600,neutral,0.49789225920557484
1342159007717453829,neutral,0.42507619662732005
1342159008170455042,negative,0.005024477676082971
1342159008606674947,neutral,0.4667819144075502
1342159010049486851,negative,0.01613242230301775
1342159010091446273,positive,0.7136479066556355
1342159010724765696,negative,0.07224993279880014
1342159010909270016,negative,3.792379489848801e-05
1342159011190353920,negative,5.18579306984803e-05
1342159012297461760,neutral,0.37231951514265965
1342159014046674948,negative,0.028592778776473208
1342159015174955010,neutral,0.5490292481829452
1342159016005398528,negative,0.004551295411253584
1342159016525524992,negative,0.0032580438964232438
1342159017167216640,negative,0.0011616409229022102
1342159017280327680,negative,0.005605058504731523
1342159017418715136,negative,2.5987155852303245e-05
1342159018312294405,neutral,0.49789225920557484
1342159018916249601,negative,0.17799537651540087
1342159019075657729,negative,0.0001822121869326549
1342159020182937600,negative,0.3096731308522691
1342159021302755331,negative,0.00508283694788516
1342159021374115850,positive,0.784813846344994
1342159021583818752,negative,0.003433871264966067
1342159021860646912,neutral,0.34160481199661297
1342159022179270663,negative,2.6006768194043287e-09
1342159022363975681,neutral,0.49789225920557484
1342159023060213768,negative,0.02021895002381226
1342159024746332161,negative,0.07065657960135219
1342159025492926465,negative,0.007737272138103139
1342159026419859456,negative,0.07109062890878029
1342159026902028288,neutral,0.5030332264438171
1342159028168896512,negative,0.032280374072007866
1342159029527842825,negative,0.0001123780949996407
1342159030672883712,negative,0.0873594882948523
1342159031188811777,negative,0.0004760529356788509
1342159033554235393,negative,0.0001123780949996407
1342159034133192705,negative,6.361963770699102e-07
1342159034334507010,negative,0.027811738775304844
1342159036305838080,negative,7.548841920217413e-06
1342159036804829185,negative,9.403471841050199e-06
1342159037224296448,negative,0.007809040031757991
1342159037291499521,negative,0.22257160015949906
1342159037740314624,negative,0.018223727094134636
1342159038545612802,negative,0.0076793701300136175
1342159039329918976,negative,0.014921409828964609
1342159041649405954,negative,0.009087159101972653
1342159041720705024,negative,0.04156299531044576
1342159043964641280,negative,0.0200049091256754
1342159044140802049,negative,2.9452160915158854e-07
1342159047538171905,negative,0.0005554119381021033
1342159048905523201,negative,1.9264923755409437e-06
1342159052135084032,positive,0.6800588541412664
1342159052806221828,negative,0.0035672640404262918
1342159054022520838,negative,0.00017582172268412865
1342159056006332416,negative,0.07636327074760695
1342159057327706112,negative,1.4268829684011308e-05
1342159060385161216,neutral,0.49789225920557484
1342159066664214530,negative,0.019516927481713298
1342159068178206721,negative,1.9264923755409437e-06
1342159068459372544,negative,0.05528446120294227
1342159069218557952,negative,0.04340021281786559
1342159071491854337,negative,0.003142287567010316
1342159071714152448,negative,0.005194596826563236
1342159081235050497,negative,6.69752150632571e-06
1342159082053099521,negative,0.0008652683737108112
1342159082451570689,negative,0.00011494860127200121
1342159085676933120,negative,0.05684518173921448
1342159086109007873,negative,8.20232647929418e-05
1342159086981406720,negative,0.11924197513035559
1342159087681871872,negative,0.1322574349570599
1342159089996972033,positive,0.6800588541412664
1342159090945060865,positive,0.784813846344994
1342159091918135298,neutral,0.5523157169990671
1342159093641801730,neutral,0.49789225920557484
1342159094480777225,negative,0.00012919953254284541
1342159094694744071,positive,0.7983934764917716
1342159095286128649,negative,0.0021116303739656416
1342159095797841923,negative,0.02049828370112842
1342159098100518913,negative,0.008274651204536592
1342159099342057475,negative,0.09132580270280348
1342159100046692356,negative,9.304574590770205e-06
1342159103163039754,negative,0.009087159101972653
1342159107218931713,negative,0.027289744188104013
1342159107529318401,negative,0.027289744188104013
1342159108187762689,negative,0.005707174853277972
1342159111295819785,neutral,0.5812195372391739
1342159112185012226,negative,1.9264923755409437e-06
1342159114961616899,negative,8.681071675026606e-05
1342159116622385152,negative,0.009655167226292012
1342159118870654979,negative,0.027289744188104013
1342159118937673729,negative,0.009655167226292012
1342159118962982912,negative,0.00022949559299155462
1342159119097200645,negative,0.0006861789622396302
1342159119176896514,negative,0.2906278741030604
1342159123111096320,negative,0.00010368687529425213
1342159123941568512,negative,0.018223727094134636
1342159125397041153,negative,7.525359193502603e-05
1342159126437232640,negative,0.09646578667338862
1342159128345649160,negative,0.05352475611900498
1342159128421158912,negative,0.05352475611900498
1342159133827543042,negative,0.0030055605942955724
1342159137791234048,negative,0.04275548090686738
1342159138474909698,negative,0.1335594739152978
1342159139666096129,negative,4.301094882263365e-10
1342159142568517633,negative,0.059371854367166486
1342159144611098626,negative,0.0009719968613302451
1342159145299030018,negative,0.027289744188104013
1342159149073920004,negative,0.08849864420292042
1342159150852222977,negative,0.0022898261716901578
1342159151192027136,negative,0.00017582172268412865
1342159151410126848,neutral,0.49789225920557484
1342159153247219712,negative,0.00021909519392193167
1342159153561808898,negative,0.11924197513035559
1342159154073501700,negative,0.2611621137273265
1342159155507900418,negative,0.1322574349570599
1342159156548141062,negative,0.009655167226292012
1342159157579943936,negative,0.2685711445694575
1342159158133592064,negative,0.2573672801927427
1342159158292873219,negative,0.09578810644155773
1342159160880857093,positive,0.8253714345432658
1342159161262534656,negative,0.0014049083005648528
1342159161543548928,negative,0.054327400666022506
1342159161698775041,negative,0.0003369513790221728
1342159162877292552,negative,0.08437613153631827
1342159163258855424,negative,4.540937017501673e-05
1342159165029048323,negative,0.005605058504731523
1342159165720915970,negative,0.0991654945521101
1342159165729492992,negative,3.339586700261228e-06
1342159166601895940,negative,0.011538404096376137
1342159167004561410,negative,0.018223727094134636
1342159167105204225,negative,8.515087045096324e-06
1342159167256199168,neutral,0.5599543648623325
1342159170322255874,negative,9.244861717688193e-07
1342159170573885441,negative,0.11942552591713117
1342159171408584704,negative,2.951426186500632e-06
1342159171463106560,negative,0.0017811576532275118
1342159171731345409,negative,0.04586691580839149
1342159174680064003,negative,4.590105556525746e-05
1342159174969389056,negative,0.054327400666022506
1342159175376318465,negative,0.014385947766844315
1342159175414149121,negative,0.0023346299870860543
1342159175439286273,positive,0.6800588541412664
1342159176705994752,negative,0.009087159101972653
1342159177490325504,neutral,0.5017543432377519
1342159178203279361,negative,0.04431263158694897
1342159178412994560,negative,0.014849538568656992
1342159179738476546,negative,0.057100421758971884
1342159181466521602,negative,0.10111094768868999
1342159181760106499,negative,0.008285294134682705
1342159182376656898,negative,0.010821739943380863
1342159182615744513,negative,0.0011425773867779268
1342159183177768961,negative,0.23094543958419494
1342159184427671552,negative,0.02312814423556466
1342159186881351684,negative,0.0636617282358241
1342159187133005826,negative,0.004780867792383736
1342159190412898306,neutral,0.35406165007076357
1342159190538792963,negative,0.014278613073705593
1342159190543003649,negative,0.058953509185247416
1342159191256010752,negative,0.14609850283191778
1342159192052928518,negative,1.8863799210769072e-06
1342159192602398721,negative,0.011279201287138853
1342159194246565893,negative,0.00044286331715456817
1342159194678550538,negative,0.01901656117934125
1342159194707931145,negative,0.0015599664486062104
1342159195685076997,negative,0.15237137935820858
1342159195903242240,negative,0.011490537435018785
1342159200009547776,negative,0.0017188228845157443
1342159200403795970,negative,0.004300878492222307
1342159200940683268,negative,0.006248314451104854
1342159202874257408,positive,0.9996679469659898
1342159204895911940,negative,0.01018172761333813
1342159205055123456,negative,0.0010427729243528215
1342159205541810177,negative,3.977265850725536e-06
1342159205659254785,neutral,0.4232078962494373
1342159205885734914,negative,0.014385947766844315
1342159207349436417,negative,0.014921409828964609
1342159207710261248,neutral,0.35341083541347074
1342159207844302848,negative,1.1799024330240125e-06
1342159208993730560,negative,0.02917205407202158
1342159209991987200,negative,0.08005452430519058
1342159210113544192,negative,0.15237137935820858
1342159212147859459,negative,0.002963865517521429
1342159212416262146,positive,0.7562294251655404
1342159214429548547,negative,0.002745298738113449
1342159215260004353,negative,6.055534859967172e-10
1342159215549419522,negative,0.01876056799868221
1342159215805272064,positive,0.9527121972217604
1342159217420099590,negative,0.0319206093468433
1342159217793376262,negative,0.02312814423556466
1342159217935986691,negative,1.6734281074416479e-10
1342159218028277762,negative,0.001095849295524466
1342159218187628549,negative,0.0010427729243528215
1342159218191851521,negative,6.17938220872769e-05
1342159218544058368,negative,0.006720905989338632
1342159218686746624,neutral,0.3845709177442849
1342159219756310530,negative,0.014205827926210534
1342159219970220035,negative,0.005605058504731523
1342159219991183361,neutral,0.47878153849390703
1342159220972646411,negative,0.02312814423556466
1342159221589213188,negative,0.0049154831507498805
1342159224139354112,negative,0.2681301851464377
1342159224248348672,negative,0.27538537887707226
1342159224311320576,negative,0.001428501386436703
1342159224487305216,negative,0.054327400666022506
1342159225372483596,negative,0.15237137935820858
1342159225804480514,negative,0.00044286331715456817
1342159226353942528,negative,0.009655167226292012
1342159226920194049,negative,0.01090715993487572
1342159227016527873,negative,0.0016984442996489809
1342159227259920388,negative,0.005058963611082928
1342159229050900480,negative,1.1244103918924224e-05
1342159231466823682,neutral,0.5493041900775053
1342159232305651712,negative,0.005447757490260875
1342159232406315008,negative,0.19959258468044586
1342159232519569409,negative,0.1939751723184478
1342159232578113537,negative,0.00044286331715456817
1342159232762851330,negative,0.011596964255212673
1342159233194872835,negative,0.16532172419126437
1342159234256019456,neutral,0.49789225920557484
1342159235027771392,negative,0.0017154257532718843
1342159235128422401,negative,0.02312814423556466
1342159236235722754,negative,0.00044286331715456817
1342159237527568389,negative,0.07224993279880014
1342159237808459776,negative,0.11142285245381837
1342159237871448073,positive,0.8564908984687217
1342159240614576130,negative,0.0002766296331445566
1342159241256333313,negative,0.0319206093468433
1342159241763840002,negative,0.08587644147191589
1342159242183266309,negative,0.020009410729543813
1342159242644627457,negative,0.2887469542819075
1342159243315720194,negative,0.04431263158694897
1342159244750163974,negative,0.3031203259593152
1342159245517742081,negative,0.24307174074586085
1342159245920395264,neutral,0.3593672214136314
1342159250181668865,negative,0.2906278741030604
1342159251192602624,negative,0.11924197513035559
1342159251440074755,negative,0.01563543576172292
1342159252656414720,negative,0.09100732135701761
1342159253625298945,negative,0.15237137935820858
1342159253923102721,negative,1.1972069539799134e-07
1342159254329974785,negative,0.1218038478768707
1342159254476697601,negative,0.0010427729243528215
1342159254589820928,negative,7.06222890022084e-05
1342159255252688899,negative,0.04431263158694897
1342159255579881475,negative,0.11935951334984464
1342159255839911939,negative,0.012768292539700597
1342159255856685058,negative,0.009982462995524414
1342159257140137985,negative,0.21047953907773329
1342159257693810690,negative,0.0069571137892871044
1342159261049221120,negative,0.0011840348774856682
1342159263855206407,negative,0.00044286331715456817
1342159264547270660,negative,2.2911416815755847e-07
1342159266032058371,negative,0.0991654945521101
1342159266124341249,negative,0.0006650719245344379
1342159272159956992,negative,0.31893605343032144
1342159274009628672,negative,5.643567653826576e-05
1342159275062415362,negative,0.04431263158694897
1342159275871920130,negative,0.018319045510682603
1342159277591584768,negative,0.000989730053725758
1342159278061322241,neutral,0.5533970533999424
1342159278757568519,negative,0.056826914281458106
1342159279499988992,negative,0.010821739943380863
1342159280095551491,negative,5.2103191405607935e-05
1342159280233963522,negative,0.0003357913347141267
1342159280343052288,negative,3.641750912058156e-08
1342159282838626305,negative,0.0011314562478843845
1342159284986138625,negative,0.0003002012160403167
1342159289432088576,negative,0.054327400666022506
1342159292426813441,negative,0.17216597164084138
1342159296142823424,negative,6.158009554539468e-05
1342159296491102222,negative,0.04431263158694897
1342159297258647552,negative,0.05531069600700526
1342159297636134917,negative,0.00032825620916376673
1342159298445496320,negative,0.0012802493548384288
1342159298961567747,negative,1.1634809373775072e-05
1342159300018507777,negative,7.144243415707891e-06
1342159300052054016,neutral,0.49789225920557484
1342159301520060418,neutral,0.5533970533999424
1342159301620748296,negative,6.653896397600847e-10
1342159303495581696,negative,0.2676438359255341
1342159304665812993,negative,7.219399210988782e-05
1342159304976027648,positive,0.687728317038583
1342159306465161219,negative,0.1239235556525478
1342159315088642048,negative,0.03827275827667686
1342159316338540546,negative,0.010222370396720212
1342159318557327361,negative,0.03387767875350326
1342159321459789826,negative,0.03389676136479784
1342159321824718849,negative,2.7470323887338634e-08
1342159324144140288,negative,0.20143555609808125
1342159324244799497,neutral,0.6300169058322885
1342159326048382977,negative,0.030533180741017373
1342159331484180480,negative,0.00017582172268412865
1342159332750843908,neutral,0.4525299360032805
1342159333023485952,neutral,0.45934747459404834
1342159334948675586,negative,7.219399210988782e-05
1342159336756436995,neutral,0.4718552576440512
1342159336961785856,negative,0.012487335807890914
1342159337343627264,negative,0.20828494091279945
1342159338358636546,positive,0.9964728648357923
1342159345807724545,negative,0.004678115201973551
1342159346176765952,negative,0.014046218899557936
1342159347078615048,negative,2.3880519515825262e-05
1342159347837755392,neutral,0.42755866745518784
1342159350996021250,negative,0.0026138889009924694
1342159351092543490,negative,0.11842947483817863
1342159351348396032,negative,0.04668869569348924
1342159351415529473,negative,0.005363906578824478
1342159351608295431,negative,0.0005608191748390615
1342159351641862145,negative,5.235032021503382e-05
1342159351696355328,negative,0.07319122288437335
1342159351738474496,negative,0.00046220154506071686
1342159351738494976,negative,3.839032670047491e-09
1342159351767773185,negative,0.17049253340523368
1342159351859957762,negative,0.005861664497078244
1342159351864299521,negative,0.18603610800603504
1342159353982418944,negative,0.0001330258181956958
1342159354070495232,negative,9.903004504055813e-06
1342159354347319296,negative,0.001042820755173689
1342159356251529216,negative,0.008250676889162116
1342159357891502081,negative,0.0007929404103188511
1342159358151561222,negative,0.017074146905031496
1342159359619567617,negative,0.0014008181202228532
1342159360471011328,negative,0.012487335807890914
1342159361267920896,negative,0.013455642543693743
1342159362165506051,negative,0.18729341844981762
1342159362354270209,negative,7.266009469157855e-08
1342159362970820618,negative,0.17021156908682444
1342159363331387392,negative,0.012487335807890914
1342159364212338688,negative,0.0003082441436803875
1342159364812115968,negative,0.0069571137892871044
1342159365696966656,negative,0.003143169198185815
1342159365785210880,negative,0.010821739943380863
1342159367051878403,negative,0.0002520662805108744
1342159367290966016,negative,7.675978419244984e-06
1342159367995592710,negative,8.842845404221881e-05
1342159368264024064,negative,0.08437613153631827
1342159368666705921,neutral,0.5971841051126603
1342159369434247168,neutral,0.4498381379849186
1342159369694273536,negative,0.0022558990971385325
1342159370499608576,negative,0.009087159101972653
1342159371107708932,negative,0.04431263158694897
1342159371489452035,negative,6.783068196280381e-05
1342159372143767553,negative,0.27538537887707226
1342159372286369794,negative,0.26076950668447035
1342159372361867266,negative,0.04253273512078862
1342159373267775494,negative,3.792379489848801e-05
1342159373569839107,positive,0.8616888071347385
1342159374853275653,negative,0.027289744188104013
1342159375415259136,negative,0.057100421758971884
1342159376149340160,negative,0.04847217685258637
1342159376396775426,negative,4.1187969343919176e-05
1342159376774139907,negative,0.006853540525886101
1342159376866553858,negative,0.007753191911013551
1342159378967891969,negative,0.0069571137892871044
1342159379173416960,negative,0.0021116303739656416
1342159379869655041,negative,0.04668869569348924
1342159380603658243,neutral,0.41586215357543554
1342159380716908545,negative,0.0026954094125903453
1342159380746219521,negative,0.04505481050316802
1342159380951818242,negative,0.0006253026221166927
1342159383904583686,negative,0.00038777027055684983
1342159384290455554,negative,1.6734281074416479e-10
1342159384651169796,negative,0.07375289073441772
1342159384697253888,negative,0.08396144672075262
1342159384735047680,negative,0.0034706007257613906
1342159386341384194,negative,0.014883674790615977
1342159388161806337,negative,0.052840649548010155
1342159388727980032,negative,0.0008968328720964535
1342159389554311176,negative,0.054327400666022506
1342159390028275724,negative,0.0006880434944044069
1342159390443507714,negative,0.018223727094134636
1342159392163024896,negative,0.14609850283191778
1342159392276414468,negative,0.009087159101972653
1342159393102700545,negative,0.000126766967628531
1342159394792992771,negative,0.1683658461115589
1342159395090620417,negative,0.0066559157132746365
1342159395405361154,negative,0.00662724266635637
1342159395749326848,negative,0.01569015059248505
1342159395858362368,negative,0.057100421758971884
1342159395900321795,neutral,0.46127768308170247
1342159396378390533,negative,9.181187868323489e-06
1342159396672073728,negative,2.3047668923773097e-06
1342159396865007616,negative,0.013566272922048872
1342159396995031042,negative,0.05404119872205481
1342159397242494976,negative,0.09302077423779032
1342159397758316548,negative,0.010175719437371873
1342159398047805440,negative,0.161587773396157
1342159400174235649,negative,0.30396949356940606
1342159400388063234,negative,0.07524921278382458
1342159400870416385,negative,0.13538141699080994
1342159400937656321,negative,0.2353750561266113
1342159401772343298,negative,0.18459858958932926
1342159402065940482,negative,0.14979215823549333
1342159402741202945,negative,0.014932438218695797
1342159403026415616,neutral,0.49789225920557484
1342159404091777027,negative,0.0010966534675369323
1342159405371060228,negative,0.09182517808455813
1342159405480030210,negative,0.009087159101972653
1342159406578982912,negative,0.09615409530206095
1342159408588066818,negative,0.03869574886038394
1342159409762414597,negative,0.009655167226292012
1342159409817014274,negative,8.797374957825448e-05
1342159409842167814,negative,0.03869574886038394
1342159409883930627,negative,0.0031979738704608785
1342159410244812808,positive,0.6800588541412664
1342159410479714306,negative,0.03754335522488637
1342159411092008964,negative,0.008002740267951025
1342159411515691010,neutral,0.3448789537043245
1342159411637325824,negative,0.07608611839523881
1342159412790747143,negative,0.00021451616228102072
1342159413021450240,negative,0.007956357788325407
1342159413763842048,negative,0.020903345761239343
1342159413856100352,negative,0.002745298738113449
1342159414132957185,negative,0.06356053740885668
1342159414275534848,negative,0.04431263158694897
1342159416821506048,negative,0.00044286331715456817
1342159416863436801,positive,0.9966815111517452
1342159417064660992,negative,0.0015019426009704102
1342159418255925250,negative,0.14753306846464215
1342159418495029248,negative,0.03639614060582062
1342159419019292673,negative,0.067343414128582
1342159419044466690,negative,0.004555829507408022
1342159419723948034,negative,0.30305727354273154
1342159421640749056,negative,0.09857962661172985
1342159421661700097,negative,0.001950466576141448
1342159421753974784,negative,7.8964593116111e-10
1342159421791735808,negative,0.00023305029078179225
1342159421837893632,negative,0.002687799118432544
1342159421984681985,negative,0.174930820717099
1342159422483783685,negative,5.702152232251858e-07
1342159422597029888,negative,0.054327400666022506
1342159423041626115,negative,0.13997518181407745
1342159425155555328,negative,0.00018339538458634776
1342159425805705216,negative,0.022964716368658107
1342159425960878082,negative,0.0001569164978646672
1342159426158026752,negative,0.004345652525789249
1342159426397085698,negative,0.18795859623648656
1342159427101712387,negative,0.0005970082385142122
1342159427336597504,negative,0.06888594559742205
1342159429077245956,negative,0.23828670159332016
1342159429148553225,negative,0.014188834142198375
1342159429534302208,negative,0.11924197513035559
1342159430457184256,negative,0.005447757490260875
1342159430763376643,negative,4.77677684966755e-07
1342159432038424580,negative,4.111572691703163e-11
1342159432042602498,negative,0.03295447596256418
1342159432327823361,negative,1.4792820418910932e-09
1342159434106236933,negative,2.2594869147238843e-08
1342159434827636740,negative,0.3250254590579512
1342159434928238596,negative,0.003983690503770904
1342159435305807873,negative,0.0034626417605143813
1342159437230837761,negative,0.00044286331715456817
1342159438153736199,negative,0.03827275827667686
1342159438875144194,negative,0.26076950668447035
1342159438929543168,neutral,0.5117230294133115
1342159439978086400,negative,0.0021116303739656416
1342159441995550722,negative,0.0069571137892871044
1342159442754887680,negative,0.017251395403806043
1342159444537389056,negative,0.09238300607273627
1342159445653073920,negative,0.015329905953329611
1342159445674119168,negative,0.02312814423556466
1342159447121158145,negative,4.9822626489140965e-06
1342159447444119552,negative,3.3617883733293325e-05
1342159447729192962,negative,0.0818405132721063
1342159450107424768,negative,0.021832781444602187
1342159450120081408,negative,0.21047953907773329
1342159452015894535,negative,0.0003460615196027303
1342159452066238473,negative,0.0021116303739656416
1342159456239579143,negative,8.790762549192843e-05
1342159457183281152,negative,0.018223727094134636
1342159462547804161,negative,2.846777213392073e-06
1342159464057737217,negative,0.0003082441436803875
1342159464116453377,negative,0.2020779095980671
1342159466251366401,neutral,0.33235607342675755
1342159469384445955,negative,0.016464699376844857
1342159471028670464,neutral,0.4525299360032805
1342159472366669829,positive,0.6824837810859113
1342159472890949636,negative,0.004048582271772707
1342159477919907843,negative,0.012487335807890914
1342159479446642689,positive,0.9966815111517452
1342159480109326344,negative,0.00017582172268412865
1342159481514250240,negative,0.013016721627495122
1342159482747383808,negative,0.00044286331715456817
1342159483422855175,negative,0.006578423450337382
1342159484614025219,neutral,0.5533970533999424
1342159485452877827,negative,0.005370575131904248
1342159485641625602,neutral,0.4292432427314265
1342159487872999428,neutral,0.5533970533999424
1342159488397307905,negative,0.05106637002907062
1342159489273884676,negative,0.15829556897123195
1342159492075683843,negative,0.054327400666022506
1342159494118313991,negative,1.9582478250464055e-05
1342159494932004869,negative,0.0035935401390862504
1342159496832053255,neutral,0.6231307774375631
1342159497226293251,negative,0.003566906859200871
1342159498111311873,positive,0.7537644066716681
1342159498564272128,neutral,0.34328375075981155
1342159499302481920,neutral,0.33456245161920783
1342159500761911296,negative,0.0012802493548384288
1342159500770488320,negative,0.035572993044047235
1342159501504475137,negative,0.010821739943380863
1342159503979118592,negative,6.723834146295376e-07
1342159507678515205,negative,0.17023797571296492
1342159507955314690,negative,3.467133346475028e-05
1342159509188390917,negative,0.07192298659144568
1342159511314841600,positive,0.9546487893860741
1342159512288026624,negative,0.0011975203132347347
1342159513592455171,negative,0.0012223919502367684
1342159514066411522,negative,0.04153118543945825
1342159514422964225,negative,0.010821739943380863
1342159515580571652,negative,0.031825527455829096
1342159515706216448,negative,0.005376420794386277
1342159515752558597,negative,0.10850792594965541
1342159517602246656,negative,0.06296560255042884
1342159519581958147,negative,0.04505481050316802
1342159519720333312,negative,0.3159963053968242
1342159520106229760,negative,0.16065176599954598
1342159521465200640,negative,0.0003082441436803875
1342159521981075458,negative,0.0026845076887256195
1342159523482644481,negative,0.007809040031757991
1342159523918868484,negative,0.0179856746421195
1342159526351536130,negative,0.2906278741030604
1342159526607380481,negative,0.00044286331715456817
1342159527374778368,negative,4.169368448630109e-05
1342159528515825664,negative,0.00044286331715456817
1342159529954451460,negative,0.0013529815782286159
1342159530210316293,negative,4.301094882263365e-10
1342159530763939840,negative,0.07754989243267192
1342159532554903563,neutral,0.3318228626708164
1342159532626227200,neutral,0.45239125500726945
1342159534240874497,negative,0.23432434876951558
1342159535037931521,negative,0.08005452430519058
1342159535096655878,neutral,0.49789225920557484
1342159536229126144,negative,0.02050219789603228
1342159537160286209,negative,0.034168297047262965
1342159537999110150,negative,0.10690224865480302
1342159544517074947,negative,0.08862686372740249
1342159548707172353,negative,0.006797975519489219
1342159555254493186,neutral,0.4525299360032805
1342159555891929088,negative,0.17924444010584145
1342159563852804097,negative,1.0404045096286015e-07
1342159566117564417,negative,0.0001123780949996407
1342159568680448000,negative,0.0025942853926589973
1342159568961490944,negative,0.005194596826563236
1342159569842302976,negative,0.0018861987656713032
1342159570538553345,negative,0.24704661722706553
1342159571964620808,negative,0.08135425352654199
1342159573113831424,negative,0.005363906578824478
1342159573298376705,negative,0.003802494215023941
1342159573516496896,negative,2.1575989235632336e-05
1342159573910740992,negative,0.13036130171474938
1342159574254682113,negative,0.09588371451962191
1342159576020488193,negative,0.32499849692652555
1342159576532209664,negative,0.20828494091279945
1342159576616067072,negative,0.047485069764250466
1342159576653725696,negative,2.7037881419198425e-06
1342159576767098880,negative,0.0005664064703026523
1342159577329115136,negative,0.0016984442996489809
1342159580239962114,negative,0.11092043370619192
1342159581032681482,negative,0.01688317203398678
1342159581531807745,negative,0.011490537435018785
1342159582030921728,negative,0.014921409828964609
1342159582660075522,negative,0.057100421758971884
1342159582844645378,negative,6.346871249753284e-06
1342159584291663874,negative,0.3024154418601797
1342159584543301640,negative,0.30109049170032803
1342159584568422400,negative,0.3019063280225263
1342159584920817664,neutral,0.3593672214136314
1342159585109540864,negative,0.010064909227752364
1342159585159897089,neutral,0.3734886429250822
1342159585289924608,negative,0.10189721805660573
1342159585289924610,negative,0.00023359436478258587
1342159585738698752,negative,0.05528446120294227
1342159586099220480,negative,3.0654597488645394e-05
1342159587118608384,negative,1.6734281074416479e-10
1342159587315765255,negative,0.0005513534658065328
1342159589282820101,negative,0.054327400666022506
1342159590117412864,negative,0.026442697229933358
1342159590927036418,negative,0.27538537887707226
1342159590935281672,negative,0.005605058504731523
1342159591447142400,negative,0.26026551085877025
1342159593825325058,neutral,0.33727600713706035
1342159593850417153,negative,0.015565404561229668
1342159594278281216,negative,0.000926176144856527
1342159594718715904,negative,0.0005392252692234549
1342159595419168773,negative,0.057100421758971884
1342159595536588800,negative,0.05031669058294849
1342159595809157126,negative,0.053198443624485364
1342159596237025282,negative,0.0069571137892871044
1342159596950073344,negative,0.15335434241404183
1342159597046542337,negative,0.0003196562634100438
1342159597377904642,negative,0.0001123780949996407
1342159597516288000,neutral,0.37304754069680607
1342159597843476482,negative,0.0001068449068024452
1342159598480928769,negative,0.021769794054273758
1342159598954958850,negative,0.001232207367976045
1342159599521116166,negative,0.007110213541959295
1342159601316360194,negative,0.00012999382588466934
1342159602000003078,negative,0.016218976321130958
1342159602364911619,negative,0.11853669654350375
1342159603874742273,negative,0.00040543436689333096
1342159604323651584,negative,7.782913552220684e-08
1342159604336230402,negative,0.00017582172268412865
1342159605523238914,negative,0.10399749790526254
1342159605808451584,negative,0.15368656709444975
1342159606198501376,neutral,0.5872208206006342
1342159607859392514,positive,0.7920315160745465
1342159607964303360,negative,0.12335450017263473
1342159608027213825,negative,0.04431263158694897
1342159608060796928,neutral,0.42507619662732005
1342159608455061506,negative,0.010725939129382338
1342159609398747136,negative,0.053827132805970485
1342159609965010944,neutral,0.4525299360032805
1342159610145288195,negative,0.3127162463698687
1342159610476711938,negative,0.00024858580507119125
1342159610795454466,neutral,0.4386576761986664
1342159611672059907,negative,0.062404298674854156
1342159611953033217,negative,0.035699977015217
1342159613660176389,negative,0.002687799118432544
1342159614268334080,negative,0.011538404096376137
1342159614973014016,negative,0.00015712370905000535
1342159615815925762,negative,4.5476524118176425e-06
1342159618227777536,negative,0.0006267908882683471
1342159618752045057,positive,0.9886393883365743
1342159619406385152,negative,0.17799537651540087
1342159620161363975,negative,1.1083700934621739e-10
1342159621323034629,neutral,0.6209480565025091
1342159622858272769,negative,0.21047953907773329
1342159622925377537,neutral,0.5533970533999424
1342159623042830336,neutral,0.5533970533999424
1342159623227383814,negative,0.00021150508835675644
1342159624422748163,positive,0.858691241004321
1342159624913371136,negative,0.0004760529356788509
1342159624963702784,negative,0.027289744188104013
1342159625181913089,negative,0.16531093470814875
1342159627551727617,negative,0.005605058504731523
1342159627702718467,negative,4.301094882263365e-10
1342159627874611206,negative,0.009655167226292012
1342159634967228416,negative,0.0005664064703026523
1342159635227283460,negative,0.00044286331715456817
1342159636519124993,negative,0.018325045223091616
1342159637504790533,negative,0.31297259541654526
1342159641929777153,positive,0.6800588541412664
1342159642336645121,negative,0.04431263158694897
1342159643452305408,negative,0.20828494091279945
1342159643519442948,negative,0.06106744169493714
1342159644924538880,negative,0.0033275134129681725
1342159644970659843,neutral,0.4894886660404289
1342159652927266823,negative,0.07806801122895966
1342159653854191618,negative,0.21146341734183727
1342159654059556864,negative,0.008802884860654241
1342159654781116420,negative,0.0002572382328677995
1342159661022277634,negative,0.021210273831812183
1342159665468076032,negative,0.009655167226292012
1342159666084802565,negative,0.012487335807890914
1342159668617998337,negative,0.06596791784009347
1342159674917801984,negative,4.540937017501673e-05
1342159674947284994,negative,0.011861307093797784
1342159682002186240,negative,0.00045653278492249663
1342159682090258432,negative,0.3129496104729462
1342159682304172033,negative,0.0836382779507393
1342159687408615427,negative,0.00037083416042312634
1342159688083898368,negative,0.024526875053546292
1342159688364937216,negative,0.00032337857034365087
1342159690533318659,negative,0.0021116303739656416
1342159690868924420,negative,0.00017582172268412865
1342159691812659200,negative,0.027289744188104013
1342159692655681537,negative,0.2819411170673034
1342159692869595143,negative,0.0617108171165322
1342159694530551808,negative,0.009087159101972653
1342159695885307905,positive,0.8821054887525334
1342159696489312258,negative,0.03845309961145903
1342159696661262336,negative,0.00017582172268412865
1342159697449771010,neutral,0.35420098819589896
1342159697533657096,negative,0.0001123780949996407
1342159698200584192,negative,1.0357202600564954e-12
1342159698238312449,negative,0.06408176693300573
1342159699186044928,negative,0.0007576648602023971
1342159699379105793,negative,4.532385578858989e-12
1342159702629769217,negative,2.5218502600241324e-10
1342159703934181376,neutral,0.3593672214136314
1342159704831754241,negative,0.23912753454996663
1342159712826109952,negative,0.006930858535160522
1342159715044904961,negative,2.610867658103378e-05
1342159715682430982,negative,0.03965214183758163
1342159718446469128,negative,0.04601732776703769
1342159720132521984,negative,0.04431263158694897
1342159723295027200,negative,1.797849411738036e-05
1342159724515454977,negative,0.0007212255536393351
1342159725530673153,negative,0.014385947766844315
1342159727300640768,negative,0.001513512692132489
1342159730148597762,negative,0.3020135550609068
1342159731981475840,negative,1.6514943233404926e-08
1342159735399862273,negative,0.0021116303739656416
1342159735810875393,negative,0.00024020221895686614
1342159735823466497,negative,0.00044286331715456817
1342159736305831937,negative,0.027289744188104013
1342159738331660291,negative,0.07114992654986513
1342159739694833664,neutral,0.48728019602140255
1342159742429327361,negative,0.009655167226292012
1342159746674143232,negative,0.015817132543893747
1342159749152993289,neutral,0.49789225920557484
1342159750558076928,negative,0.009087159101972653
1342159755415007233,neutral,0.5120003042133731
1342159761022869513,negative,0.00016036712028058784
1342159762440372224,negative,0.0001123780949996407
1342159763040296966,negative,0.14870227111570603
1342159763262627842,neutral,0.49789225920557484
1342159765527412737,negative,0.0005545461067886342
1342159765544312838,negative,0.005004171349972401
1342159766349611011,negative,0.00023060903524237402
1342159769285632000,negative,0.0019498944401086027
1342159769595875328,neutral,0.4705026239168581
1342159770686521351,negative,1.1799024330240125e-06
1342159770715877376,negative,0.14283590895441953
1342159773257494528,negative,4.169368448630109e-05
1342159775736459270,negative,1.80687563918668e-05
1342159776172699649,negative,0.07730739556701206
1342159777732775936,negative,0.003566906859200871
1342159781998567424,negative,0.23227527760590008
1342159784301223938,negative,2.8786061859659883e-06
1342159785643429888,neutral,0.6242094968955547
1342159788101263362,negative,0.00029240313758230373
1342159790756274180,negative,0.01861605233581158
1342159790852730888,neutral,0.340968632410737
1342159791418978305,negative,4.540937017501673e-05
1342159791620300803,neutral,0.4718552576440512
1342159791624482816,negative,0.01760290812637254
1342159792111026177,negative,0.0003998466404645706
1342159792127795200,negative,3.963090601283089e-06
1342159792551456769,negative,0.13247898036884737
1342159795219009541,negative,0.14192462298777708
1342159795621666816,negative,0.000788869155350228
1342159795843977216,negative,0.06608157332606442
1342159796208852994,negative,0.0017154257532718843
1342159796842209280,negative,0.017286836009129967
1342159796963782664,negative,0.000725745494711989
1342159797068693504,neutral,0.36728291019967485
1342159797223911427,negative,0.0009009105171466923
1342159797345542146,negative,0.00031284106238320397
1342159800025673731,negative,3.223977599496694e-05
1342159802051547136,negative,0.2789982976546408
1342159803091537922,negative,0.003566906859200871
1342159804081577986,neutral,0.3473101901087073
1342159805935452164,positive,0.6994654929385462
1342159806732378112,negative,0.00017582172268412865
1342159807457931265,negative,0.05352475611900498
1342159807621427200,positive,0.7710455114537104
1342159809295085568,negative,5.229890216608138e-06
1342159809685155841,negative,0.021958310559162898
1342159812222705664,negative,0.015773583174067275
1342159812465995776,negative,0.014275551416172861
1342159813237739523,negative,0.02643079020416874
1342159813376020481,negative,6.9767093205813056e-06
1342159815347482625,negative,0.056206378177116864
1342159816995856384,negative,1.0483679294059857e-06
1342159820560990208,negative,0.13839452489181506
1342159824709165056,negative,1.9452893164243928e-07
1342159827745845250,negative,0.022555295659749775
1342159828811198470,negative,0.20055267712248584
1342159829272559617,negative,0.0016984442996489809
1342159833248768005,negative,2.9192382807696873e-06
1342159833450115075,neutral,0.49789225920557484
1342159833777098752,negative,0.0013543373815506014
1342159834033090560,negative,0.0003957887343451286
1342159836075712514,negative,1.7161990852840349e-07
1342159838738976771,negative,0.06888594559742205
1342159840077099011,negative,0.00015393465034085262
1342159840521687042,negative,0.0016984442996489809
1342159841264078849,negative,0.31297259541654526
1342159841679163393,negative,0.08135425352654199
1342159844942499841,negative,1.2103012238404183e-05
1342159845399654401,negative,0.28232432848785327
1342159845500334080,negative,0.0007895898913987374
1342159848620896256,negative,0.0007666305035271097
1342159849463951360,negative,0.30829643170701443
1342159861652586496,negative,4.609585397005764e-06
1342159862378221575,negative,6.31863604192488e-19
1342159865632976898,negative,0.016464699376844857
1342159865876197379,negative,0.054327400666022506
1342159865989505035,negative,0.06810498982857156
1342159871173681152,negative,0.004504962091880502
1342159871643439104,negative,0.054327400666022506
1342159872117399555,negative,0.17382433734530295
1342159873660903424,negative,0.08663240066919725
1342159873954308098,negative,0.14818555587331625
1342159875477037057,negative,0.0007212255536393351
1342159876076810241,neutral,0.49789225920557484
1342159878127841280,negative,0.034168297047262965
1342159883903365126,negative,0.0010765366125620335
1342159884637401088,negative,0.018907643934056858
1342159887304970241,neutral,0.49789225920557484
1342159888366137351,negative,0.055513831180776255
1342159888403886080,negative,0.00230117861691589
1342159888445673479,negative,0.0016984442996489809
1342159888668127233,negative,0.28232432848785327
1342159889112723457,negative,8.886435343071386e-06
1342159891105009664,neutral,0.46127768308170247
1342159892124233730,negative,0.027289744188104013
1342159895483842563,negative,0.13997518181407745
1342159895680995328,neutral,0.4525299360032805
1342159896477896704,negative,0.010388724588097965
1342159896821678080,negative,0.04275548090686738
1342159900563017730,negative,0.010340014352618231
1342159902270251008,negative,0.05352475611900498
1342159904518369282,negative,0.2634222180406689
1342159905524879361,negative,0.03909746360501934
1342159905994764290,negative,7.43240463099487e-05
1342159906342920193,negative,1.0264788409673657e-13
1342159908012253186,negative,1.4856402402597195e-05
1342159908641366017,positive,0.9278936719089798
1342159909463404545,negative,8.977184211959622e-05
1342159911623536641,neutral,0.35341083541347074
1342159911858397185,negative,0.04505481050316802
1342159912684691457,negative,0.04065099791848332
1342159912894418946,negative,2.9323728478094176e-05
1342159913435488256,neutral,0.5533970533999424
1342159913527746568,negative,0.0006004748683393548
1342159913536126976,negative,0.002745298738113449
1342159914735599616,negative,1.404321785025532e-05
1342159916144979974,negative,0.00016036712028058784
1342159917143240707,negative,0.0005271496179503533
1342159917717704705,negative,0.0005819333606554976
1342159918497992706,negative,0.28963392521496933
1342159918699307014,negative,0.009655167226292012
1342159918812569605,negative,0.3205746300160878
1342159921614381056,negative,0.2611621137273265
1342159921685651464,negative,2.8786061859659883e-06
1342159922423885824,negative,0.015370014195539999
1342159922746818566,negative,4.619137143755646e-10
1342159922788708353,negative,0.27538537887707226
1342159925112430593,negative,0.01901656117934125
1342159925271793664,negative,0.0009252858893355987
1342159926454603777,negative,0.00041253764280428705
1342159926660112386,negative,0.005194596826563236
1342159928505618433,negative,0.0034815376180800184
1342159928799223810,negative,0.034314843127211364
1342159929101193216,negative,0.011242143301935268
1342159932393730049,negative,0.060709951340092126
1342159932796391424,negative,0.03796884500247603
1342159933379403776,negative,5.702152232251858e-07
1342159933933051904,negative,0.1970500730491364
1342159935568834560,negative,0.007825661631655975
1342159938370609153,neutral,0.4030761972637382
1342159947136700419,negative,0.20828494091279945
1342159949145591808,negative,0.0021116303739656416
1342159949196128258,negative,0.0899177022089534
1342159949221265409,negative,0.14432570876133471
1342159949816852481,negative,0.005194596826563236
1342159950362128385,neutral,0.4525299360032805
1342159953499480065,negative,0.004600694565015814
1342159955089121281,negative,0.023980403972990897
1342159960491352067,negative,0.0007257013562268468
1342159966749282306,negative,0.009655167226292012
1342159968397635586,negative,0.07375289073441772
1342159968456245251,negative,0.05404119872205481
1342159969005809667,negative,0.2937643679666472
1342159971245584384,neutral,0.5044448737788062
1342159973447397376,negative,0.00044286331715456817
1342159974504538112,negative,0.03960809798836776
1342159974642966531,negative,0.00015123374302257765
1342159974772957184,negative,0.1594289121643058
1342159975167258626,negative,0.07192298659144568
1342159976672989185,negative,0.009655167226292012
1342159976685592584,negative,2.005191389811921e-05
1342159980091346944,negative,1.1833104899111326e-06
1342159983786377217,negative,0.0012802493548384288
1342159984507854848,negative,0.02439143495683536
1342159986160447488,negative,0.1437549869102453
1342159986332491777,negative,0.0056638297247934444
1342159987443843075,negative,7.585635086674096e-05
1342159989545328642,negative,0.13875420760513285
1342159990237368322,negative,0.003566906859200871
1342159994398060544,positive,0.7661329010922519
1342159995585105922,negative,0.0319206093468433
1342160000446300162,negative,0.009087159101972653
1342160002841276418,negative,0.08743761999406344
1342160008025403393,negative,0.07192298659144568
1342160008893657091,negative,0.0012463663046665885
1342160009900281856,negative,2.578720826147888e-06
1342160016321744899,negative,0.05352475611900498
1342160016887918595,negative,0.00017582172268412865
1342160018603446272,negative,0.0003082441436803875
1342160019391803393,negative,0.0012802493548384288
1342160019601633281,negative,0.0015376610966298476
1342160022529331200,negative,0.01802643909317884
1342160025335320576,negative,1.8812512305659874e-06
1342160027231117320,negative,0.008802884860654241
1342160034051088385,neutral,0.49178886988063825
1342160036039036928,negative,0.13203619302172787
1342160041126883328,negative,0.2376028936935701
1342160047409946627,negative,0.007112266635172059
1342160048596918273,positive,0.9069359523833117
1342160049066536960,negative,0.13203619302172787
1342160050278830081,negative,9.41259431014619e-09
1342160050647953416,negative,0.005342440358113117
1342160051126095874,neutral,0.49789225920557484
1342160052283695104,negative,0.0018295739557700561
1342160053357436928,negative,0.002774106078163991
1342160053575540738,negative,0.03071402624285472
1342160054875774981,negative,0.11853669654350375
1342160056247341056,negative,0.20828494091279945
1342160056410918914,negative,0.00036671853771292305
1342160057358807042,negative,0.00044286331715456817
1342160060861054978,negative,1.1799024330240125e-06
1342160060932366338,negative,0.03300297064347458
1342160061465034758,neutral,0.4525299360032805
1342160062496829440,negative,0.009655167226292012
1342160062987591681,neutral,0.4498381379849186
1342160064904364041,negative,0.19728277081673848
1342160065525129216,negative,0.027289744188104013
1342160065671946250,neutral,0.33873072937055493
1342160067307692033,negative,0.2611621137273265
1342160067722928130,negative,0.009655167226292012
1342160068444184578,negative,0.13203619302172787
1342160071971762176,negative,0.000571958561348757
1342160072617693185,negative,0.012536884791370481
1342160074089881600,negative,9.191537983424419e-05
1342160075243347975,negative,0.015383690552256152
1342160080452653056,negative,0.0005541662371515622
1342160084902662144,negative,0.054327400666022506
1342160085850722305,neutral,0.49789225920557484
1342160086513303553,negative,0.009655167226292012
1342160087826264064,negative,0.027289744188104013
1342160089260707845,negative,0.05263481344373262
1342160089306816512,negative,0.0007123838523739147
1342160089554235393,positive,0.9996647848002677
1342160090174955520,negative,1.0503474159950638e-05
1342160091764682754,negative,0.0007177977269645736
1342160092402167811,negative,5.838280331083885e-06
1342160093157199873,negative,7.30774934935384e-05
1342160093857648643,negative,0.0004760529356788509
1342160094214164480,negative,0.00034798083505225826
1342160094423728128,negative,0.005128945804818289
1342160096198078464,negative,0.21169841042377396
1342160096508276736,negative,0.2906278741030604
1342160096529424384,negative,0.00741627213827822
1342160097506590720,negative,0.04664866983234521
1342160101071679489,negative,0.03639614060582062
1342160102283948034,negative,0.0010400889571941367
1342160103009562629,negative,0.006735081636208299
1342160103278055424,negative,0.005447757490260875
1342160104028860417,negative,0.007464983350715907
1342160104389533696,negative,0.2691704513998477
1342160104842539013,neutral,0.3358218310945649
1342160105056464902,negative,0.09180396665083808
1342160105408761857,negative,0.21047953907773329
1342160106260205570,negative,0.08780772683405454
1342160107023429632,positive,0.9996679469659898
1342160107573018627,negative,0.31820487300311295
1342160108248322049,negative,0.001680962538449693
1342160108432760832,positive,0.9069359523833117
1342160108885839873,negative,0.20828494091279945
1342160109129134082,negative,0.02565159302597509
1342160109410131968,negative,0.022964716368658107
1342160110806827010,negative,1.6734281074416479e-10
1342160111003959296,neutral,0.4020557810786359
1342160111041720321,negative,0.00013759916054822426
1342160111805067266,negative,0.001042820755173689
1342160113621200899,negative,0.0020984770645747757
1342160113898053633,negative,0.027289744188104013
1342160114334109696,negative,0.05469200517342636
1342160114732716032,negative,0.009087159101972653
1342160114845933569,negative,3.572212296428026e-05
1342160115403792384,negative,1.4547296067509195e-09
1342160115831488512,negative,0.003934161853096725
1342160115978424320,negative,0.2805953939791918
1342160117442240512,negative,0.006017101707427884
1342160117563879427,negative,0.0006004748683393548
1342160119178604546,negative,0.010179205176892964
1342160119921074178,negative,0.006181716667662135
1342160120088813568,negative,4.799392946757337e-05
1342160121795727360,negative,0.0047320407992235145
1342160122404024321,negative,0.006751457996776963
1342160123133911044,negative,0.0012120902638097701
1342160123326771201,negative,0.12703271384507175
1342160125549690881,neutral,0.5320435891791961
1342160128619982848,negative,0.12182690509467343
1342160130528440322,negative,0.0013539215261768383
1342160134987014144,negative,0.00741627213827822
1342160135423225857,negative,0.03246128932462553
1342160135645503490,neutral,0.42507619662732005
1342160135683096578,neutral,0.49789225920557484
1342160138099191813,negative,0.0002621874666667851
1342160138195632128,negative,0.003983690503770904
1342160139017715712,negative,0.1828758851129681
1342160139231621122,negative,0.025490141039953663
1342160139370045444,negative,5.959548009256265e-05
1342160139638497281,negative,0.08754131433889883
1342160140204716033,negative,0.05700015325118352
1342160142247321600,negative,2.5428598350161647e-06
1342160144155729926,neutral,0.42876467289441955
1342160145959292930,negative,0.0006005728458958753
1342160147603484674,negative,0.0010427729243528215
1342160148073246726,positive,0.7429795363622063
1342160148287119362,neutral,0.36281302269470594
1342160148467503105,neutral,0.5472960823705576
1342160148949774336,negative,0.08437613153631827
1342160151038582787,negative,0.012920681244422015
1342160151399313408,negative,6.703207568422496e-08
1342160152074608640,negative,0.3205746300160878
1342160152246497281,positive,0.7418302308996397
1342160153559314432,negative,0.011861307093797784
1342160154687643650,negative,0.0069571137892871044
1342160154792488960,negative,7.266009469157855e-08
1342160155866087424,negative,1.7499721329366254e-06
1342160156457644044,negative,3.4651267655171766e-05
1342160156843331586,negative,0.0017544270121222598
1342160157502021632,negative,0.005447757490260875
1342160160031182849,negative,0.0016984442996489809
1342160160236728321,negative,0.21047953907773329
1342160160614182912,neutral,0.5212084554669985
1342160160949760007,negative,0.04402673916649242
1342160164766568448,negative,0.0054949417664764515
1342160165492170759,negative,0.0010427729243528215
1342160165626388480,negative,0.0032580438964232438
1342160168684040195,negative,0.0009390030926242938
1342160169019564035,negative,0.03789475383972602
1342160169212506114,negative,0.028217856910894
1342160169510297607,negative,0.00036698065428222344
1342160173251457024,negative,0.023980403972990897
1342160173721333763,negative,1.563572364179048e-05
1342160174711238656,negative,0.00022161992923456329
1342160175038423042,negative,0.048802084501882684
1342160176003080193,negative,0.2414480477982953
1342160176372211712,negative,0.00019853288765818046
1342160176590290947,negative,0.01409317138757731
1342160178955882501,negative,2.6551873154995943e-06
1342160181082398724,negative,0.03246128932462553
1342160181694787584,negative,0.04431263158694897
1342160182168715264,negative,0.0037814023361133634
1342160182441369604,negative,0.010821739943380863
1342160183175356418,negative,1.9032191084205884e-08
1342160183234097152,negative,0.18753436428740847
1342160183263453194,negative,0.031825527455829096
1342160183691194370,negative,0.056064655995890535
1342160184957947905,negative,0.008399049104254437
1342160185192804356,neutral,0.398180521791012
1342160186367213569,negative,0.03246128932462553
1342160186849570819,negative,0.00013547306881992534
1342160188053233664,negative,0.0071531384616713815
1342160189278085121,negative,7.0019264391272105e-06
1342160189303218176,negative,0.0006726122019988871
1342160192625143808,negative,0.050122130847257716
1342160193728221184,negative,0.014310892382819383
1342160194315431937,negative,0.0010500415003633936
1342160195133313024,negative,0.00016036712028058784
1342160196198674433,negative,0.010821739943380863
1342160197427605511,positive,0.8567642649968916
1342160197838626817,negative,0.027289744188104013
1342160198136442880,negative,0.0001558411516693133
1342160202016174085,negative,0.000722083567540084
1342160205589729280,negative,0.02902189840142555
1342160206109822977,negative,0.0003082441436803875
1342160206751531009,negative,0.2049035768342106
1342160210757095426,negative,0.0028035244083337357
1342160211356880896,neutral,0.612761868205499
1342160211520462850,negative,0.0391469382668083
1342160213676347393,negative,0.06106744169493714
1342160213894434829,positive,0.9966815111517452
1342160214984957953,negative,0.034168297047262965
1342160215349858305,negative,0.010821739943380863
1342160216532672512,negative,0.23749203830678875
1342160219586101248,negative,0.28232432848785327
1342160219925868544,negative,0.0019756341858169577
1342160220282380289,negative,0.0002304172948355929
1342160220487905281,negative,7.715495484034354e-06
1342160223574892544,negative,0.027289744188104013
1342160227681099776,neutral,0.49789225920557484
1342160230260551681,negative,3.964588768473941e-06
1342160230340325376,negative,0.11924197513035559
1342160235893559297,negative,0.010278588442482918
1342160236073934849,negative,0.31820487300311295
1342160236883431429,neutral,0.4507454498615163
1342160237281869825,negative,0.0001123780949996407
1342160238519214082,negative,0.03631134629311043
1342160239366467586,negative,0.0003512588568766633
1342160239379021824,negative,3.24871067780364e-05
1342160240360493058,negative,0.0668528185645575
1342160241111265280,negative,0.019342502183944912
1342160241702690818,neutral,0.47878153849390703
1342160243892097025,negative,0.012257286243543058
1342160244722569221,neutral,0.5533970533999424
1342160244777095168,negative,0.04431263158694897
1342160244949057542,negative,0.0012174881106056861
1342160247247527937,positive,0.7597383922539281
1342160248291946497,negative,0.12058917530450154
1342160249713815558,negative,2.3160536664528435e-05
1342160254063308800,negative,0.12696448452575732
1342160256823128065,negative,0.017078059432443494
1342160258085625858,negative,2.409779769486362e-06
1342160260266655745,negative,0.0003082441436803875
1342160260908408832,negative,0.0024423351084358856
1342160261231292427,neutral,0.49789225920557484
1342160264033132546,negative,0.029112016621633055
1342160265866063872,negative,0.14098224759041728
1342160267300495361,negative,0.04431263158694897
1342160267363422208,neutral,0.5743452650545291
1342160268260990977,negative,7.819737540884177e-05
1342160271041835010,negative,8.12834633179181e-09
1342160271654203395,neutral,0.4705026239168581
1342160273399013387,negative,0.037978382605704124
1342160273503870981,negative,0.005088290917145074
1342160273600294912,neutral,0.4507454498615163
1342160273667477504,negative,7.610077685397734e-10
1342160273692643328,negative,1.1503773449063346e-07
1342160274263060480,negative,4.304127413307031e-06
1342160274338369536,negative,0.0006618755121295592
1342160276485931009,negative,0.16099531756926802
1342160276699930624,negative,0.027289744188104013
1342160279157792769,negative,0.1354957201603246
1342160281120731136,negative,0.0007929404103188511
1342160281196224513,positive,0.6800588541412664
1342160281590501376,negative,0.024656087738378664
1342160281917526017,positive,0.8119641500663481
1342160282165108736,negative,1.6649098415385046e-05
1342160282509078625,neutral,0.38706865715976324
1342160282865557507,negative,2.409779769486362e-06
1342160283037552643,negative,0.0069571137892871044
1342160284774002697,negative,0.011538404096376137
1342160285730271235,negative,0.054327400666022506
1342160286170677257,negative,0.0002755830172568149
1342160286267146240,negative,0.0006761293469250247
1342160286376198146,negative,0.03389676136479784
1342160286455889923,negative,0.00011724834342087694
1342160287210868738,negative,0.3029968537174699
1342160288334962690,negative,0.023158976181080253
1342160289849073669,neutral,0.3767435055654218
1342160289853222916,negative,0.0069571137892871044
1342160290096553984,negative,0.011396967931926296
1342160290218201091,negative,0.005447757490260875
1342160290226569216,negative,0.271155428753468
1342160290356539392,negative,0.00031096286326362873
1342160290775969794,neutral,0.47878153849390703
1342160291551879168,negative,0.0319206093468433
1342160292223082497,negative,0.0598838203698199
1342160293313605633,negative,0.04668869569348924
1342160293321969664,negative,1.797849411738036e-05
1342160294034825216,negative,0.027289744188104013
1342160294395703296,negative,0.10839174790091585
1342160294525751298,negative,0.003566906859200871
1342160294869536769,negative,1.6734281074416479e-10
1342160295054233601,negative,0.12188388017780136
1342160298329911297,negative,0.002026473830846146
1342160298577424386,negative,0.006248314451104854
1342160298812338178,negative,2.409779769486362e-06
1342160302675267592,negative,0.010084187677282542
1342160302897389568,negative,0.15630830276745175
1342160303006621696,negative,1.0343771362795487e-05
1342160303627378689,negative,0.04431263158694897
1342160305359450112,negative,9.290614402304577e-06
1342160306454323208,negative,0.04329948809938995
1342160306932494336,neutral,0.5158777956716317
1342160307532292097,negative,0.0063035454207365045
1342160307737796608,negative,5.987208575273895e-05
1342160308304027650,negative,0.009087159101972653
1342160308647956484,negative,0.10392803785467522
1342160309159604225,negative,0.26586799861690574
1342160310094991361,negative,3.792379489848801e-05
1342160310375952384,negative,6.878007277722638e-07
1342160310749306880,negative,1.8449266627376572e-05
1342160311298752513,negative,0.0002977093060074143
1342160312259272705,negative,0.1668728203600288
1342160313404301313,negative,0.001680962538449693
1342160313467215872,negative,0.0003859000657499964
1342160313534341120,negative,0.0005747221124975211
1342160314817720320,negative,0.012487335807890914
1342160316541657095,negative,0.03845309961145903
1342160316596187137,negative,0.21130107693641914
1342160317011218432,negative,0.003566906859200871
1342160319116959745,negative,0.011261075521668142
1342160319188230146,negative,0.00017582172268412865
1342160319297114113,neutral,0.35341083541347074
1342160319502802946,negative,2.409779769486362e-06
1342160319590801410,negative,0.027289744188104013
1342160319595089920,negative,0.08377479817039722
1342160319683112960,negative,0.008285294134682705
1342160320463327232,negative,1.9264923755409437e-06
1342160321142784007,negative,0.0069571137892871044
1342160322606542848,neutral,0.5576553814295353
1342160322610782208,negative,0.0002922487043940966
1342160322854088706,negative,0.07692911865492771
1342160323164446720,negative,0.09684399517184085
1342160323848105985,negative,0.0034946042227400227
1342160324322078721,negative,0.010821739943380863
1342160324603092998,negative,0.0069571137892871044
1342160325098008576,negative,0.010821739943380863
1342160326607908867,negative,0.0003875342240197076
1342160326863826944,negative,7.63624663476541e-06
1342160327501373440,negative,1.4635937090505173e-06
1342160327518138371,positive,0.9966815111517452
1342160327971139586,negative,0.0006847700113884373
1342160328017260544,negative,0.0030311745672886334
1342160328226955267,neutral,0.49789225920557484
1342160328558317569,negative,0.0006511462771957673
1342160328738676736,negative,1.1799024330240125e-06
1342160331678867456,negative,0.0004760529356788509
1342160331733426176,negative,0.0008652683737108112
1342160332211552257,negative,1.241732913044941e-07
1342160332253495297,negative,0.2906278741030604
1342160333020999683,negative,0.057100421758971884
1342160333193011200,positive,0.9278936719089798
1342160335692853249,negative,9.41259431014619e-09
1342160336707792899,negative,0.02312814423556466
1342160337563492353,neutral,0.35406165007076357
1342160338087772162,neutral,0.41071003466586886
1342160338112958464,negative,0.32112084512068156
1342160340943994882,negative,0.0020600740658069765
1342160341132840962,negative,3.6285089042698765e-09
1342160343452307458,negative,0.027289744188104013
1342160344454721549,negative,0.027289744188104013
1342160345205514241,negative,0.0024019372878209405
1342160345876459520,negative,0.0004760529356788509
1342160346035970054,negative,0.05528446120294227
1342160346044379137,negative,0.060708828470702504
1342160347822764036,negative,0.007265170212787386
1342160347894079488,negative,0.17555979946927391
1342160347961192454,negative,0.005058963611082928
1342160348741308418,negative,0.0029614188520442233
1342160349189922823,negative,2.5389229848322233e-06
1342160349487837184,positive,0.7519991618867661
1342160351949946885,negative,0.05631234082044206
1342160353032085504,negative,0.057100421758971884
1342160353866747905,negative,0.0015361393601096727
1342160357096349706,negative,0.005194596826563236
1342160358719582208,neutral,0.49789225920557484
1342160359222726657,negative,0.010821739943380863
1342160360233709569,neutral,0.42897410679003795
1342160360292409344,negative,0.020059381779832047
1342160361068384259,negative,3.792379489848801e-05
1342160361307463680,negative,0.2833848953654449
1342160362586710016,negative,0.005026369834513546
1342160362842574848,negative,0.06656151605311648
1342160362922266631,negative,0.0076793701300136175
1342160363530412036,negative,0.007153054313739809
1342160364042129409,negative,0.0889724702424542
1342160364952297477,neutral,0.49789225920557484
1342160366273515526,negative,0.0004760529356788509
1342160366420197376,positive,0.8488784103859388
1342160367150108674,negative,0.0076793701300136175
1342160367301120001,negative,0.015565404561229668
1342160367385006085,negative,0.0336561886346204
1342160367452123138,negative,0.02329323645236039
1342160368987230209,negative,0.000673957186719584
1342160369964474369,negative,0.21047953907773329
1342160371122122752,negative,0.27189982290922643
1342160371575091206,negative,9.132613867386405e-06
1342160371763724290,negative,0.2906278741030604
1342160372816556037,negative,0.16532172419126437
1342160372904685570,negative,0.21047953907773329
1342160373424803842,negative,0.27538537887707226
1342160373764468736,negative,0.005058963611082928
1342160374729207810,negative,0.10189721805660573
1342160374897012742,neutral,0.5374250502430343
1342160375047987202,negative,0.0021116303739656416
1342160378264875008,negative,0.07008968506011608
1342160379003228160,positive,0.6994654929385462
1342160381180047363,negative,0.006912750249888123
1342160381561745414,negative,5.795507012326952e-05
1342160381586894850,negative,0.02902189840142555
1342160381683277824,neutral,0.45018591009022374
1342160381838585860,negative,1.1503773449063346e-07
1342160382459338752,negative,0.005104116984317042
1342160390898249730,negative,2.409779769486362e-06
1342160391384784896,neutral,0.49789225920557484
1342160392169148419,neutral,0.45934747459404834
1342160393775570945,negative,0.00029196341699747616
1342160393855229952,negative,0.0012803967118646033
1342160396656979968,negative,0.00018983998561175077
1342160405561393153,negative,0.004142703571708926
1342160407356555266,negative,0.11924197513035559
1342160409462235141,negative,0.0019498944401086027
1342160409512579072,negative,0.025148708689971842
1342160412951912450,neutral,0.5098436067637715
1342160413237129218,negative,0.020835325915367936
1342160414998749184,negative,0.005194596826563236
1342160416127021058,negative,0.19776749929531331
1342160416965881857,negative,0.03309553352510581
1342160420707119109,negative,2.409779769486362e-06
1342160427816529920,positive,0.8487183181169256
1342160431926960128,negative,0.0007123838523739147
1342160433558548482,negative,0.04059154714193764
1342160434007314433,negative,0.0009390030926242938
1342160438713171968,negative,0.14870227111570603
1342160441930362880,negative,0.0020899705108163393
1342160442462900224,neutral,0.49789225920557484
1342160445629739008,negative,0.2906278741030604
1342160446451834880,negative,0.03827275827667686
1342160447609434117,negative,0.010821739943380863
1342160447647186945,negative,0.0021116303739656416
1342160451493384195,negative,0.29338124419240674
1342160451505971202,negative,0.28136096593924664
1342160451862315008,negative,8.790762549192843e-05
1342160451979907072,negative,0.2369710931082333
1342160452650987521,negative,0.004863689214591459
1342160455138209792,neutral,0.5571678404810444
1342160457117929472,negative,0.0006673609756780162
1342160459508678656,neutral,0.4525299360032805
1342160462499209218,negative,0.11751902743282097
1342160463694618624,positive,0.9278936719089798
1342160466051797002,negative,0.020601703568333345
1342160466219577347,negative,0.016464699376844857
1342160471990956032,negative,0.027289744188104013
1342160472481570816,negative,0.0002768796278208597
1342160473802878983,negative,0.004216258026848341
1342160474352316423,neutral,0.49789225920557484
1342160475451248644,negative,1.693326702212779e-11
1342160475832918017,negative,0.015141648629067025
1342160476160012288,negative,0.0671509362363938
1342160476575330304,neutral,0.5841682340925839
1342160478437584896,negative,0.007718704224340631
1342160479553286146,neutral,0.5499248721543345
1342160479712641024,neutral,0.48515611437363054
1342160480614428680,negative,0.19618335877609233
1342160482426355713,negative,0.011778657885330808
1342160483042947083,negative,0.014921409828964609
1342160483470737411,negative,0.01729988911823717
1342160483797897216,negative,0.06405537043123012
1342160483869081601,negative,0.0028035244083337357
1342160485165182976,negative,5.895517174608946e-09
1342160485312028673,negative,0.13036130171474938
1342160485379002368,negative,0.06372815171742985
1342160486662594560,negative,0.007213159106529506
1342160487107207170,positive,0.9796514213227224
1342160488067690497,negative,3.3588981017286494e-06
1342160488310964225,negative,9.60976623228981e-07
1342160491070763017,neutral,0.49789225920557484
1342160491196645379,neutral,0.5533970533999424
1342160492039725056,negative,0.010347966417953004
1342160492119224321,negative,0.17139589218761614
1342160492509483008,negative,0.001406275095600194
1342160495265120256,negative,9.748523423016061e-05
1342160496284340227,negative,9.181187868323489e-06
1342160497865535488,negative,0.0006761293469250247
1342160499031629825,negative,0.15237137935820858
1342160499362955270,negative,0.012487335807890914
1342160500419915776,negative,0.022964716368658107
1342160501430693891,neutral,0.4705026239168581
1342160502894505985,negative,3.062271684791097e-06
1342160503360151553,negative,0.00044286331715456817
1342160503435571202,negative,0.0006726122019988871
1342160503632703489,negative,8.886432203427358e-05
1342160505125920772,negative,0.00044286331715456817
1342160506459746305,negative,0.238428800670322
1342160507445325825,neutral,0.35730338656887245
1342160509831823360,negative,0.00012007436955427519
1342160511195078657,negative,0.04751674307436433
1342160511551475712,negative,0.12210172798133907
1342160511564087297,negative,0.00689642654666372
1342160511832641537,negative,0.040430019091574634
1342160511996227587,negative,0.0007929404103188511
1342160512004587520,negative,1.023834095263351e-08
1342160512440786944,negative,0.004048582271772707
1342160513183207430,negative,0.0004722871388086641
1342160513661362176,negative,0.009655167226292012
1342160513745231872,negative,1.2935422544865567e-08
1342160513913020416,negative,0.0006618755121295592
1342160516567937025,negative,0.03757107023336233
1342160518862282752,negative,0.0005819333606554976
1342160520242221058,negative,0.0007444274036052217
1342160521819254789,negative,0.10111094768868999
1342160522993659904,negative,0.03639614060582062
1342160523102736393,negative,0.04431263158694897
1342160523845103624,negative,0.2715220889220143
1342160524302278656,negative,0.05056774649494393
1342160524696551425,negative,0.003566906859200871
1342160524948209664,negative,0.0028035244083337357
1342160525346680833,negative,0.20432965143997953
1342160527661924359,negative,0.20055267712248584
1342160527750008833,negative,7.219399210988782e-05
1342160528467243013,negative,0.0005513534658065328
1342160528781627392,negative,0.0007212255536393351
1342160529176076289,negative,0.02590060458511029
1342160529322897408,negative,0.001377803716870492
1342160529557778434,negative,0.006671141875045404
1342160531075915776,negative,0.00018173712063906142
1342160532124655617,negative,0.12188388017780136
1342160533022253056,negative,0.057100421758971884
1342160533236166657,negative,0.001095849295524466
1342160533546524672,negative,7.410415824728742e-05
1342160534616072194,negative,0.0022789371459409425
1342160534775468034,negative,0.0034706007257613906
1342160534871945216,negative,0.1719848526230014
1342160536855842823,negative,4.948660345989274e-09
1342160536994263040,negative,0.027804090872741338
1342160538109759488,negative,9.290614402304577e-06
1342160538734907394,negative,0.0002273486084728101
1342160538961203201,positive,0.6910199401157298
1342160539217235977,neutral,0.35406165007076357
1342160540572004353,negative,3.932928160669033e-09
1342160543008792576,neutral,0.4953041109282145
1342160543256354819,negative,0.0002977093060074143
1342160544623702017,negative,0.0004760529356788509
1342160545076686848,negative,0.009087159101972653
1342160545739321344,negative,0.016218976321130958
1342160545865195520,negative,0.16391782574256425
1342160547165433856,negative,0.027289744188104013
1342160547853307905,negative,7.324866537640157e-05
1342160549245804544,negative,0.22477361187670578
1342160549862322187,negative,0.022650662732974145
1342160550470553600,negative,0.009655167226292012
1342160550944509957,negative,0.011596964255212673
1342160553414971393,negative,0.07017318177124232
1342160553788268544,negative,0.00044286331715456817
1342160555415638017,negative,0.19419771885250695
1342160555684061186,negative,0.17348358827580887
1342160556229328896,negative,0.013538257339114304
1342160556594180098,negative,1.6734281074416479e-10
1342160557307260928,negative,1.5917754323862057e-09
1342160558641065985,neutral,0.49789225920557484
1342160558787682305,negative,0.18289112449282469
1342160558901121027,negative,0.08148505330224094
1342160559026925571,negative,0.0007929404103188511
1342160559781928962,negative,0.02565159302597509
1342160561002450948,negative,0.01366302732957199
1342160561958756352,negative,0.03246128932462553
1342160562189438985,negative,0.0991654945521101
1342160562894098436,negative,0.09646578667338862
1342160564961882112,negative,0.06349256163192335
1342160565385404417,negative,0.1250224706700623
1342160566471766017,negative,7.548841920217413e-06
1342160566547329028,negative,0.014635145776150046
1342160566555725824,negative,0.002745298738113449
1342160568476561409,negative,0.0001123780949996407
1342160568820629504,negative,3.4352127814284926e-06
1342160570150125568,negative,0.27538537887707226
1342160570687094786,negative,0.2812124665127172
1342160570942967809,negative,0.014921409828964609
1342160571387543554,negative,1.3044129048033927e-06
1342160571869790209,negative,0.18575529401966948
1342160572285124608,negative,2.314719053936842e-06
1342160574612992000,negative,0.00017582172268412865
1342160575795658752,positive,0.9511576138576184
1342160576512995331,neutral,0.5490292481829452
1342160576831651840,negative,0.0028035244083337357
1342160577326686208,negative,3.977265850725536e-06
1342160578702422016,negative,0.0069571137892871044
1342160580921143296,negative,0.20754802622066645
1342160582267576320,negative,0.02312814423556466
1342160582984822785,negative,0.010707567603196803
1342160583110619138,negative,0.010959568899694983
1342160583811076097,negative,0.2557424291280938
1342160584188571650,negative,0.06629107690946992
1342160584733810697,negative,0.10189721805660573
1342160585111252994,negative,0.007306592122703339
1342160586101153796,positive,0.8488784103859388
1342160586302435328,negative,0.0036156759278284187
1342160586365423616,negative,0.000128080160135145
1342160587506282496,negative,0.005738367313177471
1342160588659712000,neutral,0.4434191688350768
1342160589012013058,negative,8.080721274677129e-05
1342160589364277253,negative,0.009087159101972653
1342160593562828801,positive,0.994300686957626
1342160594179215360,negative,0.010821739943380863
1342160594431049728,negative,7.71280294293051e-05
1342160599359369217,negative,0.0001123780949996407
1342160600479182848,negative,0.06349256163192335
1342160601922088963,negative,0.03157718584383944
1342160603679494144,negative,0.10189721805660573
1342160603834675201,negative,6.370689454165544e-06
1342160606074269696,negative,0.027289744188104013
1342160606166659073,negative,3.8016893730925594e-06
1342160607987044352,negative,0.07258360034018464
1342160609002086401,neutral,0.49789225920557484
1342160609723490306,negative,0.2906278741030604
1342160609920524288,negative,0.15560039184173977
1342160611312996359,negative,0.09462857556657499
1342160611652714497,negative,0.017353798413996004
1342160612223234050,negative,0.08602783337920034
1342160612378505217,neutral,0.63379356491277
1342160612424515591,negative,6.934853087752539e-06
1342160612458188808,negative,0.024862720190109315
1342160617482936320,negative,0.00012794879143001274
1342160620230209536,negative,0.0021116303739656416
1342160621521960966,neutral,0.49789225920557484
1342160629759664131,negative,0.027289744188104013
1342160630082646019,negative,0.0991654945521101
1342160632993427461,negative,0.0024561300516557716
1342160635363270657,neutral,0.4550516263291327
1342160635547815937,negative,0.010821739943380863
1342160639255568385,negative,0.11924197513035559
1342160641969287168,neutral,0.3656943378867045
1342160642237730818,negative,0.046177314466715864
1342160642858496001,neutral,0.49789225920557484
1342160643777064960,negative,0.000239193657099081
1342160646847090689,negative,0.04275548090686738
1342160647719706624,negative,0.054327400666022506
1342160650559229953,neutral,0.5017543432377519
1342160652027228160,negative,0.09066570310003158
1342160653604192257,negative,3.792405468348542e-06
1342160655743238144,negative,0.001963783126700731
1342160656414470145,negative,0.05587576718616402
1342160656523472902,negative,0.04431263158694897
1342160657001623554,positive,0.8337494451374239
1342160658431954945,negative,0.014009113514507144
1342160658566004737,negative,0.16672232465155498
1342160658746392578,neutral,0.44193049347687885
1342160658943643650,neutral,0.49789225920557484
1342160659455365124,negative,0.004678115201973551
1342160660218712065,negative,5.942300302886214e-12
1342160660281569281,negative,0.0007651569271430661
1342160660327784448,negative,8.514515919000049e-12
1342160661971922944,negative,0.00044286331715456817
1342160662768857088,negative,0.002011673556593881
1342160664119410690,negative,0.000732935843587587
1342160664966524929,negative,0.017840404156025128
1342160666732294144,neutral,0.49789225920557484
1342160667634229250,negative,0.0009645583154611492
1342160667718144000,neutral,0.49789225920557484
1342160668120772610,negative,0.08330737455001634
1342160670880653312,negative,0.001204806183211567
1342160670918397952,negative,0.1492402159770261
1342160671018905600,negative,0.009655167226292012
1342160672260554754,negative,0.15237137935820858
1342160676576497664,negative,0.15237137935820858
1342160676970704897,negative,0.0038389661460307267
1342160677079642114,negative,0.0273554445509959
1342160677406838784,neutral,0.34768571925953584
1342160677700575232,negative,0.21169841042377396
1342160679004995585,negative,0.007972450375359584
1342160679357325316,negative,2.8193641620925048e-06
1342160679848062977,negative,0.17799537651540087
1342160682242908160,negative,0.027289744188104013
1342160682465124352,negative,1.9848430172374798e-11
1342160683144765440,negative,0.15589958476556973
1342160683442393093,negative,3.47524834876796e-07
1342160683971051520,negative,0.00042896390045389567
1342160684335857669,positive,0.9996679469659898
1342160687540400128,negative,0.002745298738113449
1342160687649484807,negative,0.00038388415174141205
1342160687716573188,negative,0.014506889499035749
1342160688261844994,negative,0.06640051744579871
1342160689092292608,negative,0.00010183041505651306
1342160689247510528,negative,0.009655167226292012
1342160689696305152,negative,0.03012839632690914
1342160692565188615,negative,0.03956849699805035
1342160693030748161,negative,0.11924197513035559
1342160693156601856,negative,0.0003741817655784935
1342160693773086720,negative,0.002745298738113449
1342160694100295689,negative,0.0005224297164610095
1342160695887097857,positive,0.9987418808620604
1342160696348344332,negative,0.00849309960577442
1342160696566546435,positive,0.6800588541412664
1342160696663027713,negative,0.009366623533087502
1342160697694838787,negative,7.000968158929942e-05
1342160700760875009,negative,0.03586199310790675
1342160701142528000,negative,0.27538537887707226
1342160701306134530,negative,0.1866633852564735
1342160701566177281,negative,0.08811186158458414
1342160703940124672,negative,0.0028035244083337357
1342160704040742912,neutral,0.5667908359573213
1342160704493793281,negative,0.04505481050316802
1342160705856958467,negative,0.013549000747233484
1342160706137960449,negative,1.797849411738036e-05
1342160706745946113,neutral,0.3534575539115691
1342160708327378945,negative,0.26076950668447035
1342160708696465474,negative,0.19988783869584037
1342160708780351491,negative,0.0016161075048439445
1342160709015232512,positive,0.9950265034544974
1342160709262561281,negative,0.0010427729243528215
1342160710395179009,negative,0.00741627213827822
1342160710659354625,neutral,0.49789225920557484
1342160711133372418,negative,0.019463299758375695
1342160713108905985,negative,6.17938220872769e-05
1342160713402429440,negative,0.08437613153631827
1342160713742221316,negative,0.0007437103434177903
1342160713935159297,negative,0.21090249377004808
1342160715474472962,neutral,0.34220744213535925
1342160715965198337,negative,0.003566906859200871
1342160715994554374,negative,0.009655167226292012
1342160716841676800,negative,0.16487712927675477
1342160717412229126,negative,0.0069571137892871044
1342160718846701568,negative,0.27538537887707226
1342160719098351617,negative,0.0034706007257613906
1342160721493323779,neutral,0.574821370694652
1342160722130841601,negative,1.3426986269675768e-05
1342160723015831553,negative,0.001642093302975581
1342160723586273287,negative,0.05106637002907062
1342160723825336320,negative,1.2137587316032155e-05
1342160726144770052,negative,0.0069571137892871044
1342160726241251329,negative,0.000652941155652207
1342160726409019393,negative,0.017251395403806043
1342160726690037761,negative,0.01563543576172292
1342160727415648258,negative,0.0018919906467918532
1342160727516340228,positive,0.9790161279298343
1342160728489418752,negative,1.3854964200593314e-05
1342160728724271104,negative,0.0012802493548384288
1342160729546387457,negative,0.10923377672162495
1342160729881788417,negative,2.7526167777775685e-06
1342160730779488259,negative,0.14432570876133471
1342160730930499584,negative,0.008802884860654241
1342160731031134208,negative,0.12355227703214393
1342160731182129152,negative,8.895455180679961e-06
1342160735242227716,negative,0.010821739943380863
1342160735846203393,negative,0.0003450463499300313
1342160738593472512,neutral,0.37679209754895876
1342160738933239810,negative,0.005605058504731523
1342160738962571265,neutral,0.47878153849390703
1342160739352473600,negative,0.08918055955368544
1342160739474296832,negative,0.04193705235375861
1342160739587526659,negative,0.02329323645236039
1342160739600109568,negative,0.00031903428567659696
1342160739914678273,negative,0.009655167226292012
1342160740006973440,negative,0.3205746300160878
1342160742305288192,neutral,0.3534575539115691
1342160743492431872,negative,0.10189721805660573
1342160744192880640,negative,0.000725745494711989
1342160744461316096,negative,0.009655167226292012
1342160746998853633,negative,0.06640051744579871
1342160747015639042,negative,0.15884973808023384
1342160747615444993,negative,0.002745298738113449
1342160747628032000,negative,0.0012802493548384288
1342160748034854922,negative,0.00508283694788516
1342160748781441024,negative,0.00045577905385702075
1342160749410410496,negative,0.05280963609007382
1342160750278807552,negative,0.11924197513035559
1342160751281254401,negative,0.009087159101972653
1342160754502488069,negative,0.009446698404190604
1342160754519252992,positive,0.9278936719089798
1342160755026784257,negative,0.015459452077076921
1342160755202863105,positive,0.9688510000063565
1342160757367173120,negative,1.759375125473171e-05
1342160757736284164,negative,0.22819350681406095
1342160759455932416,negative,0.0016984442996489809
1342160759548223490,negative,1.088117420360377e-05
1342160760861024256,negative,0.06363187414928011
1342160761204985861,negative,0.0005668705416649778
1342160763021123584,neutral,0.6342223244482552
1342160763344060420,negative,0.00028223976931362137
1342160765801947136,negative,0.23726187210328376
1342160767148318722,negative,0.15382327319929384
1342160767215349762,negative,0.08198921544523718
1342160768914042884,neutral,0.437369725752128
1342160771971756032,negative,0.005026369834513546
1342160773947269123,negative,0.008386569265826925
1342160776954568706,negative,0.0009135723002259712
1342160777394991104,negative,0.0007166506180605534
1342160780100329472,negative,0.0016892495546027998
1342160780737867778,negative,0.22477361187670578
1342160781660594176,negative,0.0016984442996489809
1342160784055443456,negative,4.9542528758215995e-06
1342160790556696576,negative,2.065121168519698e-05
1342160791831777280,negative,0.0879698788358669
1342160792997797894,negative,0.0004841197341754528
1342160794100912129,negative,0.017131708808082083
1342160795392733185,negative,0.05352475611900498
1342160797598961665,negative,0.0016984442996489809
1342160798643322882,neutral,0.6154729474121576
1342160801067622401,negative,0.04489144958617309
1342160804259495937,positive,0.8672794019837679
1342160806646046723,negative,0.04891220713814535
1342160806646063107,negative,0.0076578062708509195
1342160809351381007,negative,0.004048582271772707
1342160811733749762,negative,0.021885748769389056
1342160813734436866,negative,0.03703178551366903
1342160815089213441,neutral,0.3819171383640114
1342160816431390720,neutral,0.35673835246329144
1342160816649478144,positive,0.6994654929385462
1342160816762712065,negative,0.1491520731282705
1342160819996549122,negative,0.09588371451962191
1342160822408245248,negative,0.0017186828185257136
1342160823255490560,negative,0.00013547306881992534
1342160824723329027,negative,0.009655167226292012
1342160826602438658,negative,0.00021576144592124754
1342160827701469184,negative,0.029499504536776713
1342160827781156864,negative,0.0027227325203887536
1342160828070563842,negative,0.009087159101972653
1342160828460625924,negative,0.0002768796278208597
1342160832050974721,neutral,0.4364330878651028
1342160832063565824,negative,0.0076578062708509195
1342160832256495616,negative,0.10051576125481113
1342160833820958721,negative,0.06946581803373242
1342160840712212492,negative,3.274844471029305e-05
1342160842284929024,negative,9.290614402304577e-06
1342160842914230272,negative,0.12303821092802139
1342160843409125376,negative,0.009179202987464864
1342160843648229383,positive,0.9102801267277109
1342160844210065408,positive,0.9908627282407085
1342160845091069959,negative,0.08909375862848802
1342160845581774849,negative,9.57711010787562e-07
1342160847402102784,negative,0.001720189609022609
1342160847754338305,negative,0.0051802298255342934
1342160848224194560,negative,0.09182517808455813
1342160848316489728,negative,0.024091510033686835
1342160849214054404,negative,0.0011902757213991234
1342160849230835713,neutral,0.5027542548072337
1342160849377636353,negative,0.027289744188104013
1342160851340382208,neutral,0.49789225920557484
1342160851453812736,negative,0.0004036356967443948
1342160851919372291,negative,0.0016861783908886738
1342160852670173184,negative,0.21047953907773329
1342160854150746112,negative,0.004444211674752143
1342160855597785088,negative,0.10099209594812139
1342160855945916417,negative,0.002745298738113449
1342160855962710016,negative,0.09370478415672683
1342160858252763141,negative,0.0419352849677855
1342160858655428623,negative,0.28065583592395604
1342160861381718021,negative,0.08148505330224094
1342160861750677504,negative,0.01105356066679673
1342160863696990210,negative,0.20828494091279945
1342160863864774658,negative,0.04431263158694897
1342160864342908931,negative,0.09640323611645361
1342160865303425030,negative,0.03389676136479784
1342160865353736192,negative,0.0004727485620550072
1342160865450209280,negative,5.667585845313686e-06
1342160865936683009,neutral,0.49789225920557484
1342160866591039491,negative,1.0404045096286015e-07
1342160866997923840,negative,0.03778640421313795
1342160867954225152,negative,0.01629480158786063
1342160868675563521,negative,0.010405141454844218
1342160869908746241,negative,1.2137587316032155e-05
1342160870546305025,negative,2.6551873154995943e-06
1342160870600749061,negative,0.003433871264966067
1342160872400179202,negative,1.6495612640207932e-12
1342160872450437121,neutral,0.48653436942057154
1342160873570365441,negative,0.0029846743007255912
1342160873931100161,negative,0.12033656882542633
1342160873931108352,negative,0.10189721805660573
1342160874732187648,negative,0.21047953907773329
1342160874828607488,negative,0.0003082441436803875
1342160875160039428,negative,0.0006005728458958753
1342160876330242051,negative,1.9475809391745578e-09
1342160877601103875,negative,0.005058963611082928
1342160878045704194,negative,0.011538404096376137
1342160878574198790,negative,0.1604614586044836
1342160878691627008,negative,0.001720189609022609
1342160881359020033,negative,0.0003314820535185677
1342160882143539200,negative,0.035572993044047235
1342160882273374208,negative,0.027289744188104013
1342160882344878081,negative,0.0319206093468433
1342160883343118338,positive,0.9278936719089798
1342160883389227008,neutral,0.344910183081508
1342160883833831424,negative,2.991412757416974e-11
1342160884508979200,negative,0.00021909519392193167
1342160884513333249,negative,4.722646496047866e-05
1342160885159239686,negative,0.17073771703584126
1342160885780008960,negative,0.0026812772105823885
1342160885884866560,negative,4.301094882263365e-10
1342160886614478848,negative,0.014205827926210534
1342160886790762499,negative,0.17924444010584145
1342160889085046786,negative,0.0069571137892871044
1342160890414690311,negative,0.0008443184553922707
1342160891027054593,negative,0.00023123326910475423
1342160891907870720,negative,0.00011797254179821538
1342160893086470144,negative,0.03107702505705782
1342160893489127425,negative,0.027819797857931355
1342160894156009472,negative,0.024216065000184046
1342160894223126528,negative,2.369075676258123e-09
1342160894697025536,negative,2.13227863011576e-08
1342160894910844929,negative,0.02863318724722656
1342160894919368710,neutral,0.4525299360032805
1342160895120732160,negative,0.0069571137892871044
1342160895225573378,negative,0.005621889551291745
1342160895649181696,negative,0.028883334796173155
1342160896160886786,negative,0.00892630656515407
1342160897414840322,negative,0.031608420962193684
1342160897427562502,negative,0.02895217930654432
1342160897662472195,negative,0.0005985921576933209
1342160897788137472,negative,4.822650848186828e-06
1342160898329354240,negative,0.0007929404103188511
1342160899998683137,negative,5.4518214302660153e-05
1342160901328265217,negative,0.17151600090222122
1342160901751910404,neutral,0.3362649208364937
1342160901949022210,positive,0.9514824666577837
1342160902041300994,negative,0.12962009069807864
1342160902657859590,negative,0.054327400666022506
1342160906361438208,negative,0.19608385064557662
1342160906541817857,negative,0.0007012646144745584
1342160906793447431,negative,0.176411161274856
1342160907548418049,negative,0.014205827926210534
1342160907619725313,neutral,0.36111062315395087
1342160907623923714,neutral,0.42785875118910477
1342160907863007233,negative,0.29861392695448297
1342160908315983880,negative,3.792379489848801e-05
1342160912560619525,negative,0.005605058504731523
1342160913789542402,negative,0.09478873964671618
1342160915223994368,negative,0.16913426361747186
1342160915899305984,negative,2.0859748975991913e-07
1342160915957952516,negative,0.10868048952192352
1342160916419399681,negative,0.0007929404103188511
1342160916436152321,negative,0.04586691580839149
1342160916977242114,neutral,0.5490292481829452
1342160918575263744,negative,0.021324888176839953
1342160918982127616,neutral,0.49789225920557484
1342160919233785856,negative,0.15237137935820858
1342160919695077379,negative,0.002776205268339925
1342160920156450816,positive,0.9477931060999414
1342160921586708484,negative,0.028840784967401684
1342160922228518912,negative,0.0001457299985774119
1342160922283028481,negative,0.07987316261843269
1342160922736029697,negative,0.13029071353102356
1342160922912153600,negative,1.6734281074416479e-10
1342160923700711429,negative,0.0069571137892871044
1342160927274229760,negative,0.0028035244083337357
1342160927718854656,negative,2.5987155852303245e-05
1342160927769190401,negative,0.0003163882391361398
1342160929400770564,negative,5.667585845313686e-06
1342160931393044481,negative,1.4635937090505173e-06
1342160931816697856,positive,0.7048568894787854
1342160932512870407,negative,0.05528446120294227
1342160932525535233,negative,0.011538404096376137
1342160932731047939,negative,0.00044286331715456817
1342160934891089925,negative,0.19608385064557662
1342160936988241922,neutral,0.4307164096682144
1342160937697112065,negative,0.00044286331715456817
1342160939123138560,negative,0.018223727094134636
1342160940259827714,negative,0.0006726122019988871
1342160940511485956,negative,0.18397799247355412
1342160949013180417,negative,0.23432434876951558
1342160949248196610,negative,0.04158292670870191
1342160949504077824,negative,7.345164367713402e-06
1342160954537242633,negative,0.32112084512068156
1342160956588257280,neutral,0.48439634580644964
1342160956835692544,negative,0.14753306846464215
1342160957183827970,neutral,0.49789225920557484
1342160957326299138,negative,0.00011473850419341964
1342160964209278976,neutral,0.49789225920557484
1342160964389642240,negative,0.17924444010584145
1342160964402216960,negative,1.759375125473171e-05
1342160965991858176,negative,0.23094543958419494
1342160966864293896,negative,0.0030342815444173317
1342160967715741699,negative,0.08343273854556492
1342160970177765376,negative,0.030589004189231994
1342160972161511425,negative,0.00018173712063906142
1342160974321745921,neutral,0.5533970533999424
1342160974405627910,negative,0.002584028911410615
1342160978411184129,negative,0.08701235999458162
1342160978620907527,negative,0.054327400666022506
1342160979560439809,negative,0.09646578667338862
1342160979577237504,negative,7.000968158929942e-05
1342160982722961408,neutral,0.49789225920557484
1342160984107069443,positive,0.9036201162179067
1342160986510401543,negative,0.0004726123744015787
1342160986904662018,negative,1.6614871244088944e-09
1342160987009536002,negative,6.046486790017601e-06
1342160987890266115,negative,0.2906278741030604
1342160989836341248,neutral,0.6149732941538079
1342160991501615104,negative,0.07270059996764033
1342160992403390467,negative,0.00017582172268412865
1342160992562720770,negative,0.009087159101972653
1342160994911612930,negative,0.03999182497324638
1342160998459985921,negative,7.026607133529424e-08
1342160999030394880,negative,0.06280685983190057
1342161002230591491,neutral,0.4307164096682144
1342161003539259398,negative,0.010707567603196803
1342161004214542336,negative,0.016427604373005056
1342161007750340616,negative,0.0502984217536514
1342161007754563589,negative,0.07192298659144568
1342161007926534148,negative,0.027289744188104013
1342161007968452610,negative,0.009834930587955383
1342161008043941889,negative,0.0044264324848902374
1342161008316600327,positive,0.9964728648357923
1342161009000259588,negative,0.0005460435457820391
1342161010631843840,negative,0.004660095473976726
1342161011470704640,positive,0.9966815111517452
1342161011625897984,neutral,0.45888682745913906
1342161016034111494,negative,0.0028035244083337357
1342161018315821062,neutral,0.6149732941538079
1342161018886250496,negative,0.004048582271772707
1342161019007868935,negative,0.016427604373005056
1342161019427237888,negative,0.09963248928953965
1342161021625106433,negative,0.19230248376904463
1342161023374139398,negative,2.735625351824197e-06
1342161023957139458,negative,0.07692911865492771
1342161025261559810,negative,0.25000550211112155
1342161027086102534,negative,0.2990677891813035
1342161027249664000,negative,0.0066621370182119305
1342161027610378241,negative,4.3408128273352086e-05
1342161027622965259,negative,0.0003356739674628079
1342161027744600064,negative,0.04431263158694897
1342161028361162752,negative,0.055677767582300176
1342161028428279815,negative,0.014046218899557936
1342161028663173121,negative,0.00012919953254284541
1342161028818329601,positive,0.9966815111517452
1342161028855988225,negative,0.22871904024373627
1342161029464207360,negative,0.00044026634978309694
1342161029514502146,negative,0.010821739943380863
1342161032849088512,negative,0.016464699376844857
1342161032895209475,negative,0.0026770629195329823
1342161033775951876,negative,1.2346261627843641e-08
1342161035466317825,neutral,0.33623359787652535
1342161035629912066,negative,0.12577981663135723
1342161035642462211,neutral,0.6149732941538079
1342161035852210177,negative,0.0812148074563168
1342161036191870976,negative,0.19230248376904463
1342161036317761538,negative,0.09182517808455813
1342161036431020032,negative,0.009087159101972653
1342161036829323265,negative,1.3220711666218853e-07
1342161037605351429,negative,0.000725745494711989
1342161038016475142,negative,0.1239235556525478
1342161038393925638,positive,0.9611958417475951
1342161038402334721,negative,0.0006647411279934617
1342161038444294144,negative,9.04430045196188e-06
1342161038859493377,negative,0.3006403786005674
1342161039782100994,negative,0.0012802493548384288
1342161039908069376,negative,0.15316018159200712
1342161040046342146,positive,0.9996647848002677
1342161040809844737,neutral,0.49789225920557484
1342161041556295681,negative,0.013016721627495122
1342161042223235072,positive,0.820609514887308
1342161043351621636,negative,5.001696173137159e-06
1342161045113094145,negative,0.00023123326910475423
1342161046027591681,positive,0.9990271479556139
1342161046275051522,neutral,0.5499248721543345
1342161046455406596,negative,0.001338865932659323
1342161048074334209,negative,0.19230248376904463
1342161049072644102,negative,1.7328531789650928e-13
1342161049496285184,negative,0.00014292481860411277
1342161049689223168,negative,0.015792927315297817
1342161050431606784,neutral,0.3816840056458336
1342161050775515136,negative,3.142822654108156e-05
1342161052595871747,negative,0.00606045011717588
1342161053015306242,neutral,0.49789225920557484
1342161053103362048,negative,0.011538404096376137
1342161053208162304,negative,0.2906278741030604
1342161053241794560,negative,0.00828304991893307
1342161054097416193,negative,0.003433871264966067
1342161054135177219,negative,0.054327400666022506
1342161055049424896,negative,1.6734281074416479e-10
1342161055351529472,negative,0.0038632138343166755
1342161055557054467,neutral,0.49789225920557484
1342161055787708418,negative,0.0008614136859577925
1342161057058598912,negative,1.741368814463051e-07
1342161057905860610,negative,0.016427604373005056
1342161058220408834,negative,0.09640323611645361
1342161058748887040,negative,9.41259431014619e-09
1342161061743652864,negative,0.0019742200850810976
1342161061953339396,negative,0.12264717914797435
1342161062070804488,negative,0.0025117858702594807
1342161062922223617,negative,0.0025550709368505837
1342161063320678401,negative,1.034350115547478e-07
1342161063748493312,negative,5.001696173137159e-06
1342161064130048001,negative,0.054327400666022506
1342161064306343936,negative,0.0006613275984876163
1342161064763346945,negative,8.515087045096324e-06
1342161065421914113,negative,0.0006618755121295592
1342161066164432897,negative,0.03937460899456648
1342161066302717953,negative,0.12014550551047316
1342161066730655744,negative,5.001696173137159e-06
1342161066864816128,negative,6.102002036722476e-06
1342161068357898240,negative,0.031231833153341285
1342161068647460865,positive,0.9997986240468733
1342161069238849539,negative,0.15237137935820858
1342161069364576256,negative,0.0017544270121222598
1342161070031593476,negative,0.1450731259678656
1342161071914721282,negative,0.18543234769735967
1342161072791416834,negative,0.005194596826563236
1342161073273630721,negative,0.00023123326910475423
1342161074100043778,neutral,0.49789225920557484
1342161075316412417,negative,0.005388484415529892
1342161075962310664,negative,3.792379489848801e-05
1342161076432072705,negative,0.07134663643575757
1342161078151761931,negative,7.187130755498567e-06
1342161080064229378,negative,0.015551833374658009
1342161080148258816,negative,8.677896787861618e-10
1342161081041608705,negative,0.003172951970372235
1342161081242963969,negative,0.00030250149425897603
1342161081897246723,negative,0.0004760529356788509
1342161082249588739,negative,5.001696173137159e-06
1342161082656428033,neutral,0.3315587626057608
1342161082895446024,negative,0.0009974031909693718
1342161082996162568,negative,1.843004013434222e-07
1342161083436584961,neutral,0.402708063042279
1342161084224966661,negative,0.021832781444602187
1342161086636838914,neutral,0.49789225920557484
1342161089853857794,negative,0.00551850714982204
1342161090269106183,negative,1.8161005176761913e-05
1342161090311032834,negative,0.19972204682111397
1342161091703541760,negative,0.21047953907773329
1342161092022325248,neutral,0.5490292481829452
1342161092110389255,negative,0.21169841042377396
1342161093410619392,negative,5.001696173137159e-06
1342161093645529088,negative,0.018645712974612195
1342161094232702978,negative,0.07084757697592288
1342161094589214722,negative,0.0010310542170190748
1342161095029649411,negative,5.001696173137159e-06
1342161095067381761,negative,1.6380271419265587e-06
1342161095788797953,negative,5.001696173137159e-06
1342161095889453062,negative,0.03796884500247603
1342161096011100161,positive,0.9966815111517452
1342161096426344451,negative,9.312342969632663e-17
1342161097864966144,negative,0.026997229091213177
1342161099131662338,negative,0.17044507965365124
1342161099425275905,negative,7.64252555289859e-13
1342161099848880128,positive,0.8682474762782383
1342161100104638464,negative,0.01901656117934125
1342161101132345346,negative,0.0066621370182119305
1342161101350436866,negative,0.10189721805660573
1342161101732118533,negative,0.08663899687720059
1342161102877073408,negative,0.007466784991039743
1342161103133028353,negative,0.004315178123019976
1342161103300780034,negative,7.842650143750665e-06
1342161103426625553,negative,0.06810498982857156
1342161103640555520,negative,5.001696173137159e-06
1342161104030621696,negative,8.318917439728897e-06
1342161104282263553,negative,0.10881362554250651
1342161104450052096,negative,0.01806524058391686
1342161104621940736,negative,0.005058963611082928
1342161108325572608,negative,0.0010115119251155277
1342161109663571970,negative,9.316665970690891e-09
1342161109919395845,negative,0.040805085571563524
1342161111353872384,negative,0.027955318305841182
1342161111513227269,negative,2.6371211845635682e-09
1342161111743922180,negative,0.15817886968700595
1342161112096129026,negative,0.141157180475184
1342161113220345857,negative,0.15335434241404183
1342161113480355842,negative,9.776021743288367e-05
1342161113484460032,negative,0.10641610931266857
1342161113488617472,negative,4.0657099358270635e-05
1342161113534918657,negative,0.02545129439631673
1342161116110217218,positive,0.774378866808659
1342161116164722688,negative,0.015773583174067275
1342161116437348356,neutral,0.5490292481829452
1342161116496076800,negative,0.036117243387343345
1342161117062324229,negative,0.009562043434444856
1342161118375063554,negative,0.004500830653513034
1342161119964762112,negative,0.0031163228578198845
1342161120707162118,positive,0.7200154066909832
1342161121650864131,negative,0.20247444855385874
1342161122225360896,negative,0.14753306846464215
1342161122678480896,positive,0.9205393517642273
1342161123609436161,negative,0.058341065007882054
1342161123827724289,negative,2.6551873154995943e-06
1342161123840303107,negative,0.27538537887707226
1342161124960030721,negative,0.32487682076984686
1342161125329297413,negative,1.2137587316032155e-05
1342161125987778570,neutral,0.42534852511265614
1342161126344314880,negative,0.041137094692619204
1342161127724249089,negative,5.001696173137159e-06
1342161128273702914,negative,0.00023099317493495146
1342161128797982724,positive,0.9999948549081155
1342161129422909444,neutral,0.3656943378867045
1342161129972252673,negative,0.008747071094500498
1342161131482324994,neutral,0.49789225920557484
1342161132241494018,negative,0.07224993279880014
1342161132782497794,neutral,0.46127768308170247
1342161132841283584,negative,0.06346168794334958
1342161133310898176,negative,3.964588768473941e-06
1342161133453524992,negative,0.0021116303739656416
1342161133726265347,neutral,0.3933207395559069
1342161133738872833,negative,0.09646578667338862
1342161136221827073,negative,0.016427604373005056
1342161136817479680,negative,0.223658697637121
1342161137169801228,negative,0.018449526543362363
1342161137215942661,negative,1.2564647458020425e-10
1342161137790402560,negative,0.13330950109685444
1342161139363405834,negative,0.2223917177157864
1342161141997445120,negative,3.527564367929993e-05
1342161142253301761,negative,0.008747071094500498
1342161143117324290,neutral,0.3358218310945649
1342161143142428672,negative,0.045006460200907074
1342161144644034560,negative,4.9763653321873835e-06
1342161144962662401,negative,2.2450649872116583e-05
1342161145491296256,negative,0.20794628869772697
1342161146732752897,negative,0.04431263158694897
1342161147206754304,neutral,0.49789225920557484
1342161147320000513,positive,0.8344571001146318
1342161147546497026,negative,0.0012802493548384288
1342161148339253248,negative,7.37580803184659e-05
1342161148393750530,neutral,0.49789225920557484
1342161148615880705,negative,0.0010427729243528215
1342161150235074560,negative,0.014786530650198476
1342161150604152834,negative,0.06329254544794297
1342161151493361664,negative,0.000942675738455971
1342161153041035265,negative,5.001696173137159e-06
1342161153204637696,negative,5.001696173137159e-06
1342161153405939714,negative,5.001696173137159e-06
1342161154026708994,negative,0.06874719049203769
1342161155083657218,positive,0.9582814969084437
1342161155134009354,negative,1.1710854220946143e-05
1342161155243069443,negative,0.12703271384507175
1342161155247243266,negative,0.006518674433990193
1342161155683454983,negative,0.0001908039991274236
1342161157801521152,positive,0.8600855473865481
1342161158044700673,neutral,0.6149732941538079
1342161158070030336,negative,0.1939751723184478
1342161158212616192,negative,1.348042583940466e-07
1342161158573350914,negative,0.02312814423556466
1342161158644576257,neutral,0.6392758857166877
1342161159827369987,neutral,0.49789225920557484
1342161159848419328,negative,0.06106744169493714
1342161160007774209,negative,1.2075315930870222e-05
1342161160175546368,positive,0.9051872465569689
1342161161370951681,negative,0.3029968537174699
1342161161572274176,negative,0.12145148531883078
1342161161953959938,negative,0.005584792549071585
1342161162243371012,negative,0.03992500803180847
1342161162255917056,negative,0.2017131320955342
1342161162960396289,negative,0.027074352418375917
1342161163921010689,negative,0.019957566572511624
1342161164042706947,negative,1.841372811322691e-05
1342161164084637697,negative,0.05937644114262003
1342161167465123840,negative,0.011778657885330808
1342161168106975234,negative,0.20215123409658478
1342161168660623360,positive,0.8778655700489707
1342161168731922432,negative,0.0009390030926242938
1342161170451619843,negative,0.057100421758971884
1342161170665529347,neutral,0.623210887497318
1342161171529478145,negative,0.012468040280025128
1342161171638591488,positive,0.9205393517642273
1342161173270196225,negative,0.014921409828964609
1342161174109020160,negative,0.0006761293469250247
1342161174633148421,positive,0.9996679469659898
1342161174926929920,positive,0.9915587606204698
1342161175543312384,negative,0.0866838281343608
1342161176675962880,negative,0.18258183392746283
1342161177615339521,negative,0.0013309581222396769
1342161178798170112,negative,7.391846241521463e-05
1342161179255459844,negative,0.0009210258709874677
1342161179607760899,negative,0.01563543576172292
1342161180110962689,negative,4.7528097106310306e-06
1342161180257873922,negative,0.0007929404103188511
1342161180715069441,negative,2.1481137108335857e-05
1342161180840894464,negative,0.27538537887707226
1342161181038014464,neutral,0.49789225920557484
1342161183361671170,negative,0.11510715795800726
1342161184192139264,negative,0.015459452077076921
1342161184603205632,negative,0.00015783776096039886
1342161185152630785,negative,0.04693835545167101
1342161185446232068,negative,0.053341558198137067
1342161186524160000,negative,0.0006298195554847779
1342161186880712711,negative,0.21047953907773329
1342161187002314754,negative,0.05352475611900498
1342161187417546755,negative,0.0010427729243528215
1342161187862159361,negative,0.12031485348697876
1342161188310933504,negative,0.17533997783822805
1342161188533260288,negative,0.00044286331715456817
1342161188671655936,negative,0.12356545199738704
1342161188965199872,negative,0.0011353916683194206
1342161189078499329,negative,0.0018089831172252648
1342161191087583232,negative,5.001696173137159e-06
1342161191192428546,negative,1.2137587316032155e-05
1342161191389564928,negative,0.0713096601379409
1342161193016946690,negative,0.014425713493889014
1342161193994125312,negative,0.18543234769735967
1342161194514313216,negative,2.871713590537206e-05
1342161195072163840,negative,0.009504658048440747
1342161195609038848,negative,0.0005732561618419734
1342161196686974977,negative,0.3098259780129692
1342161196741513219,negative,3.2836243895698886e-08
1342161197303533568,neutral,0.4799681435772251
1342161198196748289,neutral,0.49789225920557484
1342161199262261248,positive,0.9570625677127509
1342161199446847490,negative,0.1259648964658743
1342161199992098816,negative,0.0031747899359397744
1342161200025624577,neutral,0.5533970533999424
1342161202173140993,negative,0.0053438643836353095
1342161202965835776,negative,1.821023029183293e-07
1342161203041357824,positive,0.8636641111665285
1342161203263631360,negative,0.006494761165855048
1342161203410427907,negative,0.14053694772480843
1342161203775352832,negative,1.3916124875620329e-06
1342161203813097474,neutral,0.6316962599078529
1342161205557911552,negative,0.01615575654303187
1342161206346452993,neutral,0.49789225920557484
1342161206648442881,negative,0.03112515804643714
1342161206849757187,positive,0.774378866808659
1342161207470395392,negative,0.051718651505617864
1342161207860584448,negative,2.795051240967725e-07
1342161208544210947,negative,7.30774934935384e-05
1342161208900644866,negative,1.9055105899878272e-06
1342161210184245248,negative,0.05352475611900498
1342161210347642880,negative,4.431959094268678e-05
1342161213392736256,neutral,0.6149732941538079
1342161213657149443,negative,5.001696173137159e-06
1342161213669703684,negative,0.004500830653513034
1342161213770375168,negative,0.0012802493548384288
1342161213883641857,negative,0.027804090872741338
1342161216534441997,positive,0.999999953870174
1342161216685318144,negative,0.2507196584009935
1342161217004122112,negative,0.033036795290172456
1342161217343860736,negative,1.2137587316032155e-05
1342161217952034824,negative,0.03389676136479784
1342161218270711810,negative,0.0004760529356788509
1342161218581225472,negative,0.07730739556701206
1342161219717894144,neutral,0.4184888632202746
1342161219751456771,negative,0.08437613153631827
1342161220078592003,negative,0.027289744188104013
1342161222121238528,negative,0.000787520175436238
1342161223115161602,negative,0.0319206093468433
1342161224486809601,negative,0.0024303897696192948
1342161224486821890,negative,0.05298866736839304
1342161224709140480,negative,1.2137587316032155e-05
1342161225006915593,positive,0.9851279021671344
1342161225015296000,negative,9.178070812045909e-05
1342161225954844673,negative,0.0043823140181981045
1342161226432995332,negative,0.004300878492222307
1342161226445561856,negative,0.00846857849816734
1342161226789486593,negative,3.2366362626937776e-07
1342161227443798016,negative,0.015604748425775495
1342161228253310976,negative,0.0011004957171603339
1342161228945387520,positive,0.7444127378451055
1342161230107127808,negative,4.044389952670016e-05
1342161230484660225,negative,0.03259229542648186
1342161230530801668,negative,5.001696173137159e-06
1342161231164157953,negative,0.0069571137892871044
1342161231298387968,negative,0.0355081205669965
1342161231784902656,negative,1.7161990852840349e-07
1342161232288165891,negative,1.2137587316032155e-05
1342161232636346369,negative,0.28741154178763173
1342161233244352512,negative,0.013016721627495122
1342161233282265089,negative,0.0023338578634849384
1342161233491988480,neutral,0.5063575273151028
1342161233726869504,negative,0.009834930587955383
1342161234456498176,negative,0.14870227111570603
1342161234607677441,negative,0.07192298659144568
1342161235547213827,negative,0.0001618715877547291
1342161237493354496,negative,0.054327400666022506
1342161237640146944,negative,0.023292438214799094
1342161238084767744,negative,0.0003936263620289207
1342161238189608960,negative,0.005605058504731523
1342161241884811265,positive,0.9886393883365743
1342161241947648001,negative,0.03701250844229914
1342161242828328960,negative,0.009655167226292012
1342161243935797248,negative,0.00031903428567659696
1342161244183093248,negative,0.056064655995890535
1342161245273784322,negative,0.14305136621469608
1342161246913785862,negative,0.15237137935820858
1342161247098314752,negative,2.1631155389000457e-07
1342161248033660937,negative,0.00018519048000607122
1342161248465645575,negative,0.03389676136479784
1342161249740730371,negative,0.014425713493889014
1342161250302627840,negative,0.2969566657088022
1342161250772537345,negative,8.476340546339538e-11
1342161250902536193,neutral,0.49932337670129334
1342161251418292229,negative,0.00044286331715456817
1342161251686875142,positive,0.9964728648357923
1342161253498699777,negative,0.2969566657088022
1342161253674803200,negative,0.07726435786683304
1342161253867921415,negative,0.05082979832061078
1342161255260446721,negative,0.014921409828964609
1342161255763767298,negative,6.582747253450239e-05
1342161255830876161,negative,0.14192462298777708
1342161255948300290,negative,5.001696173137159e-06
1342161256082513922,negative,0.0009027229565453417
1342161256610983939,negative,0.01802643909317884
1342161257223303170,negative,0.15388074030892698
1342161257399517185,negative,5.702152232251858e-07
1342161258318077960,neutral,0.584101220937027
1342161259026898944,negative,1.6734281074416479e-10
1342161259236646914,negative,1.9940022902823652e-05
1342161260486553600,negative,0.007265170212787386
1342161262755667972,negative,0.005045473727914039
1342161263221211138,neutral,0.6210907753807138
1342161263477092358,negative,9.168887869849792e-05
1342161264399835138,neutral,0.49789225920557484
1342161265096065025,negative,1.7578912494028763e-07
1342161265586806786,negative,0.08148505330224094
1342161266304049154,negative,0.06426464958996005
1342161266861895681,negative,0.016427604373005056
1342161266991837184,positive,0.8488784103859388
1342161267402878976,negative,0.0014953619038052491
1342161267843330052,negative,0.0030481865525037208
1342161267897864193,neutral,0.3426638101355001
1342161268573155331,negative,0.04431263158694897
1342161268841578500,neutral,0.4616070069502966
1342161269193756672,negative,0.00029196341699747616
1342161270636761096,negative,8.089337038766044e-05
1342161270917771266,negative,0.010681013699676521
1342161272578707457,negative,0.001160058417124445
1342161272696152064,neutral,0.49789225920557484
1342161273002319873,negative,5.001696173137159e-06
1342161273136558080,negative,9.41259431014619e-09
1342161274621333504,negative,1.797849411738036e-05
1342161275317596160,neutral,0.4705026239168581
1342161275544080384,negative,0.03246128932462553
1342161277276323840,neutral,0.6241918372733148
1342161277414748160,negative,5.001696173137159e-06
1342161277913862147,neutral,0.46046018678411
1342161279620968449,positive,0.7272306740307661
1342161279692263425,negative,0.012563938153361343
1342161280656961538,negative,0.056064655995890535
1342161280782782464,negative,6.188744288439302e-06
1342161283307737089,negative,0.00021150508835675644
1342161283458727937,negative,0.0016724650706583881
1342161283513274370,negative,0.03246128932462553
1342161283542638594,negative,1.7713927156273787e-06
1342161283810902016,negative,0.024769145499666724
1342161284083675140,negative,0.0045774114226911815
1342161284670791680,negative,0.00849309960577442
1342161284951908352,negative,0.00042804589235522666
1342161284977061888,negative,0.07091888881489507
1342161286302461954,negative,0.010811808253485619
1342161287338283010,negative,0.00018173712063906142
1342161287556509704,negative,0.0028035244083337357
1342161287556571145,negative,0.27538537887707226
1342161287560757250,negative,0.1239235556525478
1342161287959224324,negative,3.441747543310797e-05
1342161288768540672,negative,6.461339894424436e-07
1342161289049726979,neutral,0.33623359787652535
1342161289083289601,negative,0.00012993826792649267
1342161290123489280,negative,0.0010966534675369323
1342161290207375362,negative,0.0028035244083337357
1342161292690415621,negative,0.04133561405294438
1342161292795121664,negative,0.005605058504731523
1342161293160177671,neutral,0.37866768635878983
1342161294020009986,neutral,0.5652144012458306
1342161294061928450,negative,0.0011023714056456009
1342161294259085313,neutral,0.5472960823705576
1342161294288416768,negative,0.07295977329396977
1342161296209358848,positive,0.9995150895354633
1342161296414797824,negative,0.0069571137892871044
1342161296586899456,neutral,0.4147342023902695
1342161297316720641,negative,0.2742038645253541
1342161297937477633,negative,0.0006004748683393548
1342161298570801152,negative,1.5192893388929199e-05
1342161298793099265,negative,0.014921409828964609
1342161300789583874,negative,0.10440416148123748
1342161300965617665,negative,2.783108302856141e-07
1342161301204819968,negative,0.005058963611082928
1342161301322264577,negative,0.002745298738113449
1342161301599121408,negative,0.21047953907773329
1342161301846548480,negative,2.6551873154995943e-06
1342161302433763331,negative,0.005851846507956124
1342161302567923716,neutral,0.5030332264438171
1342161302937075712,negative,0.0058802167945524765
1342161304451211265,negative,0.016427604373005056
1342161304807735302,negative,0.0069571137892871044
1342161305118138368,negative,6.416519481003944e-10
1342161306128805890,negative,0.002491379310339485
1342161306762285057,negative,0.002745298738113449
1342161307156492288,negative,0.26790650985370623
1342161307596947457,negative,0.01677020515021496
1342161307856879618,neutral,0.49789225920557484
1342161309106843648,negative,0.0010427729243528215
1342161309434064897,negative,4.429319665962582e-07
1342161309769592834,negative,2.905887288015491e-07
1342161310331645958,negative,0.036870999809779426
1342161312302956546,negative,0.0005545461067886342
1342161312726593541,negative,0.004863689214591459
1342161313229750272,negative,8.515087045096324e-06
1342161313481584641,negative,0.2691704513998477
1342161314123280388,negative,0.009655167226292012
1342161314215550977,negative,0.004080028881706675
1342161314525884417,negative,0.08763266085093319
1342161315264126978,negative,0.2434496508937989
1342161315272552448,negative,0.0008995357965863686
1342161315524177923,negative,0.0448030301306124
1342161315687759873,negative,0.027289744188104013
1342161316895711232,negative,0.2564575037384053
1342161316983799810,positive,0.6910199401157298
1342161317256421376,negative,2.984505746155089e-11
1342161317952512002,neutral,0.4663917579447527
1342161318640553985,positive,0.9729530879535088
1342161319085092864,negative,8.890588584242228e-08
1342161319429103617,negative,0.057100421758971884
1342161319575900165,negative,5.5405743668408867e-08
1342161320737648642,negative,0.1123542187380721
1342161321270386689,neutral,0.6043200082682098
1342161321857576965,negative,0.002745298738113449
1342161321874354178,negative,5.001696173137159e-06
1342161322134417410,negative,0.05352475611900498
1342161322172166145,negative,0.04431263158694897
1342161322683867137,negative,0.01366302732957199
1342161323057176577,negative,0.00017582172268412865
1342161323455557635,positive,0.8440728986871372
1342161324948807680,negative,3.792379489848801e-05
1342161325204664320,negative,7.723328106953246e-10
1342161325443657742,negative,0.26076950668447035
1342161325602947073,negative,1.6734281074416479e-10
1342161325871415297,negative,9.290614402304577e-06
1342161326710382596,negative,0.007809040031757991
1342161328283254788,neutral,0.48636446360627167
1342161330346848259,negative,6.908402933362447e-07
1342161331248619521,negative,0.0003756903707675662
1342161331965874178,negative,0.00012438050347565228
1342161332192370694,negative,0.0022558990971385325
1342161334327259138,negative,8.534044139742474e-07
1342161334436290560,negative,0.04309523899221751
1342161334545379331,negative,0.0400320357094152
1342161334792818688,neutral,0.44193049347687885
1342161334994169858,negative,5.001696173137159e-06
1342161337758212098,negative,0.001160058417124445
1342161338202812423,negative,0.17443188831488549
1342161339477798912,negative,7.998441192482359e-06
1342161339670642689,negative,2.1882351082320715e-05
1342161340023132163,neutral,0.3920775259595825
1342161341876940813,neutral,0.3589829061806408
1342161343433089024,negative,1.3694295496879841e-09
1342161343621832706,negative,0.000567262825528846
1342161344091607042,negative,0.03072230549685363
1342161345932881921,negative,0.057100421758971884
1342161346146697216,negative,0.0011353916683194206
1342161346259943424,negative,0.0051932906889877485
1342161346801098753,negative,0.010799465761523604
1342161348298477574,negative,9.230453766366061e-07
1342161348789231617,negative,0.02312814423556466
1342161351687499777,negative,0.024586569840210654
1342161352350171136,negative,0.008002740267951025
1342161352354361344,negative,0.09575449884291296
1342161352517951489,negative,0.0010765366125620335
1342161353059000320,negative,5.001696173137159e-06
1342161353679773701,positive,0.9562634682718758
1342161355625914368,positive,0.9752841466459561
1342161356020039681,negative,0.07821756732940689
1342161356498358278,negative,0.016427604373005056
1342161359279185922,negative,1.2707736114439801e-05
1342161359304327174,negative,8.089337038766044e-05
1342161359606321152,negative,0.001095849295524466
1342161359790895104,neutral,0.4514252764304303
1342161361451638787,neutral,0.65556506189939
1342161362261311489,negative,0.01591573754816143
1342161363481874432,negative,0.056064655995890535
1342161363926474752,negative,1.1398889491512421e-07
1342161364316516352,neutral,0.47778778013251627
1342161364765306880,negative,0.0004760529356788509
1342161364840755200,negative,0.06106744169493714
1342161365050355713,negative,0.025468886026515845
1342161365117460481,negative,2.042737060235769e-05
1342161365335744517,negative,3.6553190430605945e-12
1342161365419646977,negative,0.015565404561229668
1342161367487414272,negative,0.32112084512068156
1342161367646806021,negative,0.06946581803373242
1342161367747489792,negative,0.0017544270121222598
1342161367915253770,negative,0.07726435786683304
1342161368162553861,negative,0.01901656117934125
1342161368817016832,negative,0.06293435376803298
1342161369722806272,negative,0.024623666153617847
1342161370024964098,negative,5.001696173137159e-06
1342161371480215552,negative,0.027289744188104013
1342161372151390209,negative,2.5879376943124037e-05
1342161372495425537,neutral,0.49789225920557484
1342161372617052162,negative,0.02312814423556466
1342161372885487622,negative,0.2683400095034717
1342161372965027842,neutral,0.4894438397947411
1342161373116198914,negative,5.001696173137159e-06
1342161373309116416,negative,0.009087159101972653
1342161373661437952,negative,0.0069571137892871044
1342161375271874562,negative,0.05358945346816664
1342161375502757889,negative,0.0008609352616076612
1342161376446472193,negative,0.007466784991039743
1342161377109151745,neutral,0.46127768308170247
1342161377486635012,negative,0.0021711828321665616
1342161377872535553,negative,0.0014775854351103544
1342161379629920257,negative,0.009087159101972653
1342161379894112257,negative,3.977265850725536e-06
1342161380196179968,negative,0.046541112853621454
1342161380858859524,negative,0.0010475991858810295
1342161380917571586,negative,9.580485058899063e-05
1342161381198606336,negative,0.002009955652298632
1342161381232152584,negative,0.001224402181922658
1342161381664186368,negative,3.792379489848801e-05
1342161382150713345,negative,0.03246128932462553
1342161384302374918,negative,0.012376378919967288
1342161385401307137,negative,0.02547184345439813
1342161385522950150,negative,4.8950821845208605e-11
1342161386600857609,negative,3.035461084035595e-07
1342161387657768961,negative,0.0004760529356788509
1342161389188734977,negative,0.00044286331715456817
1342161389499068419,negative,5.750436644606589e-05
1342161390031745027,negative,0.001160058417124445
1342161390811885569,negative,0.02312814423556466
1342161392288346115,negative,4.478400040612352e-05
1342161392493862912,negative,0.014233824104601235
1342161393253036035,negative,0.023765752893186755
1342161393303347200,negative,0.0016984442996489809
1342161393961881600,negative,0.020733797876034635
1342161394268069894,negative,0.03246128932462553
1342161394427375618,negative,0.016427604373005056
1342161396616867841,negative,0.0076578062708509195
1342161396843352064,negative,0.05352475611900498
1342161397422190593,negative,2.6551873154995943e-06
1342161397820649474,negative,0.001095849295524466
1342161397896065025,negative,0.09395104433901014
1342161398089076736,negative,0.07091888881489507
1342161398399447040,negative,4.7383348039992747e-08
1342161398458167298,negative,0.0006004748683393548
1342161398680326144,negative,0.012031287175026849
1342161398823055363,negative,0.06767886766577472
1342161398885969921,negative,0.009087159101972653
1342161400492384260,negative,0.001400110669068977
1342161401809432578,negative,0.008787525787110336
1342161402400792578,neutral,0.5136446707795853
1342161403071885314,negative,0.028603228726078397
1342161404959178752,negative,0.0007215222070526154
1342161405303144448,neutral,0.49789225920557484
1342161405491949571,negative,0.04453525980132467
1342161407127646208,negative,0.27538537887707226
1342161407312326662,negative,0.00217494478910562
1342161407509409792,negative,0.008477051347576606
1342161407559823362,negative,6.256942625617613e-06
1342161407576403968,negative,0.09640323611645361
1342161409224880130,negative,0.0021711828321665616
1342161409476599815,positive,0.9633894245446962
1342161409912745988,negative,0.0002481204762941482
1342161410109755393,neutral,0.49789225920557484
1342161410143510528,negative,0.12925588905540755
1342161411091345409,positive,0.9141553654999028
1342161411204673538,negative,0.02049828370112842
1342161411833810944,negative,0.015141648629067025
1342161412655902721,negative,0.3298500201690303
1342161413389889537,negative,6.50907876889095e-08
1342161413599588353,negative,0.0036169996768104897
1342161414199369729,negative,0.07091888881489507
1342161414912417793,negative,0.017524952053127672
1342161415101173764,negative,1.0803272418517311e-05
1342161415126327300,negative,0.15431672467235485
1342161415138848768,negative,0.07207972952978715
1342161415356907520,negative,0.00022949559299155462
1342161415650611203,negative,0.004998563536587075
1342161416187478016,negative,0.0024369575514482885
1342161417177325570,neutral,0.6149732941538079
1342161417181532162,negative,9.615073444193017e-05
1342161417525465088,negative,0.0003467311845386142
1342161417550622723,negative,7.818343811779682e-06
1342161418746003462,negative,0.0008915285285012392
1342161419761049601,neutral,0.49789225920557484
1342161420201455616,negative,0.015773583174067275
1342161420713160707,negative,0.0012786061647885115
1342161422185345025,negative,0.05878363343565463
1342161423317741573,negative,0.056064655995890535
1342161423342956547,negative,0.0006048523814690038
1342161423821123589,negative,0.1233855540791185
1342161424261386240,negative,0.0001123780949996407
1342161426232860672,negative,0.00039785267656226566
1342161426341879809,negative,0.005058963611082928
1342161427776286720,negative,1.2137587316032155e-05
1342161428883582977,neutral,0.40131690887259447
1342161429001023488,positive,0.7974804084546957
1342161429449879552,positive,0.9487735471590669
1342161430460715008,negative,3.0293768013383663e-05
1342161430787858432,negative,0.00033131481651427685
1342161431433768960,negative,0.1692461648199643
1342161431928721411,negative,0.014511218469735824
1342161432520093696,neutral,0.49789225920557484
1342161432557719552,negative,0.2906278741030604
1342161432687878144,negative,5.001696173137159e-06
1342161434021670916,negative,0.0001690060164897966
1342161434067804161,negative,8.515087045096324e-06
1342161434327838721,neutral,0.3686979358119109
1342161434659217417,negative,0.0940787485057655
1342161435556630528,negative,0.18289112449282469
1342161435569352709,neutral,0.650143713116185
1342161435628068865,negative,0.0010312454679361452
1342161435812651008,negative,0.0030820883116287356
1342161435829415939,negative,0.04130096125029672
1342161436454301698,negative,0.09352602861976567
1342161436496322561,negative,0.0005583564912642673
1342161437070946309,negative,0.0010427729243528215
1342161437247086592,negative,0.0007929404103188511
1342161438308245505,negative,0.3242229476227804
1342161438610219008,negative,0.00017582172268412865
1342161439872585729,negative,2.5748448314182146e-05
1342161442695471104,negative,0.0006005728458958753
1342161443182018560,negative,0.0009390832590088655
1342161443433697280,negative,0.04431263158694897
1342161444427726848,negative,5.001696173137159e-06
1342161445388234752,negative,0.002745298738113449
1342161446554230784,negative,8.26257350437723e-06
1342161448189902849,negative,3.8042968297091853e-05
1342161448760451074,negative,5.001696173137159e-06
1342161453437116417,neutral,0.5532572930733332
1342161454011731968,negative,1.7412393405708963e-06
1342161454234021891,neutral,0.5981022790498183
1342161454443745286,negative,0.004300878492222307
1342161457123876865,negative,0.0004760529356788509
1342161457430089728,negative,5.959548009256265e-05
1342161457560104961,negative,0.19776749929531331
1342161457757126664,negative,0.0002286470979034056
1342161458050830338,negative,0.0002977093060074143
1342161458281521155,negative,1.6734281074416479e-10
1342161459556528131,negative,0.003142287567010316
1342161459753734144,negative,0.00846857849816734
1342161460236079104,negative,6.493125165451805e-11
1342161460718399488,negative,5.001696173137159e-06
1342161461301411841,negative,0.0037536406126107563
1342161461506805761,negative,1.8218995844573605e-07
1342161464220643331,neutral,0.578479984244387
1342161464396828672,negative,0.000942675738455971
1342161464543633408,negative,4.743295275430591e-05
1342161464853987329,negative,3.2366362626937776e-07
1342161465386676233,negative,0.0009390832590088655
1342161466175221767,negative,0.1758366948485248
1342161466527510528,negative,6.556125086403295e-05
1342161466611404802,neutral,0.6212195140099908
1342161466611429377,negative,0.0001123780949996407
1342161467546734594,negative,0.009720675978108382
1342161467852918785,negative,7.951133456160722e-13
1342161467869687808,negative,0.05404119872205481
1342161469211897858,negative,0.024694100878818438
1342161470033965057,negative,7.345164367713402e-06
1342161470679904259,negative,0.12962009069807864
1342161471858475010,negative,2.5019979798729342e-05
1342161472118386688,negative,0.02329323645236039
1342161474119077891,negative,0.002718430908147463
1342161474521862150,negative,0.000725745494711989
1342161475297804289,negative,0.007809040031757991
1342161475532709891,negative,5.276442790694717e-05
1342161476098920449,negative,0.0052781769575367295
1342161477080379392,negative,0.0011902757213991234
1342161477747142659,negative,1.8248267358868015e-05
1342161477881491456,negative,0.2685711445694575
1342161478141399041,negative,0.0001123780949996407
1342161478632288258,negative,0.07364364184111645
1342161480335163393,negative,0.00014815836483001937
1342161482533007361,negative,0.15335434241404183
1342161482855940096,positive,0.8344571001146318
1342161483845742595,negative,0.060552126766916355
1342161483929710593,negative,0.00010429603697760642
1342161484936261632,negative,0.15071348637152368
1342161485372551169,negative,0.27538537887707226
1342161486433701889,negative,2.8274857907701803e-06
1342161486932705280,neutral,0.4147454973971492
1342161487536611332,negative,1.9908425545702104e-05
1342161488459534336,negative,0.14155482773417377
1342161488732106755,neutral,0.5533970533999424
1342161488761516032,neutral,0.39615143461483526
1342161489126424576,negative,0.020903506647443327
1342161489130622979,neutral,0.49789225920557484
1342161489961115648,negative,2.281926771088986e-06
1342161490036580352,negative,0.29951756730770607
1342161491433283584,neutral,0.4663917579447527
1342161491886268420,negative,0.017892680409723406
1342161492515287042,neutral,0.47960041475486676
1342161492544786432,negative,0.28731038336820736
1342161493257814016,negative,0.26076950668447035
1342161494268633090,negative,1.6734281074416479e-10
1342161495057162241,negative,0.017892680409723406
1342161496478863361,negative,0.09272981582614974
1342161496990568451,negative,0.1966513218550911
1342161497296801793,negative,1.1446347098098042e-06
1342161499096297474,negative,0.0016984442996489809
1342161500409102341,negative,0.010059231358450786
1342161501520584706,positive,0.7062964465911267
1342161502212648964,neutral,0.49789225920557484
1342161502720036865,negative,0.00036698065428222344
1342161502732574720,negative,0.1250224706700623
1342161503127035912,negative,0.26076950668447035
1342161504045592577,negative,7.346033713615767e-05
1342161504142045188,negative,0.2791488358090311
1342161505878466570,negative,0.004230141069083926
1342161506042060800,negative,0.006001773181037205
1342161506188857345,negative,0.06426464958996005
1342161506906025986,negative,0.0013712739996618066
1342161507040301057,negative,0.18505441871810677
1342161507300364289,neutral,0.6418705860061109
1342161507673489411,negative,3.049197469974497e-09
1342161508030148611,negative,0.000658197070766291
1342161508059508737,negative,0.001084031002874556
1342161510890676225,negative,0.016427604373005056
1342161511410614273,negative,0.0007166506180605534
1342161511607922689,negative,0.0007947281187795242
1342161512132128768,negative,0.009179202987464864
1342161512228536320,negative,0.016464699376844857
1342161512232857600,neutral,0.5743452650545291
1342161513633767424,neutral,0.5136446707795853
1342161515034636288,neutral,0.4147342023902695
1342161516171317248,positive,0.9527121972217604
1342161516976455680,negative,0.05595785612307854
1342161517500715009,negative,0.015781405229873077
1342161517949546502,negative,0.062191053680428626
1342161518096474113,negative,0.027289744188104013
1342161519795187715,negative,0.3024154418601797
1342161519887458306,negative,0.0010427729243528215
1342161521061801985,negative,0.00010350117180782416
1342161522341142531,negative,5.001696173137159e-06
1342161523196768257,negative,0.047745662952837185
1342161523419074560,negative,5.001696173137159e-06
1342161523465216001,negative,0.03623238459354924
1342161523528105984,negative,0.002745298738113449
1342161524056412161,negative,0.0030055605942955724
1342161524182437888,negative,5.441956162236162e-07
1342161526367674371,negative,0.00036698065428222344
1342161526464122880,neutral,0.3643685158170457
1342161526988431362,negative,0.00849309960577442
1342161527026159617,negative,0.1422013472976746
1342161527256694785,negative,0.0021116303739656416
1342161527428800513,negative,0.21090249377004808
1342161527709847552,negative,0.1519362142880319
1342161528221544454,negative,0.06245089710889102
1342161529081266182,positive,0.7823520103259631
1342161530880724995,negative,0.0001039175126215644
1342161531052572673,negative,8.885466562234789e-05
1342161531304357888,negative,0.022140082420630928
1342161531681828865,negative,0.07464676706579276
1342161531836968963,negative,0.0014049083005648528
1342161531895750666,neutral,0.3499352441185855
1342161532042563584,negative,0.0004760529356788509
1342161532231278597,negative,0.1422013472976746
1342161532260659200,negative,0.06349256163192335
1342161532281626625,negative,0.015565404561229668
1342161532537491456,negative,0.005447757490260875
1342161532977872896,negative,1.4524102776833867e-10
1342161533065900033,negative,0.002745298738113449
1342161535767113729,neutral,0.49789225920557484
1342161535997595650,negative,0.009655167226292012
1342161537239232513,negative,0.0017506143388280031
1342161539491639301,negative,0.10476314953070094
1342161539969777665,negative,2.652760312893136e-15
1342161540405977090,negative,0.03342717553821877
1342161540485705729,negative,0.010064909227752364
1342161541072736256,negative,4.452360412079683e-07
1342161541123211264,negative,0.01707414943528149
1342161541714636800,neutral,0.4057752409493834
1342161541769134089,neutral,0.46028250113503355
1342161544281468932,negative,0.004788355508972037
1342161544931651584,negative,0.004381017604394872
1342161545229463555,negative,0.05693526451257971
1342161545602736129,negative,5.001696173137159e-06
1342161545736945664,negative,0.03387767875350326
1342161546349334528,negative,0.00035139321785169174
1342161547477594115,negative,1.830544985405633e-08
1342161547611746304,negative,2.3867585936724603e-05
1342161548886859776,negative,0.16130061575621918
1342161548974952448,negative,1.1187594545639418e-08
1342161549427929088,negative,0.008747071094500498
1342161553253142528,negative,0.11713297088248564
1342161553509019649,negative,0.008747071094500498
1342161554280767490,negative,0.0415751529605405
1342161554687590400,negative,0.0068748670530069
1342161555018940421,negative,0.0003002012160403167
1342161555618672641,negative,1.2915842677060639e-05
1342161555698241536,negative,0.20607756528403456
1342161556084285442,negative,0.06761515089341635
1342161556566663169,neutral,0.44278283723900314
1342161556688101377,negative,0.012487335807890914
1342161556755386371,negative,0.025369252280032686
1342161556918980610,negative,0.06156100502183778
1342161557011181569,negative,0.0007710323615182542
1342161559016112130,negative,0.21047953907773329
1342161559871774721,negative,2.0045206646625893e-11
1342161560064516097,negative,5.001696173137159e-06
1342161560492498944,negative,0.036394345851065615
1342161565080940544,negative,0.21362668019852837
1342161565739589633,negative,0.006017101707427884
1342161566511357955,negative,0.014921409828964609
1342161568973385730,negative,0.08796717381237086
1342161569095032837,positive,0.9996647848002677
1342161570143625219,negative,3.455250511907961e-05
1342161570646925312,positive,0.7627843246566761
1342161572735672320,negative,0.00015001894591687835
1342161573071253504,negative,1.2427460221744906e-08
1342161573343875074,negative,1.6734281074416479e-10
1342161573801062401,negative,0.019957566572511624
1342161574300155906,negative,0.0010966534675369323
1342161574472126466,negative,0.0015670605006237704
1342161576657301505,negative,0.09099983287935152
1342161576665772033,negative,0.003433871264966067
1342161576695013377,negative,0.01660154999485969
1342161577403936769,negative,7.8964593116111e-10
1342161578679017473,negative,0.007809040031757991
1342161578943197191,negative,0.022964716368658107
1342161579073273857,negative,0.20935166489465376
1342161579165560832,negative,0.0014313438979348828
1342161579496910850,negative,8.462850094179264e-09
1342161579551428609,negative,0.000567608524376525
1342161581229158408,negative,0.01901656117934125
1342161581749231616,negative,0.32112084512068156
1342161583267606534,negative,0.016427604373005056
1342161584144187393,negative,0.0004760529356788509
1342161585431838726,negative,0.18575529401966948
1342161585784172546,negative,0.011775091026934978
1342161585859604484,negative,8.029369502333019e-05
1342161587327664129,negative,0.2715220889220143
1342161587709198337,negative,0.016464699376844857
1342161588204273670,negative,0.00040888398931688657
1342161588640489473,negative,0.29981827407213285
1342161590095929345,negative,0.0004760529356788509
1342161590397906945,negative,0.11568370257224893
1342161590557302788,negative,2.0224857717187967e-06
1342161592545386496,negative,0.0021116303739656416
1342161592700592132,negative,0.017892680409723406
1342161592851562505,negative,0.0005583564912642673
1342161594051080193,negative,0.14438691281432325
1342161595082932226,negative,1.5492648842422225e-08
1342161595464626178,negative,0.012487335807890914
1342161595544133633,negative,1.2837740137872194e-09
1342161595682574337,neutral,0.48636446360627167
1342161595737264130,negative,0.16532172419126437
1342161595913408518,negative,0.002310187935975205
1342161596446072833,negative,5.001696173137159e-06
1342161597146529795,negative,0.2510727487749926
1342161598459355138,negative,5.001696173137159e-06
1342161598929113088,neutral,0.49789225920557484
1342161599042375680,negative,0.18016715323309396
1342161599671447554,negative,0.02546247177846918
1342161601789571075,negative,0.20935166489465376
1342161602645254145,negative,0.011203432221742709
1342161603559645185,negative,5.001696173137159e-06
1342161603584790528,negative,0.0009719968613302451
1342161603765149702,negative,0.012681037546971325
1342161603828064257,negative,0.03171493986472626
1342161603874058242,neutral,0.6149732941538079
1342161604767580161,negative,6.582747253450239e-05
1342161605228953600,positive,0.9696335536177817
1342161605761634305,negative,8.637620881513285e-09
1342161606722154497,positive,0.8699239233299233
1342161606847946755,neutral,0.5136446707795853
1342161606915076098,negative,1.4076849629825386e-05
1342161607321939968,negative,0.0052781769575367295
1342161607573565445,negative,0.007682202388761145
1342161608555057153,negative,8.515087045096324e-06
1342161610287185920,negative,0.005568883939413554
1342161610333429761,negative,0.03562740846838353
1342161611239395328,negative,0.05352475611900498
1342161611759484932,negative,0.0052403009371122505
1342161612065693697,positive,0.7009755801765708
1342161613634285569,negative,2.2513239637025443e-05
1342161614418620417,negative,0.023292438214799094
1342161614691299328,negative,0.0006832830193695865
1342161616423403520,negative,0.08783976614162912
1342161616746459137,negative,0.21047953907773329
1342161616926892032,negative,0.1056617115315741
1342161617233043462,negative,0.18243162923797143
1342161617350438912,negative,0.18575529401966948
1342161619904733184,negative,1.868385311045885e-05
1342161620018016256,negative,3.142822654108156e-05
1342161620051623937,negative,0.12582095591141595
1342161620408147970,negative,0.021832781444602187
1342161621523816448,neutral,0.5533970533999424
1342161621582557186,negative,0.022625754697685886
1342161623121874945,negative,8.608453280215341e-07
1342161623151161345,negative,0.0005033715380823355
1342161623159623680,negative,0.08231209665333605
1342161623180570627,negative,0.003433871264966067
1342161623348219905,negative,0.28232432848785327
1342161623759392768,negative,0.03677763836230897
1342161624422096899,negative,0.12182690509467343
1342161625013338113,negative,0.22675167533712304
1342161625151909888,neutral,0.33623359787652535
1342161625210630149,negative,0.0492610394039957
1342161625227395077,negative,8.345563689055743e-05
1342161626909331466,negative,0.0069571137892871044
1342161626913361920,negative,0.3029968537174699
1342161627546836993,negative,0.008802884860654241
1342161627853041664,negative,0.022555295659749775
1342161627873947652,negative,0.18917555239952435
1342161627966296065,negative,0.0006683343388086334
1342161628012417031,neutral,0.539512684843449
1342161628683530240,negative,6.046486790017601e-06
1342161631376244740,negative,0.0019756341858169577
1342161632034750464,neutral,0.5964893023130304
1342161632810704896,negative,0.226918683960479
1342161633049776134,negative,0.0008494146326616226
1342161633330802690,negative,0.07247005230562929
1342161634358386693,negative,0.07107058159338464
1342161635541188609,positive,0.9966815111517452
1342161635696250880,negative,0.019601824795982895
1342161635755122690,negative,0.016464699376844857
1342161635956371459,negative,0.014046218899557936
1342161636719644673,negative,0.05555669790646967
1342161637139230720,negative,0.00021909519392193167
1342161637239709697,negative,7.280381432842991e-05
1342161637243928577,neutral,0.49789225920557484
1342161637852278786,neutral,0.3726106833969371
1342161638854696960,negative,0.015773583174067275
1342161639488057345,negative,0.00849309960577442
1342161640494682114,neutral,0.5533970533999424
1342161640809259009,positive,0.7112264328727067
1342161644303081473,negative,0.00044286331715456817
1342161646140198914,negative,9.387015155812779e-06
1342161646190522368,negative,0.29600396516190636
1342161647901655040,neutral,0.6149732941538079
1342161648283430912,neutral,0.35673835246329144
1342161648396677127,negative,0.004573548128935333
1342161648975564800,negative,1.797849411738036e-05
1342161649097035776,negative,0.009655167226292012
1342161649944338432,negative,0.004729257531098622
1342161649957003264,positive,0.7519991618867661
1342161650581975046,negative,0.26076950668447035
1342161650921566210,negative,0.07672185143608896
1342161651307581441,negative,1.8068375096873713e-07
1342161652133847042,negative,5.001696173137159e-06
1342161652209356801,negative,0.005605058504731523
1342161652716875777,negative,0.0005271496179503533
1342161652888682496,negative,0.005363906578824478
1342161653220184064,negative,0.15335434241404183
1342161654050656256,negative,0.2715220889220143
1342161654105124867,negative,0.21047953907773329
1342161654591741954,negative,5.001696173137159e-06
1342161654604132352,negative,5.865973573863565e-05
1342161656244277248,negative,3.372142914110917e-08
1342161658995761152,positive,0.9013266805209457
1342161659863859202,neutral,0.45308526782202496
1342161660975439876,negative,0.26278918193450357
1342161661193555969,negative,0.003566906859200871
1342161661805940737,negative,0.01586640940737678
1342161662552506368,negative,0.000909560206370615
1342161664100028416,negative,5.001696173137159e-06
1342161664616108034,negative,0.03246128932462553
1342161665824071681,negative,0.18016715323309396
1342161666717470722,negative,0.008566861788800222
1342161666918805504,negative,0.0017268705092098292
1342161667719917568,negative,0.024586569840210654
1342161668407758858,negative,0.06662408071766432
1342161668814598144,negative,0.0069571137892871044
1342161669888290818,negative,0.027289744188104013
1342161669896753152,negative,0.000725745494711989
1342161670307794948,negative,8.462850094179264e-09
1342161671960276992,negative,2.5287599816471095e-17
1342161675781349376,negative,0.000285117976810363
1342161677702344705,negative,0.004379338901025348
1342161679099031559,negative,0.001151795289324146
1342161680055328768,negative,0.0626910696141696
1342161681749848065,negative,1.8170725421727442e-06
1342161682198634499,negative,0.009087159101972653
1342161682559348744,negative,0.10294827420675208
1342161683045904385,negative,0.006795160632124096
1342161683540811776,negative,5.001696173137159e-06
1342161683779899392,negative,0.12210172798133907
1342161683800858625,negative,0.0002111298390665403
1342161683800875009,negative,0.24144882293000705
1342161683989618689,negative,0.033252914973141
1342161686439075842,positive,0.9996679469659898
1342161686887804929,negative,0.009087159101972653
1342161687164706818,negative,0.027103523428766204
1342161687466692609,negative,0.0001039175126215644
1342161687659511810,negative,0.00023123326910475423
1342161687894495233,negative,0.08405534876210334
1342161688028540928,negative,0.016218976321130958
1342161690159267840,negative,0.03547823300136626
1342161690255884289,neutral,0.5499248721543345
1342161691379970055,negative,0.0004511263261769025
1342161691518398466,negative,8.064268199164208e-05
1342161692143312898,negative,0.0008220945734076463
1342161692407390209,negative,0.001338865932659323
1342161692776660995,neutral,0.3816840056458336
1342161693137375233,negative,0.013032723687889236
1342161693489717251,neutral,0.4737554465528978
1342161693527437315,negative,0.03342717553821877
1342161694810845184,negative,0.010707567603196803
1342161694815113217,negative,0.08091319534624801
1342161695561678848,negative,0.004440145880942217
1342161696400543745,neutral,0.5024549303604945
1342161696723447808,negative,0.14649204909278418
1342161698627661824,negative,0.014206096097771527
1342161699374313477,negative,0.0006618755121295592
1342161699399491585,negative,0.00012438050347565228
1342161699521097729,negative,1.5290948410060756e-05
1342161700678557696,negative,1.6734281074416479e-10
1342161701232386048,negative,0.001048747119967701
1342161703509893123,negative,0.0010115135809355097
1342161704101273601,negative,0.03004672239109823
1342161704441012225,negative,5.001696173137159e-06
1342161704550084608,negative,0.016768032032081714
1342161704835297281,negative,0.16506527544529562
1342161705862901766,negative,3.842976377131472e-08
1342161706651439106,negative,0.14081147919606865
1342161707007954946,negative,0.0017356430779147988
1342161707121176576,negative,0.004300878492222307
1342161707179909123,negative,0.0006726122019988871
1342161707393835016,neutral,0.4888596113959692
1342161708270432256,positive,0.9996647848002677
1342161708463386625,negative,0.14132013971068658
1342161709071536130,negative,0.03246128932462553
1342161709272866816,negative,0.054327400666022506
1342161709381939200,negative,0.14730090764154566
1342161710073966592,negative,0.0005554119381021033
1342161710770225153,negative,5.001696173137159e-06
1342161711797858307,negative,5.001696173137159e-06
1342161712678543360,positive,0.9771865601505888
1342161712821252097,negative,0.21065574033669582
1342161712892567555,negative,0.008747071094500498
1342161713181949953,negative,0.013868710716077143
1342161714071146497,negative,5.001696173137159e-06
1342161717502087168,neutral,0.6149732941538079
1342161718496129027,negative,5.001696173137159e-06
1342161718781374464,negative,8.485017435293805e-08
1342161719192334345,negative,0.00319603969384985
1342161719230083073,negative,0.10002676794721745
1342161719527960581,negative,0.04431263158694897
1342161719729254401,negative,0.0002560346553241699
1342161720693776384,negative,0.18016715323309396
1342161721448931330,negative,0.0019756341858169577
1342161723726430208,negative,5.001696173137159e-06
1342161723785052161,neutral,0.49789225920557484
1342161724162658304,neutral,0.49789225920557484
1342161724544319488,negative,0.0006530915282479363
1342161725072826370,negative,0.226918683960479
1342161725353832448,negative,0.04276490384416493
1342161725500616710,neutral,0.4705026239168581
1342161727866228737,negative,0.2789982976546408
1342161728176582662,negative,0.009655167226292012
1342161728667340802,negative,0.006518674433990193
1342161728952385536,negative,0.004911521286639298
1342161729392943106,neutral,0.4705026239168581
1342161729535488002,negative,0.008802884860654241
1342161730827251712,negative,0.0029683458440723613
1342161733696311306,negative,0.0073645068268850785
1342161733796982784,negative,0.0012316240228124995
1342161733830512641,negative,0.06106744169493714
1342161733843120128,negative,0.005728879614592592
1342161735210438656,negative,0.04664866983234521
1342161735994716164,negative,0.27538537887707226
1342161736397414406,neutral,0.4705026239168581
1342161738926587910,negative,0.0075497136070091135
1342161739547344902,negative,0.14208618112746413
1342161739555618816,negative,1.4150562928863913e-08
1342161739832578048,negative,0.14341762918614057
1342161739857752065,negative,0.011490537435018785
1342161740176498689,negative,8.089018566932864e-07
1342161740579168256,negative,0.0010276577817340611
1342161741107625985,negative,0.0010128431007940884
1342161741375946754,negative,0.012487335807890914
1342161741422206976,negative,3.1368995612786903e-06
1342161741732569089,negative,0.02329323645236039
1342161741979893760,neutral,0.4232078962494373
1342161742743257088,negative,3.6776735764550226e-05
1342161742986526721,negative,0.18543234769735967
1342161744844775428,negative,2.996423286397696e-05
1342161745389957120,negative,0.008609062945401785
1342161747306815489,negative,0.004666560239278816
1342161747923365890,negative,0.02329323645236039
1342161749160521728,negative,0.00043795890909049885
1342161749299109892,negative,0.00044286331715456817
1342161749303304194,negative,0.05699214767406059
1342161751043952642,negative,0.0004760529356788509
1342161751115231232,negative,4.440402257856626e-06
1342161751547269123,negative,1.6734281074416479e-10
1342161752738459648,negative,0.15237137935820858
1342161752788586497,negative,0.05555669790646967
1342161753275248640,negative,0.18609868074609293
1342161754114109440,negative,0.08237267412888034
1342161754353258502,negative,0.008250676889162116
1342161754848165892,negative,0.014921409828964609
1342161754957221893,negative,0.0018010396883190616
1342161755426979845,negative,0.20785389920134456
1342161755468869638,negative,0.0019742200850810976
1342161755473129472,negative,0.000725745494711989
1342161756966309889,neutral,0.49789225920557484
1342161757117276161,negative,0.05253490982650261
1342161757461213185,negative,0.0045774114226911815
1342161758165807104,negative,0.001475774924173284
1342161758212001796,negative,0.11713297088248564
1342161758249771008,negative,0.11924197513035559
1342161758807609350,negative,0.00034798083505225826
1342161759818420226,negative,2.0050829708930884e-09
1342161761202528256,negative,0.26076950668447035
1342161761324081152,negative,7.604120544335923e-08
1342161762469216256,negative,0.005447757490260875
1342161763526053888,negative,0.054327400666022506
1342161763954008077,negative,1.7741370598427808e-06
1342161764167856129,negative,0.06325454156266573
1342161767762436096,negative,0.009655167226292012
1342161768529993729,negative,0.004591048646331822
1342161768559366144,neutral,0.5316624617817726
1342161772137095172,neutral,0.4663917579447527
1342161772170661892,negative,0.004238845430557115
1342161772233568256,neutral,0.49789225920557484
1342161772388773889,negative,0.000722083567540084
1342161772443283459,negative,0.056685223499749346
1342161772476817411,negative,0.03639614060582062
1342161772787032067,negative,0.00010288296327112246
1342161773852581889,positive,0.8440728986871372
1342161773961621506,neutral,0.4705026239168581
1342161773982527490,negative,1.2137587316032155e-05
1342161776243322887,negative,0.07360800224004332
1342161776574664704,negative,0.06711886013676781
1342161776700493825,negative,0.00036698065428222344
1342161777010868224,negative,0.00034227786781603224
1342161778449461249,negative,0.008002740267951025
1342161779204435973,negative,0.1939751723184478
1342161780051750912,negative,0.027289744188104013
1342161780806709249,positive,0.8567642649968916
1342161781234552832,negative,0.0032580438964232438
1342161782589239297,negative,0.0006317903988748295
1342161782882918402,negative,7.847061863400528e-11
1342161787223945219,neutral,0.49789225920557484
1342161787261775873,negative,0.006677802306150966
1342161787458887686,negative,0.0021711828321665616
1342161787513270272,negative,0.0012205395728185563
1342161789103038464,negative,0.0016984442996489809
1342161790541717506,negative,0.07091888881489507
1342161790701076480,negative,0.009655167226292012
1342161792139747328,negative,0.014425789182230492
1342161793037312000,negative,0.0048378305696096325
1342161795012829184,negative,0.09744292197436524
1342161796199665664,negative,0.0002299472350528927
1342161797017702407,negative,0.0012463663046665885
1342161797332217859,negative,0.002269102241443454
1342161799953715202,negative,0.0008857452603480243
1342161800226205702,negative,0.0001298972246025722
1342161800616431618,neutral,0.49789225920557484
1342161802730340354,negative,5.324402586862792e-07
1342161803317534721,negative,0.000285117976810363
1342161804949073927,negative,0.014205827926210534
1342161806178086914,negative,0.12478171561957835
1342161806203088896,neutral,0.49789225920557484
1342161806400376832,neutral,0.6205234271226313
1342161806429716481,negative,0.037099999874296394
1342161806626869248,negative,0.054327400666022506
1342161807205662723,negative,0.054327400666022506
1342161808010981383,negative,0.027289744188104013
1342161808841388035,neutral,0.3815349221122878
1342161808963072008,negative,0.11853669654350375
1342161809172783104,negative,0.054327400666022506
1342161813400641536,negative,0.002745298738113449
1342161813744578560,negative,0.016427604373005056
1342161815736881155,negative,3.083086594671414e-11
1342161815766257668,neutral,0.5533970533999424
1342161815875235846,negative,9.849003740412778e-05
1342161816319913986,negative,7.157520682984981e-07
1342161816323944448,negative,0.005605058504731523
1342161817058111490,negative,0.07991482800061887
1342161817431261185,negative,0.00849309960577442
1342161817527836675,negative,0.0025383458527119995
1342161818186342404,negative,7.000968158929942e-05
1342161818245062656,negative,1.873367308728671e-12
1342161820665180161,negative,0.0019756341858169577
1342161820828766209,negative,0.010821739943380863
1342161820866510848,neutral,0.49789225920557484
1342161821076254721,negative,0.28232432848785327
1342161821256589314,negative,0.010707567603196803
1342161821621506050,negative,0.0005985921576933209
1342161822116421633,negative,6.272825360913826e-06
1342161822867189764,negative,0.027289744188104013
1342161824100339713,positive,0.9114180772694074
1342161825710878723,negative,0.06355998155422196
1342161825777942529,negative,0.0004392791343105455
1342161825945833475,neutral,0.3358218310945649
1342161826872750080,negative,0.005194596826563236
1342161827019567104,negative,0.015565404561229668
1342161829112537089,negative,0.01124405147306005
1342161829888466945,negative,0.03631134629311043
1342161830324674560,negative,0.1472856243632017
1342161832602165248,negative,0.011538404096376137
1342161833164062720,negative,0.30396949356940606
1342161834317635587,negative,0.0003239154728240111
1342161834732908545,negative,6.02039372217637e-06
1342161835634655239,negative,0.00044286331715456817
1342161837580836868,neutral,0.3358218310945649
1342161838163812354,negative,0.021324888176839953
1342161838688108546,negative,0.006846996878242477
1342161839178698752,negative,0.2906278741030604
1342161840080629760,negative,0.00012438050347565228
1342161841036865537,negative,0.002745298738113449
1342161841074679810,negative,0.0010427729243528215
1342161841238269956,negative,0.09667110547300174
1342161842286825472,negative,0.0006882498155112734
1342161842710466561,negative,0.007809040031757991
1342161842790146049,negative,0.01540370230804319
1342161843717025793,negative,1.2137587316032155e-05
1342161843809353731,negative,0.0001457299985774119
1342161843914235904,negative,4.473347650157299e-05
1342161846619541504,neutral,0.49789225920557484
1342161846632140807,negative,0.011283038551715075
1342161846917156865,positive,0.9900537850302044
1342161847085117443,negative,0.004300878492222307
1342161848448106496,negative,3.168714923075954e-08
1342161849257754627,neutral,0.584101220937027
1342161849261948928,negative,1.887947334133556e-06
1342161849295503360,negative,0.012944010015615563
1342161849438101507,negative,0.007825297213031936
1342161849643642881,negative,0.052994772954973866
1342161850352496641,negative,0.04505481050316802
1342161850876751872,neutral,0.5533970533999424
1342161851581263872,negative,0.22023538010654692
1342161853284306949,negative,0.003121316702415719
1342161854253117441,neutral,0.42876467289441955
1342161856266289152,neutral,0.6149732941538079
1342161857646215169,negative,0.16532172419126437
1342161858812399617,neutral,0.49789225920557484
1342161859932086273,negative,2.138074296861886e-05
1342161861291212807,negative,0.016464699376844857
1342161861341552640,negative,0.00039408057712561303
1342161861408653315,neutral,0.49789225920557484
1342161861660258304,negative,0.00035637774108188017
1342161861664526336,negative,3.240242071956066e-05
1342161861916172290,negative,0.004593723501288279
1342161862604025858,negative,4.540937017501673e-05
1342161863719723011,neutral,0.49178886988063825
1342161863946215430,negative,0.03171493986472626
1342161864281698306,negative,0.0069571137892871044
1342161864382361602,negative,0.0004760529356788509
1342161865330331648,negative,0.00010929572952831055
1342161866357944323,negative,8.16152285395075e-05
1342161867502923778,negative,4.7480214823519744e-08
1342161867612053505,negative,0.0005536499574107875
1342161867980980224,negative,0.011490537435018785
1342161868379611139,negative,0.027392035765844203
1342161868480270336,negative,0.10189721805660573
1342161868564082698,negative,2.6551873154995943e-06
1342161871307214848,negative,0.07739786203529588
1342161874205499393,negative,0.0012802493548384288
1342161874834612224,negative,0.0012316240228124995
1342161875405074433,negative,3.240242071956066e-05
1342161877036650503,negative,0.2906278741030604
1342161883709775872,negative,0.0071965766485670764
1342161883743322118,negative,0.03393834933564429
1342161883919429633,negative,0.05528446120294227
1342161884183744521,negative,0.0993433977280647
1342161884385079296,negative,3.792379489848801e-05
1342161884787535873,negative,0.04586691580839149
1342161884804472833,negative,0.005523502443881404
1342161885114859521,negative,0.08437613153631827
1342161885467201537,negative,0.17274197153709184
1342161886012448770,negative,0.0076793701300136175
1342161887002308608,negative,0.00978739280416669
1342161887228817409,negative,0.001095849295524466
1342161887430062080,negative,9.816272255524853e-05
1342161888784875522,negative,0.027289744188104013
1342161889082667009,negative,0.0069571137892871044
1342161889980276737,negative,0.011538404096376137
1342161890009612290,negative,3.240242071956066e-05
1342161891213398017,neutral,0.5105204711049051
1342161891544748033,negative,0.014883674790615977
1342161892161302528,negative,0.0008019254431380873
1342161894279434242,negative,0.2906278741030604
1342161894430408705,negative,0.0008713767694663005
1342161895520935936,negative,0.3038763606730625
1342161895806140420,negative,0.05528446120294227
1342161896112320512,negative,7.799021781444128e-05
1342161896934420481,negative,0.00010335841606007773
1342161897991376896,negative,0.07475928883165697
1342161899912364034,negative,0.27538537887707226
1342161900029808641,negative,0.05197110173540116
1342161901300686855,negative,1.3301875718682098e-08
1342161901309071361,negative,0.015860120453788172
1342161901317312512,negative,0.001709169457499047
1342161901703344133,negative,0.17218016099005984
1342161903896780802,negative,0.008596641619556382
1342161905230651392,negative,0.27538537887707226
1342161905713111045,negative,3.792379489848801e-05
1342161907348893701,neutral,0.37679209754895876
1342161907952672768,negative,0.13036130171474938
1342161907978022913,negative,8.089337038766044e-05
1342161908057575428,negative,0.0028035244083337357
1342161908695248898,negative,0.007019754139224813
1342161908762337281,negative,6.499673311784401e-06
1342161908804198400,negative,8.9195213436303e-05
1342161909034979328,negative,0.004551295411253584
1342161909165006849,negative,0.003540871652827584
1342161910091964418,negative,0.0010953099996625067
1342161910142156803,negative,0.008802884860654241
1342161910230360066,neutral,0.3391822971727391
1342161912252030977,negative,0.09640323611645361
1342161913459990528,negative,1.2574042108890464e-07
1342161914634395648,neutral,0.49789225920557484
1342161914881863681,neutral,0.5159436667231726
1342161916429529094,negative,0.000571812841904101
1342161917494886401,negative,0.039821053735960336
1342161917759127554,negative,7.734285488026516e-05
1342161920686751746,negative,0.004680060436330919
1342161922297389061,neutral,0.5098436067637715
1342161924243533825,negative,0.12155922721466562
1342161924658753536,negative,0.11911551946901965
1342161924755173379,negative,0.08062094740661344
1342161925992538113,negative,0.010035638914589464
1342161927326355456,negative,0.050362764244632596
1342161928022609920,negative,0.02863318724722656
1342161928148430854,negative,0.006901194443251803
1342161928974528512,negative,8.515087045096324e-06
1342161929125638144,negative,8.434698346480354e-07
1342161929817755648,negative,0.20432965143997953
1342161929931026433,negative,4.660393401829881e-05
1342161930342035457,negative,3.240242071956066e-05
1342161931013148672,negative,0.1077500526227923
1342161931663241217,negative,0.03157718584383944
1342161933571600384,negative,0.03631134629311043
1342161933584093185,negative,0.0021116303739656416
1342161934771236873,negative,4.948972690155682e-05
1342161934926241792,negative,1.4111992767671584e-06
1342161935006101505,negative,9.564235625471509e-05
1342161935354224644,negative,0.02312814423556466
1342161940748107777,negative,0.2611621137273265
1342161943038144524,negative,0.0021116303739656416
1342161943600226310,positive,0.7597383922539281
1342161943721865216,negative,0.05352475611900498
1342161945760296965,negative,0.0026946077045336574
1342161946251059201,negative,1.4635937090505173e-06
1342161946662080514,negative,4.4767614243240175e-10
1342161948742459392,negative,0.008255408773844912
1342161949447118850,negative,0.21047953907773329
1342161950046887936,positive,0.9999922217737477
1342161956166397952,negative,0.0836382779507393
1342161957504356352,negative,0.1056617115315741
1342161963288326144,negative,0.09205680058539192
1342161964894707712,negative,0.23163920197758406
1342161965779722245,negative,0.012487335807890914
1342161967126077440,negative,0.002454667869162021
1342161968531202053,negative,0.013475546155382039
1342161971815321602,neutral,0.46127768308170247
1342161972440297472,negative,0.00451595085493334
1342161972553515008,negative,0.003391821603463063
1342161976185667589,negative,0.0008269978487685257
1342161979281199108,negative,0.05005758688555734
1342161980900200450,negative,0.03387767875350326
1342161980958928901,negative,0.003185314603931025
1342161981420273665,neutral,0.49789225920557484
1342161981650956290,positive,0.8567642649968916
1342161981667590145,negative,0.07069853787839085
1342161985765568512,negative,0.13951179764112803
1342161986348605441,negative,0.0021116303739656416
1342161987850170368,negative,0.0028035244083337357
1342161992409214977,negative,0.000420762771004911
1342161992711340033,negative,0.07189673343364375
1342161993902518276,negative,0.0028035244083337357
1342162007026384896,negative,0.000285117976810363
1342162007160709121,negative,0.3029968537174699
1342162009438248960,negative,0.10839174790091585
1342162022033715200,negative,0.0007404567343290517
1342162023002611713,negative,0.11870504339496742
1342162029692542976,negative,0.06810498982857156
1342162032800444418,negative,0.0016082398850975326
1342162034427912192,negative,0.16228152256322803
1342162034448805890,negative,0.010035638914589464
1342162037951107073,negative,0.13997518181407745
1342162038441848832,neutral,0.49789225920557484
1342162038655754241,negative,0.02312814423556466
1342162039679184896,negative,0.03246128932462553
1342162041067499520,neutral,0.4312892795455479
1342162042095095811,negative,0.01211510552301577
1342162042413871104,negative,0.004551295411253584
1342162042480898048,positive,0.6701707154799821
1342162043189735429,negative,0.0051932906889877485
1342162043223347204,negative,0.00043309624794946543
1342162043453976581,negative,0.00039425481000394036
1342162043684544518,neutral,0.3418980862760095
1342162043902844929,negative,2.7730791872106666e-07
1342162046742360064,negative,0.014385947766844315
1342162047572836353,negative,0.0036871341323792576
1342162048013246465,negative,0.011538404096376137
1342162048235483138,negative,0.000477147450394425
1342162048474607617,negative,0.002745298738113449
1342162050697605123,negative,0.0002755830172568149
1342162050857005058,negative,0.00015474174146984032
1342162052396306439,negative,5.9002902998766165e-08
1342162052404666374,negative,2.8938702863454633e-05
1342162054728331267,negative,0.007014681653301442
1342162054736728064,negative,0.05352475611900498
1342162056427032590,negative,0.0007929404103188511
1342162057278476290,negative,0.05326754819730942
1342162059077820417,negative,1.4175600630881622e-06
1342162059102982150,negative,0.1107752723773233
1342162059333693446,neutral,0.6118853836858785
1342162059358855169,negative,0.009655167226292012
1342162061531504641,negative,0.02920830979612308
1342162061917347841,negative,7.019489714875172e-10
1342162063540551682,negative,1.0452109823127752e-05
1342162063636873223,negative,0.27538537887707226
1342162064111001602,negative,0.00957098974832721
1342162064744345601,negative,0.049395411612299336
1342162067323826176,neutral,0.42283725351984647
1342162069194383361,negative,7.31128334659517e-07
1342162070653919233,negative,0.1422013472976746
1342162071321010177,negative,0.0032580438964232438
1342162073309093888,negative,0.04431263158694897
1342162073493635084,negative,0.0322581405425612
1342162073728524288,negative,0.031278718602016385
1342162074563178498,positive,0.6800588541412664
1342162075930349568,negative,0.002687799118432544
1342162077071384577,negative,0.0012261011869635502
1342162077138485248,neutral,0.6343139483697562
1342162078174474242,negative,0.11924197513035559
1342162078178676737,neutral,0.49789225920557484
1342162080183558145,negative,2.6551873154995943e-06
1342162081064357888,negative,0.028351110266681263
1342162081844514822,negative,0.0001690060164897966
1342162082574307328,negative,0.014945630632656009
1342162083371212802,negative,0.014921409828964609
1342162084415614979,negative,0.042364385448392224
1342162086143668226,negative,3.9160812687939993e-10
1342162088865771522,negative,0.0066621370182119305
1342162088949653504,negative,0.017131708808082083
1342162089926926336,negative,0.004300878492222307
1342162090354765833,negative,0.23432434876951558
1342162090891616257,negative,0.0009430668154215689
1342162091126398976,negative,0.0028035244083337357
1342162092837793793,negative,0.034168297047262965
1342162093102006276,negative,0.08437613153631827
1342162094393704448,neutral,0.4705026239168581
1342162095094210560,negative,0.00016036712028058784
1342162095228342272,negative,0.0029983909628816777
1342162095257899008,negative,6.878007277722638e-07
1342162096918835201,negative,0.019720245983387487
1342162098030260224,negative,0.005415462360364208
1342162098319749120,negative,0.08437613153631827
1342162098554609664,negative,0.0015776892555306372
1342162098953084928,negative,8.515087045096324e-06
1342162099175358464,neutral,0.49789225920557484
1342162099389272064,neutral,0.49789225920557484
1342162099842199553,negative,0.0009443877782714312
1342162102098661376,negative,1.0404045096286015e-07
1342162102245613568,negative,1.2484558076791688e-07
1342162102325305345,negative,0.03028939135731552
1342162102967021570,negative,0.00741627213827822
1342162103105421312,negative,0.05225422884100774
1342162106511216646,negative,0.0010427729243528215
1342162109434626049,negative,0.018747669577788853
1342162109656952833,negative,4.2406244004658676e-08
1342162110353002496,positive,0.9750804513746505
1342162112123170818,negative,0.01985671740373827
1342162112148332545,negative,1.2137587316032155e-05
1342162112223846404,negative,0.025742826521775772
1342162112420966401,neutral,0.5105204711049051
1342162113041756167,negative,0.0069571137892871044
1342162113637343233,negative,0.0009105863339088856
1342162113796722689,negative,0.0010709235599173615
1342162114375462913,negative,0.00025796812184970325
1342162115239489537,negative,8.011693904921216e-05
1342162115327643650,negative,0.003737190182664258
1342162115436695558,negative,0.052997737598811934
1342162116132937728,negative,0.009866309110518985
1342162117445656576,negative,3.138178766820879e-12
1342162118179696647,neutral,0.6088991797230014
1342162119500828672,neutral,0.4232078962494373
1342162119614210049,negative,0.27538537887707226
1342162119983300609,neutral,0.407045367833824
1342162120125853696,negative,0.005447757490260875
1342162120436305923,negative,0.27538537887707226
1342162122789236737,negative,0.02716366440961689
1342162122793484290,negative,0.009087159101972653
1342162124051783681,negative,0.0008785268872192816
1342162124320239616,negative,0.02716366440961689
1342162124324425729,negative,6.670289994253672e-06
1342162126627069954,positive,0.8567642649968916
1342162126723567619,negative,3.240242071956066e-05
1342162127080083458,negative,0.009320282918774387
1342162127738568706,negative,0.15237137935820858
1342162129256779781,negative,0.010821739943380863
1342162129386876931,neutral,0.6342223244482552
1342162130531987460,negative,0.05352475611900498
1342162130938834945,neutral,0.49789225920557484
1342162131249074180,negative,0.004551295411253584
1342162131408596993,negative,0.0030311745672886334
1342162131530219521,negative,0.004551295411253584
1342162131609767936,negative,0.009655167226292012
1342162131920281601,negative,0.2073124719616097
1342162132218077184,negative,0.06124177979665343
1342162134906662912,negative,0.004300878492222307
1342162135497977856,negative,0.0022214811244455823
1342162135879737351,negative,0.04474437230587965
1342162136072679426,negative,0.2164295994262103
1342162137716817923,negative,0.056064655995890535
1342162138706673667,negative,0.27538537887707226
1342162141781094402,negative,2.8609614871043977e-11
1342162143114911749,negative,0.0018946139411903933
1342162143467208705,negative,0.011596964255212673
1342162144037662728,neutral,0.37874993579954885
1342162144943616000,negative,0.09640323611645361
1342162145451122689,negative,8.885466562234789e-05
1342162145459326981,negative,0.0002755830172568149
1342162147980292097,negative,0.03175569713217383
1342162148626214913,negative,0.2702412499885854
1342162149003710465,negative,3.977265850725536e-06
1342162149104381954,negative,0.009655167226292012
1342162149137928195,neutral,0.551077815994506
1342162149276348417,negative,0.0006153304600216658
1342162151176331266,neutral,0.49789225920557484
1342162152191352834,negative,0.21047953907773329
1342162153822953476,negative,0.00036698065428222344
1342162155634913282,negative,0.2783668549753476
1342162156092084225,negative,0.008255408773844912
1342162156536664065,neutral,0.49789225920557484
1342162156679266305,neutral,0.3920775259595825
1342162157316792322,negative,6.499673311784401e-06
1342162158780624897,negative,0.05352475611900498
1342162159938064384,negative,0.0010427729243528215
1342162160177340417,negative,0.11924197513035559
1342162160777105415,neutral,0.49789225920557484
1342162161318187008,negative,0.010612337458253572
1342162161347534848,negative,3.0011233754485523e-05
1342162161624346627,negative,0.00023817277048568001
1342162165122347008,negative,0.024198872760224695
1342162165977894913,negative,0.08783976614162912
1342162166208745473,negative,0.0037912711860059738
1342162166573531136,negative,0.004255901531098457
1342162166733012996,negative,0.1939751723184478
1342162169933213696,negative,0.009320282918774387
1342162170201694208,negative,5.501214492523815e-09
1342162170872799232,negative,3.7678349390386286e-05
1342162174647660552,negative,0.2795253156138551
1342162176610603012,negative,0.014385947766844315
1342162177789206530,negative,0.00012886923598357422
1342162179483701251,negative,4.87058274210231e-05
1342162182126055429,negative,0.06349256163192335
1342162185502527490,negative,0.03580527556998283
1342162187582889984,negative,0.02863318724722656
1342162187591315457,negative,0.11924197513035559
1342162195237355520,neutral,0.4344848832929101
1342162198370652164,negative,0.07012912088702614
1342162201147297792,negative,0.01536774233482528
1342162204003627008,neutral,0.40940042763085815
1342162204129447936,negative,0.04062036514930623
1342162206092361730,negative,3.828638922179312e-07
1342162206121750528,positive,0.9278936719089798
1342162206205599744,negative,0.003703474656601595
1342162208499838978,negative,0.2611621137273265
1342162208738967554,negative,9.570138165456788e-05
1342162209938550784,negative,0.09646578667338862
1342162214262865927,neutral,0.5098436067637715
1342162215416324096,negative,1.9940022902823652e-05
1342162215751852032,negative,0.1019419047020951
1342162216754192385,negative,0.009655167226292012
1342162218851454976,negative,0.0004837406717964704
1342162220864704514,negative,0.005026369834513546
1342162220994670593,neutral,0.34044100615928513
1342162221061853185,negative,0.010821739943380863
1342162223192551426,negative,0.0009609096913466907
1342162225147080705,negative,0.08148505330224094
1342162226128564226,neutral,0.37169899460649336
1342162227395231744,negative,1.0141474408318402e-05
1342162229093916672,negative,0.017116469454635377
1342162229475606529,negative,3.81566226621261e-06
1342162230767337472,neutral,0.5533970533999424
1342162231887327233,negative,0.010821739943380863
1342162233170780164,negative,0.002310187935975205
1342162233216933888,negative,2.511409904424207e-10
1342162237172158470,negative,0.06106744169493714
1342162238120095752,negative,0.004203723897126418
1342162241995513858,negative,0.0028035244083337357
1342162244361138177,negative,1.7503304250126929e-15
1342162244541411329,neutral,0.49789225920557484
1342162248815394817,negative,0.0021116303739656416
1342162250174500864,negative,0.0009642124025631995
1342162253274079233,negative,0.009087159101972653
1342162253861285889,negative,0.054327400666022506
1342162254721146880,positive,0.6800588541412664
1342162255123722244,negative,0.0002568690008642776
1342162256671481859,neutral,0.39093660292346943
1342162257132843009,negative,0.0005845633072789418
1342162257665515523,neutral,0.5098436067637715
1342162260995813376,negative,0.022589064754516656
1342162261369098240,negative,0.027289744188104013
1342162262165835778,negative,0.0009436220831044774
1342162262442856450,neutral,0.3593672214136314
1342162263231369216,negative,0.0005452796600483761
1342162263948447744,negative,0.27538537887707226
1342162264556756993,negative,0.006878313165647392
1342162264816713735,negative,0.003846686721586855
1342162265550671872,negative,0.07091888881489507
1342162266230304768,negative,0.004551295411253584
1342162267098513410,negative,0.06475343204653333
1342162267119484930,negative,3.2777732137670505e-05
1342162268889501697,negative,0.032984444973708546
1342162270814523395,positive,0.9996647848002677
1342162271129186306,negative,8.16152285395075e-05
1342162272819548167,neutral,0.5245508872405019
1342162274505601026,negative,0.0005545461067886342
1342162274707009538,negative,0.0016674016038543298
1342162275029934080,negative,0.0009303077126836922
1342162275118026753,negative,0.023158976181080253
1342162275306774530,negative,0.03246128932462553
1342162275717754881,negative,8.885466562234789e-05
1342162275768152064,neutral,0.4167950617774436
1342162277848535040,negative,0.29557480691200605
1342162277890404353,negative,0.002876329780673544
1342162278037266433,negative,0.04431263158694897
1342162278343442436,negative,0.23094543958419494
1342162278595047424,negative,1.5430961551002625e-06
1342162278632878086,negative,1.7435144857833181e-06
1342162278968250368,negative,0.00044286331715456817
1342162281313009664,negative,0.18520685717241891
1342162281396903936,negative,0.0007784881220502574
1342162282667790337,negative,0.18503056947141494
1342162282671955973,neutral,0.6425979859067161
1342162283187855360,negative,0.005523502443881404
1342162283481411585,negative,0.0032580438964232438
1342162283766697986,neutral,0.3738906244148312
1342162285981171712,negative,0.0006890247013791343
1342162286220337155,negative,0.003566906859200871
1342162287440916481,negative,0.013333558573422097
1342162288476893184,negative,0.16532172419126437
1342162288527224833,negative,0.0032580438964232438
1342162288699199488,positive,0.6858422861470111
1342162289705803779,negative,0.19699413013929462
1342162289856806916,negative,0.1484845494722193
1342162290406162435,negative,0.002687799118432544
1342162290653736961,negative,0.07360800224004332
1342162291198980096,negative,0.2611621137273265
1342162294315352064,negative,0.023922823941729152
1342162295514927117,neutral,0.49789225920557484
1342162298329309186,negative,0.017362172194593753
1342162300057346051,negative,0.009320282918774387
1342162300074160129,negative,0.004873002205625147
1342162302548766720,negative,0.05528446120294227
1342162302649380865,negative,0.000191521967868596
1342162302775263233,negative,0.14609850283191778
1342162303643312128,negative,7.4435074913632e-07
1342162303756595200,neutral,0.5472960823705576
1342162304339742721,negative,0.0001740712018554275
1342162305006632960,neutral,0.46127768308170247
1342162305006645249,negative,0.011538404096376137
1342162305010823174,negative,0.29600396516190636
1342162305354784770,negative,0.010952761807428038
1342162305631588355,negative,0.004551295411253584
1342162306428329990,positive,0.9900537850302044
1342162307539939328,negative,1.0706814010858616e-05
1342162307611181056,negative,0.027289744188104013
1342162307724550151,negative,0.0013467545406616115
1342162307896381440,negative,0.010821739943380863
1342162308571783171,negative,0.049395411612299336
1342162310631186432,negative,0.009087159101972653
1342162315588857857,negative,0.03088476773717236
1342162316725514242,negative,0.0016067970772432126
1342162317014937606,negative,0.05361223799748899
1342162317165948929,negative,0.04733189936611493
1342162318579347459,negative,0.006248314451104854
1342162319179186177,negative,0.00019209294108193546
1342162319862722561,negative,0.00849309960577442
1342162323197353987,negative,0.0019756341858169577
1342162323935551493,negative,0.2906278741030604
1342162323985866752,negative,0.15237137935820858
1342162324963131394,negative,0.03845309961145903
1342162325080571907,negative,0.014346704012883862
1342162326883979266,negative,6.15391961468344e-07
1342162327249018887,negative,7.71280294293051e-05
1342162328180015110,negative,0.1768880552443879
1342162328792522753,negative,0.0043691758790969995
1342162330365419521,negative,9.588650028777495e-07
1342162330730311683,negative,8.936407391725804e-05
1342162333737627650,neutral,0.49789225920557484
1342162333989294081,negative,0.005058963611082928
1342162334010265602,negative,0.16532172419126437
1342162334354169858,negative,0.012487335807890914
1342162335763456000,negative,0.029263326032853552
1342162336828809218,negative,0.2833848953654449
1342162337114058754,negative,0.26076950668447035
1342162337873203202,negative,0.011372492715760985
1342162338238095360,negative,0.009087159101972653
1342162338384932866,negative,0.03246128932462553
1342162338925977602,negative,0.2164295994262103
1342162340016517120,negative,0.1922352535118523
1342162340565954564,negative,3.916953135098841e-05
1342162340662439937,negative,0.011490537435018785
1342162340754677765,neutral,0.4505138789577287
1342162340830208004,negative,0.1258285199032784
1342162341018923010,negative,0.15335434241404183
1342162341266395137,negative,0.2423351909956875
1342162341757120512,negative,0.006248314451104854
1342162341836820480,negative,0.0319206093468433
1342162341933187072,negative,0.19842245445719736
1342162342344331267,negative,0.05352475611900498
1342162344592486402,negative,0.0022221090628882275
1342162344953204741,negative,0.027289744188104013
1342162345016102912,positive,0.9145130949696374
1342162345062182913,negative,0.15237137935820858
1342162345989169152,negative,0.053706964343573346
1342162346010095616,negative,0.01090715993487572
1342162346542837760,neutral,0.49789225920557484
1342162347029393408,negative,8.159994695389101e-05
1342162347746443264,negative,0.0007247562489339553
1342162348367200256,negative,0.003566906859200871
1342162348480602112,negative,0.03246128932462553
1342162349101371393,neutral,0.49789225920557484
1342162349478846464,negative,0.0008789109229907149
1342162350292434951,negative,0.014205827926210534
1342162351257219075,negative,0.0009719968613302451
1342162351517265920,negative,0.004300878492222307
1342162353211768838,negative,0.009087159101972653
1342162353350172674,positive,0.9996647848002677
1342162354147127297,positive,0.7371766043347706
1342162355766099968,negative,0.004551295411253584
1342162357167026183,negative,0.20389875175436903
1342162358106345472,negative,0.12182690509467343
1342162358366576643,negative,0.16763861213492895
1342162358953717760,neutral,0.47371072416927557
1342162359415140356,negative,0.0007929404103188511
1342162359926849536,negative,0.0028035244083337357
1342162359956205570,negative,0.005058963611082928
1342162361147416578,negative,0.02049828370112842
1342162361407438853,negative,0.005194596826563236
1342162361881387013,negative,0.03246128932462553
1342162363479298048,negative,3.184043056996265e-05
1342162364024688646,neutral,0.5316624617817726
1342162364213260288,negative,0.0028035244083337357
1342162365437992961,negative,0.0002755830172568149
1342162366365114372,negative,0.27538537887707226
1342162366738427910,neutral,0.6154729474121576
1342162366805508097,negative,0.02312814423556466
1342162366956412928,negative,0.20312125524299396
1342162367015170050,negative,2.5019979798729342e-05
1342162370538446848,negative,0.011707853737415575
1342162371339546624,positive,0.9997986240468733
1342162371511541760,neutral,0.3816840056458336
1342162371599609857,negative,0.2861479720919631
1342162371666579457,negative,0.10885524543345386
1342162372186664965,negative,0.2906278741030604
1342162374535630848,negative,0.002745298738113449
1342162375055716353,negative,0.013016721627495122
1342162375902949376,negative,0.0002755830172568149
1342162376951394305,negative,0.0001123780949996407
1342162377626804226,neutral,0.5942978658798403
1342162377664557063,negative,0.21996714497486078
1342162378386001921,negative,0.14870227111570603
1342162378927067136,neutral,0.44193049347687885
1342162379161923587,negative,0.02050219789603228
1342162379182919680,negative,0.05361335239688602
1342162380919353344,negative,0.11456597163922502
1342162381015830528,negative,0.0001956967461928491
1342162382483836930,negative,5.829381978908632e-09
1342162382886379520,negative,0.03085414369409259
1342162383679201282,positive,0.6890536672459633
1342162383695880192,negative,0.05555669790646967
1342162383926542336,negative,0.05555669790646967
1342162384954118144,negative,0.05555669790646967
1342162386179006466,negative,1.4111992767671584e-06
1342162386216759298,negative,0.0002755830172568149
1342162387802206210,negative,0.005690555835752746
1342162388557172736,negative,0.00017582172268412865
1342162388959821831,negative,0.15237137935820858
1342162390528512002,positive,0.9845644697550272
1342162390599802880,negative,2.571094966819201e-05
1342162390729842688,negative,0.1823295894488159
1342162394819211265,negative,5.4205163581382896e-05
1342162395020603392,negative,0.006147382904489833
1342162397210042372,negative,0.03827275827667686
1342162397478354945,positive,0.7001530056472646
1342162398799515648,negative,0.30476471326340243
1342162400116666369,negative,0.18348208165957866
1342162401253347336,positive,0.9278936719089798
1342162401635033091,negative,0.05352475611900498
1342162403476332545,negative,0.009446615150124401
1342162407775473664,negative,0.0004338182518754114
1342162407892914176,negative,0.00017582172268412865
1342162411286048770,negative,0.11330263690119177
1342162411382583297,negative,0.009655167226292012
1342162413899010048,negative,3.989721572612832e-10
1342162414142435329,negative,0.0009390030926242938
1342162417539809281,negative,0.0057942270187252495
1342162421499260929,negative,0.0006004748683393548
1342162422203899904,neutral,0.4171084832741637
1342162422723977217,negative,0.007346344901055146
1342162424603009025,negative,0.012142301813452862
1342162430756069377,negative,1.7903403190964283e-05
1342162431192276995,negative,0.010821739943380863
1342162439811510272,negative,0.00044286331715456817
1342162440650420225,negative,0.2906278741030604
1342162442462195712,positive,0.820609514887308
1342162443112488960,neutral,0.5454865229941258
1342162449332633602,negative,0.0012802493548384288
1342162452260261891,neutral,0.49789225920557484
1342162456131592192,negative,0.009655167226292012
1342162458782429184,positive,0.7119039837682527
1342162459096997888,neutral,0.46127768308170247
1342162459839389696,negative,0.08732185443824539
1342162461584220165,negative,0.014729425636950262
1342162462204805121,negative,0.03759187123201036
1342162462322397186,negative,0.0005211952645235226
1342162463144505345,negative,3.9544422383691363e-05
1342162463589019651,negative,0.0991654945521101
1342162463744266241,negative,0.0005900654102380677
1342162468404158466,negative,0.10111094768868999
1342162470220292096,negative,0.02625358980060462
1342162470857809923,negative,0.0001039175126215644
1342162472590045184,neutral,0.33374124127049937
1342162474301321216,neutral,0.5626072057304292
1342162476432031744,negative,0.0005271496179503533
1342162476788547593,neutral,0.49789225920557484
1342162480102076416,negative,0.0065787095830724
1342162483709157377,neutral,0.35673835246329144
1342162483717533698,negative,0.14753306846464215
1342162484690620416,negative,0.0007123838523739147
1342162485617565698,negative,6.409684734379293e-05
1342162486020235264,negative,0.011778657885330808
1342162486947180544,negative,0.006248314451104854
1342162487387377664,neutral,0.4232078962494373
1342162487496552451,neutral,0.42507619662732005
1342162488255598592,negative,0.0029983909628816777
1342162488398282752,negative,0.012487335807890914
1342162489090433028,negative,0.0006004748683393548
1342162492957601801,negative,0.02049828370112842
1342162493251182596,negative,0.0012802493548384288
1342162493620293632,negative,0.0319206093468433
1342162493645447173,negative,0.00885169821874564
1342162497499906051,negative,5.027648835836985e-05
1342162499303596032,negative,0.00010288296327112246
1342162501346025472,negative,0.0012802493548384288
1342162503816642563,negative,0.03246128932462553
1342162504613412867,negative,0.00044286331715456817
1342162506257719296,negative,0.0057942270187252495
1342162507683614720,neutral,0.3367209487424431
1342162509952913416,neutral,0.47878153849390703
1342162513065103360,negative,4.363666126956288e-05
1342162513815859202,negative,0.02068843760388163
1342162516311474184,negative,0.00017582172268412865
1342162517750067201,negative,0.0022573473052836597
1342162519159418882,negative,0.010707567603196803
1342162520509984776,negative,4.301094882263365e-10
1342162520849711106,negative,0.02049828370112842
1342162521067646978,negative,1.9264923755409437e-06
1342162521764065280,negative,7.68958265630597e-06
1342162525262114816,negative,0.04504858727538019
1342162526159728640,negative,0.0004152667246791648
1342162529955545088,negative,0.0013781876082301736
1342162530131709953,negative,0.00023123326910475423
1342162538293846018,negative,0.0007212255536393351
1342162538553864192,negative,0.009655167226292012
1342162539065597959,negative,0.18289112449282469
1342162539111718912,negative,3.7254819600162274e-05
1342162539115929600,negative,0.0006005728458958753
1342162539409534977,negative,0.009655167226292012
1342162543259897856,negative,0.028860980213723457
1342162548548919300,negative,0.11924197513035559
1342162548594978821,negative,0.006764856156082284
1342162550054481920,negative,0.09603524417155987
1342162552428617729,neutral,0.6028499731257204
1342162553342992384,negative,0.08005452430519058
1342162554274004993,negative,0.027289744188104013
1342162554894876672,negative,0.009087159101972653
1342162557298221056,negative,0.0027645380825375467
1342162563304402944,negative,0.1539833313081823
1342162564525027330,negative,0.03804626559888553
1342162564940247042,negative,3.339586700261228e-06
1342162569759514625,negative,0.0076578062708509195
1342162572049588224,negative,0.002518569395606269
1342162573852958721,negative,0.0009443877782714312
1342162574167711751,neutral,0.3937991037384939
1342162574251589634,positive,0.9966815111517452
1342162574406778883,neutral,0.42179982041745157
1342162574469697537,negative,5.667585845313686e-06
1342162574784290818,negative,0.005605058504731523
1342162575253975041,negative,0.29951756730770607
1342162575446962178,negative,0.13036130171474938
1342162576764002305,negative,2.896113010714144e-09
1342162576902381571,negative,0.000725745494711989
1342162577049210880,negative,0.08663240066919725
1342162580350099461,negative,0.0019319603357974635
1342162580652093443,negative,0.15335434241404183
1342162581037993984,negative,0.003185314603931025
1342162581453217793,neutral,0.4570267063950028
1342162581641977858,negative,0.017286836009129967
1342162581755211782,negative,0.27538537887707226
1342162582082351108,negative,0.0010427729243528215
1342162582241746948,negative,4.957032306766517e-12
1342162583445327873,negative,0.0010427729243528215
1342162583852343297,negative,0.001899547308491881
1342162584238239744,negative,0.006248314451104854
1342162585001443328,negative,0.04275548090686738
1342162585613963265,negative,3.3753083903112103e-06
1342162586083741696,negative,0.06356053740885668
1342162586171830274,neutral,0.3648025808206021
1342162586335399937,negative,0.11870265089149437
1342162587383980033,negative,0.14192462298777708
1342162587778220032,negative,5.236083177615652e-05
1342162588205912064,negative,0.18443954185082193
1342162588700962817,neutral,0.36733294409994255
1342162589715988485,negative,0.003934161853096725
1342162591745904640,negative,0.000576035136265228
1342162592035434497,negative,0.07593748718638854
1342162592517611520,negative,0.010821739943380863
1342162593658658818,negative,0.020821111399474353
1342162594136731651,negative,0.271155428753468
1342162594640101377,neutral,0.3478691285356667
1342162597408342024,negative,1.6734281074416479e-10
1342162599799107586,negative,0.01703540621047862
1342162601866883073,negative,0.03409747565820324
1342162602101714945,negative,0.057415466543318375
1342162602248400896,positive,1.0
1342162604240691200,negative,0.22033748937993025
1342162604257652738,negative,0.057100421758971884
1342162604337336320,negative,0.005370575131904248
1342162604752572416,positive,0.999999988976299
1342162604857278464,negative,2.8938702863454633e-05
1342162605201358855,negative,0.03505594429885949
1342162606719692801,negative,0.0433179647505154
1342162607374020608,negative,0.26076950668447035
1342162608342921221,negative,0.03293281327857057
1342162608498073604,negative,0.1377169614041661
1342162609819287552,negative,5.486180108218942e-06
1342162610226130945,negative,0.1975383921457794
1342162610289041410,negative,0.002940347777184015
1342162611161464833,negative,0.0019756341858169577
1342162611207467011,negative,0.03342717553821877
1342162613472522240,neutral,0.49789225920557484
1342162613686308865,neutral,0.33000841313334767
1342162614994886657,negative,0.007327907599347392
1342162615192215552,negative,0.0009509266330624375
1342162617066991619,negative,0.02312814423556466
1342162617125711872,negative,5.997782282974357e-06
1342162617633275905,negative,1.6514943233404926e-08
1342162618971283462,neutral,0.49789225920557484
1342162620116328450,negative,0.009143175331548847
1342162620292411392,neutral,0.3483776439259413
1342162621261344768,negative,0.009087159101972653
1342162621592694786,negative,0.00017582172268412865
1342162629901606916,negative,0.007528709712161096
1342162630564327425,neutral,0.3483776439259413
1342162633609326593,negative,0.09646578667338862
1342162634213384197,negative,0.09791341629125898
1342162634934792196,negative,2.3443998774397137e-05
1342162635312279552,negative,1.9264923755409437e-06
1342162636461453312,neutral,0.49789225920557484
1342162637958897665,negative,0.016526136251961428
1342162638923558916,negative,0.0028035244083337357
1342162640009895937,positive,0.9961402627985544
1342162640718729221,negative,0.00024020221895686614
1342162641033125888,neutral,0.5533970533999424
1342162641050021889,negative,0.054327400666022506
1342162643356770304,negative,6.15821014601582e-05
1342162645558980611,negative,0.09950817044006652
1342162646548832263,negative,0.06106744169493714
1342162648515956740,negative,0.047181528338315716
1342162651502133250,negative,0.010821739943380863
1342162655298117632,negative,0.00045701546201009957
1342162655600107521,negative,2.518235906430901e-06
1342162656246046720,negative,0.16022523092294394
1342162656376070145,negative,7.578690031112182e-12
1342162656396980226,positive,0.9716268313797355
1342162656556363777,negative,0.0021116303739656416
1342162659328860161,negative,0.010821739943380863
1342162664710172674,negative,0.03157718584383944
1342162665335123971,negative,0.07192298659144568
1342162666119458816,negative,0.004071442108469422
1342162669185466370,negative,0.011149458446656628
1342162672608018432,negative,5.20906286808249e-05
1342162673400733704,negative,0.0013029847658985155
1342162678144507906,negative,0.002163544990534297
1342162681181167617,negative,0.13997518181407745
1342162681525100546,negative,0.0006726122019988871
1342162685337755649,negative,0.016464699376844857
1342162688215035907,positive,0.9966815111517452
1342162688445722626,negative,0.020439014320188895
1342162689896886273,neutral,0.3593672214136314
1342162690865827842,negative,0.2611621137273265
1342162693625688065,negative,0.016464699376844857
1342162693667639296,negative,0.031960071364401293
1342162695391477767,negative,0.00044286331715456817
1342162696679075845,negative,0.0015024879200009062
1342162700462415872,negative,0.05352475611900498
1342162700890210304,negative,0.23432434876951558
1342162701699584001,negative,0.009655167226292012
1342162703369035782,negative,0.009087159101972653
1342162705789161475,negative,2.104589030821542e-06
1342162706586083329,negative,0.09950817044006652
1342162707408162817,negative,0.02049828370112842
1342162707819229185,negative,0.009562043434444856
1342162709085884418,positive,0.7396569534201418
1342162709173907456,negative,0.0057942270187252495
1342162710142840832,negative,0.24396968572718591
1342162710298038272,negative,0.0007212255536393351
1342162710742638595,negative,2.5748448314182146e-05
1342162711061389316,negative,0.00017582172268412865
1342162717004730369,negative,0.028860980213723457
1342162717046525952,negative,0.14315106343447254
1342162718405648386,negative,0.0005516244948373017
1342162719395487744,negative,0.01657279953061399
1342162722297942016,negative,4.564196861413877e-08
1342162722532839424,negative,0.02329323645236039
1342162723099041796,negative,0.2057522141666982
1342162730975944708,negative,1.9953025176140668e-07
1342162731504320512,neutral,0.49789225920557484
1342162732683046913,negative,0.21921412548362115
1342162736072040449,neutral,0.5533970533999424
1342162736717967361,negative,0.22716241236176382
1342162736898314240,neutral,0.4507454498615163
1342162737015578625,negative,1.1497860236655163e-09
1342162737087074304,negative,0.002357775027377953
1342162738584449025,negative,0.12376353132407591
1342162738605395970,negative,9.41259431014619e-09
1342162740031455232,negative,0.00403584642845862
1342162740987748352,negative,0.009087159101972653
1342162747648303104,negative,0.054334014075517446
1342162751393710080,negative,0.008108074827407242
1342162752924577793,negative,0.0005513534658065328
1342162753671327746,neutral,0.49789225920557484
1342162754061406209,negative,0.009087159101972653
1342162755730735105,negative,0.3236203595897807
1342162756687040513,negative,1.3965075357708777e-05
1342162756758343686,negative,0.0011187109817168892
1342162757228130311,negative,0.2611621137273265
1342162757311995906,negative,0.21047953907773329
1342162760327516161,positive,0.9320843619446643
1342162760889729027,negative,0.031489123559982284
1342162761007116288,negative,0.017286836009129967
1342162761086865408,neutral,0.5378753212351975
1342162761590173696,negative,0.011490537435018785
1342162761841860610,negative,0.21809278637772703
1342162762580033536,negative,0.0649409937485363
1342162763573907456,negative,0.005024477676082971
1342162763955765248,negative,0.0069571137892871044
1342162763993526272,negative,0.0007215222070526154
1342162764979187713,negative,0.00741627213827822
1342162768087154688,negative,0.08492370157356866
1342162768938618880,negative,0.0012610069444334599
1342162769429278721,negative,0.12852062807987083
1342162769538408448,negative,0.1768880552443879
1342162769601298432,negative,0.005058963611082928
1342162770104639490,negative,0.24342974455593216
1342162771996237827,negative,0.012730612745184508
1342162772784799744,negative,0.003934161853096725
1342162772809961472,negative,8.699905743109453e-08
1342162772826542080,negative,0.009655167226292012
1342162772864323584,negative,0.041303651225089374
1342162773141319680,negative,0.0019756341858169577
1342162773644615685,negative,0.1823295894488159
1342162773699162113,negative,0.0009443877782714312
1342162773820653568,negative,0.056064655995890535
1342162776249180160,negative,0.009087159101972653
1342162776404484096,negative,0.003934161853096725
1342162776492548098,negative,0.021832781444602187
1342162776723222531,negative,0.0001123780949996407
1342162777251700738,negative,0.12356545199738704
1342162777301987329,negative,0.09950817044006652
1342162777494999041,negative,0.09588371451962191
1342162778224791553,negative,0.0010488297874896534
1342162778224795655,negative,0.02329323645236039
1342162779780894723,negative,0.23170880718456577
1342162780787519490,negative,3.57882193728316e-06
1342162780917555200,negative,3.792379489848801e-05
1342162780925923332,negative,0.06106744169493714
1342162782003847170,positive,0.8253714345432658
1342162785204109314,negative,0.08428927298883214
1342162785317302272,negative,0.011538404096376137
1342162785757609984,negative,0.007565014540525655
1342162786634375169,negative,0.016464699376844857
1342162788836323329,negative,0.00010350117180782416
1342162790019170304,negative,0.00019643135151129097
1342162791097106436,negative,0.0037031209440820186
1342162791415898112,negative,1.1503773449063346e-07
1342162793160695810,negative,0.016464699376844857
1342162793575952395,negative,1.6734281074416479e-10
1342162795740196866,negative,0.0004760529356788509
1342162795849265153,neutral,0.3453277703052475
1342162795933151232,negative,0.005570327496004442
1342162796943958016,negative,0.009087159101972653
1342162799242391552,negative,0.047181528338315716
1342162800672534529,negative,0.056826914281458106
1342162800983093248,negative,0.17050451887169424
1342162801004072965,negative,0.004551295411253584
1342162801427701761,negative,0.0033588577051623463
1342162802174259203,negative,0.13467339204295112
1342162802958589953,negative,0.027289744188104013
1342162803327725571,negative,0.0014313438979348828
1342162804934107137,negative,1.0768553392637812e-09
1342162805722648576,negative,0.238428800670322
1342162807337451520,negative,0.0017197134417938674
1342162807970738179,negative,0.04259856045165072
1342162808608354304,negative,0.014921409828964609
1342162809145200643,negative,4.9857676469484004e-08
1342162810256699394,negative,0.16460164979985242
1342162810294460417,negative,0.09145625283114865
1342162810747412488,negative,0.12032903475166945
1342162810764144640,negative,8.26257350437723e-06
1342162812554989568,negative,0.058953509185247416
1342162812756492288,negative,0.28088663687817256
1342162813230469120,negative,3.792379489848801e-05
1342162816908877824,negative,3.792379489848801e-05
1342162818129227776,positive,0.820609514887308
1342162818821451776,negative,1.1358544241551887e-05
1342162819475763200,negative,0.011538404096376137
1342162819865866241,negative,1.1067045118050723e-05
1342162819949719554,negative,0.015817132543893747
1342162822277570560,negative,0.04259856045165072
1342162823447764997,negative,0.07652125486485062
1342162824089509888,neutral,0.5337606566992319
1342162824110493698,neutral,0.6019317648844645
1342162826731737088,negative,1.9264923755409437e-06
1342162826761265159,negative,0.27538537887707226
1342162827382022144,negative,0.0010427729243528215
1342162827973455873,negative,8.885466562234789e-05
1342162828023771137,negative,0.01563543576172292
1342162828053127171,positive,0.9404232383506169
1342162829512736770,neutral,0.3643685158170457
1342162831299534848,negative,7.75836524810949e-05
1342162831727276035,negative,0.011490537435018785
1342162832255836160,negative,0.038300921911873294
1342162832830332931,negative,0.18443954185082193
1342162833946017792,negative,0.009655167226292012
1342162834977906689,negative,0.0027720562999638126
1342162837213310978,negative,0.0069571137892871044
1342162838534680579,negative,8.814493834472697e-13
1342162839042191361,negative,8.515087045096324e-06
1342162841307127808,negative,0.0037056673456543694
1342162843546877952,negative,0.0351022498225868
1342162845518204928,negative,0.01773231878306173
1342162846193504256,negative,0.04259856045165072
1342162849414709249,neutral,0.49789225920557484
1342162851755130881,negative,0.0014919928400781235
1342162857010614273,negative,0.11456597163922502
1342162862136037376,negative,0.04259856045165072
1342162865059483649,negative,0.0001039175126215644
1342162866183548929,neutral,0.5533970533999424
1342162866552659971,negative,0.02863318724722656
1342162868582703104,neutral,0.4232078962494373
1342162871032098827,negative,0.045237078153474955
1342162874882351104,negative,0.00017874106935073574
1342162875872264193,negative,0.2906278741030604
1342162877600440328,negative,0.1036754620123414
1342162877768224768,neutral,0.5293700225891195
1342162877843705856,negative,0.00018173712063906142
1342162883103268865,negative,0.10943221816584374
1342162885926117380,negative,0.004794093528585967
1342162888102961152,neutral,0.49789225920557484
1342162889642270725,negative,0.053066835582937115
1342162890552463366,negative,0.009087159101972653
1342162890879602688,neutral,0.5626072057304292
1342162890904756225,neutral,0.5533970533999424
1342162891491790849,negative,0.1184604164857642
1342162892444086283,negative,0.0004392791343105455
1342162895971479553,negative,0.27398241642166726
1342162897552756736,negative,0.0016984442996489809
1342162899394039808,negative,1.2527486044895333e-09
1342162899637329921,negative,4.4925369398541593e-07
1342162899892985857,neutral,0.4201460604539288
1342162900660707328,negative,0.0017186828185257136
1342162904087318528,negative,0.00018173712063906142
1342162914543874048,negative,0.0002796821566885482
1342162916838146056,negative,0.00016036712028058784
1342162917169496064,neutral,0.49789225920557484
1342162917425373185,negative,0.011708329955110584
1342162920940032000,neutral,0.3794095594708052
1342162921963585538,negative,0.027289744188104013
1342162923024748545,negative,4.170584891237066e-08
1342162923586772993,negative,2.2136720491714962e-08
1342162923855228929,neutral,0.46127768308170247
1342162923918123008,negative,0.00030250149425897603
1342162924035592195,negative,0.15335434241404183
1342162927776886785,negative,0.011596964255212673
1342162929878257666,negative,0.0057942270187252495
1342162933707661313,negative,0.0003082441436803875
1342162934135480322,negative,0.009087159101972653
1342162934290649088,negative,0.009760717503525121
1342162934559084545,negative,0.0001039175126215644
1342162935905304576,negative,0.0001123780949996407
1342162936312311809,negative,0.1392923502833793
1342162937155375104,negative,0.04505481050316802
1342162938182844416,negative,0.06296560255042884
1342162940598874116,negative,1.4635937090505173e-06
1342162940733100033,negative,0.15674222267288768
1342162941811044354,negative,4.356965981643936e-05
1342162942498910208,negative,0.0006618755121295592
1342162942557564929,negative,0.1994694027461982
1342162945116164098,negative,0.00447894644444515
1342162947263627265,negative,0.12161339674651003
1342162947657912321,negative,0.002745298738113449
1342162948467404804,neutral,0.48357347728475064
1342162948517576705,negative,1.6734281074416479e-10
1342162948547076097,negative,0.011385221994763153
1342162948668739584,negative,0.04329948809938995
1342162948937154562,negative,0.00741627213827822
1342162949293617152,negative,0.027289744188104013
1342162949335633920,negative,0.003433871264966067
1342162949666983936,negative,6.81030110801943e-07
1342162950749040640,negative,0.00849309960577442
1342162950753312773,negative,0.01314708680402906
1342162953232146437,positive,0.7328820816493186
1342162953404035072,negative,0.062191053680428626
1342162953970319367,negative,0.1324251921584709
1342162954297479169,neutral,0.44193049347687885
1342162955438346242,positive,0.957416097987196
1342162956730195971,negative,0.0006519391652314888
1342162957069918210,negative,0.0019756341858169577
1342162957283811335,neutral,0.4756177896413689
1342162959515213826,negative,0.0016119944651638873
1342162960056266752,positive,0.7058664980114195
1342162960240816128,negative,0.000602545142267206
1342162960857358337,negative,9.855920631897986e-13
1342162962228789248,negative,0.0021116303739656416
1342162962803408908,negative,0.005883046971222851
1342162962811932673,negative,0.0003594855061032276
1342162962816098307,negative,0.014385947766844315
1342162963013267463,negative,0.003814988312821853
1342162963336224769,negative,0.027289744188104013
1342162963424272384,negative,5.067111439135553e-05
1342162964888096771,negative,0.0025118885048481723
1342162966100238338,negative,4.7843688930410084e-05
1342162966175772674,neutral,0.45350355629821254
1342162966570033154,negative,1.6501549591174557e-07
1342162966867795974,negative,0.11123805634624231
1342162967245303808,negative,0.011538404096376137
1342162969258565632,negative,0.0027706885709638854
1342162969388572674,negative,0.18065911026180376
1342162969451520000,negative,0.008788495254404166
1342162969996759042,negative,0.0013781876082301736
1342162970013478912,negative,0.014613382449711838
1342162971481530368,negative,2.1611464452593685e-08
1342162971489927170,negative,0.21047953907773329
1342162974052655105,negative,0.000725745494711989
1342162974455308288,neutral,0.5776588898190367
1342162975461933056,negative,0.021832781444602187
1342162976791351297,negative,0.009363382404626364
1342162977315823617,negative,6.931048472325273e-08
1342162977391304709,negative,0.11924197513035559
1342162977483452424,positive,0.9900537850302044
1342162977760440322,neutral,0.5472960823705576
1342162978427310081,negative,0.004187895903054169
1342162978918051841,negative,0.26076950668447035
1342162979433951233,negative,0.0400320357094152
1342162979526209536,negative,3.994415956820616e-09
1342162980197302278,negative,0.033036795290172456
1342162980436377606,positive,0.9997986240468733
1342162980893552642,negative,3.142822654108156e-05
1342162981799526405,negative,0.0006005728458958753
1342162982151856128,negative,9.677795522774862e-05
1342162982739070976,negative,0.008315010651734164
1342162982768410624,negative,0.14192462298777708
1342162983938473985,neutral,0.5581166897915033
1342162984383164416,negative,0.27538537887707226
1342162986044182530,negative,0.11924197513035559
1342162986526531588,negative,0.005728879614592592
1342162987684139009,negative,0.004953849348259281
1342162988250378240,negative,0.03157718584383944
1342162988267089921,positive,0.7364552304579606
1342162991492464640,negative,0.03342717553821877
1342162992109072391,negative,4.098167517377481e-09
1342162992549531651,negative,0.1422013472976746
1342162992704745472,negative,1.6734281074416479e-10
1342162994122395649,positive,0.7166166040451611
1342162994386579461,negative,0.047181528338315716
1342162996932567040,negative,0.0002940549118202848
1342162997289095169,negative,0.0005011541949212907
1342162997565935616,negative,0.002454667869162021
1342162997926572039,negative,0.0057942270187252495
1342163002620076032,negative,0.10430735260108946
1342163002829713410,negative,3.82236915888373e-08
1342163003890929664,negative,1.1924715322219083e-07
1342163003966447616,negative,0.1738370255717643
1342163004004200449,negative,0.0002768024461637105
1342163004343902209,neutral,0.3478691285356667
1342163005312819200,negative,0.002745298738113449
1342163006743076865,negative,0.009052442572967886
1342163006822756360,negative,0.009087159101972653
1342163007279915010,negative,0.002745298738113449
1342163007741304832,neutral,0.49789225920557484
1342163008810754049,negative,0.010821739943380863
1342163009481834501,negative,0.015565404561229668
1342163009674756096,negative,0.0138573317478534
1342163011541340161,negative,0.10113659116386933
1342163011683950592,negative,0.0018141734466390908
1342163011755245574,negative,0.010821739943380863
1342163012359135233,negative,0.012487335807890914
1342163012409585664,negative,0.04668869569348924
1342163012493447170,negative,0.09640323611645361
1342163012891914244,negative,0.0002768024461637105
1342163015572054019,negative,0.13036130171474938
1342163020596785153,negative,0.011538404096376137
1342163021142007809,negative,0.11419812874495615
1342163022303924224,negative,0.004394944997339771
1342163023625154562,neutral,0.6149732941538079
1342163023839064067,negative,0.00013714521589356426
1342163024178794496,neutral,0.3399712308778339
1342163026053648390,negative,0.014278613073705593
1342163027706130434,negative,0.2177032520022947
1342163027790065664,negative,4.777348763801677e-05
1342163028003987463,negative,0.02329323645236039
1342163028826054657,negative,7.30774934935384e-05
1342163030013054976,negative,0.00021168990051103728
1342163030499586049,negative,0.00031284106238320397
1342163037751566336,negative,0.001278503335434978
1342163037793513473,negative,0.0012966117335193026
1342163038619791361,negative,0.318155842296393
1342163040293142528,negative,0.027289744188104013
1342163040972787713,positive,0.8259700129558484
1342163042952499202,negative,0.0021116303739656416
1342163045225791489,positive,0.8567642649968916
1342163049793409026,negative,0.12310330396741216
1342163051395624966,positive,0.923139291310461
1342163055199858695,negative,2.1030312815935248e-06
1342163058165227525,negative,0.02050219789603228
1342163061420007432,negative,0.234936155512837
1342163064389566466,negative,0.0021116303739656416
1342163065547218944,negative,4.301094882263365e-10
1342163065819820032,negative,0.2728176865276928
1342163074170691584,negative,0.11816840123514007
1342163074304847872,negative,2.905743295219946e-10
1342163079048650752,negative,0.009087159101972653
1342163079468109825,negative,3.897146048833875e-08
1342163079942074369,negative,0.00044286331715456817
1342163082055966722,neutral,0.49789225920557484
1342163082311847943,negative,0.054327400666022506
1342163082605453312,negative,0.027289744188104013
1342163083075186688,negative,0.0003356739674628079
1342163084815835136,negative,0.012487335807890914
1342163087130906624,negative,0.02669279757311059
1342163087730876417,negative,0.00044286331715456817
1342163089182089227,negative,0.22923879318639126
1342163089253310464,negative,1.2131965000662126e-07
1342163091652562944,negative,0.0012802493548384288
1342163092529152006,neutral,0.46127768308170247
1342163092772421634,negative,0.009087159101972653
1342163099139375104,negative,0.06349256163192335
1342163099839651840,negative,0.06542259682198272
1342163100657537026,negative,0.0001123780949996407
1342163101093920772,neutral,0.3648025808206021
1342163104948486146,negative,0.012142301813452862
1342163105334353921,negative,4.673300434196044e-06
1342163112301121537,negative,0.17835814566169794
1342163115706875907,neutral,0.41255628797487864
1342163116415721472,positive,0.7485940281811574
1342163116453466114,negative,0.007208827386139904
1342163118189907968,negative,0.22005986504083277
1342163121935413255,neutral,0.6149732941538079
1342163125001400321,neutral,0.3499352441185855
1342163126632984577,negative,0.13343734725160603
1342163126737899521,negative,1.9314171284951505e-05
1342163130697310211,negative,0.001764640528511418
1342163131326488579,negative,0.0018141734466390908
1342163132773326849,neutral,0.49789225920557484
1342163133905981440,neutral,0.6149732941538079
1342163135755649025,negative,0.02428482943864485
1342163138628648962,negative,0.027289744188104013
1342163139064975366,negative,0.013295080805721001
1342163141212446722,negative,0.0001459104270278428
1342163142403620865,negative,0.32112084512068156
1342163142424592387,negative,0.0001123780949996407
1342163142793601024,neutral,0.47960041475486676
1342163142902734850,positive,0.7541611638589277
1342163144303665154,negative,0.11319156265652351
1342163146480488448,negative,0.0002807432256407207
1342163146925101059,neutral,0.4897769524760745
1342163149718507528,negative,0.057100421758971884
1342163149877862400,positive,0.6714737791706615
1342163150263750657,negative,1.2997590761780037e-08
1342163150343458817,negative,0.04047919052104052
1342163150523740162,negative,0.3152058734808943
1342163150808952832,negative,0.28169215834727784
1342163152541261824,negative,0.00014436168692447888
1342163154231570432,negative,0.012249676659484295
1342163154579509249,neutral,0.5439539000733625
1342163155045244930,negative,0.00015880790117724292
1342163158979510272,negative,0.0400320357094152
1342163159432499210,negative,0.13997518181407745
1342163160481079296,negative,7.767710329378434e-08
1342163160615280641,negative,0.13172926630794068
1342163162649391105,negative,0.009585984532494266
1342163163098308608,neutral,0.3920775259595825
1342163163236753409,negative,0.1823259903325801
1342163164713144321,negative,7.219399210988782e-05
1342163165136777216,negative,0.15164609696581557
1342163165279383553,positive,0.7560908973998467
1342163167019991045,negative,0.00741627213827822
1342163167254876161,neutral,0.47960041475486676
1342163168055984128,negative,0.08428927298883214
1342163170690031616,negative,0.0026480648447859624
1342163171017175040,negative,6.73705121382522e-07
1342163171910553603,negative,0.0016984442996489809
1342163172388704256,negative,0.18459858958932926
1342163172938178561,negative,0.05571557784836408
1342163173030375426,negative,0.004551295411253584
1342163173382742017,negative,0.28169215834727784
1342163173458251776,negative,0.1392923502833793
1342163173739290625,negative,0.0009373251363449648
1342163173932212225,negative,0.0009443877782714312
1342163174712373248,negative,7.3624934406906005e-06
1342163174737510400,negative,0.14192462298777708
1342163176192929792,negative,0.045006460200907074
1342163176918433793,negative,0.0007215222070526154
1342163177333784577,neutral,0.551077815994506
1342163179300917248,negative,0.054327400666022506
1342163179682590732,negative,0.1561180956761871
1342163179900645378,negative,0.009087159101972653
1342163180064305153,negative,0.13687918677271269
1342163181184102400,negative,0.027811738775304844
1342163181381287937,negative,0.03390060543780539
1342163181599395843,negative,0.08078097961328387
1342163183725895681,negative,0.012487335807890914
1342163184220856320,negative,0.0004615635581546248
1342163184678006786,negative,0.006248314451104854
1342163185802113030,negative,0.03589160844210587
1342163186649354244,negative,0.00017582172268412865
1342163187345580039,negative,0.05528446120294227
1342163188046061568,neutral,0.4705026239168581
1342163188956225538,negative,0.00017582172268412865
1342163189123973121,negative,0.008539745050312401
1342163189350494209,negative,0.01366302732957199
1342163189732139011,negative,0.005363906578824478
1342163189882966016,negative,0.1825674661275664
1342163191682510849,negative,0.01449947150237566
1342163192475168771,negative,0.019516927481713298
1342163193280540682,neutral,0.4737554465528978
1342163193536327686,negative,0.00015001894591687835
1342163193909686272,negative,0.009655167226292012
1342163193913868291,negative,0.14499179576253232
1342163194136158208,negative,0.0016984442996489809
1342163194228441088,negative,0.0012291421148836546
1342163194882752512,negative,0.00018998192331913755
1342163197520961537,negative,1.3039450319957104e-06
1342163197814423552,negative,3.053685894547151e-10
1342163197889933312,negative,0.004828915693904895
1342163198313697281,negative,5.0517957646583e-08
1342163199194488833,negative,0.02312814423556466
1342163199345512452,negative,0.32112084512068156
1342163199806857216,negative,0.1399829326686015
1342163200171761664,negative,0.0007929404103188511
1342163200234631168,negative,0.26114959672350807
1342163201534922753,negative,0.000571812841904101
1342163202721779712,negative,0.1849138095452515
1342163204928110592,negative,0.0013861792946558125
1342163205129437187,negative,0.2620967345150337
1342163205607616512,negative,0.2906278741030604
1342163205674561536,negative,0.12264717914797435
1342163205687308295,negative,0.22626020999967147
1342163205783752705,negative,0.023075944015281635
1342163206488399872,negative,0.015565404561229668
1342163208581345280,negative,0.002756371040398359
1342163209311158274,negative,0.0004036356967443948
1342163209575395331,negative,0.009366623533087502
1342163209835458560,negative,0.11225808089435693
1342163210242306048,negative,0.13997518181407745
1342163210468806666,negative,0.009655167226292012
1342163213748740097,negative,0.17160023542417174
1342163213811666944,negative,0.22626020999967147
1342163214277226499,negative,3.240242071956066e-05
1342163214331764742,negative,0.006720905989338632
1342163214809890818,negative,0.004551295411253584
1342163218786099200,negative,0.00043305609166077383
1342163218861617152,negative,0.3029968537174699
1342163219381628929,negative,0.00017863734785708712
1342163219679490051,negative,0.004551295411253584
1342163220795191296,negative,0.13160929046462258
1342163221487251456,negative,3.977265850725536e-06
1342163221839556610,neutral,0.4663917579447527
1342163221994741760,negative,0.01722000566322985
1342163222405607425,negative,0.00022178731910960577
1342163223815081986,negative,0.0001039175126215644
1342163224972713984,negative,0.0007666305035271097
1342163233583624193,negative,0.08135425352654199
1342163234682499073,negative,0.0012833456592584848
1342163234925764609,negative,0.02643079020416874
1342163238448996352,negative,6.49299973566323e-06
1342163238985805825,negative,0.034168297047262965
1342163239401095169,positive,0.6948515183773454
1342163239526916096,negative,0.009087159101972653
1342163241649233920,negative,0.010952284733889919
1342163241850515456,negative,0.20394501864225978
1342163242802679813,negative,0.11298737693598333
1342163243410874368,negative,0.22626020999967147
1342163243817644033,negative,0.002015496263949388
1342163246195879937,negative,0.3029968537174699
1342163246321688577,negative,0.0024325247054124955
1342163247017963520,negative,7.967607090843337e-05
1342163247831511040,negative,0.027289744188104013
1342163258648584193,negative,0.27871878424119545
1342163259902705670,negative,0.012487335807890914
1342163261337305092,neutral,0.5926496650313103
1342163261513469954,neutral,0.5098436067637715
1342163261593161729,negative,0.004750950087000117
1342163263287664640,neutral,0.3780293396592624
1342163267712667648,negative,0.00017582172268412865
1342163271433015298,negative,0.05352475611900498
1342163273349738496,neutral,0.49789225920557484
1342163274142461953,negative,1.1799024330240125e-06
1342163277430849537,negative,0.09646578667338862
1342163277934018562,negative,0.03804626559888553
1342163278890467328,neutral,0.3816607510801893
1342163279116906499,negative,0.011596964255212673
1342163281805504514,negative,0.00030250149425897603
1342163284863184897,negative,0.06810498982857156
1342163284909318150,negative,0.20771934817642312
1342163289661431808,negative,5.780666418882495e-05
1342163290022150152,negative,0.005194596826563236
1342163290827481088,neutral,0.552588863123868
1342163292941385728,negative,0.0016487249759915975
1342163293910265856,negative,0.09588371451962191
1342163294057074688,negative,0.2505918683651465
1342163294245666816,negative,0.17967452505038317
1342163294564577281,negative,0.0021116303739656416
1342163297051803648,negative,0.04519956219568551
1342163302441488389,negative,7.000968158929942e-05
1342163302579908610,negative,0.0014856945986702487
1342163305020928000,negative,4.763767719015704e-12
1342163306233159682,negative,0.027289744188104013
1342163307038466049,negative,0.02902189840142555
1342163309508890626,negative,0.0016451622519593543
1342163317926846467,negative,0.14244764023476045
1342163322079211520,negative,0.19336831906803437
1342163322985177089,negative,0.004056227869927709
1342163326613286927,positive,0.784813846344994
1342163332040544256,negative,0.0010220513888841056
1342163334683111435,neutral,0.4705026239168581
1342163334725062659,neutral,0.6342223244482552
1342163335559704576,negative,0.029499504536776713
1342163341322706945,negative,0.027289744188104013
1342163346917904385,positive,0.9966815111517452
1342163352538251264,negative,0.04655577628293924
1342163353360281600,positive,0.9511576138576184
1342163355553964036,negative,0.013664211310064778
1342163356040441857,negative,0.04043645591856907
1342163361254010880,negative,0.008274651204536592
1342163365238550528,negative,0.009087159101972653
1342163368254304256,negative,0.01449398641477718
1342163368514228224,neutral,0.49789225920557484
1342163368623419394,negative,0.18459858958932926
1342163368812154884,negative,0.12271477268588485
1342163368917016576,negative,0.23892579260418803
1342163369516785668,positive,0.7920933310881366
1342163369940303873,negative,2.6551873154995943e-06
1342163370754138113,negative,0.00017019325844760307
1342163372750602243,neutral,0.49874252736183783
1342163372821925888,negative,0.07593748718638854
1342163373191008256,negative,0.00017582172268412865
1342163373727870977,negative,0.15237137935820858
1342163373983739905,negative,0.023075944015281635
1342163374122135558,negative,0.02329323645236039
1342163374986190851,negative,0.0069571137892871044
1342163375128784896,negative,0.0009609096913466907
1342163376034762760,negative,0.07192298659144568
1342163376198328320,negative,9.007272779274727e-05
1342163376487727105,negative,0.02312814423556466
1342163377121079300,negative,0.052146102056340175
1342163377326579712,negative,0.04431263158694897
1342163378182225921,negative,0.265321625109323
1342163378387648513,negative,0.0024325247054124955
1342163378744086530,negative,0.004269114359085156
1342163378828001280,negative,0.03342717553821877
1342163378962395139,negative,0.07030278133227762
1342163379029467138,neutral,0.5159436667231726
1342163379163717633,negative,3.792379489848801e-05
1342163381889900545,negative,0.000727578777212182
1342163384373018629,neutral,0.4507454498615163
1342163385593393153,negative,0.25411521829677874
1342163385593589761,negative,0.0003290075508948937
1342163385908142082,negative,6.554795076871651e-07
1342163386847670275,negative,0.22891599251938624
1342163390865747968,negative,0.28741154178763173
1342163391893434368,negative,7.548841920217413e-06
1342163392652587011,negative,0.07643409622375173
1342163392941973505,negative,0.06224425739113087
1342163393105580033,negative,0.10580264249769988
1342163393629855744,negative,1.035084115611011e-06
1342163393730363397,negative,0.0006461075786166064
1342163394149965825,negative,0.0017311867563722708
1342163394384769025,negative,0.054327400666022506
1342163394506465289,negative,0.023765752893186755
1342163397207609349,negative,0.015463999942515846
1342163397400547334,neutral,0.49789225920557484
1342163398411378690,negative,0.08231209665333605
1342163399002750978,negative,1.9441395056222613e-07
1342163399971663874,negative,1.7341333321521115e-10
1342163401531863040,negative,2.846339062239644e-05
1342163405130620928,neutral,0.49789225920557484
1342163405260652544,negative,0.00012638725575107542
1342163405378113536,negative,0.054327400666022506
1342163408699985921,negative,0.011538404096376137
1342163408708370434,negative,0.009087159101972653
1342163409668894721,negative,0.057100421758971884
1342163410243485705,negative,0.0019979628286412865
1342163410658586626,negative,0.013943677013512817
1342163411501805570,negative,0.0003998466404645706
1342163415918280704,negative,0.009655167226292012
1342163418355097600,negative,0.003185314603931025
1342163420360146944,negative,0.01578993950589457
1342163422662815744,negative,0.0019498944401086027
1342163423182905344,negative,0.004395984003886822
1342163425020014593,negative,0.09571466809406828
1342163425166839809,negative,0.0012802493548384288
1342163426353815552,positive,0.782429480926014
1342163427909795841,negative,0.02329323645236039
1342163428123799554,negative,0.0006004748683393548
1342163432712384514,neutral,0.6149732941538079
1342163436902506497,neutral,0.4204190317913396
1342163437405827072,negative,0.009087159101972653
1342163438823493633,negative,3.9168044798755026e-05
1342163440023056385,negative,0.0005510202979072754
1342163443160383488,positive,0.931077035344314
1342163445098160129,negative,0.017892680409723406
1342163445731500032,negative,0.31297259541654526
1342163447232905219,neutral,0.49789225920557484
1342163447505678343,negative,0.05352475611900498
1342163448969506822,negative,0.016215901267317038
1342163455118352386,negative,4.318476926429455e-05
1342163455386726404,negative,0.0005513534658065328
1342163456691220484,negative,0.0006566485959450078
1342163457190215682,neutral,0.49789225920557484
1342163457194549248,negative,0.0016487249759915975
1342163458691911682,negative,0.01090715993487572
1342163460956762115,negative,0.017130955846725436
1342163462294794242,negative,0.027289744188104013
1342163466468130825,neutral,0.36733294409994255
1342163467139047424,negative,0.010821739943380863
1342163468129095680,negative,0.2010358543591717
1342163469877985280,negative,0.02329323645236039
1342163470041505792,negative,0.0012802493548384288
1342163470054207488,neutral,0.3593672214136314
1342163472533086213,negative,0.05106637002907062
1342163474231799809,negative,0.024601864300265203
1342163475670437892,negative,0.007737272138103139
1342163477318815745,neutral,0.3478691285356667
1342163481542483969,negative,0.027289744188104013
1342163482721071105,negative,0.034168297047262965
1342163482762993664,negative,0.0009135723002259712
1342163485967441923,negative,4.892733042940754e-07
1342163488186261508,neutral,0.5743452650545291
1342163489536806916,positive,0.9477931060999414
1342163493328355328,negative,8.515087045096324e-06
1342163494909706240,negative,0.01854882810083329
1342163495886974980,neutral,0.5316624617817726
1342163496503566338,negative,0.0016487249759915975
1342163496629366787,negative,0.19698566538285395
1342163496646156288,negative,0.09646578667338862
1342163496700674049,neutral,0.5425813081463247
1342163496830554115,positive,0.9996679469659898
1342163497585680384,negative,3.390008930476261e-08
1342163506066558976,neutral,0.4042041767695276
1342163508344090629,negative,0.001160058417124445
1342163510109859843,neutral,0.5143447214613424
1342163510323802115,negative,0.045237078153474955
1342163512324452355,negative,0.012487335807890914
1342163514501124096,negative,0.027289744188104013
1342163520104898560,negative,0.32112084512068156
1342163520901754882,neutral,0.49789225920557484
1342163525033193475,negative,0.0012966117335193026
1342163525557485570,negative,0.0006004748683393548
1342163527033884675,neutral,0.4799681435772251
1342163531916050432,negative,0.11919709727946037
1342163533497315328,negative,0.00045701546201009957
1342163535464333312,negative,0.0021116303739656416
1342163536483471360,negative,0.010821739943380863
1342163536731107328,negative,0.10189721805660573
1342163539440463872,negative,0.27577236380464615
1342163539709059074,neutral,0.4201460604539288
1342163541193859072,negative,0.002996072812792057
1342163544599633920,negative,0.2223947256174405
1342163548319985667,negative,4.3408128273352086e-05
1342163553839697925,negative,0.009655167226292012
1342163557073477640,negative,0.28232432848785327
1342163557237063680,negative,0.0004685145405093326
1342163557505503235,negative,0.009655167226292012
1342163558675619840,negative,1.9264923755409437e-06
1342163560844165129,negative,0.001160058417124445
1342163561129390082,negative,0.027289744188104013
1342163561662054402,negative,0.12954329202483747
1342163562551275522,negative,0.0016487249759915975
1342163563536855041,negative,0.009087159101972653
1342163565642440704,neutral,0.48636446360627167
1342163566791688192,positive,0.7892687875196074
1342163567290810370,neutral,0.5098436067637715
1342163571745153024,positive,0.7418302308996397
1342163572273643520,negative,0.05106637002907062
1342163575515848704,neutral,0.41255628797487864
1342163576350519296,negative,0.009446615150124401
1342163578141298688,negative,0.00773375135517403
1342163578518986755,negative,0.005597346203166688
1342163579332661249,negative,0.013333558573422097
1342163580196696065,negative,5.551077751403084e-07
1342163581970747392,negative,0.0005440902550546351
1342163584231477248,negative,0.0010427729243528215
1342163586387423235,negative,0.009655167226292012
1342163587142471681,negative,0.24257851552935902
1342163587155025921,neutral,0.6149732941538079
1342163587352158208,negative,0.18459858958932926
1342163587641597952,negative,0.009087159101972653
1342163588178464773,negative,0.062191053680428626
1342163588220407811,negative,0.1913354097119893
1342163588430106626,negative,0.21047953907773329
1342163588618846212,negative,8.515087045096324e-06
1342163589801586688,neutral,0.42582345732013793
1342163590179074051,negative,0.0021116303739656416
1342163591320002561,negative,0.2657848933924442
1342163591445807104,negative,0.04102549363744624
1342163592074960898,positive,0.9797302420481594
1342163592435671041,negative,0.0012610069444334599
1342163592683155456,negative,0.0024745264686535985
1342163593018544128,negative,8.515087045096324e-06
1342163594402795521,negative,0.21047953907773329
1342163594415321090,positive,0.8753707588220523
1342163594583146496,negative,0.08215560566987992
1342163595522617353,positive,0.7815468478349041
1342163595652714499,negative,0.0042551985452611235
1342163595753304065,negative,0.03393834933564429
1342163596294434817,neutral,0.463297056794331
1342163597053587457,negative,0.00680588237959152
1342163597573697541,negative,3.792379489848801e-05
1342163597930229761,negative,2.5058588636750863e-05
1342163599012335620,negative,0.009329269993355437
1342163599213658113,neutral,0.37142605093897746
1342163600786513920,negative,0.03316337627831728
1342163604414607360,negative,0.000391335470645188
1342163604590755840,negative,0.027289744188104013
1342163604729192451,negative,0.24493499203592298
1342163606708883458,negative,0.00017582172268412865
1342163608134938624,negative,0.013945111117572134
1342163616460636162,negative,0.241801211149956
1342163622508843010,neutral,0.3483776439259413
1342163622643036162,negative,2.2632639904884746e-09
1342163623486103552,negative,0.050807210590416506
1342163625436393479,negative,0.05031150826633399
1342163627726557184,negative,0.28232432848785327
1342163629899210752,neutral,0.3409806075907224
1342163631958597634,negative,0.019516927481713298
1342163632361263105,negative,0.10489656397742007
1342163633174949888,neutral,0.39404261037543126
1342163633866850304,negative,5.062255101145312e-05
1342163635217575937,negative,0.17391761695589428
1342163635515215877,negative,0.004048582271772707
1342163636203171840,negative,0.1237920764744117
1342163637776035845,negative,0.08993620735491545
1342163637843054594,negative,0.02863318724722656
1342163642662461441,neutral,0.3483776439259413
1342163643312422912,negative,0.009655167226292012
1342163644524716032,neutral,0.46127768308170247
1342163645543952384,negative,0.10741740791562202
1342163646470791173,negative,0.0949834370573159
1342163648551284737,negative,0.008802884860654241
1342163653827637251,negative,4.134535438798355e-05
1342163660660211714,neutral,0.49789225920557484
1342163661872361472,negative,0.19565389531612792
1342163662904111112,negative,0.054327400666022506
1342163670323916820,neutral,0.4525299360032805
1342163672668516353,negative,0.0014377888356532974
1342163676636307456,negative,0.0005513534658065328
1342163678041399297,positive,0.9999976958690524
1342163680641904647,negative,0.04329948809938995
1342163681178759171,negative,0.0021116303739656416
1342163681224880131,negative,0.0012966117335193026
1342163682617397251,neutral,0.46127768308170247
1342163683573694465,negative,0.004551295411253584
1342163686312566792,negative,0.009655167226292012
1342163687671476226,negative,0.15335434241404183
1342163687877058560,negative,0.08672664446901979
1342163688053211136,negative,0.0032580438964232438
1342163690049720321,neutral,0.5743452650545291
1342163691278626816,negative,0.0004000177059862649
1342163691442237440,negative,0.005235585253900906
1342163691492536322,negative,0.003148763995201795
1342163692058771458,negative,0.19608385064557662
1342163692117512195,negative,0.02741902620062975
1342163692197011456,negative,1.9441395056222613e-07
1342163692696326144,negative,0.0014775854351103544
1342163692738195458,negative,0.0028035244083337357
1342163695917522945,neutral,0.3409806075907224
1342163697196650496,negative,0.17530011606073342
1342163697276387329,negative,0.0035359927060174094
1342163697473609731,negative,0.000727080966594149
1342163699541422080,negative,0.0004152667246791648
1342163699574992898,negative,0.00012886923598357422
1342163699725967363,positive,0.8440406364421833
1342163700816330754,negative,0.010821739943380863
1342163703446192129,negative,0.07643409622375173
1342163704301936643,negative,0.04393865770445395
1342163704792625153,negative,4.797141662335979e-05
1342163704947892224,negative,0.24593314263691812
1342163706306842629,negative,0.27538537887707226
1342163706378145797,negative,0.009234444119939575
1342163706533261312,positive,0.8117241831692898
1342163708278091779,negative,0.0012802493548384288
1342163708466884611,neutral,0.5136446707795853
1342163709356072962,negative,9.363226023927716e-05
1342163712451489794,negative,7.30774934935384e-05
1342163714334621696,negative,4.116924020370754e-06
1342163715911778310,negative,0.13997518181407745
1342163716020822016,negative,0.0069571137892871044
1342163716268318721,negative,1.6991144212088598e-05
1342163716687745029,negative,0.008446648276616557
1342163717841022976,negative,1.9441395056222613e-07
1342163718197673986,negative,0.0029983909628816777
1342163720730980355,negative,0.16607610750087148
1342163721305681922,negative,0.271155428753468
1342163722442317832,negative,0.11456597163922502
1342163722635243520,negative,0.0022175326187860887
1342163722689802240,negative,0.05613741236291205
1342163723583172609,negative,0.0014049083005648528
1342163724178771975,negative,0.019546979740471995
1342163724489142273,negative,0.024586569840210654
1342163725176999944,negative,0.011538404096376137
1342163725382529025,negative,0.023075944015281635
1342163726204547072,negative,0.005728879614592592
1342163728511332352,neutral,0.4201460604539288
1342163728696037382,negative,0.02059478213973318
1342163730759639041,neutral,0.3593672214136314
1342163733775347713,negative,0.004425868531255007
1342163734580645890,negative,0.06680160136396374
1342163736744882176,negative,8.185470485280503e-06
1342163739362140165,negative,4.1969548169846834e-10
1342163740242808832,negative,0.014205827926210534
1342163740305879040,negative,0.04275548090686738
1342163741761265664,negative,0.0001123780949996407
1342163742142959619,negative,0.09741811200378674
1342163742390444033,negative,0.014898482816411247
1342163743434797058,negative,0.2667685294797568
1342163743707430913,neutral,0.5365635327396616
1342163746958008320,negative,0.06106744169493714
1342163751647248384,negative,0.0006005728458958753
1342163754205802498,negative,0.027289744188104013
1342163754704900096,negative,0.0016984442996489809
1342163756114010115,negative,0.1250224706700623
1342163761831014400,negative,0.23892579260418803
1342163763642843137,negative,0.0949834370573159
1342163763747717122,negative,0.0949834370573159
1342163763751882752,negative,0.0949834370573159
1342163763764494336,negative,0.07469628438290933
1342163766176321538,negative,0.07903570300231018
1342163767170392066,negative,0.15410490458584375
1342163770223849473,negative,0.06349256163192335
1342163771540860928,positive,0.9966815111517452
1342163776372690945,negative,0.0013217779979417216
1342163777551269889,negative,0.0010660917330903906
1342163778826366984,negative,0.044909433242324756
1342163785524645888,negative,1.7161990852840349e-07
1342163788515184641,negative,0.002080285003248149
1342163788800393220,negative,5.717116381394467e-06
1342163790150979584,negative,0.0004392791343105455
1342163795850846210,neutral,0.4201460604539288
1342163802800836608,negative,0.04655577628293924
1342163805162196992,negative,0.0005819333606554976
1342163805267087360,negative,0.0042828911848175645
1342163808714805249,negative,8.159994695389101e-05
1342163810145230850,negative,0.2611621137273265
1342163812703760386,negative,0.009655167226292012
1342163813139886081,negative,0.005021791348261901
1342163813450317829,negative,0.00019710639451237126
1342163815354535936,negative,1.8892641627319633e-05
1342163816356978690,negative,0.23432434876951558
1342163820597432320,negative,0.009087159101972653
1342163821868277763,negative,0.04655577628293924
1342163822866530306,negative,0.009087159101972653
1342163826616266752,negative,0.06706714328495908
1342163829610983424,negative,0.00021909519392193167
1342163830416285697,neutral,0.5192148910227956
1342163830747627521,negative,0.0006004748683393548
1342163830764408836,neutral,0.35673835246329144
1342163831481651201,negative,0.054327400666022506
1342163831540375553,positive,0.8567642649968916
1342163833889034240,negative,0.010821739943380863
1342163834094706689,negative,0.06874719049203769
1342163834568511488,neutral,0.4232078962494373
1342163838905573377,negative,0.000727578777212182
1342163839165603840,negative,0.003095614258852028
1342163839320788995,negative,0.055296812777296055
1342163840386150400,negative,0.006215782707455938
1342163842202263552,negative,0.025196297443800093
1342163842328047616,negative,0.000134003624250076
1342163844068761600,negative,1.4952903656742366e-09
1342163844337192960,negative,0.006236429820964479
1342163847679979521,negative,1.4448027220074987e-05
1342163849840128003,negative,0.003573254378016787
1342163850414546944,negative,4.364280067877536e-06
1342163852172132357,negative,0.010952761807428038
1342163854961254400,negative,0.0006566485959450078
1342163855196233728,negative,0.16532172419126437
1342163855250747394,negative,0.18511238977996533
1342163858530598913,neutral,0.49789225920557484
1342163858891403264,neutral,0.5169027500863229
1342163859856125954,negative,0.009452283390351967
1342163860560744454,negative,0.13691800150989009
1342163860837576704,negative,0.0003290075508948937
1342163863068934146,negative,0.18562672999799673
1342163863702282244,negative,1.8892641627319633e-05
1342163864549535748,negative,8.515087045096324e-06
1342163864654376966,negative,0.002745298738113449
1342163865140932609,negative,3.0654597488645394e-05
1342163867024166913,negative,1.5672959128898514e-09
1342163867263234053,negative,0.012560421463843586
1342163868580274185,negative,0.005004171349972401
1342163868735467520,negative,0.015141648629067025
1342163869414916102,negative,2.501724650002005e-06
1342163871889502212,negative,0.006671141875045404
1342163872757788675,negative,1.5430961551002625e-06
1342163873206595584,negative,0.0010427729243528215
1342163874318082049,neutral,0.3593672214136314
1342163875869896709,negative,0.06735262945225812
1342163876910157824,neutral,0.3996580091506196
1342163877384085504,negative,0.05352475611900498
1342163877904134144,negative,0.05528446120294227
1342163880139747329,neutral,0.40164566407707886
1342163880244633601,negative,8.515087045096324e-06
1342163880303329282,neutral,0.3358218310945649
1342163882219982848,negative,0.21135798286468147
1342163885474918400,negative,0.32462423572222987
1342163886313791501,negative,0.003334236284997671
1342163888863903745,negative,3.240242071956066e-05
1342163889585315841,negative,0.014921409828964609
1342163889593704450,negative,0.0015261906492892378
1342163890600341505,negative,0.0005396934869937535
1342163892093521921,negative,0.08940339384308849
1342163892772990976,negative,0.18459858958932926
1342163894899507202,negative,0.11241297379146376
1342163895197310978,negative,0.0598838203698199
1342163896254271488,neutral,0.4042041767695276
1342163896258473990,negative,0.11456597163922502
1342163896287850498,negative,0.12376353132407591
1342163897747468288,negative,0.19121999831568517
1342163899030904832,negative,0.004551295411253584
1342163900280795137,negative,7.30774934935384e-05
1342163901945946112,negative,0.005370575131904248
1342163902071619584,neutral,0.46127768308170247
1342163902721908736,positive,0.9961402627985544
1342163902751264773,negative,0.0022050339753549894
1342163905355927555,negative,0.0671484287162121
1342163908572950528,negative,0.20510327402713763
1342163909088694272,neutral,0.4201460604539288
1342163909717848064,negative,0.00606045011717588
1342163910615396352,negative,0.0004760529356788509
1342163912297504768,negative,0.0002044239336040009
1342163914180608001,neutral,0.4232078962494373
1342163915237711873,negative,0.0028035244083337357
1342163915787153412,neutral,0.4201460604539288
1342163916990816256,neutral,0.4201460604539288
1342163917439643649,negative,0.012779874369582812
1342163918756716556,neutral,0.49789225920557484
1342163918807035908,negative,0.023075944015281635
1342163919146725376,negative,0.02556828191413157
1342163919251648512,negative,0.0009988050860658291
1342163919373217793,negative,0.08548408016877691
1342163919935303682,negative,0.04340021281786559
1342163921499803648,negative,3.240242071956066e-05
1342163921780809728,negative,0.20669954165466367
1342163922049265671,negative,1.3400400834775863e-06
1342163922816806914,negative,0.22477361187670578
1342163923328520194,negative,0.0001690060164897966
1342163924704256000,negative,0.002912879623674384
1342163928592343052,negative,0.023075944015281635
1342163929024274432,negative,0.03461384541361707
1342163930035204104,negative,0.07224993279880014
1342163930853105664,positive,0.8567642649968916
1342163931343761410,neutral,0.5797341888729652
1342163931930963968,negative,0.16216556077145836
1342163932631330816,negative,0.13036130171474938
1342163932761489411,negative,0.011538404096376137
1342163933621325832,negative,0.26076950668447035
1342163934535708672,negative,0.0003082441436803875
1342163936381194242,negative,0.0010427729243528215
1342163936423137280,negative,0.0010427729243528215
1342163939887636482,negative,0.005309094876603456
1342163939946205184,negative,0.005605058504731523
1342163940235730949,negative,0.00017582172268412865
1342163942643269634,negative,0.020662502153600684
1342163943062646784,negative,6.354079939911233e-07
1342163943620489227,negative,0.02312814423556466
1342163944111284224,negative,0.00017582172268412865
1342163944115490816,negative,0.0007215222070526154
1342163944757190658,negative,0.04388290888663579
1342163945478647814,negative,0.002542899893456574
1342163948020314112,negative,0.020662502153600684
1342163948620156928,negative,0.0007929404103188511
1342163950151098369,negative,0.027289744188104013
1342163950331457536,negative,0.004551295411253584
1342163950834765824,negative,0.028742211744513562
1342163950973149184,negative,0.28708253415513857
1342163951182819334,negative,0.2906278741030604
1342163951551795200,negative,0.06980087645596508
1342163951744937984,negative,1.8218995844573605e-07
1342163955096170496,negative,0.0012652311539080186
1342163956387950593,neutral,0.44193049347687885
1342163958183170048,negative,0.12462978262194581
1342163960422944769,negative,0.0004004770375121783
1342163964088692739,negative,0.003542285769021868
1342163970011095046,negative,0.006314918400876664
1342163975929294850,negative,0.009655167226292012
1342163976621236224,negative,0.0025048286488941287
1342163977946738690,negative,0.16481072472301717
1342163981973282816,negative,3.963090601283089e-06
1342163982568869889,negative,0.0027645380825375467
1342163984997208065,neutral,0.49789225920557484
1342163985903321093,negative,0.0013781876082301736
1342163986561818625,neutral,0.4201460604539288
1342163990953254913,positive,0.9966815111517452
1342163992744255492,neutral,0.38144077971751994
1342163993239150595,negative,0.024408382919644155
1342163994782609408,neutral,0.4525299360032805
1342163997785808900,negative,0.050133874911139346
1342163998117142528,negative,0.02444536197545733
1342163998695948288,negative,0.009964905533823901
1342163999228633089,neutral,0.33706087232717447
1342163999341875207,neutral,0.4525299360032805
1342164002554654721,negative,0.007919443942463092
1342164008934273024,negative,0.01615575654303187
1342164009001361410,neutral,0.5278451048448968
1342164009299173376,negative,0.009655167226292012
1342164014080602113,neutral,0.5278451048448968
1342164014428794880,neutral,0.35673835246329144
1342164014688841729,neutral,0.5533970533999424
1342164023547023360,negative,0.009760717503525121
1342164027888312322,negative,1.522540329261765e-05
1342164028664279040,negative,0.0017044573439585257
1342164028722991104,negative,0.2042206625762188
1342164030002180097,negative,0.027289744188104013
1342164032137138177,negative,0.01090715993487572
1342164035559682055,neutral,0.33113119352556253
1342164038034321409,neutral,0.4649994751975323
1342164039061925891,negative,5.6823576431552355e-06
1342164040156647425,neutral,0.49789225920557484
1342164041020694528,negative,0.0003357913347141267
1342164047416868864,negative,0.24299238759052857
1342164049539129344,negative,0.1609198433251505
1342164050755661831,negative,0.0003689629890388056
1342164051162443777,positive,0.9996679469659898
1342164051254792195,negative,9.594991972264337e-06
1342164051456102400,negative,0.0011231797208009493
1342164052915724288,negative,0.023075944015281635
1342164055432318977,neutral,0.38788845892295976
1342164055444881408,negative,0.015565404561229668
1342164055893663746,negative,0.027289744188104013
1342164056262791169,negative,0.0064932701000044
1342164056661241857,negative,0.11556620872582024
1342164057059512321,negative,0.02329323645236039
1342164057332342786,negative,0.27602786452725514
1342164058133458944,negative,0.000602545142267206
1342164058213134336,negative,0.00017582172268412865
1342164060016693248,negative,0.26076950668447035
1342164060226334720,negative,1.6734281074416479e-10
1342164060373213184,negative,0.27538537887707226
1342164060763086849,negative,0.014921409828964609
1342164061274972163,negative,0.15237137935820858
1342164061467901952,negative,0.05352475611900498
1342164062256431104,negative,0.13691800150989009
1342164063510552576,negative,0.0002945289877875094
1342164063728635910,negative,0.000594779640483019
1342164063946731524,negative,8.515087045096324e-06
1342164064210968576,negative,2.818219078077267e-06
1342164066140348418,negative,0.0069571137892871044
1342164066505261058,neutral,0.3660023392704835
1342164066530439169,neutral,0.4147342023902695
1342164069902659584,negative,0.2828321292982334
1342164071529861120,negative,0.18084842315187058
1342164073149067265,negative,0.008616350707852456
1342164073945976835,negative,2.6551873154995943e-06
1342164075221016576,negative,0.0292887814219921
1342164076474953728,negative,0.27538537887707226
1342164076655480844,negative,0.0010427729243528215
1342164076814872578,negative,0.08215560566987992
1342164077775364096,negative,0.0004760529356788509
1342164078270287874,negative,0.00849309960577442
1342164080505839621,negative,0.09098030042795581
1342164080589758465,negative,0.08283103778851014
1342164081663422465,negative,0.03639614060582062
1342164082003243010,negative,0.0033150232105424817
1342164082963656705,negative,0.009655167226292012
1342164083542536197,negative,7.382731725420572e-05
1342164083693539329,positive,0.7560908973998467
1342164085031501825,negative,0.007591717983904526
1342164085350273024,negative,1.8842028129957318e-06
1342164086918938624,negative,0.13997518181407745
1342164087929769985,negative,0.0010500415003633936
1342164088680542208,negative,4.660393401829881e-05
1342164090102444036,negative,0.2801563186979894
1342164091171971073,negative,3.797821022929815e-06
1342164093742956544,negative,0.00849309960577442
1342164095378878466,negative,0.011538404096376137
1342164095416602624,negative,0.013080695518110603
1342164099145359363,negative,5.126506659525348e-07
1342164099464105984,negative,0.13997518181407745
1342164099598143488,negative,0.0003411572611603559
1342164099661238274,negative,0.011538404096376137
1342164100122554368,negative,0.0027368897818948463
1342164100307103745,negative,0.0003005819178328507
1342164102999752704,negative,2.0077410168079703e-06
1342164103025078273,negative,0.014613382449711838
1342164103088009218,negative,0.15540233172630602
1342164104048422919,negative,0.001095849295524466
1342164104258211844,negative,0.03246128932462553
1342164106212646912,negative,0.021832781444602187
1342164107521351680,neutral,0.5357175779386736
1342164107827490817,negative,3.0654597488645394e-05
1342164109131993089,negative,0.28232432848785327
1342164109228306432,negative,0.009952199899550774
1342164110176346120,negative,8.515087045096324e-06
1342164110541279234,negative,0.003778780709496659
1342164111577272321,negative,0.09640323611645361
1342164113456312320,negative,9.278706419080394e-09
1342164114098020353,negative,0.005370575131904248
1342164115440230401,negative,0.009500500243598695
1342164115721228288,neutral,0.49789225920557484
1342164116329426944,negative,0.021397565352061616
1342164116681740296,negative,0.21169841042377396
1342164118535630855,negative,0.010821739943380863
1342164118846001153,negative,0.0001123780949996407
1342164119546302464,neutral,0.47837303468572906
1342164119672279049,negative,0.0013217779979417216
1342164120909598724,negative,0.040762205779359864
1342164121031208962,neutral,0.48568112192823554
1342164121261903872,negative,0.00020920870557705678
1342164122713133056,neutral,0.49789225920557484
1342164123526815747,negative,0.0003082441436803875
1342164124134998017,negative,3.792379489848801e-05
1342164124575264768,negative,0.07593748718638854
1342164125162598400,negative,0.0019958977372216864
1342164125934362624,negative,7.8964593116111e-10
1342164127700160520,negative,0.0014674029400266791
1342164128471937025,negative,7.30774934935384e-05
1342164128731983873,negative,7.30774934935384e-05
1342164130900422668,negative,0.027289744188104013
1342164130921328642,negative,0.07643409622375173
1342164131013677056,negative,0.1486836384576701
1342164131953172481,positive,0.8830283006755308
1342164132263579648,neutral,0.398180521791012
1342164132372631552,negative,0.02312814423556466
1342164133165334529,negative,0.016464699376844857
1342164133500878851,negative,1.3854964200593314e-05
1342164135203713029,positive,0.9205393517642273
1342164135589662721,negative,0.0006566485959450078
1342164135736463363,neutral,0.411948167474545
1342164136361218048,negative,0.16532172419126437
1342164137208643586,negative,4.246178078765211e-06
1342164139737804801,negative,0.13997518181407745
1342164141914673153,negative,7.815612721160295e-06
1342164142195683328,neutral,0.4151636653695629
1342164143500099587,negative,0.0002406228845480384
1342164144301215744,negative,0.011387119173563179
1342164144884211723,neutral,0.49789225920557484
1342164145236443137,negative,0.0002038159734407014
1342164145584693248,negative,0.02329323645236039
1342164147971256327,negative,0.09640323611645361
1342164148361302019,negative,0.00016036712028058784
1342164148663291917,negative,0.0005325880340559762
1342164149346967555,negative,0.025742826521775772
1342164150210895872,negative,3.698772964081764e-09
1342164152622739459,neutral,0.37609422587007374
1342164158930948098,negative,0.06349256163192335
1342164159149047809,negative,3.7313982180813914e-05
1342164162210893825,negative,3.090142768551724e-05
1342164162290581511,neutral,0.3643685158170457
1342164162944913408,negative,0.00616627958689123
1342164165201285120,negative,0.16532172419126437
1342164165981577217,negative,0.06106744169493714
1342164168569462793,negative,0.07131989616979223
1342164168846299140,negative,0.0011575804518066941
1342164170180079616,negative,0.050807210590416506
1342164174114349061,neutral,0.49789225920557484
1342164175888347141,neutral,0.49789225920557484
1342164178556100622,negative,5.355489596720517e-06
1342164179415932929,negative,0.13926977142790745
1342164183903821824,neutral,0.49789225920557484
1342164185598349318,negative,0.016464699376844857
1342164193945018375,negative,0.012487335807890914
1342164195907932160,negative,3.172908404272598e-05
1342164199758245888,negative,0.0007947281187795242
1342164200727175171,negative,0.009655167226292012
1342164201788342275,negative,7.531417814344928e-06
1342164211623997441,neutral,0.49789225920557484
1342164211925921792,negative,0.21130107693641914
1342164212970303488,negative,0.10189721805660573
1342164216141250562,negative,0.00045577905385702075
1342164218867548161,negative,0.10189721805660573
1342164218901110791,negative,0.009655167226292012
1342164220260085760,negative,0.10189721805660573
1342164222545952776,negative,0.03309057490894845
1342164223103651840,negative,0.054327400666022506
1342164223883960321,negative,0.22888732450890373
1342164224269811712,negative,0.05352475611900498
1342164224638922755,negative,0.03461384541361707
1342164225490374661,negative,0.000239193657099081
1342164228904546306,negative,0.20771934817642312
1342164230238298112,negative,0.034975619766120604
1342164232809443330,negative,3.2777732137670505e-05
1342164233493086208,negative,0.027289744188104013
1342164234084335616,negative,0.027289744188104013
1342164234629763074,negative,8.631605861698372e-06
1342164234692648960,negative,5.667585845313686e-06
1342164237494444033,negative,0.282586727248585
1342164237939060737,negative,0.0017891461231412367
1342164238253568003,negative,0.07643409622375173
1342164238387838979,positive,0.9355038322809717
1342164238429786112,negative,0.3029968537174699
1342164238505271300,negative,2.213874220174184e-06
1342164239050547201,negative,0.0002755830172568149
1342164239822282752,negative,0.004058249750390295
1342164242225618946,negative,0.00019701864710100188
1342164242330513409,negative,0.19501601605657543
1342164242875748355,negative,0.010821739943380863
1342164243291000832,neutral,0.46127768308170247
1342164244591226882,neutral,0.5063575273151028
1342164244784173057,negative,0.008616350707852456
1342164245279080449,negative,0.04329948809938995
1342164246101184512,negative,2.6517789420879726e-06
1342164246210236417,negative,0.0027775233865613928
1342164246940045317,negative,0.010707567603196803
1342164247393009664,negative,0.009655167226292012
1342164248349220864,negative,0.0001123780949996407
1342164248827314177,negative,0.014593718236557253
1342164250035425283,negative,0.002374765497289203
1342164250106626048,negative,0.0009443877782714312
1342164250509385733,negative,0.28741154178763173
1342164254556905474,negative,0.0071965766485670764
1342164255311884288,negative,0.21548969967999124
1342164256289136643,negative,0.14192462298777708
1342164256431726594,negative,0.17400200517567152
1342164257090265094,negative,0.0013217779979417216
1342164257874587648,negative,1.1810483630636546e-05
1342164259271225345,negative,5.732146743255449e-07
1342164259447443457,negative,0.10489656397742007
1342164260001112064,negative,0.0007215222070526154
1342164260336635905,neutral,0.4324741371313438
1342164262396035073,negative,7.815612721160295e-06
1342164263536832512,negative,0.12271477268588485
1342164263599665152,negative,0.27538537887707226
1342164263645958146,negative,0.01366302732957199
1342164263675244544,negative,0.00044286331715456817
1342164264207884290,negative,3.7780426723534714e-06
1342164264329633792,negative,0.003934161853096725
1342164265428537346,neutral,0.3816840056458336
1342164266036637697,negative,7.815612721160295e-06
1342164266300923907,negative,0.1306966426318281
1342164266502262789,negative,0.00271784362838045
1342164267882176512,negative,0.07192298659144568
1342164269387960322,negative,0.2812124665127172
1342164269949923329,neutral,0.5136446707795853
1342164270633480192,negative,0.18556371734001487
1342164271447351296,negative,3.240242071956066e-05
1342164273846497280,negative,0.0066621370182119305
1342164276283367431,negative,0.0005583564912642673
1342164277290016769,negative,5.695712372832936e-09
1342164278686707713,negative,0.013413968900562383
1342164279240388608,positive,0.9996679469659898
1342164280255393793,positive,0.7082562339435228
1342164280817438723,negative,0.015155107296918732
1342164280981016577,negative,0.0006566485959450078
1342164281626931203,negative,2.266872259950262e-08
1342164281958293511,negative,0.00017582172268412865
1342164282381889542,negative,1.6734281074416479e-10
1342164282600009729,negative,0.31670522991439104
1342164283216572422,negative,0.012376378919967288
1342164283556302848,negative,0.09132580270280348
1342164284642619399,negative,8.515087045096324e-06
1342164284776837121,negative,0.0006050259893383138
1342164284953026561,negative,0.0002755830172568149
1342164286169378817,negative,0.2439494271228286
1342164286450376705,negative,0.07030278133227762
1342164287557693442,negative,0.21047953907773329
1342164288270688257,negative,0.00012999382588466934
1342164288832741378,negative,0.02312814423556466
1342164290267189260,negative,0.0069571137892871044
1342164290913116163,negative,0.0007929404103188511
1342164291139620864,negative,0.0011187109817168892
1342164291185590273,negative,0.20669954165466367
1342164297875648512,negative,0.02329323645236039
1342164298634649600,negative,0.014846572056646702
1342164298680971264,negative,0.004245740707033381
1342164298756485123,negative,0.0010764263278548608
1342164299582566400,negative,8.515087045096324e-06
1342164299645648896,negative,0.00014631382520863268
1342164300237041664,negative,4.060586363679853e-07
1342164300698423296,negative,4.252800437783236e-06
1342164300820054018,negative,0.009655167226292012
1342164301449211904,negative,0.0035935401390862504
1342164301956722689,negative,0.11966109540926921
1342164302187343881,negative,0.005194596826563236
1342164303261085697,negative,2.9192382807696873e-06
1342164303730909186,negative,0.004551295411253584
1342164303873511425,negative,0.006646512168712193
1342164303894425602,positive,0.9303433958685795
1342164303969832967,negative,0.0010427729243528215
1342164304313794561,negative,0.00849309960577442
1342164304607535110,negative,0.2761425816454065
1342164304947277825,negative,0.0003082441436803875
1342164305396043778,negative,0.045595187055014544
1342164307203776514,neutral,0.48728019602140255
1342164308466278403,negative,0.019921095588472066
1342164309875503106,negative,0.000602545142267206
1342164312912244741,negative,0.0598838203698199
1342164313029693441,negative,0.22477361187670578
1342164313277001728,negative,0.010821739943380863
1342164313713373191,negative,0.001326210920046788
1342164315797938179,negative,0.13997518181407745
1342164315894394881,negative,0.00044286331715456817
1342164318842925058,negative,0.02049828370112842
1342164319019134978,negative,0.009760717503525121
1342164320084488195,negative,0.009087159101972653
1342164321099542536,negative,0.03589160844210587
1342164321636405248,negative,0.04309523899221751
1342164321749659649,negative,0.003017288699638112
1342164322164887552,negative,0.019463299758375695
1342164323293126661,negative,0.0003239154728240111
1342164323901255681,negative,0.024694100878818438
1342164323939086336,negative,1.8325383597238567e-06
1342164325868457987,negative,0.0002807432256407207
1342164326233346048,negative,0.27538537887707226
1342164328783474689,negative,0.020510669272724782
1342164330029182979,negative,2.355808391098675e-05
1342164331522379776,negative,0.004551295411253584
1342164332533198851,negative,0.011538404096376137
1342164332885360641,negative,0.03639614060582062
1342164332961009668,negative,0.0007929404103188511
1342164333049110529,negative,0.027289744188104013
1342164333560815617,negative,0.04668869569348924
1342164334856826882,negative,0.00010189533858230271
1342164335171276800,negative,0.01563543576172292
1342164338912714752,negative,0.0029776644433211694
1342164338921140224,negative,9.119477454977748e-11
1342164338996473856,negative,0.0037369220734476947
1342164339818700800,negative,8.395327799495476e-13
1342164343379681280,negative,8.515087045096324e-06
1342164343551569923,negative,0.0002834303096398234
1342164343622926339,negative,0.013539953918356797
1342164346303082497,negative,0.1393634348361401
1342164346751881217,negative,0.32112084512068156
1342164357640294400,neutral,0.4201460604539288
1342164358059732993,neutral,0.4922347160698981
1342164358693068805,neutral,0.49789225920557484
1342164360022659072,negative,0.19547272667579257
1342164360148484096,negative,0.002855514979868941
1342164363113861123,negative,0.007775061136812798
1342164363701084167,negative,0.0057942270187252495
1342164364959379456,negative,0.016464699376844857
1342164365886320641,negative,2.3863007747249064e-06
1342164366741958656,neutral,0.40894589973255985
1342164366976802816,negative,0.027289744188104013
1342164371007533057,neutral,0.5159436667231726
1342164376455946241,negative,0.009754950423210446
1342164376770539522,negative,0.027289744188104013
1342164376917303296,negative,0.24970851142414252
1342164378825715718,neutral,0.49789225920557484
1342164380264394752,negative,0.014205827926210534
1342164381669453824,positive,0.999540960699701
1342164384802627587,neutral,0.42932618490715524
1342164384907464706,negative,0.0005214825285494588
1342164389479198730,negative,1.1799024330240125e-06
1342164389504417792,negative,0.0002768796278208597
1342164391974866951,negative,0.0029835653771513194
1342164392213966848,negative,0.03845309961145903
1342164395426799617,negative,0.0017186828185257136
1342164396907216896,neutral,0.49789225920557484
1342164400283779074,negative,2.2364577559919566e-09
1342164400514494464,neutral,0.4201460604539288
1342164405446959109,negative,0.019785656524390294
1342164406231322625,negative,0.009655167226292012
1342164408043069441,negative,0.0006640976055219176
1342164409297367040,negative,0.07192298659144568
1342164410899509250,negative,0.027481091201770926
1342164414343090177,negative,0.010821739943380863
1342164414758313987,negative,0.16897113456069737
1342164415710375938,negative,0.00018560041534696078
1342164416557625344,negative,0.031390039777031205
1342164419057491969,negative,0.0002881940996909154
1342164420345081857,positive,0.7823520103259631
1342164420424822785,negative,0.32906479836841473
1342164420538085377,negative,0.0006726122019988871
1342164420550684673,negative,0.03213469059405367
1342164421007847424,negative,0.07895579885271119
1342164422001881089,negative,0.2387457107229343
1342164422345830400,negative,0.0004980744401048392
1342164422467362821,negative,0.0002406228845480384
1342164422618443777,negative,0.1921603864785727
1342164425139171329,neutral,0.3358218310945649
1342164425520930817,negative,0.014921409828964609
1342164426498174982,negative,0.00044286331715456817
1342164427295092737,negative,0.019425650712182798
1342164427462877185,negative,0.27538537887707226
1342164429249634308,negative,0.0012336379757355756
1342164429417414658,negative,0.008336322857227373
1342164429870346244,negative,0.016821485277076456
1342164430407098368,negative,0.12182690509467343
1342164435117473795,positive,0.9996679469659898
1342164435469795328,negative,0.15521196059489548
1342164435851501573,negative,8.515087045096324e-06
1342164436518400003,negative,0.2819411170673034
1342164437009051652,negative,0.0033196205270824355
1342164438426783747,negative,0.06124177979665343
1342164439563440130,neutral,0.3815349221122878
1342164439575965697,negative,0.023075944015281635
1342164440335200256,positive,0.8488784103859388
1342164441337638920,negative,0.014635145776150046
1342164442746920961,negative,0.011538404096376137
1342164443346690050,negative,0.011017388323203009
1342164447394201601,negative,8.422605621406217e-11
1342164447771635712,negative,0.11924197513035559
1342164448396632064,negative,3.089312616181282e-06
1342164449357139969,negative,7.30774934935384e-05
1342164449633964032,negative,0.0001039175126215644
1342164451168899072,negative,0.002855514979868941
1342164452066603009,negative,0.000239193657099081
1342164454344155136,negative,0.05606159713250785
1342164454465806336,negative,2.5987155852303245e-05
1342164455279505414,negative,2.332567007832772e-05
1342164455757635584,negative,0.06640051744579871
1342164456122548224,negative,0.012741282577351257
1342164458085486592,negative,0.14192462298777708
1342164458320359427,negative,6.256942625617613e-06
1342164459993915393,negative,0.0007929404103188511
1342164460044251137,negative,1.3245502313127066e-07
1342164460648230913,positive,0.8426382691396344
1342164461428355074,negative,0.03157718584383944
1342164463408082950,negative,2.5987155852303245e-05
1342164465324724224,negative,0.10908325400453499
1342164465635053569,negative,0.00044286331715456817
1342164465639448581,negative,2.065121168519698e-05
1342164466411061249,negative,0.009655167226292012
1342164466746744833,negative,0.023075944015281635
1342164468168609793,negative,0.21760016051021427
1342164470316081153,negative,0.0003153195836751695
1342164470706135042,positive,0.7475242755227335
1342164471427416070,negative,0.009446615150124401
1342164471461146627,negative,0.00010499020657706705
1342164473205780485,negative,0.11336130249525736
1342164473361166337,negative,0.21047953907773329
1342164473633767424,negative,2.6551873154995943e-06
1342164474107723777,negative,0.006724278638277938
1342164475105968128,negative,0.1941820530380634
1342164476720779265,negative,0.18949110387319634
1342164478511763456,neutral,0.42179982041745157
1342164478989889536,negative,0.0017506143388280031
1342164479707115525,negative,0.11924197513035559
1342164479870525442,negative,0.0009443877782714312
1342164483515568128,negative,0.0007929404103188511
1342164484161462272,negative,0.0017079536175655713
1342164484274712577,neutral,0.49789225920557484
1342164484442341376,neutral,0.5679063744080097
1342164484815777794,negative,0.023075944015281635
1342164485788852231,negative,0.0676922749993801
1342164488313827330,negative,0.14609850283191778
1342164489110740993,negative,0.005537624733762853
1342164492394835969,negative,2.3064460375229112e-06
1342164494408151044,negative,0.13330950109685444
1342164495452565505,negative,0.0009390030926242938
1342164496299810817,negative,0.2611621137273265
1342164496345948167,neutral,0.3713707115529126
1342164497440657409,negative,0.00017160275568544987
1342164498099089411,neutral,0.3578167774409764
1342164499558752261,negative,0.17382152354309108
1342164501752393731,negative,0.024904705414051206
1342164502633193473,negative,0.02049828370112842
1342164503753064455,negative,0.004551295411253584
1342164504038150151,negative,0.03407944698972355
1342164504109576193,negative,0.00044286331715456817
1342164504466096129,negative,0.010821739943380863
1342164506273853441,negative,0.00041126075981014974
1342164507825745925,negative,0.020662502153600684
1342164509235040258,negative,0.008166593364252878
1342164509427982343,neutral,0.48061219287488127
1342164510069706753,negative,0.008285294134682705
1342164510375899136,negative,8.091903106134127e-13
1342164510577192961,negative,0.21047953907773329
1342164510723989504,negative,3.93119504109818e-08
1342164512607264772,negative,0.005605058504731523
1342164513009725440,negative,0.01901656117934125
1342164513475469315,negative,0.0010009009471936203
1342164515065094148,negative,1.8741117110863947e-05
1342164519364091905,negative,0.0005819333606554976
1342164521566269443,negative,0.031489123559982284
1342164521880875009,negative,0.00021064070303690425
1342164522874888193,negative,0.001199928432640522
1342164523084558336,negative,0.2852714593764641
1342164525332766732,neutral,0.419321639478319
1342164525940944905,neutral,0.437369725752128
1342164526372892672,negative,0.14337074916523912
1342164526947594240,negative,0.0009719968613302451
1342164530932162566,negative,0.07970655620640098
1342164531594858496,negative,0.009655167226292012
1342164531976527872,negative,0.28232432848785327
1342164533897474049,negative,0.005026369834513546
1342164534564413442,negative,0.001786767199267522
1342164535541706755,negative,0.04043645591856907
1342164536242151425,negative,0.15540233172630602
1342164538276405248,negative,1.7547331171010363e-06
1342164540465827842,positive,0.9484630981089017
1342164541807812608,neutral,0.35673835246329144
1342164542474825729,negative,0.00017582172268412865
1342164543380860933,negative,0.0002066787796588387
1342164545268289537,neutral,0.5192148910227956
1342164545717084160,negative,8.277971471996416e-05
1342164550628507648,negative,1.9368397327755725e-06
1342164552578981888,negative,0.009562043434444856
1342164553468157962,negative,0.0006004748683393548
1342164559537332224,negative,0.07861879453919204
1342164560061607938,negative,0.2106815068139353
1342164563903606784,negative,0.009655167226292012
1342164564515778561,negative,0.005809218662195903
1342164565837148163,positive,0.9767330908784052
1342164566063636480,negative,3.075034914569415e-09
1342164567355502601,negative,0.027289744188104013
1342164567560863744,negative,0.06941562322398122
1342164568072663042,negative,0.013295080805721001
1342164576415043584,negative,0.00044286331715456817
1342164576641703936,negative,0.0003968756244807373
1342164576746541058,negative,0.026344422382704687
1342164577245650944,negative,0.0021116303739656416
1342164579359580163,negative,0.00416652164376001
1342164583130275840,neutral,0.42179982041745157
1342164584262639616,negative,0.0003290075508948937
1342164586993213440,negative,0.31251327812974533
1342164590600351746,negative,0.11924197513035559
1342164593888481280,negative,0.0016803192734490611
1342164594127679489,negative,0.0009390030926242938
1342164596854059008,negative,7.815612721160295e-06
1342164603359420418,negative,0.0021116303739656416
1342164604852563970,negative,7.928485103459091e-08
1342164604873539585,negative,5.192590981132659e-05
1342164605439782912,negative,0.004551295411253584
1342164608958799873,negative,0.27538537887707226
1342164609101402114,negative,0.0003756871293265378
1342164609487294464,negative,0.2731341042404879
1342164609604599817,negative,0.023158976181080253
1342164609688600578,negative,0.009087159101972653
1342164611387146240,negative,0.2906278741030604
1342164613367013376,negative,8.162938273849223e-21
1342164613576548352,negative,0.009655167226292012
1342164614252007428,negative,1.2137587316032155e-05
1342164614411399177,negative,0.020662502153600684
1342164614805676034,neutral,0.49789225920557484
1342164616294531072,negative,0.011490537435018785
1342164616378535937,negative,0.03673933848717679
1342164620149190657,positive,0.9305802626967611
1342164620400861188,negative,3.2777732137670505e-05
1342164620954497024,negative,0.023075944015281635
1342164621726244864,negative,0.2794653930830212
1342164622917455872,negative,0.09646578667338862
1342164624599224321,negative,0.01901656117934125
1342164627069808640,negative,0.00849309960577442
1342164628122595332,negative,0.005058963611082928
1342164628319727617,negative,0.07012912088702614
1342164628571353088,neutral,0.5278451048448968
1342164629158506497,negative,0.011596964255212673
1342164630114684928,negative,0.0003290075508948937
1342164630169214976,negative,0.2519765508665613
1342164631293468672,negative,0.1604614586044836
1342164631503171585,negative,0.020507943255755737
1342164632627253249,negative,0.027091459136171798
1342164634946699265,negative,0.0016126263247450325
1342164635286462464,negative,0.00892630656515407
1342164635986907136,neutral,0.47651017712911625
1342164637605912577,negative,6.667277532385093e-08
1342164638683828224,negative,9.897893828617041e-06
1342164639208013824,negative,3.44903784149565e-05
1342164640088944641,negative,0.08148505330224094
1342164640168603648,negative,0.00725631455769016
1342164641166860288,negative,0.023075944015281635
1342164641326227456,negative,5.748637547699199e-05
1342164641363996676,negative,0.015773583174067275
1342164641758261248,negative,0.0005513534658065328
1342164641863110657,negative,0.0003082441436803875
1342164642290790400,negative,0.0993433977280647
1342164643192692737,negative,0.001386146724149699
1342164644287410176,negative,0.02312814423556466
1342164644316786688,negative,0.0004392791343105455
1342164646778834944,neutral,0.3593672214136314
1342164648032923654,negative,8.885466562234789e-05
1342164648418795523,negative,1.1810483630636546e-05
1342164649228324867,negative,0.0012802493548384288
1342164649593212931,negative,0.0030311745672886334
1342164649945522178,negative,0.1484692067977948
1342164651459674116,negative,0.022964716368658107
1342164651497435142,negative,0.08437613153631827
1342164651564531718,negative,0.06174299674912221
1342164653036736513,negative,1.8089215830536073e-05
1342164653099642884,negative,0.0008451900486894182
1342164656794824710,neutral,0.5364049954119403
1342164656987770881,negative,0.2906278741030604
1342164658044559362,negative,0.03298181428662211
1342164658233479168,negative,0.012850310061991384
1342164660070588422,negative,0.13230261349413772
1342164660183855110,negative,5.101296747497968e-06
1342164661576282113,negative,0.027811738775304844
1342164661760897032,negative,2.231671922104791e-05
1342164661953822720,negative,1.6402879053965615e-05
1342164662301777920,negative,0.023075944015281635
1342164663774146569,negative,0.2164295994262103
1342164663811923970,negative,0.0037031209440820186
1342164665850322944,negative,0.16728598242115678
1342164666672418818,negative,0.3020135550609068
1342164666865344512,negative,0.09646578667338862
1342164667750375426,positive,0.7112900340604144
1342164670984105985,neutral,0.48728019602140255
1342164671214866438,negative,0.00045577905385702075
1342164671974027266,negative,0.11735399864294166
1342164673332842497,negative,0.0007166506180605534
1342164675652304897,negative,6.046486790017601e-06
1342164676017336320,negative,7.266009469157855e-08
1342164676134789123,negative,0.0002690355969390279
1342164678118682624,negative,0.00021150508835675644
1342164678273871872,negative,0.1843111478614894
1342164678424854528,negative,0.21214997945743372
1342164679037243395,positive,0.7418302308996397
1342164681297973250,negative,0.1692461648199643
1342164681566388224,negative,0.07903570300231018
1342164682304532480,neutral,0.46127768308170247
1342164682895982593,negative,0.001710217017665758
1342164682950537216,negative,0.00013495869389345072
1342164683080536065,negative,0.06106744169493714
1342164683835535360,negative,0.0007212255536393351
1342164685496446976,negative,0.0007951906943789717
1342164685517414403,negative,0.05106637002907062
1342164686960283648,neutral,0.49789225920557484
1342164687207739397,negative,0.005447757490260875
1342164687287439368,negative,0.012487335807890914
1342164687656525825,negative,0.09640323611645361
1342164689128570880,negative,0.0007252384789420658
1342164689392984066,negative,0.0002755830172568149
1342164690097434626,negative,5.7710551804025414e-05
1342164690139455488,negative,0.019463299758375695
1342164690491871232,neutral,0.404268282153307
1342164690940653568,negative,0.0004635500035643136
1342164691209089024,negative,0.006671141875045404
1342164691322331137,negative,0.2611621137273265
1342164691380944896,neutral,0.4257612081805749
1342164691687256065,negative,0.027289744188104013
1342164692215750656,negative,0.01613197953263832
1342164692878417924,negative,0.21169841042377396
1342164692979097603,negative,0.0066621370182119305
1342164695344689152,negative,0.000239193657099081
1342164695956992005,negative,0.018223727094134636
1342164696011599882,negative,0.006248314451104854
1342164696535879682,negative,1.4172499649466585e-08
1342164696896573441,negative,0.08663240066919725
1342164697504595968,negative,0.0004760529356788509
1342164697613815808,negative,0.01437903078328581
1342164699580948484,negative,0.02838040726971746
1342164700423999488,negative,0.18886896544901058
1342164701787127809,positive,0.7823520103259631
1342164702105894914,neutral,0.49789225920557484
1342164706107256837,negative,0.016947950741450182
1342164706535104518,negative,0.0001039175126215644
1342164708485459973,negative,0.002380527037440757
1342164712968966146,negative,0.003934161853096725
1342164713325654016,negative,0.16280582794327256
1342164714772684800,negative,0.009087159101972653
1342164718052638726,neutral,0.49789225920557484
1342164718178467847,positive,0.970711294205515
1342164720338481153,neutral,0.48728019602140255
1342164725174595592,negative,0.009655167226292012
1342164725774180352,negative,1.7760442216679088e-06
1342164727221391360,negative,7.548841920217413e-06
1342164728085438465,negative,0.03092655849999979
1342164728320294914,negative,0.0020899705108163393
1342164729066909701,negative,0.00657070675541516
1342164732615274497,neutral,0.34808715631505416
1342164735874228229,negative,0.02218890830948542
1342164736746663938,negative,0.010821739943380863
1342164737669300224,negative,0.054327400666022506
1342164741364572163,negative,0.16532172419126437
1342164741494595588,negative,0.0117332467687132
1342164743688253440,negative,0.00012886923598357422
1342164748465557508,negative,1.1799024330240125e-06
1342164749728014337,negative,0.03461384541361707
1342164750201851904,negative,0.027289744188104013
1342164753792315393,negative,0.00017582172268412865
1342164756279529473,negative,0.2164295994262103
1342164756975771648,negative,0.02049828370112842
1342164758108069889,negative,0.11924197513035559
1342164761795039232,negative,0.054327400666022506
1342164764806557706,negative,0.10476314953070094
1342164765263728641,negative,2.0868919600903556e-12
1342164765628657664,negative,0.00019941967542738074
1342164766438158340,negative,0.0015740628097190225
1342164767683694593,neutral,0.44193049347687885
1342164769118236672,negative,0.03496816703658319
1342164771186094081,positive,0.9767330908784052
1342164772565864450,negative,0.13951650369066312
1342164772771536909,neutral,0.47371072416927557
1342164773174173701,negative,1.459057956943843e-05
1342164773430046722,negative,0.19512902450161523
1342164774566719489,negative,0.24556203607796612
1342164778735837187,negative,0.009087159101972653
1342164779406929921,negative,0.17274197153709184
1342164781772509186,negative,0.010821739943380863
1342164782019973120,negative,0.014593785145450936
1342164782942744576,neutral,0.4739607432362514
1342164783290863620,negative,0.23094543958419494
1342164783504777216,negative,0.12140198526802601
1342164783618007041,negative,0.0001332953862571376
1342164785606107143,negative,0.08783976614162912
1342164785866166282,negative,3.364942433030079e-15
1342164786818252801,neutral,0.35985584816343436
1342164787187363840,neutral,0.42179982041745157
1342164787669688321,negative,2.9162894037981953e-06
1342164787824914434,negative,0.29600396516190636
1342164788290449408,negative,0.0006005728458958753
1342164790601506818,negative,0.006956819042403656
1342164790773428233,negative,8.885466562234789e-05
1342164793726279683,negative,0.00011888384689667663
1342164794158309379,negative,0.003091918949842454
1342164794825187338,negative,2.3781759514791248e-05
1342164797887033347,negative,0.008347915247034286
1342164798277038082,negative,0.0001920923554610062
1342164798860099584,negative,0.00017582172268412865
1342164799275343873,negative,0.08127275114174469
1342164799833079811,negative,0.18543234769735967
1342164799967399937,neutral,0.4201460604539288
1342164799996776449,negative,0.03389676136479784
1342164800844029952,negative,0.22372026910309062
1342164802270076930,negative,0.00020768527869623378
1342164802509017088,negative,3.0503027736209907e-05
1342164802576252928,negative,0.014385947766844315
1342164802630643713,negative,0.009866309110518985
1342164803146690560,negative,2.3015201407497904e-05
1342164804111392770,negative,0.08553131744486508
1342164804396605445,negative,0.016283777880554406
1342164804585332743,negative,0.00013200966328905426
1342164804920881155,negative,0.016464699376844857
1342164808599130113,negative,0.14753306846464215
1342164808888709121,negative,0.01366302732957199
1342164809052082176,negative,0.013016721627495122
1342164810474156035,negative,0.0190958731156668
1342164810549649408,negative,3.495387639666407e-05
1342164810658680832,negative,0.007285837843284121
1342164811002556416,negative,5.001696173137159e-06
1342164811044548608,neutral,0.3593672214136314
1342164811732430851,neutral,0.35146502323032713
1342164811791138816,negative,0.0020813218877464854
1342164812483207171,negative,8.971262745236991e-05
1342164812915204102,negative,0.0003082441436803875
1342164814102228995,negative,0.00045577905385702075
1342164814248857601,negative,5.001696173137159e-06
1342164814769102849,negative,0.1939751723184478
1342164814819311616,negative,7.548841920217413e-06
1342164815406632960,positive,0.9732629776140882
1342164816908181505,negative,0.008130650242016644
1342164818925641736,negative,1.3965075357708777e-05
1342164819080863745,neutral,0.6149732941538079
1342164820221636609,negative,5.834399837803129e-06
1342164820485877760,negative,0.015773583174067275
1342164821039579137,negative,0.00022949559299155462
1342164821685493762,negative,0.0002401815444949692
1342164825065975808,negative,0.006248314451104854
1342164825686859776,negative,6.537052051491383e-07
1342164825821097984,negative,8.515087045096324e-06
1342164828010524675,negative,0.09958652998687559
1342164828408971265,negative,0.03342717553821877
1342164828765433856,negative,5.001696173137159e-06
1342164829650477061,negative,0.2153962941165734
1342164829717606402,negative,0.05528446120294227
1342164829927329792,negative,0.04601937774002262
1342164829990227969,negative,0.004551295411253584
1342164832376774657,positive,0.8406863927754225
1342164833270190080,negative,0.007718704224340631
1342164834272608256,negative,0.013539953918356797
1342164835245543424,negative,0.11924197513035559
1342164835451219975,negative,0.2906278741030604
1342164835790974978,negative,0.09298905897786569
1342164836902428672,negative,0.0040069841903250525
1342164837745438729,negative,0.0016487249759915975
1342164838118793217,negative,2.6326031532865334e-06
1342164840090054662,negative,0.07337082654886935
1342164840295575563,negative,0.09140481212087494
1342164840618536962,negative,0.01858426937285203
1342164840710717441,neutral,0.41255628797487864
1342164840928792576,neutral,0.5472960823705576
1342164840949964800,negative,0.0018112395590501407
1342164841109348354,neutral,0.3499352441185855
1342164841621020675,negative,0.00044286331715456817
1342164841943822337,negative,0.0001913355886657857
1342164842082430976,negative,0.016427604373005056
1342164842245984260,negative,0.0010427729243528215
1342164842594054148,negative,0.01295994030363827
1342164844053671942,negative,0.0002922487043940966
1342164844968103936,negative,0.024147065511134016
1342164845303619584,negative,0.0008067471435549648
1342164846373171200,negative,2.0844651081369888e-05
1342164847216259072,negative,0.1559078644614577
1342164849048997888,negative,0.0009440180144004088
1342164849304985602,positive,0.9886393883365743
1342164849862782978,neutral,0.49789225920557484
1342164850215104513,negative,0.05319597031147229
1342164850349248513,negative,0.03796884500247603
1342164850521251840,negative,0.027289744188104013
1342164851288907776,negative,5.590013234470824e-06
1342164851511189505,negative,0.001041491702392378
1342164852123512834,neutral,0.5533970533999424
1342164852211642373,negative,0.0014485335204465738
1342164852530425858,negative,0.020836983750517
1342164852979027968,negative,0.0013309581222396769
1342164853553815553,negative,0.002745298738113449
1342164853948035072,negative,8.515087045096324e-06
1342164854208155654,negative,0.08441682891121056
1342164854740639744,negative,0.054327400666022506
1342164855097327616,negative,0.029778004637556088
1342164855302873089,negative,0.03246128932462553
1342164856812806144,negative,2.016302570329004e-13
1342164857181892608,negative,0.11274546250037179
1342164857211260928,neutral,0.4799681435772251
1342164857626501122,negative,0.0019742200850810976
1342164857681018884,negative,0.016427604373005056
1342164857978806272,negative,0.010320231446011024
1342164858524094466,negative,0.07069463718861892
1342164858708623360,negative,0.004710939308585859
1342164859396517888,negative,0.31297259541654526
1342164860864495618,negative,0.0007215222070526154
1342164861049065474,negative,0.0006004748683393548
1342164861967626242,negative,0.0004760529356788509
1342164862873571328,negative,0.20081843170922334
1342164863553040388,negative,0.00015940056912570354
1342164864060583937,positive,0.9999997683637203
1342164864089923585,negative,5.001696173137159e-06
1342164864240922627,negative,0.007809040031757991
1342164864949694464,negative,0.0005583564912642673
1342164865926967298,negative,0.011596964255212673
1342164865947987970,negative,0.08001683946579354
1342164866010910722,negative,0.001386146724149699
1342164866103209985,negative,0.004300878492222307
1342164866686181376,negative,0.1667640839608272
1342164866996568064,negative,0.06182145144446148
1342164867084648452,negative,0.27538537887707226
1342164867252445185,negative,0.18258183392746283
1342164868946927618,neutral,0.4201460604539288
1342164871937458179,positive,0.9996679469659898
1342164873363517448,negative,0.0015621452373013342
1342164873648619521,negative,3.9464292681013117e-10
1342164874097528832,negative,5.5732421023241045e-05
1342164874672148487,negative,8.515087045096324e-06
1342164874965745669,negative,0.019082453908448597
1342164875330646016,negative,0.05528446120294227
1342164875431325698,negative,0.0013781876082301736
1342164877260038146,negative,2.0705940378409035e-08
1342164878040162311,positive,0.9633894245446962
1342164878778363906,negative,8.515087045096324e-06
1342164879151689730,negative,0.004314953995667694
1342164879290068993,negative,0.2881185459085783
1342164879449468933,neutral,0.5316400492949469
1342164880200249347,neutral,0.49789225920557484
1342164880317673474,negative,0.07549498158943185
1342164880653242376,negative,0.0006340767009318823
1342164880917463040,negative,0.0004959955619609795
1342164881928294401,negative,0.10369995196620779
1342164882813116417,negative,0.013370806066265492
1342164883094134784,negative,6.55079355759345e-05
1342164884411314176,negative,0.15237137935820858
1342164884876894212,neutral,0.48224067567522527
1342164884948201482,negative,0.008566861788800222
1342164886512693248,negative,1.7535487129169504e-11
1342164886604939264,negative,5.044306537386514e-10
1342164886609137664,negative,0.19512902450161523
1342164887125061633,neutral,0.37293271247852366
1342164888035192832,negative,0.0004392791343105455
1342164890149072901,negative,5.001696173137159e-06
1342164890493059075,negative,0.004740826658642988
1342164890962767873,negative,0.22393209803137804
1342164891768119296,negative,0.01440851203739031
1342164892992872451,negative,0.017840404156025128
1342164893059858432,negative,0.01366302732957199
1342164893554896899,negative,1.24825102539181e-05
1342164893642973190,negative,0.054327400666022506
1342164895148756992,negative,0.21047953907773329
1342164895307972608,negative,0.13951650369066312
1342164897052860417,negative,0.30311666902129447
1342164897136848899,negative,0.2164295994262103
1342164898734866432,negative,0.0016324172287811277
1342164899250712577,negative,0.011538404096376137
1342164900697804803,negative,0.01684880621090605
1342164900920107008,positive,0.9426144311992811
1342164900961914880,negative,0.28741154178763173
1342164902782398464,negative,0.09039445983221202
1342164903705145351,negative,0.2774815449140794
1342164904510427137,negative,0.002914523684556018
1342164904581738496,negative,0.03971768134034193
1342164904816635912,negative,0.000484445469176012
1342164905089257473,negative,0.00014815836483001937
1342164906259451910,negative,0.03461384541361707
1342164907064745985,negative,0.0017891461231412367
1342164907228278790,negative,0.11924197513035559
1342164907714899968,negative,0.08405638257753846
1342164908436283395,negative,0.07107058159338464
1342164908625031171,negative,5.001696173137159e-06
1342164908717318147,negative,0.023075944015281635
1342164909409370117,negative,0.007626020065962757
1342164910936117251,negative,5.001696173137159e-06
1342164911191773184,negative,0.007745494665529013
1342164911238098944,negative,0.0001123780949996407
1342164912106307586,negative,0.14870227111570603
1342164912106328067,neutral,0.4341594983886124
1342164913322651648,negative,5.001696173137159e-06
1342164913440100354,neutral,0.623210887497318
1342164913805000704,negative,0.27538537887707226
1342164914656440321,negative,0.0016902203694801347
1342164915096846336,neutral,0.36742492523419246
1342164915684044805,neutral,0.49789225920557484
1342164915826601985,negative,0.04326749920868208
1342164916866871297,negative,0.18016715323309396
1342164916875177990,negative,0.08209252186055002
1342164916938153984,negative,0.004123652019312503
1342164917911171075,negative,0.0001835049093905949
1342164918070620161,negative,0.05373095347846054
1342164918297104384,negative,0.0010843552002607459
1342164918850760705,negative,0.06946581803373242
1342164920562020353,neutral,0.37856304865493473
1342164921933553664,negative,0.007372324960222331
1342164922092969985,negative,0.0002803652150922693
1342164923258814464,negative,0.0008117949970004131
1342164923888103424,negative,0.034265597010548286
1342164924269785092,negative,5.192590981132659e-05
1342164924403953669,negative,0.002454667869162021
1342164924756275200,negative,0.0012231395707527877
1342164925754572802,negative,0.30311666902129447
1342164926492766210,negative,0.027083950002352537
1342164926752645122,neutral,0.6149732941538079
1342164928615088131,negative,0.00013885466968333965
1342164930074705922,negative,0.00667428759054119
1342164930284445699,negative,0.01586640940737678
1342164930456416256,negative,0.009446615150124401
1342164932113084420,negative,5.001696173137159e-06
1342164932335464449,negative,0.01901656117934125
1342164932343824389,positive,0.8440728986871372
1342164932637454336,neutral,0.3867737279337002
1342164932645642246,positive,0.9511576138576184
1342164932775845893,negative,5.001696173137159e-06
1342164933300137984,negative,0.008616350707852456
1342164933371441152,negative,0.030898122043402063
1342164934826881026,negative,0.13951650369066312
1342164936508600320,negative,0.18688703040364033
1342164937435705344,neutral,0.5098436067637715
1342164937490182144,negative,0.023980403972990897
1342164938505080834,negative,0.03300297064347458
1342164938572390401,negative,0.00020981349680218695
1342164938689806336,negative,0.04049190707617666
1342164938907910144,negative,0.057100421758971884
1342164939407060994,negative,0.23124626104478893
1342164941109866496,negative,0.08705764001377311
1342164941156069379,negative,0.0038197237143090595
1342164941420298240,negative,0.14621262492287865
1342164941437071365,negative,7.30774934935384e-05
1342164941852315653,negative,0.0057942270187252495
1342164942699569152,negative,0.0010427729243528215
1342164945820114945,neutral,0.4147454973971492
1342164946080165889,negative,0.1398154997530414
1342164946130509825,negative,0.0003010381674127452
1342164946424098816,negative,0.1067046066964067
1342164947917303809,negative,0.2278936017325281
1342164948143788034,negative,5.001696173137159e-06
1342164949133647872,negative,0.05352475611900498
1342164949339164675,negative,0.04431263158694897
1342164950094127106,negative,0.02788453351017873
1342164950492569603,negative,5.001696173137159e-06
1342164950505185286,negative,0.001717874980064043
1342164950542901248,negative,0.21047953907773329
1342164950802960395,negative,0.00849309960577442
1342164950958153728,negative,0.32112084512068156
1342164951528566785,negative,0.0004760529356788509
1342164953206296578,negative,0.0026718646847690027
1342164954007412736,negative,0.00044411359601837777
1342164954007416832,negative,0.00011381318019698761
1342164954259091456,negative,2.1621032430155348e-05
1342164954762399752,negative,9.589564436560935e-05
1342164955387322374,negative,0.0043584247725253
1342164955718672391,neutral,0.4192507033343068
1342164955743866886,negative,0.057100421758971884
1342164956142329864,negative,0.01112304061316902
1342164956666589186,neutral,0.3499352441185855
1342164957622919169,negative,0.008257397840982053
1342164957845139456,negative,0.03796884500247603
1342164958327562240,negative,0.00015036790523856766
1342164959145418752,neutral,0.4201460604539288
1342164959736819712,negative,0.05571557784836408
1342164960462446596,negative,0.18258183392746283
1342164961389379586,negative,0.0013309581222396769
1342164961850781696,negative,0.009857789772923325
1342164962249207808,negative,0.2161378358218266
1342164962907717632,neutral,0.4859943769189868
1342164964165873665,negative,0.06405250631552971
1342164965571121153,negative,1.247445516961552e-05
1342164965592084480,neutral,0.49114048206328076
1342164965768228867,negative,0.1921603864785727
1342164966141530114,negative,0.00017582172268412865
1342164966254792706,negative,5.001696173137159e-06
1342164966284161024,negative,0.15173521393899342
1342164966590341121,negative,5.001696173137159e-06
1342164967341092868,negative,0.011457929453271428
1342164967773110273,neutral,0.4924269909448352
1342164968683302912,negative,0.057100421758971884
1342164969551499266,negative,0.09823295085683137
1342164969916403713,negative,0.07726435786683304
1342164970327461889,neutral,0.45330597087403485
1342164972525203456,negative,8.515087045096324e-06
1342164974366580736,negative,0.0007408108194764633
1342164974924427266,negative,0.07726435786683304
1342164975075385345,negative,1.8583693560977165e-05
1342164975838760960,negative,0.11439128495666886
1342164976019058690,negative,0.05240011813713023
1342164976149139458,negative,3.021682716678948e-12
1342164976354484224,negative,0.0004293350715011429
1342164978346971136,negative,0.003934161853096725
1342164978586034177,negative,0.003566906859200871
1342164978636353537,negative,0.0009229549953880409
1342164979294695425,neutral,0.5104135978856311
1342164979777220609,negative,8.067906204913724e-10
1342164980666228737,negative,0.30396949356940606
1342164981492625409,negative,0.23871696831429615
1342164982058930186,negative,5.001696173137159e-06
1342164982146813952,negative,0.004024662875035463
1342164982629326857,negative,0.07069463718861892
1342164984172851200,negative,0.0007871746366792891
1342164984571318272,negative,0.013065886561689933
1342164984789405696,negative,1.3248817290836908e-12
1342164985129168897,negative,0.23726351990999656
1342164985208832000,neutral,0.6166354779351826
1342164986806882304,negative,0.001386146724149699
1342164986945302533,negative,0.02590950960554329
1342164987947659264,negative,0.04275548090686738
1342164987998068745,negative,0.016427604373005056
1342164988002091009,negative,0.029990337928314893
1342164988186816512,neutral,0.49789225920557484
1342164989860327424,negative,0.027083950002352537
1342164991345123330,negative,0.05231444469153519
1342164991428980737,negative,0.24788140837292044
1342164991743569926,negative,0.0004959955619609795
1342164992137768961,negative,5.001696173137159e-06
1342164992490151940,positive,0.8488784103859388
1342164993333194755,neutral,0.46774334406159457
1342164995065393154,negative,1.2923712838672479e-08
1342164996298592256,negative,0.0016984442996489809
1342164999079387136,positive,0.9426144311992811
1342164999138136065,negative,0.21047953907773329
1342164999205224458,positive,0.8528754711693838
1342164999721148427,positive,0.9633894245446962
1342165001021304833,negative,0.3022490341336516
1342165001109450753,negative,2.2890290306510423e-06
1342165001444868096,negative,0.0021116303739656416
1342165001885384708,negative,3.977265850725536e-06
1342165004913618945,neutral,0.3499352441185855
1342165005001752576,negative,0.11924197513035559
1342165005056278528,negative,0.011149458446656628
1342165005857394691,negative,0.0687035911941327
1342165006960488448,negative,5.001696173137159e-06
1342165008176865280,negative,9.730592903685848e-08
1342165008482971651,negative,0.0009961528124111602
1342165008998936586,negative,0.0013280669697465117
1342165009099599874,negative,0.0006089008722511822
1342165009258999809,negative,0.010821739943380863
1342165009779073027,negative,2.9860165762724455e-05
1342165009921679365,negative,0.13951650369066312
1342165010114613250,neutral,0.47056419380391146
1342165011712647168,negative,0.003121316702415719
1342165011771367424,negative,0.0007276497958248365
1342165012908023809,negative,3.773008067497712e-05
1342165013117726726,negative,0.0045774114226911815
1342165013188919296,negative,0.0007166506180605534
1342165013662863360,negative,0.10724880360381553
1342165014111793152,negative,0.009087159101972653
1342165014279499776,negative,0.007224783905139986
1342165014749323271,positive,0.8488784103859388
1342165015059697670,neutral,0.49179657198338905
1342165015948898307,negative,0.2906278741030604
1342165016062156800,negative,0.15237137935820858
1342165016582078466,negative,0.13062966627828346
1342165016653533185,negative,0.26076950668447035
1342165017282682881,negative,0.08041060215962566
1342165019602128901,negative,0.003430271930726077
1342165020747194381,negative,0.1012926152931594
1342165022903054336,negative,0.0065136002039755895
1342165024274604032,negative,0.2521966487788112
1342165024299745281,negative,0.027289744188104013
1342165024907747328,negative,0.02533704831648891
1342165025646145537,negative,0.10637973761086938
1342165025851584521,negative,0.11935951334984464
1342165026220736513,negative,0.016464699376844857
1342165030134050816,negative,0.0016511828943400117
1342165032055033856,negative,0.016427604373005056
1342165033342529537,negative,0.00669600317272162
1342165034303033344,neutral,0.46127768308170247
1342165034592563200,negative,0.010821739943380863
1342165035020390401,negative,1.2015518245695227e-08
1342165035070726144,negative,0.027289744188104013
1342165035381088258,negative,0.1638717151525756
1342165037301915648,neutral,0.49789225920557484
1342165038409412613,negative,7.279777833303868e-06
1342165039067914240,positive,0.671295258086685
1342165039185231874,negative,0.0001908039991274236
1342165039315361792,negative,0.13951650369066312
1342165041185923072,negative,1.6734281074416479e-10
1342165041345343499,neutral,0.46127768308170247
1342165041542529025,negative,0.08088425335655068
1342165042343473152,negative,6.931048472325273e-08
1342165043778088960,positive,0.7112264328727067
1342165044226875393,negative,0.0007929404103188511
1342165045510242304,negative,0.11336130249525736
1342165045841694723,negative,0.006334789051235034
1342165046529441793,negative,0.13951650369066312
1342165047888531457,positive,0.8011220818985992
1342165048299577345,neutral,0.49789225920557484
1342165050228953089,negative,0.0069571137892871044
1342165050384134145,negative,3.194936167591283e-06
1342165050480537600,negative,0.08790242015761213
1342165051432710147,negative,0.040255730974165245
1342165052162506752,negative,0.001386146724149699
1342165052946841600,negative,3.619664995008621e-05
1342165053169139712,negative,0.022555295659749775
1342165054037381120,negative,0.07373274428163057
1342165054335021056,negative,0.0015137780377953408
1342165054628777984,negative,0.24816115445649878
1342165055639605248,negative,5.090354184735129e-06
1342165055643774976,positive,0.8070578228107823
1342165056688189441,negative,8.443343556451469e-07
1342165059204767746,negative,5.001696173137159e-06
1342165059628314624,positive,0.9966815111517452
1342165059636621312,negative,0.0021116303739656416
1342165059674513410,negative,0.0001123780949996407
1342165059754221572,negative,0.21047953907773329
1342165060110704645,negative,8.515087045096324e-06
1342165060207128577,negative,8.515087045096324e-06
1342165060714713093,negative,0.22461412603671624
1342165061629054976,negative,0.0116425289571143
1342165062505689089,negative,5.001696173137159e-06
1342165062740443136,negative,0.0021116303739656416
1342165062874587136,negative,0.011490537435018785
1342165063059333120,neutral,0.607601807529265
1342165063956914183,negative,0.24552361012741603
1342165068016979969,neutral,0.33623359787652535
1342165068130246658,negative,0.12962009069807864
1342165068281225217,negative,0.00616571294368267
1342165068407054336,negative,5.001696173137159e-06
1342165069833105412,negative,8.515087045096324e-06
1342165070185443328,negative,0.00010909304976850748
1342165070411870209,negative,0.0008856793497086827
1342165070650908672,negative,0.014921409828964609
1342165071540187146,negative,0.07105378792232937
1342165071577935879,negative,0.015773583174067275
1342165074484584450,negative,0.16897113456069737
1342165074786529285,negative,0.13436605271794239
1342165074908217344,negative,0.05991042290539628
1342165075034071042,neutral,0.4525299360032805
1342165075596075011,negative,0.226918683960479
1342165076090834944,neutral,0.3499352441185855
1342165076330082304,negative,0.003566906859200871
1342165076351066112,negative,0.023283816009197964
1342165076367859713,negative,3.8406013268033047e-07
1342165077210836995,neutral,0.6149732941538079
1342165078142025729,negative,0.18248149171848604
1342165078225903617,negative,0.0013054066280451704
1342165078813114369,negative,0.0006511462771957673
1342165079257722881,negative,0.019516927481713298
1342165079773618180,neutral,0.6241918372733148
1342165080818016257,negative,0.03796884500247603
1342165081661038597,negative,0.005614132820962108
1342165082009182219,negative,3.150074769230257e-08
1342165082180997121,negative,0.00013587776535474295
1342165082244059144,negative,0.3020135550609068
1342165082306854912,negative,0.003566906859200871
1342165083678502916,negative,0.00017582172268412865
1342165084286627843,negative,1.2954195338029861e-08
1342165085159043072,neutral,0.5136446707795853
1342165085603704834,negative,9.860686160665039e-06
1342165085909823488,negative,5.001696173137159e-06
1342165086362873857,negative,0.2611621137273265
1342165086585188357,negative,0.016464699376844857
1342165088132857861,negative,0.007208613125136397
1342165089227579396,negative,0.20957025401854895
1342165089391169536,negative,0.015565404561229668
1342165090276093955,negative,3.792379489848801e-05
1342165090456502272,negative,0.00048681337525956756
1342165091383447555,negative,8.363096301901596e-07
1342165091437989894,negative,2.3583944058030317e-08
1342165091584798721,negative,0.0001495723198996886
1342165091622543360,neutral,0.4663917579447527
1342165091890982917,negative,3.5166865993311387e-07
1342165092184580096,negative,0.029590200191017914
1342165092213919745,neutral,0.33113119352556253
1342165092423639042,negative,0.009812761995502623
1342165092574617603,negative,0.00024174410878767644
1342165093686120448,negative,0.02863318724722656
1342165094504009732,negative,0.0867719840507388
1342165094927634433,negative,0.0010427729243528215
1342165094931771392,positive,0.9793299062042664
1342165095657349121,negative,0.003541146028635445
1342165096525664258,negative,0.012460115301862971
1342165097033179136,negative,0.15237137935820858
1342165097402294273,negative,0.005642429249280614
1342165097511321603,negative,5.001696173137159e-06
1342165097729445889,negative,0.00044286331715456817
1342165098383745026,negative,0.0009637261172043197
1342165098698338304,negative,0.18258183392746283
1342165099776245760,negative,0.2663727210347917
1342165099839152128,negative,0.29600396516190636
1342165101101658113,negative,0.0015361393601096727
1342165101244272644,negative,0.06680773291724348
1342165101646934022,negative,0.00036698065428222344
1342165101852426240,negative,0.015773583174067275
1342165103576297473,negative,0.20500675060423268
1342165104058626048,negative,0.00019733494277875528
1342165104704552960,negative,0.007074902312283122
1342165105019125761,neutral,0.49789225920557484
1342165105220476928,negative,0.011538404096376137
1342165105539231750,negative,0.014921409828964609
1342165105656659968,neutral,0.4525299360032805
1342165105954308096,negative,7.815612721160295e-06
1342165106612961283,negative,0.06838091240989712
1342165108961681408,negative,0.10430735260108946
1342165110282981376,negative,0.15237137935820858
1342165111478353927,negative,0.14192462298777708
1342165111675494402,negative,0.009709419784273757
1342165111784534016,negative,0.219248543397489
1342165111931248640,negative,5.342098691761466e-11
1342165113227407362,negative,0.26845984196620165
1342165113806057472,negative,0.0004526871515701915
1342165114041077760,negative,0.00030250149425897603
1342165114523447301,negative,8.895062042878764e-05
1342165114829598720,negative,0.009087159101972653
1342165115060236290,negative,2.1087678713957325e-10
1342165116494766081,negative,3.5341343842202383e-10
1342165116607979521,negative,0.16727301820128387
1342165116658339842,negative,0.25935533366558783
1342165116863787009,negative,0.006362125955473526
1342165117694324736,negative,0.0019742200850810976
1342165118046633987,negative,0.003934161853096725
1342165118121984000,neutral,0.39554487646563535
1342165118797426689,negative,5.001696173137159e-06
1342165119493521408,negative,0.04164257938099828
1342165119795683330,negative,0.0016861874260864023
1342165119896334344,negative,0.02312814423556466
1342165120840048641,negative,0.02643079020416874
1342165120856829952,negative,2.5548006251339958e-08
1342165121498566656,negative,0.07957166590687072
1342165121595011072,negative,0.00041036542595260586
1342165122681344004,negative,0.002745298738113449
1342165122899443713,negative,0.003433699576146759
1342165122962350085,negative,0.004849585118641502
1342165123142721545,negative,0.009655167226292012
1342165123792703488,negative,0.14995922938884051
1342165123822202882,negative,7.548841920217413e-06
1342165125290192896,negative,0.005304679990805291
1342165125650898947,negative,0.003934161853096725
1342165125772537856,negative,0.0006365224849272448
1342165127030853633,negative,0.08993881808986827
1342165127211216897,negative,0.00741627213827822
1342165127819309058,negative,0.08663240066919725
1342165127844528130,negative,0.3154028560778636
1342165127936827394,negative,0.015773583174067275
1342165128490463233,negative,0.12349429145986153
1342165128498835457,negative,5.001696173137159e-06
1342165130046484489,negative,0.0036791440610124786
1342165130625376257,positive,0.6824837810859113
1342165130877034496,neutral,0.437369725752128
1342165131577487363,negative,0.12356545199738704
1342165131770425345,negative,0.030149582304239062
1342165132298874891,negative,0.023075944015281635
1342165133422956546,negative,0.001672831722542381
1342165134324674562,negative,0.001429197756929422
1342165134341509127,negative,0.07508856332305407
1342165135025172481,negative,0.004551295411253584
1342165135901786114,negative,0.27538537887707226
1342165138313535488,neutral,0.5316624617817726
1342165139206893569,negative,1.6734281074416479e-10
1342165139852767232,negative,0.05086463991179149
1342165139924025344,negative,0.023581091386977615
1342165142021279744,negative,0.03862794139167232
1342165142923071488,negative,0.00262912797626171
1342165143669661700,negative,0.0027510010612048774
1342165143812075521,neutral,0.393938198402104
1342165144391086082,negative,5.001696173137159e-06
1342165144621748228,negative,0.005523502443881404
1342165144718159873,positive,0.7823520103259631
1342165145041199104,negative,0.2597217754277873
1342165145963913217,positive,0.8488784103859388
1342165146597265415,neutral,0.39321422777496445
1342165146949603334,negative,0.00017582172268412865
1342165147578753025,negative,0.025742826521775772
1342165148178505729,neutral,0.49789225920557484
1342165148857901056,negative,0.035098307205677574
1342165149298257920,negative,0.035098307205677574
1342165150527336450,negative,0.07012912088702614
1342165151391375360,negative,7.000968158929942e-05
1342165151752007680,negative,0.03650730107707264
1342165151835947009,negative,0.004551295411253584
1342165152141996034,negative,0.0966129685271734
1342165152259518465,negative,0.011538404096376137
1342165152876158983,negative,0.18997853767561904
1342165154335772674,neutral,0.5628056929000496
1342165154734231552,negative,0.006518674433990193
1342165155090747393,negative,0.004873002205625147
1342165156101545984,negative,0.0007212255536393351
1342165156328046594,negative,0.2094249403655509
1342165157879963649,negative,0.006868766172223446
1342165158345506816,negative,0.32112084512068156
1342165158588608512,negative,0.18917555239952435
1342165159318585345,negative,0.002745298738113449
1342165159356162048,negative,0.0012310074378877802
1342165160119709696,negative,0.06405537043123012
1342165160589488129,negative,0.02863318724722656
1342165161239572483,negative,0.13691800150989009
1342165161927471104,negative,0.0009108296286154655
1342165162221064194,positive,0.9925431308468274
1342165164586659843,negative,0.05623598810180185
1342165167719772160,negative,8.514515919000049e-12
1342165167778500610,negative,2.6333341228445877e-06
1342165167958863872,neutral,0.5517150641061632
1342165168181141504,negative,5.001696173137159e-06
1342165169045180417,negative,0.09640323611645361
1342165169548500993,negative,0.0010427729243528215
1342165170051756033,negative,0.0002319931929876794
1342165170391572483,negative,5.001696173137159e-06
1342165171075223552,positive,0.8259700129558484
1342165171926654978,negative,0.19924545451767137
1342165171947655177,neutral,0.3549414827974234
1342165173449216002,negative,0.0004760529356788509
1342165175533785100,negative,0.023374326223370337
1342165175785431041,negative,0.002537125851596719
1342165175835746305,negative,5.001696173137159e-06
1342165175856721920,negative,1.3599538448448399e-05
1342165176842399744,negative,0.13036130171474938
1342165176921911296,negative,8.023729293920325e-05
1342165176926285825,negative,0.013935864398398968
1342165177488338948,negative,0.0009458747746910082
1342165179698737154,negative,0.08777015496082614
1342165179744731136,neutral,0.49789225920557484
1342165182328561664,negative,0.07192298659144568
1342165182378889219,negative,3.2846189528077684e-05
1342165182462783488,neutral,0.4879531443727241
1342165182571827200,neutral,0.5578837714237224
1342165183398113281,negative,0.052994772954973866
1342165184698220544,negative,3.142822654108156e-05
1342165184962555904,positive,0.8486898397604627
1342165185079885825,negative,0.0069571137892871044
1342165186094968836,negative,0.004551295411253584
1342165187370115072,negative,0.056064655995890535
1342165187676299264,negative,0.012595614407714522
1342165187881803780,negative,0.004849585118641502
1342165188351414273,negative,1.6734281074416479e-10
1342165189353852928,negative,0.0047559176899594525
1342165190004133895,negative,0.016427604373005056
1342165190574551041,negative,0.062191053680428626
1342165190620676102,negative,0.017131708808082083
1342165190893305858,negative,5.001696173137159e-06
1342165192738803723,negative,5.001696173137159e-06
1342165194080989184,negative,4.260953983056258e-13
1342165194160615426,negative,0.03088476773717236
1342165197839077377,negative,0.00010312857844035885
1342165198380150785,neutral,0.5439154917956017
1342165199722328067,neutral,0.38376524674358664
1342165200481357824,negative,3.443797126835167e-05
1342165200703639552,negative,0.2575843929080454
1342165201999851520,negative,0.004440145880942217
1342165202188570624,positive,0.6620896012920879
1342165204650627075,negative,0.026872501527377777
1342165205300731908,negative,1.1549199802051463e-08
1342165206332485634,negative,3.977265850725536e-06
1342165206768750592,negative,0.0036791440610124786
1342165207297253377,negative,0.000239193657099081
1342165209100800006,negative,0.05097690882992596
1342165210015166466,negative,0.020662502153600684
1342165210535227392,negative,0.0010427729243528215
1342165212087136258,negative,0.000985964232186586
1342165213114732548,negative,5.001696173137159e-06
1342165213227970564,negative,0.2812124665127172
1342165213303484417,negative,0.015383690552256152
1342165213307551745,negative,0.0005396934869937535
1342165213605482499,negative,0.28023556761269675
1342165213815169026,negative,0.015773583174067275
1342165213857140737,neutral,0.4895779990899652
1342165213924241409,negative,7.291659018943719e-06
1342165214024888321,negative,0.32828155536255615
1342165214108803072,negative,0.016007233931908425
1342165214117113856,neutral,0.47878153849390703
1342165214524039168,negative,0.022964716368658107
1342165214926688256,negative,1.558282216406824e-10
1342165217652969477,negative,0.004849585118641502
1342165217661382661,negative,0.015155107296918732
1342165218013683718,negative,0.24187439095654115
1342165218416357376,negative,0.04484789677779327
1342165218567327745,negative,0.06156100502183778
1342165218600878081,negative,6.708197332611844e-05
1342165218915459072,negative,0.009087159101972653
1342165218961592327,negative,1.3965075357708777e-05
1342165218982559746,negative,0.32666930747289524
1342165219448131584,negative,0.0009758201416809123
1342165220039548929,negative,8.022837284641435e-05
1342165220412813312,negative,0.01790984473807946
1342165221654327296,negative,0.14192462298777708
1342165222224760834,negative,0.008255408773844912
1342165222648377344,negative,0.07593748718638854
1342165222681931782,negative,0.14730090764154566
1342165223030059010,negative,0.012139398354467137
1342165223743098885,negative,0.012139398354467137
1342165223969615875,positive,0.6623110372383231
1342165224170766337,negative,8.515087045096324e-06
1342165224384819200,negative,0.06426464958996005
1342165224745537537,negative,0.012487335807890914
1342165225601167360,negative,0.0006921882089939948
1342165225957715970,negative,1.0171631504574309e-05
1342165226444234753,negative,0.007481009880010593
1342165226515521538,negative,0.27538537887707226
1342165226888826880,positive,0.9582814969084437
1342165227341815808,neutral,0.4709365082615238
1342165228965027842,neutral,0.3863447861872163
1342165229451567106,negative,0.023912033400035976
1342165229824864263,negative,0.012487335807890914
1342165229967466496,negative,1.289920011177562e-05
1342165231070490625,neutral,0.44673618656779596
1342165231796158465,positive,0.8618110395367603
1342165232165203970,negative,0.0047595328433937805
1342165232873979905,negative,0.00022949559299155462
1342165233037672452,neutral,0.6166747953299241
1342165233645854721,negative,0.25669276998616253
1342165234056896512,negative,0.003433871264966067
1342165234220478465,neutral,0.5098436067637715
1342165234233040897,negative,0.0016487249759915975
1342165234409041920,negative,0.21065574033669582
1342165234958688257,negative,0.03796884500247603
1342165235231318020,negative,0.09979681035016774
1342165235583619073,negative,0.0011291690699701952
1342165235629744128,negative,0.08001683946579354
1342165236091146245,negative,0.0009961528124111602
1342165237001318400,negative,0.3137818562770135
1342165237517209603,negative,8.885466562234789e-05
1342165237684908033,neutral,0.3423821583282565
1342165238586740736,negative,0.001103596764341724
1342165239123607552,negative,0.0017246927645537743
1342165239249309697,positive,0.7435165269181315
1342165240277069827,negative,0.015320462693009147
1342165241325608962,negative,3.618141410802682e-06
1342165241510187008,negative,0.015155107296918732
1342165242877456384,negative,0.00044286331715456817
1342165242877509633,negative,0.0001039175126215644
1342165243351494657,negative,0.27538537887707226
1342165245310218242,negative,3.1166933803374385e-07
1342165245905801222,positive,0.9243280120221552
1342165246442676231,neutral,0.49789225920557484
1342165246555922432,negative,0.0012610069444334599
1342165248829218822,positive,0.788359955178981
1342165249059905536,positive,0.8830283006755308
1342165249122680833,negative,3.527564367929993e-05
1342165250813136896,negative,0.061898746271034984
1342165251341619202,negative,0.07726435786683304
1342165251861712896,negative,0.23063708690036006
1342165252117590020,negative,0.0004760529356788509
1342165253971390471,positive,0.9487637637087933
1342165253975658502,negative,0.013918056419670229
1342165256387387392,negative,0.0009418117733213281
1342165256718721025,negative,0.00011998921415036123
1342165256957734913,neutral,0.398180521791012
1342165257083629569,negative,0.016427604373005056
1342165257238691840,negative,0.006143862123240398
1342165258601979904,negative,0.00017582172268412865
1342165259990269956,negative,6.60832795564342e-05
1342165261059821568,negative,0.025279808436801242
1342165261181472768,negative,7.219399210988782e-05
1342165262385213443,negative,0.17274197153709184
1342165263345659904,negative,0.2906278741030604
1342165263601577987,negative,4.1264560198451886e-05
1342165269112905729,negative,0.02329323645236039
1342165269452619777,negative,0.008788495254404166
1342165269712658432,negative,0.0006618755121295592
1342165269947457537,negative,1.868385311045885e-05
1342165270308204547,positive,0.9872664093130828
1342165271096815617,negative,0.0012316240228124995
1342165272300572677,positive,0.9984394752806313
1342165272984219648,negative,0.08001683946579354
1342165273751793667,negative,3.621997482862697e-05
1342165274649186307,negative,0.13951650369066312
1342165278092886016,negative,0.0003239154728240111
1342165278831108097,negative,6.931048472325273e-08
1342165279082754050,negative,5.590013234470824e-06
1342165280643022848,negative,1.5430961551002625e-06
1342165282865995779,negative,0.017056364740155466
1342165283151241226,neutral,0.48311021910050583
1342165283549667339,negative,0.04264747651823149
1342165283872649216,positive,0.9692456572840757
1342165284384227329,neutral,0.5533970533999424
1342165284568895488,negative,0.011538404096376137
1342165284946206721,negative,0.0055818269996155455
1342165285026078721,negative,0.10489656397742007
1342165287274229760,negative,0.041007663271044346
1342165287345467397,negative,3.6798830619122835e-09
1342165288708677635,negative,0.09640323611645361
1342165289199349762,negative,0.002745298738113449
1342165290709377026,negative,0.009655167226292012
1342165291904675843,negative,0.006248314451104854
1342165293456494593,negative,0.1292159702898144
1342165293582454784,negative,0.009087159101972653
1342165297059553280,neutral,0.38706865715976324
1342165297256656897,positive,0.8567642649968916
1342165297311215630,negative,0.020662502153600684
1342165297466376194,negative,0.005245048401174799
1342165299458527232,neutral,0.4232078962494373
1342165299475468294,negative,0.010952761807428038
1342165299886485510,negative,0.08001683946579354
1342165301195132929,neutral,0.5002585115641365
1342165301341917185,negative,0.2903561312439681
1342165301350301697,negative,0.04467398683820503
1342165301425819649,negative,2.7105161590403916e-08
1342165301702631425,negative,0.017286836009129967
1342165302151442434,negative,0.08001683946579354
1342165302419845122,negative,0.0066621370182119305
1342165303233568768,negative,0.005605058504731523
1342165303288098817,negative,5.316463568619983e-05
1342165303481020418,positive,0.7112264328727067
1342165304529588225,negative,1.806783099185678e-13
1342165304768487425,negative,0.016218976321130958
1342165304877719554,negative,0.000672410343139853
1342165306060525574,negative,0.14053796689755926
1342165308841160710,negative,0.009655167226292012
1342165309118152704,negative,0.14609850283191778
1342165310347096067,negative,0.003441918319111806
1342165311135498248,negative,7.116817307825933e-05
1342165311815110657,neutral,0.42448187885953126
1342165312062578688,negative,0.0013842806220476002
1342165314071617536,negative,0.0005689788685565286
1342165314528800772,negative,0.028767750455820647
1342165314558156802,negative,0.26982394767292617
1342165316332363779,negative,5.455300219734532e-06
1342165316542095364,negative,0.0013309581222396769
1342165316546269184,negative,0.0739782113065061
1342165316550471681,negative,0.16532172419126437
1342165316915384321,negative,0.0012812237722765948
1342165316919554048,negative,0.052146102056340175
1342165318215606274,positive,0.6995993822751679
1342165318337245184,negative,0.00035196623462583856
1342165318559539200,negative,6.9011145926193635e-06
1342165318731489284,negative,0.009060334165654459
1342165319469707264,negative,0.06780563235107093
1342165319767318529,negative,0.024904705414051206
1342165319868006406,neutral,0.49789225920557484
1342165320551772170,negative,0.002651239598538013
1342165320589582337,negative,0.27435571766596545
1342165320769925125,negative,0.000191521967868596
1342165322837721093,negative,0.023940893267041418
1342165322867073025,negative,0.02902189840142555
1342165323768877057,negative,0.0006005728458958753
1342165324121198593,negative,0.008566861788800222
1342165325245255684,negative,0.23892579260418803
1342165325786263555,negative,6.556125086403295e-05
1342165326558081026,neutral,0.49789225920557484
1342165326759403520,negative,0.00028253470617360313
1342165327338229763,negative,0.004551295411253584
1342165329250824193,negative,0.011017388323203009
1342165329703788549,negative,0.03342717553821877
1342165329896726528,negative,0.0010427729243528215
1342165331113029636,negative,0.2906278741030604
1342165332023242753,negative,0.027289744188104013
1342165332279111684,negative,1.9264923755409437e-06
1342165333050851330,negative,1.524900749987301e-08
1342165334120271872,negative,4.31783363927911e-13
1342165334590164998,neutral,0.49789225920557484
1342165334955057153,negative,0.009812761995502623
1342165335676497920,negative,8.885466562234789e-05
1342165335831674880,negative,0.18258183392746283
1342165336049782785,negative,3.792379489848801e-05
1342165336267874306,neutral,0.42917751334538623
1342165336729260032,neutral,0.4602076113870112
1342165336800571405,negative,0.2812124665127172
1342165340160225281,positive,0.8376836725208485
1342165340290224128,negative,0.025385182377562706
1342165340361523207,negative,0.003566906859200871
1342165343142350849,negative,0.0069571137892871044
1342165343414980608,neutral,0.5098436067637715
1342165343658070017,negative,0.08001683946579354
1342165343826038786,negative,0.03486002870010629
1342165343830220801,negative,0.006275598059561503
1342165345117892609,negative,0.0002755830172568149
1342165345180807168,negative,3.792379489848801e-05
1342165346078351361,negative,0.02143837125378494
1342165347734941698,negative,0.11924197513035559
1342165348074795009,negative,2.6441501067626465e-06
1342165348552990720,negative,0.022635139991517342
1342165349144399876,negative,0.003814988312821853
1342165349194735616,negative,0.31492783649094447
1342165349316386818,negative,0.027829226260964745
1342165350138441729,negative,0.007208613125136397
1342165350499180545,negative,4.9540491251185825e-09
1342165351560318977,negative,5.667585845313686e-06
1342165351598010371,negative,0.020650447131122306
1342165353976229895,negative,1.6734281074416479e-10
1342165354034900995,negative,0.014921409828964609
1342165355884552194,negative,0.003433871264966067
1342165355985252352,negative,0.046713702602444056
1342165356589232128,negative,0.0007215222070526154
1342165357948235777,negative,0.0303776095051941
1342165358543831042,negative,0.004551295411253584
1342165359919570945,negative,0.13997518181407745
1342165359986663430,negative,0.0006811076533872656
1342165361744093193,negative,0.05699214767406059
1342165362457145346,negative,0.057100421758971884
1342165362712961024,negative,0.0007929404103188511
1342165364696899593,negative,0.054327400666022506
1342165364826906627,negative,0.002745298738113449
1342165365065994240,negative,0.009655167226292012
1342165366638858241,negative,0.13951650369066312
1342165366936580103,negative,0.02177225556927092
1342165367100235777,negative,0.057100421758971884
1342165367523827712,negative,3.725680041961901e-05
1342165368962473989,neutral,0.5533970533999424
1342165369230917632,negative,0.0907488551596567
1342165369881047040,negative,0.12140198526802601
1342165370157887488,negative,0.008057765763399874
1342165371562975232,negative,0.13639995540706118
1342165371609079808,negative,0.0057942270187252495
1342165372368285701,neutral,0.4622903534400044
1342165372833845248,negative,1.7017867877990194e-05
1342165373316169728,negative,1.2137587316032155e-05
1342165373337149443,negative,0.030149582304239062
1342165373865648130,neutral,0.5093491267683498
1342165374297649153,negative,0.0069571137892871044
1342165375362994182,negative,0.0018624510288728624
1342165376268951553,negative,0.023732242750601065
1342165376415760389,negative,0.057100421758971884
1342165376436756481,negative,0.03246128932462553
1342165376680005636,negative,2.8684645214354144e-06
1342165376768086016,negative,0.07425498663671938
1342165377011380224,negative,0.00576838406217683
1342165377506308097,negative,0.010038975027131067
1342165377573380096,negative,0.12973517637566664
1342165378693124097,negative,0.0017506143388280031
1342165379951443969,negative,0.0002755830172568149
1342165382115823617,negative,0.003802494215023941
1342165382291980289,neutral,0.6489077768764223
1342165382950506496,negative,6.0650536823840906e-06
1342165382958866434,negative,0.016427604373005056
1342165382971478016,negative,0.0010388384586061433
1342165383613177856,negative,4.318476926429455e-05
1342165383973888002,negative,6.256942625617613e-06
1342165384137465860,negative,0.03796884500247603
1342165384460427267,negative,0.055932165313097464
1342165384506564608,negative,0.00039064687537823667
1342165384510763014,negative,5.453766051844365e-06
1342165385286537218,negative,0.1908942153374937
1342165385940971523,negative,6.256942625617613e-06
1342165386565988352,negative,0.0003221536830081968
1342165387752964097,negative,0.07105732139841421
1342165387811676162,negative,0.00017582172268412865
1342165388143063045,negative,1.0667390272680601e-13
1342165390886121472,negative,7.219399210988782e-05
1342165390999379969,negative,0.018735130110843424
1342165391473168384,negative,5.1479463985877774e-05
1342165391506894848,negative,0.23398098051223332
1342165391548694534,negative,0.0016646611482043455
1342165392001785860,negative,0.041584167714808065
1342165393662750721,negative,2.0401518331511508e-05
1342165393721479169,negative,0.054327400666022506
1342165393918500865,negative,8.515087045096324e-06
1342165394451267586,negative,0.00244228827871058
1342165394761641984,negative,0.006795160632124096
1342165395105599488,negative,0.027289744188104013
1342165395650834432,negative,3.670284820678643e-06
1342165396263038976,negative,0.005605058504731523
1342165396309229569,negative,0.16280582794327256
1342165396577787904,negative,0.030934370174119038
1342165396724584449,negative,0.14192462298777708
1342165397861265408,negative,2.1339029787238353e-05
1342165399224381441,negative,0.18258183392746283
1342165399278931970,negative,0.0065787095830724
1342165399958380549,negative,0.00014815836483001937
1342165400012746753,positive,0.7733783720759749
1342165400310702081,negative,0.004740826658642988
1342165400478339072,negative,0.13951650369066312
1342165400881135616,negative,5.547586483555178e-06
1342165400889352198,negative,0.13951650369066312
1342165401812279298,negative,0.007730892847130962
1342165402428841984,negative,0.014921409828964609
1342165403221413888,neutral,0.4507454498615163
1342165403292717056,negative,0.039624407828476496
1342165403330637824,negative,0.02312814423556466
1342165403401736192,negative,0.039624407828476496
1342165403485683713,negative,0.20616223386657143
1342165403955425281,negative,0.039624407828476496
1342165404362354688,negative,0.0004760529356788509
1342165404437913603,negative,0.10641610931266857
1342165405335486464,negative,0.27128260360936957
1342165405503283202,negative,0.014385947766844315
1342165406690193408,negative,0.19644650215143533
1342165407470379010,negative,0.021832781444602187
1342165407675920386,negative,0.07789669615850278
1342165408158261248,negative,1.4951304000415723e-05
1342165408216973314,negative,0.0021711828321665616
1342165408745480193,negative,0.0012802493548384288
1342165409110388739,negative,1.157070383746527e-06
1342165412008624134,negative,2.5987155852303245e-05
1342165412256034818,neutral,0.35453762248879905
1342165412797165569,negative,0.007718704224340631
1342165413346553857,negative,0.027804090872741338
1342165413384364032,negative,0.1393634348361401
1342165413845594112,neutral,0.41399022413351655
1342165413854113793,negative,0.045237078153474955
1342165414068056066,negative,0.06897131604652738
1342165414143549441,negative,0.004191312393179682
1342165414327898113,negative,0.007809040031757991
1342165414395187208,negative,0.003131538777137177
1342165414760099841,negative,0.0002755830172568149
1342165415221469184,negative,2.6551873154995943e-06
1342165415275999232,negative,0.03026165252564572
1342165415364067328,negative,0.010038975027131067
1342165416978898945,negative,0.0004443940027933409
1342165417234591744,negative,0.010536406285460057
1342165417293467648,negative,0.011538404096376137
1342165418715328513,neutral,0.4043268447915598
1342165418937622531,negative,6.843964246873479e-05
1342165419336101888,negative,4.0004197816393595e-06
1342165419537391620,negative,0.0004760529356788509
1342165420418211844,negative,0.0009390030926242938
1342165420548227074,negative,1.2774925135723934e-06
1342165421601005569,negative,0.012955480069443937
1342165422037057537,negative,5.619057197265842e-08
1342165424688033792,negative,0.0043621170301730355
1342165424692219906,negative,0.009087159101972653
1342165425023578119,negative,0.0012556272042652328
1342165425178759169,negative,9.367145449976311e-07
1342165425367502850,negative,0.003566906859200871
1342165428395782146,negative,0.13997518181407745
1342165428869746689,negative,0.0002755830172568149
1342165429918294016,negative,3.3543923793436775e-19
1342165430518095872,negative,0.0001050680977106303
1342165431239503873,negative,3.792379489848801e-05
1342165431503761408,negative,0.009087159101972653
1342165431742836739,negative,0.11924197513035559
1342165431956729860,negative,0.30647691423800943
1342165432548134912,negative,0.11574000147684851
1342165432590086151,neutral,0.46295512005353534
1342165433236000769,negative,0.02312814423556466
1342165433500250112,negative,0.023912033400035976
1342165438160109571,negative,0.000725745494711989
1342165439074369541,negative,0.0072797918787612425
1342165439560953860,negative,0.12962009069807864
1342165440781570048,negative,0.27538537887707226
1342165441368780801,neutral,0.38706865715976324
1342165441574293506,negative,0.10220457219186194
1342165441599434755,negative,0.006795160632124096
1342165441674838017,negative,0.0013309581222396769
1342165442497044481,negative,0.0004152667246791648
1342165443071660032,negative,0.004551295411253584
1342165443801448449,negative,0.0004760529356788509
1342165445374308352,negative,0.06405250631552971
1342165446481600513,positive,0.9611958417475951
1342165447031062533,negative,0.15613198226260977
1342165447244967940,negative,0.006112180904382101
1342165447408570374,negative,0.000307102765361961
1342165448469610496,negative,2.6393848047038405e-05
1342165448519987200,neutral,0.4705026239168581
1342165448750551041,negative,0.0006890247013791343
1342165448884969472,positive,0.840280898716395
1342165451321839618,positive,0.8016676750077868
1342165452366241792,negative,0.002745298738113449
1342165452378800132,negative,0.11456597163922502
1342165454039748610,negative,0.06916266373320186
1342165454777962496,negative,0.10312468243212601
1342165456313061379,negative,0.3272023409881254
1342165457084817414,negative,0.16532172419126437
1342165457378414593,negative,0.016427604373005056
1342165457638469632,negative,0.057100421758971884
1342165458359906304,negative,0.2981809791919107
1342165458615758849,negative,0.23398098051223332
1342165460633214978,negative,2.6333341228445877e-06
1342165462877155329,neutral,0.35341083541347074
1342165464949141510,negative,0.010821739943380863
1342165465158873095,negative,0.023075944015281635
1342165465263710210,negative,0.17993246050845596
1342165465720881156,negative,0.03513664696641658
1342165466899501056,negative,0.10046000622275869
1342165468132605952,negative,0.18235053482896518
1342165468518494209,negative,0.21047953907773329
1342165469013356547,negative,0.059151179956913824
1342165469269258242,negative,0.004994766354642596
1342165469885837318,negative,0.00045577905385702075
1342165470082781186,negative,0.0007166506180605534
1342165470196211713,negative,0.0002768796278208597
1342165471840256001,negative,0.2906278741030604
1342165473090273288,negative,0.0006618755121295592
1342165474029793286,negative,1.6812156595830522e-08
1342165474440785921,negative,0.0006004748683393548
1342165477250854912,negative,0.3187808214208271
1342165478417039362,neutral,0.6182096771999085
1342165479016849408,negative,0.09646578667338862
1342165480300273664,negative,0.008285294134682705
1342165480400945152,negative,0.004551295411253584
1342165480912642051,negative,0.0021116303739656416
1342165482405830656,negative,0.0012423615066810751
1342165482716229632,negative,5.234929140198464e-08
1342165484523950085,negative,0.00040234525700757
1342165484532342784,negative,0.3120329156721037
1342165485790646274,negative,0.32828155536255615
1342165486856007682,positive,0.9488772979532637
1342165487216713735,negative,0.0035109547457249086
1342165487925538819,negative,1.6287898588804902e-08
1342165488546115585,negative,0.07903570300231018
1342165489414496257,negative,0.3020135550609068
1342165489540345857,neutral,0.3483776439259413
1342165491062874113,negative,4.036853116920424e-05
1342165492044328960,negative,0.009087159101972653
1342165492233076736,negative,0.0016984442996489809
1342165492497317890,neutral,0.49789225920557484
1342165492799336454,negative,0.009087159101972653
1342165492816113664,negative,0.0059250161298649885
1342165493013217281,negative,0.002036060856694294
1342165493256482821,negative,0.16727301820128387
1342165493612949507,negative,0.08790242015761213
1342165494497947653,negative,0.0015811942879136764
1342165494812569602,neutral,0.6003653551622036
1342165496586764291,negative,0.0001123780949996407
1342165497689812994,negative,0.015406997844137103
1342165499019489286,negative,0.15237137935820858
1342165499036250112,negative,0.000727080966594149
1342165499451420674,negative,0.017015140036733458
1342165499589885955,negative,0.027289744188104013
1342165500202278913,negative,0.1726020176136955
1342165501242445826,negative,0.004667791154873025
1342165502706282497,negative,0.01072136387044308
1342165502899183617,negative,0.26076950668447035
1342165503377342472,positive,0.8488784103859388
1342165503377367040,negative,0.016427604373005056
1342165503469637632,neutral,0.49789225920557484
1342165504333635585,negative,0.08689490951447258
1342165504581128192,negative,0.2611621137273265
1342165504702771205,negative,0.141604112719918
1342165505038315522,negative,0.035889720255982575
1342165507152220160,negative,0.11334205057821929
1342165507202543616,negative,0.11924197513035559
1342165507462594562,negative,0.003566906859200871
1342165508179824642,negative,0.004300878492222307
1342165508263702530,neutral,0.3483776439259413
1342165511245848577,negative,0.15237137935820858
1342165511904366595,neutral,0.4525299360032805
1342165512969707522,negative,0.18248149171848604
1342165513582108673,negative,0.031263019773059536
1342165515784085505,negative,0.08689490951447258
1342165516056723459,negative,0.03389676136479784
1342165516195143681,negative,0.023075944015281635
1342165516237099013,neutral,0.4737554465528978
1342165517159825409,neutral,0.6149732941538079
1342165517528948736,negative,0.032943105811003716
1342165517839134720,negative,0.10920595662265328
1342165517956763649,negative,0.06405250631552971
1342165520041304071,negative,0.007072016908467616
1342165520976650241,negative,0.0033958996547096268
1342165521744199681,negative,0.05975325765868162
1342165522872492032,negative,0.30829643170701443
1342165522973155330,negative,0.0028483683922366724
1342165523296116744,negative,0.0045774114226911815
1342165523417735168,negative,0.002745298738113449
1342165524336287744,negative,0.18459858958932926
1342165524407447552,negative,0.0016984442996489809
1342165525279989760,negative,0.0010427729243528215
1342165526919991297,negative,0.009655167226292012
1342165528048267268,neutral,0.42839684284625884
1342165528572518400,negative,0.12271477268588485
1342165528849350656,negative,0.009087159101972653
1342165528975171585,neutral,0.47960041475486676
1342165529079889921,negative,8.515087045096324e-06
1342165530187341826,negative,0.001326210920046788
1342165530329886720,neutral,0.49789225920557484
1342165531684646915,negative,0.002472131899217397
1342165532305403908,negative,1.2137587316032155e-05
1342165532607442946,negative,0.009709419784273757
1342165532624076800,negative,1.1799024330240125e-06
1342165533429526534,positive,0.9949529599960212
1342165534285189122,negative,0.18258183392746283
1342165536021630978,negative,0.00011452175060724823
1342165537086959617,negative,0.027289744188104013
1342165537154019331,negative,0.0001684607646347785
1342165537485447168,negative,2.1109537218235264e-05
1342165537665650689,negative,0.2837406336189291
1342165538152321024,negative,0.0013217779979417216
1342165538936643585,negative,0.10299786840792909
1342165540492734465,negative,0.11184300276801358
1342165542942158849,positive,0.9956232288563871
1342165543143567361,negative,0.00013104699235088864
1342165543391010817,negative,0.2981809791919107
1342165543399337989,negative,0.004551295411253584
1342165544959676417,positive,0.6714737791706615
1342165546297520129,negative,0.0991654945521101
1342165546788380673,negative,0.033054727689522466
1342165547597881345,negative,0.000888824987175458
1342165549145587714,negative,0.00232881674211454
1342165549590183937,negative,0.0040069841903250525
1342165550135316480,negative,0.010042439959358593
1342165551716528128,negative,0.19698566538285395
1342165552618483715,negative,5.1579336273191884e-05
1342165553012760581,neutral,0.35985584816343436
1342165553629298688,negative,0.0006361635519451007
1342165554967228417,negative,0.00011240213477206106
1342165555504156683,negative,8.566401563064097e-06
1342165557240623107,negative,0.03092655849999979
1342165557844484098,negative,0.016947950741450182
1342165559308398594,negative,1.0268795977458005e-05
1342165559484370944,negative,0.0004760529356788509
1342165559954300930,negative,1.3263265127819121e-05
1342165563385274368,negative,0.018246950034001192
1342165564341555200,negative,0.13997518181407745
1342165565947994112,negative,0.0002768024461637105
1342165566438711301,negative,1.0452109823127752e-05
1342165566505832455,negative,0.03542760299624128
1342165568028348417,negative,9.891969848497526e-05
1342165570112921605,negative,0.0319206093468433
1342165571253788673,negative,0.0018089831172252648
1342165571815825408,negative,0.05285763660929391
1342165572285587461,negative,0.26076950668447035
1342165572314918914,neutral,0.48728019602140255
1342165574240100357,positive,0.9569786168210742
1342165574240137217,negative,0.0009390030926242938
1342165574378373121,negative,0.011596964255212673
1342165575431290881,negative,6.121211724343335e-10
1342165575657783297,negative,0.00016588252758697978
1342165576341479425,negative,0.2981809791919107
1342165576362430465,negative,0.00022930352097087908
1342165576991592448,negative,0.045237078153474955
1342165577314533376,neutral,0.48834448802556185
1342165578480381955,negative,0.016464699376844857
1342165578505723904,negative,0.02177225556927092
1342165579122278400,positive,0.6800588541412664
1342165580384788482,negative,0.00881750781216988
1342165581009723393,negative,0.00019941967542738074
1342165581374619651,neutral,0.6149732941538079
1342165582926520320,negative,0.03589160844210587
1342165583199162369,negative,0.003566906859200871
1342165583341756419,negative,0.04164257938099828
1342165583538827270,negative,0.0019742200850810976
1342165584474206210,neutral,0.33456245161920783
1342165587317972993,negative,0.0031840689868432343
1342165587833839618,negative,0.0011902757213991234
1342165588093841411,negative,0.011490537435018785
1342165588467134467,negative,0.07105378792232937
1342165589620613121,negative,0.02338104739196184
1342165589905780737,negative,1.2137587316032155e-05
1342165590602100736,negative,0.07730739556701206
1342165591625510912,negative,0.016427604373005056
1342165591747153920,negative,0.28232432848785327
1342165591822655488,negative,0.04536811992162621
1342165592556580870,negative,0.15237137935820858
1342165593248702465,negative,6.2422481400610555e-09
1342165594825764870,negative,0.07414716252895988
1342165594880290818,negative,0.05106637002907062
1342165595261972485,positive,0.7745982578167736
1342165597338152961,negative,3.3962160168723838e-12
1342165597568856067,negative,0.07692911865492771
1342165597937922049,negative,0.03131122604404952
1342165597946327044,negative,0.18258183392746283
1342165597958926336,negative,0.23798958361043285
1342165598978105346,negative,2.4585730230755873e-07
1342165599724695552,negative,0.0007929404103188511
1342165599951192064,neutral,0.5743452650545291
1342165600144130048,negative,0.006930858535160522
1342165600794251265,negative,0.012139398354467137
1342165601264037889,negative,0.0006005728458958753
1342165601448570880,negative,0.009655167226292012
1342165602048372738,negative,0.011490537435018785
1342165603126165505,negative,0.0036791440610124786
1342165603222745089,negative,0.02383940034477109
1342165603692515328,negative,6.17938220872769e-05
1342165604346834946,negative,0.000512688087101874
1342165604522987520,negative,0.0008217241837661046
1342165606402052098,negative,0.00010171025705378765
1342165607731617792,positive,0.6664692308396124
1342165608390123520,negative,0.16532172419126437
1342165608947986435,negative,1.6734281074416479e-10
1342165609140920324,negative,0.1674603018876242
1342165609149296640,negative,0.055789284994487286
1342165609153486848,negative,0.051718651505617864
1342165612089454604,neutral,0.3863447861872163
1342165612328603650,negative,0.3033827040447996
1342165612387250179,positive,0.9696335536177817
1342165616799703042,negative,0.027804090872741338
1342165617139449858,neutral,0.42917751334538623
1342165619182084096,negative,0.0018141734466390908
1342165619664416769,negative,0.015459452077076921
1342165620729647104,negative,0.0069571137892871044
1342165621577019393,negative,0.0111513615991623
1342165622235553792,neutral,0.5894405936577268
1342165623036465153,negative,0.09559242855323238
1342165623716114434,negative,0.28232432848785327
1342165624798261248,negative,0.009629615173675506
1342165626077523968,negative,1.9441395056222613e-07
1342165626685681668,negative,0.04664866983234521
1342165626933149699,negative,0.00017582172268412865
1342165628384382977,neutral,0.5533970533999424
1342165628652818433,negative,0.03389676136479784
1342165629042905090,negative,0.005962930637930284
1342165629579780096,negative,0.092566265101455
1342165630431199233,negative,0.0033563851905634677
1342165630632517633,negative,0.0005224297164610095
1342165631022608384,negative,8.515087045096324e-06
1342165631093919746,negative,1.5516242297675398e-06
1342165632473772034,negative,0.00012780520368849772
1342165632729673729,negative,0.008456988724550387
1342165633010708482,negative,0.029380174834653605
1342165633102995457,negative,0.2255129830617579
1342165633761501184,negative,0.04326749920868208
1342165633912418304,negative,7.68966876162408e-09
1342165634893942785,negative,0.0009268291998292341
1342165638186414080,negative,0.05373020492671784
1342165638287126536,negative,0.10914522568554741
1342165639855812609,negative,0.0004268330718895854
1342165639939682306,negative,0.27538537887707226
1342165641374150656,negative,0.003802494215023941
1342165642187841536,negative,0.009087159101972653
1342165642309472256,negative,0.03759187123201036
1342165642993025024,negative,0.18917555239952435
1342165643194294272,negative,0.01950905525598408
1342165643207069697,negative,0.028940346556682633
1342165643211145219,negative,0.0007867594834187899
1342165643307622400,negative,0.09802478262609263
1342165643320205313,negative,0.14000328702568618
1342165645685829632,neutral,0.3418980862760095
1342165645857869824,negative,0.013549000747233484
1342165646369464321,negative,0.011490537435018785
1342165649808883714,negative,0.028387754637568395
1342165650253504512,negative,0.21700786916551124
1342165650714877954,negative,2.3636951638967303e-05
1342165650895065088,negative,0.08931026394467417
1342165650974896130,negative,0.02547184345439813
1342165651540955136,negative,0.13330950109685444
1342165652530999296,negative,0.09306089014754085
1342165655802568705,negative,7.207874868408026e-05
1342165656041623554,neutral,0.5136446707795853
1342165656310079491,negative,0.31947277469904023
1342165657639657473,negative,0.0004872873599936346
1342165658231070720,neutral,0.41487043792870404
1342165659480895490,negative,0.0069571137892871044
1342165659963240448,positive,0.9996647848002677
1342165660265283584,negative,0.07084757697592288
1342165662551207938,negative,0.009866309110518985
1342165662689587200,neutral,0.49789225920557484
1342165663088054273,negative,0.00020491577436213102
1342165663889174528,negative,1.5043991475077473e-08
1342165664094707723,negative,0.2933544621831151
1342165664132423682,neutral,0.35253428379258867
1342165664447000579,negative,0.003496328831290306
1342165665948557315,neutral,0.3483776439259413
1342165666070212608,negative,3.282052637129312e-05
1342165667806666753,negative,5.443798005309553e-05
1342165668054102016,negative,0.0033958996547096268
1342165668649705474,negative,0.057100421758971884
1342165668708290560,negative,0.0004760529356788509
1342165669022990350,negative,0.051718651505617864
1342165672009347072,negative,0.000239193657099081
1342165672994992130,negative,0.06974217300639873
1342165673154326530,negative,0.006720905989338632
1342165674232311808,neutral,0.6483312344494796
1342165674265878530,positive,0.6701707154799821
1342165674882428933,neutral,0.49789225920557484
1342165675045883904,neutral,0.35406165007076357
1342165675217973250,negative,0.26076950668447035
1342165675456925697,negative,0.0004760529356788509
1342165676279156736,negative,0.0010996583812203805
1342165678573445120,negative,0.0016387731188780338
1342165678946734080,negative,0.15237137935820858
1342165679437275137,negative,4.2142442556278195e-05
1342165679915597828,negative,1.3965075357708777e-05
1342165681199050768,negative,0.000725745494711989
1342165681719144451,neutral,0.4525299360032805
1342165682927108098,negative,0.029109365790554176
1342165683564646404,negative,0.1228674228803404
1342165684336398336,negative,0.21282233041347184
1342165684474802177,neutral,0.38834932879529166
1342165684638404609,negative,0.009087159101972653
1342165684713873410,negative,0.2406049849199692
1342165685586243584,negative,4.831003723251844e-08
1342165687578587137,neutral,0.530068146978571
1342165687733645312,negative,0.2918394411898115
1342165688497090562,negative,7.548841920217413e-06
1342165689981792256,negative,0.01437903078328581
1342165690296446976,negative,0.008220305735066808
1342165691378651139,negative,0.11456597163922502
1342165692003610624,negative,0.0005411035772666518
1342165693576466436,negative,0.00127972664639806
1342165695610712068,negative,0.0010427729243528215
1342165695862349825,negative,0.0007929404103188511
1342165698680922114,negative,0.0008918985870382534
1342165699628830722,neutral,0.3494505132991907
1342165699922427905,negative,0.0006005728458958753
1342165700555763712,negative,0.008285294134682705
1342165700706783236,negative,0.004176018050244646
1342165700887146497,neutral,0.35379802733595683
1342165701293912066,neutral,0.458452529704962
1342165701717536770,negative,0.028387754637568395
1342165702128627712,negative,0.0016984442996489809
1342165704099983365,negative,8.515087045096324e-06
1342165704791961601,negative,0.00741627213827822
1342165705052008454,negative,0.0013217779979417216
1342165705257611269,neutral,0.37679209754895876
1342165705471488001,negative,0.2611621137273265
1342165705580548103,negative,0.0028656524395326245
1342165705622495232,negative,0.010619765908758584
1342165706201321475,negative,0.18257755894886069
1342165707262468098,negative,0.009655167226292012
1342165707803553795,negative,0.0016487249759915975
1342165707962920960,negative,0.09640323611645361
1342165708369608704,negative,0.011724737227430823
1342165709024071681,negative,0.0007929404103188511
1342165709556690945,positive,0.9896445478510782
1342165710185897985,negative,0.0016487249759915975
1342165710630481921,negative,0.00741627213827822
1342165712148848646,negative,0.2611621137273265
1342165712467603458,negative,0.07692911865492771
1342165716250845190,negative,1.5740573849875363e-11
1342165716896780288,negative,0.0019979628286412865
1342165717769199624,positive,0.7983105763323103
1342165718524166147,negative,0.0009356739012072081
1342165718972968962,positive,0.8234176770217752
1342165719635652609,negative,0.005011012807757401
1342165719753109504,negative,0.045237078153474955
1342165720277331968,neutral,0.3483776439259413
1342165720738754562,positive,0.8257304043678096
1342165720893972482,negative,1.6119684250411773e-05
1342165721057390593,negative,0.027289744188104013
1342165722852511745,negative,0.09279011275714429
1342165723834175488,negative,0.20288910468334342
1342165723909656581,neutral,0.46127768308170247
1342165724970823681,negative,0.0004615635581546248
1342165726858076161,negative,0.014921409828964609
1342165727135064065,negative,0.009446615150124401
1342165727743266818,negative,0.11274546250037179
1342165730691850240,negative,0.21047953907773329
1342165731186778112,negative,0.009087159101972653
1342165733506211841,negative,0.000725745494711989
1342165733929873409,negative,0.0021116303739656416
1342165734525431819,negative,0.00849309960577442
1342165737016852480,neutral,0.49789225920557484
1342165739508260876,negative,0.25146158760265236
1342165741156638722,positive,0.8488784103859388
1342165741534113793,negative,0.054327400666022506
1342165741760630789,negative,2.8152315762471608e-06
1342165742255558657,neutral,0.49789225920557484
1342165742352031744,negative,0.04363725276739076
1342165742431719425,negative,7.30774934935384e-05
1342165743346061315,positive,0.7248206975415229
1342165743610245121,negative,0.0009931581358248525
1342165744587399169,negative,0.13467339204295112
1342165745053138944,neutral,0.6483312344494796
1342165745791361030,negative,0.0984918433222543
1342165745795538944,negative,0.15237137935820858
1342165745925566467,negative,0.08148505330224094
1342165746533740547,negative,0.16532172419126437
1342165748341465088,negative,7.627330377060539e-06
1342165750266650627,negative,8.515087045096324e-06
1342165750556057601,negative,0.05373020492671784
1342165751206203393,negative,0.007809040031757991
1342165751705296896,neutral,0.6552950412840749
1342165752258957314,negative,6.117209536803182e-05
1342165754846851075,negative,0.20044501619480248
1342165755249516546,negative,0.035889720255982575
1342165755601842176,neutral,0.48728019602140255
1342165756574883840,negative,0.008002740267951025
1342165756755271682,negative,0.010821739943380863
1342165758730711042,negative,1.8325383597238567e-06
1342165760320434176,negative,0.03796884500247603
1342165760521756672,negative,0.0004152667246791648
1342165760626597892,negative,0.001760880176861823
1342165761196867584,negative,0.06405250631552971
1342165762002317314,negative,0.006248314451104854
1342165765403906049,neutral,0.5172920314450346
1342165768763559936,negative,0.005370575131904248
1342165769464016896,negative,3.634899121704384e-07
1342165771816865796,negative,0.027289744188104013
1342165773385519105,negative,0.013475546155382039
1342165776145346560,negative,0.035098307205677574
1342165781786882050,negative,4.364280067877536e-06
1342165784685137921,negative,0.03342717553821877
1342165785326866432,negative,0.0065787095830724
1342165794403340288,negative,4.301094882263365e-10
1342165796152369152,negative,0.00044286331715456817
1342165796991062016,negative,0.0028035244083337357
1342165802003300352,negative,0.008802884860654241
1342165802951340034,negative,0.027289744188104013
1342165803542728709,negative,0.0008269978487685257
1342165810740154368,negative,0.009087159101972653
1342165813118328837,negative,3.989721572612832e-10
1342165813462228996,negative,0.00017582172268412865
1342165814707974157,negative,0.0005271496179503533
1342165817106911232,negative,0.0979511465456252
1342165818130407424,negative,0.2906278741030604
1342165818268921867,negative,0.001910763748772737
1342165818470109185,neutral,0.49789225920557484
1342165819242000393,negative,0.043430043692344815
1342165819510435840,neutral,0.46896527145839584
1342165821670481921,negative,0.17626916242393564
1342165823977353216,negative,0.023732242750601065
1342165824195346432,positive,0.999540960699701
1342165824828813314,negative,0.2074111964769646
1342165828091990018,negative,0.0005513534658065328
1342165829815832580,negative,0.00044286331715456817
1342165830994423808,negative,0.009087159101972653
1342165832756064258,negative,0.00044286331715456817
1342165833590726657,negative,0.052994772954973866
1342165834660241409,negative,0.07464427470927872
1342165836803538944,negative,0.0006005728458958753
1342165840813301760,negative,0.00045577905385702075
1342165841169805318,negative,0.001194251074132435
1342165842314866694,negative,0.0016387731188780338
1342165847511621639,neutral,0.6149732941538079
1342165848744714240,negative,0.00035892571973398206
1342165849809960960,negative,0.0001123780949996407
1342165851621900289,negative,0.06459613676240601
1342165853236830209,negative,0.00017582172268412865
1342165854000205827,neutral,0.5037129342773965
1342165855313010691,negative,0.05879877175333563
1342165855375917057,neutral,0.6335568154437844
1342165855384334336,negative,6.385271813249939e-11
1342165855535300609,negative,8.936407391725804e-05
1342165856038440961,negative,0.0011819765411393924
1342165856944533507,negative,1.9441395056222613e-07
1342165857787588611,negative,0.011538404096376137
1342165858001547264,negative,2.3433382114039105e-06
1342165858169323529,negative,0.015613360263285258
1342165858328698881,negative,0.0016082398850975326
1342165858966233088,negative,9.849003740412778e-05
1342165859339526151,negative,4.364280067877536e-06
1342165859343728640,negative,5.118919182803161e-05
1342165859570225159,negative,0.005447757490260875
1342165859775750147,negative,0.10931777859533261
1342165859880607746,negative,0.2809165219189161
1342165860589383683,negative,0.008946795947918473
1342165860769796099,negative,0.027289744188104013
1342165861570908160,negative,0.1793549348672013
1342165862330019840,negative,0.07284531911977027
1342165863730978817,neutral,0.49760000450826003
1342165863768666114,negative,0.2819411170673034
1342165864775364609,negative,0.034168297047262965
1342165864997650436,negative,0.00262912797626171
1342165865341612032,negative,0.010929883898686639
1342165865605832706,negative,0.004551295411253584
1342165865836511234,negative,0.2297242791744851
1342165866440486912,negative,4.934120474483363e-05
1342165869351284738,negative,1.0218261465400039e-05
1342165869808349185,negative,0.00278933734800249
1342165870496378880,negative,0.051718651505617864
1342165871662419968,negative,0.08778798262592226
1342165871901487105,negative,0.04586691580839149
1342165872492818440,negative,1.0308614993857155e-06
1342165873713422336,negative,0.29744032578706303
1342165874678108161,negative,0.0007929404103188511
1342165876544598022,negative,0.00017582172268412865
1342165876951248896,negative,0.0135585649585086
1342165876972388354,negative,0.00526111920421786
1342165877890932736,negative,1.4559042282343797e-10
1342165878385893376,negative,0.03513664696641658
1342165879006638082,negative,0.0014313438979348828
1342165880147488770,negative,0.009655167226292012
1342165880252346371,negative,0.01790984473807946
1342165881015705605,negative,0.27538537887707226
1342165881028280322,negative,0.009812761995502623
1342165881976201216,negative,0.057100421758971884
1342165883389575168,neutral,0.49789225920557484
1342165884287262720,negative,1.5158695315368815e-05
1342165886380064768,negative,0.011596964255212673
1342165886615117826,negative,0.25219813274074776
1342165886900158466,negative,0.0003239154728240111
1342165886946439169,negative,0.019937376697177028
1342165887445512196,negative,0.00027015081629292625
1342165888049491969,negative,0.015155107296918732
1342165888712257542,negative,0.06959836941669471
1342165888762400769,negative,0.0021988111248050822
1342165889471414273,negative,0.0012128050640425442
1342165889475616768,negative,0.0010966534675369323
1342165890020888578,positive,0.7721010375236754
1342165890033471488,negative,0.049096230958622845
1342165890641625089,negative,0.0002759813864529238
1342165890675126273,negative,0.00011255092543597771
1342165893397114880,negative,0.0016984442996489809
1342165893695098882,negative,0.2168929721301515
1342165894471020545,negative,8.159994695389101e-05
1342165894554910720,negative,0.014635145776150046
1342165895049863169,negative,1.6734281074416479e-10
1342165896543035393,positive,0.848829796233532
1342165897029496833,negative,0.006336406175103249
1342165897268457472,negative,0.014921409828964609
1342165897784471553,negative,0.0177484936060932
1342165898065547265,negative,9.458401407140451e-05
1342165901991415809,negative,0.004551295411253584
1342165902213701633,negative,0.027289744188104013
1342165902549258241,negative,9.26884063765673e-05
1342165902918217730,negative,0.00849309960577442
1342165903648169984,neutral,0.37142605093897746
1342165905304936454,negative,0.14055104236368413
1342165906600804353,neutral,0.4012201685874008
1342165907053760512,negative,2.838447151904735e-07
1342165907326390272,negative,0.016615742340859708
1342165907418865664,negative,0.06706714328495908
1342165907876040705,neutral,0.5946143098825308
1342165910061248514,neutral,0.33113119352556253
1342165911055323138,negative,0.0010512940077062258
1342165911722225665,negative,0.007718704224340631
1342165912548474887,negative,0.00013586007990904668
1342165913529954304,negative,0.0022898261716901578
1342165914536583168,negative,3.8406013268033047e-07
1342165914775654400,negative,0.0002807432256407207
1342165916067516430,negative,0.023075944015281635
1342165916155572224,negative,3.2409853621847606e-05
1342165916294000641,negative,0.26076950668447035
1342165916566642689,negative,0.08220356482835499
1342165918227574794,negative,0.238428800670322
1342165918311452673,negative,0.012139398354467137
1342165919120957441,negative,0.3020135550609068
1342165919527792642,negative,0.0057942270187252495
1342165919947239424,negative,0.004923617596637392
1342165920509284354,neutral,0.42755866745518784
1342165921226399744,negative,0.03004672239109823
1342165922656755712,negative,7.140435258385794e-07
1342165923264933888,neutral,0.5603830985648125
1342165923315249152,negative,0.0010427729243528215
1342165924070174735,negative,0.003049767939134145
1342165925345296386,negative,0.00722707714880643
1342165925420814337,negative,1.6734281074416479e-10
1342165927048187912,negative,0.008979167066542768
1342165927119491072,neutral,0.3876287212075507
1342165927811571713,negative,0.0069571137892871044
1342165927895457792,neutral,0.3812352090972061
1342165929485099008,negative,9.181187868323489e-06
1342165930244268032,negative,0.0020899705108163393
1342165930802077696,neutral,0.3481586194852676
1342165930827247616,negative,1.3975247886484693e-10
1342165931724861446,negative,0.0018089831172252648
1342165932618240003,negative,1.6240670152765113e-05
1342165932622426113,negative,0.013312167796776792
1342165932752449538,negative,4.660393401829881e-05
1342165933511438341,neutral,0.654056547443736
1342165933931044864,negative,0.012487335807890914
1342165935910744065,negative,1.2114722476918681e-06
1342165935977848836,negative,3.575727787198281e-08
1342165936158232576,neutral,0.5984709895339494
1342165937487810562,negative,0.0014377888356532974
1342165939085840384,negative,0.054327400666022506
1342165939568185345,negative,0.2906278741030604
1342165939723317249,neutral,0.49789225920557484
1342165940939747329,positive,0.7892687875196074
1342165941405278209,negative,0.024904705414051206
1342165943439515650,negative,0.03748193775637961
1342165943804456961,positive,0.9900537850302044
1342165944194510848,neutral,0.5533970533999424
1342165944307748866,negative,0.021832781444602187
1342165946497175556,negative,0.2691704513998477
1342165946908160003,negative,0.01950905525598408
1342165947562545157,negative,0.16033706101936748
1342165949617729537,negative,0.003566906859200871
1342165952100634627,positive,0.9634604740631637
1342165952436297728,negative,0.09640323611645361
1342165952687984648,negative,0.0008155160668062477
1342165953367449601,neutral,0.4663917579447527
1342165953728176129,negative,0.003961818905127738
1342165953749147653,negative,0.00044286331715456817
1342165954151600129,negative,0.0002560346553241699
1342165954378215425,negative,0.15237137935820858
1342165955414208515,negative,0.06761515089341635
1342165955942756355,positive,0.6701707154799821
1342165957666488323,negative,0.00036671853771292305
1342165958606028803,neutral,0.37874993579954885
1342165958622904320,negative,5.5494896142982616e-05
1342165958731948035,negative,1.6734281074416479e-10
1342165960258674689,negative,1.3464319497313787e-05
1342165960640393217,negative,2.0230221356473164e-05
1342165961189818369,negative,0.015525803636948231
1342165961932210179,negative,0.11857542270263122
1342165962011803648,neutral,0.49789225920557484
1342165962070646785,negative,0.004551295411253584
1342165962498437120,negative,2.153939047973004e-06
1342165962926161920,negative,0.02049828370112842
1342165963781844992,negative,1.6734281074416479e-10
1342165963979055107,positive,0.9997986240468733
1342165965233135616,negative,0.00045080970753539273
1342165965841293313,negative,8.515087045096324e-06
1342165966000713729,negative,0.016714336386832434
1342165966374002694,negative,0.07177316639652086
1342165966491414532,negative,0.2546916305421647
1342165966726303745,negative,0.005944103176594753
1342165967149953024,positive,0.7476060230547548
1342165967456112642,neutral,0.3400002912418268
1342165969481986050,positive,0.709286468701944
1342165970811543553,negative,0.0006005728458958753
1342165972325560321,negative,0.012487335807890914
1342165972883542018,negative,0.08551776275733756
1342165973273604097,negative,1.8316145247591896e-06
1342165973411966977,negative,6.354079939911233e-07
1342165973781118978,negative,0.0009390030926242938
1342165974317846529,neutral,0.3790989372156116
1342165974389321728,negative,0.07625015681295673
1342165975190433793,negative,8.515087045096324e-06
1342165976784269312,negative,0.009320282918774387
1342165976796852225,negative,0.02329323645236039
1342165977090445318,neutral,0.49789225920557484
1342165977635684358,negative,0.01374112989938196
1342165979024027652,positive,0.7582986655538624
1342165980697534464,negative,0.0016806530826569293
1342165981137874945,negative,5.667585845313686e-06
1342165983004401670,negative,0.22372026910309062
1342165983272853507,negative,0.21047953907773329
1342165983889391619,negative,5.775622454413535e-05
1342165983960522752,negative,0.07903570300231018
1342165985051234305,neutral,0.44666465415874596
1342165986401800197,neutral,0.6210907753807138
1342165986410188801,negative,0.12256090127069341
1342165986972151809,negative,0.02329323645236039
1342165986984783872,negative,0.2611621137273265
1342165987085471745,negative,0.05373020492671784
1342165987336937472,neutral,0.3499352441185855
1342165989950156802,negative,0.003185314603931025
1342165996224839685,negative,0.2223947256174405
1342165997315354625,negative,4.036853116920424e-05
1342165997420240899,negative,6.352431461772558e-10
1342166002482745344,negative,0.05252747737684508
1342166002591789062,negative,0.01538278112268677
1342166006660263937,negative,0.3020135550609068
1342166006815330305,negative,0.0029361903688377815
1342166006991564802,negative,0.2833848953654449
1342166007251660801,negative,0.031825527455829096
1342166014474203138,negative,0.010952761807428038
1342166015233372161,negative,0.17216597164084138
1342166016063889410,neutral,0.42179982041745157
1342166017984835585,negative,0.0007518072523665175
1342166020169994240,neutral,0.6149732941538079
1342166022938365953,negative,0.00014199902802019263
1342166024603508737,negative,0.0012803967118646033
1342166025912070145,negative,0.18048349410063785
1342166029296951296,negative,0.013016721627495122
1342166030903353346,negative,0.0012802493548384288
1342166033164070915,negative,0.0016984442996489809
1342166033176682496,negative,0.013604446411794887
1342166034195820544,negative,0.0021116303739656416
1342166035848429568,neutral,0.6149732941538079
1342166037274521602,negative,0.05352475611900498
1342166039229067264,negative,0.07375289073441772
1342166039811874816,negative,0.009655167226292012
1342166041556881409,negative,0.015280919464634503
1342166044903944199,negative,0.02317396453764617
1342166046795472896,negative,0.03845309961145903
1342166048959819786,negative,0.09646578667338862
1342166048993378306,negative,7.000968158929942e-05
1342166053401604096,negative,7.000968158929942e-05
1342166057063239683,negative,0.009087159101972653
1342166058246037509,negative,0.00017582172268412865
1342166059026018306,negative,0.18562672999799673
1342166059089014787,negative,0.001910763748772737
1342166060879921152,negative,0.004541130419444522
1342166061500821506,negative,1.0033437624748387e-08
1342166063413399553,negative,0.002381949524408427
1342166065304883200,negative,0.009087159101972653
1342166067024715781,negative,2.433572642506869e-06
1342166068668878848,negative,0.0177484936060932
1342166070388375553,negative,0.24477909656496857
1342166071281917959,negative,0.0037056673456543694
1342166073064484865,neutral,0.42179982041745157
1342166073626546177,negative,0.0007166506180605534
1342166075434270721,negative,0.0005615360448839102
1342166077615140867,negative,0.27538537887707226
1342166077955043329,negative,0.0013472911878420859
1342166078298992643,negative,0.009087159101972653
1342166078303002624,negative,0.0001123780949996407
1342166079859273728,negative,0.011538404096376137
1342166079947288580,negative,0.011538404096376137
1342166080157048832,negative,0.1324057685992205
1342166083416059905,negative,8.515087045096324e-06
1342166083936145410,neutral,0.4594955744007453
1342166084842119169,negative,8.515087045096324e-06
1342166086029103106,negative,0.25351791927794765
1342166086637248512,negative,5.1431876816086486e-11
1342166087631310849,negative,1.8046357611995909e-06
1342166087660662784,negative,0.027804090872741338
1342166087958491137,negative,0.028753283574312893
1342166088860229634,negative,0.045595187055014544
1342166089854287873,negative,0.015613360263285258
1342166090907062272,negative,0.01901656117934125
1342166092609966080,negative,0.01030409709908772
1342166093696282624,negative,0.0004760529356788509
1342166094602260480,negative,0.0963467837471102
1342166095600488453,negative,0.06349256163192335
1342166096179245057,negative,1.2114722476918681e-06
1342166097081077761,negative,0.13036130171474938
1342166098775568384,negative,0.006605429666388386
1342166098796400640,negative,0.001673581722381752
1342166099090165760,negative,0.26076950668447035
1342166099203399680,negative,8.514515919000049e-12
1342166099287277575,negative,0.07344337817342439
1342166099534766081,negative,0.004563501407005115
1342166099664760832,negative,0.0010966534675369323
1342166099748507649,neutral,0.5200703740049033
1342166099794735104,negative,0.0006921882089939948
1342166102273613824,negative,0.05546161140512917
1342166102844043265,negative,0.07508856332305407
1342166103959744512,positive,0.9914203126063461
1342166104194621441,negative,3.5720000904694684e-06
1342166104966193154,negative,4.036853116920424e-05
1342166105041862656,negative,9.189189493531414e-07
1342166105348046851,negative,0.0006543062738987582
1342166105406795776,negative,0.014270836546888058
1342166105473880072,negative,1.2137587316032155e-05
1342166107336093696,negative,0.12188388017780136
1342166108590190593,negative,0.1531073360447587
1342166109181661196,negative,2.065121168519698e-05
1342166109311672322,positive,0.9548709181190801
1342166109575913472,negative,0.0392373760348948
1342166111060688897,negative,0.006720905989338632
1342166112511909888,negative,0.015398277283103536
1342166113459826689,negative,0.009087159101972653
1342166115494068226,negative,5.067111439135553e-05
1342166116244733952,negative,4.036853116920424e-05
1342166118002135041,negative,7.702500688586327e-05
1342166118035836928,negative,0.06520618076099538
1342166119700783105,negative,0.0022833032292458736
1342166120208494595,negative,0.04484789677779327
1342166120313335809,negative,0.26076950668447035
1342166120359469058,negative,0.11533958986664553
1342166120846028801,negative,2.4019629985096218e-08
1342166121013800960,neutral,0.5722189353850561
1342166121651306500,neutral,0.3385252644667176
1342166121932316679,negative,1.2114722476918681e-06
1342166124180492288,negative,7.303455082977941e-07
1342166124457295874,negative,0.03975357275624589
1342166124822196226,positive,0.784813846344994
1342166125266628608,negative,0.000126766967628531
1342166125728174082,negative,8.089337038766044e-05
1342166126881615875,negative,0.0021116303739656416
1342166127024234499,negative,0.15237137935820858
1342166127053561857,negative,6.17938220872769e-05
1342166127418482688,negative,7.435255638825316e-05
1342166127657373696,negative,4.036853116920424e-05
1342166127661768705,negative,0.00044286331715456817
1342166128232189952,negative,0.007920758449113684
1342166129444319232,negative,0.13997518181407745
1342166130023133184,negative,0.04169143942196119
1342166130543226882,negative,0.1456231073900547
1342166131461787648,negative,1.6734281074416479e-10
1342166132388671488,negative,2.0400908510631524e-06
1342166133940645893,negative,0.014921409828964609
1342166134989205505,negative,0.02312814423556466
1342166135131828231,negative,0.0008819514686227101
1342166135937110016,neutral,0.4718552576440512
1342166136436174851,negative,0.03652869567889581
1342166136473972736,negative,0.014921409828964609
1342166136570458113,negative,0.009655167226292012
1342166136914374657,negative,0.0009013868300930839
1342166137312866304,negative,0.16228152256322803
1342166138214621184,positive,0.8432118181917196
1342166138847956993,negative,0.000571812841904101
1342166140248707074,negative,0.0006005728458958753
1342166140764659712,negative,9.290614402304577e-06
1342166141389721602,negative,2.8969663567111354e-09
1342166141637160960,neutral,0.5743452650545291
1342166141804957699,positive,0.7526915867528582
1342166141905596416,positive,0.8662022070995443
1342166142283034630,negative,0.0006921882089939948
1342166144862576646,negative,0.15237137935820858
1342166144984076288,negative,0.13330950109685444
1342166144992509952,negative,0.0016984442996489809
1342166145776947205,negative,0.14062140337477336
1342166145844051975,negative,0.010235101192717899
1342166146720608256,negative,0.00017831436735666907
1342166146980708361,negative,0.1947314867318109
1342166149866393602,negative,0.03246128932462553
1342166149962887172,negative,0.08230150263722945
1342166150134816768,negative,0.06529778577227528
1342166150428446722,negative,0.0019701163141624444
1342166150730440707,neutral,0.5533970533999424
1342166151913209857,negative,0.16532172419126437
1342166152760483840,negative,0.0007929404103188511
1342166152831754241,neutral,0.49114048206328076
1342166153741938690,negative,1.6734281074416479e-10
1342166154270437381,negative,0.013626719040466853
1342166154283016192,positive,0.9845644697550272
1342166154916352006,negative,0.07393459354148145
1342166155046350849,negative,0.011746513067395388
1342166155272859648,negative,0.0001123780949996407
1342166155629367297,negative,0.03565521505790821
1342166155918782470,negative,0.023872605847304447
1342166157663608833,negative,0.12117514554192306
1342166158485704704,negative,3.612939738744825e-05
1342166158594736129,neutral,0.5136446707795853
1342166159337136128,negative,0.0007929404103188511
1342166161413332993,negative,1.6734281074416479e-10
1342166161945997313,negative,0.027289744188104013
1342166163397206017,negative,0.0021116303739656416
1342166163799691265,negative,0.0019457105308690664
1342166166035431426,negative,6.49299973566323e-06
1342166167595716608,neutral,0.4043268447915598
1342166168463958018,negative,0.29822861473109435
1342166168682057734,negative,0.00018983998561175077
1342166168979828739,negative,0.015003302542689159
1342166169491537921,negative,0.010821739943380863
1342166169512419330,negative,4.9027084521753315e-05
1342166169533476870,negative,0.016371821289606053
1342166169600614401,negative,0.0005513534658065328
1342166169793527811,negative,8.277971471996416e-05
1342166170254901249,negative,0.07192298659144568
1342166170741469184,negative,0.02902189840142555
1342166171316056064,negative,0.009087159101972653
1342166171399970824,negative,0.009087159101972653
1342166171928457217,negative,0.052396062588216025
1342166173639536640,negative,0.0029983909628816777
1342166175627661313,negative,0.00669600317272162
1342166176760279041,negative,0.26076950668447035
1342166179033583618,negative,0.007480102015890127
1342166179880849408,negative,0.00023765856357865615
1342166180652527619,negative,0.07762680840992346
1342166180681945088,positive,0.7282198366567811
1342166183290806272,negative,0.014205827926210534
1342166183819304966,negative,2.20261563171885e-09
1342166186751045638,negative,0.21921412548362115
1342166187610955777,negative,4.8051477361513075e-05
1342166189217353729,negative,0.027289744188104013
1342166190593073152,negative,0.0012802493548384288
1342166190601465863,neutral,0.6274835749120679
1342166191264178177,neutral,0.5713198366563884
1342166191859773444,negative,0.17081360610822469
1342166192056897536,negative,1.956529157264285e-05
1342166192153374722,positive,0.9996647848002677
1342166192509870082,negative,0.027103523428766204
1342166192908341248,negative,0.0001457299985774119
1342166193294217218,negative,0.01901656117934125
1342166194930020354,negative,0.05352475611900498
1342166195718467590,negative,0.004551295411253584
1342166195722719233,negative,8.515087045096324e-06
1342166195747885057,negative,0.0006005728458958753
1342166195827593217,negative,0.06325454156266573
1342166196003758080,negative,0.026362361729799208
1342166196037234693,negative,0.0021116303739656416
1342166196993597454,negative,0.014462813927735189
1342166197903749122,negative,2.3163299617110283e-07
1342166198985912325,negative,0.00015001894591687835
1342166200474857475,negative,0.028883334796173155
1342166200613277697,negative,0.0265640375908371
1342166200806240257,negative,0.1604614586044836
1342166201275858945,negative,0.0028035244083337357
1342166202076913664,negative,2.344113341265255e-05
1342166203230347265,negative,8.089337038766044e-05
1342166204224516100,negative,0.04908990487424959
1342166204270714885,negative,0.19972204682111397
1342166204501385217,negative,0.0009758201416809123
1342166205340278784,negative,0.0006618755121295592
1342166205566738432,negative,0.06946581803373242
1342166205952622593,negative,0.010010436042350045
1342166206028066819,negative,7.856230902403956e-05
1342166207043170305,negative,0.07903570300231018
1342166207873634309,negative,0.15237137935820858
1342166208062377984,negative,0.0012837870677224281
1342166208234344452,neutral,0.5755436691302463
1342166208347590656,negative,9.849003740412778e-05
1342166208741838848,negative,0.3020135550609068
1342166209010278401,negative,0.023581091386977615
1342166209433923584,negative,0.0001418981889336493
1342166209689747458,negative,0.02547184345439813
1342166212290236416,negative,8.885466562234789e-05
1342166212722176000,negative,0.003566906859200871
1342166213099724807,neutral,0.6583280303617539
1342166213258985472,negative,0.27538537887707226
1342166213548531715,neutral,0.49789225920557484
1342166213678542848,positive,0.9992303559277926
1342166213938577408,negative,0.003566906859200871
1342166216035721216,neutral,0.49789225920557484
1342166216060915715,negative,0.03873928808850567
1342166216555831298,negative,0.025742826521775772
1342166218409709574,negative,0.00010357044451546988
1342166218610978819,negative,0.12188388017780136
1342166221114941441,negative,0.003566906859200871
1342166225304973312,negative,0.0009525923499650903
1342166225565192193,negative,0.0012205395728185563
1342166225779093505,negative,9.570138165456788e-05
1342166228199157760,negative,0.012139398354467137
1342166228522119169,negative,0.08927684848227979
1342166228761243648,negative,0.009087159101972653
1342166229604315136,negative,0.00338011118172983
1342166230141181959,negative,0.012487335807890914
1342166231034560515,negative,4.2205961138364847e-05
1342166232385146883,neutral,0.5734576952979002
1342166233899274240,negative,0.0022898261716901578
1342166234222243846,negative,0.0021116303739656416
1342166238366203904,negative,0.0028035244083337357
1342166241147031555,negative,0.03393834933564429
1342166242153668609,negative,0.07422724307873045
1342166243298652160,neutral,0.3343706269081881
1342166245286813698,negative,0.1826650518364943
1342166250475061248,negative,0.009655167226292012
1342166250491957248,negative,0.04751351469438221
1342166251066576901,negative,0.008130650242016644
1342166256439472129,negative,0.17274197153709184
1342166261783007234,positive,0.9633894245446962
1342166262630264833,negative,0.00017582172268412865
1342166265775812608,negative,0.08468931874039984
1342166267197796352,negative,0.013016721627495122
1342166273195732994,negative,1.2917740520745735e-08
1342166275951370243,neutral,0.33113119352556253
1342166276005916672,negative,0.0002533467963086521
1342166276345626626,negative,0.027289744188104013
1342166277658464259,negative,0.01159780699040707
1342166277716996096,negative,0.009655167226292012
1342166278048423937,negative,0.027289744188104013
1342166279294230529,neutral,0.36473491957778936
1342166280946774018,negative,0.01159780699040707
1342166284390313986,negative,0.0010966534675369323
1342166285090750464,negative,0.06520618076099538
1342166288282619904,positive,0.9999801641634867
1342166288588820486,negative,0.009655167226292012
1342166291688263681,negative,0.027289744188104013
1342166291738624001,negative,0.027289744188104013
1342166292418191360,negative,0.2611339702766612
1342166293647151105,neutral,0.376148679321438
1342166294171422721,negative,0.009655167226292012
1342166295748497409,negative,0.05352475611900498
1342166298659319809,negative,8.248076672935451e-05
1342166298994753538,neutral,0.4201460604539288
1342166305378607106,positive,0.9997435592868792
1342166306053890051,negative,0.17770336331408346
1342166306951491584,negative,0.12234250735432527
1342166306985029632,negative,0.0005513534658065328
1342166307094073344,negative,0.09741811200378674
1342166307383480321,negative,0.004808210273896058
1342166308033605632,neutral,0.33113119352556253
1342166308125896715,neutral,0.4667819144075502
1342166308276875266,neutral,0.49789225920557484
1342166308511744002,negative,6.987899863814964e-08
1342166312651526145,neutral,0.42755866745518784
1342166316296318979,negative,5.2354190461617574e-05
1342166317923786759,negative,0.10519748999716182
1342166320398401536,negative,0.012139398354467137
1342166321509920769,negative,0.2611621137273265
1342166322193416192,negative,0.26209703188431754
1342166324781359104,negative,0.2906278741030604
1342166326937325569,neutral,0.6537474969498027
1342166327516147712,negative,0.11924197513035559
1342166329399377928,positive,0.7823520103259631
1342166329424408577,negative,0.027289744188104013
1342166331836272641,negative,0.2611621137273265
1342166334549884929,negative,0.0051932906889877485
1342166336580018181,negative,3.089312616181282e-06
1342166338001719296,negative,0.0028035244083337357
1342166342498185219,neutral,0.6387765042918215
1342166342993063944,negative,0.012595614407714522
1342166346365333507,neutral,0.4292432427314265
1342166347074170880,negative,0.26076950668447035
1342166347401334787,negative,0.13467339204295112
1342166347468431361,negative,0.000725745494711989
1342166347925626881,negative,0.011538404096376137
1342166350672916481,negative,0.16532172419126437
1342166352870711297,neutral,0.654056547443736
1342166354711875585,negative,0.0022208177790727594
1342166355471192065,negative,0.0011312809503045524
1342166356221952001,negative,0.2611621137273265
1342166356612034560,negative,0.19228330043279906
1342166356913958914,negative,0.0021116303739656416
1342166357002113027,neutral,0.3499352441185855
1342166357597675521,negative,0.015474649972705637
1342166358109396994,neutral,0.3355568249059029
1342166360344944640,negative,0.18543234769735967
1342166361359998978,negative,0.0621546058121888
1342166361372553216,negative,0.012468914226797969
1342166362735652864,negative,0.11274546250037179
1342166362815422467,negative,0.0001039175126215644
1342166363155083265,negative,4.7705594000814685e-09
1342166363968716801,negative,0.01803218387782954
1342166364010721281,negative,0.04275548090686738
1342166364216324096,negative,0.1939751723184478
1342166366749646853,negative,0.0012278219275016458
1342166367860977664,positive,0.7526915867528582
1342166368142188551,negative,0.14532465194469643
1342166368842616836,neutral,0.5320260000721615
1342166368871981057,negative,0.01901656117934125
1342166368909742080,negative,0.010347966417953004
1342166369144606721,negative,0.10914522568554741
1342166369312382976,negative,3.49646168039899e-08
1342166370780372994,negative,0.26442505440490927
1342166371065540614,negative,0.00018713678672970088
1342166371774439430,negative,4.094803478090301e-07
1342166372978188289,negative,0.01901656117934125
1342166373309575168,neutral,0.5542742496867634
1342166374135771137,negative,0.0004760529356788509
1342166375276679168,negative,0.0008309990869403953
1342166375289270273,negative,0.06730126219484119
1342166376702730240,negative,0.08342021031862229
1342166379466776576,negative,9.49189387212109e-12
1342166380100153344,negative,0.014773607868006015
1342166381572349952,negative,0.0057942270187252495
1342166381681262592,negative,0.11336130249525736
1342166382448934913,negative,0.21047953907773329
1342166383518490625,positive,0.7088771082093664
1342166384407687174,negative,2.223143515859289e-09
1342166384516755457,positive,0.7292677948837735
1342166385028452354,negative,0.0009443877782714312
1342166385036767236,negative,0.0006005728458958753
1342166385514967040,negative,0.3047325431777601
1342166386852966403,negative,3.977265850725536e-06
1342166388711026689,negative,0.005353255170027112
1342166389365252096,negative,0.009655167226292012
1342166389864411136,negative,0.00021150508835675644
1342166390376189959,negative,0.019937376697177028
1342166390745288704,negative,0.0011425773867779268
1342166390950621185,negative,0.1781548696479062
1342166393354027008,negative,5.265123025584015e-11
1342166393752596481,negative,0.10407236071113908
1342166394121691136,negative,0.014385947766844315
1342166394457227264,negative,0.0016984442996489809
1342166394520133632,negative,0.23892579260418803
1342166395346243586,negative,0.16532172419126437
1342166395895902209,negative,0.000571812841904101
1342166396302622720,negative,0.0001123780949996407
1342166396462129152,neutral,0.6274835749120679
1342166396562714625,negative,0.03120411007968196
1342166396701175808,negative,0.27538537887707226
1342166398139826177,negative,0.0033275134129681725
1342166398152417280,negative,0.05352475611900498
1342166398173208578,negative,7.853326262576886e-05
1342166398517338113,negative,0.003148763995201795
1342166400731926528,negative,0.11924197513035559
1342166400916475904,negative,0.011490537435018785
1342166401017110534,negative,0.0047559176899594525
1342166401579159556,neutral,0.47878153849390703
1342166402644529154,negative,0.009087159101972653
1342166403445506049,negative,0.0004760529356788509
1342166405047840768,negative,0.001095849295524466
1342166405463072768,negative,0.001051627601899266
1342166405748314115,positive,0.8488784103859388
1342166406348025856,negative,0.0016984442996489809
1342166406419382273,negative,5.207576800080297e-06
1342166406821920768,negative,0.00849309960577442
1342166409959247872,negative,0.0007215222070526154
1342166410215251969,negative,0.0012003502702075794
1342166410731139072,negative,1.6734281074416479e-10
1342166412773777411,negative,0.03326844486315656
1342166412941516807,negative,1.1026478470324836e-05
1342166413151186944,negative,0.04586691580839149
1342166413931327488,negative,0.26076950668447035
1342166414459719681,negative,1.7004570624744015e-05
1342166414463885312,neutral,0.38706865715976324
1342166414703161344,negative,0.009087159101972653
1342166414807998464,negative,0.08657228794736156
1342166417135857664,negative,0.001013681034953425
1342166418587082752,negative,0.004551295411253584
1342166418683551744,negative,0.036440999034644365
1342166419698548737,negative,0.07393459354148145
1342166420818337795,negative,3.166764501065702e-05
1342166421233672192,neutral,0.5533970533999424
1342166421321773061,negative,0.004873002205625147
1342166421325934592,negative,1.495778765180559e-08
1342166421774757888,negative,0.13031374499886397
1342166422550667264,negative,0.009655167226292012
1342166422563205121,negative,0.13997518181407745
1342166423976759298,negative,0.04474437230587965
1342166423985152001,negative,0.07903570300231018
1342166424559751171,negative,0.015155107296918732
1342166424731566080,negative,0.07012912088702614
1342166425658646530,negative,0.03589160844210587
1342166427357294595,neutral,0.38499306821271045
1342166427428659202,neutral,0.3765271945701415
1342166427571286017,negative,0.0007000551800487848
1342166427747364864,negative,0.015773583174067275
1342166428087152647,negative,0.000126766967628531
1342166429852958720,negative,0.0032580438964232438
1342166430255636480,negative,0.000289572865272429
1342166430373056512,negative,0.038006692859424776
1342166433418121218,negative,0.02312814423556466
1342166433967595520,negative,0.0005408059451687551
1342166434093391872,negative,7.71280294293051e-05
1342166434739343362,negative,8.515087045096324e-06
1342166437725569024,negative,0.009320282918774387
1342166437855690752,negative,0.0007315988559643817
1342166437893439490,negative,0.0010858998226547613
1342166438807818241,negative,0.0066621370182119305
1342166440267362306,neutral,0.4373823667951831
1342166440405831682,negative,2.563826638110683e-05
1342166443471810560,neutral,0.3484386985423076
1342166449801068547,negative,0.05659912866786888
1342166450438631425,neutral,0.5533970533999424
1342166451109711873,negative,0.0007212255536393351
1342166452162408454,negative,0.03796884500247603
1342166456029483008,negative,0.012487335807890914
1342166459145973762,negative,0.016427604373005056
1342166459347312642,negative,0.07192298659144568
1342166459418554373,negative,1.0529072240503565e-08
1342166460181917696,neutral,0.3473101901087073
1342166464586010626,negative,1.2365606319172723e-08
1342166465420656646,negative,0.009087159101972653
1342166467522007048,neutral,0.46511884455441777
1342166469103255557,negative,0.08915377939734971
1342166469912756227,neutral,0.49789225920557484
1342166470424371200,negative,0.0003859000657499964
1342166470768394242,negative,0.02059478213973318
1342166473079455745,positive,0.9685885755785858
1342166474014781442,negative,0.000500744582209489
1342166474631372800,negative,0.028387754637568395
1342166474975227904,positive,0.999540960699701
1342166475755253761,negative,0.0001123780949996407
1342166489013612546,negative,0.15630830276745175
1342166490406146048,negative,0.16532172419126437
1342166492461342722,neutral,0.41399022413351655
1342166492968841216,negative,0.009087159101972653
1342166494046801920,negative,0.0021116303739656416
1342166494751256576,negative,0.027289744188104013
1342166494805897218,negative,0.002214177738747019
1342166499415347200,neutral,0.4894886660404289
1342166499642003456,negative,0.009655167226292012
1342166501579751428,negative,0.024017752044783083
1342166502162788354,negative,0.027289744188104013
1342166502481526788,positive,0.8011220818985992
1342166503722987521,negative,1.0343252826650477e-05
1342166504763219968,neutral,0.4627834162570861
1342166504926826496,negative,2.8385123074339742e-06
1342166504985522177,neutral,0.49789225920557484
1342166511960563712,neutral,0.49789225920557484
1342166512208146435,negative,0.00025685237780027133
1342166512786939905,negative,0.04082680952609972
1342166514439372800,negative,0.01090715993487572
1342166514640838657,negative,0.2583724675059135
1342166515991388168,neutral,0.5192148910227956
1342166519522975747,negative,0.005326948596907965
1342166521934581760,negative,0.010821739943380863
1342166527290839041,negative,0.2818952640346621
1342166529278959616,negative,0.015441539542704805
1342166530180734976,negative,0.009087159101972653
1342166530562338817,negative,0.001764640528511418
1342166531355107333,negative,8.209113196259036e-13
1342166531967307776,negative,0.0025783857576425163
1342166536203743233,negative,0.0017186828185257136
1342166536371503105,negative,0.00016217882192536565
1342166536807718913,negative,0.05528446120294227
1342166538472841216,negative,0.004584457602210859
1342166543069810689,negative,0.0006808997377021999
1342166543270985728,negative,0.2659387160401671
1342166544143544321,neutral,0.4498381379849186
1342166547486404608,negative,0.006849848001262714
1342166547595472904,negative,0.005557068525823104
1342166548606296070,negative,7.410415824728742e-05
1342166549474336769,negative,0.010821739943380863
1342166549717798916,negative,0.015316474425346092
1342166551269670912,negative,0.26076950668447035
1342166551512952832,negative,0.29338124419240674
1342166553127612416,negative,0.035323543028997706
1342166554126000128,negative,0.0036915725657147343
1342166555443023876,negative,3.142822654108156e-05
1342166555455533056,negative,0.002745298738113449
1342166555501748227,negative,0.0002622958729395857
1342166555887607808,negative,0.08148505330224094
1342166556214755329,negative,0.16280582794327256
1342166557804343297,negative,0.0069571137892871044
1342166558131556354,negative,0.0007106036120347768
1342166558240604169,neutral,0.4217270523550445
1342166559616200704,negative,0.03845309961145903
1342166559838642177,negative,0.16391782574256425
1342166560543277060,neutral,0.49789225920557484
1342166560589443072,negative,0.27538537887707226
1342166561134702592,negative,0.031825527455829096
1342166562246184963,negative,0.16920567136110784
1342166563194105858,negative,0.00017582172268412865
1342166563710001152,negative,0.0021116303739656416
1342166564368429059,negative,0.03796884500247603
1342166564599197697,negative,0.0020763333890347602
1342166565328830465,negative,0.010821739943380863
1342166567203827714,neutral,0.40164566407707886
1342166568042696706,negative,0.0031194024627079135
1342166568541827073,negative,1.3928900397369662e-05
1342166568906711041,negative,0.00045384733224149506
1342166568994820101,neutral,0.42755866745518784
1342166569334530048,negative,0.004300878492222307
1342166569372286976,negative,4.919695279511251e-05
1342166569418371072,negative,0.05528446120294227
1342166570915786752,negative,0.012139398354467137
1342166571867910146,positive,0.9404232383506169
1342166572312514564,negative,0.01005595209837959
1342166572606087168,negative,0.045226877819560536
1342166573008695296,neutral,0.5948913905704724
1342166575584071681,positive,0.8488784103859388
1342166576829771784,negative,0.00032603058386227845
1342166577664446465,negative,0.008285294134682705
1342166577664454659,negative,0.0008940877288788272
1342166578016747521,negative,0.027970504380277497
1342166578083876865,negative,0.0008907809158532794
1342166578167762944,negative,0.009087159101972653
1342166578696249344,negative,0.03639614060582062
1342166580810178560,negative,0.044373025848159095
1342166581112172544,negative,0.11705960195381153
1342166581330239494,negative,4.086126236327018e-05
1342166581384720384,negative,7.382731725420572e-05
1342166581430919170,negative,0.06405250631552971
1342166581653209090,negative,0.1791368001193421
1342166582798200835,negative,0.08977191444523772
1342166583368687621,negative,0.041513162381062695
1342166585117696003,negative,0.000887407745925421
1342166585553858560,neutral,0.5533970533999424
1342166585608458242,negative,0.0014163565207551884
1342166585675575297,negative,0.02160242453216044
1342166587164524545,negative,6.780749954804502e-08
1342166587290365952,negative,0.0069571137892871044
1342166588011601924,negative,0.27538537887707226
1342166588179492865,negative,0.0004760529356788509
1342166588762546179,negative,0.0022623664943696954
1342166589152526337,negative,0.0016932993229647323
1342166589341364224,neutral,0.5744669898424327
1342166589580464128,negative,0.00021348158143419965
1342166590180061184,neutral,0.48728019602140255
1342166590624849922,negative,0.0010427729243528215
1342166591212052486,negative,0.0022623664943696954
1342166594118680576,negative,0.027970504380277497
1342166594152263682,negative,0.1604614586044836
1342166594903035904,negative,6.330445237563599e-13
1342166597465739264,positive,0.811841091834133
1342166599881674759,negative,0.0025316610769354577
1342166600389160960,negative,1.8429219251238664e-09
1342166601114783750,negative,3.9747472809036864e-07
1342166601215307776,negative,0.27538537887707226
1342166602310152192,negative,0.00022949559299155462
1342166602784104448,negative,0.022964716368658107
1342166602876416001,negative,0.11924197513035559
1342166603023200256,negative,0.1304949588849089
1342166603031588864,negative,0.005058963611082928
1342166604138774528,negative,0.020515268780260432
1342166604277313536,positive,0.7364552304579606
1342166605934059520,negative,3.7780426723534714e-06
1342166606210883586,negative,1.1514768426409284e-06
1342166607347527680,negative,0.06520618076099538
1342166609742458880,neutral,0.4201460604539288
1342166609838878720,negative,0.0007929404103188511
1342166610161901568,negative,0.0069571137892871044
1342166610249994241,negative,0.0015487019346585617
1342166611160162304,negative,0.007168854867515194
1342166611738947584,negative,1.6734281074416479e-10
1342166614767185920,negative,0.002745298738113449
1342166614825963523,negative,3.6343849012149605e-06
1342166616428195840,negative,0.05613741236291205
1342166616545632257,negative,2.2234406453381007e-05
1342166616679870466,negative,8.515087045096324e-06
1342166616952475649,negative,0.09640323611645361
1342166618093314048,negative,0.0004959955619609795
1342166620609732609,negative,3.0221780593870875e-06
1342166621528367104,negative,0.062191053680428626
1342166622644133890,negative,2.562418700654683e-05
1342166623030009858,negative,0.0005513534658065328
1342166624317689861,negative,7.817051652032756e-05
1342166624841859074,negative,8.515087045096324e-06
1342166625018118146,negative,0.238428800670322
1342166626804895751,negative,0.006248314451104854
1342166626825871363,negative,0.26076950668447035
1342166627354177536,negative,0.0016984442996489809
1342166627819909124,negative,0.02902189840142555
1342166630697230338,negative,4.875189724887176e-10
1342166631976480768,negative,0.12234250735432527
1342166633964396546,negative,0.14870227111570603
1342166635545833478,negative,0.05404119872205481
1342166636002947075,negative,6.103725376344237e-05
1342166641875021824,negative,0.1016328125027984
1342166642231545857,negative,0.05352475611900498
1342166644915892228,negative,0.00017582172268412865
1342166645570207747,negative,0.03000033843586489
1342166646346153986,neutral,0.49789225920557484
1342166648266973184,negative,7.219399210988782e-05
1342166648699105283,negative,0.0006005728458958753
1342166648766267392,negative,0.005026369834513546
1342166650062336007,negative,0.00017582172268412865
1342166651802939399,negative,0.007048333684620896
1342166651949735936,negative,0.00044286331715456817
1342166657066795008,negative,0.009655167226292012
1342166657704341508,negative,0.3194920842491927
1342166658094256128,negative,0.0025783857576425163
1342166658543075328,negative,0.027289744188104013
1342166659855835136,neutral,0.37958935392805787
1342166660212518918,negative,0.0022432979662788876
1342166660267057152,negative,0.012860135915134843
1342166660963160065,positive,0.8064937311018149
1342166661558898688,negative,0.00017582172268412865
1342166661856636929,negative,0.018478471795390566
1342166663253422080,negative,0.03461384541361707
1342166664595574784,negative,0.002280613216603444
1342166664792727555,negative,0.04659166975875948
1342166665400868872,negative,0.005370575131904248
1342166665975504898,negative,0.10189721805660573
1342166666495586304,negative,0.1604614586044836
1342166666977959938,negative,0.000307102765361961
1342166669309997060,negative,0.12496011671710894
1342166670505336832,neutral,0.4745807978666752
1342166670991876097,negative,0.10015783156613926
1342166674607394816,negative,0.04431263158694897
1342166675618209793,negative,0.05352475611900498
1342166676977180673,negative,0.19212974618295525
1342166676989759492,negative,0.010821739943380863
1342166677593718784,negative,0.07964572319702205
1342166680135487489,negative,0.0005101066570466166
1342166681360105472,negative,0.059186194197647375
1342166682236760065,negative,0.007760146685991409
1342166682949849089,negative,0.020515268780260432
1342166683591520257,negative,0.0006005728458958753
1342166683746766848,neutral,0.33573226763054953
1342166684791152640,negative,0.03372216305293599
1342166690809962501,negative,0.05352475611900498
1342166690927403009,positive,0.7444127378451055
1342166692516925442,negative,0.009655167226292012
1342166699559284737,negative,0.00912130607205288
1342166699592835075,negative,0.001768484630011524
1342166703220908039,negative,0.06859793980646749
1342166705385201667,negative,0.000239193657099081
1342166706202890240,negative,0.00018173712063906142
1342166711575977986,negative,0.18556371734001487
1342166712825884674,neutral,0.43295721120518166
1342166717951184896,negative,0.0005545461067886342
1342166719335456768,neutral,0.4525299360032805
1342166719641481216,negative,0.19698566538285395
1342166722154012673,negative,0.0001459104270278428
1342166722959306752,negative,1.417396330937325e-07
1342166728831348736,negative,0.012487335807890914
1342166729393319937,negative,0.23892579260418803
1342166729527619584,negative,0.0006005728458958753
1342166730207068165,neutral,0.3396216474538167
1342166730865426433,negative,0.010821739943380863
1342166731461193733,negative,0.054327400666022506
1342166733998575620,negative,0.012487335807890914
1342166734279749634,negative,0.0016999271122645997
1342166735995154433,negative,4.467834841673897e-06
1342166737266110464,positive,0.8259700129558484
1342166738293678084,negative,0.001074677219332303
1342166739405123584,negative,4.191730844590561e-05
1342166739874885634,negative,0.0003524035551094296
1342166740114006022,neutral,0.6182096771999085
1342166740508303362,negative,0.039362063073630604
1342166741133221888,negative,0.00017582172268412865
1342166744190906368,negative,0.009655167226292012
1342166749161029637,negative,0.07903570300231018
1342166750595452928,negative,0.014205827926210534
1342166752126509059,neutral,0.5743452650545291
1342166752856162306,negative,0.03461384541361707
1342166753099591684,negative,0.15237137935820858
1342166753141514243,negative,0.004234188361852396
1342166753510612992,neutral,0.37874993579954885
1342166754060079111,negative,0.008002740267951025
1342166754211082242,neutral,0.4663917579447527
1342166754395623428,negative,0.11924197513035559
1342166756496912385,neutral,0.49789225920557484
1342166759483133952,negative,0.0009268291998292341
1342166759512674305,negative,0.0676922749993801
1342166759693033473,negative,0.0016984442996489809
1342166762570264578,negative,0.003433871264966067
1342166762679390208,negative,0.057756069818653846
1342166763090403328,negative,0.0007929404103188511
1342166763845332992,negative,8.514515919000049e-12
1342166764302561280,negative,0.013413968900562383
1342166764306788354,negative,0.05106637002907062
1342166765082734592,negative,0.0069571137892871044
1342166765351165952,negative,3.347682973361241e-06
1342166767754309633,negative,0.000456813765894136
1342166769100861440,negative,0.01191669691178096
1342166769151045633,negative,3.0654597488645394e-05
1342166769193152513,negative,0.12702057943217612
1342166770069737472,negative,0.11182245947334335
1342166771881684992,negative,3.458553701944846e-05
1342166771986550784,negative,0.007372324960222331
1342166774138232832,positive,0.8127033759287356
1342166774725406724,neutral,0.5471121105675613
1342166775178342403,positive,0.9368381188677499
1342166775463616514,negative,0.011538404096376137
1342166776134692864,negative,0.07563171919606121
1342166776214417408,negative,6.931048472325273e-08
1342166778206683137,negative,0.003947618394879676
1342166778403823616,negative,0.0005819333606554976
1342166779141959686,negative,0.13997518181407745
1342166779326570498,negative,0.0069571137892871044
1342166780312236034,negative,0.01901656117934125
1342166782245826560,positive,0.7920933310881366
1342166782459707393,negative,0.06255200531788199
1342166782535151618,positive,0.8567642649968916
1342166782551973889,negative,0.1258285199032784
1342166783776743425,negative,6.931048472325273e-08
1342166784389099520,negative,0.15335434241404183
1342166785978724352,negative,0.020515268780260432
1342166786238685185,negative,0.02329323645236039
1342166787027324931,negative,0.004551295411253584
1342166787392155651,negative,0.002603456057899265
1342166787794808832,negative,0.007272858242138559
1342166787937468422,negative,7.410415824728742e-05
1342166788772081665,neutral,0.37728456260251136
1342166788918792193,negative,0.05404119872205481
1342166791435538432,negative,0.15237137935820858
1342166792521850880,negative,1.8047493217050003e-08
1342166792853057537,negative,0.18459858958932926
1342166793062854656,negative,2.838447151904735e-07
1342166793402650625,negative,0.0015958116868614758
1342166793989853185,negative,0.0007929404103188511
1342166795155890183,neutral,0.5472960823705576
1342166795231363072,neutral,0.5734576952979002
1342166795466272769,negative,0.013827350612030359
1342166796149862400,negative,0.0004760529356788509
1342166799350190080,neutral,0.37958935392805787
1342166799358558213,negative,0.14062140337477336
1342166799740125185,negative,1.289920011177562e-05
1342166799819943937,negative,0.15237137935820858
1342166800314880001,negative,0.010347966417953004
1342166801434750977,negative,0.00017582172268412865
1342166803527688193,negative,1.0109111057853684e-06
1342166805591289856,negative,0.0006005728458958753
1342166809206788096,negative,0.0021116303739656416
1342166809546526722,negative,0.022650662732974145
1342166809634627584,negative,9.244861717688193e-07
1342166809840148480,negative,0.00015750382360921422
1342166809957593091,neutral,0.6157530309379698
1342166811354292226,negative,0.21047953907773329
1342166812016963584,negative,0.13616924956216572
1342166813363204096,negative,0.0002504447156214334
1342166813392699392,negative,8.515087045096324e-06
1342166815951220739,negative,0.00044286331715456817
1342166816064495619,positive,0.7597383922539281
1342166817087881222,negative,0.16869494767050985
1342166817104531456,neutral,0.44193049347687885
1342166817138216964,negative,0.2819411170673034
1342166817238880258,negative,0.0026557695487285067
1342166818295865344,negative,4.9273840674533785e-05
1342166819352834048,positive,0.7964001606281381
1342166819570909186,negative,0.07431742234716002
1342166819713519626,negative,0.0022018029008365188
1342166819780624385,negative,9.882008115707181e-08
1342166820367835136,negative,0.009655167226292012
1342166822049738753,negative,0.06801466164278654
1342166822523719680,negative,0.07726435786683304
1342166826885767169,neutral,0.5533970533999424
1342166828169097217,negative,0.021625781630707195
1342166828760641537,negative,0.08904345561913561
1342166832346787841,negative,8.585013484252597e-11
1342166832376147969,negative,0.2322678804229497
1342166832619413504,negative,0.016714336386832434
1342166837073739779,negative,0.1466716355603242
1342166840504692736,negative,0.013609651694236531
1342166841947467785,neutral,0.5098436067637715
1342166843725852672,negative,0.10111094768868999
1342166846850674694,neutral,0.3643685158170457
1342166847706308608,negative,0.0021116303739656416
1342166847785984001,negative,0.0022898261716901578
1342166847790178308,negative,0.3011661548570266
1342166860318404608,neutral,0.4147454973971492
1342166861530636288,negative,0.01615575654303187
1342166864143769601,negative,0.19755164587239535
1342166865469206529,negative,0.06810498982857156
1342166865515335685,negative,0.12625152542034143
1342166866157039621,negative,3.8800514020012895e-05
1342166867130068992,negative,0.0017508902057199783
1342166867822186501,negative,0.0041951719760365425
1342166871353671680,negative,0.01124405147306005
1342166871861321735,negative,0.009087159101972653
1342166874449174538,negative,0.2138914447988452
1342166874868486145,negative,0.003566906859200871
1342166875011215366,negative,0.31820487300311295
1342166875027869696,negative,0.11924197513035559
1342166878299582467,negative,2.2197333951932213e-05
1342166883584372743,negative,0.00010288296327112246
1342166883898970114,negative,0.018593027574274498
1342166887820652545,negative,0.054327400666022506
1342166888080494593,negative,0.0007212255536393351
1342166891180265480,negative,0.18092956811678843
1342166895244488709,neutral,0.3643685158170457
1342166895940825090,negative,0.00017582172268412865
1342166896834191361,negative,2.0740022571313787e-05
1342166900659412992,negative,0.03316337627831728
1342166901439533057,negative,0.010692294248105558
1342166901485490181,positive,0.8423365150820817
1342166906908930050,negative,0.017872280657698227
1342166907504521222,negative,0.0021116303739656416
1342166908163006472,neutral,0.49789225920557484
1342166909022851081,negative,0.02329323645236039
1342166909761052677,negative,0.00390828057831525
1342166909861687299,neutral,0.49178886988063825
1342166910046232579,neutral,0.44718859704321334
1342166910293696513,neutral,0.3593672214136314
1342166912156000256,neutral,0.5688882525758011
1342166913355546624,negative,0.2408277252584814
1342166913456119808,negative,0.00044286331715456817
1342166913779118083,negative,0.09588371451962191
1342166920230023168,negative,0.10421837455539411
1342166921400242176,negative,0.009451115820435703
1342166924805996544,neutral,0.42755866745518784
1342166925305143298,negative,0.016007577815158446
1342166926320164864,neutral,0.49789225920557484
1342166926810865665,negative,0.00019446920498357204
1342166928543068160,negative,0.09746940797735744
1342166929486835713,negative,0.0014377888356532974
1342166929889501184,negative,3.7780426723534714e-06
1342166931219099650,negative,0.0005819333606554976
1342166931286196225,negative,0.05982794866423466
1342166934671020033,negative,0.17544439578210483
1342166935228862469,negative,0.058953509185247416
1342166935266615297,negative,8.863599776788574e-06
1342166936919171081,positive,0.784813846344994
1342166936998723585,negative,0.2906278741030604
1342166939200794626,neutral,0.3726847435457324
1342166942409400320,negative,0.0059617621267305295
1342166942501789696,negative,0.2906278741030604
1342166942757638144,negative,0.012369926025554933
1342166943768473601,negative,0.0016984442996489809
1342166946981277701,negative,0.01802643909317884
1342166947140661248,negative,0.0023346299870860543
1342166947262324736,negative,0.08815718513823718
1342166950122762245,negative,0.0002822663496238507
1342166950626144256,negative,0.12563413708094326
1342166950731001856,negative,0.010821739943380863
1342166956342992896,negative,0.14753306846464215
1342166958335283203,negative,0.0005097217782165604
1342166958930878465,negative,0.057006858362013926
1342166958993797124,negative,0.034168297047262965
1342166959824252929,negative,0.32112084512068156
1342166963179708420,negative,0.015817132543893747
1342166965201358849,negative,0.018223727094134636
1342166968519053314,negative,0.010707567603196803
1342166970574241793,negative,0.00044286331715456817
1342166972021301249,negative,0.021282393776884116
1342166973753470976,negative,0.3245106188222903
1342166975053778946,negative,0.00030250149425897603
1342166975338971137,negative,0.05162939938257333
1342166979222908933,negative,0.016615742340859708
1342166979365449730,negative,0.004422383335825767
1342166979654922241,negative,0.01629480158786063
1342166980296466432,negative,0.060255664018105885
1342166980573290497,negative,0.016464699376844857
1342166980623798272,negative,0.14062140337477336
1342166983350095877,negative,0.0002929829596141553
1342166983622725633,negative,0.0002977093060074143
1342166984096702464,negative,0.10440416148123748
1342166984637739008,negative,7.736925453128443e-07
1342166985724059648,negative,1.2137587316032155e-05
1342166987435347968,negative,0.0016984442996489809
1342166987888328704,negative,2.5987155852303245e-05
1342166987917635586,negative,0.27538537887707226
1342166988882407426,negative,0.00912130607205288
1342166989683519488,negative,0.238428800670322
1342166989712797704,negative,1.7161990852840349e-07
1342166989926764545,negative,0.000942675738455971
1342166989943537666,negative,0.03246128932462553
1342166990211973120,negative,0.043750021502340086
1342166991474466817,positive,0.9692456572840757
1342166992036507650,negative,0.15237137935820858
1342166993374470148,negative,0.18258183392746283
1342166993403785218,negative,0.26076950668447035
1342166993936535553,negative,8.137803704951256e-13
1342166995635204097,negative,0.0001154004043332017
1342166997199679488,positive,0.784813846344994
1342166997325533184,negative,1.5143230491559536e-07
1342166997329711105,positive,0.9997435592868792
1342166997472333827,negative,0.0010427729243528215
1342166997849829376,negative,1.6734281074416479e-10
1342166998118236160,negative,0.009087159101972653
1342166998361505793,negative,0.0016387731188780338
1342166998399266822,negative,0.014921409828964609
1342167001716944896,negative,0.1955338340840795
1342167003117871107,negative,3.8042968297091853e-05
1342167003440836608,negative,0.00015750382360921422
1342167003977691136,negative,0.0714423250896458
1342167004166434820,negative,9.199229078718176e-06
1342167004732653575,negative,1.2114722476918681e-06
1342167005030440967,negative,0.04249568391387761
1342167005114347520,negative,0.2906278741030604
1342167006754332674,negative,0.13467339204295112
1342167008960516101,negative,1.1799024330240125e-06
1342167009350582275,negative,0.2781644121613324
1342167012957675521,negative,5.8243884063023896e-05
1342167014127915008,negative,3.6840970996632505e-07
1342167014819958788,negative,0.00017751338779470557
1342167017965674497,negative,0.025742826521775772
1342167021916737539,negative,0.0026017823325845185
1342167022751408134,negative,0.005117738200062227
1342167023212761089,negative,0.05102507322086679
1342167026794717187,positive,0.6830689139170363
1342167027713191936,negative,0.02902189840142555
1342167027859992577,negative,8.585013484252597e-11
1342167031014170625,negative,0.09229695091589582
1342167033333620737,negative,0.1966513218550911
1342167036911378433,negative,0.06810498982857156
1342167041340362754,positive,0.7690323542192896
1342167041969680384,negative,4.503532447453657e-05
1342167045446770689,negative,0.005459856588875936
1342167051264258056,negative,0.057212799264629896
1342167051952156674,negative,0.3245106188222903
1342167052778397696,neutral,0.3890913374084662
1342167055399874562,negative,0.00011769053834171621
1342167056960155650,negative,1.9264923755409437e-06
1342167057085968386,positive,0.8711424170035085
1342167057341640704,negative,7.219399210988782e-05
1342167058847584261,neutral,0.4525299360032805
1342167059216666627,negative,0.07114807600853011
1342167060344877066,negative,0.3029968537174699
1342167060751769600,positive,0.9997435592868792
1342167061573869569,negative,0.0007455715664936068
1342167063729737729,negative,0.016427604373005056
1342167064035942400,neutral,0.3448789537043245
1342167064853819399,negative,0.00024666863914867167
1342167065159987210,neutral,0.4232078962494373
1342167065172570114,positive,0.7719242348936064
1342167067492032515,negative,0.010591793100162705
1342167069173944320,negative,4.364280067877536e-06
1342167071145275393,negative,0.027289744188104013
1342167072072204292,negative,0.0001874968927710939
1342167073280176129,negative,0.00843767007702474
1342167074844635137,negative,0.06405250631552971
1342167075914186752,negative,0.13241881716293583
1342167078816653313,negative,0.12033656882542633
1342167081308061696,negative,0.12182690509467343
1342167085389144064,negative,0.0025057109851743887
1342167090392936448,negative,0.24820748523404018
1342167092171317248,positive,0.9996679469659898
1342167092305473537,neutral,0.46127768308170247
1342167094016802817,negative,0.006781810475675729
1342167094134247426,negative,0.027289744188104013
1342167096810156032,negative,0.17530011606073342
1342167096839471106,negative,0.0003859000657499964
1342167096881369088,negative,8.515087045096324e-06
1342167097208676352,negative,0.0004760529356788509
1342167098508931074,negative,0.01366302732957199
1342167099125485569,negative,3.977265850725536e-06
1342167100882874368,negative,0.00039785267656226566
1342167101751046146,negative,0.0016724214195694596
1342167102145388548,positive,0.7088771082093664
1342167103252688897,negative,0.12054474198940765
1342167103688892417,negative,0.03088476773717236
1342167105668481024,negative,0.0007215222070526154
1342167106289348610,negative,0.03092655849999979
1342167106603855875,negative,0.00042209341063010166
1342167106725539840,negative,0.013868710716077143
1342167106733953024,negative,0.057100421758971884
1342167107132391426,negative,0.03720787391751706
1342167108210319361,negative,2.9456329929657813e-05
1342167108235513861,negative,0.08599886960870794
1342167110114570242,negative,0.26076950668447035
1342167111406383105,negative,0.052347647697130475
1342167112232669184,negative,0.004551295411253584
1342167113423851520,negative,0.13705338119508015
1342167113881051136,negative,0.015773583174067275
1342167115399372802,negative,0.07192298659144568
1342167116305346561,negative,7.30774934935384e-05
1342167116389093376,negative,0.003566906859200871
1342167118914183169,negative,0.20771934817642312
1342167119090364417,negative,0.32112084512068156
1342167120147324929,negative,0.004558708854126087
1342167120176672768,neutral,0.5533970533999424
1342167123473403909,negative,0.024563039089928067
1342167124534558725,negative,2.453746310804124e-06
1342167129043460097,negative,8.778399950765603e-10
1342167134949019648,negative,1.973499589816919e-06
1342167135469129728,negative,0.026994258408731688
1342167138719698945,negative,0.3022490341336516
1342167138904244224,negative,0.0008292719818690487
1342167143975186434,negative,3.964588768473941e-06
1342167147842310145,negative,0.027289744188104013
1342167148232380416,negative,8.585013484252597e-11
1342167148660195328,neutral,0.6149732941538079
1342167149314334723,negative,0.0016984442996489809
1342167149910089731,negative,0.2906278741030604
1342167151873036288,neutral,0.3643685158170457
1342167152498008071,negative,0.0032357908947151623
1342167156574875648,negative,0.012487335807890914
1342167157283696645,neutral,0.6063270890883767
1342167160802709504,negative,0.00041325845197398716
1342167162530643968,negative,0.0025783857576425163
1342167163495276545,positive,0.7690323542192896
1342167165106008066,negative,0.010952761807428038
1342167165282250753,negative,0.0001123780949996407
1342167166058115075,negative,0.11924197513035559
1342167167308099584,negative,0.09319214625196852
1342167167320657923,negative,0.17544439578210483
1342167168528441344,negative,0.06940013407015665
1342167168667054080,negative,0.2906278741030604
1342167169304563718,negative,0.027289744188104013
1342167172324450304,positive,0.8127033759287356
1342167172802605057,negative,0.05056017178729746
1342167173360447490,negative,0.000594779640483019
1342167173981155331,neutral,0.4341594983886124
1342167174585212928,negative,0.2906278741030604
1342167178179710981,negative,0.009655167226292012
1342167178687213569,negative,2.2328579451868456e-05
1342167180994088971,negative,4.3147492007045564e-05
1342167186056617990,negative,0.00011505544652336103
1342167186677362692,negative,0.0913984547901676
1342167187293753344,neutral,0.35673835246329144
1342167188241846277,negative,0.015029438272610541
1342167190343012353,negative,0.009655167226292012
1342167190955565057,negative,0.0002700528506062581
1342167191010095105,negative,3.089312616181282e-06
1342167191127531526,neutral,0.5143447214613424
1342167192788340736,negative,0.3203965537521005
1342167195061784577,negative,8.159994695389101e-05
1342167195204415492,negative,0.09426876459066912
1342167195976159232,negative,0.0803079216897328
1342167197507059717,negative,0.00017582172268412865
1342167198459191296,negative,1.0111272282682791e-07
1342167199922970624,neutral,0.36593155699908164
1342167201122435072,neutral,0.5200703740049033
1342167203530092544,negative,0.3245106188222903
1342167204301840386,negative,3.48942654303239e-05
1342167206143131651,negative,0.054327400666022506
1342167206231236616,positive,0.8259700129558484
1342167215056031745,negative,0.238428800670322
1342167219443298304,negative,0.06408176693300573
1342167220030492678,negative,0.0007029558742457565
1342167222182178817,negative,0.21169841042377396
1342167230612705280,negative,0.004202798948374362
1342167231401259010,negative,0.0016984442996489809
1342167232030240768,negative,0.07012912088702614
1342167232827301892,negative,0.06106744169493714
1342167234047860736,negative,0.027289744188104013
1342167235289354240,negative,0.09646578667338862
1342167237604634626,neutral,0.630007208908113
1342167240561598465,negative,0.0003663417491377094
1342167242193166336,negative,0.13901151020130337
1342167243904397313,neutral,0.3702100622282366
1342167245246656514,neutral,0.517017207271291
1342167248925061120,negative,0.238428800670322
1342167249415794690,negative,0.21351874400785775
1342167249742745601,negative,0.009446615150124401
1342167252297109504,negative,0.14753306846464215
1342167252444061696,neutral,0.3957868947703896
1342167252460838912,negative,0.06916266373320186
1342167252796395521,negative,0.046099563377828084
1342167253542952961,negative,0.2906278741030604
1342167256462188544,negative,0.014205827926210534
1342167256520925185,negative,0.0728752984896165
1342167258777464833,negative,0.0062780845139649676
1342167258815209472,neutral,0.5533970533999424
1342167259410788352,negative,0.0065787095830724
1342167260941733890,negative,0.0001039175126215644
1342167261470203904,negative,0.0003216900316334995
1342167266813763589,neutral,0.4269627917191422
1342167267694546949,negative,0.1696356060781461
1342167268680208384,neutral,0.49789225920557484
1342167269036572672,neutral,0.49789225920557484
1342167269670084608,negative,0.3245106188222903
1342167269804306433,negative,0.09691406050837033
1342167278377443334,negative,0.0412952990635143
1342167279715442689,negative,7.410415824728742e-05
1342167282211033090,neutral,0.5024549303604945
1342167282253000704,negative,8.04690288874911e-06
1342167283309957125,negative,0.10036382234287872
1342167285486800897,negative,0.0006618755121295592
1342167285876858880,negative,0.057100421758971884
1342167286912868354,negative,0.01592355320496221
1342167287713984515,neutral,0.5136446707795853
1342167291312676864,negative,8.277971471996416e-05
1342167291421728773,negative,0.23547448214396235
1342167292159938561,negative,0.0009478173136251786
1342167292197675008,negative,0.13949552936821852
1342167292373819392,negative,0.0010712563179715003
1342167292449316865,negative,0.26076950668447035
1342167293460176897,negative,0.11274546250037179
1342167293594398728,neutral,0.4195266264728037
1342167293703450624,negative,0.2812124665127172
1342167294265450498,negative,0.007809040031757991
1342167294718443520,negative,0.238428800670322
1342167295259508737,negative,2.045320199321714e-05
1342167296454889477,negative,0.10741740791562202
1342167297822240768,negative,0.10041805665173424
1342167297973248002,negative,0.00031284106238320397
1342167301144109059,negative,0.023732242750601065
1342167301794181128,negative,0.3194920842491927
1342167302679236610,negative,0.02026893935303603
1342167303161589766,negative,0.000558754696221546
1342167303203549186,negative,0.0004152667246791648
1342167304549748738,negative,2.0020308591864937e-06
1342167304856096768,negative,0.007492154768745054
1342167306902888449,negative,4.191730844590561e-05
1342167307351687168,negative,0.3029968537174699
1342167308102463490,negative,7.97256911326801e-11
1342167308144439296,negative,0.22187379188502257
1342167309415276546,negative,0.03387767875350326
1342167309859872778,negative,0.03921209403990988
1342167310132514816,negative,0.0008934227649289023
1342167310220615685,negative,0.035889720255982575
1342167310522580992,negative,2.7996198151550405e-07
1342167311281696775,negative,0.008681298127566003
1342167312191922179,negative,0.26076950668447035
1342167312728813571,negative,0.021048025509861505
1342167313097830401,negative,0.0005411035772666518
1342167313244708866,negative,0.15237137935820858
1342167314716905473,negative,0.0007212255536393351
1342167315052421125,negative,0.06916266373320186
1342167316541399041,neutral,0.5719667601049264
1342167317124444160,negative,0.019747201193999062
1342167317141188609,negative,0.0003002012160403167
1342167317669666818,negative,0.0649409937485363
1342167318537900033,neutral,0.6149732941538079
1342167318550507520,negative,0.15174936648191725
1342167318948941826,negative,0.01048576835108747
1342167320429531140,neutral,0.3648025808206021
1342167321851408385,negative,0.0036379350718348507
1342167322723758081,negative,0.010524777937621181
1342167323881463812,negative,0.21154564666157544
1342167325861158920,negative,0.014921409828964609
1342167326205112320,negative,0.028387754637568395
1342167328092528647,negative,0.007977016492567981
1342167330097405953,negative,0.057100421758971884
1342167330613297153,negative,3.212364786909909e-05
1342167330755932160,negative,0.2906278741030604
1342167331955470336,negative,0.0006511462771957673
1342167332609798146,negative,0.008840426312788089
1342167332924370944,negative,3.4512381111310867e-07
1342167333733871617,negative,0.045595187055014544
1342167333834543105,negative,0.004793132578354213
1342167335436775427,neutral,0.48728019602140255
1342167336292392964,negative,0.00021064070303690425
1342167337194180613,negative,1.4111992767671584e-06
1342167337584238592,negative,0.004551295411253584
1342167340562132992,neutral,0.5628056929000496
1342167341254193152,neutral,0.44468095350380343
1342167341468151810,negative,0.054327400666022506
1342167342197960704,neutral,0.5957399490333923
1342167342227271681,neutral,0.37874993579954885
1342167342386618369,negative,0.054327400666022506
1342167342734843911,negative,0.005081242799543686
1342167344064458763,negative,0.0003290075508948937
1342167344676802569,neutral,0.3483776439259413
1342167345054314502,negative,0.011659201098095
1342167345607925761,negative,5.4231688487169304e-05
1342167345989640198,negative,0.011538404096376137
1342167346270642177,negative,8.515087045096324e-06
1342167347088531459,negative,0.0005339887325765245
1342167347088543747,negative,0.054327400666022506
1342167348644556801,negative,0.04329948809938995
1342167349529620481,negative,0.3097876572020262
1342167349785456648,negative,0.0007929404103188511
1342167350464884736,negative,0.11705960195381153
1342167350599155713,negative,0.05447534550667627
1342167353602269184,negative,0.15237137935820858
1342167360401235978,negative,1.1365705396192031e-06
1342167362896883719,negative,7.219399210988782e-05
1342167363324620801,negative,0.009760717503525121
1342167363949649920,negative,0.17054187565497378
1342167366025834497,negative,0.03283865975599005
1342167372103352321,negative,0.04586691580839149
1342167373911101440,negative,0.002963865517521429
1342167379384672256,neutral,0.6527237661700365
1342167383109230592,negative,9.849003740412778e-05
1342167383427973120,negative,0.0017054779959843347
1342167387655835649,negative,0.0046847547004872665
1342167391531380736,positive,0.9992782871419469
1342167392869355522,neutral,0.42179982041745157
1342167395339825161,negative,8.277971471996416e-05
1342167397432782857,positive,0.8475466703866649
1342167398602969088,negative,0.07409858964317478
1342167399043362816,neutral,0.3593672214136314
1342167399320203271,neutral,0.6149732941538079
1342167402411339777,negative,7.831970258309993e-05
1342167404378550273,negative,0.24342974455593216
1342167408111476736,negative,0.011596964255212673
1342167412418949122,negative,9.178070812045909e-05
1342167412435726338,negative,0.0016984442996489809
1342167414239350787,negative,0.053729412598590286
1342167414339825665,neutral,0.5533970533999424
1342167419222188032,negative,3.7780426723534714e-06
1342167419574489091,negative,1.6951850772276123e-07
1342167424054030337,negative,0.009087159101972653
1342167428193787905,positive,0.7720913015317267
1342167429972176896,negative,0.0004036356967443948
1342167431939317761,negative,0.21154564666157544
1342167432757178370,negative,0.12477489720517886
1342167433205882880,neutral,0.46127768308170247
1342167433352765443,negative,0.03845309961145903
1342167434107695107,negative,0.23601114932733183
1342167438402723841,negative,0.005893550929911921
1342167439484792836,neutral,0.46127768308170247
1342167441024180225,negative,0.00044286331715456817
1342167441229668353,negative,1.8622760415965152e-05
1342167443570044928,neutral,0.5648754408347054
1342167444400582656,negative,8.16152285395075e-05
1342167444681535489,negative,3.673110755278948e-07
1342167449215643653,negative,0.1662034265520323
1342167450310336512,neutral,0.458452529704962
1342167450792693761,negative,4.4893778847025243e-07
1342167452747264001,negative,0.08005452430519058
1342167453602873345,negative,0.00017582172268412865
1342167455221821441,negative,0.07012912088702614
1342167455419035650,negative,0.0002572382328677995
1342167461077135360,negative,0.0003083624637735444
1342167461303500800,negative,0.00538701456159856
1342167462389952512,negative,0.07192298659144568
1342167467590877187,negative,0.12188388017780136
1342167468077441024,negative,1.704774826882538e-10
1342167468492599300,neutral,0.3593672214136314
1342167472787640322,negative,0.006284697492873292
1342167472796016642,negative,0.000239193657099081
1342167472800223233,negative,0.14609850283191778
1342167473752309762,negative,0.023809985563261214
1342167474633105414,negative,5.547586483555178e-06
1342167474658275328,negative,1.135780230109132e-06
1342167475270643715,negative,0.056064655995890535
1342167475799142400,negative,0.0002977093060074143
1342167476109500418,negative,0.001095643090554068
1342167476289884161,negative,0.08892871720967067
1342167477271343108,negative,0.07105378792232937
1342167477501964294,negative,0.018593027574274498
1342167478244417537,negative,0.0006005728458958753
1342167478676422657,negative,0.013868710716077143
1342167478894350337,negative,0.0069571137892871044
1342167479385088002,negative,0.030285150366338602
1342167480144330752,negative,0.11298737693598333
1342167480471588865,negative,0.009087159101972653
1342167480706412547,negative,0.014849538568656992
1342167482677784578,negative,0.0005279902236553494
1342167482736521222,positive,0.7867998278573939
1342167485219549185,negative,0.011017388323203009
1342167485626388481,negative,0.005742009228399174
1342167487287152640,negative,7.861070628694386e-05
1342167487438319621,negative,0.0016984442996489809
1342167487618691072,negative,0.0010427729243528215
1342167487799037953,negative,0.00020491577436213102
1342167487824224257,negative,0.18459858958932926
1342167487983583234,negative,0.19698566538285395
1342167488033906690,negative,0.03835471052853544
1342167488046493698,negative,0.002745298738113449
1342167488201711617,negative,0.21154564666157544
1342167488788901893,negative,0.018559635446936004
1342167488822464513,negative,0.005058963611082928
1342167488856018944,negative,0.02312814423556466
1342167491745886215,positive,0.9999804680943051
1342167491896860672,negative,0.0001095242122535375
1342167492395982851,negative,0.14621262492287865
1342167492446330883,negative,0.00036698065428222344
1342167493121597440,negative,5.092465759297654e-06
1342167493515898880,negative,0.009087159101972653
1342167494207787008,neutral,0.46127768308170247
1342167495227092992,negative,0.00045577905385702075
1342167495965339649,negative,0.3245106188222903
1342167496036638722,negative,0.2047605986444243
1342167496204439553,negative,0.03845309961145903
1342167496284139520,negative,0.2906278741030604
1342167497022308355,negative,0.01350166981976874
1342167497429168131,negative,1.6734281074416479e-10
1342167497680809987,negative,0.00020143457613818123
1342167499299680257,negative,0.2906278741030604
1342167500952379392,negative,0.02498585596234185
1342167501308911621,negative,0.23170880718456577
1342167501837369345,neutral,0.5533970533999424
1342167502110023680,negative,7.30774934935384e-05
1342167502223241218,negative,0.007283821350571925
1342167504303620096,negative,0.03639614060582062
1342167507403210753,negative,0.2213770860498671
1342167507931688962,negative,0.0174221789164632
1342167510137896962,negative,0.3245106188222903
1342167510175653888,neutral,0.43228307121551773
1342167510565707776,negative,0.19698566538285395
1342167511224242179,neutral,0.5022256919036608
1342167511635116032,negative,0.029155848593074993
1342167511773679618,negative,0.00017582172268412865
1342167512121798659,negative,0.0015453555784110484
1342167512616722433,negative,4.594088643620946e-05
1342167514147655683,negative,0.2223947256174405
1342167514206363648,positive,0.7641412752116864
1342167515368017920,negative,0.16329426609893083
1342167515510829057,negative,0.0017186828185257136
1342167516223852546,negative,2.419682101551024e-08
1342167517431812098,negative,6.876837509565529e-05
1342167517998034945,negative,5.408608311911856e-06
1342167518090293249,negative,0.005447757490260875
1342167519101136896,negative,0.011342668599752222
1342167519218565120,negative,0.053376662704522515
1342167520007114752,negative,0.15237137935820858
1342167520912891905,negative,1.3171233130850253e-09
1342167521072459779,neutral,0.3483776439259413
1342167521584173058,negative,0.0019130383600395756
1342167522624348160,positive,0.8567642649968916
1342167523156963329,neutral,0.5533970533999424
1342167524302082049,negative,0.0018089831172252648
1342167524872515586,neutral,0.3483776439259413
1342167526025920518,negative,0.028387754637568395
1342167527162580993,negative,0.2906278741030604
1342167527242297344,negative,8.515087045096324e-06
1342167528706105345,negative,0.0010427729243528215
1342167528798347268,neutral,0.4428158579128249
1342167529721102338,negative,0.11225409447591672
1342167530111180801,negative,0.10748340578636688
1342167532879405057,negative,0.02312814423556466
1342167534364196864,negative,0.008566861788800222
1342167534825517056,neutral,0.49789225920557484
1342167536339714051,negative,0.002745298738113449
1342167536645906436,neutral,0.49178886988063825
1342167537291812864,negative,0.010376407107325812
1342167537476395010,neutral,0.4106002839832022
1342167538919219203,negative,0.06367759586691789
1342167538994728960,positive,0.9996679469659898
1342167539078602752,neutral,0.4232078962494373
1342167539896430598,negative,0.06124177979665343
1342167541154775043,negative,0.00017582172268412865
1342167541381287936,negative,0.0059250161298649885
1342167541939134464,negative,0.13997518181407745
1342167542471733251,positive,0.9527121972217604
1342167543776161792,negative,0.01072136387044308
1342167544715649029,negative,1.6734281074416479e-10
1342167545307140096,negative,0.0007750273695323411
1342167545558695936,negative,0.02902189840142555
1342167545672069120,negative,0.008255408773844912
1342167545948766208,neutral,0.42414631138837583
1342167545957281792,negative,0.004551295411253584
1342167546825482247,negative,2.4192825159812025e-05
1342167546825498624,neutral,0.47878153849390703
1342167547890831360,negative,0.07012912088702614
1342167548255735811,negative,0.0015670605006237704
1342167548381573122,negative,0.004300878492222307
1342167549300060162,negative,0.012139398354467137
1342167549383946245,negative,0.04275548090686738
1342167549715378177,negative,0.0069571137892871044
1342167551325986816,negative,0.0010427729243528215
1342167551363657736,neutral,0.5429568159326034
1342167551543898112,negative,0.027289744188104013
1342167552273874946,negative,0.008002740267951025
1342167553007890435,negative,0.3055950302665505
1342167554337419264,negative,0.24398894882092176
1342167554677207040,negative,0.21921412548362115
1342167555188924423,negative,0.039618878194647024
1342167555713208322,neutral,0.49789225920557484
1342167558544371713,negative,0.00741627213827822
1342167558879924225,negative,0.27538537887707226
1342167559093805057,negative,0.0006511462771957673
1342167559618121742,positive,0.7526915867528582
1342167561287434240,negative,0.11182245947334335
1342167562516238336,negative,0.02110438221067509
1342167562734292992,negative,8.515087045096324e-06
1342167562994544643,negative,4.128650826309591e-06
1342167564181524480,negative,0.000571812841904101
1342167564428967936,negative,0.044028962481555516
1342167565624352771,positive,0.9161244451393431
1342167566064775169,negative,0.05352475611900498
1342167566178017286,negative,0.03697112031558666
1342167566224121856,neutral,0.40963621765893793
1342167566802939905,negative,6.931156849122233e-07
1342167566865887236,negative,0.0001123780949996407
1342167567306162182,negative,0.0012802493548384288
1342167568057053186,negative,0.02717075761627244
1342167568321277953,negative,4.809222782592279e-06
1342167568644263936,negative,0.25859321333047897
1342167568761511936,negative,0.027289744188104013
1342167568879153154,negative,0.06349256163192335
1342167568904298499,negative,0.12962009069807864
1342167569235632128,negative,0.008808420921481947
1342167569386463233,neutral,0.5136446707795853
1342167569680093184,negative,0.27538537887707226
1342167569688649728,negative,0.12188388017780136
1342167569717809152,negative,8.515087045096324e-06
1342167570636562432,negative,0.2440627135962128
1342167570745602049,negative,0.005024477676082971
1342167570774978561,negative,0.05879877175333563
1342167571898970112,negative,0.1740105501457912
1342167572893073408,negative,0.23475993127835598
1342167573526417408,negative,0.0013736607776306993
1342167574029676544,neutral,0.3593672214136314
1342167575124447234,negative,0.0018523242836531377
1342167575304818690,negative,0.005194596826563236
1342167575564849152,negative,0.135407346783139
1342167575745146882,negative,0.04664866983234521
1342167575808016386,negative,0.017286836009129967
1342167577028681733,negative,0.27538537887707226
1342167577943007232,negative,0.0069571137892871044
1342167578534440960,negative,0.009655167226292012
1342167578676965376,negative,0.04249568391387761
1342167579272613889,negative,0.006202615490413685
1342167579750612997,negative,0.1246724060697978
1342167579830276096,negative,0.21099448388804026
1342167580019216387,negative,0.0012445089043806013
1342167580908408833,negative,7.382731725420572e-05
1342167581327765505,negative,0.0004152667246791648
1342167581893959685,negative,0.005447757490260875
1342167581982076928,negative,7.790507802725432e-08
1342167583332696067,negative,0.004344451066169066
1342167583680679936,negative,0.009655167226292012
1342167583840202753,negative,0.010821739943380863
1342167586977570817,negative,0.009087159101972653
1342167587166314500,negative,0.012487335807890914
1342167588353298433,neutral,0.4513605618894927
1342167588391034880,positive,0.6858422861470111
1342167589594664960,negative,0.10684836538332702
1342167592681652231,negative,0.013016721627495122
1342167595282292736,negative,0.040085448305713804
1342167599015202826,positive,0.9477931060999414
1342167600839667715,negative,0.0057942270187252495
1342167601078820869,negative,0.014205827926210534
1342167601502445569,negative,0.3020135550609068
1342167602756542464,negative,0.0006005728458958753
1342167606015438848,negative,0.07192298659144568
1342167608469172225,negative,0.09182517808455813
1342167616358666243,negative,0.020515268780260432
1342167619353370627,negative,3.7780426723534714e-06
1342167620842356737,negative,0.00017582172268412865
1342167620917866497,negative,0.00044286331715456817
1342167622436139011,neutral,0.49789225920557484
1342167622469738498,negative,0.02049828370112842
1342167625829396488,negative,0.0002768796278208597
1342167628912144384,neutral,0.49789225920557484
1342167628945772545,negative,0.09650438558214808
1342167630430482440,negative,0.0015361393601096727
1342167631063822343,neutral,0.602706519713112
1342167633664339969,negative,0.027289744188104013
1342167635006468097,negative,2.65146003207386e-11
1342167635874734081,negative,0.008808420921481947
1342167637661380608,negative,0.23543130029508239
1342167639486042114,negative,0.000995166421902675
1342167639553171461,negative,0.16220841502066088
1342167640861782018,neutral,0.36419865356423775
1342167641557925890,negative,4.540937017501673e-05
1342167642224914434,negative,0.009087159101972653
1342167642279469063,negative,1.7161990852840349e-07
1342167643122524172,negative,1.2597656913674487e-05
1342167644062052352,negative,0.0034706007257613906
1342167644468867072,negative,3.304796448134809e-07
1342167644640784385,negative,0.029514311437453873
1342167645886554113,negative,0.009087159101972653
1342167646901596161,negative,0.009087159101972653
1342167655894175744,negative,2.1040532893882265e-05
1342167655977926656,negative,0.012487335807890914
1342167656405712898,negative,0.020585018147393653
1342167658595282946,neutral,0.37972288750832
1342167660159774720,negative,0.032489782460064794
1342167660214317056,neutral,0.6342223244482552
1342167662865117185,negative,0.002016559111491992
1342167664148537344,negative,0.054327400666022506
1342167665411055616,negative,1.969347829912821e-07
1342167665801093122,negative,0.004659287533457635
1342167666098843648,negative,0.11935951334984464
1342167666237304835,negative,0.00017582172268412865
1342167667298496513,negative,0.0006005728458958753
1342167667881488384,negative,0.004551295411253584
1342167668158156801,negative,0.049666510544263735
1342167668468703232,negative,2.5121438989909344e-08
1342167668707745797,negative,0.16532172419126437
1342167668766502915,neutral,0.41027510726960736
1342167669030744064,negative,0.027289744188104013
1342167669622124548,negative,6.369793593198295e-05
1342167671383740417,negative,0.010639922217857901
1342167672604258310,negative,3.48942654303239e-05
1342167673199861762,negative,5.667585845313686e-06
1342167675699560448,negative,0.0010427729243528215
1342167677029281794,negative,2.300374431093866e-14
1342167677264138240,neutral,0.36693669880798785
1342167677398175745,negative,0.057100421758971884
1342167677717123073,neutral,0.4525299360032805
1342167677868122112,negative,3.278294161387196e-08
1342167680074326018,negative,0.11924197513035559
1342167680845897729,negative,0.013560139515206638
1342167680934141954,neutral,0.49789225920557484
1342167681038880770,negative,0.005194596826563236
1342167681202606081,positive,0.8652093784784579
1342167681240334341,negative,0.27538537887707226
1342167684356694016,negative,0.0005224297164610095
1342167684675497985,negative,0.011490537435018785
1342167684964904961,negative,1.2114722476918681e-06
1342167685157842945,neutral,0.4739607432362514
1342167686869037058,negative,0.008808420921481947
1342167687179497472,negative,0.07626195659662535
1342167688576167937,negative,4.99427822956203e-05
1342167688760725507,negative,1.556394904672757e-14
1342167688894951428,neutral,0.49789225920557484
1342167689532473345,negative,0.004551295411253584
1342167689616384002,negative,0.0012445089043806013
1342167690908196864,negative,1.2114722476918681e-06
1342167691839365124,neutral,0.5887973398928581
1342167692405571585,positive,0.7574855916161893
1342167692413968385,negative,0.0016984442996489809
1342167695274479626,negative,0.0489507802090073
1342167696058806273,negative,1.0852662056030897e-05
1342167696411156488,negative,0.027804090872741338
1342167696516009985,negative,0.00014941900849267363
1342167697962876928,positive,0.9996679469659898
1342167698332123137,negative,8.073077315193917e-06
1342167699322003463,negative,0.004300878492222307
1342167702094409733,negative,0.11877470539134265
1342167703319175170,negative,0.03955895747702713
1342167704585838592,negative,4.415798782751594e-06
1342167704988487683,neutral,0.5293700225891195
1342167705542135810,negative,0.31820487300311295
1342167706422943745,negative,7.30774934935384e-05
1342167708587208704,neutral,0.33408016559741066
1342167709031800832,negative,0.036377453552920824
1342167709212147714,negative,0.003433871264966067
1342167709375725579,neutral,0.5719667601049264
1342167709799342081,negative,1.2137587316032155e-05
1342167710143275009,negative,0.15027735684144033
1342167710185172992,negative,0.027289744188104013
1342167713469358080,positive,0.8257495659992234
1342167713582616582,negative,0.10015783156613926
1342167713964285954,negative,0.04164257938099828
1342167714526355459,negative,0.08489680505845233
1342167715839156237,negative,0.0011597606408592861
1342167715998556166,negative,0.0005513534658065328
1342167716065652742,negative,0.010952761807428038
1342167716464111616,negative,0.005228835084970561
1342167717399433218,negative,3.792379489848801e-05
1342167717554614274,negative,0.1393634348361401
1342167718468972546,negative,0.0069571137892871044
1342167718594801665,negative,0.014304625946128531
1342167721782468608,negative,0.03085414369409259
1342167722625527809,negative,0.0030995000722488673
1342167723036581892,negative,0.3065384401439763
1342167723397308422,negative,0.08280710762818498
1342167724231950336,negative,0.0006005728458958753
1342167724240162822,negative,0.0021116303739656416
1342167724278108163,neutral,0.5006086376065693
1342167725779660802,neutral,0.4307183874968668
1342167725989359616,negative,0.004551295411253584
1342167726517846016,negative,0.02312814423556466
1342167727071404032,negative,0.000599717164030576
1342167727465750529,negative,0.005058963611082928
1342167727855820803,negative,0.3031385932436478
1342167727860031488,neutral,0.33154948527274436
1342167728199790596,negative,1.2137587316032155e-05
1342167728522743808,negative,0.01029060481677257
1342167730082836480,negative,0.271155428753468
1342167730586312705,negative,0.004551295411253584
1342167731626508292,negative,0.000725745494711989
1342167732062707714,negative,0.12496011671710894
1342167732104671233,negative,0.027289744188104013
1342167732788330498,negative,1.5430961551002625e-06
1342167734055038982,negative,0.03845309961145903
1342167737016180738,negative,0.008808420921481947
1342167738190598149,negative,0.0012833408549627295
1342167738261889026,neutral,0.5533970533999424
1342167738383540225,negative,9.388297085945043e-08
1342167739016871936,negative,0.028387754637568395
1342167739331473416,positive,0.6677874166264792
1342167740447031296,negative,0.16532172419126437
1342167740606517250,negative,6.07498177659172e-07
1342167742468792321,neutral,0.49789225920557484
1342167742523334656,negative,0.004551295411253584
1342167743001288704,negative,8.515087045096324e-06
1342167745006329861,negative,0.0006921882089939948
1342167745136308225,negative,0.19608385064557662
1342167745287360515,negative,0.19557510550941523
1342167747506163713,negative,0.1966199295047864
1342167748558905344,negative,0.014425713493889014
1342167748831547395,neutral,0.47878153849390703
1342167748902858758,negative,3.150854893794217e-05
1342167749129351168,negative,0.009087159101972653
1342167751243259905,negative,0.00044286331715456817
1342167751570419712,negative,0.0007212255536393351
1342167754057670662,negative,0.004551295411253584
1342167754409967622,negative,7.219399210988782e-05
1342167754720350209,negative,0.04709649694172177
1342167755726925825,negative,0.009087159101972653
1342167755810856961,negative,6.1179592958648214e-06
1342167756435824640,positive,0.8488784103859388
1342167757056569344,negative,0.0011768004593389217
1342167757266313223,negative,0.00363036381272472
1342167759065649154,negative,0.0010644999634382916
1342167761200537602,negative,2.9172193560661095e-05
1342167761288617987,negative,0.14331315212720452
1342167761460588548,negative,0.15237137935820858
1342167761687031813,negative,0.002015496263949388
1342167762123300864,negative,0.027289744188104013
1342167762408513537,negative,1.2137587316032155e-05
1342167763243180034,negative,5.067111439135553e-05
1342167764643893248,negative,0.024904705414051206
1342167764706811904,negative,0.0046847547004872665
1342167765260636161,negative,0.0069571137892871044
1342167766116155394,negative,0.006100086787408851
1342167767512920070,negative,4.429319665962582e-07
1342167768343445505,positive,0.9732629776140882
1342167768968425472,neutral,0.49789225920557484
1342167769148747777,negative,0.00496209807916895
1342167769924694016,negative,0.0021116303739656416
1342167775691862016,negative,0.003779146388340002
1342167779399630848,negative,0.1421285473626745
1342167780603408386,negative,0.02049828370112842
1342167783770095621,negative,0.26998396930137675
1342167784579543040,negative,0.005111300165372873
1342167785158438921,negative,3.240242071956066e-05
1342167786429292546,negative,1.4703206043699218e-14
1342167789063315456,neutral,0.49789225920557484
1342167789654605824,negative,0.011596964255212673
1342167790732541952,positive,0.7690323542192896
1342167790849966082,positive,0.7690323542192896
1342167793085591559,negative,0.010821739943380863
1342167793702211584,negative,0.00016434109790774393
1342167794859827203,negative,0.020639999384725407
1342167796835180544,negative,0.027289744188104013
1342167797019848708,negative,0.1292159702898144
1342167802199896070,negative,0.054327400666022506
1342167803428823043,negative,0.005194596826563236
1342167805072912385,negative,0.0003082441436803875
1342167806020890624,negative,0.0005615360448839102
1342167806155104257,negative,0.09323451912612976
1342167807618781186,negative,0.027289744188104013
1342167809518936070,negative,0.19565389531612792
1342167810504585216,negative,0.010196467705648098
1342167811154591746,negative,0.015250856288488128
1342167812115222534,negative,0.03799144489604533
1342167816355528704,negative,0.0003082441436803875
1342167818402328578,negative,1.1799024330240125e-06
1342167820818382850,negative,0.22580351901837561
1342167823955750914,negative,0.0005760498126914107
1342167826199699456,negative,0.0021116303739656416
1342167827407663107,positive,0.9633894245446962
1342167827810308098,negative,0.0008652683737108112
1342167828774805504,negative,0.027289744188104013
1342167831736164353,negative,0.016464699376844857
1342167833057370113,negative,0.025742826521775772
1342167833770418177,neutral,0.5743452650545291
1342167834588303360,negative,0.006856817884097307
1342167835389419521,negative,0.0004937608211401926
1342167838019096579,negative,0.02863318724722656
1342167838866464768,negative,0.002745298738113449
1342167838904213505,negative,0.2575391030086804
1342167839566868480,neutral,0.49789225920557484
1342167842498752513,negative,0.0016487249759915975
1342167844981792768,negative,0.023935061713839537
1342167845548007425,negative,0.0061736663236543615
1342167847741530112,negative,0.0006004748683393548
1342167847871672322,negative,0.009655167226292012
1342167848358182917,neutral,0.4529542544172304
1342167849952018437,negative,0.00017924746284146969
1342167850845405184,negative,0.05352475611900498
1342167850971254785,negative,0.0014049083005648528
1342167853018050562,negative,0.21569075774450533
1342167853307465728,negative,7.30774934935384e-05
1342167856017006595,negative,0.019937376697177028
1342167857015173120,negative,7.30774934935384e-05
1342167857640189952,negative,0.16532172419126437
1342167859670224896,negative,1.2137587316032155e-05
1342167860089679872,negative,3.9259394345539184e-08
1342167860760743936,negative,0.0021116303739656416
1342167860945309696,negative,0.22932161304872203
1342167862153256963,negative,0.09293319905771173
1342167864514670600,negative,0.005228835084970561
1342167865491910657,negative,0.01374538234118982
1342167865823285248,neutral,0.46657776193795414
1342167866779570176,negative,0.010529572938233395
1342167867475832838,negative,0.0013682440566681502
1342167868390031360,negative,0.05528446120294227
1342167868809613313,negative,0.25499147284105506
1342167869560414212,neutral,0.4445795426361821
1342167870470500357,negative,0.035572993044047235
1342167870529302529,negative,0.002659265519222923
1342167870575415297,negative,7.000968158929942e-05
1342167870898364417,negative,0.020343258905918104
1342167872894873602,negative,0.009087159101972653
1342167873083613191,negative,0.09083831547319245
1342167873578553345,negative,2.8638378129123312e-05
1342167874497085440,negative,0.15884973808023384
1342167876468416512,negative,0.15237137935820858
1342167877072388104,negative,0.00021150508835675644
1342167877458292736,negative,0.014921409828964609
1342167877806411776,negative,0.04484789677779327
1342167877936427010,negative,0.058953509185247416
1342167878804635648,positive,0.8521579246449539
1342167879379275776,negative,3.142822654108156e-05
1342167881182814208,negative,0.027289744188104013
1342167882524930048,negative,0.0005339887325765245
1342167882973786112,negative,0.0007929404103188511
1342167883011424258,negative,8.211889602318726e-05
1342167883368067076,negative,0.17685735683631632
1342167883800080388,negative,0.02312814423556466
1342167883938455555,negative,0.04364359716942757
1342167885012197380,negative,1.6734281074416479e-10
1342167885339353094,negative,0.0018523242836531377
1342167886497017861,negative,0.00013537672663052353
1342167887310704643,negative,0.2906278741030604
1342167887683878912,negative,0.00019307818095221253
1342167887734337538,negative,0.004551295411253584
1342167889453920256,negative,1.6734281074416479e-10
1342167889630138368,negative,0.27538537887707226
1342167889680478208,negative,0.0010427729243528215
1342167889831362560,negative,0.005488672836214202
1342167890775207937,negative,1.971819346891015e-08
1342167891014258695,negative,0.013721923908731734
1342167893593583616,negative,0.14995922938884051
1342167895640596482,negative,0.19005784194020545
1342167895837712385,negative,0.0006200594099677314
1342167898975035393,negative,8.515087045096324e-06
1342167899604074499,negative,0.14870227111570603
1342167899935547395,negative,0.057100421758971884
1342167902447955968,negative,0.01184685681938217
1342167902624096258,negative,0.004962184566245722
1342167902745743360,negative,0.14898442605960124
1342167903135784966,negative,0.03513664696641658
1342167903332950018,neutral,0.3974213499431172
1342167903458656256,negative,0.009655167226292012
1342167904012304385,negative,0.11870504339496742
1342167904893218821,negative,0.04267201060939213
1342167906130518017,negative,0.0019701163141624444
1342167906868727810,negative,0.009655167226292012
1342167907271376899,negative,0.00741627213827822
1342167907581755395,negative,0.02312814423556466
1342167907782914048,negative,0.00044286331715456817
1342167908022149121,negative,0.07147181554608086
1342167908546437128,negative,0.13036130171474938
1342167910526103552,negative,0.023761307131839292
1342167912178724865,negative,0.005447757490260875
1342167912577118209,negative,0.009655167226292012
1342167912593776640,negative,0.011300965085588576
1342167912832970752,positive,0.9646577737108679
1342167913940340738,negative,0.0010427729243528215
1342167914573606913,neutral,0.4201460604539288
1342167915290898438,positive,0.6759984472503278
1342167916578533377,negative,0.11924197513035559
1342167918667296769,neutral,0.4705026239168581
1342167919564828673,negative,0.02312814423556466
1342167920424546305,negative,0.0002504447156214334
1342167920684756997,negative,0.04730004651005011
1342167921359953923,negative,0.0010427729243528215
1342167921829814275,negative,0.02329323645236039
1342167922903543813,negative,8.660885953504397e-09
1342167923171885056,negative,0.026338822838549537
1342167923759050752,negative,0.00786564792879575
1342167924094738434,negative,0.0009303077126836922
1342167925449486338,negative,6.369793593198295e-05
1342167926628081677,negative,0.008741412232689864
1342167927324356608,negative,0.15237137935820858
1342167927836078081,negative,0.029990337928314893
1342167928419004416,negative,0.03300297064347458
1342167929413111812,negative,0.01615575654303187
1342167929656324099,negative,0.2715890215523467
1342167929975144448,negative,0.030156355607536264
1342167931841609728,negative,0.15884973808023384
1342167932714033153,negative,0.025642197114280806
1342167933334773763,negative,0.002576292134737333
1342167934404358145,positive,0.9996679469659898
1342167934530170881,negative,0.020699081618015792
1342167934563704837,negative,0.0002643556029157335
1342167935876534273,neutral,0.5743452650545291
1342167936224661514,neutral,0.5990412970074819
1342167936346202112,negative,0.16065176599954598
1342167936551825409,negative,0.0012445089043806013
1342167937009000448,negative,0.12051426822318673
1342167937604530176,negative,9.02041240711841e-05
1342167937885622274,negative,0.021625781630707195
1342167939588509697,negative,0.15884973808023384
1342167939680759810,negative,1.2114722476918681e-06
1342167939835965441,negative,0.1993897838586877
1342167941274591241,neutral,0.6342223244482552
1342167941547220992,negative,0.001293980158378744
1342167942050566147,negative,0.1588130266250678
1342167942293815300,negative,1.6048394341916115e-06
1342167945372438532,negative,0.031489123559982284
1342167945531727872,negative,0.15315169210353094
1342167945544425472,negative,0.0020378667306271783
1342167946240667649,negative,0.28148940479207024
1342167947817586688,neutral,0.4737554465528978
1342167947851276290,negative,2.3353177621170415e-06
1342167948375576577,negative,5.092465759297654e-06
1342167948568489989,negative,0.03862794139167232
1342167948589490176,positive,0.8488784103859388
1342167948627238914,negative,0.0012802493548384288
1342167948878884864,negative,6.220463506324334e-05
1342167949730312193,negative,0.012139398354467137
1342167950741139457,negative,0.0012445089043806013
1342167951089283078,negative,0.16728598242115678
1342167953136099328,negative,0.15237137935820858
1342167953379368961,negative,0.00045577905385702075
1342167954272575488,positive,0.9994844200183108
1342167955182931968,neutral,0.36387732922359883
1342167957569478656,negative,0.010821739943380863
1342167958194434048,positive,0.6763106721355309
1342167959276556289,neutral,0.46127768308170247
1342167961080111113,negative,0.04751351469438221
1342167961138847744,negative,0.05352475611900498
1342167961935732739,negative,0.1340060805468331
1342167962288062471,negative,0.003566906859200871
1342167962720071686,neutral,0.42179982041745157
1342167964829814790,negative,0.25465762674164444
1342167965416865792,negative,0.0008366303324921977
1342167966209757184,negative,0.039362063073630604
1342167967551918080,positive,0.6801322476447066
1342167973633658880,negative,0.2725711704844482
1342167975386894339,negative,0.0016984442996489809
1342167975521099776,negative,3.658613995472522e-05
1342167979405045760,negative,4.019076869087209e-05
1342167980239556609,negative,0.027289744188104013
1342167980394893312,negative,0.00017582172268412865
1342167981326004225,negative,0.001418777675527965
1342167981892247554,negative,0.0016487249759915975
1342167984094277632,negative,0.000725745494711989
1342167985557934081,negative,0.01579581020763852
1342167986660986880,negative,0.24056659662226232
1342167987260977152,negative,0.003566906859200871
1342167989580423173,negative,0.013411746451017137
1342167989634924545,negative,0.0021116303739656416
1342167990318624769,negative,0.011577458924265685
1342167997708906501,negative,0.00044286331715456817
1342167997939654659,negative,0.05106637002907062
1342167999931969543,negative,0.12938338242195166
1342168001597104129,negative,0.0013617187394454782
1342168002121379841,negative,0.10571251369851921
1342168002477830152,negative,0.0006004748683393548
1342168003794841603,negative,0.00015377840065926743
1342168006730936320,neutral,0.4525299360032805
1342168007183917057,negative,0.009655167226292012
1342168007494266888,negative,0.0057942270187252495
1342168009876467712,negative,0.027289744188104013
1342168011780841472,negative,0.00016944346885281543
1342168013332762624,neutral,0.5743452650545291
1342168015199199232,negative,0.052450804249639285
1342168015790632964,negative,2.484619099199247e-06
1342168015916290048,negative,0.010706368727839864
1342168016310693888,negative,0.00016944346885281543
1342168016621023234,neutral,0.49789225920557484
1342168020341452809,negative,0.00016944346885281543
1342168023751278592,negative,0.00021909519392193167
1342168024388956160,negative,1.1799024330240125e-06
1342168024950956039,negative,0.003496328831290306
1342168026091810818,negative,0.1867728272343913
1342168032018386945,negative,0.009655167226292012
1342168032194473984,negative,0.0025232933163969185
1342168033796775938,neutral,0.49789225920557484
1342168036749537283,neutral,0.49789225920557484
1342168037127020547,neutral,0.37792052420004885
1342168037315801088,negative,0.26076950668447035
1342168038339129346,negative,0.0015139269604806875
1342168038867656704,negative,0.000312506276401769
1342168040482500608,negative,0.09646578667338862
1342168040725651456,positive,0.6701707154799821
1342168042571255808,negative,0.02312814423556466
1342168044429340673,negative,0.0012445089043806013
1342168044450312193,positive,0.6701707154799821
1342168045117124609,negative,0.004551295411253584
1342168045217787917,negative,0.1393634348361401
1342168045226094592,negative,0.0002911247259412175
1342168045448519681,negative,0.0018715508636037398
1342168045570166787,negative,0.0013309581222396769
1342168046048337923,negative,0.0069571137892871044
1342168048430624768,neutral,0.48728019602140255
1342168049596694535,negative,0.2819411170673034
1342168049613479936,negative,3.792379489848801e-05
1342168050485882881,negative,0.06860125404503985
1342168050582183936,negative,0.0008570736431206998
1342168051471548416,neutral,0.3499352441185855
1342168051760975873,positive,0.7526915867528582
1342168053761634309,negative,0.0015670605006237704
1342168054202032129,negative,0.010929883898686639
1342168054537588737,negative,0.016464699376844857
1342168055279923201,negative,1.1924715322219083e-07
1342168056945119233,neutral,0.3418980862760095
1342168057037381633,positive,0.6858422861470111
1342168057628798982,neutral,0.49789225920557484
1342168057943371777,negative,0.0012556272042652328
1342168059839213570,negative,0.19940462675071685
1342168060283727875,negative,8.515087045096324e-06
1342168061806309377,neutral,0.4505138789577287
1342168061860843521,negative,0.08721786287901044
1342168062485803011,negative,0.21879952739180128
1342168063312060416,negative,0.0022623664943696954
1342168063588777985,neutral,0.5533970533999424
1342168065132408832,negative,7.891777478212922e-05
1342168066789171204,negative,0.13951650369066312
1342168067237945344,negative,8.515087045096324e-06
1342168067246338048,negative,0.006717863609062453
1342168067892252686,negative,0.005228835084970561
1342168068311691264,negative,0.11456597163922502
1342168068831797252,negative,0.017624131186556497
1342168070413029376,negative,0.0010427729243528215
1342168071004426242,neutral,0.33456245161920783
1342168071092506630,negative,0.009320282918774387
1342168071285444609,neutral,0.538122721878351
1342168071327383554,negative,0.00045701546201009957
1342168072522706944,negative,0.014205827926210534
1342168075148423169,negative,0.0051932906889877485
1342168076918419458,neutral,0.49789225920557484
1342168077874712577,negative,0.11274546250037179
1342168077899857921,negative,0.21921412548362115
1342168078042476545,negative,0.00044097011498462144
1342168078898098179,neutral,0.5533970533999424
1342168079028150272,negative,0.21047953907773329
1342168080001232901,neutral,0.3499352441185855
1342168080269668352,negative,0.015155107296918732
1342168080814903296,negative,2.859808232102758e-10
1342168083054682115,neutral,0.3358218310945649
1342168083394424833,negative,0.057155399161158776
1342168083914493959,negative,0.21314684965000438
1342168084048719873,negative,0.1133311187984604
1342168087106228224,negative,0.0002504447156214334
1342168087509000194,negative,0.003566906859200871
1342168088008122374,negative,7.724385857557249e-05
1342168088960241669,negative,0.057100421758971884
1342168089744576512,neutral,0.47878153849390703
1342168090730262528,negative,0.016464699376844857
1342168091812392963,neutral,0.4507454498615163
1342168092328210432,negative,0.25859321333047897
1342168092365836288,negative,0.016464699376844857
1342168092974186496,negative,0.0012445089043806013
1342168095218139138,negative,0.0017727986450412393
1342168095419486208,negative,0.25675835552680515
1342168095440449541,negative,8.04690288874911e-06
1342168095490760706,negative,6.220463506324334e-05
1342168097042571264,negative,0.16532172419126437
1342168099844485121,negative,0.0612365408530818
1342168100549111809,negative,0.04733189936611493
1342168100914032647,negative,0.003823216609832848
1342168102063235072,neutral,0.5030332264438171
1342168103212486657,negative,0.011092601218865615
1342168103241846784,neutral,0.5807091473200857
1342168104735014913,negative,0.0021116303739656416
1342168105326432259,negative,1.1370303066524047e-09
1342168105422880770,negative,4.036853116920424e-05
1342168105452269573,positive,0.9470328016864982
1342168105842335745,negative,0.028883334796173155
1342168106010087426,negative,7.299820794927044e-10
1342168106555338759,negative,0.00013639833230407833
1342168106622455810,negative,6.220463506324334e-05
1342168107184500737,negative,0.07762680840992346
1342168107654242304,negative,1.1924715322219083e-07
1342168107767361536,positive,0.8488784103859388
1342168109193555971,negative,0.0011312809503045524
1342168109562515457,negative,0.0038248402924192606
1342168109990506496,negative,0.3195796750813212
1342168111592697862,negative,0.013411746451017137
1342168111701766149,negative,0.08338066276014179
1342168112687419394,negative,2.344036120934809e-07
1342168113413058566,negative,0.018223727094134636
1342168113798914048,negative,0.00017582172268412865
1342168113941536769,neutral,0.49874252736183783
1342168114360954882,negative,0.15237137935820858
1342168115518517248,negative,0.0029740434006208477
1342168115757674497,negative,0.034168297047262965
1342168116768468993,negative,0.04890172617829769
1342168116911083523,neutral,0.5618203305081889
1342168116969791490,negative,0.006336406175103249
1342168117632507904,negative,0.04668869569348924
1342168118827888641,negative,0.00015284304333025158
1342168119050170368,negative,0.011833243553977763
1342168119163441152,negative,0.002745298738113449
1342168120081997826,negative,0.06526381363581847
1342168120253767680,negative,2.8871328257833084e-05
1342168120253964296,negative,0.04668869569348924
1342168120790839296,negative,0.0010959743852221853
1342168121122062339,negative,0.027289744188104013
1342168121168125954,negative,0.0010427729243528215
1342168121419984896,neutral,0.6414055404796543
1342168121831022593,negative,0.20812266801304832
1342168122481106945,negative,0.049395411612299336
1342168122648891394,negative,0.02312814423556466
1342168124158664704,negative,0.054658602293514276
1342168124301467650,negative,0.005341352532337548
1342168124846714883,negative,0.25679148305861244
1342168125031264256,negative,0.00015354529515407845
1342168126088241154,negative,0.04733189936611493
1342168127551975430,negative,1.6734281074416479e-10
1342168129863081988,positive,0.6759984472503278
1342168129988743168,negative,0.0016984442996489809
1342168130207047680,negative,2.9323728478094176e-05
1342168130597122053,negative,2.9162894037981953e-06
1342168132882980866,negative,0.05528446120294227
1342168133222735872,negative,0.15884973808023384
1342168133835104263,negative,0.006853540525886101
1342168135097577472,negative,0.027102233978469
1342168135630204928,neutral,0.49789225920557484
1342168137052147712,negative,0.1680227582397592
1342168137182150667,negative,0.006090637631782576
1342168138436251650,negative,0.004300878492222307
1342168139069579264,positive,0.9996679469659898
1342168139853922306,negative,0.07192298659144568
1342168139862167553,negative,0.012487335807890914
1342168139946209281,negative,0.008336322857227373
1342168140772478976,negative,4.540937017501673e-05
1342168141414215688,negative,0.26114959672350807
1342168141858799618,negative,0.011538404096376137
1342168143318249472,negative,0.010616396294061576
1342168144660504576,negative,0.02329323645236039
1342168144996130819,neutral,0.6182096771999085
1342168145042300929,negative,0.007347493239808604
1342168146111823877,negative,1.6734281074416479e-10
1342168147089108992,negative,0.12188388017780136
1342168148129304576,negative,0.0005339887325765245
1342168148393533441,negative,0.1768880552443879
1342168149119160321,negative,0.00014514724975225697
1342168150285160450,negative,8.515087045096324e-06
1342168151254044674,negative,0.0021116303739656416
1342168151337955329,positive,0.9834318072995013
1342168153464459265,negative,0.31464876257673563
1342168153636352001,negative,0.15237137935820858
1342168153665761281,negative,0.00015595348100467762
1342168154881986560,negative,0.0016984442996489809
1342168155263803392,negative,0.01184685681938217
1342168156253642752,negative,0.03342717553821877
1342168156421414913,negative,3.090142768551724e-05
1342168156694052865,negative,0.08437613153631827
1342168156782137346,negative,6.046486790017601e-06
1342168157524520960,negative,0.26076950668447035
1342168158048825344,negative,3.4352127814284926e-06
1342168158476632064,negative,0.0003356739674628079
1342168158799601666,negative,0.13997518181407745
1342153060139868163,negative,0.23204439629778126
1342153060152463360,negative,0.16449484553473848
1342153060651450369,negative,0.006222986392862875
1342153061360422920,negative,0.003754922842818227
1342153061414924289,negative,3.310683175119457e-07
1342153061477752834,negative,0.000622226764362719
1342153061561724934,negative,0.0010340186553881125
1342153061880348673,negative,5.2389765818964045e-08
1342153061926580224,negative,0.0063209912407332135
1342153062056566785,negative,0.010913431004332586
1342153062081851392,negative,0.1308397696225194
1342153062316695553,negative,0.012185893643287291
1342153063319134211,negative,0.001494514294993664
1342153063520321537,negative,0.01827747203061456
1342153063725817856,neutral,0.49889586443228384
1342153063797288962,negative,0.10099092355046088
1342153063914643456,negative,0.12215352467315432
1342153064350932993,negative,0.0007141381328975625
1342153064543883264,negative,0.1783558324803077
1342153065521156098,negative,0.0011131539826603845
1342153065693110274,negative,1.1780228391674013e-05
1342153065986727942,negative,0.14836194272664419
1342153066473160704,negative,0.0041800687245598005
1342153066640887811,negative,3.5057020001265457e-06
1342153067303759874,negative,0.03545591623875788
1342153067463139328,neutral,0.46313866204890203
1342153067601358849,negative,0.17391761695589428
1342153067744129025,negative,0.1908445595452158
1342153067957927937,negative,0.17609326874924427
1342153068008382464,negative,0.019015187323869337
1342153068633227264,negative,0.12215352467315432
1342153068910034944,negative,0.0005230936685936248
1342153069136670721,negative,5.922547718245522e-07
1342153069438496770,negative,0.00018510467004554613
1342153069509939202,negative,0.007101449852114288
1342153069514031104,negative,0.0029197749757536675
1342153069656739844,negative,0.11174682333775156
1342153070621425665,positive,0.863814643834973
1342153073419055105,negative,0.005402080475203208
1342153075029667843,negative,0.0045774114226911815
1342153079865675778,negative,0.0014366523071083642
1342153080230522880,negative,0.0018355635363020658
1342153080817786880,negative,0.008413475745480313
1342153081153314818,negative,0.06500556243651341
1342153083556667397,negative,0.004849585118641502
1342153088052957184,negative,7.730486191552276e-06
1342153094029836296,negative,0.05392573136096403
1342153103030841345,negative,0.19680673729255732
1342153103743696896,negative,0.0009696381140808314
1342153105274789889,negative,0.0812148074563168
1342153107174809600,negative,3.562567561363936e-05
1342153115722772486,negative,0.016427604373005056
1342153117786374144,negative,0.00358547456446316
1342153122702106624,negative,0.25805208054783624
1342153125319352320,negative,0.0005760498126914107
1342153137746952194,neutral,0.6149732941538079
1342153139114414080,neutral,0.49789225920557484
1342153139349311488,negative,0.0009390832590088655
1342153139466727434,positive,0.8440728986871372
1342153139831631873,negative,0.15429214955441606
1342153140821499910,negative,0.15429214955441606
1342153142935412737,negative,0.21302405603466956
1342153144114020356,negative,0.0004036356967443948
1342153147112976384,neutral,0.4507454498615163
1342153159993647105,negative,0.0010953235578725579
1342153161289641985,neutral,0.6149732941538079
1342153163059712007,negative,0.00026593730973828585
1342153166398382084,negative,0.016427604373005056
1342153168638144512,negative,0.0060171394668596355
1342153170416513024,negative,2.5268087960753883e-06
1342153173679665152,negative,0.21901725198202554
1342153175172853761,negative,0.04959092861816812
1342153178247290880,neutral,0.4124978880348714
1342153182659702784,negative,0.011791452389450587
1342153187441205248,negative,0.00020967023426541852
1342153193032200205,neutral,0.5439449538568903
1342153194948841472,negative,0.10485090916396043
1342153197100666880,negative,0.03678490086509826
1342153197721448448,negative,0.11660102989248922
1342153198056984576,neutral,0.3361871092816013
1342153198094712832,negative,7.730486191552276e-06
1342153199155884033,negative,0.005278936585530884
1342153200426749952,negative,0.00029498464628365954
1342153201953472514,negative,0.0002063585244107183
1342153208823746562,negative,2.107827787278375e-05
1342153213445857280,negative,0.00025851919782632853
1342153214431551489,negative,0.05169254575153569
1342153216960704513,negative,0.0006112161034774829
1342153217556287488,negative,0.21901725198202554
1342153223226974208,negative,0.13652893567515634
1342153223625433090,neutral,0.3996410507851217
1342153224518852612,negative,0.21848807364948974
1342153228226596865,negative,0.005924989400574274
1342153231145840642,negative,0.0045774114226911815
1342153232894844934,negative,0.00043073579626383825
1342153234685820930,neutral,0.6489077768764223
1342153237797990401,negative,0.01495873906527669
1342153238662012929,negative,0.014358076694591477
1342153241296035840,negative,0.0019241885275253473
1342153244232003593,positive,0.7938329005762129
1342153246677360641,negative,0.0009390832590088655
1342153249755959296,negative,0.12703271384507175
1342153256689086465,negative,0.0004036356967443948
1342153260275277825,negative,4.055460131204836e-05
1342153262154326022,neutral,0.49789225920557484
1342153270903656449,negative,0.0009390832590088655
1342153273118232576,negative,0.01756370722917524
1342153276775661573,negative,0.07549498158943185
1342153278071701505,negative,0.00020967023426541852
1342153283507531776,negative,0.12215352467315432
1342153284895780864,positive,0.999964554792106
1342153285290094592,negative,0.14494835861419644
1342153286611169280,neutral,0.6149732941538079
1342153304063811590,negative,0.00010929572952831055
1342153306668490754,negative,8.721269468323858e-06
1342153311626129412,negative,0.07549498158943185
1342153312204951553,negative,0.0003543641606013108
1342153312209006593,negative,0.005696451160059441
1342153312288657412,negative,0.07686731100283865
1342153312301244416,negative,0.0004135253538812238
1342153312347385856,negative,0.002922498121819276
1342153312364183552,negative,0.002922498121819276
1342153312423079936,negative,0.0062070257543752946
1342153312444035072,negative,0.002922498121819276
1342153312490168322,negative,0.002922498121819276
1342153312573874176,negative,0.002922498121819276
1342153312720875521,negative,0.002922498121819276
1342153314411180032,negative,0.016427604373005056
1342153318114742274,negative,0.00013307810503670927
1342153319142322176,negative,0.21809278637772703
1342153323827392512,negative,0.11619948362835777
1342153324993404928,neutral,0.49889586443228384
1342153327174365184,negative,7.730486191552276e-06
1342153327820226561,negative,0.026141447373646893
1342153329044942854,neutral,0.482201304938554
1342153329791520770,negative,0.026141447373646893
1342153330617966594,positive,0.9987445381280793
1342153336854876161,negative,0.016427604373005056
1342153337161076744,negative,0.0006832830193695865
1342153338540982272,negative,0.016427604373005056
1342153339434360834,negative,0.0004036356967443948
1342153340512301058,negative,0.10899390743525875
1342153341565087744,negative,0.008617636745420432
1342153345407086601,negative,0.21809278637772703
1342153346061271041,positive,0.6841542545573537
1342153350238842880,neutral,0.42061797120876077
1342153354525478913,negative,0.0015452780100241067
1342153356593274881,negative,0.011724737227430823
1342153357029486595,negative,1.123512135675131e-05
1342153357528543233,negative,7.133396246351998e-08
1342153371822809092,negative,1.0898094602219755e-05
1342153376440737793,negative,0.007849951493161722
1342153379921985538,negative,0.03171493986472626
1342153381209665540,negative,0.05231444469153519
1342153385659801603,negative,0.04044377807070712
1342153386494488578,negative,0.1536170899345221
1342153387933134849,negative,0.0008067471435549648
1342153390541975553,negative,0.0004036356967443948
1342153403137310720,neutral,0.39558505159011065
1342153404139896832,negative,3.9986725133443186e-05
1342153404911661057,negative,0.0029694655467261966
1342153409147895810,negative,0.016427604373005056
1342153409428942848,neutral,0.3843001421959583
1342153413811965953,negative,0.02641126108909998
1342153419193282563,neutral,0.6149732941538079
1342153424868159491,negative,7.730486191552276e-06
1342153430559825922,negative,0.04061265328327092
1342153431788777474,negative,4.432005328455098e-05
1342153433537798148,negative,0.027156120462707614
1342153433705549828,negative,0.08834293873121958
1342153434464714753,negative,0.04061265328327092
1342153438684180483,negative,0.06426464958996005
1342153442232586242,negative,0.1868434597429399
1342153444501712899,negative,0.02828035524846502
1342153455025201153,negative,0.0013842806220476002
1342153459731148805,negative,0.004849585118641502
1342153461807407106,negative,0.02777376449268362
1342153472083419137,negative,0.0006832830193695865
1342153485966602240,negative,0.0005760498126914107
1342153490404093960,neutral,0.6149732941538079
1342153491729543180,negative,0.05231444469153519
1342153492337668101,negative,7.730486191552276e-06
1342153496007766016,negative,0.06156100502183778
1342153497664516098,negative,0.016427604373005056
1342153500868939776,negative,7.583946704452217e-05
1342153500894003203,neutral,0.49889586443228384
1342153506061496322,negative,0.06122915700825566
1342153506900353026,negative,0.007727545285299784
1342153508922003458,neutral,0.4076670781044594
1342153511153389576,negative,0.13701458536568323
1342153519986577408,negative,0.008767690214382238
1342153520703795200,negative,0.0812148074563168
1342153527582310400,neutral,0.6149732941538079
1342153532691144704,negative,0.00010929572952831055
1342154209681166339,negative,0.009915330295003391
1342154212889812994,negative,0.04582055343602761
1342154216060678145,negative,0.17260615242312957
1342154218094932065,negative,0.07985828305497003
1342154221974675456,negative,0.03171493986472626
1342154223979524096,negative,0.0006882629575688258
1342154225460146176,negative,8.060915861224426e-05
1342154231839682561,negative,0.1808381791238687
1342154232481247232,positive,0.8059410165459497
1342154234528223235,negative,0.1885649404484406
1342154237292240897,negative,0.01787050211934944
1342154238068215809,negative,0.0017591945307067188
1342154238244352002,negative,0.01144476773670799
1342154240542859273,negative,0.15429214955441606
1342154241289412609,negative,0.0045774114226911815
1342154248423936000,negative,0.0898153039844926
1342154254866391042,neutral,0.6489077768764223
1342154257571704834,negative,0.006112180904382101
1342154266446876672,negative,7.730486191552276e-06
1342154279466004482,negative,0.0027154657102283044
1342154284796882944,negative,0.009915330295003391
1342154286109700098,negative,0.016427604373005056
1342154292656963584,negative,0.07549498158943185
1342154295861530626,negative,0.00246745230919186
1342154298851995648,negative,0.1885649404484406
1342154301901312002,negative,0.1758366948485248
1342154304384331783,negative,0.17260615242312957
1342154305697144837,neutral,0.49789225920557484
1342154306997334016,negative,0.016917380996999163
1342154308041768963,negative,0.00015900178216507563
1342154312882008065,negative,0.10869141308289534
1342154313540497409,negative,0.004849585118641502
1342154319060152322,negative,0.19721832196237293
1342154319131508738,negative,0.001023493341243043
1342154323535519746,negative,0.06912067988297922
1342154331416453121,negative,0.002908512070420462
1342154336789557248,negative,1.074455302805247e-07
1342154345408843776,negative,0.1885649404484406
1342154347090767872,negative,0.0045774114226911815
1342154354346885120,negative,0.08157387124419958
1342154354430763016,negative,0.01787050211934944
1342154354795622403,negative,0.016427604373005056
1342154362026680324,negative,0.05231444469153519
1342154362886479872,negative,0.004440145880942217
1342154365939970050,negative,0.26545944637530294
1342154366145454082,negative,0.003346357637476809
1342154374445985792,neutral,0.634874937680905
1342154380028604418,negative,0.009915330295003391
1342154383295983617,neutral,0.6149732941538079
1342154390187225088,negative,0.13669859306895044
1342154392116539393,negative,0.06156100502183778
1342154395136503808,negative,0.016427604373005056
1342154396327673856,negative,2.896033362434217e-05
1342154400656199682,neutral,0.5747304135188571
1342154401767706624,negative,0.02596206441778372
1342154405236387840,negative,0.2128764107902931
1342154405534171141,neutral,0.6149732941538079
1342154406075260928,negative,0.0006882629575688258
1342154406771499012,negative,0.012733965306920133
1342154408755425282,negative,0.08485424348358173
1342154410743500800,negative,0.004440145880942217
1342154414648389632,negative,0.06280685983190057
1342154414732292097,negative,5.778769624960695e-06
1342154416863010817,negative,0.006947514587975822
1342154421581574144,negative,0.0008067471435549648
1342154422953140228,negative,0.08229321783333356
1342154428921511936,neutral,0.6149732941538079
1342154428980326403,negative,7.730486191552276e-06
1342154429915660293,negative,0.031960071364401293
1342154433363369984,negative,6.9011145926193635e-06
1342154433413611521,neutral,0.6149732941538079
1342154435443744768,negative,0.006947514587975822
1342154437809364994,negative,0.004849585118641502
1342154441638739968,negative,0.0006882629575688258
1342154443710726145,negative,0.0007328298223729838
1342154446298632192,negative,0.0005262944461097826
1342154446340583424,negative,0.038319508171627874
1342154447573626881,positive,0.9997435592868792
1342154450719412226,negative,7.730486191552276e-06
1342154451466014722,neutral,0.6489077768764223
1342154451520466951,negative,0.016427604373005056
1342154452115943425,negative,0.002908512070420462
1342154454926147585,neutral,0.6149732941538079
1342154455391887361,negative,0.008413475745480313
1342154464732602377,negative,0.03171493986472626
1342154464954822657,negative,7.730486191552276e-06
1342154466913619968,negative,0.00023937018287392096
1342154469216280581,negative,0.006112180904382101
1342154469572800514,negative,0.028487716350038314
1342154477529391104,negative,0.0006882629575688258
1342154478745755650,negative,0.009915330295003391
1342154486056419330,negative,0.0022848969623079306
1342154493752967176,negative,0.0004036356967443948
1342154496831606786,negative,0.0021711828321665616
1342154497750134786,negative,1.8441048799552402e-06
1342154501344677888,neutral,0.6149732941538079
1342154502900748289,neutral,0.47938291792966214
1342154507006967814,negative,5.007555471494483e-05
1342154516309946372,negative,0.00013358721481142687
1342154520109965314,negative,0.2546916305421647
1342154521720614912,negative,0.05231444469153519
1342154525029916681,negative,0.06209534922246444
1342154527580053504,negative,0.00010929572952831055
1342154528272113664,positive,0.9949529599960212
1342154531728142336,negative,0.19721832196237293
1342154533460443138,negative,0.06838091240989712
1342154534425145345,negative,0.007645255270188219
1342154535989616640,neutral,0.47371072416927557
1342154537134645248,negative,0.14730090764154566
1342154539449921541,negative,0.016427604373005056
1342154539479277568,positive,0.9035200816345156
1342154540313935874,negative,0.02828035524846502
1342154548232728578,negative,0.0033611042645070592
1342154551420452864,negative,0.004008645416748683
1342154556256509952,negative,0.06838091240989712
1342154558471081984,negative,1.448418113791393e-06
1342154560236904449,negative,2.7208840995306853e-05
1342154567904096257,positive,0.8503508872400729
1342154568826834946,negative,0.004849585118641502
1342154569451790337,neutral,0.6149732941538079
1342154570454224897,neutral,0.5030332264438171
1342154570961735680,negative,0.21901725198202554
1342154571683143681,negative,0.016427604373005056
1342154572211564545,negative,0.005693783817968256
1342154573046108160,neutral,0.6149732941538079
1342154573352415232,negative,0.016427604373005056
1342154574728196100,negative,0.06838091240989712
1342154576418529280,positive,0.7627843246566761
1342154577525813250,neutral,0.49789225920557484
1342154577538387969,negative,0.002908512070420462
1342154577576128514,negative,0.06838091240989712
1342154579149004812,neutral,0.6146984457876195
1342154579815837698,negative,0.0535336582481822
1342154580147265536,negative,0.021405105170253135
1342154581502025729,negative,0.06838091240989712
1342154583725002753,negative,0.010120877405290097
1342154590217621504,positive,0.8969456702006511
1342154601026482176,negative,0.016427604373005056
1342154601315921928,negative,0.00333061607930336
1342154601521442817,negative,0.006112180904382101
1342154609624813569,negative,0.018727681076169633
1342154615069020160,negative,0.007821101776274111
1342154616344084480,negative,7.730486191552276e-06
1342154617073905667,negative,0.0045774114226911815
1342154618160209920,negative,0.06426464958996005
1342154625504452608,negative,0.0022584372706955635
1342154627316379649,negative,0.016427604373005056
1342154632076947459,positive,0.9167930014418997
1342154644726947841,negative,0.048568638992229976
1342154648036253698,negative,0.01684880621090605
1342154648367603712,negative,0.1885649404484406
1342154650636722176,negative,7.730486191552276e-06
1342154650921918466,negative,0.1383095468544553
1342154657351819264,negative,1.971706395361356e-05
1342154664289193984,negative,0.10737494083399977
1342154664888979457,negative,0.0037536406126107563
1342154665173995522,neutral,0.6149732941538079
1342154668294643712,negative,0.007645255270188219
1342154675471216641,negative,0.14132013971068658
1342154678398832642,positive,0.9326364557407526
1342154700272128002,negative,0.10737494083399977
1342154707398254594,negative,0.006518674433990193
1342154707943510016,negative,0.0004340650124943067
1342154711600869378,negative,0.006112180904382101
1342154713215729665,neutral,0.3813872840564904
1342154716478894082,negative,0.022555295659749775
1342154716625707009,negative,0.024769145499666724
1342154722686476288,negative,0.010238788539524554
1342154725467299845,negative,0.001883728356994285
1342154727581216768,negative,0.00020967023426541852
1342154727807717376,negative,0.06838091240989712
1342154728013234178,positive,0.7532134131289993
1342154730282356737,negative,0.016427604373005056
1342154730940870658,negative,0.011724737227430823
1342154734141112326,negative,0.06838091240989712
1342154735399395329,negative,0.0011092493736279904
1342154736884195328,negative,0.18268704660282686
1342154738918424577,negative,0.006947514587975822
1342154741065920513,negative,0.003770972298402505
1342154749295153154,negative,0.01130536739368902
1342154749861371911,negative,0.1017560438077668
1342154755955699714,negative,0.10476314953070094
1342154757465583616,negative,0.015828303903701678
1342154771847905286,neutral,0.4496962766777865
1342154773601120258,negative,0.00333061607930336
1342154773655654407,negative,4.1994308648404197e-07
1342154778512658433,negative,0.006947514587975822
1342154788058894337,negative,0.06838091240989712
1342154789543669760,negative,0.0060171394668596355
1342154789745008643,negative,0.0004036356967443948
1342154791812796419,negative,0.14836194272664419
1342154792097951751,negative,7.730486191552276e-06
1342154795407319045,negative,0.014358076694591477
1342154797999337472,negative,0.09434550444613607
1342154798884397059,negative,0.04116740167356112
1342154801694593029,negative,0.2529064798317195
1342154806052458496,negative,0.040407012337111164
1342154806455111685,neutral,0.6591358054024148
1342154810922070018,negative,0.06838091240989712
1342154813556076547,negative,0.03171493986472626
1342154825232879616,positive,0.8440728986871372
1342154833772556288,negative,0.0019742200850810976
1342154838528974852,negative,0.06838091240989712
1342154844795232259,positive,0.7627843246566761
1342154847852916736,negative,0.001763940758612599
1342154848872050696,positive,0.924610866246359
1342154853469007872,negative,1.3961774228997817e-05
1342154854962253825,negative,0.009915330295003391
1342154857483018241,negative,0.05307515052829047
1342154859945066502,negative,0.07177275466301433
1342154860272214016,positive,0.7627843246566761
1342154861266272258,neutral,0.4469203531611031
1342154864944685057,negative,0.00154905267733395
1342154869831045121,positive,0.8440728986871372
1342154877242368008,negative,0.05392573136096403
1342154878081249280,positive,0.7090549627724281
1342154896192245762,negative,0.00016005668247766127
1342154896532008960,negative,0.21901725198202554
1342154897735737345,negative,0.10476314953070094
1342154905574899715,negative,0.006112180904382101
1342154907030315009,negative,1.1457327044838058e-05
1342154909047656454,negative,7.730486191552276e-06
1342154913808183299,neutral,0.6149732941538079
1342154925166346240,negative,0.00246745230919186
1342154925518761986,negative,0.06280685983190057
1342154925615312898,negative,0.1899886911624473
1342154929528401921,negative,6.776060076663814e-05
1342154931516661761,negative,0.06838091240989712
1342154936298188805,negative,0.03012334538685346
1342154936751161344,negative,0.017695225146092283
1342154944250601472,negative,0.06838091240989712
1342154944770666497,negative,0.011551954598823608
1342154958267805697,negative,0.002908512070420462
1342154958704095232,negative,0.024909403706761393
1342154964068655105,neutral,0.42507619662732005
1342154967663206400,negative,0.016283777880554406
1342154968095207430,negative,0.06280685983190057
1342154969869398021,neutral,0.48728019602140255
1342154971270279171,negative,7.730486191552276e-06
1342154972746674179,neutral,0.6149732941538079
1342154974034329600,neutral,0.6149732941538079
1342154977855340546,negative,0.0660418561132996
1342154981953183750,negative,0.007645255270188219
1342154988106084353,negative,0.1888305519202755
1342154990333403136,negative,0.0018111569415601016
1342154992627675136,neutral,0.6149732941538079
1342154995383365636,negative,0.21809278637772703
1342155004010967042,negative,0.009915330295003391
1342155004203986944,negative,0.12234250735432527
1342155004392722437,negative,0.016427604373005056
1342155008733806593,negative,0.0019742200850810976
1342155011384508418,negative,0.00878745316334417
1342155012357689346,negative,0.016427604373005056
1342155014404501504,negative,0.016427604373005056
1342155014551179264,neutral,0.6149732941538079
1342155021388029964,neutral,0.6496597445600726
1342155029839556608,negative,0.016427604373005056
1342155035317334018,negative,0.007645255270188219
1342155035438952448,negative,0.16169099762394964
1342155035606740998,negative,0.17204466643831717
1342155040111419392,negative,0.00333061607930336
1342155041571041280,neutral,0.4496962766777865
1342155041738731521,neutral,0.3428393741674494
1342155044238618625,neutral,0.4496962766777865
1342155050513297408,negative,0.06838091240989712
1342155052765556736,negative,0.011294525222212984
1342155054783066116,negative,0.00041069962016034554
1342155056884428804,negative,0.0016565748650120599
1342155063964405762,negative,0.0037536406126107563
1342155070784364546,neutral,0.4496962766777865
1342155073565184000,negative,0.1387688413340769
1342155073942552579,negative,0.04722631195310048
1342155074106085381,neutral,0.4469203531611031
1342155074890559490,neutral,0.6489077768764223
1342155075968491520,negative,0.0018075673521616906
1342155082423525385,negative,0.20771934817642312
1342155083266600966,neutral,0.6149732941538079
1342155085024030722,negative,7.730486191552276e-06
1342155097955033092,negative,7.730486191552276e-06
1342155100823937024,negative,0.05231444469153519
1342155102757523463,neutral,0.4496962766777865
1342155107593498625,negative,0.0003191298261997219
1342155109615210500,negative,7.730486191552276e-06
1342155115873054720,negative,0.00565567464584825
1342155118934978568,negative,0.022555295659749775
1342155122156122112,positive,0.8440728986871372
1342155122995056640,negative,0.0414572307814461
1342155123657682946,positive,0.7112264328727067
1342155127944318977,negative,0.017392441369152183
1342155128179216384,negative,0.06434188342464102
1342155129512980482,negative,7.730486191552276e-06
1342155129886289923,negative,0.21901725198202554
1342155133929578497,negative,0.06838091240989712
1342155135749926912,negative,0.016427604373005056
1342155140833431552,negative,0.024769145499666724
1342155151029665792,negative,7.730486191552276e-06
1342155155484061696,negative,0.0006448097064976099
1342155156041859072,negative,0.1793969097739255
1342155159921684482,negative,0.07900737518496617
1342155160089452548,negative,7.730486191552276e-06
1342155170357116929,negative,2.9743865011477644e-06
1342155176875057153,negative,0.003413067213581349
1342155177147699205,negative,0.06838091240989712
1342155177810419717,negative,0.06280685983190057
1342155179651694594,negative,0.02038719333603169
1342155183850020865,neutral,0.47371072416927557
1342155191982895106,negative,0.06838091240989712
1342155197322293253,negative,0.0812148074563168
1342155199880769536,neutral,0.48834448802556185
1342155205383651329,negative,0.010661153825122408
1342155205761265665,negative,8.156538338385766e-05
1342155211754897410,negative,0.010913431004332586
1342155212291715073,negative,0.2554237590193843
1342155214682529793,negative,0.1885649404484406
1342155215764598789,negative,0.000544232929637341
1342155218969096192,negative,0.0004036356967443948
1342155223377260546,positive,0.9842251242965311
1342155224996327426,negative,0.10476314953070094
1342155229257723905,negative,0.1443358948057152
1342155235616239616,neutral,0.48834448802556185
1342155236291584000,positive,0.924610866246359
1342155236912340999,negative,0.2065039542893785
1342155246508929027,negative,7.471812035972628e-05
1342155253182062593,negative,0.06280685983190057
1342155253723131910,negative,0.0001717660758399364
1342155255610568707,negative,0.016427604373005056
1342155264540237825,negative,0.0006832830193695865
1342155265190326275,negative,0.0001717660758399364
1342155274124144642,neutral,0.4496962766777865
1342155274208108544,negative,0.06838091240989712
1342155285637562369,neutral,0.4496962766777865
1342155288439361539,negative,0.21809278637772703
1342155288842018818,neutral,0.5889985281664868
1342155289076912129,positive,0.9841974294124558
1342155290670673926,negative,0.21901725198202554
1342155297834606593,negative,0.02551768110510739
1342155299625594881,negative,0.01690401719921307
1342155303668875264,negative,0.15429214955441606
1342155304667148289,negative,0.03171493986472626
1342155305086578689,negative,0.011724737227430823
1342155310371397633,negative,0.00014815836483001937
1342155315530358784,negative,0.008386291742570783
1342155315907854338,negative,0.10448412100558871
1342155317111615490,negative,0.016427604373005056
1342155321989603328,negative,0.0002268256957532265
1342155324363567104,negative,0.07149912232046188
1342155335470088192,negative,0.01684880621090605
1342155336426254338,negative,0.0007534950560485067
1342155336686460929,negative,0.06838091240989712
1342155339601350656,negative,0.0007534950560485067
1342155340075458563,negative,0.10476314953070094
1342155342139027457,neutral,0.48834448802556185
1342155345259446272,negative,0.2366534126402184
1342155345905520644,negative,0.016427604373005056
1342155352738058240,neutral,0.48834448802556185
1342155354935853058,negative,0.02828035524846502
1342155361722257411,negative,7.730486191552276e-06
1342155364024918017,neutral,0.5114798912478379
1342155369099874307,negative,0.0054557099536124845
1342155371599847428,negative,7.730486191552276e-06
1342155372115750912,negative,0.00019941967542738074
1342155380391112704,negative,0.022555295659749775
1342155394207150081,negative,0.0019742200850810976
1342155400800567297,negative,0.014541756000355508
1342155401635225602,negative,0.007370035473894685
1342155404013432832,negative,0.004849585118641502
1342155406269952000,negative,2.0901863247039914e-10
1342155407347888130,negative,0.06838091240989712
1342155415916724224,negative,1.3961774228997817e-05
1342155423114211329,neutral,0.6149732941538079
1342155426645778432,negative,1.3961774228997817e-05
1342155429757894657,positive,0.9999797267972933
1342155433222537217,negative,2.847321604334183e-05
1342155438213611521,negative,1.3961774228997817e-05
1342155443024621573,neutral,0.5646816220814923
1342155451002220544,negative,0.004849585118641502
1342155451421630464,negative,0.0370452617474349
1342155452575064071,negative,0.0011239300153703697
1342155454550577152,negative,0.0017877834888341522
1342155472586088449,negative,0.016427604373005056
1342155486808973312,negative,0.09892453120095498
1342155488419577856,negative,0.016427604373005056
1342155489656897537,negative,0.31251327812974533
1342155491976351749,negative,0.019082453908448597
1342155494748729347,negative,0.00023937018287392096
1342155495965126656,negative,0.00019941967542738074
1342155512201273344,neutral,0.5889985281664868
1342155514315206656,negative,0.010068550744372858
1342155515577528320,negative,0.016917380996999163
1342155525937623043,positive,0.9054697087071106
1342155527321743361,negative,0.21809278637772703
1342155527451791360,neutral,0.48834448802556185
1342155536486322179,neutral,0.3499352441185855
1342155539116130306,negative,0.0009390832590088655
1342155541099982849,negative,0.009432933930666874
1342155543528562688,negative,0.20935166489465376
1342155545474719744,negative,0.008325310648545796
1342155547286654976,negative,0.1343511606350944
1342155551334137862,negative,0.0027125436302571295
1342155551770357760,positive,0.8604910872707002
1342155559336816646,negative,0.02462312858866629
1342155563677986816,neutral,0.35989938327781584
1342155566530101252,negative,0.012030197821300874
1342155567217991681,negative,0.016427604373005056
1342155570393001984,negative,0.06838091240989712
1342155570560823296,negative,0.00678136489509398
1342155570787319809,negative,0.00020967023426541852
1342155572603400192,negative,0.022297713581097396
1342155576457920512,negative,0.0025756139517370425
1342155576797782016,negative,0.014511218469735824
1342155576835338241,negative,0.0008211553785167612
1342155577053519874,negative,0.0012764806193506244
1342155579645693952,negative,0.02735791693322759
1342155579880591361,negative,9.332941839806138e-07
1342155584016101377,negative,0.24276136543608273
1342155587723866120,neutral,0.6001193534424228
1342155589892386825,positive,0.9232488627221738
1342155589959430150,negative,0.06838091240989712
1342155591419092996,negative,0.215301271822243
1342155594522886148,negative,0.0005071319046707246
1342155596720721922,negative,7.730486191552276e-06
1342155598008344582,negative,0.19988783869584037
1342155600130666498,negative,0.1758366948485248
1342155601397346304,negative,0.0002902266036230519
1342155602894745601,negative,7.730486191552276e-06
1342155603456745478,neutral,0.6149732941538079
1342155604207558657,negative,0.00014815836483001937
1342155605478354947,negative,0.016427604373005056
1342155606258569217,negative,1.3961774228997817e-05
1342155608036958210,negative,0.0019742200850810976
1342155609152626692,negative,1.6824436943319093e-06
1342155609182007298,negative,0.0019742200850810976
1342155612151545863,negative,3.951946010447417e-07
1342155614168952832,negative,0.27781596414135684
1342155614299041795,negative,1.8909522946623827e-06
1342155615351820290,negative,0.06209534922246444
1342155626458329090,negative,0.0003355355386388716
1342155634125516800,negative,0.030816286510205185
1342155637254451212,positive,0.7108949274674653
1342155643164241922,negative,0.0011092493736279904
1342155645164744704,negative,0.016917380996999163
1342155646351912960,negative,7.730486191552276e-06
1342155646838452225,negative,0.00020967023426541852
1342155647295639554,negative,0.2581688033744144
1342155648922955778,negative,0.08089848607682482
1342155650793664520,negative,0.0013842806220476002
1342155652521750529,neutral,0.3499352441185855
1342155659161333762,negative,0.24934846987526132
1342155661568856065,negative,0.06156100502183778
1342155662286069762,neutral,0.43765406485033215
1342155666404864001,negative,0.003971097340794131
1342155672251736069,negative,0.014888389168082605
1342155672398553090,negative,1.3961774228997817e-05
1342155673958809600,negative,0.055677767582300176
1342155676039180288,negative,0.016427604373005056
1342155678312509443,negative,0.07213506132594845
1342155678790668289,negative,0.03025982271924802
1342155679872790528,neutral,0.6149732941538079
1342155688978608136,negative,0.06838091240989712
1342155693072261121,negative,0.02828035524846502
1342155694930325504,negative,0.0013483081445182137
1342155695731433473,negative,0.016427604373005056
1342155698692624384,negative,0.0993073571643928
1342155698910724097,negative,0.17260615242312957
1342155700756213760,negative,0.06838091240989712
1342155707865563137,negative,0.21901725198202554
1342155709362786305,negative,0.1888305519202755
1342155716522553345,negative,0.055677767582300176
1342155716640071681,negative,0.01684880621090605
1342155721664835594,negative,0.012614806483989433
1342155727008391171,negative,7.730486191552276e-06
1342155728551862275,negative,0.009915330295003391
1342155732041527296,negative,0.03959554322364189
1342155737276043265,negative,0.014511218469735824
1342155745794650114,positive,0.8245116999074925
1342155746159468544,negative,0.0054557099536124845
1342155746788651010,negative,0.008480300802903245
1342155751373082627,neutral,0.4496962766777865
1342155753189216258,neutral,0.47371072416927557
1342155754929852416,negative,1.4023087090852243e-06
1342155758411145221,neutral,0.6149732941538079
1342155762773188608,negative,0.09642068742422674
1342155764081827841,negative,0.031231833153341285
1342155767223382019,negative,0.055677767582300176
1342155768565559296,negative,0.002936714390820788
1342155774550827008,negative,0.00023549586388840057
1342155775100276736,negative,0.18769167292181038
1342155778451509251,negative,0.24276136543608273
1342155781341380609,neutral,0.48834448802556185
1342155782226391041,negative,0.016917380996999163
1342155784680046597,negative,2.1447847471719186e-10
1342155785971912704,negative,7.730486191552276e-06
1342155791349002241,negative,7.730486191552276e-06
1342155801306292224,neutral,0.6149732941538079
1342155803084660738,positive,0.7627843246566761
1342155806171688962,negative,0.07084224373280036
1342155807534837761,negative,0.022555295659749775
1342155808545583110,negative,0.06698784577515371
1342155810709843968,negative,0.06838091240989712
1342155813771735040,negative,0.055677767582300176
1342155816980328449,negative,0.0045774114226911815
1342155819257896964,negative,0.027339824762874363
1342155828640374784,negative,0.00013705496950067636
1342155829223567364,negative,0.03925212264752703
1342155830100156418,negative,0.0006882629575688258
1342155832847441922,negative,0.06156100502183778
1342155839436697601,negative,0.002443672716116266
1342155842888609794,negative,0.24276136543608273
1342155846265004034,negative,3.977411894459732e-06
1342155851184943107,negative,0.016427604373005056
1342155852099190786,negative,0.010792969564875871
1342155852497768448,negative,0.0005760498126914107
1342155855282712578,negative,0.0001238790067461083
1342155856536866819,neutral,0.4469203531611031
1342155859821027328,negative,1.452751931511745e-06
1342155861624578048,negative,0.010811808253485619
1342155862111088641,negative,7.730486191552276e-06
1342155863017058306,negative,0.016427604373005056
1342155871967731713,positive,0.8245116999074925
1342155876795342848,negative,0.010811808253485619
1342155879773298706,negative,1.652220895478302e-05
1342155881065148416,negative,0.055677767582300176
1342155885993451521,negative,0.016427604373005056
1342155886475833347,negative,0.230811478199403
1342155889533460482,negative,0.0006323610826382374
1342155890745630726,negative,0.24276136543608273
1342155891722887175,negative,1.9867513443824337e-05
1342155893908123651,negative,0.20116380495580247
1342155898244968451,positive,0.7112264328727067
1342155900358971394,negative,0.06485608946839828
1342155900426055680,neutral,0.3499352441185855
1342155909682892800,neutral,0.6149732941538079
1342155916687323136,negative,0.047343125308005815
1342155916775448578,negative,0.10655197050328317
1342155918474096645,neutral,0.3499352441185855
1342155918692249602,negative,0.014511218469735824
1342155923108851719,negative,0.03925212264752703
1342155923373105155,negative,0.001103853468346939
1342155926611095553,neutral,0.6149732941538079
1342155929907822595,negative,0.06838091240989712
1342155933175181312,negative,9.146502763194376e-05
1342155934508982275,negative,0.016427604373005056
1342155937847648256,negative,0.016427604373005056
1342155941379272704,negative,2.8526915631811103e-06
1342155950095007745,neutral,0.49789225920557484
1342155955438579712,negative,0.24276136543608273
1342155961830699010,negative,0.12215352467315432
1342155962006663169,positive,0.6973040239607897
1342155962346565635,negative,0.016427604373005056
1342155965458747393,negative,0.0812148074563168
1342155973931229189,neutral,0.4184888632202746
1342155979522240512,negative,0.016427604373005056
1342155982831575042,negative,0.047343125308005815
1342155986874859521,negative,0.055677767582300176
1342155990494490626,negative,0.06838091240989712
1342155994193915904,negative,0.21901725198202554
1342155999139024896,negative,0.0812148074563168
1342156020999708672,negative,0.24276136543608273
1342156024720072706,negative,0.24276136543608273
1342156025798004738,negative,0.1307717760361466
1342156028180369409,neutral,0.48834448802556185
1342156028876611584,positive,0.7108949274674653
1342156030155894785,negative,0.024769145499666724
1342156033540706307,neutral,0.6149732941538079
1342156038959718400,negative,0.009915330295003391
1342156039710502912,negative,0.026705428526173847
1342156040465477633,negative,0.010913431004332586
1342156040629080064,neutral,0.3499352441185855
1342156046236856320,negative,9.146502763194376e-05
1342156046270345221,negative,0.06426464958996005
1342156049441320966,negative,0.06695864543577425
1342156061680275459,negative,7.730486191552276e-06
1342156065782329346,negative,0.10476314953070094
1342156065950101504,negative,0.047343125308005815
1342156069091627009,negative,0.24934846987526132
1342156070744170500,negative,0.016427604373005056
1342156072258334729,negative,0.08834293873121958
1342156080328167425,negative,0.08668443325404453
1342156081468944385,negative,0.22383214724571712
1342156086321836034,negative,0.022555295659749775
1342156089740173313,neutral,0.6149732941538079
1342156092651008001,negative,0.00019941967542738074
1342156098288164866,negative,0.0019742200850810976
1342156106861342722,negative,7.686544759828536e-05
1342156109054963713,negative,0.24276136543608273
1342156109860249600,negative,0.17391761695589428
1342156111147905026,negative,6.646654624144954e-08
1342156128088678401,negative,0.047343125308005815
1342156128512323585,positive,0.7185463970985316
1342156132866023425,neutral,0.47638887177747796
1342156132996050947,negative,0.0004036356967443948
1342156133147025409,negative,0.11619948362835777
1342156135151898629,negative,0.06644341170790767
1342156137534259200,negative,1.183493661408483e-05
1342156142579998721,negative,0.03925212264752703
1342156149659938817,negative,0.0004036356967443948
1342156151593574403,negative,0.0016628658430238388
1342156153569083392,neutral,0.35781463567664235
1342156156526092290,negative,0.022555295659749775
1342156159386603521,neutral,0.3933207395559069
1342156161777332225,negative,0.0006189122697103648
1342156167552897033,negative,0.00020967023426541852
1342156175618564097,positive,0.7112264328727067
1342156177933803534,negative,0.06838091240989712
1342156181821915137,negative,0.009915330295003391
1342156182635474949,neutral,0.3933207395559069
1342156183059226625,negative,0.00397405921726647
1342156186595061761,negative,7.730486191552276e-06
1342156188012736513,negative,0.001230706545389211
1342156195872862209,negative,0.00358547456446316
1342156197357637637,neutral,0.4034898473271184
1342156198297088000,negative,0.1851207634969174
1342156204714373120,negative,0.047343125308005815
1342156207193264131,negative,8.721269468323858e-06
1342156209516929029,negative,0.016427604373005056
1342156217087614976,negative,6.059160054572681e-05
1342156219272847361,negative,0.24276136543608273
1342156228374503425,negative,0.0038329826589530045
1342156228449996801,negative,0.29676789564387285
1342156228798148609,negative,0.07504111504274476
1342156229376946178,negative,0.0004036356967443948
1342156229540540420,negative,0.18505441871810677
1342156232023535616,positive,0.9999214148499206
1342156233076305920,negative,0.0045774114226911815
1342156233378295810,neutral,0.49789225920557484
1342156234984742912,negative,0.09434550444613607
1342156238445031425,negative,0.009915330295003391
1342156239573315584,negative,0.2581688033744144
1342156242719010816,negative,0.01254403874371334
1342156249132109824,negative,0.012944069399452987
1342156250851774464,negative,0.016427604373005056
1342156258611228672,neutral,0.5889985281664868
1342156266576236544,negative,0.047343125308005815
1342156267910012928,negative,0.016427604373005056
1342156272041394177,negative,0.05693526451257971
1342156277020037121,negative,7.730486191552276e-06
1342156283135332358,negative,0.10701775880983606
1342156284695621633,negative,1.856133723664187e-11
1342156286075535360,neutral,0.34935417113440426
1342156295323979780,negative,0.016427604373005056
1342156297056235520,neutral,0.49789225920557484
1342156298553618434,neutral,0.4377896312766332
1342156299287613441,negative,0.009938411304574301
1342156308104024067,negative,0.009977584194156031
1342156315272085507,neutral,0.39488901902034046
1342156327439769601,negative,0.29676789564387285
1342156328630956043,neutral,0.3428393741674494
1342156337715834882,negative,0.016427604373005056
1342156338210762757,negative,0.1851207634969174
1342156338735050759,negative,0.016427604373005056
1342156340517425154,negative,0.32487682076984686
1342156344439160832,negative,0.13129397617013633
1342156351968063488,negative,0.0021711828321665616
1342156352634970112,negative,0.1758366948485248
1342156357089320961,positive,0.7627843246566761
1342156360880947200,negative,0.002223582581133386
1342156361724022784,negative,7.730486191552276e-06
1342156361858220039,negative,0.047343125308005815
1342156375972057089,negative,0.06863573685781306
1342156393072250884,negative,7.730486191552276e-06
1342156399845883905,negative,0.24276136543608273
1342156407097991170,negative,0.12703271384507175
1342156407517442050,negative,0.10476314953070094
1342156409090285569,negative,0.05107130326608964
1342156410361155584,negative,0.047343125308005815
1342156417629872133,negative,0.0031152850551612104
1342156418502324224,negative,0.010120877405290097
1342156424797941760,negative,0.0004575792619728452
1342156427394232320,negative,0.0033518624250862433
1342156433249464322,negative,0.016427604373005056
1342156444951400450,negative,0.0045774114226911815
1342156448353148928,negative,0.014541756000355508
1342156450869747712,negative,0.06686550420130144
1342156455567306755,negative,0.016427604373005056
1342156456079056897,negative,1.499271910111135e-07
1342156460759928832,negative,0.0019742200850810976
1342156466057326594,negative,1.8975814111394713e-05
1342156468955410437,positive,0.7108949274674653
1342156469714755585,negative,0.040407012337111164
1342156473334435841,negative,0.00022771646864578306
1342156474852626433,neutral,0.6149732941538079
1342156476773789698,neutral,0.3361871092816013
1342156477822345223,negative,0.32487682076984686
1342156480682844160,negative,0.0031152850551612104
1342156481328787456,negative,0.016427604373005056
1342156482792615936,negative,2.4780984061064914e-10
1342156489134321664,negative,0.00333061607930336
1342156490472357894,negative,0.06583226526723569
1342156492120719361,negative,0.022555295659749775
1342156494960254977,negative,0.24276136543608273
1342156496314970112,negative,0.27598249652355566
1342156497304711170,negative,0.07873159463601516
1342156505936781315,negative,7.730486191552276e-06
1342156506075193348,negative,0.006947514587975822
1342156508717588483,negative,0.1851207634969174
1342156510286196740,neutral,0.6107532106753689
1342156516946808832,negative,0.18505441871810677
1342156519454945291,negative,0.055677767582300176
1342156520235163652,negative,0.1851207634969174
1342156530972565504,positive,0.7112264328727067
1342156532302098432,negative,0.02924162324464547
1342156535217213444,negative,0.1851207634969174
1342156538060939265,negative,0.06156100502183778
1342156540275523593,negative,0.1758366948485248
1342156543370924032,negative,3.951946010447417e-07
1342156551059087360,negative,0.06583226526723569
1342156557824503808,negative,3.9464292681013117e-10
1342156558969556992,negative,0.17260615242312957
1342156560307519494,negative,0.047343125308005815
1342156564627599360,negative,6.405471219418096e-13
1342156564824805377,positive,0.7108949274674653
1342156574182178816,neutral,0.6149732941538079
1342156576208072704,negative,0.004849585118641502
1342156583057444864,positive,0.9587731198869118
1342156595522887682,negative,0.00014815836483001937
1342156596340797443,negative,0.17529916642176532
1342156596596662273,negative,0.06156100502183778
1342156596739239936,negative,0.01095171128086433
1342156605945753601,positive,0.9054697087071106
1342156608286187520,negative,0.0019742200850810976
1342156611297665030,neutral,0.3428393741674494
1342156612094537729,positive,0.7444127378451055
1342156619069747200,negative,0.001103853468346939
1342156619363315716,negative,0.013428396646316287
1342156629597450245,negative,0.02008309114079586
1342156629756817410,negative,0.047343125308005815
1342156634961940481,positive,0.924610866246359
1342156639160438787,neutral,0.6149732941538079
1342156639458258947,negative,0.018103846487255573
1342156642457157632,negative,0.1885649404484406
1342156653047721984,negative,0.0027994191387934403
1342156654624841729,negative,0.004566159868238153
1342156660488470528,negative,0.0016259108476810462
1342156666234662915,negative,0.016911524708535984
1342156681912803329,neutral,0.6149732941538079
1342156686635761664,negative,0.0045774114226911815
1342156690628685824,negative,0.047343125308005815
1342156691543126025,negative,0.00434166690314313
1342156691626991618,negative,0.12206938092935711
1342156694554603520,negative,0.17676924566137148
1342156694588190724,neutral,0.3996410507851217
1342156695640940544,negative,0.03925212264752703
1342156699860402176,negative,0.016427604373005056
1342156703769501698,positive,0.7137395370677896
1342156705279463424,negative,0.21901725198202554
1342156708047675392,negative,0.016427604373005056
1342156711398879234,negative,0.005330393077896591
1342156713072488450,negative,0.04358696029569309
1342156726699745281,positive,0.999999953870174
1342156728062914561,negative,0.11635749989020586
1342156728281026562,negative,0.00013857384023316575
1342156728931143681,negative,0.1975383921457794
1342156729639813120,negative,0.05231444469153519
1342156735159668741,negative,0.21646081919373003
1342156736904441862,positive,0.7630727119631733
1342156738267652098,negative,0.05231444469153519
1342156741417590785,negative,0.009915330295003391
1342156741807656962,negative,0.006518674433990193
1342156742747152385,negative,7.730486191552276e-06
1342156754591875080,neutral,0.4507454498615163
1342156754835156992,negative,0.15189062872096726
1342156757066514432,neutral,0.35781463567664235
1342156757544669185,positive,0.9998264530446582
1342156767988502528,negative,2.512766476521488e-06
1342156770765119488,neutral,0.3987880543238059
1342156776087695361,neutral,0.6149732941538079
1342156786619576326,negative,0.009915330295003391
1342156787844325382,neutral,0.36742492523419246
1342156792936230913,negative,0.30959136448090163
1342156796308430853,negative,0.004849585118641502
1342156798674022402,negative,0.2256522636868311
1342156800003461120,negative,0.000717119667258932
1342156806433464320,negative,0.21901725198202554
1342156807071014912,negative,0.18505441871810677
1342156817984610304,negative,0.00010947245712077611
1342156819762970633,positive,0.8916716687228807
1342156822074036224,negative,0.0021711828321665616
1342156835097210880,negative,0.0075193136960916476
1342156835122536450,negative,0.06525985409288595
1342156835151884298,negative,0.08774325499538353
1342156835239972865,positive,0.8231706765340543
1342156835273510914,negative,0.0015110968092096977
1342156835487444994,negative,0.030036944129129474
1342156839346167813,neutral,0.6149732941538079
1342156840470241283,negative,0.016427604373005056
1342156840625291264,neutral,0.6149732941538079
1342156843108478978,negative,0.3120329156721037
1342156843372707840,negative,0.0010907618228549157
1342156844387737600,neutral,0.6001193534424228
1342156845222387714,positive,0.9232488627221738
1342156848221151233,negative,0.06691513298139447
1342156848917606400,negative,0.005273403901687398
1342156851564175361,negative,0.1851207634969174
1342156852805726208,negative,0.022555295659749775
1342156854403756032,negative,0.0739867250001216
1342156855062179841,negative,0.002817707073802066
1342156855586512896,negative,0.047343125308005815
1342156856886702080,negative,3.571595703935469e-06
1342156860670017540,negative,0.06156100502183778
1342156861726973952,negative,1.737032953643561e-05
1342156864457469957,negative,0.00010929572952831055
1342156882627211270,negative,0.0029472737299055534
1342156883088519172,neutral,0.4377896312766332
1342156884296531968,negative,0.2513436890709877
1342156891267366912,negative,2.22215341568046e-05
1342156892144070669,negative,0.012833916258022568
1342156893058334720,negative,0.1851207634969174
1342156893809242113,negative,0.016427604373005056
1342156896363491337,negative,0.028069908623842697
1342156899547049985,negative,0.047343125308005815
1342156900889198598,negative,0.1885649404484406
1342156901832908800,negative,0.00015900178216507563
1342156911601397761,negative,0.0007534950560485067
1342156916953403398,negative,0.00020967023426541852
1342156917209235456,negative,0.00333061607930336
1342156920170426371,negative,0.006112180904382101
1342156921428729861,negative,0.016917380996999163
1342156922645045249,neutral,0.6149732941538079
1342156927887937540,negative,0.00010929572952831055
1342156929326575616,negative,0.029608885629010394
1342156930664554496,negative,0.023443003468745106
1342156936821825547,negative,1.883898449716569e-05
1342156939116081152,neutral,0.4496962766777865
1342156941385232391,negative,0.002936714390820788
1342156943226515457,negative,0.047343125308005815
1342156946191876096,negative,7.730486191552276e-06
1342156946372059136,negative,3.9688693741806244e-07
1342156946669850626,neutral,0.4334826516371357
1342156948372905988,negative,0.01819039563444655
1342156949480235011,negative,0.016427604373005056
1342156950323257345,negative,0.00671644490677031
1342156951107547139,negative,0.14132013971068658
1342156951409594370,negative,0.24276136543608273
1342156962201534464,negative,0.00987357422333088
1342156964755861507,negative,0.06275516413149126
1342156970267013120,neutral,0.6149732941538079
1342156970552385537,negative,6.300409082277558e-06
1342156971269640198,negative,0.0029694655467261966
1342156975422001152,negative,0.0024083180899975285
1342156994015322114,negative,0.1136407910832456
1342156996028616711,negative,0.047343125308005815
1342157008506646528,negative,0.022555295659749775
1342157008703778817,negative,0.000557685748588637
1342157014068310016,negative,0.07200648653365295
1342157015070760965,neutral,0.6149732941538079
1342157018036113409,negative,0.016427604373005056
1342157022666620930,negative,0.06426464958996005
1342157023199297536,negative,7.730486191552276e-06
1342157026974171137,negative,0.011043313175482065
1342157027087437825,negative,0.012533755007089298
1342157027527823360,negative,0.014511218469735824
1342157042992226306,negative,0.016427604373005056
1342157043986276353,negative,0.1885649404484406
1342157055143124994,positive,0.9986740424373525
1342157056233656324,negative,0.24934846987526132
1342157061099020289,negative,0.31717285976250015
1342157061631696911,negative,0.039400978545384276
1342157063795912708,neutral,0.3428393741674494
1342157064920039428,negative,0.047343125308005815
1342157066635509761,positive,0.7185463970985316
1342157073170255874,negative,0.3124922597217575
1342157082863263744,positive,0.7444127378451055
1342157083156901896,neutral,0.634874937680905
1342157085891571713,neutral,0.6149732941538079
1342157086755594244,negative,0.06280685983190057
1342157087330152450,negative,0.08834293873121958
1342157088613670912,negative,0.24276136543608273
1342157090656292864,negative,0.1851207634969174
1342157092204011520,negative,0.006112180904382101
1342157096834371584,negative,0.32487682076984686
1342157101095858180,negative,6.219309171865711e-12
1342157102685552641,negative,0.0019742200850810976
1342157103776067586,negative,0.028325444759044117
1342157107169267714,negative,0.003413067213581349
1342157109564084224,negative,0.0031840689868432343
1342157113863401472,negative,0.22217408988519743
1342157114261860354,negative,0.24276136543608273
1342157123900289024,negative,0.03171493986472626
1342157137221480449,neutral,0.6149732941538079
1342157138043527171,neutral,0.634874937680905
1342157142627901440,negative,0.006112180904382101
1342157147182952450,negative,0.023443003468745106
1342157148453801987,negative,0.2513436890709877
1342157154007064577,negative,0.047343125308005815
1342157154808115201,negative,0.0016259108476810462
1342157158775832577,negative,0.06838091240989712
1342157159166042113,negative,0.0489671898793958
1342157160986382336,negative,0.0002714952852844453
1342157991726997505,negative,0.21901725198202554
1342157996483375107,negative,0.0004036356967443948
1342158000014979073,neutral,0.36656206464134655
1342158007065403393,negative,0.0045774114226911815
1342158007388565504,negative,0.0812148074563168
1342158009687040002,negative,1.3136374775552137e-05
1342158012493033472,negative,0.06262099285864173
1342158013130559491,positive,0.9326364557407526
1342158015928139776,negative,0.06711886013676781
1342158017761046528,negative,0.047343125308005815
1342158023897313282,negative,0.009915330295003391
1342158025742815232,negative,0.0007053088486442716
1342158027617673220,negative,7.608338854722712e-05
1342158032940261376,negative,0.00020967023426541852
1342158043946115073,negative,0.30305727354273154
1342158048073306118,negative,0.02625916307141691
1342158051059576834,negative,0.013175001812663241
1342158055648030731,negative,0.0010756644140478304
1342158057959268353,negative,0.022297713581097396
1342158063894208516,negative,5.0268524261072094e-14
1342158064154259457,positive,0.9997969087304649
1342158067039936515,negative,0.06838091240989712
1342158068537307139,negative,0.017695225146092283
1342158069971578890,negative,0.08765667706082489
1342158072219918338,negative,0.0013774359200638977
1342158074434310144,neutral,0.6149732941538079
1342158081237532672,negative,0.08765667706082489
1342158082340745220,negative,4.987995025522656e-05
1342158082755993600,negative,7.730486191552276e-06
1342158083343179777,negative,0.018103846487255573
1342158088195944448,negative,0.015320462693009147
1342158093363392523,negative,0.06583226526723569
1342158093388566528,negative,0.1656138190034407
1342158093451472897,negative,0.0025853492111378345
1342158093493395457,negative,0.0009084618866540906
1342158093518434305,negative,0.0052346228676088315
1342158093577142273,negative,0.07415434191302107
1342158093690392576,neutral,0.5543466954458207
1342158100233650177,negative,0.016427604373005056
1342158104046219265,neutral,0.6040701188812475
1342158114636890114,positive,0.83433780635637
1342158115685478402,positive,0.9633123644891805
1342158116541116427,negative,0.24867134408926733
1342158117694558208,neutral,0.4035236715817254
1342158122304069632,negative,0.06156100502183778
1342158127022694401,negative,0.004748644017024375
1342158130470334465,neutral,0.6149732941538079
1342158147725701121,neutral,0.4496962766777865
1342158150993063943,negative,0.00013857384023316575
1342158152243048450,negative,0.010276673495227281
1342158152356270081,negative,0.1758366948485248
1342158155820765186,negative,0.005834113713886394
1342158157997469696,positive,0.9997969087304649
1342158158907781121,negative,0.005330393077896591
1342158159830544388,negative,0.02828035524846502
1342158161525043200,negative,5.969286072510534e-05
1342158170987393024,negative,0.03925212264752703
1342158181632520196,negative,0.016427604373005056
1342158181775024128,positive,0.9145470902074461
1342158188209201156,negative,0.01254403874371334
1342158190612512771,negative,0.1708638133984952
1342158193032654849,negative,2.5668908262744744e-05
1342158198158090248,negative,0.13228921954198236
1342158202327232513,negative,0.08849567055980566
1342158202587262976,negative,0.2256522636868311
1342158207637192704,negative,0.004849585118641502
1342158210078277635,negative,7.730486191552276e-06
1342158211336572929,negative,0.14132013971068658
1342158212070567940,negative,0.03171493986472626
1342158222791237633,negative,0.1237920764744117
1342158228336103427,positive,0.924610866246359
1342158231129513988,negative,0.05448240581708375
1342158231783825408,neutral,0.5949010459789893
1342158234707226634,negative,0.011242143301935268
1342158239094480899,neutral,0.3987880543238059
1342158245213986817,negative,0.022555295659749775
1342158249890639879,negative,0.027088773105964956
1342158260263133184,negative,0.01134688958600213
1342158260611137542,negative,0.0706528566680088
1342158263371132928,negative,0.0727251990030781
1342158265187229697,negative,0.030540770059747587
1342158269016645632,negative,0.0019742200850810976
1342158278160228352,negative,0.040407012337111164
1342158278961328135,positive,0.6778737406144473
1342158283881250817,negative,0.16727301820128387
1342158285735034880,negative,0.0706528566680088
1342158286745964547,negative,0.008982813340791079
1342158287874224130,negative,0.06426464958996005
1342158291196116993,positive,0.9896967697305836
1342158292366352384,negative,0.0727251990030781
1342158293289078786,negative,1.1639907009424208e-10
1342158297756037121,negative,0.016427604373005056
1342158299232256008,negative,0.0706528566680088
1342158303846137858,negative,0.27685245473014286
1342158304026517509,negative,6.300409082277558e-06
1342158308459884545,negative,0.015320462693009147
1342158308984033281,negative,0.0706528566680088
1342158310628356096,negative,0.00020967023426541852
1342158313685995520,neutral,0.3987880543238059
1342158314642272256,negative,0.009366917706466103
1342158322384990208,negative,0.030816286510205185
1342158323471286274,positive,0.8507376224123229
1342158328307343360,negative,0.004849585118641502
1342158330211561472,negative,0.0019742200850810976
1342158332015083523,negative,0.21901725198202554
1342158335370547204,negative,0.13228921954198236
1342158337778081794,negative,9.963070098675957e-07
1342158345302462464,negative,0.08101128235486893
1342158347873746950,negative,0.03974526312238584
1342158353250836482,negative,0.09791573991357551
1342158354437779459,negative,0.19988783869584037
1342158354563608581,neutral,0.6149732941538079
1342158358263029761,negative,0.1885649404484406
1342158360939003906,negative,0.3124922597217575
1342158361127759872,negative,0.14132013971068658
1342158361975021571,negative,0.030540770059747587
1342158361979199492,negative,2.6326031532865334e-06
1342158365296877570,negative,1.4559203215862617e-07
1342158367113019395,negative,0.016427604373005056
1342158368857841666,neutral,0.6149732941538079
1342158371634487298,negative,0.06711886013676781
1342158375799447559,negative,0.013329181398502072
1342158378332639232,negative,0.002817707073802066
1342158380547383298,negative,0.06711886013676781
1342158382447390727,negative,0.1917905213449264
1342158383340728321,positive,0.9089798904846424
1342158387816128515,negative,0.00257462050751105
1342158388659023873,negative,0.14132013971068658
1342158395252617219,negative,1.928143928313376e-05
1342158402315759622,negative,0.29216349971479205
1342158402714144769,negative,0.010486256139219007
1342158403171315712,negative,0.2241542976650321
1342158405860024320,neutral,0.36742492523419246
1342158412172455936,negative,0.00810432215458856
1342158412675756032,negative,0.01684880621090605
1342158415284486145,negative,0.2241542976650321
1342158425564848129,neutral,0.41956321267742214
1342158426005245953,negative,1.928143928313376e-05
1342158427183669248,negative,0.001971885861039542
1342158428135895040,negative,0.14837757590281975
1342158430514122752,positive,0.7112264328727067
1342158433315860482,negative,7.730486191552276e-06
1342158437703180290,negative,0.09791573991357551
1342158443013029888,negative,0.2241542976650321
1342158446997725184,negative,0.006652079456480197
1342158448931336192,neutral,0.5437107112025386
1342158452571959297,negative,1.928143928313376e-05
1342158453867888640,negative,0.06426464958996005
1342158463720443905,neutral,0.6149732941538079
1342158469718302720,negative,0.004849585118641502
1342158484477980674,negative,0.061018089701625644
1342158488907239426,negative,0.16727301820128387
1342158497602031617,negative,0.16873170241724245
1342158512290410498,positive,0.9732734856763523
1342158512919465987,positive,0.8507376224123229
1342158514706403330,negative,0.0455700390330571
1342158517206212608,neutral,0.6149732941538079
1342158521505374210,negative,0.0004103490369138574
1342158523346653184,negative,0.11689118862717456
1342158524722393090,negative,0.0006832830193695865
1342158531856838656,neutral,0.49789225920557484
1342158532234407938,negative,0.06156100502183778
1342158534658691078,neutral,0.6248060563209399
1342158538509062144,negative,0.24270770355357238
1342158538601328642,negative,0.018332294535614465
1342158540878835713,negative,0.00014815836483001937
1342158544674631681,negative,0.0002869498664650504
1342158549854658561,negative,0.06156100502183778
1342158552350269442,negative,0.016427604373005056
1342158558268436487,negative,0.00012388133201027211
1342158558318702593,negative,0.0157220646419107
1342158558859825153,negative,0.012468040280025128
1342158568364142593,negative,2.901664700553766e-06
1342158575293116416,neutral,0.49789225920557484
1342158575745921025,negative,0.006112180904382101
1342158576593285120,negative,0.014511218469735824
1342158576643682304,negative,0.11236932133361553
1342158580368158720,negative,0.06156100502183778
1342158584755466241,negative,3.048687453234965e-05
1342158587322380288,negative,0.005834113713886394
1342158592393273344,neutral,0.3499352441185855
1342158593957756928,negative,0.0006882629575688258
1342158594733694977,negative,7.730486191552276e-06
1342158595555790854,neutral,0.47371072416927557
1342158596797300736,negative,0.02372585008153563
1342158598026223616,negative,0.13518847218697433
1342158598672183302,negative,0.2180444296890477
1342158600567988225,negative,5.102765848077497e-06
1342158609216663552,negative,0.1892643729802122
1342158609682202631,negative,0.013378668343559086
1342158611007426561,negative,0.006869316707957941
1342158611330510848,positive,0.7627843246566761
1342158611435368452,negative,0.011724737227430823
1342158612278349825,positive,0.8440728986871372
1342158615663300608,positive,0.8059410165459497
1342158616204201984,negative,5.737013059369407e-05
1342158617097728001,negative,0.0373640866680893
1342158625352126467,negative,0.06838091240989712
1342158628162318336,negative,5.992734097017443e-05
1342158631916208128,negative,0.21901725198202554
1342158632423665666,negative,0.24276136543608273
1342158635896602624,negative,0.31717285976250015
1342158640522915840,negative,0.06156100502183778
1342158641156288512,negative,0.06257281265415492
1342158644151013377,negative,3.391201155248531e-06
1342158646717898753,negative,0.010858802305259022
1342158649519648772,negative,0.06711886013676781
1342158659313405953,negative,0.2072318662257249
1342158660806574080,positive,0.7137395370677896
1342158670000492552,negative,0.0006298195554847779
1342158673473396736,positive,0.9587731198869118
1342158677252448259,negative,0.11236932133361553
1342158677407633408,negative,0.01799932527748097
1342158679689326602,negative,0.016427604373005056
1342158682151399424,neutral,0.49789225920557484
1342158683359354881,negative,1.928143928313376e-05
1342158693434060806,negative,0.00014049453671487135
1342158700111396868,neutral,0.6149732941538079
1342158700778176512,neutral,0.49789225920557484
1342158701977882627,negative,0.027348012415129866
1342158702695096321,negative,0.0014984180620027016
1342158704989364225,negative,0.016427604373005056
1342158705136185344,negative,0.05107130326608964
1342158707422097416,neutral,0.6149732941538079
1342158710429208577,negative,0.052448887559611704
1342158713797406726,negative,0.0045774114226911815
1342158714493677572,negative,0.018216752729794665
1342158715290603522,negative,0.30829643170701443
1342158719963066370,negative,0.00019694409877205675
1342158722274107392,positive,0.9122640135871258
1342158735779667970,negative,0.16107035077360873
1342158737969037312,positive,0.6826374620677321
1342158741207187457,negative,0.016427604373005056
1342158741983137798,negative,9.778727472183737e-07
1342158742230593537,negative,0.11236932133361553
1342158745984446468,negative,0.04381943292173383
1342158749763579904,negative,0.0006599117053027072
1342158753542660098,negative,0.008529646957780003
1342158754960310272,negative,0.11236932133361553
1342158757791494144,negative,0.24276136543608273
1342158759469207553,negative,0.006112180904382101
1342158761004310529,neutral,0.4602076113870112
1342158761499226114,negative,0.0003131159960177636
1342158769757810695,positive,0.7185463970985316
1342158775290114049,negative,0.022555295659749775
1342158778897227776,negative,0.17143915288317615
1342158789680758784,negative,0.009938411304574301
1342158791501033474,neutral,0.352763610600138
1342158795594752001,neutral,0.3496300564021785
1342158802519519238,negative,0.016427604373005056
1342158806575411201,negative,0.004849585118641502
1342158813156270088,negative,0.016651124542848332
1342158816281042945,negative,1.0657648871853217e-05
1342158816444559360,negative,0.0007249190328497502
1342158825705644033,negative,0.016917380996999163
1342158841685934082,negative,0.01095171128086433
1342158842025684997,negative,0.016427604373005056
1342158844856819719,negative,0.0021711828321665616
1342158846408712194,neutral,0.49789225920557484
1342158848333807616,negative,0.11423040049992986
1342158849390870530,negative,0.004374922885892788
1342158850271559680,neutral,0.49789225920557484
1342158852398182401,positive,0.8426139788486875
1342158852729483265,negative,0.21901725198202554
1342158855539740682,negative,0.08557815596089492
1342158857963884544,neutral,0.5668473236973584
1342158858119118853,negative,0.16107035077360873
1342158858240704513,positive,0.6826374620677321
1342158866889519104,negative,4.693420863145047e-10
1342158867334127618,negative,0.0006832830193695865
1342158872014942208,negative,0.008031942875524136
1342158872467935234,negative,0.0812148074563168
1342158874917408770,negative,0.06257281265415492
1342158877140381697,negative,0.0014984180620027016
1342158878826369026,neutral,0.49789225920557484
1342158879778598913,negative,0.2368700563895678
1342158880239988737,positive,0.9570342112270539
1342158882328748033,negative,0.0014984180620027016
1342158882840444928,negative,0.07084224373280036
1342158896983666689,negative,0.23871696831429615
1342158900494094336,negative,0.016427604373005056
1342158900510994432,negative,0.014541756000355508
1342158906219495426,neutral,0.49789225920557484
1342158907020627975,negative,0.0010948089985657228
1342158909180702724,negative,0.0014984180620027016
1342158912343035904,neutral,0.36742492523419246
1342158914616504321,neutral,0.3708602498507593
1342158919360274433,negative,0.3048132770929636
1342158922044633089,negative,0.09555042548225781
1342158926192762882,negative,0.027339824762874363
1342158926318592000,negative,0.05358945346816664
1342158926431870977,negative,0.00438788111442844
1342158928956764162,negative,0.00022598382945125567
1342158930701639682,negative,1.124285279839655e-05
1342158932308074497,negative,0.016427604373005056
1342158933616680961,negative,1.7429100924554997e-07
1342158939903950849,neutral,0.5819641126339932
1342158941124489216,negative,0.004083275556372271
1342158952604311553,negative,1.928143928313376e-05
1342158957834612738,negative,0.31251327812974533
1342158961928187904,negative,0.00015708334422460563
1342158965463871488,neutral,0.6149732941538079
1342158969666744325,negative,0.0005260058217031741
1342158970430124034,positive,0.9997435592868792
1342158991883964417,negative,0.006518674433990193
1342158994337632256,negative,0.03157751792986894
1342158995436548096,negative,0.07634906102230592
1342158999450488833,neutral,0.48834448802556185
1342159002357149698,neutral,0.37127490242156874
1342159003627958273,negative,0.016427604373005056
1342159017251115009,negative,2.1800719946377298e-06
1342159024477888515,negative,0.01715193649221831
1342159036620353537,negative,0.2546916305421647
1342159037006286850,negative,0.005834113713886394
1342159043524235266,negative,0.0022584372706955635
1342159044895760387,negative,0.0009077867771744266
1342159045411667970,neutral,0.4539904481044938
1342159049740189705,neutral,0.49789225920557484
1342159054681104386,negative,0.03925212264752703
1342159056765661187,negative,8.152378820683718e-09
1342159062700421120,negative,0.0045774114226911815
1342159063157768193,negative,0.019852126729555164
1342159064743079937,negative,3.9464292681013117e-10
1342159068400648192,negative,0.12997789230772508
1342159073236627460,negative,0.002211627341393322
1342159074226528256,negative,0.016427604373005056
1342159085953839104,negative,0.008000033777090507
1342159086201278464,negative,0.09044533782927841
1342159092945661954,negative,0.0006832830193695865
1342159099996168192,negative,0.08933176316839031
1342159103104331780,negative,0.05633134851593533
1342159106233282562,negative,0.0003582824731924502
1342159106891800576,negative,0.10476314953070094
1342159107990691840,negative,0.006795160632124096
1342159108405948416,positive,0.700782986998431
1342159114668036096,negative,2.096845103682393e-07
1342159118006702080,positive,0.700782986998431
1342159118526795778,negative,0.24005164149840966
1342159125891969024,negative,0.24276136543608273
1342159131717808129,negative,0.00028162475792414284
1342159136184823815,negative,0.016427604373005056
1342159138609123328,negative,0.24276136543608273
1342159141016633350,negative,9.754865333422042e-05
1342159141398339590,negative,0.006518674433990193
1342159142648242176,negative,8.721269468323858e-06
1342159150441226240,negative,0.08980987259108034
1342159153293365249,negative,0.00019941967542738074
1342159156330065920,negative,0.008787525787110336
1342159159073107969,negative,0.0004487396811218075
1342159159706398727,negative,0.00020967023426541852
1342159174604640266,negative,0.06275516413149126
1342159175552532481,negative,0.24276136543608273
1342159183270047744,negative,2.993292473892131e-06
1342159183815331841,negative,0.016427604373005056
1342159187095158784,negative,0.016427604373005056
1342159189095948290,negative,0.00019400838029977032
1342159189553119237,negative,0.0004036356967443948
1342159190995906561,negative,0.21901725198202554
1342159193894244352,negative,0.2688851132897744
1342159204497416193,negative,2.993292473892131e-06
1342159206137417728,negative,0.00112447534647097
1342159207152431106,negative,0.016427604373005056
1342159211871035392,negative,1.2915842677060639e-05
1342159225858961409,negative,0.037186970981194216
1342159229659082753,negative,0.0020674483111158214
1342159233563897859,negative,0.016427604373005056
1342159237078773760,negative,7.730486191552276e-06
1342159237607084032,negative,3.134125939968325e-05
1342159250286632960,negative,0.00041095010909680455
1342159250789982215,negative,0.29688042027492606
1342159261200244738,positive,0.7918785620467866
1342159261900554241,neutral,0.6149732941538079
1342159261942603777,positive,0.924610866246359
1342159263096041477,negative,0.016427604373005056
1342159263523872775,positive,0.6710616102805604
1342159267445563398,negative,0.003800640714510197
1342159273648943111,neutral,0.3428393741674494
1342159274278006784,negative,0.016427604373005056
1342159277079683072,negative,2.4836184283855154e-06
1342159283270557696,neutral,0.49789225920557484
1342159287230099458,negative,0.07439526904951266
1342159292019970050,negative,0.1708638133984952
1342159294544760837,positive,0.8440728986871372
1342159296675647491,negative,0.016427604373005056
1342159297300586499,negative,0.0002714952852844453
1342159298022043648,negative,1.928143928313376e-05
1342159300161105920,positive,0.9965478339242421
1342159303944318983,negative,0.06426464958996005
1342159303965290496,negative,0.09594338391755014
1342159314023288833,negative,0.1657639904999777
1342159314866335744,neutral,0.36742492523419246
1342159323846352899,neutral,0.49789225920557484
1342159330972491777,negative,0.027348012415129866
1342159332285308930,negative,0.06576638492704136
1342159334168518657,negative,0.18993526639284292
1342159336823533573,negative,0.004849585118641502
1342159344771719174,negative,0.004440145880942217
1342159348412407812,negative,7.730486191552276e-06
1342159351692156928,positive,0.9653925748506439
1342159351717507075,neutral,0.49235734370577927
1342159352224952327,negative,0.014791831184967285
1342159357212024833,neutral,0.6149732941538079
1342159357526609922,negative,0.03925212264752703
1342159360412286976,negative,0.04176763362233318
1342159377013342218,negative,0.06156100502183778
1342159381845090304,negative,0.006232961701754994
1342159381895524355,negative,0.06838091240989712
1342159385662025731,negative,0.07439526904951266
1342159387708829699,negative,0.0012586548932146974
1342159388413480960,negative,0.030297918578977616
1342159390833577986,negative,0.0010359457058179192
1342159397934526464,negative,0.016427604373005056
1342159406432182275,positive,0.700782986998431
1342159407870844929,negative,0.06156100502183778
1342159411750567937,negative,0.016427604373005056
1342159416804708356,neutral,0.4689427754733441
1342159418301923328,neutral,0.36742492523419246
1342159420755767298,negative,0.07553276056134901
1342159422680797184,negative,0.0053648030954595175
1342159424312512512,neutral,0.6489077768764223
1342159426556452868,negative,0.0019742200850810976
1342159429479899143,neutral,0.4042890092060761
1342159433057660929,positive,0.700782986998431
1342159441060372480,negative,1.928143928313376e-05
1342159442394173441,negative,0.21901725198202554
1342159442842968067,neutral,0.6489077768764223
1342159446785609730,negative,0.17260615242312957
1342159452414345218,negative,0.016427604373005056
1342159457606840323,negative,0.007063787274292822
1342159459511119872,negative,0.010809175343111082
1342159462770081797,neutral,0.3428393741674494
1342159463030128641,negative,4.145382656621174e-05
1342159474891616259,neutral,0.3933207395559069
1342159475378155526,negative,1.9169120564227966e-05
1342159479308218373,negative,0.016427604373005056
1342159480033865728,negative,0.14730090764154566
1342159485192654848,negative,0.16107035077360873
1342159485477896192,negative,0.16107035077360873
1342159486954340352,negative,0.005023268898669814
1342159487742976006,negative,0.08886491781747183
1342159487805902850,positive,0.700782986998431
1342159494403522560,negative,0.00020967023426541852
1342159495531814916,negative,0.02802819591821935
1342159496249036800,negative,0.016427604373005056
1342159499474448387,negative,0.07367371869599519
1342159501462540291,negative,0.24005164149840966
1342159508794204161,negative,0.18459858958932926
1342159516218044417,neutral,0.6149732941538079
1342159516461391873,negative,0.0019276720886806599
1342159517518327818,neutral,0.6489077768764223
1342159531137236994,negative,0.05107130326608964
1342159532303282176,negative,0.0697167231797216
1342159543820804096,negative,7.730486191552276e-06
1342159548698808320,negative,5.665799032534495e-06
1342159550569467909,negative,0.022630702763144796
1342159553975226370,negative,0.00020967023426541852
1342159554197544960,negative,0.000346711390940626
1342159557116764161,negative,0.047073983596094555
1342159561143308288,neutral,0.3428393741674494
1342159561776451584,negative,0.0009508800596566658
1342159564981067777,negative,2.053240441575806e-05
1342159567870980096,negative,3.9641012736853924e-07
1342159568009371649,positive,0.7185463970985316
1342159570328809475,negative,0.00019103037756396817
1342159573281550340,negative,0.21646081919373003
1342159576955834368,negative,0.016427604373005056
1342159588666310656,negative,0.11236932133361553
1342159589081559041,negative,0.0031152850551612104
1342159589555494916,negative,0.0812148074563168
1342159591543607297,negative,0.00017895611264242262
1342159597608591360,positive,0.986256389809974
1342159612309594113,negative,0.015320462693009147
1342159613593059333,negative,0.3082197538055463
1342159628738719746,negative,0.006112180904382101
1342159634715521024,negative,0.005834113713886394
1342159641254502402,negative,0.014511218469735824
1342159643829620743,negative,0.09843031941861728
1342159648816820224,negative,0.012614806483989433
1342159656400027648,neutral,0.6149732941538079
1342159666218987524,negative,4.987995025522656e-05
1342159667863158787,negative,0.3124922597217575
1342159668769128448,negative,0.02707876117559247
1342159675379363841,positive,0.924610866246359
1342159675740073991,negative,0.00019941967542738074
1342159679514927105,negative,0.30220538130676144
1342159683986087936,negative,0.0255468551606918
1342159698351407106,negative,0.15429214955441606
1342159701291790340,negative,0.0702755496756272
1342159701597974529,negative,0.00014815836483001937
1342159704001310720,negative,1.928143928313376e-05
1342159705582546944,negative,0.00018094525240764699
1342159710628306945,negative,0.22684555712459642
1342159712255664130,negative,0.016427604373005056
1342159718488420354,negative,0.0013842806220476002
1342159719222431744,negative,0.03860934906539173
1342159720803663873,negative,1.4448362758230696e-06
1342159722368151553,negative,0.11893568176505856
1342159726755291136,negative,0.14132013971068658
1342159729620099074,negative,1.928143928313376e-05
1342159732178628608,negative,7.730486191552276e-06
1342159732732264448,negative,1.928143928313376e-05
1342159733743091712,neutral,0.49789225920557484
1342159738717401088,neutral,0.6205234271226313
1342159744144818176,neutral,0.6149732941538079
1342159747093553159,negative,0.24276136543608273
1342159748011937792,neutral,0.6149732941538079
1342159750696497152,negative,0.003665008718784615
1342159757529018377,negative,0.016730013911574138
1342159766194425856,negative,0.014541756000355508
1342159771621851136,neutral,0.6043200082682098
1342159772611702785,negative,0.10183582608299281
1342159779989499904,negative,2.7208840995306853e-05
1342159780849328131,negative,0.10485090916396043
1342159781059047426,negative,0.006112180904382101
1342159788784963586,negative,0.005977656921699271
1342159791116967936,negative,1.928143928313376e-05
1342159794690531331,negative,0.027038173123258954
1342159798075351041,negative,0.00015874163897746196
1342159810641408001,negative,0.0037536406126107563
1342159811727777800,negative,0.023443003468745106
1342159815880171522,neutral,0.44142821801136245
1342159821496332288,negative,0.1851207634969174
1342159827569692673,negative,0.0029694655467261966
1342159838772604930,negative,0.016427604373005056
1342159839875751940,neutral,0.5948903606005266
1342159841394118658,negative,0.016427604373005056
1342159844766347264,negative,0.006112180904382101
1342159856371961857,negative,0.0013389342468150037
1342159859911950342,negative,0.016427604373005056
1342159870749978624,negative,0.0007249190328497502
1342159874214539269,negative,0.015320462693009147
1342159877536444416,negative,0.00036100035252736363
1342159878043934723,negative,1.928143928313376e-05
1342159879717462016,neutral,0.4602076113870112
1342159880103333893,negative,0.016917380996999163
1342159892589719554,neutral,0.49789225920557484
1342159896343678977,negative,0.006095534454728192
1342159897618755585,positive,0.8440728986871372
1342159902957948929,negative,0.034224302125025974
1342159907773177860,negative,0.009299913319064055
1342159912902807552,negative,0.21403833420016777
1342159914475655169,neutral,0.3988221540202825
1342159918502055936,neutral,0.49789225920557484
1342159924567166977,negative,0.015320462693009147
1342159926815240193,negative,0.05231444469153519
1342159927947751425,negative,0.028428725810637722
1342159928392355840,negative,0.2510727487749926
1342159930044932098,neutral,0.3476894651857961
1342159934692200450,negative,0.013442767141107882
1342159936986509314,negative,0.047073983596094555
1342159938567745537,neutral,0.386882876188506
1342159941210144769,neutral,0.49789225920557484
1342159942078386177,negative,0.09295545479131108
1342159943949025281,neutral,0.4034898473271184
1342159947933560837,negative,1.3961774228997817e-05
1342159948369768451,negative,0.020014807956914377
1342159949011554306,negative,3.1212207944608115e-06
1342159951955943429,neutral,0.3428393741674494
1342159952169881600,negative,0.006112180904382101
1342159956112453633,negative,0.16727301820128387
1342159957773479936,negative,0.08950527648206011
1342159961611259906,negative,1.928143928313376e-05
1342159970805145601,negative,0.0045774114226911815
1342159972331905025,positive,0.8440728986871372
1342159986089218053,negative,0.0003623680534350969
1342159991969636353,negative,0.1885649404484406
1342159995127943168,negative,0.00032312767299315495
1342159995488653312,neutral,0.6149732941538079
1342159996323311621,negative,1.928143928313376e-05
1342159996583337984,negative,0.010413555853116
1342159997069910018,negative,0.004937750180495978
1342159998747598848,neutral,0.4257329081968258
1342160003592052737,negative,0.24276136543608273
1342160005911482369,negative,0.0014984180620027016
1342160018750251015,positive,0.9999797267972933
1342160026459377665,negative,0.026686291086773204
1342160028539752451,negative,0.00028681458573087817
1342160039864373254,negative,9.669210889974966e-06
1342160041311350784,negative,0.001812755716488991
1342160042133499905,negative,0.15716428548877348
1342160045405057026,negative,0.10392803785467522
1342160055618170880,neutral,0.3863447861872163
1342160056754827265,negative,0.004440145880942217
1342160057908289536,negative,1.928143928313376e-05
1342160068876279809,negative,0.007645255270188219
1342160088476364805,negative,0.009977584194156031
1342160092146380800,negative,0.000269701440931991
1342160092205080579,negative,0.016427604373005056
1342160093736001537,neutral,0.6149732941538079
1342160095782776834,positive,0.7185463970985316
1342160104842522624,neutral,0.5386754363770475
1342160104880304133,neutral,0.3428393741674494
1342160106704683008,negative,0.0898214713822969
1342160108193771522,negative,0.06838091240989712
1342160110492200960,positive,0.7112264328727067
1342160110920097793,negative,0.040407012337111164
1342160112287408129,neutral,0.4471618112563758
1342160117932978177,negative,3.9464292681013117e-10
1342160120386641921,neutral,0.49789225920557484
1342160121707819008,neutral,0.6205234271226313
1342160123490426884,negative,0.18993526639284292
1342160126954921986,negative,0.07509131828014168
1342160127487569920,positive,0.6782092883722031
1342160131451187200,negative,8.721269468323858e-06
1342160132021645318,negative,4.5309840000011453e-07
1342160138514395137,neutral,0.5747304135188571
1342160147980890113,negative,1.0677849299315397e-09
1342160148576563201,neutral,0.6149732941538079
1342160159133593601,negative,0.055677767582300176
1342160160962310145,negative,1.208039210544265e-06
1342160161427881985,neutral,0.49789225920557484
1342160166461075458,negative,0.1851207634969174
1342160168503697420,neutral,0.5507053014829051
1342160168797274117,negative,0.021477396263489126
1342160168918929413,negative,0.008169383712187414
1342160176527323142,negative,0.28227400815688525
1342160178649698305,negative,3.9688693741806244e-07
1342160183821279233,negative,0.016427604373005056
1342160186111389699,negative,1.5801934838296976e-05
1342160186262368257,negative,1.928143928313376e-05
1342160192872570884,negative,0.03860934906539173
1342160193900195846,positive,0.9990766802034197
1342160205149331457,neutral,0.6149732941538079
1342160206491475974,neutral,0.4858338946378229
1342160208475418624,neutral,0.49789225920557484
1342160208647356420,negative,0.17676924566137148
1342160208949366784,negative,4.987995025522656e-05
1342160209138094081,negative,3.6586316623090394e-06
1342160217316810755,negative,0.00246745230919186
1342160218340421634,negative,0.011724737227430823
1342160226552836096,negative,6.437079864784636e-06
1342160229862146059,negative,0.0003191298261997219
1342160230298345474,neutral,0.6149732941538079
1342160234375163913,negative,0.005834113713886394
1342160239303524353,positive,0.676841148299313
1342160241568395265,negative,0.29676789564387285
1342160242440876036,negative,1.4345632713984672e-06
1342160250636537859,negative,0.013590395356726917
1342160260253982720,negative,0.03811838959602427
1342160261818576896,negative,0.0045774114226911815
1342160268697153536,negative,0.01684880621090605
1342160270324625408,negative,0.06498304444445724
1342160272325283847,negative,0.030297918578977616
1342160276377001984,negative,0.00010929572952831055
1342160276980981762,negative,0.29854044943268976
1342160279170396160,negative,0.001894304026793264
1342160281401778176,negative,0.12881232028596507
1342160281498214400,negative,0.2568636855303768
1342160282643275783,negative,1.5212344627039184e-05
1342160285206007810,negative,0.12881232028596507
1342160290125930497,negative,0.12881232028596507
1342160290608259076,neutral,0.4602076113870112
1342160293582024712,negative,0.000571958561348757
1342160294416703488,negative,0.12881232028596507
1342160294475390977,negative,1.9061062385896368e-05
1342160296580952067,negative,0.022297713581097396
1342160298489344000,negative,7.730486191552276e-06
1342160303178526722,negative,0.016427604373005056
1342160304512393216,negative,0.014541756000355508
1342160310157926404,negative,0.0007710323615182542
1342160311068057602,negative,8.715501087820287e-05
1342160314712928257,neutral,0.6149732941538079
1342160328466030594,negative,0.1885649404484406
1342160332022800384,negative,0.30829643170701443
1342160334015111170,neutral,0.6149732941538079
1342160342693117954,neutral,0.6043200082682098
1342160346807734274,negative,7.730486191552276e-06
1342160354713985024,negative,0.026060300450961166
1342160357033308162,neutral,0.47727228474062156
1342160365770203140,negative,0.001103853468346939
1342160369033359365,positive,0.8507376224123229
1342160369523904512,positive,0.7108949274674653
1342160381335248898,negative,0.2773568066675862
1342160392248823813,neutral,0.4147342023902695
1342160397856595976,negative,0.10388574738742794
1342160398309593090,neutral,0.3738305678312431
1342160400897466375,negative,0.004946912788514172
1342160406404591616,negative,0.31717285976250015
1342160420593954818,negative,1.928143928313376e-05
1342160422246510600,negative,0.05003506567926422
1342160432056905730,negative,0.006095534454728192
1342160454559395845,neutral,0.49789225920557484
1342160455587008512,negative,0.11206157346880827
1342160455909986307,negative,0.20935166489465376
1342160462545362946,neutral,0.4469203531611031
1342160463421911040,negative,0.2514385832700579
1342160466009870401,negative,7.14401144552808e-08
1342160477485469697,negative,0.0035959503594153895
1342160482015313921,negative,0.0045774114226911815
1342160482023714817,negative,0.019082453908448597
1342160486624874497,negative,0.17861184220932846
1342160489888030721,negative,0.010120877405290097
1342160491939061760,negative,9.332941839806138e-07
1342160506916843521,negative,0.24110701046725058
1342160507457974274,neutral,0.6149732941538079
1342160509760630785,negative,7.601614780218173e-08
1342160513451626497,negative,0.016427604373005056
1342160517880811520,negative,0.003413067213581349
1342160538307088385,negative,0.00017587171102304057
1342160539854757888,negative,0.3120329156721037
1342160542950109184,negative,0.005834113713886394
1342160550000799747,negative,0.22619199238790094
1342160556690698240,neutral,0.49789225920557484
1342160559190528003,neutral,0.4147342023902695
1342160569755971585,negative,0.09039445983221202
1342160569873424385,negative,0.0002527573400451856
1342160577725165569,negative,0.00020967023426541852
1342160580266717184,neutral,0.6149732941538079
1342160580505980930,negative,0.0940787485057655
1342160580656959489,negative,0.0020674483111158214
1342160582334672896,negative,1.3808276198754418e-11
1342160582951247876,neutral,0.3428393741674494
1342160584754794497,negative,0.12215352467315432
1342160585451036672,negative,0.06426464958996005
1342160585832738816,negative,0.24270770355357238
1342160587674046464,negative,0.04872623282814774
1342160593474748416,negative,3.871591090196225e-05
1342160594657550338,negative,0.0045774114226911815
1342160597127979008,positive,0.9035200816345156
1342160601188098048,negative,0.037186970981194216
1342160608268066823,negative,0.0009084618866540906
1342160609631199232,negative,0.0008487814470313247
1342160609912225793,negative,0.04058692751651361
1342160609933209608,negative,0.2208279765176495
1342160610000306178,negative,0.0011890451651619673
1342160610088382469,negative,0.06156100502183778
1342160610176495620,negative,2.276974450696602e-06
1342160610268745734,negative,1.7995537210580535e-07
1342160610642063367,negative,0.03514391034363883
1342160610713239553,negative,4.018811514559799e-07
1342160610780356610,negative,0.19812668733446728
1342160610952441860,negative,2.467553467060277e-05
1342160611166179329,negative,0.0009152026135287296
1342160611254431746,negative,0.007258997454435088
1342160611291983872,negative,0.011339387825432574
1342160611728232448,negative,0.002785403491514239
1342160611774492672,negative,0.29600396516190636
1342160611883433986,negative,1.7995537210580535e-07
1342160611967262722,negative,4.4892592034073627e-07
1342160612328091648,negative,0.0006548876356074299
1342160615167680514,negative,0.00431241685465206
1342160615192801280,negative,0.028420536444168244
1342160617357119491,negative,0.08995255136826619
1342160618959368193,negative,0.016427604373005056
1342160622893621248,positive,0.9361972680918135
1342160630942351361,negative,0.1233855540791185
1342160633308057602,negative,0.0370677579115735
1342160637519081475,neutral,0.6489077768764223
1342160640853618689,negative,0.016427604373005056
1342160641172320257,negative,0.00010579786381694509
1342160642522931201,negative,0.0037374224980927418
1342160644607533059,negative,0.11535834581039085
1342160645542850560,positive,0.6782092883722031
1342160646704664576,negative,0.07737744339789351
1342160650039078925,negative,1.928143928313376e-05
1342160650714406912,negative,1.1235400958322387e-08
1342160653629452289,neutral,0.6489077768764223
1342160655391059968,negative,0.0006238571866548954
1342160655986679815,negative,3.6158971635397785e-07
1342160657156866058,negative,6.4348902308908545e-06
1342160665621000192,negative,0.23613661479886747
1342160666078171142,negative,0.2568636855303768
1342160672839360512,negative,0.0002111298390665403
1342160679164383234,negative,0.00023549586388840057
1342160685426475008,neutral,0.4041566762006132
1342160689067155456,negative,0.040805085571563524
1342160690916814848,negative,0.016427604373005056
1342160697925513216,negative,0.06156100502183778
1342160699313844225,negative,0.1006927920404398
1342160713821921281,negative,7.730486191552276e-06
1342160717684891648,neutral,0.47899764479002754
1342160719840751616,negative,0.00333061607930336
1342160725503045632,positive,0.9995468332414844
1342160725922504706,negative,0.14081147919606865
1342160726249639936,negative,0.23164277161513633
1342160731249270787,negative,0.016427604373005056
1342160731844829185,negative,0.00019941967542738074
1342160735095418881,negative,0.1885649404484406
1342160735095451649,negative,0.0037536406126107563
1342160737939152901,negative,0.29600396516190636
1342160738417164289,negative,4.1677358306401136e-07
1342160738950012928,negative,0.215301271822243
1342160751457423360,negative,0.047073983596094555
1342160751612620802,negative,0.034808686730241734
1342160752166268929,negative,0.011041850414764775
1342160753336446976,negative,0.0045774114226911815
1342160757610442753,negative,0.006677802306150966
1342160758419951616,negative,0.18258183392746283
1342160767215415301,neutral,0.6043200082682098
1342160767680962561,positive,0.9533078140112528
1342160773544603649,negative,0.02895217930654432
1342160775767613441,negative,0.002310187935975205
1342160775780184064,neutral,0.6149732941538079
1342160777864749056,negative,0.014813495148209089
1342160780209360900,negative,5.059174854063042e-06
1342160784856670209,negative,4.0206924516835554e-07
1342160790439211009,negative,0.08182015940943521
1342160805756870658,negative,0.0002268256957532265
1342160814107623426,neutral,0.4215559435071324
1342160819233169408,negative,0.14730090764154566
1342160819480645638,negative,0.016427604373005056
1342160827256856577,negative,0.011564171407402426
1342160841454608385,negative,0.14341762918614057
1342160843983777797,negative,0.05231444469153519
1342160846336749568,neutral,0.6149732941538079
1342160850195521537,positive,0.9326364557407526
1342160850455556102,neutral,0.35146502323032713
1342160859863408642,negative,0.11236932133361553
1342160861675208704,negative,0.010811808253485619
1342160861788454913,negative,0.23404484509739334
1342160861847236609,negative,0.2208279765176495
1342160861872287751,negative,0.010811808253485619
1342160863055241221,negative,2.3099058825405058e-05
1342160864447750144,negative,0.14132013971068658
1342160864691052545,negative,0.004740122485215207
1342160865378906112,negative,0.30829643170701443
1342160874790940672,negative,0.012733965306920133
1342160877588516864,negative,3.893843077496588e-06
1342160879530496000,negative,0.0004036356967443948
1342160883909341184,negative,1.9510889970635843e-06
1342160884366454789,negative,0.004849585118641502
1342160885192810497,negative,5.0694390646093076e-05
1342160886006493187,negative,0.0017246927645537743
1342160887185088513,negative,0.03749153939122406
1342160891211620355,negative,0.016427604373005056
1342160891358359556,negative,0.005802866708504671
1342160893333954563,negative,0.0013842806220476002
1342160897079390209,negative,0.016917380996999163
1342160898744455168,negative,6.059160054572681e-05
1342160899080155140,negative,0.20771934817642312
1342160900954984449,positive,0.7627843246566761
1342160902724997120,negative,0.036124091189485924
1342160903094104065,negative,0.19812668733446728
1342160906306912257,negative,7.730486191552276e-06
1342160909670756353,negative,0.10605931407011863
1342160912942297088,negative,0.18258183392746283
1342160915345633280,negative,0.18258183392746283
1342160915945431041,positive,0.9349857719440879
1342160916314345473,negative,1.5036759796926502e-05
1342160918352945154,negative,0.11236932133361553
1342160922983485443,positive,0.7185463970985316
1342160924053024771,negative,0.06156100502183778
1342160924917051392,negative,0.03925212264752703
1342160932336783361,negative,0.10659651652230798
1342160932823302146,negative,7.730486191552276e-06
1342160933439811586,negative,0.016427604373005056
1342160937730465792,negative,0.23164277161513633
1342160939672608768,positive,0.9326364557407526
1342160944378630152,negative,0.002310187935975205
1342160948220538883,neutral,0.6149732941538079
1342160949210476545,negative,0.1828032273543383
1342160952045809665,negative,0.016427604373005056
1342160958777675778,negative,0.005693783817968256
1342160969456345090,negative,0.040805085571563524
1342160973541457920,neutral,0.6149732941538079
1342160979535257601,negative,0.016427604373005056
1342161866018193416,negative,4.4448946856999507e-08
1342161868455112706,neutral,0.44836884426392437
1342161868501233665,negative,0.00992307884444469
1342161868601888768,negative,0.03677763836230897
1342161869587542018,negative,0.0045774114226911815
1342161870963273728,negative,0.09036137954939648
1342161873110753280,negative,0.017949665092413004
1342161873643450374,negative,0.06559115685153753
1342161874947895298,negative,0.1708638133984952
1342161875165966338,negative,0.03171493986472626
1342161882736635917,negative,0.019004418260611937
1342161889133031430,negative,0.08117678719135535
1342161894921150468,negative,0.004022710774771336
1342161898104639488,negative,0.006112180904382101
1342161898209505288,negative,0.002332758117835721
1342161898637316098,positive,0.7112264328727067
1342161901766193159,negative,0.00036259835320027057
1342161912709070849,negative,2.0817388503019795e-05
1342161917306146821,negative,0.003947919005414387
1342161921089351683,negative,0.000557685748588637
1342161921240395777,negative,0.20081843170922334
1342161925854134272,neutral,0.4272202501072265
1342161933479378946,negative,0.0025494132039567867
1342161939850555394,negative,0.06426464958996005
1342161941675048963,neutral,0.6149732941538079
1342161942568427521,negative,0.0010950227626845958
1342161949082193922,negative,0.004849585118641502
1342161949879111680,negative,0.18258183392746283
1342161956472578051,neutral,0.48728019602140255
1342161957625995264,negative,0.1790629700361702
1342161958318039042,positive,0.7864549458969361
1342161963728646145,negative,0.0036738131895300745
1342161966102503425,positive,0.6824837810859113
1342161969315459075,negative,5.565804092693385e-06
1342161975753773056,negative,0.016427604373005056
1342161981546123264,negative,0.23613661479886747
1342161983785869315,negative,0.18258183392746283
1342161990945529857,negative,0.1808381791238687
1342161990949728256,negative,0.00028792953402235685
1342161993919127553,negative,2.6112570417589072e-05
1342161994988851201,negative,0.13465233254978673
1342161995651493896,negative,4.839347607398702e-07
1342161996565897218,negative,0.10388574738742794
1342162010948186115,negative,0.004849585118641502
1342162014500749313,negative,0.0019742200850810976
1342162015251542016,neutral,0.49789225920557484
1342162015322845184,negative,0.14132013971068658
1342162030497837057,negative,0.02723708306134119
1342162032683057156,negative,0.0004036356967443948
1342162047459414016,positive,0.8619084794855766
1342162053537161221,negative,0.20935166489465376
1342162057483923456,negative,0.21901725198202554
1342162059564363780,negative,0.2858599118119247
1342162060113809419,negative,0.13705910828927617
1342162068804423682,negative,0.0008667160430743751
1342162071144820736,neutral,0.6322177749784617
1342162078161887233,negative,0.06426464958996005
1342162080271642625,negative,0.06711886013676781
1342162083354447872,negative,7.730486191552276e-06
1342162083929059330,negative,0.00019941967542738074
1342162083954249728,negative,0.2773568066675862
1342162093345280000,negative,0.008747071094500498
1342162093496291328,negative,0.0025839751135425613
1342162094997778434,positive,0.8707404073900483
1342162096553865217,negative,0.0005760498126914107
1342162103747096578,negative,0.21901725198202554
1342162111024267266,negative,0.1708638133984952
1342162111296917506,negative,0.06156100502183778
1342162115562450944,negative,0.08405534876210334
1342162115843534851,negative,1.0747149030975646e-07
1342162116124545025,negative,0.25223179551079106
1342162119983296515,negative,0.0009191346051287681
1342162120155099136,negative,0.10659651652230798
1342162120167845889,neutral,0.46127768308170247
1342162120549556227,negative,0.06045487176594617
1342162121761705984,negative,0.23542948697510346
1342162126681632768,negative,0.04897954762849067
1342162127671480322,negative,0.0003908694876869849
1342162134956994562,positive,0.9770957236959256
1342162136454328320,negative,0.05231444469153519
1342162136630439940,negative,0.03720726950644096
1342162138366939136,neutral,0.6149732941538079
1342162139235151875,negative,0.18258183392746283
1342162140547874816,negative,0.23542948697510346
1342162142238269441,negative,0.0025839751135425613
1342162145044295680,negative,0.23542948697510346
1342162148311642113,negative,0.03925212264752703
1342162150979092480,negative,0.010792969564875871
1342162152241700864,positive,0.6736553964909527
1342162154863132675,negative,0.008747071094500498
1342162155555196928,neutral,0.6149732941538079
1342162157031489536,negative,0.007559124642737295
1342162164627492864,negative,0.0013774359200638977
1342162166003208194,negative,8.728967367443363e-07
1342162169924907008,negative,0.18258183392746283
1342162171267051522,neutral,0.437369725752128
1342162175406837762,negative,0.06156100502183778
1342162178808418306,negative,5.8477612601438756e-05
1342162182604271617,negative,0.3298500201690303
1342162185506742272,negative,0.00678136489509398
1342162190359474178,negative,0.18810224226336159
1342162199188369408,negative,1.4344066930734543e-05
1342162205941387265,negative,0.008747071094500498
1342162207535198211,negative,0.022297713581097396
1342162210454466562,negative,0.03171493986472626
1342162211469406208,negative,0.0012081280808229388
1342162212085968899,negative,0.009709419784273757
1342162213633667072,negative,0.002641296436455714
1342162219581255680,negative,0.0029518962282862474
1342162221187485699,negative,1.9169120564227966e-05
1342162223159005184,negative,0.06156100502183778
1342162223909769216,neutral,0.5777179261347118
1342162228645163008,negative,1.2902707069998705e-07
1342162232571023361,negative,0.03677763836230897
1342162234705903618,neutral,0.6149732941538079
1342162240405987345,negative,0.21901725198202554
1342162244742885393,negative,0.03925212264752703
1342162250568753157,negative,0.22805763819901173
1342162255778082817,negative,0.016427604373005056
1342162259464708096,negative,1.0240432901989456e-11
1342162265030668288,negative,0.16727301820128387
1342162267417284610,negative,0.0004488201491988478
1342162271418671107,negative,0.1708638133984952
1342162277026422785,negative,0.010023839771634348
1342162284618129408,negative,0.00022846468946831897
1342162291740049408,negative,0.004849585118641502
1342162294336348163,negative,0.0005733311151454013
1342162299025575937,negative,0.0016259108476810462
1342162300606836738,negative,1.928143928313376e-05
1342162303534460928,negative,0.004849585118641502
1342162305702907914,neutral,0.4312892795455479
1342162309670723584,neutral,0.4788848870098618
1342162311574814720,negative,0.18562672999799673
1342162314854858752,negative,0.1758366948485248
1342162319648960514,negative,0.016427604373005056
1342162323323023360,negative,0.03804626559888553
1342162324568891392,neutral,0.4147342023902695
1342162326514855936,neutral,0.5786174630566976
1342162328024969218,negative,1.5329140780957465e-08
1342162333200769024,neutral,0.6322177749784617
1342162336333881346,negative,0.016427604373005056
1342162340746321927,negative,7.730486191552276e-06
1342162348577083393,negative,0.05607556184271235
1342162363156459522,negative,0.18258183392746283
1342162365568180229,negative,0.001609331701442801
1342162368017670148,negative,0.00020967023426541852
1342162368722325505,positive,0.6983711685137153
1342162369397596161,negative,0.07549498158943185
1342162380344606720,negative,0.20007757741754945
1342162383733747717,negative,0.0002495699475607555
1342162388653637636,negative,0.29600396516190636
1342162390742425602,negative,0.008503428466256159
1342162395406491650,negative,3.6178418071397236e-06
1342162396253712386,negative,0.10297419059105542
1342162396929028101,negative,0.016427604373005056
1342162398128566278,negative,0.016427604373005056
1342162401467248641,negative,0.016427604373005056
1342162401840521217,negative,0.07856899323035495
1342162409310593024,negative,0.10410710989816115
1342162411307102210,negative,0.00020967023426541852
1342162415383949315,neutral,0.5902351848228227
1342162416793231360,negative,0.03171493986472626
1342162420144467971,negative,0.07631725493344085
1342162424103804929,neutral,0.6149732941538079
1342162426922463240,negative,0.013372478314897037
1342162435898273793,negative,0.00333061607930336
1342162436678447104,negative,0.16253673742485877
1342162447667490819,neutral,0.5910271036299082
1342162450154741762,neutral,0.44086945805243716
1342162452205735938,negative,3.060982072157416e-06
1342162452964896769,negative,0.0012950498865673548
1342162453703090176,negative,6.626225734002628e-07
1342162460749549575,negative,0.21901725198202554
1342162461378670593,negative,0.00019641397143608207
1342162468722925568,negative,0.004849585118641502
1342162474724974593,neutral,0.5782933323407072
1342162487710461953,negative,0.0025839751135425613
1342162491321802757,negative,0.0004036356967443948
1342162503489433604,positive,0.8454877177144274
1342162503825035266,neutral,0.49789225920557484
1342162506798796801,positive,0.700782986998431
1342162507704672256,negative,0.11162872832178736
1342162508652527616,negative,0.12140198526802601
1342162511873929220,negative,0.18258183392746283
1342162514482778116,neutral,0.5782933323407072
1342162527543816192,negative,0.016427604373005056
1342162530043637764,negative,0.18562672999799673
1342162535995346944,neutral,0.49789225920557484
1342162536884547584,positive,0.6983033269944471
1342162539552108544,negative,0.26736065091710126
1342162541355495424,neutral,0.6149732941538079
1342162545826820096,neutral,0.49789225920557484
1342162546476933121,negative,0.0015631453125121578
1342162554966208514,neutral,0.6149732941538079
1342162555704385541,negative,0.0002268256957532265
1342162557604425731,neutral,0.3574862499121666
1342162559827378176,neutral,0.6149732941538079
1342162561198919680,negative,0.29688042027492606
1342162570447347724,negative,0.0001919937597284448
1342162570761949186,negative,0.016427604373005056
1342162576633978884,negative,0.0006832830193695865
1342162580568236038,negative,0.0018654470918107774
1342162586800951298,negative,0.015320462693009147
1342162590999465985,negative,0.004849585118641502
1342162595097300993,negative,0.23164277161513633
1342162595713851393,negative,0.006518674433990193
1342162597269942272,neutral,0.6149732941538079
1342162597437698052,negative,0.03804626559888553
1342162602345066499,positive,0.9937080135511729
1342162603875950592,neutral,0.6149732941538079
1342162611065016320,negative,0.12264717914797435
1342162617046073346,negative,0.009432933930666874
1342162622901317632,negative,0.0007710323615182542
1342162624742649857,negative,0.21901725198202554
1342162625023660035,negative,0.031489123559982284
1342162625476653057,negative,0.18258183392746283
1342162625535348737,negative,7.730486191552276e-06
1342162639040950272,negative,0.11236932133361553
1342162639313653761,negative,0.006095534454728192
1342162642610348035,negative,0.0021711828321665616
1342162645823217664,negative,0.06156100502183778
1342162652081098752,negative,0.055789284994487286
1342162660360654850,negative,0.23542948697510346
1342162665909719040,negative,0.02597580105459508
1342162669923659778,positive,0.9719104907144348
1342162671274250241,neutral,0.49789225920557484
1342162679843184640,negative,0.12298960160262946
1342162685350322177,negative,0.24276136543608273
1342162690786160640,negative,0.004849585118641502
1342162690832265217,negative,0.016427604373005056
1342162696159035395,neutral,0.4737554465528978
1342162698684030988,positive,0.9985030338392529
1342162714622308353,neutral,0.48636446360627167
1342162716664995840,negative,0.06997106142830219
1342162736734732294,negative,0.1708638133984952
1342162740102782976,negative,0.0040069841903250525
1342162746830417920,negative,0.19431919486050087
1342162748143263748,negative,0.1885649404484406
1342162754812174341,negative,0.022555295659749775
1342162757194547200,negative,0.13747566802342154
1342162758041792523,negative,0.1885649404484406
1342162760977756160,negative,0.004170079977478039
1342162764199034880,negative,1.1609884380817035e-06
1342162766593986560,negative,0.004849585118641502
1342162770813448194,negative,0.010301699041339844
1342162775326535680,negative,0.006869316707957941
1342162777138470915,negative,0.0040069841903250525
1342162778866544643,negative,0.05231444469153519
1342162782771408896,negative,0.00036100035252736363
1342162785153798144,negative,0.0019742200850810976
1342162790329569280,negative,0.00012438050347565228
1342162797623468034,negative,0.0029518962282862474
1342162798026125314,neutral,0.3458520091303636
1342162801817694213,negative,0.03244277824639272
1342162810034388992,neutral,0.5777179261347118
1342162811389140992,positive,0.6736553964909527
1342162814144753666,negative,0.3121437695076581
1342162823246442497,negative,0.03804626559888553
1342162825947525128,negative,0.032276841570583276
1342162832469721089,neutral,0.6149732941538079
1342162840984150019,negative,7.75727385044536e-09
1342162841172893697,negative,0.2856076542833876
1342162843236511748,negative,0.031489123559982284
1342162848517124097,negative,0.29600396516190636
1342162852958842882,negative,0.016917380996999163
1342162854322040832,negative,0.016427604373005056
1342162858348589062,negative,0.30311666902129447
1342162861041348620,negative,0.016292419315696867
1342162861074747392,neutral,0.41702898408062283
1342162863901843458,negative,0.0045774114226911815
1342162867802529794,negative,0.016427604373005056
1342162869186670594,negative,0.29600396516190636
1342162873150283776,negative,0.15960108619682684
1342162875033513985,negative,0.046620759443952546
1342162898345484288,negative,0.0014984180620027016
1342162902346846209,negative,0.18258183392746283
1342162902850154497,negative,0.00012438050347565228
1342162904620150786,negative,0.009915330295003391
1342162912165543937,negative,0.014541756000355508
1342162917169328128,neutral,0.6149732941538079
1342162918981459974,positive,0.8440728986871372
1342162920520617985,neutral,0.48636446360627167
1342162922009735171,negative,0.02275530124880018
1342162922563379202,neutral,0.49789225920557484
1342162935704125441,negative,0.15911735155011136
1342162938560471041,negative,7.730486191552276e-06
1342162941978796033,negative,1.9169120564227966e-05
1342162943312605184,negative,0.23164277161513633
1342162948643553281,negative,0.0021711828321665616
1342162950921080832,negative,0.18258183392746283
1342162976447598594,negative,0.00014898306801054982
1342162978376974338,negative,0.1851207634969174
1342162978670575616,negative,0.30311666902129447
1342162983993147392,neutral,0.6149732941538079
1342162984416772097,negative,0.001001411324556749
1342162989332516867,negative,0.002211572210989527
1342162994076110849,neutral,0.49348403069849617
1342162995158331392,negative,0.0009390832590088655
1342162995208720384,negative,0.2843797406182665
1342163003014262785,negative,0.00431241685465206
1342163008798273538,negative,1.4345632713984672e-06
1342163014762573824,negative,0.0004036356967443948
1342163020051574786,negative,0.00013014368783441016
1342163020680732672,negative,0.016427604373005056
1342163029090308109,negative,2.7208840995306853e-05
1342163030973538305,neutral,0.39320338647136027
1342163032391217165,negative,0.0040069841903250525
1342163040083570689,negative,0.0032358454274331217
1342163044198207489,negative,0.016427604373005056
1342163046005956616,negative,0.03804626559888553
1342163054113517568,negative,0.008520554285895097
1342163054583304196,negative,0.18258183392746283
1342163055602372609,negative,0.00013133522251068604
1342163059536764932,positive,0.924610866246359
1342163060040101888,positive,0.9999190009521854
1342163062694977536,negative,0.006112180904382101
1342163070118985729,negative,3.9688693741806244e-07
1342163071175897089,negative,0.07968003517333247
1342163079874940929,negative,0.0011370712047324726
1342163091551907840,negative,0.1548764091217707
1342163104591990785,negative,0.03776493392766213
1342163109549637640,neutral,0.4836615648449466
1342163116155678725,negative,0.2904464483094233
1342163120027013125,neutral,0.4737554465528978
1342163120714866690,negative,0.0069660759992799534
1342163126494650369,negative,0.0036791440610124786
1342163126532395009,negative,0.025031572892530673
1342163126544961537,negative,0.0243372805191256
1342163126553247746,negative,0.2688851132897744
1342163126607884289,negative,0.11680422735735206
1342163126620450818,negative,0.11680422735735206
1342163126654021633,negative,0.06190850980692478
1342163126771470337,negative,8.788817386825663e-05
1342163126830055424,negative,0.15619261321342987
1342163126867775488,negative,0.007978118006237435
1342163131234209792,negative,0.011724737227430823
1342163133255835649,negative,0.004155080507835119
1342163138603601920,positive,0.9361972680918135
1342163143137628160,neutral,0.6149732941538079
1342163144903372800,negative,0.0040069841903250525
1342163155158503424,negative,0.30311666902129447
1342163155720482819,negative,0.044245969293014546
1342163156290789376,negative,0.30311666902129447
1342163161458348032,negative,0.03804626559888553
1342163162028789760,negative,0.001812755716488991
1342163165514182657,neutral,0.6149732941538079
1342163169708560385,negative,0.00020967023426541852
1342163174674460673,negative,0.14132013971068658
1342163176192954375,neutral,0.6149732941538079
1342163178277507072,negative,0.027346520966804556
1342163179015692290,negative,0.0007797371967668051
1342163183642013696,neutral,0.643431006661909
1342163184334077953,negative,0.30311666902129447
1342163199702003712,negative,0.2205229970649784
1342163200339566593,neutral,0.49789225920557484
1342163204735172609,negative,0.0040069841903250525
1342163205305626624,negative,0.00416652164376001
1342163207801229313,neutral,0.6149732941538079
1342163209499930626,negative,0.0821928344473867
1342163213153165313,negative,0.18258183392746283
1342163214872805378,negative,0.14341762918614057
1342163220098920449,negative,0.12002462183894778
1342163225098514432,negative,0.011063087877379158
1342163226537177089,negative,0.18258183392746283
1342163226625249281,negative,0.016427604373005056
1342163230429425664,positive,0.9998801433086433
1342163231742124034,negative,0.008178362527209763
1342163239128461312,negative,0.013345329180359246
1342163241234001923,negative,0.006112180904382101
1342163241238196232,negative,0.0029694655467261966
1342163244077744130,negative,2.8284183918630338e-05
1342163245151514626,negative,0.0008517843978421251
1342163250830598150,negative,0.030149582304239062
1342163251736489985,negative,0.18740126227742224
1342163257130409985,negative,0.016427604373005056
1342163258434867203,negative,0.002380459407504991
1342163261949693953,negative,0.2843797406182665
1342163262197010433,negative,0.02546247177846918
1342163262490738688,negative,0.0006832830193695865
1342163263816085507,positive,0.6782092883722031
1342163264570945537,negative,0.0820288529314466
1342163266110324736,negative,0.014830179469133488
1342163269239386119,neutral,0.46511884455441777
1342163269864271872,negative,0.00416652164376001
1342163276910747652,neutral,0.6149732941538079
1342163280081678336,positive,0.8507376224123229
1342163286847074307,negative,0.0031152850551612104
1342163291381133313,negative,0.037257944448087804
1342163292102520835,negative,0.0036791440610124786
1342163295214694401,negative,0.004849585118641502
1342163298083549185,negative,0.13982272814136576
1342163311983534080,negative,0.06711886013676781
1342163312612618244,negative,0.016427604373005056
1342163314823065601,negative,0.00020967023426541852
1342163319046737920,negative,0.0011092493736279904
1342163323681296389,negative,0.18258183392746283
1342163324725846020,negative,0.0019742200850810976
1342163329742217218,negative,0.10476314953070094
1342163330052608008,negative,0.0017091304100400086
1342163332703408128,negative,0.016427604373005056
1342163335073181696,neutral,0.5824774045984534
1342163335408721924,negative,0.32365626302067085
1342163343143038978,negative,0.0029062116892381857
1342163344107728897,negative,0.03804626559888553
1342163344850112512,neutral,0.46511884455441777
1342163345022070790,negative,0.18258183392746283
1342163345378582531,negative,0.03777294052259455
1342163346888527872,negative,4.987995025522656e-05
1342163347924463616,negative,0.09959627682925058
1342163350675865600,neutral,0.47899764479002754
1342163351267385344,negative,0.00012438050347565228
1342163354547351552,negative,0.020069848806758248
1342163358020206592,negative,0.00010929572952831055
1342163363057586177,positive,0.9896967697305836
1342163368262709255,negative,0.016917380996999163
1342163372851265541,neutral,0.46511884455441777
1342163376819097604,neutral,0.49789225920557484
1342163378278690820,negative,0.17420359590920864
1342163378379370497,neutral,0.5238998312586332
1342163385195106305,negative,0.0002530736201981671
1342163390274408448,negative,0.06691513298139447
1342163391746551810,neutral,0.3547451122652993
1342163393910894600,negative,0.00333061607930336
1342163396452634626,negative,0.012899076171342467
1342163402643402764,negative,0.005107308165791869
1342163402802786308,neutral,0.6149732941538079
1342163405600391171,negative,0.16383275354709953
1342163407638851584,negative,0.16283489362730202
1342163413770899460,negative,0.016427604373005056
1342163416451047427,neutral,0.6149732941538079
1342163426982981634,negative,0.30311666902129447
1342163429235322881,negative,0.0010685939349113786
1342163437590339585,neutral,0.36742492523419246
1342163439083540482,positive,0.9996806984355725
1342163441734332417,negative,9.301083156880856e-06
1342163446788448257,negative,0.0013842806220476002
1342163448726253574,negative,0.13701458536568323
1342163449183350785,negative,3.871591090196225e-05
1342163449573498883,negative,0.004849585118641502
1342163450202615814,negative,0.004474037076405083
1342163455386726401,negative,0.05231444469153519
1342163458767396866,negative,0.0045774114226911815
1342163458842882048,positive,0.7112264328727067
1342163460608692226,negative,0.0019742200850810976
1342163460885520384,negative,0.010280942500980947
1342163461724381186,negative,0.0009910211250774865
1342163462676488192,negative,0.008747071094500498
1342163463557312512,negative,0.003284962230380746
1342163466564608003,negative,0.003413067213581349
1342163466971459584,negative,0.020069848806758248
1342163470217830406,negative,0.0012081280808229388
1342163478551945218,negative,0.003674396775413469
1342163481395662851,neutral,0.3604943654842814
1342163483547336704,negative,0.01586640940737678
1342163486403649536,negative,0.0007710323615182542
1342163492539871234,negative,0.00012438050347565228
1342163497241739264,neutral,0.6149732941538079
1342163499531841539,neutral,0.46511884455441777
1342163502950187008,negative,0.03729635141672984
1342163508344086533,negative,0.03777294052259455
1342163510067773440,negative,0.00246745230919186
1342163512643219457,negative,0.030764717669553854
1342163515969314819,negative,0.18505441871810677
1342163519865810944,positive,0.9712760303336417
1342163535875497989,negative,0.18500913913185818
1342163542229790722,negative,0.2669464722541846
1342163554275831814,negative,0.023551600692398797
1342163554657513472,negative,0.00045035790389396426
1342163555886329858,negative,0.26736065091710126
1342163558956724226,negative,0.0012081280808229388
1342163559200010242,negative,0.0036791440610124786
1342163562769375238,negative,0.001894304026793264
1342163563587239936,negative,0.20957025401854895
1342163566435119104,neutral,0.46511884455441777
1342163569572519941,negative,0.004921158787283489
1342163571380142086,negative,0.26736065091710126
1342163577092907012,neutral,0.5238998312586332
1342163579290742784,negative,0.32365626302067085
1342163581584994305,positive,0.8373975163866868
1342163581790543874,neutral,0.36440385825114957
1342163584483282944,negative,0.09840000646232752
1342163585007415297,negative,0.26736065091710126
1342163588719456257,neutral,0.6489077768764223
1342163600006381572,negative,0.016427604373005056
1342163602158084098,negative,0.007645255270188219
1342163607669374983,negative,0.008570310713299875
1342163616171241474,negative,0.032276841570583276
1342163617383239680,negative,4.7612560555751397e-07
1342163621363773446,negative,0.000991248616301309
1342163622659846144,negative,0.0001991596779660493
1342163628888190977,neutral,0.36742492523419246
1342163631195172868,negative,0.0036791440610124786
1342163636723343362,negative,0.015384729087312239
1342163636924645376,negative,0.30311666902129447
1342163642934956032,negative,0.16253673742485877
1342163643803324417,negative,0.0052666585246574915
1342163649880846348,negative,0.030062770236677906
1342163653043302405,negative,0.0036791440610124786
1342163654289059840,negative,7.730486191552276e-06
1342163656226836480,negative,0.0013842806220476002
1342163660794421254,negative,0.18258183392746283
1342163669313073155,negative,0.016427604373005056
1342163669849788416,negative,0.00013014368783441016
1342163673691914242,negative,0.15947520016656105
1342163678137896960,neutral,0.3315587626057608
1342163679786090496,neutral,0.5238998312586332
1342163687927377920,negative,0.0036791440610124786
1342163690473345031,negative,3.5771679863913186e-06
1342163691618316288,negative,0.00416652164376001
1342163696345354244,negative,0.09791573991357551
1342163702586478593,neutral,0.46511884455441777
1342163706940190721,negative,0.010913431004332586
1342163708345282562,negative,0.006096851890275574
1342163723704791040,negative,0.0012081280808229388
1342163730524741637,negative,5.643116609654254e-06
1342163734274449408,negative,0.226918683960479
1342163735520145411,neutral,0.5517150641061632
1342163747444559872,negative,0.0019742200850810976
1342163748925157377,negative,0.24873560085055949
1342163753933156353,negative,0.03171493986472626
1342163756156133380,negative,0.14081147919606865
1342163756793651203,negative,0.0009314459915853971
1342163760459505664,negative,0.004849585118641502
1342163770236424192,negative,0.00014898306801054982
1342163771205312512,negative,0.2256522636868311
1342163774661419009,negative,0.004849585118641502
1342163778679566340,negative,0.023308938081490035
1342163781959487489,positive,0.7009755801765708
1342163788330635265,positive,0.9486500350090005
1342163793598550017,negative,0.08209252186055002
1342163794127179776,negative,8.690232243833161e-07
1342163796417245184,negative,0.016427604373005056
1342163801089732612,negative,0.08405534876210334
1342163803891507204,negative,0.004921158787283489
1342163811462221830,negative,0.0029381546502649965
1342163814473728000,negative,0.06156100502183778
1342163822715531269,negative,3.4750409363598303e-12
1342163822770008064,negative,0.01586640940737678
1342163824766545926,negative,0.013345329180359246
1342163826200948737,negative,0.0045774114226911815
1342163829665509383,negative,1.894836895761861e-05
1342163830793764864,negative,0.015383690552256152
1342163832236601345,positive,0.7786265811340647
1342163833201303553,negative,6.117209536803182e-05
1342163833847164933,negative,0.006112180904382101
1342163837865263104,neutral,0.46511884455441777
1342163847268900865,negative,0.27578376211472755
1342163847935881216,negative,0.14132013971068658
1342163852658663426,neutral,0.46923832687107586
1342163856521621506,negative,0.21901725198202554
1342163863635173377,positive,0.8480416943601848
1342163866780889088,negative,0.30311666902129447
1342163867867164673,negative,0.008747071094500498
1342163869616271360,negative,0.00019941967542738074
1342163869976899584,neutral,0.46511884455441777
1342163870396375042,negative,0.30311666902129447
1342163870719291393,positive,0.7112264328727067
1342163873424695298,negative,0.02025938390056081
1342163881519509506,negative,0.1059813192414299
1342163884115959810,negative,6.117209536803182e-05
1342163886313787392,negative,0.011929996634097509
1342163886661840899,negative,0.0036791440610124786
1342163890705203202,negative,0.2984465310425089
1342163890747170819,negative,0.18258183392746283
1342163900981260288,negative,0.18258183392746283
1342163906345754626,negative,5.102629887027037e-08
1342163907037769729,negative,0.29688042027492606
1342163909072060416,negative,0.30733430154602626
1342163909726363652,negative,3.1786309720382544e-05
1342163913635491841,neutral,0.49324189109981204
1342163917615882240,positive,0.8440728986871372
1342163921046790144,negative,0.1332837722907845
1342163921462054912,negative,0.00011627231610328699
1342163922175070208,negative,2.495587014922651e-08
1342163929464791045,negative,0.016427604373005056
1342163935248732163,negative,0.00026453119429437636
1342163935961690112,negative,1.928143928313376e-05
1342163948167159812,negative,0.001642093302975581
1342163951715569666,negative,0.002175374638563519
1342163955050049536,negative,0.03483375283118674
1342163958501941253,negative,0.05162257117507772
1342163958678106118,neutral,0.34487868103435326
1342163960615858177,negative,0.24110701046725058
1342163964000665603,negative,0.0019742200850810976
1342163970610892802,neutral,0.37105431875052924
1342163976214487042,negative,0.0036791440610124786
1342163976600301568,negative,0.013345329180359246
1342163977493737473,neutral,0.4299371657496221
1342163983013449728,negative,0.14132013971068658
1342163983214792704,negative,0.00014815836483001937
1342163987182587908,negative,0.016427604373005056
1342163988935659521,negative,0.003947919005414387
1342163989355237381,negative,0.0812148074563168
1342163990236041219,negative,0.01596730729202388
1342163996858871813,negative,0.30311666902129447
1342164002596655107,neutral,0.3428393741674494
1342164003091599365,neutral,0.3933207395559069
1342164006707097600,negative,7.730486191552276e-06
1342164016156745728,negative,0.04179843394934213
1342164023392034816,positive,0.8373975163866868
1342164029578608640,neutral,0.4507454498615163
1342164029788348418,negative,0.05700022458007986
1342164031541571586,negative,0.013320988633320924
1342164034297208833,negative,7.6971854075636e-06
1342164042316734467,negative,0.0036791440610124786
1342164049950347265,positive,0.9901085933333214
1342164051808428033,negative,0.007320958237915606
1342164057281933312,negative,0.0019742200850810976
1342164057374269440,negative,8.675947883028356e-05
1342164058615783424,negative,0.2256522636868311
1342164066006163460,negative,0.05257651910980946
1342164068745048069,negative,0.23547448214396235
1342164073631395843,negative,0.03925212264752703
1342164074017284096,negative,0.0036791440610124786
1342164075934048257,negative,0.19812668733446728
1342164077695684608,negative,0.08405534876210334
1342164087774568450,neutral,0.6149732941538079
1342164089825595392,negative,0.015320462693009147
1342164097656356870,negative,0.0011636489319184545
1342164098189041665,negative,0.011724737227430823
1342164100898500608,negative,0.17913737337716618
1342164103356362755,negative,0.2688851132897744
1342164105847840768,neutral,0.46923832687107586
1342164116153237505,negative,7.730486191552276e-06
1342164117226999812,negative,0.007623185779951275
1342164119634518016,negative,5.6447516587853884e-05
1342164122230775809,negative,8.690232243833161e-07
1342164123245830146,neutral,0.4602076113870112
1342164123988205570,negative,0.32487682076984686
1342164124902555648,negative,8.350125887584787e-05
1342164125435179015,negative,0.032276841570583276
1342164129319153666,positive,0.9974429254738786
1342164129864441856,negative,1.1779929248706081e-06
1342164131063988231,negative,0.00987357422333088
1342164133223911424,negative,0.3124922597217575
1342164133282795522,negative,0.1396645146621182
1342164138529853447,negative,6.117209536803182e-05
1342164140757032960,negative,0.0002530736201981671
1342164141461688320,negative,0.06871097112836691
1342164141964931072,negative,0.052237915845013534
1342164142115926019,negative,0.0036791440610124786
1342164143231676421,negative,0.30311666902129447
1342164146993827840,negative,0.01347165767592695
1342164154354868224,negative,0.06283917819742352
1342164158285012992,neutral,0.5591898325248428
1342164165054623745,negative,0.06156100502183778
1342164165784457216,negative,0.0003191298261997219
1342164167646728202,negative,1.3334214851145126e-06
1342164170452725762,negative,5.445351532956485e-06
1342164173363539970,negative,0.0002111298390665403
1342164175326388225,negative,0.10476314953070094
1342164179751493633,neutral,0.5747304135188571
1342164180120571906,negative,0.0004036356967443948
1342164181148057600,neutral,0.6149732941538079
1342164182460981250,negative,0.030149582304239062
1342164186802118663,negative,0.016917380996999163
1342164188391739394,negative,0.03777294052259455
1342164193022238721,negative,0.25978082121952806
1342164195886960643,negative,0.00333061607930336
1342164198537752578,negative,0.06156100502183778
1342164198831349766,negative,0.04035484829008385
1342164204057473026,negative,0.0010276577817340611
1342164209321336838,negative,0.00020967023426541852
1342164227688169478,negative,0.07213506132594845
1342164228023713794,negative,0.004849585118641502
1342164230884253698,negative,6.117209536803182e-05
1342164233547636737,negative,0.0004036356967443948
1342164244943536130,negative,0.0045774114226911815
1342164251469783041,negative,0.08209252186055002
1342164259992694786,negative,0.030688166617666865
1342164260177240064,negative,0.0812148074563168
1342164266787418114,negative,7.730486191552276e-06
1342164268570071041,negative,1.2805986263624325e-05
1342164270818082816,neutral,0.6149732941538079
1342164272651055104,negative,0.0012124329654747362
1342164283413721090,negative,0.21139109066500397
1342164284382572544,negative,0.014198379407949295
1342164290342707201,negative,0.002310187935975205
1342164295937904642,negative,0.00029882612566219243
1342164300371292161,negative,0.0043621170301730355
1342164304888532999,neutral,0.48636446360627167
1342164315680501760,negative,0.0004036356967443948
1342164318737977344,negative,0.009227712080139436
1342164322722734083,negative,0.06156100502183778
1342164324878573568,negative,0.0003903919311249069
1342164328829562882,neutral,0.3381045966679859
1342164329886437376,negative,0.009227712080139436
1342164337482473473,negative,0.06156100502183778
1342164338283581440,negative,0.14132013971068658
1342164338463961093,negative,2.7243205759004893e-05
1342164342054252547,negative,0.2688851132897744
1342164353013964803,negative,0.0045774114226911815
1342164357183107072,neutral,0.4968902548306847
1342164368780353538,negative,0.004849585118641502
1342164371179450371,negative,0.3124922597217575
1342164376535629824,negative,0.0007710323615182542
1342164384831991808,negative,0.00306634520729838
1342164384886312960,negative,0.08774325499538353
1342164384949411840,positive,0.9778133863207864
1342164385003786240,negative,0.0029496004121210262
1342164385146363905,positive,0.7378372582166237
1342164385188380673,negative,1.7318655205739357e-06
1342164385226227714,negative,0.0006750170605816141
1342164385230295040,positive,0.9681752324488854
1342164385234563072,negative,5.799691904627184e-10
1342164385238638592,negative,0.0009035983661838625
1342164388380368896,negative,0.06039816317489888
1342164388648779776,negative,0.1292159702898144
1342164390485897216,negative,0.29040018676346757
1342164393228816384,negative,0.0812148074563168
1342164395795746816,negative,8.40299931559727e-06
1342164398178238465,negative,0.17160645450286208
1342164398727684096,negative,0.26736065091710126
1342164399361028099,negative,0.006112180904382101
1342164399516225537,neutral,0.49501279394789377
1342164402083127304,negative,0.0702755496756272
1342164403995750400,negative,0.18258183392746283
1342164413936263172,negative,2.7208840995306853e-05
1342164414598950912,negative,0.06039816317489888
1342164418617094144,negative,0.008386291742570783
1342164421234319360,negative,0.14130312803919653
1342164423037825024,negative,0.07372446448351776
1342164437424361474,neutral,0.46511884455441777
1342164442289758208,negative,0.0025839751135425613
1342164443371876355,negative,0.1260528012997465
1342164445213192195,positive,0.9426144311992811
1342164450246332421,negative,0.21809278637772703
1342164450695127045,negative,0.30311666902129447
1342164453224230912,negative,0.013370806066265492
1342164453329141760,negative,0.004440145880942217
1342164456663625730,neutral,0.49789225920557484
1342164464062361600,negative,0.016917380996999163
1342164475714150407,positive,0.8462490093433149
1342164477626773505,negative,0.0004036356967443948
1342164489974775811,positive,0.9603877078171027
1342164492952727554,negative,7.378222990956861e-06
1342164493586100225,negative,0.11236932133361553
1342164496245256193,negative,0.00045035790389396426
1342164500145971207,negative,0.002380459407504991
1342164500393373703,negative,1.928143928313376e-05
1342164513567744002,negative,0.12140198526802601
1342164513815195650,negative,1.2197602222364548e-05
1342164515509727234,negative,0.2356663253618434
1342164516495388677,negative,0.0045774114226911815
1342164516985925633,negative,0.011793634319612658
1342164518311522304,neutral,0.6149732941538079
1342164518764503045,negative,6.521762067495861e-05
1342164519339102208,negative,0.2548126093432454
1342164521822138368,negative,0.1516709650024476
1342164526184206337,negative,0.20935166489465376
1342164531494187009,negative,0.28221785842593594
1342164533666852870,negative,0.019765882099457736
1342164536497995778,negative,0.13951650369066312
1342164539882745858,negative,0.19812668733446728
1342164543619936262,negative,0.18258183392746283
1342164544601415684,negative,0.007208613125136397
1342164548430790667,negative,0.0020674483111158214
1342164552516042754,negative,0.015784810580329697
1342164553434615808,negative,7.730486191552276e-06
1342164557733781505,neutral,0.4460705294843111
1342164560275505152,negative,0.0118826923082397
1342164560296497155,negative,0.0013286374258839311
1342164564465610752,negative,0.13282942792649632
1342164565455478786,negative,0.2568636855303768
1342164565497405443,neutral,0.6489077768764223
1342164576243216384,negative,0.22610783241772775
1342164577165975554,negative,7.730486191552276e-06
1342164579372191744,negative,0.06441863133120522
1342164585462132741,negative,0.031489123559982284
1342164587794354176,negative,0.012595614407714522
1342164588930936840,negative,0.016427604373005056
1342164589061033985,negative,0.00019941967542738074
1342164591296598016,negative,0.13951650369066312
1342164593120923648,negative,0.014791831184967285
1342164594048036865,neutral,0.49501279394789377
1342164601203552257,negative,5.969286072510534e-05
1342164603497803777,negative,0.09295545479131108
1342164604475027456,neutral,0.5226290434601477
1342164604475109376,negative,2.6333341228445877e-06
1342164618513420291,negative,0.016427604373005056
1342164619171930112,negative,0.004849585118641502
1342164629427023873,negative,0.018342835015595846
1342164637689765889,neutral,0.39320338647136027
1342164638092439553,negative,0.004849585118641502
1342164639182946315,negative,0.0043621170301730355
1342164639614971905,negative,0.03777294052259455
1342164641624039431,negative,0.10945389612604609
1342164642618089474,negative,0.08001683946579354
1342164644035784704,neutral,0.6149732941538079
1342164659860856832,negative,1.4665786319277766e-05
1342164661190479874,negative,0.012595614407714522
1342164663824478210,negative,0.0025839751135425613
1342164665015549952,neutral,0.6149732941538079
1342164667830034432,negative,0.03614878634196049
1342164673043574784,neutral,0.6149732941538079
1342164676357074944,negative,0.2773568066675862
1342164682111651841,negative,0.13701458536568323
1342164683852292096,negative,0.13951650369066312
1342164685223829505,negative,0.016427604373005056
1342164689027911681,negative,0.002007343405569484
1342164692274454528,positive,0.7185463970985316
1342164694954631168,negative,2.7208840995306853e-05
1342164698561703936,negative,0.1017560438077668
1342164700252024832,negative,5.0328103610248924e-05
1342164702282067968,negative,0.003413067213581349
1342164702948941825,negative,0.005977656921699271
1342164708518989826,negative,0.004849585118641502
1342164709525639168,negative,0.32828155536255615
1342164713317289990,negative,0.016427604373005056
1342164721450024968,negative,0.08001683946579354
1342164728383238145,negative,0.016427604373005056
1342164729188536323,negative,0.013345329180359246
1342164729297514498,negative,0.02929475236716552
1342164735391911936,negative,0.013370806066265492
1342164735500955648,positive,0.8440728986871372
1342164740563460103,negative,7.777270202018509e-06
1342164742522200065,negative,0.0019742200850810976
1342165614295736320,negative,0.18258183392746283
1342165621379899392,negative,3.241134140227369e-05
1342165621400875008,neutral,0.6489077768764223
1342165621912596482,negative,0.026296788465786085
1342165622160031748,negative,0.009915330295003391
1342165623028199426,negative,0.016427604373005056
1342165624244609024,negative,6.606504991730966e-05
1342165631966339076,negative,0.06156100502183778
1342165633123962881,negative,2.1082633105542718e-05
1342165634323521539,negative,0.21901725198202554
1342165635049074688,negative,0.016427604373005056
1342165635137232900,negative,0.0029438858202181103
1342165640174575618,negative,6.088745228899963e-06
1342165640887627776,neutral,0.6149732941538079
1342165643198660608,negative,4.0201520720942294e-05
1342165643261427715,negative,0.23759387520148675
1342165643500675074,negative,0.030149582304239062
1342165644440186880,neutral,0.40241939683407785
1342165651679416320,positive,0.8245116999074925
1342165661515071493,positive,0.8245116999074925
1342165661922033670,negative,0.21996555148547678
1342165665772429317,negative,0.03670775707922249
1342165669056552961,neutral,0.43237554377459264
1342165672005165063,negative,7.99785438837648e-06
1342165673439617025,positive,0.8245116999074925
1342165676090404866,negative,0.004440145880942217
1342165678032355333,negative,1.928143928313376e-05
1342165680985157639,negative,0.30733430154602626
1342165682780332035,negative,0.004440145880942217
1342165683728220161,negative,0.03777294052259455
1342165684361392128,neutral,0.6149732941538079
1342165684726366208,neutral,0.49789225920557484
1342165685540163587,negative,0.10458018626330132
1342165690275430400,neutral,0.6149732941538079
1342165705718980611,negative,0.008747071094500498
1342165709275725825,neutral,0.48636446360627167
1342165712350179332,negative,4.987995025522656e-05
1342165718415134720,negative,0.00678136489509398
1342165721476956162,negative,0.016427604373005056
1342165727319646209,negative,0.16734089049597742
1342165729102229506,negative,0.0045774114226911815
1342165729173504000,negative,0.03312097385064703
1342165729320333314,negative,0.016427604373005056
1342165731144851456,negative,0.015320462693009147
1342165731220328454,negative,0.08001683946579354
1342165734173106176,neutral,0.35869654080046004
1342165735322353665,negative,0.16727301820128387
1342165746781192194,positive,0.882300701404728
1342165747649433601,negative,0.0036791440610124786
1342165749692043264,negative,0.21531398680549513
1342165750161801217,negative,0.040407012337111164
1342165760714534913,negative,0.00020967023426541852
1342165763524857856,negative,0.004849585118641502
1342165763747098631,negative,0.21996555148547678
1342165768088252419,negative,1.7141785462665852e-09
1342165770692931584,negative,0.32828155536255615
1342165773121433603,positive,0.8507376224123229
1342165775654780928,neutral,0.4153373325707398
1342165775679938562,negative,0.08117678719135535
1342165776283951104,negative,0.007994875426321938
1342165783011581954,negative,0.1329042288600342
1342165787109429250,negative,0.08001683946579354
1342165790724923397,negative,5.1579336273191884e-05
1342165793849671685,negative,0.1260528012997465
1342165795405705216,positive,0.9999077122151757
1342165802305388544,negative,0.06604326981260944
1342165808378769410,neutral,0.47530583900325063
1342165809494446081,negative,2.0393082174879047e-06
1342165810899529728,negative,0.06711886013676781
1342165812455628801,negative,7.730486191552276e-06
1342165818549923840,negative,0.03956990505510374
1342165818650611713,negative,0.2981809791919107
1342165822593261571,negative,0.015217543311308293
1342165822626811904,negative,1.4780471115456722e-06
1342165826472976384,negative,0.1332220651727863
1342165829702610946,negative,7.046963800371986e-07
1342165830428188672,negative,0.009618385386211535
1342165832298876928,negative,0.040805085571563524
1342165834769293318,negative,0.0019742200850810976
1342165835088064512,negative,0.18258183392746283
1342165837474656264,negative,0.0019742200850810976
1342165845842268160,negative,6.117209536803182e-05
1342165848216236032,negative,0.18258183392746283
1342165851013787649,negative,0.18258183392746283
1342165856290283521,negative,2.6333341228445877e-06
1342165861847728131,negative,0.002454797067136132
1342165862405570564,positive,0.7917750526129937
1342165863034712064,negative,0.022709218207806147
1342165863617716225,negative,0.0001047060703588779
1342165868927741955,negative,5.9767109163693895e-06
1342165875953172480,neutral,0.4855350834302105
1342165882777300994,negative,7.730486191552276e-06
1342165883645550596,neutral,0.4556182209766643
1342165887718199296,negative,0.29600396516190636
1342165894118715395,negative,0.027339824762874363
1342165894735265798,negative,0.004802314506566192
1342165894814986240,positive,0.8225105632204915
1342165898749206528,negative,0.004849585118641502
1342165902255644674,negative,0.016427604373005056
1342165903488798722,negative,0.00017107372357515457
1342165905137164290,negative,0.0940787485057655
1342165910833008640,neutral,0.6149732941538079
1342165919137730561,negative,0.007826970935852074
1342165921884991488,negative,0.051689846512610174
1342165924745535488,negative,0.0045774114226911815
1342165930181349376,negative,0.005834113713886394
1342165930772721670,negative,0.0045774114226911815
1342165930810302464,negative,0.14132013971068658
1342165934560190467,negative,2.104663430076675e-10
1342165935336157200,negative,0.16727301820128387
1342165941434675200,negative,4.780171543739117e-10
1342165948741070848,negative,5.1579336273191884e-05
1342165951417102338,negative,0.06156100502183778
1342165953979813891,negative,3.9464292681013117e-10
1342165955309408259,negative,0.09870004806651764
1342165957771460609,negative,0.003935939988832023
1342165961898680320,negative,0.016917380996999163
1342165962976595968,negative,0.16226085043592556
1342165966604689409,negative,4.485525746351616e-05
1342165971390369792,negative,0.002805742654146638
1342165972808036352,negative,0.004849585118641502
1342165978076114948,negative,0.1828032273543383
1342165980932427776,negative,0.052948011942464554
1342165983012773891,neutral,0.3996410507851217
1342165984468205568,negative,2.7208840995306853e-05
1342165985411944450,negative,0.2981809791919107
1342165986087198720,neutral,0.38206843311007627
1342165995042037764,negative,0.051689846512610174
1342165995104985089,positive,0.9426144311992811
1342165997835448320,neutral,0.3428393741674494
1342166000897302531,negative,0.0005760498126914107
1342166002449182721,negative,0.008747071094500498
1342166021944315906,negative,0.32365626302067085
1342166023479455745,negative,7.730486191552276e-06
1342166025396236288,negative,0.008386291742570783
1342166028944551936,negative,0.06711886013676781
1342166033055047682,negative,0.08001683946579354
1342166037387763713,negative,0.12398526991242008
1342166037836537858,negative,0.016427604373005056
1342166038037803009,negative,0.013345329180359246
1342166039648464901,negative,0.00042497137855986516
1342166041821065227,negative,0.0032358454274331217
1342166041850482688,negative,0.18258183392746283
1342166042064412675,negative,0.01017345051348728
1342166044794884101,negative,0.051689846512610174
1342166047026278403,negative,0.18258183392746283
1342166048917905415,negative,0.013345329180359246
1342166050734006273,negative,0.32828155536255615
1342166052214607873,negative,0.014541756000355508
1342166058904465415,negative,0.12712734885484392
1342166061555347460,negative,0.000649447119184224
1342166061907668992,negative,0.24556203607796612
1342166065485410304,negative,0.002310187935975205
1342166066911436801,negative,0.21901725198202554
1342166067016249347,negative,0.012595614407714522
1342166067888726023,negative,0.002805742654146638
1342166068668870657,neutral,0.359287878570893
1342166069990060037,negative,1.2197602222364548e-05
1342166077246156800,negative,0.0019742200850810976
1342166082677825536,negative,9.418134239341024e-09
1342166083265048582,negative,0.01676275077164432
1342166090554744839,negative,0.2669464722541846
1342166096036696066,negative,0.008004348567543835
1342166099031445507,negative,0.016427604373005056
1342166099685732357,neutral,0.5534178751696875
1342166107189374977,negative,0.022555295659749775
1342166109664006145,positive,0.9542043903517397
1342166110498664452,negative,0.2669464722541846
1342166111731802114,neutral,0.5238998312586332
1342166114550341633,negative,0.08055378728341275
1342166121944920065,negative,0.16727301820128387
1342166126898389002,negative,0.29600396516190636
1342166131491135489,negative,3.2446651587767156e-07
1342166138231402496,negative,0.21939254360948038
1342166138432724993,negative,0.016427604373005056
1342166140424957953,negative,0.016427604373005056
1342166145567256580,negative,0.016427604373005056
1342166147710464002,negative,5.565804092693385e-06
1342166148528427013,negative,9.75625108538828e-08
1342166149371465730,negative,0.08001683946579354
1342166158628298752,neutral,0.6149732941538079
1342166166979174401,negative,0.019082453908448597
1342166169617313794,negative,0.18258183392746283
1342166170632380419,negative,0.005977656921699271
1342166171378974720,negative,0.055250015392882615
1342166176953217025,negative,0.000649447119184224
1342166176970010627,negative,0.015320462693009147
1342166179692085250,negative,0.008747071094500498
1342166183286550531,negative,1.928143928313376e-05
1342166184901357570,neutral,0.359287878570893
1342166186222645250,negative,0.0004036356967443948
1342166190442078208,negative,0.00020967023426541852
1342166191557763074,negative,0.03843873694870781
1342166196981018625,negative,0.30311666902129447
1342166198386102272,negative,0.0070223705065101455
1342166202802724864,negative,5.0032047220808994e-05
1342166207005401089,negative,0.0043621170301730355
1342166208494317573,negative,0.06838091240989712
1342166214613860353,neutral,0.6149732941538079
1342166221685366785,negative,0.12164179654375695
1342166222113275904,negative,0.18285841255500213
1342166225464528896,negative,0.09969180464687587
1342166227947548673,negative,0.016917380996999163
1342166235463745539,negative,0.03957298382537935
1342166238487785473,negative,0.2148034929280826
1342166239377055744,negative,0.0702755496756272
1342166248814223366,negative,0.051689846512610174
1342166260033970177,negative,0.010305694566519008
1342166260931579905,negative,0.0005445949762914625
1342166264324771841,negative,0.051939131371176804
1342166269819314177,negative,0.00333061607930336
1342166272008663041,negative,0.036124091189485924
1342166281462624257,negative,0.11635749989020586
1342166288307802117,negative,0.09870004806651764
1342166289045999618,negative,0.0036791440610124786
1342166289960357889,negative,0.028069908623842697
1342166291734519808,negative,0.031489123559982284
1342166294293073921,negative,0.18106252682705706
1342166298931953673,negative,1.0430977244165308e-06
1342166299896668160,negative,0.00010929572952831055
1342166300907462659,negative,0.1260528012997465
1342166309212213248,negative,0.09969180464687587
1342166311649112064,positive,0.7917750526129937
1342166314190843906,negative,0.0025500539293537333
1342166325398032384,negative,0.32487682076984686
1342166326056542208,negative,0.0004036356967443948
1342166327960735745,negative,0.03312097385064703
1342166328589897730,negative,0.051689846512610174
1342166329068040193,negative,0.0022848969623079306
1342166333484650497,neutral,0.6149732941538079
1342166335212711938,negative,0.13951650369066312
1342166343848751107,negative,0.013370806066265492
1342166345551646721,negative,5.565804092693385e-06
1342166351398514689,negative,0.05832130971186221
1342166354472923136,negative,7.730486191552276e-06
1342166365893963777,negative,0.016427604373005056
1342166368851030017,negative,0.0021711828321665616
1342166369186570240,negative,0.0019742200850810976
1342166369710841857,negative,0.09039445983221202
1342166371799601152,negative,0.0002530736201981671
1342166371896086530,negative,0.0006882629575688258
1342166378787319808,negative,0.12286284567033005
1342166386311897088,neutral,0.5777179261347118
1342166388778168322,negative,6.117209536803182e-05
1342166394784329728,negative,0.05762329680907447
1342166398978682880,negative,0.009977584194156031
1342166399783997442,negative,0.0004036356967443948
1342166399993729024,negative,0.022297713581097396
1342166404699717632,neutral,0.46502620540948164
1342166418918408197,neutral,0.6149732941538079
1342166420172533762,neutral,0.3771278110887825
1342166421237805056,negative,0.011724737227430823
1342166423087493121,negative,0.0040069841903250525
1342166425352491008,negative,0.0706528566680088
1342166429601247233,negative,0.051689846512610174
1342166429949448193,negative,0.0016751934350274144
1342166435070619650,negative,0.19539279057951697
1342166449490636800,neutral,0.5517150641061632
1342166455077498880,negative,0.00042105040202187544
1342166459502485506,negative,0.03804626559888553
1342166461444476939,negative,0.09094665205682262
1342166462530793475,negative,0.001826493662039333
1342166474451013632,negative,0.013756184374512145
1342166476783038464,negative,0.016427604373005056
1342166480159444999,negative,0.009915330295003391
1342166483137392640,negative,7.730486191552276e-06
1342166483502325763,negative,0.12140198526802601
1342166484710207489,negative,0.29600396516190636
1342166484789899266,negative,0.0040069841903250525
1342166484840288256,negative,0.004720350798915891
1342166487977570306,negative,0.005693783817968256
1342166491026911239,negative,0.0024838395326139124
1342166493287604224,negative,0.005834113713886394
1342166495263137793,negative,0.006795160632124096
1342166502708019207,negative,0.22770372577682102
1342166503492345863,negative,0.12721661430704986
1342166511453138944,negative,0.0812148074563168
1342166514577809408,negative,0.0896805143989806
1342166520126959618,negative,0.002805742654146638
1342166521565556736,negative,0.051689846512610174
1342166522232500225,negative,0.3160603667435888
1342166524539375624,negative,0.016427604373005056
1342166524610621440,negative,0.0255468551606918
1342166534702166016,positive,0.8942085523114374
1342166544734949377,neutral,0.3604943654842814
1342166545615753216,negative,0.06092375904662974
1342166546651688961,negative,0.06156100502183778
1342166561117917186,negative,0.18258183392746283
1342166581737107463,positive,0.996474028202804
1342166584408879115,negative,0.06045487176594617
1342166589806944256,negative,0.18258183392746283
1342166594642989057,negative,0.30311666902129447
1342166595041435650,negative,8.676833210040146e-07
1342166599248322562,neutral,0.42388136754698297
1342166606860988417,positive,0.8440728986871372
1342166620576370689,negative,0.32221592714766345
1342166635201908736,negative,0.18258183392746283
1342166640453177344,negative,0.016427604373005056
1342166649869361152,negative,0.00014898306801054982
1342166649894547456,negative,0.24647822627255653
1342166649907142657,negative,0.0043621170301730355
1342166650255192064,positive,0.8409454173684134
1342166650796335104,neutral,0.6149732941538079
1342166652293623808,negative,0.0032358454274331217
1342166655623950336,negative,0.007340480399549142
1342166659516260354,negative,0.022555295659749775
1342166660367712257,neutral,0.46024741721707996
1342166667359612929,negative,0.016917380996999163
1342166673370083331,negative,0.016427604373005056
1342166678772310016,negative,6.03532728852622e-11
1342166687773286400,negative,0.14600260261274137
1342166690021388289,negative,0.012595614407714522
1342166691237646337,neutral,0.37215882952914225
1342166696421773312,negative,0.1237920764744117
1342166698863038466,negative,0.08001683946579354
1342166702784655360,negative,0.03729635141672984
1342166704227495939,negative,0.043423234807478936
1342166706907541504,negative,0.013370806066265492
1342166708770009089,negative,0.0043621170301730355
1342166712821563393,negative,0.05231444469153519
1342166714298077184,negative,7.730486191552276e-06
1342166716604887040,negative,0.0812148074563168
1342166721248063500,neutral,0.46127768308170247
1342166721688383495,negative,0.051689846512610174
1342166722330161154,negative,0.12460107947819192
1342166723995303936,positive,0.8440728986871372
1342166729733111808,negative,0.12374479821887083
1342166731192721411,negative,0.019566511139181772
1342166737651986434,neutral,0.3863447861872163
1342166741468803073,negative,0.01169753671012526
1342166746296430594,negative,0.051689846512610174
1342166747227582465,negative,0.0032358454274331217
1342166755964301313,positive,0.8556046695407159
1342166761211248641,negative,0.09151644227849291
1342166764025761793,negative,1.0480715011900803e-05
1342166765338550273,negative,0.026240012599048113
1342166768891142145,negative,0.041545674826196824
1342166778697445377,negative,0.18258183392746283
1342166778848415746,negative,0.022555295659749775
1342166780412882949,negative,0.022914558770140443
1342166781641818112,negative,6.198950810937391e-09
1342166782153396225,negative,0.0706528566680088
1342166789334175744,negative,2.7208840995306853e-05
1342166793083908096,negative,0.006112180904382101
1342166795596214275,negative,0.0009390832590088655
1342166797060071424,negative,0.06156100502183778
1342166797999624192,positive,0.7277368619764085
1342166809584279556,negative,0.0025839751135425613
1342166811064860673,negative,0.17007468434815515
1342166813522735106,negative,0.004849585118641502
1342166815485685762,negative,0.014682997223237055
1342166823555493889,negative,0.012595614407714522
1342166826797690882,negative,0.01064493151054244
1342166832845881346,negative,0.0019742200850810976
1342166835937079296,negative,0.18258183392746283
1342166838130651136,negative,0.0812148074563168
1342166840835915776,negative,0.012614806483989433
1342166852311670789,negative,0.016151987394044644
1342166855151210498,neutral,0.5507053014829051
1342166856896012289,negative,0.18258183392746283
1342166857080582145,negative,0.08405534876210334
1342166857558740992,neutral,0.49789225920557484
1342166858540191745,negative,0.0045774114226911815
1342166863250337800,negative,0.004084003612441697
1342166864701640707,negative,0.06636730884894361
1342166865263661057,negative,5.6447516587853884e-05
1342166869256642566,negative,0.007469266934572501
1342166873782235139,negative,0.18258183392746283
1342166879331377152,negative,0.09406984199600175
1342166884200886272,neutral,0.49789225920557484
1342166885127892998,negative,0.011724737227430823
1342166893227094016,negative,0.28617978763691837
1342166896129552384,negative,0.2148034929280826
1342166896561577985,negative,0.1608158984445135
1342166901502390273,positive,0.9981338118857995
1342166904769835011,negative,0.0812148074563168
1342166905679978496,negative,0.015163381433748423
1342166908469178370,negative,0.016427604373005056
1342166909073190920,negative,0.004849585118641502
1342166914030841856,neutral,0.6149732941538079
1342166917990076417,negative,0.0045774114226911815
1342166930329894912,negative,0.033858021796300895
1342166931202211840,negative,0.013370806066265492
1342166934574555136,neutral,0.6149732941538079
1342166935363006464,negative,0.008004348567543835
1342166942845718528,negative,0.1307717760361466
1342166947434262528,negative,6.563917982169534e-11
1342166960356909057,negative,0.008787525787110336
1342166967793364993,negative,0.022555295659749775
1342166970922389505,negative,4.100844028310655e-05
1342166973971619845,negative,0.0008517843978421251
1342166975624175618,negative,3.7223456339807436e-10
1342166979654856707,negative,0.016427604373005056
1342166982175690752,neutral,0.36742492523419246
1342166984637566977,positive,0.9997435592868792
1342166986982371330,negative,0.018361353030776607
1342166987779284993,negative,0.0006478203899542917
1342166989305999360,negative,0.0010515768455320006
1342166989784145921,positive,0.9997435592868792
1342166993135415302,positive,0.9997435592868792
1342167000609665026,positive,0.9997435592868792
1342167007978872833,negative,0.009766138473738145
1342167013008044032,negative,0.004440145880942217
1342167014987755520,negative,0.014541756000355508
1342167015616892934,neutral,0.6149732941538079
1342167019261714435,positive,0.9997435592868792
1342167020956168201,negative,0.14341762918614057
1342167021845360642,negative,0.023977193554591294
1342167024701734914,neutral,0.6149732941538079
1342167026996039682,negative,0.0003584548327525829
1342167027230920705,negative,0.18562672999799673
1342167032146649088,negative,0.016427604373005056
1342167032322813954,positive,0.9997435592868792
1342167033669021696,neutral,0.3863447861872163
1342167038597464068,positive,0.9997435592868792
1342167043525636096,positive,0.7457659357698916
1342167044826025985,negative,5.090146139936978e-07
1342167047686545409,negative,0.04339053653400544
1342167047808020480,negative,0.008039697918497976
1342167058155450369,negative,8.218054178664542e-09
1342167061133459457,negative,0.3124922597217575
1342167077029867520,negative,0.016917380996999163
1342167097070202880,negative,0.05231444469153519
1342167106746519552,negative,0.26456252581612416
1342167113029529600,negative,0.022555295659749775
1342167113486782464,negative,0.05613288293469895
1342167113507733504,negative,0.18258183392746283
1342167115349053440,neutral,0.6149732941538079
1342167117043523589,negative,0.008747071094500498
1342167120247984139,negative,0.0004036356967443948
1342167122257051650,negative,0.13951650369066312
1342167128133292034,neutral,0.49789225920557484
1342167137931157507,negative,0.016427604373005056
1342167143580889090,positive,0.9997435592868792
1342167144205864961,negative,1.3961774228997817e-05
1342167149876563968,negative,0.016427604373005056
1342167152359571462,negative,0.04586431391391281
1342167153131151361,negative,0.02454216965580585
1342167153668079616,neutral,0.49789225920557484
1342167164992827394,negative,1.3812461315350808e-06
1342167165399658498,negative,0.016427604373005056
1342167168348270595,negative,0.0016259108476810462
1342167170135031809,neutral,0.37798996234477383
1342167172026609670,negative,0.1828032273543383
1342167173956042753,negative,0.2546916305421647
1342167178209071105,neutral,0.523769420793772
1342167181279322113,positive,0.9997435592868792
1342167184425029632,negative,8.124862124289238e-05
1342167185301639176,negative,0.00014815836483001937
1342167191899303937,negative,0.010038975027131067
1342167194097086466,negative,0.013147309251225398
1342167195191803911,neutral,0.5469521592710742
1342167197548994563,negative,0.3000702774018659
1342167197813235713,positive,0.9997435592868792
1342167202854744064,negative,0.012733965306920133
1342167202867380224,negative,0.2546916305421647
1342167204167643136,negative,0.0017874438883806615
1342167205417517056,negative,0.004849585118641502
1342167209079148544,negative,0.14081147919606865
1342167211545341952,neutral,0.3604943654842814
1342167218801537024,negative,0.19558530517157235
1342167226267394048,positive,0.9997435592868792
1342167230763696128,negative,2.1040532893882265e-05
1342167245183705094,neutral,0.4153373325707398
1342167246798376960,negative,0.28839876592668745
1342167247347970049,negative,0.024170882591066905
1342167248006483970,negative,0.3124922597217575
1342167248451022849,negative,0.0037711916727944496
1342167249206042625,negative,0.24276136543608273
1342167250049130496,neutral,0.5973667996264267
1342167251634548739,negative,0.08784368736508862
1342167253106700290,negative,0.18258183392746283
1342167256571269121,positive,0.9997435592868792
1342167262720118785,negative,0.04176763362233318
1342167273667239937,positive,0.9997435592868792
1342167273931493376,negative,0.18258183392746283
1342167280210358276,negative,0.004849585118641502
1342167281623773186,negative,0.047041398226309976
1342167290108928002,negative,0.10203530596472331
1342167290184413185,negative,0.0029694655467261966
1342167298900172800,positive,0.9997435592868792
1342167303018971137,negative,0.17007468434815515
1342167305296506881,negative,0.0019742200850810976
1342167306949062657,negative,0.21996555148547678
1342167307536232449,positive,0.9426144311992811
1342167310661013508,neutral,0.5973667996264267
1342167314754641923,negative,0.0004036356967443948
1342167323743027200,positive,0.9997435592868792
1342167329115930630,negative,0.0940787485057655
1342167334463660035,negative,1.928143928313376e-05
1342167337634566144,negative,0.000281261705228788
1342167340809650176,negative,0.08001683946579354
1342167341271015430,negative,0.06156100502183778
1342167347352789001,negative,0.047041398226309976
1342167350397849602,negative,0.011219793260581224
1342167354340474882,negative,0.13924364916144902
1342167355930112002,negative,0.04965902855827648
1342167360808120322,neutral,0.3933207395559069
1342167363345649664,negative,5.24664450846758e-05
1342167365312770048,negative,0.016151987394044644
1342167371306430465,positive,0.9997435592868792
1342167372896100352,negative,0.016151987394044644
1342167373068046336,negative,0.07149912232046188
1342167373470720002,negative,0.0008214114234587647
1342167374284390401,negative,0.0016118227387632127
1342167376134078468,negative,0.016427604373005056
1342167377786638337,negative,0.10372436903127219
1342167378185039872,neutral,0.50562732510978
1342167385571258368,negative,0.0006885378916154495
1342167385814540288,positive,0.9997435592868792
1342167387957825536,negative,0.051689846512610174
1342167391334240256,positive,0.8326077734475819
1342167391552286720,negative,0.013370806066265492
1342167396782657540,negative,0.0005450395861030598
1342167397902520320,negative,0.07439526904951266
1342167399580250113,neutral,0.49501279394789377
1342167400658165760,positive,0.9997435592868792
1342167401559896066,positive,0.7112264328727067
1342167404604960769,neutral,0.6149732941538079
1342167405590622211,negative,0.016427604373005056
1342167405997469697,neutral,0.3580951752050799
1342167406077214723,negative,0.016427604373005056
1342167410720309249,negative,0.17007468434815515
1342167411370291200,negative,7.730486191552276e-06
1342167413798940675,negative,0.18258183392746283
1342167423064141829,negative,0.08586970497153248
1342167425048047622,negative,0.00023549586388840057
1342167433549914112,negative,0.031489123559982284
1342167437760991232,negative,0.042717487529584555
1342167437861679109,negative,0.0004036356967443948
1342167445642088451,negative,0.2606945446096714
1342167449916092419,negative,0.02997674656873644
1342167456543100928,negative,0.06838091240989712
1342167459885932544,negative,0.00020274310901925306
1342167463312711681,negative,0.16610789811567028
1342167477036322816,neutral,0.49291952595182165
1342167478651265024,negative,0.0930186226877417
1342167483210465280,neutral,0.6149732941538079
1342167483697025024,positive,0.9997435592868792
1342167486293291009,negative,0.005977656921699271
1342167488545640450,positive,0.7185463970985316
1342167488604364806,neutral,0.4602076113870112
1342167490122670080,negative,0.025951045322060662
1342167495294275585,negative,0.22770372577682102
1342167500042235909,negative,0.08088425335655068
1342167500142882818,positive,0.9999288718900345
1342167501967392771,neutral,0.42414631138837583
1342167511740145666,negative,0.036124091189485924
1342167512075673604,negative,0.0006832830193695865
1342167512734183427,negative,0.009732834758343935
1342167513132630017,negative,0.013855213831204138
1342167521760317440,negative,4.3542739550494875e-06
1342167522896977924,positive,0.9997435592868792
1342167529616191490,negative,1.1287329738193962e-05
1342167536763338753,negative,0.009179678140087579
1342167540764729345,negative,0.21677013954951618
1342167542039781378,negative,0.0032903794052253597
1342167543423893504,negative,0.18258183392746283
1342167543511998465,negative,0.0009838460286638114
1342167544266977282,positive,0.9997435592868792
1342167547450372096,negative,0.21901725198202554
1342167565448093696,negative,0.001971885861039542
1342167565565628418,negative,0.016427604373005056
1342167569776709633,negative,0.0013777981464207713
1342167582485438464,negative,0.226918683960479
1342167588865011715,negative,0.004473263521681639
1342167590211301376,negative,0.0010276577817340611
1342167592916709378,negative,0.28617978763691837
1342167596876107776,negative,0.0015671792830727908
1342167608729198592,negative,2.2622157500686735e-06
1342167618015387648,negative,0.004849585118641502
1342167619189821441,negative,0.0045774114226911815
1342167622813626369,negative,0.08001683946579354
1342167633626587138,negative,0.015320462693009147
1342167634117324802,negative,0.0021711828321665616
1342167637359521792,negative,8.432399146471574e-07
1342167642510151680,negative,4.987995025522656e-05
1342167643348983811,negative,0.016427604373005056
1342167644686999553,positive,0.9997435592868792
1342167645089624070,negative,0.04822453695589867
1342167649384542209,negative,0.03625488226803357
1342167649871138816,negative,6.37506024309985e-05
1342167652962361344,positive,0.9648970701552765
1342167666153422849,neutral,0.6149732941538079
1342167667634003972,positive,0.9997435592868792
1342167671153037313,negative,0.051689846512610174
1342167673438924801,positive,0.9997435592868792
1342167673812230146,negative,7.730486191552276e-06
1342167677171687425,neutral,0.6149732941538079
1342167678325284866,negative,0.08001683946579354
1342167679038152704,negative,0.16449484553473848
1342167681651388416,negative,0.08001683946579354
1342167681655578625,negative,0.18258183392746283
1342167681978540034,neutral,0.4153373325707398
1342167691256340481,negative,0.10388574738742794
1342167695098261506,positive,0.9997435592868792
1342167696029458434,positive,0.9997435592868792
1342167696239112193,neutral,0.49291952595182165
1342167700836069376,negative,0.1107922083756136
1342167700915818499,positive,0.9997435592868792
1342167703763775490,negative,0.006112180904382101
1342167703965077505,positive,0.9997435592868792
1342167704342573057,negative,0.014541756000355508
1342167708654305285,neutral,0.3604943654842814
1342167710634029056,positive,0.9997435592868792
1342167712466935811,positive,0.9997435592868792
1342167719488221186,negative,0.10062921727964211
1342167719496527874,negative,0.016427604373005056
1342167719760850944,negative,0.18258183392746283
1342167723665743874,neutral,0.49501279394789377
1342167723988692994,negative,0.022555295659749775
1342167726253613056,negative,0.142172549338534
1342167730804428800,positive,0.9997435592868792
1342167734608683008,neutral,0.3580951752050799
1342167734684168192,negative,0.00497405980683764
1342167742397505536,positive,0.9997435592868792
1342167743093682177,negative,0.016427604373005056
1342167750169473025,negative,0.0036791440610124786
1342167750752546817,negative,0.0011239300153703697
1342167755672477697,positive,0.9997435592868792
1342167756658106368,negative,0.06711886013676781
1342167756825882624,negative,0.03625488226803357
1342167759845650433,neutral,0.6149732941538079
1342167764128194562,negative,0.0006478203899542917
1342167770637721601,positive,0.9997435592868792
1342167771778605059,negative,0.0005851629276910406
1342167772126715907,negative,0.012878303071270313
1342167772877500416,negative,0.15330938599230795
1342167774907535362,negative,0.005317008388269858
1342167776404889600,negative,0.051689846512610174
1342167776618799110,neutral,0.46127768308170247
1342167778678218753,negative,0.016427604373005056
1342167796315258882,positive,0.924610866246359
1342167797342892038,negative,0.009766138473738145
1342167798873788416,negative,0.18258183392746283
1342167801814020101,negative,1.3741553701977335e-06
1342167801876930562,negative,4.987995025522656e-05
1342167802430574593,negative,0.09622073404097678
1342167804515151874,negative,0.0036791440610124786
1342167806494826497,negative,0.016427604373005056
1342167817110564864,negative,0.004849585118641502
1342167819820146697,negative,1.4345632713984672e-06
1342167820247961601,negative,0.00019941967542738074
1342167822567260161,neutral,0.42414631138837583
1342167825801236480,negative,0.0040069841903250525
1342167828053561344,negative,0.016427604373005056
1342167829240541185,neutral,0.3428393741674494
1342167832243695617,negative,0.1885649404484406
1342167834131099648,negative,0.00026453119429437636
1342167836702068736,negative,0.004623209607019425
1342167837494960129,negative,0.06156100502183778
1342167843815747584,negative,0.016427604373005056
1342167846617554944,negative,6.9011145926193635e-06
1342167853512974339,neutral,0.6489077768764223
1342167854901305344,negative,7.426676524810482e-06
1342167856419655681,negative,0.016427604373005056
1342167858403450881,negative,0.09406984199600175
1342167858609090561,negative,0.18258183392746283
1342167862241357824,negative,0.0015370732916447508
1342167865630347264,negative,0.0016259108476810462
1342167874312540163,negative,0.1808381791238687
1342167875902205953,negative,0.022555295659749775
1342167877303099394,negative,0.016427604373005056
1342167882231402504,neutral,0.42414631138837583
1342167882768261120,negative,7.730486191552276e-06
1342167887939837959,negative,0.0010276577817340611
1342167888799571968,negative,0.004849585118641502
1342167898903760897,positive,0.7112264328727067
1342167899910397952,positive,0.9997435592868792
1342167900342386692,negative,0.016427604373005056
1342167900434661376,negative,0.00024681742867957164
1342167903953707008,negative,0.1332837722907845
1342167910077378562,negative,0.0004008568964179896
1342167914577854464,negative,0.04057422172078991
1342167927999623170,negative,0.00010929572952831055
1342167928444170240,negative,0.00026453119429437636
1342167940532215809,negative,0.232154460586097
1342167942482583552,negative,0.29688042027492606
1342167943141056512,neutral,0.6149732941538079
1342167954067230722,positive,0.8169906550642667
1342167958525784067,negative,0.14730090764154566
1342167958613880836,positive,0.9997435592868792
1342167959305916416,negative,0.2606824641480433
1342167967816146945,negative,0.016427604373005056
1342167970408255490,negative,0.016427604373005056
1342167976636780544,negative,0.009019295063724396
1342167976884248576,negative,0.016427604373005056
1342167978444541954,positive,0.8440728986871372
1342167980722057216,negative,8.690232243833161e-07
1342167981334392835,positive,0.9997435592868792
1342167985113477121,positive,0.9997435592868792
1342167985323175939,negative,0.24556203607796612
1342167988271779841,neutral,0.4312892795455479
1342167991476244480,negative,0.03925212264752703
1342167995255291905,negative,0.2787975891022706
1342168004306546691,negative,0.013345329180359246
1342168005791330309,negative,0.016427604373005056
1342168006898679815,negative,4.927637996032096e-06
1342168009402671106,negative,0.0019742200850810976
1342168012149952514,negative,0.029590200191017914
1342168019141849089,negative,0.0155445799956199
1342168024237879296,negative,0.003015704129936112
1342168030105665537,neutral,0.6149732941538079
1342168034048356358,neutral,0.5238998312586332
1342168034375569410,negative,0.000649447119184224
1342168036451741702,negative,4.987995025522656e-05
1342168040578932737,negative,0.06838091240989712
1342168041191305219,positive,0.9997435592868792
1342168043913322496,negative,0.18505192799868123
1342168046274752512,negative,0.14673279296731326
1342168051890991104,negative,0.0004036356967443948
1342168052000034818,negative,0.006518674433990193
1342168058077585416,negative,0.016427604373005056
1342168063991574529,negative,3.809819492100394e-06
1342168066373906438,negative,0.0008585743038021104
1342168071214145546,neutral,0.6149732941538079
1342168079975985153,negative,0.23871696831429615
1342168089539043329,negative,0.0045774114226911815
1342168091011276801,negative,0.0015624687547333273
1342168091103555589,negative,0.005215106326395982
1342168100872052737,negative,0.0004036356967443948
1342168104118448130,negative,0.016427604373005056
1342168105146081281,negative,0.054024314800411095
1342168109663318017,negative,1.478244075089214e-05
1342168109885620227,negative,0.00021753560778763615
1342168110347005953,negative,0.002245100417408652
1342168116479066114,negative,0.21901725198202554
1342168116986585089,positive,0.9997435592868792
1342168117678665735,negative,0.016427604373005056
1342168117741498369,negative,0.21901725198202554
1342168121579335680,negative,0.0003903919311249069
1342168125291302913,positive,0.8406567101423364
1342168128441249793,negative,0.23170880718456577
1342168130429313028,positive,0.9997435592868792
1342168132434223105,negative,0.015320462693009147
1342168139010813952,positive,0.9997435592868792
1342168139056951298,positive,0.9997435592868792
1342168139740622848,neutral,0.6149732941538079
1342168142425038850,negative,0.2895053767744611
1342168144610254853,negative,0.22836160199765343
1342168146300588033,neutral,0.5118646884417494
1342168147235844097,positive,0.8507376224123229
1342168150478106624,negative,0.006112180904382101
1342168151262375937,negative,0.0040069841903250525
1342153147142332421,negative,1.0077985576820489e-05
1342153147779850241,negative,1.02303709337819e-05
1342153148182519810,negative,1.7252023468112327e-07
1342153148471902209,negative,0.2031145197726328
1342153148765495297,negative,0.02312814423556466
1342153149570834433,negative,5.001696173137159e-06
1342153149629530113,negative,0.09640323611645361
1342153150405496833,positive,0.7567546089677775
1342153151508578306,negative,5.001696173137159e-06
1342153151592468481,negative,5.001696173137159e-06
1342153152662032384,negative,0.000571812841904101
1342153155778408450,negative,0.021832781444602187
1342153158307549185,negative,0.0003756903707675662
1342153158651469836,negative,0.08585211111741087
1342153158706016265,negative,0.02329323645236039
1342153158815080448,negative,0.059763010062178226
1342153159465197569,negative,0.08338328197060209
1342153159498739714,negative,0.013299058181571462
1342153159502917634,negative,0.0002755830172568149
1342153159720972290,negative,0.0002952829555805686
1342153160836714502,negative,0.057100421758971884
1342153161981747212,negative,0.04201257055517974
1342153162430541825,negative,0.0003184736635499306
1342153163214905349,negative,3.9748702221675515e-05
1342153163713998848,negative,0.12703271384507175
1342153163760148482,negative,0.08604282488708964
1342153164578058240,negative,0.005058963611082928
1342153165345533952,negative,0.011221645394760109
1342153165504970753,negative,0.02312814423556466
1342153167031717888,negative,0.15237137935820858
1342153167379771400,negative,5.001696173137159e-06
1342153168235474946,negative,0.07230217733364033
1342153168742981634,neutral,0.39404713801342434
1342153170869481474,negative,3.084629095486525e-05
1342153171804807168,negative,0.003116117408543214
1342153172471656450,negative,0.0007929404103188511
1342153175135121415,negative,0.05528446120294227
1342153175348948995,neutral,0.42094961447074825
1342153175827165188,negative,1.6734281074416479e-10
1342153176728940545,negative,0.08471755592689137
1342153176888332290,negative,5.667585845313686e-06
1342153177702010882,negative,5.001696173137159e-06
1342153178113069060,negative,7.6252653638707265e-06
1342153178767355907,negative,0.057100421758971884
1342153178905800704,negative,0.04733189936611493
1342153179912409088,neutral,0.42507619662732005
1342153181149671424,neutral,0.4831437207745864
1342153181980196865,negative,0.0010427729243528215
1342153182215090176,negative,0.0338787851714789
1342153182223491073,negative,0.26076950668447035
1342153182613540867,negative,0.002035526777964447
1342153183574061058,negative,3.792379489848801e-05
1342153184677142531,positive,0.9582814969084437
1342153185234984962,negative,5.385881254321757e-05
1342153185444564992,negative,0.0049918910445004815
1342153187378270208,negative,1.0118522931989378e-08
1342153188007419906,negative,5.001696173137159e-06
1342153188879736833,negative,1.6734281074416479e-10
1342153191237025793,negative,0.0041301351911981
1342153191698272257,negative,0.0003350995184543627
1342153191975219205,negative,0.11312151898796842
1342153192063250436,negative,0.09421973755316626
1342153192084221953,neutral,0.5024549303604945
1342153192553984002,negative,0.005024477676082971
1342153192570843138,negative,0.1512070720272814
1342153193111908353,negative,0.008285294134682705
1342153194298871811,negative,4.473347650157299e-05
1342153197192957953,negative,0.021832781444602187
1342153198132486150,negative,0.26076950668447035
1342153198249910276,negative,0.017074146905031496
1342153200116367365,negative,0.1258285199032784
1342153200179310598,negative,0.005800028213173346
1342153200741322752,negative,0.019392804817404678
1342153201353678848,negative,0.011261075521668142
1342153201571737603,negative,0.02312814423556466
1342153202804862976,negative,0.18917555239952435
1342153202884616194,negative,0.01563543576172292
1342153202939080706,neutral,0.33623359787652535
1342153204256153601,negative,0.00036698065428222344
1342153204352610305,negative,0.0710416347707993
1342153204369416193,neutral,0.3499352441185855
1342153204935626753,negative,5.001696173137159e-06
1342153205589946374,negative,0.02312814423556466
1342153205610909702,negative,0.015459452077076921
1342153205732548610,negative,0.00037014318936972896
1342153205799669760,negative,0.02312814423556466
1342153206323933184,negative,0.004300878492222307
1342153206600761345,neutral,0.38187745062597683
1342153206802083841,negative,0.0004760529356788509
1342153206944698375,negative,0.02329323645236039
1342153208525946880,negative,0.012376378919967288
1342153208974761986,negative,0.011490537435018785
1342153209540964353,negative,5.001696173137159e-06
1342153211017195520,negative,0.16532172419126437
1342153322766151685,neutral,0.47940932208984594
1342153324234158082,negative,0.02312814423556466
1342153324473171968,neutral,0.42507619662732005
1342153324531953670,negative,2.5987155852303245e-05
1342153324636811265,neutral,0.3608649208855767
1342153324972429312,negative,0.008002740267951025
1342153325039525888,negative,0.057100421758971884
1342153325064704002,neutral,0.42919830775866974
1342153325089751040,negative,6.805985312431105e-07
1342153325370896385,negative,0.03389676136479784
1342153325446217730,negative,0.1768880552443879
1342153325807079424,negative,0.21065574033669582
1342153326180200448,positive,0.949039827248411
1342153326352363523,negative,0.00021607350839287904
1342153326381641731,negative,0.17804800213786331
1342153329091223553,negative,0.02312814423556466
1342153329397411840,negative,0.22187379188502257
1342153330118823937,negative,5.001696173137159e-06
1342153330534080515,neutral,0.4745519163238043
1342153333541367810,negative,0.002745298738113449
1342153334543802368,neutral,0.33113119352556253
1342153335307169794,negative,0.02312814423556466
1342153335416246273,negative,6.791462745964413e-07
1342153335932125196,negative,0.1162364249808542
1342153336242499587,negative,0.013468109279574524
1342153336393519104,negative,0.0007917594309488604
1342153336913616896,negative,0.0517814972521364
1342153336993308681,neutral,0.39481288117153085
1342153337098153992,negative,0.00020491577436213102
1342153337236549632,negative,0.0069571137892871044
1342153337618243585,negative,0.13036130171474938
1342153337668571136,neutral,0.5063575273151028
1342153338125742080,negative,6.256942625617613e-06
1342153339132387329,negative,0.15237137935820858
1342153340197679104,negative,0.000725745494711989
1342153341426610177,negative,0.006248314451104854
1342153342169063430,neutral,0.626567055730313
1342153342181658627,negative,0.31449392736014636
1342153342341046273,negative,5.556359075538891e-05
1342153344467542019,neutral,0.43476015795637407
1342153344685662211,negative,0.002758091262531603
1342153346052927488,negative,0.01366302732957199
1342153346963152903,negative,0.05447534550667627
1342153347248353284,negative,1.2137587316032155e-05
1342153347789307904,negative,0.16532172419126437
1342153348481478656,negative,0.0006618755121295592
1342153352637939712,positive,0.9487637637087933
1342153355758612482,negative,0.00036698065428222344
1342153356853325825,negative,0.06791644465777395
1342153358044524545,negative,0.0818405132721063
1342153358166122497,neutral,0.46127768308170247
1342153358371483648,negative,0.0004760529356788509
1342153361571852292,negative,1.2137587316032155e-05
1342153362800840708,negative,0.3205746300160878
1342153362872004609,negative,0.003700276118806025
1342153366353432576,negative,0.014921409828964609
1342153367733342210,negative,0.008002740267951025
1342153368161185793,negative,0.001899547308491881
1342153369008427009,negative,0.04668869569348924
1342153369142652928,negative,5.001696173137159e-06
1342153370988109824,negative,1.8879133339592657e-08
1342153371940245504,neutral,0.33623359787652535
1342153372045103105,negative,5.001696173137159e-06
1342153372250628096,neutral,0.33623359787652535
1342153372309315584,negative,5.001696173137159e-06
1342153372749733888,negative,0.0969902426384288
1342153373743796228,negative,0.008002740267951025
1342153374595231745,negative,0.057100421758971884
1342153376344264708,negative,0.015141648629067025
1342153377204088832,positive,0.9999948549081155
1342153378286227458,negative,0.02312814423556466
1342153378391085064,negative,0.015773583174067275
1342153378495913985,negative,0.04309523899221751
1342153378693001217,negative,5.001696173137159e-06
1342153380072976386,negative,0.013614674632321208
1342153380479827974,negative,0.014921409828964609
1342153380773421063,negative,7.639714922217613e-06
1342153381142532101,negative,5.001696173137159e-06
1342153382493097985,negative,5.067111439135553e-05
1342153383478747136,negative,0.2990677891813035
1342153384510582785,negative,0.09640323611645361
1342153385181671429,negative,5.001696173137159e-06
1342153385542377482,negative,0.2828321292982334
1342153385609453569,negative,0.008255408773844912
1342153386410483717,negative,2.5987155852303245e-05
1342153388008550400,positive,0.7082001759963634
1342153388121870349,negative,0.0009758201416809123
1342153389195599874,negative,6.17938220872769e-05
1342153389610831873,negative,0.10994229332706695
1342153390890119175,negative,0.1412738198352616
1342154547427500034,negative,0.00036698065428222344
1342154547804991488,negative,5.604844671359085e-07
1342154548266332164,negative,5.001696173137159e-06
1342154548811603970,negative,0.013868710716077143
1342154548950036480,negative,0.0016821997104012677
1342154549075865600,negative,0.0007929404103188511
1342154549298139138,negative,1.2137587316032155e-05
1342154550170550274,negative,0.0069571137892871044
1342154552347418625,positive,0.6836843921852458
1342154554415181830,negative,9.802904285391857e-08
1342154554633236480,negative,5.001696173137159e-06
1342154555371495424,negative,0.0006890247013791343
1342154556612997120,negative,0.15237137935820858
1342154556860469253,negative,0.008285294134682705
1342154557661577218,negative,0.024670013367820813
1342154558928252928,negative,2.6331628840232496e-05
1342154559515283458,negative,2.167225177311066e-10
1342154559855198208,negative,0.020901284874215987
1342154561742626820,negative,0.21047953907773329
1342154561876799488,negative,0.001095849295524466
1342154562917068800,neutral,0.5490292481829452
1342154563609112576,negative,0.10113659116386933
1342154563890147335,negative,1.4111992767671584e-06
1342154564263440384,negative,0.0006618755121295592
1342154565509124097,negative,0.271155428753468
1342154565571981314,negative,0.01437903078328581
1342154565618167810,negative,0.00019340192890590462
1342154566876459014,positive,0.7364552304579606
1342154567090376704,negative,0.0813372103029771
1342154569103659013,negative,0.015773583174067275
1342154569774673920,positive,0.9868613232703397
1342154570210881536,negative,0.050099403531524235
1342154570407968768,negative,5.0822658689824746e-05
1342154573839028230,neutral,0.41246547589128235
1342154575990685696,negative,0.04479390189627168
1342154576045232129,positive,0.9787624728159011
1342154576787550210,negative,5.001696173137159e-06
1342154576846319616,negative,0.1768880552443879
1342154577458720770,negative,0.00031717491648353873
1342154577962008577,neutral,0.4580811902425139
1342154577966206980,negative,0.24788140837292044
1342154578704400386,neutral,0.6212922596067524
1342154578872168450,negative,0.00036698065428222344
1342154580960935936,negative,0.020645032396955944
1342154581153865730,positive,0.9845644697550272
1342154583116832769,negative,0.0032198043334742176
1342154583464964102,negative,0.0001773147322756265
1342154584249298944,negative,2.646535147150858e-07
1342154584425426944,negative,0.0069571137892871044
1342154584647753728,negative,0.0006890247013791343
1342154586795216896,negative,5.001696173137159e-06
1342154587499859970,negative,2.5035902340106113e-09
1342154588015702017,negative,0.16280582794327256
1342154588762361859,neutral,0.33623359787652535
1342154589148246017,negative,0.003566906859200871
1342154589584420864,negative,0.27538537887707226
1342154590167425025,negative,0.01214974717918534
1342154590649782273,negative,0.015773583174067275
1342154592969240576,negative,0.0004760529356788509
1342154593069744130,neutral,0.5472960823705576
1342154595636830219,negative,0.0007215222070526154
1342154597457133569,negative,0.0014910916939241741
1342154597771718659,negative,0.05806225500559729
1342154597801095171,negative,0.008002740267951025
1342154597847207942,negative,6.267780726608752e-07
1342154598727954432,negative,0.3205746300160878
1342154599172616192,negative,0.008002740267951025
1342154599411687425,negative,0.00039841510039691425
1342154600024059905,negative,2.6551873154995943e-06
1342154600170848257,neutral,0.3824184089288084
1342154601773096965,positive,0.7567546089677775
1342154601965957120,negative,0.006374221916245466
1342154602175750144,negative,0.002745298738113449
1342154602536337408,negative,1.6734281074416479e-10
1342154602553233410,positive,0.8295278964499103
1342154602620317697,negative,0.0517814972521364
1342154605745106949,negative,0.0002755830172568149
1342154606927876096,negative,0.19608385064557662
1342154607255023617,negative,0.015773583174067275
1342154607288578056,negative,0.10440416148123748
1342154607519215620,negative,4.128650826309591e-06
1342154613252792320,negative,0.016573964223079708
1342154613345185793,negative,2.4426134175938102e-09
1342154614913773576,negative,0.18543234769735967
1342154615958204417,negative,0.0004760529356788509
1342154616146976775,negative,1.2137587316032155e-05
1342154618176995331,negative,5.001696173137159e-06
1342154619183656960,negative,1.9435566414776583e-09
1342154619997343749,negative,0.0003207919074478413
1342154620878155777,neutral,0.398180521791012
1342154621754568704,negative,0.043993163311094964
1342154622732001289,negative,0.008285294134682705
1342154623273095168,negative,0.014921409828964609
1342154626121035783,negative,0.019463299758375695
1342154745373282305,negative,0.009866309110518985
1342154748372414465,negative,0.0004760529356788509
1342154748758290433,negative,0.02329323645236039
1342154750897356803,negative,0.002291913080162673
1342154752436658180,negative,0.10440416148123748
1342154753439129600,negative,0.012376378919967288
1342154753866936321,negative,0.0010427729243528215
1342154754005340161,negative,0.26076950668447035
1342154754156339200,negative,0.10440416148123748
1342154754814836736,negative,0.0517814972521364
1342154754936500226,negative,0.07884051830597238
1342154755473342464,negative,1.6734281074416479e-10
1342154758744920064,negative,1.7741370598427808e-06
1342154759374069767,negative,0.012438017005974328
1342154759831220225,negative,0.000725745494711989
1342154760246468609,negative,0.0010427729243528215
1342154761517338628,negative,0.2164295994262103
1342154763270574083,negative,4.3124777460926304e-07
1342154763564175360,negative,1.4635937090505173e-06
1342154764201553922,negative,0.03909746360501934
1342154764814053377,negative,0.09863365456641673
1342154764990222337,negative,0.006384737428837544
1342154765065736192,negative,0.057100421758971884
1342154766764273665,negative,0.0517814972521364
1342154767238356993,negative,0.020662502153600684
1342154768467324930,negative,0.10440416148123748
1342154768614043648,negative,5.001696173137159e-06
1342154768798650370,neutral,0.33623359787652535
1342154769029345286,positive,0.9685034134821003
1342154769087877120,negative,0.0016208467659519876
1342154771139014667,negative,0.00800542570409687
1342154771747127298,negative,0.05860185075172661
1342154772183474177,negative,1.7741370598427808e-06
1342154772552568833,negative,0.0010427729243528215
1342154773575950336,negative,0.08577123362378418
1342154773626310657,negative,0.006321273366216266
1342154774314184706,negative,0.02679736193056124
1342154774431608833,negative,0.0069571137892871044
1342154774729388037,negative,0.00015798573871426042
1342154779666112518,negative,0.23815095567732447
1342154779875815430,negative,5.001696173137159e-06
1342154780899217408,negative,0.03829983775538717
1342154783155748865,negative,5.001696173137159e-06
1342154784439205888,negative,0.17355381795072564
1342154786112757760,negative,0.0010427729243528215
1342154786259562498,negative,0.0002784596985112355
1342154786603474953,negative,0.02329323645236039
1342154787769475072,negative,0.019023000314379687
1342154788155355136,negative,0.1246724060697978
1342154790369964034,negative,5.001696173137159e-06
1342154792198692866,negative,0.1258285199032784
1342154792701931520,negative,0.0009210258709874677
1342154793360437249,negative,0.0005908056855879615
1342154794086133764,negative,1.6734281074416479e-10
1342154794429984769,negative,0.011538404096376137
1342154796141305856,negative,0.00606045011717588
1342154796489433090,negative,0.007035450467140127
1342154797256994816,negative,1.3627188540663121e-08
1342154798284595205,neutral,0.3358218310945649
1342154799098302466,negative,0.0517814972521364
1342154799198965761,negative,8.332241499657827e-05
1342154800167849988,negative,0.0517814972521364
1342154801086394368,positive,0.9996679469659898
1342154801296125952,negative,0.0069571137892871044
1342154801908305920,negative,0.0010427729243528215
1342154802420199426,positive,0.9999948549081155
1342154802508296194,negative,0.011538404096376137
1342154803644928004,neutral,0.43260222265823806
1342154803716235267,negative,0.0028702489012079374
1342154804404092929,negative,0.0030388202317526655
1342154806350278656,negative,0.27538537887707226
1342154807587561472,negative,6.17938220872769e-05
1342154808606732293,negative,0.21423417503289321
1342154810464808961,negative,0.011538404096376137
1342154811689422848,neutral,0.5495922250151081
1342154813371518978,negative,0.00031284106238320397
1342154813585424387,negative,0.11182245947334335
1342154814575288320,negative,8.073077315193917e-06
1342154815221059591,negative,0.0006890247013791343
1342154815900708864,negative,0.00020001226852676648
1342154815934230537,negative,0.23615531112914515
1342154817075085315,negative,0.040129697843354864
1342154819260338176,negative,0.037468232963498084
1342154821424574464,negative,0.000198255201932557
1342154821818753032,negative,0.19465134012205573
1342154822103965696,negative,0.1046443207536143
1342154822741610496,negative,8.199358184161787e-08
1342154823454613505,neutral,0.330208506834397
1342154827426631680,negative,0.02312814423556466
1342154828005462019,negative,0.2503580983661048
1342154829251145728,negative,0.08151909581307953
1342154829309861890,neutral,0.48477322244356247
1342154829658009600,negative,1.7748191140586486e-07
1342154829892886530,negative,0.01901656117934125
1342154830119243777,negative,4.296849304056955e-06
1342154830597517312,negative,1.9904929187497434e-09
1342154832292016129,negative,0.005058963611082928
1342154832837300226,negative,8.02829908411189e-09
1342154833290117125,negative,0.03536355857035291
1342154833747464192,negative,0.008285294134682705
1342154833810223104,negative,0.27538537887707226
1342154836658302978,negative,0.036091408688814226
1342154838415536129,negative,0.01547341717381467
1342154838814158849,negative,6.329268435138087e-05
1342154840491708416,negative,5.001696173137159e-06
1342154841200742401,positive,0.9473459228421592
1342154841674686472,negative,0.0024997429837300255
1342154842144432130,negative,2.6551873154995943e-06
1342154842366742535,negative,1.7655058727609482e-05
1342154842580660232,negative,0.0013309581222396769
1342154842937176065,negative,0.014883674790615977
1342154843138498560,negative,0.00019557726745524757
1342154843708919809,negative,0.16186416659669633
1342154920372412418,negative,0.0634922287123603
1342154921517441024,negative,0.15884973808023384
1342154921970425856,negative,0.0014313438979348828
1342154922368839687,negative,0.0355217486787508
1342154922909822976,negative,0.18543234769735967
1342154923551690754,negative,0.08892871720967067
1342154924931612679,negative,0.11935951334984464
1342154925149745152,negative,0.06582970121067216
1342154925279563777,negative,0.005872918506056955
1342154925388816384,negative,0.09205680058539192
1342154925686534145,negative,5.001696173137159e-06
1342154926068215816,negative,0.04329948809938995
1342154928513560580,negative,0.004593723501288279
1342154930010923010,negative,0.013868710716077143
1342154930774286336,negative,0.007206544695695019
1342154931202117632,negative,0.13036130171474938
1342154933026566144,negative,0.05860185075172661
1342154934997962752,negative,0.003566906859200871
1342154935098626049,negative,0.004911521286639298
1342154938705698817,negative,0.10440416148123748
1342154940878385154,negative,0.06524898671587563
1342154940995796992,negative,2.796875572733614e-05
1342154941222285312,negative,0.01724802861690009
1342154943545962500,negative,0.014046218899557936
1342154944674148352,negative,0.3152058734808943
1342154944858574850,negative,0.16186416659669633
1342154945538236421,negative,0.26076950668447035
1342154946410668035,negative,1.1145185510138965e-10
1342154947253710851,negative,0.25859321333047897
1342154948725846018,negative,5.001696173137159e-06
1342154949111721988,negative,5.001696173137159e-06
1342154950135205890,negative,0.10440416148123748
1342154950516879362,negative,0.06149681658520596
1342154951921823747,negative,0.005363906578824478
1342154952467226626,negative,1.9293104996084347e-10
1342154952471433217,negative,0.05263481344373262
1342154954686009346,negative,4.502293331259422e-05
1342154957286473732,negative,5.096519626904463e-09
1342154957336834049,negative,0.12655396540418618
1342154957689151488,negative,0.03004672239109823
1342154959144407042,negative,5.001696173137159e-06
1342154960931332096,negative,0.002776205268339925
1342154960973266945,negative,0.0037342416491833196
1342154961484873728,neutral,0.5382785334520169
1342154961547907072,negative,0.00038762428198487093
1342154962529374211,negative,0.27538537887707226
1342154962843754496,negative,0.07001429414199763
1342154963225604096,neutral,0.3358218310945649
1342154964366405633,negative,3.314406309802712e-11
1342154964819456005,negative,0.009207665445763496
1342154964836249601,negative,0.057100421758971884
1342154965385576449,negative,0.017840404156025128
1342154965482156035,negative,0.0002755830172568149
1342154965763158016,negative,0.14902308746955298
1342154965981278209,negative,0.014849538568656992
1342154966132146177,negative,3.511148750207644e-06
1342154966518161408,negative,8.885466562234789e-05
1342154967071649793,neutral,0.3316410564482924
1342154967272935425,negative,7.891777478212922e-05
1342154967285706753,negative,0.0024346042113956258
1342154970200735746,negative,8.78466013266228e-06
1342154973182898176,negative,0.007113793690623726
1342154973757526016,negative,0.04128078482360719
1342154973895925763,neutral,0.4764954421055731
1342154974499749888,negative,0.16532172419126437
1342154974680244227,positive,0.8488784103859388
1342154975942742017,negative,0.014883674790615977
1342154976651571201,negative,0.0008201189247750985
1342154976987127809,negative,0.01901656117934125
1342154977230299136,negative,4.331676093253438e-06
1342154977473662978,negative,0.17936937691063232
1342154980527116288,positive,0.8809792447052248
1342154981885931522,negative,0.3125057963884249
1342154982108377094,positive,0.7666669770595549
1342154982817112064,neutral,0.49789225920557484
1342154985786798085,negative,5.001696173137159e-06
1342154986118123525,negative,0.00010969235282431067
1342154986806013953,negative,0.20102431623538825
1342154988643082242,positive,0.9999831134371412
1342154988659863552,negative,0.0007929404103188511
1342154988701675521,negative,0.1235522795365215
1342154990111043584,negative,0.25859321333047897
1342154990178209793,negative,0.0026850977098850587
1342154990526324739,negative,0.14012667643766574
1342154991860121600,negative,3.792379489848801e-05
1342154992615124992,negative,0.2568913808118738
1342154993315565568,negative,0.00741022039655235
1342154994884222976,negative,1.2137587316032155e-05
1342154995186225152,negative,0.014046218899557936
1342154996952010754,negative,1.2137587316032155e-05
1342154997837017089,negative,5.05800193610803e-06
1342154999351173121,negative,5.4152289046372204e-06
1342155001238437888,negative,0.0010427729243528215
1342155001729318914,negative,0.0006890247013791343
1342155001779597312,negative,0.009207665445763496
1342155002123583489,negative,0.11574477284969589
1342155005038632961,positive,0.8985976787842257
1342155005403553793,negative,0.0006618755121295592
1342155006095581186,negative,5.001696173137159e-06
1342155006741458946,negative,5.001696173137159e-06
1342155008620433408,negative,0.0016175115249867018
1342155008637337600,negative,0.011551422508128243
1342155009614438400,negative,0.009366623533087502
1342155009958490114,negative,0.0029983909628816777
1342155010310885378,negative,0.004315178123019976
1342155011191681024,negative,0.10440416148123748
1342155012454154242,negative,5.001696173137159e-06
1342155012776980480,neutral,0.5495922250151081
1342155013083295746,positive,0.8341441479554065
1342155014022836226,negative,0.0006618755121295592
1342155015457288193,negative,5.001696173137159e-06
1342155017470537730,positive,0.9997986240468733
1342155019399946249,negative,0.27538537887707226
1342155021648072705,negative,0.009864472319900678
1342155021673246721,negative,0.1843111478614894
1342155021857775617,negative,0.0004760529356788509
1342155022465978369,negative,8.258425130546936e-08
1342155023166398464,neutral,0.6079851152343057
1342155024407941122,negative,0.31830910085235925
1342155025162842114,negative,5.001696173137159e-06
1342155025380999169,negative,1.930884809248762e-05
1342155026450493440,negative,0.004364091949632325
1342155027566235651,negative,2.514827150855724e-09
1342155027591397377,negative,0.008285294134682705
1342155029898211335,negative,0.08778636060714848
1342155029952663552,negative,0.07419948311785511
1342155030015700998,negative,0.0517814972521364
1342155031731195907,negative,0.014921409828964609
1342155032599420929,negative,0.0007066134394754978
1342155033899651076,negative,0.0009692328777851208
1342155034293919746,neutral,0.6079851152343057
1342155034365194241,neutral,0.33113119352556253
1342155034625249281,negative,1.5852713027047622e-07
1342155035287957506,negative,1.289920011177562e-05
1342155035447275522,negative,0.10381734080021172
1342155036705640449,negative,1.1123667971193734e-07
1342155038165245952,negative,0.039728588689388625
1342155039805202432,negative,0.10440416148123748
1342155040996384771,negative,0.006565345528914008
1342155041067687937,negative,0.21047953907773329
1342155041214525441,negative,0.15237137935820858
1342155042128875527,negative,0.009207665445763496
1342155042678337537,negative,0.041440068046665716
1342155043332644865,negative,0.00015432609304652704
1342155043978547207,neutral,0.6079851152343057
1342155044515241985,negative,0.27538537887707226
1342155044955648000,negative,0.16280582794327256
1342155045492678656,negative,5.001696173137159e-06
1342155046222442499,negative,0.001980816266262421
1342155046507720708,neutral,0.3499352441185855
1342155046587428869,negative,6.582747253450239e-05
1342155047027798021,negative,0.022964716368658107
1342155047308820483,negative,0.0033447107477926645
1342155048919437314,negative,0.0002755830172568149
1342155049456324610,negative,0.016697246013995692
1342155050454573056,positive,0.9723773048114832
1342155052883079173,neutral,0.33623359787652535
1342155053000486922,neutral,0.6079851152343057
1342155053495304194,negative,0.0002755830172568149
1342155053591773184,negative,0.02846260353983334
1342155055307386885,negative,0.014046218899557936
1342155055508688897,negative,0.011070454049500375
1342155056334974977,negative,0.009197674952565444
1342155056876032000,negative,0.07884051830597238
1342155058348236800,neutral,0.46547057249507146
1342155058511818752,neutral,0.47697210391394973
1342155059761610753,negative,3.511148750207644e-06
1342155060135030790,positive,0.8488784103859388
1342155110303096832,negative,0.011538404096376137
1342155111427141634,negative,0.20099753052113145
1342155111427158018,negative,7.8964593116111e-10
1342155111607500802,negative,0.02927360635762158
1342155112085680128,neutral,0.592930352123083
1342155112236642304,negative,0.0069571137892871044
1342155113134239745,neutral,0.6079851152343057
1342155113654312964,negative,0.18917555239952435
1342155117513080844,positive,0.9536867808271782
1342155121615110150,negative,1.2137587316032155e-05
1342155121950654467,negative,1.9470970080215536e-05
1342155121959051264,negative,0.27538537887707226
1342155122340745222,neutral,0.6079851152343057
1342155123015864327,negative,0.00023710080759436962
1342155123661922305,negative,0.00020595889784299636
1342155123930390528,negative,5.001696173137159e-06
1342155125121548295,negative,0.12318326869899764
1342155125557780480,negative,0.31734938721697276
1342155125750718465,neutral,0.4609160084261341
1342155125763305474,negative,0.2127323209383065
1342155127189340160,negative,0.2164295994262103
1342155130326679554,negative,0.006334789051235034
1342155131165552651,negative,0.11256590588880415
1342155131870183424,neutral,0.6079851152343057
1342155133405323265,negative,3.765857270093786e-10
1342155134529363974,negative,5.001696173137159e-06
1342155135733166083,negative,7.804517774827806e-07
1342155136437772291,positive,0.8234176770217752
1342155139533201410,negative,1.2137587316032155e-05
1342155141223505923,positive,0.9832842080570241
1342155142716661760,negative,5.067111439135553e-05
1342155143299653633,negative,0.029968692796836196
1342155143782014981,negative,0.00036698065428222344
1342155143886888960,negative,0.014194257454060609
1342155144578916354,negative,0.10440416148123748
1342155144667009024,negative,0.12962009069807864
1342155145212272643,negative,0.014883674790615977
1342155145661063169,negative,0.2915990748773938
1342155146583748608,negative,5.001696173137159e-06
1342155146869014531,negative,0.014194257454060609
1342155147804368897,negative,0.0012511320373127391
1342155149259767808,negative,0.014194257454060609
1342155149284929536,negative,0.08689490951447258
1342155149867945986,negative,0.0517814972521364
1342155150224449537,negative,0.014194257454060609
1342155151205945345,neutral,0.6079851152343057
1342155152137064451,negative,0.15388074030892698
1342155152254529537,negative,0.020645032396955944
1342155153458176003,neutral,0.5739492624514204
1342155154569768961,negative,0.003436981657313474
1342155154678808576,negative,0.003008466651618773
1342155156423651329,neutral,0.6475852229063868
1342155156604006402,negative,0.001033504125618276
1342155158067818496,negative,2.830424596282693e-06
1342155158952812544,negative,0.0003414630950021396
1342155160303280130,negative,0.0069571137892871044
1342155160768937986,negative,0.0002465770577172323
1342155160961880064,negative,0.000942675738455971
1342155161410691075,neutral,0.6079851152343057
1342155161452609538,negative,0.15237137935820858
1342155161544888321,neutral,0.3358218310945649
1342155162375368710,negative,0.15237137935820858
1342155162702503937,negative,0.015565404561229668
1342155163088388098,negative,0.0007929404103188511
1342155163314905088,negative,0.02519105406721213
1342155164216680450,negative,0.13971361243185154
1342155165596581888,negative,0.00018090550014335176
1342155168339652609,negative,0.2812124665127172
1342155168855576579,negative,0.15237137935820858
1342155169937682439,negative,0.03573274266284184
1342155170449420292,negative,0.005434156355631792
1342155170717773824,negative,0.04033295917492178
1342155171439276036,negative,1.3763195454567202e-10
1342155171456020480,negative,0.27538537887707226
1342155171778838528,negative,0.0010427729243528215
1342155172206809101,negative,0.000725745494711989
1342155172588482562,negative,0.005024477676082971
1342155173620289542,neutral,0.6079851152343057
1342155173637091335,positive,0.7088771082093664
1342155177403547658,negative,0.18137192782586453
1342155177512546312,negative,0.0007929404103188511
1342155177541984259,negative,0.0007929404103188511
1342155177676177408,negative,0.17355381795072564
1342155178217189377,neutral,0.42507619662732005
1342155179924328449,negative,0.15237137935820858
1342155180335394816,negative,0.0010427729243528215
1342155182310887425,negative,0.004519103281662017
1342155182927441920,negative,0.002340993932796163
1342155183384649734,negative,0.05879877175333563
1342155183451762690,neutral,0.5847264862634185
1342155190225543169,negative,5.001696173137159e-06
1342155191601258499,negative,0.0007929404103188511
1342155192616312843,negative,1.7859756757125453e-05
1342155199989866499,negative,0.0004398069040672222
1342155201508241410,negative,0.21215071710977063
1342155202200276993,negative,0.0069571137892871044
1342155203097878532,negative,3.437732217671356e-13
1342155203173347328,negative,0.15630830276745175
1342155203638865922,negative,0.12962009069807864
1342155204825735170,negative,0.014921409828964609
1342155205538967552,negative,0.0011902757213991234
1342155205572505600,negative,0.022625754697685886
1342155207287967746,negative,0.17799537651540087
1342155207560622081,negative,0.0008930625156064042
1342155208403673096,negative,0.022601719066066766
1342155208714039299,negative,1.6734281074416479e-10
1342155208948903938,negative,0.002745298738113449
1342155210710511619,negative,0.00741627213827822
1342155211482124288,positive,0.9882937462497845
1342155211561787392,negative,0.12293886911940138
1342155212455374850,negative,0.19119537154383784
1342155212832858114,negative,0.27538537887707226
1342155214271504385,negative,0.0013861719957902155
1342155216158924802,negative,0.03589160844210587
1342155216179900416,negative,0.0008067471435549648
1342155217517891584,negative,0.011538404096376137
1342155217555611648,negative,0.0069571137892871044
1342155219111727104,negative,2.9227043922310373e-07
1342155219522740227,negative,0.10440416148123748
1342155220307103745,negative,7.30774934935384e-05
1342155220336443392,negative,0.0024371334641336007
1342155223368916996,negative,5.067111439135553e-05
1342155225705152513,negative,0.0019979628286412865
1342155226216865793,negative,3.792379489848801e-05
1342155228603326466,negative,0.0002922708266383631
1342155230708969473,negative,0.0028560859225059024
1342155231887548416,negative,0.1046443207536143
1342155232613191682,negative,0.002745298738113449
1342155234014060545,negative,5.001696173137159e-06
1342155236711030786,negative,0.04388290888663579
1342155237155622913,negative,0.28741154178763173
1342155238631944193,negative,0.14609850283191778
1342155239407947777,negative,0.03796884500247603
1342155240913694721,negative,7.30774934935384e-05
1342155242083921920,negative,1.6734281074416479e-10
1342155242255867910,neutral,0.5495922250151081
1342155242658537475,negative,0.014946334494738134
1342155243321257986,negative,2.111162868596163e-06
1342155245015756801,negative,0.00036698065428222344
1342155245259026439,negative,0.010707973357664768
1342155246303391746,negative,0.041137094692619204
1342155249411215360,negative,0.13036130171474938
1342155250027913222,negative,0.0013180234552138117
1342155250027941892,negative,0.15237137935820858
1342155250120200192,positive,0.8488784103859388
1342155251143458816,negative,0.27538537887707226
1342155252670357504,negative,0.017183900555631536
1342155254339686401,negative,0.009366623533087502
1342155255212101634,negative,0.15851044890330498
1342155256071933954,negative,0.034003446403336884
1342155257174962177,negative,0.000725745494711989
1342155257892265991,negative,0.21047953907773329
1342155258034794498,negative,0.02312814423556466
1342155260413018113,negative,1.0157461736566383e-07
1342155261402701824,negative,0.16532172419126437
1342155261860048897,negative,5.001696173137159e-06
1342155261889359872,negative,8.456888946639143e-05
1342155266700300289,negative,0.0002929829596141553
1342155267169927169,negative,2.0597730392760314e-06
1342155267480444929,neutral,0.5472960823705576
1342155267534942209,negative,0.014046218899557936
1342155268570935299,negative,0.10440416148123748
1342155271645368320,negative,0.00823751859811489
1342155272459087873,negative,0.015773583174067275
1342155272773636096,neutral,0.48433186706902376
1342155273650188292,negative,0.00031284106238320397
1342155276003192833,negative,4.440574594787094e-08
1342155276783243264,negative,0.27538537887707226
1342155276795998209,negative,5.001696173137159e-06
1342155276951166978,negative,0.19608385064557662
1342155278524018690,negative,0.008672699436891598
1342155278754701312,negative,0.00475963655478589
1342155279635537921,positive,0.8488784103859388
1342155289806708746,negative,0.18543234769735967
1342155289886420993,negative,0.010417937728695124
1342155290381348864,negative,0.2420675515902399
1342155291308118019,neutral,0.6396263590256809
1342155291635441664,negative,0.014425713493889014
1342155292235202560,negative,5.001696173137159e-06
1342155292298063874,negative,1.0025864372774282e-05
1342155299462008833,negative,0.005058963611082928
1342155300766363649,negative,0.044569439994390364
1342155301198430209,neutral,0.6210907753807138
1342155301525614594,negative,0.02329323645236039
1342155302041432066,negative,0.24938481226141682
1342155303555633153,negative,1.6734281074416479e-10
1342155304759418881,negative,5.001696173137159e-06
1342155305384374272,negative,0.10440416148123748
1342155305535361027,negative,0.10440416148123748
1342155305971544064,negative,0.0007929404103188511
1342155306080624642,negative,6.931048472325273e-08
1342155307938701313,negative,0.000456813765894136
1342155308383219713,negative,5.001696173137159e-06
1342155308785938435,negative,0.014921409828964609
1342155308861370369,negative,0.04388290888663579
1342155309809344515,negative,5.114105812272482e-07
1342155310002282499,negative,0.006884354155694812
1342155310509780994,negative,0.011738621970169116
1342155310602067968,negative,0.053377964796942075
1342155312783007745,negative,0.05257772241242699
1342155314204975104,negative,0.18543234769735967
1342155315341643779,negative,0.0013361498494843136
1342155315559747585,negative,5.001696173137159e-06
1342155318705479683,negative,0.021832781444602187
1342155319074439170,negative,1.0221499488016411e-06
1342155319405850626,negative,0.059151179956913824
1342155319775027200,negative,0.0069571137892871044
1342155320186044422,negative,0.2620967345150337
1342155320257232896,negative,0.0038901873125426764
1342155320601292801,negative,2.1719827790474554e-05
1342155321448476675,negative,0.044461779013385654
1342155325227454464,negative,0.2021949639367727
1342155326158757892,negative,0.025642197114280806
1342155326825635840,negative,0.006334789051235034
1342155328725676035,negative,1.6734281074416479e-10
1342155328994095105,negative,0.001790551858869851
1342155329669378048,negative,0.002299647610081603
1342155329820389379,negative,0.14587033259441068
1342155334798872576,negative,0.07805363017298525
1342155334870327298,negative,0.2613248007609279
1342155337558843392,negative,1.173483016698536e-11
1342155339815387145,negative,0.003544988783433867
1342155340641673216,neutral,0.42695075000513394
1342155342457745408,negative,0.006790937576306008
1342155343741202433,negative,0.20848988206497848
1342155343795773440,neutral,0.33623359787652535
1342155343980343300,negative,3.527564367929993e-05
1342155349529341952,negative,2.6551873154995943e-06
1342155350422790145,negative,6.340766939927145e-16
1342155350766718978,negative,0.0005182986925424612
1342155352666759168,negative,0.0006095025376758965
1342155352889032706,negative,0.005058963611082928
1342155354403201025,negative,5.001696173137159e-06
1342155356953305095,negative,0.0010427729243528215
1342155357406199808,negative,0.05443675673867664
1342155358802997249,negative,5.001696173137159e-06
1342155359138566153,neutral,0.6166747953299241
1342155359864168450,negative,0.014921409828964609
1342155359956434946,negative,0.04033295917492178
1342155360149401600,negative,0.008002740267951025
1342155360170373123,negative,6.212905980846451e-05
1342155361093091330,negative,5.001696173137159e-06
1342155361638375429,negative,0.02329323645236039
1342155362447859712,neutral,0.48834448802556185
1342155363341250560,negative,0.05528446120294227
1342155363882315780,negative,0.0069571137892871044
1342155365476085760,negative,5.067111439135553e-05
1342155366025539584,negative,0.0001270728611384793
1342155367371972609,negative,0.21047953907773329
1342155368189865984,negative,0.15237137935820858
1342155368550572035,negative,1.3158274776645317e-05
1342155369267798020,negative,0.30975103832962125
1342155371645972485,negative,0.27538537887707226
1342155373604696071,negative,5.001696173137159e-06
1342155373843804160,negative,0.002414458409156888
1342155417149992963,negative,0.1825721704861695
1342155417988837377,negative,0.0027739584177534668
1342155418953506821,negative,1.58322900554051e-12
1342155420941639680,negative,0.09640323611645361
1342155421704990722,negative,0.06629107690946992
1342155422191509504,negative,0.0009515585731205844
1342155422552137728,negative,0.0049931011314426725
1342155422866747392,negative,0.046803684551532186
1342155423563059202,negative,5.001696173137159e-06
1342155425219661826,negative,0.010496816195101346
1342155427048521730,negative,0.01209414323385881
1342155427316977664,negative,0.038185108602774166
1342155427891572738,negative,0.05285763660929391
1342155428906450944,negative,0.2219017813456377
1342155428956958721,negative,0.03796884500247603
1342155430835924994,negative,4.584577593477728e-05
1342155431179935750,negative,0.02312814423556466
1342155431209279493,negative,0.05528446120294227
1342155432366895108,negative,0.08570989237795695
1342155432677281792,negative,0.0022909525556647392
1342155434069815297,negative,5.001696173137159e-06
1342155434074001413,negative,0.10704172120787964
1342155434396954625,negative,1.511723138531797e-07
1342155434849918977,negative,6.582747253450239e-05
1342155435378434048,negative,4.128650826309591e-06
1342155435449741314,negative,0.008002740267951025
1342155435906887680,negative,0.006334789051235034
1342155436166946817,negative,0.26076950668447035
1342155436481507330,negative,0.14073610657034286
1342155436766715905,negative,1.2137587316032155e-05
1342155437781573633,negative,0.0018112395590501407
1342155437873967107,negative,0.017840404156025128
1342155439320883201,negative,0.0004760529356788509
1342155439530778625,negative,0.0029740434006208477
1342155441082675200,negative,0.06877344572107734
1342155441388875777,negative,0.017840404156025128
1342155442299006976,negative,1.4751693442420298e-05
1342155443108397056,negative,0.0005411035772666518
1342155444081500161,negative,5.358919587028978e-07
1342155447487221760,negative,0.0010427729243528215
1342155447688699904,neutral,0.3403391890910929
1342155448573517825,positive,0.7961707719728688
1342155451018977282,negative,1.850662536383181e-08
1342155451975270401,negative,0.18917555239952435
1342155453753655296,negative,4.188207381913034e-05
1342155454781267974,negative,4.923206101089308e-08
1342155455938916352,negative,0.04309523899221751
1342155456991682560,negative,0.01209414323385881
1342155460225486848,neutral,0.34991979587323124
1342155460451962880,negative,0.09969753399654273
1342155462536548355,negative,0.0024429761296886694
1342155465099243521,negative,0.0031023963934914273
1342155465216708611,negative,5.843583230500515e-10
1342155465380294658,negative,0.0005411035772666518
1342155465451515905,negative,5.001696173137159e-06
1342155465799643137,negative,0.0006618755121295592
1342155466449813510,negative,5.001696173137159e-06
1342155466529333249,negative,0.042402455357803376
1342155467158646784,negative,0.16280582794327256
1342155467527770113,negative,5.112272458147704e-07
1342155468207255555,negative,0.0010386303582488488
1342155468630847488,negative,4.4918540445755013e-10
1342155468932845570,negative,0.16186416659669633
1342155469222268929,negative,0.0069571137892871044
1342155470228889600,negative,0.005058963611082928
1342155471730450432,negative,0.16532172419126437
1342155473177505794,positive,0.9996679469659898
1342155473240420355,negative,0.034941891163698356
1342155473559150594,negative,5.001696173137159e-06
1342155474712612865,negative,1.229575226894721e-07
1342155474876198913,negative,0.0006847700113884373
1342155475069104129,negative,0.057100421758971884
1342155475534700546,negative,2.638394958758399e-05
1342155476084137984,negative,0.0069571137892871044
1342155476528721921,negative,0.02246801270733298
1342155478214840321,negative,0.04033295917492178
1342155478491652098,negative,0.07109062890878029
1342155481914097664,neutral,0.5495922250151081
1342155483042476032,negative,5.7020786007583634e-08
1342155485517111296,negative,0.007271182679910748
1342155485668143104,positive,0.7364552304579606
1342155485982699520,negative,0.1742380541875788
1342155487878512646,negative,0.0009758201416809123
1342155489807904772,neutral,0.39842223990630027
1342155491393331200,negative,0.0002755830172568149
1342155491854741505,negative,0.0022717186838033684
1342155491959578624,negative,0.000725745494711989
1342155492110565376,negative,0.000725745494711989
1342155492429324290,negative,3.792379489848801e-05
1342155492915884033,negative,8.044161217289888e-10
1342155493322739713,negative,0.02329323645236039
1342155495763832834,negative,0.009812761995502623
1342155497357668352,negative,0.01901656117934125
1342155497735122944,negative,0.003566906859200871
1342155498964086784,negative,0.0010427729243528215
1342155499589001216,neutral,0.42755866745518784
1342155500482424832,negative,0.10381734080021172
1342155500536946688,negative,0.0004405913192050824
1342155502537609218,negative,0.0008067471435549648
1342155503556767746,positive,0.6864853079933441
1342155503674253315,negative,0.0006903907291249015
1342155503749787649,negative,0.008002740267951025
1342155504819302400,negative,5.001696173137159e-06
1342155505700130819,negative,2.1530444229882307e-11
1342155506014683138,negative,0.008002740267951025
1342155506325069826,negative,0.0038159899723729353
1342155507067465728,negative,0.014921409828964609
1342155507344224256,negative,0.21722145998290496
1342155507625287683,negative,5.001696173137159e-06
1342155508321562624,negative,0.0517814972521364
1342155508766150657,negative,7.548841920217413e-06
1342155510204702721,negative,0.0003239154728240111
1342155510833938432,negative,0.0008073982088009583
1342155511010099202,negative,0.0010427729243528215
1342155512167747585,positive,0.7364552304579606
1342155512520077314,negative,0.01226891165639282
1342155513996439554,negative,0.0002922487043940966
1342155514294263809,negative,0.011538404096376137
1342155514487189505,negative,0.0010427729243528215
1342155515464441857,negative,0.004300878492222307
1342155516374626304,negative,5.94331580087178e-09
1342155517574193158,negative,6.474816842811527e-07
1342155518001999874,negative,0.01366302732957199
1342155518002032640,positive,0.7961707719728688
1342155518761197569,neutral,0.5495922250151081
1342155518815711236,negative,0.009618894148865416
1342155518991888384,negative,0.005058963611082928
1342155519239348224,negative,0.0007929404103188511
1342155519323222020,negative,0.03796884500247603
1342155520640241665,negative,0.001798123895423882
1342155521160310785,negative,0.0007929404103188511
1342155521529266176,negative,0.0004760529356788509
1342155523232305157,negative,0.04350062137650897
1342155523450404864,negative,0.02312814423556466
1342155523962122242,negative,0.002301691037227074
1342155525212004355,negative,0.0002767554031423936
1342155525312679936,negative,0.02312814423556466
1342155525493039104,negative,3.4333355622175006e-08
1342155525610475525,negative,0.0018112395590501407
1342155527363637248,negative,8.885466562234789e-05
1342155527426629633,neutral,0.44846293211155425
1342155527778951169,negative,0.27538537887707226
1342155530991775744,negative,5.001696173137159e-06
1342155531893551111,negative,0.026163735950944126
1342155532015181826,negative,2.562418700654683e-05
1342155532803649542,negative,0.1994694027461982
1342155532841398275,negative,2.0932035081257708e-05
1342155533915222019,negative,0.0007929404103188511
1342155535605526530,negative,0.00015003651495694098
1342155537308405760,negative,0.2774991482581568
1342155537362857987,negative,0.2164295994262103
1342155538256289795,positive,0.9261166037588582
1342155538595909632,negative,0.0006847700113884373
1342155538621194240,negative,5.001696173137159e-06
1342155539606892544,negative,0.23387352519968457
1342155540118560771,negative,0.269786312807154
1342155541229969409,negative,0.0005325880340559762
1342155541674487814,negative,0.0010427729243528215
1342155541922148353,negative,0.02462439914683632
1342155542265962496,negative,0.14609850283191778
1342155542643367936,negative,0.16532172419126437
1342155547315941376,negative,0.02312814423556466
1342155550927142913,negative,1.2812000981805984e-05
1342155554479874050,negative,2.8121648602853244e-05
1342155638386749442,negative,1.6734281074416479e-10
1342155639926255618,negative,1.2734112616363366e-09
1342155642614779905,negative,0.05166376534854084
1342155644074266624,negative,0.271155428753468
1342155645408206852,negative,5.5165106832589316e-06
1342155647987671041,neutral,0.46127768308170247
1342155649761894401,negative,0.015565404561229668
1342155650059497473,negative,9.56464986647468e-05
1342155652899233792,negative,0.035667975286281066
1342155653389938690,negative,3.159040949252661e-05
1342155653679357959,positive,0.7961707719728688
1342155655147352065,negative,0.0005513534658065328
1342155655835230208,positive,0.9996679469659898
1342155656330051586,negative,0.02679736193056124
1342155657496186882,negative,0.008002740267951025
1342155658133696519,negative,0.02851222059895992
1342155660079861760,neutral,0.5714452780298156
1342155661061271552,negative,0.020662502153600684
1342155661786824705,negative,0.27538537887707226
1342155661812113413,negative,0.0006847700113884373
1342155662051205120,negative,0.0007929404103188511
1342155663066206209,negative,0.008285294134682705
1342155663288508422,negative,0.15630830276745175
1342155663418470400,negative,0.17632601764987182
1342155664550989825,negative,0.0010427729243528215
1342155666627174400,negative,0.026830194102773382
1342155666799144963,negative,0.07875598247933085
1342155667570831362,negative,0.10440416148123748
1342155668413943809,negative,0.0069571137892871044
1342155670670495748,negative,0.015447191535467714
1342155672448856064,negative,5.206489606555806e-11
1342155672897646592,negative,2.6551873154995943e-06
1342155673170272256,neutral,0.43260222265823806
1342155673610686464,negative,0.014921409828964609
1342155673912619009,negative,0.26076950668447035
1342155674176913410,negative,5.001696173137159e-06
1342155674848002048,negative,0.09386534514279614
1342155678308331522,negative,0.0003655822896523149
1342155681533734915,positive,0.8940481142357614
1342155681617620994,negative,0.03573274266284184
1342155682255134727,negative,0.001528405026854895
1342155683186290690,negative,1.2137587316032155e-05
1342155684310175744,negative,0.010730662480973811
1342155685035974661,negative,5.001696173137159e-06
1342155685203742721,negative,0.056064655995890535
1342155686004842497,positive,0.9953155110338834
1342155687690956803,neutral,0.398180521791012
1342155688554991617,negative,0.0069571137892871044
1342155689477599232,negative,0.004116881304046416
1342155689687445505,negative,0.05528446120294227
1342155691054817283,negative,0.001899547308491881
1342155691239350272,negative,5.001696173137159e-06
1342155691574898688,negative,0.003121316702415719
1342155692564766720,negative,0.011466230504567677
1342155694502502403,negative,0.020662502153600684
1342155695404294145,negative,0.19608385064557662
1342155695886643203,negative,0.15237137935820858
1342155696549277697,negative,0.27269395613146125
1342155697052655619,negative,0.0517814972521364
1342155697107177473,neutral,0.49905447695253125
1342155697744711680,negative,0.004315178123019976
1342155698357022722,negative,5.001696173137159e-06
1342155701611855875,negative,1.6734281074416479e-10
1342155701758656523,negative,5.001696173137159e-06
1342155702073241607,negative,0.27538537887707226
1342155703637733379,negative,0.005690555835752746
1342155704464007175,negative,0.01838246915988873
1342155705692741632,negative,0.07282988979776904
1342155706041040897,negative,0.009524368140933352
1342155706502443009,negative,0.005058963611082928
1342155706670206981,negative,5.063550801719349e-07
1342155707924307974,negative,0.0010427729243528215
1342155709069332481,negative,0.0517814972521364
1342155710684135426,negative,2.6551873154995943e-06
1342155711929790464,negative,8.885466562234789e-05
1342155712835842048,negative,0.02682594200627106
1342155713536258053,negative,0.0598838203698199
1342155713687252992,neutral,0.33623359787652535
1342155714467409923,negative,0.0004760529356788509
1342155715113312257,positive,0.8488784103859388
1342155718326185993,negative,0.21047953907773329
1342155718363926530,negative,0.10980961797320074
1342155720721133568,negative,0.02312814423556466
1342155721295753216,negative,0.0031023963934914273
1342155723178975234,neutral,0.3499352441185855
1342155723782938625,neutral,0.39149664121879446
1342155724999294978,negative,0.0004760529356788509
1342155725431316480,negative,0.0005969422924657521
1342155726224027653,negative,0.06405537043123012
1342155726270197767,positive,0.6691262784899221
1342155726706323456,negative,0.0517814972521364
1342155727520096256,negative,1.7004929228614352e-07
1342155727603949568,negative,5.001696173137159e-06
1342155729273311238,negative,0.006248314451104854
1342155729466249216,negative,0.00012277900158070039
1342155729650786305,negative,0.2226288826810743
1342155729759842305,negative,0.011538404096376137
1342155730946822144,negative,2.483191199003473e-06
1342155731294892032,negative,0.0598838203698199
1342155733484371970,negative,0.03796884500247603
1342155734969180160,negative,0.002269102241443454
1342155735371829250,negative,0.00021886312032592207
1342155737644978178,negative,0.25411521829677874
1342155844553564161,negative,0.0007215222070526154
1342155845640056834,negative,2.054231992163897e-07
1342155845677834240,negative,0.010929883898686639
1342155847301005313,negative,0.01437903078328581
1342155847766585344,negative,1.7741370598427808e-06
1342155847783370752,negative,0.015155107296918732
1342155849112948737,negative,0.12962009069807864
1342155849742102532,negative,0.27538537887707226
1342155849788227590,negative,0.12554635013883272
1342155849935032321,negative,0.0012160426916376858
1342155851218493440,positive,0.9982125415428295
1342155851273015298,negative,0.08257315439397898
1342155851902169088,negative,7.30774934935384e-05
1342155852963262465,negative,8.804208206521252e-08
1342155853529575424,negative,0.00799700372895029
1342155857795158017,negative,6.17938220872769e-05
1342155858877284354,negative,1.7907324699214022e-08
1342155859569340417,negative,5.001696173137159e-06
1342155860445962240,negative,5.001696173137159e-06
1342155861272252418,positive,0.665637510281762
1342155861339340801,negative,0.03589160844210587
1342155862689853445,negative,0.01366302732957199
1342155863524597768,negative,5.001696173137159e-06
1342155864363266049,negative,0.0006618755121295592
1342155865395224583,negative,0.041137094692619204
1342155865722417153,negative,7.30774934935384e-05
1342155865986633729,negative,0.09461566194733254
1342155866833874951,negative,1.6734281074416479e-10
1342155866896822273,neutral,0.3812352090972061
1342155867421110272,neutral,0.5495922250151081
1342155867479822336,negative,8.885466562234789e-05
1342155867811143681,negative,0.029285760829236937
1342155869191077888,negative,0.0008067471435549648
1342155869719388161,negative,1.6734281074416479e-10
1342155870289985536,negative,0.007809040031757991
1342155871737032706,negative,2.483191199003473e-06
1342155872173228033,negative,0.2219017813456377
1342155872450064387,negative,0.053376662704522515
1342155874245214208,negative,0.004678218021721576
1342155874928889862,negative,0.22333938827534788
1342155877760069634,negative,3.792379489848801e-05
1342155878456315904,negative,0.0009014489403220363
1342155878787637249,negative,0.27538537887707226
1342155878909308929,negative,2.6551873154995943e-06
1342155879035129856,negative,0.2102320189201679
1342155879894933505,negative,0.003121316702415719
1342155882826780680,negative,0.16186416659669633
1342155883208454148,negative,5.968353762011209e-07
1342155884294791168,negative,0.0025570592608791898
1342155884852637699,negative,0.011538404096376137
1342155885334806528,negative,0.014921409828964609
1342155886068981760,negative,0.3294215594878419
1342155886521950215,negative,1.6734281074416479e-10
1342155887914446850,negative,2.8961650749369948e-05
1342155888430297088,neutral,0.4101129434660521
1342155888472322049,negative,0.0004959955619609795
1342155888732344320,negative,0.26076950668447035
1342155889277591553,negative,0.015773583174067275
1342155889621532674,negative,0.0015524651967174698
1342155890045165571,negative,0.041137094692619204
1342155890405814275,negative,2.475803686627773e-05
1342155890611396610,negative,0.05447534550667627
1342155890938544129,negative,0.0040954777914946425
1342155891005644801,negative,2.7323520231584884e-14
1342155893870362624,negative,0.02312814423556466
1342155893954252800,negative,1.2137587316032155e-05
1342155894986047492,negative,0.0003155602948748078
1342155896219176961,negative,0.05469200517342636
1342155896902852609,negative,3.792379489848801e-05
1342155897733263360,negative,0.00013016916214728997
1342155898282778624,negative,0.10440416148123748
1342155898635100161,negative,0.1604614586044836
1342155899041951745,negative,0.10440416148123748
1342155901357207553,negative,5.001696173137159e-06
1342155902128975872,negative,3.0654597488645394e-05
1342155903143964672,negative,3.7707208447392683e-06
1342155903370489863,negative,0.241494602723641
1342155904079302663,negative,0.024694100878818438
1342155904536481792,negative,0.004514655691763813
1342155905089978368,negative,0.06557700447334129
1342155905241145345,neutral,0.49662669540767845
1342155905446633474,negative,0.007809040031757991
1342155906692378625,negative,0.2681301851464377
1342155906797203458,negative,5.667585845313686e-06
1342155909913460736,negative,0.0004760529356788509
1342155910270115845,negative,0.04209156254794373
1342155910676959239,negative,0.15630830276745175
1342155910920208386,negative,0.0673834447469688
1342155911540969476,negative,2.5987155852303245e-05
1342155913994625024,negative,0.01366302732957199
1342155914812534785,negative,0.011795714715035734
1342155915844321282,negative,0.0370772255018806
1342155917194911744,positive,0.7560908973998467
1342155917538828289,positive,0.9283186346337811
1342155917840756737,negative,0.06974217300639873
1342155919241719809,negative,0.26076950668447035
1342155920223174656,negative,0.3047325431777601
1342155922290974721,positive,0.9845644697550272
1342155922467000320,negative,0.0010427729243528215
1342155922555236357,negative,0.014883674790615977
1342155924530745346,negative,0.21047953907773329
1342155926296555520,negative,0.26076950668447035
1342155926367825925,negative,0.15641620741532233
1342155927374458881,neutral,0.3499352441185855
1342155927462543361,negative,0.008002740267951025
1342155928074903552,negative,0.15237137935820858
1342155928313978883,negative,2.5576530068063273e-08
1342155929157042176,negative,0.0011902757213991234
1342155929232568321,negative,0.000725745494711989
1342155929358360583,neutral,0.5495922250151081
1342155929920397312,negative,9.56464986647468e-05
1342155933661724674,negative,0.05257772241242699
1342155938816516096,negative,5.768760093195299e-05
1342155939831537664,neutral,0.49789225920557484
1342155940800421889,positive,0.6600720551949161
1342155941261807616,negative,0.0004760529356788509
1342155942260043777,neutral,0.5957399490333923
1342155942310391808,negative,0.002058032687662347
1342155942658498562,negative,2.2513239637025443e-05
1342155946529722369,negative,0.0002755830172568149
1342155946693259265,negative,0.006334789051235034
1342155947196575744,negative,0.014921409828964609
1342155949201625088,neutral,0.44846293211155425
1342156023323361285,negative,0.014921409828964609
1342156025508446208,neutral,0.3499352441185855
1342156026766876673,neutral,0.5495922250151081
1342156027865804802,neutral,0.47960041475486676
1342156028406853632,positive,0.9997986240468733
1342156028868239366,positive,0.7825548476296257
1342156029333803013,negative,5.001696173137159e-06
1342156029660966913,negative,0.04668869569348924
1342156030650802176,neutral,0.5490292481829452
1342156033603604481,negative,1.2016363903338023e-08
1342156034450857984,negative,1.152098804599303e-06
1342156034492796929,negative,5.001696173137159e-06
1342156034832543747,negative,0.023584009553104707
1342156038338998272,neutral,0.3358218310945649
1342156038531899392,neutral,0.47878153849390703
1342156038603239425,negative,1.6734281074416479e-10
1342156040574480385,neutral,0.43260222265823806
1342156042432630785,negative,0.061765150773306444
1342156043044982784,negative,0.012017416398955209
1342156043661533184,negative,0.0003345276233171285
1342156044802301952,negative,0.013744301464017726
1342156045695803393,negative,0.010255962868584316
1342156045813248001,negative,0.02927360635762158
1342156050473037824,negative,2.6551873154995943e-06
1342156052490579968,negative,0.00012060922765433136
1342156052645761025,negative,0.057100421758971884
1342156053191024645,negative,0.05588990431581739
1342156055850135552,negative,5.001696173137159e-06
1342156057917984768,negative,0.010822551755000468
1342156059687989248,negative,0.0598838203698199
1342156061051072515,negative,1.652568829202343e-06
1342156061751574528,negative,0.2516423804933001
1342156062066094085,neutral,0.33858158044667797
1342156064419155969,negative,5.001696173137159e-06
1342156065048150026,negative,3.604580210676263e-09
1342156065534828544,negative,0.10440416148123748
1342156065664806913,negative,0.003121316702415719
1342156068227579906,negative,0.006690888274548622
1342156068428918785,negative,0.0006583846052100694
1342156071373316096,negative,0.26076950668447035
1342156073004916736,negative,5.121154846943292e-07
1342156074053472257,negative,0.0069571137892871044
1342156074766508034,negative,0.30899366494847985
1342156075747962881,negative,2.406868253938811e-09
1342156076167299073,positive,0.9996679469659898
1342156076993622020,negative,0.0014775854351103544
1342156077597663235,negative,0.0006618755121295592
1342156077882896391,negative,0.017613150374268076
1342156078268567553,negative,1.1924715322219083e-07
1342156078285524998,negative,0.1930582321730025
1342156079615123456,positive,0.8497060242496155
1342156080244113408,negative,0.07370718409939975
1342156080286113792,negative,1.0435755382213203e-08
1342156083025031170,negative,1.07160243703503e-06
1342156084623122436,negative,5.001696173137159e-06
1342156085029986305,negative,0.0004760529356788509
1342156085407322113,negative,0.0031023963934914273
1342156085789138947,negative,8.885466562234789e-05
1342156086464315394,negative,0.0010427729243528215
1342156086908956672,negative,0.02110438221067509
1342156087194124289,negative,8.605410329688785e-05
1342156089278812163,positive,0.9981176204747708
1342156089677275142,negative,0.004827224298081627
1342156090306392069,negative,0.014849538568656992
1342156090377719809,negative,0.0010427729243528215
1342156091489218560,negative,0.03507727990129901
1342156091573075969,negative,0.002745298738113449
1342156091979931655,negative,0.1046443207536143
1342156092835586048,negative,0.006700099053087688
1342156094022557698,negative,0.27538537887707226
1342156098032304128,negative,3.792379489848801e-05
1342156098263011345,negative,0.0004615635581546248
1342156098774687744,negative,0.02176098386688741
1342156099294797825,negative,0.10440416148123748
1342156099663892480,negative,0.14979215823549333
1342156100460802049,negative,0.10440416148123748
1342156100884455425,negative,0.04362033744805168
1342156101555523592,positive,0.9999948549081155
1342156101731504128,negative,0.015554536058104614
1342156103401041920,negative,0.03295447596256418
1342156104571228162,negative,0.000725745494711989
1342156104994869250,negative,4.044389952670016e-05
1342156105573687296,negative,0.05407329772709921
1342156108304183297,negative,0.0005617162575712114
1342156109214310401,negative,0.01613242230301775
1342156109306593280,negative,0.00013838562854918488
1342156111307300866,positive,0.9582814969084437
1342156111743475712,negative,0.053377964796942075
1342156111806418946,negative,0.00244228827871058
1342156112477495296,negative,0.03829983775538717
1342156112989220868,negative,0.3223010394061091
1342156113303756802,negative,0.15108216137217553
1342156115195408385,negative,5.838280331083885e-06
1342156116025860097,negative,0.2013240848353585
1342156116378075136,negative,0.0517814972521364
1342156117766533120,negative,0.0031023963934914273
1342156118408224768,negative,0.00031284106238320397
1342156119100239872,negative,0.10440416148123748
1342156119817465856,negative,0.18364099313401525
1342156121113505792,negative,0.0032580438964232438
1342156121813917696,negative,0.011778657885330808
1342156122275405829,negative,5.001696173137159e-06
1342156123164577794,negative,2.6551873154995943e-06
1342156124775088129,negative,0.010496816195101346
1342156127358877697,neutral,0.33623359787652535
1342156128189362180,negative,0.036413799586428826
1342156128394878979,neutral,0.39220849115704093
1342156131083440129,negative,5.001696173137159e-06
1342156132710809600,negative,0.017230589082131917
1342156133922971650,negative,6.238881657585496e-08
1342156135214837763,neutral,0.49789225920557484
1342156136842227713,negative,0.005690555835752746
1342156138779914243,negative,1.6119684250411773e-05
1342156140977807363,negative,0.0598838203698199
1342156142206738432,neutral,0.33623359787652535
1342156142601003008,negative,2.513783439445294e-08
1342156144966561793,negative,0.15237137935820858
1342156146241626112,negative,1.2628731107378935e-06
1342156146283581440,negative,0.1994694027461982
1342156146522648577,negative,0.0025129424993323175
1342156146749149184,negative,3.532538110110319e-09
1342156149534183425,negative,0.10440416148123748
1342156150071058432,negative,0.0598838203698199
1342156152084185094,negative,0.001927687125939226
1342156152294027265,positive,0.9762391282955483
1342156154403745793,negative,0.011858069672665965
1342156154810609665,negative,0.004904063222897523
1342156155032920073,negative,2.5294992555602996e-06
1342156156760969219,negative,0.27538537887707226
1342156158476423172,negative,0.00741627213827822
1342156158493204482,negative,4.006505299285926e-05
1342156158786797569,negative,0.00036698065428222344
1342156161265639424,negative,0.21047953907773329
1342156161651499009,negative,0.0025570592608791898
1342156162213552128,neutral,0.33623359787652535
1342156162377068553,negative,0.07626137811984525
1342156163995996160,negative,3.014302154039948e-08
1342156164054675459,negative,0.046803684551532186
1342156164302307334,negative,0.06640051744579871
1342156164830781442,negative,0.0002755830172568149
1342156165111836673,neutral,0.5495922250151081
1342156215472807939,negative,0.015773583174067275
1342156215498006533,negative,0.00012806966803041736
1342156216936636416,negative,0.010714379468445523
1342156217590935553,positive,0.9595868242726683
1342156217666445320,negative,0.10440416148123748
1342156217695744002,negative,5.001696173137159e-06
1342156217716793345,negative,6.08495786280351e-06
1342156218299723781,negative,0.005447757490260875
1342156219155427329,negative,0.0015361393601096727
1342156219679715331,negative,3.792379489848801e-05
1342156220086497280,negative,5.001696173137159e-06
1342156220711448576,negative,0.005447757490260875
1342156221533577218,negative,5.001696173137159e-06
1342156221936250880,negative,0.00627211178932843
1342156222158540802,negative,0.003151018757480133
1342156222171144195,negative,0.20932333499701555
1342156222351495170,negative,0.0005589583675452897
1342156222946897920,negative,0.0006847700113884373
1342156223362322436,neutral,0.3499352441185855
1342156226151460865,negative,0.0029854172001042047
1342156226646446083,negative,0.10605743521003269
1342156226839384068,negative,0.00024495410715061816
1342156228072534017,negative,0.005058963611082928
1342156229657980929,negative,1.6734281074416479e-10
1342156229947371521,negative,2.6205608835973734e-09
1342156230144503809,negative,3.527564367929993e-05
1342156230152876032,negative,0.011490537435018785
1342156232627511296,negative,0.21047953907773329
1342156233055363072,negative,0.30396949356940606
1342156233609011202,negative,6.256942625617613e-06
1342156235571933188,negative,0.16532172419126437
1342156237501296646,negative,2.6551873154995943e-06
1342156238193381377,neutral,0.46127768308170247
1342156238331797504,negative,0.0517814972521364
1342156240831590404,negative,0.15630830276745175
1342156242844839936,negative,0.02072301249504325
1342156244426125314,negative,0.043750021502340086
1342156245994713091,negative,0.0006511462771957673
1342156246338699266,negative,0.006100086787408851
1342156246644883457,negative,0.2812124665127172
1342156246741237767,negative,7.115128569876408e-09
1342156247181762562,negative,0.057100421758971884
1342156250465923075,negative,0.10487890183146167
1342156251292200961,negative,0.15699764923535087
1342156251497684994,negative,1.6734281074416479e-10
1342156252651139082,positive,0.7551920784622247
1342156253674541056,negative,1.07160243703503e-06
1342156255524220935,negative,5.001696173137159e-06
1342156255750737931,negative,0.005447757490260875
1342156255805190149,negative,7.877511448141284e-06
1342156257105502208,negative,0.07514699840828072
1342156257248092160,neutral,0.49789225920557484
1342156257382313984,negative,5.017419359240566e-06
1342156257583656961,neutral,0.46127768308170247
1342156259504566274,negative,0.07514699840828072
1342156259601100800,negative,0.066120657218166
1342156260221747201,negative,9.56464986647468e-05
1342156261262057473,negative,0.011538404096376137
1342156261652094981,positive,0.9996679469659898
1342156262226747393,positive,0.9996679469659898
1342156262402904067,negative,6.0136744238057e-10
1342156263476649984,negative,0.004742563749892966
1342156263891865600,negative,5.001696173137159e-06
1342156264118349824,negative,0.27538537887707226
1342156264898523142,neutral,0.41006382884298564
1342156265968054274,negative,0.11935951334984464
1342156266794311680,negative,0.15237137935820858
1342156269143126018,negative,2.6551873154995943e-06
1342156269965238276,neutral,0.3358218310945649
1342156270141378561,negative,0.0012610069444334599
1342156271869456384,negative,0.0004004132172958774
1342156272955699201,negative,0.024036169934060037
1342156273639444483,negative,1.6734281074416479e-10
1342156273731719170,negative,0.15237137935820858
1342156274595721217,neutral,0.49789225920557484
1342156275405246464,negative,2.9323728478094176e-05
1342156276449599492,negative,6.17938220872769e-05
1342156276894212097,negative,0.10489656397742007
1342156277120708610,negative,0.019066194584136255
1342156278903275520,negative,0.005447757490260875
1342156279284903936,negative,0.0006618755121295592
1342156279532253184,negative,1.6734281074416479e-10
1342156279700213762,negative,0.15574741205908998
1342156280690040833,negative,1.6468788665736552e-06
1342156281721851905,negative,0.26076950668447035
1342156281973501952,negative,0.0002504574087986558
1342156282074165249,negative,0.27538537887707226
1342156286415265792,negative,0.002628818799611523
1342156286562082816,negative,0.009306425720104155
1342156287304470528,negative,0.11578849869869969
1342156288277565442,negative,0.15237137935820858
1342156391511941120,negative,0.013549000747233484
1342156391520358402,negative,0.02160242453216044
1342156391662948354,negative,0.002269102241443454
1342156392447275009,negative,0.046713702602444056
1342156392518602753,positive,0.8252888065404895
1342156396217966592,negative,0.0069571137892871044
1342156397576904704,negative,8.194150216739501e-05
1342156398172495876,negative,0.09389302565675778
1342156399711817728,negative,0.00185945502236731
1342156400018026496,negative,0.08437613153631827
1342156400076709888,neutral,0.49789225920557484
1342156400915578887,negative,0.27538537887707226
1342156401746059265,negative,5.0081146320260015e-06
1342156402014494725,negative,0.020662502153600684
1342156402068959233,negative,0.0419844847666138
1342156402563944448,negative,0.12031344871298946
1342156403079843840,negative,0.056064655995890535
1342156403402821646,negative,0.004315178123019976
1342156404136804354,negative,0.1180858697101049
1342156405768400897,negative,0.03513664696641658
1342156405881647106,negative,2.8938702863454633e-05
1342156406175227904,negative,0.0001690060164897966
1342156407840321536,negative,0.1707636479313502
1342156408058474497,negative,0.003121316702415719
1342156411233574913,negative,0.0111513615991623
1342156411971764239,negative,6.5102013418062945e-06
1342156412525416448,neutral,0.3358218310945649
1342156412756090885,negative,0.006100086787408851
1342156413594816512,neutral,0.5578471314841912
1342156413792100352,negative,0.0001270728611384793
1342156414035374080,negative,0.02312814423556466
1342156414488350722,negative,1.1822134038851366e-06
1342156415402725377,negative,0.08563310696851896
1342156418334515201,negative,1.0530800216424677e-09
1342156419051769865,negative,0.21047953907773329
1342156419198423040,negative,6.736631210810655e-13
1342156420213596161,negative,0.0004760529356788509
1342156421098594304,negative,2.6551873154995943e-06
1342156421518020611,negative,0.21047953907773329
1342156421681430531,negative,5.001696173137159e-06
1342156421723516930,negative,0.11182245947334335
1342156422369447936,neutral,0.36634082671036783
1342156424378507269,negative,5.001696173137159e-06
1342156425439686657,negative,0.004911521286639298
1342156425934548994,negative,0.01035781880035665
1342156426039484424,neutral,0.5495922250151081
1342156426224033797,negative,0.0008067471435549648
1342156426421141504,negative,0.3223010394061091
1342156426832211970,negative,5.770950972105125e-10
1342156427687813123,negative,0.01861605233581158
1342156427851390979,negative,5.001696173137159e-06
1342156427914342402,negative,0.17936937691063232
1342156428815945728,neutral,0.5472960823705576
1342156430556590080,negative,0.0006618755121295592
1342156431894700033,negative,0.0008067471435549648
1342156432133791744,negative,0.057100421758971884
1342156434398736390,neutral,0.3358218310945649
1342156438823694337,negative,6.354079939911233e-07
1342156439293485056,neutral,0.5495922250151081
1342156439674970112,negative,1.6734281074416479e-10
1342156440119685120,negative,0.011490537435018785
1342156440203628546,neutral,0.4627362807565631
1342156440861954049,negative,0.0007929404103188511
1342156441088618501,neutral,0.4507454498615163
1342156441411612675,negative,0.0005856643025180983
1342156444196622336,neutral,0.47878153849390703
1342156445517815809,negative,0.006100086787408851
1342156447195549697,negative,6.238881657585496e-08
1342156447627534342,positive,0.9999392777168042
1342156447644266496,negative,0.0517814972521364
1342156448357359619,neutral,0.41902197213805875
1342156449410129928,positive,0.7567546089677775
1342156450051850243,positive,0.7961707719728688
1342156451553406976,negative,0.0015524850000662243
1342156453621231622,negative,0.008014517821866405
1342156454950699011,negative,2.5987155852303245e-05
1342156456469135364,positive,0.9942060478307817
1342156456607567874,negative,8.515087045096324e-06
1342156457685430279,negative,0.040184568826493204
1342156458423627776,positive,0.9794514054751986
1342156461145812996,negative,0.014425713493889014
1342156462278242306,negative,0.005447757490260875
1342156462672531456,negative,0.27538537887707226
1342156463150665735,negative,0.002745298738113449
1342156465121984515,negative,0.00606045011717588
1342156467860811781,negative,0.0517814972521364
1342156469022699523,negative,1.6734281074416479e-10
1342156471375683585,negative,0.13782235417960173
1342156471543287809,negative,0.1939751723184478
1342156471656595456,negative,0.1939751723184478
1342156472218750976,negative,5.001696173137159e-06
1342156473825177600,neutral,0.5024549303604945
1342156572672323584,negative,0.0004760529356788509
1342156574714982400,negative,0.005447757490260875
1342156575323152388,negative,0.006100086787408851
1342156575373451265,negative,1.8449266627376572e-05
1342156577302740992,negative,0.0517814972521364
1342156580452708353,negative,9.793538058431859e-06
1342156580532445185,negative,8.885466562234789e-05
1342156581820133382,negative,0.16186416659669633
1342156582075981825,negative,0.00031717491648353873
1342156582688329728,negative,0.0007929404103188511
1342156582893854720,negative,0.018277168160144224
1342156583518818304,neutral,0.3374674755446546
1342156583648722945,negative,0.14267229822739622
1342156585238462465,negative,8.515087045096324e-06
1342156585242677248,negative,0.015773583174067275
1342156590011592706,negative,0.0008857452603480243
1342156590925934598,negative,0.014849538568656992
1342156591261491207,negative,3.792379489848801e-05
1342156591995478018,negative,0.0015596296984796267
1342156593744535553,negative,5.001696173137159e-06
1342156594134589441,negative,0.0007215222070526154
1342156596713934849,negative,0.056064655995890535
1342156598739922945,negative,2.3163854756605923e-16
1342156598836391939,negative,0.13858569004193308
1342156599603961857,negative,0.12740039617771
1342156600136540161,negative,0.13036130171474938
1342156600392478722,negative,0.0010427729243528215
1342156601579499526,negative,0.1939751723184478
1342156601692721154,negative,1.4499569222765017e-15
1342156601965256704,negative,0.0022041068911777435
1342156604934905858,negative,0.31020299490239267
1342156605165629444,negative,5.782892637689996e-05
1342156605496963074,negative,0.0069571137892871044
1342156606289547264,negative,9.11013110100558e-05
1342156606750994434,positive,0.7364552304579606
1342156606805520387,neutral,0.33754991970269027
1342156606805602305,negative,0.23851127647847212
1342156607539580931,negative,0.17799537651540087
1342156608642670595,negative,1.9753759268739625e-06
1342156610194599939,negative,0.0069571137892871044
1342156610668556288,negative,0.08437613153631827
1342156611368968194,negative,0.03748193775637961
1342156611427704834,negative,2.6551873154995943e-06
1342156613302575104,neutral,0.5495922250151081
1342156614338539526,negative,0.00920089499152739
1342156614988681217,positive,0.8295364762341902
1342156615366160384,negative,0.00741627213827822
1342156615768748033,negative,2.501724650002005e-06
1342156616423116800,negative,0.14073610657034286
1342156618201489410,negative,4.006505299285926e-05
1342156618629316610,negative,0.19608385064557662
1342156619984072706,negative,0.006214603908749249
1342156621535961093,neutral,0.3619903613685364
1342156624564281345,neutral,0.49789225920557484
1342156625839345665,negative,0.015459452077076921
1342156626845970434,negative,0.2060303101430985
1342156627940675586,negative,0.016697246013995692
1342156628171182082,negative,0.0002755830172568149
1342156628213313536,negative,0.13858569004193308
1342156629198991363,negative,0.005447757490260875
1342156630226575362,negative,0.2812124665127172
1342156630394368000,negative,0.3205746300160878
1342156630864105474,negative,0.26076950668447035
1342156631249977349,neutral,0.5490292481829452
1342156631379947538,neutral,0.3385252644667176
1342156631803572224,negative,0.0010427729243528215
1342156633078685701,negative,0.0031023963934914273
1342156633389084674,negative,5.001696173137159e-06
1342156633506533376,negative,5.001696173137159e-06
1342156634240544770,negative,0.006100086787408851
1342156634789974016,negative,0.06524740720077488
1342156635645607936,negative,0.005447757490260875
1342156636379557888,negative,4.874314064323504e-06
1342156636585078784,negative,0.0032580438964232438
1342156636845031430,negative,0.0010427729243528215
1342156637210079232,negative,0.0031023963934914273
1342156638107668481,neutral,0.5723312671790352
1342156638388674561,negative,0.008285294134682705
1342156641148481539,neutral,0.3607250672743225
1342156642285215746,negative,7.891777478212922e-05
1342156642918416384,neutral,0.4377896312766332
1342156643254083585,negative,0.04040052686909206
1342156644462043136,negative,9.957842101643775e-05
1342156645191790594,negative,2.5159755006176105e-07
1342156645879738376,negative,0.0067640551387649905
1342156645942632449,negative,0.08816960363196166
1342156646714404865,negative,0.057100421758971884
1342156647129612289,negative,8.885466562234789e-05
1342156648023011329,negative,0.02312814423556466
1342156648069160962,negative,5.001696173137159e-06
1342156648777920512,negative,5.001696173137159e-06
1342156649058992128,negative,8.203998685693443e-10
1342156649084178432,negative,0.2791488358090311
1342156650233417731,positive,0.9582814969084437
1342156650275360770,negative,8.690782754744486e-10
1342156650459889670,negative,0.0014753606577794995
1342156654209605633,negative,0.0084047079043024
1342156654935212033,negative,0.00021075750829922763
1342156656017362949,negative,0.020662502153600684
1342156656071868421,negative,0.006017101707427884
1342156656973639680,negative,0.1939751723184478
1342156761889955849,negative,0.005058963611082928
1342156762254888961,negative,0.11864895020395796
1342156762271674369,positive,0.9312237680373932
1342156762422640646,negative,0.30396949356940606
1342156763127283712,negative,0.025503266375433885
1342156763957760007,negative,0.011538404096376137
1342156764092002307,negative,0.0008318444461856957
1342156765429948417,negative,0.13036130171474938
1342156767699021827,negative,5.838280331083885e-06
1342156767959126016,negative,0.0969902426384288
1342156768269512704,negative,0.0016204676071854272
1342156769724919810,negative,0.007809040031757991
1342156769750081536,negative,5.001696173137159e-06
1342156770668634113,negative,0.011538404096376137
1342156772417671169,negative,0.005447757490260875
1342156772656762882,neutral,0.48728019602140255
1342156774024097797,negative,5.001696173137159e-06
1342156775563415552,neutral,0.37668747178789846
1342156777014620161,positive,0.8427066333806412
1342156778914643968,negative,0.02829533922111602
1342156779615117314,negative,0.004985606750573714
1342156781003415552,negative,0.001326210920046788
1342156781297033219,negative,1.2137587316032155e-05
1342156781368258563,negative,0.0007929404103188511
1342156783767482368,negative,1.6735469519704835e-09
1342156785566830592,negative,0.005058963611082928
1342156785772326913,negative,0.053377964796942075
1342156786346950656,negative,0.0019231577517668207
1342156789673033730,negative,5.001696173137159e-06
1342156789865979907,negative,0.0003391223391644854
1342156790683873281,positive,0.9997986240468733
1342156790822264832,negative,0.011061342653293761
1342156794580393984,negative,0.10921330506849511
1342156796899815426,negative,0.31020299490239267
1342156799080849414,negative,0.0006717484437315782
1342156799101849605,negative,0.04326749920868208
1342156799185715200,negative,0.00012164794158600252
1342156799466680320,negative,0.16532172419126437
1342156803006590976,negative,0.030500245842232692
1342156804143382528,negative,0.04664866983234521
1342156804898353153,negative,0.01563543576172292
1342156806710292480,negative,0.15189549368560232
1342156809126219779,negative,0.0111513615991623
1342156810690699265,negative,0.0069571137892871044
1342156812221607941,negative,0.06837377599898115
1342156812552908800,negative,0.057100421758971884
1342156812980793347,negative,0.05007334110707939
1342156813425324035,negative,0.02160242453216044
1342156813500870658,negative,0.15237137935820858
1342156816340365315,negative,0.027811738775304844
1342156816436834306,negative,4.8702296219793735e-06
1342156816860512256,negative,0.03795088377438774
1342156817443405826,negative,0.014921409828964609
1342156817670012936,negative,5.499899468038662e-07
1342156818680832002,negative,1.0210741281069815e-06
1342156820614426624,negative,0.06524740720077488
1342156821629456385,negative,0.003775147690696078
1342156824498352129,positive,0.966033007580982
1342156826075426819,negative,5.197502313904936e-05
1342156827388215297,negative,0.005447757490260875
1342156828726206465,negative,0.009366623533087502
1342156831129546753,negative,1.9994317837441017e-05
1342156831913889795,negative,0.17936937691063232
1342156832165535745,negative,0.0010427729243528215
1342156832819851269,negative,0.006017101707427884
1342156833075712004,negative,0.16523158533423066
1342156833990062084,negative,0.05528446120294227
1342156835185451012,negative,0.00741627213827822
1342156835235614722,negative,0.0009685988213344983
1342156835260952577,negative,3.142822654108156e-05
1342156835298529282,negative,6.651089853218995e-05
1342156835311280129,negative,0.05858616238972037
1342156835319668736,negative,0.1908942153374937
1342156835336286208,negative,0.3280440510491453
1342156835458076672,negative,8.744492636981423e-05
1342156835587981312,negative,0.00021274946901830583
1342156835625680896,negative,0.057182439783236
1342156836200394754,negative,5.001696173137159e-06
1342156836229828608,negative,0.15630830276745175
1342156836422746114,negative,0.00010102646414345558
1342156836808454144,negative,0.0517814972521364
1342156836972228612,negative,0.05528446120294227
1342156837722988546,negative,0.15237137935820858
1342156838620393472,negative,0.3205746300160878
1342156840495411200,negative,1.5290018137696291e-09
1342156841770504192,negative,0.017373859308577363
1342156934875590657,negative,0.15237137935820858
1342156937727791107,negative,0.26076950668447035
1342156938315001858,negative,0.014453829036672703
1342156939602620417,negative,5.001696173137159e-06
1342156939636183042,negative,0.04668869569348924
1342156940508598272,negative,5.001696173137159e-06
1342156941070626816,negative,0.008285294134682705
1342156942270197766,negative,0.05830905165553358
1342156943012585472,positive,0.9766791753802607
1342156944195407873,neutral,0.3374674755446546
1342156944514179072,negative,5.001696173137159e-06
1342156945281716224,neutral,0.48728019602140255
1342156945722122247,positive,0.7543756660279389
1342156946305118208,negative,1.8651050599577963e-10
1342156946401615873,negative,0.17061680529289763
1342156946565181441,negative,0.0007929404103188511
1342156947857035264,negative,0.0026868749527966377
1342156949597650946,negative,6.17938220872769e-05
1342156950377783298,negative,0.2853049906072179
1342156953636773892,negative,0.15608868916466107
1342156955058655233,negative,5.001696173137159e-06
1342156956899934209,negative,0.015773583174067275
1342156957445222400,negative,0.1768880552443879
1342156957885620228,negative,0.005058963611082928
1342156958057574402,negative,5.172827542670894e-05
1342156958305021952,negative,0.00014489007935663365
1342156959055835137,negative,0.005058963611082928
1342156960997761024,negative,0.028883334796173155
1342156961006178306,negative,0.02312814423556466
1342156962285416448,negative,0.00036698065428222344
1342156962780180482,negative,0.05447534550667627
1342156962947952640,negative,0.0517814972521364
1342156964147544066,negative,0.027637837006194495
1342156964294356994,negative,0.02556797463016153
1342156964374212608,neutral,0.42917751334538623
1342156964386787333,negative,0.02917205407202158
1342156964625838081,neutral,0.42363179730038547
1342156964705558528,positive,0.9812907092931226
1342156966353895425,negative,0.005447757490260875
1342156966391517184,negative,0.0049931011314426725
1342156968895655936,negative,0.09951821258340064
1342156969684193284,negative,0.029893094936846443
1342156974117548033,negative,0.002745298738113449
1342156974318878722,negative,0.02096374487694737
1342156974339850240,negative,0.008002740267951025
1342156974482468864,negative,9.783266384143596e-05
1342156974633275392,neutral,0.5495922250151081
1342156975090622470,negative,0.008397443151433594
1342156975614914560,negative,2.0415823386038855e-05
1342156977326141440,negative,0.0013645180477493356
1342156978269937665,negative,0.0001541217608475743
1342156980832505857,negative,0.057182439783236
1342156983554736133,negative,0.02520165804122861
1342156983714119681,negative,0.011490537435018785
1342156984234115072,negative,0.014921409828964609
1342156984557187073,negative,0.04712547754951245
1342156987409330181,negative,0.00741627213827822
1342156987518377987,negative,0.003778780709496659
1342156988910854145,negative,0.000725745494711989
1342156989158354945,negative,0.000651088247267074
1342156990320140291,negative,0.012971764063050499
1342156990940925954,neutral,0.42876467289441955
1342156992010465280,negative,0.18575529401966948
1342156992853516294,negative,0.008002740267951025
1342156992970944514,neutral,0.5139750959201423
1342156993369432067,negative,0.11935951334984464
1342156996448030721,negative,0.09640323611645361
1342156997957922816,negative,0.007809040031757991
1342156998075445250,negative,1.7422830977025234e-05
1342156998297706496,negative,0.0517814972521364
1342156998691971073,negative,0.005447757490260875
1342156998742142976,neutral,0.3614399138399964
1342156999807610882,neutral,0.42876467289441955
1342156999891570690,negative,5.667585845313686e-06
1342157000050880515,negative,0.2161378358218266
1342157000633888770,negative,0.000942675738455971
1342157001221148675,negative,0.005058963611082928
1342157001544114178,positive,0.7088771082093664
1342157002068406275,negative,0.0002755830172568149
1342157002076807168,positive,0.926353331776103
1342157002445905920,negative,0.00010776922541339245
1342157003477700609,negative,7.877511448141284e-06
1342157003670564864,negative,8.885466562234789e-05
1342157004639494149,negative,0.15237137935820858
1342157006103261187,negative,0.1201617826059343
1342157006170255360,negative,0.00023339223502381358
1342157007256756229,negative,0.005447757490260875
1342157007638458373,negative,0.00817242882892162
1342157007743188992,negative,1.6734281074416479e-10
1342157008066252807,negative,0.005523502443881404
1342157009676865537,negative,5.001696173137159e-06
1342157012294131713,negative,0.02312814423556466
1342157012348518400,neutral,0.3614399138399964
1342157012394795008,negative,7.747514562972087e-05
1342157013405589510,positive,0.8965342229842713
1342157013418176512,negative,5.001696173137159e-06
1342157014429016071,neutral,0.4598650020881221
1342157014756188167,negative,0.004985606750573714
1342157015506968576,negative,8.885466562234789e-05
1342157016475680774,negative,0.0517814972521364
1342157017209827328,negative,0.12496011671710894
1342157017465511936,negative,1.6734281074416479e-10
1342157019122462720,negative,0.10440416148123748
1342157019504128004,negative,0.028002043523862388
1342157021639028740,neutral,0.33623359787652535
1342157022536626177,negative,0.10440416148123748
1342158136866725888,negative,0.22502316868224947
1342158137588146183,negative,0.15237137935820858
1342158138519269376,negative,0.011490537435018785
1342158138821255168,negative,0.0001457299985774119
1342158140800987136,negative,0.00360431598993773
1342158142688387073,negative,0.30311666902129447
1342158143158157313,negative,6.582747253450239e-05
1342158143229468673,negative,1.2137587316032155e-05
1342158144072527873,negative,0.0076793701300136175
1342158144160591874,negative,0.10489656397742007
1342158145511108608,negative,0.019082453908448597
1342158147880890369,negative,0.0001618715877547291
1342158149965524996,negative,0.02312814423556466
1342158150141677574,negative,4.2806504915073736e-08
1342158150762450946,negative,0.0517814972521364
1342158151576121353,negative,0.004588693174816596
1342158151953559552,negative,1.9991419703837416e-11
1342158151974592512,negative,0.001042820755173689
1342158152192712707,negative,0.0026124523847950915
1342158155472457728,negative,0.0010427729243528215
1342158157846618114,negative,1.9850574742971476e-06
1342158158119251970,negative,0.032000904609306116
1342158158328979459,negative,4.551214317259533e-05
1342158159637524481,negative,5.001696173137159e-06
1342158159717289985,negative,1.3015357192283722e-06
1342158160015060995,negative,8.885466562234789e-05
1342158160191238150,negative,5.001696173137159e-06
1342158160346361858,negative,0.07703558737100268
1342158160501596162,negative,0.09456131082092406
1342158162753892355,negative,3.153584077278026e-05
1342158162808500225,negative,2.6551873154995943e-06
1342158163328573441,negative,2.6551873154995943e-06
1342158165656416256,negative,8.515087045096324e-06
1342158166855921665,negative,5.001696173137159e-06
1342158166973407233,negative,0.000947257425989884
1342158168898600962,negative,0.009866309110518985
1342158169628274693,negative,1.636876161470077e-10
1342158171851411456,negative,0.0069571137892871044
1342158171880771584,negative,5.629903555166574e-09
1342158172430200833,negative,0.00015001894591687835
1342158173076127746,negative,9.503289720746604e-08
1342158173810126850,positive,0.8295278964499103
1342158174846136328,neutral,0.3374674755446546
1342158175211028480,negative,0.00036698065428222344
1342158177111072778,negative,0.002923253759653897
1342158177727631367,positive,0.8693530112533052
1342158177798934529,negative,0.15237137935820858
1342158178763616256,negative,0.003512135537550703
1342158180193873922,neutral,0.5990696727368635
1342158180684541953,negative,7.820450182091613e-05
1342158181271826433,negative,0.0007929404103188511
1342158182693666821,negative,0.02839223850637858
1342158184006430721,negative,0.06736536691782102
1342158185696796672,negative,0.30975103832962125
1342158186007179264,negative,0.0022909525556647392
1342158188062400512,negative,0.0649409937485363
1342158188607545345,neutral,0.6510106562635509
1342158191166173184,negative,0.07652125486485062
1342158191774208002,negative,0.002745298738113449
1342158192214745093,negative,0.21047953907773329
1342158192629977089,negative,0.0005308928899367473
1342158194391580672,negative,0.011538404096376137
1342158195662446594,negative,0.012169421042229837
1342158195666653185,negative,0.011538404096376137
1342158195851026432,negative,5.001696173137159e-06
1342158197411508224,negative,5.001696173137159e-06
1342158197990285312,negative,0.0014993154285411427
1342158199135350785,negative,1.6734281074416479e-10
1342158200309743622,negative,0.14981821182467955
1342158200326520834,negative,4.4784637415265295e-05
1342158201131835394,negative,0.006194740623119772
1342158203413524481,negative,8.515087045096324e-06
1342158204495605763,negative,4.508367800274754e-08
1342158204499873793,negative,1.710425913123925e-06
1342158205330354176,negative,0.11671765648776991
1342158207427481601,negative,0.011538404096376137
1342158207519604736,negative,0.03406745288515731
1342158208924835841,negative,0.00014639706633701318
1342158208933228545,negative,0.0010427729243528215
1342158209159720961,positive,0.8855005824404928
1342158209365069824,negative,0.1246724060697978
1342158209402941443,negative,5.001696173137159e-06
1342158209470124032,negative,0.049662395779439
1342158210912952320,negative,0.0003389455323041898
1342158213232386049,neutral,0.49992246333355567
1342158213303607297,negative,0.10977482800689495
1342158213639270400,negative,0.0048275825565014694
1342158215107272705,negative,0.2857530321859755
1342158215522480129,negative,5.001696173137159e-06
1342158215707058178,negative,0.1568004310411695
1342158216055160833,negative,0.2516357356755607
1342158216264728578,negative,0.0004760529356788509
1342158217342836736,negative,0.059959369383144855
1342158217628028928,negative,0.002745298738113449
1342158217640517632,negative,0.03406745288515731
1342158220136128513,negative,1.6734281074416479e-10
1342158220262047744,negative,2.0227865397404177e-07
1342158220585000961,neutral,0.33510183107547437
1342158222501826560,negative,0.04761177589450739
1342158223533633537,negative,0.0076793701300136175
1342158368438439936,negative,1.3935717758234222e-05
1342158369059205120,negative,0.056064655995890535
1342158369759617027,negative,0.09667110547300174
1342158369960964096,negative,0.10440416148123748
1342158371483430915,negative,0.00031284106238320397
1342158372959891463,negative,3.0068148887564813e-06
1342158373047967744,negative,0.0517814972521364
1342158373291257856,negative,0.010929883898686639
1342158375333863426,positive,0.9773050469316407
1342158377141510146,negative,7.569116993680424e-06
1342158377661566976,neutral,0.4402571704036702
1342158377724432384,negative,0.0007215222070526154
1342158378005639171,positive,0.9845644697550272
1342158378072739840,negative,0.14609850283191778
1342158378429272077,negative,0.006677802306150966
1342158379364581376,negative,0.2864491387654736
1342158380375429121,neutral,0.35341083541347074
1342158380920672258,negative,0.1939751723184478
1342158381495312391,negative,0.25859321333047897
1342158381914730504,negative,0.001030978416553458
1342158383655354373,negative,0.017524952053127672
1342158383852482561,negative,0.12356545199738704
1342158386973069313,negative,0.0010427729243528215
1342158387719630853,negative,1.2137587316032155e-05
1342158388650782722,negative,0.0006089008722511822
1342158388675944449,negative,0.06486528435727171
1342158388982120449,neutral,0.45903129465478665
1342158390764691456,negative,0.21047953907773329
1342158391213490178,neutral,0.42594871640093107
1342158391234473984,negative,0.01290982019792805
1342158391314182149,negative,0.03707034540703978
1342158391934930946,negative,0.052658590446982255
1342158392169820160,negative,0.0007929404103188511
1342158397316222978,negative,0.0010427729243528215
1342158397525774340,neutral,0.39220849115704093
1342158398348029952,negative,0.005447757490260875
1342158399023136768,negative,0.30899366494847985
1342158399321092096,neutral,0.3358218310945649
1342158401883799552,positive,0.9845644697550272
1342158402559074304,negative,0.02312814423556466
1342158402827345921,negative,0.0004760529356788509
1342158404853391360,negative,0.0010427729243528215
1342158405041967104,negative,0.02437120135669833
1342158405973192709,neutral,0.3708285720008068
1342158410201128960,negative,0.020662502153600684
1342158411035770881,negative,0.00228077987970965
1342158412092727296,negative,0.008285294134682705
1342158414085054470,negative,0.008285294134682705
1342158414416388099,negative,0.0966578426038247
1342158415016177664,negative,0.000725745494711989
1342158416123457536,negative,8.139657832290943e-09
1342158416941355008,negative,0.28334303903262686
1342158417331417089,negative,0.06524740720077488
1342158419126583298,positive,0.9562634682718758
1342158419290185728,negative,0.0004760529356788509
1342158421613834243,negative,0.017163562605405518
1342158421710286848,negative,0.0008067471435549648
1342158422356021248,negative,0.056064655995890535
1342158423257985025,negative,5.001696173137159e-06
1342158425048952833,negative,0.0005513534658065328
1342158426202386434,positive,0.7796026040533912
1342158426357571585,negative,5.121154846943292e-07
1342158428383408128,negative,7.6252653638707265e-06
1342158429499088898,negative,0.002745298738113449
1342158429528481792,negative,0.1964104599792626
1342158431768211456,negative,2.5987155852303245e-05
1342158432363835396,negative,0.0010427729243528215
1342158432913252355,negative,0.0010427729243528215
1342158434406379521,positive,0.7567546089677775
1342158435517935622,negative,0.09640323611645361
1342158436813975553,neutral,0.5495922250151081
1342158438974054403,negative,0.26076950668447035
1342158439175352320,negative,5.001696173137159e-06
1342158439624175617,negative,0.05528446120294227
1342158441331240961,negative,0.0006829895360663991
1342158441696141313,negative,0.0005573147860222523
1342158442774089728,positive,0.699201711589429
1342158444527300608,neutral,0.33727600713706035
1342158445219344384,negative,0.16280582794327256
1342158445575811072,negative,0.0076793701300136175
1342158447232634880,neutral,0.584101220937027
1342158448880803842,negative,1.6734281074416479e-10
1342158449380110338,negative,0.0005583564912642673
1342158449686302722,negative,5.001696173137159e-06
1342158450185228288,negative,0.16186416659669633
1342158450604843009,negative,1.6734281074416479e-10
1342158451821182978,negative,0.0002859389099224317
1342158522675556353,neutral,0.43228307121551773
1342158522868506627,negative,2.573842503810157e-08
1342158524156014597,negative,0.00941073738587188
1342158524252565505,negative,0.02329323645236039
1342158525036945409,negative,0.29759749798937335
1342158525338943493,negative,0.16532172419126437
1342158525460570119,negative,5.001696173137159e-06
1342158525770948608,negative,0.002745298738113449
1342158526001643521,negative,1.1924715322219083e-07
1342158526018367489,neutral,0.49789225920557484
1342158526223843328,negative,0.08437613153631827
1342158527146684418,neutral,0.6333105239376515
1342158527884877825,negative,0.04747459167433999
1342158528241348608,neutral,0.33623359787652535
1342158530409865219,negative,8.71915438421006e-05
1342158531420688385,negative,0.014921409828964609
1342158532712476672,negative,4.851005510640934e-05
1342158532796362754,negative,0.014453829036672703
1342158532934729728,negative,0.0005513534658065328
1342158534016958469,negative,0.10404495241321535
1342158534398664704,negative,1.0717182522685479e-05
1342158537422757888,negative,0.02312814423556466
1342158537707941893,negative,0.0598838203698199
1342158538681020418,negative,0.15237137935820858
1342158539247259648,positive,0.9582814969084437
1342158539305988097,negative,0.056516100478341345
1342158542829203460,negative,0.0069571137892871044
1342158543185698816,negative,0.023584009553104707
1342158544813043721,negative,0.016727309796854255
1342158545957969920,negative,8.130364327757989e-06
1342158546474041347,negative,0.002745298738113449
1342158549250580480,negative,0.1939751723184478
1342158550357975041,negative,0.002745298738113449
1342158554028011520,negative,7.548841920217413e-06
1342158554053173249,negative,0.00021150508835675644
1342158554199834626,negative,4.5002123289073615e-08
1342158554371923968,neutral,0.5915491458598252
1342158554396991488,negative,1.2137587316032155e-05
1342158555185475584,negative,0.0010427729243528215
1342158555441491972,positive,0.7961707719728688
1342158555856699397,negative,0.00038899687787020894
1342158556179689473,negative,5.001696173137159e-06
1342158559015030785,negative,0.04200081420102701
1342158559157563392,negative,0.015773583174067275
1342158559698706432,negative,0.015565404561229668
1342158560856256522,negative,0.1733825702046782
1342158561539973120,negative,5.001696173137159e-06
1342158563305803776,negative,0.27538537887707226
1342158563515502595,negative,0.023158976181080253
1342158563838406657,negative,0.008285294134682705
1342158564366888963,positive,0.8197584750417382
1342158565239386119,negative,0.0012161281665769433
1342158566849978372,negative,0.0017200448970499773
1342158567785324545,negative,0.0076793701300136175
1342158567885959171,negative,0.2886858319373184
1342158568343052289,negative,0.04329948809938995
1342158570574524423,negative,0.008002740267951025
1342158571098808320,negative,5.121154846943292e-07
1342158571644059649,negative,0.0007929404103188511
1342158571988004870,negative,0.0001618715877547291
1342158572281593859,negative,3.4352127814284926e-06
1342158572722003977,neutral,0.3374674755446546
1342158572793307142,negative,6.819881850206237e-09
1342158573044981761,negative,1.3835064966426699e-05
1342158575494459393,negative,0.008011092133973193
1342158576744333314,negative,0.059959369383144855
1342158577432195073,neutral,0.45473553983303877
1342158577947963395,negative,0.003566906859200871
1342158578484969476,negative,0.15237137935820858
1342158580774961152,neutral,0.49789225920557484
1342158581873991681,negative,0.1984660196997665
1342158581907550208,negative,0.002745298738113449
1342158582163365890,negative,0.00184930571992683
1342158584449282049,negative,0.0517814972521364
1342158586600955904,negative,0.057100421758971884
1342158586697416706,negative,8.885466562234789e-05
1342158586697428993,negative,5.001696173137159e-06
1342158586986770443,negative,0.0001936848879403911
1342158590677835776,negative,0.0007929404103188511
1342158592447815680,negative,0.1930582321730025
1342158592682713088,negative,5.547586483555178e-06
1342158592770715648,negative,0.02312814423556466
1342158593097916416,negative,0.011538404096376137
1342158593295048704,negative,0.03069530219174291
1342158595631280128,negative,5.001696173137159e-06
1342158595731955713,negative,0.07524921278382458
1342158596839153664,negative,0.0039195424604131085
1342158596855930880,negative,0.16297892143105186
1342158596885377024,negative,0.16297892143105186
1342158597036388352,negative,5.001696173137159e-06
1342158597430640640,negative,0.15237137935820858
1342158597921402880,negative,0.19403034563688631
1342158598424719362,negative,0.02312814423556466
1342158598865088512,negative,0.15549913912442617
1342158602329612290,negative,0.015773583174067275
1342158602409299970,negative,0.09615409530206095
1342158602811944962,negative,0.03361328958926674
1342158604703584258,negative,5.001696173137159e-06
1342158606582607872,negative,0.0032531335097000617
1342158608637841408,negative,0.006677802306150966
1342158610323795968,negative,0.0370772255018806
1342158610567147521,negative,0.0517814972521364
1342158611070521347,negative,0.0135585649585086
1342158614123966464,negative,3.0654597488645394e-05
1342158614207885313,negative,0.004985606750573714
1342158615319220224,negative,8.647395038711841e-07
1342158616430784512,negative,0.017286836009129967
1342158617949048834,negative,0.0135585649585086
1342158618809032706,negative,2.4478872526829604e-05
1342158620079886343,negative,0.04329948809938995
1342158620461555712,negative,0.0076793701300136175
1342158620738334721,negative,0.08437613153631827
1342158621162012673,negative,0.0795970431622414
1342158622277718016,negative,0.31449392736014636
1342158622416113671,negative,0.003998427261181163
1342158623636652032,negative,5.001696173137159e-06
1342158623712145408,negative,0.002413727419019943
1342158624257437698,negative,2.8938702863454633e-05
1342158625050161153,negative,0.005690555835752746
1342158625104654341,negative,0.09864256592594692
1342158626975182849,negative,0.00849309960577442
1342158627105337353,negative,5.001696173137159e-06
1342158627604475905,negative,0.3110688983069712
1342158628787277824,negative,0.26076950668447035
1342158629584166912,negative,0.0049931011314426725
1342158629965856769,negative,4.567362346812566e-18
1342158630842413057,negative,0.018346297858783656
1342158632364990465,negative,0.00741627213827822
1342158634416021511,negative,0.07272641435310395
1342158635158278144,negative,9.290614402304577e-06
1342158638761340928,positive,0.6691262784899221
1342158639168069632,negative,4.712590554517104e-06
1342158639507927042,negative,0.010929883898686639
1342158641114329089,negative,0.00015985097036683984
1342158641244286976,negative,5.661204306539513e-10
1342158641605058562,negative,0.014921409828964609
1342158643026866178,negative,0.006477982368485242
1342158646046830597,negative,0.3193451879176755
1342158646592102402,negative,0.003121316702415719
1342158647938453504,negative,0.06524740720077488
1342158648961880064,positive,0.981495295217142
1342158650148855808,neutral,0.3358218310945649
1342158650794778633,negative,0.0016093645844392416
1342158651361009664,negative,0.008285294134682705
1342158652329910272,negative,0.0014313438979348828
1342158654225735680,negative,0.003780959254358528
1342158654259286023,negative,5.001696173137159e-06
1342158655588864005,negative,1.949687679329734e-06
1342158655739879425,neutral,0.33623359787652535
1342158655991525379,negative,0.0007215222070526154
1342158657702789120,negative,0.0517814972521364
1342158657916710912,negative,3.081723537771278e-08
1342158658868797442,negative,0.005058963611082928
1342158658961080320,neutral,0.5495922250151081
1342158659242119168,negative,5.001696173137159e-06
1342158660743606276,negative,3.253969187473051e-06
1342158662060679170,positive,0.9996679469659898
1342158662471733257,negative,0.00018108620118817504
1342158662815645696,neutral,0.4652405523810316
1342158663545454593,negative,0.057235039608124094
1342158664812158977,negative,0.0002977093060074143
1342158665579696129,negative,0.056064655995890535
1342158665814585346,negative,0.005557068525823104
1342158666376601600,negative,0.0014910916939241741
1342158666447941632,negative,2.880836021181156e-05
1342158669119508481,negative,4.563863876968111e-06
1342158672319950848,negative,0.27538537887707226
1342158672634339329,negative,0.019392804817404678
1342158672781303808,negative,0.00035139321785169174
1342158672953307142,negative,4.949466117130192e-15
1342158673989275648,negative,0.21548969967999124
1342158716028727298,negative,0.014849538568656992
1342158717274492929,negative,0.05373020492671784
1342158717333229569,negative,5.001696173137159e-06
1342158717442093057,neutral,0.4598650020881221
1342158718964817927,negative,0.3205746300160878
1342158719082262528,negative,0.31830910085235925
1342158720835461121,negative,7.6252653638707265e-06
1342158721716203522,negative,5.001696173137159e-06
1342158721741434881,negative,7.266009469157855e-08
1342158721854689281,negative,0.00920089499152739
1342158721959518208,negative,0.007732956668619467
1342158722047434752,negative,0.00048009303623391595
1342158723435950081,negative,0.0004760529356788509
1342158723775668225,negative,0.16280582794327256
1342158725965086722,negative,0.004300878492222307
1342158727240159233,negative,8.028787444403766e-05
1342158727982370816,negative,0.2853365172237146
1342158728573939712,negative,0.002745298738113449
1342158729286971394,negative,0.0007929404103188511
1342158729316356096,negative,1.0330720870301725e-12
1342158730037780485,negative,2.6551873154995943e-06
1342158730285244416,negative,0.02312814423556466
1342158731224743938,negative,0.021055403363105428
1342158733598732288,negative,0.15237137935820858
1342158734097870850,negative,0.2486640047527842
1342158735884500992,negative,0.1056617115315741
1342158735960059909,negative,0.00011225749808083678
1342158737453150210,negative,0.0517814972521364
1342158738640220160,neutral,0.33623359787652535
1342158738900332544,negative,2.832955633969431e-05
1342158740485623808,negative,5.90068429470769e-05
1342158740833914882,negative,0.23750977061607922
1342158741832011776,neutral,0.3448789537043245
1342158741869883393,negative,1.832851086043568e-05
1342158743719600131,negative,6.582747253450239e-05
1342158743882985473,negative,0.1196890017583152
1342158744101261312,negative,8.515087045096324e-06
1342158744659111940,negative,0.03389676136479784
1342158744801579008,negative,0.003934161853096725
1342158745019711488,negative,0.06475930941966371
1342158745586069504,negative,0.014921409828964609
1342158747871948802,negative,0.0001442308245397868
1342158748358328320,negative,0.2306303305288742
1342158749109260290,negative,0.0002755830172568149
1342158749197348867,negative,0.00012758256285958248
1342158750283661313,negative,1.3977285372635478e-06
1342158750623264769,negative,0.02547184345439813
1342158750753447940,negative,5.001696173137159e-06
1342158751105773575,negative,0.01400746150471181
1342158751541899264,negative,0.020662502153600684
1342158752313716739,negative,0.0517814972521364
1342158753311961091,negative,5.001696173137159e-06
1342158754545065984,negative,0.2021949639367727
1342158754905780226,negative,0.0004760529356788509
1342158755505590273,negative,0.011490537435018785
1342158756692557834,neutral,0.3499352441185855
1342158758261174274,negative,0.0010115135809355097
1342158758584188929,negative,0.0076793701300136175
1342158759473328133,negative,0.00741627213827822
1342158761079791617,negative,0.0006511462771957673
1342158762308587521,negative,0.07475928883165697
1342158763256668162,negative,0.10860665746913001
1342158763294400513,negative,0.003165460900573127
1342158763399262210,negative,0.13997518181407745
1342158763432828929,negative,0.2130738438211605
1342158763596410887,negative,0.0025872755143140605
1342158764749807622,negative,1.6734281074416479e-10
1342158767761317889,negative,0.20102431623538825
1342158768071704581,negative,0.020645032396955944
1342158768470183937,negative,0.21548969967999124
1342158768616976385,negative,0.0517814972521364
1342158769149661184,negative,4.75002425369638e-08
1342158771515228162,negative,0.019957566572511624
1342158772605751298,negative,0.0009540835913904533
1342158774619009025,negative,0.2716011793936923
1342158775227207681,negative,0.011490537435018785
1342158775252361216,negative,0.011538404096376137
1342158775529078785,negative,0.27538537887707226
1342158775998885890,negative,0.19584978192692018
1342158776053456897,negative,5.001696173137159e-06
1342158776925904896,negative,0.06735262945225812
1342158776950992896,negative,3.342884289208136e-07
1342158777051705347,negative,0.0517814972521364
1342158777139785732,negative,0.0120196291166584
1342158777685045249,negative,0.0014209299848119792
1342158779434094595,negative,0.0069571137892871044
1342158779471769603,negative,0.02110438221067509
1342158779647975426,negative,4.659493856809151e-15
1342158780155514882,negative,0.0014313438979348828
1342158780373471237,positive,0.9996679469659898
1342158780683980802,negative,0.0006618755121295592
1342158781480919041,negative,0.06356053740885668
1342158782151987202,negative,0.06524740720077488
1342158782709829635,negative,0.00033956946654732623
1342158783406026753,negative,0.26076950668447035
1342158784144273413,negative,0.271155428753468
1342158784660185089,negative,0.09823084809906202
1342158785167589377,negative,0.0517814972521364
1342158785167712256,negative,0.05787586372977663
1342158785645830146,negative,0.02312814423556466
1342158786803486720,negative,6.657472538906604e-07
1342158787822702597,negative,0.0069571137892871044
1342158787898126336,neutral,0.5990696727368635
1342158788258902016,negative,0.13855870747476215
1342158788632211457,negative,0.2588588261721046
1342158809859420160,negative,0.01366302732957199
1342158810203500544,neutral,0.6359315380602057
1342158810664886274,negative,0.0042130878598504815
1342158811407253504,negative,0.021453229739614214
1342158811914764290,negative,0.12256090127069341
1342158812149649411,negative,0.08437613153631827
1342158812841734144,negative,0.0013361498494843136
1342158812942315521,negative,3.441747543310797e-05
1342158814041178112,negative,0.1235522795365215
1342158814741733383,negative,0.0009478173136251786
1342158815500914690,negative,0.0011902757213991234
1342158815588995073,neutral,0.44193049347687885
1342158816092299265,negative,5.001696173137159e-06
1342158816935292928,negative,1.90712492589587e-06
1342158817707008000,negative,2.2190871073603994e-05
1342158817715478529,negative,0.27538537887707226
1342158818336272386,negative,0.000725745494711989
1342158818545954817,negative,0.0015466509395557155
1342158820290801667,negative,5.001696173137159e-06
1342158820890578949,negative,0.000725745494711989
1342158821943349249,negative,5.121154846943292e-07
1342158822752870400,negative,5.001696173137159e-06
1342158823805468672,negative,0.07475928883165697
1342158824183095302,negative,0.027083950002352537
1342158825084887040,negative,0.02520165804122861
1342158826372530177,neutral,0.41586215357543554
1342158827546959875,neutral,0.3358218310945649
1342158827874086912,negative,0.005058963611082928
1342158827957997575,negative,0.057100421758971884
1342158828478070789,negative,0.00031284106238320397
1342158828943523840,negative,0.0007215222070526154
1342158829908193280,negative,0.0013309581222396769
1342158830571028481,negative,5.001696173137159e-06
1342158831422472192,negative,0.0010427729243528215
1342158832936636417,negative,5.001696173137159e-06
1342158833536425986,negative,0.0006468181535073213
1342158835067334656,negative,0.0007929404103188511
1342158837235773442,negative,0.1964104599792626
1342158837990748160,negative,5.001696173137159e-06
1342158838523301889,negative,0.02329323645236039
1342158838921908225,negative,1.5001922880445035e-11
1342158839408427013,negative,0.005447757490260875
1342158839735590913,positive,0.9952552892945571
1342158840561889280,negative,5.001696173137159e-06
1342158841010536448,negative,0.0001899131133000017
1342158841274916864,negative,4.8051477361513075e-05
1342158841761456129,negative,0.006017101707427884
1342158843141181441,negative,0.0004760529356788509
1342158843699191813,negative,0.0017544270121222598
1342158843728556034,negative,3.142822654108156e-05
1342158845070622720,negative,0.004701877618604132
1342158846643621888,negative,0.017840404156025128
1342158848489099266,negative,0.05053401143829735
1342158848505757696,negative,0.03458231120548626
1342158848677851139,negative,0.045006460200907074
1342158849524973568,negative,0.0069571137892871044
1342158849680273409,negative,0.008566861788800222
1342158849957105664,negative,0.0010427729243528215
1342158850464641031,negative,0.0049918910445004815
1342158851081170944,neutral,0.5152154384536207
1342158852570181634,negative,3.792379489848801e-05
1342158852574339074,negative,0.26076950668447035
1342158853153189888,negative,0.03757107023336233
1342158853157302272,negative,0.0017544270121222598
1342158855334211585,negative,0.0009148624362563148
1342158855787204609,negative,0.0006267908882683471
1342158856357638144,negative,5.001696173137159e-06
1342158856902868992,negative,0.000542802850251504
1342158858718949377,negative,0.059959369383144855
1342158862531620865,negative,0.27538537887707226
1342158862598733828,negative,2.6551873154995943e-06
1342158864486117381,negative,0.27538537887707226
1342158864779800576,negative,0.002745298738113449
1342158865987743746,negative,0.008242890160104956
1342158866193260544,negative,0.010401176328776206
1342158867757752324,neutral,0.3374674755446546
1342158868969902081,negative,5.001696173137159e-06
1342158871117377538,negative,0.21047953907773329
1342158873524887555,negative,5.555421320465653e-08
1342158875538157569,negative,0.017286836009129967
1342158877257850882,negative,0.00015805746040006372
1342158878390280194,negative,2.862025632651246e-05
1342158878524510209,negative,0.26076950668447035
1342158880869146626,negative,0.15237137935820858
1342158881179529216,negative,0.09640323611645361
1342158882546843649,negative,7.856230902403956e-05
1342158885407350785,negative,0.1742380541875788
1342158887596793857,negative,0.061898746271034984
1342158888372744192,negative,0.21047953907773329
1342158889157070850,negative,0.037110598373031815
1342158890885132288,negative,4.212585086955374e-05
1342158891199696898,negative,5.001696173137159e-06
1342158891602374656,negative,0.0011902757213991234
1342158892894220288,negative,0.0076793701300136175
1342158893586264064,negative,3.441524617183054e-05
1342158893963640833,negative,0.16532172419126437
1342158894005686274,negative,0.02312814423556466
1342158895112970250,negative,0.0076793701300136175
1342158895133958145,negative,0.16314093717480962
1342158897444958210,negative,0.0517814972521364
1342158898590076930,negative,0.0001569233577982109
1342158899152089088,negative,5.001696173137159e-06
1342158899294691336,negative,0.005447757490260875
1342158899672211462,negative,0.005605058504731523
1342158899894394880,negative,0.0016208467659519876
1342158900569763841,negative,0.2595364526720517
1342158902172016640,negative,0.0004760529356788509
1342158902557880322,negative,6.570149218204035e-06
1342158902960541698,negative,0.15237137935820858
1342158903530893312,negative,0.0069571137892871044
1342158903841320960,negative,0.0014775854351103544
1342158904327872513,negative,6.651089853218995e-05
1342158904483000327,negative,0.000338891419789297
1342158904562692096,negative,0.015773583174067275
1342158905879785472,negative,0.0029983909628816777
1342158906638921737,negative,5.699993570075886e-05
1342158907846877191,negative,1.1147546879180485e-09
1342158909067431936,negative,4.21205418889068e-07
1342158909134557187,negative,5.001696173137159e-06
1342158910233456646,negative,0.0006511462771957673
1342158911097475074,negative,0.005529611445440812
1342158911542091776,negative,0.0021457649200922065
1342158912049451008,negative,8.885466562234789e-05
1342158912057970691,negative,0.005447757490260875
1342158913991487496,negative,0.002745298738113449
1342158914213838848,negative,0.02312814423556466
1342158914935259136,negative,0.3131927109212631
1342158916361334784,negative,0.005523502443881404
1342158917732868099,negative,0.06524740720077488
1342158918668046337,negative,1.5849088835493371e-09
1342158921704861698,negative,5.001696173137159e-06
1342158924087255040,negative,0.09063704386389783
1342158924179525633,negative,0.00031804170965947704
1342158924661858304,negative,0.30396949356940606
1342158925546868738,negative,2.624381165116614e-06
1342158926452645888,negative,0.003934161853096725
1342158927128104962,negative,0.27538537887707226
1342158927371399169,negative,0.0069571137892871044
1342158927467851776,negative,0.0007929404103188511
1342158929506181121,positive,0.9998891086803092
1342158929598554112,negative,0.0014775854351103544
1342158931163033600,negative,0.07942773104875973
1342158932354150406,neutral,0.47760839526369675
1342158934342328320,neutral,0.5490292481829452
1342158934405218304,negative,0.014921409828964609
1342158934619148294,negative,0.2812124665127172
1342158935487344640,negative,0.0069571137892871044
1342158936338812928,positive,0.6650127410491372
1342158937236197376,negative,0.024904705414051206
1342158937488039938,negative,0.01901656117934125
1342158937550966784,negative,0.05358945346816664
1342158937777430529,negative,2.2599117612351852e-13
1342158940327596032,negative,0.09891808981600467
1342158941241929736,negative,6.17938220872769e-05
1342158941443084288,negative,0.0017811576532275118
1342158941564899331,negative,0.0003102273227738625
1342158941908852737,negative,0.3031385932436478
1342158943238418434,negative,0.0867892814634661
1342158943532023809,negative,5.667585845313686e-06
1342158944018558977,neutral,0.46696129292160543
1342158944144388096,negative,5.001696173137159e-06
1342158946124099585,negative,0.0076793701300136175
1342158946883280898,negative,0.16532172419126437
1342158947164286977,negative,0.0010427729243528215
1342158948640698372,negative,7.8964593116111e-10
1342158949114662912,negative,0.03956849699805035
1342158950402121729,negative,0.01615575654303187
1342158951253766146,negative,0.0005513534658065328
1342158953086676996,negative,5.001696173137159e-06
1342158954579820544,negative,0.0004615635581546248
1342158954768592899,negative,0.16280582794327256
1342158955204657153,negative,0.006575005950590204
1342158957117403139,negative,2.955336632440307e-07
1342158957691879425,neutral,0.3374674755446546
1342158957696012289,negative,1.6734281074416479e-10
1342158958514102274,positive,0.9996679469659898
1342158965208186884,neutral,0.4741808437646564
1342158966214832129,neutral,0.48742824515466265
1342158966298714112,negative,0.032056272670953526
1342158966986584064,negative,0.014233824104601235
1342158967007563777,negative,0.06557700447334129
1342158967850590209,negative,0.011396299499667325
1342158968416854017,negative,1.1817759056030422e-07
1342158968785952773,neutral,0.3499352441185855
1342158972137205762,negative,0.0013361498494843136
1342158972317478913,negative,0.007265170212787386
1342158972892164096,negative,0.12703271384507175
1342158974091714561,negative,0.0024838707771660247
1342158974196572161,negative,0.005557068525823104
1342158974418825216,negative,0.11527769597363616
1342158974523744256,negative,0.2486640047527842
1342158975308066816,negative,0.0003384267834036332
1342158975492644864,negative,7.266009469157855e-08
1342159042114945026,negative,0.005605058504731523
1342159042244964353,negative,0.04309523899221751
1342159044950315008,negative,0.03869574886038394
1342159045428273152,negative,9.127227262976718e-07
1342159045763997699,negative,0.0076793701300136175
1342159045977911299,negative,0.0010427729243528215
1342159047399600128,negative,3.874635813201288e-07
1342159047664013312,negative,0.02312814423556466
1342159047768866816,negative,5.001696173137159e-06
1342159049345871872,negative,4.429319665962582e-07
1342159050042003456,negative,0.014921409828964609
1342159050696437763,neutral,0.6404646707829825
1342159052512456704,negative,0.0031023963934914273
1342159052864954370,negative,0.19029386648752422
1342159054165127180,negative,0.0004760529356788509
1342159054194565125,negative,0.0019979628286412865
1342159055230554113,negative,0.0007929404103188511
1342159055519936514,negative,0.0013361498494843136
1342159056409153538,negative,0.12962009069807864
1342159056505630720,negative,0.012226781075712952
1342159057965232129,negative,2.149050899630948e-06
1342159059865247745,negative,0.21047953907773329
1342159060716630016,negative,0.041137094692619204
1342159061807087617,negative,5.787654459736796e-06
1342159063795310593,negative,0.045862841545354804
1342159064101433344,negative,0.0014313438979348828
1342159066945171459,negative,0.15237137935820858
1342159068069294083,negative,0.0517814972521364
1342159068480249858,negative,0.03350638970824466
1342159069226926082,negative,0.037468232963498084
1342159069642027008,negative,0.014921409828964609
1342159070963359745,negative,0.17936937691063232
1342159071663837186,negative,2.955336632440307e-07
1342159072095854599,negative,7.30774934935384e-05
1342159074239119360,negative,0.0020485048459386703
1342159074398498817,negative,0.011595612804510396
1342159076550209537,negative,0.02045366808552573
1342159076617302018,negative,0.007809040031757991
1342159077036748805,negative,0.0018112395590501407
1342159078076907520,negative,0.01563543576172292
1342159078487941120,negative,0.00011835099788043367
1342159080551550978,negative,0.16532172419126437
1342159080723537920,negative,0.009812761995502623
1342159081579175939,neutral,0.3861782210772519
1342159081654661120,negative,0.0002846324040033157
1342159082661310464,positive,0.8674867757239906
1342159082736779264,negative,0.009117326140723768
1342159083617579010,negative,0.052610521771284
1342159084103946240,negative,0.011490537435018785
1342159084250947585,negative,0.0001618715877547291
1342159084632633350,negative,0.002745298738113449
1342159085182078977,negative,0.00021823151149276803
1342159086843015170,negative,5.001696173137159e-06
1342159087946051584,negative,0.28011807426552293
1342159088336199683,negative,1.1488634234439665e-09
1342159088453562368,negative,0.10762460024144402
1342159089049202689,negative,0.05337897303886676
1342159089418297346,negative,0.02312814423556466
1342159089456058369,negative,0.05223730091121385
1342159091658067970,negative,0.00015079217547763778
1342159093344186368,negative,0.0004004132172958774
1342159094862376960,negative,2.5987155852303245e-05
1342159095856562177,negative,0.002745298738113449
1342159096502493184,negative,0.15237137935820858
1342159098385727496,negative,4.4496166893366364e-05
1342159099341975553,negative,3.315944590753891e-08
1342159099665018880,negative,0.00741627213827822
1342159099786625025,negative,0.033715863757952526
1342159100092809217,neutral,0.5990696727368635
1342159100826824704,negative,5.001696173137159e-06
1342159101275615232,negative,6.256942625617613e-06
1342159103053873154,negative,1.0067946140183152e-06
1342159103255322624,negative,0.2164295994262103
1342159103750270976,negative,1.63219130683159e-10
1342159104652042248,negative,0.2683400095034717
1342159104744304641,positive,0.8488784103859388
1342159106015166464,negative,0.0007929404103188511
1342159106191335425,negative,0.07371361314864408
1342159106640064513,negative,0.021543362289038186
1342159106921148416,negative,0.0006351653774411223
1342159107109900288,negative,0.003983690503770904
1342159108896563202,negative,0.10680865260487561
1342159109894889473,negative,4.429319665962582e-07
1342159110867996672,negative,0.003432475535378451
1342159110939279361,negative,0.001899547308491881
1342159111362756609,negative,0.0001063100258672526
1342159111518101506,negative,0.15237137935820858
1342159111572623360,negative,5.001696173137159e-06
1342159114387025921,negative,0.24099495223464257
1342159114441547776,negative,0.09275780284120302
1342159114466709504,negative,2.1575989235632336e-05
1342159115750158337,negative,0.00031284106238320397
1342159116530298882,negative,0.00018095382203143264
1342159118098948106,negative,0.005523502443881404
1342159118904287232,negative,0.0052089755747691
1342159119508238339,negative,0.022964716368658107
1342159120317763586,negative,0.26812313905586393
1342159120544247811,negative,0.01901656117934125
1342159121076912128,negative,0.163259004394459
1342159121676705801,negative,0.07409858964317478
1342159126332321794,negative,0.1507166982899119
1342159129620738050,negative,0.0002755830172568149
1342159129742368768,negative,5.001696173137159e-06
1342159129884971008,negative,0.0069571137892871044
1342159129943683075,negative,2.127975591199523e-06
1342159130816032769,negative,0.00741627213827822
1342159130858041345,neutral,0.41197226240337376
1342159131621416965,negative,0.2219017813456377
1342159131831132160,negative,8.515087045096324e-06
1342159134150565892,negative,0.10430735260108946
1342159134188253187,negative,0.0032580438964232438
1342159135794671616,negative,1.9495119972602582e-08
1342159136277082120,negative,0.0008067471435549648
1342159136625192967,negative,0.00015783776096039886
1342159137833103367,negative,0.00036698065428222344
1342159138458136576,negative,0.017160973743404348
1342159139145986048,negative,0.2702412499885854
1342159139884167170,neutral,0.6278505324791575
1342159142044090369,negative,0.0517814972521364
1342159142203645952,neutral,0.3496672637727169
1342159142274932739,negative,0.03909746360501934
1342159145546473473,negative,0.2709517713157291
1342159145970135040,negative,0.31732489718339985
1342159146469175297,negative,0.00012758256285958248
1342159146922115072,negative,0.0016879499756758804
1342159148805476355,negative,0.27538537887707226
1342159149728206849,negative,0.0517814972521364
1342159149933744137,negative,0.014921409828964609
1342159151074566144,negative,0.014921409828964609
1342159151095541765,negative,0.00057684910810103
1342159151649214467,neutral,0.3920775259595825
1342159151804411906,negative,0.10489656397742007
1342159152290918401,negative,0.02448941450251926
1342159155801501696,negative,0.0069571137892871044
1342159156657201152,negative,0.11670559012656936
1342159158318133250,negative,0.08437613153631827
1342159158724997120,negative,5.897092310190679e-06
1342159159316410371,negative,0.032454755689304
1342159262286540801,negative,0.0517814972521364
1342159262496264193,negative,0.14604045398098822
1342159263297372162,negative,0.003778780709496659
1342159264748593155,negative,5.001696173137159e-06
1342159264928985088,negative,0.010929883898686639
1342159265335832577,negative,0.07294918075471754
1342159266468278273,negative,5.001696173137159e-06
1342159267839807489,negative,8.219908371812647e-06
1342159267927908354,negative,0.006404668839604786
1342159268246663169,neutral,0.3358218310945649
1342159269022470144,negative,0.035358335295884835
1342159269601411073,negative,0.00010831190479983702
1342159269777600513,negative,0.02183079206358682
1342159271711150081,negative,0.01038500684325912
1342159271740534789,negative,0.09640323611645361
1342159272201711617,negative,0.02312814423556466
1342159272495345664,negative,0.019463299758375695
1342159272633892865,negative,0.18112758353270325
1342159274286469120,positive,0.7831646856026168
1342159275850952704,negative,1.0337323680798074e-07
1342159277188919302,negative,1.055476593075095e-07
1342159277201313793,negative,1.1135551080198404e-09
1342159279491575811,negative,0.0010115135809355097
1342159279512543233,negative,0.003074350995328065
1342159281571958784,negative,0.002745298738113449
1342159281915883521,negative,0.029204084325082424
1342159282326949890,neutral,0.33113119352556253
1342159282943438852,negative,3.792379489848801e-05
1342159284625354754,negative,1.05297495008726e-06
1342159287372701699,negative,0.0005894915595086294
1342159288781991936,negative,2.6551873154995943e-06
1342159289767645187,negative,0.14715406450322457
1342159289792643073,negative,0.004004578042809577
1342159291818639360,negative,1.2455706894759869e-11
1342159291856408577,negative,0.3031385932436478
1342159293341118464,negative,0.0008955028757852048
1342159294922452996,negative,3.035461084035595e-07
1342159295002062856,negative,0.005557068525823104
1342159299334852609,negative,0.00011895277207581064
1342159301650112512,negative,0.00017542371425883008
1342159301809356802,negative,0.0028623863759472895
1342159306708439040,negative,5.959548009256265e-05
1342159307895418881,negative,0.26076950668447035
1342159308197396481,negative,0.0006609006561100915
1342159308239351808,negative,0.02519105406721213
1342159308780417024,negative,0.010848509799823124
1342159313536765955,negative,0.008002740267951025
1342159315860385795,negative,6.931048472325273e-08
1342159316955049984,negative,0.13839452489181506
1342159316963516417,negative,0.011538404096376137
1342159318511194115,neutral,0.608711942479606
1342159318561542145,negative,5.001696173137159e-06
1342159320063094785,negative,1.747809630704451e-05
1342159320218173440,negative,0.0004760529356788509
1342159323057823745,negative,8.885466562234789e-05
1342159323124944896,negative,0.011538404096376137
1342159323242393601,negative,0.00021150508835675644
1342159323947016195,negative,0.27538537887707226
1342159324148166658,neutral,0.398180521791012
1342159325142392832,negative,4.251966100017765e-07
1342159325570113536,negative,0.015459452077076921
1342159325867945986,negative,0.000237529045678033
1342159326274793472,negative,1.7149992700364614e-06
1342159326375456768,neutral,0.3571985663470027
1342159326664916992,negative,0.0022909525556647392
1342159328279744513,negative,0.02312814423556466
1342159328481050626,negative,0.0007163962464632306
1342159329017913345,negative,5.121154846943292e-07
1342159329160531968,negative,1.812404830430005e-11
1342159329378623488,negative,0.004179686172871848
1342159330485874688,negative,0.15237137935820858
1342159330867482625,negative,0.0517814972521364
1342159332255924225,positive,0.8544984963333477
1342159332310458376,negative,4.787766456439393e-11
1342159332998340608,negative,5.001696173137159e-06
1342159333208035328,negative,0.024158977298985352
1342159337062592519,negative,0.01615575654303187
1342159337817518082,negative,5.001696173137159e-06
1342159338694209539,negative,1.6734281074416479e-10
1342159339197501440,negative,0.015773583174067275
1342159340522921992,negative,0.019981598582777343
1342159341198209026,negative,5.001696173137159e-06
1342159341969932288,negative,5.001696173137159e-06
1342159342468964353,negative,0.02329323645236039
1342159344234766336,negative,6.0020252803173806e-05
1342159346428502016,negative,0.27538537887707226
1342159451982278656,negative,0.014921409828964609
1342159452259176453,negative,3.792379489848801e-05
1342159452267544576,negative,0.24788140837292044
1342159453039316992,negative,0.15237137935820858
1342159453173514242,negative,0.21047953907773329
1342159455107088386,negative,2.4352118581334856e-06
1342159455870304258,negative,0.008566861788800222
1342159456650616832,negative,0.03295447596256418
1342159456709259264,negative,0.002035526777964447
1342159457036480513,negative,0.0010427729243528215
1342159460052201472,neutral,0.36862322910880563
1342159462493249538,negative,0.0069571137892871044
1342159465395662848,negative,0.22275417260610536
1342159465798316032,negative,0.018036117862938936
1342159466448478210,negative,0.0023909731569835583
1342159466616279043,negative,0.006869837053145828
1342159466855346177,negative,0.11421362826909258
1342159468801486848,negative,0.16423193959161045
1342159472677040129,negative,6.269590532402156e-05
1342159473222307841,negative,0.06524740720077488
1342159473935331329,negative,9.301735091844034e-11
1342159474069549060,negative,0.005670393667686165
1342159474170228740,negative,6.551879978039064e-05
1342159476317696000,negative,0.06405537043123012
1342159476963602432,negative,0.07718844866818646
1342159477517246465,neutral,0.33623359787652535
1342159478653902851,negative,0.0069571137892871044
1342159478687457280,negative,0.16531093470814875
1342159479559876613,negative,0.005605058504731523
1342159481162096642,negative,0.055312302559700356
1342159481497677827,negative,0.01090168890976671
1342159482344894472,negative,0.0004959955619609795
1342159482646913027,negative,0.00741627213827822
1342159482722394115,negative,0.000477147450394425
1342159486631481344,negative,0.06524740720077488
1342159488254668807,negative,0.13839452489181506
1342159489475067906,negative,0.16186416659669633
1342159490045644800,negative,5.938140860509257e-05
1342159490133549056,negative,0.03659066163256578
1342159490838388736,negative,8.022837284641435e-05
1342159491639472129,negative,2.896033362434217e-05
1342159494613262338,negative,0.08766332986398108
1342159494709710850,negative,0.015155107296918732
1342159496496492547,negative,5.827981211975213e-05
1342159497519792128,negative,0.0008189805398331193
1342159497695875074,negative,0.00849309960577442
1342159501768732672,negative,0.0017154257532718843
1342159502448201728,negative,0.0006894890074203538
1342159503865872386,neutral,0.551077815994506
1342159504008470531,negative,0.30466879999563556
1342159504478261249,negative,0.27980679122863983
1342159504956387329,negative,0.03153884454289738
1342159505346469892,negative,0.14267229822739622
1342159507053547520,negative,0.014921409828964609
1342159507078705155,negative,0.15237137935820858
1342159507078713346,negative,5.001696173137159e-06
1342159508148158465,negative,0.0001471380131436265
1342159508164980736,negative,5.001696173137159e-06
1342159508655763457,negative,0.0015426182199008204
1342159508878077952,negative,6.586581847785001e-05
1342159510631292929,negative,0.12904120487708962
1342159511075827717,negative,0.00043451653370277606
1342159511319154694,negative,1.773933716833742e-06
1342159511629520900,negative,0.00010350117180782416
1342159512606793730,negative,0.007159334398159002
1342159514015952901,negative,0.0004760529356788509
1342159515454738433,negative,0.11382782688765444
1342159516633280512,negative,0.005447757490260875
1342159517094653953,negative,2.531464542044738e-06
1342159517212160001,negative,5.001696173137159e-06
1342159517237334016,negative,0.002687799118432544
1342159518222966784,neutral,0.3367209487424431
1342159518579343367,negative,0.002687799118432544
1342159518902456321,negative,2.6551873154995943e-06
1342159519137333251,negative,0.11935951334984464
1342159519959420930,negative,3.792379489848801e-05
1342159520093659137,negative,2.9544138624710662e-05
1342159520416587777,negative,1.0059963869802801e-05
1342159520538238978,negative,5.001696173137159e-06
1342159521293197313,negative,0.00031284106238320397
1342159522408910848,negative,0.1399829326686015
1342159523671379970,negative,0.0066768423637950615
1342159524099059713,negative,0.03510970243512337
1342159524359266305,negative,0.01901656117934125
1342159525806268416,negative,0.10046000622275869
1342159526108266498,negative,0.057100421758971884
1342159528150917123,neutral,0.5744669898424327
1342159528461275136,neutral,0.3358218310945649
1342159528834555907,negative,1.6119684250411773e-05
1342159529019105281,negative,0.03054143050348068
1342159529182703617,negative,1.8807379813262147e-06
1342159529279160322,negative,6.577032891703459e-07
1342159529669222401,negative,0.0069571137892871044
1342159531435044865,negative,0.011491133763836163
1342159532068397057,neutral,0.36862322910880563
1342159532596858884,negative,0.15884973808023384
1342159533418885121,negative,0.0005062440829782155
1342159533792223237,neutral,0.5472960823705576
1342159533943250945,negative,0.27538537887707226
1342159534182326276,negative,5.001696173137159e-06
1342159534551396352,negative,0.0517814972521364
1342159535751000064,negative,0.27538537887707226
1342159537076367363,negative,0.02329323645236039
1342159537504202754,negative,0.004367910551142919
1342159540696051712,negative,5.001696173137159e-06
1342159541086146560,neutral,0.38416820690204395
1342159541732073477,negative,0.11935951334984464
1342159542235389952,negative,0.21047953907773329
1342159542256349184,neutral,0.42876467289441955
1342159542600298496,negative,2.1462611493890127e-06
1342159543762092036,negative,0.28741154178763173
1342159546282897409,negative,5.001696173137159e-06
1342159546467430401,neutral,0.42755866745518784
1342159547184644103,negative,8.022837284641435e-05
1342159547318886400,negative,0.2691704513998477
1342159547457269760,negative,0.011396967931926296
1342159549076303875,negative,0.00031284106238320397
1342159551114653696,negative,0.2805953939791918
1342159551232151554,negative,1.6734281074416479e-10
1342159551500484608,negative,0.0517814972521364
1342159551546728450,negative,0.001496448231631401
1342159551920005121,negative,0.00030610439071769417
1342159553568370688,neutral,0.43245870990465146
1342159554684059654,negative,0.00042561994571390147
1342159555329978369,negative,1.2137587316032155e-05
1342159558010163200,neutral,0.4177377832351549
1342159559771607040,negative,0.1939751723184478
1342159559805329413,negative,6.354079939911233e-07
1342159560325423107,positive,0.7528199696113065
1342159560337883141,neutral,0.6306278140621263
1342159561051037697,negative,0.08378524603285875
1342159561692766215,negative,0.010730662480973811
1342159562158313474,negative,0.0076793701300136175
1342159562196066306,negative,0.00043720347227785576
1342159562292555777,neutral,0.42785875118910477
1342159563613732877,negative,5.001696173137159e-06
1342159564079304704,negative,0.021832781444602187
1342159564112883712,neutral,0.4052772966757069
1342159565446635522,negative,0.027624223459108702
1342159566788829190,negative,0.2219017813456377
1342159567321501699,negative,2.6551873154995943e-06
1342159568542068737,negative,8.885466562234789e-05
1342159571209625601,positive,0.8486514618620815
1342159631246913537,negative,0.0004722871388086641
1342159631334969344,negative,0.0076793701300136175
1342159631460818946,neutral,0.5063575273151028
1342159631569874944,negative,5.001696173137159e-06
1342159632031219713,negative,0.05860209952001787
1342159635541852162,negative,0.08440011934383071
1342159635994841093,positive,0.9685034134821003
1342159636401631232,negative,0.002026473830846146
1342159637328646144,negative,3.792379489848801e-05
1342159637706137600,negative,0.06629107690946992
1342159638154788864,negative,0.0018112395590501407
1342159638549196806,negative,0.057100421758971884
1342159638880542721,negative,0.002687799118432544
1342159641514541058,negative,0.0014753606577794995
1342159642860924929,positive,0.7652631747805134
1342159643984887808,negative,0.010680582417568654
1342159643993321473,negative,0.0004896174092541177
1342159644995821574,negative,0.00213878342562848
1342159645687865346,negative,0.046630912802758634
1342159646958743554,neutral,0.33623359787652535
1342159647621304321,negative,9.127227262976718e-07
1342159647638237185,negative,3.6799206452752136e-05
1342159647671787520,negative,0.02312814423556466
1342159647919190017,negative,0.1683658461115589
1342159647957020680,neutral,0.5490292481829452
1342159649378861057,negative,4.429319665962582e-07
1342159651631206403,negative,0.0002794323013551782
1342159653199892480,negative,0.005605058504731523
1342159653208252417,negative,0.0004760529356788509
1342159653229260800,negative,7.020393263153458e-07
1342159653480910850,negative,4.4075700256440426e-05
1342159655250886656,negative,0.26242172031083166
1342159656412721155,negative,0.0069571137892871044
1342159658673430529,negative,0.0008067471435549648
1342159659814301696,positive,0.9989522226734899
1342159659898187781,negative,0.02312814423556466
1342159660506357762,negative,0.010094741379402297
1342159660774805506,positive,0.774378866808659
1342159661055815686,negative,0.007364798423277976
1342159663266193410,negative,0.00045428852404346765
1342159667070382081,negative,0.0004607494505019497
1342159668395827201,positive,0.9999948549081155
1342159669268254721,negative,5.001696173137159e-06
1342159669578641410,negative,0.1422013472976746
1342159671101169665,negative,7.548841920217413e-06
1342159671617081347,negative,5.001696173137159e-06
1342159671667400704,negative,0.16532172419126437
1342159676331483137,negative,7.266009469157855e-08
1342159679682707464,negative,0.00023870879707751504
1342159681012322308,negative,0.006956214770494933
1342159681129738244,positive,0.7560908973998467
1342159681385541632,negative,0.014921409828964609
1342159681482092546,negative,4.786620084297872e-07
1342159681570045952,negative,3.390144780726805e-13
1342159682882953217,negative,0.0019142810873328108
1342159685592502272,negative,0.0005262598366212154
1342159687161180160,positive,0.9829725377186397
1342159687320367105,negative,0.0013309581222396769
1342159688205561857,negative,0.271155428753468
1342159688494948354,negative,0.005261053220116296
1342159688884842500,negative,0.021288137044395198
1342159689308639232,negative,5.001696173137159e-06
1342159689749065730,negative,0.1590406097588879
1342159689971363842,positive,0.9796514213227224
1342159691422576641,negative,0.0006890247013791343
1342159693511323649,negative,0.0001457299985774119
1342159694073196544,negative,0.1939751723184478
1342159699500822533,neutral,0.5490292481829452
1342159700096397319,positive,0.8488784103859388
1342159700180291585,negative,8.948696591248528e-08
1342159702440910848,negative,0.01437903078328581
1342159703720148993,negative,0.1235522795365215
1342159707142815744,negative,7.939015103429018e-07
1342159707948142595,negative,0.06524740720077488
1342159709181276160,negative,0.3029776809944874
1342159709357428738,negative,0.01470067651332208
1342159709529374727,negative,0.0011177041225770474
1342159711320363008,neutral,0.5495922250151081
1342159711517478916,negative,0.0025570592608791898
1342159711542632448,negative,0.0010115135809355097
1342159712901607426,negative,0.0013687320754645637
1342159715678216196,negative,5.001696173137159e-06
1342159716949045249,negative,0.10489656397742007
1342159718484238336,negative,0.15237137935820858
1342159718677180418,negative,0.015155107296918732
1342159719528542208,positive,0.8488784103859388
1342159719637667841,negative,0.02626061396912918
1342159720799461378,negative,0.21548969967999124
1342159721114071047,negative,0.15630830276745175
1342159721369886720,negative,0.00741627213827822
1342159723290894338,neutral,0.42785875118910477
1342159723496407041,negative,5.001696173137159e-06
1342159724360462336,negative,0.011538404096376137
1342159724649861120,negative,0.022964716368658107
1342159725207695360,negative,0.03884281823756972
1342159725836775424,neutral,0.5316624617817726
1342159726965043202,negative,0.0015361393601096727
1342159727699111942,neutral,0.33623359787652535
1342159728999329796,negative,5.001696173137159e-06
1342159730387656708,neutral,0.3572417529704827
1342159731759206401,negative,0.0004959955619609795
1342159733109776385,negative,7.602375370005885e-07
1342159733289938945,neutral,0.5017543432377519
1342159734044983296,negative,0.0049931011314426725
1342159734812659713,negative,0.0625586673689649
1342159735110381569,negative,0.0025570592608791898
1342159735206907907,negative,0.058545554401180484
1342159738801426433,negative,0.08046910651070077
1342159739413815301,negative,0.2735380485350584
1342159739908718592,negative,9.713596719043678e-07
1342159740311363584,negative,0.03639614060582062
1342159740575612928,negative,0.0517814972521364
1342159740667887622,negative,0.1422013472976746
1342159740672086023,negative,6.221394631943224e-07
1342159740693049348,negative,0.00018925101993213727
1342159741586386944,negative,1.8689401936764838e-15
1342159743146586112,negative,0.2969566657088022
1342159743263993857,negative,0.0008827877249926522
1342159743578644483,negative,0.2969566657088022
1342159743981211648,negative,0.2969566657088022
1342159744757346304,negative,0.004182722736178173
1342159745981935616,negative,0.012833916258022568
1342159746523140097,negative,5.001696173137159e-06
1342159746619609089,negative,0.1590406097588879
1342159746787377152,negative,0.05455913916418407
1342159747059953665,negative,5.001696173137159e-06
1342159749685633025,negative,1.6734281074416479e-10
1342159751057186822,negative,0.0003389455323041898
1342159754857226241,positive,0.9845644697550272
1342159757285552128,negative,0.27538537887707226
1342159757449244675,negative,0.02312814423556466
1342159757810003968,positive,0.8488784103859388
1342159757889646598,negative,0.002563169135666769
1342159757940035587,negative,0.015116181974935012
1342159758464323584,negative,7.30774934935384e-05
1342159759131238401,negative,2.501724650002005e-06
1342159760368357376,negative,0.00014843787391974401
1342159760515334144,negative,0.02197956408542276
1342159760536309760,neutral,0.3860734147883248
1342159760599232512,negative,1.6734281074416479e-10
1342159762063024128,negative,0.07207972952978715
1342159762293739521,negative,0.008315010651734164
1342159762604044291,negative,5.001696173137159e-06
1342159762704785408,negative,0.006248314451104854
1342159764420239360,negative,0.00035139321785169174
1342159766525784065,neutral,0.6088991797230014
1342159766634848259,negative,5.001696173137159e-06
1342159768543236097,negative,2.0309904130837484e-07
1342159771114364933,negative,0.012963632442674705
1342159773819678720,negative,0.001222888006945742
1342159773828059137,negative,0.0002283206196908489
1342159775723872256,negative,0.13036130171474938
1342159777141555206,negative,0.19793368602579114
1342159777338687489,negative,0.029594154197627627
1342159779725242370,neutral,0.35341083541347074
1342159780488638470,negative,0.2990677891813035
1342159781570764805,neutral,0.5495922250151081
1342159783298801666,neutral,0.33623359787652535
1342159783596535808,neutral,0.5472960823705576
1342159784129093633,negative,0.025009323968807992
1342159785890869253,negative,0.011538404096376137
1342159786415181824,negative,0.005605058504731523
1342159786696175616,negative,5.001696173137159e-06
1342159786733936640,negative,1.361354538175645e-11
1342159788461973508,negative,0.03871718709646052
1342159788780572672,negative,0.27538537887707226
1342159789347004416,negative,5.001696173137159e-06
1342159789586083840,negative,0.025642197114280806
1342159790114557964,negative,0.002745298738113449
1342159790261329920,negative,0.05528446120294227
1342159792446599169,negative,5.001696173137159e-06
1342159822138048514,negative,0.0004760529356788509
1342159822364413953,negative,0.014921409828964609
1342159823392165889,neutral,0.5821158516924734
1342159823849336832,neutral,0.41586215357543554
1342159825749340161,negative,0.005447757490260875
1342159826722435072,negative,1.625580631332003e-05
1342159827380920320,negative,0.001180612791977783
1342159830384054275,negative,5.7550052201795644e-05
1342159830988050432,negative,0.05261436087888107
1342159833366228993,negative,0.015669020824416027
1342159833475244032,negative,0.08440011934383071
1342159833479450624,neutral,0.3374674755446546
1342159833525530624,neutral,0.3767435055654218
1342159833605275649,negative,0.0010427729243528215
1342159834796470276,negative,0.057100421758971884
1342159836298043392,negative,5.101079956266463e-05
1342159836952334338,negative,2.968265998735304e-05
1342159839707996162,negative,0.0010427729243528215
1342159841452830722,negative,0.0018799096670917945
1342159843625480193,negative,0.16801933172371553
1342159844204277762,negative,8.759708927897604e-05
1342159845634564101,negative,0.0004959955619609795
1342159845911359490,negative,0.14192462298777708
1342159846259482626,negative,7.118739350957004e-07
1342159846276276225,negative,0.0006990142787261228
1342159847043837958,negative,0.00230117861691589
1342159849585569792,negative,0.20740513237370262
1342159849723932673,negative,0.27538537887707226
1342159849883373569,negative,0.0007247562489339553
1342159850059558913,negative,0.0017506143388280031
1342159850936086529,negative,0.019610528610247934
1342159852748079107,negative,2.6551873154995943e-06
1342159853507272704,negative,0.12256090127069341
1342159854115426312,negative,0.008147917171724214
1342159855004606472,positive,0.7567939505514109
1342159855025410053,negative,4.9840588339772615e-05
1342159855205937153,negative,0.012833916258022568
1342159856539721731,negative,5.001696173137159e-06
1342159857202442240,negative,1.6119684250411773e-05
1342159857273741316,negative,0.052320994155700504
1342159857860947971,negative,0.0517814972521364
1342159858657878018,negative,0.0018112395590501407
1342159858825646081,neutral,0.498629263734634
1342159860075528193,negative,0.002978938724449291
1342159860369137664,negative,0.00047551470770350774
1342159860947963906,negative,0.13971361243185154
1342159860977315840,negative,0.01366302732957199
1342159861178621953,negative,0.09292162564890685
1342159864265662464,negative,5.627510192715323e-08
1342159864504598528,negative,0.012833916258022568
1342159865884663809,negative,0.0069571137892871044
1342159867218452481,neutral,0.3358218310945649
1342159867289731073,negative,9.13077896781119e-13
1342159868896141312,negative,0.0004409354838890642
1342159869487538179,negative,0.002232880108730447
1342159869806325760,positive,0.9133183804655175
1342159869952999424,negative,0.006334789051235034
1342159870481620997,negative,0.008002740267951025
1342159870729052161,negative,5.001696173137159e-06
1342159872306110469,negative,0.0007696352748406948
1342159872981409798,negative,0.0649409937485363
1342159873761570816,neutral,0.551822317784306
1342159873958621184,negative,5.001696173137159e-06
1342159874164207618,negative,0.02105228315258076
1342159874352934915,negative,0.0013464246617185041
1342159874550018051,negative,0.11083332667510813
1342159874743013384,negative,5.001696173137159e-06
1342159875581874177,negative,0.04668869569348924
1342159875695108096,negative,5.001696173137159e-06
1342159878849232897,negative,0.2691704513998477
1342159879218331649,negative,0.00012499866953801875
1342159880992378880,negative,0.2317942358850762
1342159881223213057,positive,0.9996647848002677
1342159882758344706,negative,0.14621262492287865
1342159883970424832,negative,5.001696173137159e-06
1342159884813537282,negative,0.0010427729243528215
1342159885836939266,negative,5.001696173137159e-06
1342159886206033922,neutral,0.3374674755446546
1342159886277337088,negative,0.039450327071477276
1342159886780669952,positive,0.7088771082093664
1342159887392976896,negative,0.0034815376180800184
1342159888705871872,negative,5.001696173137159e-06
1342159889364381696,negative,0.27538537887707226
1342159890932854785,negative,1.6734281074416479e-10
1342159891469922304,negative,0.0003432552937092934
1342159892048560139,negative,0.0017811576532275118
1342159892065431552,negative,8.885466562234789e-05
1342159893160108033,negative,0.005605058504731523
1342159893466390532,negative,2.9444230518183377e-08
1342159893709680647,negative,0.057100421758971884
1342159894309429250,negative,0.2164295994262103
1342159894745645058,positive,0.9996679469659898
1342159896293347332,negative,0.04845793689159374
1342159898629578760,negative,0.1768880552443879
1342159898709291008,negative,0.010959568899694983
1342159898839277573,negative,7.8964593116111e-10
1342159902911950851,negative,0.1202336924119389
1342159903931166722,negative,0.02177225556927092
1342159904736481280,negative,2.4348395844199778e-17
1342159935644250112,neutral,0.4897769524760745
1342159936005009408,negative,0.002745298738113449
1342159937141690369,negative,0.0006618755121295592
1342159938081222658,negative,0.002687799118432544
1342159940052537344,negative,0.018560867786296464
1342159940929118216,negative,0.0038881355130281226
1342159942535565312,negative,0.10440416148123748
1342159942577516545,neutral,0.48728019602140255
1342159942724296705,negative,0.0010427729243528215
1342159944418807808,negative,2.010048544477235e-06
1342159945387696128,negative,0.019827347110338265
1342159945593057280,negative,0.005605058504731523
1342159946373324801,negative,5.5971765660957e-05
1342159947015073792,negative,0.057100421758971884
1342159949418418181,positive,0.9996647848002677
1342159949783175169,negative,0.16280582794327256
1342159950672506881,negative,5.001696173137159e-06
1342159951029030915,negative,0.002745298738113449
1342159951473635331,negative,0.21047953907773329
1342159952622845952,negative,0.16532172419126437
1342159953390432256,negative,0.2613248007609279
1342159956120907776,negative,0.001411858453832861
1342159956401917959,negative,0.011538404096376137
1342159957106585602,negative,0.09302077423779032
1342159957916069891,negative,0.21047953907773329
1342159959149211654,positive,0.9670218418677361
1342159959597920259,negative,0.13997518181407745
1342159959937658880,negative,9.634531178605048e-05
1342159959983874049,negative,0.13997518181407745
1342159960197591047,negative,0.002537125851596719
1342159961858650117,negative,2.308444934382462e-09
1342159964727631876,negative,5.001696173137159e-06
1342159965121871872,negative,0.022591520742834485
1342159965138669569,negative,1.1058021015161486e-06
1342159968863195139,negative,0.21047953907773329
1342159969488154626,negative,0.03909746360501934
1342159970176008197,negative,0.16186416659669633
1342159970268303360,negative,0.057100421758971884
1342159970884874242,negative,0.3205746300160878
1342159973447593991,negative,0.022964716368658107
1342159973514506240,positive,0.6818816777415032
1342159974491893766,neutral,0.33623359787652535
1342159975574089732,negative,0.05631234082044206
1342159975842525184,negative,5.001696173137159e-06
1342159976450695168,negative,0.005523502443881404
1342159976513609728,negative,0.17669317916057775
1342159976953888769,negative,0.01366302732957199
1342159979017601024,negative,0.10645786185976056
1342159979323731969,negative,0.09032854268358691
1342159979835486209,negative,1.6734281074416479e-10
1342159980699512836,negative,0.0546251231027246
1342159981534179329,negative,0.0033781968577242458
1342159983186759682,neutral,0.4671153445321679
1342159987758530560,negative,0.06465925124575973
1342159988576329728,negative,0.13062966627828346
1342159992523272193,neutral,0.5316624617817726
1342159995551555585,negative,0.013302237061209862
1342159996050526208,negative,0.14609850283191778
1342159996977614849,negative,0.019130978584044014
1342159997493518339,negative,0.0002755830172568149
1342159997564760065,negative,0.23037343359225027
1342159999687159808,negative,0.015773583174067275
1342160000647651329,negative,5.001696173137159e-06
1342160001088036865,negative,0.09050695946065208
1342160002014916608,negative,0.002745298738113449
1342160002375626756,negative,5.001696173137159e-06
1342160007715028993,negative,5.001696173137159e-06
1342160010084839425,negative,0.03513664696641658
1342160011783528448,neutral,0.49789225920557484
1342160015524769793,negative,0.00042989030346720367
1342160016896380931,negative,0.011538404096376137
1342160017592561671,negative,0.011490537435018785
1342160018792194051,negative,0.035889720255982575
1342160020755066881,negative,0.01684551977740049
1342160021665308672,negative,0.08892871720967067
1342160024534192129,negative,1.6734281074416479e-10
1342160024848760835,negative,6.0889046365250356e-05
1342160025150758921,negative,5.001696173137159e-06
1342160025268187136,negative,0.14192462298777708
1342160025310142466,positive,0.9886393883365743
1342160025989615618,negative,2.6551873154995943e-06
1342160026375434240,negative,0.0010427729243528215
1342160027935772675,negative,9.657186164134804e-10
1342160027973509121,positive,0.7920933310881366
1342160029734957056,negative,0.057100421758971884
1342160030888550405,negative,5.001696173137159e-06
1342160034424356864,negative,1.2775660664646909e-08
1342160034659237890,negative,0.015773583174067275
1342160035217080321,negative,5.001696173137159e-06
1342160036987068417,negative,0.05528446120294227
1342160037247115264,negative,0.06524740720077488
1342160037955973122,negative,0.02312814423556466
1342160038593486849,negative,0.0069571137892871044
1342160038681522185,positive,0.7961707719728688
1342160040317378560,negative,0.30396949356940606
1342160040854237186,negative,0.001042820755173689
1342160041407873024,negative,0.014921409828964609
1342160044683653120,positive,0.6910199401157298
1342160046952689672,negative,0.0001396195284625294
1342160047514804226,negative,1.007554333607609e-09
1342160050702282752,negative,0.271155428753468
1342160052568924162,neutral,0.49789225920557484
1342160055613980681,negative,1.6734281074416479e-10
1342160055672696834,positive,0.8488784103859388
1342160055739719680,negative,0.020612314771209405
1342160057023258625,negative,0.003008466651618773
1342160057388195843,neutral,0.3320360954526422
1342160058382245889,neutral,0.49789225920557484
1342160058411593729,negative,0.08301289864159057
1342160058436694017,negative,5.001696173137159e-06
1342160060563255297,negative,0.0018082564310143955
1342160061511163905,neutral,0.5038904952004497
1342160061972570112,negative,0.0111513615991623
1342160062484279296,negative,9.045818276382489e-05
1342160063952265216,negative,3.2777732137670505e-05
1342160065248325634,neutral,0.3367209487424431
1342160065646702595,negative,5.001696173137159e-06
1342160066351411205,negative,0.057100421758971884
1342160066418536449,positive,0.6922310873791506
1342160066548555776,negative,0.05447534550667627
1342160068825903104,negative,0.0013309581222396769
1342160069186576384,negative,0.0029983909628816777
1342160070126280705,negative,5.001696173137159e-06
1342160070990307330,negative,0.015773583174067275
1342160073297178624,negative,6.60967208550197e-10
1342160073397850115,negative,0.0007215222070526154
1342160075239075841,negative,0.0017032778447097394
1342160076421931016,negative,0.08437613153631827
1342160077285896196,negative,8.885466562234789e-05
1342160078263222272,negative,0.04082673126703642
1342160078422601728,negative,1.8599662228359536e-08
1342160079018188801,negative,0.0069571137892871044
1342160079307436032,negative,0.0049931011314426725
1342160081023021056,negative,0.0069571137892871044
1342160081719275522,negative,7.548841920217413e-06
1342160081832521740,positive,0.9517857707936003
1342160082998603778,positive,0.9996679469659898
1342160084210753538,negative,0.1653498366846305
1342160085720702978,neutral,0.37866768635878983
1342160085724880897,negative,0.0007929404103188511
1342160085854941186,negative,2.478621845549231e-07
1342160086039457792,negative,0.2797467799935339
1342160086156906496,negative,5.519263149077094e-08
1342160087415185408,negative,2.0283322430506137e-07
1342160087696216064,negative,0.028646489786783937
1342160087750569984,negative,0.059151179956913824
1342160088270843904,negative,0.21047953907773329
1342160088744812548,neutral,0.49789225920557484
1342160088799322114,negative,3.2473755842278175e-09
1342160191266152449,negative,7.30774934935384e-05
1342160191782051840,negative,0.0517814972521364
1342160192222490624,negative,0.08969663027202304
1342160192549646338,negative,0.007227217223734225
1342160192629309443,negative,0.0069571137892871044
1342160194214748161,negative,1.8316713890892733e-05
1342160194911002625,neutral,0.37145254925079546
1342160196102189057,negative,0.005605058504731523
1342160196534206464,negative,4.127319775824961e-05
1342160197070962688,negative,0.07987316261843269
1342160200250388483,negative,0.15237137935820858
1342160201340891136,negative,3.171084381896581e-05
1342160201424785408,negative,5.001696173137159e-06
1342160203152809985,negative,0.2812124665127172
1342160203274326017,negative,0.006334789051235034
1342160203450560514,negative,0.00045338059270851755
1342160203568082946,negative,1.2137587316032155e-05
1342160203589021697,negative,0.0419352849677855
1342160203798765568,negative,0.002253643744784308
1342160204058812417,positive,0.9796514213227224
1342160205006725123,negative,5.001696173137159e-06
1342160207267422211,negative,0.10381734080021172
1342160208194396160,negative,0.013721923908731734
1342160208433455104,negative,0.2176483024726092
1342160209033261061,negative,5.001696173137159e-06
1342160209310060548,negative,0.07898267801482399
1342160209465253888,negative,0.02160242453216044
1342160210786476034,negative,0.003436622549141249
1342160211369467906,negative,0.04402288632109247
1342160212434804738,negative,0.09640323611645361
1342160213034594306,negative,0.005605058504731523
1342160213424697344,negative,5.001696173137159e-06
1342160213764411394,neutral,0.3376157738488888
1342160215270158337,negative,0.02329323645236039
1342160216289390596,negative,3.977265850725536e-06
1342160221377077248,neutral,0.5490292481829452
1342160221704245249,negative,0.008934505557462528
1342160222048104450,negative,0.020662502153600684
1342160222450806786,negative,0.017840404156025128
1342160224233398274,negative,5.001696173137159e-06
1342160224426229767,negative,0.046501480404026574
1342160225428795393,negative,5.001696173137159e-06
1342160226880004103,negative,0.16186416659669633
1342160227320389634,neutral,0.3499352441185855
1342160227588780039,negative,0.0004760529356788509
1342160228050202629,negative,0.2120335271377775
1342160229484658688,negative,0.06405537043123012
1342160229816012800,negative,0.15226770092568462
1342160230331936770,neutral,0.35341083541347074
1342160231476977664,negative,0.2681301851464377
1342160231602794502,negative,0.04042176030207563
1342160231804104705,positive,0.8101295862396752
1342160232588451842,negative,0.21047953907773329
1342160233301422080,negative,0.08437613153631827
1342160235105017857,neutral,0.44869451077985767
1342160235436228608,negative,0.046501480404026574
1342160235524485122,negative,1.3656084514849895e-09
1342160236598226945,neutral,0.4744007417802897
1342160237814558723,negative,2.3650682423465243e-05
1342160237910888448,negative,0.18575529401966948
1342160239609737223,negative,1.231612575068612e-08
1342160241610338306,negative,0.005605058504731523
1342160243258699781,negative,3.792379489848801e-05
1342160244756021249,negative,0.004273186650008544
1342160244827254784,negative,0.0010427729243528215
1342160249147502592,negative,0.00020491577436213102
1342160249160151047,negative,5.001696173137159e-06
1342160250380693506,negative,0.10489656397742007
1342160252272140289,negative,0.046501480404026574
1342160252352008192,negative,2.8416398427590335e-05
1342160252641423361,negative,0.094773608702444
1342160253077630978,neutral,0.5169983506486969
1342160253429932036,negative,0.16491072984261676
1342160253715156992,negative,0.00021150508835675644
1342160254369456128,negative,3.142822654108156e-05
1342160259033550849,negative,0.12614399136821394
1342160259163553794,negative,5.001696173137159e-06
1342160259180359681,negative,7.548841920217413e-06
1342160259356483584,negative,7.132206018273337e-05
1342160261407514624,negative,0.0002977093060074143
1342160262393163780,negative,0.08622232799040676
1342160265534525441,negative,0.18561842685571806
1342160269213130753,negative,5.001696173137159e-06
1342160269984686085,negative,0.0517814972521364
1342160271322832897,neutral,0.49905447695253125
1342160388809515010,negative,9.56464986647468e-05
1342160390252277767,negative,0.0002983134488416117
1342160390332035073,negative,0.017286836009129967
1342160392206876673,negative,0.14192462298777708
1342160392588587008,negative,0.013357797791889656
1342160392592760832,negative,0.008285294134682705
1342160392873795589,negative,0.00012758256285958248
1342160392978657280,negative,0.0002983134488416117
1342160393175752706,negative,0.0019821404890728363
1342160393192546304,negative,2.13597007635026e-06
1342160394744451075,negative,0.21047953907773329
1342160395608481792,neutral,0.3358218310945649
1342160396623503361,negative,0.005605058504731523
1342160397185347586,negative,5.001696173137159e-06
1342160400075386881,negative,5.001696173137159e-06
1342160400746500096,negative,0.0005448960621072478
1342160401904054275,negative,4.8825135874823926e-06
1342160402369507333,negative,0.04664866983234521
1342160402466136064,negative,7.30774934935384e-05
1342160404852588545,neutral,0.3374674755446546
1342160409596465153,negative,5.001696173137159e-06
1342160410082996225,negative,0.15011315774772907
1342160411437789185,negative,0.008002740267951025
1342160411639087106,positive,0.9980015864354186
1342160413065097219,negative,0.00021150508835675644
1342160413786583051,negative,0.011538404096376137
1342160414650593281,negative,0.023158976181080253
1342160414717652992,negative,0.040705985075515615
1342160415111991298,negative,0.002745298738113449
1342160415221018625,negative,2.6006768194043287e-09
1342160416697364480,negative,0.00046065776423479996
1342160417481760768,negative,0.04309523899221751
1342160420262522883,neutral,0.4597806781061431
1342160420996608001,negative,0.00352045729536743
1342160421009190914,neutral,0.42919830775866974
1342160421285978113,negative,0.0021907472473769534
1342160421583810561,negative,8.226452525666991e-07
1342160421730578432,negative,5.001696173137159e-06
1342160421944492034,negative,0.016027795179654303
1342160422506532866,negative,0.0007865280371671421
1342160422942765059,negative,0.011538404096376137
1342160425924743169,negative,0.223658697637121
1342160426650529794,negative,0.003983690503770904
1342160427069939714,negative,5.001696173137159e-06
1342160428877688832,negative,0.05285763660929391
1342160428969955331,negative,0.005519728240277809
1342160432094728192,negative,0.11241297379146376
1342160432551899138,negative,0.0013844695489950468
1342160432983896066,positive,0.9900537850302044
1342160434581786625,negative,0.035889720255982575
1342160434695196674,negative,5.001696173137159e-06
1342160436234481666,negative,0.02160242453216044
1342160436289032192,negative,0.045862841545354804
1342160437211787265,negative,0.005557068525823104
1342160438134505472,negative,7.132206018273337e-05
1342160438621048833,negative,0.16532172419126437
1342160439698972674,negative,0.27781596414135684
1342160440084688897,negative,0.16532172419126437
1342160442265894912,negative,0.0007929404103188511
1342160442379145217,negative,5.001696173137159e-06
1342160442995716096,neutral,0.4070527276669542
1342160443515826176,negative,0.0010427729243528215
1342160444061085697,negative,0.09640323611645361
1342160444795080706,negative,0.02312814423556466
1342160444807663616,negative,0.0010427729243528215
1342160445872992257,negative,2.4710847540020715e-05
1342160446556659717,negative,2.84980896605411e-08
1342160447491825665,negative,0.03246128932462553
1342160448242798594,negative,4.013987625631868e-06
1342160452206391301,negative,0.011490537435018785
1342160452441223168,negative,8.717698728473639e-08
1342160453015887873,negative,0.09439569761778946
1342160457398951939,negative,8.71048120444461e-05
1342160457738674178,negative,5.001696173137159e-06
1342160457889677314,neutral,0.5266607897375037
1342160458388795393,negative,0.01901656117934125
1342160460276240384,positive,0.9886393883365743
1342160462063001600,negative,0.27538537887707226
1342160462188867585,negative,0.004700714766102778
1342160462671007744,negative,1.182990684278528e-08
1342160463711363079,negative,0.3031385932436478
1342160463912693760,negative,0.017840404156025128
1342160464118210566,negative,0.005167463485115633
1342160464625741825,negative,5.001696173137159e-06
1342160464869027843,negative,0.003566906859200871
1342160467335278593,negative,8.220691506302524e-07
1342160469352574976,negative,0.008934505557462528
1342160469944119301,negative,0.06524740720077488
1342160470103490561,negative,0.2953552787427444
1342160471605059584,negative,0.002515054097712651
1342160475082141697,neutral,0.49789225920557484
1342160598050758656,negative,0.0004760529356788509
1342160598201749505,negative,0.057100421758971884
1342160600189702145,negative,0.056064655995890535
1342160601313923074,negative,0.0025570592608791898
1342160604052807680,negative,0.2077712182636742
1342160604673564674,negative,7.611443786945423e-10
1342160604916834305,negative,0.0010427729243528215
1342160605130715141,neutral,0.5495922250151081
1342160606540009477,negative,0.0007929404103188511
1342160606653255684,negative,8.327605907066648e-05
1342160607395590149,negative,0.015141648629067025
1342160607475331073,negative,3.142822654108156e-05
1342160608196751362,negative,0.02312814423556466
1342160608226144258,negative,0.02312814423556466
1342160609358573569,negative,1.1988045523889465e-05
1342160609857585153,negative,2.07590980791809e-06
1342160609865990147,negative,0.2485346515346417
1342160609933070336,negative,0.02006357897109135
1342160609941442561,positive,0.7898298558129083
1342160609949970438,negative,0.004252998948033359
1342160609970819072,negative,0.09762906414781056
1342160609975025664,negative,0.013129505934820707
1342160609979359233,negative,0.00042822273863642467
1342160609987608577,negative,0.025614891241124926
1342160610008715265,negative,0.13595043255556166
1342160610059034625,negative,1.924892142178848e-05
1342160610125967362,negative,8.609895543712038e-06
1342160610159575040,negative,0.003153835830319204
1342160610251968512,negative,0.29150453131543796
1342160610285518851,positive,0.8793047134445227
1342160610398629888,negative,3.1750454387987075e-05
1342160610532978688,negative,0.18609868074609293
1342160610700607488,negative,2.778540697495246e-06
1342160610985996290,positive,0.8262928289178444
1342160611057123329,negative,0.09558245018640715
1342160611157790721,negative,9.418626913004664e-07
1342160611271172098,negative,0.1939751723184478
1342160611334103046,negative,2.6551873154995943e-06
1342160611518517249,negative,3.1750454387987075e-05
1342160611669549056,positive,0.9789853802331058
1342160612034535424,negative,4.25528759988558e-06
1342160612042928130,negative,0.13427707006181466
1342160612047130626,positive,0.8646817830201069
1342160612051230721,negative,0.001287994370014405
1342160612294615040,negative,0.006535410265073141
1342160612315590660,neutral,0.57951380527905
1342160612403544064,negative,0.12290247099850725
1342160612445409281,neutral,0.48468309562273015
1342160612596584458,negative,0.001766675417553161
1342160614450483200,negative,0.15237137935820858
1342160614983086082,positive,0.9908627282407085
1342160615184494593,negative,0.0003024631445042225
1342160616069464064,neutral,0.5169983506486969
1342160618250514435,negative,0.006718972063405522
1342160618346917889,negative,5.21059358334464e-07
1342160618586071040,negative,0.0008461046282712783
1342160618703343616,negative,0.16532172419126437
1342160623019433989,negative,4.6112043786055146e-05
1342160623946387456,negative,0.0016951190872806447
1342160625632485378,negative,7.30774934935384e-05
1342160627104681987,negative,0.0517814972521364
1342160627331170305,negative,0.00171221004955442
1342160627758985216,negative,5.001696173137159e-06
1342160628094525440,negative,0.005353635423296981
1342160628551733249,neutral,0.5472960823705576
1342160628732076032,positive,0.7364552304579606
1342160629617078274,negative,0.20432965143997953
1342160629990363141,negative,0.0517814972521364
1342160630892142592,negative,0.00036493724261587674
1342160632670527488,negative,0.15237137935820858
1342160633404518402,negative,0.00849309960577442
1342160634390016002,negative,0.0013309581222396769
1342160634486505472,negative,0.050106997865733284
1342160634570530816,negative,0.0517814972521364
1342160634629255168,negative,6.082227323442173e-06
1342160635078049792,negative,0.02312814423556466
1342160637313638406,negative,1.8999102229513658e-05
1342160638446100488,negative,7.742202217851813e-06
1342160638605467648,neutral,0.45841449583985766
1342160639171710982,negative,0.00823751859811489
1342160639410794498,negative,0.0018243028261843504
1342160640002019328,negative,0.013549000747233484
1342160640241266688,negative,0.014921409828964609
1342160640287379459,negative,1.0471707418831146e-05
1342160642665558020,negative,0.017840404156025128
1342160644091555841,negative,1.6734281074416479e-10
1342160645089865731,neutral,0.5063575273151028
1342160645324681216,negative,1.2137587316032155e-05
1342160647916826626,negative,0.003745057163577153
1342160648357163010,neutral,0.6333105239376515
1342160650324291586,positive,0.8488784103859388
1342160650685054976,negative,0.05571557784836408
1342160650991251456,negative,5.001696173137159e-06
1342160652371193863,negative,0.24788140837292044
1342160653235200002,negative,0.0004286151320775777
1342160654447374340,negative,5.001696173137159e-06
1342160655844052992,negative,0.057100421758971884
1342160656376745989,negative,0.12703271384507175
1342160755844665344,negative,0.0069571137892871044
1342160757799202819,negative,0.3062692949725709
1342160758050861059,negative,9.759099654646046e-08
1342160758726144002,neutral,0.49789225920557484
1342160758944182273,negative,0.08437613153631827
1342160761641193476,positive,0.9944824170263235
1342160761712340997,negative,0.006334789051235034
1342160764128423936,negative,0.00019302027055767524
1342160766548533248,negative,0.0005756424541062697
1342160766628208640,negative,0.11842947483817863
1342160767169290241,negative,0.008285294134682705
1342160768154931200,neutral,0.49789225920557484
1342160768540811264,negative,0.26076950668447035
1342160769002201088,negative,0.057100421758971884
1342160769350303751,negative,8.279029510288473e-10
1342160769421611008,negative,0.00028595531040795786
1342160769589379072,negative,0.007227217223734225
1342160770528903168,negative,0.02312814423556466
1342160770818322435,negative,0.10489656397742007
1342160770914770944,negative,2.0415416741943973e-05
1342160771741061125,negative,0.01366302732957199
1342160772009439239,negative,9.005206026520598e-07
1342160772718321664,negative,0.27538537887707226
1342160772726743041,negative,0.0010427729243528215
1342160775251681280,negative,0.007316167279928045
1342160776627449857,negative,5.001696173137159e-06
1342160776950386688,negative,0.00741627213827822
1342160778699403265,negative,0.015565404561229668
1342160779102085120,negative,0.27538537887707226
1342160779693453315,negative,5.001696173137159e-06
1342160782205845510,negative,8.82087274752317e-07
1342160782574964738,negative,0.041137094692619204
1342160782612701194,negative,0.0010427729243528215
1342160783174754305,negative,0.10440416148123748
1342160783875207170,positive,0.8295278964499103
1342160784772706304,neutral,0.47651017712911625
1342160785091534849,negative,0.0003700702957348527
1342160785506709505,negative,0.21995195790830904
1342160786387562498,negative,0.17348358827580887
1342160786936893442,negative,0.16186416659669633
1342160787595538434,negative,0.000725745494711989
1342160788501405698,negative,0.003934161853096725
1342160789764005888,negative,0.0010427729243528215
1342160791345238017,negative,0.04664866983234521
1342160791471058946,negative,0.001293064373848832
1342160792603553792,negative,0.0007929404103188511
1342160792783753217,negative,0.05528446120294227
1342160793668907009,negative,0.001700538667960566
1342160795493347329,negative,0.00031284106238320397
1342160796315504646,negative,0.057100421758971884
1342160796336484355,positive,0.9987418808620604
1342160796785238018,negative,0.02312814423556466
1342160797422809095,negative,0.0007929404103188511
1342160797477326848,negative,0.001899547308491881
1342160798827868161,neutral,0.33623359787652535
1342160799415087110,neutral,0.4042449083988566
1342160799494770691,negative,5.001696173137159e-06
1342160802518867972,negative,0.15237137935820858
1342160804146278401,negative,0.11289157291778304
1342160804427292672,neutral,0.5655662877727314
1342160805496840192,neutral,0.5495922250151081
1342160806335700993,negative,5.001696173137159e-06
1342160808319586306,negative,0.0005583564912642673
1342160810282524672,negative,8.885466562234789e-05
1342160810618007553,negative,0.005447757490260875
1342160810743721984,negative,0.007265170212787386
1342160811838599172,negative,0.000321428267875819
1342160814879465472,neutral,0.42876467289441955
1342160816372670466,negative,1.0059890553203331e-05
1342160816385228812,negative,0.0010427729243528215
1342160817983090688,negative,1.7134489596936698e-19
1342160819023441921,positive,0.7602418274586127
1342160819715534849,negative,5.001696173137159e-06
1342160819761590280,neutral,0.5316624617817726
1342160820051075074,neutral,0.42755866745518784
1342160820290129923,negative,0.30396949356940606
1342160820529147908,negative,0.10299786840792909
1342160820692803586,negative,0.00010925402170182139
1342160821674242049,negative,0.07885670326111506
1342160822634741760,negative,0.014791985226508016
1342160823964344320,negative,0.006088637789059722
1342160824366981120,negative,0.05528446120294227
1342160825776222210,negative,0.05571557784836408
1342160825834995716,negative,1.6734281074416479e-10
1342160825864376323,negative,2.6551873154995943e-06
1342160826413838337,neutral,0.5495922250151081
1342160827340750848,negative,4.429319665962582e-07
1342160828989108229,negative,0.26076950668447035
1342160829823774720,negative,9.636691790439253e-10
1342160830658469895,negative,0.007316167279928045
1342160832453611522,neutral,0.33623359787652535
1342160833787400194,neutral,0.47960041475486676
1342160835066658816,negative,0.15237137935820858
1342160835909722112,negative,0.011538404096376137
1342160836723412992,neutral,0.5495922250151081
1342160836744388612,negative,6.582747253450239e-05
1342160836807180291,negative,3.3829330899071545e-08
1342160838325518337,negative,0.16532172419126437
1342160839437119489,negative,0.04846154366811097
1342160936531095552,positive,0.9996679469659898
1342160938099728391,neutral,0.33623359787652535
1342160942302449665,negative,3.9937798101986714e-05
1342160942398910467,negative,3.303672385569735e-05
1342160942948372481,negative,0.01901656117934125
1342160944265383936,negative,0.2525228017810236
1342160944877723650,positive,0.9243280120221552
1342160946039549957,negative,0.00020477381547011602
1342160947360788486,neutral,0.4696198382581039
1342160947549413376,negative,0.05606159713250785
1342160949680156673,neutral,0.47878153849390703
1342160952880463874,negative,1.6734281074416479e-10
1342160953237004288,positive,0.9989522226734899
1342160953400385536,neutral,0.46127768308170247
1342160954356887555,negative,0.15226770092568462
1342160954705010693,negative,0.06524740720077488
1342160955199926272,negative,0.0005774558846946406
1342160956881829904,negative,5.001696173137159e-06
1342160956936364033,negative,1.3568577321292753e-06
1342160956953034754,negative,0.012027804292652749
1342160957393481730,positive,0.9685034134821003
1342160959369052167,negative,0.31830910085235925
1342160960413425665,negative,0.0370772255018806
1342160960983879680,negative,0.13248929639140344
1342160962078601216,negative,5.001696173137159e-06
1342160962212802560,negative,1.6734281074416479e-10
1342160962753875970,positive,0.9685034134821003
1342160963752091648,negative,0.0013119186527211068
1342160966612611076,negative,0.07294918075471754
1342160968768499713,neutral,0.5495922250151081
1342160969296982017,positive,0.774378866808659
1342160970584621057,negative,5.001696173137159e-06
1342160970748207106,negative,0.013184568049172396
1342160970760683521,negative,0.056064655995890535
1342160971679363074,negative,0.002745298738113449
1342160971738054657,negative,2.6551873154995943e-06
1342160972513992709,negative,2.3993213326425574e-06
1342160972677591040,negative,0.0005583564912642673
1342160974590193667,negative,0.03639614060582062
1342160975055659008,negative,0.012023715685309685
1342160976053895169,negative,0.1250224706700623
1342160977614274561,negative,2.6551873154995943e-06
1342160977702359040,negative,0.001648328321296601
1342160978528632836,neutral,0.4507454498615163
1342160980168630272,negative,6.256942625617613e-06
1342160981951131649,negative,0.010401176328776206
1342160982022508553,negative,5.6178848183674706e-05
1342160984719437825,negative,1.6119684250411773e-05
1342160984899801091,negative,0.0001079541407693146
1342160985340207105,negative,0.11182245947334335
1342160985487003648,negative,0.00022713311202279707
1342160986585886720,negative,3.977265850725536e-06
1342160987756130304,negative,0.027804090872741338
1342160990075453441,negative,0.27538537887707226
1342160990389997573,negative,0.08596759446703613
1342160990738276352,negative,0.01101016917167063
1342160992600535047,negative,4.113365626540039e-07
1342160992680239106,negative,5.001696173137159e-06
1342160993808510982,negative,0.028367953722090007
1342160994462740481,negative,1.416564665585408e-05
1342160996996161540,negative,0.02520165804122861
1342160997704818688,negative,0.2297984884374534
1342161000808800257,negative,0.004911521286639298
1342161001379147779,negative,0.006826608847004191
1342161002348081152,negative,0.06568553540705582
1342161002616512520,neutral,0.41819411697765685
1342161002935300096,negative,0.10085634681590479
1342161004206170115,negative,0.21047953907773329
1342161004248117248,negative,0.003121316702415719
1342161004386463748,neutral,0.46127768308170247
1342161005074386946,negative,0.0003756903707675662
1342161005099458560,negative,1.6734281074416479e-10
1342161007297372166,negative,0.011490537435018785
1342161007746166787,negative,1.193906185487493e-14
1342161008492752898,negative,8.062115297033785e-05
1342161008836681733,negative,5.354279541651812e-06
1342161009415495681,negative,0.057100421758971884
1342161009507766274,negative,5.702152232251858e-07
1342161010346627072,negative,0.02329323645236039
1342161010673782784,negative,0.29600396516190636
1342161010845691907,negative,0.005363906578824478
1342161011034492929,negative,0.05528446120294227
1342161011177115648,negative,0.02866773670287857
1342161011198070784,negative,0.0517814972521364
1342161012405972994,negative,5.001696173137159e-06
1342161014343790592,negative,0.07573899784935961
1342161014733856769,negative,1.8839928739253009e-06
1342161015572672515,negative,3.792379489848801e-05
1342161015811825666,neutral,0.5495922250151081
1342161016797409280,negative,8.3303371815713e-06
1342161017451773953,negative,7.379312583083452e-05
1342161018986897408,negative,0.005447757490260875
1342161019712507904,negative,1.7165178346162632e-05
1342161020245188608,negative,0.11672099260167565
1342161020354260992,positive,0.9845644697550272
1342161020572336133,negative,0.15237137935820858
1342161020664606724,negative,0.329691615085813
1342161022224838656,positive,0.9685034134821003
1342161022606602243,negative,0.0008067471435549648
1342161024204627976,negative,4.188207381913034e-05
1342161024875716609,negative,0.020662502153600684
1342161949942013954,negative,0.0011902757213991234
1342161949950402561,negative,0.05849869245612796
1342161950646669315,negative,1.6734281074416479e-10
1342161951015673857,positive,0.9886393883365743
1342161951649103873,negative,0.04309523899221751
1342161953070977025,negative,0.08437613153631827
1342161953574297601,negative,0.010007797255186458
1342161954970894336,negative,0.0025570592608791898
1342161955252015106,negative,0.0020648283434161183
1342161956170555393,negative,0.004551295411253584
1342161956518686723,negative,0.0517814972521364
1342161957869203457,neutral,0.4663917579447527
1342161959312125955,negative,0.0069571137892871044
1342161959958040577,negative,0.0012681171458805071
1342161960822050816,negative,0.3205746300160878
1342161962826952705,neutral,0.42755866745518784
1342161964345282562,negative,0.0032580438964232438
1342161964785672192,negative,0.004551295411253584
1342161967767822343,negative,0.045941125719571686
1342161968111738881,negative,0.18016715323309396
1342161968313102337,negative,5.001696173137159e-06
1342161969349087233,negative,0.016812097964566782
1342161970498310145,negative,0.000576035136265228
1342161971643297800,negative,0.004551295411253584
1342161972733861888,negative,0.03796884500247603
1342161974222712833,negative,0.02590060458511029
1342161975275565056,negative,0.004551295411253584
1342161976949157895,negative,5.001696173137159e-06
1342161977473433607,negative,0.1437549869102453
1342161978584948736,negative,0.09640323611645361
1342161979239260162,negative,0.16532172419126437
1342161979272736769,negative,0.0007643235302049535
1342161979440386050,negative,5.001696173137159e-06
1342161979495034881,negative,3.159548516155478e-08
1342161979645984770,negative,0.30439231617686313
1342161981122502656,negative,0.011668921910585607
1342161982485630976,negative,0.003665452611976141
1342161983160918021,negative,5.001696173137159e-06
1342161983685189638,negative,0.005467894149402968
1342161984729575424,negative,0.19608385064557662
1342161985010626563,negative,0.012675753666896947
1342161985455218691,negative,0.0007929404103188511
1342161985903984640,positive,0.9999948549081155
1342161987984384000,negative,0.004238845430557115
1342161991260102656,negative,0.010822551755000468
1342161992153522176,neutral,0.39075198702009906
1342161992363208708,negative,0.0008857452603480243
1342161993831223297,negative,0.08396144672075262
1342161994556825600,negative,0.0030942131969520174
1342161995185983488,negative,0.017876698594171916
1342161997186670593,neutral,0.4368347878126289
1342161998289760256,negative,2.501724650002005e-06
1342161998893764614,negative,5.4152289046372204e-06
1342161999279628300,negative,0.16280582794327256
1342161999304781825,neutral,0.49789225920557484
1342161999434817537,negative,0.00958073096288021
1342161999527030786,negative,5.667585845313686e-06
1342162000114278400,positive,0.9433918244099128
1342162000235868161,negative,0.03293705136279898
1342162000240144386,negative,0.11870504339496742
1342162001053757441,negative,0.0024838707771660247
1342162001854943233,negative,0.21047953907773329
1342162002207272962,negative,0.004551295411253584
1342162002224021506,negative,0.004551295411253584
1342162003427778560,negative,0.00741627213827822
1342162003905765376,negative,0.0010427729243528215
1342162004186959874,negative,6.256942625617613e-06
1342162004270788609,negative,0.000725745494711989
1342162004379840513,negative,0.0018794023962306157
1342162004438638592,negative,0.10470030013566334
1342162004614799364,negative,0.022964716368658107
1342162006154031106,negative,0.008300312964117488
1342162010839130113,negative,0.014921409828964609
1342162011577348096,negative,0.02312814423556466
1342162011657023490,negative,0.02329323645236039
1342162014936965120,negative,0.023765752893186755
1342162015041835008,negative,6.008570240059941e-06
1342162015733895168,neutral,0.49789225920557484
1342162019869470720,negative,0.004551295411253584
1342162020314058760,negative,0.0007929404103188511
1342162021287145474,negative,0.04261339299296144
1342162022767730690,negative,0.08760247725158582
1342162024155983872,negative,0.011490537435018785
1342162024680337408,negative,0.002595554530400609
1342162027159162881,negative,7.959576027191149e-05
1342162027436003328,negative,3.082688212317215e-07
1342162027436007425,negative,0.18575529401966948
1342162029004517376,negative,1.6734281074416479e-10
1342162029709307904,negative,3.962968129978822e-06
1342162029742870529,negative,0.0643458691202578
1342162030124531713,negative,0.00849309960577442
1342162031856775168,negative,4.19482275235263e-06
1342162031860977665,negative,0.005058963611082928
1342162034499219460,negative,0.004300878492222307
1342162037682696197,negative,5.001696173137159e-06
1342162171292217344,negative,0.0726012162085878
1342162171728441350,negative,5.001696173137159e-06
1342162171988422658,negative,0.00010350117180782416
1342162172965695490,negative,0.2902592164779429
1342162173544583168,negative,0.28741154178763173
1342162173594923009,negative,0.00036698065428222344
1342162174001745921,negative,0.05528446120294227
1342162175088066565,negative,0.006248314451104854
1342162175398445057,negative,0.028503325349081742
1342162176350580736,negative,0.0019756341858169577
1342162176522539010,negative,0.16532172419126437
1342162178091016192,negative,0.07870613879623609
1342162179810881536,negative,6.095679520550322e-05
1342162180112842752,negative,0.13997518181407745
1342162180599390209,neutral,0.33623359787652535
1342162181060747265,neutral,0.5505202523028675
1342162181241106434,negative,0.04664866983234521
1342162182642032645,negative,5.001696173137159e-06
1342162182738505728,negative,5.001696173137159e-06
1342162183124344834,negative,0.001089474584068515
1342162183183020043,negative,0.003091322549198824
1342162183640244224,negative,0.006248314451104854
1342162184508473347,negative,0.18016715323309396
1342162185947115524,negative,0.0007523950700041016
1342162186895032320,negative,0.0001112791382442254
1342162190862868486,negative,0.0003239154728240111
1342162191022227456,negative,0.010730662480973811
1342162191198392321,negative,0.004551295411253584
1342162191731068932,negative,6.582747253450239e-05
1342162192821604372,negative,4.101021112169484e-06
1342162194218283009,negative,0.058499745476149285
1342162194453188610,negative,0.18854684553251258
1342162195082338304,positive,0.996141607416706
1342162196315459586,negative,0.02329323645236039
1342162196822962182,negative,0.006990645365338225
1342162196885737474,negative,0.04309523899221751
1342162197846192128,negative,0.00218458881542678
1342162198899154944,negative,0.1561180956761871
1342162198928494593,negative,0.03840184097586478
1342162199817629696,negative,0.012353054683595115
1342162204594991105,negative,0.02110438221067509
1342162204905377794,neutral,0.49789225920557484
1342162205656100864,negative,8.892073803247346e-06
1342162206784425986,neutral,0.44193049347687885
1342162207149334528,negative,0.027804090872741338
1342162207568703488,negative,0.26076950668447035
1342162208155979776,negative,0.08148505330224094
1342162209078702080,negative,0.0012304069437645707
1342162210072752130,negative,0.14621262492287865
1342162213335932928,negative,5.001696173137159e-06
1342162214652964867,negative,0.008285294134682705
1342162214841581569,positive,0.9886393883365743
1342162217026764801,neutral,0.42919830775866974
1342162217240825856,negative,0.18854684553251258
1342162217337237507,negative,0.024678948710257914
1342162218943619072,neutral,0.48688815916333483
1342162220088782848,negative,0.021852913571581336
1342162221066051584,negative,0.3195796750813212
1342162221795840003,negative,5.392579949630543e-05
1342162222324310017,negative,0.00849309960577442
1342162223079284736,neutral,0.5791479380751998
1342162223091884033,negative,3.0654597488645394e-05
1342162223419052034,negative,0.056064655995890535
1342162223460974594,negative,0.0018089831172252648
1342162223691534336,positive,0.9487637637087933
1342162227370078219,negative,0.2049332621692591
1342162227848241152,negative,0.14609850283191778
1342162228775165953,negative,8.885466562234789e-05
1342162230113136640,negative,0.026872501527377777
1342162230234796032,negative,5.001696173137159e-06
1342162230587117573,neutral,0.5841682340925839
1342162231472115721,negative,9.255557443828511e-14
1342162231715389451,negative,0.02312814423556466
1342162232247894022,neutral,0.5495922250151081
1342162233078538245,negative,0.3223010394061091
1342162233141420032,neutral,0.4273682507201313
1342162233485389824,negative,0.004551295411253584
1342162233619603459,negative,0.0002807432256407207
1342162233963532292,negative,0.2627873649017551
1342162234248724490,negative,0.0012316240228124995
1342162235599319041,negative,0.0010427729243528215
1342162236995997696,negative,0.0014753606577794995
1342162237138624513,negative,0.0007792337366301777
1342162237407043585,negative,0.000725745494711989
1342162237490933760,negative,0.10260268713683236
1342162238325612545,neutral,0.46127768308170247
1342162241727115268,neutral,0.38608938018273264
1342162242708582400,neutral,0.5744669898424327
1342162243060903939,negative,0.057100421758971884
1342162243853705217,negative,0.04329948809938995
1342162245493665792,negative,2.774433862354841e-07
1342162245527207939,positive,0.7364552304579606
1342162247355924483,negative,0.0517814972521364
1342162247389470722,negative,5.001696173137159e-06
1342162247485972481,positive,0.9845644697550272
1342162248039542792,negative,0.014921409828964609
1342162249218199556,negative,0.004551295411253584
1342162249365000192,negative,0.0007929404103188511
1342162249679577091,negative,0.002020710581407351
1342162250333876227,neutral,0.4564841783043474
1342162250946273282,negative,0.007809040031757991
1342162252045103105,positive,0.9845644697550272
1342162252590440449,negative,0.04329948809938995
1342162254108762115,negative,0.16280582794327256
1342162254243000321,negative,2.2709803980614965e-07
1342162257686495237,negative,0.0020270451115391693
1342162392323665924,negative,0.12256090127069341
1342162394919874561,negative,0.002745298738113449
1342162396362792968,negative,0.031014491544775723
1342162396664786946,negative,5.001696173137159e-06
1342162399152005123,negative,0.005058963611082928
1342162399286218752,positive,0.7560908973998467
1342162399579807751,negative,0.0008918985870382534
1342162400208936964,negative,0.00019809316155965564
1342162400485793793,negative,0.0019756341858169577
1342162401135833091,negative,0.003332422662714635
1342162401257541633,negative,5.001696173137159e-06
1342162402758909952,neutral,0.41487043792870404
1342162403564380168,negative,0.16532172419126437
1342162403757330433,negative,7.6252653638707265e-06
1342162405330198528,negative,0.3195796750813212
1342162405384724487,negative,0.2164295994262103
1342162405695123456,negative,0.005447757490260875
1342162407536402435,negative,0.004238845430557115
1342162407834218497,negative,0.0002949926758896628
1342162408266223616,negative,5.001696173137159e-06
1342162412296929288,negative,0.019082453908448597
1342162414318592000,neutral,0.47878153849390703
1342162415165829120,negative,3.6519944541790813e-06
1342162419955724290,negative,0.30439231617686313
1342162420811378689,negative,0.004463509903643461
1342162422434582529,negative,1.7382694504230214e-10
1342162424020021250,negative,0.004551295411253584
1342162424292651009,negative,0.25639842677858915
1342162424909221888,negative,0.15237137935820858
1342162425211195393,neutral,0.49789225920557484
1342162426763096064,negative,5.001696173137159e-06
1342162426771419138,negative,0.0001647722400226257
1342162428025577473,negative,0.0009692328777851208
1342162428826533890,negative,0.0010427729243528215
1342162430365995012,negative,0.3029968537174699
1342162431037091847,negative,1.2137587316032155e-05
1342162431204847621,negative,0.023158976181080253
1342162431590756352,negative,0.18575529401966948
1342162432337326081,negative,0.03639614060582062
1342162432345714689,negative,0.19635195326467503
1342162433851281416,negative,0.00031289636145907237
1342162433855598592,negative,0.01279676343400046
1342162435441045509,negative,0.18016715323309396
1342162436510674946,negative,0.08148505330224094
1342162436909117441,negative,0.15237137935820858
1342162437529886724,negative,0.2812124665127172
1342162438792294405,negative,2.4173072763071886e-08
1342162446178537474,negative,4.186043904339181e-09
1342162448644677633,negative,0.002687799118432544
1342162449169047553,negative,0.006248314451104854
1342162450561593345,positive,0.9996647848002677
1342162451111018497,negative,0.003332422662714635
1342162452293840904,negative,1.2137587316032155e-05
1342162452692279303,negative,0.014921409828964609
1342162453199728640,negative,0.0025570592608791898
1342162454969724932,negative,0.2744480959132546
1342162455087247362,negative,0.003566906859200871
1342162457649958919,negative,0.0010427729243528215
1342162458165850114,negative,0.006248314451104854
1342162459499626496,negative,0.04309523899221751
1342162459608690688,negative,0.0013309581222396769
1342162459768074241,negative,0.0004760529356788509
1342162460334292994,negative,0.010674914207711737
1342162460950847490,negative,0.002745298738113449
1342162461785468928,negative,0.03085414369409259
1342162464750891011,negative,0.02110438221067509
1342162464767528960,negative,0.3055617065025116
1342162465585582086,negative,0.03628813043888524
1342162465669468165,neutral,0.4507454498615163
1342162465975517187,negative,0.009866309110518985
1342162467020017665,negative,0.0013309581222396769
1342162468739624960,negative,0.0008360312118749343
1342162469704380416,negative,0.009320282918774387
1342162470497091587,negative,6.17938220872769e-05
1342162470522253315,negative,0.030291575485374058
1342162471595995136,negative,1.2137587316032155e-05
1342162473147912196,negative,0.015994624092321812
1342162474183880704,negative,2.6551873154995943e-06
1342162474775285761,negative,0.023581091386977615
1342162475224018953,negative,0.013721923908731734
1342162475643510785,negative,0.0004760529356788509
1342162477006671872,negative,0.0006957027350967727
1342162477128151042,negative,0.05122732844028407
1342162477660966913,negative,6.356336926912709e-11
1342162479468711943,negative,0.004551295411253584
1342162481356148737,negative,1.1145506529986073e-11
1342162488855560192,positive,0.9996679469659898
1342162489652482050,negative,0.0018671410186434862
1342162490038210561,neutral,0.4712788417556746
1342162490663301120,negative,2.4950862242970723e-06
1342162491590270979,negative,0.021832781444602187
1342162491846103041,negative,0.09640323611645361
1342162491963539457,negative,6.17938220872769e-05
1342162492496236544,negative,0.0006717484437315782
1342162493465112576,negative,0.27538537887707226
1342162494375264256,negative,5.001696173137159e-06
1342162496203976705,negative,0.05879877175333563
1342162496405299200,neutral,0.4402571704036702
1342162497332101120,negative,0.00030304448503572023
1342162497860722700,positive,0.7560908973998467
1342162498720571392,negative,0.08437613153631827
1342162499332833280,negative,0.017840404156025128
1342162500800966656,negative,6.826841175064454e-05
1342162500951924738,negative,5.001696173137159e-06
1342162501232955394,negative,0.03211104950727985
1342162501891469313,negative,0.21047953907773329
1342162502721925121,negative,2.2571949072134854e-05
1342162503082549248,negative,0.2912105422660608
1342162504215113728,negative,1.2137587316032155e-05
1342162504919773186,neutral,0.5495922250151081
1342162504936550402,negative,8.013687413080464e-06
1342162505087520770,negative,0.07026508288047041
1342162505452429312,negative,5.001696173137159e-06
1342162505599250432,neutral,0.33623359787652535
1342162505641160707,negative,0.002745298738113449
1342162506148507648,negative,0.0013538016113722035
1342162506949808128,negative,0.0009509266330624375
1342162507969032192,negative,0.14621262492287865
1342162508350709760,negative,0.17998906877046147
1342162508988227590,negative,2.5019979798729342e-05
1342162510007455745,negative,0.077600051580885
1342162510074544133,negative,0.05528446120294227
1342162510816882688,negative,3.225187613016495e-05
1342162510833545216,negative,2.6645513736962954e-06
1342162511819386884,negative,0.26076950668447035
1342162513480265728,negative,5.001696173137159e-06
1342162513643917312,negative,3.792379489848801e-05
1342162514738618369,negative,0.011538404096376137
1342162517280354307,negative,0.0017359779790508197
1342162517511057409,negative,1.6734281074416479e-10
1342162518542868480,negative,0.00016913591453905717
1342162518974881794,negative,0.0019756341858169577
1342162519159427073,negative,2.691102733655694e-07
1342162519893413890,negative,0.27538537887707226
1342162520254140416,negative,0.0002977093060074143
1342162520447057921,negative,5.001696173137159e-06
1342162520702935040,negative,2.326356991376567e-06
1342162521856372736,negative,0.05628418104802219
1342162522061873152,negative,0.09724052625855263
1342162523915599872,negative,0.005605058504731523
1342162524289064962,negative,0.15237137935820858
1342162525178245127,negative,0.0164000911802586
1342162525413060608,neutral,0.47878153849390703
1342162525769461760,negative,0.27538537887707226
1342162527803867141,negative,0.005605058504731523
1342162527841611784,negative,0.026773813979631095
1342162528030351361,negative,0.16532172419126437
1342162528298799107,negative,0.22372026910309062
1342162528667758592,negative,0.0029325814130838107
1342162530865737731,negative,0.06640051744579871
1342162531540938753,negative,0.0005411035772666518
1342162534141489152,negative,0.000157632599020492
1342162534938374145,negative,0.17936937691063232
1342162535949033473,negative,2.4133977882379134e-05
1342162537756946432,negative,0.004064060377579236
1342162539359186945,negative,0.015565404561229668
1342162539573084163,negative,0.0020407908080665375
1342162540697161729,negative,0.0003841584483034391
1342162541179498499,negative,0.08148505330224094
1342162542924328960,negative,0.11705960195381153
1342162543079534592,negative,0.004300878492222307
1342162544392331266,negative,3.792379489848801e-05
1342162544748740610,negative,0.0069571137892871044
1342162545021509632,negative,0.003566906859200871
1342162545302511616,negative,5.001696173137159e-06
1342162545952628738,negative,0.003566906859200871
1342162546099441668,negative,3.142822654108156e-05
1342162548490170369,neutral,0.47878153849390703
1342162548565692421,positive,0.7364552304579606
1342162548691357696,neutral,0.5495922250151081
1342162549396090885,negative,0.07870613879623609
1342162551845613568,negative,3.159548516155478e-08
1342162553930133506,negative,0.17648583333902623
1342162554072805376,negative,8.442889265508678e-05
1342162554718707712,negative,0.0032580438964232438
1342162555469324289,negative,0.005363906578824478
1342162557465989125,negative,7.71280294293051e-05
1342162557520457728,negative,0.011538404096376137
1342162559395364866,negative,0.024694100878818438
1342162560309587976,neutral,0.42919830775866974
1342162562478125057,negative,0.3117335284553148
1342162563333808128,negative,0.0010427729243528215
1342162563363205120,negative,0.007663891718402875
1342162563660984324,negative,0.0005985921576933209
1342162565217050624,negative,0.014921409828964609
1342162565879750656,negative,7.331344145014961e-06
1342162569117757441,negative,2.6551873154995943e-06
1342162569696587776,negative,5.001696173137159e-06
1342162618442772480,neutral,0.5495922250151081
1342162621429022720,negative,0.01901656117934125
1342162621500256257,negative,0.000722083567540084
1342162621777252353,negative,0.01795903661963429
1342162622452432896,negative,0.056064655995890535
1342162622913916928,neutral,0.44193049347687885
1342162623446581248,negative,0.0449566174452188
1342162624239312897,negative,0.28741154178763173
1342162624285442051,neutral,0.5490292481829452
1342162625183019011,negative,0.003566906859200871
1342162625623437312,negative,0.003433871264966067
1342162625858334721,negative,5.001696173137159e-06
1342162626516684806,negative,0.26263318497734356
1342162628097896448,negative,0.1975383921457794
1342162628475559937,negative,0.0005756424541062697
1342162628924346368,negative,0.02312814423556466
1342162628991397889,negative,0.01426580548053544
1342162630186852352,negative,0.0002922487043940966
1342162630459310081,negative,0.26489293790389334
1342162630941810688,negative,0.014921409828964609
1342162632518860801,negative,0.004551295411253584
1342162633294802944,negative,0.0004398069040672222
1342162634725076995,negative,0.16391782574256425
1342162636415315970,negative,5.001696173137159e-06
1342162638567051267,negative,0.02312814423556466
1342162639548542976,negative,0.26076950668447035
1342162639682564096,negative,0.0003796630261590141
1342162639942725635,negative,5.001696173137159e-06
1342162643281448960,negative,0.10489656397742007
1342162643654729731,negative,0.0008067471435549648
1342162644887855106,negative,0.0001457299985774119
1342162646456545281,negative,0.10440416148123748
1342162647714824193,negative,0.006248314451104854
1342162647735808011,negative,0.019541910779963582
1342162647995842560,neutral,0.5280154947569586
1342162649526767616,neutral,0.47011635453873657
1342162650197680128,negative,8.885466562234789e-05
1342162651871371277,negative,0.023043492532240473
1342162652475224064,negative,0.0013309581222396769
1342162652760563715,positive,0.7961707719728688
1342162653930639361,negative,0.2627873649017551
1342162654496960517,negative,0.07593748718638854
1342162654677315590,negative,0.27538537887707226
1342162654748663809,negative,5.001696173137159e-06
1342162657646964736,negative,0.12703271384507175
1342162657839738880,negative,0.014921409828964609
1342162659102363648,negative,0.12703271384507175
1342162660838801413,positive,0.8234176770217752
1342162663930015747,neutral,0.42755866745518784
1342162664559153159,negative,5.001696173137159e-06
1342162667558023172,negative,0.053376662704522515
1342162669810270214,negative,1.6734281074416479e-10
1342162669814640640,negative,0.0011902757213991234
1342162670951280646,neutral,0.3453277703052475
1342162671232278532,negative,0.004300878492222307
1342162671571898369,negative,0.24380205661237384
1342162672641601537,negative,0.08441834286023552
1342162672939388930,negative,0.07593750634765153
1342162673321046023,negative,6.17938220872769e-05
1342162673392345088,negative,0.001653399589940495
1342162675393036288,negative,0.0008955897050989571
1342162675707518976,negative,5.001696173137159e-06
1342162675997040641,negative,9.127227262976718e-07
1342162676462608385,negative,0.0025214360254647303
1342162677293084673,negative,0.006248314451104854
1342162677855039488,negative,0.13997518181407745
1342162678383599616,negative,0.04455982968732184
1342162681533501441,negative,5.001696173137159e-06
1342162682699522127,neutral,0.4507454498615163
1342162683932631042,negative,0.004551295411253584
1342162684867796992,negative,0.014921409828964609
1342162685174149121,negative,0.010822551755000468
1342162686243647488,negative,0.0010861325228598683
1342162687829168129,negative,3.266045726420657e-07
1342162688282152961,negative,0.26076950668447035
1342162689880064004,positive,0.9996679469659898
1342162690425446400,negative,8.515087045096324e-06
1342162690605789187,negative,0.0019756341858169577
1342162692245753860,negative,5.001696173137159e-06
1342162692954419201,negative,0.00013840144458670907
1342162693524959233,neutral,0.36862322910880563
1342162694036721664,negative,0.00849309960577442
1342162694946738177,negative,0.003566906859200871
1342162695336943616,negative,0.04512601545641183
1342162696767234054,negative,0.329691615085813
1342162698310705152,negative,0.0009303077126836922
1342162698889535488,negative,5.121154846943292e-07
1342162701338992643,negative,0.32178661920394075
1342162701477404677,negative,2.6551873154995943e-06
1342162701699657728,negative,0.01521882064398221
1342162701724901377,negative,3.4326952689627943e-13
1342162703209672706,negative,0.001095849295524466
1342162703293538304,negative,0.014341430995690435
1342162704300191744,negative,0.03246128932462553
1342162705122271232,negative,3.142822654108156e-05
1342162705709473793,negative,2.6551873154995943e-06
1342162706338557953,negative,0.09640323611645361
1342162708309757952,negative,0.014921409828964609
1342162709664718848,negative,0.1236618579313873
1342162710591582210,negative,0.27538537887707226
1342162711518584834,negative,0.004873196211560596
1342162712000921600,negative,6.419837620528144e-07
1342162713930330112,negative,0.007809040031757991
1342162714630778882,negative,0.0069571137892871044
1342162717378011137,negative,5.001696173137159e-06
1342162717789073409,neutral,0.4507454498615163
1342162717851885568,negative,0.26263318497734356
1342162721417142273,negative,0.000193172282551713
1342162722272772097,neutral,0.398180521791012
1342162722520240130,neutral,0.5916667328764619
1342162723145195522,negative,5.001696173137159e-06
1342162723900190724,negative,0.30047867896594627
1342162726974599168,neutral,0.47736474211973595
1342162727129804801,negative,0.00683932533767299
1342162727280791552,neutral,0.4897769524760745
1342162728228696069,negative,0.011151314030245
1342162728274841600,negative,0.27578376211472755
1342162729189179392,negative,0.21047953907773329
1342162729231142912,negative,0.05402712561573084
1342162730166476800,negative,0.0007929404103188511
1342162730220990465,negative,0.004771769695319073
1342162731688894464,negative,0.0004760529356788509
1342162733589028870,negative,0.006060770201260033
1342162734004248577,negative,0.017286836009129967
1342162734021017603,negative,0.0013361498494843136
1342162734625026048,negative,8.885466562234789e-05
1342162737137405957,negative,3.6140778283955325e-06
1342162738294960130,negative,0.00013200966328905426
1342162738882220032,negative,0.2287310841229001
1342162738903015425,negative,0.01901656117934125
1342162739721080837,negative,0.04361577258641289
1342162741335879686,negative,5.001696173137159e-06
1342162743567278080,positive,0.7560908973998467
1342162744615854081,negative,0.0004760529356788509
1342162744875905026,negative,0.007515683369503607
1342162745102381056,negative,0.0032580438964232438
1342162746557804546,negative,3.142822654108156e-05
1342162746754834432,negative,0.03342717553821877
1342162746889089024,negative,0.031907584679056515
1342162747228889088,negative,0.000725745494711989
1342162747329568769,negative,0.006248314451104854
1342162747912577030,negative,0.26076950668447035
1342162748264869888,negative,1.2137587316032155e-05
1342162748713676800,negative,0.00010235008290004995
1342162748877254659,negative,3.792379489848801e-05
1342162749854515201,negative,0.014921409828964609
1342162749888077826,negative,0.000725745494711989
1342162750638854144,negative,5.001696173137159e-06
1342162750689210368,neutral,0.45592287074900817
1342162750877933570,negative,0.1141052289161076
1342162751322542086,negative,2.1455857364685983e-06
1342162752668745728,negative,3.523374840811477e-05
1342162754749259780,negative,6.931048472325273e-08
1342162754757652480,negative,0.014206096097771527
1342162755588132865,negative,0.0002347871630710999
1342162839885258753,negative,0.0008067471435549648
1342162841042886657,negative,0.08148505330224094
1342162842854809604,neutral,0.33623359787652535
1342162843316195328,negative,0.12031485348697876
1342162845094428672,neutral,0.44193049347687885
1342162846092705792,negative,1.6734281074416479e-10
1342162848672321536,negative,0.0004760529356788509
1342162851050508290,neutral,0.49789225920557484
1342162851792826368,positive,0.7035028910251673
1342162853202186240,negative,0.004300878492222307
1342162856066699269,negative,3.792379489848801e-05
1342162856100454411,negative,0.04660346488605462
1342162856511463424,negative,0.0012316240228124995
1342162861959892992,negative,0.0007929404103188511
1342162862542827524,negative,0.08625484239677855
1342162863889248256,negative,0.07069463718861892
1342162864719671300,negative,0.01366302732957199
1342162864719716352,negative,0.057100421758971884
1342162865151750144,negative,0.13997518181407745
1342162866208710661,negative,0.16532172419126437
1342162867659939844,negative,0.17936937691063232
1342162868318384128,negative,8.424017202921766e-05
1342162868796616705,negative,0.27538537887707226
1342162869488558080,negative,0.0010427729243528215
1342162872168660992,negative,0.004942349088105604
1342162873523433473,negative,0.16238354240856034
1342162875012575232,negative,8.815353794119214e-05
1342162878632230912,negative,0.006248314451104854
1342162878724415489,negative,0.0517814972521364
1342162880419028993,negative,0.0001690060164897966
1342162880540463106,negative,0.0007129601393409472
1342162881148665857,neutral,0.3499352441185855
1342162881241112577,positive,0.9934392053801037
1342162881991892992,negative,0.05886928003496814
1342162882067374080,negative,0.004551295411253584
1342162882352607234,neutral,0.3418980862760095
1342162883057123328,negative,0.015565404561229668
1342162885494132736,negative,5.001696173137159e-06
1342162885968015361,negative,0.18016715323309396
1342162886249033730,negative,0.0002977093060074143
1342162891886178304,negative,5.001696173137159e-06
1342162892871897091,negative,0.025566749111082768
1342162893446537223,neutral,0.47960041475486676
1342162895224918019,negative,0.005690555835752746
1342162895916949504,neutral,0.5063575273151028
1342162896424468485,negative,1.2137587316032155e-05
1342162897062002688,negative,2.900057199244203e-05
1342162897691176962,negative,0.16280582794327256
1342162898550976513,negative,0.20740513237370262
1342162899117240321,negative,2.162985278042011e-07
1342162900312608769,negative,0.0019756341858169577
1342162902522990594,negative,5.001696173137159e-06
1342162902883721219,negative,0.03085414369409259
1342162907342094337,negative,0.27538537887707226
1342162907480678403,negative,0.0005396934869937535
1342162908076236801,negative,0.01563543576172292
1342162909447782400,negative,0.002745298738113449
1342162909531697153,negative,0.014425713493889014
1342162910282448898,negative,0.18768356091558047
1342162910894837761,negative,1.2137587316032155e-05
1342162913335910403,negative,0.004551295411253584
1342162914212540421,negative,0.00013541055660689657
1342162915831513088,negative,0.04815164984310563
1342162917039325185,negative,0.0010427729243528215
1342162917245001734,negative,0.005447757490260875
1342162918520086531,negative,0.15237137935820858
1342162920168423424,negative,5.001696173137159e-06
1342162921904889866,negative,0.0007929404103188511
1342162922391416832,negative,0.005605058504731523
1342162922403987456,negative,5.001696173137159e-06
1342162925017042944,negative,0.035586734489924166
1342162925021241344,negative,6.253927144969849e-05
1342162925449043968,negative,1.9477966386252404e-10
1342162926250164232,negative,9.774011520374778e-06
1342162927386685440,negative,0.10055289841435204
1342162928158519299,negative,0.00010889458671939955
1342162928225701889,neutral,0.33623359787652535
1342162929232310273,positive,0.796289843237693
1342162931182673920,negative,0.003433871264966067
1342162932008939524,negative,0.23681867230200673
1342162932201746433,negative,0.16370461862357927
1342162932285759491,negative,0.001326210920046788
1342162933170765824,negative,0.014921409828964609
1342162934538117121,negative,0.00031717491648353873
1342162934563221504,negative,0.0076793701300136175
1342162935855067136,negative,0.015773583174067275
1342162936010338309,negative,0.012359593316829193
1342162936366772225,negative,0.00303484442953941
1342162938451267586,negative,1.2137587316032155e-05
1342162938812129280,negative,0.07593748718638854
1342162939214766080,negative,0.16532172419126437
1342163032823259145,negative,0.005557068525823104
1342163033276248064,positive,0.8799248686859684
1342163035201409025,negative,0.0517814972521364
1342163038024179712,negative,0.035586734489924166
1342163038816923654,negative,0.001326210920046788
1342163040041660424,negative,0.09640323611645361
1342163040725311490,neutral,0.49789225920557484
1342163042197504001,negative,0.00849309960577442
1342163042231070720,negative,0.0005513534658065328
1342163042268811265,negative,0.00021150508835675644
1342163042369462273,negative,5.870978992128605e-07
1342163044290453506,negative,6.822660640456085e-07
1342163045443895301,negative,1.6734281074416479e-10
1342163046270173188,negative,5.001696173137159e-06
1342163046895149056,negative,1.3916124875620329e-06
1342163047411019778,neutral,0.34991979587323124
1342163050456088577,negative,0.011538404096376137
1342163051726983168,negative,5.001696173137159e-06
1342163051810844676,negative,0.01901656117934125
1342163052721025024,negative,6.104483015294123e-05
1342163052725219329,negative,9.11747791918009e-06
1342163052825894915,neutral,0.3358218310945649
1342163053257904128,negative,0.27538537887707226
1342163053702508548,negative,0.0006618755121295592
1342163055757680640,negative,0.21047953907773329
1342163057531875328,neutral,0.3307304831697727
1342163060551786497,negative,0.19696807501834337
1342163061482905600,negative,0.015773583174067275
1342163062116274176,negative,0.0019756341858169577
1342163065257783298,negative,0.015565404561229668
1342163066679603201,negative,0.005447757490260875
1342163067346546688,negative,0.003566906859200871
1342163067589832704,negative,0.2164295994262103
1342163070643294210,neutral,0.4159413479780943
1342163071410855936,negative,5.001696173137159e-06
1342163071859625984,negative,0.08041613495621233
1342163075038912513,negative,0.004551295411253584
1342163075240226818,negative,6.706734605585793e-06
1342163075399639042,negative,0.13997518181407745
1342163076574031873,negative,5.001696173137159e-06
1342163077073088518,negative,5.001696173137159e-06
1342163078968991746,negative,0.0008827877249926522
1342163079547785216,negative,0.005058963611082928
1342163079682027522,negative,0.15237137935820858
1342163080881516546,negative,0.0021801221772572168
1342163084224430083,neutral,0.33623359787652535
1342163087554703360,negative,0.009366623533087502
1342163090117427201,negative,5.001696173137159e-06
1342163090444587009,negative,8.515087045096324e-06
1342163091199569920,negative,0.27538537887707226
1342163091283447809,negative,5.001696173137159e-06
1342163091874865156,negative,0.057235039608124094
1342163093024083969,negative,0.001326210920046788
1342163094085263361,negative,0.20973966816853054
1342163095112871937,negative,1.2137587316032155e-05
1342163096006115329,neutral,0.3418980862760095
1342163097331634177,positive,0.9582814969084437
1342163097491042304,negative,0.005447757490260875
1342163099181264903,negative,8.885466562234789e-05
1342163099797884928,negative,2.0296059461227315e-06
1342163099978121216,neutral,0.5495922250151081
1342163100972298240,negative,0.022367953600110024
1342163103975399424,negative,0.022350338447124998
1342163106634588160,negative,0.0004760529356788509
1342163108698189833,negative,0.0007929404103188511
1342163111537741826,negative,6.1604043807875515e-06
1342163111881695232,negative,0.009320282918774387
1342163114737991681,negative,1.3892132301710782e-05
1342163115845308416,negative,0.003934161853096725
1342163116638019584,negative,0.017286836009129967
1342163116667318273,negative,0.07294918075471754
1342163118676443136,negative,0.10260268713683236
1342163121276858376,negative,0.04326749920868208
1342163121889275904,negative,0.010822551755000468
1342163125697736705,negative,0.0017544270121222598
1342163126481907718,negative,0.039503114496175024
1342163126507216896,negative,0.15118322322665015
1342163126519783426,negative,2.07590980791809e-06
1342163126553174018,negative,0.039304667579750575
1342163126561558529,negative,9.393122937178041e-07
1342163126590959616,neutral,0.553433470948966
1342163126624673792,positive,0.7167934233610016
1342163126641422336,negative,0.00016121007189454819
1342163126649716737,negative,0.10366211116568073
1342163126687428608,negative,0.007270571981693395
1342163126695780354,negative,0.1469178705518128
1342163127014715403,negative,1.4221497813932256e-05
1342163128113627136,negative,4.8051477361513075e-05
1342163129237712898,negative,4.812327659044969e-05
1342163130214981633,negative,0.006248314451104854
1342163130684727298,negative,0.011385221994763153
1342163131167109122,negative,1.0635852453076857e-08
1342163131544514564,negative,0.2520894720116169
1342163134254084097,negative,5.001696173137159e-06
1342163134912589824,neutral,0.4183154393554291
1342163136116350976,neutral,0.5024549303604945
1342163136137355266,negative,0.011490537435018785
1342163136443527171,neutral,0.37866768635878983
1342163136447619072,negative,0.10126808662385926
1342163136988770306,negative,0.00021150508835675644
1342163137055907848,negative,0.18235937876085212
1342163137085247492,negative,8.375184220867425e-07
1342163137190125569,negative,0.005494377155722335
1342163137546563592,negative,0.049464050477306246
1342163138259660800,negative,5.001696173137159e-06
1342163138767167488,negative,0.0010427729243528215
1342163138972680193,negative,0.13273464211492159
1342163139442446336,negative,0.004300878492222307
1342163139564085251,neutral,0.5953139771580094
1342163139564085254,negative,0.0019756341858169577
1342163140902080512,negative,0.015773583174067275
1342163141971619847,negative,1.0163306598282738e-08
1342163226163879937,negative,0.21065574033669582
1342163226239377408,negative,0.1939751723184478
1342163226675572736,negative,0.051382662168166414
1342163227451535362,negative,0.0012670863247358744
1342163228684521473,negative,0.0004760529356788509
1342163230228176902,negative,0.0002922487043940966
1342163233407266818,negative,0.271155428753468
1342163233583620096,neutral,0.48341419921468926
1342163236636995585,negative,0.04438855616036611
1342163237576581123,negative,0.016784119492779033
1342163237610119169,negative,0.015565404561229668
1342163238730027018,negative,5.001696173137159e-06
1342163240223203329,negative,0.005447757490260875
1342163243909963778,negative,1.5039645466281993e-08
1342163244824358913,negative,0.004551295411253584
1342163245583384576,negative,0.045895758695290854
1342163245726117889,negative,0.0002406228845480384
1342163246703263744,negative,0.0032580438964232438
1342163247806504965,negative,0.0007272054287878583
1342163252277481476,positive,0.8488784103859388
1342163252952895490,negative,0.0008530025052626965
1342163254005665793,negative,0.10976255755842126
1342163254089555970,neutral,0.5495922250151081
1342163255104577536,negative,1.5469440796978952e-05
1342163255586922497,neutral,0.6166747953299241
1342163255846969345,negative,0.009637755493413273
1342163256954204166,negative,0.02556828191413157
1342163257071702016,negative,0.0007929404103188511
1342163258048917506,negative,6.354079939911233e-07
1342163258652897282,negative,0.059151179956913824
1342163260007534592,negative,0.09130636050496427
1342163260175486976,negative,0.0002128052156615505
1342163260406116352,negative,0.00013193739814961717
1342163261186183169,negative,1.416564665585408e-05
1342163261794504707,negative,2.4146718285100685e-05
1342163261807067143,negative,1.2137587316032155e-05
1342163262415241217,positive,0.7582986655538624
1342163263027556352,negative,0.23892579260418803
1342163263111516162,negative,5.001696173137159e-06
1342163263149076480,negative,0.06018588671182696
1342163264512389120,negative,5.001696173137159e-06
1342163265816821762,negative,0.0005948837240789788
1342163267565846538,negative,4.314079357427938e-06
1342163268513611776,negative,8.515087045096324e-06
1342163268899581955,negative,0.04136310721017809
1342163269918875649,negative,5.001696173137159e-06
1342163273844576257,negative,1.0874335664988332e-05
1342163274054447104,negative,0.12256090127069341
1342163275941773312,negative,0.002558658634106443
1342163276487131138,negative,0.15237137935820858
1342163276885614594,negative,0.029203210981328283
1342163282904363009,negative,0.007200527710598407
1342163285081264130,negative,0.11705960195381153
1342163285148397570,neutral,0.49789225920557484
1342163286972837888,neutral,0.468420509481904
1342163287908216832,negative,8.885466562234789e-05
1342163287996248064,negative,0.001496448231631401
1342163288331849728,negative,0.004551295411253584
1342163289543852038,negative,1.2429566536550905e-08
1342163289950838784,negative,0.00741627213827822
1342163290651320320,negative,7.8964593116111e-10
1342163290701651976,negative,0.0001457299985774119
1342163291930566657,negative,0.00010326387428079109
1342163292010151936,negative,6.645090746370066e-05
1342163292714917889,negative,0.000725745494711989
1342163292865892353,negative,0.02329323645236039
1342163293398511618,negative,0.00018365901175665224
1342163293503451139,positive,0.9886393883365743
1342163294631690240,negative,7.382731725420572e-05
1342163296405880836,negative,0.12271477268588485
1342163297110470657,negative,0.1085503973787632
1342163297152466947,negative,0.005447757490260875
1342163297634721792,negative,0.0002909386617963673
1342163298289070084,negative,0.04474230305208095
1342163298637279232,negative,0.0069571137892871044
1342163303603306496,negative,5.001696173137159e-06
1342163304299507712,negative,5.001696173137159e-06
1342163305121636353,negative,1.7495958151899684e-10
1342163305595629576,negative,0.04886906873283967
1342163305897492481,negative,0.00020491577436213102
1342163305952129025,negative,0.001496448231631401
1342163306593792004,negative,0.000602545142267206
1342163310687481857,negative,0.07174543220145047
1342163310725263362,negative,0.0022050339753549894
1342163311631196161,negative,0.011538404096376137
1342163312021266432,negative,0.0012162032144070448
1342163312084021249,negative,0.00627211178932843
1342163312289705984,negative,5.001696173137159e-06
1342163312314888197,negative,0.02312814423556466
1342163312860131339,negative,2.7987709013128635e-06
1342163313208270848,negative,0.06956460208956743
1342163313963102208,negative,0.0010427729243528215
1342163314172981248,negative,0.0007929404103188511
1342163315439656961,negative,0.0007929404103188511
1342163316349816834,neutral,0.44846293211155425
1342163317071208452,negative,0.31593303047926535
1342163319067729920,negative,0.067343414128582
1342163319763951617,negative,0.01901656117934125
1342163319923372032,neutral,0.48688815916333483
1342163320036597764,negative,0.16423193959161045
1342163322209263616,neutral,0.6166747953299241
1342163322356031488,negative,2.423401663971859e-08
1342163323865853953,neutral,0.47960041475486676
1342163325648572417,negative,0.01563543576172292
1342163326122553345,negative,0.017365882723385222
1342163326298714113,negative,0.26076950668447035
1342163326323879939,negative,0.07030278133227762
1342163327410077697,negative,1.6734281074416479e-10
1342163327678636033,negative,0.011435503213382655
1342163328349704194,negative,0.23511723330628345
1342163329431822338,negative,0.14192462298777708
1342163330539130880,negative,0.09640323611645361
1342163330723696640,negative,7.266009469157855e-08
1342163330761416704,negative,0.0037369220734476947
1342163332682362883,negative,0.0031650076977924125
1342163333194117126,negative,0.004300878492222307
1342163333659693058,negative,0.056064655995890535
1342163333709877249,negative,0.021832781444602187
1342163333861007362,negative,0.0010215966909340782
1342163334683127809,negative,0.0003408899772122259
1342163335731675136,negative,0.006248314451104854
1342163336138530816,negative,0.0010388384586061433
1342163336851554305,negative,0.0517814972521364
1342163336952045568,negative,0.0006618755121295592
1342163337375862792,negative,2.3064460375229112e-06
1342163340655779840,negative,5.001696173137159e-06
1342163341662420992,negative,0.017286836009129967
1342163341712781314,negative,2.6331628840232496e-05
1342163342723584003,negative,0.004551295411253584
1342163342786490368,negative,0.02162696759671068
1342163343524638721,neutral,0.5734576952979002
1342163346238398465,negative,0.0003361366704521218
1342163346439757826,negative,0.004551295411253584
1342163347026882560,negative,7.634114596068347e-05
1342163348113092608,negative,0.0517814972521364
1342163349509959681,negative,0.005675428534715609
1342163349660954625,neutral,0.48418461160629006
1342163354442485763,negative,0.004509915308160731
1342163354572509185,negative,0.11870504339496742
1342163354681548801,negative,5.001696173137159e-06
1342163354815614976,negative,0.0010427729243528215
1342163355176497153,neutral,0.33623359787652535
1342163356015349760,neutral,0.539512684843449
1342163356506054659,negative,0.023075944015281635
1342163356870959107,negative,0.004551295411253584
1342163356954763264,neutral,0.40862129855656426
1342163357365907458,negative,0.0019756341858169577
1342163357416235008,negative,0.0003783443531844595
1342163357995061249,neutral,0.3358218310945649
1342163359370797064,negative,0.00012449322734899455
1342163360830394371,negative,5.001696173137159e-06
1342163362663301121,neutral,0.42755866745518784
1342163362893979656,negative,0.004300878492222307
1342163365087461377,negative,0.0517814972521364
1342163366157103104,negative,0.0010427729243528215
1342163412244033538,negative,0.06640051744579871
1342163412269359104,negative,0.002745298738113449
1342163413007544323,negative,0.009866266116568934
1342163415062740992,negative,0.10580264249769988
1342163416333615104,negative,5.417317891545942e-06
1342163416627245059,positive,0.9243280120221552
1342163416883068931,negative,0.0076793701300136175
1342163417659039746,negative,7.00250507263009e-05
1342163418783084544,negative,0.13427707006181466
1342163418837635075,negative,0.0044890028890565235
1342163419454205956,negative,0.13997518181407745
1342163422046281728,neutral,0.44193049347687885
1342163422146949123,negative,0.002445889631457031
1342163422365052929,negative,0.06385060117274502
1342163422675410947,negative,0.005058963611082928
1342163423027716099,negative,0.00849309960577442
1342163423317159940,negative,0.04484789677779327
1342163423526875140,negative,0.003008466651618773
1342163424697053187,neutral,0.43260222265823806
1342163424734810112,negative,0.004415653525374294
1342163425825316864,negative,2.6535059355684555e-12
1342163426659983361,negative,5.001696173137159e-06
1342163429684092930,negative,0.1689700409969571
1342163429826686978,negative,0.01134549386508421
1342163430850113539,negative,0.003998427261181163
1342163431022071811,negative,0.001095849295524466
1342163432766926849,negative,0.005690555835752746
1342163432972365825,negative,2.5316175646160205e-09
1342163434704687106,negative,0.26076950668447035
1342163434775916547,negative,0.006868766172223446
1342163435962822656,negative,0.021832781444602187
1342163436281729026,negative,0.004054375359108978
1342163436994752515,neutral,0.42755866745518784
1342163437326053378,negative,5.001696173137159e-06
1342163437556617218,neutral,0.4619741558880597
1342163437745565699,negative,0.0017544270121222598
1342163439100317703,negative,1.7323294216916218e-05
1342163439767191557,negative,0.015810689573505066
1342163439855284226,negative,0.004551295411253584
1342163439947538432,negative,0.004551295411253584
1342163441503657985,negative,0.26076950668447035
1342163445781852160,negative,0.0002755830172568149
1342163446406799361,negative,0.00014062804383919243
1342163446884872200,negative,0.13542380306105617
1342163447912554496,negative,5.001696173137159e-06
1342163448713646086,neutral,0.553433470948966
1342163448843677700,negative,0.0001624529913185726
1342163449393065984,negative,5.164245361353987e-13
1342163449657364480,negative,5.001696173137159e-06
1342163449862733825,negative,1.5079065036216173e-15
1342163451876147205,negative,0.0517814972521364
1342163453893554177,negative,5.001696173137159e-06
1342163455663616000,negative,0.0009443877782714312
1342163456951263232,negative,0.022964716368658107
1342163457433600000,negative,0.06214781666365723
1342163458427662336,negative,0.008285294134682705
1342163458918408192,positive,0.9981102988981992
1342163459925028875,negative,2.7756514013349993e-09
1342163460180877314,negative,0.0009609096913466907
1342163460247986176,negative,0.004300878492222307
1342163461061681152,negative,0.004379338901025348
1342163462403870720,negative,0.03379136665715118
1342163462429007876,negative,5.001696173137159e-06
1342163462840053764,negative,0.08437613153631827
1342163467080511492,negative,5.001696173137159e-06
1342163467386679297,negative,7.548841920217413e-06
1342163467541864448,negative,0.23892579260418803
1342163467646726145,positive,0.6850770058699224
1342163467860635648,negative,0.0002038159734407014
1342163468149919744,negative,0.16186416659669633
1342163469920043009,negative,0.009866309110518985
1342163470653947906,neutral,0.3418980862760095
1342163471878774789,negative,0.005058963611082928
1342163472013012995,negative,5.001696173137159e-06
1342163473015468034,negative,0.09310380484422724
1342163474613415944,negative,0.002745298738113449
1342163474961608705,negative,0.13279882133631699
1342163475808854017,negative,0.0031023963934914273
1342163477369122816,negative,0.2385370164999196
1342163478069604354,negative,0.11870504339496742
1342163478384156672,negative,1.8254139444135224e-06
1342163479696912384,negative,0.023075944015281635
1342163479881519111,negative,0.20367421975842195
1342163481836072964,negative,0.24880802496813487
1342163482117083141,negative,0.011538404096376137
1342163482532179968,negative,0.09002231983753586
1342163483304067074,negative,0.03862794139167232
1342163484159717376,negative,0.20432965143997953
1342163484214235138,negative,0.023075944015281635
1342163484214243330,negative,0.1823295894488159
1342163485652869126,negative,0.005732601629710505
1342163485719986176,negative,0.007821215672267302
1342163485979885569,negative,0.0006618755121295592
1342163486030368770,negative,0.009349569406800798
1342163486068137984,negative,0.023075944015281635
1342163488639246337,negative,0.006248314451104854
1342163489209671682,negative,0.004300878492222307
1342163490228809733,negative,0.1322950428390785
1342163490740514817,negative,0.023073169371853518
1342163490933518337,negative,0.02663692757808793
1342163491143229440,negative,0.053377964796942075
1342163491994664960,negative,0.3195796750813212
1342163491998883842,positive,0.8488784103859388
1342163492359598080,neutral,0.44793116771268626
1342163492980318209,negative,0.003566906859200871
1342163497015242753,negative,0.07638436161136836
1342163498269372423,negative,0.0649409937485363
1342163498403569674,negative,0.17936937691063232
1342163498818744320,negative,0.15271553536348137
1342163500098088962,negative,0.023075944015281635
1342163500140011520,negative,0.32068088831224084
1342163501058568192,negative,0.2828136932208214
1342163501159243776,negative,0.31035044704139475
1342163501280710657,negative,0.011517839039555198
1342163502606254081,negative,7.30774934935384e-05
1342163503453515777,neutral,0.5495922250151081
1342163504913068032,negative,6.354079939911233e-07
1342163504955060225,negative,0.18898952086545473
1342163506695692290,negative,0.004300878492222307
1342163507685502978,negative,0.30975103832962125
1342163509254225920,negative,0.00741627213827822
1342163509421944832,negative,8.066879047642816e-06
1342163510684504065,negative,7.30774934935384e-05
1342163511175217153,positive,0.999973618759607
1342163512429305863,negative,2.6551873154995943e-06
1342163514207727616,negative,0.0069571137892871044
1342163516451483649,negative,0.0031023963934914273
1342163517064019972,negative,7.279777833303868e-06
1342163517101776901,negative,0.0017515619581870306
1342163517206650881,negative,0.13997518181407745
1342163518402015233,negative,0.006017101707427884
1342163518930497536,neutral,0.6118548037974264
1342163522071965699,negative,0.005557068525823104
1342163522239655936,negative,0.009320282918774387
1342163522982174728,negative,0.0598838203698199
1342163523435069440,positive,0.9845644697550272
1342163524060123137,negative,0.18459858958932926
1342163524764774400,neutral,0.4799681435772251
1342163525045792770,negative,0.011538404096376137
1342163526404747264,negative,0.07643409622375173
1342163526685700101,negative,0.15630830276745175
1342163526924836866,negative,0.013566272922048872
1342163527004528640,negative,0.25876572028010025
1342163528380272640,negative,0.05491493816245244
1342163528967364608,negative,0.16423193959161045
1342163529542066182,negative,0.0069571137892871044
1342163529718181894,negative,0.3205746300160878
1342163531819601921,negative,0.001043457913092297
1342163532545224707,negative,0.00741627213827822
1342163532914290689,negative,0.1258285199032784
1342163533321150464,negative,5.001696173137159e-06
1342163533597970434,negative,0.17936937691063232
1342163534025777152,negative,0.004551295411253584
1342163535397269506,negative,0.027244113237019852
1342163535984521223,neutral,0.4759078372871333
1342163537259606016,negative,0.001899547308491881
1342163539646152705,negative,8.515087045096324e-06
1342163539809734656,negative,0.0010427729243528215
1342163541202251776,negative,0.28169215834727784
1342163541487460353,negative,0.0007929404103188511
1342163542011744257,negative,0.15237137935820858
1342163543873957888,negative,0.003433871264966067
1342163544557674496,negative,0.0004760529356788509
1342163544951848961,negative,0.03246128932462553
1342163546822615041,negative,0.04214392129601202
1342163547460149249,negative,5.001696173137159e-06
1342163548621971457,negative,0.0005756424541062697
1342163550249353221,negative,0.007648442160344003
1342163550995943425,negative,0.0021889674066325345
1342163551339876352,negative,0.0019756341858169577
1342163554380742656,negative,5.001696173137159e-06
1342163554447843328,negative,0.17069728247034885
1342163554884050948,negative,0.005129013741894525
1342163555454488578,neutral,0.43090346618560466
1342163557211844608,negative,5.001696173137159e-06
1342163557660688394,negative,0.006334789051235034
1342163557740404736,negative,0.03246128932462553
1342163558860267525,negative,0.009320282918774387
1342163561112592388,negative,5.5095024166196374e-05
1342163561599164416,negative,0.05609717185318521
1342163561691439110,neutral,0.45473553983303877
1342163562513489922,negative,0.017840404156025128
1342163563268501510,negative,1.3394147845721967e-13
1342163563524329481,negative,0.04668869569348924
1342163564031856645,negative,5.001696173137159e-06
1342163564732231681,negative,2.161861532786305e-07
1342163564770062336,negative,0.028117818745070258
1342163566195970051,negative,0.04329948809938995
1342163566670000131,negative,0.027804090872741338
1342163568926613506,negative,0.13997518181407745
1342163570994372608,negative,0.014921409828964609
1342163573846536192,negative,0.0012013520578370701
1342163574450507777,negative,0.07643409622375173
1342163575029129218,negative,0.011490537435018785
1342163575444529152,negative,0.00037485137414409455
1342163576803491841,negative,0.0010096761441812407
1342163576887386112,neutral,0.3307304831697727
1342163576946122753,negative,5.001696173137159e-06
1342163577361346567,negative,2.5987155852303245e-05
1342163578200215553,negative,0.008556670548331254
1342163580741935105,negative,3.4332163967820054e-07
1342163580905373696,negative,0.04329948809938995
1342163581194956802,negative,0.0011187109817168892
1342163599536619522,negative,0.021058014687670414
1342163600236941312,negative,0.04484789677779327
1342163601193316352,negative,7.752397453526626e-05
1342163601696706560,negative,0.005058963611082928
1342163601726074888,negative,0.011538404096376137
1342163601960923140,negative,3.142822654108156e-05
1342163603185684481,negative,0.0004760529356788509
1342163606155243523,negative,0.057353640512809716
1342163606343970817,negative,3.792379489848801e-05
1342163606910201856,negative,0.00031284106238320397
1342163607195426817,negative,8.515087045096324e-06
1342163607497400323,negative,1.6734281074416479e-10
1342163608239812617,neutral,0.6012826731469048
1342163609024143361,negative,0.14828405948701914
1342163609166770177,negative,0.00099978708095354
1342163610055946242,negative,0.008089245213326718
1342163610227924994,negative,0.004942349088105604
1342163610483777538,negative,0.0025570592608791898
1342163614313177089,negative,3.792379489848801e-05
1342163615357562881,negative,5.001696173137159e-06
1342163615663738881,negative,0.28169215834727784
1342163615907016704,negative,0.21047953907773329
1342163616322215936,positive,0.8295278964499103
1342163616364113921,negative,0.034524000993356084
1342163616401862657,negative,0.0007272054287878583
1342163616527769600,negative,1.8449266627376572e-05
1342163616871686144,neutral,0.43476015795637407
1342163617265954816,negative,0.002745298738113449
1342163618553618433,negative,0.0006618755121295592
1342163618947878912,negative,0.001042820755173689
1342163619681886211,negative,0.023075944015281635
1342163620747239425,negative,5.001696173137159e-06
1342163620860456968,negative,0.11042890243943018
1342163620935954432,negative,0.30396949356940606
1342163624551469056,positive,0.6691262784899221
1342163624601726979,negative,0.1571079350448899
1342163626325491712,negative,0.00015438390809899833
1342163626594086913,negative,0.0019756341858169577
1342163626975752200,negative,0.006334789051235034
1342163628116598784,negative,0.009558899156894143
1342163628481536001,negative,0.0001690060164897966
1342163629295153152,negative,0.23892579260418803
1342163629773385730,negative,0.0014313438979348828
1342163629840465920,negative,0.00022960928724880428
1342163630809346051,negative,4.5002123289073615e-08
1342163630972923911,neutral,0.48728019602140255
1342163631144906752,negative,0.05117885913529335
1342163632998723585,negative,5.001696173137159e-06
1342163634105929728,negative,0.014921409828964609
1342163635494416384,negative,8.515087045096324e-06
1342163636169699331,neutral,0.42917751334538623
1342163636274528257,positive,0.7560908973998467
1342163636572327937,negative,0.0027304206338845537
1342163636979195904,negative,0.11466625151158899
1342163638401060864,negative,0.042901513471752355
1342163638409449473,negative,7.8964593116111e-10
1342163640791797761,negative,0.02329323645236039
1342163642247069701,neutral,0.40607312888978464
1342163644897882113,negative,0.0009303077126836922
1342163645577523201,negative,0.02134797803875127
1342163646382829568,negative,0.13997518181407745
1342163646600912898,negative,0.0012446538676262606
1342163646760308745,negative,8.515087045096324e-06
1342163647766941700,negative,0.0005513534658065328
1342163648089874432,negative,0.25859321333047897
1342163648115077123,negative,0.07232729171951607
1342163648240877569,negative,1.4690436345728733e-05
1342163648907763715,negative,7.548841920217413e-06
1342163650208010243,negative,0.0007929404103188511
1342163650451279874,negative,0.09640323611645361
1342163651017506817,negative,0.06604380119047798
1342163653160792065,negative,7.71280294293051e-05
1342163653223657480,negative,0.004551295411253584
1342163654209376262,negative,5.001696173137159e-06
1342163654972727298,negative,7.8964593116111e-10
1342163655262150658,negative,0.001653399589940495
1342163655966777345,negative,0.0069571137892871044
1342163656793092096,neutral,0.5860520381422698
1342163657149464578,negative,0.0004760529356788509
1342163657220907008,negative,0.18016715323309396
1342163661398421505,negative,2.8938702863454633e-05
1342163663336177670,neutral,0.5324774894687032
1342163663419891712,negative,0.0517814972521364
1342163663734644738,negative,8.238216303354794e-05
1342163665659768834,negative,0.18258183392746283
1342163667287203845,negative,0.006248314451104854
1342163667886997505,negative,0.0069571137892871044
1342163668235124736,negative,0.023110450519751847
1342163670755811328,negative,0.0001109388162687691
1342163671011753992,negative,0.005363906578824478
1342163671171129345,negative,0.037394154592628376
1342163673612214274,negative,0.004042139132955305
1342163674228776961,negative,0.004551295411253584
1342163675084427265,negative,0.0001265234641863068
1342163675436773376,positive,0.8831142482536367
1342163676476944384,negative,0.09799595414052784
1342163676569206784,negative,0.024694100878818438
1342163678012039169,negative,0.05838581172579735
1342163679605886976,negative,9.026271740467376e-07
1342163727219494914,neutral,0.47960041475486676
1342163727836213253,negative,0.07633362208893953
1342163728918142976,negative,4.742977253926066e-06
1342163729891340290,negative,1.6734281074416479e-10
1342163730889633792,negative,0.23623607322655044
1342163732332503045,negative,0.005537624733762853
1342163733603364864,negative,0.02312814423556466
1342163733959892995,negative,0.21047953907773329
1342163735121690631,negative,0.02831959353919727
1342163736971386882,negative,0.0003648117654818653
1342163737961226241,negative,0.00028219678628922646
1342163738628132867,negative,7.548841920217413e-06
1342163738766487552,positive,0.8011220818985992
1342163739106226178,negative,0.0018360736436814197
1342163739295035392,negative,5.001696173137159e-06
1342163740435873794,negative,0.3205746300160878
1342163741161517057,negative,0.1708638133984952
1342163741299900418,negative,5.001696173137159e-06
1342163744202371078,negative,0.27538537887707226
1342163745162862592,negative,1.4362876395320255e-06
1342163747159363588,negative,2.282326367948192e-11
1342163748275032066,negative,0.02329323645236039
1342163748358926348,negative,0.2439494271228286
1342163748711227393,negative,0.16280582794327256
1342163749227163649,negative,5.001696173137159e-06
1342163750988689409,negative,0.13231197218164184
1342163751269752832,negative,5.001696173137159e-06
1342163753815728129,negative,0.021058014687670414
1342163753954115584,negative,0.009320282918774387
1342163755707363329,negative,7.71280294293051e-05
1342163757225680896,negative,0.004551295411253584
1342163757519265793,negative,0.00230117861691589
1342163757703819265,negative,3.031889283454778e-07
1342163757968084996,negative,0.0007929404103188511
1342163758249078785,negative,0.004551295411253584
1342163761642299392,negative,0.26076950668447035
1342163762078494724,negative,1.2137587316032155e-05
1342163763013824512,negative,4.170575759002582e-07
1342163764167274496,negative,1.302073946276383e-06
1342163764976742400,negative,0.00013200966328905426
1342163765735936008,negative,0.004551295411253584
1342163767321391104,negative,0.0001632917820150821
1342163768273489923,negative,0.0010427729243528215
1342163769988960259,negative,0.16532172419126437
1342163770911678464,negative,0.20432965143997953
1342163773319237635,negative,0.004551295411253584
1342163774778781699,negative,0.07633362208893953
1342163776196530176,negative,0.01613242230301775
1342163776515276801,positive,0.8257304043678096
1342163777182171143,negative,1.5054998089957606e-05
1342163777756798982,negative,0.18459858958932926
1342163778100727816,negative,0.0008465820687265139
1342163780478750721,negative,0.0002406228845480384
1342163783280717826,negative,0.04351116210053477
1342163783284875269,negative,0.1713640047723022
1342163783997927425,negative,6.302021846518978e-14
1342163784044060675,negative,0.002745298738113449
1342163785029713929,negative,0.014233824104601235
1342163786539683843,negative,8.885466562234789e-05
1342163787282051075,negative,0.15674572845480025
1342163787454025744,negative,8.885466562234789e-05
1342163787688898562,positive,0.7968921235270905
1342163787772698624,negative,1.6734281074416479e-10
1342163787881852928,negative,8.515087045096324e-06
1342163788930445314,negative,0.2161378358218266
1342163790419386369,negative,0.004551295411253584
1342163791467982850,negative,0.003184097662408017
1342163794064257026,negative,0.07593748718638854
1342163794261401601,negative,0.03389676136479784
1342163794433343488,negative,0.0010758521268091192
1342163794827636736,negative,5.001696173137159e-06
1342163798132744197,neutral,0.42755866745518784
1342163798724108291,negative,8.515087045096324e-06
1342163799168724992,negative,5.001696173137159e-06
1342163799227437057,negative,0.1939751723184478
1342163800087273473,negative,9.289366611136795e-06
1342163801186164736,negative,0.009960135219808406
1342163801257500676,negative,0.015565404561229668
1342163802352218117,negative,0.00741627213827822
1342163802553348096,negative,2.5687453965454494e-09
1342163802960355329,neutral,0.42919830775866974
1342163803920879616,negative,3.792379489848801e-05
1342163804252200960,negative,0.006853540525886101
1342163804399030274,neutral,0.49789225920557484
1342163804847792128,negative,0.0007929404103188511
1342163805497921538,negative,8.512356470881434e-06
1342163807334854662,negative,0.0444240035608648
1342163807922245632,negative,0.011538404096376137
1342163808467513344,negative,9.905559463377683e-06
1342163808735928321,negative,1.4611692134645227e-05
1342163808777809920,negative,0.04393865770445395
1342163814444371969,negative,5.001696173137159e-06
1342163814503079936,negative,2.386857333506301e-05
1342163814553440261,negative,0.011538404096376137
1342163817598509056,negative,0.003408064879363929
1342163817602506753,neutral,0.44193049347687885
1342163817678172160,negative,0.00026065156441460016
1342163817946636290,negative,5.918182360877845e-06
1342163818001166336,positive,0.9998790083654926
1342163819179560960,negative,8.515087045096324e-06
1342163820681326593,negative,0.27538537887707226
1342163821096529920,negative,1.061347875663471e-06
1342163821453053953,neutral,0.42919830775866974
1342163821801172995,negative,0.023075944015281635
1342163821927010305,negative,0.1258285199032784
1342163822853939202,neutral,0.47840844706262076
1342163823306924032,negative,0.12703271384507175
1342163824493916160,negative,0.05528446120294227
1342163824741236741,negative,0.00012999382588466934
1342163824951107584,neutral,0.5017543432377519
1342163825408282624,negative,0.12962009069807864
1342163825785757697,negative,0.003433871264966067
1342163826519654401,negative,0.006720905989338632
1342163829841661953,negative,0.011538404096376137
1342163830764396546,negative,0.12703271384507175
1342163831930433536,negative,0.0011902757213991234
1342163832203075585,negative,4.263510981535506e-05
1342163832219852800,negative,0.0002401815444949692
1342163833243246596,negative,3.792379489848801e-05
1342163833494917124,positive,0.9989522226734899
1342163834132377604,negative,0.06125447232173074
1342163834585419779,negative,0.05528446120294227
1342163835910815745,negative,0.0049918910445004815
1342163835982147585,negative,0.00036698065428222344
1342163836200251392,negative,0.12703271384507175
1342163836367867904,negative,0.01901656117934125
1342163837190090752,negative,0.0029983909628816777
1342163837395607552,positive,0.9988382879713588
1342163837424988163,negative,0.004551295411253584
1342163837810831360,negative,0.021110245661422798
1342163838486126592,negative,3.0226761052548227e-08
1342163838658109440,negative,2.5703492343173393e-05
1342163840428081153,negative,0.00030114872686572847
1342163845352206339,positive,0.8488784103859388
1342163845394083842,negative,0.030934370174119038
1342163847839408128,negative,0.0007685425171385425
1342163851031310338,negative,0.11870504339496742
1342163851362652162,negative,0.01440851203739031
1342163851702366210,negative,0.12703271384507175
1342163851882627073,negative,0.005690555835752746
1342163851937103872,negative,0.07643409622375173
1342163853350756352,negative,0.004551295411253584
1342163854227345409,negative,0.03796884500247603
1342163854483185669,negative,0.0008857452603480243
1342163856269963264,negative,0.0006618755121295592
1342163856567762946,negative,0.13036130171474938
1342163858203365376,negative,4.930170576496687e-07
1342163858228715522,negative,0.0011902757213991234
1342163858346151936,positive,0.7364552304579606
1342163858685890564,negative,0.0517814972521364
1342163859939987456,negative,0.0007929404103188511
1342163860216754176,negative,0.015017121309180724
1342163860573270016,positive,0.6864853079933441
1342163861970030601,negative,0.23892579260418803
1342163862733402116,negative,0.015773583174067275
1342163862800498691,negative,5.001696173137159e-06
1342163863098314752,negative,0.004300878492222307
1342163863106629634,negative,0.0006583846052100694
1342163863547097089,negative,1.4635937090505173e-06
1342163959491735558,negative,0.15237137935820858
1342163961668636674,negative,0.08837709111997515
1342163962603982850,negative,4.440574594787094e-08
1342163962771726338,negative,6.83036060281425e-11
1342163964151607297,negative,5.001696173137159e-06
1342163966357860360,negative,0.000725745494711989
1342163966408216578,negative,0.041007663271044346
1342163967976886272,negative,0.023075944015281635
1342163969688145921,neutral,0.42919830775866974
1342163970896121857,negative,2.6551873154995943e-06
1342163971026116610,neutral,0.4598650020881221
1342163971298783239,negative,0.3195796750813212
1342163973060190216,negative,0.0059250161298649885
1342163973710364672,negative,0.009320282918774387
1342163974377238528,negative,0.0002406228845480384
1342163974528372736,negative,0.0052781769575367295
1342163976264839168,negative,0.0007929404103188511
1342163977414053888,negative,0.15237137935820858
1342163978076753920,negative,0.001899547308491881
1342163978500370432,negative,3.792379489848801e-05
1342163979972599808,negative,0.14621262492287865
1342163982619189249,negative,0.0002406228845480384
1342163982778576896,negative,5.001696173137159e-06
1342163983197990913,negative,2.4825512053380956e-08
1342163983760039936,neutral,0.3499352441185855
1342163984552747008,negative,1.6734281074416479e-10
1342163985320304645,negative,0.025551525660264952
1342163986989674496,negative,0.006720905989338632
1342163987350384640,negative,0.022350338447124998
1342163988155662336,negative,0.08516955974410369
1342163990236041218,negative,7.540924403982341e-19
1342163990407950336,negative,0.003491491919924281
1342163990999429120,negative,0.01437903078328581
1342163991192330242,negative,0.0047559176899594525
1342163991959891969,negative,0.13997518181407745
1342163992689713152,negative,0.26076950668447035
1342163993792806914,negative,0.0010174342649170258
1342163999186694145,negative,2.7150729097281463e-05
1342164001166413825,negative,0.15237137935820858
1342164001279651846,negative,0.008285294134682705
1342164002714103809,negative,0.07264730063574693
1342164005390057472,negative,0.005557068525823104
1342164005914292226,neutral,0.3455114024121016
1342164006577053696,negative,5.001696173137159e-06
1342164008078606337,negative,5.001696173137159e-06
1342164009240375299,negative,5.001696173137159e-06
1342164009689165824,negative,0.045595187055014544
1342164010695843841,negative,0.16428066903453026
1342164010725216258,negative,0.17423625403842935
1342164010725240834,negative,0.0001457299985774119
1342164011945639936,negative,8.515087045096324e-06
1342164012235173892,negative,0.03965214183758163
1342164014244261889,negative,0.0517814972521364
1342164015347347458,negative,0.0006618755121295592
1342164016425267208,negative,5.001696173137159e-06
1342164019399061506,negative,8.515087045096324e-06
1342164019491139584,negative,0.052948011942464554
1342164019692462082,positive,0.7016816300428915
1342164019797491712,negative,0.000725745494711989
1342164021311660034,negative,0.21047953907773329
1342164022645432320,negative,5.001696173137159e-06
1342164023169536001,negative,0.27538537887707226
1342164023836553229,negative,0.0287513963923217
1342164024050540546,negative,0.004632475023634773
1342164024067239939,negative,0.03796884500247603
1342164028034961410,negative,0.0517814972521364
1342164029658312705,negative,3.166445534007909e-05
1342164030237143043,negative,0.00301589689548913
1342164030455222275,negative,0.18459858958932926
1342164034930536449,negative,9.026271740467376e-07
1342164035752632321,negative,0.011538404096376137
1342164037761691648,negative,1.2302268334055344e-05
1342164038009167873,negative,0.004551295411253584
1342164038030159872,negative,7.382731725420572e-05
1342164042035515393,negative,7.644579842483145e-05
1342164042211704838,negative,1.6734281074416479e-10
1342164042283167745,negative,0.003433871264966067
1342164044615217154,negative,0.01547177729496574
1342164045156265989,negative,0.006248314451104854
1342164047400198144,negative,5.001696173137159e-06
1342164149296631811,positive,0.9957298887705218
1342164151116963840,negative,0.06578030369165593
1342164151137837057,negative,0.0010427729243528215
1342164151330889729,negative,0.21047953907773329
1342164152110878721,neutral,0.6330685137757808
1342164153146945540,negative,0.045595187055014544
1342164153469906944,negative,0.0007929404103188511
1342164153927163906,negative,0.011538404096376137
1342164154111635457,negative,0.00017756799559818915
1342164154841509890,neutral,0.5119487018188897
1342164154979913729,negative,0.023075944015281635
1342164154996633600,negative,0.006472350251377864
1342164155663609858,negative,0.05270848793315535
1342164156011655168,negative,0.02924162324464547
1342164158435844097,negative,8.515087045096324e-06
1342164158905782272,negative,0.07643409622375173
1342164160000512002,negative,0.019817407866100388
1342164161128660995,negative,0.27538537887707226
1342164162953166848,negative,0.030183439727476245
1342164163611734017,negative,7.997641696759673e-08
1342164165658628098,negative,0.04652373124361323
1342164166723907584,negative,0.0012514355907625692
1342164167587983362,negative,0.0022041068911777435
1342164168615600128,negative,8.515087045096324e-06
1342164170016493573,negative,0.05717982735282186
1342164170343645184,negative,5.001696173137159e-06
1342164171480125441,positive,0.9655485008747855
1342164173711699969,negative,0.0007929404103188511
1342164175641055239,negative,1.4702682496435524e-09
1342164175892729857,negative,0.005447757490260875
1342164177146818563,positive,0.8011220818985992
1342164177675288578,negative,0.0004959955619609795
1342164180443537409,negative,0.1437549869102453
1342164182289014787,negative,4.101021112169484e-06
1342164182591012871,negative,0.02796790853031821
1342164183060770816,negative,0.008164025283331013
1342164184130322433,negative,0.023075944015281635
1342164184251953152,neutral,0.3391822971727391
1342164185749336064,negative,0.17936937691063232
1342164186789523456,negative,3.142822654108156e-05
1342164187401789442,negative,0.2990677891813035
1342164188727300097,negative,0.0015451923057908153
1342164188827967490,negative,0.09292162564890685
1342164189360615428,negative,6.17938220872769e-05
1342164190069469184,neutral,0.36297113185134144
1342164190270803968,negative,5.001696173137159e-06
1342164190421803009,negative,0.01425721355883691
1342164191273234432,negative,5.922552824876092e-06
1342164192745426945,negative,0.020662502153600684
1342164193429086209,negative,0.011386771245539605
1342164193584275463,positive,0.8488784103859388
1342164194465107968,negative,0.3229577642643764
1342164194590863361,negative,0.04733189936611493
1342164195647877123,negative,0.1981704486920887
1342164196709044224,negative,0.0021713546244954696
1342164198608891904,negative,0.014921409828964609
1342164200110632961,negative,0.026279499680942904
1342164200941092871,negative,0.0005081877856618667
1342164202950168577,negative,0.05373020492671784
1342164203055042564,negative,0.0401042570460938
1342164203164073984,negative,5.001696173137159e-06
1342164203541561354,negative,0.0048275825565014694
1342164205240266755,negative,0.004551295411253584
1342164205290577921,negative,0.14073610657034286
1342164206989291520,negative,0.011151314030245
1342164207677149185,negative,0.00741627213827822
1342164211791704066,neutral,0.4663917579447527
1342164211846279168,negative,0.00601028684601066
1342164212475453441,negative,0.09640323611645361
1342164212882284545,negative,0.0008856793497086827
1342164213112967169,negative,0.007810595386911567
1342164213964402690,negative,0.27538537887707226
1342164214614544393,negative,0.27538537887707226
1342164215726010369,negative,0.1902612305256761
1342164216611008512,negative,0.0007908390501430602
1342164218339061760,negative,0.0010427729243528215
1342164220654350336,negative,0.29150453131543796
1342164220662611968,negative,0.004525769282164
1342164220662722564,negative,0.045595187055014544
1342164221463851010,negative,0.008566861788800222
1342164222092988416,negative,5.001696173137159e-06
1342164222285905925,negative,0.14192462298777708
1342164222696955907,negative,0.023542162055844622
1342164223149936641,negative,0.0016784529983389434
1342164223556800512,positive,0.9307239556531988
1342164226618650624,negative,0.11456597163922502
1342164227151319040,negative,0.03796884500247603
1342164228212477952,negative,5.547586483555178e-06
1342164229546192902,negative,1.6082235638356753e-16
1342164231043612673,negative,0.030183439727476245
1342164231152668672,negative,5.001696173137159e-06
1342164231379181571,negative,0.0069571137892871044
1342164346273673216,negative,0.0010427729243528215
1342164346936434689,neutral,0.33623359787652535
1342164347292938241,negative,0.0069571137892871044
1342164347305549824,negative,0.0002755830172568149
1342164347653599232,negative,0.011490537435018785
1342164348140056576,negative,0.14192462298777708
1342164348475748359,negative,5.001696173137159e-06
1342164349616586757,negative,6.852982559205675e-05
1342164353848639490,negative,0.015773583174067275
1342164354012237826,negative,0.0009268291998292341
1342164354293243909,negative,0.001833759294142181
1342164354721062923,negative,2.8938702863454633e-05
1342164355601805312,negative,0.0004760529356788509
1342164356142936071,negative,3.76268993323485e-05
1342164356293914626,negative,5.001696173137159e-06
1342164356432326659,negative,0.0006890247013791343
1342164356533022720,positive,0.9475774343385356
1342164356583325702,negative,5.001696173137159e-06
1342164356755304449,negative,2.8684645214354144e-06
1342164357015339008,negative,0.18603610800603504
1342164357610876929,negative,0.12962009069807864
1342164357833220097,negative,0.011017388323203009
1342164359733100544,negative,0.014921409828964609
1342164360253288449,negative,1.3093282186755763e-10
1342164361335472130,negative,0.0009443877782714312
1342164362010759170,negative,0.00013200966328905426
1342164362849562625,negative,5.207576800080297e-06
1342164363948519424,negative,0.00012758256285958248
1342164365840039936,negative,0.18543234769735967
1342164366418972677,negative,5.001696173137159e-06
1342164367568220161,negative,6.931048472325273e-08
1342164369149407232,negative,0.02110438221067509
1342164370042847239,negative,5.001696173137159e-06
1342164370739126272,negative,0.14192462298777708
1342164371208810497,negative,0.012376378919967288
1342164373318619137,negative,0.12271477268588485
1342164373486370819,negative,7.548841920217413e-06
1342164374027440136,negative,5.121154846943292e-07
1342164374597890049,negative,0.13997518181407745
1342164375080214530,negative,0.0028623863759472895
1342164375747112960,neutral,0.398180521791012
1342164376317517824,negative,5.001696173137159e-06
1342164377546481664,negative,0.008616350707852456
1342164379316453376,negative,1.6734281074416479e-10
1342164380985733121,negative,0.2545235238080379
1342164381459763205,negative,0.11705960195381153
1342164382449606659,negative,0.03796884500247603
1342164384852946944,negative,0.2721534010482656
1342164384898904064,negative,0.12814258864950143
1342164384970375168,negative,0.11395987743648485
1342164384978771968,negative,0.00951999334391772
1342164385028919296,negative,0.0012710875012783098
1342164385062670337,negative,0.27824372462739194
1342164385096216580,negative,0.19821249189705553
1342164385112838145,negative,1.7137777691369465e-06
1342164385217851392,negative,0.0401356943437096
1342164386270609409,negative,9.080906825618829e-05
1342164386560020488,negative,0.002745298738113449
1342164388900384769,negative,0.005447757490260875
1342164389101629441,negative,0.14621262492287865
1342164389164503041,negative,1.6734281074416479e-10
1342164389688991745,negative,7.8964593116111e-10
1342164391861612544,neutral,0.42755866745518784
1342164392285245441,negative,8.515087045096324e-06
1342164394285916161,negative,5.001696173137159e-06
1342164394638274560,negative,0.03796884500247603
1342164395518902273,negative,0.08931026394467417
1342164396961910784,negative,0.056064655995890535
1342164397029007361,negative,0.01116964844671827
1342164397276463106,negative,0.21047953907773329
1342164397347622912,neutral,0.48728019602140255
1342164397515530241,negative,0.13997518181407745
1342164398023061505,positive,0.9685034134821003
1342164400313004033,negative,0.00032665563058490517
1342164401042939905,negative,0.00363036381272472
1342164404004134914,negative,0.027083950002352537
1342164404155006977,negative,0.015565404561229668
1342164404754735106,negative,0.07643409622375173
1342164406252285960,positive,0.9582814969084437
1342164406386491394,negative,0.0069571137892871044
1342164408403972097,negative,0.03246128932462553
1342164408772960256,negative,0.012883691973359066
1342164408953409536,negative,0.22372026910309062
1342164410316558336,negative,1.5058233233793203e-08
1342164410958290945,negative,2.0612641893712385e-12
1342164412141023236,positive,0.7831646856026168
1342164412325646339,negative,0.0701500009328868
1342164413046947841,negative,1.6734281074416479e-10
1342164413957222401,negative,0.09517729565078356
1342164415442006017,negative,0.009001134571603201
1342164416016437250,negative,0.07270947040578218
1342164417358798848,neutral,0.41854297652267974
1342164417497223173,negative,0.008572234771691742
1342164515870437382,negative,0.24257851552935902
1342164518449905665,negative,0.03573274266284184
1342164519439765505,negative,0.006248314451104854
1342164520144404486,negative,0.019342502183944912
1342164520484155395,negative,0.0366177688259678
1342164520744198148,negative,0.2857530321859755
1342164520840654850,negative,0.09640323611645361
1342164520874233858,negative,1.6131913491639948e-06
1342164524129001474,negative,8.313822861040292e-07
1342164524212908033,negative,0.029094994177504198
1342164525697654787,negative,0.0009443877782714312
1342164528159731714,negative,6.8681148545507e-11
1342164528906215424,negative,1.6734281074416479e-10
1342164528944078850,negative,5.001696173137159e-06
1342164529199730688,negative,0.011490537435018785
1342164530047164420,negative,0.0005066308375100843
1342164530097508352,negative,8.515087045096324e-06
1342164531812966406,negative,0.06524740720077488
1342164533104812033,negative,0.022694983818317402
1342164533733896192,negative,2.8121648602853244e-05
1342164533805273090,neutral,0.5316624617817726
1342164534375686145,neutral,0.5495922250151081
1342164536057589763,negative,3.8406013268033047e-07
1342164536154054657,negative,5.001696173137159e-06
1342164536904839174,negative,0.015773583174067275
1342164538469343233,negative,0.037147470744235044
1342164539102605312,negative,0.07109062890878029
1342164540843241472,negative,0.001386146724149699
1342164543028473858,negative,0.10113659116386933
1342164544190377984,negative,0.057100421758971884
1342164544362319872,negative,0.3223010394061091
1342164547390611456,negative,0.013549000747233484
1342164548472741897,negative,0.15679584089794424
1342164549684916230,negative,0.25601533715496866
1342164550049800194,negative,0.1422013472976746
1342164550066569218,negative,0.00026665054939810747
1342164553023561729,negative,0.00616571294368267
1342164553644322818,negative,0.011538404096376137
1342164554399285249,negative,0.27538537887707226
1342164555812638720,negative,0.31852778327245684
1342164556337061889,negative,1.6734281074416479e-10
1342164556492267522,negative,0.015459452077076921
1342164556559376385,negative,3.938151404627727e-09
1342164556894904320,negative,0.01729988911823717
1342164557737971715,negative,0.0005396934869937535
1342164557859532802,negative,0.1106637651837584
1342164558023176192,negative,0.006037259747614688
1342164559575056389,negative,5.001696173137159e-06
1342164560858533888,negative,0.07267022087099187
1342164561915301888,negative,0.0014775854351103544
1342164563303821313,negative,7.795601225806901e-05
1342164564801159171,negative,5.207576800080297e-06
1342164565224804353,negative,0.0010388384586061433
1342164566181093383,negative,8.515087045096324e-06
1342164566244007936,negative,0.08643525355322157
1342164568018219008,negative,0.023007781123932855
1342164568156598272,negative,1.2137587316032155e-05
1342164570014674946,negative,6.931048472325273e-08
1342164570081808384,negative,7.6252653638707265e-06
1342164570639659009,negative,0.002155352120474344
1342164571730149376,negative,0.11705960195381153
1342164571755323393,negative,0.12271477268588485
1342164571985948673,negative,0.04705685724395995
1342164572204097540,negative,3.992749921078484e-09
1342164573764218882,negative,0.0032580438964232438
1342164576582987777,negative,0.005058963611082928
1342164579326025734,negative,0.011396967931926296
1342164580806635529,negative,0.016388368539521914
1342164581301563396,neutral,0.4273682507201313
1342164581381074944,negative,0.03478752549107733
1342164581402218497,negative,5.001696173137159e-06
1342164584459857923,negative,0.008566861788800222
1342164585709789187,negative,0.009366623533087502
1342164586192113673,negative,0.04664866983234521
1342164586368278530,negative,0.004551295411253584
1342164587018383360,negative,5.446402952000898e-12
1342164588129824768,negative,0.06524740720077488
1342164588297654278,negative,0.022964716368658107
1342164590113775618,negative,1.5203152740437662e-06
1342164590570975232,negative,0.28107442848733893
1342164590742921237,negative,6.256942625617613e-06
1342164591623618561,negative,0.0002755830172568149
1342164592584241158,negative,0.001095849295524466
1342164592886247426,negative,7.30774934935384e-05
1342164593087492096,negative,0.2681301851464377
1342164593712508938,negative,1.5551177282835754e-10
1342164595188838400,negative,0.002026473830846146
1342164598615629825,negative,0.04326749920868208
1342164599177687052,negative,0.00022161992923456329
1342164599865561092,negative,0.000988296250440084
1342164599987204097,negative,0.0076793701300136175
1342164600926707714,negative,0.001095849295524466
1342164602231136264,positive,0.9404232383506169
1342164602331795460,negative,8.515087045096324e-06
1342164602453446659,negative,0.0048918421386143635
1342164603321647112,negative,7.418013466877979e-06
1342164603644473344,negative,0.0030757382007347575
1342164604302938112,negative,1.9441395056222613e-07
1342164605045329920,negative,0.0009091943971028314
1342164702869286912,neutral,0.4507454498615163
1342164703389372425,neutral,0.5962697303150647
1342164703502454784,negative,0.002745298738113449
1342164705511669765,negative,0.08903241640824605
1342164705662656512,negative,0.0018112395590501407
1342164706837065729,negative,0.009320282918774387
1342164710330920960,negative,0.009320282918774387
1342164710431612933,neutral,0.42755866745518784
1342164712134422528,negative,0.21047953907773329
1342164712973193216,negative,8.515087045096324e-06
1342164713489264646,negative,0.004551295411253584
1342164714395226112,negative,0.007265170212787386
1342164715435401218,negative,0.00669600317272162
1342164715796099074,negative,5.001696173137159e-06
1342164716186165248,negative,0.07726435786683304
1342164720091062275,negative,0.0010775090337683678
1342164720569212928,negative,4.751402883153617e-06
1342164721156415488,neutral,0.5136446707795853
1342164721529737221,negative,0.002745298738113449
1342164722511093762,negative,0.0517814972521364
1342164723761094657,negative,0.01901656117934125
1342164724574793732,positive,0.9845644697550272
1342164726717923330,negative,0.1768880552443879
1342164728425152514,negative,0.0004691427110741071
1342164728622108672,negative,0.2864491387654736
1342164729653907456,negative,0.00849309960577442
1342164729712803840,negative,2.73413468289242e-06
1342164730346135554,negative,0.13997518181407745
1342164731457581056,negative,6.256942625617613e-06
1342164733617692674,negative,0.00802251848619224
1342164734158790661,negative,0.00012779536545811239
1342164736297889792,negative,0.13997518181407745
1342164737484845064,negative,0.019463299758375695
1342164738516660227,negative,8.515087045096324e-06
1342164738839633928,negative,0.015459452077076921
1342164739204534274,negative,0.014035079621906824
1342164739456167943,negative,0.020662502153600684
1342164740806758402,negative,0.02329323645236039
1342164741024788484,neutral,0.5472960823705576
1342164741654016008,negative,0.005447757490260875
1342164743163932672,negative,1.0791046364775854e-13
1342164743474323457,negative,0.2990677891813035
1342164745261080577,negative,0.0004760529356788509
1342164745747656704,negative,0.011538404096376137
1342164745928003584,negative,0.013054365276058626
1342164747718823936,negative,0.0002779868977310397
1342164748960317441,negative,0.0007674235646587523
1342164749157605376,negative,0.11274546250037179
1342164751166500865,negative,0.011490537435018785
1342164751795822598,negative,5.664689077722939e-09
1342164752513044480,negative,0.019082453908448597
1342164752550817799,negative,2.871713590537206e-05
1342164753150566404,negative,5.388796093209902e-13
1342164757030330375,neutral,0.3358218310945649
1342164757122588672,neutral,0.398180521791012
1342164757231632386,negative,5.001696173137159e-06
1342164759454633985,negative,5.001696173137159e-06
1342164760524156937,negative,0.06920209914629036
1342164761161547776,negative,2.7052011470088807e-09
1342164761354579975,negative,1.2302268334055344e-05
1342164762067660800,negative,0.003121316702415719
1342164763032375298,negative,5.001696173137159e-06
1342164764173230082,negative,0.16546652796523376
1342164764500357121,negative,5.001696173137159e-06
1342164766488469504,negative,0.03614878634196049
1342164767608336384,negative,0.05528446120294227
1342164768224849923,negative,0.162937647438966
1342164768904380426,negative,0.003566906859200871
1342164769046994944,negative,3.077994180023094e-06
1342164769579659265,negative,0.027804090872741338
1342164770473070599,neutral,0.3920775259595825
1342164771051749377,negative,5.001696173137159e-06
1342164772465356800,negative,0.06524740720077488
1342164773144731650,negative,0.00669600317272162
1342164773396508675,negative,0.19635195326467503
1342164774034026502,negative,0.0007929404103188511
1342164775170662402,neutral,0.47878153849390703
1342164775694958592,negative,0.001386146724149699
1342164776143777792,negative,0.18119988421987826
1342164776269488129,negative,0.0002755830172568149
1342164776932143104,negative,5.5601123996767136e-08
1342164777645338632,negative,0.26076950668447035
1342164781898190848,negative,0.10970705388797429
1342164783160811522,positive,0.9692456572840757
1342164784154882049,negative,0.003566906859200871
1342164784733687812,negative,0.03389676136479784
1342164784830152705,negative,0.0467228162871656
1342164784968560640,negative,0.12703271384507175
1342164785434161155,negative,0.13787985789853655
1342164786046529536,negative,0.0024753060673292507
1342164786222669824,negative,0.010377180617205195
1342164787317403648,negative,0.13997518181407745
1342164787673837577,negative,8.313822861040292e-07
1342164788420423682,negative,0.002745298738113449
1342164788504309763,negative,0.08209252186055002
1342164789695401984,negative,8.515087045096324e-06
1342164789909475329,negative,1.7499721329366254e-06
1342164789951418371,negative,0.06524740720077488
1342165760597237766,negative,0.15237137935820858
1342165760848916480,negative,0.05373020492671784
1342165760999878659,negative,0.05373020492671784
1342165763113811970,positive,0.7364552304579606
1342165763541630977,negative,0.001095849295524466
1342165764397260804,negative,0.006535410265073141
1342165764925747204,negative,0.08668960442331412
1342165765395509250,negative,0.10829016622451657
1342165765395513346,negative,0.07026508288047041
1342165765441654786,positive,0.9845644697550272
1342165766360207361,positive,0.9433918244099128
1342165766708183040,neutral,0.5630410866502906
1342165768780341249,negative,0.14073610657034286
1342165770118311938,negative,0.27538537887707226
1342165770789388289,negative,0.0010115135809355097
1342165771179483136,negative,0.059389861888662486
1342165771565342724,negative,0.10558357455966537
1342165771649245189,negative,5.001696173137159e-06
1342165772928495625,negative,0.028883334796173155
1342165773587013632,negative,3.792379489848801e-05
1342165774106992640,negative,0.00013200966328905426
1342165776225218560,positive,0.8069820078651387
1342165776313311235,negative,0.007153054313739809
1342165778427039745,negative,0.010904586226465332
1342165779211554821,negative,0.06640051744579871
1342165780322865153,negative,0.051965645189341825
1342165780771835906,neutral,0.3499352441185855
1342165781002543104,negative,0.015773583174067275
1342165781702959104,negative,0.0018560742453737763
1342165782550245376,negative,0.0004760529356788509
1342165783661719552,negative,0.0011902757213991234
1342165785133912065,negative,0.0003239154728240111
1342165786887155719,negative,0.009320282918774387
1342165787021369349,negative,0.3033827040447996
1342165788287856640,negative,0.06253312046317895
1342165788762005506,negative,0.000942675738455971
1342165789965770752,neutral,0.4894886660404289
1342165791396028421,negative,0.00363036381272472
1342165791500890113,negative,7.382731725420572e-05
1342165792146780168,negative,0.0002922487043940966
1342165792562028544,negative,0.27538537887707226
1342165794113925120,negative,0.003737190182664258
1342165794818547713,negative,0.003441918319111806
1342165795116380161,negative,0.009812761995502623
1342165795510644736,negative,5.001696173137159e-06
1342165795829215232,negative,0.011490537435018785
1342165796001349632,negative,3.792379489848801e-05
1342165796945063941,negative,0.031907584679056515
1342165798639562758,negative,0.04668869569348924
1342165798840913922,negative,0.000452863919484582
1342165800392781825,neutral,0.5495922250151081
1342165800648650755,negative,0.0005010559932435082
1342165800971603970,negative,0.21047953907773329
1342165801131012097,negative,0.022625754697685886
1342165802334740483,negative,0.008602997908963812
1342165802712256512,negative,0.27538537887707226
1342165803664289794,negative,0.057100421758971884
1342165804771663875,negative,5.001696173137159e-06
1342165805216264195,negative,8.515087045096324e-06
1342165805773905921,negative,0.01729988911823717
1342165806323478528,negative,0.054893333103969405
1342165807808339969,negative,0.14605708373153972
1342165808114528257,negative,1.475041756485141e-06
1342165809242624000,negative,0.00262912797626171
1342165809813196804,negative,0.00022161992923456329
1342165812577243137,negative,0.06253312046317895
1342165813369790464,negative,0.11020337702386745
1342165814842191872,negative,4.900719270772172e-05
1342165815303528448,negative,7.8964593116111e-10
1342165815379030018,negative,8.885466562234789e-05
1342165816037568515,negative,1.2114722476918681e-06
1342165816675098628,neutral,0.4516164886704671
1342165818034053129,negative,0.00031284106238320397
1342165818038235143,negative,0.0016193562099306867
1342165818789007360,negative,0.0009303077126836922
1342165819715973120,negative,0.06224425739113087
1342165821125103616,negative,0.009500854737984453
1342165821125234689,negative,0.015613360263285258
1342165821423030273,negative,1.747809630704451e-05
1342165822249308160,negative,0.0017933026948777522
1342165822396116993,negative,5.001696173137159e-06
1342165825189502978,negative,0.01069177112903176
1342165826049167361,negative,0.0004760529356788509
1342165826099687424,negative,1.6179854958864554e-05
1342165826552680455,negative,2.0749914239049382e-05
1342165827039219718,negative,0.004551295411253584
1342165829450915840,neutral,0.3374674755446546
1342165829631270918,negative,0.039056616647081696
1342165830042324992,neutral,0.5946143098825308
1342165830780514307,neutral,0.4965447054239883
1342165831560491009,negative,0.007233463205490011
1342165831636164609,negative,0.10430735260108946
1342165831841669120,positive,0.9802382549892867
1342165833057972224,neutral,0.5495922250151081
1342165834077237248,negative,0.03389676136479784
1342165834979016707,negative,0.006269512486118238
1342165836576993283,negative,0.003211445427706195
1342165837273301000,neutral,0.4741808437646564
1342165837361405952,negative,0.017458502117267512
1342165838229598211,negative,0.27538537887707226
1342165838674219014,negative,0.03570982584504299
1342165839101964289,negative,0.15237137935820858
1342165839148154882,negative,0.0069571137892871044
1342165839437418497,negative,0.0013309581222396769
1342165839575969793,negative,1.0418361094110654e-05
1342165840402276352,negative,0.0002807432256407207
1342165841316605957,negative,0.000888824987175458
1342165842599895041,negative,1.6734281074416479e-10
1342165844994916352,negative,0.0011902757213991234
1342165845435424769,negative,0.04886733208755074
1342165847788367873,negative,0.008788495254404166
1342165848765706242,negative,0.11293702114879592
1342165850544025600,negative,0.08618442389580307
1342165850611208194,negative,0.16532172419126437
1342165988058521601,negative,0.15237137935820858
1342165988738019330,negative,4.473347650157299e-05
1342165990398898176,negative,0.0010758521268091192
1342165992445767686,negative,0.02464130693182094
1342165993100075009,negative,0.029368284323673718
1342165994979143680,negative,0.004300878492222307
1342165997969666051,negative,0.028387754637568395
1342165998279995392,negative,0.10097845022021021
1342165998284238849,negative,7.548841920217413e-06
1342165998720307201,negative,0.2676438359255341
1342165998821060608,negative,5.001696173137159e-06
1342165998963728384,negative,0.18543234769735967
1342165999295066114,negative,0.001786767199267522
1342165999370514432,negative,5.001696173137159e-06
1342165999752196098,negative,0.000534724349655612
1342165999768936450,negative,8.515087045096324e-06
1342166000381415425,neutral,0.5316624617817726
1342166000456892416,negative,0.013291458246212402
1342166001119604737,negative,0.0008032429687795962
1342166004043034625,negative,9.783266384143596e-05
1342166006014291969,negative,3.792379489848801e-05
1342166006026924033,negative,0.000942675738455971
1342166007692079109,negative,0.0016143608012614853
1342166010493857793,neutral,0.42028364307867555
1342166010833547265,negative,0.0006853926621249031
1342166012561678339,negative,2.8219042522810013e-05
1342166014402981890,negative,0.0006099431773241914
1342166014855938054,negative,0.006248314451104854
1342166015069868034,negative,0.022964716368658107
1342166015233425408,negative,3.62292384409477e-06
1342166015594139648,negative,8.515087045096324e-06
1342166015984209920,negative,0.06557700447334129
1342166016240058371,negative,0.06632451383614735
1342166016948920322,negative,1.416564665585408e-05
1342166017330434048,negative,5.001696173137159e-06
1342166017703870472,negative,0.017286836009129967
1342166018790207490,negative,0.0022041068911777435
1342166019679391744,negative,0.16186416659669633
1342166021067714565,positive,0.7415417627829676
1342166023752085505,negative,0.06066390333166403
1342166028198047749,positive,0.9845644697550272
1342166029317910533,negative,5.279310432484593e-07
1342166030186123264,negative,0.005557068525823104
1342166031855464452,negative,0.037193184455890906
1342166032128077824,neutral,0.40487517167058334
1342166033377980416,negative,0.08437613153631827
1342166034422358018,neutral,0.5495922250151081
1342166035433193476,negative,2.5987155852303245e-05
1342166036016209920,negative,0.014849538568656992
1342166036884418560,positive,0.7364552304579606
1342166040147595265,negative,0.049894713500946784
1342166040390856705,negative,0.05787586372977663
1342166040927756290,negative,0.015613360263285258
1342166041405829120,negative,1.2114722476918681e-06
1342166043033296899,negative,0.020662502153600684
1342166043242995720,negative,0.0069571137892871044
1342166044601970688,negative,4.263510981535506e-05
1342166049115017219,negative,0.0058129273924342655
1342166049484107778,negative,0.0007230528535469445
1342166052977971200,negative,0.009639963207133057
1342166055213555712,negative,5.667585845313686e-06
1342166055247097859,negative,0.015773583174067275
1342166055888760832,negative,0.014921409828964609
1342166056324853762,negative,0.07643409622375173
1342166057159716866,negative,1.3916124875620329e-06
1342166057776271363,positive,0.9921543861029379
1342166058170540032,negative,0.05130329804763592
1342166059609157634,negative,0.30396949356940606
1342166059835666432,negative,0.028387754637568395
1342166060053762050,positive,0.8488784103859388
1342166060196392962,negative,0.007718704224340631
1342166060313825280,negative,0.004514655691763813
1342166060456357888,negative,0.08215560566987992
1342166061085556738,negative,0.028883334796173155
1342166061689544704,negative,0.01901656117934125
1342166063253958656,negative,6.17938220872769e-05
1342166063723802624,negative,3.792379489848801e-05
1342166065825112067,negative,0.008484875374352671
1342166066722729985,negative,0.18469532834249947
1342166067997773824,negative,5.001696173137159e-06
1342166068471672838,negative,0.0009303077126836922
1342166073110630400,negative,0.13997518181407745
1342166074880651265,negative,0.28741154178763173
1342166075010670592,negative,0.04850874985031108
1342166075358801921,negative,0.23659431225273772
1342166075396521984,negative,1.2114722476918681e-06
1342166216908136448,negative,0.02329323645236039
1342166217243684865,negative,0.004551295411253584
1342166218007056384,negative,0.06723781768973393
1342166219021959169,negative,1.6734281074416479e-10
1342166220364259333,negative,0.0007252384789420658
1342166222872436737,negative,0.007809040031757991
1342166223556063235,negative,0.0009692328777851208
1342166223644143618,negative,5.967435556760537e-08
1342166225074401280,negative,5.6121820098246366e-08
1342166225636491266,negative,0.00020258996672594036
1342166225929994240,negative,0.045261854084914545
1342166228320841733,negative,0.00013193739814961717
1342166230367678466,negative,7.266009469157855e-08
1342166230694846465,negative,3.0293768013383663e-05
1342166231231692802,negative,0.03829983775538717
1342166231458185218,negative,0.3237901667067688
1342166231525298177,negative,5.001696173137159e-06
1342166231533694977,negative,0.0076793701300136175
1342166231793721345,negative,0.006270321100139881
1342166233588916224,negative,1.4422619742297181e-05
1342166233681031169,negative,0.0007215222070526154
1342166234910117890,negative,0.011245685948821424
1342166236482973696,negative,9.615073444193017e-05
1342166239767048198,negative,0.000571812841904101
1342166240375222278,negative,5.001696173137159e-06
1342166241444818945,negative,0.0006618755121295592
1342166241616809988,negative,5.001696173137159e-06
1342166242279485441,negative,0.25859321333047897
1342166242887675904,negative,0.02251776321258486
1342166244628307969,negative,0.0007929404103188511
1342166244921925632,negative,0.15237137935820858
1342166246087864322,negative,0.3205746300160878
1342166248348643331,negative,2.7103440339472524e-08
1342166248826798081,negative,0.0007929404103188511
1342166250097696768,negative,0.010524777937621181
1342166251188211712,negative,0.18257755894886069
1342166252211621890,positive,0.9543341838413475
1342166253629304836,negative,0.006033131629104805
1342166253956456448,negative,0.1466797879780571
1342166253985796096,negative,0.3280640145520703
1342166255600627712,neutral,0.34355200542451314
1342166256053583875,negative,0.0011187109817168892
1342166256858894336,negative,0.06510805473640191
1342166257324478465,negative,0.0076793701300136175
1342166257420955649,negative,0.0010427729243528215
1342166258029105153,negative,2.838447151904735e-07
1342166260260417541,negative,0.13997518181407745
1342166261007085570,negative,0.01009821687490095
1342166263397814275,negative,0.001095849295524466
1342166267248205824,positive,0.9999752487732126
1342166268510695424,negative,5.001696173137159e-06
1342166270104510467,negative,8.972181756775421e-05
1342166270586839041,positive,0.7838415403791484
1342166272486813702,negative,0.04664866983234521
1342166272696590338,neutral,0.35901917105626846
1342166273417912320,negative,0.01591573754816143
1342166274424631296,neutral,0.3668814278584995
1342166274961526784,negative,0.011538404096376137
1342166276186251267,negative,0.2496631209852388
1342166276848766977,negative,0.03337861611342519
1342166276878249987,negative,0.27538537887707226
1342166279008866305,negative,0.0024429761296886694
1342166279151525888,negative,0.0517814972521364
1342166279600410630,positive,0.9779636551593928
1342166280493797377,negative,5.001696173137159e-06
1342166281190060032,negative,0.03589160844210587
1342166281651294210,negative,0.19132743091329324
1342166282146369536,negative,1.4688443776497047e-05
1342166282557419529,negative,0.2812124665127172
1342166282745999360,neutral,0.4445449685024627
1342166283748446208,neutral,0.4445449685024627
1342166284159623170,negative,0.08657228794736156
1342166284629381123,negative,8.515087045096324e-06
1342166284709015553,neutral,0.3358218310945649
1342166284759252992,negative,0.06475930941966371
1342166285619245056,negative,8.515087045096324e-06
1342166287527514112,negative,0.0539354699159909
1342166287821271043,negative,1.2137587316032155e-05
1342166288068558849,neutral,0.3448789537043245
1342166289008132096,negative,0.06475930941966371
1342166289347973123,negative,3.5952975099328346e-05
1342166290052521984,negative,0.2306303305288742
1342166290283327497,neutral,0.5334391956396847
1342166290862108672,negative,1.6734281074416479e-10
1342166291013128193,negative,0.00243066486792353
1342166291747119104,negative,0.004551295411253584
1342166292401446912,negative,0.008300312964117488
1342166293668110336,negative,5.001696173137159e-06
1342166295203225606,negative,0.14182066546514574
1342166295761055745,negative,1.0335145269772736e-05
1342166297413615621,negative,0.05528446120294227
1342166299653320704,negative,0.04242569657984768
1342166303193395202,negative,0.0517814972521364
1342166303507968002,negative,0.028387754637568395
1342166303663149059,negative,0.027970504380277497
1342166303906402306,negative,5.001696173137159e-06
1342166305378590724,negative,0.1256034645870775
1342166306863390720,negative,0.028387754637568395
1342166307450613766,negative,0.0069571137892871044
1342166308436254721,negative,0.0069571137892871044
1342166308474007554,negative,5.001696173137159e-06
1342166308549521409,negative,0.0035853109813616156
1342166311686823936,negative,0.1658277713842763
1342166312324390913,negative,0.017458502117267512
1342166312416587776,negative,0.009320282918774387
1342166312420839424,negative,0.08599881793702607
1342166312638967812,negative,0.0022068705811929923
1342166313842528257,negative,0.0015361393601096727
1342166315579146241,negative,5.001696173137159e-06
1342166316208304129,positive,0.7968921235270905
1342166316346695682,negative,0.18917555239952435
1342166316371898368,negative,0.0021419870188545444
1342166316560642049,negative,0.26076950668447035
1342166318754246657,negative,5.001696173137159e-06
1342166320348098569,negative,0.3031385932436478
1342166321228869643,negative,0.2010454872851261
1342166321417609222,negative,0.0069571137892871044
1342166322013065216,negative,0.011778657885330808
1342166323112108035,negative,0.15253718841285904
1342166323963506689,negative,0.08444602009829856
1342166325108469761,negative,0.11336130249525736
1342166325255434243,neutral,0.6538592256160424
1342166326085902336,negative,0.06557700447334129
1342166327159615489,negative,0.1221962018115503
1342166328094801921,negative,0.0010427729243528215
1342166328698875906,negative,1.1583187485519494e-07
1342166330003210240,neutral,0.33727600713706035
1342166330477318146,negative,0.002745298738113449
1342166330879959040,negative,0.001215276019144094
1342166334533206018,neutral,0.398180521791012
1342166335531458561,negative,8.515087045096324e-06
1342166336613605382,negative,0.013759986055591355
1342166337314025476,negative,1.939303555424249e-05
1342166339100749826,negative,5.2426730320239384e-08
1342166339700473856,negative,0.009285307012432489
1342166340241600518,negative,0.00849309960577442
1342166341587898368,negative,0.0022623664943696954
1342166342305255424,negative,6.247363756047227e-05
1342166344175738881,positive,0.8273346360624731
1342166344704421888,negative,0.26076950668447035
1342166344796672002,negative,0.26833183097676777
1342166344968646656,neutral,0.49789225920557484
1342166345417371648,negative,5.001696173137159e-06
1342166345971068933,negative,0.015773583174067275
1342166346050588672,negative,0.0004760529356788509
1342166347107676163,negative,0.011538404096376137
1342166347694960641,negative,0.011538404096376137
1342166441412362240,negative,8.515087045096324e-06
1342166441689276416,negative,5.673523867962228e-06
1342166441722834947,negative,5.001696173137159e-06
1342166442255507456,negative,5.001696173137159e-06
1342166442721095680,negative,0.0069571137892871044
1342166443882852353,negative,0.0009758201416809123
1342166443979395073,negative,1.7741370598427808e-06
1342166444147142656,negative,8.516779483269344e-06
1342166444268777474,negative,3.723460019117149e-05
1342166445086691328,negative,5.001696173137159e-06
1342166445640331266,negative,0.01741935496928855
1342166446118477824,negative,4.1617136532861305e-09
1342166446206562305,negative,0.00741627213827822
1342166446474989577,negative,0.11935951334984464
1342166447909437440,negative,0.1418687614655635
1342166447984947201,negative,0.008411344271751046
1342166448630886402,negative,0.03246128932462553
1342166453789863936,negative,5.001696173137159e-06
1342166453915537411,negative,0.014921409828964609
1342166454179934216,negative,0.0047559176899594525
1342166454578380808,negative,0.1250224706700623
1342166454787923968,positive,0.8488784103859388
1342166454809092096,negative,0.0004760529356788509
1342166454926516226,negative,0.0010427729243528215
1342166455442427907,negative,0.0009758201416809123
1342166455534628870,negative,0.22561333375529458
1342166455559839745,negative,0.0029983909628816777
1342166455685701633,negative,5.121154846943292e-07
1342166456109305856,negative,0.002745298738113449
1342166456583204865,negative,0.03389676136479784
1342166457715712002,neutral,0.3499352441185855
1342166458558795778,negative,1.6836543657370283e-07
1342166458793668609,negative,0.015412058580731056
1342166459967946752,negative,0.029575341782854477
1342166461360517120,negative,0.15237137935820858
1342166462732054530,negative,8.515087045096324e-06
1342166463264731142,negative,0.025187550138389768
1342166465546489859,negative,8.515087045096324e-06
1342166465789763587,negative,6.29601506540695e-08
1342166471628226560,positive,0.7961707719728688
1342166472139960322,negative,0.00014941900849267363
1342166472848760835,negative,0.15237137935820858
1342166472982933507,negative,0.06524740720077488
1342166473960144896,negative,0.0004760529356788509
1342166474165776386,negative,0.008788495254404166
1342166480297877504,negative,3.2554237236166883e-12
1342166480549511170,negative,0.0069571137892871044
1342166481430319109,negative,0.1258285199032784
1342166481656836099,negative,0.02614881368555654
1342166484106113025,negative,0.01901656117934125
1342166487834882049,negative,0.27538537887707226
1342166487931494401,negative,0.00741627213827822
1342166489567264769,negative,0.04809895923179992
1342166489571454978,negative,5.001696173137159e-06
1342166490443902976,negative,0.3195796750813212
1342166490993152000,negative,1.6734281074416479e-10
1342166491353985027,negative,0.012850310061991384
1342166491437871104,negative,0.00262912797626171
1342166492071272449,negative,0.09640323611645361
1342166492566216704,negative,3.134707168077679e-06
1342166493585416192,negative,0.0019873695773137898
1342166494000635904,negative,2.1616788272618483e-06
1342166494457851904,negative,0.09277281276178995
1342166494759821317,negative,0.029818320379582954
1342166494906560516,negative,4.429319665962582e-07
1342166495242182658,negative,5.001696173137159e-06
1342166495841972227,negative,0.0076793701300136175
1342166495917469697,negative,0.16532172419126437
1342166495942635521,negative,0.00741627213827822
1342166496089415682,negative,0.14192462298777708
1342166496114520065,negative,0.00012072565530067988
1342166497938960385,negative,0.01366302732957199
1342166498098364416,negative,0.1939751723184478
1342166498173849601,negative,0.0028496348236866785
1342166498794643456,negative,7.15785700174068e-06
1342166498832494594,negative,0.18459858958932926
1342166498861699072,neutral,0.5472960823705576
1342166499293855745,negative,0.057100421758971884
1342166500103385090,negative,0.1422340973500357
1342166500136906752,negative,0.00849309960577442
1342166500866715648,negative,0.003406931935467973
1342166501147729927,negative,0.3195796750813212
1342166501193822210,negative,0.0007662952512543402
1342166501479079948,neutral,0.5912384604966829
1342166502552825862,negative,0.0004760529356788509
1342166504167649280,negative,0.0002807432256407207
1342166505182515201,negative,0.1643274187137266
1342166505195188227,negative,0.00032014966555774475
1342166506910724097,negative,0.0011261795894853181
1342166506977812481,negative,0.003934161853096725
1342166508068368384,negative,0.00823751859811489
1342166508986900480,negative,4.6837022995371895e-05
1342166510777864193,negative,0.0004398069040672222
1342166513877475329,negative,0.0701500009328868
1342166513994895362,negative,0.05019411490514277
1342166517442605056,negative,0.005228835084970561
1342166518839316480,negative,0.015155107296918732
1342166519543975938,negative,1.1387988857487353e-06
1342166521850818562,negative,0.09971308009480338
1342166522081538048,neutral,0.33623359787652535
1342166523830554626,negative,0.00248183186296156
1342166525294178304,negative,0.18543234769735967
1342166525302755328,negative,0.0004760529356788509
1342166525499867136,negative,0.0016682543826376914
1342166525575364609,positive,0.9265888122460729
1342166526925938688,negative,0.001899547308491881
1342166532156219393,negative,0.003566906859200871
1342166631712129024,negative,0.0517814972521364
1342166634295943169,negative,8.131173621833192e-09
1342166634606243846,negative,0.0024838707771660247
1342166636606971907,negative,0.004509910859335064
1342166637852635139,negative,5.001696173137159e-06
1342166638024683521,negative,5.001696173137159e-06
1342166638939025410,negative,0.2439494271228286
1342166640339922951,negative,0.00013752094999252402
1342166640352501761,negative,0.00014941900849267363
1342166640482508800,negative,0.000325371634206491
1342166641166217216,negative,0.003091918949842454
1342166641581432838,negative,0.0135585649585086
1342166641963130881,negative,0.1604614586044836
1342166641992495105,negative,0.15237137935820858
1342166644337102848,negative,0.06524740720077488
1342166645721210880,negative,0.0517814972521364
1342166646039961610,negative,0.011873399116683944
1342166646086098944,negative,5.001696173137159e-06
1342166647981756416,negative,0.2122278418812419
1342166648271286276,negative,0.11935951334984464
1342166649840001025,neutral,0.3448789537043245
1342166651756802049,negative,0.001095849295524466
1342166652146823168,negative,0.011538404096376137
1342166652952203264,negative,1.1817485849399568e-05
1342166653040271362,negative,1.6240670152765113e-05
1342166653984010241,negative,0.00018606547078473925
1342166658622910465,negative,0.041007663271044346
1342166659637895171,negative,0.05528446120294227
1342166660116000768,negative,0.017523244379062324
1342166661361770497,negative,0.09640323611645361
1342166661923745792,negative,2.8189815638598478e-05
1342166662997368832,negative,0.006334789051235034
1342166663039512580,neutral,0.49789225920557484
1342166664553639936,negative,0.26076950668447035
1342166665598005248,negative,0.0370772255018806
1342166667057651712,negative,5.001696173137159e-06
1342166667481251847,negative,1.2114722476918681e-06
1342166667837763586,negative,0.006477464167493451
1342166667955204102,negative,0.0011902757213991234
1342166668408184832,negative,0.21047953907773329
1342166668848541701,negative,0.2439494271228286
1342166669247066114,neutral,0.4745807978666752
1342166669960089601,negative,0.15237137935820858
1342166670954127368,negative,0.14192462298777708
1342166672443125764,negative,0.04850732864702292
1342166672824705030,negative,1.4111992767671584e-06
1342166673147703296,negative,0.008566861788800222
1342166674980667392,neutral,0.49789225920557484
1342166675655778305,negative,0.0002667322000616467
1342166675655974912,negative,0.02329323645236039
1342166676679380994,negative,0.10299786840792909
1342166676817780738,negative,3.792379489848801e-05
1342166678503878656,negative,5.001696173137159e-06
1342166678633902085,negative,0.07762680840992346
1342166679271464961,negative,1.2691452303363604e-05
1342166680810762248,negative,0.0022273751610877826
1342166681909669890,negative,0.0006890247013791343
1342166682530426881,negative,0.00010558886794891143
1342166686741504000,negative,0.00014941900849267363
1342166687299330050,neutral,0.46127768308170247
1342166687630512128,negative,0.08790242015761213
1342166687836119040,negative,0.014921409828964609
1342166688318574599,negative,0.00013193739814961717
1342166689195167746,negative,6.256942625617613e-06
1342166689476202496,negative,0.004300878492222307
1342166690977763331,negative,0.05571557784836408
1342166691317501955,negative,0.0006890247013791343
1342166692038766593,negative,1.1540139297310548e-06
1342166693368516611,negative,5.001696173137159e-06
1342166695973187586,neutral,0.47079442614615824
1342166696447062017,negative,0.005617891891230169
1342166696845578241,negative,0.13327764581375376
1342166697302745088,negative,5.001696173137159e-06
1342166697986416640,negative,0.1930582321730025
1342166698762379267,negative,0.19887456805301013
1342166702419824640,negative,0.017564911345675435
1342166703715872768,negative,0.0001457299985774119
1342166706135785472,neutral,0.48688815916333483
1342166706979016704,negative,0.0044757744969726315
1342166707037741059,negative,0.003934161853096725
1342166707855618051,negative,0.08899738544787245
1342166708501565444,negative,2.196719415492929e-07
1342166708589572097,negative,0.30653466611649305
1342166708862251009,negative,0.016377723218616046
1342166710670008323,negative,0.026051841164953574
1342166711387250689,negative,5.001696173137159e-06
1342166711764713472,negative,0.09640323611645361
1342166712507117568,negative,0.08437613153631827
1342166712955891717,negative,0.010271213532097857
1342166713434050562,negative,0.0035518219492649073
1342166714264518657,negative,0.30975103832962125
1342166714289704961,negative,0.1141052289161076
1342166714398740483,negative,0.11274546250037179
1342166714713329669,negative,0.004593723501288279
1342166716911144966,negative,0.003961818905127738
1342166720132354053,positive,0.9900537850302044
1342166721252241408,negative,0.09640323611645361
1342166721562472450,neutral,0.5495922250151081
1342166721726177283,negative,9.730818858256604e-05
1342166722460196868,negative,0.016697246013995692
1342166723928141829,negative,0.11456597163922502
1342166724280524803,negative,0.0005224297164610095
1342166724989366274,negative,0.0010427729243528215
1342166726222483458,negative,3.142822654108156e-05
1342166726801317888,negative,0.0012612099966185762
1342166728529367045,neutral,0.5316624617817726
1342166729817010177,negative,3.0782095064294066e-13
1342166731297615874,positive,0.9368381188677499
1342166733415714823,negative,0.04388290888663579
1342166733566697473,negative,5.001696173137159e-06
1342166733575041029,negative,0.004551295411253584
1342166738109161473,negative,0.0033958996547096268
1342166740780904450,negative,0.014412847219135659
1342166743393968130,negative,0.1994694027461982
1342166744283164674,negative,0.15630830276745175
1342166744526446594,negative,0.007464983350715907
1342166745042313218,negative,0.00019859811004730666
1342166745176530944,negative,0.0010427729243528215
1342166745956564993,neutral,0.6306278140621263
1342166746342563841,negative,8.16152285395075e-05
1342166750218096641,negative,0.057100421758971884
1342166753875472390,negative,0.033858021796300895
1342166754211065856,neutral,0.40719712409104325
1342166754437586950,negative,0.0005909062023981088
1342166826676060165,negative,0.0021345372192460134
1342166826843824140,negative,0.0022623664943696954
1342166827837886468,negative,0.008788495254404166
1342166829507223553,neutral,0.42076888431135534
1342166831549841410,positive,0.8234176770217752
1342166831650533376,negative,0.0018112395590501407
1342166831977664512,negative,0.004131036250838446
1342166832317407233,neutral,0.33623359787652535
1342166833504333824,negative,0.015613360263285258
1342166834473263105,negative,0.13997518181407745
1342166835802857473,negative,8.515087045096324e-06
1342166836201234432,negative,0.027811738775304844
1342166836918571009,negative,5.001696173137159e-06
1342166837526749192,negative,0.0008545930633759315
1342166838017466370,negative,3.792379489848801e-05
1342166838071975936,negative,0.015309298247369168
1342166839095418880,negative,1.6734281074416479e-10
1342166839451783168,negative,0.0002929829596141553
1342166839972003841,negative,0.14638760142814386
1342166840777338887,negative,5.001696173137159e-06
1342166841725243392,negative,0.27538537887707226
1342166842404696066,positive,0.9744440209183344
1342166843109343232,negative,0.004551295411253584
1342166844061450240,negative,0.00669600317272162
1342166844648644608,negative,0.11727701026498244
1342166845265211392,negative,0.14182066546514574
1342166845361631232,negative,0.00030114872686572847
1342166848020881409,negative,0.15884973808023384
1342166850902384643,negative,0.001095849295524466
1342166850961080323,negative,0.019937376697177028
1342166852596854785,negative,0.011778657885330808
1342166856384311296,negative,0.000942675738455971
1342166856464019458,negative,0.017613150374268076
1342166857005068290,negative,7.724385857557249e-05
1342166857059594241,negative,0.019658996994942637
1342166858183696386,negative,0.004900912000151935
1342166858821230593,negative,0.0019701163141624444
1342166860171796486,negative,0.004551295411253584
1342166864609341440,neutral,0.44193049347687885
1342166864902967296,negative,0.00013082897078117966
1342166864974258176,negative,0.0004760529356788509
1342166865301417984,negative,0.0021646240220842138
1342166865561464832,negative,0.004300878492222307
1342166865972506627,negative,0.1250224706700623
1342166867423719425,negative,3.035461084035595e-07
1342166867683762176,negative,0.15609797648944815
1342166867729928195,negative,2.1168820936284932e-05
1342166867952201728,negative,0.0024838707771660247
1342166868854005761,positive,0.7116375361797407
1342166869684473862,negative,0.005447757490260875
1342166870267457536,negative,3.035461084035595e-07
1342166873027317760,negative,0.006090637631782576
1342166873165733894,negative,0.00849309960577442
1342166873190883329,negative,0.25859321333047897
1342166874117857280,positive,0.8104142060092266
1342166874650517504,negative,0.0598838203698199
1342166875627790337,negative,0.0010427729243528215
1342166876441489408,neutral,0.42919830775866974
1342166876772855810,positive,0.9845644697550272
1342166877926264832,negative,0.011490537435018785
1342166880992305152,negative,0.0012503909474623767
1342166881701134338,negative,0.1437549869102453
1342166881730502657,negative,0.0015361393601096727
1342166881868918789,negative,0.01903706542306838
1342166882749595648,negative,1.7499721329366254e-06
1342166883575889921,negative,0.022367704310293907
1342166883718619136,negative,0.0069571137892871044
1342166884616183816,negative,0.0013445679905204353
1342166884775579648,negative,0.0007669584272284762
1342166888181346304,negative,0.01366302732957199
1342166889494151168,negative,0.0007252384789420658
1342166892333699072,negative,0.057100421758971884
1342166892421804033,negative,5.001696173137159e-06
1342166893466103811,negative,3.792379489848801e-05
1342166896813215748,neutral,0.5316624617817726
1342166898172157953,negative,5.604844671359085e-07
1342166901426966530,positive,0.9973310836759977
1342166901435199488,negative,0.002569113511980836
1342166901472993281,negative,0.10521589410898467
1342166901477298177,negative,0.27538537887707226
1342166902605537289,neutral,0.33623359787652535
1342166903507320836,negative,0.005366369723362051
1342166903515701249,neutral,0.3418980862760095
1342166903939280896,negative,0.0002622958729395857
1342166905239420933,positive,0.9990271479556139
1342166906728419328,negative,1.5075208373763152e-08
1342166907156369408,negative,0.029873067238083032
1342166907827458048,negative,0.001166554657128908
1342166908171390977,negative,0.1866633852564735
1342166908909531136,negative,0.08437613153631827
1342166909509394433,negative,0.00021150508835675644
1342166909639401473,negative,0.07393459354148145
1342166912428634115,neutral,0.4599913169102434
1342166912969674752,negative,2.240418887701222e-05
1342166913410019328,negative,5.001696173137159e-06
1342166914114740224,negative,0.008934505557462528
1342166914555109379,negative,2.5987155852303245e-05
1342166914609635331,negative,8.936407391725804e-05
1342166914697732096,negative,0.03342717553821877
1342166915482062848,negative,0.20111210510714306
1342166916216057858,negative,0.3131513339390125
1342166918615216135,neutral,0.35125548756804
1342166918912995331,negative,0.005447757490260875
1342166919416311817,neutral,0.5157797548060896
1342166919831543808,negative,3.792379489848801e-05
1342166922108882944,negative,8.062273074223539e-05
1342166923493126148,negative,0.05115898004683921
1342166924617244672,negative,1.4527327141337305e-05
1342166924638224384,negative,0.00849309960577442
1342166930082304000,negative,0.27538537887707226
1342166930317303809,negative,0.0017506143388280031
1342166931726618626,negative,1.2137587316032155e-05
1342166931739181060,negative,0.18119988421987826
1342166933156851712,negative,0.27538537887707226
1342166933496496128,positive,0.9900537850302044
1342166933706330112,negative,5.001696173137159e-06
1342166935312748545,negative,5.001696173137159e-06
1342166935329497091,negative,5.667585845313686e-06
1342166937560883201,neutral,0.5496678701602578
1342166938475253762,negative,0.0969902426384288
1342166938773032962,negative,0.021832781444602187
1342166939112714242,negative,1.9441395056222613e-07
1342166939288952834,negative,2.8938702863454633e-05
1342166939884347392,positive,0.9516627077213428
1342166939913744384,negative,0.0006618755121295592
1342166943319658496,negative,3.4526547450821026e-09
1342166943768473605,negative,9.86016237434259e-06
1342166944666025986,neutral,0.5741514485749222
1342166946184384520,negative,0.02329323645236039
1342166946624765953,neutral,0.3614399138399964
1342166947119714304,negative,1.2114722476918681e-06
1342166948587696132,negative,0.023075944015281635
1342166950458380291,negative,0.0010992718848360156
1342166950613544960,negative,4.146510069100199e-06
1342166950877790212,negative,0.02653804802241386
1342166951343370241,negative,0.005537624733762853
1342166951867592705,negative,0.012084660584714453
1342166952760889345,negative,0.0004760529356788509
1342166954099027968,negative,0.00020143457613818123
1342166954501677058,negative,0.00019329414509621856
1342166955361525762,negative,0.015773583174067275
1342166955801927686,negative,0.18949110387319634
1342166956493910020,negative,5.001696173137159e-06
1342166956884045824,negative,0.01350166981976874
1342166957659992066,neutral,0.33623359787652535
1342166957886464002,negative,0.02312814423556466
1342166959459348480,negative,0.07726435786683304
1342166960868634624,negative,0.00039132803634519034
1342166960948260865,negative,0.05984945072178996
1342166962714144768,negative,0.0049931011314426725
1342166964437995520,negative,0.16532172419126437
1342166964441997312,negative,0.0022930161908591763
1342166965692063745,negative,2.5987155852303245e-05
1342166966304342017,negative,0.026006374657815218
1342166968154157057,negative,2.282098904297299e-05
1342166969089449986,negative,1.6734281074416479e-10
1342166969521500162,neutral,0.5024549303604945
1342166970914004993,negative,0.16280582794327256
1342166971119513603,negative,0.12356545199738704
1342166971681562631,negative,0.0002755830172568149
1342166971979329536,negative,0.09640323611645361
1342166973543809024,negative,0.004962184566245722
1342166973673832452,negative,0.21047953907773329
1342166973778681859,negative,0.15237137935820858
1342166973862604800,negative,0.08790242015761213
1342166975443775488,neutral,0.47878153849390703
1342166975624130562,negative,0.005690555835752746
1342166975901028353,negative,0.00014941900849267363
1342166978207870980,negative,5.432716248662691e-05
1342166978706825216,negative,0.0031023963934914273
1342166979063508993,negative,0.19608385064557662
1342166979487084545,negative,0.017840404156025128
1342167006188101635,negative,0.15237137935820858
1342167006573981696,negative,0.0011353916683194206
1342167007068909568,negative,0.16532172419126437
1342167007341506561,negative,1.6734281074416479e-10
1342167007874060288,negative,0.002224222860395052
1342167009275088896,negative,0.15237137935820858
1342167010327875587,negative,0.0010426051823968102
1342167012185960448,positive,0.737731988467598
1342167013712670721,negative,1.6734281074416479e-10
1342167014987579393,negative,0.027811738775304844
1342167016883572736,neutral,0.5820206965120108
1342167016984244226,negative,0.0039968573492134025
1342167017688883202,neutral,0.4663917579447527
1342167017999257600,positive,0.7734290382277216
1342167019291107330,negative,0.06754193147128507
1342167023808348161,negative,4.432601729715896e-06
1342167024013860864,neutral,0.47878153849390703
1342167024433328131,negative,0.10786469527658457
1342167024647237632,negative,0.13912282969755407
1342167025104388102,negative,0.0021098171882013737
1342167025334898689,negative,0.015681970403444285
1342167025452523521,negative,0.27538537887707226
1342167026656272387,negative,0.0006890247013791343
1342167026752696321,negative,0.0948908403365332
1342167027063156737,negative,0.0010427729243528215
1342167028539408384,negative,0.31229229832015026
1342167028631805952,negative,1.8036379256155192e-05
1342167031664308224,negative,1.6734281074416479e-10
1342167032066953217,negative,5.432716248662691e-05
1342167032767373323,negative,2.005187447806173e-08
1342167033136488449,negative,0.1258285199032784
1342167033765625857,positive,0.7734290382277216
1342167034558361602,negative,0.015565404561229668
1342167035321585664,negative,1.6734281074416479e-10
1342167036089266177,negative,0.20821310003647314
1342167037720862721,negative,0.09640323611645361
1342167038740074496,negative,0.11215028326745849
1342167040430321665,negative,0.0005513534658065328
1342167042389143552,negative,5.001696173137159e-06
1342167042607226888,negative,0.14621262492287865
1342167042984734720,negative,0.00015783776096039886
1342167043991285762,negative,0.10209299665164522
1342167045627109376,neutral,0.5667908359573213
1342167046575038464,negative,0.011542026169693437
1342167048835788801,negative,0.00739355281426451
1342167050291191811,negative,5.001696173137159e-06
1342167050928717825,negative,0.0015749173950737254
1342167052195418112,negative,0.1609198433251505
1342167053457911810,negative,1.7133196094831838e-08
1342167054070259714,negative,0.006898825758452307
1342167055001415682,negative,0.2702412499885854
1342167055261429762,negative,0.11182245947334335
1342167055555039232,negative,0.19608385064557662
1342167055789817856,negative,0.0002755830172568149
1342167056570068995,neutral,0.33623359787652535
1342167058281345026,negative,0.00022872684734358864
1342167058373603331,negative,2.6077785256117415e-05
1342167060604977153,negative,4.006505299285926e-05
1342167061011771397,neutral,0.44193049347687885
1342167061213151232,negative,0.0010427729243528215
1342167063230631938,negative,0.28741154178763173
1342167063566020608,negative,8.515087045096324e-06
1342167065847881733,negative,0.00021150508835675644
1342167068871970818,negative,7.30774934935384e-05
1342167069228470272,negative,5.001696173137159e-06
1342167071841542147,negative,2.6841539129573265e-11
1342167072588128258,negative,9.575174808874913e-06
1342167073766711301,negative,0.0009443877782714312
1342167075679313920,positive,0.7734290382277216
1342167076522360833,negative,0.0019409092101801489
1342167078107820036,negative,0.0012445089043806013
1342167078825058308,negative,0.0002755830172568149
1342167079697444865,negative,0.26545944637530294
1342167081610063872,negative,0.0012447316317613299
1342167081618432000,negative,0.09885820826981308
1342167084697006080,negative,0.18917555239952435
1342167086299275264,negative,0.0016320350405957746
1342167087041687554,negative,0.000571812841904101
1342167087897313280,negative,8.70567264101509e-09
1342167088224415746,negative,0.18119988421987826
1342167088388055040,negative,0.22187379188502257
1342167088887189508,negative,0.0001702061725044681
1342167089927303168,negative,1.6119684250411773e-05
1342167091030478851,negative,0.07987316261843269
1342167092620124162,negative,0.16532172419126437
1342167092804521985,negative,0.022964716368658107
1342167094226546689,negative,0.15237137935820858
1342167117588783104,negative,3.7445333310633386e-07
1342167117588811783,negative,5.001696173137159e-06
1342167117710454784,negative,0.0002807432256407207
1342167117806895105,negative,0.03877598350215785
1342167119627231232,negative,0.0012445089043806013
1342167120101183498,negative,0.1939751723184478
1342167120562548737,negative,0.01922509485461002
1342167121019727873,negative,0.03796884500247603
1342167122114453506,negative,0.08437613153631827
1342167124677173248,negative,0.0010427729243528215
1342167125461528576,negative,0.019463299758375695
1342167125843189763,negative,0.0069571137892871044
1342167125851594753,negative,0.0012445089043806013
1342167126447161344,negative,0.04113404809372996
1342167128238149635,negative,0.00741627213827822
1342167128884060160,negative,8.515087045096324e-06
1342167128976322560,neutral,0.49789225920557484
1342167130335293440,negative,0.027940844803146566
1342167131287408640,negative,0.0412952990635143
1342167131912368134,negative,2.6564769292570368e-06
1342167132159832065,negative,5.001696173137159e-06
1342167132830838784,negative,0.02312814423556466
1342167134202441728,negative,0.0003345276233171285
1342167136219914240,negative,0.00017128849066107285
1342167136790335490,negative,0.0005396934869937535
1342167139814293504,negative,4.1617136532861305e-09
1342167140359667712,negative,0.07125581723710812
1342167140728795138,negative,0.0010427729243528215
1342167140791672832,negative,1.2137587316032155e-05
1342167141542334469,negative,0.03718509771295126
1342167141617967113,neutral,0.42755866745518784
1342167145833226240,negative,5.001696173137159e-06
1342167146412060675,negative,0.006248314451104854
1342167147980713986,negative,0.08148505330224094
1342167148618199040,negative,0.007921422877543412
1342167150279081984,negative,0.0010427729243528215
1342167150405025792,negative,0.004478478714413594
1342167150446796800,negative,0.0517814972521364
1342167151273254914,negative,0.03588760632612369
1342167153038958592,negative,0.00016428244381975094
1342167153252790272,negative,0.10138855574605035
1342167153789833217,negative,7.30774934935384e-05
1342167154670661633,negative,0.0003239154728240111
1342167154989256706,negative,0.0008444945417694912
1342167154997784576,neutral,0.4128337263099851
1342167155513683969,negative,0.00015630210789106857
1342167156847489025,negative,0.07762680840992346
1342167156931309569,positive,0.9658494223001739
1342167157153665026,negative,0.0034815376180800184
1342167157392588801,neutral,0.5110143642846429
1342167157484957697,negative,0.15237137935820858
1342167157715709953,negative,1.3595280998092844e-05
1342167160660099072,negative,5.001696173137159e-06
1342167161184411649,negative,5.001696173137159e-06
1342167161888931840,negative,0.051382662168166414
1342167162539139073,negative,5.001696173137159e-06
1342167163591909377,negative,0.0517814972521364
1342167164938280967,negative,0.0010427729243528215
1342167164946624515,negative,0.0008980929884090265
1342167165005410305,negative,0.026051841164953574
1342167168516034565,negative,0.15237137935820858
1342167169128402947,negative,0.0007929404103188511
1342167170063581184,negative,0.02329323645236039
1342167172416733184,negative,0.0012445089043806013
1342167174316756993,negative,0.004551295411253584
1342167175692476417,negative,0.12400358239681779
1342167176720097281,negative,1.9441395056222613e-07
1342167178133516290,negative,0.07987679855143634
1342167178615934981,negative,0.02312814423556466
1342167181593882624,negative,0.01901656117934125
1342167181673553923,negative,0.02312814423556466
1342167181971365894,negative,5.001696173137159e-06
1342167183825268738,negative,0.01650819314503532
1342167184747933697,negative,0.0002807037471754555
1342167186203435009,negative,0.26076950668447035
1342167188506079233,negative,0.004551295411253584
1342167190422904833,negative,0.0004760529356788509
1342167190439657474,negative,0.0015268705000411264
1342167190519201792,neutral,0.340968632410737
1342167192297746434,negative,0.27538537887707226
1342167192926904320,negative,0.003132524383161177
1342167193061044224,negative,0.25859321333047897
1342167194902425601,negative,0.0517814972521364
1342167195388960768,neutral,0.4663917579447527
1342167196047466496,negative,0.0002755830172568149
1342167196521402371,neutral,0.41115717058953694
1342167196806623232,negative,0.007809040031757991
1342167196844371970,negative,0.25777316597061467
1342167196928253954,negative,0.002745298738113449
1342167197767053315,negative,5.001696173137159e-06
1342167198425640966,neutral,0.42960203930713187
1342167198891192327,negative,0.014288351685610462
1342167198933131266,negative,0.27538537887707226
1342167198937264131,negative,0.0016879499756758804
1342167199054757888,negative,0.011578360435297403
1342167199713292289,negative,0.0005583564912642673
1342167200921247746,negative,5.001696173137159e-06
1342167201059627008,negative,0.01901656117934125
1342167201323896833,negative,5.001696173137159e-06
1342167201328095237,negative,0.008300312964117488
1342167204180054022,negative,2.6263088975900763e-06
1342167205522370568,negative,0.015951884039051942
1342167205983756288,neutral,0.3374674755446546
1342167207850242049,neutral,0.33113119352556253
1342167208286277633,negative,0.001091131897764894
1342167208483500032,negative,5.001696173137159e-06
1342167209859276803,negative,0.2486640047527842
1342167211524435969,negative,0.027804090872741338
1342167212455579649,negative,5.001696173137159e-06
1342167212480753665,negative,0.3195796750813212
1342167213399306240,negative,0.018526318062208568
1342167213965500417,negative,5.001696173137159e-06
1342167214368186368,negative,0.0012445089043806013
1342167215022465027,negative,0.00243066486792353
1342167216259817473,negative,5.001696173137159e-06
1342167217144815624,positive,0.6631118443454164
1342167217585205251,negative,0.004065564345963649
1342167218155638784,negative,0.023075944015281635
1342167219959160833,negative,3.792379489848801e-05
1342167220034658314,negative,0.019817407866100388
1342167220651057152,negative,0.062191053680428626
1342167221875990528,negative,0.010123760914015496
1342167223167807489,positive,0.8378051169134225
1342167223293640706,negative,7.8964593116111e-10
1342167223301885952,neutral,0.44193049347687885
1342167225726349313,negative,0.004551295411253584
1342167226909159426,negative,0.21047953907773329
1342167227294953472,negative,0.00013200966328905426
1342167227362062338,negative,0.017840404156025128
1342167228066758657,negative,2.7404992755384037e-05
1342167228452638721,negative,9.136956535852689e-07
1342167229236916237,positive,0.7364552304579606
1342167232298684416,negative,0.26076950668447035
1342167232340758528,neutral,0.42876467289441955
1342167232789573632,negative,0.010249463863680492
1342167233305456641,negative,0.0035876227201069736
1342167233527746565,negative,0.04326749920868208
1342167233976479744,positive,0.9377488433023085
1342167236962885633,negative,1.3585875332246195e-05
1342167237088530433,negative,0.0008942449924038162
1342167237839511557,negative,5.001696173137159e-06
1342167238166589442,negative,0.023075944015281635
1342167238598602752,negative,0.01901656117934125
1342167239823384582,negative,5.001696173137159e-06
1342167240498675715,negative,6.0130971633580605e-09
1342167240771325954,negative,5.001696173137159e-06
1342167241215848449,negative,0.005058963611082928
1342167246408474629,negative,2.6511716727123442e-05
1342167246974681088,negative,0.027804090872741338
1342167250053328898,negative,3.084650692241386e-05
1342167253320667141,negative,0.0012445089043806013
1342167255296208900,negative,0.00451595085493334
1342167256210530304,negative,0.2282889354504951
1342167256936161288,negative,0.011538404096376137
1342167257825337346,negative,0.028767750455820647
1342167258383179776,negative,0.025369252280032686
1342167259305959430,positive,0.9533682986160271
1342167259385622534,negative,0.21047953907773329
1342167259809271809,neutral,0.39189058501916274
1342167260031574017,negative,0.0001116168720078334
1342167260673277952,negative,0.2219017813456377
1342167262938214405,negative,3.3209309874318412e-06
1342167263403790336,negative,0.0012445089043806013
1342167264750161921,negative,0.08657228794736156
1342167265911967748,negative,5.001696173137159e-06
1342167266415292419,neutral,0.42919830775866974
1342167266771787778,negative,0.022578164068781055
1342167266801160193,negative,5.001696173137159e-06
1342167267107336193,negative,0.011538404096376137
1342167270311792647,negative,0.008566861788800222
1342167270441721856,negative,0.27538537887707226
1342167271909838849,neutral,0.42755866745518784
1342167272853561344,negative,0.21047953907773329
1342167273239404544,negative,0.15237137935820858
1342167273381847041,negative,0.024760794503746204
1342167274128478208,negative,0.00031012227056926314
1342167276590665731,negative,7.30774934935384e-05
1342167277114949632,negative,8.073077315193917e-06
1342167279866408965,negative,0.04207469582179825
1342167279988043779,negative,0.006720905989338632
1342167351987482626,negative,6.630874486673228e-05
1342167353010876424,negative,8.515087045096324e-06
1342167353027682304,negative,5.001696173137159e-06
1342167356181684224,negative,1.6734281074416479e-10
1342167357251346434,negative,0.039056616647081696
1342167358526382088,positive,0.9583741634818117
1342167361307160577,negative,5.001696173137159e-06
1342167362997342213,negative,8.948163083548124e-05
1342167363689603074,negative,0.0013928057278118704
1342167365040091138,negative,0.0055358752083795966
1342167365749006343,negative,0.00022872684734358864
1342167366499708930,negative,8.869583027321047e-05
1342167367422455809,negative,0.011490537435018785
1342167367795830791,negative,2.2333080054388207e-07
1342167368026492929,negative,0.00048109954184275455
1342167369158942720,negative,0.06557700447334129
1342167369767145474,negative,5.001696173137159e-06
1342167369993621507,negative,0.009320282918774387
1342167370144559106,negative,2.614422151139816e-05
1342167370245222401,negative,0.02312814423556466
1342167370920587264,negative,0.00016912445796141262
1342167371302264832,negative,0.0012445089043806013
1342167373055287297,negative,1.6734281074416479e-10
1342167373961285632,negative,1.821387431368595e-05
1342167374259236864,negative,0.12137628390841576
1342167374481551366,negative,0.2164295994262103
1342167374741573632,negative,0.17800476041340452
1342167374825480195,negative,0.00015079217547763778
1342167377472073730,negative,0.004054102180692449
1342167380504551424,negative,0.0010427729243528215
1342167380882034691,negative,0.3205746300160878
1342167381787947008,negative,5.121154846943292e-07
1342167381913825280,negative,1.1035009964372602e-09
1342167382064824321,negative,5.001696173137159e-06
1342167382089994241,negative,0.3058647804440998
1342167382408757248,negative,0.004593723501288279
1342167382849187842,negative,7.738190392700601e-06
1342167385760014338,negative,0.019937376697177028
1342167386699558913,neutral,0.47878153849390703
1342167386733080580,negative,0.04329948809938995
1342167388037525510,negative,5.037021482766926e-06
1342167388440170496,negative,0.0069571137892871044
1342167388490522624,negative,0.0002462118531754573
1342167389308334080,neutral,0.33858158044667797
1342167391229370369,negative,0.007809040031757991
1342167391233568769,neutral,0.608711942479606
1342167391921311749,negative,0.0049918910445004815
1342167392244404224,negative,0.0022274756607241174
1342167393766940681,negative,8.515087045096324e-06
1342167394165415936,positive,0.7526915867528582
1342167395092336640,negative,0.11182245947334335
1342167395499171840,negative,1.2444133880606383e-08
1342167396069634048,negative,0.011538404096376137
1342167396648411136,negative,3.792379489848801e-05
1342167397168504832,neutral,0.4478889398505506
1342167398040875008,negative,6.859731345145598e-09
1342167398787522564,negative,0.03835471052853544
1342167399378915329,negative,8.515087045096324e-06
1342167400108720128,neutral,0.47878153849390703
1342167401031413760,positive,0.7364552304579606
1342167404043001857,negative,0.20248311056641435
1342167404659560449,negative,2.8356647181071006e-05
1342167405544529920,negative,0.0010009009471936203
1342167406622482438,negative,2.2644772703254043e-14
1342167407620722688,negative,0.0014685134004189186
1342167408308596737,negative,0.20258789837796856
1342167409097060352,negative,0.026773813979631095
1342167409407315969,neutral,0.5495922250151081
1342167413094309888,negative,0.009522695493090568
1342167417359745024,negative,0.0013456382949316923
1342167419045994497,negative,0.06346168794334958
1342167420216160264,negative,0.007153327869971612
1342167420958433280,negative,0.027633632739654978
1342167421776523265,negative,0.09421973755316626
1342167425803046912,negative,0.0069571137892871044
1342167427493277696,negative,1.2137587316032155e-05
1342167428718059524,negative,0.0069451030666568886
1342167429296893955,negative,2.3729441054152832e-07
1342167429473071107,negative,0.06640051744579871
1342167429674360832,negative,0.00015499043884304532
1342167430320291843,negative,0.1103557228684957
1342167431293374468,negative,5.001696173137159e-06
1342167431725391879,negative,0.01204935757872333
1342167433981865984,neutral,0.48688815916333483
1342167434917134336,negative,0.0029983909628816777
1342167435269599233,neutral,0.5472960823705576
1342167435462504449,neutral,0.47878153849390703
1342167436351713281,negative,0.023075944015281635
1342167437077307392,negative,0.0007031866263603568
1342167437089910786,negative,0.033006725792466565
1342167438847258632,negative,0.015773583174067275
1342167439354814465,negative,0.0007674235646587523
1342167439832973313,negative,0.011490537435018785
1342167440696946692,negative,0.0005513534658065328
1342167442886373378,negative,0.0009210258709874677
1342167442911612928,negative,0.25634973579946896
1342167442966110210,negative,0.27538537887707226
1342167443435888640,negative,0.00017372961455800633
1342167444471877634,negative,2.1160584423098046e-09
1342167445801492480,negative,0.11182245947334335
1342167447080595458,negative,0.26076950668447035
1342167447454019588,negative,0.001095849295524466
1342167447672037382,negative,9.100855277763611e-06
1342167448204832769,negative,0.0015905633773808654
1342167448531906561,negative,3.792379489848801e-05
1342167450280988678,negative,5.001696173137159e-06
1342167451287629825,negative,0.03727326270221253
1342167451845464067,negative,0.0517814972521364
1342167452487217157,negative,5.001696173137159e-06
1342167453640622082,negative,0.00428296623922489
1342167453766463494,negative,0.03964099145615765
1342167453921636352,negative,0.10393596698808469
1342167454756319233,negative,0.0017268850183954848
1342167455997825026,negative,0.03835471052853544
1342167458325680131,negative,0.014921409828964609
1342167458698956801,negative,0.026379715073281053
1342167459084775427,negative,0.00019809316155965564
1342167459890163712,negative,1.3976454969054438e-05
1342167460204531712,negative,0.2671454036531312
1342167460296990720,negative,0.08648939904374689
1342167460301168640,negative,0.004551295411253584
1342167460900990976,negative,5.001696173137159e-06
1342167463308357633,negative,0.01248249777992798
1342167464042520577,negative,9.482538846473494e-06
1342167464579387395,negative,0.05285763660929391
1342167464885547009,positive,0.9845644697550272
1342167465468563456,negative,0.2031145197726328
1342167465686687744,negative,0.029285760829236937
1342167466877841409,negative,8.515087045096324e-06
1342167469268451329,negative,0.0010427729243528215
1342167470354948097,negative,0.004300878492222307
1342167470405246978,negative,0.0002755830172568149
1342167471277694976,neutral,0.33623359787652535
1342167471281864705,negative,5.001696173137159e-06
1342167471374143488,negative,6.405861009987782e-11
1342167471738990592,negative,0.006334789051235034
1342167585119342592,negative,0.27538537887707226
1342167586633633793,negative,0.008002740267951025
1342167587069673473,negative,0.08918055955368544
1342167589749972997,negative,0.3195796750813212
1342167592035704832,negative,6.17938220872769e-05
1342167593042509824,negative,0.0004760529356788509
1342167593516490752,negative,0.29789340003052667
1342167595991126018,neutral,0.5495922250151081
1342167596179734528,negative,0.0010427729243528215
1342167596230037504,negative,0.27538537887707226
1342167597165539328,negative,9.244861717688193e-07
1342167597463298050,negative,0.00044003147730484047
1342167597480079369,negative,5.001696173137159e-06
1342167597870182400,negative,0.007809040031757991
1342167598985785345,negative,0.08892871720967067
1342167599723888642,negative,5.04439995872447e-05
1342167600663580672,negative,0.06557700447334129
1342167601384927234,negative,5.001696173137159e-06
1342167601821192193,neutral,0.47878153849390703
1342167602282446849,negative,0.014921409828964609
1342167603020750848,neutral,0.5744445763842428
1342167604883021827,negative,5.313987729313001e-08
1342167604966907907,negative,3.5126300338889287e-16
1342167609102503936,negative,0.04372134433730323
1342167609651978240,positive,0.9996679469659898
1342167611438673921,negative,0.0012445089043806013
1342167612432805889,negative,5.619536463825474e-07
1342167612869013506,negative,0.039056616647081696
1342167613045145609,negative,0.09968277055350866
1342167613925801984,negative,0.26844943754395434
1342167615020670976,negative,0.3189169212021325
1342167619395325954,neutral,0.38608938018273264
1342167621920301057,negative,0.0012316240228124995
1342167622037733376,negative,4.037862751646952e-08
1342167622734008320,negative,0.0017544270121222598
1342167623426052098,negative,0.26236377143701534
1342167624898269184,neutral,0.33623359787652535
1342167625573527554,negative,0.0069571137892871044
1342167626219479040,negative,0.1604614586044836
1342167626718597122,negative,0.00508283694788516
1342167626819235840,neutral,0.33623359787652535
1342167627733602309,positive,0.9996679469659898
1342167630476677122,neutral,0.5495922250151081
1342167630803853312,negative,0.014921409828964609
1342167631688835072,negative,0.05879877175333563
1342167631785304066,negative,7.40959961027791e-07
1342167632179556353,negative,0.3195796750813212
1342167634012303360,neutral,0.47511024713808625
1342167634763198465,negative,0.0010427729243528215
1342167635237203969,negative,0.013299058181571462
1342167636118040586,neutral,0.33623359787652535
1342167636977836032,negative,4.0781762942625874e-08
1342167637921574912,negative,5.001696173137159e-06
1342167637967724545,negative,0.0007929404103188511
1342167639251185669,negative,0.015773583174067275
1342167641029533700,negative,0.05285125644743698
1342167642627584001,negative,0.0012445089043806013
1342167645278257152,negative,0.11192161051944419
1342167646851260417,positive,0.6631118443454164
1342167647065149440,negative,8.254224795209453e-06
1342167647149027328,negative,0.08437613153631827
1342167647224557576,negative,0.0026557695487285067
1342167647262306307,negative,0.00012758256285958248
1342167648923217921,neutral,0.33623359787652535
1342167649145516032,negative,0.014425713493889014
1342167649917300737,negative,0.00037238356421088575
1342167650005360645,negative,0.037147470744235044
1342167651108483076,negative,0.02312814423556466
1342167652689711104,negative,0.0010427729243528215
1342167658389762051,negative,0.008285294134682705
1342167658456879105,negative,0.011538404096376137
1342167658674970625,negative,0.00741627213827822
1342167659404816384,negative,0.20771934817642312
1342167659887140864,negative,0.27538537887707226
1342167659987619840,negative,0.024078485739628397
1342167660147126278,negative,0.021291686902346802
1342167660239474690,negative,0.005557068525823104
1342167663443804161,negative,0.0517814972521364
1342167664039489536,negative,0.0069571137892871044
1342167767554912256,negative,0.018915542398824193
1342167768909676544,negative,0.0024429761296886694
1342167769886949379,negative,0.004551295411253584
1342167770075705344,negative,0.0007929404103188511
1342167771745046528,neutral,0.34005917251466766
1342167772525113344,negative,5.664689077722939e-09
1342167772948799488,negative,0.01901656117934125
1342167775524118528,negative,0.0010577229406971908
1342167775528189952,negative,0.0007165019507622416
1342167777461870594,negative,8.515087045096324e-06
1342167778732732416,negative,2.5987155852303245e-05
1342167778875367429,negative,2.1966264133026632e-07
1342167779319934977,negative,5.001696173137159e-06
1342167780615970821,negative,5.156615831241403e-07
1342167780678893569,negative,0.01563543576172292
1342167781551308800,negative,0.1978306483584423
1342167782092382208,neutral,0.4507454498615163
1342167784139141122,negative,0.026554852397746322
1342167784265027596,negative,0.0002755830172568149
1342167785774919680,neutral,0.3358218310945649
1342167785980518400,neutral,0.4540558277351677
1342167789025579011,negative,0.09205680058539192
1342167790883581953,negative,1.2137587316032155e-05
1342167790975774720,neutral,0.4445449685024627
1342167792280346626,negative,0.15237137935820858
1342167792934678530,negative,0.0022950165391183463
1342167793446301697,neutral,0.4699498068352483
1342167794264236032,negative,0.004068694318205075
1342167794364907528,negative,5.1949321722634516e-05
1342167794859855877,negative,0.00016741188149027619
1342167795610562562,negative,5.001696173137159e-06
1342167795862265857,negative,0.26076950668447035
1342167798731169793,negative,0.09640323611645361
1342167800043823104,negative,0.009866309110518985
1342167800681537537,negative,0.14609850283191778
1342167801491054596,negative,0.014842250641207535
1342167803386855429,negative,0.023075944015281635
1342167803420422144,negative,0.01184685681938217
1342167804875829250,negative,0.10440416148123748
1342167805064523777,negative,1.8218995844573605e-07
1342167806301892608,negative,0.005605058504731523
1342167806360612867,negative,0.023075944015281635
1342167806654164993,negative,0.3031385932436478
1342167807170129920,negative,0.011490537435018785
1342167808587788289,negative,5.001696173137159e-06
1342167810198425601,negative,5.001696173137159e-06
1342167810638827520,negative,0.04351116210053477
1342167811393777666,negative,0.0002977093060074143
1342167811997786113,neutral,0.5472960823705576
1342167812303769600,negative,5.001696173137159e-06
1342167813276852225,negative,0.0010427729243528215
1342167814170402817,negative,0.07643409622375173
1342167814585503744,negative,2.6384936813114194e-07
1342167814736670726,negative,0.135407346783139
1342167814761836544,negative,0.15800777648905504
1342167815504207873,negative,7.30774934935384e-05
1342167816582156294,negative,0.0062567883189010975
1342167818993889280,negative,0.02312814423556466
1342167819341979651,negative,0.005363906578824478
1342167819690139648,neutral,0.33623359787652535
1342167819996327936,negative,0.11274546250037179
1342167820466073601,negative,0.07987679855143634
1342167822026362880,negative,0.016526589929810306
1342167822135402496,negative,0.0003447770698068475
1342167822915563520,negative,0.27538537887707226
1342167825071431680,negative,1.2137587316032155e-05
1342167825109057538,negative,4.933968295239969e-06
1342167825109159944,negative,0.0010427729243528215
1342167825725726721,negative,5.001696173137159e-06
1342167827558576129,positive,0.8965342229842713
1342167827801731073,negative,0.0003239154728240111
1342167827827056642,negative,0.1604614586044836
1342167828426874881,negative,0.03854565559978563
1342167829072773123,negative,5.2872953687218286e-08
1342167830716936192,negative,2.281026203573142e-11
1342167830922489857,negative,0.023158976181080253
1342167831186706438,neutral,0.4054246396690378
1342167831778119680,negative,7.30774934935384e-05
1342167831916343296,negative,0.059151179956913824
1342167832214306817,negative,0.11705960195381153
1342167833292247044,negative,5.001696173137159e-06
1342167834076598273,negative,0.14326313248807618
1342167834156281857,positive,0.9609331600384992
1342167836106506241,negative,0.31820487300311295
1342167836228255748,negative,5.001696173137159e-06
1342167836358287361,negative,0.3205746300160878
1342167836760936450,positive,0.9658494223001739
1342167838623215617,negative,1.2137587316032155e-05
1342167840951046146,negative,5.590013234470824e-06
1342167842079301638,negative,0.25267433365890934
1342167843526356993,negative,0.15237137935820858
1342167843941527553,negative,1.2042183512561387e-11
1342167846365892612,negative,0.15296622349727937
1342167846592372739,negative,0.006090637631782576
1342167846625939457,negative,0.05528446120294227
1342167847783391233,negative,0.0010427729243528215
1342167849750712323,neutral,0.33623359787652535
1342167850908323842,negative,0.00012999382588466934
1342167851470356481,negative,0.01184685681938217
1342167851998842880,negative,0.24617001669634506
1342167953664581635,negative,0.15884973808023384
1342167954289520641,negative,0.2013240848353585
1342167954482470912,negative,0.0014489940793156384
1342167956659335168,negative,5.001696173137159e-06
1342167957217140737,negative,0.04329948809938995
1342167959775559682,negative,0.1486080876747605
1342167960174153728,negative,0.00015499043884304532
1342167960790704130,negative,1.422743902844259e-07
1342167960950079488,negative,9.127227262976718e-07
1342167961444954112,negative,5.001696173137159e-06
1342167961512108033,negative,0.0003436074166871841
1342167964754305030,negative,0.15237137935820858
1342167964754305031,negative,0.009556971130213204
1342167965425426435,negative,0.15884973808023384
1342167965458964480,negative,0.0029602333337327555
1342167965618339840,negative,8.002721751993371e-14
1342167967061180417,negative,0.01901656117934125
1342167972392087554,negative,6.220463506324334e-05
1342167972530577413,negative,6.354079939911233e-07
1342167973293862914,negative,3.3365823659130405e-05
1342167973893648386,negative,0.29321058839686365
1342167974078275590,positive,0.9996679469659898
1342167976104103941,negative,3.0580150390907043e-07
1342167977282719744,negative,0.01074096200962391
1342167979996438528,negative,0.00014941900849267363
1342167981040799745,negative,0.2812124665127172
1342167981128761344,negative,0.004300878492222307
1342167982110355460,negative,5.034312704374037e-06
1342167982445899781,neutral,0.33623359787652535
1342167982546558976,negative,1.936142862879746e-08
1342167983200862213,negative,3.035461084035595e-07
1342167985394393088,negative,0.0032580438964232438
1342167985797132288,negative,0.0010427729243528215
1342167986006851584,negative,0.004218145443168121
1342167986690535431,negative,0.15237137935820858
1342167987118288896,negative,0.0012445089043806013
1342167987118338048,negative,0.0012445089043806013
1342167989651701765,negative,5.001696173137159e-06
1342167990259871744,negative,0.0012445089043806013
1342167990918406155,negative,0.00010753920962001665
1342167991564308483,negative,0.006090637631782576
1342167991912431618,negative,3.0654597488645394e-05
1342167992143147008,negative,1.6734281074416479e-10
1342167992499658754,negative,0.0013361498494843136
1342167993204273156,negative,5.001696173137159e-06
1342167993590181891,negative,0.14073610657034286
1342167994781343749,negative,5.001696173137159e-06
1342167995808940035,negative,5.001696173137159e-06
1342167996341628929,negative,0.0002755830172568149
1342167996618465287,negative,1.2137587316032155e-05
1342167997381816321,negative,0.0005658435540841284
1342167997981597701,negative,0.07414716252895988
1342167998782586884,negative,0.0017506143388280031
1342168000405921793,negative,0.05528446120294227
1342168001500618761,negative,0.18016715323309396
1342168001961975813,negative,1.2137587316032155e-05
1342168002029105153,negative,0.004895700006927604
1342168003303993344,negative,0.016470505410831435
1342168003765366784,negative,0.0011353916683194206
1342168005040599040,negative,0.015155107296918732
1342168005078360064,negative,0.0517814972521364
1342168005153861632,neutral,0.42755866745518784
1342168007125192713,negative,0.005557068525823104
1342168007192272897,negative,0.0076793701300136175
1342168007955636225,negative,9.61034658018958e-05
1342168009138450433,neutral,0.6301638698038303
1342168010187042817,positive,0.8616477064663635
1342168010224758784,negative,0.00016741188149027619
1342168010610651136,negative,0.000942675738455971
1342168011122253825,negative,0.02329323645236039
1342168011487252482,negative,0.008002740267951025
1342168013756395520,negative,0.005488672836214202
1342168014180003840,negative,0.15884973808023384
1342168015929008128,negative,0.27538537887707226
1342168016675631104,negative,0.0008067471435549648
1342168016692326402,negative,0.059151179956913824
1342168016826589186,negative,5.001696173137159e-06
1342168017187319809,negative,0.020531857326377394
1342168019242401792,negative,0.27538537887707226
1342168019351588865,negative,1.232769061267759e-06
1342168021570359297,negative,0.0001640786694404928
1342168022396645377,negative,5.001696173137159e-06
1342168022514069508,positive,0.9845644697550272
1342168022891569158,negative,7.30774934935384e-05
1342168023621390338,negative,5.667585845313686e-06
1342168024007131136,negative,1.6734281074416479e-10
1342168024049197059,negative,5.001696173137159e-06
1342168025248755718,negative,0.004551295411253584
1342168026452533248,neutral,0.5472960823705576
1342168026997792769,negative,8.515087045096324e-06
1342168032479760384,negative,0.015773583174067275
1342168032861442048,negative,0.1609198433251505
1342168032991309825,negative,2.7890093777609002e-05
1342168033192796160,negative,0.041041191986934365
1342168037009592323,negative,5.001696173137159e-06
1342168038670385152,negative,1.4111992767671584e-06
1342168038687330317,negative,0.08890074408026578
1342153773611888641,negative,0.29402251600063983
1342153945041534977,negative,0.0008105717347804356
1342154029845995520,negative,6.15451548025058e-06
1342154047139278850,negative,0.009255263888430712
1342154444788674560,negative,0.07613484115485525
1342154966308421632,neutral,0.3429091317735842
1342154990480187392,negative,0.002337820745561793
1342155029604667395,negative,0.002337820745561793
1342155034151297026,negative,1.1781593002886912e-06
1342155275281772545,negative,0.07217470350750436
1342157670606843906,negative,0.24049544451520133
1342157915461984257,neutral,0.5379464159773841
1342157959930015745,neutral,0.37727431774234627
1342158139316199424,negative,0.19659209730443133
1342158320866619392,negative,0.002337820745561793
1342159140756615171,negative,0.004331626338379811
1342159303948595208,negative,0.001815162999586753
1342159788176793608,negative,0.008058788528355343
1342159892270952451,positive,0.9952184065607481
1342159968515059712,negative,5.715618361661128e-05
1342161457249722370,negative,4.9432833612582124e-05
1342161555673255936,negative,0.018577760903897848
1342161648333815808,negative,0.14317036949297599
1342161656357543944,negative,0.032154271774871616
1342161683637297159,negative,7.081455897593493e-05
1342161764415381504,negative,0.00017697999100909994
1342161910066765825,negative,0.21730834603944982
1342161976806535168,negative,0.032154271774871616
1342162020305661953,positive,0.6624055896622104
1342162130754277376,negative,0.0005835601770233485
1342162511777439744,positive,0.6875103614998895
1342162722503462915,neutral,0.5193635471945297
1342163746660229120,negative,2.086105313321329e-13
1342166604990263296,negative,0.03537889071474553
1342167065000620034,negative,1.2018577704366598e-05
1342167321859805184,negative,8.720772446310413e-06
1342167336229494786,neutral,0.4461733275406525
1342153119329890310,negative,0.3029968537174699
1342154035227455489,negative,0.17672755989941588
1342154853615771648,neutral,0.49789225920557484
1342154916186497026,negative,0.00097491026187148
1342156456435609603,neutral,0.49789225920557484
1342158325711052800,negative,2.399012824588293e-05
1342158490572361728,negative,0.0001596993290551943
1342158714992795648,negative,0.00023518637782967997
1342159976417144832,negative,0.0010718328935798956
1342160354256834564,positive,0.9959746593798071
1342163199316017152,negative,0.024908377995848864
1342165359739211776,neutral,0.49789225920557484
1342165931116650503,negative,1.2215919028894764e-06
1342153142851530755,neutral,0.5743452650545291
1342159486518177799,negative,2.1292013641976943e-06
1342163669803741186,negative,0.0032171148904679317
1342164302833315840,negative,2.1292013641976943e-06
1342154055884435458,neutral,0.5542742496867634
1342154224948420613,negative,0.0037500895023376032
1342155284832280577,positive,0.9851365741416813
1342155607437176832,negative,6.532975406545386e-06
1342157846230818816,negative,0.32382741430228273
1342157952732581890,negative,3.4352127814284926e-06
1342159380192649217,positive,0.9562634682718758
1342159589761052674,negative,0.0058921620126723626
1342161831146774528,negative,0.01586640940737678
1342161832908349440,neutral,0.49789225920557484
1342161879557406720,neutral,0.5963801011111336
1342162356932116481,negative,0.00028188966388641916
1342162388632498177,neutral,0.3536020149451268
1342162485282004992,neutral,0.5688294648243021
1342162548540358656,neutral,0.49789225920557484
1342162767663534080,neutral,0.49789225920557484
1342162906344005634,neutral,0.49789225920557484
1342165641076342786,neutral,0.49789225920557484
1342165892822663169,negative,0.004045270994636711
1342165958258020352,negative,0.2990677891813035
1342166413121880064,negative,0.004962184566245722
1342166549000499201,neutral,0.5542742496867634
1342166573050683397,negative,6.256942625617613e-06
1342166764239659018,negative,0.038039864131620374
1342167267912638470,negative,0.0003755602653115242
1342167462637412358,neutral,0.5542742496867634
1342167488201510913,negative,0.014542527870171348
1342167488533057537,negative,0.036870999809779426
1342167502734979081,negative,6.256942625617613e-06
1342167533722468355,negative,0.2534245208368542
1342167679906492419,negative,0.10964389600525452
1342167681600917505,negative,0.002035559681601617
1342153061062615040,negative,0.15242169561491606
1342153061188456452,negative,9.220521109344325e-05
1342153064766124032,negative,0.01607618605648144
1342153065114304513,neutral,0.33623359787652535
1342153065663660032,negative,0.06484771904959023
1342153069769814021,negative,4.199930863180137e-05
1342153071053467652,negative,5.001696173137159e-06
1342153071875530758,negative,5.001696173137159e-06
1342153074714931203,negative,0.11063126087962723
1342153078687019013,negative,0.000880579380596658
1342153081279176706,negative,5.001696173137159e-06
1342153082818490369,negative,0.00013433632611911767
1342153085075021826,negative,5.001696173137159e-06
1342153085263745024,negative,5.001696173137159e-06
1342153094470123524,neutral,0.35537226046393167
1342153100749131779,negative,2.0168449560424783e-05
1342153107279634434,negative,0.16913426361747186
1342153109016031235,negative,0.16913426361747186
1342153111050194946,negative,1.013572058903412e-05
1342153112220561410,negative,0.05837461275564307
1342153117887066112,negative,5.001696173137159e-06
1342153120420425729,negative,0.001772569753652145
1342153121192161286,negative,5.001696173137159e-06
1342153124262391808,neutral,0.33623359787652535
1342153133095596040,negative,0.0004398069040672222
1342153137839349760,negative,0.16913426361747186
1342153143698808833,negative,5.001696173137159e-06
1342153147922460673,positive,0.9205393517642273
1342153161100898308,negative,2.674618707444809e-09
1342153164808744961,negative,0.018749978926892053
1342153169330171907,negative,0.00013433632611911767
1342153182915530752,negative,0.16331079852030136
1342153203975135233,negative,8.897018665739996e-06
1342153204671209472,negative,0.16162955086206265
1342153206474952705,negative,0.16913426361747186
1342153207913574401,neutral,0.43511836201260606
1342153218361593858,negative,5.001696173137159e-06
1342153225747787776,negative,5.001696173137159e-06
1342153229610737664,negative,5.001696173137159e-06
1342153233217839104,negative,0.01426580548053544
1342153239018545161,negative,0.2655080488871879
1342153239572193281,negative,0.01607618605648144
1342153243858767873,neutral,0.33623359787652535
1342153244156555265,neutral,0.6588179530448786
1342153250984751109,negative,2.059359385620606e-05
1342153252213829635,negative,2.1719827790474554e-05
1342153254805897217,negative,0.3110003837998267
1342153265388126208,negative,5.001696173137159e-06
1342153268328341506,negative,0.0008067471435549648
1342153270446456833,negative,1.5176833835617743e-06
1342153272325509121,neutral,0.43511836201260606
1342153277274775552,negative,0.0011212130257765318
1342153278524710921,negative,5.001696173137159e-06
1342153279246110722,negative,1.3316026208667882e-07
1342153279707488259,neutral,0.33623359787652535
1342153280349220864,negative,5.001696173137159e-06
1342153281490059264,negative,2.8468213899802755e-08
1342153282186338306,negative,0.16913426361747186
1342153282584797185,positive,0.9999999999759552
1342153286154125313,negative,5.001696173137159e-06
1342153286401593347,negative,0.25201312492325134
1342153287336943617,negative,0.0009390591835071213
1342153289165627395,negative,5.001696173137159e-06
1342153293368324105,negative,5.001696173137159e-06
1342153293649367044,neutral,0.33623359787652535
1342153296962871296,negative,0.16913426361747186
1342153302881038338,negative,5.001696173137159e-06
1342153306920116225,negative,5.940379453936748e-07
1342153312540495879,negative,8.15601693161708e-06
1342153317460418567,negative,0.0004670138806280982
1342153319284940801,neutral,0.43511836201260606
1342153333696557056,negative,1.5739370506662442e-05
1342153336691322881,negative,7.652394281892423e-06
1342153337760841735,positive,0.9205393517642273
1342153360452018180,negative,0.006385122401401909
1342154024037003270,negative,5.001696173137159e-06
1342154024724942850,negative,0.1319055503592979
1342154024829804552,negative,2.3173782088772368e-08
1342154028201996290,negative,0.001774576606885177
1342154034296320000,negative,5.001696173137159e-06
1342154038624854016,negative,0.0021764541389226277
1342154039853805569,negative,0.03941534757469966
1342154044786307073,negative,0.0026868749527966377
1342154053283946497,negative,0.00013433632611911767
1342154055217520640,negative,5.001696173137159e-06
1342154056836513792,negative,0.153843746258336
1342154061395726337,negative,1.337973312890356e-08
1342154063471910913,negative,0.00013433632611911767
1342154064570834946,negative,5.001696173137159e-06
1342154073861193731,negative,0.16913426361747186
1342154078093246464,negative,1.2909037945868261e-11
1342154078437199873,neutral,0.33623359787652535
1342154088407060480,neutral,0.33623359787652535
1342154092228042752,negative,1.7667642682809933e-05
1342154096715956227,negative,5.001696173137159e-06
1342154102726340609,positive,0.8271319582648426
1342154103443615757,negative,1.5044764021823247e-07
1342154103938555904,negative,0.012787206945097683
1342154107629559811,negative,5.001696173137159e-06
1342154107788939264,negative,4.362533460716906e-16
1342154115338612740,negative,5.001696173137159e-06
1342154122645168130,neutral,0.33623359787652535
1342154138042433536,negative,0.014560959720121442
1342154138612768769,negative,0.0688726323531877
1342154141473394689,negative,0.1768478633051663
1342154148280582144,positive,0.9065058086775786
1342154150449209345,negative,1.4847049202139218e-05
1342154156413493249,negative,0.16913426361747186
1342154160003813376,negative,5.001696173137159e-06
1342154168077840384,negative,5.001696173137159e-06
1342154170690899969,negative,8.602598682837768e-11
1342154171458482177,negative,0.0017507250596406345
1342154171911442434,negative,0.000731891248881222
1342154175216406528,negative,2.0797093565454495e-05
1342154175879258114,neutral,0.4385322601022816
1342154177024323584,negative,5.001696173137159e-06
1342154181214306307,neutral,0.49789225920557484
1342154181684174852,negative,3.76395572251575e-07
1342154188424404992,negative,0.00013433632611911767
1342154188445388800,negative,0.02754765734589487
1342154189410070530,negative,5.001696173137159e-06
1342154190861316096,negative,5.001696173137159e-06
1342154191838588933,neutral,0.442878047314665
1342154210117206018,negative,0.0012321676723139172
1342154228173840384,negative,0.19635195326467503
1342154231441203201,negative,1.3827004399976252e-07
1342154237325688833,neutral,0.43511836201260606
1342154250101657600,negative,0.04157422023239749
1342154250579824641,negative,2.2275285061060296e-08
1342154253121564672,negative,0.0030650177235772963
1342154253436071937,neutral,0.39258107383712465
1342154258133757955,negative,5.001696173137159e-06
1342154259379458049,negative,7.948001558575249e-06
1342154260386107395,negative,9.220521109344325e-05
1342154266283282432,negative,1.1785374545565421e-09
1342154266736291840,negative,0.01074020342434012
1342154279088435200,neutral,0.33623359787652535
1342154282624286720,negative,0.00013433632611911767
1342154283186319365,positive,0.9205393517642273
1342154302463356929,neutral,0.33623359787652535
1342154315608297473,negative,0.001654093385975514
1342154315612512256,negative,1.7758562409095239e-09
1342154324030402560,negative,5.001696173137159e-06
1342154329470459907,negative,1.531240324443665e-07
1342154340321140742,neutral,0.33623359787652535
1342154342393126921,neutral,0.33623359787652535
1342154344532234243,negative,5.001696173137159e-06
1342154347380137987,negative,9.162723912800825e-08
1342154356670533634,negative,2.289324678865476e-07
1342154358130167812,neutral,0.33623359787652535
1342154359589756929,negative,0.00018285326351806289
1342154360898392064,negative,4.396307775743377e-07
1342154368854990849,negative,0.016855376936074692
1342154371103154179,negative,0.16913426361747186
1342154371103154180,negative,5.001696173137159e-06
1342154382352248832,negative,5.001696173137159e-06
1342154383354691584,negative,0.16913426361747186
1342154389163810832,negative,0.16913426361747186
1342154401906110469,negative,0.03510936148380453
1342154408373739521,negative,5.001696173137159e-06
1342154418255507460,neutral,0.40427107454807487
1342154418989498369,negative,0.0014231931526037561
1342154419006279680,negative,8.312029110798694e-05
1342154419467677698,negative,0.017713564361658184
1342154429613670401,negative,0.0004398069040672222
1342154435938689026,negative,5.001696173137159e-06
1342154438698528769,negative,0.0029852063374563786
1342154439763898370,negative,0.00010821986407676775
1342154447795990533,positive,0.9205393517642273
1342154450299973638,neutral,0.39258107383712465
1342154457438703617,negative,5.001696173137159e-06
1342154459976245252,negative,5.001696173137159e-06
1342154469824487424,neutral,0.33623359787652535
1342154470684303369,negative,5.001696173137159e-06
1342154486870134784,negative,0.16913426361747186
1342154491072753665,negative,5.001696173137159e-06
1342154506050674691,negative,5.001696173137159e-06
1342154507879391237,negative,5.001696173137159e-06
1342154514288287748,negative,5.001696173137159e-06
1342154515714363392,negative,4.010305181645688e-06
1342154519803813893,negative,0.006334789051235034
1342154520776896513,negative,0.0028208310736630216
1342154524283318274,positive,0.9614691170937978
1342154525336076288,negative,0.00019134665616770088
1342154530352472067,negative,2.1499124463017968e-05
1342154533380759560,negative,5.1543356042136165e-06
1342154547737874433,negative,9.220521109344325e-05
1342154555027546112,negative,1.6576195153549047e-06
1342154574975676419,negative,0.2015625688674511
1342154577571946496,neutral,0.42685795268380466
1342154581418119169,positive,0.721882024330111
1342154595137679362,negative,0.0007399094958796518
1342154613374517248,negative,0.0034350558698049488
1342154615756890112,negative,0.049846837095491356
1342154616142761990,negative,0.0031109032766952487
1342154619267526658,negative,0.0006690995433447336
1342154631661682689,neutral,0.33623359787652535
1342154633687539713,negative,0.17936937691063232
1342154634455085062,negative,0.234629166985463
1342154635998584832,negative,0.011834873950732726
1342154637479129089,negative,0.0055538835877325275
1342154640973041668,negative,5.001696173137159e-06
1342154642084552706,negative,0.00033621876233223727
1342154660166193158,negative,5.001696173137159e-06
1342154666768027650,negative,0.00013433632611911767
1342154667262963714,negative,5.001696173137159e-06
1342154667862732804,negative,0.16913426361747186
1342154673130758144,neutral,0.39258107383712465
1342154674099535872,negative,0.0007657436229894553
1342154675278270469,negative,0.004150396421406359
1342154677165694978,negative,0.17005949237720505
1342154688767156230,negative,0.00013433632611911767
1342154691707346947,negative,5.001696173137159e-06
1342154691803828225,negative,0.0014255315686212372
1342154701928865792,neutral,0.33623359787652535
1342154701928886272,negative,0.002939687363799538
1342154711512846336,negative,5.001696173137159e-06
1342154711915499521,negative,0.0007399094958796518
1342154722636083201,negative,0.00013433632611911767
1342154735508357121,negative,0.2905012187500308
1342154738108923914,negative,0.003415882120161717
1342154740885565440,negative,1.8033012366054706e-06
1342154761089507331,negative,4.605268363003165e-16
1342154765501931520,negative,1.0216953459038941e-06
1342154769209716737,negative,9.220521109344325e-05
1342154780290985986,negative,0.16913426361747186
1342154789346545665,negative,0.0688726323531877
1342154794610339840,negative,9.220521109344325e-05
1342154795583463433,positive,0.9205393517642273
1342154797764505600,negative,0.00013433632611911767
1342154801598111747,negative,0.0049787404959439705
1342154802298580993,negative,0.00013433632611911767
1342154809298837504,negative,0.014932689883554623
1342154830631075840,neutral,0.3877931026884777
1342154840177319941,negative,1.7634166864518865e-08
1342154844472299521,negative,0.0007399094958796518
1342154849954242561,negative,0.00025005752381626855
1342154869751353347,negative,3.72262097990609e-06
1342154871408103426,negative,0.17936937691063232
1342154871580086273,negative,0.0031991351115902853
1342154872481845249,negative,5.001696173137159e-06
1342154880006418435,negative,0.16913426361747186
1342154883840045058,negative,0.03510936148380453
1342154891637252096,positive,0.9493743679300689
1342154896133529606,negative,5.001696173137159e-06
1342154896351621121,negative,0.1690545883290546
1342154900453683203,negative,0.0031109032766952487
1342154908691214337,negative,0.004214753926543237
1342154914752057347,negative,0.00031521583485418165
1342154946318372864,negative,0.002454263079891457
1342154953188659204,negative,0.03440276995095372
1342154962684395520,negative,0.11063126087962723
1342154965784154114,negative,4.3706252661134254e-05
1342154965842874368,negative,0.16913426361747186
1342154970792144896,negative,0.0005013425958907291
1342154989301616640,negative,0.02946435078163194
1342154994817101825,positive,0.6949745495650903
1342154998298324993,negative,0.0034451744219687083
1342154999598641152,negative,3.0000213538992492e-05
1342155021589348352,negative,0.005087498874421669
1342155025842380804,positive,0.9999999999759552
1342155028421877760,negative,0.0022131362252410486
1342155031710228480,negative,0.29625627019328915
1342155045803085825,negative,4.666821354634638e-05
1342155061682704385,negative,5.001696173137159e-06
1342155071765831680,negative,5.001696173137159e-06
1342155076383739905,negative,0.06500623641544204
1342155076945784833,negative,1.8851228789135892e-07
1342155080309612544,positive,0.7851372276264073
1342155089738424320,negative,9.220521109344325e-05
1342155090665361410,negative,0.0030103143843018777
1342155095136477189,negative,5.001696173137159e-06
1342155109699092481,negative,0.0036227200324663177
1342155128720269314,negative,0.16913426361747186
1342155132008587264,negative,7.279366686747701e-06
1342155149750530048,negative,0.16913426361747186
1342155152971747330,negative,0.02367063471242429
1342155156205535235,negative,5.001696173137159e-06
1342155157077942272,negative,1.1547144279266228e-05
1342155164539625472,negative,1.8317974942009395e-05
1342155166682927104,neutral,0.5908766672630462
1342155171795771392,negative,0.0004138961155263616
1342155187255791617,negative,0.16453553701516313
1342155191811002368,negative,3.4897680570159495e-07
1342155194038165506,negative,5.001696173137159e-06
1342155194587557888,positive,0.721882024330111
1342155198140178432,negative,0.06381384445835123
1342155199125860353,neutral,0.33623359787652535
1342155205085949957,negative,6.801205823035824e-05
1342155220781035526,negative,0.007995029510690784
1342155223431868416,negative,1.076581658905976e-06
1342155224396537856,negative,5.200255644639239e-05
1342155231967240192,negative,1.2216321312083542e-09
1342155235444334593,negative,2.277810578327978e-09
1342155240376823808,negative,1.1320155646165632e-10
1342155248044040192,negative,5.205424792868235e-06
1342155250673868801,negative,0.00013433632611911767
1342155258999484419,negative,0.16883569590354874
1342155265647509504,positive,0.9205393517642273
1342155267937484800,negative,0.0688726323531877
1342155275713843202,negative,0.0024571686311396328
1342155280453394435,negative,0.16490759654860254
1342155282391179271,negative,0.0003207919074478413
1342155286820364289,negative,0.1912073889637271
1342155289408188417,negative,5.001696173137159e-06
1342155297272508418,neutral,0.4501869063318868
1342155304566460419,negative,6.240778987650494e-10
1342155316692217858,negative,1.3912472833622418e-05
1342155319972159489,negative,2.0162481069685266e-09
1342155329421922305,negative,0.0014231931526037561
1342155330353033216,negative,0.00414119933087928
1342155334346018819,negative,0.007920295462309589
1342155334685749253,negative,4.367668633142116e-06
1342155341090484227,negative,3.126747930313616e-10
1342155344601100289,negative,0.00013433632611911767
1342155344986976256,neutral,0.4621165741370409
1342155345918091265,negative,0.03198581233101218
1342155349495832580,negative,0.2135140083070197
1342155357397929985,negative,1.3006259462812269e-05
1342155361483014144,negative,0.0016498128095497446
1342155362246520832,negative,3.1049030804251484e-05
1342155364683436035,negative,1.8288614135429036e-05
1342155365081874439,negative,0.12219348203621053
1342155373659226113,neutral,0.43584601855428456
1342155374284177408,negative,0.001060772627220185
1342155375097868289,negative,5.001696173137159e-06
1342155378105217029,negative,0.012011136480746728
1342155389773606912,negative,5.001696173137159e-06
1342155398032355335,neutral,0.33623359787652535
1342155412112613376,negative,8.732180562332097e-05
1342155417145593857,negative,0.0016498128095497446
1342155418198536194,negative,2.598342587830284e-06
1342155430978580481,negative,0.16913426361747186
1342155440499601414,negative,0.00013433632611911767
1342155447441240067,negative,4.362048445535186e-07
1342155448464662530,negative,6.116906932789717e-07
1342155455095828482,neutral,0.4621165741370409
1342155460011581440,negative,0.10522131516452612
1342155468601487367,negative,0.07951801367839
1342155468765065221,negative,1.1262118300376165e-05
1342155472531578880,negative,0.0009368817978454522
1342155477954793474,negative,0.16913426361747186
1342155489002614785,negative,1.153569467300168e-07
1342155492127371266,negative,0.003683388251801267
1342155492555161601,negative,0.2569660978438031
1342155495495372801,negative,1.2813331718252415e-07
1342155496313282560,negative,0.07107058159338464
1342155499379290120,negative,2.95035849577509e-07
1342155499991662592,neutral,0.3830587471784948
1342155506182459393,negative,0.011309035890792721
1342155511328890880,negative,0.02760219823152309
1342155517070876674,negative,0.012506859995685434
1342155519453257728,negative,0.07107058159338464
1342155533332180992,negative,0.003053613386273472
1342155537501343744,negative,0.07107058159338464
1342155565506682881,negative,5.001696173137159e-06
1342155574667079681,negative,1.0433594803429402e-05
1342155582158106624,negative,0.021219641762310913
1342155584238448640,negative,5.001696173137159e-06
1342155604564062208,negative,7.944004246641325e-06
1342155605339987974,negative,5.001696173137159e-06
1342155609614004226,negative,5.001696173137159e-06
1342155612843634688,neutral,0.4030530113650818
1342155613091016706,negative,5.001696173137159e-06
1342155615582511106,neutral,0.43511836201260606
1342155617939709954,negative,5.001696173137159e-06
1342155623308398594,negative,5.001696173137159e-06
1342155624025620483,negative,0.0016900191016798237
1342155628861681664,negative,0.014932689883554623
1342155631910907905,neutral,0.33623359787652535
1342155634364604417,negative,0.17936937691063232
1342155635996110850,negative,0.008534441123728243
1342155636386254849,negative,5.001696173137159e-06
1342155646725206020,negative,0.0011570677729813618
1342155648679686145,negative,0.06866964312047504
1342155653394137090,negative,0.00013433632611911767
1342155666585169921,negative,0.06671075819009809
1342155671052156929,negative,0.0009368817978454522
1342155676311818243,negative,0.00013433632611911767
1342155683869978624,negative,0.001060772627220185
1342155685606391813,negative,0.009610537282463357
1342155695488172035,negative,0.21921412548362115
1342155708746313728,negative,0.20436573596166815
1342155729516568577,negative,0.07157469703539589
1342155731424964609,negative,1.076581658905976e-06
1342155735120142337,neutral,0.3850748772223694
1342155736403611649,negative,0.012787206945097683
1342155737787756544,negative,1.8202615001625546e-06
1342155739398287364,negative,0.07107058159338464
1342155742267129856,negative,0.008176216861116265
1342155742942547974,negative,5.001696173137159e-06
1342155747996659712,negative,5.754135262130505e-07
1342155752249679874,negative,0.014932689883554623
1342155757895233537,negative,3.003872139232219e-14
1342155775821680643,negative,0.004269206569317703
1342155775851028480,negative,0.17936937691063232
1342155799502729216,negative,2.1951583507853563e-06
1342155800693846017,negative,0.0006930115685846212
1342155801176264708,negative,4.287580522205471e-05
1342155806121156609,negative,0.036091408688814226
1342155806880497664,negative,0.00016259094534329347
1342155806951792643,negative,0.00011420354858763993
1342155807580893186,negative,1.2815204900780089e-10
1342155808004571138,negative,0.00043912789131410503
1342155810948980737,negative,0.004225943397077464
1342155815629819905,negative,0.17936937691063232
1342155816326082566,neutral,0.3850748772223694
1342155816326094850,negative,5.001696173137159e-06
1342155826195292160,negative,0.03662977964384209
1342155827860353028,negative,5.001696173137159e-06
1342155835527540738,neutral,0.35518865471505473
1342155838262272001,negative,0.1018481011548387
1342155839101140992,negative,0.007919704627704367
1342155844927029248,negative,0.16913426361747186
1342155849259765766,negative,0.16913426361747186
1342155851029745664,negative,8.518728907259742e-09
1342155851709165570,negative,0.004175451217447835
1342155864615112704,negative,1.881230851673806e-06
1342155868721340421,negative,0.00013433632611911767
1342155877390962688,negative,0.13491293474397204
1342155884181516291,negative,9.474880806713924e-05
1342155891701919745,negative,0.000985965032220258
1342155907678007308,negative,0.00018285326351806289
1342155908391047171,negative,0.32565884406638995
1342155928259452932,negative,0.0001343326307938514
1342155934324453376,negative,0.224101317002695
1342155938808164359,negative,1.9315755751260517e-05
1342155945535799302,negative,0.0003965009393993586
1342155951059709952,negative,0.0007399094958796518
1342155951772729345,negative,5.513859447381653e-06
1342155961826467841,negative,5.001696173137159e-06
1342155962346598401,negative,0.0009368817978454522
1342155964070432769,negative,5.001696173137159e-06
1342155967828529152,negative,0.11163814640977855
1342155973738299392,negative,5.001696173137159e-06
1342155979585159168,negative,0.006223643272250818
1342155981451620352,negative,0.0014248558833625173
1342155984576393219,negative,5.001696173137159e-06
1342155985691922433,negative,5.001696173137159e-06
1342155995712090112,negative,5.001696173137159e-06
1342155996240748545,negative,5.001696173137159e-06
1342156000640512000,negative,5.001696173137159e-06
1342156003232636929,negative,0.03184735465826422
1342156006055239680,negative,0.00016259094534329347
1342156006390902784,negative,5.205424792868235e-06
1342156006936162306,negative,5.001696173137159e-06
1342156010371346432,negative,0.0007614970998337607
1342156014544711680,negative,1.07160243703503e-06
1342156015782014976,negative,0.0026868749527966377
1342156016323059714,negative,2.911017089635192e-05
1342156020567711744,negative,0.0021839026732868097
1342156020899000324,negative,0.00013433632611911767
1342156021654036480,negative,0.046120798192259414
1342156030264963073,negative,0.0006552857957544659
1342156034484400129,negative,0.00027639061589841165
1342156058840735747,negative,0.003587295338336197
1342156067090870274,negative,0.00013433632611911767
1342156072006660097,negative,0.00013433632611911767
1342156073164296194,negative,0.03510936148380453
1342156074321924097,negative,9.514050394303822e-09
1342156082559516673,negative,4.471205717610331e-09
1342156086527348739,negative,3.7015536202220143e-06
1342156094349705216,negative,0.07107058159338464
1342156100628590592,negative,0.07107058159338464
1342156104286019584,negative,0.0023064017786879687
1342156106580324358,negative,1.0727272251589351e-05
1342156108534849542,negative,0.01376631177263041
1342156110858506242,negative,1.5133297444047746e-11
1342156116436930561,negative,0.07107058159338464
1342156117888139265,negative,1.1775216677918524e-06
1342156126218031107,negative,2.6479172762166596e-07
1342156135802036231,negative,0.0688726323531877
1342156136942862336,neutral,0.4185001873638765
1342156142856830978,negative,0.13674908568512092
1342156148124889090,negative,1.0026892944507932e-07
1342156154206625792,negative,0.16913426361747186
1342156155783667714,neutral,0.43511836201260606
1342156160200278019,negative,3.0404807807424595e-09
1342156160456122368,negative,0.01775600101743173
1342156161013972992,negative,0.0030103143843018777
1342156163735941120,negative,3.4911118605023376e-07
1342156180353937417,negative,0.00013433632611911767
1342156180953722880,negative,9.220521109344325e-05
1342156181024989190,negative,0.1593782282474093
1342156181536698369,negative,0.07102897348637045
1342156185462591488,negative,2.83705146759936e-12
1342156186829914112,negative,0.0024571686311396328
1342156188763512834,negative,6.801205823035824e-05
1342156202990571527,negative,0.027165247307595005
1342156206530551808,negative,5.001696173137159e-06
1342156207889526786,neutral,0.33623359787652535
1342156211177795586,negative,2.372464490383453e-08
1342156211513401344,negative,9.176135341278952e-09
1342156227682447363,negative,0.0001636144848850383
1342156241137762305,negative,0.008890624426837515
1342156241368469506,negative,4.879545643576822e-08
1342156248167407619,negative,1.0727272251589351e-05
1342156255167700992,negative,6.801205823035824e-05
1342156279545008130,negative,0.0114645130532865
1342156297295298560,negative,0.0154167630718398
1342156299564425221,negative,5.001696173137159e-06
1342156307542007809,negative,0.00013433632611911767
1342156312302522368,negative,7.319133284748714e-06
1342156313070088196,negative,6.5277969734754645e-06
1342156313103622146,negative,0.051119145728436094
1342156316840763395,negative,0.02730401628521842
1342156318057099266,negative,5.001696173137159e-06
1342156318883373057,negative,0.0030925514697933
1342156326126936065,negative,5.001696173137159e-06
1342156326940639236,negative,0.0007928443785993601
1342156328396009475,negative,0.0021195866858919796
1342156333517328392,negative,0.008890624426837515
1342156348163764225,negative,0.17936937691063232
1342156360012754944,negative,0.012011136480746728
1342156361354924032,negative,5.001696173137159e-06
1342156361359118341,negative,5.001696173137159e-06
1342156366681681922,negative,0.16913426361747186
1342156374650859528,negative,0.0008067471435549648
1342156374726352897,negative,0.10423956210162658
1342156379449126912,negative,0.0027791345272010753
1342156385082085376,negative,0.11163814640977855
1342156390287233025,negative,0.013127555434990132
1342156396016623616,negative,0.0007878849401380977
1342156401330835458,negative,4.641403810149103e-07
1342156401586499584,negative,0.001141149099686553
1342156404111585282,negative,1.302400085777022e-06
1342156406523383809,negative,0.16913426361747186
1342156410784796675,negative,6.2629552998051605e-06
1342156413414629381,negative,9.147813500664751e-10
1342156419651563520,negative,0.00145628352388686
1342156427276800001,negative,0.029758451754144745
1342156431815036928,negative,5.426079112045805e-06
1342156446515875840,negative,0.0002316352153747066
1342156448210550786,negative,3.4205591377946606e-07
1342156464245395462,neutral,0.43511836201260606
1342156465151340545,negative,1.4371625066553088e-05
1342156475691577346,negative,0.0004398069040672222
1342156484923305984,negative,4.9433364619622736e-05
1342156486257029121,negative,0.013620390595033033
1342156487452459008,neutral,0.43511836201260606
1342156491063758848,negative,5.001696173137159e-06
1342156495652347909,negative,5.001696173137159e-06
1342156499355901953,negative,0.07107058159338464
1342156505190191105,negative,0.006334789051235034
1342156506570125313,negative,5.001696173137159e-06
1342156520390356995,negative,0.16913426361747186
1342156521032060928,negative,5.4813645979050896e-05
1342156531236823041,negative,0.16507909393067005
1342156535351439367,negative,0.0031109032766952487
1342156537171734528,negative,5.001696173137159e-06
1342156543110897665,negative,0.16913426361747186
1342156555836399617,neutral,0.43511836201260606
1342156561653919746,negative,5.001696173137159e-06
1342156576107470849,negative,0.00959910386164573
1342156576174575616,negative,0.16913426361747186
1342156587289505795,negative,1.5902518584095766e-17
1342156588887498757,negative,1.3202844467425807e-07
1342156599989841921,negative,0.042415697760914334
1342156612497268736,negative,0.0031109032766952487
1342156613440987137,negative,0.004124831806759048
1342156623356162048,neutral,0.3850748772223694
1342156638959108097,negative,5.5728033585493265e-05
1342156641865752581,negative,9.458947290232652e-12
1342156644851961857,negative,0.0005611636771395567
1342156656558399492,negative,9.220521109344325e-05
1342156667669147651,negative,1.0727272251589351e-05
1342156677995499521,negative,5.001696173137159e-06
1342156678742081538,negative,5.001696173137159e-06
1342156678796603393,positive,0.721882024330111
1342156684890955776,negative,5.001696173137159e-06
1342156688158240770,negative,5.001696173137159e-06
1342156691098513408,negative,0.0014605439829827262
1342156692499398656,negative,0.006477982368485242
1342156698971156486,negative,4.641403810149103e-07
1342156699600351232,neutral,0.3850748772223694
1342156706164453377,neutral,0.437842836721956
1342156710266417152,negative,5.001696173137159e-06
1342156711583494146,negative,5.001696173137159e-06
1342156711709335555,negative,5.001696173137159e-06
1342156715203158016,negative,2.727915976262053e-07
1342156715379331081,negative,5.001696173137159e-06
1342156718080454657,negative,5.001696173137159e-06
1342156723990179841,negative,3.4965899519000375e-08
1342156724195758083,negative,0.16913426361747186
1342156728977256448,negative,0.00027639061589841165
1342156730852126720,negative,0.1820705670736094
1342156730873094144,negative,5.001696173137159e-06
1342156732328513539,negative,5.001696173137159e-06
1342156738619957250,negative,0.0019330725548094509
1342156738997452802,negative,5.001696173137159e-06
1342156739467235328,negative,0.0007687567059842492
1342156744366153730,negative,5.001696173137159e-06
1342156747952312320,negative,5.001696173137159e-06
1342156749269311489,negative,5.001696173137159e-06
1342156754080198656,negative,0.00013433632611911767
1342156756487729153,negative,6.720225066654256e-05
1342156757938954242,negative,5.001696173137159e-06
1342156767199961092,negative,9.162723912800825e-08
1342156776825872384,negative,5.578861679767019e-10
1342156787554938889,negative,0.010244034593689985
1342156793582129153,neutral,0.4366870857251618
1342156795696074755,negative,2.175901260617677e-05
1342156804353118210,negative,0.0007687567059842492
1342156815610609672,negative,9.220521109344325e-05
1342156818110443520,negative,0.00013433632611911767
1342156820660543491,negative,0.0024571686311396328
1342156826301915137,negative,0.004020602612562443
1342156826641620992,negative,0.03198703932933292
1342156826641649670,negative,1.7093624667389674e-05
1342156832215691265,negative,0.0032239315683247473
1342156833025351681,negative,0.035177527403815315
1342156836317888512,negative,0.21005668591102342
1342156836523413505,negative,5.879064852547173e-06
1342156844966567936,negative,0.0032516014700697845
1342156850653966336,neutral,0.49789225920557484
1342156860506460161,negative,5.001696173137159e-06
1342156861504704512,negative,5.001696173137159e-06
1342156862167330829,neutral,0.33623359787652535
1342156865673822208,negative,0.16913426361747186
1342156870400802825,negative,5.114899753607561e-17
1342156871973679106,negative,5.001696173137159e-06
1342156873479450626,negative,3.4377779103053713e-10
1342156874427342849,negative,6.529698338079489e-05
1342156878852333569,negative,5.001696173137159e-06
1342156879926067204,negative,5.001696173137159e-06
1342156887010238468,negative,0.04421759164601643
1342156890168565760,negative,0.008185136388239724
1342156890306990082,negative,8.320234889643416e-05
1342156901849686018,negative,5.001696173137159e-06
1342156906304040967,negative,0.17936937691063232
1342156907977564161,negative,0.2636290903981352
1342156911727280137,negative,0.014932689883554623
1342156917519613955,negative,1.958785248229693e-15
1342156919327379458,negative,5.001696173137159e-06
1342156929901223936,neutral,0.47697210391394973
1342156932937887744,negative,2.2166095226080327e-07
1342156936041525249,negative,1.0727272251589351e-05
1342156941561368576,negative,9.220521109344325e-05
1342156944967143425,negative,0.16913426361747186
1342156945424338944,negative,0.05308938670886328
1342156953389305858,negative,0.23663360253884097
1342156964604895236,negative,1.2338659353700078e-07
1342156969398951938,neutral,0.6248694136598832
1342156984766836736,negative,0.06787413861555608
1342156992438272006,negative,0.0003482213216955796
1342156993658806275,negative,2.9601822789895365e-10
1342156997865648128,negative,2.576815499138717e-08
1342156998247395328,negative,0.22275417260610536
1342156999694426119,negative,0.0031109032766952487
1342157004941512705,negative,1.8529090512759483e-09
1342157007634235392,negative,0.00025197609518379856
1342157008024326147,negative,1.326116667799163e-10
1342157014059732993,negative,0.009613346463016145
1342157015062347776,neutral,0.43511836201260606
1342157019533500417,negative,0.09887579265852402
1342157024109457414,neutral,0.39258107383712465
1342157026760208386,negative,5.001696173137159e-06
1342157027515240450,negative,1.07986093699181e-09
1342157031529213953,negative,5.001696173137159e-06
1342157032179302400,negative,5.001696173137159e-06
1342157034578440192,negative,0.0007365256478185907
1342157044086935556,negative,0.005597742627185218
1342157055277334528,negative,0.0007729890707369822
1342157057584205834,negative,1.0727272251589351e-05
1342157069533777922,negative,0.05472059891534888
1342157085576933380,negative,7.21768067953483e-09
1342157085694427136,negative,8.7121527036087e-08
1342157092652789761,positive,0.9136940827118661
1342157092979953669,negative,0.006790937576306008
1342157095211302912,negative,1.0538974991002518e-06
1342157095286820865,negative,0.0005013425958907291
1342157097019072512,negative,0.00013433632611911767
1342157098591936514,negative,2.2876303594224334e-09
1342157105650937857,negative,0.0074540794274599725
1342157109526454272,neutral,0.33623359787652535
1342157109790695433,negative,0.0008067471435549648
1342157112391180290,negative,0.02760219823152309
1342157113943089153,negative,5.001696173137159e-06
1342157114958094337,negative,0.029092418680159726
1342157115033595909,neutral,0.33623359787652535
1342157115268468738,negative,0.16913426361747186
1342157135866687488,negative,9.220521109344325e-05
1342157137322110976,negative,0.0007399094958796518
1342157138311999488,negative,0.0025428570357443705
1342157142984425474,negative,5.001696173137159e-06
1342157153986076674,negative,5.001696173137159e-06
1342157159090548737,negative,0.0030898143674900954
1342157165583364097,positive,0.8532390366616541
1342157165927260160,negative,0.0016498128095497446
1342157897829134336,negative,5.001696173137159e-06
1342157905093681154,negative,1.6572933941332876e-07
1342157907459235841,negative,0.028733723872045404
1342157908772065285,negative,0.004225943397077464
1342157911259295744,negative,5.001696173137159e-06
1342157913293512720,negative,0.07107058159338464
1342157918855168000,negative,5.001696173137159e-06
1342157919232663552,negative,1.6956627785567658e-10
1342157926153277441,negative,5.001696173137159e-06
1342157932239183873,positive,0.9994745219290034
1342157932696371200,negative,0.00025197609518379856
1342157935372349441,negative,0.00013433632611911767
1342157946382389248,neutral,0.4249526868667959
1342157947112198145,negative,0.022367953600110024
1342157948626333701,negative,1.2627312918493122e-05
1342157952539627520,negative,5.001696173137159e-06
1342157956427739137,negative,5.205424792868235e-06
1342157958667505664,negative,0.000276227637444376
1342157960299081728,negative,5.001696173137159e-06
1342157967144181763,negative,0.10956339014622471
1342157968717000706,negative,5.001696173137159e-06
1342157971573403652,negative,5.001696173137159e-06
1342157976203833345,negative,8.869470148545106e-14
1342157976744783873,negative,0.012919546488146758
1342157982818308097,negative,5.001696173137159e-06
1342157983111917569,negative,5.001696173137159e-06
1342157983782989825,negative,0.24099433207535367
1342157987192954880,negative,0.0030103143843018777
1342157987285233664,negative,0.011686188378617058
1342157988019236869,negative,5.001696173137159e-06
1342157988082163714,neutral,0.3850748772223694
1342157990854594561,negative,0.00013418116169789242
1342157991454380033,negative,5.143804862307411e-07
1342157991806717955,negative,0.00013433632611911767
1342157993756995588,negative,5.001696173137159e-06
1342157994881118215,negative,5.001696173137159e-06
1342157996118437892,neutral,0.3383783789810866
1342157996672102400,negative,0.00013433632611911767
1342157997292793857,negative,5.001696173137159e-06
1342158006960664576,negative,0.12219348203621053
1342158010983075840,negative,0.01376631177263041
1342158012211982338,negative,0.012506859995685434
1342158012572708866,negative,0.02760219823152309
1342158018302128132,neutral,0.33623359787652535
1342158022018293764,negative,0.0008359989470169139
1342158027076603906,negative,4.5609467469590156e-06
1342158033804271616,negative,0.17936937691063232
1342158038623547394,negative,0.0022097186329837052
1342158040271892481,negative,9.220521109344325e-05
1342158051592331265,negative,5.001696173137159e-06
1342158058986737664,negative,0.00022066260727516648
1342158059339190273,neutral,0.3473064621669936
1342158071364263936,neutral,0.33623359787652535
1342158078645452801,negative,0.0024571686311396328
1342158079174053888,negative,0.006051539808031979
1342158079320846338,negative,0.18088855702424111
1342158085939470343,negative,0.027165247307595005
1342158093053005824,negative,5.001696173137159e-06
1342158094298738688,negative,5.001696173137159e-06
1342158095456239616,negative,5.001696173137159e-06
1342158098149093383,negative,0.0002323086887321383
1342158098425896966,negative,1.0026892944507932e-07
1342158102616018945,negative,7.991466285044784e-08
1342158102980947969,negative,0.029786848884609144
1342158105107423233,negative,0.00018285326351806289
1342158106579628032,negative,0.0010793048496489388
1342158107607244800,negative,0.02367063471242429
1342158115786129408,negative,0.0014607541614449432
1342158117732286465,neutral,0.4621165741370409
1342158125646929923,negative,0.16913426361747186
1342158140100517889,negative,0.012506859995685434
1342158145028812802,neutral,0.43511836201260606
1342158147285356548,negative,0.00017408703891795855
1342158171406815232,negative,1.2428529240529135e-07
1342158174615445504,negative,0.00013433632611911767
1342158180080607235,negative,0.04590539649641133
1342158190969053189,negative,0.004319913875711544
1342158210120232960,negative,0.0010793048496489388
1342158221562228741,negative,1.1489039972524222e-08
1342158222367608832,negative,0.0031109032766952487
1342158225097945088,negative,0.006334789051235034
1342158229141381122,negative,0.0022097186329837052
1342158252847542272,negative,5.001696173137159e-06
1342158256081350662,negative,0.0014231931526037561
1342158261492047877,negative,5.001696173137159e-06
1342158265770258434,negative,5.001696173137159e-06
1342158267271827457,negative,5.001696173137159e-06
1342158278046973952,negative,0.00021946182499614627
1342158279900803072,negative,5.001696173137159e-06
1342158282853638146,positive,0.6812570741529567
1342158282937540608,negative,7.972171615641212e-10
1342158290650804226,neutral,0.33623359787652535
1342158297617604610,negative,5.001696173137159e-06
1342158298288709633,negative,2.2876303594224334e-09
1342158299194683393,negative,5.564062565755696e-06
1342158300985630726,negative,3.7105329080177037e-06
1342158305418997761,negative,0.012506859995685434
1342158314042482689,negative,0.07959970677498794
1342158317393743873,negative,0.0003758489608754902
1342158322166857732,negative,0.006328642436851689
1342158324612128770,negative,5.001696173137159e-06
1342158326394724354,negative,9.766797460717078e-07
1342158331000086529,negative,1.2020288823221556e-05
1342158333302755331,negative,5.001696173137159e-06
1342158348695777281,negative,0.015994127860746873
1342158350751035393,negative,0.19117684747243857
1342158351673782274,negative,2.5631443076082557e-05
1342158353976487939,negative,5.001696173137159e-06
1342158354249084928,negative,5.001696173137159e-06
1342158354341359617,negative,0.16913426361747186
1342158363510112257,negative,3.103742440670763e-05
1342158367989620737,negative,5.205424792868235e-06
1342158376965435394,negative,4.463659993501588e-07
1342158380484407296,negative,0.008890624426837515
1342158384498401282,negative,9.176135341278952e-09
1342158384519405568,negative,0.013235894363842553
1342158388160057351,negative,1.652787718781351e-10
1342158399526612993,neutral,0.49789225920557484
1342158401288204288,negative,0.012011136480746728
1342158406770110466,negative,4.391999618256816e-10
1342158415364300800,negative,0.0030898143674900954
1342158417864101888,negative,0.10795819485312119
1342158420888219658,negative,0.00020312286808267
1342158421332799489,negative,0.07107058159338464
1342158424730030080,negative,0.01727637670611351
1342158424822460419,negative,2.0509358718683545e-05
1342158434263826433,negative,6.427384528218016e-12
1342158436830760960,neutral,0.4209766936284714
1342158438554595334,negative,4.626566166542992e-07
1342158440848793600,neutral,0.4312760405710375
1342158445059874816,negative,7.160367176385653e-07
1342158450260926465,neutral,0.33623359787652535
1342158450470621184,negative,9.665886097154532e-15
1342158457504473088,neutral,0.33623359787652535
1342158457777123329,negative,3.946205270403663e-06
1342158474881495042,negative,5.001696173137159e-06
1342158479214202882,negative,0.0009458747746910082
1342158480455704576,positive,0.7580346998462874
1342158480686387200,negative,5.001696173137159e-06
1342158480996782080,negative,0.0008067471435549648
1342158481265217539,negative,5.205424792868235e-06
1342158484490641409,negative,5.001696173137159e-06
1342158504015101959,negative,5.001696173137159e-06
1342158504820432898,negative,0.16913426361747186
1342158505772539904,negative,3.722350106414852e-08
1342158520456781824,negative,0.012130735009582989
1342158522654601216,negative,0.10023400243415936
1342158529566826496,negative,0.0008857869255916838
1342158535707258882,negative,0.0001636144848850383
1342158547656781828,negative,0.16913426361747186
1342158569374851074,negative,0.0826709164458773
1342158575200854016,negative,0.18571575356835782
1342158587100073987,negative,9.154467970552218e-11
1342158592221339654,negative,2.784280398250065e-07
1342158593714499585,negative,0.19117684747243857
1342158594817585154,negative,0.16913426361747186
1342158596751020035,negative,0.04620544222297209
1342158598743482372,negative,0.015864252660405566
1342158603986345986,negative,0.012011136480746728
1342158606255460353,negative,1.013572058903412e-05
1342158631370969092,negative,0.16936948377668798
1342158637041655808,negative,1.5399930706270247e-05
1342158656608100355,negative,0.06817238049194084
1342158656729706497,negative,0.1142245495074331
1342158660294881280,negative,0.00013433632611911767
1342158669455257601,negative,0.16913426361747186
1342158673011945473,negative,4.259235958582135e-09
1342158675243393026,neutral,0.3850748772223694
1342158690007265283,negative,0.07107058159338464
1342158690795876353,negative,0.0025787607837545047
1342158693153054720,negative,6.123326810525356e-05
1342158695891939328,negative,0.006334789051235034
1342158696206499842,negative,5.001696173137159e-06
1342158700069449729,negative,9.220521109344325e-05
1342158701747204101,negative,5.001696173137159e-06
1342158727034638337,negative,0.16913426361747186
1342158734689239041,negative,0.0688726323531877
1342158735129669636,negative,1.4764464481344452e-09
1342158743144984576,negative,0.06217177587631132
1342158744541671433,negative,9.220521109344325e-05
1342158761000103936,negative,2.3550085535747193e-05
1342158780801445888,positive,0.9999999999759552
1342158787914985479,negative,1.846343781747855e-07
1342158796148383744,negative,9.417222232189667e-05
1342158800724226048,negative,2.813047201276655e-05
1342158803534569474,negative,5.001696173137159e-06
1342158804453126145,negative,0.17936937691063232
1342158832710123520,negative,0.07107058159338464
1342158856613486592,negative,0.00011740721693090572
1342158874090999808,positive,0.9205393517642273
1342158879950561280,negative,6.231804671743004e-11
1342158880953036802,negative,0.01640319440862888
1342158893913403394,negative,4.476698981699226e-11
1342158894383173637,negative,0.16913426361747186
1342158896471937024,negative,5.205424792868235e-06
1342158896606146562,negative,0.004984770867976507
1342158904969617410,negative,1.5154482168014504e-06
1342158914771693570,negative,0.12111944819269954
1342158916013223936,negative,0.008820009449470662
1342158916818493440,neutral,0.43511836201260606
1342158926658285572,negative,1.013572058903412e-05
1342158952323280896,negative,0.0024571686311396328
1342158958522478592,negative,2.3284472824669006e-10
1342158962020462593,negative,5.722549109571395e-07
1342158965396930562,negative,0.027165247307595005
1342158972766343173,negative,0.1007030559583799
1342158979703693315,negative,5.001696173137159e-06
1342158980358033413,negative,0.03510936148380453
1342158982060847111,negative,5.001696173137159e-06
1342158994035646465,negative,6.152393132787807e-05
1342158994228596737,negative,4.287580522205471e-05
1342158999056224257,negative,5.001696173137159e-06
1342159000541028354,negative,5.001696173137159e-06
1342159000960438274,negative,5.001696173137159e-06
1342159001623134208,negative,5.001696173137159e-06
1342159002860453888,positive,0.9493743679300689
1342159009575530496,negative,5.001696173137159e-06
1342159012859678726,negative,0.003316164241895591
1342159013312651264,negative,6.801205823035824e-05
1342159022607233026,negative,5.001696173137159e-06
1342159028076605442,negative,2.8779954128338106e-10
1342159039917150209,negative,5.001696173137159e-06
1342159045688496128,negative,1.2020288823221556e-05
1342159048796499968,negative,3.321641600759525e-07
1342159063057117193,negative,2.437853551708239e-07
1342159072456548352,negative,2.4288689229377763e-07
1342159075707072513,negative,1.4089714043659551e-08
1342159076764114944,negative,0.03958379420055891
1342159078240493575,negative,0.07107058159338464
1342159084309651456,negative,0.0031109032766952487
1342159085182054401,negative,0.00013433632611911767
1342159096087257088,negative,9.54765085290345e-09
1342159103641210885,neutral,0.4621165741370409
1342159106413621248,negative,9.66559577008564e-06
1342159106581393408,negative,0.00013433632611911767
1342159118400974852,negative,0.012011136480746728
1342159120594513921,negative,4.314444192352667e-08
1342159121559257099,negative,0.01616885634234329
1342159128756711425,negative,9.496857096116617e-05
1342159129662644225,positive,0.721882024330111
1342159134314156037,negative,0.07107058159338464
1342159136105107457,negative,1.9706567674391807e-06
1342159157500239874,negative,0.07107058159338464
1342159161287725056,negative,5.001696173137159e-06
1342159165519757317,negative,0.020901284874215987
1342159172394246150,negative,0.0002221417933449598
1342159173421772801,negative,5.001696173137159e-06
1342159173585428481,neutral,0.33623359787652535
1342159177112760323,negative,3.977716839234715e-05
1342159178043895813,negative,5.001696173137159e-06
1342159180455702534,negative,1.2020288823221556e-05
1342159181583962112,neutral,0.43511836201260606
1342159184457039875,negative,0.004506548685466007
1342159188437442563,negative,5.001696173137159e-06
1342159193579663362,negative,5.001696173137159e-06
1342159203335606275,negative,0.16913426361747186
1342159205357260801,negative,1.6804249140333708e-08
1342159206082875395,negative,0.012011136480746728
1342159206690902017,negative,6.471976120319038e-05
1342159207936761857,negative,2.2156794868602655e-09
1342159215918505988,negative,0.17936937691063232
1342159221530394626,negative,3.486814707896823e-05
1342159223510224896,negative,0.00013433632611911767
1342159228912492548,neutral,0.33623359787652535
1342159229382230016,negative,5.001696173137159e-06
1342159232007811076,negative,5.001696173137159e-06
1342159233496862721,negative,5.001696173137159e-06
1342159239675060234,negative,5.001696173137159e-06
1342159239901536257,negative,0.011626242965853965
1342159247728115719,negative,1.4847049202139218e-05
1342159253067460609,negative,5.001696173137159e-06
1342159255156113408,negative,0.00022232221094379892
1342159259207917568,negative,5.001696173137159e-06
1342159271082008579,negative,8.009339356448305e-06
1342159272436768772,negative,3.584905785399182e-12
1342159276618473473,negative,2.8856093721261406e-05
1342159287045545986,negative,0.015135952400078435
1342159287750189057,negative,0.00013433632611911767
1342159296713396230,negative,0.07107058159338464
1342159296872800257,negative,0.07959970677498794
1342159302732226560,negative,2.170897969827669e-08
1342159305471094786,negative,5.6181589385895154e-05
1342159308604252160,negative,0.07107058159338464
1342159317349367808,positive,0.721882024330111
1342159319199068162,neutral,0.431073165827352
1342159321141026817,negative,1.09594870814872e-10
1342159321594003457,negative,0.0008961419888262932
1342159321904381958,negative,1.675399417989451e-06
1342159322571304969,negative,0.013262406377668597
1342159323959599111,negative,0.0024571686311396328
1342159325071081473,neutral,0.4249526868667959
1342159334990606336,negative,0.16913426361747186
1342159346273300481,negative,0.003221673881816256
1342159349888790529,negative,0.005581897539070278
1342159352002711552,negative,5.001696173137159e-06
1342159359640563712,negative,0.00013433632611911767
1342159361020469250,negative,5.001696173137159e-06
1342159362731683842,negative,0.10724880360381553
1342159363507679233,negative,2.7343994463562573e-05
1342159365579694080,negative,5.001696173137159e-06
1342159367307735042,negative,8.729239002677018e-08
1342159382646296577,negative,0.19914078484221537
1342159383845859329,negative,5.001696173137159e-06
1342159384156266496,negative,5.001696173137159e-06
1342159391580172289,positive,0.7001530056472646
1342159393362751489,negative,0.17936937691063232
1342159394113548292,negative,5.001696173137159e-06
1342159395128537088,negative,0.0009458747746910082
1342159396068061187,negative,0.0008067471435549648
1342159404075020288,negative,0.0030103143843018777
1342159406801285122,negative,1.2860970242912356e-08
1342159409351417858,negative,0.00013433632611911767
1342159412266475522,negative,0.17936937691063232
1342159412572643329,negative,5.001696173137159e-06
1342159423389790208,neutral,0.33623359787652535
1342159426191564806,negative,1.6313648067467336e-06
1342159432860491776,neutral,0.33623359787652535
1342159446156468229,positive,0.9205393517642273
1342159448824045570,negative,0.046120798192259414
1342159449939615745,negative,0.0688726323531877
1342159453689409544,negative,0.00025355861429454966
1342159460274417667,negative,3.4258482746390176e-07
1342159470382743553,negative,0.0005531826806527237
1342159474493181952,negative,0.004012052978121771
1342159476191801345,negative,1.8467150784614535e-10
1342159477160738820,negative,0.00022232221094379892
1342159492344139776,negative,0.08195224494370537
1342159493115899906,negative,0.00045744810423963456
1342159498115473417,negative,0.018081948752168463
1342159501370273795,negative,0.014140686132519013
1342159511142989825,negative,1.1144406476248934e-05
1342159513521152001,negative,0.16913426361747186
1342159516041883649,negative,0.00017408703891795855
1342159520332701696,negative,8.0731600973324e-07
1342159520928292864,negative,0.030559200994030124
1342159536552079364,negative,0.00013433632611911767
1342159545955737605,negative,0.16913426361747186
1342159554910498817,negative,0.06787413861555608
1342159557049638913,positive,0.7851372276264073
1342159561004888064,negative,1.3609192281657124e-08
1342159564607778821,negative,6.531446934532556e-17
1342159570794409986,negative,0.16913426361747186
1342159571016708099,negative,0.0034563771102321893
1342159573759750150,negative,9.459213160997382e-06
1342159574246293506,negative,0.0012053362641188847
1342159581452136448,negative,0.006334789051235034
1342159585768042496,negative,0.0016498128095497446
1342159586644652035,neutral,0.431073165827352
1342159589094150145,positive,0.9205393517642273
1342159599227559937,negative,0.0009218849443610608
1342159600703791104,negative,0.0026124523847950915
1342159608073355264,negative,0.0014231931526037561
1342159609201618952,negative,0.015135952400078435
1342159609813987329,negative,5.001696173137159e-06
1342159612246700034,negative,5.001696173137159e-06
1342159616524869632,negative,1.8743055489172683e-09
1342159616600395777,negative,2.69576418437356e-05
1342159623449677826,negative,0.15407539723868668
1342159624523436038,negative,3.441035813544842e-05
1342159630684852226,negative,0.0030103143843018777
1342159637865508865,positive,0.9999999999759552
1342159639589363713,negative,0.16913426361747186
1342159639937495045,negative,0.010459634119537698
1342159651044024321,negative,0.0022097186329837052
1342159663576592387,negative,0.07107058159338464
1342159683436605441,negative,9.220521109344325e-05
1342159697856634881,negative,0.0002203784890532955
1342159703929851904,positive,0.7851372276264073
1342159705058258950,negative,7.917298293957334e-07
1342159719935463430,negative,0.00013433632611911767
1342159721512497154,negative,0.003587295338336197
1342159739430514690,neutral,0.3850748772223694
1342159740693049347,negative,0.12768465057728887
1342159742689538050,negative,0.28581324460109786
1342159748150525953,neutral,0.5842898520861983
1342159751002599424,negative,0.0031109032766952487
1342159753896607744,negative,1.4617212422202817e-11
1342159758518874113,negative,0.23839024680449794
1342159788227047426,negative,0.0006218928259568868
1342159796796092418,neutral,0.4621165741370409
1342159800373813248,negative,2.8060572681922933e-09
1342159802324164608,negative,0.00013433632611911767
1342159805042061316,negative,0.028952293894490656
1342159807877414913,negative,0.00013433632611911767
1342159810553327618,negative,5.001696173137159e-06
1342159816509321216,negative,5.001696173137159e-06
1342159817079717888,negative,0.0005612366480233754
1342159818904236033,negative,5.001696173137159e-06
1342159824780484610,positive,0.7851372276264073
1342159828525973505,negative,0.015135952400078435
1342159835371081730,negative,0.018918935645885506
1342159837463982080,negative,0.002778454897808584
1342159844535623682,negative,0.07107058159338464
1342159870829719552,negative,4.603236980076469e-09
1342159878194950144,neutral,0.49789225920557484
1342159890488373252,negative,0.00013433632611911767
1342159894401724417,neutral,0.37671525749316254
1342159906506498050,negative,0.16913426361747186
1342159916795097089,neutral,0.43511836201260606
1342159919504642052,negative,0.07107058159338464
1342159921668890629,negative,8.244612635788656e-12
1342159936336388101,negative,0.00017408703891795855
1342159944737562625,negative,0.011161575305059507
1342159963700027393,negative,0.029766002986928514
1342159970662551553,negative,0.16913426361747186
1342159979625803776,negative,0.0076048427796435595
1342159994159034379,negative,1.1144406476248934e-05
1342160012328763393,negative,4.329252409340279e-05
1342160018611822594,neutral,0.5842898520861983
1342160018720911360,negative,1.5454101536623075e-06
1342160019178074114,negative,1.3833084098871458e-11
1342160019693907975,negative,0.06787413861555608
1342160023812796417,negative,0.012130735009582989
1342160036064321536,negative,0.0004670138806280982
1342160039268806656,negative,1.1775216677918524e-06
1342160043668602883,neutral,0.49789225920557484
1342160060957347842,negative,0.039835799772027405
1342160073175531527,negative,5.333468743088877e-06
1342160091559157760,positive,0.7976798842099705
1342160091945050113,negative,0.09203278886489492
1342160091995246592,negative,0.08662346535590129
1342160095317254145,negative,0.05511566955846798
1342160096302944259,negative,2.1423904627250402e-06
1342160110580346880,negative,0.2510119548100638
1342160111553404937,negative,5.001696173137159e-06
1342160127365959681,negative,5.001696173137159e-06
1342160128133525505,negative,5.001696173137159e-06
1342160133070188546,neutral,0.33623359787652535
1342160142377361412,negative,0.001395874494715807
1342160147595096067,negative,5.001696173137159e-06
1342160148224204800,negative,4.603236980076469e-09
1342160154867982337,negative,5.001696173137159e-06
1342160158466732033,negative,0.0012053362641188847
1342160162686119938,positive,0.7537317226057899
1342160168986009603,negative,5.001696173137159e-06
1342160174623170560,negative,5.001696173137159e-06
1342160178821685250,neutral,0.33623359787652535
1342160181959020545,negative,0.0010793048496489388
1342160194961367042,negative,8.158146929445346e-08
1342160199205974016,negative,0.005690390287516649
1342160206839635973,negative,5.6537876360020906e-05
1342160213814743040,negative,0.00847545161765509
1342160260560261123,negative,0.0005013425958907291
1342160267694759949,negative,0.1142245495074331
1342160268646883328,negative,2.6626873290367697e-07
1342160274682490880,negative,0.000851522793537381
1342160276871897091,negative,4.323360611745117e-11
1342160295356215296,negative,5.001696173137159e-06
1342160299613413376,negative,4.486130061083267e-08
1342160313483980800,negative,5.001696173137159e-06
1342160314092105736,negative,0.0046929137614776725
1342160321151172609,negative,5.001696173137159e-06
1342160326284996611,negative,0.17936937691063232
1342160332190605316,negative,0.012506859995685434
1342160338255568897,negative,0.07107058159338464
1342160341631959040,negative,5.001696173137159e-06
1342160349290749953,negative,0.0802332675912909
1342160354265210880,negative,0.16913426361747186
1342160357889073152,negative,0.10724880360381553
1342160358396502016,negative,5.120117819341654e-06
1342160364155396098,negative,4.28036347182613e-08
1342160364306313218,negative,0.00013433632611911767
1342160366667763712,negative,1.5788350366657513e-05
1342160367397560323,negative,0.004124831806759048
1342160370912415752,negative,5.001696173137159e-06
1342160382388011012,negative,0.17936937691063232
1342160384480960512,neutral,0.5533970533999424
1342160385978331146,negative,5.001696173137159e-06
1342160407411220482,negative,0.00013433632611911767
1342160407742570497,negative,2.1153658515856007e-08
1342160428458250242,negative,0.002711829513630605
1342160436708454401,negative,0.03829254177382235
1342160446078513152,negative,0.013159135245999359
1342160451338121216,negative,3.502359277491422e-08
1342160460930551808,negative,4.2511114058897065e-08
1342160475459620867,negative,0.16913426361747186
1342160487602147331,negative,5.001696173137159e-06
1342160499660697601,negative,0.0002012264591456228
1342160500235382791,negative,5.001696173137159e-06
1342160506782674944,negative,0.015021972584400472
1342160507051143170,negative,5.001696173137159e-06
1342160508300963840,negative,5.001696173137159e-06
1342160513556504577,negative,5.001696173137159e-06
1342160514382761985,negative,0.00013433632611911767
1342160532023828482,negative,0.319818173048692
1342160533588488198,negative,0.002890587482252593
1342160538281893889,negative,5.205424792868235e-06
1342160547182223360,negative,0.00013433632611911767
1342160550839648256,negative,0.015135952400078435
1342160551854665734,negative,5.001696173137159e-06
1342160555168174080,negative,0.027210439155435934
1342160556002856961,negative,0.16913426361747186
1342160560935284737,negative,0.0004670138806280982
1342160565716840449,negative,0.09816854599585893
1342160566215991308,negative,0.00025197609518379856
1342160567683964928,negative,5.001696173137159e-06
1342160578467536902,negative,3.975697990290338e-11
1342160584121479168,negative,2.9189961562778922e-05
1342160590379380737,positive,0.721882024330111
1342160594795900928,negative,5.001696173137159e-06
1342160606149939203,negative,0.00013433632611911767
1342160617700958215,negative,0.00016483162321541007
1342160621438173185,negative,0.0006619966308542857
1342160624500023299,negative,0.012011136480746728
1342160627108900868,negative,6.801205823035824e-05
1342160632611790849,negative,9.766797460717078e-07
1342160639117111299,negative,0.027165247307595005
1342160641516298242,neutral,0.4621165741370409
1342160663687344133,negative,7.981681334475163e-05
1342160664509493249,negative,0.0014429412781323061
1342160664903770116,negative,5.001696173137159e-06
1342160665549668358,negative,0.0007399094958796518
1342160670796689408,negative,0.00538945155731922
1342160672537387014,positive,0.9999999999759552
1342160672700903424,negative,0.0024571686311396328
1342160676312252417,negative,0.1142245495074331
1342160684394676224,negative,0.0008067471435549648
1342160684835106822,negative,5.001696173137159e-06
1342160687292796928,neutral,0.33623359787652535
1342160687372636163,negative,5.001696173137159e-06
1342160692175118336,negative,0.0026868749527966377
1342160701180153862,negative,6.575148203648052e-08
1342160705298944002,negative,0.012506859995685434
1342160706192498689,negative,0.0003738369408804446
1342160708692307968,negative,0.30630068126626875
1342160712731394056,negative,0.16913426361747186
1342160713238908932,negative,0.03082741786007125
1342160713507352581,negative,5.001696173137159e-06
1342160716883767299,negative,5.001696173137159e-06
1342160722420228096,negative,5.001696173137159e-06
1342160724039245827,negative,5.001696173137159e-06
1342160724831952896,negative,5.001696173137159e-06
1342160741177065473,negative,6.801205823035824e-05
1342160743127461893,negative,0.0006619966308542857
1342160751675518976,negative,5.001696173137159e-06
1342160752896069633,negative,5.001696173137159e-06
1342160765160194048,negative,0.009129302079183745
1342160777826938885,negative,0.010760723989098275
1342160781769637891,negative,6.336646612830559e-14
1342160782029692931,negative,0.00012922586451590478
1342160787893268481,negative,0.00021639019691812474
1342160793136226307,negative,0.16913426361747186
1342160804674756609,negative,0.006190933870264958
1342160811796606976,negative,0.07959970677498794
1342160820596305923,negative,0.05297819596115024
1342160827802116098,neutral,0.4596156290199089
1342160831870623748,negative,1.0527105621964079e-07
1342160834051641346,negative,1.9689396408734598e-09
1342160834097766400,positive,0.6882375833452965
1342160834462507008,negative,3.209322795267641e-10
1342160845816655874,negative,0.17936937691063232
1342160852154249225,negative,5.001696173137159e-06
1342160855312560129,negative,0.00033192682390759603
1342160858206658560,negative,4.526254393621804e-08
1342160859364282371,negative,0.0008067471435549648
1342160862258278400,negative,5.001696173137159e-06
1342160863697006593,negative,0.007438195830203441
1342160870265266181,negative,5.001696173137159e-06
1342160874203709442,negative,5.001696173137159e-06
1342160878595141633,negative,3.9548759732882855e-05
1342160881191448576,negative,7.468535366930704e-06
1342160886006505472,negative,0.10555544400277435
1342160896529989632,negative,5.001696173137159e-06
1342160897813438464,negative,4.206870617714557e-08
1342160903505137668,negative,0.07086698057386508
1342160903983259653,negative,0.027165247307595005
1342160908286644226,negative,0.02760219823152309
1342160910182445056,negative,5.001696173137159e-06
1342160919770648576,negative,0.047146526132789995
1342160922727559176,negative,5.001696173137159e-06
1342160927001636864,negative,5.001696173137159e-06
1342160931854426120,negative,5.001696173137159e-06
1342160932076720128,negative,0.0802332675912909
1342160932756217856,negative,0.0259521860061667
1342160938842124289,negative,0.007002120527028251
1342160938896658434,negative,0.16936948377668798
1342160939492274180,negative,9.587475990049403e-08
1342160944991006721,negative,2.687591339657135e-07
1342160955283746819,negative,0.3076664082217617
1342160966830723074,negative,0.16913426361747186
1342160971624828928,negative,0.001193508973182626
1342160976959967240,negative,2.0429971312291063e-05
1342161739325046790,negative,5.001696173137159e-06
1342161748397326338,negative,0.06525656440810959
1342161755175268354,negative,2.669000814917113e-07
1342161766193786882,negative,5.001696173137159e-06
1342161768500629506,negative,9.220521109344325e-05
1342161772191641603,negative,5.179058357994791e-05
1342161777614860293,negative,5.001696173137159e-06
1342161777925246978,negative,2.8301717221764153e-07
1342161779376463874,negative,5.001696173137159e-06
1342161780815114242,negative,0.0004398069040672222
1342161782794842115,negative,5.001696173137159e-06
1342161783742754816,negative,0.008747071094500498
1342161784719998978,negative,0.001653399589940495
1342161785965559808,negative,0.0071774530180276986
1342161790688403456,negative,5.001696173137159e-06
1342161795759407106,negative,0.0005013425958907291
1342161802587742208,negative,0.18016715323309396
1342161808510087179,negative,0.08329596260836328
1342161809860661248,negative,0.16913426361747186
1342161812205297666,negative,0.005460220127821418
1342161814512160770,neutral,0.5920339741245901
1342161822909165570,negative,0.001049218140698489
1342161826071633920,negative,5.001696173137159e-06
1342161826558181379,negative,5.001696173137159e-06
1342161826977624066,neutral,0.33623359787652535
1342161832182755328,negative,5.001696173137159e-06
1342161835370426370,negative,0.0003647879985671364
1342161847131250689,negative,0.18016715323309396
1342161848506998791,negative,5.001696173137159e-06
1342161851052924935,negative,5.001696173137159e-06
1342161853359656960,negative,6.00527523875791e-05
1342161854173503496,negative,3.512606066618802e-11
1342161855557545986,negative,0.11064887116126246
1342161861366718470,negative,1.0056109755708251e-10
1342161863472263170,negative,5.001696173137159e-06
1342161869256204298,negative,3.011742166082896e-11
1342161869352665088,negative,0.0007739932114208995
1342161869562392576,negative,0.02808827561273123
1342161869872771079,negative,5.001696173137159e-06
1342161875614773249,neutral,0.3850748772223694
1342161876210352130,negative,0.013114433472542203
1342161878529748993,negative,0.013223165463513887
1342161889116172289,negative,4.455640780622876e-09
1342161890156412929,negative,5.001696173137159e-06
1342161894422040580,negative,0.24099433207535367
1342161897358032900,negative,0.02760219823152309
1342161906191257600,negative,0.0182795371198779
1342161909500551168,negative,0.16936948377668798
1342161915896885251,negative,0.19669516783697125
1342161927422795777,negative,0.0031109032766952487
1342161931667460096,negative,0.00037746228529236944
1342161934515380226,negative,5.001696173137159e-06
1342161942002204675,negative,1.2388648857375895e-13
1342161951384887296,negative,0.00039555677489012004
1342161957244305408,negative,0.00013433632611911767
1342161959572172800,negative,0.07980732596224656
1342161961845448709,negative,2.709605851808834e-07
1342161966098485248,negative,4.603236980076469e-09
1342161966798934017,negative,0.012011136480746728
1342161970737377287,negative,0.028237225874798242
1342161971362357249,negative,7.476189088787725e-14
1342161972796776448,negative,2.5559958835865243e-06
1342161988827435009,negative,1.0832027546870889e-09
1342161990085705728,negative,1.4047775387057313e-06
1342161990123462657,negative,0.02760219823152309
1342162007219433473,negative,0.0547976448140465
1342162013204709376,negative,0.18321857693730256
1342162013594791936,negative,0.056371168637417673
1342162018493726725,negative,0.0009222852875827082
1342162019701710848,negative,3.8107630880033043e-07
1342162019999473666,neutral,0.5302830600190961
1342162028740419588,negative,3.930007615093828e-07
1342162036168515584,negative,0.00013433632611911767
1342162039041650688,negative,1.345909574290944e-07
1342162043298848771,negative,0.00010300596054933771
1342162045391818752,negative,0.29353909257825084
1342162048831139840,negative,0.0017053447791315628
1342162072948375554,negative,4.476049265539013e-06
1342162073174872064,negative,0.0006700915389470903
1342162078170275841,negative,5.001696173137159e-06
1342162084646289409,negative,5.001696173137159e-06
1342162093513048064,negative,0.0028459159580357793
1342162095157223426,negative,5.001696173137159e-06
1342162109455605760,negative,0.0704388943684432
1342162117659676677,negative,0.07107058159338464
1342162124089532417,negative,5.001696173137159e-06
1342162125909852161,negative,5.001696173137159e-06
1342162129680551938,negative,5.001696173137159e-06
1342162131291136000,neutral,0.33623359787652535
1342162134197825536,negative,5.001696173137159e-06
1342162137142210562,negative,5.001696173137159e-06
1342162141357498369,negative,1.7667642682809933e-05
1342162147711873027,negative,5.001696173137159e-06
1342162149901295616,negative,0.16913426361747186
1342162157035728897,negative,5.001696173137159e-06
1342162161842278400,negative,0.07959970677498794
1342162163469852674,negative,5.001696173137159e-06
1342162163700543488,negative,5.001696173137159e-06
1342162165562830856,negative,9.93155448096542e-10
1342162167672537088,negative,1.0723229986752903e-06
1342162169220231173,negative,0.0007399094958796518
1342162169572552707,negative,5.4489979372195886e-11
1342162172634402817,negative,0.008474685867433945
1342162190200135680,negative,0.02760219823152309
1342162193513644035,negative,0.16913426361747186
1342162205471625217,negative,0.027207088457816938
1342162225331458048,negative,0.07355527696280574
1342162241324544000,negative,0.16913426361747186
1342162249146892288,negative,0.0013422334874515125
1342162249797029888,negative,0.0014231931526037561
1342162257401278467,negative,0.03948242887863729
1342162262069563393,negative,2.953878729789101e-07
1342162275294212097,negative,5.001696173137159e-06
1342162278179885062,negative,0.0009458747746910082
1342162278251192320,negative,5.001696173137159e-06
1342162280226684928,neutral,0.44555304215420466
1342162286237114368,negative,0.005329274887327836
1342162288820842502,negative,5.001696173137159e-06
1342162289231876096,negative,5.001696173137159e-06
1342162294017568769,negative,0.0031109032766952487
1342162296785821697,negative,0.18016715323309396
1342162299558223873,negative,5.001696173137159e-06
1342162306420142083,negative,5.001696173137159e-06
1342162307233804293,negative,5.7544301795053793e-08
1342162321171501058,negative,5.001696173137159e-06
1342162323075706881,negative,1.0414495732455351e-19
1342162328037568516,neutral,0.33623359787652535
1342162342193352711,negative,5.001696173137159e-06
1342162344428888070,negative,0.17868916808952504
1342162345217449984,negative,0.00013433632611911767
1342162345599098882,negative,0.012506859995685434
1342162349520801794,negative,5.001696173137159e-06
1342162350154149888,negative,0.18016715323309396
1342162356294578179,negative,7.962854819674581e-05
1342162362221129728,negative,3.376884838985973e-11
1342162365329108992,negative,5.001696173137159e-06
1342162365761118209,negative,5.001696173137159e-06
1342162377970749441,negative,5.001696173137159e-06
1342162380839661569,negative,5.001696173137159e-06
1342162381695311875,negative,5.001696173137159e-06
1342162397029666816,neutral,0.4621165741370409
1342162420106743813,negative,0.07959970677498794
1342162423642546176,neutral,0.3537015906824816
1342162452495138816,neutral,0.474214122011052
1342162472971755521,negative,1.0601709761643762e-07
1342162474401988608,negative,0.3167621532183858
1342162486162829312,negative,5.001696173137159e-06
1342162488599728133,negative,0.003532556267403466
1342162495977480200,negative,0.16913426361747186
1342162498087231488,negative,0.00013433632611911767
1342162508723986433,negative,0.006853394715004921
1342162513148792834,negative,3.732020653835534e-05
1342162528441430016,negative,0.16913426361747186
1342162532950286338,negative,0.00013433632611911767
1342162544744669185,negative,0.2148034929280826
1342162549857517568,negative,0.0009458747746910082
1342162569717547017,negative,0.015135952400078435
1342162572443852802,negative,0.0006308821908373214
1342162574951985153,negative,5.001696173137159e-06
1342162578735247361,neutral,0.43511836201260606
1342162580517883906,negative,0.07107058159338464
1342162607751499776,negative,0.17936937691063232
1342162609089507330,negative,0.00014114638983760125
1342162609953501187,negative,0.19635195326467503
1342162620175048707,negative,0.016422049192346005
1342162626453901312,negative,6.4060649314249716e-09
1342162631373824001,negative,1.3643573192195618e-12
1342162660817776640,negative,6.801205823035824e-05
1342162661291786243,positive,0.6763517683108127
1342162687581683712,negative,0.001060772627220185
1342162694259027969,negative,0.16913426361747186
1342162695278223365,negative,0.00020312286808267
1342162698935693312,negative,0.00014118387171754853
1342162715087929347,neutral,0.6517772724191857
1342162717445152769,neutral,0.3850748772223694
1342162724936183808,negative,1.1554779769518806e-08
1342162733932933121,negative,0.014932689883554623
1342162741797203968,negative,0.06986888881414405
1342162745811062784,negative,0.01386849005291047
1342162754543759361,negative,0.16913426361747186
1342162761007165440,negative,0.00013433632611911767
1342162765092429826,negative,5.001696173137159e-06
1342162778153484290,negative,9.214545054141168e-05
1342162781064343552,negative,0.18016715323309396
1342162781320204290,negative,0.007822970873319858
1342162789339713537,negative,0.0688726323531877
1342162795912114178,negative,4.603236980076469e-09
1342162796801359872,negative,4.603236980076469e-09
1342162802031681539,negative,0.00013433632611911767
1342162805521338368,neutral,0.33623359787652535
1342162806762823684,negative,1.0055863780782186e-07
1342162806918012929,negative,3.225187613016495e-05
1342162810592256003,negative,2.308989904374601e-09
1342162816422305794,negative,5.001696173137159e-06
1342162817999368194,negative,5.001696173137159e-06
1342162823732981762,negative,5.001696173137159e-06
1342162834394935301,negative,5.001696173137159e-06
1342162834940166145,negative,5.001696173137159e-06
1342162847237885954,negative,0.00013433632611911767
1342162858533072901,negative,0.0015134597234056075
1342162862651953152,negative,0.012011136480746728
1342162877680115712,negative,2.6427544564302627e-08
1342162886718877696,negative,0.00013433632611911767
1342162890971877378,negative,1.851631450757822e-08
1342162900341952512,negative,0.0030103143843018777
1342162906734059520,negative,0.11716489980982808
1342162906994024448,negative,0.07107058159338464
1342162915844120576,negative,3.194804367357221e-08
1342162921233772551,neutral,0.3335338147429815
1342162927894335491,negative,0.0003904802583432084
1342162934915596288,negative,0.00013064797495899641
1342162938476552193,negative,0.12033698914446286
1342162940787650560,negative,7.285002780405972e-14
1342162944285675522,negative,0.06861974369485156
1342162953320214528,negative,0.0004398069040672222
1342162958374342663,negative,0.07107058159338464
1342162959641026561,negative,0.0005419271679700495
1342162968688152578,negative,0.049334438375124676
1342162990200664065,negative,0.0006655270683938482
1342163001420382208,negative,0.001055844650866784
1342163005480579075,negative,0.00013433632611911767
1342163007724511233,negative,5.001696173137159e-06
1342163007984570370,negative,5.001696173137159e-06
1342163009108668416,negative,0.18016715323309396
1342163009641312263,negative,2.2359322540045257e-09
1342163012875071488,negative,4.526254393621804e-08
1342163028784148485,negative,5.001696173137159e-06
1342163034685501440,neutral,0.5426596473129269
1342163043271266306,negative,0.0001636144848850383
1342163044026232834,negative,0.0012053362641188847
1342163051462594560,negative,0.0007761939977577038
1342163063475216385,negative,0.038361209216115875
1342163078113337350,negative,0.0688726323531877
1342163080315334656,negative,1.6861770367086042e-06
1342163086703263745,negative,0.0014231931526037561
1342163102725525504,negative,0.10423956210162658
1342163108220047365,neutral,0.3850748772223694
1342163111902642178,negative,0.009411093956216697
1342163113152569344,negative,0.00013433632611911767
1342163114603626497,negative,0.00027290850724529073
1342163115136454656,negative,3.992495132870649e-06
1342163120878444550,negative,9.220521109344325e-05
1342163122627424256,negative,3.6771898919881715e-06
1342163153090727941,negative,5.001696173137159e-06
1342163154130903041,negative,1.1010502818068822e-06
1342163156429369346,negative,0.00013433632611911767
1342163160896315395,negative,0.05336230868824784
1342163175014326272,negative,5.001696173137159e-06
1342163176532676609,negative,6.764787914837469e-14
1342163180861214723,negative,5.001696173137159e-06
1342163185307152385,negative,0.07107058159338464
1342163187005849601,negative,0.16913426361747186
1342163188687757314,negative,5.001696173137159e-06
1342163190382264331,neutral,0.33623359787652535
1342163191275651077,negative,5.001696173137159e-06
1342163200972910598,negative,0.009460750799166182
1342163201090179072,negative,2.3426064497770883e-10
1342163229141819392,negative,9.741492597496478e-08
1342163238784552961,negative,0.06299080337700119
1342163245973598208,negative,1.1580178514705435e-09
1342163247655514121,negative,1.0727272251589351e-05
1342163256190885889,negative,5.89846497779509e-08
1342163270527045633,negative,0.3064077139218945
1342163274557743108,negative,1.1149492795022136e-05
1342163288679964673,negative,1.1293519066447464e-06
1342163288772239362,negative,1.7117350317766667e-06
1342163293885104128,negative,0.30468958915460226
1342163297668198400,negative,0.008644390059122042
1342163333508698113,positive,0.9205393517642273
1342163335626764288,negative,0.004916796813250088
1342163351191891968,negative,4.154202576244946e-05
1342163361295949830,positive,0.7851372276264073
1342163363321831427,negative,0.0031109032766952487
1342163364487847938,negative,0.0005013425958907291
1342163374797426688,negative,5.001696173137159e-06
1342163377783771137,negative,5.001696173137159e-06
1342163378811371522,negative,1.076581658905976e-06
1342163379130130432,negative,0.0024013862698411942
1342163404757340161,negative,5.001696173137159e-06
1342163414274240512,neutral,0.3850748772223694
1342163417185067011,negative,0.0031109032766952487
1342163430497792000,negative,0.001060772627220185
1342163430871072768,negative,0.00014158973453727203
1342163440849268737,negative,0.16913426361747186
1342163444573892610,negative,1.6082816881183562e-08
1342163445278515202,negative,0.004851870230515273
1342163447476314118,negative,0.0005677141271161247
1342163449212755968,negative,1.1787293120687231e-07
1342163449225338881,negative,0.0005415873631268658
1342163453444763650,positive,0.7851372276264073
1342163456053678080,negative,0.00013433632611911767
1342163462504505349,neutral,0.43511836201260606
1342163469282504706,negative,0.000341134177598334
1342163473938186248,negative,2.7463208247960025e-05
1342163478996520960,negative,0.003587295338336197
1342163482746236930,negative,0.000602922710480632
1342163491575181313,negative,5.392856143076172e-06
1342163493798223873,negative,0.0011522841550518426
1342163507119325185,negative,0.00013433632611911767
1342163518808850433,negative,1.0727272251589351e-05
1342163521757474822,neutral,0.4159282582306856
1342163531941163014,negative,0.00013433632611911767
1342163540803776512,negative,1.9897086034082835e-05
1342163551226654721,negative,0.021622896358381445
1342163552602357761,negative,0.0009872240684602024
1342163558193360896,negative,0.0014231931526037561
1342163563440463879,negative,0.0007711361505371229
1342163564245745671,negative,4.603236980076469e-09
1342163578145681421,negative,0.0016736058250373495
1342163582809743362,negative,3.992495132870649e-06
1342163587016626177,negative,0.00013433632611911767
1342163594721579010,negative,0.07107058159338464
1342163605970681857,negative,0.07107058159338464
1342163609615523840,negative,0.056201845810129734
1342163623641284608,negative,9.220521109344325e-05
1342163625373536256,negative,0.0009458747746910082
1342163634294808577,negative,3.9219649228968815e-05
1342163661566181378,negative,0.16913426361747186
1342163665651453952,negative,0.001774576606885177
1342163667790532608,negative,0.02760219823152309
1342163687914811392,negative,0.16913426361747186
1342163699604324353,negative,0.16936948377668798
1342163700191535105,negative,0.00013433632611911767
1342163705480536065,negative,0.006042428696328383
1342163709062471681,neutral,0.33623359787652535
1342163716817752066,negative,4.6791456398864966e-14
1342163717992144899,neutral,0.4621165741370409
1342163718822629376,negative,8.708723468883993e-08
1342163719212699650,negative,1.679250473648818e-06
1342163725248319488,negative,0.0004398069040672222
1342163744663740417,negative,0.00013433632611911767
1342163760597921793,negative,5.703357857837382e-07
1342163764108550145,negative,0.008890624426837515
1342163770878128134,positive,0.9065058086775786
1342163782693490689,negative,0.0001510651489391855
1342163784866021377,negative,0.005925557472870833
1342163793716125704,negative,0.00010736101268228348
1342163803555962880,negative,0.027165247307595005
1342163805468577792,negative,3.4150892178372324e-09
1342163807775449090,negative,0.0022007859316583544
1342163809931296776,negative,2.0797093565454495e-05
1342163816310853643,negative,0.07107058159338464
1342163816629612550,negative,0.045438418201489424
1342163825819320321,negative,0.03510936148380453
1342163858992095236,neutral,0.4929935124096405
1342163864092291074,negative,5.311221624278455e-05
1342163865094729729,negative,5.001696173137159e-06
1342163871201689602,negative,0.0004314683213376684
1342163874154487808,negative,5.001696173137159e-06
1342163881083473921,negative,0.05266409307761436
1342163882467491841,negative,6.388321816323105e-05
1342163886850584576,negative,0.0005013425958907291
1342163888528355333,negative,5.001696173137159e-06
1342163893230178304,negative,0.18016715323309396
1342163899035111427,negative,5.001696173137159e-06
1342163905397858306,negative,5.310914137156312e-05
1342163910145802244,negative,0.16507909393067005
1342163913060847620,negative,5.001696173137159e-06
1342163915116048386,negative,0.0012053362641188847
1342163918123364354,negative,5.001696173137159e-06
1342163921503924229,negative,5.001696173137159e-06
1342163922200231937,negative,3.264469222997656e-07
1342163933877170176,negative,0.02760219823152309
1342163934934167553,negative,0.15407539723868668
1342163940051202049,negative,0.0004162291852936825
1342163942483832832,negative,0.0036094079018861138
1342163950864125958,negative,5.001696173137159e-06
1342163957382000640,negative,0.00013433632611911767
1342163958921359361,negative,0.00013433632611911767
1342163971835572229,negative,1.2014793421718668e-07
1342163984078798848,negative,0.00016259094534329347
1342163990831636480,neutral,0.6021786686602794
1342163991829901312,negative,0.0034975867432473044
1342163992769392641,negative,0.0002455252462508067
1342163993214017536,negative,0.08366202576412173
1342164001623519232,negative,0.02760219823152309
1342164005905809409,negative,0.001654093385975514
1342164020116262920,negative,0.16913426361747186
1342164021097725953,negative,0.00013433632611911767
1342164028773322754,negative,7.179018477601666e-08
1342164043461775361,negative,0.12268161708789685
1342164052265619459,negative,5.001696173137159e-06
1342164052630515713,negative,0.2966279708188899
1342164052781445128,negative,0.020675450248593307
1342164053138014213,negative,0.00013433632611911767
1342164076021968899,positive,0.9205393517642273
1342164087803940865,negative,0.006695875491237332
1342164099065552896,negative,0.003587295338336197
1342164099245989892,negative,0.038361209216115875
1342164108926459905,negative,2.3626294923395635e-06
1342164110625153025,negative,5.001696173137159e-06
1342164116337811457,negative,9.712069480185336e-06
1342164116606242818,negative,0.01969878027209985
1342164121027043329,neutral,0.4285505353081904
1342164126441811969,negative,5.001696173137159e-06
1342164127544979462,negative,5.001696173137159e-06
1342164135413473282,positive,0.9223766147400774
1342164135983919104,negative,0.08862203987763478
1342164136533360640,negative,5.001696173137159e-06
1342164142959030272,negative,0.0006999600101107612
1342164146461290497,negative,3.2540302160555224e-10
1342164150114381824,negative,7.730928005285141e-05
1342164161128755205,negative,0.00018285326351806289
1342164164349980675,positive,0.9205393517642273
1342164172025446402,negative,2.0760794016505578e-09
1342164193978560512,negative,2.9558302339830015e-05
1342164199930277888,negative,0.0014231931526037561
1342164217273712640,negative,0.027584505520292193
1342164239444750336,negative,5.001696173137159e-06
1342164249813069825,negative,5.001696173137159e-06
1342164250949787648,negative,5.001696173137159e-06
1342164251058839553,negative,0.020675450248593307
1342164252417789953,negative,0.09339954427364656
1342164253197950977,negative,5.001696173137159e-06
1342164256628895744,negative,5.001696173137159e-06
1342164264447062016,negative,0.00013433632611911767
1342164266896547841,negative,0.0010165382548976032
1342164267827687424,negative,0.16913426361747186
1342164267970293760,negative,5.001696173137159e-06
1342164272231563265,negative,0.06334670398868816
1342164274517569539,negative,5.001696173137159e-06
1342164278548291584,negative,5.153183303290517e-05
1342164281723392002,negative,0.0014231931526037561
1342164281777938433,negative,0.2919560041436631
1342164285938675712,negative,5.001696173137159e-06
1342164288526573568,negative,0.0005104420452885272
1342164289042468869,negative,5.001696173137159e-06
1342164299830206464,negative,0.0007399094958796518
1342164302346772483,negative,5.001696173137159e-06
1342164303793815553,negative,5.719947903005692e-05
1342164313402966016,neutral,0.3850748772223694
1342164319304359937,negative,0.0006999600101107612
1342164320663252994,negative,1.466307834910354e-06
1342164325549670401,negative,0.0014605439829827262
1342164332285743105,negative,5.001696173137159e-06
1342164335133675520,negative,5.001696173137159e-06
1342164335674724352,negative,0.0014231931526037561
1342164342582734848,negative,0.0025755138596796545
1342164345493581826,negative,0.0005610182085253081
1342164345602584579,negative,0.16913426361747186
1342164348249251844,negative,1.958707989261891e-08
1342164352577757184,negative,2.576815499138717e-08
1342164354008047617,negative,0.061955786600904
1342164358382673920,negative,0.0027533020829686103
1342164363336159234,negative,0.00013433632611911767
1342164377689059330,negative,1.5093244078747366e-08
1342164389277929473,negative,2.431955653752107e-05
1342164395267387392,negative,3.882546033512832e-09
1342164399155519488,negative,0.027165247307595005
1342164402431254530,negative,0.040353693257348805
1342164405904150528,negative,1.325272357910184e-06
1342164407191805963,negative,0.02351462545269426
1342164413487472640,negative,1.958707989261891e-08
1342164417274933253,negative,0.00013433632611911767
1342164420911239168,negative,0.17179384009566176
1342164429006364672,negative,0.15210867009341197
1342164433259393026,negative,2.9308996693304057e-06
1342164439278215168,negative,0.11635979765203054
1342164439605379072,positive,0.9205393517642273
1342164445737480192,negative,0.0005154345490406913
1342164448858017793,negative,0.0005345952826789591
1342164451160682497,negative,8.419246006694296e-10
1342164454167998466,negative,5.001696173137159e-06
1342164458009993216,negative,5.001696173137159e-06
1342164465853345794,negative,0.0002773975695454054
1342164473851895808,negative,2.287493814466511e-13
1342164477177982977,negative,0.07107058159338464
1342164478692118532,negative,0.00013433632611911767
1342164481636495363,negative,5.001696173137159e-06
1342164484161355776,negative,7.037535216018627e-05
1342164502805151747,negative,5.001696173137159e-06
1342164506550677505,negative,5.001696173137159e-06
1342164509222432771,negative,0.24099433207535367
1342164516377948162,negative,0.07107058159338464
1342164516860211202,negative,0.004484740101124001
1342164530428862464,negative,0.001774576606885177
1342164534602117122,negative,9.220521109344325e-05
1342164537454301185,negative,0.23044559842244192
1342164545515741190,negative,0.060541354270167595
1342164555028455424,negative,0.07959970677498794
1342164558258065410,negative,0.0014231931526037561
1342164567623921669,negative,0.12873556759987717
1342164573164597250,negative,3.645109460852685e-12
1342164577178554371,negative,4.671333952945322e-05
1342164589300084738,neutral,0.4151108761700107
1342164592601014274,neutral,0.624535472567941
1342164599165104130,negative,1.6770296327096057e-15
1342164604403785729,negative,1.3194962489131249e-09
1342164623794049024,negative,0.0014231931526037561
1342164624511266816,negative,5.001696173137159e-06
1342164644602011650,negative,5.001696173137159e-06
1342164649001803778,negative,5.001696173137159e-06
1342164650742439939,negative,0.16913426361747186
1342164657633701888,negative,5.001696173137159e-06
1342164659563077633,negative,5.001696173137159e-06
1342164660217380865,negative,5.001696173137159e-06
1342164663396671490,negative,0.00011420354858763993
1342164670417952769,negative,0.00013433632611911767
1342164671864963074,negative,0.016818910902492802
1342164691783741440,negative,4.090275322376284e-05
1342164697664139264,negative,0.13369560276145032
1342164724931293185,negative,0.03154141562319712
1342164732149706752,negative,0.15923210377263713
1342164754186563584,negative,1.6084388721129737e-07
1342165218668015616,negative,0.012595614407714522
1342165220257640452,negative,0.0024571686311396328
1342165220345737219,negative,5.001696173137159e-06
1342165222925217793,negative,2.4550754176765443e-08
1342165226624593920,negative,0.16913426361747186
1342165227522174978,negative,0.07959970677498794
1342165231179427841,negative,5.001696173137159e-06
1342165231737442309,negative,0.16936948377668798
1342165232840536065,negative,0.07021684815581672
1342165243892535297,negative,0.10209299665164522
1342165248355217408,negative,0.00013433632611911767
1342165249747726336,negative,0.14132013971068658
1342165251622662149,negative,5.001696173137159e-06
1342165262553001986,negative,0.11545291766248919
1342165266764091392,negative,0.07107058159338464
1342165275161075714,negative,5.001696173137159e-06
1342165276062789633,negative,0.00013433632611911767
1342165280378781697,negative,5.001696173137159e-06
1342165284308852736,negative,0.16913426361747186
1342165291627732994,positive,0.8827841642222104
1342165292382744576,negative,0.0001636144848850383
1342165293599240196,negative,0.16913426361747186
1342165303132909569,negative,5.001696173137159e-06
1342165303539748864,negative,5.001696173137159e-06
1342165305087418373,negative,0.06045241761796469
1342165311336951808,negative,5.001696173137159e-06
1342165318836346880,negative,3.335773227409721e-13
1342165326927179778,negative,0.16913426361747186
1342165327170437120,neutral,0.4249526868667959
1342165328021880836,negative,0.0009185999714726096
1342165330706243590,neutral,0.5284083027533572
1342165333096984576,negative,5.001696173137159e-06
1342165337953996801,negative,0.07107058159338464
1342165347420532736,negative,0.012595614407714522
1342165349094064131,negative,5.001696173137159e-06
1342165357570748419,negative,0.0008067471435549648
1342165357981798401,negative,2.0330905512908233e-08
1342165368635338752,negative,2.7615039211649913e-10
1342165373160972288,negative,0.007151582731366773
1342165373211303939,negative,5.001696173137159e-06
1342165375753056262,negative,0.07125581723710812
1342165385190240256,negative,0.17936937691063232
1342165388428259328,negative,0.16913426361747186
1342165391955660801,negative,0.01396615929821232
1342165394866507778,negative,0.061493899267662064
1342165395084627968,negative,5.084168513917001e-06
1342165402625986568,negative,1.2428529240529135e-07
1342165405134159876,negative,0.00013433632611911767
1342165414428733441,negative,1.1036070108542675e-09
1342165414437146624,negative,0.001654093385975514
1342165414793650180,negative,5.001696173137159e-06
1342165424096555012,negative,0.027165247307595005
1342165430400647174,neutral,0.3714102351851813
1342165440932536324,negative,0.00013433632611911767
1342165450151616513,negative,3.2366378226521784e-09
1342165463191740417,negative,8.138916355548014e-17
1342165465112735744,negative,5.001696173137159e-06
1342165465938989057,negative,1.2650783277068437e-06
1342165475854344192,negative,5.001696173137159e-06
1342165482594566145,negative,5.938712838615296e-07
1342165484632997888,negative,5.169746782085405e-06
1342165490442137606,negative,0.00013433632611911767
1342165492459597825,negative,0.0010671250718209868
1342165496435781636,negative,0.0007399094958796518
1342165497077497857,negative,7.673262402483962e-07
1342165497270435842,negative,0.07107058159338464
1342165503805108225,negative,0.0024571686311396328
1342165504618856448,negative,0.16360388190194985
1342165507030601735,negative,5.001696173137159e-06
1342165507508678657,negative,5.001696173137159e-06
1342165507957522434,negative,0.16360388190194985
1342165514093817857,negative,5.001696173137159e-06
1342165519215058945,negative,0.012332273186595438
1342165526735421442,negative,5.001696173137159e-06
1342165527586865156,positive,0.7000637722480186
1342165534369058816,negative,5.001696173137159e-06
1342165542141104133,negative,0.00013433632611911767
1342165558498914305,negative,5.001696173137159e-06
1342165562026242049,negative,5.001696173137159e-06
1342165571442520066,negative,5.001696173137159e-06
1342165574391107585,negative,0.07134527292704694
1342165597929533443,negative,0.16913426361747186
1342165604116127746,negative,5.967482345529204e-07
1342165604309065728,negative,0.00022771646864578306
1342165615470129157,negative,6.579874879042348e-10
1342165619236466688,neutral,0.3473134436310608
1342165623334445056,negative,0.24099433207535367
1342165629634109445,neutral,0.3473134436310608
1342165633237217281,negative,8.997359377594295e-06
1342165637561536513,negative,5.001696173137159e-06
1342165640312836096,neutral,0.3473134436310608
1342165644981264384,negative,0.0007399094958796518
1342165646642184197,negative,5.001696173137159e-06
1342165647179067394,negative,5.001696173137159e-06
1342165655211143173,negative,5.001696173137159e-06
1342165655420882944,negative,0.17936937691063232
1342165662299467778,neutral,0.33623359787652535
1342165665596256261,neutral,0.3850748772223694
1342165667504656386,negative,2.674618707444809e-09
1342165674551103489,negative,5.001696173137159e-06
1342165680808849408,negative,5.001696173137159e-06
1342165684579684358,negative,1.4847049202139218e-05
1342165687846973441,neutral,0.33623359787652535
1342165693777764360,negative,0.16913426361747186
1342165695191252993,negative,5.001696173137159e-06
1342165700958412801,negative,5.001696173137159e-06
1342165707035979777,negative,5.001696173137159e-06
1342165713167986689,negative,5.001696173137159e-06
1342165718788280321,negative,0.006334789051235034
1342165721346953219,negative,0.0006322037597126909
1342165725813886976,negative,5.001696173137159e-06
1342165730775740417,negative,1.4707464196768448e-05
1342165732382138368,negative,0.00012841551296420735
1342165738287738885,negative,5.001696173137159e-06
1342165743648059395,negative,5.001696173137159e-06
1342165746181353475,neutral,0.5352232812072258
1342165746357567488,negative,4.952607903526228e-05
1342165755027206144,positive,0.721882024330111
1342165756457398273,negative,5.001696173137159e-06
1342165756746887170,negative,5.001696173137159e-06
1342165769749204993,negative,0.16913426361747186
1342165774723510272,negative,1.9234897672517035e-14
1342165774971133954,negative,1.8521211496925766e-10
1342165786903851008,neutral,0.5613327070722458
1342165787952427009,negative,0.015459977165809775
1342165788728422405,negative,0.005529081533463877
1342165792671019008,negative,1.0701459418434235e-13
1342165795162435584,negative,0.00010347114933339529
1342165810186514433,negative,3.0054589559203835e-07
1342165811922812929,negative,0.017962816210169805
1342165812757585920,negative,0.002693533013260297
1342165825206296576,negative,1.072007681910498e-06
1342165829010542593,negative,1.2646119459291728e-08
1342165830692429824,negative,9.220521109344325e-05
1342165832483430401,negative,0.0035049625484120496
1342165833750089732,negative,0.001060772627220185
1342165839093620736,negative,0.07107058159338464
1342165840486039553,negative,6.946780525915148e-09
1342165841127874560,negative,0.049138451706908844
1342165861780619266,negative,5.001696173137159e-06
1342165871754670080,negative,5.001696173137159e-06
1342165879090515970,negative,5.001696173137159e-06
1342165879694520321,negative,0.000804158723593928
1342165881154129920,negative,0.00020108718819822742
1342165885323247616,negative,5.001696173137159e-06
1342165888762585090,negative,5.001696173137159e-06
1342165891203608576,negative,9.371325611299853e-05
1342165904281526275,negative,0.17936937691063232
1342165906798104578,negative,5.001696173137159e-06
1342165907251089409,negative,1.2783564599318557e-05
1342165914591092736,negative,0.2219017813456377
1342165924347060225,negative,0.003316164241895591
1342165928813932545,negative,5.001696173137159e-06
1342165944651689987,negative,5.001696173137159e-06
1342165949655474178,neutral,0.43511836201260606
1342165950704005120,negative,5.001696173137159e-06
1342165956165070850,negative,9.322178849285971e-11
1342165956479606786,negative,3.884444138406627e-05
1342165960644550657,negative,5.001696173137159e-06
1342165962339065857,negative,6.801205823035824e-05
1342165970643808258,negative,5.001696173137159e-06
1342165971755155456,negative,5.001696173137159e-06
1342165975123128325,negative,3.369124692615013e-09
1342165975983120385,negative,0.16936948377668798
1342165980974358528,negative,0.0026625426899143808
1342165981850968066,negative,7.687803152083029e-08
1342165983067336705,negative,5.001696173137159e-06
1342165995260174340,negative,0.0031109032766952487
1342165995901906951,negative,7.1364531123486045e-09
1342166023424909312,negative,0.16936948377668798
1342166034351083525,negative,0.0997617108889322
1342166037614231553,positive,0.999517510745001
1342166041636581380,negative,0.02760219823152309
1342166053036711936,negative,0.13003467879428315
1342166054890598407,negative,9.898618272368992e-07
1342166086012313600,negative,5.001696173137159e-06
1342166087979442184,negative,5.001696173137159e-06
1342166088180768770,negative,5.001696173137159e-06
1342166093440409600,negative,8.046965967094206e-05
1342166094010834944,negative,5.001696173137159e-06
1342166099308195840,negative,0.16913426361747186
1342166107436818437,negative,5.001696173137159e-06
1342166123148664832,negative,5.001696173137159e-06
1342166125996625922,negative,0.012713141575837923
1342166130509668353,negative,0.0002377296114568027
1342166135228268550,positive,0.9205393517642273
1342166140232093697,negative,5.001696173137159e-06
1342166141729447936,negative,0.10507259557861041
1342166143776251904,negative,5.001696173137159e-06
1342166153490092032,negative,0.0007089181534459902
1342166157537767426,negative,0.0035976555885572905
1342166164403871744,negative,8.03979385622708e-05
1342166167369244672,negative,5.001696173137159e-06
1342166169701076992,negative,0.006334789051235034
1342166170506571778,negative,6.211805641535336e-08
1342166172750520320,negative,5.001696173137159e-06
1342166176139522053,negative,0.016101375694555144
1342166179889229824,negative,0.0032615536246150103
1342166181462081538,negative,8.639175786071879e-08
1342166184909795332,negative,0.17936937691063232
1342166189125021697,negative,0.0688726323531877
1342166190026678274,negative,0.019555383241460042
1342166190064627714,negative,5.001696173137159e-06
1342166191884918786,negative,0.07107058159338464
1342166192895766528,negative,7.147322588990013e-12
1342166195773059075,negative,0.0010388384586061433
1342166196280561666,positive,0.9205393517642273
1342166200021872647,negative,1.8181048341624755e-06
1342166200378384386,negative,5.001696173137159e-06
1342166202722955265,negative,0.002044386249842473
1342166209572319233,negative,5.001696173137159e-06
1342166214588719106,negative,0.00013433632611911767
1342166231022006273,negative,0.16913426361747186
1342166234377322497,negative,0.0011052945769558483
1342166259987861506,negative,1.442030085738719e-06
1342166262194044928,negative,2.059359385620606e-05
1342166278480531459,negative,2.2059509389824453e-05
1342166280510574592,positive,0.9872918609351448
1342166281202626560,negative,0.00013433632611911767
1342166287347298305,positive,0.9205393517642273
1342166302174142464,negative,0.0014231931526037561
1342166302463410177,negative,0.153843746258336
1342166325360254982,negative,0.0035049625484120496
1342166336710041600,negative,0.0014231931526037561
1342166336819130368,negative,0.07107058159338464
1342166346868658176,neutral,0.6349988002432403
1342166350668693504,negative,0.16913426361747186
1342166354640646145,negative,0.14851313975217384
1342166362282745859,negative,4.603236980076469e-09
1342166376853737473,negative,5.001696173137159e-06
1342166378753753088,negative,5.001696173137159e-06
1342166388396449793,negative,0.0030312194806031913
1342166394872459267,neutral,0.43511836201260606
1342166397456150533,negative,5.001696173137159e-06
1342166399880474624,neutral,0.33623359787652535
1342166404179636225,negative,2.1583851433165034e-05
1342166405404389376,negative,0.0030103143843018777
1342166408587862017,negative,9.220521109344325e-05
1342166409892294656,negative,4.99491536688219e-17
1342166413637804040,neutral,0.4985928500860049
1342166416833835010,negative,8.187821947734343e-10
1342166419828518918,negative,0.16913426361747186
1342166421070090244,negative,5.001696173137159e-06
1342166430653927428,negative,5.001696173137159e-06
1342166438384181257,negative,0.0712214549943203
1342166441550819328,negative,0.015135952400078435
1342166441827696640,negative,0.0037484187110983125
1342166458382643200,positive,0.9493743679300689
1342166478423003137,negative,0.008947864790499332
1342166492381638657,negative,1.958707989261891e-08
1342166492381650944,negative,0.008588485913009905
1342166497267916800,negative,4.743985867241277e-11
1342166498782142464,negative,0.0016498128095497446
1342166513604767744,negative,5.130672307180366e-05
1342166515911712772,negative,6.889962783535275e-08
1342166517362921472,negative,0.16913426361747186
1342166520542212103,negative,9.305343498172301e-05
1342166526791741440,negative,1.2184939486336265e-09
1342166526980481024,negative,1.524588555371937e-05
1342166530004557825,negative,0.00013433632611911767
1342166540251258882,negative,0.07959970677498794
1342166545225699329,neutral,0.33623359787652535
1342166546047787010,negative,0.0009684298329149945
1342166548845383680,negative,1.577857780404116e-05
1342166550829215747,negative,0.0003207919074478413
1342166553194852355,negative,5.001696173137159e-06
1342166553928863744,negative,2.277007446545433e-05
1342166562392993794,negative,0.0034563771102321893
1342166562925633537,negative,2.974145078307969e-06
1342166564661968896,negative,0.17936937691063232
1342166575420477448,negative,0.00017544597117245497
1342166582949253123,positive,0.9614691170937978
1342166605376188418,negative,5.001696173137159e-06
1342166606441570307,negative,0.0006999600101107612
1342166608677122048,negative,5.001696173137159e-06
1342166609495011334,negative,0.02493259323374234
1342166616080048129,negative,0.001060772627220185
1342166621033558019,negative,0.028400307588416798
1342166628675555333,positive,0.9205393517642273
1342166634799235073,negative,0.00013433632611911767
1342166642374144004,neutral,0.5566774083020406
1342166646702690304,neutral,0.43511836201260606
1342166647478644738,negative,0.004540142513020258
1342166654537633793,negative,2.266707282239627e-08
1342166654772506624,negative,2.3473558608953196e-11
1342166666340409344,negative,0.015135952400078435
1342166679737008128,negative,0.0024571686311396328
1342166685432885248,negative,0.07107058159338464
1342166689220325382,negative,3.13889042579911e-05
1342166715921133568,negative,2.484619099199247e-06
1342166727883423749,positive,0.7580346998462874
1342166728592257029,neutral,0.4985928500860049
1342166729431117827,negative,0.08026736630111539
1342166734602706944,negative,0.015135952400078435
1342166735873568769,negative,0.0024743334969788274
1342166742806765568,positive,0.7537317226057899
1342166751656734723,negative,0.012011136480746728
1342166756677316614,negative,5.001696173137159e-06
1342166757692342274,negative,5.001696173137159e-06
1342166758514372615,negative,0.0033113222158135795
1342166759474925568,positive,0.7851372276264073
1342166775581077504,negative,1.5212386795581066e-10
1342166784728821763,neutral,0.4042315140070622
1342166796657455104,negative,0.0007390009603473922
1342166798330978306,negative,0.0003082829128938472
1342166799052275713,negative,0.006334789051235034
1342166800625262595,negative,5.001696173137159e-06
1342166802068099074,negative,0.0006340767009318823
1342166802097463296,negative,5.001696173137159e-06
1342166803007549441,negative,0.29353909257825084
1342166803091496965,negative,5.001696173137159e-06
1342166804387557376,negative,3.021438475577649e-05
1342166807512195072,negative,5.001696173137159e-06
1342166808472772608,negative,5.001696173137159e-06
1342166810687320064,negative,5.001696173137159e-06
1342166821399625728,negative,0.16913426361747186
1342166824981553152,neutral,0.530094877643986
1342166833336561667,negative,2.2563249073487037e-06
1342166835127595008,negative,0.07107058159338464
1342166842413117441,negative,0.16913426361747186
1342166844086636546,negative,0.0014231931526037561
1342166858787680262,neutral,0.530094877643986
1342166864701566978,negative,0.00013565678054455266
1342166882938445825,negative,0.16913426361747186
1342166885358592000,negative,0.004667062313686299
1342166885362671619,negative,0.06435564671474134
1342166898675494914,negative,5.166793091214423e-06
1342166905000513537,negative,0.03411776522701382
1342166919659585537,negative,0.16381412171924417
1342166920494243840,negative,2.3379469411148106e-08
1342166929491058691,negative,0.0007399094958796518
1342166930669662210,negative,0.0009545809304330617
1342166936948535297,negative,0.005018755643428259
1342166940010295296,negative,7.269483189496469e-08
1342166941629374472,negative,1.2366851694457832e-08
1342166949258797057,negative,0.0023826760114950144
1342166959274815496,negative,0.07107058159338464
1342166965952118784,negative,5.760803931627433e-07
1342166971727683585,negative,0.0012867520672385628
1342166972247769088,negative,0.00020312286808267
1342166979705241600,negative,0.000851522793537381
1342166983169761280,negative,5.001696173137159e-06
1342166983748571137,negative,1.1486620331288921e-12
1342166997690417157,negative,1.013572058903412e-05
1342166999632400384,negative,0.16490759654860254
1342167005185650692,negative,0.0008067471435549648
1342167012508913664,negative,4.817013111362394e-09
1342167014547316738,negative,0.00016351418773462333
1342167019995738115,negative,0.0030103143843018777
1342167027897794560,neutral,0.49789225920557484
1342167035606937602,negative,1.84586226019259e-09
1342167036991066113,negative,2.3473558608953196e-11
1342167039868346369,negative,1.2569916018338421e-08
1342167044016525313,negative,0.0019790367466738846
1342167060219125761,negative,0.0003847830099294159
1342167073624117250,positive,0.7851372276264073
1342167077533134850,neutral,0.49789225920557484
1342167078179135488,negative,0.0002591432186794614
1342167085837938699,negative,1.132043144905838e-06
1342167100446674945,negative,2.647127068177388e-09
1342167106029297665,negative,5.001696173137159e-06
1342167110508814336,negative,4.867759182140536e-09
1342167111351857153,negative,0.015135952400078435
1342167112958136320,negative,0.10423956210162658
1342167114069790721,negative,5.001696173137159e-06
1342167123574063104,positive,0.68464798821722
1342167140380585984,negative,7.1537743600766046e-12
1342167165542277123,negative,0.0005013425958907291
1342167182596337664,negative,9.030087777624622e-09
1342167200749252610,negative,0.004124831806759048
1342167203064504323,negative,0.18397799247355412
1342167203894992896,negative,3.4615762099225513e-09
1342167203983077378,negative,0.24818428473221657
1342167209364361217,negative,2.951091223599425e-06
1342167210522005504,negative,9.934294499976523e-06
1342167227617964032,negative,8.514190128618525e-05
1342167242214137856,positive,0.6963147151331799
1342167252536229888,negative,0.10423956210162658
1342167253173870593,negative,0.011356912383946276
1342167257305153541,negative,0.0688726323531877
1342167258920067073,negative,3.6155882651968085e-05
1342167260404789248,negative,0.00013433632611911767
1342167270169210881,negative,0.16913426361747186
1342167282496241665,negative,0.0027706103257395024
1342167286065623041,neutral,0.43511836201260606
1342167291044245505,negative,0.0024571686311396328
1342167293556649985,negative,0.0014231931526037561
1342167294995292162,negative,0.3086386356064402
1342167302096236545,negative,0.23403466584486257
1342167302972854279,negative,5.669436703403963e-06
1342167303857860611,negative,5.001696173137159e-06
1342167314008068096,neutral,0.33623359787652535
1342167319888457732,negative,0.22502903401477503
1342167330080567301,negative,0.0007399094958796518
1342167331733123073,positive,0.9505830031525146
1342167332257456130,negative,0.001001286939978925
1342167337210945538,negative,0.0002613846247554091
1342167348615258112,negative,5.001696173137159e-06
1342167348904665089,negative,0.16913426361747186
1342167351802941441,negative,0.00025197609518379856
1342167353098981378,negative,0.13975638537991708
1342167359931428871,negative,6.102891550183294e-09
1342167361177198592,negative,0.0001239123996255995
1342167370320764928,negative,1.3175117464182328e-06
1342167371918831623,negative,0.029179235762816412
1342167392110211074,negative,0.00013433632611911767
1342167394828038145,negative,1.0727272251589351e-05
1342167396342243328,negative,0.0007229434616882709
1342167398955294720,negative,3.628570359337783e-06
1342167400398127104,positive,0.7851372276264073
1342167406081433603,negative,0.16913426361747186
1342167426629251075,neutral,0.6228219636826764
1342167442047561728,negative,0.28380180147458217
1342167458761814016,neutral,0.4431897178824942
1342167462968782850,negative,0.16913426361747186
1342167471164432389,negative,7.135094802739927e-10
1342167471319617544,neutral,0.4985928500860049
1342167472309473283,negative,5.001696173137159e-06
1342167472376578049,negative,1.8993597843295455e-12
1342167477518815232,negative,0.0007875124401545199
1342167481830563840,negative,6.20436070954944e-05
1342167484267376642,negative,0.07107058159338464
1342167485286645762,negative,0.0011049160293596337
1342167487333490695,negative,5.001696173137159e-06
1342167488730116096,neutral,0.33623359787652535
1342167490810540035,negative,0.14435411051737912
1342167491062222850,negative,5.001696173137159e-06
1342167495193423872,negative,1.7754649976719955e-08
1342167496762273792,negative,6.801205823035824e-05
1342167504706285569,neutral,0.33623359787652535
1342167505293467648,negative,5.669436703403963e-06
1342167513560469504,negative,0.036091408688814226
1342167515791826944,negative,2.467949564401054e-11
1342167519931453444,negative,0.016283228821617528
1342167520837591042,negative,5.001696173137159e-06
1342167522586619904,negative,5.001696173137159e-06
1342167524968968193,negative,1.5522757076482238e-09
1342167533034606592,negative,0.0030103143843018777
1342167544749301761,negative,4.840994955400843e-06
1342167546011791363,negative,0.16913426361747186
1342167552261238791,negative,5.001696173137159e-06
1342167565028773888,negative,5.001696173137159e-06
1342167577263558657,negative,0.011904344524220085
1342167583139766276,neutral,0.4985928500860049
1342167592358838286,negative,0.00013433632611911767
1342167593042505728,neutral,0.43511836201260606
1342167595630407680,negative,3.788377939348179e-07
1342167606426537984,negative,6.20436070954944e-05
1342167608183975939,negative,2.861243718602243e-05
1342167612046901249,negative,0.1977571311248516
1342167615234568192,positive,0.9205393517642273
1342167622746517506,negative,0.0007399094958796518
1342167622943649792,negative,2.20567819360052e-08
1342167627314114561,neutral,0.3850748772223694
1342167628492759040,negative,0.010891543425610474
1342167636260626434,negative,2.125520334818637e-06
1342167646389891074,negative,7.341440990298077e-14
1342167647048388608,negative,0.07107058159338464
1342167652995887104,positive,0.9205393517642273
1342167655575379968,neutral,0.4621165741370409
1342167659933290496,negative,0.0005978479124890537
1342167673447337986,negative,5.001696173137159e-06
1342167676492328961,negative,0.20010269807456704
1342167681085140992,negative,1.1354646829922786e-07
1342167681802383366,negative,5.001696173137159e-06
1342167699091304448,negative,6.64146366778082e-06
1342167699825287169,negative,0.07107058159338464
1342167700425109506,negative,0.015459977165809775
1342167703688253440,negative,0.002336529038215671
1342167705529577473,neutral,0.43511836201260606
1342167705659580417,neutral,0.43511836201260606
1342167707534450689,negative,0.015135952400078435
1342167719131684865,negative,5.001696173137159e-06
1342167720448700422,negative,5.001696173137159e-06
1342167728094900232,negative,0.0007399094958796518
1342167750010163211,negative,5.001696173137159e-06
1342167750559600649,negative,5.001696173137159e-06
1342167760483323905,positive,0.9505830031525146
1342167761846460417,negative,0.016799490002802096
1342167775738028034,negative,0.0007399094958796518
1342167785816936450,neutral,0.3850748772223694
1342167790053154816,negative,2.4825586378955247e-12
1342167794033561601,negative,0.0024571686311396328
1342167815374168064,negative,0.0005724707938483829
1342167830322667520,negative,0.07107058159338464
1342167831283171329,negative,0.00010622642443577697
1342167832155598848,negative,0.024018148593027918
1342167840623882243,negative,3.313949856873301e-06
1342167846927945729,negative,0.004003061520834081
1342167854179868677,negative,0.0018119988104237164
1342167856541265920,negative,0.0005023022515676861
1342167861171789827,negative,7.087702551068031e-05
1342167862002262018,negative,5.001696173137159e-06
1342167871137476612,negative,2.1184758813598948e-11
1342167874383671296,negative,0.0030898143674900954
1342167879807082504,negative,5.001696173137159e-06
1342167882277511168,negative,1.5866098501983063e-05
1342167884034961415,neutral,0.43511836201260606
1342167889521086464,negative,7.706610259975916e-05
1342167889818882050,negative,0.16913426361747186
1342167903752302593,negative,5.001696173137159e-06
1342167906566737920,negative,0.0001343326307938514
1342167909787967489,negative,0.0007399094958796518
1342167912224862211,positive,0.721882024330111
1342167914279915520,negative,0.0007660033094859792
1342167917052514305,negative,0.06435564671474134
1342167919778795524,negative,5.001696173137159e-06
1342167926783287297,negative,5.401780743030566e-06
1342167929685745664,negative,5.001696173137159e-06
1342167932080713729,negative,0.002752404394055652
1342167933946978304,negative,5.001696173137159e-06
1342167935075438593,negative,0.00010753920962001665
1342167935259963392,negative,2.7362802335182113e-09
1342167937977905153,negative,0.021622896358381445
1342167938602856450,negative,0.001068723564378332
1342167946882392068,negative,5.001696173137159e-06
1342167950518857728,negative,0.004909344576416084
1342167951198330883,negative,5.001696173137159e-06
1342167960035667975,negative,0.0018119988104237164
1342167960694235137,negative,0.16913426361747186
1342167960757161985,negative,0.07107058159338464
1342167963722416130,negative,0.012332273186595438
1342167964196462594,neutral,0.49789225920557484
1342167968394969088,negative,1.7138734507519203e-09
1342167988171059201,negative,0.0005013425958907291
1342167991455281153,negative,0.0016498128095497446
1342168016516243456,negative,1.4599573763537863e-05
1342168020244955138,negative,0.01724856537507155
1342168042919383042,negative,2.284601545273568e-05
1342168045473595393,negative,0.0018119988104237164
1342168046920724486,negative,1.169281908733923e-06
1342168055598739457,negative,0.0007399094958796518
1342168066566877184,negative,0.012887113924135494
1342168067334397957,negative,0.0014617533947897804
1342168069695791107,negative,0.16913426361747186
1342168071855886340,negative,0.18016715323309396
1342168073298706433,negative,5.001696173137159e-06
1342168081242722310,negative,2.0797093565454495e-05
1342168084333916169,negative,5.001696173137159e-06
1342168091644600320,negative,6.801205823035824e-05
1342168092596707331,negative,5.001696173137159e-06
1342168102562361345,negative,5.001696173137159e-06
1342168104282050560,negative,6.497682364112961e-11
1342168105947197444,negative,1.2307607109347127e-10
1342168123638738945,negative,0.0007399094958796518
1342168125228294144,negative,0.011601948062984351
1342168126931279873,negative,5.001696173137159e-06
1342168133474381827,negative,5.001696173137159e-06
1342168139463856130,negative,0.0020669940990367722
1342168145331683342,negative,0.0009458747746910082
1342168148523577344,negative,0.16913426361747186
1342168148620025859,negative,5.001696173137159e-06
1342168152185180167,negative,5.001696173137159e-06
