Tweet_ID,Sentiment_Label,Probability_pos
1340235430160044033,negative,0.2125998055614009
1340235431791783937,negative,0.00034117348674001717
1340235432630439936,positive,0.8727712647137528
1340235436820721664,negative,0.32917818321593467
1340235437089181696,negative,0.05357950268981793
1340235439563812864,negative,0.21782822309963426
1340235440876638208,negative,1.072334930369851e-05
1340235461478985729,negative,0.2608250021126404
1340235462972231680,negative,0.07026508288047041
1340235464473763846,neutral,0.49789225920557484
1340235468143783936,negative,0.030720560571065758
1340235470173859840,negative,0.018103618925580472
1340235471641845760,negative,2.245544465453847e-05
1340235473323757570,negative,0.2608250021126404
1340235473608994821,negative,0.0014281597718196707
1340235475194417153,neutral,0.607548228400661
1340235475454472192,negative,0.0014281597718196707
1340235475991334912,negative,0.00010082660097281898
1340235477467746307,neutral,0.42614686598510276
1340235477631311872,negative,0.1808482412859558
1340235478247895042,negative,9.301980356739175e-06
1340235479854268416,negative,0.08012756826110662
1340235481129373697,positive,0.76141953153269
1340235483943739392,negative,0.049390021795296384
1340235484044398592,negative,0.04206287678156329
1340235485554364416,neutral,0.6448095705077348
1340235485646610432,positive,0.8098303948652278
1340235486825226241,negative,2.758373035598428e-05
1340235487185956864,negative,1.9667193681928496e-06
1340235487802486784,negative,0.20831026499138205
1340235487949299712,negative,0.14129877344349587
1340235488037400576,negative,0.002431222551965625
1340235489668980736,negative,2.245544465453847e-05
1340235490130337793,negative,3.560302522997896e-05
1340235491527053313,positive,0.8260534269944707
1340235492785328128,negative,0.18042091104705985
1340235493921992705,neutral,0.3745824601636895
1340235494639226880,negative,0.00012163710132765108
1340235497122238464,negative,0.006402697131232968
1340235501974867968,negative,4.9721821105877715e-06
1340235502163640320,negative,0.0016793628868680775
1340235502251896832,negative,0.15261953407315937
1340235506840465408,negative,0.04871762992069864
1340235507016605697,negative,0.020318454706461826
1340235507352137728,negative,0.0032756376288234045
1340235508430024704,negative,3.272198049462412e-05
1340235509004722178,negative,0.05909050158871611
1340235509805817858,negative,0.04229744957948426
1340235510669860864,negative,0.31970892782508104
1340235512053964800,negative,0.294467408976063
1340235512318144513,negative,0.15641430115846613
1340235516080373760,neutral,0.49523466082697354
1340235527883284482,negative,0.017290944790772905
1340235535428804608,negative,0.08600617892451999
1340235554089279489,negative,0.0014659201799234675
1340235571483041794,negative,0.30982476398521097
1340235574767185920,positive,0.7835577409760953
1340235587610005504,negative,1.0161021873185765e-08
1340235588037971968,negative,0.058553252288677915
1340235591968055296,negative,0.0009414266184850614
1340235603321958401,negative,0.060970446796152426
1340235603674341378,negative,0.0014898597155315963
1340235605003939840,negative,0.017290944790772905
1340235610422976518,positive,0.7835577409760953
1340235624008331265,negative,7.161866159314752e-10
1340235625761533953,negative,0.006109485874072981
1340235638419976193,negative,0.000746511584641421
1340235644027752448,negative,3.724669907802933e-06
1340235647886520320,neutral,0.5585477578569895
1340235648507277312,neutral,0.4741808437646564
1340235649224495104,negative,0.008962471310733374
1340235649673273344,negative,0.0025418067117612114
1340235649752952833,negative,0.1752105914564939
1340235649769680896,negative,4.4539229976062e-08
1340235651464245249,negative,0.012161915281136125
1340235651917238272,negative,0.09201768195097534
1340235652013633537,negative,2.245544465453847e-05
1340235652043030528,negative,5.162608899961061e-06
1340235652424749057,negative,1.732760570160291e-09
1340235653913718784,negative,0.03959428103636722
1340235654765142016,negative,0.06720648316957929
1340235655771803650,negative,0.0005923433842955335
1340235656417726464,negative,2.245544465453847e-05
1340235657533394944,negative,0.027097141799707687
1340235659987050502,negative,0.06781605657779016
1340235660658167808,negative,0.00041486309395578354
1340235661945827328,negative,0.04743742475696728
1340235663304761344,negative,0.0021600132549951215
1340235664072323073,negative,0.22561333375529458
1340235664563036160,negative,0.002262018330259773
1340235668153376768,negative,0.00035959744710131714
1340235668593717248,negative,0.0071028186167625094
1340235672330887169,negative,0.00035966600320592074
1340235673790517248,positive,0.7832155778539623
1340235675426287616,positive,0.9998346173284736
1340235676332134401,neutral,0.37679160841915355
1340235676399353857,neutral,0.37679160841915355
1340235676478963713,negative,1.7286234591233112e-07
1340235676583792640,negative,0.0027193811513989137
1340235678160924676,negative,0.01655022480749108
1340235678265782272,negative,1.1205434913513783e-06
1340235679696113664,negative,9.653885877615981e-09
1340235683777146881,negative,7.522950442433795e-05
1340235692442574849,negative,0.012080282608345039
1340235694749458432,negative,0.0937649391022852
1340235700772491264,negative,1.071050674709992e-05
1340235704236990464,negative,0.0008387217615742535
1340235726315810816,negative,0.00027523757077153784
1340235728429707265,negative,0.08370903049494592
1340235731160215553,negative,0.002468477594707394
1340235742346358785,neutral,0.46127768308170247
1340235744338698241,negative,0.02231766726920486
1340235745085296641,negative,0.01620400421694351
1340235752517611520,neutral,0.3400002912418268
1340235755088719872,negative,0.02013215271257444
1340235755143237633,neutral,0.49789225920557484
1340235766635646978,negative,5.57804827333942e-07
1340235774160216069,neutral,0.4397141611140932
1340235775372234752,neutral,0.49789225920557484
1340235775842107392,neutral,0.5242817314380989
1340235776869736448,negative,2.758373035598428e-05
1340235777754730498,negative,0.13865073464909544
1340235778333487105,negative,0.25146158760265236
1340235790383640580,negative,0.008091047739177659
1340235798763978757,negative,0.018006779686150647
1340235802463354885,negative,0.2404177822877068
1340235828178653185,negative,0.005641053013676905
1340235829319483398,negative,0.17409081272168986
1340235829428383745,negative,9.604136220820334e-05
1340235830229671937,negative,0.009300170107662225
1340235835006967810,neutral,0.33967797075271206
1340235835761954816,negative,0.2509766029847353
1340235836235915267,negative,0.20404208307656746
1340235836818767872,neutral,0.49789225920557484
1340235837754265602,negative,0.013433244851191127
1340235839369056256,negative,0.020939582780234577
1340235842556731392,positive,0.9668940899071713
1340235845744386048,negative,2.758373035598428e-05
1340235851083735040,negative,0.26645975767593433
1340235851557695490,neutral,0.49789225920557484
1340235863335325696,negative,0.024064418313255287
1340235864803258368,negative,0.0005566275574612927
1340235873594556416,neutral,0.49789225920557484
1340235885770629120,neutral,0.49789225920557484
1340235901918736385,negative,0.17580484628781418
1340235909246103552,positive,0.9991326907425793
1340235912224133120,negative,0.294467408976063
1340235913276895232,negative,0.21204502277006862
1340235915529207809,negative,0.0003283703827958572
1340235919610265600,neutral,0.5030332264438171
1340235920419790851,neutral,0.49789225920557484
1340235929865383936,negative,1.1205434913513783e-06
1340235933304713216,negative,0.017290944790772905
1340235941370359810,neutral,0.4737554465528978
1340235945367515137,negative,0.038133942756044516
1340235946369970177,negative,0.005256981634139593
1340235946713903106,positive,0.9039605887228702
1340235948093804544,positive,0.6867641699762556
1340235948353855488,negative,0.14021667519275063
1340235966779437057,negative,0.003363175970383667
1340235966947221510,negative,3.766452531170911e-07
1340235969056927744,neutral,0.49789225920557484
1340235969556082688,negative,0.009149320445567105
1340235972584333312,negative,0.18177569596955231
1340235981929234432,negative,0.07854599820414851
1340235987826466817,negative,0.017290944790772905
1340235987872583682,negative,0.0002675994472017134
1340236001877385216,negative,0.02287399768356541
1340236002007216128,neutral,0.49789225920557484
1340236003815112705,negative,0.00031719996900905637
1340236006541418496,negative,0.005292651432501456
1340236007707451392,negative,0.035656756811335066
1340236011469762560,negative,3.279815117229839e-08
1340236015668260864,negative,0.19285574248697288
1340236020202303489,negative,0.01287882710775609
1340236021397598209,negative,0.005292651432501456
1340236026300776448,negative,0.01985144057406996
1340236028385357824,negative,0.03298748440542616
1340236029014536193,negative,0.0001551389087014894
1340236030805422080,negative,0.0025425699631252798
1340236031233277954,negative,0.22268863279919515
1340236033372336128,negative,1.1205434913513783e-06
1340236034475520001,negative,2.245544465453847e-05
1340236038485192705,negative,0.002629041725821293
1340236042050387968,negative,0.1808482412859558
1340236042906071041,neutral,0.35468569960143
1340236050636148736,negative,0.00826720458665742
1340236056189386752,negative,7.959188654532584e-10
1340236058299133952,negative,0.0005282436766812369
1340236061008678912,neutral,0.4399023829472597
1340236062980009984,negative,0.017290944790772905
1340236063583944706,negative,0.017559574389632692
1340236063835643905,positive,0.9938205533975988
1340236071930634241,negative,4.07911599666881e-06
1340236072152952832,negative,2.245544465453847e-05
1340236073809698822,negative,1.1205434913513783e-06
1340236076703727617,negative,0.03474931181190183
1340236077903335424,neutral,0.38582736885198643
1340236078989643782,positive,0.9668940899071713
1340236080776433664,negative,0.27302341330493074
1340236083255275521,negative,0.05106637002907062
1340236084383498241,neutral,0.49789225920557484
1340236087013355520,negative,1.1205434913513783e-06
1340236089383129088,negative,0.00041115007367526613
1340236089777385472,negative,0.00023528448266095145
1340236090398171136,negative,0.04591865360374104
1340236092457578496,negative,0.0027193811513989137
1340236094068158466,negative,0.035564046587052395
1340236094865088523,negative,0.00021025536096518915
1340236097507516417,positive,0.751065068835529
1340236098585411584,negative,2.245544465453847e-05
1340236100011503622,positive,0.85135868808954
1340236100208631808,positive,0.9993299243290779
1340236108291072000,neutral,0.49789225920557484
1340236121817669633,negative,0.07570375570000422
1340236122534768643,negative,0.0001138377996105957
1340236122618781697,negative,0.03444918109708754
1340236122824335361,negative,0.009300170107662225
1340236124720160768,negative,6.230581718537142e-07
1340236125210865664,negative,2.245544465453847e-05
1340236127601618944,negative,0.06428578843176622
1340236128658534402,negative,0.010612337458253572
1340236129656856577,negative,0.007159041660237895
1340236131737227264,negative,0.005641053013676905
1340236132123078657,negative,0.017290944790772905
1340236138141855744,neutral,0.5585477578569895
1340236138607472642,positive,0.8236449488320199
1340236138863230978,negative,2.449071298667063e-06
1340236139647672323,neutral,0.5431265971725598
1340236140562046976,negative,0.16395097863427316
1340236147155415040,negative,0.08734911880234883
1340236147767857157,negative,2.245544465453847e-05
1340236148392796160,negative,5.297892000313969e-05
1340236151941197824,negative,5.551687922573268e-05
1340236156533940225,negative,0.005641053013676905
1340236156575879168,positive,0.756994488419295
1340236157775437825,negative,0.013377259965876187
1340236159025360896,negative,0.0001551389087014894
1340236159855812608,neutral,0.4737554465528978
1340236159872610307,negative,0.20842885762963093
1340236160967340035,negative,0.2531089751490629
1340236161831329793,positive,0.8943496120273309
1340236165140668416,neutral,0.37874993579954885
1340236165320945664,neutral,0.3955162152063776
1340236168399646724,positive,0.7977948457307099
1340236168437358592,negative,0.07664742139797776
1340236173470543873,negative,0.030054924578173266
1340236176234602496,negative,0.005569035786239456
1340236176284938240,negative,2.245544465453847e-05
1340236178147205120,negative,0.0010858616144069628
1340236179451617280,negative,4.527038762809581e-05
1340236179652927499,negative,0.05942477573403032
1340236179720052737,negative,0.00011611692085048312
1340236180672180224,negative,0.0001664628275083701
1340236180957372418,negative,2.245544465453847e-05
1340236184166035456,neutral,0.46705407792701215
1340236185411547136,negative,0.03381290007285315
1340236187915710465,negative,0.00022067667033271582
1340236188066717699,negative,0.005569035786239456
1340236189144592385,positive,0.9898326029436745
1340236191883546624,negative,0.25146158760265236
1340236192839847942,negative,0.0010472764024182825
1340236194270068744,negative,0.0005823631214576138
1340236197214433280,negative,0.0004135220482311112
1340236200100151301,negative,2.245544465453847e-05
1340236202159575042,negative,2.09543144763051e-06
1340236204994940928,negative,0.002943651107383088
1340236207104647169,negative,0.14933147170141264
1340236211080867840,negative,0.07026508288047041
1340236211974225920,negative,0.033505174136374626
1340236213308039169,positive,0.6832170205002451
1340236214440497152,neutral,0.35181381577067566
1340236215040274432,negative,9.652961067479972e-07
1340236215237357568,negative,0.00029512207338099446
1340236222552272896,negative,0.14933147170141264
1340236222980124674,negative,0.004981262390439
1340236223546310662,negative,0.004757017028270758
1340236224276148224,positive,0.6646393315409048
1340236224544575488,neutral,0.4737554465528978
1340236227413479424,neutral,0.49789225920557484
1340236229397364736,negative,0.027097141799707687
1340236229602922496,negative,0.04522790853046264
1340236230781493248,negative,0.03768164933743037
1340236231125463040,negative,0.24398335672085858
1340236231758770176,negative,0.005641053013676905
1340236232849289216,negative,0.027097141799707687
1340236233507827712,negative,0.0010078140350299931
1340236234791239680,negative,0.037304337058098706
1340236235458179074,negative,0.11526384599213464
1340236236347363330,neutral,0.5734576952979002
1340236238092197889,negative,0.0033619561372962106
1340236238683443200,negative,0.2562137835965162
1340236239413391360,negative,0.010620358714805572
1340236239530848256,negative,0.19120920572430397
1340236239610458113,negative,1.1205434913513783e-06
1340236240608747520,neutral,0.6450754529981741
1340236241141424129,negative,0.15907307926581124
1340236243880325120,negative,0.0011992241148895447
1340236245654532098,negative,0.0020216782346851713
1340236247864926210,negative,0.011901047672213632
1340236248552771584,negative,1.9091144790103613e-05
1340236251924992005,neutral,0.36417534980952776
1340236251983712256,negative,0.04206287678156329
1340236252159864833,negative,0.008790167860960221
1340236252323459072,negative,3.5062608564410335e-05
1340236252755451908,neutral,0.46127768308170247
1340236253296472065,negative,0.0004234060915597707
1340236255083290625,negative,0.0019233929657328222
1340236257385975808,negative,2.758373035598428e-05
1340236259915161601,positive,0.9548290495054544
1340236261462827009,positive,0.9999999962452364
1340236262062604289,negative,0.0036132305941239374
1340236262121353221,negative,0.1752685386637413
1340236262897315840,negative,2.245544465453847e-05
1340236266374361088,negative,0.009326971683885568
1340236267393576960,negative,2.782576974337149e-10
1340236267917864962,positive,0.8260534269944707
1340236269884944384,negative,0.005650794054154834
1340236274855194625,negative,0.007779947553287748
1340236276860137472,negative,0.2562137835965162
1340236277464129537,negative,1.1205434913513783e-06
1340236279267659777,negative,0.026432531466508234
1340236279678693378,negative,0.002581490388308332
1340236280626634752,positive,0.9641271240240266
1340236281465479168,positive,0.7757524682255411
1340236284015636480,negative,3.560302522997896e-05
1340236284200177665,negative,0.034910511110297276
1340236289325592576,negative,0.15077533941385374
1340236289426280448,negative,0.024587093902515428
1340236290931961856,negative,0.050136086863421914
1340236293800902656,negative,5.061476410420547e-05
1340236295373807617,negative,0.0010662217743299858
1340236296405590017,neutral,0.35181381577067566
1340236299488378880,negative,0.06733063903887301
1340236301833015296,negative,0.001032752129498355
1340236302894190593,negative,0.0002065339137506812
1340236302915153920,negative,0.000557685748588637
1340236303103905796,negative,0.011226794580808564
1340236304068599808,negative,0.017290944790772905
1340236305452707840,negative,0.3055950302665505
1340236305947631616,negative,0.00014488489326952133
1340236307025543168,negative,0.00035959744710131714
1340236307319062528,neutral,0.49789225920557484
1340236307822460929,negative,0.14933147170141264
1340236308036382720,negative,0.17933268133418936
1340236311433719810,negative,0.09134095094571257
1340236311635120130,negative,0.1280942701738196
1340236313061109760,negative,0.22990737479515927
1340236314176843780,negative,0.03518379511694829
1340236319742701569,negative,0.0008462435244230616
1340236321751752704,negative,0.009204865303799216
1340236322036994049,negative,0.005650794054154834
1340236323593089029,negative,0.00010894939460057523
1340236326583590912,positive,0.7832155778539623
1340236328919810049,negative,0.274515119130039
1340236329649618944,negative,0.294467408976063
1340236331021201414,neutral,0.41645918421054096
1340236332765999105,negative,0.061849096907997066
1340236333344829440,neutral,0.3932538679356853
1340236333550358529,negative,0.21921412548362115
1340236334766698496,negative,0.0840865806922812
1340236335811096576,negative,0.0018488948883296468
1340236335819464704,negative,2.758373035598428e-05
1340236336100421637,negative,0.017290944790772905
1340236338260533248,negative,0.02753420163779416
1340236339971829760,negative,0.09572076941086353
1340236340147961857,negative,7.796125384692306e-10
1340236341322387457,positive,0.770931454439995
1340236342664544256,neutral,0.40434696298341344
1340236343780257793,negative,1.31232517057135e-12
1340236344518352896,negative,1.8380979327215136e-06
1340236348859568129,neutral,0.46127768308170247
1340236350189125632,negative,0.18434094660001213
1340236352466657281,negative,1.7502922909163747e-05
1340236353016107008,negative,0.09201768195097534
1340236354035343360,neutral,0.35181381577067566
1340236354526064641,negative,0.006969938117370235
1340236358837805057,negative,0.22561333375529458
1340236362079989761,negative,0.11526384599213464
1340236369310957568,neutral,0.5871812706961201
1340236369365520385,negative,0.04716540705658523
1340236371152257024,negative,0.007383496117494937
1340236372108603392,negative,0.04206287678156329
1340236372196679686,positive,0.8856137571282544
1340236373266075654,negative,3.302270640078593e-05
1340236373282926595,neutral,0.5535568045326904
1340236373371043840,negative,0.021155777450643752
1340236374084096002,negative,0.0058058327168528
1340236375149391872,negative,1.1205434913513783e-06
1340236382053261317,negative,0.31939114136953217
1340236383965855745,negative,0.00014491088195292637
1340236387359076352,negative,0.17530011606073342
1340236389590446081,positive,0.85135868808954
1340236390739693572,negative,1.0161021873185765e-08
1340236391213613056,negative,0.005292651432501456
1340236392182509568,positive,0.6646393315409048
1340236392195043329,neutral,0.46127768308170247
1340236394422280192,negative,0.041713363174647355
1340236396024516608,negative,4.212271399318191e-09
1340236396204797952,neutral,0.4737554465528978
1340236398700474368,negative,0.04713167726241166
1340236399321165825,positive,0.9548290495054544
1340236400248184832,negative,3.218990851449006e-05
1340236400617205760,negative,4.944887939396866e-11
1340236403402268672,negative,1.7502922909163747e-05
1340236405105160192,negative,0.0027193811513989137
1340236405319057408,negative,0.025116575950971647
1340236407495929856,negative,0.2058538603440781
1340236409404354561,negative,0.033297023292573565
1340236412046741505,negative,3.279815117229839e-08
1340236415226028033,negative,0.024587093902515428
1340236416404643840,neutral,0.4027521824476965
1340236419093151748,negative,0.0027172235925947558
1340236419369938944,negative,0.30248127565626065
1340236425732763648,negative,0.00013168784617708835
1340236426475126785,positive,0.9888787852602359
1340236428584906752,negative,0.006486754105367934
1340236432481398785,negative,0.07873929159415846
1340236432703676416,negative,0.005641053013676905
1340236434960216064,negative,0.07264065615044013
1340236434981187584,negative,9.451102830735107e-07
1340236435597762561,negative,0.029335047397185104
1340236436046557184,negative,0.2368638560006373
1340236439385202695,negative,0.21990036379474778
1340236441335590913,negative,1.0161021873185765e-08
1340236441402695680,neutral,0.5136446707795853
1340236441624854528,neutral,0.65148653377601
1340236443252342784,negative,0.00014930865725400777
1340236445022359552,negative,2.516240588589594e-05
1340236445437464577,neutral,0.4594071467057754
1340236445634752518,neutral,0.3310531877220302
1340236447740293122,negative,6.829814453860651e-05
1340236448767770624,positive,0.8796066192592152
1340236450172956678,neutral,0.4899951777522356
1340236450399436801,negative,0.09881621564593386
1340236451620003840,negative,0.2881011813373516
1340236451636629506,negative,0.24723118334392385
1340236451858972672,negative,0.15261953407315937
1340236452207206401,neutral,0.4331951940750651
1340236454924963840,negative,0.08879915813883178
1340236455306797056,negative,0.00044205279700053687
1340236457475272704,negative,0.05566661968629522
1340236458712588288,neutral,0.4737554465528978
1340236459152949250,positive,0.8063850662621057
1340236461145272320,negative,0.0003164695775957405
1340236462122541057,neutral,0.579000988134708
1340236463959662592,negative,4.888229368514751e-07
1340236464030953473,negative,8.296437597649591e-05
1340236465096241153,negative,1.1205434913513783e-06
1340236469915553794,negative,0.08381620367585507
1340236471723241472,negative,9.759410512613597e-06
1340236473593901057,negative,0.01898478026274368
1340236473648472065,positive,0.9999718696555177
1340236474910912518,negative,0.14355826395726387
1340236475623989249,positive,0.6646393315409048
1340236477339475968,negative,0.17557880402382645
1340236480908840961,negative,0.0008598721575723866
1340236483706433538,negative,0.06276299194417685
1340236488391344130,neutral,0.49789225920557484
1340236488991191041,negative,0.14933147170141264
1340236489993695232,negative,0.020238344202780187
1340236493382672384,negative,0.0543261162584152
1340236494192205826,negative,0.00023528448266095145
1340236495848943618,negative,0.06527339150564489
1340236496163500035,negative,0.008787525787110336
1340236496268374016,neutral,0.49789225920557484
1340236498763825153,negative,0.11455526056308842
1340236499632189441,negative,0.0011725222141952727
1340236500978561024,negative,0.00010685295941738701
1340236501096013824,negative,0.04206287678156329
1340236501788090369,negative,0.014958042169981117
1340236501951639552,negative,0.017548409161325693
1340236502056509441,negative,1.1280717206148705e-09
1340236503872659457,negative,0.002906658639281742
1340236505529413632,negative,0.3196816916309079
1340236511250436097,negative,2.205916930089416e-05
1340236512257077249,negative,0.014387034298435915
1340236512378707969,negative,0.17409081272168986
1340236514886881280,negative,0.03444918109708754
1340236518489808896,negative,0.0017301775797833505
1340236518540128258,negative,0.19141198686889957
1340236519777460226,negative,0.03279072299079084
1340236520834420738,neutral,0.5731494493222834
1340236522772189185,negative,8.323269970160764e-09
1340236523170623489,negative,0.08189954989031083
1340236525607546880,negative,0.06289906859683111
1340236525641076736,neutral,0.3499352441185855
1340236527901806592,negative,0.06659817064556701
1340236532372922368,negative,0.18434094660001213
1340236538521772032,negative,0.008467850632101403
1340236539863986177,negative,1.1205434913513783e-06
1340236543013908481,positive,0.7940948972709808
1340236544909533184,negative,0.004551295411253584
1340236545543057408,positive,0.8858203567546915
1340236546390286337,negative,0.0005981435322389143
1340236556175597571,negative,0.04848801468610553
1340236558847389696,negative,0.024587093902515428
1340236560445427712,neutral,0.6482952674963246
1340236562852933632,positive,0.9594129669902308
1340236563222020098,negative,0.1934020650022844
1340236565117693952,neutral,0.4594071467057754
1340236566258741249,neutral,0.48728019602140255
1340236570335567872,negative,0.10139017318907137
1340236571287703557,negative,2.3037626799031422e-07
1340236573372260353,negative,0.16631581098478176
1340236575519744001,negative,0.0013983215659063137
1340236577520443392,negative,1.4005871261499127e-07
1340236578740985856,negative,2.245544465453847e-05
1340236580783583233,negative,0.12149137860039483
1340236581437894656,negative,3.007255361503606e-08
1340236582561992705,negative,1.1205434913513783e-06
1340236586517086208,negative,0.0007408382047425648
1340236587502886912,negative,0.06095923918658917
1340236591147732993,negative,9.284479966626922e-05
1340236591567167488,negative,2.245544465453847e-05
1340236594486407174,negative,0.000282732081122893
1340236594763149312,negative,0.003715213860303035
1340236595186819075,negative,1.1184443919603734e-05
1340236596113780737,negative,0.25411987577556167
1340236596281565184,negative,0.23972773971202263
1340236606649688064,negative,0.0019075320849294606
1340236606708600832,negative,0.0006252043332703295
1340236607119646720,neutral,0.5235478554065137
1340236609229377537,negative,1.7115033300778983e-08
1340236609938214917,negative,3.099570314393713e-05
1340236613478191106,negative,0.0013201161246434105
1340236613956329473,negative,0.04552838516800123
1340236615982198784,negative,0.20828193500633663
1340236616363859969,neutral,0.44599723805781016
1340236616640712706,negative,0.17550907211553363
1340236617504739330,negative,0.2041455253143966
1340236619329187840,negative,2.758373035598428e-05
1340236620293877762,negative,0.007536317800254469
1340236623934615553,negative,2.245544465453847e-05
1340236624089772033,negative,0.021373001868397447
1340236626669219843,negative,0.09045214774839226
1340236627893911553,neutral,0.49789225920557484
1340236629814992908,negative,0.0001596918377753678
1340236630171521024,negative,0.0075668305061454815
1340236630251216896,negative,0.1400098048123574
1340236631618555905,negative,9.952995888485324e-05
1340236632813912065,negative,0.1808482412859558
1340236633816379392,negative,0.14108647578423134
1340236635758358528,negative,0.14108647578423134
1340236639147335681,negative,0.00010257907945523515
1340236641156345856,negative,0.032774102927251844
1340236641814925312,negative,0.12922814715311248
1340236642070704129,positive,0.9641271240240266
1340236643228389376,negative,0.013640621279439472
1340236645761740801,negative,0.00014488489326952133
1340236648488038400,neutral,0.49789225920557484
1340236654171308032,positive,0.9548504340296234
1340236655110852608,negative,0.00301333174763649
1340236656058757125,negative,0.28585257273098996
1340236658118168576,negative,0.00014488489326952133
1340236662937423879,positive,0.9985384857885944
1340236665026166784,negative,3.279815117229839e-08
1340236666678767617,negative,3.560302522997896e-05
1340236667144253440,negative,0.02142564404714981
1340236671967760384,negative,0.08001683946579354
1340236672357834753,negative,0.26789112024251616
1340236675654533120,negative,1.1211073996023659e-10
1340236679269986304,neutral,0.3396329011272023
1340236681635573760,negative,0.01315910931305297
1340236683128819718,negative,0.23226371239477503
1340236684429053952,negative,0.017290944790772905
1340236686064836609,negative,0.18177569596955231
1340236690544275457,negative,1.740088348073189e-05
1340236692104511491,negative,0.0006741018921630028
1340236694826622977,negative,0.10808506671386162
1340236695711719425,negative,0.0019318910756783607
1340236695992676353,negative,0.011145461255153744
1340236696177106947,negative,0.12710607307244956
1340236698744188930,positive,0.9999991937348636
1340236702208692224,negative,0.12317303721341279
1340236707518697472,negative,0.00035959744710131714
1340236708399476736,negative,0.16639328844926016
1340236716280463361,neutral,0.47003762160227347
1340236720172900352,negative,0.02376740015299237
1340236722374885376,negative,0.05567295325063891
1340236723343794178,negative,9.994490482907573e-06
1340236725730353152,negative,0.017187134026062978
1340236726082686976,negative,8.70167504801705e-07
1340236728079101954,negative,0.00040115895659466105
1340236734668402689,negative,9.952995888485324e-05
1340236734764822529,positive,0.9594129669902308
1340236735813398529,negative,5.089484465307065e-05
1340236736576811014,negative,0.002943651107383088
1340236738967572482,negative,0.14908347779845935
1340236739156336640,negative,0.0003035170257437135
1340236749239365633,negative,0.006891321528556072
1340236754721370112,negative,0.007709122275237722
1340236758886309889,negative,2.4277169995978218e-12
1340236759653896192,negative,0.17933268133418936
1340236760593391616,negative,0.16836821328594248
1340236762627645440,negative,2.758373035598428e-05
1340236762937962499,negative,0.2562137835965162
1340236764234002437,negative,0.2802590115069926
1340236766905819136,negative,0.00764297574989595
1340236768008949760,negative,0.0011136118817019138
1340236771536343040,positive,0.6700824464578328
1340236771762851840,negative,0.07264065615044013
1340236773713039361,negative,3.099570314393713e-05
1340236775579594752,neutral,0.5415951770720651
1340236780868694017,negative,0.009300170107662225
1340236785251659777,negative,0.035564046587052395
1340236789693472768,neutral,0.343988657116278
1340236790255501312,negative,0.006242900491679768
1340236793065705474,negative,2.245544465453847e-05
1340236793795514368,negative,0.0386022140438067
1340236797096374272,neutral,0.49789225920557484
1340236799797563393,negative,0.10004084791367529
1340236810719535106,neutral,0.49789225920557484
1340236812133036032,negative,3.218842358107053e-05
1340236812510490631,negative,0.017290944790772905
1340236816201478145,negative,0.0005255369143787928
1340236816948060167,negative,1.1205434913513783e-06
1340236818097332224,neutral,0.48439634580644964
1340236818973913088,negative,0.03602317652948423
1340236820144148482,negative,0.29912546923314787
1340236822123851776,negative,0.15237137935820858
1340236823025623042,neutral,0.49789225920557484
1340236828016721920,negative,3.81978178169512e-06
1340236828423630848,positive,0.8851154199723337
1340236832265687040,negative,3.279815117229839e-08
1340236841732235265,negative,0.005589734401628996
1340236842801741825,negative,2.758373035598428e-05
1340236848380014594,negative,0.005641053013676905
1340236853979574273,negative,0.2739006562864736
1340236858899501056,positive,0.9039605887228702
1340236862368169985,neutral,0.4331951940750651
1340236870559690752,positive,0.845057511821445
1340236870920364033,negative,3.1941485978182597e-06
1340236873009131520,negative,0.00044205279700053687
1340236873676054529,negative,3.099570314393713e-05
1340236883092267008,negative,0.017290944790772905
1340236885441056768,negative,0.02042324371316468
1340236887294836736,positive,0.9976521473271183
1340236887886315523,negative,0.014632000135873359
1340236889375219712,positive,0.6816665238002414
1340236892772569088,negative,0.059722221933524645
1340236892776873984,neutral,0.5219027034278256
1340236895163478016,negative,0.008028863686813398
1340236895364784131,negative,0.005641053013676905
1340236898426638337,negative,2.758373035598428e-05
1340236899299053570,negative,2.245544465453847e-05
1340236901127741440,negative,0.07264065615044013
1340236903086497792,negative,2.245544465453847e-05
1340236903640150016,negative,0.11919957096860226
1340236904894255105,negative,3.099570314393713e-05
1340236908140572672,negative,0.07873929159415846
1340236914453057536,negative,0.0011160131804015087
1340236915153510400,negative,0.00011612356262777202
1340236922602577920,negative,2.6853021109269723e-07
1340236923412115456,negative,3.5062608564410335e-05
1340236926599749632,negative,0.21262315063761303
1340236929179246592,negative,3.560302522997896e-05
1340236930714316801,negative,0.008133746570862365
1340236931448393728,negative,0.041268675827966624
1340236931477741574,negative,0.21204502277006862
1340236931863601152,negative,3.4716289849414173e-07
1340236933029638144,negative,0.0074384427145336805
1340236933105152000,negative,3.279815117229839e-08
1340236933226766336,negative,0.005641053013676905
1340236934526824448,negative,0.00023926589185251017
1340236934698954752,neutral,0.6343989420379926
1340236935953084417,negative,0.0007845151301379746
1340236937559470081,negative,0.018426408252333683
1340236938230566914,negative,7.619247110843292e-05
1340236944106778641,negative,0.006242900491679768
1340236950993854464,neutral,0.49789225920557484
1340236952080150528,negative,0.050488462969990495
1340236956643540993,positive,0.8123133446685297
1340236958967029761,negative,0.0010663526586151102
1340236960779145217,positive,0.6787764003544496
1340236960972070912,negative,0.0057018304287545585
1340236961810841600,negative,0.11768833121344836
1340236966596661248,negative,0.004544880680455239
1340236972166696961,negative,0.040675202288975115
1340236972472872961,negative,0.0002612685637403982
1340236972548362241,negative,0.15096764367811533
1340236973596925952,negative,0.12092913985907233
1340236977963208705,negative,0.012537798693861181
1340236980458823680,negative,0.00028694974296670296
1340236981352230912,negative,0.016594122640394803
1340236982753091585,negative,0.07787271034308242
1340236982820229120,negative,0.03328995481918701
1340236985257095168,negative,0.00035966600320592074
1340236992823627777,negative,0.02301731440280137
1340236999563862016,neutral,0.49789225920557484
1340236999731671040,negative,0.02894458843757141
1340237002466353152,negative,0.02430527262004072
1340237003644923904,negative,0.0012636352336162756
1340237008015417346,negative,0.044014279642785585
1340237014462021633,negative,0.020198946748632166
1340237015674216448,negative,0.0027193811513989137
1340237020619280384,negative,6.010154343319973e-08
1340237026512302081,negative,1.468184975323619e-05
1340237026994638852,negative,1.0555188798315838e-06
1340237029758685188,negative,0.016321636459438252
1340237032338173952,negative,9.242366057063917e-08
1340237035660075008,negative,0.007709122275237722
1340237041167175681,negative,0.017290944790772905
1340237043226583040,negative,0.020198946748632166
1340237046175195136,negative,6.133738654119629e-06
1340237047118909440,negative,1.0816921325162636e-07
1340237048461049859,neutral,0.4737554465528978
1340237048712744962,negative,0.18177569596955231
1340237052454064128,negative,2.373428680569352e-06
1340237055943733249,negative,0.05401320869926171
1340237059525660672,negative,0.03345015964932589
1340237061413023744,negative,0.17530011606073342
1340237065322160129,positive,0.9888787852602359
1340237068975431680,negative,0.07332592741482946
1340237072569909251,negative,0.015626761052108744
1340237072800595968,negative,2.245544465453847e-05
1340237074411237376,negative,0.018328159628035134
1340237074897756162,negative,0.07873929159415846
1340237080367149057,negative,0.18009966295883462
1340237080677519367,neutral,0.5646459271792644
1340237082393010176,neutral,0.49789225920557484
1340237085559689217,positive,0.8795443655192069
1340237089296756736,negative,0.017290944790772905
1340237091389775872,negative,0.0020194791002507905
1340237093268840449,negative,0.10402765596324925
1340237100671758336,negative,0.004679551466460024
1340237102945083398,positive,0.9322946456903065
1340237105075765248,negative,0.01171752639796327
1340237105147088902,negative,0.14619883442961612
1340237107470753792,negative,0.0003385662683131612
1340237114240339970,positive,0.9187734058430442
1340237114697498626,negative,0.07313545636631802
1340237116853391360,negative,0.10236887634901144
1340237117998440448,negative,0.00015705403640591605
1340237120540192768,negative,0.0011992241148895447
1340237123237146625,neutral,0.4507454498615163
1340237123270668288,neutral,0.6483789959130316
1340237124503805952,negative,0.1324251921584709
1340237126596739076,negative,0.005641053013676905
1340237127251050501,negative,1.1205434913513783e-06
1340237128706498562,negative,0.012161915281136125
1340237130094796800,negative,0.0019873115706498597
1340237132330364928,negative,0.021220267157084804
1340237133106311168,negative,0.1000928155932896
1340237133244751874,negative,1.1205434913513783e-06
1340237135195082753,negative,2.4749763476583067e-06
1340237135849373702,negative,0.015056183679005315
1340237138173059075,negative,2.6359740167653813e-07
1340237141629136897,negative,0.0006209483165415567
1340237141746601985,positive,0.7069430424587977
1340237142077956097,negative,0.005641053013676905
1340237142312804352,negative,1.1205434913513783e-06
1340237145584373760,negative,0.005641053013676905
1340237147975151616,negative,0.07381387634661611
1340237149040484352,negative,1.3441305051724858e-06
1340237154006536192,negative,4.140828190256395e-05
1340237155508121600,negative,0.2531089751490629
1340237155982057472,positive,0.8856137571282544
1340237156485373952,negative,0.017290944790772905
1340237160956440577,negative,0.00322146122322194
1340237163682738177,negative,0.07393459354148145
1340237164983009282,positive,0.995540707412823
1340237166446784514,negative,0.004888303803534432
1340237169525448704,negative,0.21204502277006862
1340237173749125122,negative,0.04206287678156329
1340237178199269376,negative,0.00010685295941738701
1340237180900356101,neutral,0.49789225920557484
1340237182997544961,negative,0.2531089751490629
1340237184356462595,negative,2.245544465453847e-05
1340237185333780484,positive,0.9617804721063066
1340237185547563009,negative,1.2965846154676239e-11
1340237185639919616,negative,0.04743742475696728
1340237187250606082,negative,0.21990036379474778
1340237188819251201,negative,1.5269455944758883e-05
1340237191168094209,neutral,0.5201987167308841
1340237193089085440,negative,9.7895708532067e-09
1340237193135185920,negative,0.005641053013676905
1340237193361707008,negative,0.004299367279887876
1340237197140783105,neutral,0.4027521824476965
1340237199212769281,negative,0.008570267946882485
1340237199229464578,negative,0.04206287678156329
1340237200164843520,negative,0.25401421255941126
1340237200500264960,negative,0.0010663526586151102
1340237201620267008,neutral,0.45160272843183613
1340237201775484930,negative,0.0001292954738470435
1340237203075702786,negative,2.245544465453847e-05
1340237203641753600,negative,0.11768833121344836
1340237209392308224,negative,0.31251327812974533
1340237209597841409,negative,2.1273580298336162e-05
1340237211623694337,negative,0.0004411364323592492
1340237212143771649,positive,0.9020195417811626
1340237214224101376,negative,0.01841625881599743
1340237215910256640,negative,0.04206287678156329
1340237216245837824,negative,0.02013215271257444
1340237216963039232,negative,0.11723853234672636
1340237219123113985,negative,0.010508835268842307
1340237220393984000,negative,0.0018892712908518635
1340237221786509313,negative,0.294467408976063
1340237226001756162,negative,1.1205434913513783e-06
1340237227314524161,negative,1.0161021873185765e-08
1340237227855667200,neutral,0.5953756363046007
1340237228816121856,neutral,0.3932538679356853
1340237230300917761,negative,5.387709488926108e-09
1340237230833610755,negative,0.18177569596955231
1340237232406409216,neutral,0.607548228400661
1340237232414846976,negative,0.03415170537144859
1340237233832357888,negative,0.09572076941086353
1340237234948214785,negative,0.00557227414285983
1340237239926874113,negative,0.020238344202780187
1340237245647908864,negative,0.17933268133418936
1340237255257059329,neutral,0.3549650094088341
1340237256615989249,negative,0.035358756935505456
1340237256859250688,negative,0.005390461363963359
1340237259279351809,negative,0.010447570073632131
1340237260541865984,negative,0.00023505650748999288
1340237261875654662,negative,3.3678823136488892e-09
1340237262223761408,negative,0.0782403194804119
1340237264224464896,neutral,0.46127768308170247
1340237265939951616,negative,1.0781939338370905e-06
1340237267152089089,neutral,0.37290698609093
1340237267424690178,negative,0.012151775176419804
1340237269878403073,negative,0.2117093688192779
1340237270402682882,negative,0.10956783970069044
1340237278996692994,negative,3.5062608564410335e-05
1340237280615817217,negative,1.837150368198696e-08
1340237292791840770,negative,0.1590467187290508
1340237298567434242,negative,0.056173089431326054
1340237300274524160,neutral,0.4469120280641869
1340237305110536192,negative,0.0021956487328910635
1340237307715182594,negative,0.0936451771818255
1340237308944130049,neutral,0.36733294409994255
1340237315067801601,negative,1.7001957720154774e-06
1340237326459559938,negative,0.08568041052074246
1340237338232848384,negative,0.15261953407315937
1340237338803380227,neutral,0.5747370721056907
1340237342922125313,negative,0.004112263048509432
1340237345564573697,negative,0.0011750805268568886
1340237351302406144,negative,0.0031098999990853203
1340237353051451392,negative,0.0009396740398182893
1340237357484797952,negative,1.1205434913513783e-06
1340237359930064897,negative,1.1205434913513783e-06
1340237363759493121,neutral,0.49789225920557484
1340237369543446528,negative,1.1205434913513783e-06
1340237373913894915,negative,0.07313545636631802
1340237375352549376,neutral,0.43979523449162466
1340237393576808448,negative,0.264080670489422
1340237396949016577,negative,2.758373035598428e-05
1340237404796575745,positive,0.8990225279571318
1340237407204085762,negative,1.0161021873185765e-08
1340237407501869057,negative,3.150545205096348e-09
1340237414070165505,neutral,0.39923170977076683
1340237414472814593,neutral,0.49789225920557484
1340237414607036416,neutral,0.40434696298341344
1340237415341056003,negative,1.4292343567268776e-06
1340237421070475264,neutral,0.5595479053512209
1340237427307327488,negative,0.020238344202780187
1340237428116889600,negative,2.758373035598428e-05
1340237429505179648,negative,0.026655489831980884
1340237433988927488,negative,1.9345129126045697e-11
1340237436757159938,negative,0.010795282260963844
1340237436916543488,negative,0.1902468900431735
1340237437814013953,negative,0.00017654867721336368
1340237440527818752,negative,2.831831370143505e-06
1340237441249103872,positive,0.9921996179545719
1340237443933614080,negative,0.1324251921584709
1340237445900738560,negative,0.0006361731829059967
1340237446555066368,negative,1.3850192665711902e-05
1340237450434785280,negative,3.6145758597976896e-05
1340237451017809920,negative,0.11675805686248955
1340237456860438528,negative,1.1205434913513783e-06
1340237460329144320,negative,0.05375576744281549
1340237460538798082,negative,1.4292343567268776e-06
1340237462724067328,negative,0.0026621575638134517
1340237463848169472,neutral,0.5953756363046007
1340237464812830720,negative,0.007536317800254469
1340237469296549888,negative,0.000754281585469377
1340237471645388800,negative,0.016894836545654573
1340237482202435587,neutral,0.4968378423642133
1340237489907359744,negative,0.0019149649739431368
1340237490859495425,negative,0.03097673030793512
1340237491580923905,negative,7.226042053034506e-05
1340237496852959232,neutral,0.49789225920557484
1340237499537473536,negative,0.0003278093693224711
1340237500653178882,neutral,0.42654411273417087
1340237502796488705,negative,0.01581967045175142
1340237510211989504,negative,0.08399202944075114
1340237512539779072,negative,4.5351979344051534e-05
1340237513693261824,negative,0.07192298659144568
1340237519049375744,negative,1.9345129126045697e-11
1340237571679539200,negative,0.17773661744632063
1340237574112227329,negative,1.0510375290150491e-13
1340237587420766208,negative,0.0022293381835921536
1340237590751010817,negative,0.03196358138972047
1340237593569574912,negative,0.08399202944075114
1340237597247942658,neutral,0.604927809292603
1340237599705804800,negative,0.08767684252579175
1340237602465705985,negative,2.758373035598428e-05
1340237604156026881,negative,1.740088348073189e-05
1340237609193226240,positive,0.7500527909769891
1340237627149185025,negative,2.245544465453847e-05
1340237630043242497,negative,0.14904101533093353
1340237630789840897,negative,0.09431399222156978
1340237634707320833,neutral,0.46127768308170247
1340237639774072832,negative,0.06028079391279856
1340237646833086465,negative,0.00039748530130502845
1340237647982325766,neutral,0.3802125850204255
1340237650347831296,negative,0.3029968537174699
1340237651845255168,negative,0.0014920207045077628
1340237655729168386,negative,0.0003369667763125484
1340237661957738497,negative,0.0003385662683131612
1340237666143662080,negative,2.5444981874928375e-06
1340237668819628032,positive,0.9022424469787276
1340237674616119300,negative,0.033471891669386925
1340237686519570432,negative,0.0187770420864023
1340237697894539264,negative,0.04206287678156329
1340237701551812608,neutral,0.3720746239253767
1340237706585096193,negative,0.20019639870649136
1340237708439023617,positive,0.9845284290839156
1340237715879673856,negative,0.0022669865992203113
1340237718459215874,negative,0.002301665820825416
1340237720635977728,neutral,0.46127768308170247
1340237721785217025,neutral,0.5278451048448968
1340237727120429056,negative,1.3382313570772199e-05
1340237757193609217,negative,0.0003523817771769074
1340237760851042306,negative,0.0005771176626203297
1340237780614463488,negative,0.018597378795471957
1340237781008855041,negative,0.06874929251468323
1340237781524770816,negative,0.040782989946279935
1340237783739338752,negative,5.48447258442354e-09
1340237799543500801,negative,0.25671398531584344
1340237802307522567,negative,0.13538289134043383
1340237812701011968,negative,3.00128703326033e-10
1340237814546489347,negative,0.011313955450451147
1340237817008558086,neutral,0.4581378092601366
1340237817553821696,negative,0.017290944790772905
1340237824138874880,negative,2.758373035598428e-05
1340237828702294017,negative,0.23547863359232746
1340237832477020160,negative,0.00517864402995529
1340237837132808192,negative,0.017290944790772905
1340237838554685441,negative,0.18137752751234218
1340237839842328576,neutral,0.6462607005943426
1340237856938332160,negative,7.060131198576655e-05
1340237862126690304,negative,7.060131198576655e-05
1340237892279525376,negative,7.702865145950973e-06
1340237897191010304,positive,0.8092014523908012
1340237898533187587,negative,1.1205434913513783e-06
1340237898843602944,negative,0.07107575759696357
1340237906636582914,negative,0.00010977000999886257
1340237908419235840,negative,0.017290944790772905
1340237909815783426,negative,0.0003385662683131612
1340237910889680897,negative,0.0015600015806209182
1340237916589703168,negative,0.042666626602485165
1340237917831258113,negative,1.8211682638671717e-05
1340237920968564737,negative,0.0010652307571858155
1340237934033833984,negative,0.3196816916309079
1340237942372126720,negative,0.021956353806361555
1340237946033717248,negative,0.008872337587987725
1340237952694280192,neutral,0.49789225920557484
1340237953847705600,negative,0.2212520373672582
1340237965390458882,negative,0.07082343122310572
1340237967042998272,negative,0.016052199896149994
1340237975116890114,negative,0.15261953407315937
1340237979395174400,negative,0.17933268133418936
1340238004997263360,negative,0.29657064485347256
1340238006305894401,negative,1.1205434913513783e-06
1340238006326882304,negative,0.0593188649503346
1340238007601868800,negative,0.04743742475696728
1340238036127379456,negative,0.016039539416724646
1340238036492308485,negative,0.02013215271257444
1340238038857883649,negative,3.981732619220598e-06
1340238043765215233,negative,0.00034702869682414297
1340238046080462848,negative,0.19125584716637198
1340238049725345798,negative,0.00047713800917024144
1340238054989180929,negative,0.017290944790772905
1340238061205139457,negative,0.0005923433842955335
1340238086949785600,negative,0.16162672419013735
1340238091274076160,negative,0.0013525996971101453
1340238092557570049,negative,0.0001371824366673133
1340238095107682306,negative,0.061703797253674426
1340238095640391680,negative,0.003408147221627258
1340238096479219712,negative,0.3214551536228072
1340238097158684672,negative,2.758373035598428e-05
1340238098366672896,negative,0.0004395368050740665
1340238101055238148,negative,0.3214551536228072
1340238104494534657,negative,0.017811006552050885
1340238104716783616,negative,0.00023528448266095145
1340238110567874561,negative,2.351777531953459e-08
1340238113650696192,negative,0.17055496234109893
1340238115416489991,negative,5.8193795145203305e-05
1340238119245918215,negative,0.0005193490803249166
1340238119438839808,positive,0.7500527909769891
1340238120118325248,negative,8.70167504801705e-07
1340238121737269248,negative,0.012110193310711089
1340238127357685760,positive,0.9934295475060207
1340238127944921089,positive,0.7785298987870656
1340238128171413505,neutral,0.49163443977210125
1340238135574323200,negative,0.16502939478678602
1340238138816532484,negative,0.0047951996017584425
1340238141706235905,neutral,0.46318326475361027
1340238159196655616,negative,1.1205434913513783e-06
1340238165525876738,negative,2.758373035598428e-05
1340238166092070913,positive,0.7500527909769891
1340238175592210433,negative,0.00016208173618093228
1340238182059798529,negative,0.04743742475696728
1340238183410380805,negative,7.87107875446615e-08
1340238183683018752,negative,0.007728532963433334
1340238188405796866,negative,1.1205434913513783e-06
1340238192088412161,negative,2.758373035598428e-05
1340238193317322754,neutral,0.40287986238690154
1340238211914862592,negative,2.758373035598428e-05
1340238220060217344,negative,0.0005923433842955335
1340238222031503360,negative,2.245544465453847e-05
1340238222283161601,negative,0.0011241180701529263
1340238226641051651,negative,0.02267319096755989
1340238249692950528,negative,0.00014540949992940282
1340238255653072897,negative,0.00019050925375448758
1340238283037675526,negative,0.007216035811853542
1340238289031360514,negative,0.00016234465082980398
1340238298451734528,negative,0.0034128237389083275
1340238298703380480,negative,0.006402697131232968
1340238302448914432,negative,2.3185266643722613e-06
1340238310028001280,negative,0.2662790613793877
1340238310250344448,negative,1.338658529241576e-12
1340238311084990466,negative,0.17695170017087086
1340238311747547136,negative,3.2309182636414645e-11
1340238311928057856,negative,0.18177569596955231
1340238312557207552,neutral,0.4075021103868519
1340238322434781185,negative,0.18177569596955231
1340238326654251008,negative,0.017290944790772905
1340238326909947904,neutral,0.3499352441185855
1340238328063537152,negative,0.014553403966678221
1340238333855850503,negative,0.30051816484450156
1340238334644396033,negative,0.009767642040007605
1340238334686314497,positive,0.8232975942751998
1340238336032706560,neutral,0.5622599893937543
1340238336682827776,negative,0.32861411239149085
1340238337009971200,negative,0.017290944790772905
1340238340621275138,neutral,0.49789225920557484
1340238343280406530,negative,0.004706074817777147
1340238347965493251,negative,0.26598484253696286
1340238350121361408,negative,7.023427484279638e-05
1340238350624714752,negative,3.5062608564410335e-05
1340238351253704704,positive,0.9701813849754621
1340238351341858820,negative,2.758373035598428e-05
1340238351765565440,negative,0.0075668305061454815
1340238352684036097,negative,0.0030817116640983887
1340238352717639680,negative,3.099570314393713e-05
1340238355737546754,negative,0.010106026698039826
1340238356630921218,negative,0.006250662567677041
1340238357989875712,negative,5.337050067508591e-08
1340238364918857730,negative,0.0010078140350299931
1340238369448751104,negative,3.099570314393713e-05
1340238370841260032,negative,0.07082343122310572
1340238384640520195,negative,0.001365057223727574
1340238385382748160,negative,0.0038632105255887775
1340238386100101120,neutral,0.38117993890748675
1340238389652709378,neutral,0.5414238653288329
1340238401019232256,negative,2.758373035598428e-05
1340238415623761921,negative,1.1205434913513783e-06
1340238418706640896,neutral,0.46708032298054575
1340238420547874817,negative,0.30316617680154934
1340238423773351936,negative,0.00046904113849421985
1340238429456654338,neutral,0.3997172214844929
1340238430618460161,negative,3.5062608564410335e-05
1340238432359100418,negative,0.014597362175866095
1340238439267110912,negative,0.003408147221627258
1340238440365961216,negative,2.245544465453847e-05
1340238450264518656,negative,0.0008116162097169005
1340238465166946304,negative,0.02044796877767458
1340238465406029824,negative,0.0003368378387183634
1340238474365046786,negative,0.1509022350702242
1340238487161860096,neutral,0.49789225920557484
1340238487455461378,negative,2.758373035598428e-05
1340238489414217730,negative,0.05539668140279004
1340238489548406784,positive,0.8856137571282544
1340238498071257088,negative,0.30051816484450156
1340238500654931971,neutral,0.49789225920557484
1340238504379428864,negative,0.18177569596955231
1340238507646873603,negative,0.05866649194788503
1340238512789008384,negative,0.12841090586662432
1340238513598545927,negative,0.06267145485644272
1340238515976757248,negative,0.0010410575614023716
1340238520296861698,negative,0.0005936760742026852
1340238522930917376,negative,1.1205434913513783e-06
1340238525250359296,neutral,0.3913919011489233
1340238528249249792,negative,1.1130346889150374e-06
1340238529243344896,negative,0.19495465883967933
1340238529964720128,negative,0.0013880067958825055
1340238537489338369,negative,0.0021806709739452907
1340238543193595905,neutral,0.5595479053512209
1340238564865486848,neutral,0.4737554465528978
1340238565389824000,negative,0.10236921049994051
1340238574155919362,negative,0.0002810291725962732
1340238578387980288,negative,0.0001384225256432703
1340238584847200257,negative,0.0012735263656473762
1340238588957626368,neutral,0.49789225920557484
1340238589775515654,negative,0.13633692108968354
1340238594317955073,negative,0.16118010393534538
1340238596880674816,negative,2.245544465453847e-05
1340238607420952578,negative,1.1205434913513783e-06
1340238609190969347,negative,1.3988759661578748e-07
1340238613603373056,negative,0.2860465465463202
1340238623858409472,negative,0.0008116162097169005
1340238626077216768,negative,0.054310732220713184
1340238629780779010,negative,0.04652657861266332
1340238631580123139,neutral,0.46544647189445465
1340238635816398848,negative,0.04742801963325883
1340238637439574018,negative,0.0005923433842955335
1340238643030585344,neutral,0.5278451048448968
1340238649233993729,negative,0.044014279642785585
1340238660118188032,negative,9.908037398992093e-08
1340238668787793920,negative,2.4997302576185733e-10
1340238672847892480,negative,7.778355795140745e-09
1340238673951006720,neutral,0.47371072416927557
1340238690220556290,negative,0.11455526056308842
1340238693181886465,negative,0.009356021491533332
1340238694775726080,negative,0.001672831722542381
1340238696361185280,negative,0.29029700729167046
1340238699989094400,negative,0.1808482412859558
1340238703143378947,negative,0.23300890428681365
1340238703546011649,negative,0.003408147221627258
1340238709032181760,negative,0.001524925189475322
1340238714648334336,negative,0.10815719355588409
1340238717554991104,neutral,0.49789225920557484
1340238718913945600,negative,0.10521918782140642
1340238726199427072,neutral,0.34494196512086306
1340238729038991361,neutral,0.42316074363633727
1340238732092448774,negative,0.08399202944075114
1340238744998260736,negative,0.0006361731829059967
1340238746445357057,negative,0.0002065339137506812
1340238751537246208,negative,2.590025221870993e-05
1340238751797301248,negative,0.017290944790772905
1340238754536157185,positive,0.9155167556180878
1340238760504528897,negative,0.0010145148478265217
1340238764149514241,negative,9.301980356739175e-06
1340238767467204609,negative,0.20019639870649136
1340238780062715904,negative,0.07830823262728923
1340238796374368257,negative,2.758373035598428e-05
1340238811528310784,neutral,0.42654411273417087
1340238820751622144,negative,0.04728678086846348
1340238820835508225,negative,0.18477432620098128
1340238824740425730,negative,0.0001371824366673133
1340238828066451456,negative,0.017290944790772905
1340238828582428672,negative,1.0740506176903192e-05
1340238838258548736,negative,0.22547567038276897
1340238848882831362,negative,0.23101484452466442
1340238852250857472,negative,0.017811006552050885
1340238855035887617,negative,0.004391534509794908
1340238856575201280,negative,0.03241541372847086
1340238879115325440,negative,0.009629615173675506
1340238892893691905,negative,0.3029968537174699
1340238904612560896,negative,0.009767642040007605
1340238912376213506,negative,1.1205434913513783e-06
1340238917891702784,negative,7.778355795140745e-09
1340238919800156160,negative,0.0004140312599367357
1340238921058439168,negative,0.00014488489326952133
1340238924338388992,negative,0.130240790434991
1340238932848611329,negative,1.646574979672125e-06
1340238938859065344,positive,0.7040699895732044
1340238939119104000,negative,0.11455526056308842
1340238957267828736,negative,0.07192298659144568
1340238963018256384,negative,0.29032688659234773
1340238968479223811,neutral,0.4546448911219602
1340238983339642885,negative,0.02044796877767458
1340238994160955394,negative,0.017947417146356524
1340238994299363330,neutral,0.5318834537628724
1340238996098723840,positive,0.997026618250555
1340239003849809920,negative,0.002431222551965625
1340239010397106177,negative,0.02169292498994348
1340239010631995394,negative,9.301980356739175e-06
1340239013559627776,negative,0.002935408945978242
1340239015790878720,neutral,0.49789225920557484
1340239023877570560,negative,0.034103496920361014
1340239024661913601,negative,3.812784049167542e-05
1340239029825122305,negative,0.03764056945423529
1340239063262121985,negative,0.00011515922484152268
1340239067880022023,negative,0.0003341279175627933
1340239070954479616,negative,6.365108281157329e-10
1340239090076278785,neutral,0.5318834537628724
1340239094333509634,negative,0.294467408976063
1340239094354501633,negative,1.5223724300989165e-05
1340239096191602689,negative,0.00018869741947374612
1340239098649391104,negative,2.758373035598428e-05
1340239104680882177,negative,1.9345129126045697e-11
1340239113769914368,negative,0.20019639870649136
1340239117494460416,neutral,0.4737554465528978
1340239125526528005,neutral,0.49789225920557484
1340239135974563840,neutral,0.6448095705077348
1340239138193338368,neutral,0.5107647809873807
1340239139116093442,neutral,0.4737554465528978
1340239160666427392,negative,0.18177569596955231
1340239166311964674,negative,0.0005733311151454013
1340239175216488448,negative,1.8551074533642632e-06
1340239175228993536,negative,0.0003908539297872693
1340239187912630272,negative,0.10236921049994051
1340239187983949825,neutral,0.5743452650545291
1340239196766818304,positive,0.8492980998081234
1340239202651418624,neutral,0.37609422587007374
1340239212273086464,negative,0.025714959795902714
1340239216719097861,negative,4.679668334969909e-09
1340239234016432128,negative,2.8711920879481018e-05
1340239247790497802,negative,0.003228458567151917
1340239254585290752,negative,3.552550752807923e-05
1340239260721541121,negative,0.18177569596955231
1340239266207678464,neutral,0.5475385610968239
1340239278174027777,negative,0.005792698998557414
1340239278387937280,negative,0.004740826658642988
1340239279478456322,negative,1.1205434913513783e-06
1340239282699694080,negative,0.00012074072181137268
1340239286319394817,negative,0.18563406829290535
1340239292988338176,negative,0.17347870191393963
1340239301100134400,negative,0.15912533217992858
1340239301607649280,negative,0.017290944790772905
1340239302681358337,negative,0.219317421414575
1340239309400645633,negative,1.4641972612575723e-11
1340239309987831808,negative,0.001141243940277173
1340239312374419456,negative,0.016368465289191687
1340239313955655680,negative,0.05391810780643767
1340239321077604355,negative,0.00034122413959694294
1340239346528501763,negative,1.7001957720154774e-06
1340239348944527361,negative,1.1205434913513783e-06
1340239359329624065,negative,0.21204502277006862
1340239360176893952,negative,2.758373035598428e-05
1340239377369341954,negative,0.2353750561266113
1340239386856833024,negative,9.552027327442197e-06
1340239386873638913,negative,0.0003368378387183634
1340239390006792194,negative,0.07416190706118238
1340239390380093441,negative,0.00017653822045732802
1340239391340572672,negative,0.00012962548819673797
1340239413054300161,negative,0.08697362706454395
1340239417043251201,negative,0.00014488489326952133
1340239420075683844,neutral,0.42654411273417087
1340239425134051330,negative,0.13645204872989056
1340239427927420929,negative,0.000599712765965245
1340239435045199873,negative,0.016159624687190448
1340239438279045121,negative,0.0010672157414692105
1340239443161182219,negative,0.001652462889731529
1340239446122356736,negative,0.06180729509399179
1340239449641406466,negative,0.07439071901245384
1340239450660610050,negative,0.016594122640394803
1340239453533708288,negative,9.081082383650577e-09
1340239456733958145,negative,0.02013215271257444
1340239456884973568,negative,0.0004772821559263465
1340239460903096320,negative,0.09861082967021269
1340239462010384385,negative,0.2131439708010653
1340239464401170433,negative,1.9345129126045697e-11
1340239468184416258,neutral,0.640521381264527
1340239468918403072,negative,0.21140490711477697
1340239472219348993,negative,0.00413768632801841
1340239474035478529,negative,5.352322043506816e-06
1340239482067496961,negative,0.0006779483085720988
1340239483468476422,negative,0.0200928303754515
1340239489747341312,negative,0.051021280202862694
1340239504888782848,negative,0.00032066717073337195
1340239507585703936,negative,0.10236921049994051
1340239509657673728,negative,3.4801947461846386e-05
1340239521603088384,negative,3.210479467284454e-05
1340239528771145729,negative,0.00030210127794655313
1340239533863038978,negative,0.0005733311151454013
1340239534177579013,positive,0.8945245099797988
1340239535976931328,neutral,0.49789225920557484
1340239559146295297,negative,0.11646683367747832
1340239560912105472,negative,1.8942637332810243e-08
1340239562635882497,negative,4.944887939396866e-11
1340239563793559552,negative,0.0015719201306739294
1340239570261127168,negative,0.18795859623648656
1340239572815532035,negative,0.21318469984793934
1340239574208024576,negative,2.245544465453847e-05
1340239574908477442,negative,0.2859288217620139
1340239579501252613,positive,0.7040699895732044
1340239582344994816,negative,0.17752354819794877
1340239586715455490,negative,0.3143038867359631
1340239591543103488,negative,3.5062608564410335e-05
1340239593023664128,negative,0.04326749920868208
1340239593304715264,negative,0.00011534201311461276
1340239593929646082,negative,0.0030817116640983887
1340239597058609152,negative,0.00014488489326952133
1340239597419319296,negative,0.024431391518765822
1340239598098759681,negative,6.841009240136314e-05
1340239603542986758,negative,3.560302522997896e-05
1340239609117159426,negative,1.6452150714179973e-14
1340239612736843777,negative,0.007912306573379326
1340239613466710016,negative,2.245544465453847e-05
1340239614414639104,neutral,0.49523466082697354
1340239615580631041,negative,0.14904101533093353
1340239615635152898,negative,0.04491939669494386
1340239616675332096,negative,0.0010812540070147454
1340239618621513728,negative,0.08302148539037554
1340239622090223617,neutral,0.5747370721056907
1340239633330933771,negative,0.027787400208004527
1340239636531212288,negative,5.03846397136809e-05
1340239641690181633,negative,0.017290944790772905
1340239645372796929,negative,0.0002675994472017134
1340239650326233089,negative,8.071169605723245e-08
1340239651056066560,positive,0.9869609149577301
1340239660321271809,negative,0.017290944790772905
1340239669880090624,negative,5.301283531408481e-06
1340239670396022784,negative,0.004789336588495927
1340239671285178368,negative,0.04054961114284574
1340239679220822016,negative,0.00035959744710131714
1340239682332975106,negative,0.08399202944075114
1340239683373174785,negative,0.125804877333012
1340239690822279168,positive,0.7550003457526094
1340239693628256257,negative,0.00025076120780639303
1340239694043484160,negative,3.4716289849414173e-07
1340239704973844482,negative,0.008386194445282167
1340239715501551616,neutral,0.49789225920557484
1340239716034162690,negative,0.017290944790772905
1340239716730478592,neutral,0.5734576952979002
1340239717560774661,negative,0.0002995156635070164
1340239717615415296,negative,0.021514903463626407
1340239720354344960,neutral,0.5372318511317483
1340239723512668167,negative,0.04891517333405893
1340239724804513794,neutral,0.640521381264527
1340239725781770241,negative,0.0012723571861925963
1340239729816530946,neutral,0.41778469687640807
1340239730554900480,negative,0.017290944790772905
1340239731842539520,negative,2.1839509007110587e-06
1340239733524410368,negative,0.00021011772133790906
1340239738935123969,negative,0.21206441029192707
1340239741099323392,negative,0.017290944790772905
1340239748586201089,negative,0.012151068151527595
1340239751991967744,negative,0.001141243940277173
1340239759428493316,negative,0.18761646252196135
1340239773177360390,negative,1.1205434913513783e-06
1340239774234386435,negative,2.958080712847745e-11
1340239777535303680,negative,0.010604661776717586
1340239781599600641,negative,0.00010061698083231108
1340239784145510400,negative,0.0392445002833732
1340239785538052099,negative,0.08397667781114612
1340239785609351168,negative,4.369224189939644e-05
1340239791238082561,neutral,0.3932538679356853
1340239792525721600,negative,0.14318050430383983
1340239792987140096,negative,3.560302522997896e-05
1340239795990253568,negative,2.240185807492454e-09
1340239798569734144,neutral,0.49789225920557484
1340239799291133952,positive,0.9349353105581105
1340239799869968390,negative,0.005641053013676905
1340239801463828480,neutral,0.43634692714237683
1340239803653234688,negative,0.03583212819001787
1340239808673632256,neutral,0.49789225920557484
1340239808883527681,negative,9.922629597726452e-14
1340239809550446594,negative,5.539648738198701e-05
1340239809986646016,negative,2.758373035598428e-05
1340239813539209217,negative,0.18177569596955231
1340239817456676864,negative,0.0008788027378590126
1340239824951926784,negative,0.0014754490470550855
1340239825799180289,negative,1.7001957720154774e-06
1340239827971796994,negative,0.20019639870649136
1340239833432793088,negative,0.008740051246281888
1340239836352040962,negative,0.0006394431436951383
1340239841393569796,positive,0.9866774583636561
1340239844887285760,neutral,0.44054615157121163
1340239845705310208,negative,1.1205434913513783e-06
1340239858430840834,neutral,0.49789225920557484
1340239859638743040,negative,4.069867393706378e-08
1340239862872551424,negative,0.14545926894185032
1340239886654312448,negative,0.007924358144534434
1340239886721441792,negative,2.532405838001285e-07
1340239895005159424,negative,0.06415449215091554
1340239896305422336,negative,0.14255673832917687
1340239902580064258,negative,0.000549714462798322
1340239912222769152,negative,1.1209151061328008e-05
1340239912633835522,negative,0.0050804359310683235
1340239915574026240,negative,0.20019639870649136
1340239918291968000,neutral,0.34494196512086306
1340239924763738113,negative,0.017290944790772905
1340239928697958400,negative,1.1130346889150374e-06
1340239939364110336,negative,2.758373035598428e-05
1340239946351828992,negative,0.024587093902515428
1340239949203984384,negative,3.5062608564410335e-05
1340239952819445760,negative,0.012733965306920133
1340239953213743105,neutral,0.607548228400661
1340239965414944769,positive,0.8092014523908012
1340239965989597186,negative,0.0017882089098221806
1340239967885406208,positive,0.9900052819333865
1340239969818914816,neutral,0.5663932168405836
1340239970443923457,negative,0.003665008718784615
1340239970729152513,negative,0.03691969554694831
1340239971677052929,negative,0.21611225274037935
1340239975556784133,negative,0.0033722881689508266
1340239976164945925,negative,0.294467408976063
1340239977108664321,neutral,0.6489077768764223
1340239980870967296,positive,0.9998497862296873
1340239981122637824,negative,0.11919957096860226
1340239982548709379,negative,2.245544465453847e-05
1340239984775876608,negative,0.01669427688200312
1340239985606352896,negative,1.09571331475128e-05
1340239988357804035,positive,0.9900052819333865
1340239988382904320,negative,0.012151775176419804
1340239990593351680,positive,0.9898326029436745
1340239990975066112,positive,0.9351318194159466
1340239992610828288,negative,0.016039539416724646
1340239994636685313,negative,0.03799265471816155
1340239995253223425,negative,3.279815117229839e-08
1340239996096311298,neutral,0.5148432852181521
1340239998981947393,negative,3.279815117229839e-08
1340240001498542081,negative,0.005641053013676905
1340240005051125760,negative,1.0495975381561157e-07
1340240005520891904,negative,0.18911770297490157
1340240005537681409,negative,0.12479965773829703
1340240008012304384,neutral,0.4008567727973402
1340240011078348800,negative,0.08189507868957364
1340240011757817856,positive,0.9668940899071713
1340240011862618113,positive,0.7112264328727067
1340240012483436544,negative,0.0025418067117612114
1340240013670428672,negative,1.3858146757870262e-05
1340240022872739840,negative,0.010918769754381932
1340240024416215042,negative,0.010651250016447424
1340240024793657349,negative,0.22415194739129962
1340240031429107712,positive,0.7738097569292834
1340240035749261312,negative,0.0006394431436951383
1340240036395163648,neutral,0.3932538679356853
1340240036705546243,negative,0.24387953999017473
1340240039104671744,positive,0.9349353105581105
1340240039339548673,negative,0.0019147451225096084
1340240042007142400,negative,0.20019639870649136
1340240043747717122,negative,1.1905962046871904e-08
1340240044364341248,negative,1.9345129126045697e-11
1340240044855058432,negative,0.14997283862916133
1340240047245832192,neutral,0.4737554465528978
1340240050576093186,neutral,0.5826016318169452
1340240050739658753,positive,0.8467224340052768
1340240051108720640,negative,0.01417731352422237
1340240051561762817,negative,2.4128022408361408e-05
1340240053801463809,negative,0.005735508260989974
1340240054241914880,negative,0.13680489093518966
1340240057949704192,negative,0.010106026698039826
1340240058713030656,negative,0.006533301601749791
1340240061598720001,negative,1.912637165111673e-08
1340240063930707973,negative,0.00016674084857886472
1340240064610230273,negative,0.0032997700627701667
1340240065826533377,negative,0.005767724814977302
1340240066178916353,neutral,0.5826016318169452
1340240068141862912,positive,0.8856137571282544
1340240068540329984,negative,0.010802466849388829
1340240069114941441,neutral,0.5318834537628724
1340240070134120448,neutral,0.37874993579954885
1340240071019143169,negative,4.600164312011025e-09
1340240074160672771,negative,2.245544465453847e-05
1340240076513685506,negative,6.704001530557093e-11
1340240078547935233,neutral,0.4938934072221641
1340240078673752064,negative,2.646774347675896e-07
1340240081597194240,neutral,0.34292124346144387
1340240083488825344,neutral,0.46127768308170247
1340240084617052162,negative,0.0004072130760398861
1340240098982551552,negative,0.18795859623648656
1340240099666243586,negative,0.1069301805110966
1340240099959844865,negative,0.01569260666170957
1340240100551213057,neutral,0.6448095705077348
1340240102275084294,negative,9.107994237238108e-16
1340240105013964800,negative,5.440260430968218e-05
1340240109195714561,negative,0.00013507111644050845
1340240115705253888,negative,3.630039607438608e-06
1340240116732846080,negative,2.758373035598428e-05
1340240120159608838,negative,0.04229744957948426
1340240122428747779,negative,0.00034702869682414297
1340240123175317504,negative,0.28779442512664843
1340240123183702017,negative,0.012201781694493631
1340240123183714311,negative,0.008790167860960221
1340240123351474177,negative,0.03298748440542616
1340240124660097024,negative,0.008644888099973652
1340240124915945477,negative,4.888229368514751e-07
1340240126019067909,negative,0.00014488489326952133
1340240126425915393,negative,0.004112263048509432
1340240127172423680,negative,0.024587093902515428
1340240134327906305,negative,0.020925221375730947
1340240134701236227,negative,1.1205434913513783e-06
1340240134789337090,negative,0.04652119613967865
1340240135292674049,positive,0.9999819204344629
1340240136580325378,negative,0.1340278937491043
1340240137339490305,negative,1.6452150714179973e-14
1340240143454711808,negative,0.0017301775797833505
1340240144134262789,negative,0.18795859623648656
1340240145476448256,negative,4.516317167210636e-06
1340240146168426497,negative,0.1624583348402151
1340240152552214529,negative,0.012231673819589223
1340240153563066368,negative,0.12934772171130862
1340240153739055106,neutral,0.49789225920557484
1340240154477379585,negative,4.2589634695622206e-05
1340240160903081984,negative,0.024587093902515428
1340240161209245696,negative,0.28127451536213866
1340240165290307584,negative,0.14197236713123318
1340240166632493057,neutral,0.36173512508686567
1340240166657638403,negative,0.21097823420700046
1340240168700227585,negative,0.00039424970328771376
1340240169857921024,negative,0.017811006552050885
1340240172462518272,negative,6.194825582742806e-05
1340240172680704001,negative,0.017290944790772905
1340240173469196294,negative,0.08801841570321552
1340240173699903488,negative,4.304950342715631e-08
1340240174060584961,negative,0.00232551137919363
1340240174094159873,negative,0.007121651456839948
1340240176937918466,negative,8.877872941203119e-17
1340240180989595650,negative,0.02825752924723473
1340240181094469633,negative,1.1205434913513783e-06
1340240184147914752,negative,3.620854097718439e-20
1340240185255206913,neutral,0.3516768761907858
1340240185435557888,negative,2.2708131782051753e-09
1340240186035367936,negative,2.3973940665365813e-12
1340240186882600960,negative,0.0010313880845976404
1340240187675258882,negative,0.004740826658642988
1340240192809123840,negative,1.0495975381561157e-07
1340240192888840194,positive,0.8795443655192069
1340240193580838912,negative,0.12648201542608442
1340240195145379846,negative,5.5284337178853056e-05
1340240196504346625,negative,0.210004440951248
1340240198421127168,negative,0.0019763553786661912
1340240198953791488,negative,0.09651388227237388
1340240201990492160,negative,0.0001850967526914845
1340240202074304512,positive,0.8618959329046065
1340240202120441856,negative,0.009591295420803003
1340240202472845313,positive,0.7023612223382989
1340240204448329729,negative,0.00014155827691823535
1340240205274632192,neutral,0.3913919011489233
1340240205282947072,negative,0.2584249529017076
1340240207958974464,negative,0.0015759432271769329
1340240209963851776,neutral,0.5056908247662283
1340240216511156224,negative,0.00046904113849421985
1340240217165455360,negative,0.01569260666170957
1340240219316994048,negative,0.0541429157249459
1340240221158461440,negative,3.057024010703021e-06
1340240226761977861,negative,0.0006394431436951383
1340240228754333696,negative,0.02521516459254316
1340240228896915457,negative,1.1184443919603734e-05
1340240230318821377,negative,7.551043884547359e-07
1340240233292574720,negative,0.01100520310926642
1340240236668960768,negative,0.007849471197851213
1340240236702527491,negative,0.0001850967526914845
1340240237423898624,negative,0.12703271384507175
1340240238426419200,neutral,0.4034906238535239
1340240245405741064,neutral,0.398763939291555
1340240246374588417,neutral,0.3932538679356853
1340240250552147968,negative,0.00023806994333586286
1340240250673770497,negative,0.10915951220341791
1340240252561199105,negative,0.10236887634901144
1340240253249069056,negative,2.245544465453847e-05
1340240255954378753,negative,0.007740852045363698
1340240256663216130,positive,0.7753435434834863
1340240257585995777,negative,0.08113790223604538
1340240258768789505,negative,0.24025902982156197
1340240260526161923,negative,0.02142564404714981
1340240262405210112,negative,0.0032112891646020898
1340240265878130688,positive,0.999900906426945
1340240272479956992,negative,0.010052880844455953
1340240273515950080,neutral,0.5318834537628724
1340240274103087104,negative,0.14933147170141264
1340240274640019457,negative,0.04637231867589614
1340240278729404416,negative,2.758373035598428e-05
1340240279245189121,positive,0.9983907612497284
1340240279631216640,negative,0.0032059945270162763
1340240282823106561,negative,2.245544465453847e-05
1340240285129977856,negative,0.018268834939003248
1340240287189397511,positive,0.8452972369884049
1340240289533980672,negative,0.04637231867589614
1340240290058276870,negative,2.758373035598428e-05
1340240290536431617,negative,0.250224714769347
1340240292855857152,negative,0.0002261851710530671
1340240293526908933,negative,1.7917521561710566e-05
1340240295221465088,negative,0.004389814777269405
1340240295242461184,negative,3.6021974397948753e-09
1340240295506665472,negative,0.1720767428995029
1340240296102293505,negative,0.012978032364703827
1340240296848846849,positive,0.7586775424487224
1340240297159176192,neutral,0.565944250601978
1340240297591238659,negative,0.19537561336347956
1340240297834532865,negative,0.28584772089484484
1340240298182623233,negative,0.0013320717318008764
1340240304293687296,positive,0.999900906426945
1340240309406605312,negative,0.0042860669029969115
1340240310220296194,negative,8.341041625031001e-06
1340240312879501312,neutral,0.3609792199291668
1340240315127619586,negative,0.002906658639281742
1340240322853482496,negative,0.014720764041346469
1340240322861948931,negative,0.24025902982156197
1340240323990196225,negative,1.3885231224666993e-11
1340240325219069952,negative,0.004706074817777147
1340240326569713670,negative,3.85712808698708e-06
1340240327182086146,neutral,0.5318834537628724
1340240327228203008,negative,5.835968953470296e-05
1340240328536809473,negative,1.8709542222841594e-05
1340240329115484161,neutral,0.49789225920557484
1340240330348777477,neutral,0.49789225920557484
1340240332550594560,negative,0.011431709148891661
1340240334287200257,negative,0.0001614563224957317
1340240337617477634,negative,5.011852268463722e-05
1340240337844006913,negative,0.18354910221283527
1340240338070495233,negative,4.963897186830362e-19
1340240338221473797,negative,8.52082159495589e-07
1340240338414411778,negative,0.017290944790772905
1340240338443792384,negative,0.006895801007348718
1340240339072856064,negative,0.0002733651323701258
1340240339806941185,neutral,0.37985633395997137
1340240340276686849,positive,0.751065068835529
1340240341954416640,negative,0.018268834939003248
1340240343887917056,negative,0.2531089751490629
1340240344395313152,negative,0.005715157626636367
1340240346580660225,negative,0.1400028774752175
1340240346622640129,negative,0.024587093902515428
1340240347130171392,negative,1.1397627880986963e-06
1340240351240531968,negative,0.017548409161325693
1340240354071744512,negative,0.017548409161325693
1340240354705088512,negative,0.08301289864159057
1340240357355900929,negative,0.08660395308521866
1340240361491488769,negative,2.245544465453847e-05
1340240361998995456,negative,1.5731936463425965e-06
1340240362607173632,negative,0.0005923433842955335
1340240364305846274,negative,0.08734911880234883
1340240364574285824,negative,0.0016362321032148796
1340240366369435648,neutral,0.49523466082697354
1340240367090888704,negative,0.017290944790772905
1340240367636140032,positive,0.9898326029436745
1340240368168820736,positive,0.8868308545723304
1340240368458215425,positive,0.8452972369884049
1340240369766772738,negative,0.13787869458086263
1340240371679453184,neutral,0.49163443977210125
1340240377987670017,neutral,0.47644597823597595
1340240380529438722,negative,2.245544465453847e-05
1340240381749964800,negative,0.00014488489326952133
1340240385503858688,negative,1.0949166513648197e-06
1340240388192411653,negative,0.001242730829436731
1340240390528503808,negative,0.007643161298001848
1340240392080551937,negative,0.0043174697314009225
1340240393246564352,negative,0.061757213423828734
1340240398698987520,negative,0.014839978862747663
1340240400083279872,negative,0.1404193047002134
1340240400947306496,negative,0.002431222551965625
1340240401626779648,negative,0.1220418638980155
1340240401635168257,negative,0.2007076500002962
1340240407108661249,negative,2.245544465453847e-05
1340240407280701440,negative,0.017135761140276744
1340240409025531907,negative,2.758373035598428e-05
1340240410325741569,negative,0.05995837929197682
1340240410900385793,negative,0.06276299194417685
1340240411860865026,negative,8.23997875598639e-05
1340240412519395329,positive,0.6994012978762614
1340240413198835712,negative,0.006813782517422292
1340240414486478848,negative,0.2866841357944507
1340240415010729985,negative,2.921600209646211e-06
1340240416235524101,positive,0.9233190865705181
1340240417619664898,negative,0.1400028774752175
1340240419049910272,negative,0.1400028774752175
1340240419809075203,neutral,0.3549650094088341
1340240424162611200,negative,0.0005656337478239248
1340240425215471617,negative,0.03298748440542616
1340240425521733633,negative,0.0006200176271195524
1340240426071171073,negative,1.1920538923435085e-10
1340240426754781187,negative,0.0001638047817686886
1340240427069390848,negative,0.06091914650497922
1340240428210282496,neutral,0.44109947246828857
1340240428260536320,negative,0.010011948389105676
1340240429355315200,negative,0.0001850967526914845
1340240431955718151,negative,0.047045681618005916
1340240435399299073,negative,2.5976312541697326e-05
1340240438402428933,negative,2.9151823377112625e-10
1340240439312588801,negative,0.03298748440542616
1340240439451017218,negative,0.11919957096860226
1340240440952537088,positive,0.9163784157196665
1340240441539780608,negative,1.0861745069271714e-05
1340240443326513155,neutral,0.38265079720501116
1340240444274466816,negative,0.012537798693861181
1340240446367346688,negative,0.3282419999848567
1340240446409338880,negative,0.0030817116640983887
1340240446912643072,negative,0.033229901653334275
1340240447038480386,negative,4.882587899808052e-05
1340240447785095168,neutral,0.43118721047298675
1340240450821775360,negative,0.19780975268098455
1340240453346742272,negative,0.001965823983236518
1340240457599770631,negative,0.07600590611455146
1340240457637351424,negative,0.08681919246337787
1340240457675235328,negative,0.0006568644664652742
1340240457754947584,negative,0.014230637109698413
1340240457788313600,negative,0.22829121988271195
1340240457813528576,negative,0.03195698655657694
1340240459747221506,negative,2.2072046115539496e-05
1340240464717508608,negative,0.03583617138216301
1340240465476677632,negative,0.002694838736454832
1340240467590602755,negative,0.024587093902515428
1340240467783544832,negative,0.03172191982484648
1340240468592840705,negative,0.3071571254058082
1340240469398306816,neutral,0.5313094517364487
1340240469595439104,neutral,0.35260928573316896
1340240469654122497,neutral,0.37850180513441434
1340240472011321344,negative,0.0001761607685758098
1340240472116105216,negative,0.05222508692106547
1340240476142776321,neutral,0.4696700259836592
1340240477594001413,negative,0.008902189048479447
1340240477833097216,neutral,0.5056908247662283
1340240478625812481,negative,0.002443693649821711
1340240479322042369,negative,0.1784626753690835
1340240480429326336,negative,0.0036202558623273213
1340240485206659072,neutral,0.3403391890910929
1340240485525450753,positive,0.6646351767889204
1340240486372683776,neutral,0.41253883698771854
1340240487488376838,negative,0.006888285741998339
1340240488507555841,positive,0.8631781277566783
1340240491414228993,negative,0.06428578843176622
1340240493733695494,negative,1.3444581405027256e-12
1340240494253760512,negative,0.06125579820047154
1340240494656405506,negative,0.08399202944075114
1340240494832574467,negative,0.00023528448266095145
1340240494908076033,negative,0.017187134026062978
1340240495868522497,negative,0.05106637002907062
1340240496166363137,neutral,0.3499352441185855
1340240499035103235,negative,0.012346363344538046
1340240499102392323,neutral,0.3594534147066628
1340240499370848256,negative,0.05321083606967331
1340240501543460864,negative,0.17530011606073342
1340240504202665984,negative,0.009591295420803003
1340240505020538880,negative,8.04560327813822e-06
1340240505037344772,negative,0.0004072130760398861
1340240505872015371,negative,0.2531089751490629
1340240506698272768,negative,0.2131439708010653
1340240508866744320,negative,0.0022488206278364216
1340240508984156160,neutral,0.502592232701079
1340240510984876032,negative,0.06276299194417685
1340240511303606272,negative,0.0006691807294777148
1340240513442713600,negative,4.820646895581215e-07
1340240514419994624,negative,0.16639328844926016
1340240514478714880,negative,0.22829121988271195
1340240517083389952,negative,0.1324251921584709
1340240518177943553,positive,0.9985233494557337
1340240519717384192,negative,0.051808576745814336
1340240519868403712,negative,0.0013810227437014442
1340240520547856385,negative,0.09673222424458884
1340240520954703872,negative,0.003253571094794442
1340240521726345228,negative,0.012620455962297012
1340240521944592384,negative,0.0002995156635070164
1340240522108137473,negative,0.03757757950014811
1340240524142407680,negative,0.023859138454953806
1340240529250988032,negative,0.008872337587987725
1340240531788587008,negative,0.047738084126983264
1340240531788619777,neutral,0.4836615648449466
1340240536175849473,negative,0.2212908254685598
1340240536523948032,positive,0.6718805978269915
1340240539103490048,negative,0.15807471888113708
1340240541326450688,negative,0.0003205962376558329
1340240541636825091,negative,0.0200928303754515
1340240542299541508,negative,5.2208232745308936e-06
1340240542635012097,negative,0.025714959795902714
1340240543142596610,negative,0.07611909243795545
1340240544514134016,negative,1.1443897684809799e-07
1340240552747544576,negative,0.019459967282956743
1340240559315820544,negative,4.888229368514751e-07
1340240559521329155,negative,1.3441305051724858e-06
1340240559827537920,neutral,0.36173512508686567
1340240563271032833,negative,0.0593188649503346
1340240563581415425,negative,0.005641053013676905
1340240567360483328,negative,0.0015328191883729496
1340240568321007616,negative,0.0009549812454301209
1340240569059172352,positive,0.7757524682255411
1340240570090999809,negative,0.1610590809732563
1340240576193687552,negative,1.425685551976207e-07
1340240576810274816,neutral,0.49789225920557484
1340240577951096833,negative,3.981732619220598e-06
1340240578550894594,negative,3.219319566370682e-15
1340240578571890688,negative,0.11350663340236211
1340240580559958016,negative,8.23997875598639e-05
1340240582258659330,negative,0.010910927763714254
1340240583076528128,negative,0.06428578843176622
1340240583634415618,neutral,0.35260928573316896
1340240585215668226,negative,0.00018285637035375164
1340240589019897856,negative,1.3713863505432212e-12
1340240589061763072,negative,0.00017493284009178437
1340240589976170496,negative,0.2721363863289283
1340240590328442880,negative,0.294467408976063
1340240591632928768,negative,0.0016900417827783272
1340240592052359172,negative,0.10755283116568286
1340240593881055233,negative,0.006332644500756808
1340240599056834560,negative,7.629949607946834e-06
1340240600898154498,negative,0.18795859623648656
1340240602018029569,negative,0.007247071730595812
1340240603150491648,negative,3.560302522997896e-05
1340240604803063808,negative,0.12501762327357485
1340240609588764677,negative,0.035564046587052395
1340240615209054210,negative,0.03328558393297999
1340240616349822976,negative,0.008840426312788089
1340240616668672001,negative,0.0004665838703710782
1340240618598051842,negative,2.856415074331858e-05
1340240618669412353,negative,0.013916084721167959
1340240620384862208,negative,2.623768277080497e-05
1340240625225101312,negative,0.013144770104164876
1340240626156249090,neutral,0.5056908247662283
1340240627968126977,negative,0.0028750446564937914
1340240629838852096,negative,5.4675822982563134e-05
1340240631541673986,negative,0.0010078140350299931
1340240632669990912,negative,0.034623299224814816
1340240633047490560,negative,2.758373035598428e-05
1340240633332715521,negative,0.015340816420602844
1340240633362001922,negative,0.00015974142599049836
1340240634456764422,positive,0.9986557875354422
1340240635241123841,neutral,0.5872125458693758
1340240635249500161,negative,2.245544465453847e-05
1340240636088348674,negative,0.005292651432501456
1340240636570710016,negative,0.005569035786239456
1340240637212454913,negative,1.1879967787068908e-05
1340240641666600960,neutral,0.36713663722188783
1340240646704082945,positive,0.9162987238705858
1340240649866665985,negative,0.06276299194417685
1340240653045952512,neutral,0.4737554465528978
1340240653075312640,negative,0.06659817064556701
1340240653809307648,negative,8.150418272245949e-06
1340240658251046913,negative,0.12457995508098657
1340240659853291523,negative,0.003893993328472982
1340240674734665728,negative,0.005473309373027875
1340240675032489986,negative,0.058425678767119425
1340240675779080192,negative,0.18633158554028814
1340240676852805632,neutral,0.49789225920557484
1340240681181319171,positive,0.9898326029436745
1340240682523488256,negative,0.005715157626636367
1340240688861097984,positive,0.9874195481145549
1340240696343670784,negative,0.02514717946321127
1340240696494747648,negative,2.245544465453847e-05
1340240700823187456,negative,0.07313545636631802
1340240701339168769,negative,1.2346179309865092e-06
1340240701431418881,negative,0.005641053013676905
1340240702010232832,negative,0.001072631184996199
1340240704333893632,negative,0.15077533941385374
1340240709203406848,neutral,0.5393526757761705
1340240711548080130,negative,0.16499314654439956
1340240711636180992,negative,0.0036153966062779427
1340240715213926402,negative,1.4840108224106128e-08
1340240715411050497,neutral,0.35260928573316896
1340240718095409153,negative,0.009102840302321906
1340240725754187782,negative,0.012537798693861181
1340240728862158855,positive,0.9858364186207175
1340240730695069696,negative,1.3278546238619143e-07
1340240735040364544,negative,2.496894898228244e-06
1340240738081255424,negative,0.006897729486741533
1340240740732035072,negative,0.19028964130521878
1340240747694608384,negative,0.0003385662683131612
1340240749577850881,negative,0.07313545636631802
1340240750890639363,negative,2.245544465453847e-05
1340240752853606400,negative,0.0004234060915597707
1340240754216734720,negative,7.39582881953244e-06
1340240756561367042,negative,8.23997875598639e-05
1340240760155893760,neutral,0.35260928573316896
1340240766166323202,negative,0.004230583822062517
1340240779927818241,negative,0.004579192064889682
1340240783388139520,positive,0.9898326029436745
1340240783597838342,negative,8.23997875598639e-05
1340240787641024512,neutral,0.49789225920557484
1340240787947335680,negative,0.01569260666170957
1340240790069645314,negative,0.0005193490803249166
1340240792003219456,neutral,0.4331951940750651
1340240796063309827,neutral,0.38177283825599573
1340240797229322241,negative,7.543195769519298e-05
1340240797850087424,negative,3.279815117229839e-08
1340240799037009921,negative,0.017811006552050885
1340240799624269824,neutral,0.4545729117725756
1340240804263112704,neutral,0.3403391890910929
1340240805311770624,negative,9.589395566681066e-05
1340240809283743744,negative,0.2206907206916721
1340240816858669057,negative,0.0005923433842955335
1340240817160671232,neutral,0.5279779030656268
1340240822462234632,negative,0.2866841357944507
1340240832113336320,negative,0.012683559139187752
1340240837196861440,neutral,0.39640337314088003
1340240839096889345,negative,0.017290944790772905
1340240841428922368,negative,0.14619883442961612
1340240844457054208,negative,0.0003811769844281293
1340240845929406464,negative,2.245544465453847e-05
1340240846403284992,negative,0.02994449202947307
1340240846923444224,negative,0.0030817116640983887
1340240847405686784,negative,0.04345084414210059
1340240849473515523,negative,0.021086884561068345
1340240852233322496,negative,0.00010015703798172398
1340240856033488896,negative,8.974934909899168e-10
1340240857266589696,negative,0.04727035123955947
1340240857618853888,negative,1.1428589462912218e-09
1340240865252524038,negative,0.0064921632808153775
1340240865411809280,negative,0.005641053013676905
1340240866275946497,positive,0.9898326029436745
1340240866670211072,negative,0.294467408976063
1340240867982979072,neutral,0.49178886988063825
1340240869316812800,positive,0.9898326029436745
1340240871443361792,negative,0.0007638480470423568
1340240876153532416,negative,0.2339515492497129
1340240878686924805,negative,0.004811029303971746
1340240878980509696,negative,0.22808898675195644
1340240879861248002,negative,0.08480080465462113
1340240882512113666,negative,0.0006736425288789169
1340240884483444736,positive,0.9874195481145549
1340240885620088834,positive,0.8420645774695756
1340240888178601985,negative,0.016597045042829592
1340240891974447104,negative,1.7759207781524035e-08
1340240892486176774,negative,0.004112263048509432
1340240895216631808,negative,0.00023806994333586286
1340240895317323776,negative,0.029861564967950276
1340240901931753472,negative,0.0034664428256076982
1340240903315877888,negative,0.00023528448266095145
1340240905022943233,neutral,0.3403391890910929
1340240909703757829,negative,0.00022067667033271582
1340240910731374592,negative,0.10236921049994051
1340240911138172928,negative,0.1585315332857965
1340240911935127553,positive,0.8856137571282544
1340240912149057537,neutral,0.4853785883677223
1340240912539115525,negative,0.14908347779845935
1340240915324166144,neutral,0.35767684667499533
1340240915508600832,negative,0.06925403382090753
1340240919421980672,negative,0.08597476447766614
1340240923276525571,negative,2.245544465453847e-05
1340240928464904200,negative,5.9327816785375415e-06
1340240937251946496,negative,0.016074348968718687
1340240937377775617,negative,0.18459858958932926
1340240938757726210,negative,0.00033234941396369553
1340240941458878464,negative,0.0003035170257437135
1340240944864632838,negative,0.005750284504816632
1340240946554920962,negative,0.294467408976063
1340240946613678085,negative,1.1184443919603734e-05
1340240946999549952,negative,1.4747576361696928e-06
1340240951646760960,negative,0.025714959795902714
1340240951890087939,neutral,0.4545729117725756
1340240952540229632,negative,0.00010894939460057523
1340240952598929408,negative,0.005641053013676905
1340240957556617218,positive,0.9349353105581105
1340240958605185024,negative,7.9511648002397e-06
1340240960983244802,negative,0.04438950899982066
1340240961952215040,negative,0.06276299194417685
1340240962468122629,positive,0.7457073693173119
1340240963151802368,neutral,0.37515267462809027
1340240965404139521,negative,0.10755283116568286
1340240965773176832,positive,0.9988711898331202
1340240966855344128,negative,0.2399226955429962
1340240967052517376,negative,0.039463312310421585
1340240967471788033,neutral,0.49789225920557484
1340240967945900034,negative,1.4548987744623893e-11
1340240969401286656,negative,0.0009487070422222443
1340240969904644096,negative,0.22655735411456057
1340240970475065345,negative,0.004288566611602239
1340240974967164928,negative,0.11569763274399532
1340240986795089920,neutral,0.6010994305676981
1340240987260678144,negative,2.758373035598428e-05
1340240990985138176,negative,0.0032670857585276533
1340240992516059138,negative,0.009739152793560957
1340240992734240770,negative,0.004706074817777147
1340240993002635264,negative,0.00374982006066838
1340240994424467458,negative,3.919257479675485e-05
1340240995024310273,positive,0.745359870337758
1340240995275911169,negative,2.245544465453847e-05
1340240995934461952,negative,0.06276299194417685
1340240999273119744,negative,3.279815117229839e-08
1340240999474491392,neutral,0.4737554465528978
1340241004188880896,negative,0.07393459354148145
1340241005677834240,negative,0.14903420006541676
1340241006428622848,negative,0.07192298659144568
1340241006449618945,negative,0.016074348968718687
1340241011684110336,neutral,0.4155328634794042
1340241012027998209,neutral,0.5747370721056907
1340241012380332032,negative,0.1324251921584709
1340241015043665920,negative,0.04206287678156329
1340241023381987329,negative,9.516866166049348e-06
1340241026116677634,negative,0.005368601123688103
1340241032097779712,neutral,0.4026859506718814
1340241032290705409,neutral,0.4368347878126289
1340241040633163776,negative,0.04206287678156329
1340241046802980864,negative,0.00905052403862681
1340241059297767424,negative,0.0006027841459392752
1340241061063618561,positive,0.7500527909769891
1340241061504020485,negative,2.245544465453847e-05
1340241064414896128,negative,0.04206287678156329
1340241066906316800,negative,0.0002065339137506812
1340241067380236288,negative,0.023851152845851098
1340241068651102208,negative,0.12841090586662432
1340241071687806976,positive,0.933765774817446
1340241073457819649,neutral,0.4954194127117831
1340241075747864578,positive,0.9668940899071713
1340241081833824256,negative,0.034418607387590935
1340241082962104320,negative,1.1205434913513783e-06
1340241083612147712,negative,0.30149634654667007
1340241084337688576,negative,0.008091047739177659
1340241085109596160,neutral,0.4345728806901198
1340241088381145089,negative,0.0661688208984559
1340241089563914242,negative,0.00019641408804765975
1340241091673661440,negative,5.81979114339259e-06
1340241093552705538,negative,0.005641053013676905
1340241094135730176,negative,2.245544465453847e-05
1340241098921357312,negative,0.005641053013676905
1340241102360768512,negative,0.016039539416724646
1340241103560339456,negative,3.5062608564410335e-05
1340241104332066816,neutral,0.37066187254162397
1340241119104430085,neutral,0.49789225920557484
1340241123164499969,negative,0.0006900588402367176
1340241123810439169,negative,0.00017144872176008466
1340241125525876737,negative,4.944887939396866e-11
1340241131607646210,neutral,0.4772995942627886
1340241133142749185,negative,9.955361788619185e-06
1340241141900468224,negative,0.002431222551965625
1340241146094755840,negative,0.11455526056308842
1340241153413816320,negative,0.04126797802471513
1340241158681882624,negative,0.00026868085903647735
1340241162653888513,negative,0.18177569596955231
1340241177153576967,negative,1.4144268062769827e-07
1340241189518368768,negative,0.21967834310169054
1340241191451947008,negative,1.1205434913513783e-06
1340241193876283392,negative,0.2050656678631037
1340241208585703425,negative,0.00012962548819673797
1340241211915943937,negative,0.008097374427856746
1340241215527284742,negative,0.028579566555286703
1340241217255301125,negative,0.005062397846067821
1340241234326073345,negative,0.2916373973041448
1340241243981361154,negative,0.005641053013676905
1340241252755902464,negative,7.139061926701968e-06
1340241253531828225,negative,6.497612562921383e-07
1340241259307429889,neutral,0.48728019602140255
1340241260804763648,negative,0.09020597196449341
1340241265397514240,negative,0.04438950899982066
1340241274000076800,negative,0.0005193490803249166
1340241274151055366,negative,2.245544465453847e-05
1340241275707142145,negative,0.025468495266850105
1340241278945079297,negative,0.012733965306920133
1340241280807424000,negative,0.0016296384208424708
1340241281004564480,negative,5.57804827333942e-07
1340241282942308352,negative,8.341041625031001e-06
1340241283017785346,negative,1.0495975381561157e-07
1340241284322238464,negative,5.370448560045479e-09
1340241292400488449,negative,0.00040774308843064027
1340241294103293952,positive,0.818898974764819
1340241297743949826,negative,2.245544465453847e-05
1340241298809303042,negative,8.23997875598639e-05
1340241299262345216,negative,0.017290944790772905
1340241301598580738,negative,0.0013983215659063137
1340241302542299136,negative,0.04194777952060642
1340241303045623811,negative,2.2350937045243536e-07
1340241305436340225,positive,0.9898326029436745
1340241313170673664,negative,0.00014606706784239183
1340241320741392384,negative,0.017290944790772905
1340241321387307008,negative,1.4005871261499127e-07
1340241323442511874,negative,0.04139187202569625
1340241325057294339,negative,0.1049224927182999
1340241334913871872,negative,0.009366655835255394
1340241338864979972,negative,0.32564072927800986
1340241339548659712,negative,0.1975865906822595
1340241344107843584,negative,4.749062195426513e-10
1340241345496178689,neutral,0.4777573824996294
1340241345550663681,negative,2.696040373140191e-11
1340241348385853442,negative,0.1038312585188815
1340241355398914048,negative,7.90706542086861e-06
1340241367008722944,negative,6.0875408981774576e-05
1340241377150586882,negative,0.00900013044414928
1340241379591675905,negative,5.88414794927144e-05
1340241384251469824,negative,2.6504684767700348e-08
1340241384784195586,positive,0.9041359738953854
1340241389586681857,negative,1.1130346889150374e-06
1340241390220046337,positive,0.9874195481145549
1340241404136742918,negative,0.0036607145450748215
1340241414408597504,positive,0.8706786266806763
1340241416899981312,negative,1.4543423987417647e-05
1340241423543771137,neutral,0.48728019602140255
1340241427696107520,negative,3.154023447149222e-05
1340241433119354882,negative,0.02209411274387017
1340241435988267008,negative,3.5062608564410335e-05
1340241441193402369,negative,0.00036133373831983
1340241446645936129,negative,2.373428680569352e-06
1340241450794147841,negative,0.004259714972304327
1340241454111862784,neutral,0.46127768308170247
1340241455760240640,neutral,0.48386159230225845
1340241462856994816,negative,0.0005193490803249166
1340241464299667457,negative,0.015785695854575534
1340241464383684610,negative,0.09403779032326251
1340241470352019457,negative,0.1038312585188815
1340241478912790529,negative,0.002431222551965625
1340241495790632960,negative,7.69316123551835e-05
1340241507270451200,negative,4.270816593147649e-08
1340241508449079296,negative,0.014448430840098569
1340241521585631232,negative,9.955361788619185e-06
1340241522760007686,positive,0.9982133701532258
1340241524546809858,positive,0.7078855302152476
1340241525012369413,neutral,0.49789225920557484
1340241531333177345,negative,0.00039324317208101213
1340241535468761088,negative,0.19125584716637198
1340241537456889856,negative,1.4005871261499127e-07
1340241538908123136,neutral,0.49789225920557484
1340241547242172422,negative,9.04604966774878e-07
1340241558185123842,negative,7.42204567032507e-06
1340241564816306176,negative,0.08372458608622822
1340241570323415040,negative,0.17428360413231916
1340241570407170048,positive,0.9951919960571687
1340241571569086464,negative,0.006332554468989262
1340241587897577473,negative,1.6664447737174356e-06
1340241590086983680,neutral,0.38924741541746855
1340241591332724736,negative,0.08419328722635369
1340241595195666435,neutral,0.49789225920557484
1340241602216923138,neutral,0.48728019602140255
1340241603093512192,negative,0.0009928748185272474
1340241604272156672,negative,0.08450072023738307
1340241604595101696,negative,0.294467408976063
1340241604842561536,negative,0.17933268133418936
1340241605220048897,negative,0.017290944790772905
1340241615957405703,negative,0.0013320717318008764
1340241616804728832,negative,0.028956764530739032
1340241623981187075,negative,0.002262018330259773
1340241626460024833,negative,0.0003368378387183634
1340241629739962368,negative,1.740088348073189e-05
1340241631690240000,negative,0.0022293381835921536
1340241632394944515,negative,0.0034027733634098955
1340241633846112257,negative,0.002443693649821711
1340241642280906752,negative,0.0011750805268568886
1340241643845398528,negative,2.87536004947363e-07
1340241645040791552,negative,0.049075783947394064
1340241646609461248,negative,0.017729947782629346
1340241649054720000,neutral,0.49789225920557484
1340241654737989632,neutral,0.49789225920557484
1340241657799847938,negative,8.964819075504628e-08
1340241657908883456,negative,0.0011750805268568886
1340241661289521153,negative,0.02218533119187582
1340241663457955840,negative,0.0292483500376749
1340241668835078145,negative,0.006332454574217049
1340241675403350017,negative,0.001006772538169185
1340241687814270976,negative,0.00047442121423123474
1340241696349704192,negative,0.0014893661587670843
1340241699021459458,negative,2.758373035598428e-05
1340241704683712515,negative,0.040921644116428305
1340241709897289728,positive,0.8826117026713882
1340241716759162881,neutral,0.42251121415994397
1340241717555957762,negative,0.0392445002833732
1340241718000693249,negative,0.08450072023738307
1340241720043331584,negative,0.0004503250247978063
1340241726938726402,negative,0.00043799838421743173
1340241730067718144,negative,4.864676997265999e-05
1340241733771288576,neutral,0.458452529704962
1340241735998443521,neutral,0.4012363405066056
1340241741425889280,negative,0.017290944790772905
1340241745867649025,negative,7.198575015954936e-05
1340241747121729536,negative,0.0008453871627616825
1340241748719783936,neutral,0.37510093829770724
1340241750997291008,neutral,0.3996580091506196
1340241753627107328,neutral,0.4737554465528978
1340241753719320577,negative,0.004247364385943454
1340241756064002049,negative,1.740088348073189e-05
1340241769695498242,neutral,0.5000470079752937
1340241770983153664,negative,0.005254832755683261
1340241771633238017,negative,8.729603294014074e-06
1340241772845391872,negative,0.002581490388308332
1340241776368467968,negative,7.778355795140745e-09
1340241784757235715,negative,4.882835221611336e-05
1340241790780239878,negative,0.0001926482520347011
1340241797377888258,negative,9.609709826391146e-05
1340241806466953216,negative,0.0002065339137506812
1340241814721314816,negative,0.010106026698039826
1340241823005089793,negative,0.10236921049994051
1340241823260917765,negative,0.0522484588938442
1340241825400033280,negative,0.03799265471816155
1340241826771591171,positive,0.9887221449719719
1340241827249700864,negative,1.1205434913513783e-06
1340241828231204864,negative,3.1246759654251313e-09
1340241837748051968,negative,0.025714959795902714
1340241843452342273,negative,0.04356172122694472
1340241844542779392,negative,6.362014235137682e-05
1340241847680163841,negative,0.013054385820764692
1340241849076867072,negative,0.0013201161246434105
1340241856215576579,negative,0.042666626602485165
1340241860879638530,neutral,0.49789225920557484
1340241862750298112,negative,0.03144488188421496
1340241872338432001,negative,0.1278228042062116
1340241873789698048,negative,0.017290944790772905
1340241878629888003,negative,2.245544465453847e-05
1340241884820729856,negative,0.0002583023409907912
1340241887698038786,negative,0.017290944790772905
1340241888071327746,negative,0.000432112266852348
1340241892747915266,negative,0.038242030524066266
1340241894195032064,negative,1.1205434913513783e-06
1340241899446300672,negative,1.9345129126045697e-11
1340241903997100033,negative,0.08450072023738307
1340241905393807360,negative,2.758373035598428e-05
1340241906207510528,negative,0.13929859340683132
1340241914860359681,negative,0.0945551928530583
1340241914981806080,negative,0.11876979700705917
1340241917498552322,negative,0.0003035170257437135
1340241929599143938,negative,1.2210682797876723e-06
1340241929833996288,negative,1.2042393298826279e-05
1340241930731569154,positive,0.8631781277566783
1340241936591052801,neutral,0.35509496682161057
1340241946208591873,negative,0.2181357200769704
1340241946292363266,neutral,0.49789225920557484
1340241947567468544,neutral,0.5136446707795853
1340241949144604672,negative,0.013846736684258691
1340241949761138688,negative,2.371664013354881e-05
1340241949832474624,negative,2.245544465453847e-05
1340241951598239745,negative,0.017290944790772905
1340241952227401728,negative,0.010414456200217897
1340241953083052032,negative,0.0030817116640983887
1340241954848858112,neutral,0.49789225920557484
1340241957654806528,negative,1.0161021873185765e-08
1340241962545410048,negative,1.5207276017668214e-08
1340241963354886144,negative,0.021523831531122934
1340241964952924162,negative,0.005641053013676905
1340241967360425984,negative,0.014958042169981117
1340241968375484416,negative,0.3029968537174699
1340241968690049024,neutral,0.6404664096554347
1340241978651504641,positive,0.9874195481145549
1340241981457506305,negative,0.02267319096755989
1340241984611606528,negative,0.0033414427171976576
1340241987077873665,negative,1.5254254475453374e-05
1340241995814608896,negative,0.13929859340683132
1340241999014875141,negative,0.02013215271257444
1340242002013806593,negative,0.0012277849888606964
1340242005058859008,negative,3.7785646509246906e-06
1340242011362889729,negative,0.21663551088359928
1340242014366019584,negative,0.04229744957948426
1340242016471576576,negative,0.0001447360675074129
1340242029897543680,negative,0.0015975978902280188
1340242033127124997,negative,0.28384110761537534
1340242041914142720,negative,0.20581796682782405
1340242042832695296,negative,0.0007032727273019916
1340242046070775809,negative,0.0470491856481074
1340242047266156545,positive,0.9997771224558007
1340242061795180544,negative,0.2836528797442734
1340242079096705025,negative,0.00043799838421743173
1340242083978817537,neutral,0.5600475332268126
1340242084209582080,negative,0.03420451158788982
1340242085212008449,negative,0.00026901656077910464
1340242086516371456,negative,0.057427626481080685
1340242087846010882,negative,0.00013581668402793
1340242096163176449,negative,0.16484483080490214
1340242096993816577,negative,0.0003368378387183634
1340242100173082624,negative,0.18177569596955231
1340242104480636929,negative,0.0003465525234451528
1340242105772486656,negative,0.014716361220497957
1340242109916442625,negative,0.13326489312206566
1340242110805663744,negative,4.199558901714531e-06
1340242113989111814,negative,1.1205434913513783e-06
1340242116639907845,negative,0.1939926808870628
1340242118133080064,negative,0.002192638783260813
1340242122046369796,negative,0.0007553226361735499
1340242122700697601,negative,0.034623299224814816
1340242128434184192,negative,1.1654556746845882e-07
1340242133677174785,neutral,0.4075021103868519
1340242134482505728,negative,0.02013215271257444
1340242135296200710,negative,0.04889474981628905
1340242135694503936,negative,6.153168587789231e-08
1340242138664218629,negative,0.0007891882330442471
1340242138764894208,neutral,0.3306904014406625
1340242140505526274,positive,0.9886008136760294
1340242144141996032,negative,9.812120763015312e-05
1340242144573976577,negative,0.016074348968718687
1340242144867590144,negative,0.26598484253696286
1340242146239131648,negative,1.0495975381561157e-07
1340242146415263745,negative,0.003947919005414387
1340242159673495553,negative,0.02254571842235201
1340242168032669696,negative,6.598603128342078e-18
1340242169966301184,negative,4.210298630055013e-07
1340242172000481280,neutral,0.5140324502335758
1340242181878124544,negative,0.20621068991099864
1340242188681273344,negative,0.25977389283630326
1340242196889542657,negative,0.0011750805268568886
1340242197241884672,negative,0.0011750805268568886
1340242205844398082,negative,1.0440046506903598e-08
1340242209954811904,negative,0.002443693649821711
1340242213536718850,negative,0.17550907211553363
1340242214501400576,positive,0.9922820612392214
1340242216036552706,negative,0.007767050725660888
1340242223997349889,negative,1.1205434913513783e-06
1340242225406627840,negative,0.014716361220497957
1340242227889659907,negative,0.0005962347156127515
1340242229860978688,negative,0.10236921049994051
1340242239709130752,negative,0.08450072023738307
1340242244603949063,neutral,0.49789225920557484
1340242253575548930,negative,0.08660395308521866
1340242262236794880,negative,0.0024731320460268055
1340242264099065856,negative,0.16639328844926016
1340242265713897474,negative,0.025714959795902714
1340242266301054981,neutral,0.48728019602140255
1340242267970412544,negative,0.13787869458086263
1340242276371619840,negative,0.08007204014093057
1340242277684420608,negative,0.003727601924308934
1340242281530454016,negative,1.6185306530073824e-05
1340242281828388865,negative,0.017290944790772905
1340242289084551168,neutral,0.42251121415994397
1340242289994690560,neutral,0.4432321165273235
1340242292460929024,negative,0.0036607145450748215
1340242304611856385,negative,7.938684050670407e-07
1340242305148735488,negative,0.00374982006066838
1340242305249382400,negative,3.729631816192557e-05
1340242307669516290,negative,0.0003955444647620228
1340242318763429890,positive,0.8631781277566783
1340242329756680194,negative,0.055577395424408184
1340242334420787206,negative,0.08450072023738307
1340242337029611521,negative,0.0003101167110152269
1340242340057915393,negative,1.1205434913513783e-06
1340242341538443265,negative,0.001497717615431433
1340242345141428225,neutral,0.37850180513441434
1340242347997745152,negative,0.1934020650022844
1340242349251846144,negative,0.16728352407896543
1340242353991389185,neutral,0.49789225920557484
1340242356109516800,negative,0.03440253132162573
1340242360538701826,negative,0.0034649741364629343
1340242360735830016,negative,0.0057452643745158245
1340242363550216195,negative,0.1162118965897578
1340242374015004673,negative,1.1205434913513783e-06
1340242380679770112,negative,2.245544465453847e-05
1340242384567873536,negative,0.0044271282098795545
1340242387386380289,negative,0.01087608459469171
1340242396328673280,negative,0.14619093183850593
1340242401596760064,negative,0.1590467187290508
1340242403521941505,negative,0.09636701592177532
1340242406298497024,negative,0.001893743713551362
1340242412736802817,negative,8.785334567644148e-09
1340242421049909248,negative,0.012095141225842834
1340242427555229696,negative,0.017290944790772905
1340242428993925120,negative,0.2721363863289283
1340242429665030146,negative,0.02523401417498421
1340242431481004032,negative,0.0003385662683131612
1340242462598717441,negative,0.00011092501130704651
1340242465249497089,negative,0.017290944790772905
1340242467854184448,negative,0.0018632751039122978
1340242468969832449,neutral,0.4358320847236957
1340242476733444096,negative,0.0012723571861925963
1340242490587312129,negative,0.0002248075743480871
1340242491723886592,negative,0.01567579778217247
1340242502570393600,negative,0.0005962347156127515
1340242507138027523,negative,0.0004114963956430305
1340242507658096641,neutral,0.49789225920557484
1340242511017762816,negative,0.16728352407896543
1340242519750262805,negative,0.0008052112002957816
1340242532282855424,negative,0.057427626481080685
1340242540801511424,negative,0.0005922855266537133
1340242541061361670,negative,0.03583212819001787
1340242543666147330,negative,0.034103496920361014
1340242551836696576,negative,0.007709122275237722
1340242554542034945,negative,0.0011424016044281056
1340242557687754752,neutral,0.49789225920557484
1340242564587335682,negative,1.740088348073189e-05
1340242578831253515,negative,0.07192298659144568
1340242581029072898,negative,0.0020090485164277103
1340242582203449345,negative,0.002201364965077933
1340242591745511425,neutral,0.4047214283799102
1340242598045347848,negative,0.013916084721167959
1340242623945207809,neutral,0.36728291019967485
1340242628110151680,neutral,0.49789225920557484
1340242630630846466,negative,1.675080416923572e-06
1340242632673509376,negative,0.021896128760140344
1340242635395620864,negative,0.00029931030002051793
1340242642484027393,positive,0.9692194154926609
1340242643859681283,neutral,0.35785643069366135
1340242661316435971,negative,2.7972720429218217e-05
1340242662994157569,negative,0.10236921049994051
1340242668014727169,negative,0.00021895343018194327
1340242673953878019,negative,0.21360322928255088
1340242674431901696,neutral,0.49789225920557484
1340242674822098944,negative,0.02209411274387017
1340242681922990080,negative,0.019384366747252618
1340242682053058560,negative,2.2328579451868456e-05
1340242697752371200,negative,0.1162118965897578
1340242700159860744,negative,0.294467408976063
1340242703490146305,negative,0.0003060608552238272
1340242703808905216,negative,0.14515435995431664
1340242705847357445,negative,1.1205434913513783e-06
1340242707231465472,negative,0.0003922050272160246
1340242710435942400,neutral,0.49789225920557484
1340242721450192896,negative,2.758373035598428e-05
1340242721571745793,negative,0.0033247266076237812
1340242725376040961,negative,0.0021956487328910635
1340242730006564870,negative,0.14243912626219782
1340242733131247616,positive,0.6950122238102466
1340242742073548800,negative,1.3749309805570318e-06
1340242743608655872,negative,0.010620661267318516
1340242750516686849,negative,0.016594122640394803
1340242750634151936,neutral,0.4737554465528978
1340242757965758464,negative,0.0016161428500652375
1340242760960528385,negative,0.2718261696878112
1340242766253744130,negative,0.09338025147698323
1340242767923064832,negative,0.002943651107383088
1340242768250232837,negative,0.10093808358103391
1340242772238999552,negative,0.02013215271257444
1340242772792586242,negative,0.1939926808870628
1340242774298398720,neutral,0.47697210391394973
1340242783433592834,negative,0.004888303803534432
1340242784549220352,negative,0.0038632105255887775
1340242790081544200,neutral,0.6302031115454206
1340242791478272000,negative,0.017290944790772905
1340242792568778752,negative,0.004740826658642988
1340242792702996480,negative,0.007564110242852768
1340242801632657409,negative,0.010159363095834241
1340242805030088706,negative,1.6828108463664743e-11
1340242807798284288,negative,0.022728625464439035
1340242811409604608,negative,0.08573688816071454
1340242817931763713,neutral,0.49178886988063825
1340242829147332608,negative,0.0005193490803249166
1340242836508295168,neutral,0.5535568045326904
1340242838039240706,negative,0.058425678767119425
1340242838320246784,negative,0.0003368378387183634
1340242839247196160,negative,1.1044224200189924e-06
1340242840983662593,negative,0.16728352407896543
1340242844070645760,negative,0.15435202875810858
1340242847132491778,negative,1.1205434913513783e-06
1340242849997213696,negative,0.015727411717757243
1340242852836749314,negative,0.26503557648881937
1340242853981786112,neutral,0.5159436667231726
1340242854602551297,negative,0.0020194791002507905
1340242856519356418,neutral,0.42876467289441955
1340242863343415301,negative,0.13157310219286159
1340242863549001728,positive,0.9349353105581105
1340242865105096704,negative,0.010106026698039826
1340242867168657410,negative,0.12825684151311476
1340242868615655431,neutral,0.49320293869561255
1340242868796092418,negative,0.12832311625608805
1340242868838014977,negative,0.00012914254041281837
1340242868963827712,negative,0.07533714435587469
1340242869878218752,negative,5.6969115904350925e-08
1340242870092115968,negative,0.03444918109708754
1340242870364762115,negative,0.026918714344420072
1340242872596123648,negative,0.17392396019822526
1340242873468526592,negative,0.0001246640592001725
1340242873976025088,negative,0.04655079839402276
1340242874189967366,negative,0.0546730928415062
1340242879130824706,negative,0.007247071730595812
1340242883010506753,negative,0.09636701592177532
1340242885330001920,negative,0.0021956487328910635
1340242896084226049,negative,0.0005193490803249166
1340242898877607937,negative,0.044336278014779885
1340242902593773570,negative,0.12758828329503108
1340242907668901888,negative,2.245544465453847e-05
1340242922751586304,negative,8.55474086951833e-13
1340242927914774531,negative,4.822621371955907e-11
1340242934218846210,negative,0.002581490388308332
1340242941839876096,positive,0.9022424469787276
1340242946537512960,negative,0.005641053013676905
1340242951788752897,negative,0.0009928748185272474
1340242957182578689,negative,5.718459654776764e-05
1340242961045581824,negative,2.7654201472694494e-06
1340242973414580224,neutral,0.6522114186372636
1340242974240886788,negative,0.1681967538284071
1340242976631451649,negative,0.07254286275422647
1340242976904261637,neutral,0.47355402509898425
1340242987285176321,negative,1.2104752808078905e-06
1340242988971290625,negative,2.7230534342910063e-06
1340242988975460352,negative,0.006332554468989262
1340242998014164992,negative,0.08369020176761101
1340243005035470848,negative,0.0677805786756389
1340243010794233860,negative,0.0017828741379052316
1340243014166466562,negative,0.0014964757249186465
1340243016460754946,negative,0.0003283703827958572
1340243017295388672,positive,0.9038059213865675
1340243019887497217,negative,0.30017923731916224
1340243021418344448,negative,0.0001800216071333606
1340243023360368642,negative,0.2514567827879629
1340243024819924993,negative,4.369224189939644e-05
1340243030352289792,negative,0.0001915898982116991
1340243031811887104,neutral,0.34080758269375416
1340243033871282176,negative,0.1162118965897578
1340243034785640448,negative,0.31637669989344713
1340243036232671232,negative,3.5062608564410335e-05
1340243038241755136,negative,0.17565990090607148
1340243040905158661,negative,1.8644742824415417e-08
1340243041425252358,negative,0.051808576745814336
1340243041853050880,negative,2.806357074448514e-05
1340243042134085633,positive,0.6646393315409048
1340243044063457281,negative,3.371775190479334e-06
1340243045103656960,negative,5.866319700182171e-08
1340243048895266816,negative,2.57116595067081e-05
1340243052150083586,neutral,0.46127768308170247
1340243054322741249,negative,0.0007638480470423568
1340243069875187713,neutral,0.42507619662732005
1340243071997521920,negative,0.0005193490803249166
1340243077345251328,negative,0.30738339564628764
1340243078788100096,positive,0.8711152326392665
1340243081073975296,neutral,0.49789225920557484
1340243081296289792,negative,0.25146158760265236
1340243089529704449,negative,0.05897380014049553
1340243099017207813,negative,0.017290944790772905
1340243106608889856,negative,2.758373035598428e-05
1340243114016071682,neutral,0.39768911124644224
1340243123868479488,negative,1.740088348073189e-05
1340243123977531393,neutral,0.49789225920557484
1340243124841549824,negative,0.012978032364703827
1340243125147721729,negative,0.00327245065507215
1340243125214822400,negative,0.0004072130760398861
1340243126426976257,neutral,0.49789225920557484
1340243127806943237,negative,3.5062608564410335e-05
1340243131476963330,negative,0.2018003575590056
1340243132064149505,neutral,0.49789225920557484
1340243138884087808,negative,0.017947417146356524
1340243143401369600,negative,0.057427626481080685
1340243148153434114,negative,6.618029247823024e-05
1340243154184925185,negative,0.16491348979438003
1340243161168437254,positive,0.7112264328727067
1340243164846837761,negative,0.07082343122310572
1340243165140426752,negative,3.4716289849414173e-07
1340243169108213767,negative,5.107522790277989e-08
1340243171247198210,negative,0.0005389119568855585
1340243176620101632,negative,2.3595004309802636e-09
1340243176666378240,negative,1.740088348073189e-05
1340243176729264128,negative,0.0005923433842955335
1340243183012372480,negative,0.14475193894464236
1340243183683428354,neutral,0.49789225920557484
1340243196304121856,negative,0.0026569840387399486
1340243198099243008,negative,0.06228342411281171
1340243202272538625,negative,0.029981246255985253
1340243203035947008,neutral,0.5318834537628724
1340243204105510912,negative,2.245544465453847e-05
1340243205451898881,negative,0.00015597105502952044
1340243206588555264,negative,0.2379306401772698
1340243210652823557,negative,0.0012277849888606964
1340243214314446848,negative,6.992650045418067e-13
1340243215623081985,negative,0.02062427380582933
1340243217023832064,negative,0.005607597237638254
1340243219012050944,negative,0.0553545922647358
1340243219838357504,negative,0.05489629389272036
1340243224191971329,negative,2.758373035598428e-05
1340243224338771968,negative,0.10590752308323086
1340243225433366529,positive,0.9871297550132515
1340243225924096003,negative,0.017688518577163373
1340243232232509442,negative,0.0006820360447397382
1340243242718212097,negative,0.004696860497326145
1340243250293043200,negative,0.11543692587530471
1340243268353847296,neutral,0.40434696298341344
1340243277505814528,negative,1.1205434913513783e-06
1340243291095379968,negative,0.0003368378387183634
1340243295402942464,negative,0.003986837783906874
1340243296090730501,negative,0.031137695484218485
1340243296413773825,negative,0.002431222551965625
1340243297512644612,negative,0.07393459354148145
1340243297999187969,negative,0.0003368378387183634
1340243300318670851,negative,1.6669311033878657e-10
1340243301824393218,negative,3.91799986857525e-05
1340243302151548928,negative,0.010604661776717586
1340243304219353092,negative,1.0223881436911009e-13
1340243312557604865,negative,0.042235498078621404
1340243313312620544,negative,2.758373035598428e-05
1340243315388780544,negative,1.6946516700657552e-09
1340243319205605378,negative,0.0018727698922323254
1340243319356579842,negative,0.04206287678156329
1340243326046523395,negative,0.247063879962607
1340243333222977536,negative,0.0004072130760398861
1340243333545938944,negative,0.17673242170827988
1340243337828298753,negative,0.12758828329503108
1340243339782868992,neutral,0.4147342023902695
1340243349903650816,neutral,0.49789225920557484
1340243364071919616,negative,0.11543692587530471
1340243368404807681,neutral,0.49789225920557484
1340243376046813184,negative,0.00879729842182949
1340243382317232129,negative,0.11468382669792325
1340243383143559168,negative,0.03292028201742477
1340243385010057216,neutral,0.49789225920557484
1340243387484672000,negative,7.198575015954936e-05
1340243389044940800,negative,0.008745705258354464
1340243391393705985,positive,0.9998497862296873
1340243391716732930,negative,2.245544465453847e-05
1340243392261963779,positive,0.811118910696827
1340243393671290882,negative,0.0013514996679917278
1340243398280798208,negative,3.8155475782981626e-05
1340243398406631424,negative,0.000754281585469377
1340243398985453568,negative,0.005711045399004754
1340243399794970625,negative,0.00043625698172091614
1340243400717643778,negative,0.0024821504968628597
1340243404152844288,negative,0.000754281585469377
1340243404677124096,negative,0.17933268133418936
1340243404819750913,negative,0.0028125425267614564
1340243405608202242,negative,1.7463698691601997e-10
1340243409659981824,negative,0.0720848525030369
1340243412851847175,negative,0.03022634434083488
1340243413292244998,negative,0.000287204080389263
1340243414143660035,negative,0.00012551650932351985
1340243415582257152,negative,0.03694311293309244
1340243417260044290,negative,0.0007219672330390566
1340243417809514497,negative,0.00030270898630684794
1340243418056957954,negative,1.2464149608629297e-07
1340243428668522499,negative,0.23631219713229404
1340243428916011010,neutral,0.5953756363046007
1340243431478706177,neutral,0.48728019602140255
1340243432581849088,neutral,0.49789225920557484
1340243434934775808,negative,1.1205434913513783e-06
1340243439041044480,negative,1.1205434913513783e-06
1340243441360486401,negative,2.5786324768405203e-05
1340243442895622144,negative,0.04096086383417852
1340243446695682048,negative,0.005094072555901867
1340243453741912065,negative,0.0001983371154980287
1340243458737336321,negative,3.5062608564410335e-05
1340243460369108993,negative,0.03286591391861346
1340243461967138817,negative,1.4488478525372723e-06
1340243462671745024,positive,0.9004048722796246
1340243468828995585,negative,0.008745705258354464
1340243472410955777,negative,2.245544465453847e-05
1340243477792112640,negative,5.861492595522436e-08
1340243486285684745,negative,1.1205434913513783e-06
1340243488701640705,negative,0.08202319370789264
1340243491075612673,neutral,0.607548228400661
1340243492413517824,negative,7.332759820378217e-07
1340243495613837313,negative,0.001366180312512297
1340243496276520962,negative,0.000754281585469377
1340243496674967553,negative,0.002458267706982872
1340243506045005824,negative,2.758373035598428e-05
1340243516396621824,negative,0.07542603137950052
1340243517214494720,negative,0.0044271282098795545
1340243519789817856,negative,0.0022154033951724043
1340243520314089472,neutral,0.49789225920557484
1340243523774410752,negative,5.138333110921211e-06
1340243528631398402,negative,0.04142208885199336
1340243531949064192,negative,2.758373035598428e-05
1340243534750904321,negative,0.10590752308323086
1340243539498774528,neutral,0.3996580091506196
1340243549992923137,negative,0.030830267148231567
1340243550693416960,negative,0.0004072130760398861
1340243551662313473,neutral,0.5600475332268126
1340243560860438530,negative,0.26939137783889217
1340243561040777224,negative,0.00014488489326952133
1340243562789793792,negative,0.00011534201311461276
1340243563507019777,negative,0.04206287678156329
1340243581370585088,negative,0.00012517789056930713
1340243581483831297,negative,0.2740059653035929
1340243582452699136,negative,0.12032626919395045
1340243598080618496,negative,0.00497017684379957
1340243609191374853,negative,2.87536004947363e-07
1340243611909304320,neutral,0.49789225920557484
1340243622562770944,negative,0.002188156294418634
1340243631471517696,negative,1.1205434913513783e-06
1340243631614144515,negative,0.07082343122310572
1340243637783957504,negative,0.02595359535099656
1340243642443808768,negative,0.004740826658642988
1340243642506743808,negative,0.3217787467832323
1340243647116304386,negative,0.008840426312788089
1340243647497965570,negative,0.000754281585469377
1340243650765344774,neutral,0.49789225920557484
1340243667198509057,negative,0.014230637109698413
1340243670210019333,neutral,0.49789225920557484
1340243671992692738,negative,1.1205434913513783e-06
1340243675901771776,negative,0.1162118965897578
1340243681287282689,negative,0.0022293381835921536
1340243684932034561,neutral,0.37142605093897746
1340243707388436482,negative,1.0032461419196593e-05
1340243707786760193,negative,0.0003368378387183634
1340243710458531840,neutral,0.49789225920557484
1340243711549009921,negative,0.04038710620157066
1340243713461772289,negative,0.002829308724379592
1340243716095787009,negative,2.4059355288976346e-07
1340243716196470784,negative,0.004378402044489945
1340243725033873408,negative,0.250516234810849
1340243727265263616,neutral,0.40434696298341344
1340243734248755200,negative,0.05801420431180763
1340243734517182464,neutral,0.49789225920557484
1340243737054732294,negative,0.00029970029368220125
1340243738627588098,negative,0.01765987026828895
1340243739999150081,positive,0.9898326029436745
1340243741186125824,negative,0.09974874245019118
1340243742108823552,negative,0.16352019608485005
1340243744948412418,negative,0.06228342411281171
1340243746458353664,negative,3.5062608564410335e-05
1340243747037167616,negative,2.245544465453847e-05
1340243753030873088,negative,0.31820487300311295
1340243758063955969,negative,0.0002737398355190005
1340243758286331905,negative,2.373428680569352e-06
1340243759020257282,negative,2.245544465453847e-05
1340243767648002048,neutral,0.37515267462809027
1340243772853121024,negative,0.29484940703912865
1340243773599707136,negative,0.0023614210554776943
1340243778054070273,negative,9.183738650052061e-09
1340243779350110211,negative,0.00023172865709821002
1340243779794702336,negative,0.012161915281136125
1340243781300482048,positive,0.835152489284638
1340243781472448517,negative,4.983653487770856e-05
1340243781501788161,negative,0.002581490388308332
1340243781535326209,negative,1.1848043063979759e-07
1340243789248688129,negative,3.2529291983356737e-06
1340243790020415488,negative,2.245544465453847e-05
1340243792256004108,negative,0.025379950160058132
1340243794625703938,positive,0.7899471272257091
1340243797469487104,neutral,0.5747370721056907
1340243798111215617,negative,5.954297967074832e-06
1340243798874591234,negative,0.004544843485192694
1340243802003546113,negative,2.0542675200484747e-07
1340243802691387392,negative,0.06276299194417685
1340243803907772418,negative,0.30982476398521097
1340243804062961665,negative,0.055093202103186634
1340243804427837441,negative,0.04206287678156329
1340243806466273282,negative,0.028778322709352086
1340243812422184961,negative,0.10727820300821812
1340243813420453889,negative,0.058425678767119425
1340243815542734848,negative,0.00018892671071207352
1340243822522085379,negative,3.5062608564410335e-05
1340243822735978497,positive,0.9879914407201342
1340243823914594307,negative,0.0001769240171341364
1340243826544431104,negative,0.021260498451487895
1340243827253239812,negative,0.2379306401772698
1340243829329424384,negative,2.1839509007110587e-06
1340243829354602497,negative,0.012161915281136125
1340243832743583744,negative,0.00021757144790037427
1340243836950487040,negative,0.0004688632069917274
1340243838624030722,negative,0.017290944790772905
1340243838674321408,negative,0.20967368128524105
1340243839370620934,negative,0.08106805757401783
1340243843409731585,negative,0.3297275401326859
1340243848400957440,neutral,0.5172827447387344
1340243849000706049,negative,8.846667852815224e-06
1340243849176883200,negative,5.947843240126432e-05
1340243849525010434,negative,2.758373035598428e-05
1340243851278245888,neutral,0.5535568045326904
1340243851831889923,negative,0.017290944790772905
1340243853257957376,negative,1.3770073712211138e-06
1340243853748678656,negative,4.462599504868467e-07
1340243855308931072,negative,0.30248127565626065
1340243861524901888,negative,0.000503309180466849
1340243863399645184,neutral,0.49789225920557484
1340243864372785152,negative,0.06659817064556701
1340243870043541504,negative,0.03668303334835923
1340243870693646337,negative,0.1162118965897578
1340243870836244482,negative,8.23997875598639e-05
1340243872883109888,negative,0.1323627373044602
1340243875995275265,negative,0.07393459354148145
1340243876460834816,negative,0.17918240599085727
1340243877501022208,negative,4.246355469562246e-08
1340243878499237889,positive,0.7936342494435344
1340243879136780288,negative,0.005292760232316808
1340243879950512128,negative,0.005292651432501456
1340243881414303749,negative,0.007779947553287748
1340243882014109696,negative,1.1205434913513783e-06
1340243883498885122,neutral,0.39768911124644224
1340243883612131329,negative,0.029094994177504198
1340243883998011392,negative,0.017290944790772905
1340243884174168064,negative,0.015056016753230414
1340243886032228352,negative,0.04206287678156329
1340243886896275458,neutral,0.49789225920557484
1340243889379299330,negative,0.024587093902515428
1340243890742411265,negative,0.06276299194417685
1340243890893426688,negative,0.08801841570321552
1340243891442880512,negative,4.3170495799163875e-07
1340243891551875072,negative,0.11602921226030469
1340243892516491265,negative,0.06095923918658917
1340243896312459264,negative,0.05489629389272036
1340243898799681538,negative,0.007779947553287748
1340243898975875072,negative,0.019384366747252618
1340243900263493632,negative,4.7239517376871705e-15
1340243901450498048,negative,0.0557660994046957
1340243901811187714,positive,0.6973775207555094
1340243907695816705,negative,0.024587093902515428
1340243908329172993,negative,0.0003586974076663838
1340243909050556418,negative,0.01598576633050671
1340243910099169286,positive,0.9998497862296873
1340243912808673286,positive,0.9898326029436745
1340243914012434434,negative,0.04152221425031151
1340243915979538433,negative,0.04206287678156329
1340243916487049223,negative,0.03694311293309244
1340243920228405253,neutral,0.46127768308170247
1340243921209864192,negative,0.19237804559214886
1340243921759334400,negative,8.505683884820399e-07
1340243921851564037,negative,1.1205434913513783e-06
1340243927518105602,negative,0.014039577692619525
1340243928226926598,negative,4.454683323694014e-05
1340243928554024960,neutral,0.3667945099775713
1340243931100033025,negative,4.944887939396866e-11
1340243931322331137,negative,0.17530011606073342
1340243931435573249,negative,0.04206287678156329
1340243931750084611,negative,6.703660511606594e-07
1340243932580593670,negative,2.762709546675697e-06
1340243933008441349,positive,0.9668940899071713
1340243936040923138,negative,0.1975383921457794
1340243938888699906,negative,2.7601564141032863e-08
1340243940600143872,negative,0.034111480685010194
1340243941606748161,negative,3.28829457967766e-07
1340243949223464960,negative,0.0010062015824588546
1340243949290737665,negative,0.0012050511824340398
1340243950456758273,neutral,0.3888964145301077
1340243952096702464,negative,0.0013748281965017006
1340243952298053634,negative,0.013238287455150604
1340243952977367041,negative,4.944887939396866e-11
1340243954068025344,neutral,0.5327110813571888
1340243955095658498,negative,1.4005871261499127e-07
1340243956429369344,positive,0.8046483483397863
1340243956559454209,negative,0.20967368128524105
1340243957243121664,neutral,0.36022694207356515
1340243957910007809,negative,0.005641053013676905
1340243959050874880,positive,0.8631781277566783
1340243960917336065,negative,0.28127451536213866
1340243962653777920,negative,0.007709122275237722
1340243963219992576,negative,0.005206349920898232
1340243964910252032,positive,0.997755484619299
1340243966550302722,negative,0.010106026698039826
1340243969456951296,negative,0.00839843215687602
1340243972518764546,neutral,0.6266251163001104
1340243973563183107,negative,0.1353048446346715
1340243976427888642,negative,0.021730677619560934
1340243976671145984,negative,0.0006071517674522814
1340243982140526592,negative,0.29231577955620003
1340243983872774144,positive,0.9999426863125949
1340243988129984512,negative,0.024587093902515428
1340243989807640576,neutral,0.4946546985184398
1340243990013239296,negative,0.24980807938596977
1340243990499758080,neutral,0.35260928573316896
1340243990558375936,neutral,0.5376419240570768
1340243990713675776,neutral,0.5376419240570768
1340243992294862849,negative,0.1414163321483614
1340243992852783104,negative,0.00443069122070535
1340243992961818624,positive,0.7741788105934929
1340243993695678464,negative,0.11543692587530471
1340243993968316416,negative,0.11543692587530471
1340243994887004161,negative,0.0008701401358645968
1340243998741565442,negative,0.012733965306920133
1340244000406695937,negative,0.17667638257647914
1340244001354637312,negative,0.05271254540310056
1340244003019763713,negative,0.024783532368110626
1340244006547173376,negative,0.08877847689570251
1340244006605864964,negative,6.759912599863503e-06
1340244006773637121,negative,0.0004523152632460234
1340244007893528581,negative,2.245544465453847e-05
1340244013841084417,negative,0.047045681618005916
1340244013916557312,negative,0.03694311293309244
1340244014268866560,negative,0.049075783947394064
1340244014767828993,negative,0.0019075320849294606
1340244016160514048,negative,3.560302522997896e-05
1340244021273370624,negative,0.19175238807937026
1340244023592833024,negative,0.15555562494546027
1340244025652162563,negative,0.024587093902515428
1340244026658861057,negative,0.016453699001240298
1340244028470771714,negative,0.1400028774752175
1340244029678772224,negative,0.05801420431180763
1340244030463090688,negative,0.2531089751490629
1340244031398240258,negative,0.026952244277822456
1340244032945963009,negative,3.218579160099795e-05
1340244034028093440,negative,2.7726252418038808e-06
1340244034116325376,negative,0.000557685748588637
1340244036381257728,neutral,0.5496678701602578
1340244036842639363,negative,0.08189507868957364
1340244039975616512,negative,0.09345679214813113
1340244043415113728,neutral,0.5750299024616566
1340244044547559424,negative,0.2682100439096169
1340244048519589888,negative,2.826784272857686e-09
1340244050897752064,negative,7.421949669445583e-05
1340244052122488834,negative,4.791972656305549e-07
1340244053439426560,negative,0.0034516172508526374
1340244053678440448,negative,0.019189761209477466
1340244054332878851,negative,0.015209232711308116
1340244055511494657,positive,0.9983907612497284
1340244057453457408,negative,2.245544465453847e-05
1340244058535587840,positive,0.9071467244024045
1340244060943118336,negative,0.0031538782096602385
1340244062348185600,negative,0.2115143058405281
1340244062834716682,neutral,0.33201209866660186
1340244062989914112,negative,0.00018269800915357145
1340244066815119362,negative,0.00023256981139304375
1340244068249591810,positive,0.7112264328727067
1340244068559941634,negative,0.01569260666170957
1340244070317350912,negative,0.1911215167206151
1340244072506814466,positive,0.6646393315409048
1340244075593822208,negative,8.09198463610561e-12
1340244077091180545,negative,0.000754281585469377
1340244082371817473,negative,0.015432824174476856
1340244082803798016,negative,0.00014488489326952133
1340244083353260034,negative,0.028778322709352086
1340244083768512514,negative,0.05271254540310056
1340244084502491136,negative,0.18842382220152537
1340244085379096576,negative,0.012733965306920133
1340244088587771904,negative,0.0011992241148895447
1340244090445836290,negative,0.01051606810845771
1340244093457354753,negative,0.2996180737943623
1340244095101509633,negative,0.005292651432501456
1340244096808603648,negative,0.0384678458464413
1340244098779897856,negative,0.07192298659144568
1340244099681710082,negative,0.008790167860960221
1340244099807535105,negative,2.245544465453847e-05
1340244100554043393,negative,0.05450356845283994
1340244103192305665,negative,9.180162913579095e-06
1340244103334903809,negative,0.17054187565497378
1340244104102486016,negative,0.2416162447559144
1340244105956306950,negative,0.042666626602485165
1340244106711359488,negative,8.815513156357387e-07
1340244107298541568,positive,0.9410648101332474
1340244110641389569,negative,1.2105598303634358e-05
1340244111467622401,negative,0.0040213759068991025
1340244112390426624,negative,2.0671636299949827e-07
1340244113099280385,neutral,0.49789225920557484
1340244113829064704,negative,0.07424853337897686
1340244114667921413,negative,1.3299107823590147e-05
1340244114961522688,negative,6.667584084797936e-05
1340244116073013249,negative,0.0033722881689508266
1340244117398417410,negative,0.04206287678156329
1340244117830418432,negative,8.100252120912527e-05
1340244118564384772,negative,0.10815719355588409
1340244118681890816,neutral,0.3714826492494737
1340244119009026051,negative,0.17530011606073342
1340244120175058944,negative,0.007779947553287748
1340244120611205120,negative,0.0009686425878654243
1340244124486799360,negative,0.17667638257647914
1340244128874029058,negative,0.09993654161397221
1340244128936955906,neutral,0.36154385520548926
1340244129922633728,negative,0.0004610527407834785
1340244131147345921,negative,0.14846684361702783
1340244131411595270,negative,0.0009479011069331256
1340244133043167234,negative,0.13536768974167734
1340244133072539648,negative,0.09576918723882251
1340244134720921601,negative,1.1205434913513783e-06
1340244135723282433,negative,0.01569260666170957
1340244137619107844,negative,2.07095211642692e-05
1340244140563509249,negative,0.07393459354148145
1340244142434234369,negative,0.014247237958952034
1340244143264722944,negative,0.14619883442961612
1340244143327604738,positive,0.9281173096714602
1340244143562518529,negative,0.04206287678156329
1340244144321667072,negative,0.016096540538354596
1340244145202454530,negative,0.294467408976063
1340244146154565633,negative,0.012201781694493631
1340244146263605250,negative,1.1081760884927049e-13
1340244146578141184,negative,0.020712256460924457
1340244146687250432,negative,0.07192298659144568
1340244147802939397,negative,0.1933311826096359
1340244148348203009,negative,0.007128743445844432
1340244150084644865,negative,0.19285574248697288
1340244152177537024,negative,5.1876724164697205e-05
1340244152227946496,negative,0.01569260666170957
1340244152907382785,negative,0.006344576302257162
1340244153297498112,neutral,0.4552584079105708
1340244153402322947,negative,1.858041090280166e-05
1340244153490411520,neutral,0.35260928573316896
1340244154836783105,neutral,0.4770767508814847
1340244157147836416,negative,3.981732619220598e-06
1340244157282086912,neutral,0.41956321267742214
1340244160822042624,negative,2.245544465453847e-05
1340244164932497408,negative,0.028356410151506913
1340244166392115200,negative,2.758373035598428e-05
1340244166501134337,negative,0.009106594652738699
1340244169873350656,negative,0.0769107081929417
1340244171156824064,negative,0.003665008718784615
1340244172557737985,negative,0.024803635591462085
1340244175380475905,negative,0.007709122275237722
1340244175586021376,neutral,0.38924741541746855
1340244180249899008,neutral,0.44718859704321334
1340244182217187329,negative,0.035564046587052395
1340244183462731776,negative,0.05271254540310056
1340244184838627329,neutral,0.33413432677779653
1340244185153220608,negative,0.15077533941385374
1340244185501343746,negative,0.1344652123193456
1340244185660547072,neutral,0.49789225920557484
1340244185664860160,negative,0.12740969721218748
1340244185891397632,negative,0.002614450609570403
1340244185958498309,negative,0.0016609353203534173
1340244187791437824,positive,0.9548290495054544
1340244188286357505,negative,0.00023806994333586286
1340244190018609152,negative,0.000739219385667721
1340244193453748224,positive,0.8444045962568558
1340244195131404288,negative,0.024587093902515428
1340244200194002946,neutral,0.5318834537628724
1340244202425372673,negative,5.860099004475537e-05
1340244203666812930,positive,0.7815468478349041
1340244203985645568,negative,0.08381649887779348
1340244207458537473,neutral,0.5318834537628724
1340244207785701377,neutral,0.4737554465528978
1340244209626984448,neutral,0.49789225920557484
1340244209970913282,neutral,0.3403391890910929
1340244216417562624,negative,0.014253094633097551
1340244218258796545,neutral,0.5056908247662283
1340244221568139266,negative,0.015550954613139783
1340244221761040385,negative,0.00443069122070535
1340244221945626625,negative,0.05909050158871611
1340244222188937216,negative,3.1067565003169638e-06
1340244222201516032,positive,0.6994012978762614
1340244225397559297,negative,1.671829234194834e-07
1340244227935092736,negative,0.024587093902515428
1340244231789703168,negative,3.951541130315051e-05
1340244232645136384,negative,0.28791850319725343
1340244232662085634,negative,4.6172977274937025e-05
1340244232683081732,negative,0.00011723423241757485
1340244232787775488,negative,0.2221909334826547
1340244233324773376,negative,0.12086542629196398
1340244234121732102,negative,0.018360495465638536
1340244234520178693,negative,7.702627096845913e-08
1340244240060837888,negative,5.285245625579697e-06
1340244240312524800,negative,0.23659909160112202
1340244241855950859,neutral,0.6226516152371636
1340244244078968833,negative,0.0296247497977885
1340244244846546947,negative,1.2933635835821379e-08
1340244252467601409,negative,0.001652462889731529
1340244252660523008,negative,0.0001761607685758098
1340244253189005312,negative,5.624150615858532e-06
1340244253834960896,negative,0.004637940648671704
1340244257743974401,negative,0.14846684361702783
1340244259836932097,negative,0.16982444390934354
1340244262043193344,negative,0.07393459354148145
1340244263431487489,negative,0.0002731572824018709
1340244264329068544,negative,1.0495975381561157e-07
1340244264840736768,negative,0.007643161298001848
1340244267898466305,neutral,0.48022725225518914
1340244268607270912,negative,2.245544465453847e-05
1340244270188474368,negative,0.012537798693861181
1340244274647085056,negative,6.010154343319973e-08
1340244276660330496,negative,5.977224430332235e-07
1340244277528416256,neutral,0.4985928500860049
1340244278342201346,negative,0.04206287678156329
1340244279415988229,negative,8.23997875598639e-05
1340244283190874115,negative,0.00571812577431179
1340244284570742786,negative,0.0012326393760701707
1340244286756052993,negative,0.033172993713389234
1340244287179665409,negative,0.0001805674100742238
1340244288412786688,negative,2.245544465453847e-05
1340244288832200705,negative,0.0762450644714678
1340244289851256834,neutral,0.35469763368255786
1340244291382370306,negative,1.1205434913513783e-06
1340244291512393728,neutral,0.4331951940750651
1340244291592081408,negative,3.04310048499518e-07
1340244294192553985,negative,0.20623132338869044
1340244294318342144,negative,2.1839509007110587e-06
1340244295698292738,neutral,0.4130806489497796
1340244297820549121,negative,0.04206287678156329
1340244299099885568,negative,0.002581490388308332
1340244300127473664,negative,5.646802645865354e-06
1340244300890861569,negative,4.0283742019641803e-07
1340244302925053952,positive,0.9998497862296873
1340244306020413441,negative,0.3029968537174699
1340244307190661120,negative,6.278630985537846e-07
1340244307438161920,neutral,0.46127768308170247
1340244309308829698,neutral,0.441929331815996
1340244310244122625,negative,0.00010894939460057523
1340244310273474560,negative,2.758373035598428e-05
1340244311858950145,negative,0.04206287678156329
1340244312949366784,negative,0.00025355021327063424
1340244324118913024,negative,1.1205434913513783e-06
1340244325708521472,negative,0.017290944790772905
1340244334483038209,neutral,0.4770767508814847
1340244337309978624,negative,0.00015623426820929006
1340244339121909761,negative,1.740088348073189e-05
1340244341521059841,negative,2.646774347675896e-07
1340244341885964288,negative,1.321771688353331e-14
1340244341940469761,positive,0.933765774817446
1340244344322842624,negative,1.1205434913513783e-06
1340244345035874304,negative,3.6294360367998784e-10
1340244345325285376,negative,0.19659999210794762
1340244346738761728,negative,3.911876988244631e-06
1340244357312622593,negative,0.06475928979380939
1340244359103590400,negative,2.9373147254737876e-06
1340244359342600193,negative,0.005711045399004754
1340244359950848000,negative,0.19575517879525184
1340244361301377025,neutral,0.49789225920557484
1340244361473388550,negative,0.013034545139669214
1340244363381792768,positive,0.6646393315409048
1340244365940240386,negative,0.006622039118578161
1340244367177605120,negative,6.66903842272411e-05
1340244368414953472,negative,2.527564256145595e-07
1340244374895136768,negative,0.12285166051227644
1340244375142580224,positive,0.6816665238002414
1340244375692070913,negative,0.23964736527354968
1340244375901757441,neutral,0.39768911124644224
1340244384986636289,negative,0.0005927420751904033
1340244385531916290,negative,0.1162118965897578
1340244388904103936,negative,0.0038632105255887775
1340244389570998272,negative,0.003665008718784615
1340244390422470656,negative,0.02430527262004072
1340244392108503040,negative,0.01446677600314813
1340244393022926848,positive,0.9187734058430442
1340244394730016771,negative,0.1720767428995029
1340244395271069696,positive,0.7019835071320619
1340244395749208065,negative,0.0020856003386016263
1340244396067987456,neutral,0.5142691124459788
1340244397963808774,negative,4.944887939396866e-11
1340244399364530176,negative,0.0019075320849294606
1340244401851920390,negative,0.10139017318907137
1340244403336699904,negative,0.004178508994816149
1340244408965488641,negative,1.3222243806800783e-06
1340244410093752321,negative,2.245544465453847e-05
1340244411326881793,negative,0.00030741953121595097
1340244415248535553,negative,9.837077715728234e-05
1340244417328852992,negative,3.279815117229839e-08
1340244419044323329,positive,0.832118131819091
1340244426753531904,negative,0.04206287678156329
1340244427693039617,negative,9.560559155882741e-05
1340244429647605762,negative,0.07393459354148145
1340244432541655043,negative,0.024185312217482137
1340244435716681729,negative,0.24070146746114415
1340244437646135296,negative,0.2562137835965162
1340244441697824770,negative,0.12285166051227644
1340244443019038721,negative,0.0007681987358964338
1340244444403167232,negative,0.004679551466460024
1340244450606534656,negative,0.04206287678156329
1340244457048961029,negative,0.0003101167110152269
1340244459129352192,negative,1.1205434913513783e-06
1340244461041963009,negative,0.0011750805268568886
1340244462384140288,negative,0.04206287678156329
1340244464246263814,negative,0.06278864682014272
1340244466049966080,negative,0.0028125425267614564
1340244466771365889,neutral,0.4291727822331856
1340244467790598145,negative,7.920561133832447e-06
1340244467987705860,negative,0.08226547519948992
1340244469220691968,negative,0.14723387682154793
1340244471833899008,negative,0.0012723571861925963
1340244472408514560,negative,0.00019198874960031002
1340244472626618369,negative,0.19594437119564398
1340244474803466241,neutral,0.5886542709108997
1340244475520684032,negative,0.2790756901343805
1340244478448287745,negative,3.1719668657952285e-10
1340244480482553859,negative,0.06506461649593497
1340244481413701632,negative,0.30738339564628764
1340244481833115648,negative,0.0074714477453262556
1340244484437774336,positive,0.9845284290839156
1340244484798427136,negative,0.00010951856310863306
1340244487713505284,negative,0.0004611514860257859
1340244488468492288,negative,0.034031047439753256
1340244488611049472,negative,0.007709122275237722
1340244492952203271,negative,0.2840946512961452
1340244493761536000,negative,0.0077734914568650705
1340244494072111104,negative,1.740088348073189e-05
1340244495418482688,positive,0.9999718696555177
1340244496240562176,negative,0.0032446736223010688
1340244496689344512,negative,9.274089885896579e-07
1340244499235282944,negative,9.494411528992852e-12
1340244499868598273,neutral,0.35546599799968304
1340244502288592898,neutral,0.5376419240570768
1340244504729821184,negative,0.014081154219056317
1340244505597935618,negative,0.11543692587530471
1340244505723871232,negative,0.04206287678156329
1340244509263802369,negative,0.014105106362646275
1340244510174040065,negative,0.14846684361702783
1340244510375350274,negative,0.02044796877767458
1340244514523521024,negative,0.04857956057073674
1340244517602115588,negative,4.369224189939644e-05
1340244518923329538,negative,2.031794789617148e-05
1340244519476989954,negative,0.19562626272098985
1340244520487796736,neutral,0.36733294409994255
1340244520861134852,neutral,0.5857453681724443
1340244522526257152,negative,1.1218525406126819e-07
1340244523780206592,negative,0.017290944790772905
1340244526674423809,negative,0.004706074817777147
1340244535453102080,positive,0.9898326029436745
1340244537252454406,negative,0.02042324371316468
1340244538242322432,negative,0.29484940703912865
1340244538510749696,neutral,0.607548228400661
1340244543657177089,negative,0.0009256532865805855
1340244548166008832,negative,0.3087884657228491
1340244549654949889,neutral,0.3743077024193709
1340244550972010497,negative,0.033065309441245756
1340244554444881921,negative,2.72392346312418e-05
1340244556491710465,negative,1.1205434913513783e-06
1340244557674496003,neutral,0.37874993579954885
1340244563760451587,negative,0.294467408976063
1340244564649635840,negative,0.31820487300311295
1340244565228445699,negative,0.08600617892451999
1340244565735956480,negative,0.04206287678156329
1340244566868430854,negative,5.658433432259167e-07
1340244569192091650,negative,3.279815117229839e-08
1340244570114842625,positive,0.7722335608462516
1340244571511549953,negative,0.02350528665193549
1340244580294389760,negative,0.028515557223697856
1340244580499861506,negative,0.14846684361702783
1340244582328578048,neutral,0.49789225920557484
1340244585688252418,negative,2.245544465453847e-05
1340244588162916352,negative,2.245544465453847e-05
1340244589001781254,negative,0.004256208772304315
1340244590729850881,negative,0.09213348130382709
1340244592373972992,negative,2.901767237975334e-07
1340244594689253381,negative,0.023078932260878756
1340244597738516482,negative,4.919502559434462e-06
1340244598241849344,neutral,0.4022598390434446
1340244600439582724,negative,0.015017827592390528
1340244601161039873,positive,0.9864296356260511
1340244603946065920,neutral,0.42251121415994397
1340244604323545088,negative,0.17954225703493626
1340244605221138432,negative,1.695292233013399e-07
1340244606169063424,neutral,0.49789225920557484
1340244617581785089,negative,0.0003949417425443414
1340244621230804992,negative,2.245544465453847e-05
1340244622816272384,negative,1.7638708647004714e-06
1340244623445405697,negative,0.1784626753690835
1340244626595328001,negative,0.08999828196716957
1340244626876325888,negative,0.005161073027441205
1340244630386950144,negative,0.005641053013676905
1340244633721434113,negative,3.560302522997896e-05
1340244634199597056,negative,0.06036139215018346
1340244636514729984,negative,0.012346363344538046
1340244638167384064,negative,0.02032376351375736
1340244641132785664,negative,0.0027200797811570434
1340244641187323905,positive,0.9953478561667576
1340244641388638208,neutral,0.49789225920557484
1340244642219089921,negative,0.0018157792687380782
1340244642894372866,negative,0.0031462563219301484
1340244646774104065,negative,3.23656694958332e-05
1340244650054066187,negative,0.14846684361702783
1340244651111051265,negative,0.00989652523672817
1340244651912146945,negative,1.7950100461152719e-06
1340244659168227328,negative,0.021220267157084804
1340244659218616323,negative,0.3119978900685791
1340244659793252352,negative,0.004913507837946258
1340244660267208705,negative,0.21987382601854413
1340244661844238337,neutral,0.640521381264527
1340244665187110914,negative,0.05489629389272036
1340244666357321729,neutral,0.42251121415994397
1340244667464617984,negative,1.3451680258120684e-05
1340244668089589761,negative,0.14846684361702783
1340244671499542530,negative,8.23997875598639e-05
1340244673080770560,negative,0.11526384599213464
1340244675287003137,negative,0.0009396740398182893
1340244678411743232,negative,0.23370262701754618
1340244678462083072,negative,0.15881190852067625
1340244679204483073,negative,2.184854562110093e-09
1340244683130331143,negative,0.01280562315818517
1340244684518662145,negative,2.245544465453847e-05
1340244685613314049,negative,0.0012723571861925963
1340244686632607748,negative,0.03595002706924661
1340244690310991872,negative,0.007536317800254469
1340244691229564929,negative,0.0755602944799695
1340244693121163266,neutral,0.4897926477412321
1340244697491632129,neutral,0.37849860505327193
1340244698972229632,negative,1.094126913190011e-09
1340244699760779264,neutral,0.607548228400661
1340244702050865152,negative,0.021435990423834168
1340244703816671232,neutral,0.4275794204085492
1340244705003659264,negative,2.9484690984711853e-05
1340244705267822594,negative,0.13400307543674736
1340244706110951424,negative,3.560302522997896e-05
1340244707167879170,positive,0.9961916909190204
1340244707234951170,negative,4.246355469562246e-08
1340244708551962624,negative,0.07873929159415846
1340244708728078336,neutral,0.49789225920557484
1340244708925304832,positive,0.7454742749607787
1340244712712794112,positive,0.9548290495054544
1340244714138836993,negative,0.035564046587052395
1340244715657158659,negative,0.14846684361702783
1340244716143730688,negative,5.35316944542474e-06
1340244717561384960,negative,0.00025511184705233293
1340244723848671233,negative,0.06910057098771688
1340244725585080322,negative,0.0016016901073437056
1340244726096814081,neutral,0.3359039687117764
1340244726713356293,negative,0.004900885812345131
1340244727858388993,negative,2.6928567241162513e-09
1340244731637411843,negative,0.0868136100497072
1340244734649004032,neutral,0.3403391890910929
1340244734867091461,neutral,0.4787845287805508
1340244738813923329,negative,0.019683498738958593
1340244741645021184,negative,0.04206287678156329
1340244743268290566,negative,6.666822696744216e-05
1340244743813537792,negative,1.740088348073189e-05
1340244743964520453,negative,0.06276299194417685
1340244744631410689,negative,0.010918769754381932
1340244749089910784,positive,0.8085541223266485
1340244749681369088,negative,0.03298748440542616
1340244751656873984,negative,0.009248565979757322
1340244752827072512,negative,0.14846684361702783
1340244753288458242,negative,0.0003448317866594485
1340244753456246786,negative,0.00022067667033271582
1340244754240561160,negative,5.785589989377718e-06
1340244754903298049,negative,0.005641053013676905
1340244755138158593,negative,2.245544465453847e-05
1340244757478600706,negative,0.009762370086911748
1340244760871788545,negative,0.14846684361702783
1340244763463868417,negative,0.005292651432501456
1340244766286622720,negative,0.07393459354148145
1340244766643138560,negative,0.03382847496013945
1340244769587523585,negative,0.017290944790772905
1340244769692413959,negative,0.00042954717804185054
1340244772364148736,negative,0.012481096656528497
1340244774054453248,positive,0.9993782103121717
1340244774071250944,neutral,0.37510093829770724
1340244777917407232,negative,0.006970012010392155
1340244779771318272,negative,7.259775710973804e-07
1340244780354314241,negative,0.20620965181995343
1340244783198052353,negative,0.04206287678156329
1340244785018363911,neutral,0.41645918421054096
1340244786733854720,negative,0.0018853365318089678
1340244787648212993,negative,0.0001966759994449531
1340244788810047488,negative,0.0005311634676145281
1340244789745299456,negative,2.758373035598428e-05
1340244789879517185,negative,0.003000731385775532
1340244794094837763,negative,2.758373035598428e-05
1340244797458669571,negative,6.105661905291349e-07
1340244799106895876,negative,2.392320221964264e-06
1340244803049680896,negative,1.1205434913513783e-06
1340244803603361793,negative,0.0016200469767019396
1340244803905314818,positive,0.751065068835529
1340244807285944321,negative,0.20987429937400276
1340244807894110209,negative,0.04857987732995619
1340244817079615489,negative,0.11723738185408288
1340244817721380864,negative,0.14846684361702783
1340244817746554881,negative,0.0002637290393622245
1340244818384084993,negative,0.0015420306270824808
1340244819369750529,negative,0.0015593792882174305
1340244819902390272,negative,0.15102269654217562
1340244823551434754,negative,5.5284337178853056e-05
1340244824402878465,negative,4.514362930785495e-14
1340244825015279617,negative,0.17366724213933865
1340244825900277761,negative,0.11299887195209478
1340244826076409856,negative,1.4454688091949095e-09
1340244826504253440,neutral,0.4545729117725756
1340244827670245378,negative,0.018237806739242142
1340244828349673472,negative,0.00012797278539137608
1340244835391946752,neutral,0.3499352441185855
1340244836176244737,negative,0.20620965181995343
1340244837602373632,negative,1.1205434913513783e-06
1340244838042771456,negative,6.971299974539372e-05
1340244839493996544,positive,0.9871688403535602
1340244840089579520,positive,0.7236392213241565
1340244842048335873,negative,0.3217787467832323
1340244843252035584,negative,1.1205434913513783e-06
1340244845844189184,negative,0.15980668230922007
1340244846771105798,negative,0.0009089768176840361
1340244846938865666,negative,0.022245631604710943
1340244857630158848,negative,0.048124890735482595
1340244858485821440,negative,4.0868822788298434e-11
1340244859991568387,negative,0.026031105092201613
1340244863535763458,negative,0.0015623838489226742
1340244867289653248,negative,3.8137661427620235e-06
1340244868979970053,negative,2.496894898228244e-06
1340244870271807489,neutral,0.49789225920557484
1340244873232986113,negative,0.00011745051280877691
1340244876613578755,negative,5.871737139394824e-08
1340244877754437633,negative,0.10941778382450656
1340244877754462209,negative,0.00015459286376843894
1340244877850894338,negative,0.024598611987741766
1340244878702354435,negative,0.019683498738958593
1340244879230836736,negative,2.758373035598428e-05
1340244880744955905,negative,0.0004913092124348408
1340244883668398082,negative,0.04206287678156329
1340244884335308800,negative,0.017290944790772905
1340244884700209159,neutral,0.35260928573316896
1340244889494274048,positive,0.9802094524376007
1340244898155552769,negative,0.0012723571861925963
1340244902270169089,negative,0.20895929927606757
1340244902303715328,neutral,0.49789225920557484
1340244903700418561,negative,0.07192298659144568
1340244903704588288,negative,0.050671766105752206
1340244907118751745,negative,0.08735727631007043
1340244907475279872,negative,1.740088348073189e-05
1340244909836677120,negative,0.032180167849116856
1340244927335247873,negative,2.5127044995483873e-06
1340244932263591941,negative,0.00015425625244509014
1340244938840260611,negative,0.11455526056308842
1340244952039698434,neutral,0.49789225920557484
1340244955978186757,negative,0.19335787226916204
1340244976685494274,negative,1.1179589106234751e-07
1340244977046196224,neutral,0.49789225920557484
1340244980393238528,negative,1.1130346889150374e-06
1340244987653615616,negative,0.18262617123543587
1340244996369346563,negative,3.1941485978182597e-06
1340245001914216448,negative,0.1743220606522889
1340245003168301056,neutral,0.4809749534661644
1340245012043489281,neutral,0.35468569960143
1340245014006411264,negative,0.14846684361702783
1340245016283852800,negative,0.016894836545654573
1340245017063993349,neutral,0.3665382928158596
1340245018536275973,negative,0.0004424195723551868
1340245021702938624,negative,0.017290944790772905
1340245027805683712,negative,0.002322550982505007
1340245029781159936,negative,0.00014584824682082747
1340245034646581249,positive,0.6910984531543553
1340245042481553417,negative,0.0063987145358408186
1340245049989328897,neutral,0.49789225920557484
1340245058193395713,negative,0.016074348968718687
1340245058596057089,negative,0.20623132338869044
1340245060131184642,negative,8.015638886108807e-05
1340245061775339520,negative,1.0495975381561157e-07
1340245061930512387,negative,0.18434094660001213
1340245066108039169,neutral,0.5021613921260613
1340245067051753472,negative,0.0003101167110152269
1340245068955996162,negative,0.026294549609662817
1340245071497732097,neutral,0.49789225920557484
1340245071636140032,negative,7.499112715015533e-09
1340245074681212929,negative,3.325532646833732e-15
1340245076409245698,negative,0.0009292049378801087
1340245077101309952,negative,0.1324251921584709
1340245079068467203,negative,0.08026027616864806
1340245079311659009,negative,0.08113790223604538
1340245079592755200,negative,0.00036615640223781036
1340245081471799297,negative,7.382596403017434e-11
1340245084428783616,negative,0.013135452489756264
1340245089688428547,negative,0.00022067667033271582
1340245096109928453,negative,0.0736401149528525
1340245097615650817,negative,0.017290944790772905
1340245100593557504,negative,0.0005566275574612927
1340245102334259201,negative,7.341448374170513e-05
1340245104439812098,negative,0.055567900137200366
1340245105953943556,neutral,0.6450754529981741
1340245111146504193,negative,0.013209731086784767
1340245111154851840,negative,0.06107702283663168
1340245112459317248,negative,0.024375269745978232
1340245121623879681,negative,0.0022293381835921536
1340245128406069248,negative,0.30647691423800943
1340245131002335232,negative,0.017290944790772905
1340245132872970240,negative,2.373428680569352e-06
1340245137331539968,negative,1.1205434913513783e-06
1340245137834848259,neutral,0.49789225920557484
1340245138489176064,negative,6.634703286512388e-08
1340245146923921409,negative,0.0003283703827958572
1340245147079065600,negative,0.18670405354323633
1340245148010209280,negative,0.0022154033951724043
1340245151701188609,negative,0.0020636679527256644
1340245153232072709,positive,0.8396370268728715
1340245154612043776,negative,1.1205434913513783e-06
1340245165798281217,neutral,0.46656866598165886
1340245172291035138,negative,2.758373035598428e-05
1340245173096353792,negative,1.1205434913513783e-06
1340245175885557761,negative,0.00562077681226849
1340245178855075841,negative,3.5062608564410335e-05
1340245180482547713,negative,0.01252572030014396
1340245183770836992,negative,0.006402697131232968
1340245199583371264,negative,0.0011488833094766735
1340245202435489793,negative,0.09070413672254159
1340245205459603456,negative,0.00012797278539137608
1340245205996498945,negative,0.0003281932917956803
1340245211675566080,neutral,0.5429568159326034
1340245220051603457,negative,0.017290944790772905
1340245234760990720,negative,0.0203667018290472
1340245235545366529,positive,0.9029226449912283
1340245245477457926,negative,1.28317055887415e-11
1340245247998238720,negative,0.15077533941385374
1340245249940201473,neutral,0.40621058026234236
1340245250992988161,negative,1.1205434913513783e-06
1340245258412670976,negative,0.0108238850592352
1340245261298364417,negative,0.21178132273665154
1340245261424189442,negative,0.017290944790772905
1340245261512269824,negative,0.002431222551965625
1340245264813203456,neutral,0.4082981772028634
1340245266767736833,negative,0.07082343122310572
1340245270626525185,neutral,0.39308511937896207
1340245280961294339,negative,0.017290944790772905
1340245284706787331,negative,0.29150453131543796
1340245286191554561,neutral,0.5160126123388331
1340245288599097344,negative,0.001694229890772276
1340245293007331330,negative,1.7001957720154774e-06
1340245294034894849,negative,0.0014137320700246488
1340245295897186304,negative,0.24398335672085858
1340245296132059143,negative,1.0821448097522347e-06
1340245296912207874,negative,6.0007795671916486e-05
1340245302947827712,negative,0.010106026698039826
1340245310472417280,negative,0.006172572708037884
1340245315136462848,neutral,0.46127768308170247
1340245335558504450,positive,0.7340491712176868
1340245340209987585,negative,0.003436653555193262
1340245341438939136,negative,1.9345129126045697e-11
1340245346736336896,neutral,0.6537474969498027
1340245349181521921,negative,0.0024024295303672486
1340245358870470657,negative,0.14283590895441953
1340245368026574848,negative,2.8568885738518055e-07
1340245368605446146,negative,0.1766316908286523
1340245373466636290,negative,0.0012326393760701707
1340245375748325376,negative,0.0003759482631733771
1340245381825896448,negative,2.758373035598428e-05
1340245385764343809,negative,0.009366655835255394
1340245386015993858,negative,0.0003281932917956803
1340245387366588419,negative,0.00035959744710131714
1340245392894648324,negative,0.010106026698039826
1340245404143804416,negative,5.480649007355327e-10
1340245407503441920,negative,0.0003385662683131612
1340245410510761984,negative,8.721018217683385e-05
1340245414562439168,negative,9.914759103872982e-06
1340245421046845440,negative,0.023078932260878756
1340245423194312704,negative,0.0945551928530583
1340245425488601089,negative,0.07313545636631802
1340245427896147970,negative,0.0012735263656473762
1340245433898201091,negative,0.017137509405739704
1340245439145238529,negative,1.1205434913513783e-06
1340245444153274370,negative,0.00016037987041732778
1340245444924944384,negative,0.20828193500633663
1340245447240257536,neutral,0.6301234559680013
1340245453426843648,negative,0.002581490388308332
1340245456224444416,negative,1.1130346889150374e-06
1340245457621102593,negative,0.002581490388308332
1340245467934932992,negative,0.005206349920898232
1340245468643770374,negative,0.002581490388308332
1340245469021278208,negative,1.03504959618674e-06
1340245469038043137,neutral,0.40434696298341344
1340245475119796225,negative,0.0029918197330622144
1340245481037967361,negative,0.057427626481080685
1340245490697457666,negative,0.21349988370832826
1340245490785419269,negative,6.796886454252531e-05
1340245494992400386,negative,2.3401197007187638e-05
1340245497722888192,negative,0.0005522420695553837
1340245498117144576,negative,0.11190677842730594
1340245499169951746,negative,1.1205434913513783e-06
1340245499920736258,negative,0.006402697131232968
1340245499975221248,negative,0.09636701592177532
1340245505780158464,neutral,0.49789225920557484
1340245529809346561,neutral,0.49789225920557484
1340245531050831872,negative,2.245544465453847e-05
1340245532959248385,negative,0.003698997080260892
1340245541343662088,negative,0.006713428825845119
1340245549715501057,negative,0.001213556463452355
1340245553909821440,negative,0.12758828329503108
1340245569458085890,negative,0.19659999210794762
1340245570452156416,neutral,0.3788749278178376
1340245572570279937,negative,0.010651250016447424
1340245576651300866,negative,0.09283811562172391
1340245579235004417,negative,0.0001664628275083701
1340245580791091205,negative,5.301283531408481e-06
1340245581067902976,negative,0.0005675768256866963
1340245582229716992,negative,0.002262018330259773
1340245583777427456,negative,0.012309098634142616
1340245583924215808,negative,0.002285965338723578
1340245585094463488,negative,0.294467408976063
1340245590698057730,negative,0.03694311293309244
1340245591843074048,negative,0.017073093636577077
1340245591901745152,negative,1.1205434913513783e-06
1340245602043654144,positive,0.9505573858247549
1340245604992249857,negative,0.27960961664456335
1340245606753832960,negative,2.758373035598428e-05
1340245612403552256,negative,0.1484692067977948
1340245613708005376,negative,5.723373859069162e-05
1340245615553425409,negative,0.01974026460284958
1340245617352847361,negative,0.12841090586662432
1340245621740085248,negative,0.02363340410742995
1340245622301937664,negative,0.039245313869660264
1340245631756021760,negative,1.1205434913513783e-06
1340245653658554369,neutral,0.49789225920557484
1340245656120811520,negative,0.017290944790772905
1340245660176670721,negative,0.0001214791213803563
1340245665100816384,negative,0.002431222551965625
1340245669106298881,negative,0.3029968537174699
1340245670029090816,negative,0.0009487070422222443
1340245670918303746,neutral,0.48728019602140255
1340245671128018946,negative,0.002431222551965625
1340245672386301952,positive,0.756994488419295
1340245673216716802,neutral,0.49789225920557484
1340245675334840320,positive,0.6993970200551083
1340245675401986049,negative,1.1130346889150374e-06
1340245680217059328,negative,0.00555355743974881
1340245680615505921,negative,0.002581490388308332
1340245689050292224,negative,0.0021024487844909343
1340245695056457728,negative,3.813125242675132e-08
1340245697665351686,negative,0.00043799838421743173
1340245702543364098,negative,0.06873469417549662
1340245707840761857,negative,1.1205434913513783e-06
1340245709812076544,neutral,0.4968378423642133
1340245709849804801,negative,0.294467408976063
1340245713524015104,negative,0.07192298659144568
1340245714769764352,negative,0.0006669697575222694
1340245717999300608,neutral,0.49789225920557484
1340245718037127169,neutral,0.49789225920557484
1340245719203147777,negative,3.1635530211678335e-06
1340245725381357568,negative,0.05075163375405063
1340245727025442816,negative,0.20620965181995343
1340245727423983616,negative,0.002431222551965625
1340245729927983105,negative,0.00035959744710131714
1340245734122266626,neutral,0.461651183945228
1340245745711104000,negative,2.968098970245891e-05
1340245755253145601,negative,0.0003368378387183634
1340245757664878593,negative,8.826807971486977e-05
1340245759208222720,neutral,0.49789225920557484
1340245765667622915,negative,0.08480080465462113
1340245767982878720,negative,0.017290944790772905
1340245768800788480,negative,0.0004395368050740665
1340245773330604032,negative,0.055577395424408184
1340245774437892096,negative,0.25597370856900226
1340245779382996992,positive,0.9752687296459669
1340245781442416641,negative,0.009103160799157108
1340245782704885760,negative,0.00031057602226211225
1340245785276010496,negative,0.0038988360648206776
1340245785712201728,negative,0.002104666269366116
1340245785737388032,negative,0.0005923433842955335
1340245794201493504,negative,0.17530011606073342
1340245800924966913,negative,0.024278651234778403
1340245806465609734,negative,2.7230534342910063e-06
1340245811670691841,negative,0.04206287678156329
1340245811792326657,negative,0.22569483197083196
1340245814409629697,negative,3.948278355208911e-05
1340245816460644352,negative,0.14846684361702783
1340245817194635264,negative,0.09090305453094993
1340245822999568384,negative,1.1879967787068908e-05
1340245825860096000,neutral,0.4737554465528978
1340245840741449728,negative,0.003028522165020322
1340245849876688897,negative,1.859452672740002e-06
1340245855845167104,negative,0.004376021016665525
1340245889772892161,negative,0.006595657512997358
1340245895498088453,positive,0.9871102360717338
1340245896039178241,negative,0.01263938417602954
1340245897066778624,negative,0.006402697131232968
1340245898752868353,negative,6.0007795671916486e-05
1340245901558865920,positive,0.8856137571282544
1340245912556343296,negative,0.00012797278539137608
1340245922358423555,negative,6.503752564265471e-11
1340245924509933568,negative,2.245544465453847e-05
1340245946895118336,negative,0.13858569004193308
1340245952486117380,negative,0.05801420431180763
1340245954583212033,negative,0.2743011253010184
1340245956277784583,positive,0.7522882218773157
1340245956562923531,negative,0.294467408976063
1340245957930323970,negative,0.22415194739129962
1340245960761499649,neutral,0.4331313684713169
1340245961315127300,negative,0.24398335672085858
1340245962095210496,negative,0.1389531035686211
1340245963139665921,negative,6.0007795671916486e-05
1340245964481769474,negative,0.17933268133418936
1340245970920075264,negative,1.1205434913513783e-06
1340245973512183808,negative,0.1389531035686211
1340245979036078080,negative,1.9431666355643047e-09
1340245980785029126,neutral,0.6007877930373964
1340245981246402560,negative,3.3465792314391735e-07
1340245982638948358,negative,0.0012326393760701707
1340245983175827456,negative,0.2681652654971894
1340245986518708226,negative,0.1445844966237223
1340245995125432321,negative,0.0007681987358964338
1340245997822337025,negative,0.014053808848113932
1340245997960761345,negative,5.784714576258696e-05
1340245998854164480,negative,0.17569763049391468
1340245999273603072,negative,0.2022407041764417
1340246003732148225,neutral,0.49789225920557484
1340246004931575808,negative,1.8662419614887727e-05
1340246007636848640,negative,0.04282405818171071
1340246009046327297,negative,0.038859348144624405
1340246012888231941,positive,0.932964001790756
1340246017095155719,neutral,0.4737554465528978
1340246017246162944,negative,0.04618398426568219
1340246019934707716,negative,0.1389531035686211
1340246026284888064,negative,0.030720560571065758
1340246028604338177,negative,0.21921412548362115
1340246029111865344,negative,0.001856649281463884
1340246029137043458,negative,0.009217735399513923
1340246035386535939,negative,0.0020303945199736237
1340246057301762048,negative,2.6821401248620356e-06
1340246061324091393,negative,0.1389531035686211
1340246063106699265,negative,0.09834039723339418
1340246086447853569,negative,0.012076092416148074
1340246090864500737,negative,0.0003368378387183634
1340246092357783553,negative,0.0013201161246434105
1340246101450997760,negative,0.08399202944075114
1340246107008491520,neutral,0.46127768308170247
1340246107314634752,negative,0.05128902334454815
1340246113065054208,negative,0.014477044960875676
1340246117531971584,negative,2.373428680569352e-06
1340246141523423232,negative,5.516670112838986e-05
1340246163065323521,negative,1.0740506176903192e-05
1340246163186921473,negative,0.004653095855805603
1340246163501543426,negative,1.1205434913513783e-06
1340246164424278020,negative,0.2591058974952057
1340246165795827713,negative,7.947534018829516e-05
1340246166269784064,negative,0.010620661267318516
1340246171688824832,negative,2.245544465453847e-05
1340246175929217025,negative,0.017290944790772905
1340246177728647169,neutral,0.5455247273043546
1340246178823352321,negative,0.017811006552050885
1340246183290281985,neutral,0.43335719287083785
1340246184275881984,negative,0.06536913985440715
1340246185332912129,negative,0.01569260666170957
1340246186163400705,neutral,0.6450754529981741
1340246186717040640,negative,2.245544465453847e-05
1340246187014844417,neutral,0.4153373325707398
1340246187643969536,negative,2.245544465453847e-05
1340246187966918656,neutral,0.49789225920557484
1340246188189249539,neutral,0.49789225920557484
1340246189942460417,negative,0.08941619329533121
1340246191985078272,negative,0.17933268133418936
1340246193864110080,negative,0.013475241617487555
1340246197714493441,negative,1.8416721091564078e-06
1340246197785780226,negative,0.017290944790772905
1340246199207686146,negative,0.0027163575641996197
1340246210838454272,negative,0.2571133809726019
1340246221022257152,negative,0.03684234945408234
1340246224394461187,negative,0.16857224389028955
1340246225086533635,negative,0.22928756392798522
1340246232204193792,negative,0.017073093636577077
1340246234729230337,negative,0.0013976061510487289
1340246253444186112,negative,0.17933268133418936
1340246255432249346,negative,0.04054961114284574
1340246262713643008,negative,0.0011856813787848362
1340246267566370816,negative,0.002887557758389123
1340246272947720198,negative,0.0001664628275083701
1340246281793527808,negative,0.0004163215721849351
1340246286205906945,negative,0.002423185936267144
1340246288747655171,negative,1.1205434913513783e-06
1340246304279195648,negative,3.106294936354823e-07
1340246308586741762,negative,1.1205434913513783e-06
1340246312768442368,negative,0.04113647743720726
1340246320334974977,negative,0.2740059653035929
1340246327716929536,negative,0.0467008244082822
1340246330426486784,negative,2.8237893309818803e-10
1340246334641758208,negative,1.0233893905596902e-06
1340246336009072640,negative,0.00012074072181137268
1340246339570069505,negative,0.03883242429671841
1340246345966383105,positive,0.9400628921312618
1340246346096324608,negative,0.008386194445282167
1340246357009981440,negative,3.4187536590697133e-06
1340246357358030848,neutral,0.6412817131576004
1340246361602732033,negative,2.758373035598428e-05
1340246367818690562,negative,0.12717867003769742
1340246370343632897,negative,0.0007638480470423568
1340246371987836932,negative,0.3164044829266145
1340246374789619712,negative,0.011955764757032418
1340246376324710400,neutral,0.4345728806901198
1340246380573388800,negative,7.778355795140745e-09
1340246384226787328,negative,5.02243068510265e-09
1340246387947126786,negative,0.011254136929722916
1340246387984838657,negative,0.05440466827686227
1340246393798193154,negative,0.00014488489326952133
1340246408142700545,negative,0.10647774768386631
1340246415050719232,negative,0.02341292172742968
1340246415562387456,negative,0.01376307499008606
1340246416669761542,negative,0.03595002706924661
1340246417751859200,negative,0.23952620542416067
1340246421434449921,negative,1.1205434913513783e-06
1340246430510964737,neutral,0.5017543432377519
1340246433258201089,negative,0.30982476398521097
1340246436630433794,negative,0.0467008244082822
1340246440686325763,positive,0.9509339724773714
1340246445291663360,negative,0.14619883442961612
1340246447967617024,negative,1.7001957720154774e-06
1340246448831651840,negative,0.0040199287878041065
1340246449339117570,negative,0.00013736931270075985
1340246451021090816,negative,1.7001957720154774e-06
1340246453269237760,negative,0.07264065615044013
1340246453726404608,negative,3.7016107654397325e-05
1340246457614561280,negative,0.047045681618005916
1340246460487639040,negative,0.21663551088359928
1340246464514158592,negative,1.8035609337423422e-12
1340246466565185538,negative,0.04387043002764092
1340246470692401153,negative,0.270564748635811
1340246471329890305,negative,0.00035959744710131714
1340246473473200128,negative,0.011216810384835822
1340246477055127552,negative,0.17530011606073342
1340246486345539584,negative,4.1462727331651406e-05
1340246502451666944,neutral,0.49789225920557484
1340246514820657154,negative,1.1205434913513783e-06
1340246525335748609,negative,3.96102115923883e-05
1340246526245941248,negative,0.08342021031862229
1340246526405308416,negative,0.14619883442961612
1340246529815293952,negative,0.1326038878197421
1340246533804068864,negative,0.00012074072181137268
1340246533946683392,negative,0.0022749203862773865
1340246538497437697,negative,0.05824911195278871
1340246540426883074,negative,0.00036615640223781036
1340246544910585856,negative,0.004065697916614799
1340246551730548736,negative,0.012978032364703827
1340246555941609472,negative,0.10190721973423277
1340246564535742465,negative,0.013435737408037145
1340246565047431168,negative,0.1734111878971082
1340246565970190336,negative,0.0037219310337285147
1340246567547244546,negative,0.12841090586662432
1340246568683888642,negative,0.06575684855148588
1340246568969138176,negative,0.280755884259791
1340246569778638848,negative,0.14846684361702783
1340246570395193344,negative,0.0005193490803249166
1340246581254209538,negative,0.06575684855148588
1340246592583061504,negative,0.01013493680258338
1340246593694552064,negative,0.006332554468989262
1340246596127219713,negative,0.006402697131232968
1340246600136994816,negative,0.0043765745462335985
1340246604880760833,negative,3.1635530211678335e-06
1340246610371096576,negative,0.004115982305818649
1340246613382619136,negative,1.1205434913513783e-06
1340246613529378820,negative,0.00839843215687602
1340246614045286401,positive,0.9960892301652604
1340246623272771585,negative,9.190442764282085e-05
1340246625428619264,positive,0.9710683625077566
1340246629404860419,negative,0.00019743393135909415
1340246637378220033,negative,0.0856382686007724
1340246644684705794,negative,0.00015425625244509014
1340246645670338560,negative,0.017290944790772905
1340246652859396098,negative,0.16857224389028955
1340246654604222464,negative,0.1896287345156182
1340246655963164672,negative,3.5062608564410335e-05
1340246657255022595,negative,0.3150471793499635
1340246666562183168,negative,0.03883242429671841
1340246671066841088,negative,0.18177569596955231
1340246675068252163,neutral,0.409853043286717
1340246675659505665,negative,0.0009844679695166112
1340246684652109829,neutral,0.49789225920557484
1340246688137670658,negative,0.0003722940723331859
1340246691530887171,negative,0.0005923433842955335
1340246700678545408,negative,0.012620455962297012
1340246702100541441,negative,0.04868816832808733
1340246702591193088,negative,0.04522790853046264
1340246703568510976,positive,0.9985384857885944
1340246713165082624,negative,0.28127451536213866
1340246714377187331,negative,0.029094994177504198
1340246715719413760,negative,0.08113790223604538
1340246719422992385,negative,0.0004868968119962961
1340246721457233927,negative,0.001159929066404049
1340246722593906690,negative,0.23318764761275165
1340246723852185600,negative,0.05055985862002036
1340246725794156549,negative,7.853571940775245e-05
1340246729732583424,negative,0.294467408976063
1340246734841245696,negative,0.3150471793499635
1340246736216989697,neutral,0.6008144587356552
1340246739593379841,negative,0.02044796877767458
1340246745041809408,neutral,0.465509878278159
1340246746094563328,negative,0.0017598445569885774
1340246751484268547,negative,0.047045681618005916
1340246751920484353,negative,0.019384366747252618
1340246755141709827,negative,5.460766919448565e-05
1340246760258756608,negative,0.026233483691220257
1340246760636227584,negative,0.0006684062420699284
1340246767711956992,negative,0.3064077139218945
1340246770266370048,negative,0.000495819786584353
1340246770991968257,negative,0.08026027616864806
1340246773344964608,negative,0.016150585182141828
1340246777031737344,negative,8.141386884879236e-08
1340246783142883328,neutral,0.5595479053512209
1340246783880937472,negative,0.0003864066614892907
1340246784254337024,negative,0.0063987145358408186
1340246792139644934,negative,0.20828193500633663
1340246794287124482,negative,0.002443693649821711
1340246796082286592,negative,0.04618398426568219
1340246801895579648,neutral,0.49789225920557484
1340246808539357185,neutral,0.5865758836737089
1340246814864388096,negative,2.2966266871273398e-05
1340246815569039360,negative,0.004288566611602239
1340246817993273350,negative,0.14278592121133385
1340246825173979137,negative,0.14846684361702783
1340246835127054337,negative,0.06289269658965506
1340246841754071046,negative,0.019683498738958593
1340246844895617030,negative,0.0002675994472017134
1340246845029830656,neutral,0.4324709685782659
1340246845466001409,negative,0.07192298659144568
1340246854441836544,negative,0.014554807784237296
1340246854668304386,negative,0.18850446070679353
1340246855578509313,negative,0.0025418067117612114
1340246858044760064,negative,0.025714959795902714
1340246860733280256,neutral,0.49789225920557484
1340246862541058048,negative,0.0022293381835921536
1340246876998787073,neutral,0.5315025225330297
1340246883491561472,negative,0.0005923433842955335
1340246884082806785,neutral,0.4298219581666581
1340246886628864001,negative,1.1205434913513783e-06
1340246890986782720,negative,0.00035959744710131714
1340246897219526657,negative,0.005641053013676905
1340246897974493185,negative,3.1635530211678335e-06
1340246899648040961,neutral,0.49789225920557484
1340246899790589952,negative,0.01800966773028557
1340246899937464321,negative,2.6941363767750533e-10
1340246900885303296,negative,1.1205434913513783e-06
1340246903250927617,negative,0.004913507837946258
1340246904563707905,negative,0.0016016901073437056
1340246905897496577,negative,0.03811535258504902
1340246910167298048,negative,0.0022853864141355804
1340246911127855104,positive,0.8795443655192069
1340246911681490944,negative,0.021327709075701733
1340246912113532934,negative,0.29096988023152953
1340246913476640768,negative,0.00038048313491698176
1340246914256822274,negative,0.008969073178091765
1340246920355319808,neutral,0.5136446707795853
1340246921525534723,negative,4.6172977274937025e-05
1340246926277664771,negative,0.002490780438495109
1340246929083666442,positive,0.8631781277566783
1340246935576436742,neutral,0.39768911124644224
1340246936021045249,negative,0.009364705249811419
1340246941440106496,positive,0.9775973550679256
1340246945558884352,negative,0.0005911308425769389
1340246949455343616,negative,2.9744763977871256e-05
1340246955923017728,negative,0.15261953407315937
1340246957131001857,negative,8.721018217683385e-05
1340246960616292353,negative,0.06646688484000061
1340246964445835266,negative,0.0001966759994449531
1340246969072160776,neutral,0.49789225920557484
1340246974407294978,negative,0.11888264431085406
1340246974445068288,negative,2.758373035598428e-05
1340246985291538432,negative,7.011158660219079e-07
1340246990840606722,negative,0.0004599089007707352
1340246992040169475,negative,0.10381213148469963
1340246992778383361,negative,0.004913507837946258
1340247002202992641,negative,0.0003368378387183634
1340247004711149570,negative,1.1205434913513783e-06
1340247014756540416,negative,0.30738339564628764
1340247023648432130,negative,0.0005923433842955335
1340247028262121473,negative,0.04184394889366688
1340247031911231488,negative,0.0005923433842955335
1340247039100280832,negative,2.758373035598428e-05
1340247039330934784,negative,0.0009928748185272474
1340247040081747968,negative,0.0013176471399426576
1340247043911114752,negative,0.0002448124687300527
1340247047870554112,negative,1.1205434913513783e-06
1340247050953306113,neutral,0.49789225920557484
1340247051850932224,negative,0.2721363863289283
1340247062961664000,neutral,0.49523466082697354
1340247063385223168,negative,3.560302522997896e-05
1340247064077365251,negative,0.017290944790772905
1340247066728120322,negative,0.0003385662683131612
1340247067814473728,negative,0.0001800486055892805
1340247075506798592,negative,0.00025071432618992574
1340247076597329920,negative,2.758373035598428e-05
1340247082255441920,negative,3.398802954380824e-07
1340247082419040256,negative,0.12938557270559106
1340247090585350147,negative,0.054895591892299166
1340247101737996288,negative,0.008969073178091765
1340247109107367937,negative,0.0021956487328910635
1340247111099699201,negative,0.0012135297495073933
1340247113876312065,negative,2.758373035598428e-05
1340247117244280832,negative,0.00015274173635758238
1340247118439723008,negative,0.001574598702044277
1340247119517630464,negative,0.14846684361702783
1340247120893407232,negative,0.001652462889731529
1340247121073745921,negative,0.02932089816269777
1340247121543507968,negative,0.017290944790772905
1340247123715977218,neutral,0.49789225920557484
1340247124194148353,negative,0.04282405818171071
1340247132897505281,negative,1.9345129126045697e-11
1340247138752729088,neutral,0.4290827569556378
1340247139117621248,negative,0.0005484630376225753
1340247139872616449,negative,0.17530011606073342
1340247141210583040,negative,1.1205434913513783e-06
1340247147132964864,negative,0.14846684361702783
1340247149209128960,negative,0.031014202950888105
1340247155261358080,negative,0.001061836432386909
1340247157077663744,negative,0.031782171203430944
1340247166502252544,negative,0.008969073178091765
1340247173716426752,negative,0.00021018573084048264
1340247174584655873,negative,0.07264065615044013
1340247176472125441,negative,0.00562077681226849
1340247192494338048,negative,0.0005566275574612927
1340247204771098626,negative,0.0003101167110152269
1340247207329603585,negative,0.00012962548819673797
1340247212635385857,negative,0.12758828329503108
1340247216850685954,negative,1.807041339620689e-10
1340247217546932225,negative,0.20294718283800492
1340247219514073088,negative,0.12349429145986153
1340247220877144065,negative,0.0013302645882441433
1340247224647872513,negative,0.007187902360065815
1340247225268629504,negative,0.0005627309287757682
1340247230578606080,negative,2.758373035598428e-05
1340247231484596224,neutral,0.4719187939244941
1340247237524410369,negative,0.0062609121184011
1340247237591523330,negative,0.001963724543633547
1340247239088869377,negative,0.016753839425094917
1340247239537676290,negative,0.0009268356130741204
1340247241186025472,negative,0.00022067667033271582
1340247242037288960,neutral,0.6457188850762596
1340247243442548737,negative,0.21096268899506082
1340247243916521472,negative,0.00014488489326952133
1340247246911254528,neutral,0.49789225920557484
1340247252389011459,negative,0.11468607254258632
1340247253336825856,negative,0.003048032118821283
1340247256105148418,negative,1.1205434913513783e-06
1340247257304719361,negative,0.294467408976063
1340247258235854848,negative,2.245544465453847e-05
1340247262312673280,negative,0.16352019608485005
1340247263935950850,negative,0.016205795522351886
1340247265668071425,negative,0.00021025536096518915
1340247266288910336,negative,1.5244904578679895e-07
1340247267656282112,negative,0.0005487814227573119
1340247273146638337,negative,0.007212998563750648
1340247280264294400,negative,0.2888936048030859
1340247288288047109,negative,1.4005871261499127e-07
1340247290846584832,negative,0.0017598445569885774
1340247300543836163,negative,1.889859274423037e-11
1340247317052600321,neutral,0.49789225920557484
1340247318973587457,neutral,0.6193362022733068
1340247325294379009,negative,0.00035959744710131714
1340247326309437441,neutral,0.4345728806901198
1340247335322988544,negative,0.00422655565047213
1340247344915374081,neutral,0.5747370721056907
1340247344948912128,negative,0.05716396939741717
1340247350267289600,negative,2.758373035598428e-05
1340247354440597504,negative,7.055195479412969e-06
1340247359649964032,negative,0.09070413672254159
1340247367803695106,negative,1.2965846154676239e-11
1340247369569460228,negative,0.14682206740746265
1340247376506867712,negative,2.7230534342910063e-06
1340247388020158465,negative,0.00035959744710131714
1340247390566182913,negative,0.016039539416724646
1340247400229851137,positive,0.74014799697626
1340247405065883648,negative,1.0740506176903192e-05
1340247410245840901,negative,0.16857224389028955
1340247414473682947,neutral,0.5480129020464265
1340247416755396611,positive,0.8619084794855766
1340247416914776065,negative,0.00010378576524638327
1340247419024498688,negative,5.733816896387873e-05
1340247429703233538,negative,7.002324845198901e-06
1340247430072328192,positive,0.9898326029436745
1340247430521077760,negative,0.002581490388308332
1340247435176755201,positive,0.7832155778539623
1340247436049170433,negative,0.0011750805268568886
1340247441011077120,negative,0.3273242000346965
1340247441329807360,negative,0.012478012714968942
1340247441480757248,neutral,0.45373234417050695
1340247444983046144,negative,0.06418735364052876
1340247446832746497,neutral,0.37510093829770724
1340247449714225152,negative,3.941871199888634e-05
1340247456173469698,negative,0.04206287678156329
1340247456282505217,negative,0.02521516459254316
1340247461747671041,negative,0.16875931323375917
1340247463257657344,negative,0.051808576745814336
1340247467011530752,negative,0.25401421255941126
1340247467393232907,negative,0.09651388227237388
1340247467569364992,negative,1.247610265222773e-12
1340247468269813763,negative,1.7001957720154774e-06
1340247468689252353,neutral,0.4139184227263355
1340247480252968960,negative,0.030720560571065758
1340247484707332097,negative,0.00032839123693561163
1340247488033398786,negative,3.194061776457798e-07
1340247497059524609,negative,0.0005923433842955335
1340247498099724288,neutral,0.49789225920557484
1340247498519162882,negative,0.0302575953691099
1340247504064004097,negative,0.004760335538526626
1340247506614149126,neutral,0.35260928573316896
1340247506987458560,negative,0.2739092561600294
1340247509705306113,negative,0.004288566611602239
1340247510506479616,negative,0.06150699315633366
1340247513295511552,negative,1.0979856278340156e-09
1340247513333440512,negative,0.015550954613139783
1340247514507821056,neutral,0.41960074564803057
1340247516504330240,negative,0.0005223137894042444
1340247518228180992,negative,0.18850446070679353
1340247522959368192,negative,0.00040091287567178184
1340247525190754304,negative,0.0075668305061454815
1340247527262699520,negative,2.245544465453847e-05
1340247527879282689,negative,0.0012537113532183949
1340247531066974214,negative,2.4849034636551114e-08
1340247534468554753,neutral,0.5651393015448372
1340247540537716736,neutral,0.4422631336569606
1340247541703733248,negative,0.018190806211364093
1340247546069958656,negative,0.018328159628035134
1340247550725660672,negative,0.15925659896306557
1340247551069614082,negative,3.5062608564410335e-05
1340247551249960960,negative,0.11641522218389448
1340247552189374470,negative,3.7512735442626825e-07
1340247553061883906,negative,0.07393459354148145
1340247557759524866,negative,0.005641053013676905
1340247559198142467,negative,0.024587093902515428
1340247561177862145,negative,0.0012151702503447885
1340247562603929600,neutral,0.46127768308170247
1340247563853807617,negative,6.28142374487297e-08
1340247566164881409,negative,0.0006692736935982514
1340247566752108545,negative,0.07634977883060641
1340247566760488963,negative,1.1205434913513783e-06
1340247566815027200,negative,0.0002995156635070164
1340247568144609280,negative,0.10326566491701576
1340247568517898242,negative,0.2840287354191003
1340247569063153664,neutral,0.4302157084738883
1340247569318948865,negative,0.16857224389028955
1340247569386135552,negative,0.011646537769213176
1340247569587429376,positive,0.9608822500296755
1340247570162061312,negative,2.5909886728271805e-09
1340247571487481857,negative,0.3282419999848567
1340247574595440642,negative,0.03278573624975908
1340247577225273345,neutral,0.5318834537628724
1340247580068950022,negative,0.04206287678156329
1340247580228382720,neutral,0.36698455093987636
1340247584837918721,negative,0.055291390814275324
1340247585274126336,negative,0.000341837311023068
1340247585957834752,negative,7.778355795140745e-09
1340247585982976000,neutral,0.42681064232654176
1340247589019672576,negative,3.560302522997896e-05
1340247592572219392,negative,0.0003431601791623333
1340247592693866498,negative,4.5586535799708936e-05
1340247595319500801,negative,0.0003567521114591982
1340247597139767297,negative,3.00571531600664e-08
1340247597198532608,negative,0.0001678595160621111
1340247597555060737,negative,7.210459755530686e-10
1340247601669693440,negative,0.0392445002833732
1340247602252668928,negative,0.001368968958724976
1340247602768584704,positive,0.7040699895732044
1340247603561291776,negative,0.0769107081929417
1340247605209653250,negative,0.1002452777748948
1340247606186942465,negative,0.2863838362655878
1340247607097081858,neutral,0.40621058026234236
1340247609655627777,positive,0.6646393315409048
1340247609852764160,negative,0.18795859623648656
1340247611052154882,negative,5.012175550917037e-07
1340247612243517440,negative,0.009847935637597534
1340247615364018178,negative,0.0015622639609521448
1340247615577989121,negative,8.902453654089543e-05
1340247617951977474,negative,0.07393459354148145
1340247618622869504,negative,0.23952620542416067
1340247619038265345,neutral,0.5871812706961201
1340247621970112515,negative,3.3031103784579377e-06
1340247625149403137,negative,0.00043530388307470733
1340247626655145986,negative,0.0003881243024951993
1340247628232216577,negative,0.0047152019665276206
1340247628269936641,negative,0.03694311293309244
1340247628811034626,neutral,0.3597758711053051
1340247629146574848,negative,0.04206287678156329
1340247630362927109,negative,0.30316617680154934
1340247634825650176,negative,1.740088348073189e-05
1340247635291222016,negative,0.05801420431180763
1340247638755700737,negative,2.758373035598428e-05
1340247638856314883,negative,0.005641053013676905
1340247639036706816,negative,8.362624083926361e-05
1340247639770673153,negative,0.007536317800254469
1340247640085311489,negative,0.002581490388308332
1340247641054167040,negative,1.094068874496174e-05
1340247641855303680,negative,0.005025977155552382
1340247641914023938,negative,0.006383829434165575
1340247643646287872,negative,0.0012326393760701707
1340247643843342340,negative,2.245544465453847e-05
1340247645542072321,negative,0.0038632105255887775
1340247646141894656,negative,0.0010763363317801587
1340247648666841089,negative,0.00035966600320592074
1340247649677668355,negative,0.2903784351240187
1340247650298437633,negative,0.0935176945143879
1340247650592043010,negative,0.06646688484000061
1340247651242151936,negative,4.5655580985887006e-05
1340247651632214016,positive,0.9998497862296873
1340247657533628418,negative,0.03920399785130641
1340247660100521986,negative,0.00022067667033271582
1340247664944943105,negative,0.005767724814977302
1340247668497534979,negative,7.919695399104097e-08
1340247669030215680,negative,0.005731286683038447
1340247671869730818,negative,0.007709122275237722
1340247672461139969,negative,0.004706074817777147
1340247672637239296,negative,0.0858840940647321
1340247672943501312,neutral,0.49789225920557484
1340247674038194176,negative,0.004760335538526626
1340247674868674562,negative,0.17667638257647914
1340247675065802752,negative,0.0004826905040604893
1340247680065425408,negative,2.7646598872422105e-08
1340247682766532609,negative,0.0044487206415845994
1340247684574228481,positive,0.8706952580728644
1340247685031407616,negative,0.005360842556753004
1340247687820664833,negative,3.7080064883960585e-09
1340247688315547648,negative,0.024587093902515428
1340247691566198787,negative,0.08189507868957364
1340247692082106368,negative,0.007212998563750648
1340247692266643456,negative,0.012733965306920133
1340247692530704384,negative,9.842409194969365e-09
1340247692786733057,negative,0.05271254540310056
1340247694925819904,negative,0.2575333073236292
1340247699195654146,negative,0.000557685748588637
1340247700017733632,negative,0.004760335538526626
1340247704161710080,negative,0.06491316613981638
1340247704170065924,negative,0.000557685748588637
1340247704308428801,negative,0.023096192963507137
1340247704375537666,negative,0.2264346397151858
1340247704987983872,negative,0.00014488489326952133
1340247705419997185,positive,0.9998979035380539
1340247707290656769,negative,0.15506871554626545
1340247709895286784,negative,7.381224854292148e-07
1340247712986480641,negative,0.007728532963433334
1340247715696029696,negative,0.024587093902515428
1340247716820099072,negative,0.001095643090554068
1340247719605129216,negative,0.050954444880219905
1340247724801880065,negative,0.014871535886635763
1340247726332768260,negative,0.0531941091228684
1340247727620444170,negative,0.009356021491533332
1340247727914053632,negative,0.00040115895659466105
1340247734192922625,negative,0.00032839123693561163
1340247737737031682,negative,0.005654704668724318
1340247738970202117,negative,0.017290944790772905
1340247740262039552,negative,0.0011750805268568886
1340247740610174976,negative,0.0038487240763568735
1340247740656349184,negative,0.010651250016447424
1340247740970876928,negative,0.035564046587052395
1340247744846458880,negative,0.14933147170141264
1340247745609818113,negative,0.0003368378387183634
1340247749271404545,negative,0.12478169920446147
1340247750273863680,negative,0.01992047066815081
1340247750999498753,negative,0.01923772295139804
1340247753729912833,positive,0.9997144462744914
1340247755986497539,negative,0.0016397413328775798
1340247756024254464,negative,0.008969073178091765
1340247756091387905,positive,0.9171728670513355
1340247760344395777,negative,0.023488365442166384
1340247763234254848,negative,0.00038138555359727944
1340247765478240257,negative,1.0734544547130608e-06
1340247766774104064,positive,0.9983314600058779
1340247766975602689,negative,0.044014279642785585
1340247769282457600,negative,0.008790167860960221
1340247769970257921,negative,0.1779669750615644
1340247771178291200,negative,0.16352019608485005
1340247771593535489,negative,0.095636773343576
1340247772528857089,neutral,0.44827492356805815
1340247775427129345,negative,0.005641053013676905
1340247777893376000,negative,0.034623299224814816
1340247777994043394,negative,0.04206287678156329
1340247778270785536,negative,5.062763736896047e-20
1340247778602209282,negative,0.04869589987845432
1340247778841255936,negative,7.347584797526091e-07
1340247779285868545,negative,2.6431677620489905e-07
1340247782364471297,negative,0.00032839123693561163
1340247783320772614,negative,0.23984878975552892
1340247783702491138,negative,0.17667638257647914
1340247784360972289,positive,0.9548290495054544
1340247784516104192,negative,0.00467806196798788
1340247786370048002,negative,0.004706074817777147
1340247786449641472,neutral,0.5395981994168679
1340247788425232384,negative,0.004760335538526626
1340247788559470592,negative,3.099570314393713e-05
1340247788609789954,negative,0.00032839123693561163
1340247791050907648,negative,0.2531089751490629
1340247791264821249,negative,0.0002886428491648855
1340247791428390913,negative,0.03988918122828826
1340247795173904384,positive,0.7467618491651539
1340247798198001664,negative,0.037314474544588944
1340247799154262018,negative,8.803582889701012e-05
1340247801171742720,negative,0.038859348144624405
1340247808981557249,negative,3.5804574673202275e-13
1340247809430315008,negative,0.002846344873335715
1340247810546012160,negative,7.402801663070196e-05
1340247816627744768,negative,0.002431222551965625
1340247816896208897,negative,0.04206287678156329
1340247821849653249,positive,0.8593336567230009
1340247822264901632,negative,0.00023528448266095145
1340247824303345666,negative,0.005650794054154834
1340247824693342208,negative,0.010142616839920722
1340247826392117248,negative,0.09047480746821505
1340247832037650433,neutral,0.37450579472718754
1340247835120447488,neutral,0.39308511937896207
1340247836693327878,negative,0.012535113501454545
1340247839134408704,negative,1.2979590771641175e-05
1340247840971472896,negative,0.0002581570984285798
1340247845014802432,neutral,0.39178060226341715
1340247846042423299,negative,0.001242730829436731
1340247847925649408,negative,0.0018366835268417104
1340247848001146886,positive,0.8513268805641844
1340247850349944832,neutral,0.4979939823085356
1340247850450636800,negative,0.012478012714968942
1340247851784400899,neutral,0.49789225920557484
1340247852304510976,negative,0.0002732321752018279
1340247856695926786,negative,0.033621345532190136
1340247856729497602,negative,0.21853157544222818
1340247859757801472,neutral,0.49789225920557484
1340247860810567680,negative,0.011646537769213176
1340247862622478337,negative,0.04618398426568219
1340247864224706560,negative,9.93171159237488e-06
1340247865076101121,positive,0.9668940899071713
1340247865885601792,negative,0.022987241440774353
1340247866682601472,negative,0.12378054256626907
1340247873863168000,neutral,0.3594485068582398
1340247875838730241,negative,0.0006361731829059967
1340247879143833601,negative,1.1205434913513783e-06
1340247880083357697,negative,0.0017277490992203576
1340247880263675909,negative,0.20583534390817787
1340247886609575936,negative,0.0005078098592108402
1340247888568397825,positive,0.756994488419295
1340247888820133890,negative,0.004595602688294367
1340247889038196736,negative,0.0002672674003623518
1340247890917285889,negative,1.1205434913513783e-06
1340247891147972608,negative,0.0011826153950295027
1340247891600941057,negative,1.1205434913513783e-06
1340247897552678912,negative,2.8590080010011416e-05
1340247898248900608,negative,0.024587093902515428
1340247898957725697,negative,0.11318210544671731
1340247900723556352,negative,1.444386990401742e-06
1340247903240073217,negative,0.15180452292231617
1340247903919460354,negative,0.01683623287497968
1340247904133537792,negative,0.00400523740752866
1340247904305504256,negative,2.5678646649548867e-05
1340247905890930688,negative,0.04206287678156329
1340247907249893376,negative,0.01428793897264516
1340247907325362176,negative,0.10326566491701576
1340247911435788290,negative,0.0005193490803249166
1340247911502917632,negative,0.007536317800254469
1340247912803164160,neutral,0.35260928573316896
1340247912895361024,negative,0.0024216298142414735
1340247913545515009,negative,0.00422655565047213
1340247914027880449,negative,0.05754945256967631
1340247914669625345,neutral,0.36154385520548926
1340247918469668866,negative,0.001970843280298021
1340247919069413376,negative,0.06575594417414163
1340247922747846656,negative,0.0007470404791594291
1340247926073925637,negative,0.0030626855551524257
1340247926824644608,positive,0.7023612223382989
1340247926967308288,positive,0.8492995398258245
1340247927500001282,neutral,0.49789225920557484
1340247927822946306,negative,1.638615308382339e-12
1340247929085337600,neutral,0.5427705014334969
1340247929928503297,negative,0.0018366835268417104
1340247933921456129,negative,0.0002675994472017134
1340247936777789440,negative,0.0002460827834593635
1340247936911982595,negative,0.0020958605352000862
1340247938128367617,negative,0.0002675994472017134
1340247940254867460,negative,0.02572910490485038
1340247940863029248,negative,9.952995888485324e-05
1340247942805008384,negative,0.0013176471399426576
1340247943245418497,neutral,0.49789225920557484
1340247945657147392,negative,0.0007369448628325382
1340247947217408000,negative,0.0004852544371576471
1340247947364200449,negative,0.017283422064507826
1340247947464876033,negative,0.0012326393760701707
1340247948240834560,negative,1.1826072462860632e-05
1340247948358250497,neutral,0.4968378423642133
1340247948790214658,negative,0.11919957096860226
1340247949549445120,negative,0.007709122275237722
1340247950807724034,negative,0.000557685748588637
1340247952338677762,negative,0.18262617123543587
1340247957753516032,negative,3.540565000511077e-18
1340247958294544384,negative,0.00011534201311461276
1340247959913566215,negative,0.2794653930830212
1340247961046036481,negative,0.29846273236584153
1340247965143879680,negative,0.07080854632480675
1340247965651394562,negative,0.0003604002305481288
1340247965810749440,negative,0.2012342484477715
1340247967148609536,negative,0.16669766082040008
1340247968818073600,negative,0.003665008718784615
1340247969216532480,negative,2.646774347675896e-07
1340247971024302082,neutral,0.39308511937896207
1340247972546809856,negative,3.560302522997896e-05
1340247972739690496,negative,0.000557685748588637
1340247974648176644,negative,3.28829457967766e-07
1340247974849462272,negative,0.024576403304304616
1340247974987882498,negative,0.03181699975022921
1340247975612833792,negative,0.012346363344538046
1340247975667396610,negative,0.017682686405845537
1340247977655463936,negative,0.2866841357944507
1340247979329024000,positive,0.9763079748282167
1340247981262573568,negative,1.1184443919603734e-05
1340247982139191296,negative,0.14230454689253083
1340247986539024384,positive,0.756994488419295
1340247987008790528,negative,1.6483953431559618e-09
1340247988728426497,positive,0.7112264328727067
1340247991219859457,neutral,0.37450579472718754
1340247992184557568,negative,0.0019048233884489628
1340247992905949186,negative,1.1205434913513783e-06
1340247996152344577,positive,0.7040699895732044
1340247997553250304,negative,0.009091829220691433
1340247998111084544,negative,0.24086226634118518
1340247998731874304,negative,0.10236887634901144
1340248000040452098,negative,0.014105106362646275
1340248000883507201,negative,2.245544465453847e-05
1340248001726599168,negative,3.760849940383465e-06
1340248002154393600,negative,0.31970892782508104
1340248002913595393,negative,0.27302341330493074
1340248003798511616,negative,0.139293704127413
1340248007326003201,negative,8.45470312372721e-05
1340248007380496384,negative,0.009300624439802145
1340248007447617537,positive,0.7187230742710377
1340248007506153473,negative,0.0038610027338123777
1340248007527309312,negative,0.079517388841963
1340248008856879105,negative,3.560302522997896e-05
1340248008986914819,neutral,0.5318834537628724
1340248010614321152,negative,2.5750985768272958e-05
1340248010744356865,negative,0.038859348144624405
1340248011620950018,negative,0.0003618694252137497
1340248013797793792,negative,0.00012797278539137608
1340248013919416320,negative,2.475071883019078e-05
1340248017115508736,negative,0.026233483691220257
1340248017643958277,negative,0.014216413954659054
1340248020215095300,negative,0.04655079839402276
1340248020575776768,negative,0.3282419999848567
1340248026301034497,negative,0.024757759096585966
1340248027764826113,negative,8.017168558148242e-05
1340248030935719936,negative,0.05440466827686227
1340248031929745416,negative,0.0002995156635070164
1340248032156246016,negative,1.6147448731682517e-06
1340248032357605376,negative,0.0007724041555521549
1340248032651177991,negative,0.12285166051227644
1340248036866441217,negative,0.00014047450434050122
1340248038179282945,negative,1.0343608250963227e-08
1340248038489554945,negative,0.0778355659841535
1340248038800023552,negative,6.283342795462638e-05
1340248039219445761,negative,0.16487521978636255
1340248039496282113,neutral,0.49789225920557484
1340248039605329925,negative,0.007709122275237722
1340248044676276224,negative,0.08197091579851107
1340248047834566656,negative,0.07393459354148145
1340248050988687360,negative,0.008790167860960221
1340248051554902016,negative,8.00203963815739e-12
1340248052343422976,negative,0.0024703253097923487
1340248052733501440,negative,0.0010983827470399342
1340248055963144194,positive,0.7500527909769891
1340248056277708801,negative,0.00032839123693561163
1340248058483892225,negative,0.04206287678156329
1340248060472004609,neutral,0.49789225920557484
1340248065647800321,negative,3.77456743471324e-05
1340248066167894016,negative,0.14619883442961612
1340248066927063042,negative,0.0003368378387183634
1340248067942080512,negative,0.16010896223900467
1340248068957024256,negative,2.758373035598428e-05
1340248069888225280,negative,0.12180895233128407
1340248070337024000,negative,7.485366088986421e-07
1340248071406571520,negative,0.00015724761922385132
1340248075571507200,negative,4.369224189939644e-05
1340248075634405378,positive,0.9959002268820153
1340248075823149057,negative,0.009575233953568692
1340248076552957953,negative,1.1205434913513783e-06
1340248078507528198,negative,5.57804827333942e-07
1340248079115677701,negative,0.12813204879386336
1340248083268050945,negative,0.10152450061331957
1340248083683307520,negative,8.55334688027916e-06
1340248084048166912,neutral,0.3574472076879422
1340248084551503872,negative,9.93171159237488e-06
1340248089026830337,positive,0.9998497862296873
1340248090029264897,negative,0.00015724761922385132
1340248091904110592,negative,0.004760335538526626
1340248093565063168,negative,0.030665139367929667
1340248098283655172,negative,1.2844515739083955e-05
1340248101068693504,negative,0.08453743049676872
1340248103048392705,negative,0.2721363863289283
1340248104776462336,negative,0.16941722030947667
1340248104935813120,negative,0.14846684361702783
1340248105430765568,negative,0.029094994177504198
1340248106978426886,negative,0.07080854632480675
1340248109121736706,negative,0.003844110751071888
1340248109478240256,negative,0.17569763049391468
1340248109700558849,negative,0.030930656152569035
1340248110145089536,neutral,0.4737554465528978
1340248115622912000,negative,0.04210045730063775
1340248121377435649,negative,2.758373035598428e-05
1340248123239768066,negative,0.13810559900604333
1340248124405784576,neutral,0.5754497929654763
1340248125332729857,negative,0.2428156002174893
1340248126330970113,neutral,0.6120348601787936
1340248126339354624,negative,0.0648648995399594
1340248127052394497,neutral,0.3932538679356853
1340248127174041601,negative,0.007924207741273748
1340248127891251200,negative,0.009922373220623528
1340248128390369280,negative,3.213830936413452e-05
1340248128470085632,negative,0.11809115840392274
1340248128667209729,negative,0.0140571545006949
1340248132240760835,negative,0.005641053013676905
1340248132672761856,negative,0.17569763049391468
1340248139501060096,negative,0.11455526056308842
1340248142294503426,negative,2.758373035598428e-05
1340248144211304449,negative,0.037304337058098706
1340248144697810944,neutral,0.36154385520548926
1340248146908229632,negative,0.00024263965740847093
1340248147759681536,neutral,0.5637672005643308
1340248148460093441,negative,0.0006598296355091187
1340248150104268803,negative,0.004760335538526626
1340248153640083456,negative,0.004760335538526626
1340248155754033154,negative,0.0014050790147281155
1340248157272326145,negative,0.3227023023442863
1340248159574925312,positive,0.9543848837025264
1340248160254513152,negative,0.002047221932737863
1340248162691407873,neutral,0.5841629689985807
1340248163735769090,negative,0.012293812047106835
1340248164922761219,neutral,0.3387086072117268
1340248167917490178,negative,0.0003385662683131612
1340248168500441095,negative,0.17224797553566112
1340248175899267072,negative,0.0006820360447397382
1340248183608389633,negative,0.0006544772692492923
1340248186309505026,negative,3.4017875940899383e-06
1340248191258796033,negative,8.23997875598639e-05
1340248192512888833,negative,0.027101212208315302
1340248192672292865,negative,0.2531089751490629
1340248194744283136,negative,0.15765519978324488
1340248197864824834,negative,0.0003101167110152269
1340248199269937152,negative,8.277582153997492e-06
1340248200528211975,negative,0.04206287678156329
1340248202491125760,negative,6.0007795671916486e-05
1340248202881212416,negative,0.13185223083366757
1340248210057678848,negative,0.000356270595956187
1340248211567632386,negative,0.08600617892451999
1340248212498690053,negative,0.017290944790772905
1340248215443148801,negative,2.245544465453847e-05
1340248217401888768,negative,1.8198743178550375e-05
1340248217536094210,negative,0.1725899618091296
1340248218018476033,negative,0.00023806994333586286
1340248220803473408,negative,0.04206287678156329
1340248222518943744,negative,7.102165341893055e-10
1340248224838414336,negative,0.0004061476000685409
1340248229410172928,negative,0.019583864106896956
1340248232258134017,negative,0.14968997985102955
1340248233491255296,negative,0.21204502277006862
1340248233994579968,negative,0.04206287678156329
1340248234351079425,negative,0.005641053013676905
1340248236595023873,negative,5.4543098831590904e-05
1340248237496786951,negative,0.0022154033951724043
1340248245193351169,negative,0.004913507837946258
1340248247428919296,negative,0.04206287678156329
1340248247454019590,negative,0.07393459354148145
1340248250348163072,negative,0.10139017318907137
1340248252357218304,negative,0.0006349442806012507
1340248253313527808,negative,0.01315910931305297
1340248254278225920,negative,0.009633323463074685
1340248254727008258,negative,5.206961761591842e-05
1340248255473573889,negative,2.0664322182467394e-06
1340248257105174528,positive,0.8795443655192069
1340248257130323969,negative,0.005641053013676905
1340248260942979072,negative,0.03204399934696997
1340248261358194688,negative,0.0005937761725644793
1340248264734588929,negative,0.18555096378387292
1340248264852037632,negative,0.035564046587052395
1340248266332581890,negative,1.0826964412951244e-18
1340248269079908352,negative,0.2531089751490629
1340248272376619010,negative,0.005386838779616126
1340248273626542080,negative,0.00562077681226849
1340248273639116801,positive,0.751065068835529
1340248273819480064,negative,0.015626761052108744
1340248279280463874,negative,0.09592721648770376
1340248279381098497,negative,0.013650659985814918
1340248279771176961,negative,0.03336738032913976
1340248280370966528,negative,0.010106026698039826
1340248282799419392,negative,0.0013474931012885402
1340248283915177988,negative,0.051624013820675795
1340248286620479490,positive,0.8618959329046065
1340248290923864067,negative,0.004760335538526626
1340248299689938944,negative,0.16536269364559159
1340248300885331968,negative,0.0033741085881670986
1340248308426690561,negative,0.004760335538526626
1340248309492015104,positive,0.8276426822375481
1340248315317932032,negative,0.005125493689268953
1340248317394104320,negative,0.004740826658642988
1340248318467829766,negative,0.0011750805268568886
1340248320434958336,negative,0.03131520297304806
1340248321437347840,negative,2.245544465453847e-05
1340248327561068544,negative,0.06428578843176622
1340248330069303298,negative,5.034903541627933e-08
1340248330610327554,negative,0.00015962424023097772
1340248332023828481,negative,0.00032839123693561163
1340248332606861313,positive,0.9999970357561119
1340248335886802944,negative,0.09976817135464787
1340248336360755200,negative,0.005715157626636367
1340248347395932161,negative,0.08801841570321552
1340248349501493248,negative,1.1205434913513783e-06
1340248349765738496,negative,0.21663551088359928
1340248349870534656,negative,0.00013356177970533223
1340248352995336196,negative,0.007774340971173389
1340248355155402754,negative,0.06091914650497922
1340248355507740672,negative,0.008049643141984492
1340248356745080832,negative,0.0013893853705664494
1340248357613268992,negative,0.0006244913099455465
1340248357982396418,negative,3.560302522997896e-05
1340248361937612800,negative,4.994579804431368e-09
1340248362403164160,negative,4.684241379677138e-12
1340248363330101248,negative,0.06438130852901712
1340248374960861184,negative,0.0003646084487870947
1340248376038846466,negative,0.004760335538526626
1340248376579944450,negative,3.562768391629828e-05
1340248379218141185,positive,0.8854240843928373
1340248379314622465,negative,0.14846684361702783
1340248379486515200,negative,9.527463691221051e-11
1340248386117754881,neutral,0.39923170977076683
1340248388751810561,negative,0.0038610027338123777
1340248391759093760,negative,0.0003504551495849291
1340248392346288128,negative,0.11103421287617304
1340248395290718208,negative,0.00023912717427082607
1340248396880355328,negative,0.17565990090607148
1340248397639544832,negative,0.21204502277006862
1340248398042181633,negative,0.11919957096860226
1340248398566481920,negative,0.059971235314460525
1340248398570598400,negative,0.0010983827470399342
1340248399602454529,negative,0.1808482412859558
1340248399648612354,negative,9.952995888485324e-05
1340248400399396864,negative,0.04891517333405893
1340248401112383489,negative,3.764104115743283e-11
1340248403415068674,positive,0.9007770370463717
1340248405692592129,negative,0.017290944790772905
1340248407965904897,neutral,0.5496678701602578
1340248410012737538,negative,0.06475420989913669
1340248411300368389,negative,0.022987241440774353
1340248411698843648,neutral,0.34007630901080593
1340248411849801729,negative,0.11989931917512904
1340248412067868672,negative,0.04206287678156329
1340248412827099137,negative,0.0030817116640983887
1340248412982276098,negative,0.006413370486441027
1340248414320254977,negative,0.15774478114723858
1340248416002125824,negative,0.0002672395050540749
1340248418879500288,neutral,0.36154385520548926
1340248419802214400,negative,0.002304348816685794
1340248425376460802,negative,0.04020245471260032
1340248426995396608,negative,0.17530011606073342
1340248430174724096,negative,0.017290944790772905
1340248433098158081,negative,0.17569763049391468
1340248433379188738,negative,0.14444688685632076
1340248433920241670,neutral,0.36154385520548926
1340248436835291136,negative,0.012823188465392066
1340248436885626880,negative,0.0005396190160929686
1340248437900664833,neutral,0.33746338647147345
1340248441876836352,negative,1.2231169107811527e-07
1340248442115923970,neutral,0.4723473686094743
1340248452664598528,negative,0.07313545636631802
1340248453079851008,neutral,0.6462607005943426
1340248455902539777,negative,0.3029968537174699
1340248461623644160,negative,0.05899869819585227
1340248461875277824,negative,0.002581490388308332
1340248465096536071,negative,0.17569763049391468
1340248469144006656,negative,0.10580710165972376
1340248470435840001,negative,0.31016129151688615
1340248470754652163,negative,0.02280685339932068
1340248471291441158,negative,0.03694874183385501
1340248473640333312,negative,4.582308302580239e-06
1340248474789490689,neutral,0.44468095350380343
1340248475137662976,neutral,0.5226063154000483
1340248477222264833,negative,0.013634860740049708
1340248477897531393,negative,0.10139017318907137
1340248481013919744,negative,0.007247071730595812
1340248481097781248,positive,0.9448555605948161
1340248481341059073,negative,0.17242269387151019
1340248482154749952,negative,4.986538672621125e-07
1340248482532220934,negative,1.9345129126045697e-11
1340248484763594753,negative,1.1000647374032743e-10
1340248485698936832,negative,0.17569763049391468
1340248490115387392,negative,0.005641053013676905
1340248490383949824,positive,0.8786464967758288
1340248491767996417,negative,0.2502779487746753
1340248494016180224,negative,0.0009479011069331256
1340248494297272320,negative,0.022987241440774353
1340248496071454721,negative,0.025545963887565967
1340248497518501891,negative,0.08064475026386825
1340248500467081217,negative,0.04522790853046264
1340248501096226816,negative,0.07381387634661611
1340248518682959874,negative,0.00888019883801098
1340248526337564677,negative,0.022195999961145418
1340248537012047872,negative,0.06058576099688725
1340248537829937155,negative,2.758373035598428e-05
1340248542213005313,negative,1.0184394723082356e-08
1340248543903232000,positive,0.7722689893299384
1340248547527155714,negative,0.16611593841038577
1340248556385517569,neutral,0.3932538679356853
1340248559518703619,negative,6.323584140746757e-10
1340248566523170816,negative,0.002096478113514579
1340248566837743616,negative,0.005360842556753004
1340248569429827584,negative,0.00015962424023097772
1340248574521696256,negative,0.03204399934696997
1340248582377660417,negative,0.12593759399980065
1340248585464627200,neutral,0.39768911124644224
1340248585506607105,negative,1.6874468568535383e-07
1340248586932674560,negative,0.12513264127420815
1340248597896556544,negative,1.37905941315998e-10
1340248610550796289,negative,1.1205434913513783e-06
1340248615676211200,negative,1.863946222320475e-08
1340248619480453120,negative,0.002885387168447101
1340248625012682758,negative,0.19441334553466966
1340248627348910081,negative,2.758373035598428e-05
1340248633862729729,negative,0.02034258747038492
1340248637528522753,negative,1.4421827544828475e-05
1340248639827030016,positive,0.9763108749142461
1340248644281364480,negative,0.16761356655968407
1340248651575246848,negative,0.00017429341795801594
1340248658051297290,negative,0.04206287678156329
1340248660047765505,negative,0.003156651229632532
1340248662664855552,negative,0.15960408154779937
1340248664216920065,negative,0.04206287678156329
1340248669510115328,negative,0.04206287678156329
1340248674228711427,negative,2.245544465453847e-05
1340248678532038656,negative,0.08426614156780549
1340248682474647554,negative,0.04206287678156329
1340248690691371011,negative,0.04206287678156329
1340248692473933830,negative,0.1324251921584709
1340248692532666371,negative,0.002581490388308332
1340248692771708928,neutral,0.5136446707795853
1340248692935286787,negative,0.0014137320700246488
1340248695120474112,negative,0.005062397846067821
1340248696261390337,negative,0.04206287678156329
1340248696840204290,negative,1.0495975381561157e-07
1340248698987687936,negative,1.8479221474845662e-07
1340248702120824832,negative,0.04206287678156329
1340248702296989696,negative,0.0001211251681146168
1340248704599674881,negative,0.012161915281136125
1340248706008887296,negative,0.0018845258241802336
1340248707615350785,negative,0.04206287678156329
1340248710157135872,negative,0.0010219162558682759
1340248710429720578,negative,0.04206287678156329
1340248711008559104,negative,0.11919957096860226
1340248713663569922,negative,0.004551295411253584
1340248715014131714,negative,1.859389457658573e-05
1340248715156738050,neutral,0.42061797120876077
1340248717581017089,positive,0.6816665238002414
1340248719149686784,negative,0.008524605489812386
1340248720093409280,neutral,0.40574086436929896
1340248732097519616,negative,0.3004719061779496
1340248734496636928,negative,1.9345129126045697e-11
1340248735738179585,negative,0.0058058327168528
1340248736052723713,negative,0.00035959744710131714
1340248738271555584,negative,0.07421433868193635
1340248741937344512,negative,0.09621192827054266
1340248742755233792,negative,0.09636701592177532
1340248745003380736,negative,0.01874297022215115
1340248745674493952,neutral,0.49789225920557484
1340248746664337409,negative,0.004740826658642988
1340248747788406784,neutral,0.5868776958310309
1340248747809378306,negative,0.007212998563750648
1340248764024578049,negative,0.0017990005825074043
1340248777710579714,negative,0.04637231867589614
1340248783087669249,negative,1.0507279529378358e-05
1340248784593448960,negative,1.1205434913513783e-06
1340248786094977025,neutral,0.47621369640353656
1340248791526588418,negative,0.0006434833016740833
1340248793749614592,neutral,0.4013600465074082
1340248794991091712,negative,0.00015962424023097772
1340248795322470404,negative,0.004760335538526626
1340248799403515906,negative,0.09976817135464787
1340248800863154178,negative,0.019577003608695343
1340248803446824962,negative,0.019233937232240376
1340248807917957121,negative,0.0718909678435793
1340248810447122433,negative,0.015857304792440005
1340248813177585664,negative,5.066713868018127e-07
1340248814091952132,negative,0.07956924363815925
1340248827144638466,negative,0.00035959744710131714
1340248836384694272,neutral,0.4906770098664861
1340248847214325762,negative,0.006969938117370235
1340248851970740225,negative,0.2748177366188215
1340248852323049472,neutral,0.4377896312766332
1340248853291810817,negative,0.000754281585469377
1340248867581829126,negative,0.0008561356692427311
1340248867644854272,neutral,0.46127768308170247
1340248876394147840,negative,1.0431826232540727e-05
1340248882601750528,negative,1.1205434913513783e-06
1340248882974961664,negative,0.00015962424023097772
1340248883860021248,negative,7.184979955073294e-05
1340248886141739009,neutral,0.3932538679356853
1340248890294022149,positive,0.9953478561667576
1340248901232832513,negative,0.017290944790772905
1340248904873488385,negative,0.0032756376288234045
1340248905666207746,negative,0.030212145508102476
1340248911081054209,negative,0.000617279757200461
1340248926293770240,negative,0.2899824136892372
1340248926910332929,negative,0.0022713232298598404
1340248931574427650,neutral,0.40434696298341344
1340248936414625792,positive,0.7112264328727067
1340248939061075969,negative,0.11455526056308842
1340248940747382784,negative,2.1400431355432285e-05
1340248941452005377,negative,1.1205434913513783e-06
1340248949286985728,negative,0.023409806602810865
1340248952751403008,neutral,0.47697210391394973
1340248957050609665,negative,0.017290944790772905
1340248960045363200,neutral,0.5318834537628724
1340248960607412224,negative,0.00013581668402793
1340248964424216576,negative,0.1934020650022844
1340248974649925633,negative,0.294467408976063
1340248976461885440,negative,0.31166247332915403
1340248980895227905,negative,0.0011750805268568886
1340248985580298240,negative,0.0022293381835921536
1340248996858781696,negative,8.418888966925645e-06
1340248998884610050,negative,0.14846684361702783
1340249000734318593,negative,0.038557659935059954
1340249004744032257,negative,0.00011343294521142995
1340249005104750592,negative,0.07393459354148145
1340249005654220801,negative,4.119071118551565e-05
1340249023597309954,negative,0.00876685089839717
1340249026667560960,neutral,0.49789225920557484
1340249030178291714,negative,0.04206287678156329
1340249031403036674,negative,7.38921278387607e-06
1340249032707305472,negative,0.06646688484000061
1340249036339748864,negative,0.024375269745978232
1340249038537551877,neutral,0.4737554465528978
1340249039510618113,neutral,0.4377896312766332
1340249051149811714,positive,0.9998497862296873
1340249053444059139,negative,0.294467408976063
1340249054027112448,negative,0.028193733959646312
1340249062935769088,negative,0.13460444301884844
1340249064269619200,negative,5.840945187914131e-05
1340249068417761280,negative,8.91009581832577e-10
1340249077980782592,neutral,0.49789225920557484
1340249078219870208,neutral,0.49789225920557484
1340249079805317120,negative,3.5062608564410335e-05
1340249090223947776,negative,3.455954880862503e-05
1340249091272544256,neutral,0.4737554465528978
1340249093155778560,negative,1.1130346889150374e-06
1340249094242119682,negative,0.026294549609662817
1340249099594059776,neutral,0.49789225920557484
1340249113896620033,negative,0.07494082305694019
1340249120209027074,negative,5.141870488163726e-05
1340249131986677760,negative,0.016039539416724646
1340249132812873728,negative,3.413810173020354e-06
1340249133416931328,negative,0.14567441973110382
1340249133467222018,negative,5.88414794927144e-05
1340249135077847040,negative,0.14846684361702783
1340249143252578307,negative,6.0463583387520076e-05
1340249149728382976,negative,0.00015962424023097772
1340249158284881920,negative,3.345284897989799e-06
1340249165679513601,negative,2.758373035598428e-05
1340249172369399808,negative,0.07107575759696357
1340249173610913792,negative,1.676825474705216e-05
1340249175586435073,neutral,0.3855998246421628
1340249184021168129,negative,0.005021980139677911
1340249199628214278,negative,4.758313687582087e-05
1340249200634830848,negative,8.276981793059517e-06
1340249202182541314,negative,0.15261953407315937
1340249206141947905,negative,1.000293228904648e-05
1340249207421214720,negative,0.08600617892451999
1340249226605957122,negative,0.15097256964356512
1340249230716317697,negative,0.022987241440774353
1340249243865518080,negative,0.14846684361702783
1340249247531327493,negative,0.0003126067944115929
1340249249863241731,negative,0.0022749203862773865
1340249252681961473,positive,0.9874195481145549
1340249255731032064,neutral,0.49789225920557484
1340249257249550336,negative,0.0003676295283152637
1340249258449137666,negative,2.758373035598428e-05
1340249263801061377,negative,1.1205434913513783e-06
1340249264300187648,neutral,0.3722560680702109
1340249265931771906,negative,0.0005923433842955335
1340249267206762498,negative,0.15623063295095593
1340249273020133377,negative,3.141570768983514e-05
1340249282616696842,positive,0.7069430424587977
1340249286760644608,negative,0.00034466187633703155
1340249287582691328,negative,0.000754281585469377
1340249298416640003,negative,6.183178329161253e-06
1340249300039774208,negative,6.703660511606594e-07
1340249303042977812,negative,0.00293150551278561
1340249303428833281,negative,0.0005923433842955335
1340249310869516288,negative,0.0003177988018101317
1340249312886984708,negative,0.06830004325631281
1340249313335762945,neutral,0.4633034305631198
1340249314937999361,negative,0.042666626602485165
1340249316800290821,negative,0.005944666605917757
1340249323418898432,negative,0.0013058381486424572
1340249324572303364,negative,0.008969073178091765
1340249325436366848,negative,0.009223281632680167
1340249326224871425,negative,0.12710607307244956
1340249330855325696,negative,0.0002404219826581093
1340249347607412736,negative,0.07421433868193635
1340249347808768000,negative,0.0006916346610098145
1340249353894703107,negative,3.1941485978182597e-06
1340249355832471552,negative,3.9977286070669994e-06
1340249357656977408,negative,9.345824427899935e-06
1340249358101569537,negative,4.374457874401026e-06
1340249359426990081,negative,0.0011750805268568886
1340249360001609730,negative,0.006402697131232968
1340249371787620353,negative,0.09712921490518504
1340249379916148739,negative,0.019437173414843287
1340249382042660864,negative,0.10806960777791046
1340249384450187264,negative,0.0012449461908938073
1340249386182467585,negative,7.38921278387607e-06
1340249391295283202,positive,0.6829591420339549
1340249397549027328,negative,0.017290944790772905
1340249398605979648,neutral,0.6404664096554347
1340249408479383552,negative,0.001954548836213232
1340249409662181376,negative,0.0034885462220003187
1340249414410113025,negative,0.14846684361702783
1340249420743454725,negative,0.15108086144769028
1340249425768312832,negative,1.343794371475713e-13
1340249425885589505,negative,0.09483936150528804
1340249426024148994,negative,0.0013474931012885402
1340249426108026881,negative,1.2236132769042977e-05
1340249426250620929,negative,0.04834700854982096
1340249426565197824,negative,0.040673434253558204
1340249433401921536,negative,0.14720683121191502
1340249438569312256,negative,2.1090281118844826e-07
1340249441421430785,negative,4.1010408139851226e-13
1340249446118993921,negative,0.00019673305812132846
1340249448665014273,negative,4.226512232621476e-07
1340249448820125696,negative,0.1445844966237223
1340249448832757760,negative,0.04891517333405893
1340249450120425472,neutral,0.49789225920557484
1340249461717655552,positive,0.9874195481145549
1340249468285939712,negative,0.0007776585684592332
1340249469514870786,negative,5.156475518191085e-05
1340249469607161857,negative,0.00035959744710131714
1340249477328867329,positive,0.9874195481145549
1340249485109301248,negative,2.6393270353934936e-07
1340249488049500160,negative,0.017290944790772905
1340249495083356161,negative,0.16499314654439956
1340249497927110656,negative,0.004760335538526626
1340249498317144066,negative,0.016039539416724646
1340249502536650752,negative,0.00015962424023097772
1340249508635144192,negative,4.07911599666881e-06
1340249509805383680,negative,0.05631577405354378
1340249513886408709,negative,0.1509022350702242
1340249517208289280,negative,0.00011637418644760118
1340249522438610944,neutral,0.6404664096554347
1340249527081693184,neutral,0.5250137350369191
1340249528495198209,negative,0.00562077681226849
1340249530948792321,negative,1.1205434913513783e-06
1340249532051775493,neutral,0.5747370721056907
1340249539933057024,neutral,0.37874993579954885
1340249541380087809,negative,0.14846684361702783
1340249542189572096,negative,1.1205434913513783e-06
1340249546270646273,negative,8.207997435705071e-12
1340249555724619776,positive,0.8865510937010486
1340249556278231040,neutral,0.476524244533919
1340249556441845761,negative,0.04206287678156329
1340249557574307840,neutral,0.49789225920557484
1340249557817552897,negative,0.008969073178091765
1340249559109349379,neutral,0.35260928573316896
1340249560363511808,negative,0.00032106836863465815
1340249560367677441,positive,0.792619930899543
1340249564603965441,negative,9.952995888485324e-05
1340249565388304389,negative,0.005386838779616126
1340249568206757889,negative,3.5062608564410335e-05
1340249572443078656,negative,2.5279493408400354e-06
1340249577027489792,negative,0.3029968537174699
1340249583394426882,negative,6.978348341615086e-08
1340249583759351809,negative,1.9345129126045697e-11
1340249590386319360,negative,1.5094507797289221e-05
1340249591845957632,negative,0.08301289864159057
1340249598724628480,negative,0.01220897873913523
1340249605670318081,neutral,0.3802125850204255
1340249607255814144,negative,0.017290944790772905
1340249612804866048,negative,0.0021806709739452907
1340249614067392512,negative,0.00586030855234344
1340249618760740864,neutral,0.48728019602140255
1340249618916012032,negative,0.0028147932188268107
1340249624985161728,negative,0.0400695863025265
1340249646745202691,negative,0.004913507837946258
1340249653883904001,negative,0.11455526056308842
1340249669738373123,negative,0.006402697131232968
1340249671617421318,negative,0.0023206145871698092
1340249674914119680,negative,0.00019673305812132846
1340249676063367168,negative,1.1130346889150374e-06
1340249677707546624,negative,6.112123624050774e-10
1340249682568687618,negative,0.0005923433842955335
1340249683684433920,negative,0.06498177363842776
1340249688784691200,negative,0.017290944790772905
1340249697303339008,negative,0.021190258473656846
1340249697953472514,negative,0.18262617123543587
1340249704362348545,negative,0.22861954191474046
1340249707076005889,negative,0.09345679214813113
1340249707503869952,negative,0.09712921490518504
1340249725048598529,negative,0.042666626602485165
1340249732128628737,negative,0.00019673305812132846
1340249734087323648,negative,0.0011750805268568886
1340249744636043264,negative,0.000479940623383843
1340249749010706432,negative,0.016753839425094917
1340249752882077698,negative,0.001588643794620681
1340249756459802624,negative,0.004661751921945241
1340249756887638016,negative,0.019065763662040946
1340249759542632448,negative,3.77456743471324e-05
1340249761996296192,negative,4.491288160035968e-05
1340249762738688000,negative,3.455954880862503e-05
1340249773585162241,neutral,0.5425813081463247
1340249793902374912,negative,0.002233623286706004
1340249795848515584,negative,0.0009928748185272474
1340249796158865408,neutral,0.46127768308170247
1340249800491626497,negative,0.002581490388308332
1340249804564262913,negative,0.0026555374792004488
1340249810738278400,negative,0.07082343122310572
1340249818111815681,neutral,0.4554291499506964
1340249820280336385,negative,0.005360842556753004
1340249820833980417,negative,0.0022154033951724043
1340249822939459585,negative,1.1205434913513783e-06
1340249824365584384,neutral,0.3996580091506196
1340249824537489408,negative,0.017290944790772905
1340249827469389825,negative,0.00048657455861585066
1340249846582816768,negative,0.3036398849551933
1340249851909574657,negative,5.4130678370867415e-09
1340249857924227072,negative,0.00517864402995529
1340249863708143617,negative,1.9345129126045697e-11
1340249864211468288,negative,0.0006916346610098145
1340249867013242883,negative,0.002581490388308332
1340249867508191233,neutral,0.49789225920557484
1340249870339354625,negative,0.005617147410478258
1340249876433670147,negative,0.12160772806299561
1340249878383964162,negative,0.0076908333511434375
1340249882494382081,negative,0.16505373484135805
1340249884180537344,negative,0.2721363863289283
1340249887523389446,negative,1.740088348073189e-05
1340249897426186240,negative,0.0017990005825074043
1340249904569049095,negative,0.1449858162622733
1340249904883642368,neutral,0.458452529704962
1340249906397765632,negative,0.00026827042763977307
1340249906582347776,positive,0.7069430424587977
1340249907945492482,neutral,0.6128760715750438
1340249917399425027,negative,0.3029968537174699
1340249917785329664,negative,4.4666806098610164e-09
1340249918859071488,negative,0.2441188638266378
1340249922520690690,negative,0.03883242429671841
1340249924219375616,negative,0.06475420989913669
1340249925762871298,negative,0.019683498738958593
1340249933224538112,negative,1.9345129126045697e-11
1340249936051531777,neutral,0.4946546985184398
1340249938501005312,neutral,0.49789225920557484
1340249948688924672,negative,0.2562137835965162
1340249950677045250,negative,0.0007189976604914021
1340249955634712576,negative,0.009416601806090007
1340249963469660161,negative,6.183178329161253e-06
1340249967403937793,negative,0.026271706126353052
1340249971992477697,neutral,0.45160272843183613
1340249979051511810,negative,0.29042584043776287
1340249982960582658,negative,0.0022293381835921536
1340249993584779264,negative,0.2862102835672532
1340249997489614848,negative,0.006969938117370235
1340250008784912384,neutral,0.3624591728563067
1340250009955135488,negative,0.0022293381835921536
1340250010072588289,negative,0.011490830227240522
1340250015390953475,negative,0.17397484251653172
1340250016938659841,negative,0.0009272795724364359
1340250019795005443,negative,0.0038632105255887775
1340250027340537856,negative,0.17530011606073342
1340250031052480514,negative,0.03883242429671841
1340250032612765697,negative,0.005390461363963359
1340250035494281217,negative,0.011807222461313679
1340250035670364164,negative,0.04206287678156329
1340250040963641345,negative,8.891330605973598e-09
1340250044138745856,negative,2.5848673686463698e-08
1340250054993522689,negative,5.57804827333942e-07
1340250061024976897,negative,3.5062608564410335e-05
1340250061771567106,negative,0.0003368378387183634
1340250063977803776,neutral,0.49789225920557484
1340250071842119680,negative,0.18009966295883462
1340250074518069248,negative,0.010693990423772061
1340250078158725122,negative,1.1130346889150374e-06
1340250080285175808,positive,0.9757330771111983
1340250080650137600,negative,0.00013009601568972814
1340250082218823681,negative,0.006754986059885956
1340250082407559170,positive,0.6955167492142369
1340250099570647040,negative,0.322418464258081
1340250104104673282,negative,0.26979260373735575
1340250113856434176,neutral,0.38117993890748675
1340250114233872388,neutral,0.49789225920557484
1340250114749771783,negative,1.9345129126045697e-11
1340250115395743744,neutral,0.4744541669089408
1340250116737916929,negative,0.01992954896338598
1340250130084229121,negative,3.5062608564410335e-05
1340250133775200256,negative,0.28678503536377226
1340250134635048960,negative,0.02991946889610302
1340250135473909761,negative,3.3726224938641177e-10
1340250143124320256,negative,1.5171009813410087e-05
1340250148904062981,neutral,0.5315025225330297
1340250151475142658,negative,1.9345129126045697e-11
1340250152414670848,neutral,0.49789225920557484
1340250156680278016,neutral,0.48439634580644964
1340250156697006082,negative,0.06580136451274982
1340250178159308800,negative,1.1130346889150374e-06
1340250185465810944,negative,3.381967193232856e-05
1340250199437025280,negative,0.0002581570984285798
1340250202284978177,negative,0.001634498797435393
1340250208077287424,negative,2.1448525620533945e-07
1340250214360342530,negative,0.017624832993339765
1340250226108588038,negative,6.0007795671916486e-05
1340250226712461312,negative,0.010960224501447846
1340250227014549505,negative,0.0003385662683131612
1340250240541224962,negative,0.00010700985557649814
1340250240687980547,negative,0.02218345799646034
1340250242164400129,negative,0.0003368378387183634
1340250252587261952,negative,0.23347396608618706
1340250264243220482,negative,0.00015962424023097772
1340250267007266816,negative,0.0040288397642118745
1340250272199815168,negative,0.06853328660337432
1340250277493006337,negative,0.02199979531170029
1340250279997022208,neutral,0.35873400616883244
1340250284438794241,neutral,0.46127768308170247
1340250286783381504,negative,0.04222014385846226
1340250287257358336,negative,0.042666626602485165
1340250301572534274,negative,1.145616861128675e-08
1340250308828643333,neutral,0.48315959746324944
1340250313312391169,negative,0.08933176316839031
1340250315426291715,positive,0.9874195481145549
1340250322569220097,negative,0.07696928459044934
1340250324477554694,negative,0.09213348130382709
1340250326843179011,positive,0.8977432405369182
1340250329665970176,negative,0.05801420431180763
1340250330303442944,negative,1.1205434913513783e-06
1340250330391605250,negative,0.0009976301036942956
1340250332174151680,negative,0.011581899074385478
1340250344316649472,negative,3.2137975190107954e-05
1340250351975477250,negative,0.022987241440774353
1340250355943280640,negative,2.951814232968323e-06
1340250356522086400,negative,0.1864293579664724
1340250362482216965,negative,0.14619883442961612
1340250367163060229,negative,0.003236098769800403
1340250369914486786,negative,0.007298586742174468
1340250371848101888,positive,0.9999999921082008
1340250374364667904,negative,0.0005923433842955335
1340250394388250624,negative,1.9345129126045697e-11
1340250394426036224,negative,3.052559195514493e-06
1340250397525590016,negative,2.758373035598428e-05
1340250401623470081,negative,3.1879828667357895e-05
1340250402575556608,negative,0.0012326393760701707
1340250408925708289,negative,0.07611909243795545
1340250412318941185,negative,0.0038419809112029348
1340250414806163456,negative,0.15475272551312458
1340250423953944576,negative,0.005687063143383491
1340250424490795008,negative,0.07173695913869643
1340250431671463937,negative,0.17248409094820938
1340250431700819968,negative,0.02345073976086641
1340250435605716997,neutral,0.6155725360962586
1340250437551878145,negative,0.1484692067977948
1340250444220788741,neutral,0.4237275446295892
1340250445944659969,neutral,0.41132287473837614
1340250446821244929,negative,0.055093202103186634
1340250449727905793,negative,5.550820584979477e-05
1340250450902343680,negative,0.025545963887565967
1340250455662882818,negative,3.9640944857774344e-07
1340250455675420675,neutral,0.35948606252195425
1340250455696400385,negative,0.004913507837946258
1340250457692889088,neutral,0.5722025885811777
1340250458548531200,negative,0.10243602953904665
1340250458963783681,negative,0.04206287678156329
1340250461631356929,negative,0.0005556215845640627
1340250464609251328,negative,0.26554977925351336
1340250466685493249,negative,2.1839509007110587e-06
1340250466924425219,negative,0.016953366298476685
1340250467000086529,negative,0.00022067667033271582
1340250467616604160,negative,0.08730037349828294
1340250467960545280,negative,0.01746030364110384
1340250472045801472,negative,0.002817010374587598
1340250476235923463,negative,0.0002942259062732618
1340250482288300032,neutral,0.40434696298341344
1340250485043961857,neutral,0.49789225920557484
1340250485115248640,negative,0.008398296395993524
1340250485400416256,negative,0.14976375255936664
1340250492648222720,positive,0.9999970357561119
1340250495487782913,neutral,0.49789225920557484
1340250496221786118,negative,0.0005421311028259159
1340250497341599744,negative,0.002581490388308332
1340250497995960322,negative,0.014340251739141732
1340250498151174144,negative,5.871909414541982e-06
1340235425072390144,negative,0.1541680093635019
1340235425332523008,negative,9.993734157665888e-06
1340235426519347203,positive,0.7306002636069983
1340235426691485696,negative,0.23204439629778126
1340235427001745408,negative,0.0004913783394699732
1340235428079792130,neutral,0.5707052619726629
1340235429132570626,negative,0.17609326874924427
1340235430302773248,negative,0.002147637246383599
1340235430625742853,negative,0.04892247600190156
1340235430881456128,negative,0.12336466963244902
1340235432890683393,negative,0.20727580338363616
1340235433138118656,negative,0.28585257273098996
1340235437277888512,positive,0.989598963166452
1340235446920638464,negative,0.14933147170141264
1340235450276077568,neutral,0.4331951940750651
1340235453358718977,negative,0.011332956615201761
1340235453795069956,negative,0.00023680603958508545
1340235464436051970,negative,0.08012756826110662
1340235488347774976,negative,0.00046904113849421985
1340235490411368448,negative,0.053748431449189324
1340235490595901440,negative,0.0002529001766530223
1340235490600120321,negative,0.01415594432689406
1340235492533669888,negative,0.024587093902515428
1340235493171220480,negative,0.18795859623648656
1340235502688104453,negative,1.873345621423342e-05
1340235504235782147,negative,0.3242801868317689
1340235506362232833,negative,0.035966388746079395
1340235506693619713,positive,0.748693233583019
1340235512586657793,negative,0.0004132444017680917
1340235517695287296,negative,0.1046036943343211
1340235524221644800,positive,0.9161675734884455
1340235535319707648,negative,0.00013699338985606686
1340235545931345923,negative,0.27535762900794236
1340235554219290624,neutral,0.6489077768764223
1340235571709554690,negative,0.007247364991096866
1340235572930088961,negative,0.053748431449189324
1340235572942614530,negative,0.008599944484699347
1340235575102746625,negative,0.008974913160109704
1340235578781048832,negative,0.2881011813373516
1340235582757351424,negative,9.180162913579095e-06
1340235586158911489,neutral,0.4331951940750651
1340235596573380608,negative,0.1352786717798881
1340235597085089798,negative,0.003665008718784615
1340235598204944389,negative,0.010328518855927891
1340235619440586752,positive,0.9964579569919583
1340235625962856449,negative,0.13114164323310754
1340235642018607104,negative,0.0001850967526914845
1340235645004951553,positive,0.8412330751415359
1340235646758248448,negative,0.024587093902515428
1340235657168506881,negative,7.687424980982135e-06
1340235667482308609,neutral,0.6242671299856847
1340235669365542913,negative,0.012733965306920133
1340235672297361408,positive,0.9918565153370993
1340235676395200514,positive,0.9350547305973708
1340235676483141633,negative,0.003988642672563129
1340235677192101889,negative,0.00037609930137814983
1340235688495689728,negative,0.11526384599213464
1340235697278644230,neutral,0.40287490370989126
1340235704069218304,negative,0.00019669991696499948
1340235708536135681,negative,0.07368148018054116
1340235713380560898,negative,0.053748431449189324
1340235721114841088,positive,0.9775685691004568
1340235727980773382,neutral,0.35711365824271835
1340235728966586368,negative,0.1757951839103375
1340235729486548992,neutral,0.35711365824271835
1340235730933542913,neutral,0.35711365824271835
1340235733316100097,negative,1.455847131166112e-13
1340235738256912386,negative,0.03142080141560267
1340235740542885889,negative,0.010651250016447424
1340235742094700546,positive,0.9264722946284036
1340235749275422720,negative,3.624551140344636e-05
1340235754899992584,negative,0.046265074084090585
1340235756430905344,negative,0.26961202590370154
1340235759194877953,negative,7.687424980982135e-06
1340235759551442944,negative,0.008974913160109704
1340235772184674306,negative,0.01318838568470517
1340235793156218882,negative,0.03764056945423529
1340235797505716225,neutral,0.4331951940750651
1340235797740613633,negative,0.000552736868348193
1340235797765779458,negative,0.12002283256511412
1340235799112142848,negative,0.06000267275061707
1340235799510609920,negative,0.031892776081118616
1340235800387182598,negative,0.024587093902515428
1340235800894648320,positive,0.7470123482804877
1340235804380192770,negative,0.055789284994487286
1340235811082612739,negative,0.2973939324472795
1340235811321593857,negative,0.029509388899128665
1340235811766165505,negative,0.07356663896402793
1340235811837526016,negative,0.07356663896402793
1340235811879415809,negative,0.07356663896402793
1340235828967182338,negative,3.0071634133916604e-07
1340235862240587777,neutral,0.4331951940750651
1340235868091629568,negative,9.156797162856906e-05
1340235868582391809,negative,0.024587093902515428
1340235878959116288,negative,0.0006152671968993756
1340235881500819456,negative,0.012733965306920133
1340235882142584834,negative,0.08724854811633609
1340235885674180608,negative,0.07729267693820448
1340235915080425472,negative,0.0001776453383392432
1340235926690279425,negative,0.024587093902515428
1340235937687740416,negative,0.14933147170141264
1340235946168610817,neutral,0.4331951940750651
1340235956666949632,negative,0.0002881376728371465
1340235962308292608,negative,2.9482891199940607e-05
1340235976078200832,negative,0.035966388746079395
1340235977240043522,negative,0.035966388746079395
1340235982067658753,negative,0.000557685748588637
1340235983288201226,neutral,0.6448095705077348
1340236029392019456,negative,0.2546916305421647
1340236034064461824,negative,0.13262060542502127
1340236044080476162,negative,0.14933147170141264
1340236046940975106,neutral,0.4377896312766332
1340236064376631298,negative,0.02759894038698896
1340236069338566656,negative,3.0376965119192205e-05
1340236074640158720,negative,0.04913263766176117
1340236075705446403,negative,0.035966388746079395
1340236085968953344,negative,0.12573580419097166
1340236092193312768,negative,0.004420956870471659
1340236095573929984,neutral,0.5142691124459788
1340236133041639424,negative,0.005501795483830741
1340236133825990656,negative,0.024587093902515428
1340236136443162625,negative,0.07729267693820448
1340236699482374144,negative,0.000557685748588637
1340236706918899712,negative,0.19649852516138666
1340236711872311296,negative,9.180162913579095e-06
1340236712149200898,positive,0.756994488419295
1340236714950987778,negative,0.006344576302257162
1340236721498296320,negative,0.17667638257647914
1340236734605488128,negative,0.00018114689414066041
1340236735372996609,neutral,0.6393327292080412
1340236737990307842,neutral,0.4331951940750651
1340236739496079361,neutral,0.4331951940750651
1340236743778447360,negative,0.024587093902515428
1340236748497051649,negative,0.024587093902515428
1340236755514007553,negative,0.0033722881689508266
1340236755820306433,negative,0.0006257236446268829
1340236759779713024,positive,0.7757524682255411
1340236759783845889,negative,0.024587093902515428
1340236762204004353,negative,0.005650794054154834
1340236767505604609,negative,0.32370396518422984
1340236780981940225,negative,0.07412864006132093
1340236781535563776,negative,0.15077533941385374
1340236783175528448,neutral,0.6393327292080412
1340236790037426176,negative,0.165394641476289
1340236790515593216,neutral,0.5925327842749419
1340236794667917315,positive,0.748693233583019
1340236796777668609,negative,0.024587093902515428
1340236800535785473,negative,0.15200791779535677
1340236801013915648,negative,0.10154690248104378
1340236810623053835,negative,0.0011409851803673007
1340236819921813505,negative,0.0001850967526914845
1340236820118974465,neutral,0.4331951940750651
1340236820584513539,negative,0.0033722881689508266
1340236842361384960,negative,1.6182175376505029e-06
1340236845985243136,negative,0.01363564265158177
1340236857637003264,positive,0.9350547305973708
1340236861705469952,negative,0.024587093902515428
1340236861726453761,negative,0.0003706416030075984
1340236863047610368,negative,0.003947919005414387
1340236863408386048,negative,2.373428680569352e-06
1340236876414922755,negative,0.021155777450643752
1340236884715466753,negative,2.4424013433110695e-05
1340236884837076994,negative,0.01807299181679578
1340236889241038850,negative,0.0003706416030075984
1340236893141823488,negative,0.0001850967526914845
1340236906286653441,negative,1.429003901867748e-06
1340236915598123009,negative,0.15096764367811533
1340236925584744448,negative,0.014881872099935781
1340236928797577217,negative,0.000557685748588637
1340236940638113792,negative,0.0007349328614745707
1340236942152220674,negative,0.1193463141216424
1340236955921969153,negative,0.1400098048123574
1340236959684435969,neutral,0.451618427585036
1340236961752240131,negative,0.000557685748588637
1340236965980102656,negative,0.0027436122413719236
1340236974561480704,neutral,0.4158016419148466
1340236983705202689,negative,0.029417352835804236
1340236984103612416,negative,0.006344576302257162
1340236987488481280,negative,0.000833718481469576
1340236990701330432,negative,9.180162913579095e-06
1340237012876574720,negative,0.00010532494156098246
1340237014311055360,neutral,0.4594071467057754
1340237017981063169,negative,0.040743140840641526
1340237025472032768,negative,2.373428680569352e-06
1340237025845391363,negative,0.012733965306920133
1340237031478312960,negative,0.0008372045282370019
1340237033244135425,positive,0.874167593885749
1340237040118542336,negative,0.0019482756260036432
1340237042039599104,positive,0.9804029274611289
1340237064118398977,negative,0.28584772089484484
1340237068551790593,neutral,0.35182666532087037
1340237069206102017,negative,0.024587093902515428
1340237093201731584,negative,0.15096764367811533
1340237104178212864,positive,0.7112264328727067
1340237108573843458,negative,1.9539563913821716e-05
1340237115985178624,positive,0.7757524682255411
1340237116387803136,positive,0.9561609220626931
1340237119202144256,negative,0.11365978820639379
1340237123799146498,neutral,0.5318834537628724
1340237140085583873,positive,0.756994488419295
1340237174227263489,negative,0.046145796523407674
1340237178677452801,negative,0.14933147170141264
1340237198268854273,negative,0.1400098048123574
1340237198482833409,neutral,0.4594071467057754
1340237199464407040,positive,0.9998497862296873
1340237201188110336,neutral,0.4594071467057754
1340237205655195654,negative,0.2546916305421647
1340237213561339904,negative,0.012201781694493631
1340237213682917376,neutral,0.4158016419148466
1340237236743376902,negative,0.014247237958952034
1340237248504229888,negative,0.035966388746079395
1340237262794190848,negative,0.17682260839615327
1340237263326892032,negative,0.28584772089484484
1340237264643878912,negative,0.014247237958952034
1340237265554042880,negative,8.85432971262214e-05
1340237275716874241,negative,0.07412864006132093
1340237278413787136,negative,0.053748431449189324
1340237288127819778,negative,0.007122077207556786
1340237288828223488,negative,1.7941815544618742e-15
1340237303449575424,negative,0.2721363863289283
1340237306192650241,negative,0.024587093902515428
1340237314191204354,negative,6.502090666221584e-08
1340237328829337600,positive,0.7306002636069983
1340237357174452224,negative,0.012620455962297012
1340237364170551296,positive,0.8529929156479706
1340237372542349312,negative,0.00014488489326952133
1340237379270021122,negative,6.781494109391266e-06
1340237380683522049,negative,0.06960382010840124
1340237395644526592,positive,0.8529929156479706
1340237397481631744,negative,1.5219483627999384e-05
1340237399432040455,negative,0.001968240934397873
1340237399700418560,negative,8.873897646291568e-06
1340237402078666754,negative,0.007779947553287748
1340237404326793222,neutral,0.3813872840564904
1340237425126289408,neutral,0.35711365824271835
1340237435616243712,negative,0.0033722881689508266
1340237437788770304,negative,0.0022972801046284067
1340237437839151105,negative,0.0008092672368316161
1340237444327878656,neutral,0.4499204578065766
1340237448970969089,negative,0.2721363863289283
1340237460387868672,positive,0.9997435592868792
1340237468168237056,negative,0.19053360204081424
1340237479908171777,negative,0.0755835626529282
1340237484291219456,negative,0.19053360204081424
1340237488569397248,negative,0.046145796523407674
1340237488762347521,negative,0.14586613686183345
1340237491065020419,negative,0.017548409161325693
1340237501353644032,negative,0.13924885552473218
1340237502154743808,negative,0.012733965306920133
1340237514100133888,negative,0.11711942445607275
1340237522564231168,negative,0.000557685748588637
1340237560031961090,negative,0.26510071774008404
1340237565522272256,negative,0.11365978820639379
1340237569355886592,negative,0.20828193500633663
1340237576796553216,positive,0.9033686309965567
1340237585940176896,negative,0.06125579820047154
1340237593972240384,negative,0.007849471197851213
1340237664872706054,negative,0.003665008718784615
1340237674066558977,negative,0.035966388746079395
1340237675308134401,negative,0.024587093902515428
1340237679905140736,negative,0.14933147170141264
1340237681704529922,negative,0.002694838736454832
1340237687236734977,neutral,0.3888964145301077
1340237691703726080,negative,0.2721363863289283
1340237691984769024,negative,0.09993654161397221
1340237697835802624,negative,0.0012241057701273777
1340237702478893056,negative,0.17667638257647914
1340237706308272128,negative,3.622886292365138e-05
1340237713056915457,negative,0.01181524821596192
1340237713597984768,positive,0.8271623745756476
1340237729129517057,negative,0.0207584354659307
1340237734577909760,negative,3.8757003190324505e-05
1340237740701585412,negative,0.035966388746079395
1340237745566965762,negative,0.053748431449189324
1340237757478789120,negative,7.828282429108604e-10
1340237758611271681,neutral,0.6561860306096656
1340237762436448256,negative,0.024587093902515428
1340237767821946883,positive,0.9641271240240266
1340237768090411008,negative,0.28584772089484484
1340237772699910151,negative,0.00014491088195292637
1340237773069021184,positive,0.6994012978762614
1340237773845000192,negative,2.373428680569352e-06
1340237776705499137,negative,0.11526384599213464
1340237785815498752,negative,0.08944490682110376
1340237788374065154,negative,6.0006062989633166e-06
1340237809068683264,positive,0.7307317748451024
1340237815360200704,negative,0.18189565206568037
1340237817297952772,neutral,0.46127768308170247
1340237820233998337,negative,0.024587093902515428
1340237829159399429,negative,0.053748431449189324
1340237830107312130,neutral,0.4496518848546603
1340237835740319745,negative,0.004256208772304315
1340237836797276160,negative,4.376382273457649e-11
1340237852777603072,negative,0.033297023292573565
1340237854149144576,positive,0.7112264328727067
1340237862109851648,neutral,0.5142691124459788
1340237874684375041,negative,0.10309217505112822
1340237874709602306,negative,0.014247237958952034
1340237883588964356,negative,2.4145171445253157e-06
1340237908654080001,negative,0.15925659896306557
1340237932100239363,negative,9.291227445315306e-05
1340237937141837825,negative,0.0006252043332703295
1340237948252512257,negative,0.024587093902515428
1340237951255662592,negative,0.0755835626529282
1340237954757881856,negative,5.46250399499217e-06
1340237959568760833,negative,0.00034702869682414297
1340237977604280320,negative,0.012733965306920133
1340237978879324161,negative,0.15077533941385374
1340237980846469125,negative,0.048906486561960255
1340237982373175297,neutral,0.4594071467057754
1340237986605182978,negative,0.035966388746079395
1340237996113752064,negative,0.0081800826743795
1340238000396120064,negative,0.002694838736454832
1340238007497011200,negative,0.19053360204081424
1340238007807434752,negative,0.024587093902515428
1340238017622122497,positive,0.756994488419295
1340238026094592001,negative,0.024587093902515428
1340238036295184391,negative,0.035966388746079395
1340238040820756480,negative,0.16687298798037203
1340238050685833216,negative,0.11220960068373442
1340238075268657152,neutral,0.37672217752416165
1340238075511922689,negative,0.000557685748588637
1340238082805817344,negative,3.0316573665841703e-05
1340238084135370755,negative,0.09930183140988669
1340238095476809730,negative,0.05104595315028841
1340238111473844227,neutral,0.4496518848546603
1340238114678173697,neutral,0.4418197087874191
1340238121380802560,negative,0.2721363863289283
1340238124614619137,negative,0.00014491088195292637
1340238125537374211,negative,0.2546916305421647
1340238132151726080,negative,0.15200791779535677
1340238139630219269,negative,0.017548409161325693
1340238185717256193,negative,0.17667638257647914
1340238198648279041,negative,0.024587093902515428
1340238200229474305,negative,0.035966388746079395
1340238222715174912,negative,0.008974913160109704
1340238230206164992,negative,0.00010885110023520703
1340238242482950145,negative,0.02027229657295105
1340238267216752641,neutral,0.4594071467057754
1340238271935361025,negative,0.021155777450643752
1340238277060792320,negative,0.3144255164775949
1340238278268751873,negative,0.035966388746079395
1340238281796153344,negative,0.17667638257647914
1340238283125780482,negative,0.010651250016447424
1340238296199344128,negative,0.01274628159565567
1340238298237849602,negative,0.002694838736454832
1340238298770452480,negative,0.07271615862337087
1340238300892815360,negative,0.12573580419097166
1340238302620880897,negative,0.1758366948485248
1340238304034385922,negative,0.285725279886908
1340238323894415363,positive,0.7112264328727067
1340238330273869824,negative,0.024587093902515428
1340238344320671752,neutral,0.4594071467057754
1340238368001716225,negative,3.168835137712502e-07
1340238372573425664,negative,1.5781876380929566e-06
1340238377749245952,negative,0.03330317670612904
1340238377900257280,negative,0.053748431449189324
1340238383004696577,negative,0.002694838736454832
1340238386871873537,negative,0.0030124069500156933
1340238388914483200,negative,3.9949295731851446e-06
1340238398846623744,positive,0.6994012978762614
1340238404362104832,negative,0.15200791779535677
1340238409915363332,neutral,0.5787855679990901
1340238419084017665,negative,0.2721363863289283
1340238430639452160,negative,0.00014491088195292637
1340238431151075328,neutral,0.40537188455778495
1340238433034383361,negative,0.15077533941385374
1340238446263214087,negative,0.014247237958952034
1340238449354420224,negative,0.21207710249468614
1340238456669282305,negative,0.06125579820047154
1340238467574493184,neutral,0.4020795441330299
1340238478227980288,negative,0.024587093902515428
1340238491121295361,negative,0.0007146991431911192
1340238491783933952,negative,0.005650794054154834
1340238494074101766,negative,0.009548786280640497
1340238496020246529,negative,0.024587093902515428
1340238501888073729,negative,0.009548786280640497
1340238506501820416,negative,0.18189565206568037
1340238516886728705,negative,0.2368638560006373
1340238532682649600,positive,0.8631781277566783
1340238532691017729,negative,0.006344576302257162
1340238533378883584,negative,0.008178362527209763
1340238536428179457,negative,0.18323010349821775
1340238538659520515,negative,0.15077533941385374
1340238544745492481,negative,0.17667638257647914
1340238569156337665,negative,0.017548409161325693
1340238571043733504,negative,5.530881636563884e-10
1340238606171054080,negative,0.08337774965807401
1340238620641423360,negative,3.0376965119192205e-05
1340238628442812416,negative,0.2721363863289283
1340238638760792065,negative,0.010651250016447424
1340238639226339328,negative,0.0006006066573422802
1340238650706190337,neutral,0.6448095705077348
1340238663100338177,negative,0.035966388746079395
1340238671895781376,negative,7.234530580010554e-11
1340238686756237313,positive,0.8631781277566783
1340238690036183040,negative,7.154648459548468e-05
1340238694230482946,negative,0.09993654161397221
1340238701604073472,negative,0.00014488489326952133
1340238706259742720,negative,0.05847395015897883
1340238709615022081,negative,0.011746581620859982
1340238718570008577,negative,0.024587093902515428
1340238723355688961,negative,0.024587093902515428
1340238724815269888,negative,0.024587093902515428
1340238749117067266,negative,0.006624749666464064
1340238761993641984,negative,0.00014491088195292637
1340238777629982720,positive,0.8452972369884049
1340238785594929152,negative,0.0023042567850160883
1340238788640030722,negative,0.0006006066573422802
1340238788824608770,positive,0.9033686309965567
1340238789554417665,negative,0.00014488489326952133
1340238797368422400,negative,0.11365978820639379
1340238797640970240,negative,3.405355213630838e-06
1340238798513422336,negative,0.04009714723686873
1340238811931041794,negative,0.11365978820639379
1340238816448266240,neutral,0.5142691124459788
1340238817584967680,negative,0.15200791779535677
1340238821544308738,negative,0.005911357484800395
1340238840716550144,negative,0.06125579820047154
1340238845615497216,negative,0.18189565206568037
1340238880398848001,negative,0.15077533941385374
1340238888695193600,negative,0.051397482821166046
1340238916524384256,negative,1.7293134430122274e-06
1340238923604381697,negative,0.13536768974167734
1340238925386948609,negative,0.024587093902515428
1340238926548754433,negative,1.035981361936443e-06
1340238935218372608,negative,0.11620276906561362
1340238944076787713,negative,0.035966388746079395
1340238960350654465,positive,0.9650221421668259
1340238967376101376,negative,0.03217293067800617
1340238968525348864,negative,0.024587093902515428
1340238976951738368,negative,0.1582501322759649
1340238984652476416,negative,0.053748431449189324
1340238985696849921,negative,0.0012251179944827153
1340238985986269184,negative,0.06205233671662739
1340238990885216257,negative,0.15231477269243493
1340238992013467649,negative,1.2954715345083057e-05
1340239000515297280,negative,0.017548409161325693
1340239007867924480,negative,0.165394641476289
1340239009579200513,negative,0.21207710249468614
1340239010640371713,negative,0.17667638257647914
1340239011697348608,neutral,0.5663932168405836
1340239021436497921,neutral,0.41956321267742214
1340239022573170688,negative,0.0001850967526914845
1340239033616789510,negative,0.017548409161325693
1340239041288134656,negative,0.00566701249881605
1340239042538041344,negative,0.2635432281639793
1340239043221700609,negative,0.009548786280640497
1340239045771837442,negative,0.061849096907997066
1340239056278532099,negative,0.017548409161325693
1340239056609959936,positive,0.7576264506942083
1340239061961863169,neutral,0.41956321267742214
1340239062783815682,negative,0.017548409161325693
1340239063438274560,neutral,0.4331951940750651
1340239097269501954,negative,0.0029250627039461236
1340239097500151809,neutral,0.41956321267742214
1340239100146831361,negative,0.035966388746079395
1340239114696871936,negative,0.025714959795902714
1340239115590111232,negative,0.15077533941385374
1340239118119350274,negative,0.003016958377435928
1340239127552401408,negative,0.002694838736454832
1340239139682332672,negative,0.014934001293007973
1340239155645837312,positive,0.8412330751415359
1340239161626865665,negative,0.06125579820047154
1340239168404897793,negative,0.000557685748588637
1340239173949779969,negative,0.00014491088195292637
1340239179310133249,negative,0.018332569847891684
1340239198712975360,neutral,0.4331951940750651
1340239199396478977,neutral,0.40221528084170866
1340239199757246464,negative,0.0753262305401502
1340239202802421760,negative,0.08555757025459697
1340239203028922368,neutral,0.41956321267742214
1340239207256756224,neutral,0.61482581340117
1340239211958579200,negative,0.0899030233114519
1340239212155703296,positive,0.7421544797081376
1340239220644974592,neutral,0.5745659033249897
1340239235853524992,negative,0.053748431449189324
1340239237652758528,negative,0.0035394122814839083
1340239246817411074,negative,0.035966388746079395
1340239251242446851,negative,0.28876838092673124
1340239256460152833,neutral,0.34626028369607076
1340239285069504518,negative,0.17667638257647914
1340239285782519808,negative,0.08724854811633609
1340239285933518851,negative,0.008770530392563695
1340239286109659136,negative,0.024587093902515428
1340239314152787968,negative,0.0861722444359202
1340239315511721986,negative,2.6760092260851942e-06
1340239330330198016,neutral,0.4034906238535239
1340239332133777408,neutral,0.4034906238535239
1340239350060244992,negative,0.1007111836344007
1340239364132122630,negative,0.03825584641111781
1340239364656410624,negative,0.13262060542502127
1340239386886193152,neutral,0.41956321267742214
1340239394708594688,negative,0.06125579820047154
1340239395883016193,negative,0.024587093902515428
1340239396382134273,positive,0.9643870608629855
1340239420696514561,negative,0.035966388746079395
1340239436857171971,negative,0.012978032364703827
1340239451058970624,negative,0.00870922304988236
1340239461943226368,negative,0.17049253340523368
1340239487012655107,neutral,0.37460985133708047
1340239490892378113,positive,0.756994488419295
1340239515001245699,negative,0.06125579820047154
1340239519573020672,negative,0.024587093902515428
1340239519895998464,positive,0.7112264328727067
1340239521217212418,negative,0.08381620367585507
1340239529320587264,neutral,0.5318834537628724
1340239530323042304,negative,0.035966388746079395
1340239530822086656,positive,0.8452972369884049
1340239531971407872,negative,0.013121867871891036
1340239536706752512,negative,6.623619593352713e-05
1340239540095737856,negative,0.03294030695504162
1340239549692342272,neutral,0.4331951940750651
1340239550166265858,negative,0.15200791779535677
1340239552221499393,negative,0.0006394431436951383
1340239557510443009,negative,0.006624749666464064
1340239561880973318,positive,0.9998497862296873
1340239561931304960,negative,0.0001850967526914845
1340239562937872384,negative,0.05321083606967331
1340239565647454209,negative,0.0002881376728371465
1340239572538699776,negative,0.000557685748588637
1340239575554404353,negative,0.3293936913289333
1340239580809867266,negative,0.0006252043332703295
1340239594806259712,negative,0.15077533941385374
1340239598425952256,negative,0.0016228052130158204
1340239612376182784,negative,0.08660395308521866
1340239618340511745,negative,0.024587093902515428
1340239634476003330,positive,0.709961733251065
1340239638305370113,negative,0.0002881376728371465
1340239646773702656,negative,2.5657177373952223e-06
1340239655669821444,negative,0.0006394431436951383
1340239657355907073,negative,0.32257845516331896
1340239665727746048,negative,0.006533301601749791
1340239666457546756,negative,5.7134589966948117e-05
1340239673126510593,negative,0.0033722881689508266
1340239674313486339,negative,0.2881011813373516
1340239678985912320,negative,0.012163704198032045
1340239686074306566,neutral,0.5318834537628724
1340239688377004032,negative,2.646774347675896e-07
1340239728638083074,negative,0.035966388746079395
1340239731083386880,neutral,0.5847532602647068
1340239731662188547,positive,0.7112264328727067
1340239732958244864,negative,0.0885963762179384
1340239733952266242,negative,0.17667638257647914
1340239758895792128,negative,0.003453527323774735
1340239766948864001,negative,0.06125579820047154
1340239773177421824,negative,0.031249267976276803
1340239781343715329,negative,1.4747576361696928e-06
1340239794870358017,negative,0.035966388746079395
1340239801866465280,neutral,0.36348607767518165
1340239827770503170,negative,0.06294350130425579
1340239828345106433,neutral,0.3609792199291668
1340239835584487425,negative,0.06098118117571569
1340239855939411968,negative,0.061849096907997066
1340239867096264705,negative,0.11220960068373442
1340239873471623169,positive,0.8444045962568558
1340239874297901056,negative,0.22813843999781572
1340239876311158784,neutral,0.5318834537628724
1340239881705025536,negative,0.006344576302257162
1340239891876212737,neutral,0.45284427245866066
1340239895680475137,positive,0.8529929156479706
1340239904157122562,neutral,0.43105896878222283
1340239909731389440,negative,0.007849471197851213
1340239915511115776,negative,0.00023256981139304375
1340240596049399808,negative,0.1934020650022844
1340240597483986952,neutral,0.61482581340117
1340240600407412737,positive,0.8631781277566783
1340240601766367234,negative,0.09483936150528804
1340240608967987202,negative,0.00035510560674506785
1340240610205315073,neutral,0.4331951940750651
1340240612419919872,negative,0.06125579820047154
1340240614307336192,negative,6.667584084797936e-05
1340240615511126016,negative,7.071953372602271e-06
1340240618681982977,negative,0.023245983722324268
1340240623169908736,negative,0.024587093902515428
1340240623446745088,negative,0.22829121988271195
1340240625048940544,negative,0.02498589699115187
1340240634700046337,negative,0.024587093902515428
1340240638969831424,negative,0.15200791779535677
1340240648553816064,negative,0.024587093902515428
1340240648969052160,negative,0.046265074084090585
1340240654451036161,negative,0.0005139168624624281
1340240656585928705,negative,0.003453527323774735
1340240661807820800,negative,0.0033722881689508266
1340240670792015874,negative,0.024587093902515428
1340240712441475073,negative,0.2911482948499813
1340240722834939904,negative,0.2721363863289283
1340240726366556161,negative,2.373428680569352e-06
1340240735589851137,neutral,0.46127768308170247
1340240739104657409,negative,0.22829121988271195
1340240744662134790,negative,0.0548908420756777
1340240750785794048,neutral,0.43118721047298675
1340240766468276225,negative,0.024587093902515428
1340240769517535235,negative,0.15077533941385374
1340240769551114240,negative,0.0031538782096602385
1340240776626880518,negative,0.17667638257647914
1340240780020072448,negative,0.014851864776191928
1340240781429403648,negative,0.16031088394939236
1340240794679005184,negative,0.024587093902515428
1340240799322304512,negative,0.004256208772304315
1340240800609939456,negative,0.017837941471080584
1340240815138979840,negative,0.003947919005414387
1340240822390939649,negative,0.029692973454719936
1340240823531819011,negative,0.035966388746079395
1340240846365618176,negative,0.3242847191795932
1340240863088300032,negative,0.000557685748588637
1340240863272857602,negative,0.00014488489326952133
1340240864912830465,negative,0.3039085469237755
1340240883212558336,negative,0.00023256981139304375
1340240885515243524,negative,0.024587093902515428
1340240909179490304,negative,0.0022317869681852827
1340240910446170114,negative,0.02498589699115187
1340240913055051776,negative,0.009671345695793025
1340240930889211904,negative,0.026138937554288373
1340240937210028033,negative,0.00014580749795346836
1340240945141440513,positive,0.7112264328727067
1340240946030587905,negative,0.035966388746079395
1340240955291660291,negative,0.002694838736454832
1340240959070724096,negative,0.21993085739299903
1340240961104973824,neutral,0.5318834537628724
1340240962761715716,negative,0.007779947553287748
1340240974170222592,negative,0.006624749666464064
1340240976980418561,negative,0.14933147170141264
1340240979987709952,negative,0.0006394431436951383
1340240989177393152,negative,0.0001850967526914845
1340240995083022336,positive,0.6994012978762614
1340240999809990658,negative,0.24025902982156197
1340241002469216256,negative,0.15077533941385374
1340241004172111873,neutral,0.43118721047298675
1340241005048705024,positive,0.9958862848467772
1340241008525762560,negative,0.035966388746079395
1340241009989529606,positive,0.8856009580244845
1340241024757723136,negative,0.14245301324251453
1340241033179914240,positive,0.7112264328727067
1340241033196658688,negative,1.0774109430577624e-06
1340241037441286149,positive,0.9998497862296873
1340241038225666051,positive,0.7425117331101728
1340241038460465153,negative,0.000557685748588637
1340241041279082496,negative,0.024587093902515428
1340241043711795200,negative,0.0002881376728371465
1340241045439848449,negative,0.024587093902515428
1340241048518467584,negative,0.035966388746079395
1340241048631689216,neutral,0.5395623980044405
1340241055963361280,neutral,0.5318834537628724
1340241056831553537,neutral,0.4594071467057754
1340241058094063618,negative,0.00014488489326952133
1340241077643726849,positive,0.9999770603104045
1340241079111704576,positive,0.7112264328727067
1340241085159845889,negative,0.13536768974167734
1340241092982259713,negative,0.035966388746079395
1340241099001085952,neutral,0.5318834537628724
1340241101572239361,negative,0.000557685748588637
1340241103602200578,negative,0.09993654161397221
1340241113203044352,negative,0.0020321002846515595
1340241120039723008,negative,0.17667638257647914
1340241130827476992,negative,3.8757003190324505e-05
1340241135638339584,negative,0.05321083606967331
1340241154227449857,negative,0.2546916305421647
1340241168924368896,negative,0.06125579820047154
1340241173353521152,negative,6.293443401324375e-06
1340241177753382917,negative,0.04234806407001701
1340241188218126336,positive,0.9998497862296873
1340241191556632576,negative,0.0004855990760822097
1340241201841254401,negative,0.0557660994046957
1340241212545097730,negative,1.61015754324693e-05
1340241212964540416,negative,0.012243698083914083
1340241218064805894,neutral,0.41131643505284504
1340241220929527810,negative,0.010651250016447424
1340241222611427329,negative,0.023922879066360456
1340241228433149953,positive,0.9999426863125949
1340241248666398722,negative,0.1934020650022844
1340241250969071616,negative,0.1934020650022844
1340241255192801282,negative,0.035966388746079395
1340241256778227712,negative,0.05801420431180763
1340241260720766976,negative,0.00046904113849421985
1340241272418742272,negative,0.2989963286244501
1340241272641118208,negative,0.01590945862482479
1340241273442197504,negative,0.020573097353320944
1340241273714847744,positive,0.7112264328727067
1340241290517209088,negative,0.035966388746079395
1340241293109317632,negative,0.0001850967526914845
1340241296515080193,negative,0.017548409161325693
1340241296708038656,neutral,0.5318834537628724
1340241300604530694,neutral,0.502201749329804
1340241316601622528,negative,0.0001850967526914845
1340241319000739841,negative,0.000557685748588637
1340241320758145024,negative,1.9812894758079165e-05
1340241328869953537,negative,0.0009255747296983193
1340241332573507584,negative,0.02498589699115187
1340241335207510016,neutral,0.41956321267742214
1340241335723450369,negative,0.05631884220500973
1340241351024156673,positive,0.9951663317980424
1340241356657221634,negative,0.15200791779535677
1340241357898706945,negative,0.30865954843833887
1340241361530990594,negative,0.15077533941385374
1340241362525032449,negative,0.04234806407001701
1340241370980757504,negative,0.024587093902515428
1340241371412766720,negative,0.15077533941385374
1340241401875996674,positive,0.9998497862296873
1340241416946114561,negative,0.05321083606967331
1340241431856865281,negative,0.000557685748588637
1340241438571978752,negative,2.373428680569352e-06
1340241441642205185,negative,0.15077533941385374
1340241451578499072,negative,9.180162913579095e-06
1340241454673883137,negative,0.15076516526953695
1340241460910841858,neutral,0.4331951940750651
1340241462559186945,negative,0.004256208772304315
1340241464253661184,negative,0.02009187240808645
1340241470192697344,negative,0.2996180737943623
1340241471341936641,positive,0.9951663317980424
1340241489490808832,negative,0.035966388746079395
1340241504867115008,negative,0.000557685748588637
1340241505475289095,negative,0.017135761140276744
1340241512358170624,neutral,0.4331951940750651
1340241515470319616,negative,0.018566013720164393
1340241522227367936,negative,0.00014488489326952133
1340241543626670082,negative,0.14933147170141264
1340241559963496448,negative,0.2131439708010653
1340241572198281216,neutral,0.40287490370989126
1340241592729411586,neutral,0.39811483461768027
1340241593991872514,negative,0.000557685748588637
1340241623557541888,negative,0.06125579820047154
1340241623943442432,negative,0.017548409161325693
1340241628158693376,negative,0.2881011813373516
1340241628846501889,negative,0.024587093902515428
1340241655039975424,negative,0.035966388746079395
1340241661377585152,negative,0.0001850967526914845
1340241662883217409,negative,0.00458835848075473
1340241664930099201,negative,0.0011630459293072103
1340241667136364549,negative,0.002694838736454832
1340241667924914176,negative,0.07004497412616142
1340241669657141251,negative,0.26085410089775574
1340241677668237313,negative,0.024587093902515428
1340241689387134976,negative,0.2131439708010653
1340241698367172608,negative,0.025714959795902714
1340241699348615168,positive,0.9996014876268814
1340241703068966912,negative,0.09753062855655198
1340241709549166592,negative,0.025714959795902714
1340241709708533760,negative,0.00014488489326952133
1340241710270603272,negative,0.024587093902515428
1340241722891251713,negative,0.15024862780770962
1340241725193920512,neutral,0.5887926032804369
1340241726183772160,negative,0.00408220533146648
1340241728100556802,negative,0.003015704129936112
1340241734668869632,negative,0.0566353410797796
1340241747071348737,negative,1.7429493497853244e-05
1340241756508606464,negative,0.024587093902515428
1340241767829041152,negative,0.024587093902515428
1340241771901689858,negative,0.035966388746079395
1340241777811484672,negative,0.025445853761132776
1340241785575096321,negative,0.14933147170141264
1340241789203214336,negative,0.02825752924723473
1340241789723275270,neutral,0.4112177679200741
1340241796908150784,positive,0.756994488419295
1340241806357893120,positive,0.8762608092999615
1340241827736240129,negative,0.11526384599213464
1340241830915543040,negative,0.035966388746079395
1340241834568769536,negative,0.0016118227387632127
1340241837538365441,positive,0.9873669922417261
1340241839408988160,negative,1.203894030251986e-06
1340241843037089792,negative,0.004292630509967549
1340241847667597312,negative,0.012243698083914083
1340241847948615688,positive,0.797475409192616
1340241867997372417,negative,0.0033722881689508266
1340241873542262784,negative,0.15200791779535677
1340241876314681344,negative,0.024587093902515428
1340241891477123073,negative,0.15200791779535677
1340241895671427075,negative,0.018328159628035134
1340241896493506561,negative,0.08242724153530216
1340241897609150467,neutral,0.6448095705077348
1340241904672321536,negative,0.21677013954951618
1340241907474198528,negative,0.006344576302257162
1340241909084774400,negative,0.10220687826721007
1340241912901591046,negative,0.07748114604997694
1340241914562572289,negative,0.0002672674003623518
1340241925375455233,positive,0.8631781277566783
1340241929020317697,positive,0.9775685691004568
1340241943624900608,negative,0.000557685748588637
1340241944467943426,negative,0.019525969437510293
1340241961635209216,negative,0.024587093902515428
1340241968463568898,neutral,0.5674561474377424
1340241969486901248,negative,0.2072585497462788
1340241974654345218,negative,0.10220687826721007
1340241979616051202,positive,0.9951663317980424
1340241983554478080,negative,0.002182676443413945
1340241985614065665,negative,1.1363829275433357e-12
1340241986381631489,negative,1.6904562345720207e-08
1340241987946094592,negative,0.10220687826721007
1340242014227619842,negative,0.007779947553287748
1340242017276866561,negative,0.10220687826721007
1340242020108021760,negative,0.024587093902515428
1340242035819880448,negative,0.000557685748588637
1340242036566487041,negative,0.10220687826721007
1340242037824741376,negative,2.328774361476213e-05
1340242038080585729,negative,0.00021025788824678707
1340242054778118145,neutral,0.502201749329804
1340242067470082049,negative,0.10220687826721007
1340242067658829830,negative,0.03694311293309244
1340242078782119937,negative,0.0003706416030075984
1340242088282173440,negative,0.024587093902515428
1340242090882707456,negative,0.10220687826721007
1340242100575559680,negative,0.002182676443413945
1340242105650786309,positive,0.9999426863125949
1340242106145759233,negative,0.10220687826721007
1340242118506373123,negative,0.13405997971916922
1340242123522772994,negative,0.10220687826721007
1340242125338910721,neutral,0.61482581340117
1340242130397224961,negative,0.033172993713389234
1340242150580170753,negative,0.00301333174763649
1340242172528963585,negative,0.014247237958952034
1340242178136793088,negative,0.012733965306920133
1340242180020056064,negative,0.30865954843833887
1340242180997263361,negative,0.2721363863289283
1340242183123853313,neutral,0.36733294409994255
1340242184164024320,negative,0.15096764367811533
1340242186059837441,negative,2.646774347675896e-07
1340242192393224192,negative,0.024587093902515428
1340242199280234496,negative,0.04844020280589664
1340242201457139712,negative,0.007779947553287748
1340242203474620416,neutral,0.4331951940750651
1340242210386808833,negative,0.007779947553287748
1340242231073120257,negative,0.024587093902515428
1340242234483101698,negative,0.015109574765550157
1340242236227919872,negative,1.3729826190217863e-06
1340242240225087488,negative,0.000557685748588637
1340242240891990017,negative,0.010651250016447424
1340242247191818241,negative,0.055789284994487286
1340242251138666496,negative,0.15077533941385374
1340242254112452608,negative,0.03694311293309244
1340242255391633408,neutral,0.4331951940750651
1340242265915215872,negative,3.0384923909942345e-06
1340242266636611590,negative,3.4151852838566104e-05
1340242269480357890,negative,0.0001776453383392432
1340242280326815744,negative,0.08805453944308653
1340242285980749824,neutral,0.41956321267742214
1340242308390907906,neutral,0.3310531877220302
1340242314275512321,negative,0.28584772089484484
1340242321879822336,negative,9.938158160449333e-07
1340242322735378434,negative,0.015684062040122147
1340242325054873600,positive,0.756994488419295
1340242327261069312,negative,0.010651250016447424
1340242331816095744,neutral,0.3604492962951944
1340242334571749377,positive,0.712325735386962
1340242334911520769,negative,0.0002881376728371465
1340242339575508997,negative,0.10220687826721007
1340242340552830976,negative,0.003665008718784615
1340242347855114243,negative,0.035966388746079395
1340242349725802496,negative,0.03694311293309244
1340242364208701442,negative,0.042421957768671505
1340242369912991744,negative,0.2736686580100996
1340242372001746944,negative,0.0005233956357273732
1340242375063576577,negative,0.02210681639554131
1340242378750390272,negative,0.0777881735433192
1340242389852712962,neutral,0.6266251163001104
1340242393279455232,negative,0.044258914450565144
1340242400632029186,negative,0.0001850967526914845
1340242405656768512,negative,0.09993654161397221
1340242411109445632,positive,0.7106921311088108
1340242415224033282,negative,0.024587093902515428
1340242416268435456,neutral,0.3639332558049519
1340242422715052033,negative,0.024587093902515428
1340242422861848577,negative,0.05400848690934598
1340242423889453057,negative,0.035966388746079395
1340242425449689089,negative,4.670705060049685e-05
1340242432995299328,negative,0.11526384599213464
1340242437135097857,negative,0.05847395015897883
1340242441249705984,negative,0.1400028774752175
1340242444953276422,neutral,0.41956321267742214
1340242448962994176,negative,0.024587093902515428
1340242457129340928,negative,0.14933147170141264
1340242462456090624,negative,0.1400098048123574
1340242477912043522,negative,0.018328159628035134
1340242484010643457,negative,0.0018366835268417104
1340242486330068993,negative,0.021155777450643752
1340242504365600770,negative,0.10220687826721007
1340242520006127618,negative,0.2351931402850401
1340242535768322049,negative,0.10220687826721007
1340242540692459520,negative,0.024587093902515428
1340242558979600384,negative,0.002694838736454832
1340242573076688896,negative,0.053748431449189324
1340242575463247873,negative,0.1934020650022844
1340242575979102210,negative,0.10220687826721007
1340242576205631488,negative,0.29864990022374893
1340242585605054464,negative,0.0015020137049778955
1340242592819257345,negative,0.14933147170141264
1340242604160643072,negative,0.15200791779535677
1340242610775060480,negative,0.15200791779535677
1340242630446374914,negative,2.646774347675896e-07
1340242633462063105,negative,0.03694311293309244
1340242642228178945,negative,6.293443401324375e-06
1340242647538122754,negative,0.0557660994046957
1340242651761815552,negative,0.035966388746079395
1340242655800938496,negative,0.15200791779535677
1340242663484829696,negative,0.0002881376728371465
1340242670447411202,negative,0.10220687826721007
1340242672385179653,negative,8.837487351756937e-08
1340242686817800199,neutral,0.43118721047298675
1340242695143485440,negative,0.15077533941385374
1340242721097854976,negative,2.6760092260851942e-06
1340242725787095040,negative,0.28584772089484484
1340242728077156353,neutral,0.4507454498615163
1340242730254020611,negative,0.035966388746079395
1340242750923534340,negative,0.18805314714419816
1340242768434765824,negative,0.009277264437616976
1340242779931357185,negative,0.07677595144947864
1340242784683438081,negative,0.0004659607220047864
1340242799158026240,negative,0.017682686405845537
1340242804451250180,negative,0.05801420431180763
1340242809622818818,neutral,0.502201749329804
1340242816430206976,neutral,0.46898277751288353
1340242831651332096,negative,0.10220687826721007
1340242835136720896,negative,0.013121867871891036
1340242842342584320,negative,0.01800676933548719
1340242845517701120,positive,0.7112264328727067
1340242850294996993,positive,0.7112264328727067
1340242855873421315,negative,4.052146842755065e-07
1340242858545209349,negative,0.10220687826721007
1340242859862179840,negative,0.22884255092902483
1340242865625026561,negative,0.007849471197851213
1340242865990103040,neutral,0.5318834537628724
1340242875607638016,neutral,0.49789225920557484
1340242876215816193,neutral,0.5318834537628724
1340242884231122946,negative,2.646774347675896e-07
1340242887565586433,negative,0.0012622761839483421
1340242892388970505,neutral,0.502201749329804
1340242900790226951,negative,9.180162913579095e-06
1340242900853149697,negative,0.03694311293309244
1340242901775900673,negative,0.053748431449189324
1340242914891476993,negative,0.004798757788903676
1340242915772276737,negative,3.0376965119192205e-05
1340242920117587969,negative,0.08235356666540793
1340242920226623489,negative,0.15200791779535677
1340242924844539904,negative,0.005501795483830741
1340242939944054784,positive,0.9998497862296873
1340242949272199168,neutral,0.6331901488524233
1340242951302242306,positive,0.9998497862296873
1340242954062073859,negative,0.03507153930179961
1340242956905803776,negative,0.012620455962297012
1340242958902243328,negative,0.28584772089484484
1340242965038583809,negative,0.017548409161325693
1340242974396067840,neutral,0.6159372756546481
1340242974802849795,negative,8.45470312372721e-05
1340242974945456132,negative,1.7031961752340486e-06
1340242975083823105,negative,0.06935239699409272
1340242975234744320,negative,5.250815703182823e-05
1340242975696113665,neutral,0.42191422235854953
1340242975784194048,neutral,0.4985928500860049
1340242975981449220,negative,0.0002994915531063426
1340242979609587712,negative,9.180162913579095e-06
1340242986937053184,negative,1.1130152825700347e-05
1340242988467974145,negative,0.10220687826721007
1340242991953358848,negative,0.008934146441307045
1340242992498528256,negative,0.15200791779535677
1340242992624508930,negative,0.10220687826721007
1340242993798934530,negative,0.15200791779535677
1340242993903759361,negative,0.053748431449189324
1340242995124318211,negative,0.05592847515174109
1340242998156812288,negative,0.00014491088195292637
1340243008030208000,negative,0.006344576302257162
1340243009733095425,negative,7.060538222179484e-06
1340243012429950977,negative,0.000557685748588637
1340243012434227200,negative,6.293443401324375e-06
1340243014971772929,negative,0.017548409161325693
1340243031618940928,negative,4.1698284982421924e-08
1340243036928929792,negative,0.024587093902515428
1340243041404284929,negative,3.28829457967766e-07
1340243042847088640,negative,0.03694311293309244
1340243044331900928,negative,0.28584772089484484
1340243044675825665,negative,0.028742211744513562
1340243048345821186,negative,0.08771737055381212
1340243052498219009,neutral,0.6014737166615152
1340243061528473600,negative,0.00015748305839360862
1340243061767614465,negative,0.1014348875637659
1340243067815817216,negative,0.013121867871891036
1340243072614080519,negative,0.048448454084591454
1340243073918496768,negative,0.030930656152569035
1340243076233764865,neutral,0.6214679099396035
1340243078448345088,negative,0.000557685748588637
1340243078666473472,negative,0.00012592995442663044
1340243089240276992,negative,0.26215075719446596
1340243089248567298,negative,0.0015359088123323688
1340243100413927430,neutral,0.6214679099396035
1340243106646667264,negative,0.05548290348346618
1340243107238060034,neutral,0.6331901488524233
1340243113667866625,negative,0.012978032364703827
1340243119997116417,negative,1.2309885796699178e-05
1340243120844386306,negative,0.1758366948485248
1340243127471403019,neutral,0.4377896312766332
1340243134152904705,positive,0.8631781277566783
1340243141262266368,negative,0.17705942444789272
1340243146949668865,positive,0.7000160391321183
1340243148614881281,negative,0.14586613686183345
1340243153169887233,negative,4.6278718611696115e-07
1340243160161804290,negative,3.28829457967766e-07
1340243162284089347,positive,0.7475030175246234
1340243178188890112,negative,0.0005959229092300523
1340243181410131974,negative,0.15077533941385374
1340243183029071872,negative,0.005650794054154834
1340243185440870400,negative,0.10220687826721007
1340243185793118211,negative,0.00015748305839360862
1340243219473297410,positive,0.8804679123865201
1340243224124899335,negative,0.00014488489326952133
1340243236938506242,negative,2.692481853610747e-10
1340243238024863744,negative,0.024587093902515428
1340243240793083904,negative,0.024587093902515428
1340243248368017408,negative,0.14245301324251453
1340243255418601472,negative,0.0009398514763556573
1340243268299321345,positive,0.7936342494435344
1340243272363626497,negative,0.012733965306920133
1340243283591761920,negative,8.100252120912527e-05
1340243285873483778,negative,0.17667638257647914
1340243286863339525,negative,0.1014348875637659
1340243301102968832,negative,0.010651250016447424
1340243301576916993,negative,0.2131439708010653
1340243309730607104,neutral,0.6414640022846605
1340243323546710017,positive,0.7889943813325846
1340243325362860033,negative,0.004256208772304315
1340243338428108800,negative,0.07677595144947864
1340243339233406976,negative,0.035966388746079395
1340243346124640256,negative,0.03157519559473094
1340243347475230722,neutral,0.42009788751800786
1340243352290209793,negative,0.06578603827859084
1340243357952577536,negative,0.00026323682310537685
1340243364499886080,neutral,0.46127768308170247
1340243379398078464,positive,0.8448683116494212
1340243392324886534,negative,0.004809904068807916
1340243399144824833,negative,0.07881569198857044
1340243432690888705,neutral,0.4770767508814847
1340243439275929602,negative,0.1400028774752175
1340243441922531328,negative,4.804157186339111e-05
1340243445957484545,negative,0.017548409161325693
1340243447035420673,negative,0.001454418624358094
1340243447148646402,negative,0.003947919005414387
1340243454912311297,negative,2.373428680569352e-06
1340243461241524224,negative,0.003665008718784615
1340243471723073536,negative,0.035966388746079395
1340243477607550976,negative,2.5353674332032623e-07
1340243494720434190,positive,0.6994012978762614
1340243498314952705,negative,1.155663890498185e-06
1340243498587578368,negative,0.05321083606967331
1340243499711664128,negative,0.21645007432734836
1340243499745198080,neutral,0.4770767508814847
1340243504388317185,negative,0.06125579820047154
1340243505915047937,negative,0.15200791779535677
1340243508448419840,neutral,0.6403275425054058
1340243516245598208,negative,0.001033735676658449
1340243525309501442,negative,0.053748431449189324
1340243541835059206,negative,0.0024962942070226018
1340243545056309249,negative,0.00034578647864514744
1340243546725642241,negative,0.03144488188421496
1340243550399819777,positive,0.756994488419295
1340243561036599302,negative,0.0033722881689508266
1340243564257824768,negative,0.1400028774752175
1340243579730538496,negative,0.11526384599213464
1340243585267097600,negative,0.1274722184246548
1340243588790284288,negative,0.15077533941385374
1340243590325407744,negative,0.053748431449189324
1340243592099606528,negative,0.024587093902515428
1340243601914286083,negative,6.293443401324375e-06
1340243616158117888,negative,0.008393014538317067
1340243625834373120,neutral,0.4377896312766332
1340243628179021824,negative,3.010681792091636e-08
1340243630653644802,negative,0.32370396518422984
1340243630947139584,negative,0.0012622761839483421
1340243634231287810,negative,0.1670200975479263
1340243634441101313,negative,0.08199632399131868
1340243634592100353,negative,0.15200791779535677
1340243637523927040,negative,0.007999485942337858
1340243645077868545,negative,0.10220687826721007
1340243652115836930,negative,0.10220687826721007
1340243652522762245,negative,0.00014488489326952133
1340243653432897536,negative,0.007779947553287748
1340243659552411655,negative,0.0033722881689508266
1340243669295767559,negative,0.014678521396747583
1340243669912268800,negative,0.055789284994487286
1340243688656613378,negative,0.014452767602408904
1340243697909325824,negative,0.024587093902515428
1340243706146918401,negative,0.1014348875637659
1340243707497426945,negative,0.23001552407221526
1340243717769314304,neutral,0.4331951940750651
1340243723284836352,negative,0.007073142729252809
1340243724945788928,negative,7.836815894086936e-06
1340243733523128320,negative,0.000557685748588637
1340243738010906624,negative,0.053748431449189324
1340243741026766849,negative,0.15077533941385374
1340243746231902215,negative,0.007779947553287748
1340243748098347009,positive,0.7497526419864127
1340243765844434944,negative,0.0002672674003623518
1340243770651144193,negative,0.0009163207755154222
1340243771288596480,neutral,0.6403275425054058
1340243784156721154,neutral,0.6214679099396035
1340243796794220549,negative,0.17667638257647914
1340243798878765058,negative,0.012821849666073689
1340243802435575808,negative,0.011030435108632148
1340243803408637957,negative,0.012733965306920133
1340243820043186177,negative,0.007849471197851213
1340243820307476480,neutral,0.41131643505284504
1340243840255537152,negative,0.0001850967526914845
1340243840284958721,negative,0.02035374244801068
1340243843317440512,negative,0.25421197906886
1340243848539332608,positive,0.7112264328727067
1340243850032525312,negative,0.06125579820047154
1340243850179338241,negative,3.28829457967766e-07
1340243857745842177,negative,0.0020193423982110387
1340243864980959238,neutral,0.5318834537628724
1340243873206046723,negative,0.005650794054154834
1340243875269623808,negative,0.029692973454719936
1340244378825142272,neutral,0.6214679099396035
1340244384470757376,negative,0.17667638257647914
1340244387373178881,negative,0.035966388746079395
1340244387616448514,negative,8.100252120912527e-05
1340244388300140551,negative,0.024587093902515428
1340244399897382912,negative,0.035966388746079395
1340244401461882881,negative,0.024587093902515428
1340244406524370945,negative,0.1758366948485248
1340244417001762816,negative,3.28829457967766e-07
1340244420965314560,negative,0.000557685748588637
1340244429748236289,negative,0.26514700808496616
1340244432281546757,negative,0.05271254540310056
1340244436371066880,negative,0.0006708149625670709
1340244442406662144,negative,0.07677595144947864
1340244451839651841,negative,0.15077533941385374
1340244456017195008,negative,0.06125579820047154
1340244459162890240,negative,0.00021025788824678707
1340244463529111555,negative,0.00023302470568476962
1340244472546865153,positive,0.9998497862296873
1340244480126050304,neutral,0.43118721047298675
1340244482109956096,negative,0.024587093902515428
1340244491496640512,neutral,0.4499204578065766
1340244496240488449,negative,0.035966388746079395
1340244498090213377,negative,0.005025977155552382
1340244518449364992,negative,0.017682686405845537
1340244545141940224,negative,0.10220687826721007
1340244555103387650,negative,7.702627096845913e-08
1340244562447622146,negative,0.013835376752111371
1340244564100182022,negative,0.10220687826721007
1340244568101580800,negative,0.03694311293309244
1340244568118325250,negative,0.02825752924723473
1340244572136484864,negative,3.28829457967766e-07
1340244577572237312,negative,0.15535625336415237
1340244577580699649,negative,0.18323010349821775
1340244589869936640,negative,0.00015748305839360862
1340244591430262786,negative,0.03694311293309244
1340244592562679808,negative,0.15077533941385374
1340244596618629121,negative,0.0001850967526914845
1340244600863285249,negative,0.15200791779535677
1340244604562657281,positive,0.7112264328727067
1340244611864944643,negative,0.005879562301390199
1340244629850042368,negative,0.03788928607809197
1340244630760206338,negative,0.000557685748588637
1340244631418773504,neutral,0.5572703343240789
1340244632870023169,negative,0.001242730829436731
1340244635738923009,negative,0.053748431449189324
1340244643007631360,negative,0.00034578647864514744
1340244654751707136,negative,0.007861809000767508
1340244663882690560,neutral,0.5923803298172696
1340244665908547584,negative,0.017548409161325693
1340244667913429000,negative,0.15077533941385374
1340244676348153858,negative,0.035966388746079395
1340244682845151232,negative,0.006344576302257162
1340244684900319234,negative,0.012733965306920133
1340244708585598976,negative,0.0001850967526914845
1340244715720028160,negative,0.28847209529069096
1340244722330288128,negative,0.024587093902515428
1340244726939848705,neutral,0.5318834537628724
1340244729699721216,negative,0.016096540538354596
1340244734397345793,negative,0.0016609353203534173
1340244739333959680,negative,0.04645962974863313
1340244746208305153,negative,0.1198833200235339
1340244747512897536,negative,0.05271254540310056
1340244760079024128,negative,0.022205727170593208
1340244762784350209,negative,0.001242730829436731
1340244764877320198,neutral,0.3639332558049519
1340244786863878145,negative,0.19649852516138666
1340244792610091013,negative,0.28584772089484484
1340244801292279808,negative,2.9522166201053116e-05
1340244813053091840,negative,0.15200791779535677
1340244827091456000,negative,0.0006394431436951383
1340244827418603521,negative,0.00011231974434491714
1340244829037604865,negative,0.10220687826721007
1340244832187461632,negative,0.08799368916763396
1340244833110286337,positive,0.917361362625504
1340244834062389250,negative,0.05271254540310056
1340244847542845440,negative,1.3586166390676128e-05
1340244857730822144,negative,3.6205602228248585e-06
1340244864131280898,negative,0.035966388746079395
1340244869827051522,negative,0.1198833200235339
1340244877368582144,neutral,0.3609792199291668
1340244880988233729,negative,0.05271254540310056
1340244884272406529,negative,0.0793685846956904
1340244897538985985,negative,0.02962929281059237
1340244909224300549,negative,0.000557685748588637
1340244909618581505,neutral,0.49789225920557484
1340244919663927297,neutral,0.4331951940750651
1340244926160719872,negative,0.053748431449189324
1340244942107586561,negative,0.00014488489326952133
1340244942665506824,negative,0.03694311293309244
1340244948617211904,negative,0.2131439708010653
1340244972226949188,negative,4.1417368128426486e-07
1340244982037422080,neutral,0.511542103359308
1340245003457728514,negative,0.10220687826721007
1340245022151749635,negative,0.11526384599213464
1340245022600556544,positive,0.8764371609436434
1340245042930327552,positive,0.7112264328727067
1340245043614019586,negative,3.28829457967766e-07
1340245047879610368,negative,0.024587093902515428
1340245048961757184,negative,0.06489607056252865
1340245049892859906,negative,0.001033735676658449
1340245051092455430,negative,0.15077533941385374
1340245052774379522,negative,0.17667638257647914
1340245059778834433,positive,0.8764371609436434
1340245063725670400,neutral,0.5318834537628724
1340245066451984384,neutral,0.4737554465528978
1340245077575217152,negative,9.02367819093783e-05
1340245080817496067,negative,0.00046904113849421985
1340245088832790528,positive,0.9746566557821293
1340245089965268993,negative,0.024587093902515428
1340245101172453376,negative,0.020850018607625177
1340245104339070981,negative,3.1498780699507124e-06
1340245105333121024,negative,0.10220687826721007
1340245120172650497,negative,0.024587093902515428
1340245120306831362,positive,0.756994488419295
1340245124006240257,positive,0.9998497862296873
1340245130394132481,neutral,0.3335367635705482
1340245180016963584,neutral,0.41956321267742214
1340245180478316546,negative,0.024587093902515428
1340245184165126146,negative,0.00023256981139304375
1340245194130796546,negative,0.008974913160109704
1340245196781613056,positive,0.8631781277566783
1340245197662396416,neutral,0.6395120782859594
1340245208844431360,negative,0.035966388746079395
1340245214846398466,negative,0.007849471197851213
1340245230973534209,negative,0.14245301324251453
1340245240922435586,negative,0.024587093902515428
1340245266054717440,negative,0.003665008718784615
1340245278872498177,negative,0.09632878402843507
1340245285646311425,positive,0.8764371609436434
1340245287240159234,negative,0.03694311293309244
1340245287319842817,negative,0.024587093902515428
1340245290939523080,negative,5.7134589966948117e-05
1340245301907632130,negative,0.15200791779535677
1340245304155791361,negative,0.11809115840392274
1340245318349320192,negative,7.836815894086936e-06
1340245324112285698,negative,0.016096540538354596
1340245326519824384,negative,0.15646105873663174
1340245327912333312,neutral,0.41131643505284504
1340245342764347393,negative,0.0461006091703275
1340245344496574467,negative,0.001242730829436731
1340245346669252608,negative,0.011123609848447116
1340245347151568902,neutral,0.41956321267742214
1340245348468584449,negative,0.006344576302257162
1340245362527924225,negative,3.28829457967766e-07
1340245367712063489,negative,0.03217293067800617
1340245374246789122,negative,0.04810396858054213
1340245384950673408,negative,7.702627096845913e-08
1340245391862804481,negative,8.873897646291568e-06
1340245403376205826,negative,0.035966388746079395
1340245403808260098,positive,0.8764371609436434
1340245404751962112,negative,0.32370396518422984
1340245410020024325,neutral,0.41131643505284504
1340245422347079681,negative,0.035966388746079395
1340245422586159105,negative,0.05271254540310056
1340245432111345664,negative,0.14933147170141264
1340245434158243841,negative,0.000359554245669277
1340245441028513792,negative,0.0017598445569885774
1340245441095581697,negative,0.15925659896306557
1340245454349602817,negative,0.2486640047527842
1340245455473676290,negative,0.0017598445569885774
1340245458111873024,negative,0.024587093902515428
1340245467985301504,negative,0.14245301324251453
1340245469444911104,negative,0.0017598445569885774
1340245470631878657,negative,0.035966388746079395
1340245479460843521,negative,0.0017598445569885774
1340245480748576768,negative,0.012201781694493631
1340245488214437890,negative,0.08655102291691792
1340245490730901504,neutral,0.3499352441185855
1340245490827468801,neutral,0.6036257069450114
1340245502038781953,negative,0.0007366422975458167
1340245529779970053,negative,0.11984280449566485
1340245531726139394,negative,7.402801663070196e-05
1340245554169786369,negative,0.011431709148891661
1340245556598288384,neutral,0.3499352441185855
1340245559534362631,negative,0.09265626314415933
1340245561254031360,negative,0.05271254540310056
1340245561530834946,negative,0.033505174136374626
1340245562063523840,negative,0.15200791779535677
1340245562440990720,negative,0.0002672674003623518
1340245564080988160,negative,0.010651250016447424
1340245569311272960,negative,0.0755602944799695
1340245576559038464,positive,0.6939938636950252
1340245582850498561,negative,0.0001901514777103897
1340245586650558464,positive,0.9998497862296873
1340245590182117377,negative,0.28321171267342843
1340245597803085824,negative,0.017548409161325693
1340245620905406465,negative,0.033505174136374626
1340245624931926016,negative,0.007068073848940982
1340245659681779713,negative,0.010651250016447424
1340245663397900288,negative,2.507145335418786e-06
1340245674189840387,negative,0.007779947553287748
1340245674969997312,negative,0.00015748305839360862
1340245677121650689,negative,0.08001683946579354
1340245679093014531,neutral,0.3499352441185855
1340245686156222465,negative,0.009277264437616976
1340245686248497152,negative,0.012733965306920133
1340245686797918209,negative,0.023464630803108875
1340245691835310081,negative,0.016096540538354596
1340245694502875137,negative,0.05271254540310056
1340245696205742080,negative,8.211770248766248e-07
1340245705919762433,negative,0.00021025788824678707
1340245713930862592,negative,0.024587093902515428
1340245714291585024,negative,0.10220687826721007
1340245719123435520,negative,0.001242730829436731
1340245721052831744,negative,3.28829457967766e-07
1340245722067824643,negative,0.006344576302257162
1340245725347778560,negative,0.0463098101151938
1340245729588244481,negative,0.04370350479599262
1340245734726221824,positive,0.8631781277566783
1340245737456750592,negative,0.15077533941385374
1340245737997705217,negative,0.031249267976276803
1340245739872653314,neutral,0.3499352441185855
1340245742703714305,negative,0.11984280449566485
1340245743014187008,negative,0.000557685748588637
1340245755165028353,positive,0.7112264328727067
1340245755592925184,negative,3.28829457967766e-07
1340245768481943552,negative,0.10220687826721007
1340245788119756804,negative,0.0014856221339276544
1340245793832374272,neutral,0.5318834537628724
1340245796231524352,negative,0.2989963286244501
1340245797854703616,negative,0.15925659896306557
1340245808856375297,negative,0.035966388746079395
1340245813696602112,negative,0.04191114788614531
1340245814761951233,negative,0.01595319022049302
1340245816963981314,neutral,0.61482581340117
1340245828661866496,negative,0.0017598445569885774
1340245829932736512,negative,0.007779947553287748
1340245836702347264,negative,0.0355330673938728
1340245842603765760,neutral,0.49789225920557484
1340245856642080770,negative,0.003947919005414387
1340245863675924480,negative,3.28829457967766e-07
1340245863986319362,negative,0.03217293067800617
1340245874476244993,neutral,0.4938934072221641
1340245878406328320,negative,0.0001850967526914845
1340245882588028928,neutral,0.4070093280036844
1340245882676064256,negative,0.003947919005414387
1340245886601932800,negative,3.28829457967766e-07
1340245890267832321,negative,0.005650794054154834
1340245891077304321,neutral,0.3955162152063776
1340245893413519360,negative,0.1389531035686211
1340245899147022336,negative,0.08896084588867573
1340245902435504135,negative,0.003665008718784615
1340245907493838848,neutral,0.6448095705077348
1340245911419695106,negative,0.03330317670612904
1340245911868493825,negative,0.035966388746079395
1340245913789472769,negative,0.17667638257647914
1340245914217275392,positive,0.7137395370677896
1340245915823710210,positive,0.756994488419295
1340245933922115584,negative,0.1389531035686211
1340245944718270466,negative,0.000557685748588637
1340245946450505729,negative,0.1389531035686211
1340245958144176129,negative,0.009277264437616976
1340245961134788608,neutral,0.6414640022846605
1340245964775432195,negative,0.07630841045927275
1340245967560388613,negative,0.08660395308521866
1340245972421668869,negative,0.000465453978770483
1340245978553659392,positive,0.7112264328727067
1340245978943795200,neutral,0.3499352441185855
1340245984819994625,negative,0.11526384599213464
1340245986732552193,negative,2.373428680569352e-06
1340245987084947457,negative,0.12891960156404306
1340245989807026176,negative,0.1389531035686211
1340245992780816384,negative,0.15077533941385374
1340245994026446849,neutral,0.5318834537628724
1340246000645140483,negative,0.08976782923773316
1340246012590497794,neutral,0.6159372756546481
1340246019557224450,negative,0.010651250016447424
1340246032874090497,negative,0.1389531035686211
1340246040553938944,negative,0.10243317188557592
1340246043179577344,positive,0.8765856403500969
1340246048070127619,negative,0.1389531035686211
1340246075173703681,negative,0.1389531035686211
1340246083683946497,neutral,0.6159372756546481
1340246089128140802,negative,0.15077533941385374
1340246091216924672,negative,0.024587093902515428
1340246095851638784,negative,3.4151852838566104e-05
1340246102252146688,negative,0.05271254540310056
1340246106475814913,negative,0.05271254540310056
1340246120312803328,negative,0.06410983346289896
1340246129166987264,negative,0.19123532548711672
1340246130622394368,negative,0.0007724041555521549
1340246135328415746,negative,0.10220687826721007
1340246138419638274,neutral,0.5402289415353093
1340246141552738305,neutral,0.6489077768764223
1340246149605810177,negative,0.024587093902515428
1340246154127273984,negative,0.0001850967526914845
1340246158640373760,negative,3.043655293466433e-06
1340246159592476678,positive,0.9998497862296873
1340246163212152838,positive,0.9587731198869118
1340246172993282049,neutral,0.5142691124459788
1340246173639184384,neutral,0.6214679099396035
1340246177858646017,negative,0.00046904113849421985
1340246186226315264,negative,0.15076516526953695
1340246213304709121,negative,0.08381620367585507
1340246217486426112,negative,0.0001850967526914845
1340246217821982721,positive,0.9030306786428506
1340246218254004225,negative,0.024587093902515428
1340246219013156869,neutral,0.6489077768764223
1340246220414062592,neutral,0.6489077768764223
1340246221995319297,negative,0.05271254540310056
1340246242841030656,negative,0.019262510621456543
1340246254694129665,neutral,0.4594071467057754
1340246259500662784,positive,0.7757524682255411
1340246261820080129,negative,0.12984253269074167
1340246262520672256,negative,0.046265074084090585
1340246264324247553,negative,0.0023056007839492728
1340246281856364544,negative,0.16928552745505693
1340246283160850432,negative,0.14933147170141264
1340246288508608517,neutral,0.6489077768764223
1340246289385197568,negative,0.13973311956751774
1340246289871728643,negative,3.0376965119192205e-05
1340246291746611201,negative,0.000557685748588637
1340246298155466752,negative,0.012620455962297012
1340246299027918848,negative,0.0017332092163987302
1340246300688863233,negative,0.010651250016447424
1340246305386446848,negative,0.000557685748588637
1340246309144584192,negative,0.004292630509967549
1340246325925982210,negative,0.035966388746079395
1340246332120903680,positive,0.863814643834973
1340246339737804807,negative,0.00046904113849421985
1340246340761214976,negative,0.0018366835268417104
1340246345936977921,negative,9.180162913579095e-06
1340246354279448576,negative,0.004757017028270758
1340246360612872194,negative,0.017682686405845537
1340246368456241159,negative,0.012733965306920133
1340246373342580738,negative,0.13406177973251698
1340246375133446146,negative,0.024587093902515428
1340246383723499520,negative,0.024587093902515428
1340246387649331200,negative,0.024587093902515428
1340246401830309888,negative,0.0003267753868093772
1340246402711076864,negative,0.1540086017210223
1340246411103920128,negative,0.030930656152569035
1340246415658921984,neutral,0.47832299225465713
1340246418183901184,neutral,0.4377896312766332
1340246420985679872,negative,0.0001850967526914845
1340246427713323009,negative,0.003947919005414387
1340246435657297920,negative,0.15077533941385374
1340246442217226241,negative,0.04096126880805633
1340246451918675968,negative,0.1282410653170568
1340246452057092096,negative,0.0006252043332703295
1340246452593782784,negative,0.12984253269074167
1340246461112492033,negative,0.000557685748588637
1340246461888536578,negative,0.0001850967526914845
1340246462400237569,negative,0.035966388746079395
1340246475096338433,negative,0.003665008718784615
1340246485665984512,negative,0.042804603258085494
1340246486446202880,negative,0.17667638257647914
1340246491861028864,negative,0.00046904113849421985
1340246509737095168,negative,0.03157519559473094
1340246510034952192,negative,0.024587093902515428
1340246514774503424,neutral,0.41956321267742214
1340246515739217920,negative,0.05271254540310056
1340246537826414593,negative,0.024587093902515428
1340246540527542272,negative,0.11526384599213464
1340246553072701441,negative,0.14933147170141264
1340246563709456384,neutral,0.3818594794163197
1340246582483152897,positive,0.8803320888972199
1340246583003279360,negative,1.7528680080937507e-05
1340246592033533953,neutral,0.5663932168405836
1340246592624988165,neutral,0.6489077768764223
1340246597632995329,negative,0.13109268192961285
1340246613961428993,negative,0.06098118117571569
1340246620538068994,negative,0.009502225691607824
1340246626229760000,negative,2.0053770861452646e-08
1340246635687895040,negative,0.012201781694493631
1340246643426377730,negative,0.012733965306920133
1340246644860870656,negative,8.432201259458978e-12
1340246654730063872,neutral,0.6489077768764223
1340246665383604224,negative,0.270460153012198
1340246668034387975,negative,0.012733965306920133
1340246669594603520,negative,0.006533301601749791
1340246683016433669,negative,0.014247237958952034
1340246696962498561,negative,0.005255618517370536
1340246700171079680,negative,3.7406163125611044e-06
1340246706655547393,negative,0.000297280525151644
1340246711432863744,neutral,0.5701328189521007
1340246711856484352,positive,0.9377731693370434
1340246718663823360,positive,0.9220736008420368
1340246727664807937,positive,0.9987696258199781
1340246731317981185,positive,0.7675203870141373
1340246749043171332,negative,1.3875420057768905e-05
1340246755707936768,negative,0.008792946843120628
1340246758551654401,negative,0.09459332281250957
1340246762368462850,negative,0.03123680486405153
1340246763006021633,negative,0.035966388746079395
1340246771889561602,negative,0.08660395308521866
1340246777233100800,negative,0.04802335720336934
1340246779640623104,negative,0.2546916305421647
1340246790675808256,negative,0.06125579820047154
1340246790721966081,negative,0.024587093902515428
1340246793611866114,negative,5.862492832036627e-07
1340246818907709442,negative,0.000557685748588637
1340246823278153733,negative,0.012492674533294883
1340246830915985408,negative,9.936825642034221e-06
1340246831750590465,negative,0.05330373603940435
1340246839845662721,positive,0.7770977586399352
1340246853141458945,negative,0.17667638257647914
1340246865212813313,negative,9.156797162856906e-05
1340246882203922437,negative,0.024587093902515428
1340246883038605313,negative,0.00013156721510068138
1340246887052570627,positive,0.7112264328727067
1340246890890326020,negative,0.11809115840392274
1340246901501911040,negative,6.296022205587944e-05
1340246906925101056,negative,8.100252120912527e-05
1340246909416583174,negative,0.00014488489326952133
1340246915913568256,negative,0.00014488489326952133
1340246916895006720,negative,0.03278573624975908
1340246923203276800,negative,0.033505174136374626
1340246923379355651,negative,0.035966388746079395
1340246925849882626,neutral,0.5318834537628724
1340246926520934403,negative,0.15077533941385374
1340246926780993536,positive,0.8444045962568558
1340246938948689921,negative,0.20439966089722336
1340246940597030912,negative,0.14933147170141264
1340246956795412483,negative,0.10220687826721007
1340246957630091264,negative,0.0002878334653566602
1340246959853080577,negative,0.024587093902515428
1340246962680049664,negative,0.029082711185747158
1340246966626873345,neutral,0.6489077768764223
1340246975309078528,negative,0.3118169194422102
1340246984125505536,negative,0.003350393345885437
1340246991507435520,neutral,0.49789225920557484
1340246992916721672,negative,0.00014488489326952133
1340246993239740416,negative,0.0033722881689508266
1340246995584380928,negative,3.28829457967766e-07
1340247002555293697,negative,9.443361594010815e-14
1340247006632140801,neutral,0.5142691124459788
1340247019101822976,negative,0.00046904113849421985
1340247027985334273,negative,0.20828193500633663
1340247028941656064,negative,0.005650794054154834
1340247029554003972,negative,0.14933147170141264
1340247035430248448,negative,0.00044616987736856463
1340247038924087296,neutral,0.6489077768764223
1340247046113128449,negative,0.024587093902515428
1340247047581159426,negative,0.0007724041555521549
1340247060667387904,positive,0.9998497862296873
1340247070725304320,negative,8.100252120912527e-05
1340247077092265985,negative,0.01714830130212279
1340247080980402177,negative,0.008787525787110336
1340247084692332546,negative,0.024587093902515428
1340247091021549569,negative,0.024587093902515428
1340247100555210754,negative,0.024587093902515428
1340247104799825920,negative,0.003947919005414387
1340247110193537028,negative,0.05330373603940435
1340247127348424704,positive,0.871219961334708
1340247135414063104,negative,4.271800453587574e-06
1340247136546541568,negative,0.14933147170141264
1340247136856895488,negative,0.05271254540310056
1340247140325584898,positive,0.970043525983484
1340247152723943425,negative,0.0011302518024914711
1340247163750768640,negative,0.05321083606967331
1340247165118124037,positive,0.871219961334708
1340247165315272704,negative,0.024587093902515428
1340247173653553154,negative,0.0001850967526914845
1340247175201251329,negative,0.024587093902515428
1340247179349413889,negative,0.012620455962297012
1340247184592281602,negative,0.10220687826721007
1340247190908923906,negative,0.01013275939207337
1340247191194091520,negative,0.024587093902515428
1340247192297062400,negative,0.000557685748588637
1340247194859876353,negative,0.035966388746079395
1340247195098988545,negative,0.10243317188557592
1340247196759973889,negative,0.008175830945598447
1340247200840990721,positive,0.7117511945003834
1340247202720063488,negative,0.003931080819684363
1340247205895090176,negative,0.004139466940800965
1340247207199518721,negative,8.693629397851258e-05
1340247207820320773,negative,0.004332204565294571
1340247210672447489,negative,0.012733965306920133
1340247236312182784,negative,0.024587093902515428
1340247238665236480,negative,0.05847395015897883
1340247240129036289,negative,0.000557685748588637
1340247241085378560,negative,0.008882881999141423
1340247255606059008,negative,7.7348202682212e-06
1340247256512016385,negative,0.09677185435503763
1340247269484933124,negative,0.026138937554288373
1340247273851203585,neutral,0.5663932168405836
1340247279329001472,negative,0.0009414266184850614
1340247281363263490,negative,0.05025463856862482
1340247290448121856,negative,0.013034545139669214
1340247313294499840,negative,8.211031562469204e-10
1340247327915819008,negative,0.09502620872223354
1340247335734026241,negative,0.0757920805152468
1340247335939530753,negative,0.013034545139669214
1340247338414174208,negative,0.0071028186167625094
1340247339215319046,negative,0.11809115840392274
1340247348711206913,negative,0.0001850967526914845
1340247349554278401,negative,0.07029788098636423
1340247354906177536,negative,0.03813773603888469
1340247363894603778,positive,0.8764371609436434
1340247364125253632,negative,0.15200791779535677
1340247365643546625,negative,0.15077533941385374
1340247371448524801,negative,0.008787525787110336
1340247381120610305,positive,0.9650221421668259
1340247386082471937,neutral,0.4377896312766332
1340247392474546177,neutral,0.46127768308170247
1340247399705554944,negative,2.507145335418786e-06
1340247407343316992,negative,0.053748431449189324
1340247418105966593,neutral,0.6414640022846605
1340247426628808704,negative,0.035966388746079395
1340247431158640641,negative,0.15077533941385374
1340247440931348481,negative,0.000557685748588637
1340247442730704898,negative,0.0001850967526914845
1340247451668721664,negative,0.00013312605111988321
1340247453623324672,positive,0.8764371609436434
1340247456165060608,neutral,0.47466097119752504
1340247460569071617,negative,0.12700565509350836
1340247472266993670,positive,0.7497816073021382
1340247473198047233,negative,2.8987276047133803e-05
1340247474980741120,negative,2.373428680569352e-06
1340247488570273793,neutral,0.4302157084738883
1340247497965522944,neutral,0.6489077768764223
1340247508941979648,negative,0.0088900925397643
1340247508967157760,negative,0.007171255567136888
1340247513731903494,positive,0.9998497862296873
1340247516659499008,negative,0.010651250016447424
1340247528051253248,negative,0.027015134117658473
1340247528378413056,negative,0.053748431449189324
1340247533759705088,positive,0.756994488419295
1340247541489819655,positive,0.7112264328727067
1340247542500614149,negative,0.024587093902515428
1340248153287761920,negative,0.05271254540310056
1340248162821398528,negative,0.014247237958952034
1340248162955628544,negative,0.11641522218389448
1340248189367140353,negative,0.004256208772304315
1340248195067240449,negative,0.19053360204081424
1340248207490736129,neutral,0.4922508656466895
1340248207578832896,positive,0.9484601391883946
1340248209856278528,negative,3.28829457967766e-07
1340248225614340098,negative,0.0007724041555521549
1340248226902011904,negative,0.013377259965876187
1340248249551237120,negative,0.010651250016447424
1340248256677359616,neutral,0.34626028369607076
1340248259026178050,negative,0.18805314714419816
1340248264373903360,negative,0.001242730829436731
1340248278278008835,positive,0.9996098862963114
1340248279364366349,negative,0.22829121988271195
1340248285790007297,negative,0.00261708472352224
1340248286087790592,negative,0.014247237958952034
1340248290164699137,negative,0.030930656152569035
1340248292165349376,negative,0.018979491846110332
1340248314890084353,negative,0.0006252043332703295
1340248315003346944,negative,1.503567782240369e-10
1340248325489045504,negative,0.000557685748588637
1340248330442567681,neutral,0.6403275425054058
1340248333009432577,negative,0.05271254540310056
1340248333496037380,positive,0.6994012978762614
1340248338881519617,negative,0.2546916305421647
1340248339913256960,positive,0.756994488419295
1340248341406478336,negative,0.19175238807937026
1340248355021213697,positive,0.7425117331101728
1340248355918721024,negative,0.0052161383023521446
1340248363640508426,negative,0.00014488489326952133
1340248384926564352,positive,0.9041184483209461
1340248394820939776,negative,0.017548409161325693
1340248403683454982,negative,0.03217293067800617
1340248406049124355,negative,1.7429493497853244e-05
1340248413691146243,negative,0.011724737227430823
1340248413842132993,negative,0.024587093902515428
1340248420276121602,negative,0.024587093902515428
1340248421568049158,negative,0.002658427216999158
1340248423639990272,negative,0.026902045424046846
1340248424868966401,negative,0.017682686405845537
1340248427964342275,negative,0.035966388746079395
1340248431827300354,negative,0.03157519559473094
1340248438609502208,negative,0.024587093902515428
1340248439645478914,positive,0.7112264328727067
1340248441218330627,negative,0.2546916305421647
1340248463494275073,positive,0.871219961334708
1340248471794814977,negative,0.00010764263714194428
1340248478757376002,positive,0.7112264328727067
1340248486684594176,positive,0.871219961334708
1340248487536054272,neutral,0.3499352441185855
1340248493844262914,negative,9.291227445315306e-05
1340248498760003585,neutral,0.5318834537628724
1340248509254144002,negative,0.000557685748588637
1340248509270921217,negative,0.007999485942337858
1340248522596212737,negative,0.000246898233181711
1340248526492676096,negative,8.815588792977169e-05
1340248527700713472,negative,0.024587093902515428
1340248534294159360,negative,0.0002610850587546861
1340248544658251778,positive,0.7076172903855006
1340248551352377344,positive,0.871219961334708
1340248556268105728,negative,0.012733965306920133
1340248560693104643,negative,0.0016118227387632127
1340248582272798720,negative,0.22843076516409686
1340248583891775488,negative,0.030930656152569035
1340248590413934592,negative,0.012733965306920133
1340248596420149255,positive,0.9998941208232954
1340248610714361856,negative,0.09972425018494473
1340248614556327938,negative,0.017682686405845537
1340248642800726017,negative,0.1014348875637659
1340248648160931840,negative,0.32396588361439554
1340248650291789825,negative,0.0019900035896153272
1340248660161024001,negative,0.007073142729252809
1340248676241948672,negative,0.08944490682110376
1340248677202489349,negative,0.13536768974167734
1340248684303446017,positive,0.9711801957030366
1340248685071003650,positive,0.9845903432688115
1340248685452681216,negative,9.156797162856906e-05
1340248696513048577,negative,3.28829457967766e-07
1340248711113404416,negative,8.03191008716906e-05
1340248712514289665,negative,0.32396588361439554
1340248714745667584,positive,0.9650221421668259
1340248717627187201,negative,0.09972425018494473
1340248719120281600,negative,0.2763503639570125
1340248738732883970,negative,0.15776380160683848
1340248739299135490,positive,0.8764371609436434
1340248745510842368,negative,0.1046036943343211
1340248749289959425,negative,0.029082711185747158
1340248751470985216,negative,0.007327954986351674
1340248756244103168,negative,0.000557685748588637
1340248772186521600,negative,0.32396588361439554
1340248777920290816,negative,0.016921138113572678
1340248780990521344,negative,0.008787525787110336
1340248784874442754,negative,0.017682686405845537
1340248787240009729,negative,0.02613122875110042
1340248789140058113,negative,0.053748431449189324
1340248791425966081,positive,0.9271144480988123
1340248791660830720,negative,0.0009163207755154222
1340248791862173696,negative,0.09374681987368275
1340248804377944065,neutral,0.5248410164662723
1340248809536929792,negative,0.00637945088644451
1340248830600765440,negative,0.012271247299850475
1340248867720343552,negative,0.021255878933189632
1340248872027889664,negative,0.04869589987845432
1340248892076650496,negative,0.010866859962004842
1340248905242603520,positive,0.9999910757922258
1340248919977189383,negative,0.048906486561960255
1340248927732428801,positive,0.7788847170102936
1340248930345480192,neutral,0.6414640022846605
1340248931498938368,negative,0.024587093902515428
1340248941703684103,negative,0.0033722881689508266
1340248949563805697,neutral,0.6414640022846605
1340248954731159553,negative,0.024587093902515428
1340248959537864705,negative,0.11526384599213464
1340248964919140352,negative,0.15077533941385374
1340248970598240257,negative,0.005650794054154834
1340248971084705796,positive,0.8390620742776992
1340248989208358917,negative,0.28584772089484484
1340248997269803008,neutral,0.3463587517066536
1340248998859444225,positive,0.7097192687242795
1340249017658339335,negative,0.05159456829524922
1340249019428253696,negative,0.15830046218508784
1340249024121761793,negative,0.009277264437616976
1340249031012999170,negative,0.024179615753558908
1340249047886680069,negative,0.05271254540310056
1340249049761542145,negative,0.004064854628075209
1340249062164066306,negative,0.17992394793099398
1340249072322666497,negative,0.0001850967526914845
1340249090957971461,negative,0.014247237958952034
1340249095227789312,negative,0.05321083606967331
1340249096226033664,negative,0.022135490587720293
1340249101192065024,negative,0.006344576302257162
1340249105638014976,negative,5.217796658568029e-07
1340249109312245766,negative,0.15077533941385374
1340249110096601090,negative,0.04891793089929129
1340249128106926080,negative,0.06055399758742557
1340249134457090048,negative,0.006344576302257162
1340249136348733440,negative,0.04074755902409517
1340249141562191873,positive,0.8236449488320199
1340249147300057088,positive,0.6833724030941657
1340249150412251136,negative,0.009277264437616976
1340249156485599234,negative,0.11211838204440448
1340249167243964416,negative,0.12700565509350836
1340249178476343298,positive,0.85135868808954
1340249182486052864,negative,0.0022568632598852847
1340249185342398465,negative,0.12551045033026578
1340249186420322309,negative,0.025244725592794143
1340249195249348608,negative,0.14933147170141264
1340249200370585600,neutral,0.3888964145301077
1340249204980129792,negative,0.024587093902515428
1340249206548738049,negative,0.024587093902515428
1340249215189041152,negative,0.035966388746079395
1340249219148464128,negative,0.15077533941385374
1340249236936527872,negative,0.024587093902515428
1340249237464879105,negative,0.2690722415860886
1340249263842893825,negative,1.1023942683947953e-06
1340249265566867457,negative,0.16350791885796986
1340249265688506371,negative,0.01386877363962845
1340249265755488257,negative,0.006654062665236987
1340249266623791104,negative,0.03708626787203658
1340249267378810881,negative,0.05271254540310056
1340249275654053888,positive,0.8430373507280962
1340249275909943296,negative,0.007779947553287748
1340249276790829056,positive,0.867835566281069
1340249278229450753,negative,0.061825198913847995
1340249279210799104,neutral,0.4157059407165897
1340249292771123200,negative,0.15077533941385374
1340249297384816640,negative,0.05271254540310056
1340249308311023616,negative,0.0861722444359202
1340249314799529984,negative,0.024587093902515428
1340249322840084481,negative,9.126434780620168e-06
1340249328007393282,negative,0.2546916305421647
1340249330926678016,negative,0.024587093902515428
1340249339042689025,negative,0.10220687826721007
1340249340800081923,negative,0.02629061701700574
1340249342456836096,negative,0.011145461255153744
1340249352921559040,negative,0.03198607007748251
1340249353173217280,neutral,0.3499352441185855
1340249355115245568,negative,0.0001850967526914845
1340249365873635334,positive,0.8444045962568558
1340249368251797504,negative,0.0001850967526914845
1340249372232196101,negative,0.165394641476289
1340249378217443331,negative,0.024587093902515428
1340249380809486336,neutral,0.4532243126278243
1340249380872310785,negative,0.017548409161325693
1340249387566583814,neutral,0.6414640022846605
1340249389001039873,negative,0.0012202658612038837
1340249389651124224,negative,0.15657365574569346
1340249398283022336,negative,0.10220687826721007
1340249398907981824,negative,0.0666701656480044
1340249400208080896,negative,0.32396588361439554
1340249400258379778,positive,0.8430373507280962
1340249400744976384,negative,0.32396588361439554
1340249401537617921,neutral,0.4157059407165897
1340249401974018048,negative,0.11335093388062147
1340249406604533760,negative,0.2736840563212104
1340249417048350721,neutral,0.649210879753341
1340249417383890944,negative,0.014285730000803932
1340249420454096896,negative,0.024587093902515428
1340249424254148608,neutral,0.5663932168405836
1340249425998995456,negative,0.017548409161325693
1340249429522206721,negative,0.008676136186179339
1340249429564121089,positive,0.664460601970364
1340249434991579137,negative,0.007875112014730255
1340249436014915584,negative,0.00021025788824678707
1340249442692325381,neutral,0.38462364861842907
1340249451479379968,negative,0.004375492237679794
1340249456256663554,negative,0.0002881376728371465
1340249456625770496,negative,0.06035821570312274
1340249460786552832,negative,0.000557685748588637
1340249475323969536,negative,0.00014488489326952133
1340249477861564417,negative,0.01212184163336114
1340249480432660486,negative,0.03694311293309244
1340249481820946434,negative,0.13536768974167734
1340249491115487232,negative,0.2036479643170418
1340249507859222528,negative,0.04384946125316654
1340249528176402432,negative,0.035966388746079395
1340249531519217667,negative,0.05271254540310056
1340249532425232384,negative,0.05823993782311806
1340249543120699393,negative,0.00042199450404489575
1340249544542613504,negative,3.7406163125611044e-06
1340249545217875968,negative,0.024587093902515428
1340249555217117186,positive,0.7112264328727067
1340249561323941889,negative,0.15762825458558857
1340249563165241345,negative,0.15108086144769028
1340249567753867265,negative,0.028238152230267377
1340249572585705477,negative,3.579665477492868e-09
1340249575337111552,negative,2.794472469481991e-06
1340249577191038978,negative,0.024587093902515428
1340249589601988610,neutral,0.5318834537628724
1340249592865144832,negative,0.04384946125316654
1340249595255861250,negative,0.15077533941385374
1340249610305105920,negative,0.2107791161783286
1340249617481543680,negative,0.035966388746079395
1340249618802761728,negative,0.202890935994599
1340249629384962048,negative,0.15200791779535677
1340249629674364930,negative,0.00021966737799445932
1340249636154601473,negative,0.026902045424046846
1340249640680235008,negative,0.0009939102167443752
1340249645491077122,positive,0.7770977586399352
1340249645705015297,negative,0.06295807224216521
1340249646480945152,negative,0.15108086144769028
1340249655184150528,negative,0.027203951287522763
1340249661882429440,negative,1.228812118932577e-08
1340249664998797318,negative,0.0001850967526914845
1340249666869407745,negative,3.28829457967766e-07
1340249666982735874,negative,0.28584772089484484
1340249688289763328,negative,0.053748431449189324
1340249689170571264,positive,0.9998497862296873
1340249698536402944,negative,0.00014488489326952133
1340249710184067079,negative,0.035966388746079395
1340249711165517827,negative,0.033507637486756864
1340249719008845826,negative,0.024587093902515428
1340249722427203584,negative,0.033505174136374626
1340249726885703680,negative,0.09972425018494473
1340249727821099011,negative,0.017548409161325693
1340249729725329409,negative,0.09972425018494473
1340249735509241861,negative,0.001308966325092581
1340249741733584897,negative,0.053748431449189324
1340249759316107264,negative,0.009326971683885568
1340249761908215809,negative,8.986565972067024e-07
1340249763577520128,negative,0.058484804794297386
1340249764462530565,negative,0.15077533941385374
1340249768946061317,negative,0.0031795592576275115
1340249773954265090,negative,0.13406177973251698
1340249786709118977,negative,0.11369920115357988
1340249789196283904,negative,0.165394641476289
1340249809807171584,negative,5.7523302477984166e-05
1340249814047535105,negative,0.15657365574569346
1340249815511347200,negative,0.15108086144769028
1340249819642773506,negative,0.00014491088195292637
1340249824092893184,positive,0.9249392211160259
1340249837246279686,positive,0.756994488419295
1340249848323432450,positive,0.8390620742776992
1340249852769349633,neutral,0.3499352441185855
1340249879046709249,neutral,0.3502684903097871
1340249886156091394,negative,0.00022132329284893908
1340249887301111809,negative,0.02629061701700574
1340249888962064384,positive,0.9997707307074455
1340249901779865602,negative,0.00011665005855129974
1340249914228486144,negative,0.014659382768701733
1340249918829694976,negative,0.00022132329284893908
1340249920356421633,negative,0.024587093902515428
1340249921329508359,negative,0.03533945110815754
1340249921631498241,negative,0.001308966325092581
1340249921832796160,neutral,0.6489077768764223
1340249932834463751,negative,0.0038618545052715235
1340249941109829632,negative,0.0777881735433192
1340249968397967361,negative,0.00022132329284893908
1340249973888315392,negative,0.00011944229784299111
1340249978460114945,negative,0.15475272551312458
1340249987033272320,positive,0.8201393499797657
1340249988002148357,negative,0.035966388746079395
1340249989403045888,negative,8.100252120912527e-05
1340250009216925696,negative,0.035966388746079395
1340250010752077825,neutral,0.3604492962951944
1340250015663595524,negative,0.025714959795902714
1340250016301125632,negative,0.024587093902515428
1340250023007805440,negative,0.024587093902515428
1340250024857513984,neutral,0.5142691124459788
1340250032117862401,negative,0.08381620367585507
1340250032138821632,negative,0.0001850967526914845
1340250041894776833,neutral,0.4377896312766332
1340250048786014209,negative,0.000557685748588637
1340250054385410048,positive,0.756994488419295
1340250058424537088,negative,0.024587093902515428
1340250062732013574,negative,0.16168417770193486
1340250095456018434,neutral,0.6489077768764223
1340250106424152066,negative,0.000557685748588637
1340250106646454274,negative,0.007779947553287748
1340250106965192705,neutral,0.37526082612365297
1340250125642457088,negative,0.014247237958952034
1340250137176780802,negative,0.012620455962297012
1340250144957149185,neutral,0.6489077768764223
1340250157665927168,negative,0.10220687826721007
1340250166503288832,negative,0.15530355464288959
1340250168042680321,negative,0.0043569075817090856
1340250168533331975,neutral,0.6489077768764223
1340250168885698560,negative,0.00014488489326952133
1340250173054865409,negative,0.024587093902515428
1340250178268360706,negative,0.15077533941385374
1340250181929984000,neutral,0.6489077768764223
1340250182877913090,positive,0.9650221421668259
1340250186677964802,negative,0.11526034838197532
1340250194751975424,negative,0.0015682933834604905
1340250206466674689,negative,0.024587093902515428
1340250206756024320,positive,0.9997707307074455
1340250208916148225,neutral,0.5318834537628724
1340250209570484224,negative,0.024587093902515428
1340250220597264385,neutral,0.46127768308170247
1340250221893324803,negative,0.3053235127455966
1340250231850622976,negative,0.024587093902515428
1340250247696670723,negative,0.007779947553287748
1340250248216780800,negative,0.053748431449189324
1340250250913656835,negative,0.017682686405845537
1340250252125888512,neutral,0.46127768308170247
1340250254621483008,negative,0.000557685748588637
1340250254931873792,negative,0.0001850967526914845
1340250259046449152,negative,0.07817207504481981
1340250259415420928,negative,0.000557685748588637
1340250260493447168,positive,0.6994012978762614
1340250273361571840,neutral,0.3609792199291668
1340250276712878080,negative,5.035842289722871e-07
1340250283708829696,negative,0.1648397548507238
1340250292072411137,negative,0.2130738438211605
1340250300825956353,positive,0.7112264328727067
1340250303615168514,neutral,0.3400649352138154
1340250323529707520,negative,2.507145335418786e-06
1340250329259106304,neutral,0.39290406055138927
1340250329972174848,negative,0.12609342312488617
1340250339405160449,negative,0.005650794054154834
1340250346216693765,negative,0.0002493558273107795
1340250356173971456,negative,1.5444466715228713e-14
1340250380853276672,neutral,0.5328266291770892
1340250385496346625,negative,8.100252120912527e-05
1340250390810554371,neutral,0.39290406055138927
1340250394711240705,negative,0.15077533941385374
1340250397882105857,negative,0.009277264437616976
1340250406539177986,negative,0.0005733311151454013
1340250411689783296,negative,0.029417352835804236
1340250437384089601,negative,0.000557685748588637
1340250443864268801,negative,0.024587093902515428
1340250447613980672,negative,0.18459858958932926
1340250450847797248,negative,0.21939254360948038
1340250454832373760,negative,3.8757003190324505e-05
1340250459957817344,positive,0.7112264328727067
1340250464844189696,negative,0.05271254540310056
1340250476223324161,neutral,0.5318834537628724
1340250483190063105,positive,0.9998497862296873
1340250484205076483,negative,0.004300024743680321
1340250507332493314,negative,0.02789804694087941
1340250511140925441,negative,0.00031035217431757455
1340250522201313280,negative,0.024587093902515428
1340250522884968448,negative,0.08660395308521866
1340235424376049666,negative,0.11723738185408288
1340235424376221697,negative,0.04319854458501597
1340235425051521026,positive,0.9701216379771643
1340235425353363457,negative,2.184989552785121e-08
1340235425718235136,negative,0.1934020650022844
1340235426456604673,negative,0.07183056039549351
1340235427802992640,negative,0.010954910388480295
1340235427861639168,negative,7.55074464868668e-05
1340235429153402880,negative,0.14005355101146044
1340235429266776066,negative,0.012312781075128955
1340235429308559368,negative,0.019645852278957987
1340235429648478211,positive,0.9668940899071713
1340235429656711168,negative,0.09941722501043229
1340235429879148545,positive,0.8408800418413244
1340235430571040769,negative,0.3241260736460629
1340235430621368321,negative,1.342890724807126e-06
1340235431334596609,negative,0.04921605298117967
1340235431607107585,negative,0.07183056039549351
1340235431607218176,negative,0.05863306366521428
1340235432110518272,negative,0.03583617138216301
1340235433775689731,negative,2.245544465453847e-05
1340235434941685761,negative,0.0001016201141303136
1340235437625978880,negative,9.063637639707249e-07
1340235440973082624,negative,0.005641053013676905
1340235441539346432,negative,0.14499727536878318
1340235442910801922,negative,0.0001596918377753678
1340235445112877058,negative,2.245544465453847e-05
1340235448929701888,negative,0.005641053013676905
1340235449483341824,negative,0.023075944015281635
1340235449932066816,negative,0.002118726723133219
1340235450225733632,negative,0.04655079839402276
1340235453732016128,negative,7.202606017246542e-06
1340235453916561415,negative,0.06095923918658917
1340235526083907584,negative,7.908566617452336e-05
1340235527308505088,positive,0.7879741844091733
1340235528231239684,negative,0.3216886321472638
1340235528239783938,negative,0.024395249748614203
1340235530261426179,negative,0.18318483977400135
1340235534904508418,negative,5.874660757417453e-06
1340235535789531136,negative,0.0031097324712575374
1340235537744076800,negative,1.0890412624322075e-07
1340235542898892803,negative,0.007574100827341815
1340235543293116417,negative,0.08064475026386825
1340235548561186816,neutral,0.3844811005861397
1340235550771585025,neutral,0.4545729117725756
1340235551123726339,negative,0.20810323559902374
1340235552478687234,neutral,0.45116463356441594
1340235552717729793,negative,0.14535822832866233
1340235554835861505,positive,0.9859316463672975
1340235558161932288,positive,0.9548290495054544
1340235560359776256,negative,1.8104770185945772e-07
1340235562771509248,negative,0.0003618953234439094
1340235563463532544,negative,0.10752809164879122
1340235564105289734,negative,0.1752105914564939
1340235565518741504,negative,0.007643161298001848
1340235569725657088,negative,0.05863306366521428
1340235574955925504,negative,0.060692809515403505
1340235575022989313,negative,0.0002637948755850367
1340235576080003072,neutral,0.5745809183532838
1340235577254420480,negative,4.39605026727933e-06
1340235581297745921,negative,0.3206840368785036
1340235584489611271,negative,0.00015440128792554528
1340235586234445824,negative,0.003474898388308497
1340235588297842688,neutral,0.5495922250151081
1340235590139305984,negative,0.17672755989941588
1340235592882417666,neutral,0.4737554465528978
1340235592999858177,negative,0.17672755989941588
1340235593175973888,negative,0.0003623893664175535
1340235593595432960,negative,0.00035966600320592074
1340235594413330434,negative,0.09717324880050603
1340235595193442304,negative,9.79449773371113e-08
1340235600515969026,negative,0.06742843673575138
1340235601568804864,neutral,0.4741808437646564
1340235609386999809,positive,0.9886599147521706
1340235609491816448,negative,0.07026508288047041
1340235611815489537,negative,6.010154343319973e-08
1340235614466224128,neutral,0.5585477578569895
1340235616039145472,negative,1.8105226937112052e-06
1340235621781164032,neutral,0.4516164886704671
1340235622859071489,positive,0.9668940899071713
1340235624897531904,negative,0.0608406835418514
1340235625925111809,negative,0.22561333375529458
1340235626491330560,negative,0.31970892782508104
1340235627254702081,negative,0.004544880680455239
1340235628735324160,negative,0.26598484253696286
1340235628936572928,neutral,0.49917649890636895
1340235631377707010,negative,0.0231952895866368
1340235634187898880,negative,0.0010272594324396537
1340235638621302784,positive,0.8355350841546868
1340235642211618816,negative,0.0020130027905506703
1340235684888649728,negative,0.04206287678156329
1340235685425496066,negative,3.0908750160730028e-09
1340235687375876096,negative,0.0007850421870871868
1340235689540145157,neutral,0.44054615157121163
1340235690773245952,negative,0.09201768195097534
1340235694271324160,negative,1.695292233013399e-07
1340235694644539392,negative,0.08189507868957364
1340235695575711744,negative,0.09052783042117139
1340235695705698305,negative,1.2293343658775658e-06
1340235702160789506,negative,3.3144033664156303e-09
1340235706816466945,negative,0.0002419451467660209
1340235708850704390,positive,0.7832155778539623
1340235709626650624,negative,0.0013201161246434105
1340235711732043777,negative,0.07873929159415846
1340235711870623744,negative,0.02464130693182094
1340235716790513664,negative,0.10213693087457083
1340235721853046786,positive,0.6646393315409048
1340235733756485635,positive,0.8555632028733319
1340235733886447616,negative,0.007213518355730777
1340235734381436928,positive,0.9998732265589129
1340235734817628162,neutral,0.48939009134907663
1340235740245069826,negative,0.17409081272168986
1340235741302042629,negative,0.1378119013739783
1340235744217079808,negative,0.03279072299079084
1340235747400495105,negative,0.02464130693182094
1340235751464775685,positive,0.6646351767889204
1340235756120502273,negative,0.016490444800373285
1340235757731131392,negative,0.14892541374758972
1340235760960561152,neutral,0.5585477578569895
1340235762093215744,negative,0.2562137835965162
1340235762139156480,negative,0.005641053013676905
1340235762172715008,negative,0.06221090059368199
1340235762617430017,negative,0.018715264860073813
1340235763737358336,neutral,0.3463189215312905
1340235766941814784,negative,0.07026508288047041
1340235770544742400,negative,0.008467850632101403
1340235776462872577,neutral,0.33967797075271206
1340235776651632640,neutral,0.3463189215312905
1340235782200709121,negative,0.018237806739242142
1340235782762754048,negative,0.005641053013676905
1340235784339791877,negative,0.004706074817777147
1340235784448819200,negative,0.029094994177504198
1340235787699404800,positive,0.9999970597340304
1340235788710244352,negative,0.0014081259626264199
1340235790123749377,negative,7.219495255686632e-07
1340235793500008448,neutral,0.5495922250151081
1340235794917830656,negative,0.0020194791002507905
1340235796926799872,neutral,0.4027521824476965
1340235796947857408,neutral,0.5747370721056907
1340235804963168256,negative,2.245544465453847e-05
1340235807370731521,negative,0.0763220799158059
1340235810105294849,negative,0.03703129070409094
1340235813813022721,negative,0.005598916979116235
1340235816770150400,positive,0.6632643539033936
1340235819672592385,neutral,0.33967797075271206
1340235848340692992,negative,2.245544465453847e-05
1340235853201891328,negative,0.020198946748632166
1340235856611688449,neutral,0.5495922250151081
1340235865252048897,neutral,0.33967797075271206
1340235871975563266,negative,0.012161915281136125
1340235880066392066,neutral,0.5916667328764619
1340235880498393088,neutral,0.33967797075271206
1340235884529131521,positive,0.9853748682447209
1340235892984786944,negative,0.04206287678156329
1340235895639818241,negative,0.0009366108308462107
1340235897040736257,neutral,0.33967797075271206
1340235897770565632,negative,8.897361931675111e-13
1340235901180506112,negative,0.14407251013887015
1340235902036140032,positive,0.7692209384058338
1340235907618652160,negative,0.06095923918658917
1340235908155650048,negative,0.1911215167206151
1340235912429486083,neutral,0.5495922250151081
1340235913192992769,negative,0.0001389302568499982
1340235923661926400,negative,0.00040115895659466105
1340235925750763525,negative,0.2525315502619715
1340235928078483457,negative,5.5776128942698664e-05
1340235928426729477,negative,0.0006786358140572292
1340235928779059202,negative,0.0010214292217153567
1340235929534029829,negative,0.04522790853046264
1340235933199822848,negative,0.022082968583153964
1340235934411972613,negative,0.12285166051227644
1340235936228098049,negative,0.014958042169981117
1340235936878239747,positive,0.9998703342932184
1340235943689777154,neutral,0.38966083377267685
1340235945430401026,negative,0.18009966295883462
1340235946533502976,negative,0.0009268356130741204
1340235947645022209,negative,0.0002754655472020893
1340235948869771265,negative,0.0484218404474078
1340235952812384267,negative,0.00010685295941738701
1340235959703629824,negative,0.029094994177504198
1340235960467021824,negative,2.245544465453847e-05
1340235962849386502,negative,2.467587193198237e-10
1340235964321574918,negative,1.3396123860730753e-06
1340235971133124609,neutral,0.49789225920557484
1340235972995375106,negative,0.030054924578173266
1340235976082337792,negative,0.005641053013676905
1340235977265131520,negative,0.01937684133320175
1340235978494107648,negative,0.11707347520040107
1340235984563220481,negative,1.5404191749922201e-10
1340235986849173504,negative,2.245544465453847e-05
1340235993186709506,neutral,0.47644597823597595
1340235994738667520,negative,0.0006450402436582035
1340235995342630912,negative,2.245544465453847e-05
1340236000153493505,negative,0.0009919121587774235
1340237266900410369,neutral,0.5495922250151081
1340237268666130434,negative,0.25381049485491053
1340237270784290817,negative,0.058425678767119425
1340237278510247941,negative,2.245544465453847e-05
1340237282213814287,positive,0.7692209384058338
1340237289767784448,negative,0.09651388227237388
1340237290132660224,negative,0.21700786916551124
1340237297648852993,negative,3.560302522997896e-05
1340237298751987713,negative,0.3071571254058082
1340237304691118080,negative,0.294467408976063
1340237309988507649,negative,0.07393459354148145
1340237310357549056,negative,0.1968984190890941
1340237320121774080,neutral,0.3403391890910929
1340237320239206406,neutral,0.3403391890910929
1340237320306364416,neutral,0.3403391890910929
1340237320939855873,negative,0.005292651432501456
1340237329521381376,negative,0.28459132022043676
1340237333824737281,positive,0.9594129669902308
1340237334344830976,neutral,0.45422796720630565
1340237336886603776,neutral,0.42028364307867555
1340237339340238849,neutral,0.4737554465528978
1340237342746001409,negative,0.01569260666170957
1340237345463873536,negative,0.0004133048510409375
1340237347301036032,negative,1.0087376662809721e-07
1340237352967565313,negative,0.0002851787545395851
1340237354544603137,neutral,0.5585477578569895
1340237355467362304,negative,0.0001138377996105957
1340237356868259840,negative,0.00014247596136289595
1340237358826991616,positive,0.7692209384058338
1340237359481298946,negative,0.00035966600320592074
1340237370449403904,negative,3.4135887890216643e-06
1340237373632856064,neutral,0.5495922250151081
1340237374366900224,negative,8.905525228182678e-06
1340237376153653248,negative,0.0008057583552097232
1340237378921873408,negative,0.0868136100497072
1340237381023256578,negative,0.10241953757673254
1340237382486994945,negative,0.00467806196798788
1340237383149744128,negative,2.245544465453847e-05
1340237387495038977,negative,2.5987898602644528e-08
1340237391752261632,negative,0.004706074817777147
1340237394910597120,negative,0.10752809164879122
1340237397464891393,negative,0.06095923918658917
1340237397519462400,negative,0.12703271384507175
1340237401306882050,negative,0.0013119645220037981
1340237401743126528,negative,0.0033249638398265002
1340237404024745984,negative,1.3261164996848765e-09
1340237406205849600,negative,0.0007565811933074602
1340237407921303552,negative,0.08102684450421606
1340237409393512449,positive,0.7692209384058338
1340237409456369664,negative,0.0075668305061454815
1340237416062476290,negative,0.2562137835965162
1340237418910408705,negative,0.0025418067117612114
1340237420030283776,negative,0.0007694100021876388
1340237421066240001,neutral,0.5495922250151081
1340237425839366145,negative,0.08113790223604538
1340237466725478400,neutral,0.4737554465528978
1340237468034019328,negative,3.613044681647761e-08
1340237471263670272,negative,1.1184443919603734e-05
1340237471536263168,neutral,0.6188096251590492
1340237481120296963,negative,0.11919957096860226
1340237483162935298,negative,0.26503557648881937
1340237483364200448,neutral,0.46652329877241117
1340237484203122689,positive,0.9975184271180693
1340237484349911041,negative,0.0032769305049848824
1340237486967185408,negative,5.143060376269865e-07
1340237492461694977,negative,0.294467408976063
1340237492642000899,negative,0.04415890989485464
1340237492906291201,positive,0.8856137571282544
1340237494818910209,negative,2.245544465453847e-05
1340237495687122948,negative,0.0006052061725181194
1340237500250550272,negative,0.005641053013676905
1340237501005352960,negative,0.06095923918658917
1340237503245283328,negative,2.245544465453847e-05
1340237504398708736,neutral,0.5495922250151081
1340237510115528706,negative,0.005641053013676905
1340237512720211968,negative,1.1184443919603734e-05
1340237526045515777,negative,0.006380838009309259
1340237529283518465,negative,0.005641053013676905
1340237533096099841,negative,0.16352019608485005
1340237536191520769,negative,0.0030817116640983887
1340237537810534400,negative,0.12996170024289738
1340237543007248385,positive,0.9479255426936684
1340237550955409410,neutral,0.49789225920557484
1340237553513979904,negative,5.62979449206803e-05
1340237560786915328,negative,0.005641053013676905
1340237561407664128,neutral,0.37355004706210115
1340237564154933249,negative,0.1324251921584709
1340237565002199042,neutral,0.49789225920557484
1340237567460057088,negative,0.1324251921584709
1340237570039549952,negative,0.0025997262476385374
1340237574095450113,negative,0.04206287678156329
1340237575433412608,negative,0.15237137935820858
1340237576687513602,positive,0.7692209384058338
1340237582924300288,negative,0.32974048965108876
1340237587886333952,negative,0.0009481519038122587
1340237590289649664,negative,0.027498129668180396
1340237591250153472,negative,0.1974121352994801
1340237592500027393,negative,0.051808576745814336
1340237594374844416,negative,0.07374297788963197
1340237594907521024,neutral,0.3403391890910929
1340237595226349570,negative,0.1403685915544057
1340237599756136448,negative,2.467983662641539e-05
1340237600636985344,negative,0.030412090836292552
1340237601954033664,positive,0.9888038712403892
1340237604625784832,neutral,0.4737554465528978
1340237610887897090,positive,0.9898326029436745
1340237612221644807,negative,2.245544465453847e-05
1340237613807099905,negative,0.001365057223727574
1340237615233175553,negative,2.245544465453847e-05
1340237617380651008,negative,7.778355795140745e-09
1340237623462424576,negative,0.0030817116640983887
1340237625823801344,negative,0.035564046587052395
1340237633889431552,negative,0.005641053013676905
1340237639107096577,neutral,0.6074029756133016
1340237642009632768,negative,0.08189507868957364
1340237647801937921,negative,0.3282419999848567
1340237651895578624,negative,0.14908347779845935
1340237656249217025,negative,1.5430918493936696e-05
1340237663035682821,negative,0.058542430267774746
1340237663140458496,negative,0.0030817116640983887
1340237663597600769,negative,1.0195811106254757e-05
1340237663950024707,negative,0.001659554898680203
1340237665233416193,negative,0.2562137835965162
1340237666546282497,negative,0.0030817116640983887
1340237672938352640,negative,4.3941249894833e-05
1340237675190775808,positive,0.7694231518714442
1340237679573823489,neutral,0.518230704382931
1340237687157092354,neutral,0.5916667328764619
1340237687203225600,negative,0.04326749920868208
1340237688583163904,negative,0.001909277145715189
1340237698200707072,negative,0.00021025536096518915
1340237700612407299,negative,0.00010047858336609763
1340237701283532800,negative,2.245544465453847e-05
1340237706606080000,negative,0.007247071730595812
1340237707382026240,negative,0.20768326991095687
1340237708720017409,neutral,0.513136929509853
1340237715640643584,negative,0.15765519978324488
1340237719331614720,negative,0.009423491111052314
1340237720573063168,negative,3.411893955905064e-06
1340237724213719040,negative,1.512608539510238e-08
1340237728357691392,negative,7.422449581454467e-09
1340237733768417280,negative,0.00035966600320592074
1340237734376583169,negative,0.029392816037876916
1340237740164722688,negative,0.0013201161246434105
1340237765775142912,negative,0.00042497639353849815
1340237767633199104,positive,0.8858683348168505
1340237775908581376,positive,0.9995706195762879
1340237781587664896,neutral,0.35260928573316896
1340237783873560576,negative,0.004544880680455239
1340237788512477185,negative,0.11919957096860226
1340237789091250176,negative,0.00011618568717061648
1340237791997911046,positive,0.9853748682447209
1340237792874524672,neutral,0.37850180513441434
1340237794564825089,negative,0.14599680165733653
1340237796045414400,negative,0.31251327812974533
1340237796628459521,negative,0.007643161298001848
1340237804052361217,negative,0.021220267157084804
1340237804266205186,negative,7.699949751767858e-12
1340237805910454272,negative,0.03298748440542616
1340237808431210498,negative,0.294467408976063
1340237809467207686,positive,0.763055105193896
1340237811564179457,negative,0.06095923918658917
1340237813237858306,positive,0.8198006741145838
1340237819936161792,negative,0.11723738185408288
1340237829109112832,negative,7.778355795140745e-09
1340237842342154240,neutral,0.5495922250151081
1340237845341102081,negative,0.004257051722704932
1340237848608387072,negative,0.0003431601791623333
1340237856703459328,negative,7.772289394516519e-06
1340237859194687488,negative,0.2562137835965162
1340237864878170113,negative,0.022586150593568236
1340237866387968004,negative,1.9817051491854986e-05
1340237866992058369,negative,1.2719376349931916e-08
1340237869642866690,negative,0.0001317333603699006
1340237870615945216,neutral,0.37356359750014606
1340237872243367936,negative,0.28459132022043676
1340237872385970176,neutral,0.47840844706262076
1340237874109792257,neutral,0.4338398597702173
1340237875238023168,positive,0.6684187259191502
1340237878304137219,negative,0.1324251921584709
1340237883823824896,negative,0.00046959214369252203
1340237895463030784,negative,6.010154343319973e-08
1340237896121528320,negative,0.2984602473213634
1340237899657297920,negative,0.2562137835965162
1340237907886485504,negative,0.0006568644664652742
1340237919131463680,negative,0.0011694138536039829
1340237919768948736,positive,0.9685034134821003
1340237920003887104,negative,0.005292651432501456
1340237920486219777,negative,0.1004337185188904
1340237928249909248,negative,0.2911153983328988
1340237928539316225,negative,2.2978675797978192e-05
1340237929738846208,negative,3.279815117229839e-08
1340237931978645504,negative,0.09079602115539762
1340237933085929473,negative,4.235785425123727e-10
1340237937376698368,negative,0.15658447191207567
1340237940144922625,negative,0.0030817116640983887
1340237941004783616,negative,0.18795859623648656
1340237941784895488,negative,0.3216886321472638
1340237943122894848,neutral,0.5585477578569895
1340237944381186048,negative,2.245544465453847e-05
1340237946969075712,negative,0.03583617138216301
1340237949649215494,negative,0.011615196699599073
1340237950475526146,negative,1.0495975381561157e-07
1340237951356301315,negative,8.829844144359058e-07
1340237951700262912,negative,0.005292651432501456
1340237952606040064,negative,0.005641053013676905
1340237954015490048,negative,2.395446754450951e-06
1340237960633929728,negative,0.009081920852200097
1340237963230363648,negative,0.0030817116640983887
1340237964308336640,negative,0.012161915281136125
1340237971371515905,negative,0.2212520373672582
1340237972755652608,negative,0.0015320501978372421
1340237973154111490,positive,0.7692209384058338
1340237977713336322,negative,0.0013119645220037981
1340237981093912576,neutral,0.4683830622225956
1340237981228150784,negative,0.02170283572127447
1340237981790199808,negative,0.11919957096860226
1340237983761502208,negative,0.17815223907053251
1340237986496176133,negative,7.350697168062342e-08
1340237987272134656,negative,0.04206287678156329
1340237991428632577,negative,1.0495975381561157e-07
1340237997023907841,neutral,0.5495922250151081
1340238007421571072,negative,0.003000731385775532
1340238010743468032,positive,0.9983907612497284
1340238011490033664,negative,0.23722340667970832
1340238029139693568,negative,4.6848199478638424e-05
1340238033514360832,negative,0.002510367180085811
1340238034508386304,positive,0.9979219107657824
1340238034562899968,neutral,0.5495922250151081
1340238035833802752,negative,0.0075668305061454815
1340238039323439104,negative,0.17032852370894974
1340238042787934208,negative,0.004712692690828251
1340238045098995712,negative,0.029094994177504198
1340238058541768705,negative,0.2866841357944507
1340238063319064577,negative,0.00022067667033271582
1340238063608475649,neutral,0.4075021103868519
1340238070189334528,negative,0.03415170537144859
1340238071166619648,negative,0.007643161298001848
1340238071808274433,negative,0.00046959214369252203
1340238072491991040,negative,0.14408459314273037
1340238081845243904,negative,0.011148479282507244
1340238086442258433,neutral,0.4257338531811726
1340238097506824193,negative,0.005641053013676905
1340238101181059072,neutral,0.5916667328764619
1340238102447730688,neutral,0.5030332264438171
1340238105077542912,negative,0.29052471103045613
1340238106814013440,negative,0.15784872887475487
1340238107174694912,negative,2.636309525992709e-05
1340238111075414016,negative,1.829143141939717e-10
1340238124501393408,negative,0.05567826625909541
1340238126334304256,negative,4.7957040554344444e-05
1340238128876023808,negative,0.00017799574693095363
1340238131103195136,negative,0.05362267296467327
1340238137096892416,negative,3.499836005421092e-06
1340238138258710528,negative,0.05375576744281549
1340238142192889858,negative,0.00011283829336722482
1340238143656747008,positive,0.758706618888645
1340238152666128384,neutral,0.49789225920557484
1340238154058657793,negative,0.07488637893890349
1340238154234814464,negative,0.004706074817777147
1340238171578265602,negative,0.06095923918658917
1340238173188861957,negative,0.007308412787132142
1340238175088898048,negative,0.10402765596324925
1340238175969665024,negative,0.1735625426733389
1340238178410749952,negative,7.44095494629185e-08
1340238182122737664,negative,0.0030817116640983887
1340238188917514241,negative,0.024185312217482137
1340238192381980679,negative,0.15784872887475487
1340238192620888065,negative,0.035564046587052395
1340238202683068416,neutral,0.3499352441185855
1340238205791166464,negative,0.06095923918658917
1340238209100308480,negative,3.159445397043134e-05
1340238209901576192,negative,3.279815117229839e-08
1340238213248630786,negative,0.008543641276974632
1340238214259486721,negative,0.1561962750841393
1340238228050337792,negative,0.008613200746697797
1340238232253059073,negative,2.245544465453847e-05
1340238233364553729,positive,0.751065068835529
1340238239488221184,positive,0.9911944784264376
1340238260119986177,negative,1.7483190345415834e-20
1340238260392615937,negative,0.001501777339999052
1340238261734805504,negative,0.005641053013676905
1340238265660674048,neutral,0.5258372353923634
1340238268764467200,negative,0.14408459314273037
1340238269536235521,neutral,0.331053557817272
1340238274451959808,negative,0.00988429677552664
1340238284631531520,negative,0.033229901653334275
1340238287387168770,neutral,0.37629003161015806
1340238288934858758,neutral,0.4256862530199209
1340238290226712578,negative,0.003978528542883897
1340238296727904256,negative,2.8605191359487926e-11
1340238304235687937,negative,0.0003032472430292667
1340238308522266625,positive,0.9995706195762879
1340238317607137280,neutral,0.5747370721056907
1340238321419759616,negative,3.560302522997896e-05
1340238329674121216,positive,0.8856137571282544
1340238331431579649,neutral,0.45373234417050695
1340238339581079552,neutral,0.3932538679356853
1340238386997719041,negative,0.0001720060315384136
1340238390340562946,neutral,0.5949654217714223
1340238392756477952,positive,0.7703180105932993
1340238405175795712,neutral,0.4257338531811726
1340238411874091008,negative,0.18795859623648656
1340238412155121665,negative,0.0004133048510409375
1340238413455388672,negative,2.245544465453847e-05
1340238416831758336,negative,3.560302522997896e-05
1340238420195598336,negative,1.349195705625338e-06
1340238425644019712,negative,0.05276454764817202
1340238425891475457,negative,0.1261073223804542
1340238426621300736,negative,0.002547920072945711
1340238428168962048,negative,0.012537798693861181
1340238434384920576,negative,0.0010663526586151102
1340238443780161537,neutral,0.49789225920557484
1340238447848656896,positive,0.9985233494557337
1340238449207554049,neutral,0.4101559401845283
1340238450453323782,negative,0.023380720006603347
1340238450814029824,negative,0.02400606133921087
1340238450826600449,negative,3.560302522997896e-05
1340238454383407105,negative,2.245544465453847e-05
1340238462453243904,negative,0.02364340460774019
1340238467004022785,negative,3.560302522997896e-05
1340238470980268034,neutral,0.3370748217490471
1340238472909565957,negative,0.0011992241148895447
1340238487086374916,negative,0.010300060465445918
1340238487728099328,negative,0.00124213958863079
1340238491809148930,negative,0.26598484253696286
1340238493252014082,negative,2.636309525992709e-05
1340238498423582723,negative,0.00725206814978818
1340238501762240513,negative,4.262116684593851e-09
1340238503695806464,negative,0.2604720461410208
1340238504341565445,negative,0.21921412548362115
1340238505381916672,negative,0.00012260092755757087
1340238510171828224,negative,3.099570314393713e-05
1340238519868993536,negative,0.0016900417827783272
1340238520477204480,negative,0.008062231893022943
1340238521785868288,negative,2.245544465453847e-05
1340238522498871297,negative,0.0007219672330390566
1340238526420545537,negative,0.11919957096860226
1340238541872390144,negative,0.18795859623648656
1340238543306846208,negative,0.17554979317679714
1340238546301534208,negative,3.279815117229839e-08
1340238550286131203,negative,0.18795859623648656
1340238564009885697,negative,0.11919957096860226
1340238570422984704,positive,0.9898326029436745
1340238571345731587,neutral,0.5484721848804258
1340238573942042624,negative,0.005641053013676905
1340238575280017408,negative,9.543597805983667e-06
1340238579306532864,neutral,0.3603744621668681
1340238580405444609,negative,0.15784872887475487
1340238580422221825,negative,0.0030817116640983887
1340238592816410625,negative,0.005292651432501456
1340238596331204610,negative,6.969923722882408e-10
1340238599246241793,negative,0.00046959214369252203
1340238599623729152,negative,3.099570314393713e-05
1340238603755118595,negative,0.0032194245256588175
1340238604199706624,negative,0.07803285826731064
1340238605197959168,positive,0.9594129669902308
1340238606103965697,negative,0.0005360870224389645
1340238611200020481,negative,1.0495975381561157e-07
1340238611673956352,negative,0.0024100005779383996
1340238612382666752,negative,0.1498248283757629
1340238619689316352,negative,6.333500276781533e-05
1340238620456792064,negative,0.1296745325691942
1340238620972740609,negative,0.024185312217482137
1340238622063288321,negative,1.9741189075201632e-08
1340238629101326337,negative,0.1324251921584709
1340238634809778178,neutral,0.6489201657831355
1340238636114202630,negative,0.06353802655632194
1340238636328116224,negative,0.030549402636662008
1340238639427665920,negative,0.006372415274502249
1340238644309876738,negative,0.03298748440542616
1340238655198248963,negative,0.015799163894490608
1340238658344017920,negative,7.175645576417825e-07
1340238659556167684,negative,0.17530011606073342
1340238661850423296,negative,0.0019559257654619723
1340238671799312384,negative,0.25039576837051664
1340238673451905024,positive,0.7692209384058338
1340238679013527552,negative,0.04326749920868208
1340238686412222464,neutral,0.4509830109886146
1340238687297282048,negative,0.17794418418239355
1340238687343403008,negative,0.2562137835965162
1340238695807528960,negative,0.035985087376097916
1340238696033955840,negative,8.283538714242393e-09
1340238697330077696,negative,0.06361911585244562
1340238703726391298,negative,0.00024092986755106633
1340238705118736386,negative,0.2562137835965162
1340238707115368448,negative,2.203407634437674e-06
1340238721262776322,neutral,0.5710158220293333
1340238724077109249,negative,0.05780518251815541
1340238725519912960,negative,0.010046159375805221
1340238727508049922,negative,0.039310830055794506
1340238731782082560,negative,2.245544465453847e-05
1340238735464689666,negative,1.3847499090708426e-06
1340238735632453634,negative,8.23997875598639e-05
1340238744805404673,negative,0.07432992714357697
1340238748332687360,negative,0.06095923918658917
1340238752501948417,negative,7.579257913061757e-10
1340238752854237184,negative,0.2212520373672582
1340238754930421765,negative,0.25658283907935364
1340238755844780032,negative,0.06390535205371455
1340238760810786817,negative,0.04219495405817843
1340238766263463936,negative,0.006046014661064685
1340238766729011201,negative,4.235785425123727e-10
1340238771057553408,neutral,0.3932538679356853
1340238771867049984,neutral,0.487980366762386
1340238775897772033,negative,0.007709122275237722
1340238777478995973,negative,9.962238268455977e-05
1340238779819421696,negative,0.00040774308843064027
1340238785976647682,negative,0.13183691138222864
1340238795598422016,negative,0.011108980461745062
1340238796143669249,positive,0.843358890778824
1340238796969938946,negative,3.560302522997896e-05
1340238798857379840,negative,0.25658283907935364
1340238802510639104,positive,0.7692209384058338
1340238804930715649,negative,0.003108308616131283
1340238807896121345,negative,0.03250908893057303
1340238811960406018,negative,3.560302522997896e-05
1340238812581163009,negative,1.567572162273701e-05
1340238814661505024,negative,0.002929522076451359
1340238824602013696,positive,0.9668940899071713
1340238827483516929,negative,2.245544465453847e-05
1340238835293286401,negative,3.786989535526308e-08
1340238837835067395,negative,0.00467806196798788
1340238838627758080,positive,0.8567768078059305
1340238842721406978,negative,0.01100520310926642
1340238844445208577,negative,3.560302522997896e-05
1340238846596935681,negative,0.11919957096860226
1340238848647966725,negative,0.0005269260115413234
1340238852053630982,negative,0.005641053013676905
1340238854154899456,negative,0.18588260128348896
1340238855778291715,neutral,0.35243252354382365
1340238857737007104,negative,0.007247071730595812
1340238860496809985,negative,0.008367784861506229
1340238862715654144,neutral,0.6450754529981741
1340238866964463616,negative,0.0003276855803901396
1340238871188127745,neutral,0.49789225920557484
1340238888862887936,negative,0.0003019739405744129
1340238900728651778,neutral,0.535727883295744
1340238914477584384,negative,0.001891929046128596
1340238919867183104,neutral,0.39543724173162154
1340238920953507840,negative,2.245544465453847e-05
1340238920986939392,positive,0.9995113963896067
1340238929191170049,negative,0.0003276855803901396
1340238938351538178,negative,0.1504030197459501
1340238942445199360,negative,0.0030817116640983887
1340238947163787264,neutral,0.5916667328764619
1340238952826085376,negative,4.235785425123727e-10
1340238958794575872,negative,1.3850192665711902e-05
1340238962233884672,negative,1.1184443919603734e-05
1340238966180753410,negative,0.010904958272793402
1340238967321612288,negative,0.00019786529186808973
1340238970844811264,negative,0.0026616746057292282
1340238975894745094,negative,0.015499433754575126
1340238977635332096,negative,2.4057223800006147e-09
1340238982236532736,negative,0.0030817116640983887
1340238983557767168,negative,0.2067414052348579
1340238985696849922,negative,0.06276299194417685
1340239005040951296,negative,0.0007219672330390566
1340239013412823040,neutral,0.5976560205634295
1340239014905991169,positive,0.9594129669902308
1340239015258300416,negative,0.026342289183411288
1340239016101330945,negative,0.0014245533528228812
1340239025769222144,negative,0.0010018997378336656
1340239028617146369,negative,0.0003276855803901396
1340239031897120773,negative,0.015585918393357084
1340239032278724608,negative,0.02400606133921087
1340239034535305216,negative,0.2562137835965162
1340239043498549248,negative,1.0495975381561157e-07
1340239046560407552,negative,2.636309525992709e-05
1340239047176949761,negative,0.15744154320419013
1340239054886068226,negative,0.0014258352099977942
1340239054932205568,negative,0.0022399323181496486
1340239064713314304,negative,0.0030817116640983887
1340239067087335425,negative,0.010064482931509711
1340239067334774784,negative,0.005471384416414179
1340239071994646531,negative,2.245544465453847e-05
1340239084736942083,positive,0.959718217666004
1340239086448209921,negative,0.10938358228435412
1340239094148960262,positive,0.9548290495054544
1340239108925435906,negative,7.048803776716456e-07
1340239110141841409,neutral,0.49789225920557484
1340239111286747142,negative,0.31707605045421383
1340239126667399168,negative,0.29497239575008544
1340239128915533824,neutral,0.5535568045326904
1340239132740759553,positive,0.7060752315932002
1340239143775944704,negative,0.0003276855803901396
1340239156455354368,negative,0.2562137835965162
1340239168971169792,negative,0.06428578843176622
1340239176478961664,negative,0.0030817116640983887
1340239182933975041,negative,0.2242134469337941
1340239184859070465,neutral,0.35792368892763515
1340239193147121664,negative,0.08189507868957364
1340239193226752000,negative,0.008911030342240108
1340239194250227713,negative,0.002818128185098287
1340239199375486976,neutral,0.3726847435457324
1340239199635726337,negative,0.2353830784871076
1340239199920939009,positive,0.79290970592144
1340239201862762496,negative,0.03577551826606967
1340239202336862208,positive,0.8260534269944707
1340239202684985344,negative,0.050785299429417105
1340239203746131969,neutral,0.468356935312215
1340239204886990849,negative,0.03023166579483087
1340239208070471680,negative,0.0032810920046743566
1340239210075328513,negative,0.14947558309431874
1340239210100502528,neutral,0.5747370721056907
1340239210813530114,negative,0.0005311634676145281
1340239214244409345,negative,0.1892692590074574
1340239219982217218,negative,1.3800344975104271e-06
1340239220032610304,negative,0.06091914650497922
1340239220837928962,neutral,0.4139184227263355
1340239221638844417,negative,0.005641053013676905
1340239226194038784,negative,0.0004172776390847931
1340239230103109633,negative,0.034031047439753256
1340239231143297025,negative,6.134514336549344e-07
1340239231545913346,neutral,0.49789225920557484
1340239236444909568,negative,3.279815117229839e-08
1340239239708090368,positive,0.953282867249049
1340239245496246278,negative,0.015626761052108744
1340239245777231872,negative,5.448600260067005e-07
1340239247089889280,negative,0.11707347520040107
1340239267445039104,negative,0.015626761052108744
1340239272104914946,negative,4.2589634695622206e-05
1340239278836740097,neutral,0.5288636399463092
1340239288915681282,negative,8.914557604094758e-07
1340239293432950784,negative,0.21590048928763958
1340239296268279810,negative,0.17409081272168986
1340239299137167360,negative,6.75534838058964e-06
1340239300538093568,negative,0.19285574248697288
1340239301850898432,negative,0.22498069061301407
1340239307899101184,negative,0.20768326991095687
1340239332842594305,negative,0.00040774308843064027
1340239338953732096,negative,3.560302522997896e-05
1340239345995886595,positive,0.739539816809568
1340239350924242944,neutral,0.3403391890910929
1340239352060911616,negative,0.00012247349426871992
1340239354275479552,negative,0.00022067667033271582
1340239356834017280,negative,2.245544465453847e-05
1340239356947288064,neutral,0.437369725752128
1340239362089492482,negative,0.00015373784596571448
1340239373418311680,positive,0.8795443655192069
1340239380645068804,negative,0.058287723794138546
1340239388870123522,negative,0.008745705258354464
1340239392267513860,negative,0.03241007592516124
1340239397699072000,negative,0.016615814225763647
1340239400211460097,negative,0.041573523065357346
1340239419689889792,negative,6.088183832659343e-08
1340239420520345602,negative,0.0005289568868953349
1340239439197597701,negative,3.37471501414547e-08
1340239441919680512,neutral,0.38628023890310026
1340239451352608769,negative,9.269655376596854e-07
1340239452153802753,negative,0.061327031023148265
1340239455228219393,negative,4.357196052273787e-05
1340239455857352714,negative,1.0495975381561157e-07
1340239460462637056,negative,0.0074693932335811635
1340239462236884992,positive,0.7757524682255411
1340239464019369986,negative,0.10541118325302348
1340239468582846465,negative,8.537707417758855e-07
1340239471724392449,negative,0.02504782281836099
1340239471812505600,negative,3.6746735949484935e-07
1340239487226540032,neutral,0.5717062976720172
1340239489579573249,negative,0.0006142418113350749
1340239495740964864,negative,0.00041623179620630275
1340239497083105281,negative,0.035564046587052395
1340239499834630146,negative,5.954569776310943e-06
1340239500115664901,negative,0.05909050158871611
1340239505656320000,negative,0.17970240500432197
1340239509057908738,negative,0.005641053013676905
1340239511465422848,negative,0.11919957096860226
1340239513738760192,positive,0.7692209384058338
1340239516934791169,negative,0.17947850286963996
1340239517786267655,positive,0.9993299243290779
1340239520323809288,negative,0.016074348968718687
1340239522584518658,negative,0.0032073714238621594
1340239528104226817,negative,0.17835192571030348
1340239537503694849,negative,0.03890850347801089
1340239538644520960,negative,5.9327816785375415e-06
1340239542369067009,positive,0.7692209384058338
1340239542968852481,negative,0.0003276855803901396
1340239544751370240,negative,0.07873929159415846
1340239548039782400,negative,0.001344774716170636
1340239550229086209,negative,0.043012578638647415
1340239551638474754,neutral,0.5535568045326904
1340239554616410112,negative,0.05863306366521428
1340239561381785601,negative,0.08054830505789652
1340239563504177152,negative,0.06095923918658917
1340239567312580609,neutral,0.3387250946062337
1340239572710600707,negative,0.04062864346478029
1340239573557911554,negative,8.815762954659765e-06
1340239584882520064,negative,0.02321179817818118
1340239586296029187,negative,1.7844359833015905e-08
1340239638364106752,negative,0.027840932350006297
1340239638531887104,negative,0.00035305057869113477
1340239649508356097,negative,0.0003276855803901396
1340239651639078912,positive,0.9594129669902308
1340239656680624128,negative,6.0948210321262034e-05
1340239657427116032,negative,0.005641053013676905
1340239660656844803,negative,0.004197383794498415
1340239662724620288,positive,0.9023089907739353
1340239664175837184,negative,0.11202655709513351
1340239664377176065,negative,1.3850126871326868e-05
1340239667254444032,positive,0.751065068835529
1340239667992666112,negative,1.3850126871326868e-05
1340239668131098624,negative,0.0003276855803901396
1340239669758472193,negative,0.03298748440542616
1340239670484058112,negative,0.1324251921584709
1340239673113915392,negative,0.06797812857241288
1340239675479486468,negative,0.002753211683435081
1340239687479341065,negative,0.0003276855803901396
1340239689085808643,negative,0.00015696740476744676
1340239691241631745,negative,0.034910511110297276
1340239697377947650,negative,0.005641053013676905
1340239697789001731,neutral,0.6450754529981741
1340239699194109953,negative,0.015626761052108744
1340239699789688832,negative,0.036875483716270044
1340239700339134464,negative,6.5054073564873e-05
1340239701362524160,neutral,0.49789225920557484
1340239701920387079,negative,0.005292651432501456
1340239705187766272,neutral,0.5147322609438805
1340239710271254528,negative,0.0015320501978372421
1340239711772831744,neutral,0.6081845844871054
1340239712552853506,negative,0.13607140775406112
1340239718538219520,negative,6.17909701035665e-06
1340239720345952256,negative,0.01966113542809122
1340239721042198528,negative,0.06797812857241288
1340239723890139136,negative,0.00023528448266095145
1340239724548661250,negative,0.01569260666170957
1340239729921576967,negative,0.20294718283800492
1340239735848112129,negative,0.2212520373672582
1340239736120762368,negative,3.279815117229839e-08
1340239737387442177,neutral,0.39295099022286983
1340239739606216704,negative,0.0032124366734094583
1340239743200714753,negative,0.08619920596137189
1340239746405167105,positive,0.7692209384058338
1340239746556190720,negative,0.22619199238790094
1340239750331068416,negative,1.3041167532658278e-06
1340239755796246528,neutral,0.49789225920557484
1340239756328841216,negative,0.06944301008624844
1340239760560967693,negative,3.944907628774116e-10
1340239768614031360,negative,0.009883841139254734
1340239773580095489,negative,0.009495051983623808
1340239818962448384,negative,6.66903842272411e-05
1340239820958908416,negative,0.09383437003557986
1340239821365764097,negative,0.002385579709188044
1340239829704073216,negative,3.2739541861160216e-08
1340239833227276290,negative,0.00010894939460057523
1340239838625361922,negative,0.016074348968718687
1340239840441413632,negative,0.06659817064556701
1340239845462052864,negative,2.0339289776567187e-06
1340239850688159744,neutral,0.579000988134708
1340239852621672449,negative,0.0024100005779383996
1340239855809380357,negative,0.0007740670022534217
1340239857147375619,negative,0.03691969554694831
1340239859521368064,negative,1.3041167532658278e-06
1340239861316526081,negative,6.256425639049434e-05
1340239861530431488,neutral,0.36693669880798785
1340239862012764160,negative,0.16509368695772986
1340239862713217024,negative,0.05114230860649749
1340239863958941696,negative,0.010904958272793402
1340239867125657600,negative,0.024632462511154127
1340239868400721920,negative,4.002674882878728e-05
1340239869369573376,negative,0.0020639161090875544
1340239875661062147,negative,8.914557604094758e-07
1340239876751581184,negative,0.005641053013676905
1340239876827082753,negative,0.023075944015281635
1340239893952344064,negative,0.23111939314063135
1340239897555329025,negative,0.07393459354148145
1340239900197736448,negative,5.947843240126432e-05
1340239907558731776,negative,0.23030036631592224
1340239908364046337,negative,2.245544465453847e-05
1340239909630726145,positive,0.9668940899071713
1340239911501312000,negative,0.26503557648881937
1340239911937519622,negative,0.0033002269145344155
1340239912801546242,negative,0.01703163790069632
1340239918317133824,negative,0.11919957096860226
1340239921504784384,positive,0.9962810299249868
1340239926273568768,negative,0.2562137835965162
1340239928349913089,negative,5.07399580858658e-14
1340239931390763010,negative,5.5284337178853056e-05
1340239944774791170,negative,0.014074828535764517
1340239945693356033,negative,5.812683952431109e-05
1340239946364366849,negative,2.245544465453847e-05
1340239949044609026,negative,0.05407329772709921
1340239957697449984,negative,0.04637231867589614
1340239957726818304,negative,0.25401421255941126
1340239962017546242,negative,2.4710891387347902e-05
1340241106785759233,negative,0.294467408976063
1340241108920651779,negative,2.245544465453847e-05
1340241112527728640,negative,0.0030817116640983887
1340241113869905920,negative,2.465124202664501e-08
1340241114469687299,negative,0.0003276855803901396
1340241118194094085,neutral,0.437369725752128
1340241132039663616,neutral,0.4737554465528978
1340241135034351616,negative,0.06243313744366407
1340241135114063872,negative,1.5650262942088096e-10
1340241137563561985,negative,0.07393459354148145
1340241139597774848,negative,0.04206287678156329
1340241142374383616,negative,0.07393459354148145
1340241144467304450,negative,0.0006194661338691405
1340241146967183360,negative,2.245544465453847e-05
1340241147613106176,negative,2.245544465453847e-05
1340241149588594688,positive,0.9845644697550272
1340241149689151488,positive,0.8856137571282544
1340241149915770881,negative,0.2562137835965162
1340241155636817921,negative,0.0013201161246434105
1340241159994679296,negative,0.011012264105417075
1340241166395199489,neutral,0.37066187254162397
1340241169645711361,negative,0.04206287678156329
1340241171961004032,negative,0.0010751997583714043
1340241176121798656,positive,0.976838670223403
1340241177027747840,negative,2.2631909539252005e-12
1340241185961611264,negative,0.06497968986638192
1340241187387654147,negative,8.23997875598639e-05
1340241188968914944,neutral,0.4737554465528978
1340241194446594049,negative,0.2722334440759191
1340241198062202880,negative,2.6609492770808657e-05
1340241202071957504,negative,0.07487646524862356
1340241210666041344,neutral,0.37066187254162397
1340241212649791488,positive,0.6719969582102309
1340241218861711361,negative,0.32085315809551634
1340241222380752904,negative,8.054748254388159e-05
1340241225601957888,negative,0.31079198943977665
1340241231260073984,neutral,0.5535568045326904
1340241323727724545,negative,0.20408354978559265
1340241324814036992,negative,0.009217876615135422
1340241325237669889,negative,5.774279915468952e-05
1340241328123367424,negative,2.245544465453847e-05
1340241331373924354,positive,0.7692209384058338
1340241341771632646,negative,2.245544465453847e-05
1340241344510488584,negative,0.17580484628781418
1340241348092436480,negative,0.07393459354148145
1340241355528814592,negative,0.05670649607123381
1340241355596062721,positive,0.8795443655192069
1340241362420178947,negative,0.0030817116640983887
1340241364873859072,negative,0.0003276855803901396
1340241367008759814,negative,4.258954468170299e-05
1340241371995770880,negative,0.04206287678156329
1340241374831124480,negative,2.163116296999952e-06
1340241384071188482,negative,0.00782401639300656
1340241384872300545,negative,0.009739152793560957
1340241385803436032,neutral,0.3809545972922881
1340241388894642183,positive,0.8397849324169719
1340241391167954945,negative,0.17530011606073342
1340241391394426880,negative,3.560302522997896e-05
1340241391713185792,negative,2.245544465453847e-05
1340241394556837891,negative,0.18510384697595675
1340241395009941504,negative,0.00022067667033271582
1340241401267798016,negative,0.050785299429417105
1340241404212236288,positive,0.9898326029436745
1340241410470064129,negative,7.778355795140745e-09
1340241411850067968,negative,0.029200385739245965
1340241417491410944,neutral,0.5535568045326904
1340241418288312321,negative,0.00012154606643965726
1340241426043576321,negative,2.245544465453847e-05
1340241432779632641,negative,0.22498069061301407
1340241434994237441,negative,0.10938358228435412
1340241440350351360,negative,5.5284337178853056e-05
1340241451851104256,negative,0.00925010093447855
1340241457341468674,negative,0.013126435831802077
1340241464337510401,negative,0.017065773258974692
1340241465751052289,negative,0.00012914254041281837
1340241467957260289,neutral,0.37515267462809027
1340241468498337792,negative,1.7107518810492709e-06
1340241470213730306,negative,1.386774632760267e-05
1340241471014879232,negative,0.06091914650497922
1340241472029908992,negative,0.035564046587052395
1340241473762074626,negative,0.07916051215830848
1340241473888002048,negative,1.0495975381561157e-07
1340241478644338688,negative,0.14846804529181534
1340241483065114630,negative,0.0002204713823113704
1340241483702689792,negative,0.008467850632101403
1340241485950836737,negative,3.279815117229839e-08
1340241486785310721,negative,5.07938524583409e-06
1340241488219959296,positive,0.7692209384058338
1340241493525737472,neutral,0.3574472076879422
1340241493651546112,negative,0.00015706408530550132
1340241499993337856,negative,1.0495975381561157e-07
1340241503071944707,negative,9.217982816237202e-07
1340241506347741186,negative,2.245544465453847e-05
1340241507174014976,neutral,0.6204322600133386
1340241507366936576,negative,0.1843082169117055
1340241508780429313,negative,0.005292651432501456
1340241512194519041,negative,0.00023528448266095145
1340241526333480960,negative,0.0007629391599481632
1340241530326532097,neutral,0.4737554465528978
1340241532092334080,neutral,0.6380767243738696
1340241536802557952,negative,0.005292651432501456
1340241544364908546,negative,0.00010894939460057523
1340241553990803457,negative,0.006344576302257162
1340241554808696833,negative,0.002443693649821711
1340241558889750528,negative,9.217982816237202e-07
1340241564430307328,negative,1.550012394553019e-05
1340241571762081793,negative,6.871673680409456e-07
1340241572068270080,positive,0.7098296528202616
1340241572831653889,negative,0.2727634044149032
1340241576082214912,negative,1.0495975381561157e-07
1340241576916762624,negative,0.07873929159415846
1340241577273376769,negative,2.245544465453847e-05
1340241581820039169,negative,0.00019559714255748732
1340241591118737408,negative,0.00033089168977573137
1340241606935506954,negative,4.728819449887646e-06
1340241608630001664,positive,0.9988323802573411
1340241612136452096,negative,0.0003892699936966403
1340241614673985536,negative,4.7737938485616325e-12
1340241615487725571,negative,0.04206287678156329
1340241619845603328,negative,4.209698495761994e-05
1340241621506551809,negative,0.05085508387257461
1340241626107695104,positive,0.7467618491651539
1340241633258946560,negative,0.2695403990710265
1340241635981074432,negative,0.0003276855803901396
1340241643807621120,negative,1.6858823402929179e-06
1340241649079898112,negative,0.1937620985314046
1340241654335332352,negative,1.919083200515662e-06
1340241658034737154,negative,0.0030817116640983887
1340241663852089345,negative,0.0015759432271769329
1340241666662408192,negative,2.245544465453847e-05
1340241674904227840,negative,0.00019885203196365716
1340241683691302913,neutral,0.3387250946062337
1340241684349804546,negative,0.014777568872298676
1340241686195257344,negative,0.009838589511400653
1340241693090701312,negative,1.4141552876317003e-05
1340241694755794945,negative,0.002443693649821711
1340241701630320641,negative,0.31357427666718746
1340241703970746369,neutral,0.5535568045326904
1340241704197230593,negative,1.3441305051724858e-06
1340241709368795136,neutral,0.3665382928158596
1340241711390478337,negative,0.008300487533847703
1340241717388308480,negative,0.0003276855803901396
1340241723469877250,neutral,0.49789225920557484
1340241726150225920,negative,2.5936283986209674e-05
1340241728486465536,negative,0.09720279086776717
1340241730264846337,negative,3.821037409598756e-05
1340241730428407809,positive,0.9999718696555177
1340241732399730688,negative,0.0015337132858868154
1340241741107048449,negative,0.00010427289345984026
1340241742688378880,negative,0.0030817116640983887
1340241748845539328,negative,0.027840932350006297
1340241755468423169,neutral,0.3403391890910929
1340241758043684865,negative,8.23997875598639e-05
1340241777136201730,negative,0.040767898807291786
1340241785688383490,negative,0.015585918393357084
1340241789391941638,negative,0.26587984096627887
1340241789525999620,neutral,0.49501279394789377
1340241800460726272,negative,0.033229901653334275
1340241803631595520,neutral,0.5155204413306359
1340241811198111747,negative,0.05942457593956271
1340241812791934978,positive,0.6719969582102309
1340241813660176385,negative,0.007709122275237722
1340241819137880065,positive,0.9876940330486067
1340241819997786112,negative,0.04637231867589614
1340241833595711490,negative,0.08180498095876121
1340241834677833728,negative,2.245544465453847e-05
1340241837768978433,negative,4.7957040554344444e-05
1340241844710596608,neutral,0.49789225920557484
1340241846526730240,negative,2.6698038079467657e-05
1340241851085811712,negative,0.0541429157249459
1340241851882860545,negative,0.06276299194417685
1340241858996408323,negative,0.01082987476043166
1340241869465370624,negative,0.2353830784871076
1340241873789726721,negative,1.0495975381561157e-07
1340241875215601664,negative,0.0007263874093524768
1340241878697062407,negative,0.13664261980760276
1340241879254888448,negative,0.06659817064556701
1340241880123121671,neutral,0.46511884455441777
1340241881293328384,neutral,0.5535568045326904
1340241882740371456,negative,0.016074348968718687
1340241888390070273,negative,0.0004493384214931203
1340241890306875394,negative,0.11707347520040107
1340241892215320578,negative,0.14908347779845935
1340241901866389506,negative,0.03768164933743037
1340241917301436416,negative,0.07873929159415846
1340241924117192705,negative,0.0003966095254021609
1340241924276543489,negative,0.04637231867589614
1340241927741059073,negative,9.188758357504309e-05
1340241928693157889,negative,0.19285574248697288
1340241971504361473,neutral,0.4545729117725756
1340241979469406208,negative,0.30109049170032803
1340241980216008704,negative,2.7310906135576693e-05
1340241984192208896,negative,0.0007965459759871982
1340241986356469760,negative,0.0002754655472020893
1340241994476621824,negative,0.1438623315654821
1340241998549196800,negative,3.217129636648138e-05
1340242000457691137,negative,0.035564046587052395
1340242002693169152,negative,0.00022609342480064674
1340242004337446912,negative,0.020694182128180635
1340242004429574145,negative,0.2562137835965162
1340242014177271809,neutral,0.5172827447387344
1340242015578034177,negative,0.1636577827160749
1340242022599430145,negative,2.5127044995483873e-06
1340242026084904960,negative,0.028313679676873035
1340242027804585984,negative,0.012974445437282886
1340242028425342976,neutral,0.46127768308170247
1340242033005514753,negative,0.13613169568371197
1340242033492054016,negative,0.09045214774839226
1340242040064512000,positive,0.953282867249049
1340242041930977281,negative,6.010154343319973e-08
1340242042593685505,negative,0.007247071730595812
1340242043956842501,negative,0.06276299194417685
1340242047270346753,negative,0.1980392042700414
1340242048180432896,negative,0.0030817116640983887
1340242048256008192,negative,0.016970615334463784
1340242051011670016,positive,0.8856137571282544
1340242051263320065,negative,0.035564046587052395
1340242052890673157,negative,0.0016482010068435177
1340242055759622144,negative,0.012161915281136125
1340242056040624128,negative,0.007308412787132142
1340242062101401601,negative,0.06659817064556701
1340242062378188800,neutral,0.5253589404613335
1340242067176484865,negative,0.11338779681421211
1340242067218452482,negative,0.02376740015299237
1340242078522064896,negative,0.01438360052995716
1340242084096303104,negative,3.563822568093727e-05
1340242093525131267,negative,7.531090303117703e-05
1340242096859586560,negative,0.30248127565626065
1340242101448167424,negative,2.430653734498525e-10
1340242108632997889,neutral,0.6278298173497824
1340242110755328000,positive,0.818898974764819
1340242112948920320,negative,0.0001417894025948392
1340242114454704129,negative,1.8682980976698827e-05
1340242115926880256,negative,0.00015964965152360632
1340242116400861188,negative,0.06240133477062357
1340242120280567811,negative,0.2285818469250106
1340242122797101057,negative,0.18434094660001213
1340242148369829898,positive,0.7609690919098466
1340242151150661632,neutral,0.41956321267742214
1340242153629478912,negative,0.014958042169981117
1340242154136817664,negative,0.007643161298001848
1340242162932477952,negative,0.05909050158871611
1340242163637104640,negative,5.681445195594509e-07
1340242168175185921,negative,0.10940690580394623
1340242173334269953,negative,0.033229901653334275
1340242177205657600,negative,3.279815117229839e-08
1340242183279022080,positive,0.9985233494557337
1340242183471976451,negative,0.0003276855803901396
1340242195459301377,negative,0.005052663618649796
1340242198034575360,negative,5.6969115904350925e-08
1340242201616510977,negative,0.005641053013676905
1340242203168415746,negative,7.023427484279638e-05
1340242203705270272,negative,0.06637496885373753
1340242207941398528,negative,0.013214089385010072
1340242207983452160,negative,0.15800446344345742
1340242210957242368,neutral,0.3574472076879422
1340242217890410496,negative,3.560302522997896e-05
1340242218876088320,positive,0.9716138967518603
1340242230825676800,negative,0.018237806739242142
1340242232935411713,negative,0.09086843150405403
1340242232977317890,neutral,0.4513605618894927
1340242235183542273,negative,0.08189507868957364
1340242240443211780,negative,0.0032671541862282177
1340242250043895808,neutral,0.35260928573316896
1340242250304004101,negative,0.0827525686091853
1340242250572455936,negative,0.28127451536213866
1340242251038007296,negative,0.012365653404255307
1340242251772014592,negative,0.0002777277764107615
1340242256482107393,positive,0.9898326029436745
1340242257279131649,negative,0.0012981241762472756
1340242258554138624,negative,3.279815117229839e-08
1340242264623353856,negative,0.1808482412859558
1340242266762473474,negative,1.2453510345496937e-08
1340242268750565376,negative,0.03298748440542616
1340242271409758208,neutral,0.41964833841331384
1340242278653304832,negative,0.012305154390567147
1340242282017124352,negative,3.560302522997896e-05
1340242283745189889,negative,6.010154343319973e-08
1340242285183774721,positive,0.9988294119876653
1340242291118764033,negative,6.932894418783629e-06
1340242297108258816,negative,0.00015597105502952044
1340242302074236929,negative,8.625085897560701e-08
1340242304280485888,negative,0.025379950160058132
1340242305933058049,negative,0.012537798693861181
1340242306528624640,negative,8.23997875598639e-05
1340242306822238208,neutral,0.35522819945540557
1340242308156059648,negative,0.09256583123675433
1340242309062021120,negative,0.02170283572127447
1340242309624045568,negative,0.02994449202947307
1340242317266055168,negative,0.0003276855803901396
1340242318394322944,negative,0.15863345115983205
1340242322995507201,negative,5.41564448056159e-09
1340242325046484993,neutral,0.34533447752142954
1340242337402908674,positive,0.7305460823907186
1340242339399385088,negative,0.015626761052108744
1340242340305395712,positive,0.9801283881709896
1340242344046710784,negative,0.0015320501978372421
1340242347276324864,negative,0.011206817702097704
1340242348299739136,neutral,0.35260928573316896
1340242355945943040,negative,0.02504782281836099
1340242356528848898,neutral,0.6529879212398054
1340242356646371328,negative,0.0553545922647358
1340242367174111239,negative,2.026957205619814e-05
1340242375332032512,negative,0.01465502055503794
1340242377852809218,positive,0.6646393315409048
1340242378704244737,positive,0.751065068835529
1340242379383730176,negative,2.245544465453847e-05
1340242380658761729,negative,0.00014247596136289595
1340242381438922752,negative,3.687786312643656e-08
1340242392465747968,negative,0.009739152793560957
1340242392788721665,negative,0.01730959465904324
1340242396471152640,positive,0.9871297550132515
1340242397775708161,negative,0.0027486510083022894
1340242402544656384,negative,0.0040322198627915345
1340242404075552768,negative,0.2562137835965162
1340242407493947392,positive,0.9898326029436745
1340242409943408640,neutral,0.3665382928158596
1340242416805289984,negative,4.820646895581215e-07
1340242418159943680,negative,0.17688705848245306
1340242418604630021,negative,2.117291864859157e-18
1340242418713710592,negative,0.30017923731916224
1340242419393171456,negative,1.0495975381561157e-07
1340242420957655040,negative,0.0062536226633173285
1340242431875436544,negative,2.783158143537703e-10
1340242431879614464,negative,8.623251898534935e-05
1340242433762836480,negative,0.00014606706784239183
1340242434714906626,negative,0.29086436340986543
1340242437026029570,positive,0.8260534269944707
1340242438426939398,negative,0.035564046587052395
1340242447683776514,negative,0.18795859623648656
1340242448203853825,negative,0.10752809164879122
1340242448229011457,negative,0.16934152994163187
1340242450615590914,negative,0.009106594652738699
1340242451316035584,negative,0.147019632260845
1340242451936776194,negative,0.18795859623648656
1340242458643456003,negative,0.09480178016041868
1340242463542431744,negative,4.128037988370648e-07
1340242472795066368,negative,4.210148066619693e-09
1340242480885862403,negative,0.1324251921584709
1340242481380790277,negative,0.2384394313300066
1340242483322777601,negative,0.11609754661278163
1340242491182899202,negative,1.961337491025236e-06
1340242492449538050,negative,0.038859348144624405
1340242493581963265,neutral,0.6356440939786347
1340242498007027723,negative,6.864142919645527e-09
1340242498514538498,positive,0.9668940899071713
1340242502285217803,neutral,0.38019679021634445
1340242503979720704,negative,0.2602326869289489
1340242507133825025,negative,0.07587810037657962
1340242508270415873,negative,0.003499965509396469
1340242509910388738,negative,0.027840932350006297
1340242515786682368,negative,0.00939700091130693
1340242518085169154,negative,0.00013171161365320105
1340242521541275648,negative,0.021220267157084804
1340242522883371012,negative,2.6392119678307768e-05
1340242532714897408,negative,4.282131062451632e-07
1340242534153515008,positive,0.8590616343514422
1340242537865486337,negative,0.0025420048185416473
1340242539807469569,negative,0.06289269658965506
1340242540331757569,negative,0.2562137835965162
1340242541116055552,negative,0.10842487328045251
1340242545197068289,positive,0.987244580931205
1340242545838862339,negative,0.1251739037025937
1340242550473584643,positive,0.9349353105581105
1340242551723462657,neutral,0.49523466082697354
1340242554294558721,positive,0.9898326029436745
1340242557532590081,negative,0.006641759133752694
1340242559159955458,negative,0.01569260666170957
1340242562808950784,negative,0.005641053013676905
1340242565006831618,negative,0.054320115991255524
1340242565111685121,negative,0.2919535066556076
1340242565812154371,negative,0.2562137835965162
1340242566344810497,negative,0.0012150520590434874
1340242576587239425,negative,1.1184443919603734e-05
1340242585500200962,negative,0.08565424299250578
1340242586481684480,neutral,0.5734576952979002
1340242597139329024,negative,2.805919945634843e-07
1340242601363075073,negative,0.16631581098478176
1340242601719566337,negative,0.002443693649821711
1340242607901974529,negative,0.012365653404255307
1340242608426250243,negative,0.0463092616264139
1340242612603809792,negative,0.02572910490485038
1340242614461804545,negative,0.038859348144624405
1340242615871152128,neutral,0.49789225920557484
1340242618568110081,positive,0.9898326029436745
1340242619364995072,positive,0.9349353105581105
1340242619872342021,negative,0.18855799286366828
1340242621462147072,negative,0.1324251921584709
1340242622430863367,negative,0.04614954754276836
1340242622925983746,neutral,0.5872125458693758
1340242623806791680,negative,0.010882405638540277
1340242625555800064,negative,4.0644843271740416e-07
1340242626092687360,negative,9.406395378671113e-05
1340242630979039232,negative,0.007709122275237722
1340242631469785088,negative,1.1184443919603734e-05
1340242631520116736,positive,0.9668940899071713
1340242638054809601,negative,0.0003101167110152269
1340242638579097600,negative,0.03150057569648086
1340242642257530880,negative,0.03241007592516124
1340242642878177280,negative,0.06221090059368199
1340242647080988679,negative,2.517326083866295e-05
1340242651619217418,negative,3.279815117229839e-08
1340242654865580032,negative,1.0316595842693846e-12
1340242657667387393,negative,0.165024906366909
1340242660058001409,neutral,0.44257338546232483
1340242668127961088,neutral,0.38019679021634445
1340242669428219905,positive,0.9845644697550272
1340242676424314888,negative,0.21616627111920514
1340242677657419776,negative,0.2339515492497129
1340242683047129088,negative,0.047964883695504223
1340242684095684613,negative,0.015110874288992795
1340242690177417216,negative,0.08273616905998304
1340242692886937600,negative,2.245544465453847e-05
1340242694531104770,negative,0.30017923731916224
1340242706824617984,negative,7.778355795140745e-09
1340242711568412672,negative,0.12703271384507175
1340242711773913088,negative,1.2581494884092425e-06
1340242716144316417,neutral,0.49523466082697354
1340242719285850122,negative,0.013392875597948951
1340242720347045895,negative,5.337050067508591e-08
1340242721009790976,negative,9.842409194969365e-09
1340242731927547904,negative,0.005292651432501456
1340242735303958529,negative,0.2282229144775687
1340242735324917760,negative,0.0010263429605404581
1340242736813924354,positive,0.8859063480317623
1340242741679276033,negative,0.25401421255941126
1340242743428313090,negative,2.245544465453847e-05
1340242744300736513,negative,0.0030817116640983887
1340242748172083205,positive,0.7393084632289137
1340242750042746885,negative,0.0030035577132330755
1340242758720757767,negative,3.560302522997896e-05
1340242759815454720,negative,0.29484940703912865
1340242766933192705,negative,0.014958042169981117
1340242766970966017,negative,0.004077975397785879
1340242769151975425,negative,0.03298748440542616
1340242769953107968,negative,0.035564046587052395
1340242778777903106,negative,0.0012034959574668883
1340242779159601152,negative,0.04326749920868208
1340242780933791747,negative,8.210344578609672e-13
1340242787585957893,negative,0.12703271384507175
1340242796456910848,negative,3.3841053666797126e-08
1340242800579932160,negative,0.011268267005599868
1340242801926287360,negative,0.038062469588099855
1340242806556790784,negative,0.08113790223604538
1340242806657470465,negative,0.20967368128524105
1340242824642637826,negative,0.0015659187624033769
1340242885837504513,negative,0.00015597105502952044
1340242890438696960,positive,0.8589394000121959
1340242900509204480,negative,0.07393459354148145
1340242906247000065,neutral,0.5331573949404046
1340242908142854144,negative,0.013443081796556266
1340242909317218306,neutral,0.3499352441185855
1340242909757632513,negative,0.09480178016041868
1340242913792577537,negative,0.07393459354148145
1340242917269626882,negative,9.386802229549788e-06
1340242921367482368,negative,0.16316144780614064
1340242921942085632,negative,0.04206287678156329
1340242922302803969,negative,0.01438360052995716
1340242926870392832,negative,0.00015252074045969726
1340242928376143874,negative,0.13157310219286159
1340242929953218561,negative,0.0006076709010919522
1340242930213249031,negative,0.0014640850244999248
1340242934235623424,negative,0.04206287678156329
1340242935565180928,negative,0.25039576837051664
1340242937297383424,negative,0.12536486931627422
1340242938312441857,positive,0.7467618491651539
1340242943374815232,negative,0.014063297680075314
1340242946554290177,negative,0.004706074817777147
1340242957677543425,neutral,0.37462460365297756
1340242961926414336,negative,0.0005556215845640627
1340242964405215232,neutral,0.3884942058598627
1340242965139247105,negative,0.19377878436418036
1340242970088517632,neutral,0.49523466082697354
1340242974186287104,negative,0.0073340541475454876
1340242974232334337,negative,3.406012022426874e-05
1340242974282633216,negative,0.018342072443589364
1340242974492397571,negative,0.04206287678156329
1340242974593196033,negative,0.024012889458786057
1340242974937124864,negative,9.653850949565072e-06
1340242975008415745,negative,2.3169394586998513e-11
1340242975071191040,negative,0.08907029469821336
1340242975738224641,negative,0.19503904655397172
1340242975792783369,negative,0.13745322023771797
1340242975868166144,negative,0.08907029469821336
1340242979756396545,negative,0.18434094660001213
1340242982658846720,negative,0.17580484628781418
1340242983418011650,negative,0.09644810094247068
1340242983820660736,positive,0.7586775424487224
1340242986802634753,positive,0.7040699895732044
1340242987155120128,negative,0.042307239537323266
1340242990430863361,negative,0.02920684873431478
1340242990795804672,negative,0.009739152793560957
1340242998236426246,neutral,0.46127768308170247
1340243008130854912,negative,9.552304675001402e-07
1340243009011593216,neutral,0.35125548756804
1340243009196220423,positive,0.8430079018022542
1340243009267527681,negative,0.009528611493514142
1340243009607184387,positive,0.7692209384058338
1340243010777456643,negative,0.16352019608485005
1340243010790060033,negative,0.08682213031938152
1340243013747023872,neutral,0.3884942058598627
1340243015839985664,negative,2.4068232323093744e-05
1340243017391812609,neutral,0.3843703097240994
1340243066423226375,negative,0.16409913025857775
1340243069258641409,negative,0.01280562315818517
1340243070185553920,positive,0.7692209384058338
1340243071959744512,negative,0.1324251921584709
1340243071997505536,negative,2.245544465453847e-05
1340243073092227074,negative,0.01438360052995716
1340243074254065664,negative,1.773219780783493e-16
1340243085230551041,negative,0.06289269658965506
1340243088372064257,negative,0.039291437577015614
1340243089466777600,neutral,0.5495922250151081
1340243090033000451,neutral,0.37974877903043197
1340243098740412417,negative,0.038859348144624405
1340243099948335104,negative,5.0900202897297364e-06
1340243100128690180,negative,0.3282419999848567
1340243102213259264,negative,0.0036132305941239374
1340243105224814593,negative,0.003783606897108296
1340243108823523328,negative,0.2531089751490629
1340243109276508160,neutral,0.37974877903043197
1340243111285538816,negative,0.000772827554733716
1340243116113145857,negative,2.245544465453847e-05
1340243117115645952,negative,0.014958042169981117
1340243117405040642,negative,0.29484940703912865
1340243117476220928,neutral,0.5625819186653302
1340243120236220418,positive,0.8639451135739888
1340243123075727361,negative,0.04206287678156329
1340243124099145733,negative,7.778355795140745e-09
1340243125420384257,negative,0.016085691490715058
1340243129522409472,neutral,0.5872125458693758
1340243130088640513,negative,0.0009331056997919828
1340243132022202368,negative,0.00014606706784239183
1340243136648536066,negative,0.06036139215018346
1340243137592233984,negative,5.5630489236799945e-05
1340243142545715200,negative,3.8183478467357274e-07
1340243156735062017,negative,8.23997875598639e-05
1340243159335522304,neutral,0.3665382928158596
1340243160820232194,negative,0.036168067790682594
1340243160866414592,negative,3.279815117229839e-08
1340243171645775875,negative,0.08229165621188524
1340243173877174274,negative,0.06428578843176622
1340243177408778240,negative,2.9456023269252624e-05
1340243180722262017,negative,0.0016229851396104078
1340243181070331905,positive,0.9975184271180693
1340243182207045632,positive,0.9898326029436745
1340243187143741440,negative,0.00011598526212869487
1340243187592519680,negative,0.2540297899555875
1340243192839548928,negative,0.09707780230597023
1340243193296773123,negative,0.0011485041575825716
1340243227786555392,negative,0.26598484253696286
1340243228931592192,negative,0.00046392265645457215
1340243232714706945,negative,0.0484218404474078
1340243237907406850,neutral,0.39595692164115137
1340243239912300544,positive,0.9898326029436745
1340243240566452224,neutral,0.5376419240570768
1340243241766187008,negative,0.010954910388480295
1340243244823814144,neutral,0.35260928573316896
1340243244978941952,neutral,0.4918626021693839
1340243249110409217,positive,0.7692209384058338
1340243260455960576,negative,4.49413631098057e-12
1340243269733724160,negative,8.774285997731945e-10
1340243273852407808,positive,0.8589394000121959
1340243284778754048,negative,2.245544465453847e-05
1340243287915986944,neutral,0.3463189215312905
1340243287945449474,positive,0.7692209384058338
1340243288872394755,negative,0.05701936114733519
1340243290730487808,negative,5.5284337178853056e-05
1340243299924381704,positive,0.9983907612497284
1340243300398325767,negative,0.1530800349101603
1340243300486434818,negative,0.30021939126762714
1340243302558396417,negative,0.2531089751490629
1340243302659084288,negative,0.00015740016495470528
1340243311446159360,negative,0.0003101167110152269
1340243318098280448,negative,0.16934152994163187
1340243319088164867,negative,0.06095923918658917
1340243320216432641,negative,0.00033089168977573137
1340243322728804352,negative,0.1324251921584709
1340243323345383424,negative,0.0007385071544904355
1340243326629494784,negative,0.035564046587052395
1340243335345303553,negative,0.20967368128524105
1340243341645144064,negative,0.28696782059920345
1340243346250477568,negative,0.08113790223604538
1340243349979205634,negative,0.16639328844926016
1340243350679678976,negative,0.022843021120880883
1340243354739761153,negative,0.0030817116640983887
1340243356417482753,negative,0.17530011606073342
1340243356677357568,negative,3.279815117229839e-08
1340243359798079488,negative,0.04206287678156329
1340243359861002241,neutral,0.4885020497648351
1340243361014243328,neutral,0.5376419240570768
1340243373718974465,negative,0.035564046587052395
1340243376000688128,negative,0.06173066875978774
1340243379045736448,neutral,0.38513470691945423
1340243418757427201,negative,0.08102684450421606
1340243420170903553,negative,6.010154343319973e-08
1340243421475303424,neutral,0.5258372353923634
1340243423941550083,negative,1.1758815573697234e-05
1340243429083721728,negative,0.2562137835965162
1340243434469208064,negative,0.00054287260328465
1340243434951553025,negative,0.05241682054653284
1340243439993188352,negative,0.25401421255941126
1340243443142909953,negative,0.1808482412859558
1340243446284599296,negative,0.03916624524616959
1340243450357288960,negative,0.02233362470698181
1340243451758166016,negative,0.005641053013676905
1340243452173438977,negative,0.20946963201082122
1340243455512092673,negative,0.30017923731916224
1340243458653614080,negative,0.03298748440542616
1340243465184157696,negative,0.054077124418566394
1340243470427058176,negative,0.26133104186042594
1340243473090404354,negative,0.00019885203196365716
1340243475623755776,negative,6.010154343319973e-08
1340243477628522498,negative,0.0017085217313359375
1340243477695660032,negative,0.11085665206245088
1340243477754306563,negative,0.03519208887701416
1340243478547148802,negative,0.010735861485473274
1340243478882729985,negative,0.07800262666474189
1340243480577273857,negative,0.00014665199979013274
1340243482334650369,neutral,0.49789225920557484
1340243489695514624,positive,0.8015577014042891
1340243490177839105,positive,0.8015577014042891
1340243496108756992,negative,0.012161915281136125
1340243500118454274,negative,0.09685309370368284
1340243500844126208,neutral,0.4964933459412255
1340243502605737985,negative,0.0007219672330390566
1340243503000014853,neutral,0.3849892907894134
1340243515310297095,negative,0.2353830784871076
1340243519940792320,negative,0.005641053013676905
1340243521199091714,neutral,0.46127768308170247
1340243525959622657,negative,0.00010685295941738701
1340243530153947136,negative,0.05263856629808915
1340243531198312450,negative,0.08531106549460697
1340243533463228416,negative,0.006494533638311371
1340243534960537600,negative,0.008145909004025403
1340243537196138502,negative,0.005292651432501456
1340243542355173376,negative,0.3265578839812046
1340243544938868737,negative,0.0012383911914847067
1340243546490744834,neutral,0.49789225920557484
1340243547711270912,negative,0.008322306654992423
1340243549531631616,negative,3.560302522997896e-05
1340243550366277634,negative,1.1692047545535312e-10
1340243552538947586,negative,0.008062231893022943
1340243555445583872,negative,0.01438360052995716
1340243559140777985,negative,0.0001263566870207962
1340243579499896832,negative,0.061327031023148265
1340243585359331328,negative,0.0011752926177229354
1340243585673916421,negative,0.3067396385937362
1340243601738129408,negative,0.12703271384507175
1340243603730264064,neutral,0.33446728274767046
1340243607656271872,negative,0.00448365782793083
1340243608197357571,neutral,0.47840844706262076
1340243609224929282,positive,0.7692209384058338
1340243610097377280,negative,0.17815223907053251
1340243619727470593,negative,0.08113790223604538
1340243625930858496,negative,0.008171379043561645
1340243631672860672,positive,0.7019835071320619
1340243641508507648,negative,0.0008876754188189729
1340243641806315520,negative,0.007850632125859307
1340243641827282945,negative,2.5127044995483873e-06
1340243645254004736,negative,0.021327709075701733
1340243648835969029,negative,0.09405005997300708
1340243651486773249,negative,6.474788134371881e-14
1340243651667128320,negative,0.06289269658965506
1340243661293056001,negative,3.773401042398555e-09
1340243661418885123,negative,0.00025344082828168007
1340243663880904706,negative,0.2866841357944507
1340243664698793984,negative,0.26503557648881937
1340243669073469440,negative,0.02512185888723193
1340243673322311681,negative,0.007536317800254469
1340243678598729740,negative,0.007318200755343586
1340243679257214976,negative,0.06221090059368199
1340243682583261184,negative,2.6498909049066132e-08
1340243684814675969,negative,0.00014619743435293465
1340243691068375045,negative,0.16352019608485005
1340243696416112640,negative,0.01438360052995716
1340243698244841472,negative,0.012537798693861181
1340243698605547520,negative,2.245544465453847e-05
1340243712086044672,neutral,0.5244809356195874
1340243712505499648,negative,0.024185312217482137
1340243725528817664,negative,0.2866841357944507
1340243731371466753,negative,2.5127044995483873e-06
1340243734294896643,negative,0.22946348594270183
1340244899346718720,negative,0.002735138796373057
1340244908011970560,negative,4.949750821570802e-05
1340244908456742913,negative,3.099570314393713e-05
1340244915310235648,negative,0.0012840717583913112
1340244916178477056,neutral,0.35260928573316896
1340244932452347905,negative,0.0002851787545395851
1340244941918904320,negative,8.23997875598639e-05
1340244944116658178,neutral,0.36154385520548926
1340244950999588864,negative,0.003211903133199383
1340244955508432897,negative,1.6033602048210636e-08
1340244965281161217,negative,0.30017923731916224
1340244965532819456,neutral,0.3499352441185855
1340244970075262976,negative,2.961434176430489e-07
1340244970545045505,positive,0.7692209384058338
1340244974915506176,neutral,0.5535568045326904
1340244975859187714,neutral,0.3687855375468037
1340244977897644034,neutral,0.3687855375468037
1340244978451292162,neutral,0.5916667328764619
1340244986336559104,negative,0.20967368128524105
1340244992019853312,neutral,0.36154385520548926
1340244994200891392,negative,0.008838230916999954
1340244995236900867,negative,3.0230456028378993e-05
1340244995358535680,negative,0.020433834042589548
1340244995815723008,negative,0.011148479282507244
1340244996801384448,negative,3.560302522997896e-05
1340244997099155459,negative,0.007709122275237722
1340244997489221632,negative,0.0006698579681667123
1340244999699623936,negative,0.11723738185408288
1340245000320413696,negative,0.0010663526586151102
1340245004397268993,negative,0.00015617476413743047
1340245008339922945,neutral,0.431343862551423
1340245009690488832,negative,0.21319762856650512
1340245012626456576,positive,0.6646393315409048
1340245013381451776,neutral,0.37515267462809027
1340245015373737985,positive,0.751065068835529
1340245024219521024,negative,3.560302522997896e-05
1340245024324399105,negative,0.05594062382497474
1340245026518028289,negative,0.07463761121719442
1340245026585112576,negative,0.18642276525849513
1340245031031074816,negative,7.778355795140745e-09
1340245032046112773,neutral,0.5050193860561838
1340245032553594880,positive,0.9898326029436745
1340245033245675520,negative,2.245544465453847e-05
1340245037460819970,negative,9.103549177101734e-06
1340245042364071938,negative,0.11985163063901957
1340245042364116993,negative,3.279815117229839e-08
1340245042397667329,negative,2.07095211642692e-05
1340245045526585346,negative,1.0495975381561157e-07
1340245045870530562,negative,0.00013835989221443637
1340245046126403584,negative,0.11919957096860226
1340245051339845633,negative,0.02689195307296062
1340245051348283392,negative,0.21947159717504147
1340245051683856384,negative,0.005920623974835679
1340245052371681280,negative,0.2562137835965162
1340245053927780361,negative,3.560302522997896e-05
1340245090455990276,negative,3.560302522997896e-05
1340245092695764992,negative,2.7435152418376552e-12
1340245092913831936,neutral,0.39308511937896207
1340245094805417984,negative,0.07393459354148145
1340245099868016641,positive,0.7522451520984744
1340245102091001857,negative,0.06428578843176622
1340245103227658241,negative,2.20868921024531e-06
1340245105425461248,negative,0.04206287678156329
1340245107841363968,neutral,0.6450754529981741
1340245125352611841,positive,0.9668940899071713
1340245127063855107,negative,0.04206287678156329
1340245128447979521,neutral,0.5172827447387344
1340245132940107776,negative,0.03109469145987964
1340245138212352000,negative,0.009739152793560957
1340245140082991106,negative,0.10842487328045251
1340245140661825536,positive,0.9975184271180693
1340245143346135040,negative,0.21821164361907186
1340245155492880390,negative,0.018378572183893938
1340245155740344320,positive,0.7692209384058338
1340245165362073600,positive,0.7040699895732044
1340245171619962881,negative,0.00042773391988736644
1340245179870134274,negative,0.25401421255941126
1340245182239916033,negative,0.0005749586106606046
1340245186031607808,negative,8.3324124776069e-05
1340245189185712129,negative,0.01438360052995716
1340245189303132161,negative,0.2531089751490629
1340245198413197312,negative,0.011760591398348633
1340245198534799360,negative,0.0439153987897994
1340245201047175168,negative,0.12972246645523908
1340245208253001728,negative,0.05402604055280602
1340245208441696256,negative,1.9623279097838783e-08
1340245214863224833,negative,1.3850192665711902e-05
1340245217077817344,negative,4.3440528175595515e-06
1340245220487815169,negative,2.245544465453847e-05
1340245221993529346,negative,0.003920479805380747
1340245228524105728,negative,2.245544465453847e-05
1340245230113730565,negative,0.0323341093961173
1340245232538017793,positive,0.7345662284636414
1340245240364621825,negative,0.022480998076581535
1340245241203466242,negative,2.636309525992709e-05
1340245242394624000,negative,0.015108124430053976
1340245242746953728,negative,8.23997875598639e-05
1340245243573260290,negative,1.3850192665711902e-05
1340245243950710784,negative,9.723890637823033e-05
1340245247180361728,negative,1.072990909034157e-05
1340245252154687490,neutral,0.629724016586243
1340245253295644672,positive,0.7692209384058338
1340245253891223553,negative,0.12972246645523908
1340245254096572416,negative,0.07934013365123847
1340245256353280002,negative,0.29086436340986543
1340245257569640448,negative,0.17569763049391468
1340245264368594944,negative,0.0014823771957574565
1340245265492619265,negative,2.245544465453847e-05
1340245265798803458,negative,0.15774478114723858
1340245266847428608,negative,0.007536317800254469
1340245268311076865,negative,5.851252995587485e-06
1340245271247269889,negative,1.7711971921437125e-10
1340245280940240896,negative,0.0005556215845640627
1340245282488000512,negative,0.0025418067117612114
1340245288720756736,negative,0.04206287678156329
1340245294022356994,neutral,0.5777518572287506
1340245297436520449,negative,0.06391159796266671
1340245299151970305,negative,0.04206287678156329
1340245301446238208,negative,0.22073180758630043
1340245303518236673,negative,0.0017167669761768945
1340245305426661382,neutral,0.35260928573316896
1340245305925775360,negative,0.038063915426229354
1340245307582459904,negative,7.93092901282378e-05
1340245309801291776,neutral,0.35260928573316896
1340245316415700995,neutral,0.3849892907894134
1340245317518815234,positive,0.7692209384058338
1340245320987455488,positive,0.7492098311094056
1340245322409381888,negative,0.27263708950575627
1340245323327877120,negative,0.17569763049391468
1340245326293315584,negative,4.3440528175595515e-06
1340245336615505921,negative,3.29207234201354e-07
1340245342281981952,negative,2.245544465453847e-05
1340245342470754304,positive,0.7692209384058338
1340245354537771009,negative,3.560302522997896e-05
1340245356249014272,negative,3.560302522997896e-05
1340245358643953665,negative,1.3105438003723886e-06
1340245359252090882,positive,0.8795443655192069
1340245368416681984,negative,0.03058457616982944
1340245369276542976,negative,0.035564046587052395
1340245370081841153,neutral,0.36154385520548926
1340245370585137153,negative,6.914072248449644e-13
1340245371814096900,negative,0.17569763049391468
1340245372061544448,neutral,0.3546274845759702
1340245396564525056,negative,0.0005048637879378349
1340245398636650513,negative,0.01024486293008927
1340245398968004609,negative,0.00010685295941738701
1340245408816242689,negative,0.0002346654543413804
1340245412343664641,neutral,0.6273919638470792
1340245421130739712,negative,1.0495975381561157e-07
1340245425077579776,positive,0.7040699895732044
1340245425576583171,negative,2.245544465453847e-05
1340245429137620992,negative,7.42016475361016e-05
1340245431507443712,negative,0.19843046228947453
1340245432316911616,negative,0.0035225802131179608
1340245438318981127,negative,1.691568571782891e-05
1340245446216826880,neutral,0.49789225920557484
1340245450394378240,negative,0.016978173750252443
1340245454127329286,negative,0.0007246259266602547
1340245456882954240,negative,3.560302522997896e-05
1340245457696649216,negative,0.01746030364110384
1340245459906998272,negative,0.00011343081646491957
1340245461639290880,negative,0.029094994177504198
1340245469193269248,negative,0.012305154390567147
1340245470749339649,negative,0.07393459354148145
1340245475765719040,negative,0.004913507837946258
1340245477372145669,negative,0.04832647241905363
1340245477879656449,negative,0.17569763049391468
1340245478479413248,negative,0.016753839425094917
1340245478521380864,negative,1.115916784646998e-05
1340245480131981312,negative,6.469489374499456e-06
1340245485785903109,negative,2.5980217611508125e-06
1340245490793771009,negative,0.007282040903100003
1340245490819076099,negative,0.008357315478284662
1340245490865033218,negative,0.1550815349476316
1340245492966547459,negative,1.8877848288092154e-07
1340245494644285440,neutral,0.37849860505327193
1340245494963036161,positive,0.9987458903543395
1340245497852915713,neutral,0.46511884455441777
1340245498184273920,neutral,0.5746291987032386
1340245498645667840,negative,0.15774478114723858
1340245500486955008,negative,0.29484940703912865
1340245501774598145,negative,0.007709122275237722
1340245502118539266,negative,0.16234738179845487
1340245505482305536,negative,0.010248469430201537
1340245508556767232,negative,0.0015320501978372421
1340245508938477568,negative,0.04206287678156329
1340245511949959169,negative,0.08150278076926404
1340245516374974464,negative,9.502652481693534e-06
1340245517054390272,negative,0.016074348968718687
1340245520904839168,negative,3.560302522997896e-05
1340245522490269696,negative,0.14227722714309182
1340245529322795015,negative,1.5412418357796242e-11
1340245530769801216,negative,0.0004888310147230533
1340245530807578624,positive,0.9736417987033008
1340245535341592576,negative,0.2752725123178594
1340245539179393025,negative,0.17569763049391468
1340245539644911617,negative,0.04489351146724424
1340245542920708098,negative,0.042050124607966095
1340245546993414149,negative,0.01746030364110384
1340245549749067776,negative,0.01438360052995716
1340245551309316098,neutral,0.5172827447387344
1340245552986992640,negative,0.16863807278512583
1340245554534752257,neutral,0.35260928573316896
1340245554664759296,negative,0.11847532498762947
1340245560503234560,negative,0.0007892468158546206
1340245561962881026,negative,0.01212461179684182
1340245565486075904,negative,0.057643711250373944
1340245566115229697,negative,0.005711045399004754
1340245566291361797,negative,0.29086436340986543
1340245569588097025,negative,0.040635859230205636
1340245571261640710,negative,5.9756963722119905e-06
1340245571404226561,negative,0.04587105898340619
1340245572603834369,negative,0.04282405818171071
1340245577150451712,negative,2.245544465453847e-05
1340245589850779648,negative,0.11723738185408288
1340245590354104321,positive,0.9487857272900477
1340245593533374466,negative,5.587102468536554e-05
1340245595559227393,negative,3.89824338119548e-05
1340245596037328897,negative,2.245544465453847e-05
1340245596888821760,negative,0.004913507837946258
1340245598566531073,negative,3.279815117229839e-08
1340245599824785410,negative,0.08189507868957364
1340245601661947906,negative,0.2115958996365953
1340245602047811589,negative,7.10582459128892e-08
1340245602937024512,negative,0.180774666671078
1340245604564410368,negative,0.17569763049391468
1340245606707712000,negative,0.2353830784871076
1340245606749659137,negative,0.03241007592516124
1340245610193166337,negative,5.281937324262344e-05
1340245619500331014,negative,0.23952620542416067
1340245623333797888,negative,0.11707347520040107
1340245624009191424,negative,0.05489629389272036
1340245625888256000,negative,0.04587105898340619
1340245627675009026,negative,0.002850240515783267
1340245629843501056,neutral,0.49523466082697354
1340245633589006336,neutral,0.5466677901577043
1340245637086908417,negative,0.013084713649427909
1340245637674262528,negative,0.04206287678156329
1340245653222535171,negative,0.20509225160401923
1340245656896724992,negative,0.20967368128524105
1340245658247282688,negative,9.839946909628749e-10
1340245660344442886,positive,0.999849084190404
1340245665365045249,negative,0.000725208951680217
1340245669500641280,negative,0.17569763049391468
1340245670071050241,negative,1.5468726178853949e-12
1340245675607433219,negative,0.005641053013676905
1340245676396064768,negative,0.24767208732864027
1340245676752580608,negative,0.007536317800254469
1340245677914382336,negative,7.89585346714838e-09
1340245679613095936,negative,0.012161915281136125
1340245684696576000,positive,0.7692209384058338
1340245686743412737,positive,0.9999985979029897
1340245689205452804,negative,9.219175509697486e-07
1340245689838817280,neutral,0.39308511937896207
1340245694259613696,negative,0.02962303252456715
1340245703117991936,negative,3.0091929905158224e-06
1340245710202163202,negative,0.016106283228895967
1340245714564165633,negative,0.053672337395152286
1340245722424348672,negative,0.20967368128524105
1340245726639611904,positive,0.9983907612497284
1340245727348441088,negative,0.06276299194417685
1340245737196703745,negative,0.17569763049391468
1340245739239305218,negative,0.06166100592478814
1340245742477258753,negative,0.08326619805327845
1340245742523445249,negative,0.16669766082040008
1340245744490573826,negative,0.012161915281136125
1340245744578670592,negative,0.01569260666170957
1340245746159857664,negative,0.2391809680417272
1340245750232604677,negative,0.3018932551863892
1340245752518422529,negative,0.012537798693861181
1340245756427550723,neutral,0.4792687081820201
1340245761955655680,negative,0.20746146341185867
1340245763100651520,negative,6.175123997605611e-06
1340245763213975558,negative,0.23302934348049514
1340245766812688384,negative,0.008467850632101403
1340245767253061632,negative,0.05692221452508743
1340245774941229056,neutral,0.36154385520548926
1340245776329531394,negative,0.001147319038344128
1340245790674063360,negative,0.246599806163854
1340245795279409153,neutral,0.4504794719642651
1340245801784717312,negative,0.17569763049391468
1340245805840547840,negative,0.061898746271034984
1340245806868295680,positive,0.9898326029436745
1340245809569382400,neutral,0.50744405769917
1340245809946832897,negative,0.15774478114723858
1340245811104538624,negative,7.943998295054932e-07
1340245811859513346,negative,0.008500246919219356
1340245811976941571,negative,0.04206287678156329
1340245812132102145,negative,0.15774478114723858
1340245812610289664,negative,6.592705688894707e-06
1340245813998612482,negative,0.030412090836292552
1340245816712323073,negative,0.18434094660001213
1340245818528460801,neutral,0.35260928573316896
1340245819325374464,neutral,0.5535568045326904
1340245819337928705,negative,0.08912990264472823
1340245820520755200,negative,0.004706074817777147
1340245820990517248,negative,0.04597594518518165
1340245823855144961,negative,0.02342844013126742
1340245823964262401,negative,0.04206287678156329
1340245831866310657,negative,0.00010050921733727049
1340245838392680449,negative,8.783554682654857e-10
1340245839919378433,negative,0.13858569004193308
1340245845686497280,neutral,0.3549650094088341
1340245848903577601,neutral,0.39308511937896207
1340245850384117761,negative,0.0007580975034683592
1340245851546005504,negative,0.25401421255941126
1340245856470052867,negative,0.2120335271377775
1340245863428440065,neutral,0.49523466082697354
1340245864544124929,negative,0.06659817064556701
1340245866775519232,negative,0.1550815349476316
1340245868201586694,negative,0.00011389672815577065
1340245869581524992,negative,0.0386055718206897
1340245870948835328,negative,0.12285166051227644
1340245871439585280,negative,0.0648648995399594
1340245872806924288,negative,0.17569763049391468
1340245873478033408,negative,1.8070477820834582e-10
1340245874438512640,negative,0.04206287678156329
1340245875956854784,negative,5.9327816785375415e-06
1340245877986877440,neutral,0.3463189215312905
1340245879928840193,negative,0.004913507837946258
1340245885368885250,negative,0.13858569004193308
1340245886471974913,positive,0.9999975289984893
1340245888657215488,negative,3.4155118636619377e-06
1340245890569793536,negative,0.19519439709812678
1340245897951764481,negative,0.0002310533541958392
1340245904402558976,negative,0.004606575148374832
1340245906222886913,negative,0.12717867003769742
1340245908097798144,negative,0.01924883471106379
1340245910622785536,negative,0.20967368128524105
1340245910866063360,negative,4.333324069940242e-09
1340245914447917059,negative,0.23474039060128496
1340245916138278913,neutral,0.4737554465528978
1340245916327010305,negative,2.245544465453847e-05
1340245917589516290,negative,0.035985087376097916
1340245928159170561,negative,0.0036014199186581272
1340245929069342720,negative,0.02342844013126742
1340245932525449222,negative,0.3114133968166016
1340245939693469703,positive,0.9898326029436745
1340245940729462785,negative,0.037705619285916675
1340245941501235200,negative,0.14227722714309182
1340245942126166016,negative,0.17569763049391468
1340245942822383618,negative,0.0009479011069331256
1340245944575602688,negative,0.029392816037876916
1340245951794057216,negative,0.04206287678156329
1340245953815736321,negative,0.26620675116252335
1340245955724136448,negative,0.00703456278658502
1340245960488865792,negative,0.1387688413340769
1340245969703714816,negative,0.22706637349411524
1340246014628868096,negative,0.26282250048975797
1340246020643581953,negative,0.06095923918658917
1340246020928761857,negative,0.008062231893022943
1340246021578829826,neutral,0.41586111846631024
1340246023034335235,negative,7.583353771187203e-18
1340246028386230272,negative,7.846847224139332e-07
1340246031481462786,neutral,0.3463189215312905
1340246032958021632,negative,0.007709122275237722
1340246032979009536,negative,0.13858569004193308
1340246033742385153,negative,0.011699929432742853
1340246041057259521,negative,0.292510020913824
1340246041715744768,neutral,0.604001358217718
1340246049106096128,negative,0.20967368128524105
1340246049240342529,positive,0.7467618491651539
1340246053388480513,negative,0.00037385005654705475
1340246053921165312,negative,0.29086436340986543
1340246058677514240,negative,0.008062231893022943
1340246059377954816,negative,0.04490964834966426
1340246061181485057,negative,0.00041623179620630275
1340246061970022402,neutral,0.49789225920557484
1340246062213328896,negative,0.2840287354191003
1340246064130088960,negative,9.589395566681066e-05
1340246068089532416,negative,0.18434094660001213
1340246069142298624,negative,1.0495975381561157e-07
1340246070035673088,negative,2.245544465453847e-05
1340246075517579264,negative,0.0002754655472020893
1340246079477075969,negative,0.20537548397890718
1340246082115256322,negative,0.17569763049391468
1340246082505371649,positive,0.9530384836539108
1340246084677996545,negative,1.6862557711460905e-05
1340246086183743488,negative,0.027538232630127488
1340246088016683008,negative,0.035564046587052395
1340246089161732096,negative,0.0007891882330442471
1340246090369667074,negative,4.021217947636752e-07
1340246092638810113,negative,0.0009487070422222443
1340246093582520320,neutral,0.6450754529981741
1340246098405945346,negative,7.62629000414186e-14
1340246099651665922,negative,0.047329569265006914
1340246100423401473,negative,0.23952620542416067
1340246104772931584,positive,0.7397303531091065
1340246105007775744,negative,0.06669318153466043
1340246106509291520,neutral,0.5495922250151081
1340246107625021440,negative,0.1324251921584709
1340246110460403712,negative,0.01841625881599743
1340246110812712960,positive,0.9999975289984893
1340246112637214720,negative,0.128663747458973
1340246121290067972,negative,0.005641053013676905
1340246122258984960,negative,0.028698383113075807
1340246123496296448,neutral,0.46127768308170247
1340246129351516161,neutral,0.39174881273236384
1340246129775095809,negative,0.0025418067117612114
1340246136641232898,negative,0.012161915281136125
1340246139350773762,negative,0.07393459354148145
1340246143750582274,positive,0.751065068835529
1340246143788347392,negative,0.04206287678156329
1340246150566297601,negative,0.04206287678156329
1340246162050338816,negative,0.17569763049391468
1340246162557812736,negative,0.12457995508098657
1340246166890549248,neutral,0.5288636399463092
1340246167100264450,negative,0.0016016901073437056
1340246170061463555,negative,0.00010894939460057523
1340246177070112777,negative,0.13858569004193308
1340246181071515648,negative,0.029094994177504198
1340246205926952963,negative,3.563658202500274e-05
1340246208317632512,neutral,0.3700792290507144
1340246210775494657,negative,0.15774478114723858
1340246215166996482,negative,0.02163900637056393
1340246215636729857,negative,0.0008901778216216804
1340246218174324736,negative,0.005641053013676905
1340246225413689344,negative,4.6172977274937025e-05
1340246226667794439,negative,0.04522790853046264
1340246230140596226,negative,0.05257232639749743
1340246233743552514,negative,1.8416721091564078e-06
1340246234272034816,negative,0.17569763049391468
1340246240592838657,negative,0.13858569004193308
1340246243608580097,negative,0.047057012429775925
1340246252357898240,negative,1.3850192665711902e-05
1340246254408912898,negative,0.0007681987358964338
1340246256598331397,neutral,0.3700792290507144
1340246262839390212,neutral,0.37850180513441434
1340246263711862784,negative,0.0008008742599881762
1340246263728664581,negative,0.014604115066467294
1340246268870762498,negative,0.0003276855803901396
1340246268904427520,negative,0.0005289568868953349
1340246269038649349,negative,4.7479120107921245e-08
1340246276756127745,negative,0.035564046587052395
1340246278106718211,negative,1.1720509719960886e-14
1340246279943827457,negative,0.0003490058148238433
1340246280791060481,negative,5.9327816785375415e-06
1340246286193332224,neutral,0.5371981548192836
1340246287464194048,negative,0.00021025536096518915
1340246289485860864,negative,0.013847629453073815
1340246298113531905,negative,0.016678454512851493
1340246303666794496,negative,0.13858569004193308
1340246304161673217,negative,2.245544465453847e-05
1340246306053369858,negative,0.17569763049391468
1340246306871242752,negative,1.8416721091564078e-06
1340246310490927104,negative,0.04206287678156329
1340246311124283392,negative,0.06464420249984285
1340246312927805442,negative,0.007709122275237722
1340246316752973825,neutral,0.6553132969453542
1340246317256327169,negative,0.016585794105913133
1340246318430752768,negative,0.004661751921945241
1340246322817937409,neutral,0.36154385520548926
1340246327230390272,negative,0.022480998076581535
1340246330501967872,negative,0.004208041379403393
1340246337959424000,negative,0.15881190852067625
1340246338903175169,negative,0.005354369985967713
1340246341784645633,negative,0.11574604644846427
1340246342090842112,negative,0.06348646015561418
1340246344737415169,negative,0.005641053013676905
1340246348260659207,negative,1.3105204429334202e-06
1340246349879496705,negative,0.044655049259215096
1340246351230218240,negative,0.00022067667033271582
1340246353755160576,negative,0.1522562779982697
1340246356687015936,negative,0.06428578843176622
1340246358993854464,negative,0.01438360052995716
1340246363326574592,negative,0.000169287407216034
1340246376521883650,negative,2.245544465453847e-05
1340246382725226497,positive,0.8943496120273309
1340246383039799297,negative,0.0007253801478161023
1340246388622372865,negative,0.17569763049391468
1340246389851361282,negative,0.0019732580683743434
1340246400366489600,negative,3.4698528228785276e-07
1340246401364713474,negative,0.00032839123693561163
1340246401956143104,negative,0.0006645059269585718
1340246402790789120,neutral,0.34204090801782494
1340246405684867074,negative,0.11730114569155914
1340246407144464384,negative,0.006369466275826259
1340246407576477697,negative,8.230226290157055e-05
1340246407857528835,negative,0.04387043002764092
1340246408113381378,negative,0.04206287678156329
1340246409241649154,negative,0.06428578843176622
1340246410269057024,negative,0.005641053013676905
1340246413624676353,negative,3.902004334281768e-13
1340246416325795840,negative,0.0033172986754571514
1340246418422960129,neutral,0.36154385520548926
1340246421560242178,negative,0.040569869199103596
1340246424060108805,negative,0.021566437755862616
1340246424521465856,positive,0.7692209384058338
1340246429542002688,negative,0.007709122275237722
1340246433631506432,neutral,0.43925419292362633
1340246447397203969,negative,1.1623834476072357e-14
1340246452589785090,negative,0.0016016901073437056
1340246454598836226,negative,0.0015056069721623925
1340246463306207232,negative,0.040569869199103596
1340246464228945921,negative,1.3041167532658278e-06
1340246467752148993,negative,0.1324251921584709
1340246470126170117,negative,0.165024906366909
1340246470457475073,negative,8.519119550081462e-12
1340246472298692609,negative,0.0026412249161747374
1340246473146048512,neutral,0.6154647167171354
1340246473427066880,negative,0.06485692577795135
1340246479794003968,positive,0.9548290495054544
1340246480158928896,negative,0.058425678767119425
1340246481899544577,negative,0.06428578843176622
1340246485804441600,positive,0.7774073566007268
1340246487507320832,negative,0.04206287678156329
1340246487570075648,negative,8.523585201116273e-09
1340246488924958720,positive,0.9999975289984893
1340246489986195461,neutral,0.40027312214498034
1340246491869409280,negative,0.001274149257878178
1340246491940724736,negative,0.2562137835965162
1340246494419554304,neutral,0.5495922250151081
1340246497129017345,negative,0.01569260666170957
1340246497493803010,negative,0.03469107748062694
1340246497611444225,negative,0.021134585455219283
1340246498127298560,negative,2.245544465453847e-05
1340246499268112386,negative,0.18850446070679353
1340246515235872771,neutral,0.5528536247105139
1340246515923759104,negative,0.1730391560763356
1340246516338974720,negative,0.03607687168805611
1340246519484735490,negative,0.07614329895350465
1340246519614746624,negative,2.245544465453847e-05
1340246523708207105,negative,2.295052658330825e-06
1340246525407092738,neutral,0.48023398419053315
1340246543090282498,negative,1.1092842795634346e-07
1340246544109453313,negative,0.01438360052995716
1340246551759876096,neutral,0.36154385520548926
1340246552565178369,positive,0.7019835071320619
1340246554670739456,negative,0.0011137912484472374
1340246565718515712,neutral,0.5495922250151081
1340246575344447489,negative,0.2098733648563601
1340246576191647745,negative,0.00014047450434050122
1340246576565022721,negative,0.005010483444307995
1340246576812441607,negative,0.12717867003769742
1340246577366126594,negative,0.08981747434636575
1340246582676103168,negative,0.26319273508242685
1340246583435288576,negative,0.036543002949090804
1340246586983673856,negative,0.0968316210098165
1340246587684106241,negative,0.019110370005231123
1340246591974895616,negative,0.12703271384507175
1340246598023077896,negative,0.18850446070679353
1340246599285563392,negative,0.007536317800254469
1340246601344970755,negative,0.03912405170832653
1340246602783584257,negative,1.1809533980002087e-06
1340246614800265216,negative,0.04206287678156329
1340246615030960128,positive,0.7692209384058338
1340246615169388544,negative,5.5284337178853056e-05
1340246621687300099,negative,0.019459967282956743
1340246623113392128,positive,0.7692209384058338
1340246623763525632,negative,2.8976409688646172e-05
1340246625030180864,negative,0.012161915281136125
1340246625059540992,neutral,0.39308511937896207
1340246625780961280,negative,0.004913507837946258
1340246627454488577,negative,2.245544465453847e-05
1340246641450868736,negative,0.0006899215392100696
1340246644231704579,negative,0.26282250048975797
1340246644911181825,negative,0.02729487173374752
1340246645045391360,neutral,0.6414640022846605
1340246647771705344,negative,0.0028125425267614564
1340246647998181376,negative,0.06428578843176622
1340246649256423424,negative,0.2562137835965162
1340246652561580035,negative,0.1720767428995029
1340246657162768384,negative,0.25401421255941126
1340246659981316098,negative,0.012161915281136125
1340246671977033728,negative,0.04206287678156329
1340246672769773568,negative,0.15774478114723858
1340246676188123136,neutral,0.36154385520548926
1340246680428548096,negative,1.2335330738123757e-07
1340246682546688000,positive,0.7921158593585844
1340246685574901762,negative,0.18850446070679353
1340246688049614849,negative,0.0038780755533091146
1340246688980713472,negative,0.17569763049391468
1340246691258257408,negative,0.06428578843176622
1340246693829353472,negative,3.279815117229839e-08
1340246694512963586,negative,0.040569869199103596
1340246697335775233,negative,0.000657975835822965
1340246742336491521,negative,0.022480998076581535
1340246743116607488,negative,0.14283590895441953
1340246743737315329,negative,0.0022510607767771014
1340246746157473794,negative,0.18795859623648656
1340246747877138433,positive,0.9291628123656517
1340246748984389634,negative,0.002049768606081249
1340246749311430658,negative,0.1849183060233409
1340246760313270273,negative,0.017283422064507826
1340246762422824960,neutral,0.5323180757708792
1340246765371584512,negative,0.027612888931124933
1340246767191924738,neutral,0.3546274845759702
1340246769461063686,negative,0.0026612413838834194
1340246770907901952,negative,5.319989414177614e-06
1340246774590652418,negative,0.01746030364110384
1340246775186255872,negative,0.002735138796373057
1340246777195339776,positive,0.670034973816931
1340246778277470210,neutral,0.5953756363046007
1340246783415508992,negative,0.009223051883265219
1340246786179543042,negative,0.17569763049391468
1340246787458818048,negative,0.18633158554028814
1340246787534237696,negative,0.014105106362646275
1340246787928567809,neutral,0.47840844706262076
1340246791627960320,negative,0.03519208887701416
1340246792777035776,negative,0.005641053013676905
1340246792852676614,negative,2.245544465453847e-05
1340246794538725376,positive,0.763055105193896
1340246797558669318,negative,0.0037086719661903523
1340246799756349440,neutral,0.49523466082697354
1340246803313258496,negative,0.17569763049391468
1340246804433166336,negative,0.008538507712792267
1340246806454788096,negative,0.00029614694789623357
1340246808329633792,negative,6.134514336549344e-07
1340246808434532353,neutral,0.4737554465528978
1340246808535191552,negative,0.015108124430053976
1340246815191552000,negative,0.0003431601791623333
1340246815426416640,negative,0.001274149257878178
1340246816437096449,negative,2.8128656561263364e-06
1340246820044324865,negative,0.04206287678156329
1340246820124045314,negative,0.17569763049391468
1340246827598290946,negative,0.004913507837946258
1340246828021927936,negative,1.0495975381561157e-07
1340246829028524032,negative,0.21687727276093546
1340246830962061314,negative,1.0495975381561157e-07
1340246833789079555,negative,0.0010983827470399342
1340246834095280130,negative,0.01438360052995716
1340246837769474049,negative,0.17569763049391468
1340246838285389825,negative,8.467330393405523e-06
1340246839321354240,neutral,0.36154385520548926
1340246846938046465,negative,0.07374297788963197
1340246851568754688,neutral,0.37850180513441434
1340246854546690048,negative,0.05266526471731171
1340246856362831872,negative,0.1324251921584709
1340246863824433152,negative,0.010658617176942397
1340246864889868293,negative,0.16934152994163187
1340246870778667008,neutral,0.4737554465528978
1340246874012315648,negative,0.08645356686671399
1340246875136532480,negative,0.0071427117457681585
1340246876826853376,negative,0.010392206689187142
1340246877778927616,negative,0.28696782059920345
1340246878697496578,negative,9.227265197984445e-05
1340246922595082243,negative,0.0071427117457681585
1340246923312308225,negative,0.008062231893022943
1340246932061564929,negative,0.012439575231039652
1340246933139546113,negative,0.003848775389912028
1340246933798043648,negative,3.279815117229839e-08
1340246948872409088,negative,6.906477400059275e-09
1340246955642019846,negative,1.03634379935407e-07
1340246960591278080,negative,0.00032839123693561163
1340246963200122882,negative,0.005641053013676905
1340246966618480640,negative,0.294467408976063
1340246967130177540,negative,2.9145734550423194e-06
1340246970389164032,negative,0.004913507837946258
1340246978467409921,negative,0.2531089751490629
1340246980115783680,negative,0.030847117151677594
1340246982670036992,negative,3.9030491670700023e-07
1340246984133849088,neutral,0.5631428622699785
1340246985081819136,negative,0.2379306401772698
1340246991381643265,neutral,0.33746338647147345
1340246992220512256,negative,0.04206287678156329
1340246994615451649,negative,1.6203382972185833e-07
1340246997870268416,negative,0.1827903629105005
1340246998465867778,negative,0.06659817064556701
1340246999367626753,negative,0.07463761121719442
1340247000789491712,neutral,0.45552979743934485
1340247000810475520,negative,0.07393459354148145
1340247003125739521,negative,0.005292651432501456
1340247003280846848,negative,0.165024906366909
1340247007458279424,negative,0.26503557648881937
1340247009026924545,neutral,0.4298219581666581
1340247009580736512,negative,0.09208109495147414
1340247010088267776,negative,3.8072871233050795e-05
1340247010310463489,negative,0.1858951163952639
1340247010725814272,negative,0.005641053013676905
1340247011992473604,negative,0.18795859623648656
1340247014064480257,negative,0.15774478114723858
1340247021295460358,negative,0.0003396500962355627
1340247021731672064,negative,0.04206287678156329
1340247024474730496,negative,0.04206287678156329
1340247025057755137,negative,1.7502922909163747e-05
1340247025711984640,negative,1.2375191604423036e-05
1340247029507866624,negative,0.005641053013676905
1340247041247735815,negative,0.12996170024289738
1340247042539610113,negative,8.23997875598639e-05
1340247044154396673,neutral,0.5223538779271073
1340247044158533632,negative,4.3440528175595515e-06
1340247045714669568,negative,0.20967368128524105
1340247046494797825,negative,0.007119189403804356
1340247046729678848,negative,0.18850446070679353
1340247050479423492,negative,1.022266078038321e-05
1340247052643672065,negative,0.0008635571110972925
1340247054958931968,negative,0.23111939314063135
1340247055500005377,negative,0.0003276855803901396
1340247056582144000,negative,0.003000731385775532
1340247056909254659,negative,0.15774478114723858
1340247086286168064,negative,0.009883841139254734
1340247088370757632,negative,0.04206287678156329
1340247089918472200,negative,4.3440528175595515e-06
1340247090979598336,negative,1.1184443919603734e-05
1340247095333273601,negative,0.004706074817777147
1340247099368235009,negative,0.0003591916388750398
1340247114585169920,negative,0.004551295411253584
1340247116996853760,negative,0.17569763049391468
1340247121094651905,negative,1.9214500154614727e-08
1340247124194320385,negative,2.245544465453847e-05
1340247125083496451,negative,1.4839723706850335e-07
1340247127969193985,negative,0.0035766668616137656
1340247129214873600,negative,0.04387043002764092
1340247138127785986,positive,0.9999975289984893
1340247138601754624,negative,0.016074348968718687
1340247140862443521,negative,0.0035219858396690618
1340247144079486982,neutral,0.4298219581666581
1340247145761419266,negative,0.02994449202947307
1340247147246137345,negative,0.1324251921584709
1340247147774668804,negative,0.0027987253273241775
1340247149032955904,negative,0.2562137835965162
1340247150689742848,negative,5.812683952431109e-05
1340247151595692033,neutral,0.3958471234537455
1340247155198537729,neutral,0.4431783358970011
1340247161905295360,negative,0.00060408082701658
1340247163440422912,negative,0.11085665206245088
1340247167588573185,negative,0.0010983827470399342
1340247167777312768,negative,3.560302522997896e-05
1340247170306502658,negative,0.028701290128466016
1340247170872651776,negative,2.872448274086882e-08
1340247171577339904,negative,0.0001761607685758098
1340247173112459264,negative,0.04206287678156329
1340247174874079232,positive,0.8947184893524903
1340247175738101765,negative,6.010154343319973e-08
1340247177076084738,negative,3.093822863934558e-14
1340247177554259969,positive,0.8543597239528706
1340247180028755969,negative,0.016831256277334512
1340247180771291136,negative,0.14908347779845935
1340247181249437696,negative,0.02376740015299237
1340247185263308802,positive,0.9876940330486067
1340247187469570048,negative,2.350600521318225e-05
1340247189457657857,negative,0.03518379511694829
1340247201067483136,negative,0.009205561736111104
1340247204028674054,negative,0.04282405818171071
1340247206461403137,positive,0.9989226069124347
1340247208894083074,negative,0.020198946748632166
1340247215785259008,negative,1.0449320631222418e-06
1340247215839784962,negative,1.5520237125237418e-05
1340247218519990273,positive,0.9998502181978314
1340247222542327808,negative,0.03306646299604696
1340247223079227392,negative,0.09416167087228054
1340247223372800002,negative,1.702091451086014e-08
1340247232730304517,negative,0.07614329895350465
1340247233246220288,positive,0.9335664043640917
1340247271192088577,negative,0.0005289568868953349
1340247271510855680,neutral,0.4737554465528978
1340247285008113665,negative,0.0027172235925947558
1340247286090256385,neutral,0.49789225920557484
1340247288233472000,negative,0.08273616905998304
1340247294608691200,negative,3.9415631168438735e-15
1340247295611133953,negative,0.014074239771631074
1340247297075126272,negative,0.04206287678156329
1340247297540677633,negative,0.0013774586501608304
1340247299050647555,negative,0.14031899891644
1340247300954877954,negative,0.0010195524504564095
1340247303010078722,positive,0.6998162406977718
1340247307762196480,negative,0.00060408082701658
1340247313869103104,negative,0.12079175907817805
1340247314577895425,negative,4.2727259779481444e-08
1340247315639136256,neutral,0.49484873377295036
1340247318747099136,negative,0.17530011606073342
1340247321452408834,negative,0.007709122275237722
1340247324023529472,negative,0.12285166051227644
1340247328897323010,neutral,0.5036716860292475
1340247329832615937,negative,0.0007335766946973612
1340247335847268352,negative,0.0505196681654944
1340247338741317632,negative,0.05583299329353172
1340247346257530880,negative,0.021734197423610994
1340247348295962624,neutral,0.48023398419053315
1340247351806574592,negative,1.8416721091564078e-06
1340247352012132352,negative,0.08189507868957364
1340247353534590976,negative,2.245544465453847e-05
1340247355216580608,negative,0.16669766082040008
1340247357842198528,negative,0.0026412249161747374
1340247358467170305,negative,0.01438360052995716
1340247361457709057,negative,8.23997875598639e-05
1340247363282190336,negative,0.06095923918658917
1340247363949047811,negative,0.3206840368785036
1340247366612480000,negative,2.5127044995483873e-06
1340247370190172161,negative,0.04206287678156329
1340247370538377220,neutral,0.49789225920557484
1340247375328260097,negative,0.03357485618830384
1340247379321253888,negative,5.062763736896047e-20
1340247379342200833,negative,0.03298748440542616
1340247380000714753,negative,0.00017515637521043498
1340247383096127489,neutral,0.379611556832951
1340247384425717760,negative,0.22736308031316715
1340247388628389889,negative,0.03241007592516124
1340247391446904833,negative,0.08801841570321552
1340247392868839424,negative,0.04206287678156329
1340247393762217985,negative,0.005641053013676905
1340247394001313795,positive,0.7692209384058338
1340247396073267202,negative,2.1485814327113603e-06
1340247397948157954,negative,0.007579059783186025
1340247398581415936,negative,0.004913507837946258
1340247402645762048,neutral,0.5495922250151081
1340248503000444929,negative,6.66903842272411e-05
1340248504917237762,negative,0.17569763049391468
1340248505739309056,negative,0.01438360052995716
1340248508281053187,negative,0.022843021120880883
1340248510629703680,negative,0.007919962319776683
1340248512064319488,positive,0.9379786524356972
1340248513788174337,negative,0.04380939169680726
1340248515168112642,negative,0.034418607387590935
1340248517261074432,negative,0.037518493098570124
1340248519836360705,negative,4.844780313187717e-06
1340248521585389569,negative,1.4270528139662555e-18
1340248523137298433,negative,0.17569763049391468
1340248523774828544,negative,0.10348613360237471
1340248524592730113,positive,0.7692209384058338
1340248531098079233,negative,0.059149315106647664
1340248540283547651,neutral,0.40027312214498034
1340248543500660736,negative,3.279815117229839e-08
1340248546109485056,negative,0.0050549222795113246
1340248547678171136,negative,0.004574750266513488
1340248547707531264,negative,0.17569763049391468
1340248548693209092,negative,2.6197121698078916e-06
1340248550295425025,negative,1.1552453745376383e-06
1340248551293595648,negative,0.04365835366911531
1340248565780783105,neutral,0.45379172617606894
1340248567622086657,negative,0.3282419999848567
1340248571602452481,negative,0.17569763049391468
1340248578338467841,negative,1.3850126871326868e-05
1340248579059970049,negative,3.560302522997896e-05
1340248579299008513,negative,0.014591271261067112
1340248586261585922,negative,0.17569763049391468
1340248589352620035,negative,1.1375118436258882e-15
1340248593270251522,neutral,0.380960937765408
1340248595841380352,negative,0.001501777339999052
1340248609883906049,negative,0.2531089751490629
1340248614271115265,negative,0.03518379511694829
1340248622009610240,negative,0.3282419999848567
1340248628884103168,negative,4.994226214427595e-05
1340248629517402112,negative,0.0006845706999085438
1340248631081877506,negative,0.05909050158871611
1340248634156339200,negative,0.029861564967950276
1340248635649474563,negative,4.2589634695622206e-05
1340248640301002753,negative,0.25993281481933456
1340248642851106821,positive,0.7692209384058338
1340248648085630976,negative,0.028789265231773536
1340248736975433730,negative,0.0009706255416459952
1340248740003721216,negative,0.08561363461854712
1340248741597618176,negative,0.00020357169745178057
1340248742205775873,negative,6.199101329496877e-05
1340248745267621888,neutral,0.3965363790653607
1340248753018691586,negative,5.737897636823604e-05
1340248755535286272,negative,0.3282419999848567
1340248758160920581,negative,2.245544465453847e-05
1340248760400666625,negative,0.2531089751490629
1340248765421240321,negative,0.04206287678156329
1340248767824617473,negative,0.00015411999674025872
1340248772127956993,negative,0.019227853619210648
1340248779702874113,negative,0.00014247596136289595
1340248786023624704,negative,0.03298748440542616
1340248786279538688,negative,1.3441305051724858e-06
1340248786971619328,negative,4.074823534921124e-08
1340248789295239180,negative,0.005379327542473931
1340248789500760071,negative,0.15027297850967847
1340248790339624967,neutral,0.49789225920557484
1340248790381506561,negative,0.06095923918658917
1340248791329501184,negative,0.011646537769213176
1340248796496846850,negative,0.002735138796373057
1340248797897580549,negative,0.2562137835965162
1340248800464658433,negative,0.3297275401326859
1340248800724660224,negative,0.3282419999848567
1340248802553262085,negative,0.11156105362713534
1340248805346783232,negative,0.037304337058098706
1340248813433475072,positive,0.7692209384058338
1340248814192619520,negative,0.015108124430053976
1340248821893312513,negative,0.00010047858336609763
1340248823399129094,negative,0.0002832947321605473
1340248825345286145,negative,1.1939461568720006e-05
1340248827077554176,negative,0.2866841357944507
1340248835709399041,negative,0.009635409706179437
1340248837995245568,negative,0.0007226111875781269
1340248838423142400,negative,0.009739152793560957
1340248839526211584,negative,0.00018030576023800025
1340248844580380674,neutral,0.3578438831261414
1340248845029158912,negative,3.560302522997896e-05
1340248846622990336,negative,0.02068775642810466
1340248850938916865,neutral,0.5145288225359607
1340248854038515712,negative,2.245544465453847e-05
1340248854608949250,negative,0.055093202103186634
1340248854676029441,negative,2.036402351087158e-08
1340248857813389312,negative,0.0002754655472020893
1340248859197501441,neutral,0.35260928573316896
1340248862213218305,negative,0.005711045399004754
1340248863526047746,negative,0.2379306401772698
1340248867279933442,negative,0.19285574248697288
1340248871105081345,neutral,0.3820910275965868
1340248876025044995,negative,6.010154343319973e-08
1340248877807628289,neutral,0.3849892907894134
1340248883356700672,positive,0.9670904137160089
1340248890281512960,neutral,0.4554291499506964
1340248891049054209,negative,0.06797812857241288
1340248893985067008,negative,0.011148479282507244
1340248898275864577,negative,0.018237806739242142
1340248900758859777,negative,0.025502588524844872
1340248901035692033,negative,4.467127440850901e-07
1340248901337686017,negative,0.09532785597677625
1340248902528688128,negative,2.527564256145595e-07
1340248904584093697,negative,9.955908378292018e-05
1340248905330638848,negative,0.3282419999848567
1340248906865717249,negative,2.245544465453847e-05
1340248907494924289,negative,0.021435990423834168
1340248909113913350,negative,0.007536317800254469
1340248909336223744,negative,0.04868816832808733
1340248911148158976,negative,1.0495975381561157e-07
1340248911206883328,negative,1.8109456060829405e-07
1340248914553950209,positive,0.9668940899071713
1340248916919529472,negative,0.2592191650684737
1340248919402557440,negative,1.7502922909163747e-05
1340248919792599040,positive,0.9530384836539108
1340248924075003905,neutral,0.6384368850199807
1340248924079214592,negative,0.04868816832808733
1340248927887634433,negative,7.002324845198901e-06
1340248932887261186,negative,3.0451385102162385e-05
1340248934510436352,negative,0.005787279586882763
1340248936800464899,negative,0.236617000455749
1340248937102512129,negative,7.778355795140745e-09
1340248943050027012,positive,0.7601232440088072
1340248944006316033,negative,0.00010894939460057523
1340248945692389376,positive,0.9898326029436745
1340248949605756928,negative,0.04206287678156329
1340248955448397825,neutral,0.380960937765408
1340248956404690950,negative,0.2531089751490629
1340248967968395270,negative,0.05133250106591895
1340248968752672769,negative,0.21305688205250886
1340248969335726080,neutral,0.380960937765408
1340248973878194176,negative,8.219383766232327e-08
1340248974901604352,negative,0.07292167147818675
1340248976931643392,negative,0.1324251921584709
1340248981629243392,negative,0.2531089751490629
1340248985169088513,negative,0.025123634352120318
1340248985773240321,negative,0.032789700545736496
1340248988205932545,negative,5.531086142052968e-05
1340248990181429249,negative,7.55602233030981e-13
1340248991943057409,negative,5.5284337178853056e-05
1340248992366686208,negative,0.04206287678156329
1340248993218084865,negative,0.13218800899356078
1340248993494953984,negative,0.3282419999848567
1340248994119888899,neutral,0.33988966856746383
1340248994413490183,negative,0.0049891137092738045
1340248996380590081,negative,0.18842382220152537
1340249002667892738,negative,5.6969115904350925e-08
1340249002990841856,negative,8.971471463742585e-07
1340249004534345731,negative,0.028789265231773536
1340249006694428675,negative,0.04206287678156329
1340249010343448576,positive,0.7692209384058338
1340249010905505792,neutral,0.49789225920557484
1340249014462275584,negative,0.004760335538526626
1340249016504901632,positive,0.9461584372826459
1340249019159879680,negative,0.00930646221327521
1340249022221660160,negative,3.0779646704752755e-08
1340249023559548938,positive,0.8570688814154457
1340249023840710656,negative,8.368193756980385e-08
1340249030765522944,negative,0.01827576346121551
1340249035496689664,negative,0.00023528448266095145
1340249039661654016,neutral,0.49789225920557484
1340249040722792448,neutral,0.37066187254162397
1340249042035634176,negative,0.1951377875331397
1340249042497007617,negative,0.03399290444711359
1340249045328080896,negative,0.0003101167110152269
1340249047484026881,negative,0.12938364526939236
1340249047513391105,negative,0.033229901653334275
1340249051351166977,negative,0.04206287678156329
1340249052353601538,negative,0.0007219672330390566
1340249052911431680,neutral,0.36154385520548926
1340249054719209473,positive,0.8856137571282544
1340249057059549185,negative,0.0021228447650823226
1340249057470652417,negative,0.0011992241148895447
1340249062445092864,negative,0.018237806739242142
1340249063695015936,neutral,0.380960937765408
1340249063711596553,negative,0.005641053013676905
1340249065171369984,negative,0.00041465712595140905
1340249066698121217,negative,0.3282419999848567
1340249071928238080,negative,1.198843483695441e-10
1340249073555820544,negative,4.983245753411986e-09
1340249075602624512,negative,0.00022067667033271582
1340249090307858432,neutral,0.47644597823597595
1340249091595485185,neutral,0.49789225920557484
1340249093898121218,negative,0.016074348968718687
1340249097878401025,negative,0.01927513962271541
1340249099346522112,negative,2.1544564926571372e-05
1340249104300056576,negative,0.008062231893022943
1340249111757504512,negative,0.004760335538526626
1340249118455771136,negative,0.14912552497245204
1340249118782971907,negative,0.20768326991095687
1340249121953865728,negative,0.25401421255941126
1340249126991224832,negative,0.01438360052995716
1340249127138025472,negative,0.02217376873164264
1340249128857694209,negative,0.008062231893022943
1340249135866388481,negative,0.18798796028213832
1340249136487084032,negative,0.007643161298001848
1340249140085846016,negative,1.3791500848006266e-05
1340249141847486465,negative,4.3440528175595515e-06
1340249143680315392,negative,0.0012930914916154052
1340249148524810240,negative,0.0001761607685758098
1340249151842467840,negative,0.004706074817777147
1340249152006086656,negative,9.083914379906177e-05
1340249153096589312,negative,0.18850446070679353
1340249156368146433,neutral,0.46127768308170247
1340249159136403456,positive,0.8398478941408737
1340249159304179712,negative,0.00022067667033271582
1340249162760282114,negative,0.3282419999848567
1340249167021617152,negative,0.12469795103812438
1340249168598712325,negative,0.0015320501978372421
1340249168741359618,negative,0.06258352249074249
1340249179491332097,negative,0.00015597105502952044
1340249186370007041,neutral,0.48728019602140255
1340249190153203713,negative,1.889697195129453e-14
1340249191176663044,negative,0.003404504479579
1340249197208104960,negative,0.004760335538526626
1340249199007444992,negative,0.3282419999848567
1340249200920027136,negative,2.7388085617348764e-05
1340249201876283394,negative,0.09894974917303356
1340249203407278080,negative,0.08319925847224063
1340249207521878016,negative,0.13989309920090362
1340249210323673088,negative,0.014958042169981117
1340249215595929602,positive,0.7692209384058338
1340249217466548224,negative,4.669497331086828e-05
1340249221149155328,negative,0.015550954613139783
1340249221937717248,negative,0.3282419999848567
1340249223326031877,positive,0.6646393315409048
1340249224424910848,negative,0.00010894939460057523
1340249225532231682,negative,0.2562137835965162
1340249229864931329,negative,0.007144121168897183
1340249231735607296,positive,0.8924477509810372
1340249239855751168,neutral,0.5826016318169452
1340249243571920896,negative,0.04843158004989853
1340249245111214081,positive,0.6646393315409048
1340249251633348614,negative,0.020925221375730947
1340249253160103938,negative,2.245544465453847e-05
1340249254598742016,negative,0.0008184635169146793
1340249256104476672,negative,2.245544465453847e-05
1340249259812282369,negative,0.1324251921584709
1340249260680462339,negative,3.279815117229839e-08
1340249261057978368,negative,0.012184912992316386
1340249265625591812,negative,0.006469865925480839
1340249265633964034,neutral,0.49789225920557484
1340249265675886592,negative,0.12532035624892257
1340249265679962112,negative,0.0267510802577064
1340249267219390464,neutral,0.44300508171285724
1340249272315461632,negative,0.024855350394413257
1340249276476235778,positive,0.9835670097886369
1340249278392848390,negative,0.06211860785417652
1340249283438784513,negative,0.00023806994333586286
1340249290422308867,negative,0.02173104307898294
1340249291638644738,negative,0.005292651432501456
1340249293354135554,negative,0.3282419999848567
1340249294935388162,negative,0.0032073714238621594
1340249296948629504,negative,0.12703271384507175
1340249302078271489,negative,0.13647631290205878
1340249309233737729,negative,0.056094838341412115
1340249309292474368,negative,2.245544465453847e-05
1340249310160687110,negative,2.245544465453847e-05
1340249310731112448,negative,0.004760335538526626
1340249311288975360,negative,0.003000731385775532
1340249316028510209,negative,0.04206287678156329
1340249318553493504,negative,6.010154343319973e-08
1340249321753747462,negative,0.08113790223604538
1340249323418886146,negative,0.021086884561068345
1340249323762835458,negative,7.875296162359526e-12
1340249327667572736,negative,6.222731356134763e-07
1340249331417436160,neutral,0.49789225920557484
1340249332537286657,positive,0.9701597595426683
1340249333883686912,negative,0.02173104307898294
1340249335976644608,negative,0.28127451536213866
1340249336643538947,negative,0.02464130693182094
1340249336987459585,negative,0.13747508405531605
1340249341542469632,negative,7.093736137273077e-06
1340249343463440384,positive,0.7692209384058338
1340249346726649856,positive,0.792619930899543
1340249351671734272,negative,0.04206287678156329
1340249351910809600,negative,0.017045372434457546
1340249352082743298,negative,0.04206287678156329
1340249356042186752,negative,0.0829827877589225
1340249356461596674,negative,1.824337353970442e-06
1340249356964941825,positive,0.9877930992837758
1340249359171072000,neutral,0.353964066110531
1340249362098774017,negative,0.31970892782508104
1340249362220388355,negative,0.010326712544968693
1340249362388148225,negative,0.0002836990234327576
1340249364552421376,negative,0.06095923918658917
1340249366670553089,negative,0.08730037349828294
1340249371129090048,negative,0.26503557648881937
1340249372198580224,neutral,0.5213655520936279
1340249373763121152,negative,6.3900838351539385e-09
1340249374169948160,negative,0.012535113501454545
1340249375264616449,neutral,0.49251282494604276
1340249375419863040,negative,0.004760335538526626
1340249375826710529,negative,0.014958042169981117
1340249376057405441,negative,2.245544465453847e-05
1340249380583075841,neutral,0.34925698213559375
1340249383619719168,neutral,0.6133161929707664
1340249387788873731,negative,0.23111939314063135
1340249388615151618,negative,5.38370769618558e-05
1340249389013626881,negative,0.035985087376097916
1340249391043665923,negative,0.03415170537144859
1340249391119147009,negative,0.04206287678156329
1340249393786662912,positive,0.9820879206027501
1340249394810138626,negative,0.014958042169981117
1340249395934146560,positive,0.8924477509810372
1340249396349440001,negative,0.2562137835965162
1340249398052319232,negative,0.0006361731829059967
1340249400648622082,neutral,0.3309679570120624
1340249401487466496,negative,0.10241953757673254
1340249404448628737,negative,0.1942057936046466
1340249406348488704,neutral,0.5871597777887367
1340249407145598977,negative,0.16352019608485005
1340249407455977472,positive,0.7692209384058338
1340249408730923012,negative,0.20412450973922228
1340249413848018944,neutral,0.604001358217718
1340249426808483842,negative,0.038776233595939236
1340249431401254912,negative,1.0495975381561157e-07
1340249437210357761,negative,0.05773705523584727
1340249440846811136,neutral,0.46127768308170247
1340249441505296385,negative,0.00030741953121595097
1340249441710845953,neutral,0.4027521824476965
1340249442641870849,negative,0.0010436517674488072
1340249443040284673,negative,0.2379306401772698
1340249443694731266,negative,0.051808576745814336
1340249443824775169,negative,0.00039424970328771376
1340249445758361602,negative,0.029094994177504198
1340249450527289345,negative,3.926418420712501e-09
1340249451374538752,positive,0.751065068835529
1340249454272798720,negative,0.06428578843176622
1340249454490824704,negative,0.26319273508242685
1340249454679633920,neutral,0.46127768308170247
1340249454704791555,negative,0.03415170537144859
1340249455182929923,neutral,0.49789225920557484
1340249457812750337,negative,3.524934260036517e-11
1340249466222366721,negative,0.022505038303096296
1340249468583686146,negative,4.246355469562246e-08
1340249471112896512,negative,6.134514336549344e-07
1340249482999554050,negative,1.0890880528254334e-07
1340249484354314241,negative,0.3282419999848567
1340249489437843459,neutral,0.48728019602140255
1340249503492935680,negative,0.0038610027338123777
1340249509796990977,negative,9.153631038559852e-08
1340249510199607298,negative,0.2115157671214458
1340249513353764864,neutral,0.4000924549224207
1340249517283704836,negative,0.00019147662037935525
1340249517325598720,negative,0.1411511180914663
1340249525710184448,negative,2.245544465453847e-05
1340249529031995394,neutral,0.5981109501298508
1340249532819509248,negative,0.0011307607463946743
1340249540067258369,positive,0.9999970357561119
1340249540369248257,negative,0.20412450973922228
1340249542323806208,negative,0.10283043931257937
1340249543519195136,positive,0.8260534269944707
1340249548648833032,negative,0.0003276855803901396
1340249550888591360,negative,6.566068365273355e-08
1340249577375608832,negative,0.007709122275237722
1340249579338358784,negative,0.0008355024007254371
1340249584581394432,neutral,0.5826016318169452
1340249587785871367,positive,0.7692209384058338
1340249588427616257,positive,0.7692209384058338
1340249588826042373,negative,0.06428578843176622
1340249596581306369,negative,0.08959034503133305
1340249600112865280,negative,0.08730037349828294
1340249601660637186,negative,6.876698965544166e-05
1340249602755334144,neutral,0.6146539053111821
1340249606865756161,negative,0.00019942486698689584
1340249608056950786,negative,0.0018846222219845714
1340249609214570497,negative,0.01438360052995716
1340249613979299840,negative,0.004760335538526626
1340249614390333440,negative,0.10040983153721733
1340249615241764864,negative,0.007536317800254469
1340249618035191810,negative,0.29086436340986543
1340249625178091521,negative,0.002443693649821711
1340249627619176448,negative,0.012537798693861181
1340249629380763649,positive,0.9668940899071713
1340249644367015937,negative,0.018237806739242142
1340249644631265281,neutral,0.34229924488405045
1340249647013646336,positive,0.8924477509810372
1340249655796506625,negative,0.06428578843176622
1340249656765329409,negative,0.07393459354148145
1340249657344180225,negative,0.31169094099550876
1340249661517512705,negative,0.005598916979116235
1340249666496032772,neutral,0.6460897428785273
1340249667502809088,negative,0.04206287678156329
1340249667771248640,positive,0.713380758138024
1340249673429348352,neutral,0.5535568045326904
1340249676558299136,neutral,0.6266628885734165
1340249683353100288,negative,0.035564046587052395
1340249684682616833,positive,0.9820879206027501
1340249685920010247,neutral,0.49789225920557484
1340249690269478912,negative,0.27190142384830135
1340249690386931712,negative,3.0451385102162385e-05
1340249691192254464,negative,0.2531089751490629
1340249691469000704,negative,0.00778962593422905
1340249693167738883,negative,0.034416783891805844
1340249706581123072,negative,0.003302034935156175
1340249708476903424,negative,0.0018727952032692604
1340249708669902850,negative,0.004937110783708776
1340249716173529089,negative,0.08243413005600994
1340249719470211072,negative,6.010154343319973e-08
1340249720934047746,negative,0.0006568644664652742
1340249727309389829,negative,0.07288227198904285
1340249736511631360,negative,0.0007740670022534217
1340249740953456642,negative,0.007536317800254469
1340249743864246272,negative,0.12457995508098657
1340249768182857728,negative,0.04581915970167562
1340249773203464192,negative,0.08730037349828294
1340249777469059072,negative,0.18795859623648656
1340249783353683968,neutral,0.5008258630135465
1340249784997851136,neutral,0.46127768308170247
1340249785635385347,negative,7.531090303117703e-05
1340249786776231936,negative,0.17530011606073342
1340249790337196034,negative,0.00015705403640591605
1340249793017360384,negative,0.00012111443904915758
1340249796800634880,negative,0.3282419999848567
1340249801129144321,negative,0.2595901147339592
1340249804732047360,negative,0.00793786257181594
1340249807219290114,negative,0.0008246823857605193
1340249811921072128,negative,0.25401421255941126
1340249815058436098,negative,0.028789265231773536
1340249815213629440,negative,0.04206287678156329
1340249820750069760,negative,0.0011911667036885248
1340249823782559744,negative,0.10220697443348464
1340249823824539648,positive,0.9898326029436745
1340249824185241602,negative,0.16639328844926016
1340249824910864384,neutral,0.39308511937896207
1340249825682599936,negative,0.0010388384586061433
1340249829772017664,negative,0.0014450939315705119
1340249837493760001,negative,1.0092413747595475e-06
1340249838361952261,positive,0.7692209384058338
1340249845303545856,negative,2.245544465453847e-05
1340249848042426371,positive,0.8924477509810372
1340249849447526401,negative,2.3100146888393473e-09
1340249849757884416,neutral,0.46127768308170247
1340249861220921349,negative,0.2562137835965162
1340249868657373185,negative,6.195382049473832e-09
1340249875708043264,neutral,0.35260928573316896
1340249879994650628,negative,7.092124385951873e-05
1340249880749551618,neutral,0.3549650094088341
1340249880917372928,negative,3.279815117229839e-08
1340249883421396992,neutral,0.49789225920557484
1340249887947038720,negative,0.07381387634661611
1340249890102910977,positive,0.8924477509810372
1340249891696685057,neutral,0.5136446707795853
1340249891776442369,negative,0.02878987808968975
1340249894553063424,negative,2.245544465453847e-05
1340249897958838273,negative,0.06276299194417685
1340249901192638465,neutral,0.42681064232654176
1340249904606818304,negative,0.013923994132640546
1340249905613443072,negative,0.0030095928828795353
1340249906997542913,negative,0.030412090836292552
1340249911305113601,negative,0.3282419999848567
1340249911812624384,negative,4.3440528175595515e-06
1340249913771388930,negative,0.09201768195097534
1340249914987655171,negative,0.2258726772697222
1340249915847487488,positive,0.751065068835529
1340249920633225216,negative,0.007247071730595812
1340249921199382529,positive,0.6976158727512997
1340249923233693696,negative,0.12122690405058736
1340249924789792768,negative,0.0002887918327210664
1340249924944977922,negative,0.009106594652738699
1340249925284753410,negative,0.00022067667033271582
1340249927021150208,negative,0.038063533174403176
1340249928950554625,negative,0.004824485629483712
1340249933220368390,positive,0.91409643576775
1340249937905414149,negative,0.00611838598761781
1340249944062627840,negative,0.03813689538721908
1340249946226831361,negative,0.04206287678156329
1340249949678792705,negative,0.13888718866708735
1340249953810182144,negative,0.023107733557260087
1340249954305097729,positive,0.9898326029436745
1340249954669965312,positive,0.6833612102998823
1340249969496891393,neutral,0.49789225920557484
1340249971342405632,negative,0.12703271384507175
1340249973255004160,negative,0.00015252074045969726
1340249975909965830,negative,0.018237806739242142
1340249979785535490,negative,0.044325841985946975
1340249980053929985,negative,0.02170456676575738
1340249989772095489,negative,0.11681666596436303
1340249992469082114,negative,0.011646537769213176
1340249996537573376,negative,0.08113790223604538
1340249999876136960,negative,0.1324251921584709
1340249999930744833,negative,6.010154343319973e-08
1340250005878259712,negative,0.007709122275237722
1340250006352216064,positive,0.8924477509810372
1340250007446953989,negative,0.1849183060233409
1340250009783169028,neutral,0.431343862551423
1340250010441687042,negative,0.0003101167110152269
1340250013428019201,positive,0.8924477509810372
1340250018205319168,negative,0.009066135045968548
1340250018813538305,negative,0.0017562791914883125
1340250022093447170,negative,4.210903218655979e-06
1340250026933710848,negative,0.004760335538526626
1340250027042680833,negative,1.3818349461288468e-05
1340250030448537601,negative,0.023086476636608635
1340250031069249536,negative,0.039956139773181486
1340250032491081736,positive,0.9410744474034465
1340250033988505601,neutral,0.5872125458693758
1340250039000678405,negative,0.03444918109708754
1340250041504677888,negative,0.006140569923005726
1340250042188378112,negative,0.017283422064507826
1340250044977582080,positive,0.8858683348168505
1340250046386888705,negative,0.01528887462108591
1340250048043626496,negative,0.26503557648881937
1340250051055132672,negative,8.65828076981087e-06
1340250051059265536,negative,0.3282419999848567
1340250052170801153,negative,0.0003276855803901396
1340250052367953920,negative,0.0003276855803901396
1340250054444113920,negative,0.0007008790097709112
1340250055534465024,neutral,0.351993169882762
1340250063243718656,negative,0.3282419999848567
1340250066309836800,negative,1.1339881300192593e-09
1340250066754433024,negative,1.6101407240120053e-16
1340250069455519744,negative,2.1582686679214773e-05
1340250073754693632,negative,0.007247071730595812
1340250073997979648,negative,7.040490589883891e-08
1340250075554058241,positive,0.9938205533975988
1340250076703297537,negative,0.0010858616144069628
1340250078741716994,positive,0.7692209384058338
1340250079526064128,negative,0.08835383691952975
1340250086421487623,negative,0.13185223083366757
1340250097318289409,positive,0.9410744474034465
1340250099402891264,negative,0.16352019608485005
1340250100422103043,negative,0.13349941357113665
1340250107078471680,negative,0.0003371916098139723
1340250109469200385,negative,0.07420301996138615
1340250117325074432,negative,0.03518379511694829
1340250117866213379,negative,0.13707662388583813
1340250120168857600,neutral,0.49789225920557484
1340250121154531330,negative,0.01394361108190043
1340250121615904768,positive,0.7692209384058338
1340250125768245248,positive,0.9994018721307838
1340250126716198912,negative,0.07086917873450763
1340250130503487488,negative,3.911876988244631e-06
1340250133041176577,negative,7.023427484279638e-05
1340250136249810945,negative,0.01938946213977718
1340250137063550976,negative,0.002584759969737653
1340250143510114305,negative,0.2531089751490629
1340250147545071616,negative,0.009893658872904236
1340250148644003840,negative,1.695292233013399e-07
1340250149214412800,negative,0.04206287678156329
1340250153345814529,negative,0.051808576745814336
1340250153547157504,neutral,0.49789225920557484
1340250153614237696,negative,0.0016016901073437056
1340250154897530880,positive,0.7122556974603681
1340250155828785153,negative,0.0019293930876452888
1340250160534867968,negative,0.029200385739245965
1340250165110853633,negative,0.18795859623648656
1340250165379297281,negative,0.1625177253163029
1340250168055242752,neutral,0.49789225920557484
1340250182563278849,negative,2.245544465453847e-05
1340250186426290176,negative,0.08730037349828294
1340250186589855745,negative,0.11730114569155914
1340250198304546817,negative,0.3282419999848567
1340250199034310657,negative,0.0026362406657720852
1340250199042744322,negative,0.012161915281136125
1340250199990648832,neutral,0.4657093046404513
1340250202423390208,negative,2.245544465453847e-05
1340250214079352833,negative,9.99286685172076e-06
1340250218646925313,negative,8.226024340385634e-09
1340250219972349952,negative,0.28664581396025113
1340250225265565696,negative,0.018237806739242142
1340250229564731393,negative,0.06276299194417685
1340250230340657152,negative,0.016490444800373285
1340250234526556160,negative,0.06428578843176622
1340250235713417218,negative,0.3282419999848567
1340250241732386823,negative,0.0012346011428652655
1340250246262210560,negative,0.10402765596324925
1340250248984276993,negative,0.04299152226765598
1340250249512820738,negative,0.1324251921584709
1340250252302032896,negative,0.005292651432501456
1340250254969626627,neutral,0.38819185073394313
1340250256265469952,negative,0.08273616905998304
1340250260367695873,negative,0.008112293065481259
1340250260548018176,negative,0.0016016901073437056
1340250261571428353,negative,0.0025418067117612114
1340250262502596608,neutral,0.380960937765408
1340250268978606086,negative,0.01897175086643638
1340250271348215808,positive,0.7040699895732044
1340250274330456065,negative,6.724836519895331e-11
1340250280005386244,negative,0.016978173750252443
1340250280034783232,negative,2.245544465453847e-05
1340250281934807040,positive,0.6833612102998823
1340250283578961920,negative,0.12534403049277365
1340250283734130689,negative,0.12457995508098657
1340250283847380999,negative,0.00021310014503027412
1340250286204579846,negative,0.08730037349828294
1340250288339496962,negative,3.365786911938783e-05
1340250289262260224,negative,0.019634500661653183
1340250290675736581,neutral,0.380960937765408
1340250291187429376,neutral,0.5159436667231726
1340250292433149954,positive,0.7692209384058338
1340250296837156867,negative,0.09929349222607133
1340250297923297280,negative,0.005641053013676905
1340250307687829504,negative,3.324525216754944e-05
1340250311513034754,negative,0.0011307607463946743
1340250311550758924,negative,0.0695731118642687
1340250313362698243,negative,0.017283422064507826
1340250316252602370,negative,0.009725902353889938
1340250317661884419,positive,0.7692209384058338
1340250319318560769,negative,0.002951688956948421
1340250320341970946,neutral,0.35260928573316896
1340250325484224512,negative,0.04299152226765598
1340250329607245824,neutral,0.36154385520548926
1340250335760281601,negative,4.464870787460144e-05
1340250338012610561,neutral,0.4507454498615163
1340250340306907137,negative,0.004760335538526626
1340250343314173953,negative,0.059279027429325164
1340250344966807554,negative,0.003273708058452713
1340250345319116803,neutral,0.37355004706210115
1340250345860153344,negative,2.245544465453847e-05
1340250345927282688,negative,8.192895392759348e-08
1340250346552213505,neutral,0.5143447214613424
1340250352151654400,negative,0.04206287678156329
1340250354135515136,positive,0.8924477509810372
1340250354219401217,negative,0.10522993086847601
1340250355616141313,negative,6.269854001793209e-09
1340250359764271105,negative,0.013099738106541851
1340250363631382528,negative,0.055093202103186634
1340250365783109632,negative,1.1184443919603734e-05
1340250374431772673,negative,0.010222604871931034
1340250376164024321,negative,0.1974121352994801
1340250376700870658,negative,0.007536317800254469
1340250377313239042,negative,0.035564046587052395
1340250381213978626,negative,0.053761787741989364
1340250385634779138,negative,0.010205636987756955
1340250385756381184,negative,1.1184443919603734e-05
1340250390147854337,negative,4.2891365377602626e-08
1340250391917846528,negative,0.0032112891646020898
1340250401820581888,negative,5.550820584979477e-05
1340250403074695168,negative,0.13510235563083817
1340250407835226113,negative,0.014105106362646275
1340250412427976704,negative,0.008062231893022943
1340250412503457792,negative,1.889697195129453e-14
1340250415204544512,positive,0.9569553686986872
1340250420975988741,negative,3.279815117229839e-08
1340250428399906816,negative,1.5896975970144604e-05
1340250430518022145,negative,0.04206287678156329
1340250432879378432,negative,0.3282419999848567
1340250436679462914,negative,0.12721574895474222
1340250436830437376,positive,0.8795443655192069
1340250438474608642,negative,8.23997875598639e-05
1340250441016328197,positive,0.7692209384058338
1340250443910443010,negative,5.899131759471485e-06
1340250445600731137,negative,0.30248127565626065
1340250446305366017,negative,0.058542430267774746
1340250446598987777,negative,1.4292218748457292e-13
1340236868152160256,negative,5.152403345705981e-07
1340237752626008070,negative,0.03562246080710502
1340238265182547968,negative,2.9577515519491644e-07
1340238792108761088,negative,0.03562246080710502
1340238882655318016,positive,0.8746760040516116
1340240260635258880,negative,0.03562246080710502
1340240975923474432,negative,0.03562246080710502
1340242532178010113,negative,0.03562246080710502
1340245328491130881,negative,0.03562246080710502
1340245793836548097,negative,0.03562246080710502
1340246089107124225,negative,0.1321079535252936
1340247701540270082,negative,0.03562246080710502
1340247830640926725,negative,0.03562246080710502
1340248016289206272,negative,0.0023285035688388736
1340248141619085314,positive,0.8456376620594
1340248142701203457,neutral,0.5857442674289819
1340248143753932800,positive,0.6960830311017654
1340248199412539392,neutral,0.44362815549929047
1340248324033687553,negative,0.014429673282875435
1340248341884653569,neutral,0.49789225920557484
1340248445160927233,negative,0.03562246080710502
1340249285481426945,positive,0.8746760040516116
1340250378164682754,negative,0.03562246080710502
1340235854867030016,negative,0.00022207747203501613
1340238671455252480,negative,0.05345248751665514
1340239727367249920,neutral,0.49789225920557484
1340242928220991493,neutral,0.49789225920557484
1340247930431631361,neutral,0.49789225920557484
1340236786895892485,negative,0.033280093885533685
1340239217352437761,negative,0.001364233347024148
1340237013744832512,negative,0.008467850632101403
1340237664193134593,positive,0.8232975942751998
1340237753791995906,negative,0.0005549333702749045
1340240655319261184,negative,0.008467850632101403
1340240824580382720,negative,0.023405145916853942
1340240942389977093,negative,0.19038305167291986
1340242312522305537,negative,0.05121793628213428
1340244533804756992,negative,1.203239345241977e-05
1340244751392641025,negative,0.19038305167291986
1340245243606790144,negative,0.004181118873135305
1340245262820925442,negative,0.004181118873135305
1340249377122742272,negative,0.19038305167291986
1340235430176944129,negative,7.384327010812274e-07
1340235449151975424,negative,0.002099449629761206
1340235450951360512,negative,0.011586087137626055
1340235464624775171,negative,0.009233814722145595
1340235467439149056,negative,0.11622763277254025
1340235510543990784,negative,0.1447978645290849
1340235553695010818,negative,8.8577626218113e-05
1340235566370025472,positive,0.9453563581139856
1340235568828063744,negative,0.0006766298062107373
1340235599937155072,negative,0.11622763277254025
1340235609118523392,negative,0.008189387435449998
1340235618530549769,negative,0.002099449629761206
1340235626306805762,negative,0.016286506907894814
1340235628081008641,negative,0.002099449629761206
1340235652344922113,negative,0.05921128479763704
1340235661329231873,neutral,0.5733396522036879
1340235667293556736,neutral,0.48939009134907663
1340235681763897345,negative,3.9676870744719625e-05
1340235716949913602,negative,0.008790167860960221
1340235733685121024,neutral,0.5871812706961201
1340235744087052288,negative,0.0007844143077687852
1340235752060411904,negative,3.2943185017652374e-13
1340235766438522880,negative,0.0006226172693785265
1340235773417844736,negative,1.705912510737415e-05
1340235788584304642,negative,0.002099449629761206
1340235848114167808,negative,7.759955870790159e-05
1340235850903392256,negative,0.00912519720711021
1340235863108820992,negative,0.2603347238893008
1340235871417675776,negative,0.006240826973315541
1340235907698462721,negative,0.006385203567589442
1340235912559640576,negative,2.0530203218171712e-06
1340235916066041857,negative,0.011586087137626055
1340235966154469376,negative,0.002099449629761206
1340235983447597056,positive,0.9453563581139856
1340235990791811074,negative,0.002099449629761206
1340236007715815424,negative,0.10707828207299741
1340236013755654144,negative,0.0018488948883296468
1340236026841767937,negative,2.5905900946596464e-08
1340236036119687169,negative,0.0003549959848432647
1340236036497137664,negative,1.1252838053741654e-06
1340236039202496512,negative,0.00912519720711021
1340236050384490496,negative,0.09873203869024261
1340236055539314689,negative,0.033682669087622324
1340236059716816896,negative,0.009482937892056087
1340236063181303809,negative,0.002099449629761206
1340236090695933954,negative,0.00014247596136289595
1340236108555284480,negative,0.11622763277254025
1340236115668824071,negative,0.20227775764009848
1340236136598417413,negative,0.002099449629761206
1340236148749295616,negative,0.1510379085319013
1340236625268396033,negative,0.035966388746079395
1340236641139642368,negative,7.759955870790159e-05
1340236650056740864,negative,0.0017245598556512689
1340236651470188545,negative,0.08531106549460697
1340236681723736064,negative,0.0009684699141080482
1340236689567084544,negative,0.023601202854125376
1340236692813467648,negative,6.601021034457349e-07
1340236708550500354,negative,0.00011618568717061648
1340236710656008192,negative,0.017954909889055643
1340236711675252737,negative,0.05372653264591677
1340236759377059840,negative,0.002099449629761206
1340236775042768904,negative,0.002099449629761206
1340236848862523393,negative,7.281433170534e-06
1340236863404126208,negative,0.06817122678559136
1340236874766577664,negative,7.735732404864286e-10
1340236884983885824,negative,0.00021711048540032398
1340236887143936001,negative,1.705912510737415e-05
1340236904772603904,negative,0.002099449629761206
1340236924498436096,negative,7.759955870790159e-05
1340236942089318400,neutral,0.6363228313540811
1340236977942237184,negative,0.008995339922777491
1340236990839627776,negative,0.0008328075983672867
1340237015770607622,negative,5.005470599917805e-05
1340237017347731456,negative,0.22111596718202323
1340237038197587969,negative,0.0010810119557869697
1340237056543514625,negative,0.008790167860960221
1340237063241777154,negative,0.0010684760284754677
1340237082745331713,positive,0.9300547660359856
1340237097853186050,negative,0.11622763277254025
1340237099983888386,negative,1.0444856655113209e-10
1340237132699340800,negative,0.0007844143077687852
1340237138558930944,negative,0.0005786538083333546
1340237138596667393,negative,0.0007818812460049855
1340237144472899587,neutral,0.44682427590514917
1340237150202318849,negative,0.0017245598556512689
1340237150995050506,negative,0.008790167860960221
1340237194196381699,positive,0.9924261804803083
1340237196373200896,negative,1.705912510737415e-05
1340237224961593349,negative,0.00014247596136289595
1340237229726322689,negative,0.008790167860960221
1340237234340040706,neutral,0.48939009134907663
1340237236772761601,negative,0.002099449629761206
1340237249376600065,negative,0.011586087137626055
1340237250609750017,negative,1.96173491532782e-05
1340237272386580480,negative,0.008790167860960221
1340237281731485696,negative,0.008790167860960221
1340237284625555456,negative,0.11622763277254025
1340237289356742657,negative,0.00044842268043437656
1340237296658989057,negative,0.002099449629761206
1340237311619915776,negative,0.06927533875044124
1340237311670366208,negative,0.008790167860960221
1340237313444634625,negative,0.09372256161175303
1340237336500719616,negative,1.0839858796998556e-07
1340237355299590144,negative,0.0047654806092244
1340237376963133440,negative,9.763722676989416e-05
1340237396663779328,negative,1.0562434707609453e-06
1340237426703392770,negative,6.043407579551461e-05
1340237435054280704,negative,6.6940497183418404e-09
1340237459058257922,negative,2.1195166830791126e-08
1340237466171629569,negative,0.0005975576579303025
1340237470747734017,negative,0.002099449629761206
1340237471037222913,negative,0.002099449629761206
1340237520152506370,negative,0.11622763277254025
1340237529799303168,positive,0.7911666691660908
1340237553216176128,negative,0.2603347238893008
1340237569984966658,neutral,0.5143447214613424
1340237576645431296,negative,5.236472612242424e-07
1340237595138285572,negative,5.825783787770607e-09
1340237602570575872,negative,0.011586087137626055
1340237617653297154,negative,0.005603857580493885
1340237624540278785,negative,0.002099449629761206
1340237644547182592,negative,0.017075890554753486
1340237676172234752,negative,0.0017245598556512689
1340237678877569024,negative,9.248700875132117e-05
1340237681884876802,negative,0.002099449629761206
1340237689388376064,negative,0.1796203405923134
1340237694581035010,neutral,0.3545590784517635
1340237708766134277,negative,4.1158982688546445e-08
1340237719876890624,negative,0.000289584196302893
1340237738067570689,negative,0.002099449629761206
1340237778869739522,negative,1.1021590317406332e-07
1340237779020746752,negative,0.002099449629761206
1340237782858559489,negative,1.705912510737415e-05
1340237783466688512,negative,0.06401232776880161
1340237789091274752,negative,7.759955870790159e-05
1340237812768137216,neutral,0.34120072705282883
1340237814676504576,negative,0.008790167860960221
1340237882963976194,negative,0.09342634391485713
1340237895760826368,negative,0.002099449629761206
1340237918334558210,negative,2.6769929750396915e-05
1340237925058023425,negative,0.0003549959848432647
1340237926999928832,neutral,0.5143447214613424
1340237954921410563,negative,0.002099449629761206
1340237967378538496,negative,1.8651293471564508e-07
1340237970754953216,negative,0.0047654806092244
1340237978204041221,negative,0.002014819806448664
1340237993739739136,negative,3.6528353570251176e-10
1340237997619425281,neutral,0.5871812706961201
1340238016326057984,negative,7.055195479412969e-06
1340238043140280320,negative,0.008790167860960221
1340238088816238593,negative,1.5250625615598278e-05
1340238092142321665,negative,0.03455082465431316
1340238103236194304,negative,0.002099449629761206
1340238111037526016,negative,0.2603347238893008
1340238131426177024,negative,0.008790167860960221
1340238136245415937,negative,4.9845992102737787e-05
1340238136580972553,negative,0.0005786538083333546
1340238162552041472,neutral,0.5426596473129269
1340238175055319040,negative,8.653446046350107e-07
1340238193149538311,negative,0.003193205893537398
1340238216914460672,negative,0.058480877618735085
1340238222002143233,negative,3.5427498005327845e-07
1340238226238418953,negative,0.0023598724978302504
1340238244529778689,negative,0.002099449629761206
1340238246249332737,negative,2.0461615450785828e-11
1340238246375288833,negative,0.008790167860960221
1340238271985704961,negative,0.04412495809925965
1340238283922694144,negative,0.02478980010821556
1340238288041488384,negative,0.002099449629761206
1340238308975243269,negative,0.002099449629761206
1340238323353153536,negative,0.002099449629761206
1340238343838285830,negative,6.066400560080055e-09
1340238381071159301,negative,0.002982103472610888
1340238383227019264,negative,7.759955870790159e-05
1340238402957000704,negative,0.008790167860960221
1340238404953501697,negative,1.9735910681511375e-05
1340238408522850305,negative,0.006878203601013939
1340238456077905920,negative,1.708028494268737e-06
1340238480811712513,negative,5.8524189076235004e-09
1340238487061225473,negative,0.25749686662421745
1340238496536117248,negative,0.3180614434533218
1340238501162397697,negative,2.6606572378982407e-06
1340238513359433728,negative,0.008790167860960221
1340238557269667842,negative,0.03418703274893836
1340238571563847686,negative,0.16433443647749071
1340238578794835968,negative,6.066400560080055e-09
1340238579126157317,negative,0.006878203601013939
1340238614693875718,negative,0.00912519720711021
1340238636844003328,negative,0.002099449629761206
1340238664408948736,negative,9.384812856022582e-05
1340238668792025089,negative,0.03456699993673966
1340238671694487554,negative,2.6769929750396915e-05
1340238676282978304,negative,0.11622763277254025
1340238693257408512,negative,0.0005507546668473397
1340238701755064321,negative,7.759955870790159e-05
1340238726228832259,positive,0.8340734808254635
1340238726497185792,negative,0.18872475333234273
1340238739809951748,negative,3.0787698149058963e-06
1340238767177818112,negative,0.00410438859455383
1340238795749416961,negative,0.0007844143077687852
1340238855576809472,negative,0.0007844143077687852
1340238872576479232,negative,0.011586087137626055
1340238883238400000,negative,2.6769929750396915e-05
1340238883817218049,negative,0.00017185904619602607
1340238891794788354,negative,0.0005154345490406913
1340238909830262795,negative,1.705912510737415e-05
1340238934954168320,negative,0.0008812977394204398
1340238948866646019,negative,0.005852217733199482
1340238965715202048,positive,0.7574689377571684
1340238977928998917,negative,0.11622763277254025
1340238979287949312,negative,3.0178607779843788e-06
1340238990184628225,negative,0.00033014085362706897
1340239023256686603,negative,0.1891319269731172
1340239044152881157,negative,9.327137922212053e-08
1340239077103296512,negative,0.008790167860960221
1340239091628191744,negative,1.1881388763401785e-07
1340239095776374785,negative,0.0007844143077687852
1340239124633104384,negative,0.11622763277254025
1340239167398285312,negative,3.0026509328883137e-09
1340239187556102145,neutral,0.44682427590514917
1340239195881803777,negative,1.9384056066490878e-13
1340239235790610434,negative,0.0014953947705937808
1340239255344467968,negative,0.11622763277254025
1340239256061685761,negative,0.002099449629761206
1340239263799996416,negative,0.06095923918658917
1340239284239036417,negative,0.00011974069414974967
1340239298227007489,negative,0.002099449629761206
1340239311548125184,negative,0.00010194859382231805
1340239331953422336,negative,0.0029998575507934797
1340239336214835200,negative,0.004650663143495384
1340239379571351553,negative,0.002099449629761206
1340239387955785728,negative,0.002099449629761206
1340239396268863488,negative,7.759955870790159e-05
1340239408126021632,negative,0.01687490190442876
1340239422328086529,negative,0.002099449629761206
1340239435917606918,negative,3.54761049449495e-07
1340239443287027717,negative,0.11622763277254025
1340239461045710849,negative,0.002099449629761206
1340239469610459136,negative,4.216499569578618e-07
1340239475776098304,negative,1.5310879421798947e-05
1340239487692124160,positive,0.9999699874705786
1340239491563474946,negative,0.0017245598556512689
1340239507992551434,neutral,0.5143447214613424
1340239514569039874,negative,0.0006147630768726044
1340239525809950720,negative,0.05921128479763704
1340239534706061312,negative,0.0034987683588894205
1340239543484739585,negative,1.0176755277571916e-14
1340239562216534016,negative,0.002099449629761206
1340239615760994305,negative,7.096501212334282e-09
1340239633578389505,negative,0.008790167860960221
1340239660728143872,negative,1.757781987574474e-05
1340239694001549314,negative,1.705436006067496e-08
1340239704587984896,negative,5.9560075302467486e-06
1340239708891340800,negative,1.5823280318202098e-21
1340239726406737920,negative,3.2422843299194627e-07
1340239746472263680,negative,1.0452298825488294e-05
1340239749932564481,negative,0.00410438859455383
1340239760879734784,negative,0.0018488948883296468
1340239796258652162,negative,0.002099449629761206
1340239814390657024,negative,0.0014259572720558002
1340239817913868289,negative,0.0023598724978302504
1340239824620564480,negative,0.0017003765948914948
1340239833306963968,negative,4.6882208151234044e-07
1340239855243169793,negative,6.562763792913952e-06
1340239861601714176,negative,0.011586087137626055
1340239867972874240,negative,0.2603347238893008
1340239884792049665,negative,0.002099449629761206
1340239889858785280,negative,0.008790167860960221
1340239893075734529,negative,0.002099449629761206
1340239930321227776,neutral,0.5143447214613424
1340240453384478720,negative,0.002099449629761206
1340240454084743168,negative,0.017954909889055643
1340240455674544129,negative,0.0047654806092244
1340240456295342080,positive,0.7470123482804877
1340240495293820928,negative,0.0016617806289450988
1340240549492776965,negative,0.04412495809925965
1340240561639452673,negative,1.8560228544850904e-12
1340240578471227393,negative,0.008790167860960221
1340240588042604547,negative,0.01687490190442876
1340240602307448832,negative,0.00441821366514581
1340240621773185026,negative,0.011586087137626055
1340240637212422145,negative,0.00039601271548730276
1340240640597250049,negative,0.001953197988321837
1340240680115990530,negative,2.9475959743582443e-05
1340240684998156288,negative,0.00017185904619602607
1340240712231759873,negative,1.0562434707609453e-06
1340240717210394625,negative,9.376557809254652e-05
1340240722646212609,negative,0.0011833090656590104
1340240726622400512,negative,0.0007844143077687852
1340240740031586304,negative,0.01687490190442876
1340240750441881600,negative,0.017954909889055643
1340240758436229120,negative,1.551155319274107e-07
1340240761997160449,negative,0.2603347238893008
1340240778988318721,negative,0.0023598724978302504
1340240780687003648,negative,0.017954909889055643
1340240799360028673,negative,8.610419215344082e-08
1340240807660376065,negative,0.014933026957059135
1340240861079191552,negative,2.0425520008284898e-05
1340240866611523586,negative,0.000392966697368484
1340240878317707265,positive,0.9453563581139856
1340240928934682633,negative,1.044309926312413e-07
1340240946152222722,negative,0.008790167860960221
1340240949058912257,negative,5.741787423456115e-09
1340240956201857024,negative,0.002099449629761206
1340240972584783872,negative,6.573004810233583e-05
1340240975164289029,negative,0.008790167860960221
1340240983267696641,negative,0.002099449629761206
1340241051479584769,negative,7.759955870790159e-05
1340241076184113152,negative,0.0005154345490406913
1340241080512622592,negative,0.00967669601818614
1340241085122142208,negative,0.008252828735266475
1340241092151812098,negative,0.0003213474681344123
1340241134875009032,negative,3.117759505749454e-06
1340241159747227648,negative,1.0562434707609453e-06
1340241181414989824,negative,0.008790167860960221
1340241193440079873,neutral,0.5143447214613424
1340241204315885568,negative,7.517744931143894e-11
1340241206119444480,negative,0.07388336306837655
1340241220275228676,negative,0.002099449629761206
1340241221185392640,negative,0.008790167860960221
1340241221600632832,negative,8.975866395975095e-05
1340241228739325952,negative,0.008790167860960221
1340241236322619392,negative,2.73400510706202e-07
1340241238067441664,negative,1.1021590317406332e-07
1340241253557014529,negative,0.0001614563224957317
1340241270116147202,negative,0.0034484266452243957
1340241273890988032,negative,0.11622763277254025
1340241289149726723,negative,0.00912519720711021
1340241291674873856,negative,0.0014243247925185855
1340241304018673669,negative,0.008790167860960221
1340241328173674496,negative,8.993835419519336e-05
1340241331860480001,negative,0.0006393095539164319
1340241336981737474,negative,0.00025092686824678263
1340241344237867008,negative,0.3205757193078056
1340241346821582848,negative,1.8941264886960822e-16
1340241351447855105,negative,1.4235803267379146e-06
1340241380933853185,negative,0.002099449629761206
1340241381118361606,negative,0.0023598724978302504
1340241391906152450,negative,0.0023598724978302504
1340241404166025216,negative,0.008790167860960221
1340241418535792643,negative,0.002099449629761206
1340241426618191872,negative,0.002099449629761206
1340241434390257664,negative,1.4262413437764714e-05
1340241450538299392,negative,0.14294413621357852
1340241465088368643,negative,0.002906658639281742
1340241479697129477,negative,0.04150929621190438
1340241483669118976,negative,0.0027662078495475258
1340241517856874496,negative,2.898599816830342e-05
1340241520595746817,negative,0.002099449629761206
1340241580259762177,negative,0.0011081680114363437
1340241616834097153,positive,0.7112410315744657
1340241617370959872,negative,0.0019052614388861775
1340241625134604288,negative,0.002099449629761206
1340241651051208706,negative,0.0006821205284729146
1340241699357007875,negative,1.705912510737415e-05
1340241703651971073,negative,0.002099449629761206
1340241728545034240,negative,0.11504226128613025
1340241738041073664,negative,0.002099449629761206
1340241738192064514,negative,2.6606572378982407e-06
1340241748279308288,negative,0.004880474247612781
1340241754931523584,negative,0.008790167860960221
1340241775026446336,negative,0.002099449629761206
1340241775529775106,negative,0.008790167860960221
1340241779564683265,neutral,0.4017474924993271
1340241798346752000,negative,0.0017245598556512689
1340241802478104577,negative,7.016637986599594e-08
1340241850607648768,negative,0.00013904593359624832
1340241858455367680,negative,0.19513643841760767
1340241863526244357,negative,0.002099449629761206
1340241868446175233,negative,5.694635971854034e-05
1340241881914077184,negative,0.0006285971201743288
1340241883201744897,negative,0.00043513568362598195
1340241887379243008,negative,1.7675717993530457e-08
1340241895939858433,negative,6.091497847755191e-06
1340241909651038208,negative,0.0017245598556512689
1340241911039332353,negative,0.002099449629761206
1340241911999647747,negative,0.025721939310856486
1340241916361891846,negative,0.05956656503593689
1340242018191237120,negative,0.00043513568362598195
1340242023878713344,negative,0.002924157393907907
1340242029306130433,negative,4.0637948717269564e-05
1340242050168582145,negative,0.002099449629761206
1340242055583457280,negative,0.0017245598556512689
1340242056795598849,negative,3.383963837821593e-05
1340242066371186688,negative,0.008790167860960221
1340242135132622849,negative,0.00043513568362598195
1340242171157471232,negative,0.0018370168651830846
1340242188370915328,negative,9.25856846148527e-10
1340242224483807232,negative,0.00043513568362598195
1340242233270755329,negative,1.1021590317406332e-07
1340242251591655424,negative,1.9735910681511375e-05
1340242274706460672,negative,0.00043513568362598195
1340242275910234112,negative,6.573004810233583e-05
1340242276476465154,negative,0.05691404087245781
1340242285838143490,negative,0.002099449629761206
1340242316607561728,negative,0.008790167860960221
1340242324836806658,negative,2.6606572378982407e-06
1340242333292519425,negative,0.002099449629761206
1340242349226639360,negative,0.0007149557912797652
1340242415064555520,negative,0.017954909889055643
1340242419787415555,negative,2.6481697537625018e-05
1340242420638867456,negative,0.012031788434735896
1340242450758180864,negative,0.002099449629761206
1340242476771250176,negative,0.01892686872029436
1340242481691111424,negative,0.11622763277254025
1340242488716607488,negative,0.12091562906731006
1340242542026256386,negative,0.00039157313153769766
1340242583243673600,negative,0.002099449629761206
1340242609751678981,negative,0.002099449629761206
1340242616940716032,negative,0.0023598724978302504
1340242634791673856,negative,0.04554886074612483
1340242638008664069,negative,0.32401592301431353
1340242667121328129,negative,0.00143674256085014
1340242670401302534,negative,1.193454254596073e-06
1340242677728768001,negative,0.32401592301431353
1340242683055529984,negative,0.01687490190442876
1340242710754680832,negative,0.0005786538083333546
1340242732133085184,negative,0.009114107937644033
1340242732904833032,positive,0.990526810506536
1340242733127053312,negative,0.13302297884603317
1340242737208188928,neutral,0.4191805729120662
1340242764043317248,negative,0.0023598724978302504
1340242765674852352,negative,7.730176957303715e-06
1340242777318313984,negative,2.5960493533863773e-05
1340242808939053057,negative,6.342806869416943e-06
1340242809878687752,negative,0.008790167860960221
1340242812399435777,negative,0.005603857580493885
1340242832808939524,negative,0.0023733168208308593
1340242864354287617,negative,0.03266141942896552
1340242888127619078,negative,0.0008227247384758105
1340242911561170945,negative,0.002099449629761206
1340242918012051458,negative,0.002099449629761206
1340242918427283456,negative,2.31232335776162e-05
1340242928707485701,negative,0.008790167860960221
1340242930523631617,negative,0.1719306361025995
1340242945509912578,negative,0.18758706197759467
1340242947682537473,positive,0.9924261804803083
1340242952212402177,negative,0.008790167860960221
1340242954506518530,negative,0.009190680565972243
1340242984122593281,neutral,0.4191805729120662
1340242986005872640,negative,4.126017440345738e-07
1340242990766407680,negative,0.015602454806636022
1340242991244558336,negative,4.2260049145100036e-05
1340243026036338690,negative,0.0024449005438171496
1340243030272577537,negative,5.330320731729222e-06
1340243039604920321,negative,2.9807379411922718e-09
1340243057946599424,negative,1.9499119395851273e-05
1340243094789382144,negative,0.0017245598556512689
1340243105476435969,negative,5.330320731729222e-06
1340243123126095873,negative,0.008790167860960221
1340243133674754049,negative,0.002099449629761206
1340243137038573570,negative,0.0006226172693785265
1340243140029149184,negative,0.002099449629761206
1340243150716211200,negative,0.008790167860960221
1340243163710164994,negative,7.591151371470339e-08
1340243165815721984,negative,0.002906658639281742
1340243173084438529,negative,0.008790167860960221
1340243180588036099,negative,0.08532046875691342
1340243182546788354,negative,0.002099449629761206
1340243194496376832,negative,6.191192599776218e-12
1340243199575478272,negative,0.011586087137626055
1340243212783538177,negative,0.002099449629761206
1340243214482075648,negative,0.09577270442159252
1340243216789069824,negative,0.0005529464155060228
1340243217397276674,neutral,0.5764846301890356
1340243219716698114,negative,2.7485859189473176e-06
1340243228390518786,negative,0.002099449629761206
1340243231670415360,negative,0.00100720509660395
1340243239492857857,negative,0.002099449629761206
1340243249408192513,negative,7.599733057262673e-07
1340243287714742273,negative,0.00043513568362598195
1340243291544104961,neutral,0.4406049156435275
1340243300079587328,negative,0.1779486307718562
1340243313979318272,negative,0.011586087137626055
1340243321818656770,negative,0.05956656503593689
1340243367708545024,negative,0.32401592301431353
1340243384007593984,negative,8.627466227845847e-06
1340243386100494336,negative,9.288882812116043e-05
1340243392069062656,negative,0.0028436602983501415
1340243444523003908,negative,0.09465470934054182
1340243458678775808,negative,3.492121413118247e-05
1340243463409971200,negative,0.0007844143077687852
1340243477658001409,negative,4.100361268847377e-11
1340243503150993410,negative,8.711843721064855e-13
1340243518867038209,negative,0.3230028782522508
1340243523170349056,positive,0.8843692928108856
1340243543709933569,negative,0.013596373999092286
1340243549414174721,negative,0.0006285971201743288
1340243601599688705,negative,0.00012153995453159815
1340243627809906689,neutral,0.5467428936893193
1340243645694357504,negative,7.126818929157042e-05
1340243651264466945,negative,0.05096509167392604
1340243693874405378,negative,0.008790167860960221
1340243700773994497,negative,1.7215238674769492e-06
1340244251804897281,negative,0.00043513568362598195
1340244254417969152,negative,4.355826081389502e-05
1340244280783347713,negative,1.705912510737415e-05
1340244295505338368,negative,6.431878211605603e-14
1340244311527596032,negative,0.031539743563258935
1340244324152426496,negative,0.029986066139786237
1340244337788121090,negative,2.8328122682101627e-05
1340244339428093953,negative,9.482116325914602e-05
1340244343253299200,negative,0.0004181426781978747
1340244371715870720,negative,0.0003549959848432647
1340244389650714626,negative,0.00018233918440129602
1340244420105543680,negative,1.705436006067496e-08
1340244463025876993,negative,0.0007844143077687852
1340244474962857984,negative,0.002099449629761206
1340244479916314631,negative,0.0764290789184008
1340244502787796993,negative,0.008790167860960221
1340244521133719552,negative,1.9735910681511375e-05
1340244550032519170,negative,4.83151685070781e-07
1340244555707392000,negative,0.002099449629761206
1340244561105457152,negative,0.017954909889055643
1340244564368568320,negative,0.012973708843009668
1340244635164282880,negative,0.24343562975877567
1340244635256565761,negative,0.32401592301431353
1340244649026482176,negative,1.4841497756119197e-09
1340244683616903170,negative,0.11622763277254025
1340244689539231745,negative,1.4443489691178753e-05
1340244695402897409,negative,0.031539743563258935
1340244716235845637,negative,2.555631802220708e-05
1340244724351987712,neutral,0.5617395025511245
1340244735806599168,negative,0.05921128479763704
1340244741187842049,negative,0.00043513568362598195
1340244753070350336,neutral,0.5143447214613424
1340244755582767105,negative,0.008790167860960221
1340244757742821382,negative,3.260124037722967e-05
1340244763375788032,negative,0.12091562906731006
1340244767842521088,negative,6.689251581804314e-05
1340244771131035650,negative,0.008790167860960221
1340244775069495298,negative,9.393954237023079e-07
1340244791142080513,negative,0.03784482178435435
1340244816031080448,negative,1.176490897576446e-13
1340244818639904768,negative,0.00020578838005753892
1340244855285559298,negative,0.00100720509660395
1340244876823244802,negative,7.183202134984487e-06
1340244902358249473,negative,0.0038639835739101925
1340244930023845888,negative,0.002099449629761206
1340244942334136324,negative,0.008790167860960221
1340244953780334592,negative,7.126818929157042e-05
1340244986596646913,negative,3.697205857191742e-13
1340244992317665286,negative,0.001953197988321837
1340245013503090688,negative,0.008790167860960221
1340245037737754625,negative,0.002099449629761206
1340245094985850880,negative,0.11322438821692116
1340245120579465216,negative,0.002099449629761206
1340245149218201603,negative,0.0007844143077687852
1340245154591100929,negative,0.05956656503593689
1340245172945301504,negative,3.0671724283551874e-07
1340245181497565184,neutral,0.5617395025511245
1340245199797313536,negative,0.0004841462743532014
1340245218914947072,negative,0.009145587885580519
1340245246928707584,neutral,0.5871812706961201
1340245279421980672,negative,0.008790167860960221
1340245309146980353,negative,0.0047654806092244
1340245317476888578,negative,0.0023598724978302504
1340245358866259968,negative,0.0010906475199711939
1340245361873530880,negative,0.11622763277254025
1340245370815864833,positive,0.7018650211945178
1340245390306775040,negative,4.216499569578618e-07
1340245451589738498,negative,0.008607577089543043
1340245481977475072,negative,0.002099449629761206
1340245487962759168,negative,1.4814103596724973e-08
1340245491918004225,negative,0.002099449629761206
1340245525124288512,negative,0.002099449629761206
1340245580816248834,negative,0.002099449629761206
1340245593168482305,negative,8.663495430820131e-09
1340245600546242560,negative,0.008402215442645486
1340245602777653248,negative,4.212085358963406e-05
1340245622209851397,negative,0.0017245598556512689
1340245654061404161,negative,0.002099449629761206
1340245664140320768,negative,7.759955870790159e-05
1340245676563836929,negative,1.4615405281174697e-05
1340245686701281282,negative,1.478296626363253e-13
1340245687137685504,negative,0.002099449629761206
1340245694947479552,negative,0.002099449629761206
1340245697468243968,negative,1.4615405281174697e-05
1340245700332957696,negative,0.002099449629761206
1340245701951959042,negative,2.9219438685891975e-11
1340245718452350976,negative,0.008790167860960221
1340245726132129792,negative,0.002099449629761206
1340245731383402497,negative,2.6481697537625018e-05
1340245745073606656,negative,0.0004841462743532014
1340245745107124224,negative,0.002099449629761206
1340245767026569216,negative,0.16162955086206265
1340245769744486402,negative,3.9647540544585446e-05
1340245769778040832,negative,4.835791580500547e-08
1340245770868547584,negative,8.94345006095357e-07
1340245773779423233,negative,0.008790167860960221
1340245789847728131,negative,0.0005837488405124749
1340245790363684866,negative,0.0014743330886371445
1340245793903656960,negative,0.0009676721781249805
1340245810890612736,negative,0.011586087137626055
1340245812450910208,negative,5.944635885080217e-09
1340245814799716354,neutral,0.481839284605119
1340245827042873344,negative,2.188560990605075e-09
1340245858340769792,negative,0.006441236372595875
1340245868319039493,negative,0.0006383770981770214
1340245873490604032,neutral,0.5617395025511245
1340245901542125570,negative,0.008790167860960221
1340245909993603073,negative,7.952149524347461e-08
1340245925063757824,negative,8.79159774887227e-05
1340245935532740608,negative,1.0090446375018965e-07
1340245964775419905,negative,0.002099449629761206
1340245980411801601,negative,8.79159774887227e-05
1340245983800807424,negative,8.79159774887227e-05
1340245986850050049,negative,0.008790167860960221
1340245992852107264,negative,1.7050415961872596e-05
1340245997600043008,negative,0.048169371555961585
1340246038653923328,negative,0.024114598136862907
1340246052797116419,negative,2.982247259065415e-10
1340246057150803970,negative,1.1052235155571263e-07
1340246088050159616,negative,1.8976210090604912e-05
1340246092068368385,neutral,0.45501095425946225
1340246134258888709,negative,0.002099449629761206
1340246137635303426,negative,0.008790167860960221
1340246154408325120,negative,0.15597719458982184
1340246155108737027,negative,0.002099449629761206
1340246171722366976,negative,0.010038927889287749
1340246176310947840,negative,0.004423232268047586
1340246194262519808,negative,0.008790167860960221
1340246219273216000,negative,0.0003479476787089168
1340246238747385856,negative,0.00043654760830784194
1340246242098614273,negative,0.0005194967065182464
1340246265276280833,negative,0.002099449629761206
1340246281516675073,negative,5.400861348488509e-06
1340246294040875008,neutral,0.4787389045257815
1340246297006227456,negative,1.8651293471564508e-07
1340246300743397376,negative,0.0002413909181283169
1340246305587773441,negative,0.01687490190442876
1340246326563495937,negative,0.002099449629761206
1340246338462736385,negative,2.3430974446619077e-06
1340246354828910593,negative,5.980274661692872e-05
1340246356817043456,negative,1.9537573647619474e-05
1340246367453769730,negative,5.351932637115595e-13
1340246369462841345,negative,0.0017245598556512689
1340246378656755712,negative,0.00032163944318945787
1340246379315294208,negative,0.002099449629761206
1340246401804947456,negative,4.9454413175211576e-09
1340246417978380288,negative,0.002099449629761206
1340246460365848581,negative,0.0015599992565807131
1340246467659837440,negative,0.00038714612563688474
1340246494096601092,negative,0.0016442555905030005
1340246533032316928,negative,0.0017245598556512689
1340246540741390338,negative,0.27027934390064856
1340246576263028736,negative,0.0015599992565807131
1340246581233246210,negative,5.294880322599274e-06
1340246587029766144,negative,0.0005154345490406913
1340246590758502400,negative,0.11622763277254025
1340246591660285958,negative,9.950117405193533e-06
1340246601416241153,negative,0.2603347238893008
1340246604683616256,negative,0.05129925934136648
1340246615479693312,negative,0.007576631494301687
1340246630822539265,negative,0.11622763277254025
1340246640792375297,negative,3.396882719927612e-08
1340246649671659520,negative,3.888765887881732e-05
1340246657884143617,negative,0.002099449629761206
1340246677014409217,negative,0.002099449629761206
1340246677052076032,negative,1.705912510737415e-05
1340246698271105024,negative,7.065300974575019e-05
1340246724745588736,neutral,0.5617395025511245
1340246736409747456,negative,0.2342066968708555
1340246745159262209,negative,0.08855989223306988
1340246748757970944,negative,0.0004923768573410036
1340246749043187712,negative,0.01833526712778055
1340246752776085506,negative,0.002099449629761206
1340246757247246336,negative,0.0006429160841590397
1340246760309075970,negative,1.9537573647619474e-05
1340246762905284609,negative,0.0004027568487749472
1340246770161479680,negative,0.00025741659557371497
1340246775882461189,negative,0.0030215888572007552
1340246791199944707,negative,0.16162955086206265
1340246813803245571,negative,1.5310879421798947e-05
1340246816143630336,positive,0.7679819403439274
1340246819461357571,negative,1.9537573647619474e-05
1340246825765396482,negative,1.728488932936188e-11
1340246863543451650,negative,0.008790167860960221
1340246865007226881,negative,0.002099449629761206
1340246921630367745,negative,3.305774994086083e-12
1340246928844595202,negative,0.008790167860960221
1340246936213999616,negative,0.16363601076018405
1340246971286769664,negative,9.421274774486064e-10
1340246985664835586,negative,0.002626947013707971
1340247002974601216,negative,6.584504460426219e-10
1340247008867696642,negative,0.11622763277254025
1340247016295833600,negative,0.11622763277254025
1340247018397192193,negative,0.008790167860960221
1340247056691113995,negative,0.012819985238904952
1340247061208444930,negative,3.903208349726604e-06
1340247062340886529,negative,0.011586087137626055
1340247095429787648,negative,0.002099449629761206
1340247095991816194,negative,0.0023598724978302504
1340247117223391233,negative,1.0903687815636133e-06
1340247122596249600,negative,0.002099449629761206
1340247126522146818,negative,4.1110775784919806e-06
1340247129600782337,negative,9.903286397048304e-05
1340247136840126464,neutral,0.3318878844143247
1340247145241296896,negative,6.08693735963609e-06
1340247148366082048,negative,0.0016118805684623015
1340247162526064642,negative,6.47568909383764e-05
1340247166099533825,negative,9.688614026406522e-10
1340247228032663553,negative,0.11622763277254025
1340247290594922501,negative,0.0023598724978302504
1340247296412413954,negative,0.0047654806092244
1340247311365132288,negative,1.705436006067496e-08
1340247338103746560,negative,8.79159774887227e-05
1340247347079557120,negative,0.0002514329963712252
1340247347444527105,negative,0.008790167860960221
1340247349340323840,negative,0.2573530968326016
1340247350325993472,negative,0.008790167860960221
1340247362271326208,negative,0.001953197988321837
1340247376817209344,negative,2.6606572378982407e-06
1340247413970399232,negative,0.009118959732012316
1340247418676387847,negative,1.551937560912029e-08
1340247432874123264,negative,0.0013040142480937734
1340247433129971713,negative,0.008790167860960221
1340247454441193473,negative,2.7967545572161395e-18
1340247455112245248,negative,1.4615405281174697e-05
1340247460996771840,negative,0.008790167860960221
1340247467993026562,negative,1.0562434707609453e-06
1340247471491067905,negative,0.0047654806092244
1340247471746936834,negative,0.01605026981385825
1340247484627623937,negative,3.9293966579100245e-09
1340247485189599232,neutral,0.6424110860400508
1340247491640487937,negative,0.0026464416480041896
1340247539065495554,negative,0.00912519720711021
1340247540583833601,negative,1.4443489691178753e-05
1340248152042053633,negative,0.16162955086206265
1340248169788129281,negative,0.002099449629761206
1340248183860031489,negative,0.011586087137626055
1340248188058537986,negative,0.037432990669747514
1340248192332525570,negative,1.9387618927085037e-08
1340248212511350787,negative,2.108831816723184e-08
1340248214528733184,negative,0.016685725089105385
1340248229494083584,negative,0.08592352944665585
1340248230605561858,negative,6.936064031428793e-05
1340248245516328963,negative,2.4016299418177947e-05
1340248251916832769,negative,7.126818929157042e-05
1340248252994772993,negative,0.002099449629761206
1340248253443547137,negative,0.00014247596136289595
1340248259672092673,negative,7.228860994043792e-06
1340248266953224192,negative,1.570319954403679e-06
1340248268337520640,negative,0.008790167860960221
1340248268979232769,negative,0.04856322252200144
1340248276612866048,negative,4.9845992102737787e-05
1340248302076522496,negative,0.002099449629761206
1340248308724473856,negative,0.002099449629761206
1340248309743677440,negative,0.017954909889055643
1340248310150512641,negative,0.007301369533697107
1340248322280402944,negative,2.047276581732652e-12
1340248324629118976,negative,2.6606572378982407e-06
1340248332590084098,positive,0.9998728858193117
1340248336566267904,negative,0.3025152799063873
1340248339128967170,negative,0.002906658639281742
1340248343268782080,negative,0.02124069464777256
1340248351644790785,negative,3.5843500955017413e-05
1340248369587957760,neutral,0.4519802672541076
1340248371521613824,negative,0.014885723615309383
1340248375422308352,negative,0.002099449629761206
1340248384234516480,negative,0.05691404087245781
1340248403213774849,negative,0.002099449629761206
1340248426869612544,negative,3.0722535074499814e-06
1340248432980733953,negative,3.785984392867864e-07
1340248471383625728,negative,0.0026464416480041896
1340248472168087553,negative,7.080925846767473e-08
1340248475087331328,negative,0.002099449629761206
1340248488949522435,negative,0.0007149557912797652
1340248489725480967,negative,6.766735012962931e-07
1340248522382319617,negative,0.02916901847727547
1340248524936650753,negative,0.002099449629761206
1340248531144208385,negative,0.11622763277254025
1340248531903377408,negative,0.15185129908211434
1340248532683546628,negative,0.002099449629761206
1340248549712408581,negative,0.05691404087245781
1340248588320960512,negative,0.002099449629761206
1340248590443286531,negative,5.639328540391474e-07
1340248605064609794,negative,1.2540761680211821e-09
1340248628674265089,negative,0.002099449629761206
1340248672068640769,negative,3.388454752562048e-08
1340248723293675520,negative,0.0005291138556962465
1340248729224433664,neutral,0.4273888220751374
1340248730168143872,negative,0.0013946362829269693
1340248732609236993,negative,5.17047405085275e-07
1340248745544474625,negative,1.2637180233797228e-13
1340248764318101504,negative,0.1447978645290849
1340248803224547328,negative,0.00043513568362598195
1340248824258957316,negative,0.00021704666231812898
1340248830139363328,negative,0.22111596718202323
1340248871197421569,negative,0.05691404087245781
1340248904214982659,negative,0.002099449629761206
1340248909176815617,negative,0.00043513568362598195
1340248913983524865,negative,0.008790167860960221
1340248938952220672,negative,0.0007045159374235694
1340248939396812801,negative,0.044482785588092384
1340248972372439041,negative,7.126818929157042e-05
1340248981188833280,negative,0.0017245598556512689
1340249000994365440,negative,0.01687490190442876
1340249011870117888,negative,2.1439136565747423e-06
1340249024348250112,negative,0.00028011245144144917
1340249031327571968,negative,0.0005220847699315552
1340249048222150657,negative,1.0562434707609453e-06
1340249063774703616,negative,0.0005949905927871759
1340249077364219909,negative,1.3751897631546267e-07
1340249088030339073,negative,1.5127075210634242e-09
1340249149615316994,negative,1.705912510737415e-05
1340249150538039299,neutral,0.49789225920557484
1340249189788360704,negative,7.759955870790159e-05
1340249206183882754,negative,0.0003574926238991511
1340249209103147010,negative,0.0005394948563458769
1340249252992323588,negative,0.035776499925587735
1340249253583728647,negative,0.02916901847727547
1340249273170972672,negative,1.552713948832778e-13
1340249282515857409,negative,3.221491244246174e-06
1340249289814061056,negative,0.00016162691606305996
1340249290392948738,negative,0.001953197988321837
1340249291680464896,negative,1.0360898645454008e-11
1340249296042520576,negative,3.706177436231808e-07
1340249315755786240,negative,1.0767839262334963e-05
1340249322739347459,negative,0.008790167860960221
1340249332218355713,negative,0.001964928841731973
1340249340800098304,negative,0.005144292624964605
1340249344394616834,negative,0.013658024888507456
1340249364736958465,negative,0.0016124728079462982
1340249370852257792,negative,0.002099449629761206
1340249405224603649,negative,0.003515941839540235
1340249415672598529,negative,3.486871392286352e-06
1340249425076232193,negative,0.002099449629761206
1340249426682667008,negative,0.0028366701081743977
1340249436321099777,negative,0.002099449629761206
1340249438250524673,negative,0.002099449629761206
1340249450036510720,negative,3.0710211618957466e-06
1340249456713887745,negative,0.0047654806092244
1340249488473112583,negative,0.008790167860960221
1340249489240711168,negative,0.0017245598556512689
1340249494919782400,negative,0.05547714532966802
1340249531112452097,negative,0.03864691023607402
1340249649052086275,negative,0.001953197988321837
1340249651367260163,negative,0.008790167860960221
1340249651447029761,negative,0.002099449629761206
1340249690001039360,neutral,0.6010851103205042
1340249698364518402,neutral,0.46575452699608344
1340249711211466752,negative,7.759955870790159e-05
1340249712813875207,negative,6.689251581804314e-05
1340249713556271105,negative,0.00912519720711021
1340249727531663361,negative,0.002099449629761206
1340249750201896960,negative,0.0047654806092244
1340249772180066304,negative,0.04534183532446138
1340249781575278592,negative,0.0023598724978302504
1340249782422556672,negative,0.025274440078607695
1340249794539892736,negative,0.002099449629761206
1340249798243479552,negative,8.06029495498531e-06
1340249818648752128,negative,0.008790167860960221
1340249822796918784,negative,0.003601667537590876
1340249826982834176,negative,0.02901975078620942
1340249837414060033,negative,0.002099449629761206
1340249869013950465,negative,2.1543463111852125e-08
1340249873162117120,negative,9.49450995137731e-08
1340249875649323010,neutral,0.36406434589423353
1340249881382940673,negative,0.004571819448256931
1340249883006124036,negative,0.0018403154168643136
1340249896352407552,negative,0.0007844143077687852
1340249918007615494,negative,1.988181147094426e-05
1340249925859364865,negative,0.002099449629761206
1340249936949067777,negative,1.49387351090228e-05
1340249947032186881,negative,0.0025693097517038173
1340250002669645824,negative,0.02916901847727547
1340250013230915585,negative,0.014602141593775965
1340250026099044352,negative,0.002099449629761206
1340250085997895680,negative,2.6403915001039017e-08
1340250107510484993,negative,6.341957603103453e-05
1340250107850219520,negative,0.002099449629761206
1340250107996991489,negative,0.0007149557912797652
1340250122656096257,negative,7.759955870790159e-05
1340250124065398784,negative,2.862530920489737e-07
1340250167757422592,negative,0.0017245598556512689
1340250187315462144,negative,0.011806988444782037
1340250212082872320,negative,2.3012869967969907e-09
1340250230751637505,positive,0.999290026610043
1340250236879421440,negative,7.444356606857416e-07
1340250254986403840,negative,0.2603347238893008
1340250256106262529,negative,0.002099449629761206
1340250267275710464,negative,0.002099449629761206
1340250269716803586,negative,0.002099449629761206
1340250278067630081,negative,0.002099449629761206
1340250294194745344,negative,0.002099449629761206
1340250316101566464,negative,3.965343060304808e-05
1340250329401729025,negative,0.00027735800003197573
1340250340487258112,negative,0.002099449629761206
1340250350033526785,negative,0.002099449629761206
1340250363144798210,neutral,0.36491546126606234
1340250382837166081,negative,0.002099449629761206
1340250387392196609,negative,8.271756728913223e-05
1340250393339695105,negative,0.002099449629761206
1340250410649415680,negative,0.2603347238893008
1340250422028738560,negative,6.689251581804314e-05
1340250464185671680,neutral,0.5136446707795853
1340250469894111233,negative,5.330320731729222e-06
1340250496418934785,negative,3.14610340928358e-09
1340250512361463809,negative,0.053672337395152286
1340250521005936641,negative,0.004258247829945935
