Tweet_ID,Sentiment_Label,Probability_pos
1337668513129959429,neutral,0.6124315817706055
1337668534378311681,negative,0.02274789521201089
1337668556708831232,negative,2.301932476948352e-07
1337668568922505216,negative,0.17309034206570623
1337668574274592769,positive,0.6978757844079008
1337668581463642113,negative,2.1881021071782636e-06
1337668583833350148,negative,0.18710186323403927
1337668596852396033,negative,0.1031721729506594
1337668596953071619,negative,0.001478783656806502
1337668601696796673,neutral,0.49789225920557484
1337668603034931200,neutral,0.34896347909426967
1337668609175416834,negative,0.25016764946097825
1337668609603203072,negative,1.2475009549480398e-05
1337668615651418112,neutral,0.5030332264438171
1337668616817418240,neutral,0.5716876810964148
1337668617517686785,negative,0.0008337596802820551
1337668619057172482,negative,0.195109549347426
1337668633187717121,negative,0.03335459935619592
1337668650321367040,neutral,0.3319189255312339
1337668650602536962,negative,0.00839843215687602
1337668653177856001,negative,0.2888051907743344
1337668655111413762,neutral,0.5044036456661632
1337668665454571520,negative,6.599557060067579e-07
1337668668541591552,neutral,0.3454737093718042
1337668677588508672,negative,0.0001498824438567863
1337668678033223682,negative,0.16578389500280513
1337668679413141504,neutral,0.41469921638987206
1337668690381328384,negative,0.024730451551182007
1337668697247330305,negative,0.005411000686612959
1337668700028227584,positive,0.9348399741578152
1337668700485406720,negative,0.00014820678284048334
1337668706252566528,negative,0.16578389500280513
1337668724678139908,negative,0.0038570096506673254
1337668746526113792,neutral,0.49789225920557484
1337668749378326534,negative,0.059734913762651505
1337668752381448196,negative,0.09981151966106729
1337668761613176832,negative,0.06774798307680667
1337668762238070784,negative,0.00042174946965095703
1337668766377914368,negative,2.760139994583255e-07
1337668788058284034,negative,0.061393694497140314
1337668796673368065,neutral,0.49789225920557484
1337668797214445569,negative,0.06774798307680667
1337668801165467649,negative,3.4888606399998397e-07
1337668801429692416,negative,0.009821518928593578
1337668809616973825,neutral,0.4047214283799102
1337668813613981696,negative,0.21566696563262266
1337668820677390336,neutral,0.4377896312766332
1337668822896177153,negative,1.7879082518704026e-06
1337668825043484673,neutral,0.49789225920557484
1337668845541216256,negative,9.215435960574836e-05
1337668847399211009,negative,0.28959226427319557
1337668848263151616,neutral,0.49789225920557484
1337668849622282241,negative,0.08859646997262219
1337668858468044800,negative,3.221547219792573e-06
1337668867653595136,negative,0.16578389500280513
1337668876172025877,negative,0.00021725453889206257
1337668880941060097,negative,5.063026884765128e-05
1337668889153560582,negative,0.16578389500280513
1337668908183138304,negative,1.35008149476592e-08
1337668912310267904,negative,0.0038570096506673254
1337668920610873344,positive,0.9711974576093558
1337668936754556928,negative,0.009551048123928669
1337668940043055104,negative,5.491166738291655e-05
1337668940114391043,negative,0.00018614154822784275
1337668948108726272,negative,0.0006036043882106193
1337668948368764929,negative,0.0011147030663025844
1337668954878320640,negative,0.0007131374594709208
1337668957185187841,negative,0.16578389500280513
1337668965406019584,negative,0.0015112803956763097
1337668965510811650,negative,0.22547567038276897
1337668967637413888,negative,5.383363289199667e-12
1337668974163726336,negative,0.0008707657286101692
1337668979721121792,negative,0.04465624522459529
1337668982820790273,negative,0.16578389500280513
1337669013023969280,negative,0.16578389500280513
1337669013975883776,negative,0.0004711653092311389
1337669022440185858,negative,0.26037498461859954
1337669023333572608,neutral,0.5330557405297931
1337669024327544833,neutral,0.6280409087165443
1337669024990306305,negative,0.0009375322455179861
1337669025170599936,negative,0.17713194852557185
1337669025216798720,negative,0.0002704077291381445
1337669026588323840,negative,0.11365101750944975
1337669030560280576,negative,0.0029835653771513194
1337669040563695617,negative,0.2158933931838942
1337669044636426240,negative,0.014119430101001742
1337669047060754432,negative,8.964002661961825e-07
1337669048671330307,negative,0.2158933931838942
1337669057999495168,negative,0.00012184790267032183
1337669059735924738,negative,1.391306030618402e-08
1337669065456939009,negative,7.962213057510395e-06
1337669071668699138,negative,0.008330990309792083
1337669076974505989,negative,0.2158933931838942
1337669081315627009,positive,0.768534112740492
1337669089091874818,negative,0.0031644682004158767
1337669092694700034,negative,0.16733962349136758
1337669103415332865,neutral,0.5882292923460845
1337669109274849281,negative,0.012087811256064918
1337669109534908417,neutral,0.5882292923460845
1337669111095169024,negative,0.00839843215687602
1337669113347452929,negative,0.16578389500280513
1337669114102476801,negative,0.0313227730135627
1337669125443903489,positive,0.9257647885547577
1337669126068854784,negative,0.2204672852836158
1337669134633590785,negative,1.6311363779340453e-08
1337669139201024004,positive,0.9976521473271183
1337669145090027524,negative,0.010254690131153132
1337669154531397633,neutral,0.49789225920557484
1337669173623840768,neutral,0.46318326475361027
1337669176312410115,negative,0.04398157711170636
1337669176387919872,negative,0.031155050709274004
1337669182108938244,negative,0.053395239901685654
1337669182947790848,negative,0.32506685266967134
1337669194444369921,negative,0.009473324329199598
1337669197627871234,negative,0.015932955314472832
1337669198328328193,negative,0.003272890830333244
1337669198835748866,neutral,0.6104651646738217
1337669201452879872,negative,4.589933522087292e-06
1337669203290107905,negative,0.13114032356334313
1337669203428601857,negative,0.0001498824438567863
1337669205680939009,negative,0.03138203823916221
1337669227721973761,negative,0.16578389500280513
1337669228481089536,negative,3.980785772155424e-05
1337669246466351104,negative,0.12129223638909943
1337669253550501888,negative,0.00032121779005616843
1337669267932631042,neutral,0.49789225920557484
1337669284764508160,negative,0.03777852231644437
1337669286211575810,negative,0.16578389500280513
1337669292406476801,negative,0.06255867424670097
1337669292704354306,negative,0.0009493679696788479
1337669321347174401,negative,0.00026868085903647735
1337669322827816960,neutral,0.49789225920557484
1337669325940002816,negative,0.001515132545843302
1337669326376230912,negative,0.003681759277919537
1337669340112564224,neutral,0.49789225920557484
1337669348413087744,negative,0.28959226427319557
1337669351210700800,negative,0.3084428951599567
1337669365999808513,negative,0.18793420862908553
1337669368587702273,negative,0.01896953170748012
1337669370408030209,negative,0.16578389500280513
1337669371473375234,negative,0.3152641665770946
1337669382814756871,negative,6.0568544270433546e-05
1337669396328816640,neutral,0.4221473521887045
1337669399923212288,negative,0.12971878701520773
1337669400200089603,negative,0.02251791250239583
1337669400216948736,negative,1.343973831766543e-11
1337669403333242882,negative,0.0015604982342394354
1337669403387830273,negative,0.001278062954272187
1337669408173547520,negative,8.809955780255225e-05
1337669413089239041,negative,0.03335459935619592
1337669417946243072,negative,0.08014752522129363
1337669426682933248,negative,7.962213057510395e-06
1337669430965379072,neutral,0.43359916964717
1337669432945020928,negative,0.03335459935619592
1337669448803692544,negative,0.13211524219274964
1337669453065166848,negative,0.0007495328414813477
1337669455539736577,neutral,0.39201961380074474
1337669464142139392,negative,7.962213057510395e-06
1337669465622761472,negative,0.00012163710132765108
1337669472103124994,negative,1.2475009549480398e-05
1337669480646930433,negative,0.008058314731056108
1337669494785908739,negative,0.09176089488883386
1337669510376157184,negative,0.11211103084693533
1337669511089070080,neutral,0.5716876810964148
1337669519024730112,negative,0.0005206291386964438
1337669524275924992,negative,0.12129223638909943
1337669541518782465,negative,4.3645775256023135e-05
1337669543439728640,negative,0.00026370661301612717
1337669549869641729,neutral,0.437369725752128
1337669555322142721,negative,0.152753869224487
1337669555888525313,negative,5.258174295186496e-09
1337669565359280128,negative,3.9478244282509045e-06
1337669567036977152,negative,0.08598584736841365
1337669573697482753,negative,9.907257385065816e-05
1337669573961687040,negative,0.0005591280653482892
1337669589463937024,negative,0.13564059653788915
1337669591326191617,negative,0.006341467658728251
1337669597420421125,negative,8.624192396314392e-07
1337669598766899207,negative,0.009473324329199598
1337669610468937728,positive,0.6754864070747775
1337669614847877124,negative,0.0012483320717834039
1337669621952995329,negative,0.0001498824438567863
1337669642270216192,negative,0.03335459935619592
1337669659034836992,neutral,0.4635237856516072
1337669666135826432,negative,0.06570245296068473
1337669667373150208,negative,0.05818960074242622
1337669672242712576,negative,1.530962245123558e-05
1337669672251125760,negative,0.0001013914023718889
1337669673249345537,negative,0.004922588634119246
1337669674591539201,neutral,0.4737554465528978
1337669674797043714,negative,0.26883991108939165
1337669685446385664,negative,0.23033632687788938
1337669687484821504,negative,0.013968812820589973
1337669694803865601,negative,0.004007914594328204
1337669695625891840,negative,6.468330907568755e-11
1337669700466204673,negative,0.004316443412743886
1337669703141969921,negative,0.00012163710132765108
1337669705226735616,negative,0.2700871639158289
1337669710775681026,negative,0.02181985705587032
1337669711673372673,negative,4.315309022437441e-05
1337669726730940418,negative,1.1636897355071823e-07
1337669731386593280,negative,0.02938053673957762
1337669735937355777,positive,0.7202269230841419
1337669739179470848,negative,1.01370530767374e-06
1337669739297054722,negative,0.161117320429758
1337669745684975618,negative,0.16578389500280513
1337669753503158272,negative,0.005905503572202149
1337669756661485569,negative,6.439640080717477e-05
1337669760079835137,negative,0.005156942304455378
1337669762470477824,negative,1.8965817116296926e-06
1337669764391505920,neutral,0.37535879902980823
1337669765465255938,negative,0.11811288228449382
1337669773371584513,neutral,0.49789225920557484
1337669775938424833,negative,0.16578389500280513
1337669785295974401,negative,5.262127512435318e-07
1337669787963494407,neutral,0.49789225920557484
1337669794879901696,negative,0.015500910411574611
1337669800131256322,negative,2.4397279061420047e-05
1337669802584846337,positive,0.71290764813445
1337669804967260163,negative,0.0001013914023718889
1337669807219609601,negative,0.0029488561182203013
1337669811401322502,positive,0.9527125882639778
1337669826618273792,negative,0.16578389500280513
1337669837481537539,negative,0.000838316337736227
1337669839259897856,negative,0.0001498824438567863
1337669842749546497,negative,0.16578389500280513
1337669859325472769,negative,0.019494375727973082
1337669869836398593,negative,0.2158933931838942
1337669870121586689,negative,0.10622451022228793
1337669875813281793,negative,0.0017882798785017078
1337669880590577665,negative,0.03596488639481841
1337669888127668230,negative,1.4971421258065623e-10
1337669888547184641,negative,0.0001013914023718889
1337669888618467334,negative,0.011903755751601953
1337669890040328193,negative,9.273187640450441e-07
1337669892380692481,negative,0.0004299403155677353
1337669892686876673,neutral,0.49789225920557484
1337669894540812289,negative,0.16578389500280513
1337669901444468736,negative,0.3240574874794499
1337669903239831553,positive,0.9453233537439343
1337669914509905920,negative,0.17409404053844243
1337669917169115138,neutral,0.45961040069108783
1337669921703141376,negative,0.00019295356139209418
1337669925507313664,positive,0.9527125882639778
1337669925758963712,negative,1.4750674217299056e-06
1337669930725019649,negative,0.013467209186693708
1337669932339892224,negative,0.001021515730058111
1337669933833068545,positive,0.9030245379053096
1337669937578483712,negative,1.7836874693859608e-07
1337669937968668673,negative,7.962213057510395e-06
1337669938287431681,negative,0.06583626392297694
1337669939323400193,negative,0.024115150527970385
1337669941395243008,negative,0.01388540054715438
1337669947468734464,negative,1.0790891863829458e-06
1337669949737799682,neutral,0.49789225920557484
1337669952128634881,positive,0.9527125882639778
1337669956889174016,negative,0.2280313905802298
1337669959107948545,negative,0.0006633148019382734
1337669960131338241,negative,3.258546124636959e-05
1337669961024561152,negative,0.009182876314259293
1337669961251233793,neutral,0.5708007944450235
1337669962773753857,negative,2.3165823945099563e-11
1337669968591249412,negative,4.0115281012784606e-07
1337669968897454080,negative,0.03335459935619592
1337669978607202305,neutral,0.3466130620060401
1337669984760307712,negative,0.009955825106042288
1337669991005609984,neutral,0.4698729426878391
1337669996646969350,negative,5.9749101065433834e-05
1337669999960477696,neutral,0.39201961380074474
1337670005186564096,negative,0.0004535114670565371
1337670011503206402,negative,0.0032110286628580387
1337670014975938560,negative,0.0008707657286101692
1337670016502816768,negative,0.16578389500280513
1337670018411192326,negative,2.7539162467180627e-06
1337670022089551873,negative,0.0001013914023718889
1337670023276584962,negative,2.4692886669120296e-09
1337670025084329984,negative,0.15153564457417423
1337670025310838785,positive,0.9959284859497602
1337670027575783424,negative,0.06983129623746241
1337670027907112967,negative,0.00020248913420142968
1337670027936460801,negative,0.0029709652737273003
1337670027978432514,negative,3.4888606399998397e-07
1337670028380999680,negative,0.001021515730058111
1337670029391892480,negative,0.006468384694181625
1337670029568053249,negative,0.16733962349136758
1337670032978042880,negative,0.21262315063761303
1337670035117121538,negative,0.0020878673604388465
1337670036014706688,negative,0.1823917510304361
1337670039156219905,negative,0.00019295356139209418
1337670039365935107,neutral,0.5882292923460845
1337670041827991553,negative,0.06331046013026363
1337670042889154560,negative,0.18043814492210541
1337670046194155520,negative,0.00031996387071114537
1337670048543109123,negative,0.00011153488113633396
1337670050174693388,negative,1.6992818451440577e-10
1337670050250100744,negative,0.12242845693432643
1337670053777518594,neutral,0.38296308218221364
1337670056365461505,negative,0.001001411324556749
1337670057120378881,negative,0.0009341448546858964
1337670057334366208,negative,2.227234818217031e-05
1337670060677210112,negative,0.0001013914023718889
1337670063978127360,positive,0.9568809016349838
1337670064653398016,negative,8.68730207271732e-05
1337670065152520194,negative,0.08859646997262219
1337670067950137344,negative,0.0029835653771513194
1337670073385816066,negative,0.10445300136530959
1337670082739232768,negative,4.0115281012784606e-07
1337670082890227712,negative,0.2204672852836158
1337670086509948928,negative,8.733358805557538e-05
1337670090309980160,positive,0.7601139971580474
1337670090758688775,negative,0.0001013914023718889
1337670092428111874,positive,0.8259786613907203
1337670096823709696,negative,0.182933902118318
1337670102683164672,negative,0.27421737006627306
1337670104306298887,negative,0.021523831531122934
1337670104973070337,negative,0.15132859173545887
1337670105786949633,positive,0.9622967121397714
1337670106160238592,negative,1.2475009549480398e-05
1337670106768347136,negative,0.004718149306643013
1337670107422744577,negative,7.575165719144947e-05
1337670107699552258,negative,0.1037190392907151
1337670107850559490,negative,0.042862608420530746
1337670119535890433,negative,0.28959226427319557
1337670119540076544,negative,0.17999397808659456
1337670119552638976,negative,1.574244171486824e-05
1337670121679097858,negative,0.2204672852836158
1337670126246658049,negative,0.042862608420530746
1337670130814181379,negative,0.0009429506112078915
1337670131523129344,neutral,0.47472956350842405
1337670132299149314,neutral,0.5435411330217309
1337670140444422147,negative,0.0034399879142060774
1337670143225307137,negative,0.08306574996055795
1337670143497793536,negative,0.04107906658617413
1337670144185806849,negative,0.0001013914023718889
1337670147444772866,negative,1.2475009549480398e-05
1337670149374156806,negative,0.005608294996974464
1337670157053829121,negative,9.870965347627118e-07
1337670158635192320,negative,3.4888606399998397e-07
1337670162191970304,negative,0.00019113507510817857
1337670168357580800,negative,0.08106434289487681
1337670168844120066,negative,0.004007914594328204
1337670176590897152,neutral,0.5755436691302463
1337670178893680646,negative,0.0009368327871731828
1337670179053035520,positive,0.9999958884145428
1337670180386770945,negative,1.8965817116296926e-06
1337670181095665670,negative,0.08106434289487681
1337670183046025216,negative,0.015491835732138722
1337670186376208384,negative,0.04107906658617413
1337670187382943744,negative,0.12691098426574268
1337670190725795840,negative,0.00033121868061079736
1337670190763450368,negative,2.301932476948352e-07
1337670196199378944,negative,0.0003089817584738841
1337670200200732672,positive,0.7701423588755872
1337670203010818048,negative,0.00825990676587027
1337670222367633408,neutral,0.5468353340593204
1337670223223205888,negative,1.7223478680587064e-08
1337670224708063232,negative,0.03335459935619592
1337670235919425536,negative,0.0032602421182676
1337670241770483712,negative,0.02315582108726182
1337670243703947264,neutral,0.3334406455714633
1337670244123500544,negative,2.9321321064725048e-05
1337670246606495745,negative,0.05146755203483915
1337670253153837056,neutral,0.49789225920557484
1337670254516908032,positive,0.6624055896622104
1337670256291160064,negative,0.15555624073863078
1337670260749705216,negative,0.03537796364677409
1337670265875132416,positive,0.883783876358458
1337670273651372033,negative,0.003205503206717334
1337670274746093568,negative,0.051708897685521706
1337670274838388737,negative,0.000838316337736227
1337670276331438080,negative,0.016868899722041676
1337670277438840833,negative,0.0001013914023718889
1337670281989648384,negative,0.042862608420530746
1337670284711657473,positive,0.7306894677065348
1337670287022669826,negative,0.0028182906567642487
1337670288625033216,negative,0.00025869631201495423
1337670289677803523,negative,0.00018919889746797793
1337670293372940288,negative,0.035694566503075315
1337670295046529024,negative,2.7956966001639053e-09
1337670296657080320,negative,0.002314596610561631
1337670297093361664,negative,3.9478244282509045e-06
1337670298301329408,neutral,0.3414078296271791
1337670299995701248,negative,8.846528527612019e-05
1337670302499819520,negative,0.13410446658347383
1337670304995438592,negative,0.030522099394245918
1337670309638451200,negative,0.006490462458955733
1337670313849438213,positive,0.9574307131512887
1337670314264645632,neutral,0.6354648594018077
1337670317045657601,negative,0.17049253340523368
1337670321269248006,negative,0.03526905246225567
1337670324419227649,negative,0.02041882830480672
1337670326168252417,negative,0.00019850774923405257
1337670326663204866,negative,0.03335459935619592
1337670329246904321,negative,0.041455268939529374
1337670335857127424,negative,0.00019295356139209418
1337670336813395968,negative,0.13243376322530673
1337670336884588544,negative,7.962213057510395e-06
1337670338939940864,negative,0.03370349508415006
1337670339304841217,negative,6.554244188282512e-07
1337670341540392960,negative,1.4750674217299056e-06
1337670343025102848,negative,4.7984187162168836e-14
1337670345147473920,positive,0.6750410380706701
1337670346959441921,negative,0.0004055558834672602
1337670347685044224,negative,3.4025698627650956e-06
1337670348767186945,neutral,0.4348315310988323
1337670349304061952,negative,2.7539162467180627e-06
1337670353020182528,negative,0.006350082498120445
1337670353766801408,negative,0.16578389500280513
1337670369898074113,negative,0.0010687898071718377
1337670380115423232,negative,0.00010609840550594329
1337670393306484736,negative,0.027523199207453306
1337670394954854400,negative,0.04442165007962279
1337670402315792384,negative,0.004360204729253263
1337670403079147521,negative,0.16578389500280513
1337670403368644610,negative,0.18395859429580258
1337670406132600834,neutral,0.37597959990471996
1337670406640201733,neutral,0.49789225920557484
1337670407785213955,negative,0.11211103084693533
1337670408389144577,negative,0.0029835653771513194
1337670412080189441,negative,0.005968529564581276
1337670413426577409,negative,0.09343565429787228
1337670413745332224,negative,0.0002531983827845148
1337670420552691713,negative,0.10651034917211576
1337670421634822144,negative,0.008021320909420811
1337670423358697472,negative,0.017637657535481473
1337670424235307008,negative,5.714516644597552e-12
1337670424872808449,negative,0.03155137875862912
1337670429394173952,neutral,0.45012346156090244
1337670434830110727,negative,0.0001013914023718889
1337670437975646208,positive,0.9996976631126012
1337670439884165120,negative,0.10445300136530959
1337670442618904576,negative,0.2030474584747814
1337670446293127168,negative,0.004627818179318195
1337670447073210369,neutral,0.49789225920557484
1337670447958257665,negative,0.161117320429758
1337670448960708608,neutral,0.455964291134269
1337670452026740737,negative,0.00839843215687602
1337670458221727744,negative,0.000264813049332564
1337670460310499329,negative,0.08106434289487681
1337670463179337728,negative,0.030522099394245918
1337670466031521792,negative,0.04242888015889518
1337670466127843328,negative,5.243589831582402e-07
1337670469043023872,negative,0.21138396711913945
1337670472234917890,negative,0.0005610000610456233
1337670483307876352,positive,0.7306894677065348
1337670484935254018,neutral,0.49789225920557484
1337670486424252416,negative,0.016313814228287964
1337670493307101184,negative,2.7709215476374418e-06
1337670494481391616,negative,0.1024901100062673
1337670501951541249,negative,0.0011353997318628924
1337670503457284096,negative,0.004922588634119246
1337670511640391680,negative,0.049947627496909196
1337670516304392192,neutral,0.4478814827726608
1337670525447966724,positive,0.9574307131512887
1337670526945333248,negative,4.208251566815293e-06
1337670529738747905,negative,0.0003284478411726997
1337670530598637568,negative,0.007840702762879808
1337670532137967616,negative,0.08761127162336879
1337670532947435527,negative,0.2204672852836158
1337670534394425344,negative,2.7362749989156557e-05
1337670539427663873,neutral,0.37597959990471996
1337670540669181952,negative,0.06632241434711113
1337670542678175744,neutral,0.49789225920557484
1337670552790548481,negative,0.152753869224487
1337670553323397120,positive,0.9959284859497602
1337670556108275712,neutral,0.49789225920557484
1337670559694512128,negative,0.0001013914023718889
1337670561405816832,negative,0.0013344997123114451
1337670565126168579,negative,5.408347078525162e-06
1337670565822345216,negative,0.16578389500280513
1337670580527566848,negative,0.0539731596003648
1337670585883774976,negative,0.16578389500280513
1337670593735499776,negative,8.5456953397497e-05
1337670610902781954,negative,0.0001498824438567863
1337670611485794305,negative,0.1031721729506594
1337670621187223552,neutral,0.4663917579447527
1337670621485019136,neutral,0.3466130620060401
1337670622860746752,negative,6.114676566285876e-07
1337670640627748864,negative,0.11895634479462214
1337670648936730626,neutral,0.49789225920557484
1337670651038101507,negative,0.008840426312788089
1337670653449789440,negative,0.3107157598359625
1337670661481902080,neutral,0.3334406455714633
1337670667962109952,negative,7.962213057510395e-06
1337670672370298880,negative,0.02590822521449516
1337670672932364289,negative,0.25748019153479856
1337670673804763136,negative,0.002833956987997398
1337670676786896896,negative,0.00011772317112859605
1337670677562843140,negative,0.17049253340523368
1337670677797634048,negative,0.0001498824438567863
1337670683820781568,negative,3.6148678032634575e-05
1337670688182837248,positive,0.7051537329447451
1337670689621499905,negative,1.9880980916067705e-05
1337670690665861120,negative,0.08294735623644493
1337670695120199680,negative,0.009542014266267211
1337670699268395010,negative,0.2722334440759191
1337670706100908032,negative,0.004922588634119246
1337670713264713728,negative,0.1037190392907151
1337670723096223745,negative,0.03335459935619592
1337670725763796992,neutral,0.49789225920557484
1337670732885745664,negative,1.3056048785885054e-05
1337670733225467904,neutral,0.45961040069108783
1337670734328508416,negative,0.1226910244191837
1337670735054123009,neutral,0.5136446707795853
1337670739089104896,negative,0.00013167567377634948
1337670740389277697,negative,0.059623265960316744
1337670748064927744,negative,4.130358587767785e-11
1337670749285470210,negative,0.16578389500280513
1337670750870888448,negative,0.031507352849993286
1337670751189684224,neutral,0.4744541669089408
1337670751449722881,negative,0.00041070555786732274
1337670751458091010,negative,0.11393810640972102
1337670757015560192,positive,0.9298796094300423
1337670773448773634,positive,0.7933484009511471
1337670780793053187,negative,0.044966190547719026
1337670784752492544,negative,0.003681759277919537
1337670786241454080,negative,0.2041289408824083
1337670787474599937,neutral,0.49789225920557484
1337670788128763905,negative,0.18597796108623849
1337670796446212096,neutral,0.5315025225330297
1337670805002416129,negative,7.962213057510395e-06
1337670806164344832,negative,0.003681759277919537
1337670810794930177,negative,0.0001013914023718889
1337670815014211584,negative,0.19615375075358898
1337670815328952321,negative,0.0017519274665894434
1337670819732983808,negative,0.00018614154822784275
1337670829056942080,negative,0.21173310173870852
1337670832504573954,negative,2.7137217256034558e-05
1337670837848170497,negative,0.0015471613052944638
1337670841954406401,negative,0.007392638256506093
1337670845842518016,negative,0.00030562291018999593
1337670850724683776,negative,1.820840995323765e-10
1337670851827732480,negative,0.0013136486829047548
1337670853937537027,negative,0.00012820569703081953
1337670858031177729,negative,0.11743774593131456
1337670868084908032,negative,0.10358372311905861
1337670868600811520,negative,0.003681759277919537
1337670871297761280,neutral,0.4671373309904314
1337670872929366018,negative,0.003681759277919537
1337670873722081282,negative,0.10622451022228793
1337670874313396226,negative,0.161117320429758
1337670877845073921,negative,0.003974516895218626
1337670885604376579,negative,0.07749010016117684
1337670894517366785,negative,5.383363289199667e-12
1337670897847709697,negative,0.17054187565497378
1337670916805955584,negative,0.0002719042718500296
1337670918093549569,negative,0.004007914594328204
1337670922405339136,negative,0.0007102257276977134
1337670932199071745,negative,1.2700947557538937e-13
1337670935630008320,negative,0.161117320429758
1337670937857167362,negative,0.15487590002757173
1337670940822401027,negative,0.28959226427319557
1337670941527207941,neutral,0.3922697342308613
1337670944119271425,negative,0.0001013914023718889
1337670945985662977,negative,0.161117320429758
1337670955854917633,negative,0.16578389500280513
1337670956077158400,negative,0.16578389500280513
1337670978508185600,negative,0.1031721729506594
1337670979267379200,negative,0.2603200704115563
1337670983377956864,negative,0.27093074141390794
1337670988075585536,negative,0.2956640864219805
1337670992437669889,negative,0.0001013914023718889
1337670995595943936,negative,0.16578389500280513
1337670995616919552,negative,0.0038570096506673254
1337670995763716096,negative,0.007769842189352456
1337670999228231680,negative,0.009473324329199598
1337671004055810048,negative,0.000838316337736227
1337671014197694465,negative,7.826215874179621e-05
1337671018551398400,negative,0.014977859612944695
1337671018865942534,negative,0.16578389500280513
1337671026910646275,positive,0.9999720975948506
1337671044321128450,negative,0.02679996169130799
1337671054005768197,negative,0.03335459935619592
1337671057344442368,negative,0.03950024054454663
1337671060033040384,negative,0.001579634071531676
1337671078827712515,negative,0.10622451022228793
1337671080341860353,negative,4.271631355730426e-09
1337671089221230592,negative,0.001149289791193574
1337671089288224768,neutral,0.49789225920557484
1337671090047311873,negative,0.009473324329199598
1337671092954140673,neutral,0.5710211662525364
1337671103708352513,negative,0.2158933931838942
1337671103909679105,negative,6.439640080717477e-05
1337671112923238400,negative,0.24942022234305025
1337671115783671808,negative,0.007392638256506093
1337671122414936065,negative,0.00028320923272161957
1337671124105252864,negative,1.2475009549480398e-05
1337671126927945728,negative,0.0001498824438567863
1337671129796931584,neutral,0.4434191688350768
1337671130866388992,negative,1.2475009549480398e-05
1337671135715090432,negative,0.10622451022228793
1337671144342745088,negative,0.16578389500280513
1337671154782396416,negative,0.0001013914023718889
1337671155877031938,negative,0.11743774593131456
1337671165020696576,neutral,0.5716876810964148
1337671167088480259,neutral,0.5716876810964148
1337671169684746240,negative,0.004922588634119246
1337671174508212225,negative,0.02421532909208141
1337671180724162560,negative,0.0001498824438567863
1337671187539787776,negative,2.1506219792199248e-11
1337671188924014592,negative,0.04398157711170636
1337671192162037761,negative,4.318403806610249e-09
1337671194489794565,negative,0.2158933931838942
1337671196431822848,negative,5.6890584115194234e-05
1337671200240185346,neutral,0.49789225920557484
1337671200881995777,negative,0.27383096757995457
1337671208054128641,negative,0.0038135759443746133
1337671217759866881,negative,0.00013235000304668784
1337671218221211648,negative,2.609071512288721e-09
1337671226739871744,positive,0.837353923500511
1337671233605947393,negative,1.343973831766543e-11
1337671237565358080,negative,0.0012404323657149898
1337671239632998401,positive,0.9622967121397714
1337671251054227457,negative,0.001278062954272187
1337671253302251523,negative,0.00013787069611682408
1337671260403339264,positive,0.6868961854122925
1337671263758790656,negative,0.004077123068447657
1337671272734527488,negative,6.719774990105218e-19
1337671274898870273,negative,0.2204672852836158
1337671278606639105,negative,0.018253330626584355
1337671289247555584,negative,0.00839843215687602
1337671298303062019,negative,9.907257385065816e-05
1337671300316360704,negative,0.00014402401453651162
1337671302900051971,negative,0.2041289408824083
1337671303789223936,negative,2.1122651667603593e-05
1337671305911537666,negative,0.0001013914023718889
1337671313675194368,positive,0.9622967121397714
1337671325846913025,negative,8.236040328720212e-19
1337671333417611265,positive,0.8829712379262903
1337671335837716480,negative,0.011903755751601953
1337671336890654720,positive,0.8223166158075652
1337671337934991360,negative,0.16578389500280513
1337671339625361408,negative,0.03335459935619592
1337671341873524741,neutral,0.3688392049438742
1337671342246641667,negative,1.0276565110902268e-09
1337671352686419968,negative,3.3266513899928232e-12
1337671359175020551,negative,0.0001013914023718889
1337671364048793602,negative,0.0313227730135627
1337671366603108359,negative,0.00014580382941829098
1337671371057455105,negative,0.12129223638909943
1337671372546379778,negative,2.8951587887416033e-07
1337671379257348097,neutral,0.48728019602140255
1337671385334902784,negative,0.04997554663979488
1337671401013190656,negative,0.1766316908286523
1337671401973506050,negative,0.00012163710132765108
1337671409657589761,negative,0.010558562630516948
1337671411725463552,negative,0.2473543409603016
1337671411943370752,negative,0.0002704077291381445
1337671414892142594,negative,0.0009907811723847012
1337671428909502464,negative,0.2473543409603016
1337671434466959360,negative,0.0009141843427319368
1337671439692992514,positive,0.9527125882639778
1337671447947345920,negative,0.0516800036906119
1337671461763502080,negative,0.2473543409603016
1337671464850481153,negative,0.08102684450421606
1337671469317435393,negative,0.16690687945951835
1337671470898622465,negative,0.0001013914023718889
1337671481766125568,negative,0.2473543409603016
1337671482021965825,negative,0.27391249067092704
1337671484945395712,negative,0.0001013914023718889
1337671514129313792,negative,7.962213057510395e-06
1337671525579763712,negative,0.0006451853503444547
1337671530126446594,negative,0.1391169980721757
1337671543778734081,neutral,0.3319189255312339
1337671547990011904,neutral,0.5710211662525364
1337671568831475713,negative,0.16578389500280513
1337671581758337024,negative,0.021538472145593658
1337671591447191552,negative,0.0015604982342394354
1337671596115423233,negative,0.0003089817584738841
1337671599705772032,negative,0.1037190392907151
1337671609012920321,negative,0.16578389500280513
1337671612158586880,positive,0.7983199895140788
1337671624280207361,negative,0.0011742656991126114
1337671625349730304,positive,0.764215649378332
1337671637337038849,negative,0.16733962349136758
1337671642642870272,negative,0.000264813049332564
1337671650737840129,neutral,0.49789225920557484
1337671657033527298,negative,0.0001013914023718889
1337671657230577664,negative,1.2926372402407624e-07
1337671671478706176,negative,0.0005514413790934512
1337671684640415745,negative,0.0001013914023718889
1337671688423677953,negative,5.112794400823282e-09
1337671693003870208,negative,0.13147418649216405
1337671694673186817,negative,1.2475009549480398e-05
1337671696808091648,negative,1.2475009549480398e-05
1337671708526972929,negative,0.15008095496472415
1337671725320986624,negative,0.12870787939673056
1337671737538965505,negative,0.08305494051951058
1337671753166942208,negative,0.0005508515424553957
1337671757461938177,negative,1.2475009549480398e-05
1337671758623682560,negative,9.907257385065816e-05
1337671782086500352,neutral,0.46127768308170247
1337671787132428288,neutral,0.3319189255312339
1337671791054106630,negative,0.007063856152404771
1337671792412934145,neutral,0.3499352441185855
1337671796431183873,neutral,0.45961040069108783
1337671798033412096,negative,0.0008707657286101692
1337671801552429056,neutral,0.6124315817706055
1337671827150266369,negative,3.401172380504787e-06
1337671827213201409,negative,0.16578389500280513
1337671831159975936,negative,0.26375652942535444
1337671837078138882,negative,0.16578389500280513
1337671837598306305,neutral,0.37356359750014606
1337671840215552005,negative,7.962213057510395e-06
1337671858049732609,negative,1.2952218183414697e-06
1337671860411097088,negative,0.0011742656991126114
1337671862470455296,negative,0.16578389500280513
1337671871253409792,negative,1.2475009549480398e-05
1337671876290768896,negative,0.16578389500280513
1337671878350151680,negative,0.002655917320988606
1337671878379388929,negative,0.029960296305389284
1337671882808627202,negative,0.0001013914023718889
1337671892963119112,negative,0.0014611808225330181
1337671894171082752,negative,0.0313227730135627
1337671895735525376,negative,0.00016490024263174016
1337671896083599361,neutral,0.48728019602140255
1337671907471081472,negative,2.301932476948352e-07
1337671910512074752,negative,0.0001498824438567863
1337671917042429952,neutral,0.3499352441185855
1337671922176421890,negative,0.00839843215687602
1337671926081347585,negative,0.005283256745877617
1337671946260123649,neutral,0.3945772983179706
1337671948726390786,neutral,0.6462607005943426
1337671962898870274,negative,1.2475009549480398e-05
1337671964136271875,negative,0.16578389500280513
1337671964538916864,negative,0.16578389500280513
1337671969571934213,neutral,0.37592307813807957
1337671976018718720,negative,7.759443474829249e-05
1337671977524457473,negative,0.04107906658617413
1337671981064458240,negative,0.02735238013276
1337671986760314880,negative,0.10618139292713151
1337671987695656960,negative,0.2525629950752112
1337671988727459841,negative,0.008955410099262802
1337671990296113152,negative,0.09343565429787228
1337671990434553856,negative,0.11240020915735893
1337671992657539072,negative,0.0002329097463188662
1337671997766193152,negative,0.05697022662732761
1337672003579416578,negative,0.015351630615822369
1337672004510642176,negative,0.002655917320988606
1337672008037961728,positive,0.9002304015750144
1337672015344496640,negative,0.00013167567377634948
1337672016682393600,negative,0.04982769872552755
1337672019777892352,positive,0.9990547885365647
1337672022810382336,negative,0.21539573560443814
1337672028564885504,negative,0.00825990676587027
1337672031177990145,negative,0.09343565429787228
1337672033719693313,negative,5.3596334496196704e-08
1337672036429258753,neutral,0.5318834537628724
1337672037452623873,negative,0.16578389500280513
1337672038304116736,neutral,0.41769460490150073
1337672038513688576,neutral,0.5591603959478972
1337672039306579968,negative,0.07902982566825649
1337672048160739330,negative,0.11211103084693533
1337672048550707201,negative,0.0001498824438567863
1337672050060759045,negative,4.4954895078348866e-05
1337672056805187587,negative,0.16578389500280513
1337672061939036160,negative,3.0136311352806466e-05
1337672067928514560,negative,9.177445257044802e-08
1337672069451046913,neutral,0.3726847435457324
1337672073158778880,negative,0.0010468549810802228
1337672081392209925,negative,3.0136311352806466e-05
1337672084554702850,negative,1.942385353056529e-09
1337672095782772737,neutral,0.3319189255312339
1337672096256847873,negative,0.16578389500280513
1337672106037960704,negative,0.00017333271395107182
1337672119304531968,negative,4.553391475203414e-08
1337672128578064384,negative,0.16578389500280513
1337672128729112578,negative,0.00042424885291290096
1337672138682228736,negative,0.0014433204134739394
1337672154758975488,negative,0.16578389500280513
1337672166368825344,negative,0.007295934615417084
1337672172723113984,negative,7.281196162253917e-05
1337672173436215297,negative,0.16578389500280513
1337672182248386560,negative,0.16578389500280513
1337672182714011650,negative,0.16578389500280513
1337672190909669376,negative,0.1037190392907151
1337672201076699137,negative,0.2004962786930266
1337672210346094592,negative,6.001259511674994e-07
1337672220647288832,negative,1.736027195825227e-07
1337672229614743552,negative,0.2041289408824083
1337672230956900354,negative,0.0001013914023718889
1337672240989687808,negative,0.013743499304790754
1337672243237715968,negative,3.4888606399998397e-07
1337672253052432385,negative,0.0001498824438567863
1337672253375471617,positive,0.7548563415104482
1337672262124793856,negative,0.004523586134923718
1337672269712257024,neutral,0.37874993579954885
1337672271859757057,negative,0.0022170753079748385
1337672285247967234,negative,0.03087807279176515
1337672285616885762,positive,0.9998701173420889
1337672286443360256,negative,0.0003993224521994626
1337672288364351490,negative,0.16578389500280513
1337672295310102528,negative,0.0001013914023718889
1337672299374374913,negative,0.018145415211949536
1337672301765136385,negative,0.0019562294357063537
1337672308308099073,neutral,0.46127768308170247
1337672308476039169,negative,0.08699483585594382
1337672316658978817,negative,0.11811288228449382
1337672317305024512,negative,0.005467131604338234
1337672351119454209,negative,0.005489843362080602
1337672360648990721,negative,0.08859646997262219
1337672363240869888,negative,0.006294052014669853
1337672372225253378,negative,8.5456953397497e-05
1337672373462573057,positive,0.7929645630972934
1337672377665196034,negative,2.0713614250953657e-06
1337672377866608640,negative,0.00839843215687602
1337672377908531201,negative,0.0001013914023718889
1337672378961326082,neutral,0.3591248207924088
1337672383189147649,negative,3.4888606399998397e-07
1337672384829153280,negative,0.000838316337736227
1337672385709879297,negative,0.0001013914023718889
1337672386624282626,negative,0.07447863519066521
1337672390227226629,negative,0.000752106499889795
1337672396912910336,negative,8.408998504972869e-06
1337672398053765120,negative,0.00035506078028379627
1337672399609880576,negative,0.009780693199317295
1337672401165963265,negative,0.26205402389485666
1337672408828882946,negative,0.08561030850392295
1337672412595417089,negative,0.2508875997277282
1337672421051129856,negative,0.00013235000304668784
1337672421487284225,negative,0.005905503572202149
1337672431385911297,negative,0.00839843215687602
1337672433755688960,negative,0.0037243173713347633
1337672436528148482,negative,0.0001013914023718889
1337672439132790786,negative,0.033632698523219255
1337672439812087808,neutral,0.49789225920557484
1337672444182720514,negative,0.16578389500280513
1337672454857248770,negative,0.00839843215687602
1337672459953315840,negative,0.09295718154456416
1337672462985797635,negative,0.0007400654456814807
1337672468190924800,positive,0.9904251635169738
1337672468627066882,negative,0.009283723839121273
1337672470426513414,negative,0.16578389500280513
1337672471638642689,negative,0.14902308746955298
1337672472154542080,negative,0.0001013914023718889
1337672479905615873,negative,0.12749601340739422
1337672487686037505,positive,0.9697728508323782
1337672492425547777,negative,1.6241741547697277e-05
1337672492769488896,negative,0.2956640864219805
1337672498251444226,negative,0.001021515730058111
1337672501556637699,negative,0.2411465327022881
1337672504018661376,negative,6.06458586780211e-06
1337672512273002498,negative,0.2956640864219805
1337672522389721098,negative,0.0857143019979608
1337672522561515520,neutral,0.33119170289224464
1337672523459092482,negative,7.285108106730185e-06
1337672525950676993,positive,0.9904251635169738
1337672527003336706,negative,0.0009429506112078915
1337672527737479168,negative,0.0029864559847610625
1337672529780084737,negative,0.09343565429787228
1337672532896477184,negative,0.061189602238630195
1337672533793976324,negative,0.032450786396806715
1337672537048834048,negative,2.907822142136631e-09
1337672538009296897,negative,0.00011198541176315903
1337672540525899776,negative,0.004068080762576415
1337672540890812417,negative,0.15087438220399965
1337672547547160576,negative,0.018145415211949536
1337672551124901889,negative,0.0015604982342394354
1337672558162939905,neutral,0.4235772156246603
1337672558666264577,negative,0.00573283878265947
1337672558875963392,negative,0.0001013914023718889
1337672559999979521,negative,8.02213411848957e-05
1337672560058781699,positive,0.9904251635169738
1337672560218001408,negative,0.0025170537734484173
1337672567730081792,negative,0.004790689259372666
1337672574340370433,negative,0.00026370661301612717
1337672577444147200,negative,1.59962180034368e-08
1337672577897144320,negative,0.00021052251208151688
1337672580187172864,negative,0.0579031919177632
1337672581428760576,negative,0.001021515730058111
1337672587250425857,negative,0.04109960855795812
1337672594099744797,negative,7.579060463309692e-11
1337672594569367556,neutral,0.40776959010889013
1337672597174161408,negative,0.08430497540928945
1337672598344388608,positive,0.9227263965452488
1337672598646370305,negative,0.04141124813388186
1337672598981910530,positive,0.9527125882639778
1337672604942036992,negative,1.460205138953749e-10
1337672606711877632,negative,0.007269763517833394
1337672610981744641,negative,0.006016383189551009
1337672616249876481,positive,0.9527125882639778
1337672622440636417,negative,0.0634343750653663
1337672624034492418,negative,0.16567319288796564
1337672630967672833,negative,0.0003089817584738841
1337672632884482049,negative,0.0008707657286101692
1337672634042118144,negative,0.08106434289487681
1337672636877434880,positive,0.6869231919540013
1337672637489836032,negative,0.15008095496472415
1337672638781591552,negative,1.6601377376984637e-12
1337672641461841920,negative,3.686734319727405e-05
1337672642984353792,negative,0.09343565429787228
1337672644888551424,negative,0.0015589906252184717
1337672647291891715,negative,0.08306574996055795
1337672651486138371,negative,0.024553248188671748
1337672652023078912,negative,0.07533038786115503
1337672654480957440,negative,9.222384642118435e-06
1337672655584055297,negative,0.0055605874566534135
1337672657479733248,negative,0.00011198541176315903
1337672657878331393,negative,6.226523890572276e-05
1337672661598494725,negative,0.152753869224487
1337672661732909056,negative,2.1074091786569626e-10
1337672668036788224,negative,0.015500910411574611
1337672668674342913,neutral,0.49789225920557484
1337672668867334146,negative,1.1070178733539306e-09
1337672671094517760,negative,3.125887730632852e-05
1337672678895972352,negative,0.16578389500280513
1337672680577896448,neutral,0.49789225920557484
1337672682117214208,negative,0.004922588634119246
1337672687003574274,negative,0.07083336326467107
1337672687653629954,negative,0.16578389500280513
1337672690161897472,negative,0.04351116210053477
1337672691998978049,positive,0.9574307131512887
1337672693970251776,neutral,0.44651909467314455
1337672695597703168,negative,0.2701728004075585
1337672696054882304,negative,0.042862608420530746
1337672702954450944,negative,0.182933902118318
1337672703625588737,negative,0.13315599509767204
1337672704120467462,negative,0.002900006885259358
1337672706595098631,positive,0.9465310832091888
1337672707610210305,negative,0.009473324329199598
1337672707987615745,negative,0.04766190581644168
1337672711955492866,negative,0.03335459935619592
1337672721178750976,negative,0.2441612657465585
1337672721635958784,negative,0.13410446658347383
1337672723481452551,negative,0.008761831986079443
1337672730615951361,negative,0.2729459242623691
1337672733547696129,positive,0.9622967121397714
1337672736873848835,negative,0.0029073238015931537
1337672737192435714,negative,0.007546070639815085
1337672737452658689,negative,0.0006083145257695496
1337672739214270466,negative,0.16578389500280513
1337672758973640704,negative,0.003960131694785547
1337672758973657090,negative,0.17049253340523368
1337672760231911424,positive,0.9311415750830644
1337672760265478145,negative,2.660059476055641e-06
1337672761641209856,negative,0.057649623216920895
1337672764694597635,negative,0.030522099394245918
1337672766569525249,negative,0.0006083145257695496
1337672785791840256,negative,0.007063856152404771
1337672785905283077,negative,0.03509406692647262
1337672802292338690,negative,0.10622451022228793
1337672802384670720,negative,0.16578389500280513
1337672808147533824,negative,0.035831727025179325
1337672811528261632,negative,0.007936847979549026
1337672814929846273,negative,0.16578389500280513
1337672824689987585,neutral,0.43968332564659185
1337672828213022726,negative,0.2041289408824083
1337672831178518530,negative,0.16578389500280513
1337672836035604480,negative,0.0001498824438567863
1337672836606025729,negative,3.032771691211234e-06
1337672838606704640,negative,1.2475009549480398e-05
1337672848412971008,negative,0.16578389500280513
1337672849084047360,neutral,0.3371348131876588
1337672858881888257,negative,7.719525527815049e-05
1337672868251971592,negative,0.09467884974521364
1337672876439334912,negative,0.16578389500280513
1337672879597469696,negative,0.0001498824438567863
1337672898396479488,neutral,0.3841028778426575
1337672900329885696,neutral,0.4674025789215115
1337672921284751361,negative,0.29967036228040966
1337672924157923329,negative,0.26952851888803653
1337672927274209282,positive,0.9568809016349838
1337672936363352064,negative,1.2475009549480398e-05
1337672941341978624,negative,0.06968467816574572
1337672942952591360,negative,0.002166567418649897
1337672950212939781,negative,0.03335459935619592
1337672954025545731,negative,0.16578389500280513
1337672958270181378,negative,0.10622451022228793
1337672962539917316,positive,0.9186751527479159
1337672965899608064,negative,0.0001013914023718889
1337672966012874753,negative,3.1180881717461244e-08
1337672966985945089,negative,0.00036598004851476373
1337672967845765121,negative,0.23177161257002662
1337672970433515521,negative,0.17054187565497378
1337672975210983427,negative,3.4888606399998397e-07
1337672980361523201,negative,0.0029864559847610625
1337672983414931457,negative,0.059722221933524645
1337672984610402305,neutral,0.49789225920557484
1337672987001155584,negative,0.001986736132250766
1337672990037843969,negative,0.0004943193625105059
1337672992843833345,positive,0.7530299049772959
1337672993741434881,negative,0.003205503206717334
1337672995909890048,neutral,0.3397172522164106
1337672996065062912,negative,0.0006083145257695496
1337672998959132674,negative,0.0007827761530595673
1337673005124751361,neutral,0.47697210391394973
1337673007012212737,negative,0.0003089817584738841
1337673008471748609,negative,6.56753485598995e-07
1337673013395939328,negative,0.0006083145257695496
1337673024301006848,negative,6.5588944158677655e-06
1337673026742054913,negative,0.014790382183254439
1337673029896253447,negative,0.00013235000304668784
1337673035864813569,positive,0.9574307131512887
1337673040520486912,negative,4.496963601087723e-05
1337673047176847360,negative,0.007063856152404771
1337673047868903427,negative,0.0014089291424288631
1337673048896450561,negative,0.0038570096506673254
1337673048942653440,negative,0.00760148111184709
1337673060783185920,negative,1.2683130275940783e-06
1337673063090049025,neutral,0.48728019602140255
1337673066281840641,negative,0.16840287084898153
1337673068030947334,negative,0.0012599744950641185
1337673070937509889,negative,8.424002804790008e-07
1337673073252851714,negative,0.0001498824438567863
1337673092785713152,negative,0.037973216074960736
1337673093502754817,negative,1.0118648292823219e-08
1337673100389978113,negative,0.0025147321138300946
1337673101618896898,negative,0.24408369880498523
1337673104382947328,negative,3.3053836944634343e-06
1337673111131410433,negative,0.0004617003391635209
1337673144543436802,neutral,0.3334406455714633
1337673157927460865,negative,0.0009844802896148575
1337673163514187776,negative,2.3495191565274916e-06
1337673168362872835,negative,0.00839843215687602
1337673181490937856,negative,0.07717067345675115
1337673186163400705,negative,0.010536406285460057
1337673187795099648,negative,1.2475009549480398e-05
1337673192685637633,neutral,0.48728019602140255
1337673193293754368,negative,2.811172541246957e-05
1337673202139590657,neutral,0.46127768308170247
1337673210859560963,negative,0.03335459935619592
1337673215670448128,negative,0.0001013914023718889
1337673219579449347,negative,0.06892974781052272
1337673221072711680,negative,0.0642289506787341
1337673225095028736,negative,0.0001498824438567863
1337673225950597120,negative,4.070703927605449e-05
1337673227863113729,neutral,0.49789225920557484
1337673235282989056,negative,0.1037190392907151
1337673236050538497,negative,6.930164414416485e-07
1337673241700298752,negative,0.16270996364724355
1337673247446478848,neutral,0.5882292923460845
1337673258620100609,negative,1.2475009549480398e-05
1337673266291482624,negative,0.03335459935619592
1337673274214416384,negative,0.021546223683897373
1337673276395491334,negative,1.840370362543338e-11
1337673284842905601,negative,0.0001013914023718889
1337673287589982210,negative,0.024985260952058327
1337673288139595776,neutral,0.42077097688375203
1337673291209773058,negative,0.04351116210053477
1337673291918581760,negative,0.09207342576670739
1337673292921118720,negative,0.003084628211179582
1337673299489419264,negative,0.030522099394245918
1337673301737361409,negative,0.07717067345675115
1337673303499169792,negative,0.008840426312788089
1337673303687884800,negative,0.0012101166030039127
1337673305126559744,negative,1.7006550611851458e-05
1337673313758441473,neutral,0.49789225920557484
1337673325561204737,negative,0.0007375269479547432
1337673327595413504,positive,0.9918673236457174
1337673330388819968,negative,0.0466433015831797
1337673338894888966,negative,0.2158933931838942
1337673340266434561,negative,0.001021515730058111
1337673345840590848,negative,7.160565848208437e-05
1337673352966795264,negative,0.05154385685376693
1337673355042775042,negative,0.04107906658617413
1337673356276064256,negative,0.25401421255941126
1337673358222221314,negative,0.0010271272734764963
1337673358297731072,positive,0.8829214358530589
1337673358511583233,neutral,0.37597959990471996
1337673358746525697,negative,0.0029864559847610625
1337673359044259841,negative,0.08106434289487681
1337673359316770816,negative,0.00035860115384947017
1337673359497306113,negative,0.0011024189442549032
1337673359564398593,negative,0.07409858964317478
1337673360013225986,negative,0.27164301255682427
1337673361435058176,negative,0.08540660429836974
1337673362005401602,negative,0.22547567038276897
1337673362085068801,negative,0.04122141725403026
1337673363645472771,negative,0.16863807278512583
1337673365566484480,negative,0.1102823937928279
1337673366560514048,negative,0.08106434289487681
1337673367307030529,neutral,0.39846391252391167
1337673367365820418,negative,1.2475009549480398e-05
1337673369156792322,negative,0.09721969567177588
1337673370884837376,neutral,0.42507619662732005
1337673371245445120,negative,0.04107906658617413
1337673372403044353,neutral,0.49789225920557484
1337673372570947585,negative,0.10891292943332319
1337673376278732801,negative,0.13619126553007582
1337673377813815296,negative,0.10486013385060992
1337673380477231106,negative,0.07323804536925727
1337673381890678784,negative,1.6241741547697277e-05
1337673382603730944,negative,2.7681066048796393e-13
1337673383996248064,negative,0.026183310430903686
1337673384394625024,negative,0.16578389500280513
1337673384801546240,neutral,0.49789225920557484
1337673385485197313,negative,0.2158933931838942
1337673387796213762,negative,0.1345752655974489
1337673387963977728,neutral,0.5136446707795853
1337673391944437761,negative,0.010792894136566413
1337673394129604609,negative,1.3689537341718998e-05
1337673398290362370,negative,0.23221498627822013
1337673398948868096,negative,0.08102684450421606
1337673399162777600,negative,0.15237137935820858
1337673401134149632,negative,0.08247842920717464
1337673402501488640,negative,5.098308188520813e-05
1337673403503943680,neutral,0.3403391890910929
1337673405865353217,negative,0.0015237259554147827
1337673406003748866,negative,0.2956640864219805
1337673406821625856,neutral,0.45810791940636864
1337673407073226758,negative,0.016158353193668096
1337673410411900930,negative,0.05850448802023516
1337673410500030464,negative,0.13523117828108022
1337673413037461504,negative,2.632389367790999e-09
1337673414937636865,negative,0.011706930890025148
1337673418360168450,negative,0.21138396711913945
1337673418444054529,negative,0.16578389500280513
1337673418972475392,negative,0.13410446658347383
1337673422839668744,negative,1.1334376011102707e-05
1337673425180045312,neutral,0.5593129614027413
1337673429059776514,negative,0.049947627496909196
1337673429625999360,negative,3.619911094634449e-05
1337673433866522624,negative,0.0017446938440734059
1337673435217076224,negative,0.13868293704486462
1337673435703554050,negative,0.002536879717851271
1337673437469401089,negative,0.0022554296520457986
1337673440795500546,negative,0.14084942549460414
1337673447158280192,neutral,0.5468353340593204
1337673448248791040,negative,0.00017682414428803347
1337673449423196160,negative,0.05806122977506969
1337673451901874177,negative,0.10622451022228793
1337673452174667777,positive,0.9574307131512887
1337673453445451776,negative,0.0001758760152874045
1337673454334709763,neutral,0.3442307443566762
1337673457685975042,negative,0.018366554226596162
1337673459564994561,negative,0.10445300136530959
1337673459858456576,negative,0.0002704077291381445
1337673462425464833,negative,0.010312751521724567
1337673464723935233,neutral,0.49789225920557484
1337673474651852801,neutral,0.4898631585877994
1337673475486605313,negative,0.030522099394245918
1337673490825023488,negative,2.9689422083523247e-05
1337673492498673666,positive,0.8654087597773634
1337673492788023296,neutral,0.49789225920557484
1337673497003380736,positive,0.9936506573575333
1337673506557923328,positive,0.9904251635169738
1337673512241291265,negative,0.16578389500280513
1337673513063362561,negative,0.0001221379367499838
1337673513692499968,negative,0.08483050824707468
1337673513717600257,negative,0.0008560036243183859
1337673514170585090,negative,0.048337496473343095
1337673514904588290,negative,0.0007794864880088122
1337673516397813765,negative,0.021523831531122934
1337673519748956160,negative,6.721439998032326e-07
1337673523301638144,negative,1.919748133852928e-08
1337673524241190912,negative,0.00026370661301612717
1337673527554699264,negative,0.022816567318891725
1337673528376606720,negative,0.011535658419717387
1337673529538584576,negative,0.0771819283214069
1337673533028249602,negative,0.18124181380795734
1337673533988737025,neutral,0.49789225920557484
1337673543606284291,negative,0.018938855841615965
1337673543673327616,negative,0.04493911462334848
1337673547037233154,negative,2.020541203445075e-06
1337673550069698563,neutral,0.5746291987032386
1337673550950494208,negative,0.0005176855211115207
1337673551864684545,negative,0.01330282595248724
1337673554666672128,neutral,0.49789225920557484
1337673555161587712,negative,1.6241741547697277e-05
1337673556298264577,negative,0.1461052126651744
1337673561465622529,negative,0.033632698523219255
1337673564376403969,negative,0.08647438330423009
1337673565324406784,neutral,0.44490065804121626
1337673567874539522,negative,6.353496366377513e-06
1337673568415584257,negative,0.06429262899414748
1337673570831364099,negative,0.09343565429787228
1337673571682955264,negative,0.0004916415422674805
1337673572903489536,positive,0.6824837810859113
1337673573675261953,neutral,0.3591248207924088
1337673578058309634,negative,2.0534246854651947e-11
1337673579660505088,negative,3.549921266572145e-08
1337673580595863554,negative,0.15008095496472415
1337673583561216000,negative,0.0011182603841321918
1337673585993920514,positive,0.9633894245446962
1337673585998123014,negative,4.231558296127396e-06
1337673588317581312,negative,0.00033772576921819384
1337673590460870656,negative,0.2158933931838942
1337673591635185665,negative,1.842502876149342e-05
1337673593744994305,negative,0.0038365960060810396
1337673594294464517,negative,0.042862608420530746
1337673594407710725,negative,0.17696020550727629
1337673602091651073,neutral,0.46127768308170247
1337673606168506369,negative,0.07086171460721802
1337673608429232128,negative,0.001527055763450729
1337673615429472256,negative,6.0001234478877934e-05
1337673615630864384,negative,0.04363391834363526
1337673615815434240,negative,0.18124181380795734
1337673616054423554,negative,0.00035103450313669535
1337673619019882496,negative,0.015500910411574611
1337673620840206340,negative,0.0166855639232815
1337673621079113728,negative,0.11373236098678388
1337673621989429248,neutral,0.36445144898467674
1337673622752796672,negative,0.006016383189551009
1337673626032762880,negative,6.0001234478877934e-05
1337673626720608257,positive,0.9574307131512887
1337673631187537920,negative,0.001278062954272187
1337673631959109632,negative,0.00033772576921819384
1337673633876107264,negative,0.1116094611513185
1337673634035478528,neutral,0.49789225920557484
1337673639873941505,negative,1.2060266231901948e-06
1337673641820114945,negative,0.0022554296520457986
1337673641916575745,negative,0.00011233789624823847
1337673642008829953,neutral,0.49789225920557484
1337673644827430914,negative,1.3905060552436846e-05
1337673645771137024,negative,0.00011233789624823847
1337673647473963009,negative,0.00011233789624823847
1337673657922035715,positive,0.967599320977247
1337673660774166528,negative,0.16578389500280513
1337673671033450496,negative,0.12504972903976458
1337673683918331905,negative,2.2794930492787577e-08
1337673684379705345,negative,0.011952459576505536
1337673686317477890,negative,0.0042760168186535994
1337673686434902016,negative,0.0008707657286101692
1337673686489288704,neutral,0.49789225920557484
1337673689714864128,negative,0.1778254533115504
1337673692642500608,negative,0.0007543435044264487
1337673696006311936,negative,2.3161491910571904e-06
1337673696849391616,negative,0.16578389500280513
1337673699827314689,negative,0.21243369869845127
1337673700628443136,negative,0.0001498824438567863
1337673711172907014,negative,0.0007827761530595673
1337673711554457605,negative,0.03953903583000762
1337673715899904002,negative,1.343973831766543e-11
1337673727274745858,negative,0.05641999529096665
1337673727421546497,neutral,0.49789225920557484
1337673739371241472,neutral,0.49789225920557484
1337673755431153664,negative,0.0038570096506673254
1337673757826174978,negative,0.16733962349136758
1337673769167376384,neutral,0.49789225920557484
1337673771524771841,negative,0.004007914594328204
1337673787320492032,negative,0.161117320429758
1337673788331347969,negative,0.16578389500280513
1337673789698691074,negative,0.0038570096506673254
1337673799668469762,negative,0.00839843215687602
1337673825832501250,negative,0.007063856152404771
1337673828210708480,negative,8.95479048783724e-07
1337673841347231747,neutral,0.49789225920557484
1337673842525753345,negative,0.152753869224487
1337673845931651072,negative,0.0001281160580905273
1337673846250475520,negative,0.17409404053844243
1337673848024686592,negative,0.03335459935619592
1337673853049434112,negative,0.2204672852836158
1337673853129125891,negative,9.907257385065816e-05
1337673853959626752,negative,0.00021312294676825635
1337673858120347648,negative,0.16657463245502682
1337673861912023041,negative,0.007063856152404771
1337673869243650049,negative,0.16578389500280513
1337673869600169985,negative,0.10622451022228793
1337673872506810371,negative,0.00038347863550102765
1337673873458913280,negative,0.00803958139226536
1337673880576647169,negative,0.016863554163372256
1337673880748560384,negative,0.16578389500280513
1337673885102305280,negative,0.16578389500280513
1337673885433655300,negative,0.03950024054454663
1337673886721318914,negative,4.422750110705221e-05
1337673887543406592,negative,1.2475009549480398e-05
1337673895147679745,negative,1.6832585458858748e-05
1337673899157434378,negative,1.8318588607007642e-06
1337673901548167168,negative,0.10622451022228793
1337673904870068226,negative,0.038211759917940104
1337673910188466177,negative,0.07368514510381276
1337673912952496128,negative,0.0001013914023718889
1337673913866854402,negative,0.002395371638756114
1337673914433097732,neutral,0.49789225920557484
1337673915070619649,negative,0.00825990676587027
1337673917289390081,neutral,0.35808523527258007
1337673926634336261,neutral,0.49789225920557484
1337673927653552129,negative,0.16733962349136758
1337673927871635456,negative,0.006187447350979061
1337673934997753857,neutral,0.4572502882042099
1337673939183669248,negative,0.00011170308553703169
1337673943369527298,negative,0.024985260952058327
1337673945441513472,negative,0.0007506277889852822
1337673946372698113,negative,0.08859646997262219
1337673946779561984,negative,0.002125407057285243
1337673952655794177,negative,1.2475009549480398e-05
1337673955088293889,negative,0.042862608420530746
1337673957193838593,negative,0.00026370661301612717
1337673959811153920,neutral,0.49789225920557484
1337673964668280833,negative,0.04107906658617413
1337673965108604928,negative,0.11373236098678388
1337673967235190785,negative,0.00825990676587027
1337673973346299908,neutral,0.47840844706262076
1337673974805884928,negative,0.2625043171981679
1337673976995344384,negative,9.907257385065816e-05
1337673981009092610,positive,0.9574307131512887
1337673984113061888,negative,0.005314751817097736
1337673987157946369,negative,3.650965575833208e-06
1337673995538362369,neutral,0.37142605093897746
1337674000022069248,negative,0.06892974781052272
1337674001825542144,negative,0.21539573560443814
1337674005357211648,negative,0.2592612606823958
1337674009576615936,negative,0.03509406692647262
1337674010440687623,negative,0.018145415211949536
1337674011203915776,neutral,0.49789225920557484
1337674012604981248,negative,0.06075515939960545
1337674013947080704,negative,0.16578389500280513
1337674019315863552,neutral,0.3591248207924088
1337674019332640770,negative,0.020820531745936836
1337674020649639936,negative,0.16578389500280513
1337674021060669440,negative,6.94608201062908e-05
1337674025213042688,negative,4.070703927605449e-05
1337674034973032450,negative,0.10476672139631733
1337674035170258947,negative,0.06490605442458354
1337674045261815811,negative,0.000348049421417849
1337674046121631745,negative,0.00019295356139209418
1337674047077937152,negative,0.14164825239686382
1337674049716150272,negative,0.011333953686684347
1337674050240466944,neutral,0.3688153664879858
1337674051834105856,negative,0.18043814492210541
1337674053402959872,negative,0.03509406692647262
1337674055902777344,negative,0.1334327914869038
1337674059610529792,negative,0.019319703918761446
1337674059820261377,negative,0.1334327914869038
1337674069710397440,negative,0.04351116210053477
1337674073963331589,neutral,0.3319189255312339
1337674077121769472,neutral,0.3591248207924088
1337674078505857026,negative,0.14908347779845935
1337674078715584515,negative,0.10622451022228793
1337674078816268293,negative,0.0006083145257695496
1337674079101480961,positive,0.9568809016349838
1337674083866120192,negative,0.17049253340523368
1337674093500510213,negative,0.1823917510304361
1337674094297288704,negative,0.006476183325472451
1337674095115243522,negative,0.03729135312177657
1337674095492784128,negative,0.0001498824438567863
1337674095727546375,negative,0.009473324329199598
1337674103084494849,negative,0.2222643278046453
1337674108218302464,negative,0.006490462458955733
1337674108331577350,positive,0.968661919800416
1337674110269263874,negative,0.01632644514972978
1337674110776700929,negative,0.042862608420530746
1337674115155554304,negative,0.2041289408824083
1337674115482873861,negative,0.03936412782231903
1337674120809607168,negative,0.0029864559847610625
1337674120939655169,negative,0.00518007017301544
1337674122764177409,negative,2.779359931917892e-07
1337674124643143680,negative,4.070703927605449e-05
1337674128229281794,negative,0.16578389500280513
1337674134659194881,negative,0.2158933931838942
1337674135909130241,negative,0.0029864559847610625
1337674136789913600,negative,0.08598584736841365
1337674141927940096,negative,0.0003553836386753928
1337674142473101312,negative,0.2473543409603016
1337674149746110464,negative,0.07470000046977898
1337674152216571906,negative,2.432673247838542e-05
1337674155630669829,negative,0.00021312294676825635
1337674156066877441,negative,0.0040438923222621565
1337674156465414144,negative,0.1037190392907151
1337674157107122176,neutral,0.3657710083399395
1337674158826606597,negative,0.06410113579123196
1337674162832338947,negative,2.454762642047877e-05
1337674167785811968,negative,0.01675811699729423
1337674168322715648,negative,0.08306574996055795
1337674174572228609,negative,0.16578389500280513
1337674181853532164,negative,0.023570819818336846
1337674185263476737,negative,0.002991771809089758
1337674187025027072,negative,0.042862608420530746
1337674188417626112,negative,1.9408774604371185e-09
1337674201423962112,negative,1.8965817116296926e-06
1337674201919008768,negative,0.00839843215687602
1337674202137190400,negative,0.014174821726399214
1337674202275581955,negative,0.16733962349136758
1337674204347502592,negative,0.1865525557556948
1337674205568118784,negative,0.0012759041766422505
1337674209347178496,negative,0.015144677826529842
1337674212035661824,negative,0.18043814492210541
1337674214950776832,negative,7.806379764973375e-10
1337674219455451136,negative,0.0002768683533019669
1337674221800083456,negative,6.205277641877675e-05
1337674225176498177,negative,0.06816344788273959
1337674231585394689,neutral,0.3591248207924088
1337674231698644994,negative,0.16578389500280513
1337674234810822656,negative,0.0001498824438567863
1337674236664672256,negative,0.1037190392907151
1337674237172207616,negative,9.907257385065816e-05
1337674237411270657,negative,0.0006399586712045767
1337674239038648320,negative,0.04107906658617413
1337674241941057537,negative,0.030522099394245918
1337674245825064960,negative,0.08841926243673535
1337674246701637632,negative,0.16578389500280513
1337674247813148677,neutral,0.3591248207924088
1337674249625104387,negative,0.10524054078607217
1337674255262228487,neutral,0.3466130620060401
1337674263357091840,neutral,0.49789225920557484
1337674263982202880,neutral,0.3910540035031755
1337674267501051904,negative,0.0001498824438567863
1337674270474969088,neutral,0.5059432495205594
1337674275336024064,negative,7.962213057510395e-06
1337674275457732609,negative,0.0003288984655362324
1337674275529125888,negative,0.16578389500280513
1337674275684282369,negative,0.003552147859384551
1337674277164900352,negative,0.02554917550582189
1337674278532239360,negative,0.08106434289487681
1337674281426235393,negative,0.20023981288930087
1337674283745677313,negative,0.06741668055542112
1337674287638077441,negative,0.2124511193579591
1337674293501685761,negative,0.10295522811733122
1337674317325189122,negative,7.962213057510395e-06
1337674322475945984,negative,0.002991622839394054
1337674329002303488,negative,0.0033713037248313425
1337674330860367878,negative,0.00019295356139209418
1337674336451383296,neutral,0.40220708876493577
1337674340968624128,neutral,0.5091212072899074
1337674341383872517,negative,0.000838316337736227
1337674353966796801,negative,0.0029864559847610625
1337674357523558400,negative,0.0032279698632448903
1337674360656715777,negative,0.14908347779845935
1337674364884578305,neutral,0.49789225920557484
1337674365710848002,positive,0.7530299049772959
1337674378918682624,negative,0.17166447175563804
1337674388745953280,neutral,0.3591248207924088
1337674389559644161,negative,0.26923910198705725
1337674390155259904,positive,0.8490647086023952
1337674390474022912,negative,5.757583203843566e-14
1337674391103135744,neutral,0.4894886660404289
1337674397776289793,negative,0.10622451022228793
1337674397973360640,negative,9.194674431277087e-08
1337674399412080642,negative,0.26923910198705725
1337674401572130817,negative,0.0006083145257695496
1337674401983197186,negative,0.16578389500280513
1337674414624804864,negative,0.01691373320975096
1337674417929936896,neutral,0.49789225920557484
1337674420341661698,negative,0.0001013914023718889
1337674430248587265,negative,2.7137217256034558e-05
1337674431490101250,negative,0.05532359579730355
1337674455527682048,negative,0.07373338231575467
1337674458824323072,negative,1.474352288901089e-06
1337674460883804160,negative,0.00518007017301544
1337674463421345792,negative,1.50882007675829e-07
1337674463530393600,negative,8.496574208406347e-05
1337674466034405378,negative,0.22131538991058752
1337674467208728576,neutral,0.49789225920557484
1337674468634800128,neutral,0.49789225920557484
1337674473747562499,neutral,0.3319189255312339
1337674474934722560,negative,0.0007319695701742512
1337674482207612929,neutral,0.49789225920557484
1337674501060870144,negative,0.10972931998156985
1337674502310932480,negative,0.0020476449565519817
1337674510665846784,negative,0.03393340689562278
1337674512725209088,negative,0.16733962349136758
1337674517330743297,negative,0.31652767339412746
1337674518819708929,negative,0.05784302569788291
1337674520895782912,negative,0.009473324329199598
1337674521118171136,neutral,0.3591248207924088
1337674521319514114,negative,1.1636897355071823e-07
1337674523387289602,neutral,0.5710528275107644
1337674524666552320,negative,0.0006083145257695496
1337674540441350144,negative,0.18796599320577415
1337674548741873669,negative,8.125253117969393e-14
1337674556023201792,negative,0.007063856152404771
1337674557738655744,negative,0.04781464390615978
1337674563765886976,negative,0.00011198541176315903
1337674574964477953,negative,0.152753869224487
1337674576034230272,negative,0.009374562583458645
1337674576701087745,negative,0.0015682249056857595
1337674591196557312,negative,0.015153905882252242
1337674593780326406,negative,0.05825522257298977
1337674595000852487,negative,0.21390527253245525
1337674598205317121,positive,0.8425888232511517
1337674600772145152,negative,0.05825522257298977
1337674604328980481,negative,0.05825522257298977
1337674605083959297,negative,0.05697022662732761
1337674606195445761,negative,0.2204672852836158
1337674611761278977,negative,0.05825522257298977
1337674616144355330,neutral,0.38560676574264435
1337674622406447105,neutral,0.3591248207924088
1337674623664709633,negative,0.04889745903628757
1337674632191758336,negative,5.381983258050977e-09
1337674637409464320,negative,0.16578389500280513
1337674642417397761,positive,0.9704567766806979
1337674651250659328,positive,0.9704567766806979
1337674658796220416,negative,1.2475009549480398e-05
1337674659345682433,negative,0.0020161158816327943
1337674660511670277,neutral,0.3910540035031755
1337674673358856193,negative,0.00839843215687602
1337674673585348608,negative,0.0016530454784385736
1337674674369654784,negative,0.15008095496472415
1337674678249398273,negative,0.06044050559826854
1337674679985852416,negative,0.0004916415422674805
1337674680011018240,negative,0.005733964912162887
1337674680879210497,negative,0.0001013914023718889
1337674683290951680,neutral,0.3591248207924088
1337674685572583425,negative,4.8444977916671375e-08
1337674691604062208,neutral,0.49789225920557484
1337674701322264576,negative,2.9129722531868312e-05
1337674705118121987,negative,6.812982049178247e-10
1337674706623864832,negative,0.00839843215687602
1337674710377766913,negative,0.13211524219274964
1337674713246691332,negative,0.00834285442451179
1337674721857515521,positive,0.9527125882639778
1337674724181159937,negative,0.0154744483948627
1337674726852993024,negative,0.03370349508415006
1337674727851225088,negative,0.15959374837300266
1337674729692532737,negative,0.16578389500280513
1337674733219934209,negative,0.16578389500280513
1337674734914383872,negative,0.01232176908325782
1337674735308640257,negative,0.010706368727839864
1337674739083599872,negative,0.0016001674442106303
1337674743290466307,negative,0.006187447350979061
1337674744779468800,negative,0.0034737871146442163
1337674745601470464,negative,0.20017328087033676
1337674746859827204,negative,0.001105265003631023
1337674746914369538,negative,4.630468702037648e-05
1337674748340424706,negative,0.030522099394245918
1337674751012179969,negative,0.16578389500280513
1337674753885286400,negative,0.24285905387456766
1337674754405359616,neutral,0.6442097648571554
1337674754866765827,negative,0.0001226817298499582
1337674757223948288,negative,1.2302990119971739e-05
1337674757576282113,negative,4.070703927605449e-05
1337674765696462849,negative,0.2158933931838942
1337674767483211776,negative,0.008040171224928946
1337674769504890881,negative,0.08306574996055795
1337674771023212546,negative,0.10904372045430616
1337674772088561666,negative,0.00010609840550594329
1337674777620860929,negative,0.001021515730058111
1337674779596369922,negative,3.592865179917026e-07
1337674782318473216,negative,0.016692103312716058
1337674782528188417,negative,0.004551295411253584
1337674782934970370,negative,0.16578389500280513
1337674784516132866,negative,0.13042361807462957
1337674788387639296,neutral,0.3591248207924088
1337674792728731648,neutral,0.3591248207924088
1337674792875520000,negative,0.020874025271362805
1337674794028965888,negative,0.007063856152404771
1337674796260339713,negative,0.0006083145257695496
1337674796956602368,negative,0.03335459935619592
1337674801553563648,negative,0.14908347779845935
1337674802094542848,negative,0.009473324329199598
1337674804099477512,negative,0.0009368327871731828
1337674808285388800,negative,0.01706539964123242
1337674812026724352,negative,0.010313241043551606
1337674817407954944,negative,0.020820531745936836
1337674819270287362,negative,0.00010771033432850388
1337674822197841920,negative,0.2812124665127172
1337674823544266754,negative,0.00839843215687602
1337674823967838209,neutral,0.3657710083399395
1337674825716928513,negative,0.10445300136530959
1337674827105263617,negative,2.3536355025247256e-09
1337674828271267841,neutral,0.6403906557770959
1337674830372614144,neutral,0.5596957598779752
1337674831769325568,negative,1.2475009549480398e-05
1337674834462076928,negative,2.5774967573668882e-05
1337674835066056704,neutral,0.49789225920557484
1337674838870269955,negative,0.04799008061130428
1337674844016685058,negative,0.06339567127969255
1337674847271477248,negative,0.0039353705996633456
1337674852166152192,negative,5.383363289199667e-12
1337674856159121409,negative,0.001021515730058111
1337674857941708801,neutral,0.42191422235854953
1337674858881294336,negative,0.013528080279939418
1337674860093444096,negative,8.5456953397497e-05
1337674863717330944,negative,0.2253832403887022
1337674863931252738,neutral,0.42068802101001623
1337674865457893378,negative,0.27112329209659203
1337674869144686592,negative,0.00013926220358776676
1337674869832642560,negative,0.013845226386183759
1337674874853216256,negative,0.0053501377831582
1337674876002381824,negative,0.22131538991058752
1337674881199034368,neutral,0.35668683505931853
1337674882402889730,negative,0.10109566318464051
1337674886291066881,neutral,0.5497018517611811
1337674890166603776,negative,0.08306574996055795
1337674897179471872,positive,0.9465310832091888
1337674897770864642,negative,0.08104912684708733
1337674899796742144,negative,0.17749272340780647
1337674900832706560,negative,0.0006298570689912
1337674910588694528,negative,0.3149828321082379
1337674915281977344,negative,0.018801486959447406
1337674918633369601,neutral,0.5497018517611811
1337674920403329024,negative,0.0006656607895998362
1337674930444447744,negative,0.00016944346885281543
1337674933011443712,negative,0.10544992304568347
1337674937964752897,positive,0.944425676201416
1337674938375876610,negative,2.2487574499501263e-06
1337674939076325376,negative,5.633952366833613e-06
1337674940615626753,negative,0.014238835694036351
1337674941576204288,negative,9.053946268838691e-05
1337674945455923202,negative,0.02370538026304381
1337674959842390018,negative,0.2808641834356207
1337674963608801281,negative,0.13147418649216405
1337674965278208002,negative,0.00039981075455208646
1337674974006550529,negative,0.16578389500280513
1337674978708303872,negative,5.063026884765128e-05
1337674982856519681,negative,0.032962383133948475
1337674990557290497,negative,0.08102684450421606
1337674994256650241,neutral,0.49789225920557484
1337674994718007297,neutral,0.6130892715230243
1337674996488003585,negative,0.16578389500280513
1337674997477863425,negative,3.4888606399998397e-07
1337674997796663297,neutral,0.49789225920557484
1337675041975234564,negative,0.00839843215687602
1337675042952507392,negative,0.00011797655159561095
1337675043225079810,negative,0.040937553658125105
1337675051592785920,negative,0.002166567418649897
1337675060471992322,negative,0.019567824959384285
1337675066679709699,negative,0.2158933931838942
1337675067069751296,negative,0.00215159575401102
1337675071704412161,negative,0.05895372512967125
1337675072857919489,negative,2.959385201886265e-09
1337675075181563905,negative,5.4170839024315985e-05
1337675075311579136,negative,0.18793420862908553
1337675076540383232,neutral,0.49789225920557484
1337675100062158848,negative,5.042987334491571e-07
1337675102448709634,negative,0.01631634273963378
1337675106189971459,negative,0.005905503572202149
1337675107184021504,negative,0.1778254533115504
1337675110178762755,negative,0.06275655069412357
1337675113370628097,negative,1.1304618045735704e-06
1337675114721239041,negative,0.1513611842229751
1337675116608712705,negative,1.2475009549480398e-05
1337675119297261568,negative,0.1933311826096359
1337675140310724608,neutral,0.571301890278723
1337675144693755904,negative,0.16578389500280513
1337675144970506242,negative,0.00839843215687602
1337675150473519105,negative,1.2475009549480398e-05
1337675161533886464,negative,1.632723771785151e-07
1337675167334604801,negative,0.04326749920868208
1337675178550185984,negative,3.034542944567992e-05
1337675183855984640,negative,0.0001498824438567863
1337675184401211392,negative,0.159480241800151
1337675186691313664,negative,0.16578389500280513
1337675189929140225,neutral,0.3319189255312339
1337675191703506944,negative,0.00839843215687602
1337675201329377280,negative,0.14379916227700154
1337675206815576069,negative,0.0001013914023718889
1337675210619817986,negative,9.907257385065816e-05
1337675210955350017,negative,0.16578389500280513
1337675231184494592,negative,0.020184034416424055
1337675235810828288,negative,0.001208561302826213
1337675244530700288,negative,0.10092841324881917
1337675248146280448,negative,0.015485228993618625
1337675263052816386,neutral,0.5698696150454805
1337675266332700672,neutral,0.4737554465528978
1337675269595869185,negative,0.0005514413790934512
1337675284863184896,negative,0.00016490024263174016
1337675293734170624,negative,0.014977859612944695
1337675294069706752,negative,0.03663267889593547
1337675302441545728,negative,1.01370530767374e-06
1337675302613495809,negative,0.16578389500280513
1337675305297833986,negative,0.00839843215687602
1337675313048936448,neutral,0.3591248207924088
1337675314227523584,negative,1.2475009549480398e-05
1337675324197392384,negative,0.00839843215687602
1337675325644308481,positive,0.9633894245446962
1337675327582183424,neutral,0.554860446213899
1337675350088806402,negative,5.652356729563016e-06
1337675357898625024,negative,6.0314112457215935e-05
1337675362197790720,negative,2.48063541483936e-05
1337675367570694145,negative,0.0001498824438567863
1337675367654547457,negative,0.08598584736841365
1337675375044751360,negative,0.0001498824438567863
1337675386260484097,negative,0.0005863702868764462
1337675393982148608,negative,0.16053496138444454
1337675394426736641,negative,0.015491835732138722
1337675405235511296,negative,0.05291611860013724
1337675405621342209,positive,0.9625699969481376
1337675406586077184,negative,0.010254690131153132
1337675410717487105,negative,2.8596029673706785e-05
1337675412764286978,negative,0.07368514510381276
1337675415532531712,negative,0.0001013914023718889
1337675416518135809,negative,1.850410509838467e-08
1337675418246242307,negative,5.2852668876138364e-05
1337675418304917505,negative,7.878344228223446e-07
1337675420888600576,neutral,0.49789225920557484
1337675425745661952,negative,0.00839843215687602
1337675432884375553,neutral,0.38563223330898067
1337675448713682944,negative,0.0009375322455179861
1337675450647269382,negative,3.203122119858224e-05
1337675451838377984,negative,6.847864292155331e-05
1337675452748541958,negative,0.03335459935619592
1337675455269392385,positive,0.9477931060999414
1337675456582184963,negative,0.0024072163330635487
1337675457060343808,neutral,0.49789225920557484
1337675458394066944,negative,0.03335459935619592
1337675470113009668,negative,0.016704362470944374
1337675477989912576,negative,0.0001498824438567863
1337675481139785728,positive,0.9959284859497602
1337675484260409345,negative,1.2475009549480398e-05
1337675484759461888,negative,0.00905142363208876
1337675486336573443,negative,0.0006083145257695496
1337675499091464193,negative,0.10622451022228793
1337675501360599040,negative,0.002784846976235073
1337675506595016709,neutral,0.49789225920557484
1337675508566401025,neutral,0.49789225920557484
1337675519920197632,negative,0.00021725453889206257
1337675522214686721,neutral,0.4113290553524855
1337675532033536000,negative,0.00017035033887436625
1337675534038339591,neutral,0.3835662557847742
1337675540304695296,negative,0.05838581172579735
1337675541512679424,negative,0.1778254533115504
1337675542804525057,negative,0.06255867424670097
1337675544851337216,negative,2.106891861632361e-09
1337675589034053632,negative,0.1431252843238028
1337675592762789889,negative,0.1521613416138048
1337675593119371267,negative,0.16578389500280513
1337675604251054081,negative,0.010579098783545281
1337675604297207808,negative,2.021397276916546e-06
1337675607711346689,neutral,0.6112586251090273
1337675610404118528,negative,7.596747985637615e-05
1337675613277204481,negative,0.010051267084074906
1337675617219846147,negative,0.010752680007125115
1337675618645839874,negative,0.10716670767388198
1337675620285886465,negative,0.0001013914023718889
1337675624484392960,negative,8.187045183327875e-08
1337675638203969538,negative,0.23027876682356146
1337675649310314496,negative,0.008840426312788089
1337675655127961602,negative,0.007063856152404771
1337675662291820544,negative,1.2475009549480398e-05
1337675676959141888,negative,0.007063856152404771
1337675679836614657,neutral,0.3591248207924088
1337675681669537792,neutral,0.3591248207924088
1337675683275960320,neutral,0.3591248207924088
1337675683682717698,neutral,0.457492986727193
1337675687986163712,negative,1.2475009549480398e-05
1337675688137138176,negative,0.0001013914023718889
1337675699822456834,negative,0.0008707657286101692
1337675717522444291,negative,0.0022554296520457986
1337675726368239616,negative,1.2475009549480398e-05
1337675740096172032,negative,0.1220259597758936
1337675743380328449,negative,0.007487176015122281
1337675744022028290,negative,0.00839843215687602
1337675744604872704,negative,1.8965817116296926e-06
1337675751424929793,negative,3.771040509693137e-05
1337675753262026753,negative,0.25510586853062006
1337675768516710401,negative,5.544719294254272e-07
1337675768797736961,negative,0.02421532909208141
1337675783196860416,negative,0.29150453131543796
1337675785054904320,positive,0.9502158730061835
1337675785499447299,negative,0.00012370133701125545
1337675785839194113,negative,0.00839843215687602
1337675790822076416,neutral,0.49789225920557484
1337675794009776128,negative,0.2158933931838942
1337675803761455104,negative,6.576474448035329e-08
1337675809172180992,negative,0.19745319259654195
1337675812540215297,negative,0.10622451022228793
1337675828860243968,negative,0.010579098783545281
1337675831452299264,negative,0.10622451022228793
1337675832739950593,negative,0.16578389500280513
1337675837676597248,neutral,0.36540136312492927
1337675845419356160,neutral,0.49789225920557484
1337675850410496001,positive,0.8859719391697276
1337675851765346305,negative,0.0006083145257695496
1337675861533790210,negative,0.17064504788920254
1337675865438687233,negative,0.0001013914023718889
1337675866034352128,negative,7.819554656217797e-05
1337675870895550466,negative,0.16578389500280513
1337675872195776512,negative,0.03337407568848744
1337675875484053505,negative,0.05838581172579735
1337675881767165954,negative,6.262875820425242e-05
1337675883017072641,negative,7.3252113510450714e-06
1337675895767699457,neutral,0.33119170289224464
1337675906211516418,negative,0.020820531745936836
1337675908996591616,negative,0.024078282968319407
1337675909202124800,negative,0.0022554296520457986
1337675911190208512,negative,3.9818762749288726e-10
1337675921092870152,negative,0.0869003744226905
1337675927787102209,neutral,0.6323720940364075
1337675930903474177,negative,0.03808064499291522
1337675932631502848,negative,0.01754806716459563
1337675953259094017,negative,0.0033393521068919635
1337675960196472837,negative,0.00839843215687602
1337675973735698432,neutral,0.37711049937988483
1337675975627247617,negative,0.2158933931838942
1337675977737064448,negative,0.0001013914023718889
1337675983676203009,negative,0.0037290195885867294
1337675986507206656,neutral,0.5716876810964148
1337675989145497600,negative,0.0015604982342394354
1337675994245763073,negative,0.17409404053844243
1337675994329731074,neutral,0.465439504524383
1337676012172132352,neutral,0.41769460490150073
1337676015242448897,negative,0.15944304448509208
1337676022754512897,negative,0.010281195235329466
1337676023371079682,positive,0.9466211677813533
1337676025094955011,negative,0.007063856152404771
1337676025405337601,negative,1.600204556276452e-06
1337676032950882305,negative,0.32685525096984813
1337676035618385920,negative,3.146091669882704e-11
1337676043361120256,negative,0.017998060425401752
1337676043491155970,negative,1.799799487320619e-05
1337676044887855106,negative,0.15944304448509208
1337676045894422530,negative,0.15944304448509208
1337676049946120197,negative,0.15944304448509208
1337676054559924230,negative,0.16690687945951835
1337676060255637507,negative,0.002984978447765297
1337676063263092736,negative,0.16578389500280513
1337676063279898624,negative,1.6712497783837973e-06
1337676069323870208,negative,3.0136311352806466e-05
1337676075636314112,negative,0.024770280228335495
1337676077993488385,neutral,0.37711049937988483
1337676079658622979,negative,0.1585420763461042
1337676086050754561,negative,0.15944304448509208
1337676091805364226,negative,0.16578389500280513
1337676094296690688,neutral,0.3932538679356853
1337676104258170880,negative,9.907257385065816e-05
1337676108259614721,negative,1.2475009549480398e-05
1337676113422782464,positive,0.9959284859497602
1337676114517483520,negative,0.08598584736841365
1337676124894203904,negative,0.11662369349685624
1337676127821770758,negative,1.2475009549480398e-05
1337676138932563968,negative,0.2041289408824083
1337676140261961730,negative,0.03967189717346478
1337676145928626177,negative,0.029593839277836362
1337676167042699264,neutral,0.3548691795716982
1337676172268859392,negative,0.16578389500280513
1337676172533051393,neutral,0.36828668384570834
1337676176274288640,negative,0.15944304448509208
1337676182121279496,neutral,0.5226097969755592
1337676182511378434,negative,1.2475009549480398e-05
1337676187603230721,negative,0.00015912735514319484
1337676188316266496,negative,7.714813508076212e-11
1337676192623849472,negative,1.920413181431128e-06
1337676192661573632,negative,0.15213999863611508
1337676193114501122,neutral,0.3591248207924088
1337676193399791623,negative,0.0009971233077292656
1337676193860997120,negative,0.12971878701520773
1337676195819884544,negative,4.0115281012784606e-07
1337676202224586752,negative,0.15944304448509208
1337676207211606017,negative,0.28717859767477777
1337676211649212417,negative,9.632335444787114e-06
1337676234042601472,negative,0.01575460962862156
1337676236412301312,negative,0.013146911112631743
1337676249418887168,negative,0.18796599320577415
1337676253277679617,negative,0.2204672852836158
1337676259464278016,negative,0.035593981665835744
1337676277336199169,negative,0.00013167567377634948
1337676281689812994,negative,0.12271723137908847
1337676282323202049,positive,0.9527125882639778
1337676294096502785,negative,0.13631621669704416
1337676298106368001,negative,0.00014687328273860851
1337676300446740480,negative,0.0034775982301432935
1337676302946607108,negative,0.04702180984798777
1337676305916186624,negative,0.16578389500280513
1337676309984669696,negative,5.712776837654826e-10
1337676311255527424,neutral,0.518797080005278
1337676316687163393,negative,0.004346939447287305
1337676318876594176,negative,0.007063856152404771
1337676319459581958,neutral,0.49789225920557484
1337676319983874052,negative,0.00016490024263174016
1337676328120750081,negative,9.907257385065816e-05
1337676330062794753,negative,0.000838316337736227
1337676345241956353,negative,2.6387225275899465e-06
1337676347003596800,negative,0.0001013914023718889
1337676353630597125,negative,0.059518943058464294
1337676353634766851,negative,0.0001498824438567863
1337676356801482752,negative,0.002180127440407793
1337676359468978176,negative,0.009374562583458645
1337676380486643715,negative,9.397797549663983e-06
1337676385431789571,negative,0.0017882798785017078
1337676386769674240,negative,0.015588401820023428
1337676389693140992,positive,0.7933484009511471
1337676392079699969,negative,3.9293900739742444e-14
1337676395397472258,negative,3.9478244282509045e-06
1337676400497741825,negative,0.16578389500280513
1337676409360310272,negative,8.81596427279817e-15
1337676421095968768,negative,0.1037190392907151
1337676422278680579,negative,7.907311733981088e-05
1337676426489847811,negative,1.4286039989064653e-05
1337676429127987201,negative,1.8965817116296926e-06
1337676430440796160,negative,0.0001013914023718889
1337676433272025090,negative,0.023946487659640178
1337676440540749824,neutral,0.49789225920557484
1337676441631285248,negative,0.2158933931838942
1337676442604363777,negative,0.00839843215687602
1337676444403597313,negative,0.007688295907993277
1337676449038422016,negative,8.424002804790008e-07
1337676449558323200,negative,0.22556168968144918
1337676458718859267,neutral,0.49789225920557484
1337676471154978817,negative,0.09769531134338225
1337676484111118337,negative,0.1049315533074578
1337676487487594496,negative,0.0005514413790934512
1337676506571534336,neutral,0.49789225920557484
1337676511051210752,negative,0.00477969093839262
1337676511323807747,neutral,0.571301890278723
1337676528885379072,neutral,0.3835662557847742
1337676537664069632,negative,0.16578389500280513
1337676539702480896,neutral,0.35509496682161057
1337676541988319233,negative,5.884947019307703e-06
1337676546694410241,negative,0.047195122334019075
1337676550204870656,negative,0.035831727025179325
1337676552532865026,neutral,0.4377896312766332
1337676563161223169,neutral,0.49789225920557484
1337676565895933953,negative,0.03335459935619592
1337676571553845253,negative,0.22556168968144918
1337676572493557763,negative,3.5905090509068227e-06
1337676599202897920,negative,0.15944304448509208
1337676599471304705,negative,0.15944304448509208
1337676611374768130,positive,0.9959284859497602
1337676612557549569,negative,0.0006656607895998362
1337676630848892929,positive,0.9994852917781397
1337676640030175232,negative,0.08014018464524426
1337676641070411776,neutral,0.5999960160344703
1337676643427635202,negative,1.234371043483422e-10
1337676647949099008,negative,0.010579098783545281
1337676654450192385,negative,0.00012370133701125545
1337676660531818497,negative,0.00026370661301612717
1337676665271545857,negative,0.2877184350582386
1337676665829384193,negative,0.0003160244206700235
1337676667632934912,positive,0.8268393950249717
1337676668199186432,negative,1.4510035711780978e-07
1337676674318655488,negative,0.0023755664672656988
1337676675929223170,negative,0.0029073238015931537
1337676677363752960,negative,6.930164414416485e-07
1337676704890966017,negative,0.16578389500280513
1337676708850397345,negative,0.0005965890024006347
1337676709592625152,negative,0.009473324329199598
1337676710985281536,negative,0.32685525096984813
1337676720867061761,negative,0.16578389500280513
1337676724193079299,negative,0.000264813049332564
1337676725648564224,negative,0.16578389500280513
1337676732221038594,negative,1.0518679751680061e-07
1337676745772830720,negative,0.22797525024300042
1337676746255175680,neutral,0.48061219287488127
1337676748385902593,negative,1.2475009549480398e-05
1337676753616183303,negative,0.015417623461031161
1337676764680572928,negative,0.06521690740115947
1337676767730012162,negative,1.2475009549480398e-05
1337676769248354304,negative,0.2204672852836158
1337676769789435905,negative,0.10257797504384468
1337676770938658816,negative,0.2158933931838942
1337676771940945920,negative,0.0006083145257695496
1337676772066922501,negative,0.004922588634119246
1337676772243107842,negative,0.0005514413790934512
1337676773845311489,negative,0.16578389500280513
1337676776479322113,negative,0.009473324329199598
1337676787610861569,negative,0.0001498824438567863
1337676787967537153,negative,0.0031066815047998964
1337676789368418307,negative,0.10622451022228793
1337676805440987140,negative,0.0003377907283779006
1337676807894601729,positive,0.6774024187612661
1337676810314784768,negative,1.8648758270593772e-06
1337676812806045696,negative,7.962213057510395e-06
1337676813687021568,neutral,0.4898631585877994
1337676824021770241,negative,0.0020444924412972116
1337676825754030081,negative,0.00013235000304668784
1337676828643909638,negative,0.15944304448509208
1337676831294709763,negative,0.0001498824438567863
1337676832955494401,negative,0.22556168968144918
1337676834822086656,negative,0.000838316337736227
1337676835270877184,negative,0.16578389500280513
1337676837632286721,neutral,0.49789225920557484
1337676841033805824,neutral,0.48728019602140255
1337676845785878528,negative,0.0006812245955290208
1337676854979944449,negative,0.0001013914023718889
1337676855365816322,neutral,0.3996580091506196
1337676860319260672,negative,3.516895682702097e-07
1337676860528996355,negative,0.09844158010986483
1337676861107744768,negative,0.0011742656991126114
1337676873317355521,negative,0.015485228993618625
1337676878455463941,negative,0.16578389500280513
1337676884897718272,neutral,0.49789225920557484
1337676890648227841,neutral,0.3513245378186399
1337676893877833731,negative,0.16578389500280513
1337676895048118272,negative,2.9585728395995284e-06
1337676896524496897,negative,5.063026884765128e-05
1337676898000916481,negative,0.28959226427319557
1337676902115516417,negative,0.03953903583000762
1337676910059532288,negative,0.00014687328273860851
1337676910109859841,neutral,0.49789225920557484
1337676911372275713,negative,0.060149584456524026
1337676917911269378,negative,0.19590205802454755
1337676919949709313,negative,0.00011251588636018633
1337676920587231232,negative,0.0001498824438567863
1337676920616603649,negative,0.0022554296520457986
1337676924978671617,negative,0.035831727025179325
1337676925419053056,negative,0.0027552227021978193
1337676935971921926,neutral,0.36334302757605325
1337676936122949633,negative,0.0012075274631974644
1337676941281923072,neutral,0.3591248207924088
1337676942129106944,negative,0.19212294110006584
1337676959116124160,negative,0.0740672284626459
1337676962224070656,negative,0.00037693237434128975
1337676975037624322,negative,0.0006083145257695496
1337676984579727360,negative,0.00026653877072235646
1337676990044901376,negative,0.001721846253448057
1337677012601868290,negative,0.15944304448509208
1337677014246043650,negative,0.17530011606073342
1337677021833392130,negative,0.08598584736841365
1337677023213461510,negative,0.00090904704370781
1337677025427984385,negative,5.70674758461464e-06
1337677043148984321,negative,0.03512549092568557
1337677058558844928,negative,0.010313241043551606
1337677063457746944,negative,0.008787525787110336
1337677064632217602,negative,0.003681759277919537
1337677069942206465,negative,0.009473324329199598
1337677071565213697,neutral,0.3319189255312339
1337677089596649472,negative,0.00839843215687602
1337677090083233792,negative,0.032414879796040734
1337677100472406017,neutral,0.46364466503952073
1337677101407887360,negative,0.00839843215687602
1337677113546182659,negative,5.063026884765128e-05
1337677113621684225,negative,0.00017098229352235746
1337677115999838208,negative,3.255350552801829e-11
1337677117622988800,neutral,0.4377896312766332
1337677118210236416,negative,0.014448430840098569
1337677119892172802,negative,0.16578389500280513
1337677120408006657,negative,1.7973983647252876e-05
1337677126665957377,negative,3.8872198123707186e-08
1337677129492942855,negative,0.004062970996436016
1337677133318135811,negative,0.03631472749825696
1337677149164228609,negative,0.31820487300311295
1337677152066691072,negative,0.08014018464524426
1337677153761103872,positive,0.7978212091329839
1337677154407116800,negative,0.048754473318401
1337677165542969347,negative,0.16578389500280513
1337677165618487303,negative,0.015932955314472832
1337677166151135232,positive,0.9622967121397714
1337677174485159938,neutral,0.42690686166099573
1337677182768996352,negative,0.08859646997262219
1337677186401267714,negative,0.15518671765257935
1337677193837686787,negative,0.09981151966106729
1337677196949942273,negative,0.05146755203483915
1337677197650358272,negative,0.00014687328273860851
1337677197818146816,negative,3.3645965391566594e-05
1337677201416843264,negative,3.3645965391566594e-05
1337677202733850624,negative,0.009473324329199598
1337677202834526208,negative,0.02986687584101716
1337677205627793410,neutral,0.49789225920557484
1337677211164434433,neutral,0.3334406455714633
1337677219045535745,neutral,0.49789225920557484
1337677220119252994,negative,0.0001013914023718889
1337677225076912129,negative,0.015932955314472832
1337677225571840002,neutral,0.49789225920557484
1337677242567192582,negative,0.00699217789624739
1337677244492345344,negative,0.004710800168846523
1337677264570429441,neutral,0.5059432495205594
1337677267506442240,negative,0.08306574996055795
1337677270744518657,neutral,0.46127768308170247
1337677282673090567,negative,0.08598584736841365
1337677291577552897,negative,0.08598584736841365
1337677299353792512,negative,0.01575460962862156
1337677301677514753,neutral,0.5635747947692747
1337677302726062081,negative,0.0001013914023718889
1337677304361791488,negative,1.2135886490973152e-08
1337677304537997312,negative,0.00839843215687602
1337677316026216449,negative,1.9822198695674767e-06
1337677329385009153,negative,0.060239953511824026
1337677332518203392,negative,9.907257385065816e-05
1337677356987805696,negative,3.051592934168363e-05
1337677366773100545,negative,0.10257797504384468
1337677376499707906,negative,0.09613872524962633
1337677381704802305,negative,0.006076762105432825
1337677394153508866,negative,0.0597065279108574
1337677403049648128,negative,0.0017055142358589634
1337677406321127424,negative,1.5547612172429797e-09
1337677410129612801,negative,0.2041289408824083
1337677410410631168,negative,0.00839843215687602
1337677412646187010,neutral,0.49789225920557484
1337677414776893440,negative,0.0034399879142060774
1337677428601319424,negative,0.001428153196322774
1337677432564879361,negative,4.070703927605449e-05
1337677451309309964,negative,0.00496362943901883
1337677453695836162,negative,0.006473383982366458
1337677459060297728,negative,0.020211619846360534
1337677459806937089,neutral,0.36334302757605325
1337677469856522240,negative,0.003448926479314966
1337677472389869568,negative,0.31820487300311295
1337677481864728577,negative,0.24490252709612087
1337677483521564672,negative,0.0038570096506673254
1337677485727735812,negative,5.063026884765128e-05
1337677491276832768,negative,0.15944304448509208
1337677491624939520,negative,6.035048549904205e-08
1337677493185212416,negative,0.08102684450421606
1337677500407816193,negative,0.0029835653771513194
1337677503863816193,negative,0.0036987119207877095
1337677507072503808,neutral,0.46127768308170247
1337677507668168704,negative,0.16578389500280513
1337677509186510849,negative,0.0001013914023718889
1337677510465761281,negative,0.022572557197067033
1337677512290291713,negative,0.0015735419470068858
1337677515616292864,negative,0.05047963368040199
1337677519563026433,negative,1.1614299018324441e-08
1337677523765911552,negative,0.09343565429787228
1337677525321981952,negative,0.002180127440407793
1337677533026938880,negative,0.0003288984655362324
1337677538907316227,negative,0.17626947947024635
1337677540199190528,negative,0.07409858964317478
1337677540735979521,negative,0.0003490707428539365
1337677544796073986,negative,0.016158295209780137
1337677544867368960,neutral,0.3932538679356853
1337677545718730755,negative,0.00048804770344076324
1337677546339639296,negative,0.08598584736841365
1337677549888008192,negative,0.16578389500280513
1337677551347634176,negative,8.83834836388525e-09
1337677555848146946,negative,2.342318311106757e-06
1337677556246405125,negative,0.0025990644624460653
1337677556246581249,negative,0.00026653877072235646
1337677557320327168,negative,2.0372615262199892e-05
1337677564140265478,neutral,0.49789225920557484
1337677565524389888,negative,0.003084628211179582
1337677569928388615,negative,0.09344385430597328
1337677570985299968,negative,0.00839843215687602
1337677575246721025,negative,0.02791073462474959
1337677578111422464,negative,0.15237137935820858
1337677578795184128,positive,0.9904251635169738
1337677581538115584,positive,0.9569703772221066
1337677584662990848,negative,0.016446697575979746
1337677588312023040,negative,0.00027209009732958255
1337677591482945536,negative,0.030522099394245918
1337677592250494976,negative,0.08994368952250978
1337677598365642752,neutral,0.49789225920557484
1337677598781022208,neutral,0.4363792657661808
1337677604887859200,negative,0.06339567127969255
1337677608268537856,negative,0.0002415230663266467
1337677609061265408,negative,0.30319016453633924
1337677610713833477,negative,0.10742724051515196
1337677610768343041,negative,0.004346281045771338
1337677610944524288,negative,8.534702079474775e-05
1337677614308356100,negative,0.07963196527576112
1337677617357578241,negative,0.15032618614906035
1337677618653655040,neutral,0.4894886660404289
1337677620515905538,negative,1.9304056195258787e-05
1337677621568675841,negative,0.00011745051280877691
1337677622973763585,negative,3.562913201146036e-06
1337677623510659072,neutral,0.5892769733835495
1337677624416620546,negative,0.012326619613759698
1337677625825878016,negative,0.006016383189551009
1337677625867841536,negative,3.0136311352806466e-05
1337677627977576448,negative,0.02673658482278104
1337677628925480962,negative,0.004514185725549226
1337677630364114944,negative,0.298217525150845
1337677636429094912,negative,0.008392505155441007
1337677639486754816,negative,0.03526905246225567
1337677641705541632,neutral,0.4940605368235655
1337677642909159424,negative,0.31820487300311295
1337677645593645056,negative,0.016851650147678286
1337677647493685248,negative,0.05961449349631473
1337677649926348801,negative,2.2104613346827117e-07
1337677653139218432,negative,1.1224164238714351e-11
1337677653499895808,negative,0.0694235051560751
1337677654791696385,negative,2.088878021845827e-09
1337677658969214976,negative,0.014238835694036351
1337677660806406147,negative,0.16578389500280513
1337677661334855682,negative,0.00839843215687602
1337677662089666561,neutral,0.4207081302253862
1337677663167799299,negative,0.00392031513162122
1337677664639995911,negative,0.08102684450421606
1337677665344647171,negative,0.00033772576921819384
1337677667680841731,negative,0.007486140181036289
1337677671271198720,positive,0.8967711290018887
1337677672701423617,neutral,0.3695382026832446
1337677682113449984,negative,0.3006129821612526
1337677689210081280,positive,0.9574307131512887
1337677692146229253,negative,0.11211103084693533
1337677692649529344,negative,0.0013630273420165303
1337677693589053442,negative,2.184356604870276e-12
1337677696428613632,negative,0.0006237033632114046
1337677702699094018,neutral,0.5497018517611811
1337677710286614530,negative,0.11668596557821889
1337677714162147334,negative,0.051238247890796076
1337677714392821760,negative,0.005305210082147058
1337677715307188230,positive,0.9407204551702529
1337677715684646913,negative,0.008905570034166593
1337677722542370816,positive,0.9527125882639778
1337677723460923396,negative,0.30268080790370816
1337677725935366144,negative,0.015500910411574611
1337677730175922176,negative,0.2062891141262694
1337677741873881088,negative,0.004500908720721487
1337677742532415491,negative,0.0037279750366979434
1337677743887151104,neutral,0.4737554465528978
1337677751168491522,positive,0.9574307131512887
1337677757787086849,negative,0.12663158174264647
1337677760391643143,negative,0.035831727025179325
1337677763520712704,negative,0.02341292172742968
1337677765903065088,negative,8.36267065132253e-05
1337677770697175040,negative,0.16090851350881816
1337677771145945089,negative,0.018920806309370965
1337677772609744897,negative,0.022572557197067033
1337677773796757504,negative,1.01370530767374e-06
1337677774664949761,negative,0.22399993788064357
1337677782906777600,negative,0.0002704077291381445
1337677789114281984,positive,0.9931822536213109
1337677793426087936,negative,0.004500908720721487
1337677794583711745,negative,0.0037228045664036845
1337677795074379776,negative,1.0600426136274673e-06
1337677799449092096,negative,0.00013235000304668784
1337677802393522176,negative,0.010164149519775513
1337677805828657154,negative,1.2475009549480398e-05
1337677808085110785,neutral,0.581249622394181
1337677810547236864,negative,0.08104912684708733
1337677813361598466,negative,0.0013630273420165303
1337677815735603200,negative,0.00014592135835975832
1337677815848714241,negative,0.10445300136530959
1337677817786617857,negative,0.00010156728854407042
1337677818642247681,negative,0.0004889566292669723
1337677821087461379,negative,0.011876987051411377
1337677832009494529,negative,0.20566510029532967
1337677833544609793,negative,0.014448430840098569
1337677836208005120,negative,0.24335752038604866
1337677839496339456,negative,0.001183318846688739
1337677842524610560,negative,0.024553248188671748
1337677843946409984,positive,0.9996976631126012
1337677845536108544,positive,0.9918673236457174
1337677847276687360,negative,2.9259237115728117e-05
1337677849155821568,negative,0.00035843919426472887
1337677850867077126,negative,1.6553840793330752e-07
1337677854478376962,negative,0.00825990676587027
1337677855321427968,negative,0.06255867424670097
1337677856839790593,negative,0.00105267993669513
1337677863001198593,negative,0.000181145391887684
1337677863152201729,negative,0.16578389500280513
1337677864196575236,negative,0.30947104384257274
1337677864792027137,negative,2.2591954697229599e-07
1337677873692483584,negative,0.008414268641471571
1337677877601558528,negative,0.10445300136530959
1337677880235536386,negative,0.023344816882562316
1337677880420130816,negative,0.24607479651057673
1337677881506471937,negative,0.0006812245955290208
1337677882148016128,negative,7.962213057510395e-06
1337677882727026688,positive,0.762583403787493
1337677888418705409,negative,0.027336968065484822
1337677891698614273,negative,0.0015610565225471788
1337677893552533505,negative,1.6241741547697277e-05
1337677894647230465,negative,0.006482785121031861
1337677900284391424,negative,0.003778165258669764
1337677901458796544,negative,0.3072762055139911
1337677902612213761,negative,1.463573483401815e-06
1337677914964373506,negative,2.36657671006354e-09
1337677920320561152,negative,4.651589323754013e-05
1337677923017515008,negative,0.015485228993618625
1337677933499002881,negative,0.2011884150943147
1337677937911484416,negative,0.003448926479314966
1337677940969123841,negative,0.03624292471162838
1337677942625873920,negative,0.08306574996055795
1337677949076721665,negative,0.014238835694036351
1337677949261197313,negative,0.16505373484135805
1337677949353521152,negative,0.18795859623648656
1337677950951579648,neutral,0.49789225920557484
1337677953984049154,negative,0.018145415211949536
1337677954801938432,positive,0.8578579866102338
1337677955665817602,negative,0.0625197341301442
1337677955800109056,negative,0.014923483503263111
1337677956777390080,negative,0.000838316337736227
1337677961089179648,negative,3.350729406582062e-09
1337677962821455872,negative,0.06062516730565888
1337677969083535360,negative,0.022572557197067033
1337677970509623298,neutral,0.49789225920557484
1337677972665405440,negative,0.10622451022228793
1337677973445599233,negative,0.00011251588636018633
1337677974053720067,negative,0.05463724776342441
1337677977275015170,positive,0.9959284859497602
1337677980085202948,negative,0.0017971309788166068
1337677981548941315,negative,0.16578389500280513
1337677992198369282,neutral,0.49789225920557484
1337677995109199872,positive,0.9904251635169738
1337677996363296768,negative,3.650299770489336e-06
1337678001014779909,negative,3.127533813070515e-08
1337678004282122240,negative,1.2475009549480398e-05
1337678007373271046,negative,0.05146051523071242
1337678021751414786,negative,0.00033772576921819384
1337678023026483200,negative,0.15944304448509208
1337678029489909761,positive,0.8461811422103969
1337678031792578560,negative,1.3819954561197548e-05
1337678037412810753,negative,7.962213057510395e-06
1337678039556231168,negative,0.16578389500280513
1337678043507269633,negative,0.08598584736841365
1337678044803321863,neutral,0.49789225920557484
1337678046703333377,positive,0.8224714379228116
1337678048129392644,negative,0.13419963476325844
1337678048351711232,negative,0.17530011606073342
1337678050796957697,negative,0.06070435798259481
1337678052852174848,negative,0.00019295356139209418
1337678057226776579,negative,1.3439554579945722e-07
1337678072238247936,negative,0.001021515730058111
1337678072724795394,negative,0.07986835619206756
1337678077015584768,negative,0.08859646997262219
1337678079553114112,negative,0.007342066844928977
1337678080421326848,negative,0.015485228993618625
1337678080555540486,negative,4.070703927605449e-05
1337678081411194880,neutral,0.3591248207924088
1337678085672456192,neutral,0.585573780420473
1337678086872109057,negative,0.007193183882766215
1337678090160451584,negative,0.030522099394245918
1337678096410030081,neutral,0.3657710083399395
1337678098121117697,neutral,0.33471875291187636
1337678099400503296,negative,0.0010856032749274943
1337678108980367362,negative,2.575422190679371e-06
1337678110389628930,negative,0.03202641747706919
1337678110817456128,negative,0.03369478856756084
1337678114214776836,negative,0.17530011606073342
1337678119407394816,negative,0.16578389500280513
1337678120166576130,negative,0.18951814815914053
1337678126420283392,negative,0.03370349508415006
1337678129687564292,negative,0.0002080220147425009
1337678140446007298,negative,0.00839843215687602
1337678146846461955,negative,1.2475009549480398e-05
1337678149824389120,negative,0.03394898921679303
1337678151351218179,negative,0.00314009688542848
1337678151539974144,negative,0.002068643068605966
1337678154517843968,negative,0.0004889566292669723
1337678156053041158,negative,0.2205337371491668
1337678158561206272,negative,0.0740672284626459
1337678168300212229,positive,0.9574307131512887
1337678171928408064,negative,0.32424837416346447
1337678173790670848,negative,0.016851650147678286
1337678178056368129,negative,0.001021515730058111
1337678181118119937,negative,0.08598584736841365
1337678184582578177,negative,0.07367643653826644
1337678186524635136,neutral,0.601571402756799
1337678188269465600,negative,3.2217881048486943e-10
1337678191331319808,negative,2.6335985806778033e-09
1337678202584641536,neutral,0.3591248207924088
1337678207122857984,negative,0.05468531300954404
1337678213737230336,negative,0.23301386777454466
1337678213774979072,neutral,0.649411544288528
1337678227503017985,negative,0.015500910411574611
1337678232385163264,negative,0.003448926479314966
1337678232540352512,negative,0.0001013914023718889
1337678233291075586,negative,2.1692812163519968e-05
1337678238496268288,negative,0.003448926479314966
1337678245932781568,negative,0.033727820130224115
1337678274835718145,negative,0.00839843215687602
1337678328006922241,negative,6.930164414416485e-07
1337678334356987905,neutral,0.585573780420473
1337678347275542529,negative,0.0001498824438567863
1337678351625056259,neutral,0.3913919011489233
1337678353285963776,negative,0.005572217195333224
1337678355769008129,negative,0.0001013914023718889
1337678358759530499,negative,0.06488363535098494
1337678362400215042,neutral,0.6387765042918215
1337678362622517248,negative,0.16226787143599483
1337678371640242177,negative,0.23301386777454466
1337678372789432321,negative,0.16690687945951835
1337678380880302080,neutral,0.49789225920557484
1337678399440105473,negative,0.01521210306263533
1337678403642724355,negative,0.0021449503946309755
1337678408017391617,negative,1.8244356091585263e-14
1337678413142908932,negative,0.015269581013288661
1337678414367649792,negative,0.003681759277919537
1337678422600978433,positive,0.7301441076056097
1337678439848013824,negative,0.03393340689562278
1337678439860596742,negative,0.051697083630233225
1337678444281417728,positive,0.9904251635169738
1337678449079709697,negative,0.006627621994443945
1337678451571118082,negative,0.2158933931838942
1337678453257232390,negative,0.03335459935619592
1337678453416587266,negative,0.027522133971584217
1337678459989086210,neutral,0.46127768308170247
1337678463327678464,negative,0.00023417371776823806
1337678464783159297,neutral,0.41769460490150073
1337678466255376385,negative,0.0023755730561380952
1337678483800121344,negative,1.3685733696741457e-09
1337678485515546626,neutral,0.3591248207924088
1337678485926666240,negative,0.04982769872552755
1337678502087118852,neutral,0.49789225920557484
1337678512073945088,negative,0.03292821712218045
1337678513634205702,negative,0.002166567418649897
1337678529958449153,positive,0.7553912209976141
1337678532651208706,negative,0.16918835143451255
1337678537017483264,negative,0.0004751941578190328
1337678544558829568,negative,1.2475009549480398e-05
1337678545229930502,negative,0.001361700084177073
1337678553127809025,negative,0.009481440968545122
1337678556504133632,negative,0.00021312294676825635
1337678568613146626,negative,1.8113959359497752e-06
1337678569456037891,negative,0.01612640202134797
1337678571838509056,negative,0.08014018464524426
1337678575600799744,negative,0.06255867424670097
1337678576724873217,negative,0.030719883196365913
1337678576762540033,negative,1.6780552099850438e-05
1337678576783601664,negative,0.037893501458038846
1337678587567120385,positive,0.9998908600166687
1337678591526662144,negative,1.2475009549480398e-05
1337678603052605440,negative,0.0072516751657127464
1337678620555419649,negative,0.2204672852836158
1337678630252634124,negative,0.029901478693034594
1337678634157477888,negative,0.000341439764326618
1337678635755581440,negative,0.04552469055008325
1337678638309908483,negative,0.0009868487468824973
1337678639530434560,negative,0.00839843215687602
1337678642206347264,negative,0.09994763428343999
1337678642877501440,negative,1.4685255864378864e-05
1337678646664785921,negative,0.0001498824438567863
1337678666462081025,negative,0.11654757110642917
1337678679435075585,negative,0.00026370661301612717
1337678679749455874,negative,1.01370530767374e-06
1337678688171794433,negative,0.003681921558537829
1337678688821907458,negative,4.6543015871069855e-10
1337678700326817792,neutral,0.5604661215400841
1337678706505080832,neutral,0.38296308218221364
1337678709856362497,negative,0.004922588634119246
1337678713153064960,positive,0.9129330157996524
1337678724062466048,negative,0.16578389500280513
1337678732325171200,negative,0.0058912144861646655
1337678733394763776,negative,0.0005299860774227592
1337678738918674432,neutral,0.5425813081463247
1337678740759990272,negative,0.00026370661301612717
1337678754785734656,negative,0.00984053481939074
1337678773085491201,neutral,0.49789225920557484
1337678777741156352,negative,0.05618638516445153
1337678779980902400,negative,0.00839843215687602
1337678792672874497,negative,0.0005851008783649797
1337678796040900609,neutral,0.5906949257029751
1337678800121958401,neutral,0.5788452707536879
1337678812885078017,negative,0.2041289408824083
1337678813128511490,negative,3.111932685168429e-05
1337678814651015169,negative,0.10590016800839762
1337678824151060482,neutral,0.46127768308170247
1337678833525411840,negative,0.0009141843427319368
1337678838055268352,negative,0.010579098783545281
1337678849430216704,negative,0.06609222862756312
1337678860138196994,negative,0.0009375322455179861
1337678868812066817,negative,0.00011251588636018633
1337678872565964805,negative,0.15632293244335396
1337678874491105281,negative,0.25510586853062006
1337678885530558467,negative,0.006627621994443945
1337678897182363648,neutral,0.5716876810964148
1337678906007150593,negative,0.0003089817584738841
1337678919475064835,negative,1.5470647881348042e-08
1337678921924571136,negative,0.23545510987804122
1337678922482388995,negative,0.0022554296520457986
1337678936357089282,negative,0.16578389500280513
1337678954233118721,negative,0.04179886049060823
1337678954849841155,negative,0.2222643278046453
1337678957710356484,negative,0.15944304448509208
1337678961938214912,negative,0.00020018340842626667
1337678967176826882,negative,0.01617295482499667
1337678979856134145,neutral,0.6301234559680013
1337678982347632641,negative,0.0038764093531715995
1337678984264421383,negative,0.002180127440407793
1337678996369268736,negative,0.06787395472711143
1337678999917637636,positive,0.9959284859497602
1337679002102886401,positive,0.7301441076056097
1337679006808879105,negative,4.0115281012784606e-07
1337679007458988033,negative,0.14782946423571985
1337679007530278912,negative,0.010579098783545281
1337679015096803328,negative,0.2511191433334133
1337679016355041281,negative,0.011301121832337979
1337679017676337152,positive,0.7933324262695012
1337679018334818304,negative,0.15897040304514196
1337679029877547008,negative,0.16578389500280513
1337679036210966528,negative,0.14908347779845935
1337679043576131584,negative,7.049653582148592e-05
1337679057866125313,negative,3.9478244282509045e-06
1337679059074113537,negative,0.01381149621184064
1337679060361760769,neutral,0.6080386821958005
1337679068356096006,neutral,0.4377896312766332
1337679078489513984,negative,0.03155137875862912
1337679080423108611,negative,1.2475009549480398e-05
1337679082948079616,neutral,0.3591248207924088
1337679090346647552,negative,0.2041289408824083
1337679097455992833,negative,0.004007914594328204
1337679102229303299,neutral,0.36139890682288156
1337679121527222274,negative,0.2348491550387056
1337679125750886402,negative,0.16578389500280513
1337679133187465217,negative,0.00018076398794697015
1337679135859240960,negative,0.03491433356793802
1337679136412880896,negative,0.00090904704370781
1337679136572252163,negative,0.16606031987079134
1337679141928390657,negative,8.5456953397497e-05
1337679145216724992,negative,0.1585420763461042
1337679147238371329,positive,0.9959284859497602
1337679157988352000,negative,1.5727151175637567e-05
1337679163474534400,negative,0.1585420763461042
1337679164984471553,negative,0.00020018340842626667
1337679169531092992,neutral,0.33539253482702225
1337679173779943424,negative,0.0001013914023718889
1337679173993844736,negative,0.005096214004551086
1337679178288664577,negative,0.03393340689562278
1337679179375124481,negative,0.17409404053844243
1337679180415311874,neutral,0.4478814827726608
1337679181514223617,negative,0.038369412524110524
1337679206314983429,negative,0.010932804608757786
1337679208605159426,negative,0.0011742656991126114
1337679222547099648,neutral,0.49789225920557484
1337679233875927042,negative,0.003448926479314966
1337679237185212423,negative,0.060149584456524026
1337679237885595648,negative,0.00839843215687602
1337679238477078528,negative,0.2041289408824083
1337679241933185024,negative,3.0136311352806466e-05
1337679255703007235,neutral,0.3459411217743327
1337679257422716934,negative,0.22167741763338927
1337679258873950210,negative,0.21243369869845127
1337679258928504833,negative,0.0015604982342394354
1337679264762695680,negative,0.008628473303714333
1337679278465544193,neutral,0.3591248207924088
1337679280298405888,negative,0.009780693199317295
1337679292134649857,negative,9.682917893027815e-06
1337679304122118145,negative,0.31937875454240916
1337679305204248576,negative,0.02739619318176731
1337679311407558658,negative,0.00018076398794697015
1337679311659261955,neutral,0.5162607379454979
1337679320043630593,positive,0.8692400001313588
1337679327970865152,neutral,0.38479533855209164
1337679336376250368,negative,0.0031644682004158767
1337679336850268162,negative,0.23545510987804122
1337679339555614720,negative,0.0005936760742026852
1337679340973199360,negative,5.0438194365310095e-05
1337679342839664640,neutral,0.49789225920557484
1337679343905075200,negative,4.937168651149962e-07
1337679348657229824,neutral,0.5316624617817726
1337679356135608321,negative,0.2025838475846269
1337679357310095365,negative,0.17769900815805376
1337679359054917633,negative,0.16578389500280513
1337679366763974657,negative,0.005845639653450512
1337679366956998656,negative,0.00839843215687602
1337679372640280576,negative,0.16578389500280513
1337679373760008193,negative,0.11878529144653675
1337679381129551873,negative,0.16578389500280513
1337679382568169477,negative,0.0001498824438567863
1337679386535931910,neutral,0.49789225920557484
1337679389434273792,negative,0.167879969285851
1337679394182213638,neutral,0.5533970533999424
1337679397592190976,neutral,0.5716876810964148
1337679411466919936,neutral,0.41769460490150073
1337679416038715392,negative,0.06379199207728453
1337679417330556928,negative,0.0008966377050066496
1337679436381102080,negative,0.07378461941158351
1337679438503415808,negative,0.08006636518281947
1337679438989971456,positive,0.8692400001313588
1337679445658902528,positive,0.9867848304006835
1337679462016708608,positive,0.9959284859497602
1337679467255304192,neutral,0.45961040069108783
1337679472435359744,negative,0.10806960777791046
1337679480895270912,negative,8.477753480264721e-07
1337679486406586368,neutral,0.45544447510229646
1337679486922481666,negative,0.15743893746816767
1337679489376145409,negative,0.0704535316600652
1337679491850788865,negative,0.1278831260560851
1337679492995821568,negative,0.10920595662265328
1337679498041565184,negative,1.2475009549480398e-05
1337679507159994368,neutral,0.3972102098320385
1337679524541190151,negative,0.16578389500280513
1337679532896247809,negative,1.2475009549480398e-05
1337679545214722053,negative,8.527338443395568e-05
1337679551921594374,negative,0.2158933931838942
1337679558926069763,neutral,0.5614152023143125
1337679573786501121,neutral,0.5882292923460845
1337679575338393600,negative,0.03335459935619592
1337679576219217928,negative,0.00028901067168613144
1337679578429534209,negative,0.00839843215687602
1337679579763404801,negative,0.22561333375529458
1337679580019240961,neutral,0.3865058661810235
1337679585161441280,negative,0.02444956007290104
1337679585819947008,negative,1.2475009549480398e-05
1337679589599043584,positive,0.9222376118347777
1337679590190440449,negative,0.00839843215687602
1337679598490890240,negative,0.10404495241321535
1337679607445803009,neutral,0.38479533855209164
1337679616849424384,negative,0.11211103084693533
1337679619613478912,neutral,0.5734576952979002
1337679620511031296,negative,0.0008677442367771757
1337679622574489601,positive,0.9633894245446962
1337679623635824646,neutral,0.49789225920557484
1337679628346019841,negative,1.2475009549480398e-05
1337679634276749312,negative,0.16578389500280513
1337679635308556289,negative,0.016939697620713026
1337679640190722048,negative,0.12322374059022631
1337679644439568385,negative,0.002052375921321386
1337679645022498821,negative,3.096302854637627e-09
1337679647182622726,negative,1.1449466967698451e-10
1337679647581085696,neutral,0.3647864478968596
1337679650236084224,negative,0.06203998051497011
1337679650345119745,negative,0.0498760309843485
1337679657278316546,negative,0.02347398069777232
1337679660902207489,negative,0.050852189874975064
1337679663402004480,neutral,0.4497396192848212
1337679666052739072,negative,0.16578389500280513
1337679667034267649,negative,0.3269244927301885
1337679678774112260,neutral,0.36733294409994255
1337679679269052419,negative,0.0017082342356005316
1337679680447582208,positive,0.9453233537439343
1337679688429412353,negative,0.00023530588581318382
1337679694297231360,negative,0.008314434076005585
1337679695773659136,negative,0.047815563495717806
1337679709388279808,negative,0.00839843215687602
1337679710470479873,negative,0.058164364403006485
1337679713700106240,negative,0.06632241434711113
1337679714882899974,neutral,0.5316624617817726
1337679716619333632,negative,0.16578389500280513
1337679720398409730,neutral,0.5316624617817726
1337679751633203201,positive,0.9867848304006835
1337679757677383681,negative,0.014014368345580248
1337679759573073920,negative,8.667591662362107e-05
1337679759891902464,negative,9.947206415943815e-11
1337679760395296768,negative,0.015491835732138722
1337679766032424960,neutral,0.366028999624329
1337679776027439104,neutral,0.3334406455714633
1337679776685961216,positive,0.9959284859497602
1337679778133004288,positive,0.9762733455049041
1337679779001143296,negative,0.11211103084693533
1337679783182934021,neutral,0.36540136312492927
1337679784550297601,negative,0.16578389500280513
1337679785955373056,negative,0.00019151489106415337
1337679787247230976,negative,0.05961449349631473
1337679790401343489,negative,0.004740826658642988
1337679806859784193,negative,1.8640955222089687e-06
1337679811007959040,neutral,0.4327070111339347
1337679821531455488,negative,0.03950024054454663
1337679831408971777,negative,0.001232352617451016
1337679836589019137,negative,0.012335941008244136
1337679838547734529,negative,0.00839843215687602
1337679841450217472,neutral,0.5533970533999424
1337679847808700417,negative,0.17477476341484882
1337679852011466757,negative,0.048000231208495656
1337679875625398273,negative,0.0001013914023718889
1337679876963377152,negative,0.00839843215687602
1337679887621103616,negative,0.006032185005752065
1337679888090804226,negative,0.0005710732131761464
1337679888921276416,neutral,0.6322461829296104
1337679892918525952,negative,0.0005514413790934512
1337679904058511360,negative,0.00012370133701125545
1337679921120948226,negative,0.07202114239746939
1337679927127269376,negative,6.768839683595305e-10
1337679929211805697,negative,0.00011237756217593112
1337679940184141825,negative,0.29586119075248807
1337679940851027971,negative,4.160652983033715e-05
1337679948824326144,negative,0.0001281160580905273
1337679951907131392,negative,0.16578389500280513
1337679960287350787,negative,0.23545510987804122
1337679961273098242,negative,0.2041289408824083
1337679961679912960,negative,0.0006820360447397382
1337679972358610944,negative,0.16578389500280513
1337679976888487937,positive,0.7301441076056097
1337679977807011841,negative,0.0002397418042031057
1337679992755458049,negative,0.0036761485454591914
1337679993137213443,positive,0.9993808428651104
1337679994177380354,negative,0.22375639780889287
1337679995288875009,positive,0.6614436305735804
1337679996467486720,positive,0.7301441076056097
1337679997293780993,negative,0.2369710931082333
1337679999072153600,negative,5.063026884765128e-05
1337680000800215040,neutral,0.49789225920557484
1337680023621406720,negative,7.962213057510395e-06
1337680026792321024,negative,0.0005936760742026852
1337680027060727809,neutral,0.3319189255312339
1337680030894333954,negative,0.07336507695841565
1337680037450047488,negative,0.00839843215687602
1337680051148644352,negative,3.6942890924354823e-06
1337680053241516033,negative,4.153230509364686e-06
1337680065056940034,neutral,0.49789225920557484
1337680069393854466,neutral,0.5278451048448968
1337680089203548161,negative,0.10622451022228793
1337680092215078917,negative,0.00839843215687602
1337680093011963904,negative,0.009473324329199598
1337680109575213057,negative,0.0014877088099076194
1337680122086895616,positive,0.9867848304006835
1337680127073906688,negative,0.2364592034750391
1337680128193818624,negative,7.51537510138573e-08
1337680132979376128,negative,9.274928596907304e-06
1337680133847703552,negative,0.16578389500280513
1337680141116448770,neutral,0.48728019602140255
1337680141934321664,positive,0.8413909344726712
1337680143142318080,negative,7.962213057510395e-06
1337680145998630913,negative,0.16578389500280513
1337680149156945920,negative,0.0001013914023718889
1337680150968885248,negative,0.00090904704370781
1337680154076860416,negative,0.021825457820308508
1337680155825803264,negative,0.00018076398794697015
1337680174737985536,negative,0.2722334440759191
1337680177619460096,negative,0.04398157711170636
1337680182346469376,neutral,0.49789225920557484
1337680193528492033,negative,0.15944304448509208
1337680199891218437,negative,0.004621380048017481
1337680207004770307,negative,0.16578389500280513
1337680210133716994,negative,1.2475009549480398e-05
1337680210481864704,negative,0.2336535718766053
1337680211152781313,neutral,0.44758192259577423
1337680211849203716,negative,1.2475009549480398e-05
1337680217779933184,neutral,0.49789225920557484
1337680219579297792,neutral,0.49789225920557484
1337680219910545408,negative,0.00010558245016167655
1337680220594315266,negative,0.025966952159334748
1337680224163667974,negative,0.025966952159334748
1337680225107406848,negative,1.1376939879983658e-05
1337680227774894080,negative,0.020211619846360534
1337680230677360640,negative,0.2205337371491668
1337680237858009088,neutral,0.4894886660404289
1337680242907832320,neutral,0.49789225920557484
1337680243134521346,negative,0.1566207698371961
1337680243625259008,negative,0.28056667663675144
1337680243797209089,positive,0.7202269230841419
1337680244866740226,negative,0.0015604982342394354
1337680246728925185,negative,0.020211619846360534
1337680248067002368,negative,3.2736380160728994e-05
1337680248146628609,negative,1.2475009549480398e-05
1337680261719449600,negative,2.3495250172019586e-11
1337680263392997376,negative,0.16578389500280513
1337680269797683202,negative,0.010320231446011024
1337680272595279872,negative,0.02421532909208141
1337680275761995777,neutral,0.49789225920557484
1337680279880814593,negative,0.16733962349136758
1337680287732551680,negative,0.007887296450198865
1337680288038735877,neutral,0.3972102098320385
1337680288986636289,neutral,0.49789225920557484
1337680289741615104,negative,0.16578389500280513
1337680302290964480,neutral,0.5189682163853702
1337680304652361729,negative,0.00026653877072235646
1337680311275098112,negative,0.16578389500280513
1337680313930174465,positive,0.7530299049772959
1337680314563502080,negative,0.16578389500280513
1337680316731813888,negative,0.035831727025179325
1337680317243666433,negative,0.001232352617451016
1337680318472589317,negative,0.09491460831067501
1337680326517252097,negative,0.3040758696569161
1337680328475885568,negative,0.11155466549964688
1337680330334105601,positive,0.9928159534982206
1337680331143585792,negative,0.2204672852836158
1337680343181254656,positive,0.9867848304006835
1337680345865576448,negative,1.079442542310297e-05
1337680349162303488,negative,5.481541579494162e-07
1337680349304905729,negative,0.20590793344853234
1337680355973849088,negative,0.16578389500280513
1337680359933300743,negative,0.00017665377790918643
1337680360478547968,negative,0.09844158010986483
1337680365641732097,positive,0.9867848304006835
1337680365918543873,negative,0.09491460831067501
1337680368569380864,negative,0.010038980996470558
1337680369777319936,negative,9.52444718170734e-05
1337680370221916161,negative,0.2511191433334133
1337680375510917125,negative,7.972633252511327e-08
1337680413255405571,neutral,0.49789225920557484
1337680414044008451,negative,0.0001013914023718889
1337680415004512258,negative,3.798875362036975e-05
1337680418775199745,neutral,0.49789225920557484
1337680428724080640,negative,0.02836304235596283
1337680449074847745,negative,7.962213057510395e-06
1337680450073088003,negative,0.10883891523850515
1337680457329238016,negative,0.1935404766117299
1337680460093198336,negative,0.03570801699407201
1337680461133385735,negative,9.044915334190089e-05
1337680467261272065,negative,0.0016980764677559561
1337680468775473153,negative,2.5774967573668882e-05
1337680469694013440,negative,1.8965817116296926e-06
1337680479118618624,negative,2.587983826192389e-05
1337680481601646595,positive,0.8673119980952575
1337680488157376519,negative,0.007301624551057952
1337680489210122240,negative,0.05091885573257965
1337680489537126400,negative,7.962213057510395e-06
1337680492573945856,negative,0.0034399879142060774
1337680499070922752,negative,0.029076029934906593
1337680503525302274,negative,0.22375639780889287
1337680510471036929,negative,0.026831516399789635
1337680511418949634,neutral,0.49789225920557484
1337680521325776897,negative,3.0063320101916115e-08
1337680524647796736,neutral,0.4662169283079212
1337680529362186240,negative,0.03950024054454663
1337680530880532482,negative,0.0008707657286101692
1337680539415945218,negative,7.962213057510395e-06
1337680541953503232,negative,0.03570801699407201
1337680543362723840,negative,0.011609961793364999
1337680545904472064,negative,0.11211103084693533
1337680550123991040,negative,0.004922588634119246
1337680559892553728,negative,0.16578389500280513
1337680561079463937,negative,0.0009801853871223313
1337680563088617473,negative,0.26640278671664924
1337680564233572353,negative,0.027165983865728646
1337680564594372615,negative,9.910649535748356e-06
1337680576980115457,negative,0.29239857582964224
1337680577244372993,negative,0.029076029934906593
1337680587427991554,negative,3.4888606399998397e-07
1337680590317862912,negative,4.231558296127396e-06
1337680599566475265,positive,0.7301441076056097
1337680602892398593,neutral,0.49789225920557484
1337680605648183297,neutral,0.3591248207924088
1337680606407307264,negative,0.2364592034750391
1337680608949116929,negative,0.05106637002907062
1337680612396658689,negative,0.0002954372534204198
1337680614410031105,negative,0.17266990127216258
1337680618612723712,negative,0.000838316337736227
1337680623260020736,negative,0.00013235000304668784
1337680626602881024,negative,0.03335459935619592
1337680629887066114,negative,1.6522777309807963e-05
1337680658894819328,negative,0.06734235036866783
1337680662808104963,negative,0.1031721729506594
1337680671565881344,negative,0.01394175949181792
1337680675168800768,negative,4.7051339984977854e-07
1337680682420727813,negative,0.027202840763957705
1337680694877810689,negative,0.001232352617451016
1337680696173846528,negative,7.362727699280957e-12
1337680698258370560,negative,0.0051266231507236535
1337680701563547648,negative,0.13292893813807471
1337680703895564289,neutral,0.3591248207924088
1337680704298160130,negative,0.10806960777791046
1337680704512143361,neutral,0.5505550505941735
1337680712112234497,positive,0.9936063601361582
1337680713756315649,neutral,0.37711049937988483
1337680715090194434,negative,0.16578389500280513
1337680717510291456,negative,8.31771847388572e-05
1337680723038195715,negative,0.0020878673604388465
1337680729040359430,negative,0.000838316337736227
1337680733540929536,neutral,0.4377896312766332
1337680739459100673,negative,0.009374562583458645
1337680742919380999,negative,0.00026370661301612717
1337680744253165571,negative,0.22375639780889287
1337680747231129604,negative,0.0175675294998906
1337680747679932416,negative,0.3097887994341348
1337680759717568512,negative,0.21181418624784984
1337680773067976704,negative,0.09994763428343999
1337680784854036480,negative,5.129809538381848e-06
1337680790193377280,negative,0.009570885905043229
1337680793792114691,negative,0.00021312294676825635
1337680802096746496,negative,3.9478244282509045e-06
1337680806475685891,negative,0.16578389500280513
1337680814604218368,negative,0.015521231763636772
1337680815426334721,negative,0.11211103084693533
1337680829695356928,negative,0.16578389500280513
1337680830731268096,negative,0.0003089817584738841
1337680834141282304,negative,0.16578389500280513
1337680853942546434,negative,0.15008095496472415
1337680858526994432,negative,1.5470647881348042e-08
1337680861970505728,negative,0.15944304448509208
1337680867976769538,negative,0.015243753721691955
1337680873919971329,negative,0.2041289408824083
1337680874809208833,negative,0.26923910198705725
1337680876440842242,negative,0.0036761485454591914
1337680878269509634,negative,0.001232352617451016
1337680879796314112,negative,0.0056306341113617955
1337680882711326721,negative,7.962213057510395e-06
1337680887463497729,negative,0.0009261428374731215
1337680893624922114,negative,0.16578389500280513
1337680894467956738,neutral,0.36733294409994255
1337680896611282944,positive,0.9867848304006835
1337680897710174209,negative,0.01562611422909935
1337680900474155008,negative,0.015521231763636772
1337680911303892994,negative,0.03393340689562278
1337680915909271553,negative,0.00018076398794697015
1337680916546805761,negative,0.0033393521068919635
1337680920703283201,negative,0.016452031682330958
1337680937358921730,negative,0.0033393521068919635
1337680937509933057,neutral,0.6453399236198077
1337680939695149058,negative,0.03370349508415006
1337680939795828736,negative,0.08110039295011122
1337680940848582657,negative,0.056587625499765544
1337680952299057152,negative,6.599557060067579e-07
1337680954794463235,negative,0.0002701670019225707
1337680955880984577,negative,1.5491767661570619e-07
1337680964479283201,neutral,0.4047214283799102
1337680973840920576,negative,0.3228100121061257
1337680984951709697,negative,0.0005772812877020384
1337680985593266176,negative,0.00839843215687602
1337680987111743490,negative,0.16578389500280513
1337680988806197249,negative,0.015521231763636772
1337680990659989505,negative,0.152753869224487
1337680993822658565,negative,0.03950024054454663
1337680997865885696,negative,0.004134534032030424
1337681004136456192,negative,0.0033393521068919635
1337681005877075969,negative,0.00028206497947212326
1337681011677810689,negative,0.0042760168186535994
1337681016551563266,negative,0.2836877314068293
1337681041142796289,negative,9.113006838337306e-06
1337681042552008708,negative,0.2204672852836158
1337681043512569856,negative,0.16578389500280513
1337681050370248704,positive,0.9379740733496795
1337681059291430912,negative,0.020493798741450985
1337681072478367745,negative,0.0001013914023718889
1337681072491012096,negative,0.03276964783094567
1337681074516791297,negative,0.00012510108945194725
1337681075859038210,negative,0.004740826658642988
1337681081412313089,neutral,0.41374922618725635
1337681110252326913,negative,0.16578389500280513
1337681115629330432,negative,3.7606879453289245e-05
1337681116090822658,negative,0.16578389500280513
1337681116296253441,negative,0.16578389500280513
1337681126832414720,negative,0.0038570096506673254
1337681127943782400,negative,0.0029835653771513194
1337681133149057030,negative,0.00839843215687602
1337681137976619009,negative,0.0050834676489959875
1337681138685456384,negative,8.624824694421117e-07
1337681141617356800,negative,7.217995671767112e-07
1337681143429206016,negative,0.16578389500280513
1337681147183181826,negative,0.16578389500280513
1337681148495982592,negative,0.042862608420530746
1337681151868215298,negative,0.0005514413790934512
1337681151935320064,negative,0.006384959855994729
1337681153474621440,neutral,0.44313915645775864
1337681157111091201,positive,0.9530384836539108
1337681160999211009,negative,2.808120810888893e-12
1337681162026819585,negative,0.042314372075916276
1337681165331951618,negative,0.08306574996055795
1337681169702391809,negative,0.00028206497947212326
1337681170402828288,negative,0.0066802528948279455
1337681171153641475,positive,0.7301441076056097
1337681171552071681,negative,0.16578389500280513
1337681173837979649,positive,0.7583654096652469
1337681177084186624,negative,0.013296083386045666
1337681180397694977,negative,2.6171501345155305e-05
1337681181266079744,negative,0.2146913753268129
1337681185695297539,negative,0.08106434289487681
1337681187918254080,negative,0.031492538734706775
1337681190241923073,negative,0.01232176908325782
1337681191848325121,negative,0.16578389500280513
1337681193056276482,negative,0.00018995871656932658
1337681196407459840,negative,0.0001013914023718889
1337681197313515520,negative,0.0003571589828987047
1337681197623861251,negative,0.001021515730058111
1337681197787312130,positive,0.9574307131512887
1337681198429122561,negative,0.017901961818191307
1337681202703175680,positive,0.7254578650449912
1337681207648276480,negative,0.16578389500280513
1337681210781339648,negative,0.002924415358776693
1337681214824730624,negative,0.15743893746816767
1337681217102155778,negative,0.09201631773087558
1337681218507255810,negative,0.042862608420530746
1337681218733797377,negative,0.06276464535589751
1337681218897375233,negative,1.0521456879933904e-07
1337681227046936578,negative,0.00669066143269705
1337681231635509249,negative,0.004109489505056844
1337681237889179650,negative,1.2621993462322629e-05
1337681237951930368,positive,0.9476854763459109
1337681238107238401,negative,0.00839843215687602
1337681243614404610,negative,0.10445300136530959
1337681251721998336,negative,1.2475009549480398e-05
1337681252963520512,negative,4.886542209045467e-09
1337681257682100225,negative,0.015485228993618625
1337681259628273664,negative,6.519122107633568e-10
1337681264845987842,negative,0.0042760168186535994
1337681270671872001,negative,0.023570819818336846
1337681272295055360,negative,0.00825990676587027
1337681273180090372,negative,0.001021515730058111
1337681273217757184,negative,0.015521231763636772
1337681275226890246,positive,0.9904251635169738
1337681276556500993,negative,0.0001013914023718889
1337681277583908866,negative,9.989141280808953e-06
1337681278028615680,positive,0.7896308023335322
1337681279886778369,positive,0.9544361471685745
1337681283430887427,negative,0.16578389500280513
1337681288740868096,negative,0.22561333375529458
1337681290020188160,negative,0.16578389500280513
1337681291131629569,neutral,0.3319189255312339
1337681292096393218,negative,0.0039513643941477584
1337681292457103362,negative,5.800231782687274e-08
1337681293639905283,negative,4.070703927605449e-05
1337681294898196482,negative,1.7147493094112598e-07
1337681295351164928,negative,0.014238835694036351
1337681296164794369,negative,0.00022720624612612884
1337681297406353408,negative,0.14862867855199022
1337681301630038017,negative,0.0736401149528525
1337681301940424704,negative,0.002442893675595616
1337681301948796932,negative,0.0661350545236162
1337681306432524289,negative,0.0630212520304453
1337681309775376385,negative,5.246803494653547e-07
1337681311755083776,neutral,0.45824083163617646
1337681312291966976,negative,6.070007834833749e-11
1337681312812044288,positive,0.9867848304006835
1337681316645638145,negative,0.14480807134198223
1337681316779855872,negative,0.16578389500280513
1337681320370171905,negative,0.025465061621035245
1337681322765144065,negative,0.008787525787110336
1337681323733999616,negative,7.962213057510395e-06
1337681327341133824,negative,2.37025005946139e-06
1337681328461017089,negative,0.0024855115665985334
1337681328981094401,neutral,0.36789534734835905
1337681330285514752,negative,0.10445300136530959
1337681330679771136,negative,0.0007506256691491096
1337681332718202881,negative,0.00825990676587027
1337681334018461696,negative,0.00127868834944127
1337681342574731265,neutral,0.5497018517611811
1337681342763577344,positive,0.706944478413473
1337681345317842944,negative,0.01574095768243637
1337681346135781378,neutral,0.3405406161965686
1337681352095838213,negative,0.001021515730058111
1337681352754417664,negative,0.18043814492210541
1337681355157762050,negative,0.058164364403006485
1337681355505807360,negative,0.2160949452828276
1337681356336234503,negative,1.01370530767374e-06
1337681357644959744,negative,0.09343565429787228
1337681358890692613,negative,3.242766622882734e-05
1337681360744570881,negative,9.18728005522303e-08
1337681363844165633,neutral,0.6050538913673645
1337681366561984514,positive,0.984029066888512
1337681368877330432,negative,0.02196893992580256
1337681370773155840,negative,6.0199054843282114e-06
1337681372987723777,negative,0.00035370966608018413
1337681373637832704,negative,0.2204672852836158
1337681374640140288,negative,7.858148781083861e-06
1337681375399391232,negative,0.02356776898558664
1337681377001607170,negative,0.0002444339163640196
1337681377114939392,positive,0.8029181476143851
1337681378297655296,negative,4.475432040760892e-06
1337681380407447552,negative,0.007003541063308216
1337681383167324161,negative,8.341806812373126e-05
1337681384693968896,negative,3.246827825345747e-07
1337681385239277571,negative,0.0011066231551369937
1337681385910308864,negative,0.0002329097463188662
1337681387239989248,negative,0.07524301783372564
1337681388917698561,negative,0.010731137945346204
1337681389311942656,negative,0.00019295356139209418
1337681391228751873,negative,0.016362631984448886
1337681393250349058,negative,2.032447903579725e-07
1337681395204968448,negative,0.0056098875820214415
1337681398342316033,positive,0.9999847329804783
1337681399453687813,negative,7.962213057510395e-06
1337681399881543680,negative,2.350985462253375e-06
1337681401378988033,positive,0.9873250879095887
1337681401794195459,negative,4.098876693559048e-07
1337681404365312002,negative,0.0045919605418635505
1337681405699108864,negative,0.002391433951136081
1337681407666249729,negative,0.13656389277562075
1337681408345714688,negative,0.0007166202574227382
1337681409381691393,negative,0.035694566503075315
1337681410379943936,negative,0.012805426983670052
1337681412229574656,negative,0.0002486475676280508
1337681415966777344,negative,1.8543124750540386e-08
1337681416553893888,negative,0.2992668245860008
1337681419146063872,negative,0.3172330664063195
1337681419393355777,negative,1.2743830220231628e-06
1337681420563566592,negative,2.0415641446063631e-10
1337681429191405568,negative,0.0025851904608158545
1337681436850024451,negative,1.1521154878391618e-09
1337681438414663680,negative,0.014238835694036351
1337681441665191936,negative,0.0025375798252665676
1337681446941626368,neutral,0.3591248207924088
1337681450435567620,negative,0.16578389500280513
1337681452352241664,negative,0.00105267993669513
1337681455695208449,negative,0.1461052126651744
1337681464960327680,negative,0.0046868465931282945
1337681470266159104,negative,0.0001543105244846752
1337681472401133568,neutral,0.49789225920557484
1337681480122830849,negative,0.0001281160580905273
1337681481058168833,negative,0.11310257210245594
1337681482307891200,negative,0.10445300136530959
1337681483713097729,negative,0.0001281160580905273
1337681483952222209,negative,0.1546745227752901
1337681489157353472,negative,1.7836874693859608e-07
1337681496950312960,negative,1.2475009549480398e-05
1337681497998979073,negative,0.0004535114670565371
1337681499492151297,negative,0.015521231763636772
1337681501937393664,negative,0.12242845693432643
1337681513635344384,negative,0.0003288984655362324
1337681517808672768,negative,0.2421460889593722
1337681520505593857,negative,0.05146051523071242
1337681522778918913,neutral,0.49789225920557484
1337681528529227777,negative,0.22344535951338731
1337681533344362503,negative,0.2369710931082333
1337681535789649920,negative,0.1072853374456532
1337681537001684993,negative,0.029134694146277326
1337681537555435521,negative,0.00011198541176315903
1337681542131363840,neutral,0.3475457617976606
1337681550448631809,negative,3.5821958323748415e-05
1337681553074376704,negative,0.001021515730058111
1337681558619250688,negative,0.167879969285851
1337681559613186050,negative,0.00825990676587027
1337681562855481346,negative,6.816827402840484e-05
1337681566093496321,neutral,0.3657710083399395
1337681568220000256,negative,0.0003063592697705543
1337681580828057602,negative,0.015521231763636772
1337681582769967106,negative,0.061914978383129524
1337681589417992192,negative,0.015521231763636772
1337681605167607808,negative,0.0003288984655362324
1337681607088549888,positive,0.6960477520099888
1337681608380444673,negative,0.015521231763636772
1337681609143721984,neutral,0.44054615157121163
1337681613015158784,negative,9.808881665548908e-06
1337681616727142400,negative,0.0006811927958727944
1337681617192620033,negative,0.06339567127969255
1337681621621870592,neutral,0.47697210391394973
1337681624411082752,negative,0.03319654939169197
1337681626030104576,negative,0.011903755751601953
1337681628169113600,neutral,0.5753682640398093
1337681630333427712,neutral,0.5716876810964148
1337681630337654784,positive,0.7078609037202103
1337681632829067266,positive,0.9568809016349838
1337681640542318593,negative,0.1697251056258423
1337681661065109506,negative,0.024985260952058327
1337681662176587777,neutral,0.45961040069108783
1337681664277962753,neutral,0.555405182051321
1337681664328261636,negative,0.003448926479314966
1337681664521228291,neutral,0.46318326475361027
1337681669449543680,negative,0.02421532909208141
1337681671060135936,negative,0.0001498824438567863
1337681671940878336,negative,0.00825990676587027
1337681672947576834,negative,0.022572557197067033
1337681676571467777,negative,0.2719183686992666
1337681677687140352,negative,0.00026169713054606514
1337681682808397826,negative,2.0154512216057737e-07
1337681683215245314,negative,0.001647239205514995
1337681683659841536,negative,0.002141647039277333
1337681685924749313,negative,9.152293415343781e-06
1337681688743321600,negative,0.00905142363208876
1337681689854742530,positive,0.9959284859497602
1337681695127048193,negative,0.1324251921584709
1337681702848786432,negative,0.006272529713249557
1337681707022028800,neutral,0.33677065988963156
1337681707466690566,negative,0.00044148902199558725
1337681708565614592,negative,0.23752214627699927
1337681710520160256,negative,0.015521231763636772
1337681719764389888,negative,0.09336819139831805
1337681726764703745,negative,5.528645470977382e-05
1337681730883350529,negative,0.14973400967620262
1337681732666077184,negative,0.11204159286214814
1337681735916654594,negative,0.007815397962316405
1337681740425465857,negative,1.202443840436776e-07
1337681743915184130,neutral,0.6494282118085266
1337681745555152898,negative,0.02240874459016469
1337681748013019137,negative,0.23388362191246856
1337681749816578048,negative,0.13410446658347383
1337681750105989122,neutral,0.4047214283799102
1337681754983968774,neutral,0.5468353340593204
1337681757408256001,negative,0.05988956387958605
1337681758561705985,negative,0.08707261567706774
1337681760671436801,negative,0.03394898921679303
1337681761774481409,negative,0.08006636518281947
1337681762403704833,negative,0.017815038018265422
1337681764265889795,positive,0.7301441076056097
1337681764391718913,negative,0.16733962349136758
1337681768757997569,negative,7.962213057510395e-06
1337681768917454848,neutral,0.3334406455714633
1337681771824099328,negative,0.2529590011819689
1337681776500731904,negative,6.2333128788060445e-09
1337681777842860032,negative,0.16578389500280513
1337681779000553473,negative,0.06542776430660013
1337681779898068993,negative,5.94842975593051e-06
1337681782238547968,negative,0.01334565524632203
1337681783714930691,neutral,0.49789225920557484
1337681786244050944,negative,0.11901402152129337
1337681787519197184,negative,3.295530431302643e-08
1337681788597129216,negative,0.0065602254964225
1337681790274662400,negative,0.32951896196786884
1337681792413872128,negative,0.0002449536242511373
1337681795849056256,neutral,0.5716876810964148
1337681796008382466,negative,0.14908347779845935
1337681798164336640,negative,0.006384959855994729
1337681799502245888,negative,1.7399713497066275e-08
1337681801574232064,positive,0.9527125882639778
1337681804665491459,negative,0.2530504706836792
1337681806179577856,negative,0.005946026842202357
1337681806741663744,negative,0.08014018464524426
1337681810755612672,negative,0.05091885573257965
1337681812361981952,negative,0.004704042029089302
1337681817449738240,neutral,0.49789225920557484
1337681817533620224,negative,0.16578389500280513
1337681821358809088,negative,1.2475009549480398e-05
1337681824949153798,negative,0.018145415211949536
1337681825028734977,negative,0.00023417371776823806
1337681830623973376,negative,0.17530011606073342
1337681834256310275,negative,0.16733962349136758
1337681844175859719,negative,1.1720993828191864e-06
1337681847959121928,negative,0.0729818807110163
1337681848537903104,negative,0.0016057986289182854
1337681851780116480,negative,0.23545510987804122
1337681855219380225,positive,0.9327003568886397
1337681856339316738,negative,0.002627484149434294
1337681856809070593,negative,5.9681698727740665e-05
1337681856964210688,neutral,0.5614152023143125
1337681858071588864,negative,0.035694566503075315
1337681858948182019,neutral,0.3591248207924088
1337681860193898497,negative,9.001437648869348e-06
1337681861376684035,negative,0.11246911309552861
1337681865239650304,negative,0.29148119533050076
1337681865478647808,negative,0.24931284235662854
1337681867626209282,neutral,0.3591248207924088
1337681871816314880,negative,0.1621102997463076
1337681872713748480,negative,0.0736401149528525
1337681873389154305,negative,0.17049253340523368
1337681873397555202,negative,0.00019295356139209418
1337681879101808641,negative,2.537412852218705e-07
1337681881282834432,negative,0.24139143402839927
1337681882755047424,negative,2.9842522198475155e-05
1337681888027217920,negative,0.000876366774248716
1337681889193242624,negative,0.1829777575905709
1337681889453363203,negative,0.001021515730058111
1337681891160449024,negative,0.029134694146277326
1337681896600461312,negative,1.2475009549480398e-05
1337681906641592322,negative,0.27840578720727693
1337681909548277762,negative,0.002924046061234762
1337681910588469250,negative,2.9467791465900665e-17
1337681911653785600,negative,0.003205503206717334
1337681917551013889,negative,0.0002581611927813864
1337681918985441280,negative,0.23559452850870796
1337681919287422976,negative,9.347763895561296e-05
1337681920025645056,positive,0.9574307131512887
1337681920180842502,neutral,0.3403391890910929
1337681921648844801,neutral,0.4507454498615163
1337681921833398272,negative,0.00839843215687602
1337681922470842368,negative,2.836197438803224e-05
1337681925083951107,neutral,0.35509496682161057
1337681926157705218,negative,5.063026884765128e-05
1337681930192637952,positive,0.6824837810859113
1337681932633731073,positive,0.8468036376526413
1337681934399442944,negative,0.018145415211949536
1337681939784986626,negative,0.0003637554763172282
1337681940066017280,negative,0.042862608420530746
1337681940439322625,neutral,0.3319189255312339
1337681945346633729,neutral,0.4507454498615163
1337681946437160964,negative,0.015351630615822369
1337681947338870786,negative,1.0790891863829458e-06
1337681948173606912,negative,0.023699626292859606
1337681949926813698,negative,0.2577703146054251
1337681950090416128,negative,0.021523831531122934
1337681950811824128,negative,0.015521231763636772
1337681957132644353,negative,0.29148119533050076
1337681959292694528,negative,5.9681698727740665e-05
1337681960307732481,negative,2.2831195331040275e-05
1337681960781688832,negative,0.1352114588900243
1337681966284550144,positive,0.7568478360128469
1337681966645338113,negative,0.030522099394245918
1337681970336309249,negative,0.015485228993618625
1337681971753877505,neutral,0.49789225920557484
1337681971967889408,neutral,0.35896395885542187
1337681972655759360,neutral,0.5543331771886247
1337681982298394625,negative,0.0005719781898439768
1337681984206802946,neutral,0.5497018517611811
1337681988959014912,negative,0.0030966372698381472
1337681989328130049,negative,0.030522099394245918
1337681990888415232,negative,0.043082804476786855
1337682000703008770,negative,0.015500910411574611
1337682001667756032,negative,0.007575786276527957
1337682002787577857,negative,0.03319654939169197
1337682004603785217,negative,5.9681698727740665e-05
1337682006071656449,negative,0.16657463245502682
1337682008567410688,negative,0.043082804476786855
1337682013000699905,negative,0.00019295356139209418
1337682018625331200,negative,8.8986874080733e-06
1337682018788909057,negative,5.9681698727740665e-05
1337682019581632513,negative,0.2956640864219805
1337682031308845058,negative,0.015521231763636772
1337682034244857861,neutral,0.6481765249852828
1337682037059235840,positive,0.7254578650449912
1337682040611893249,negative,0.12448015600405017
1337682042503434240,negative,0.011952459576505536
1337682046219587584,negative,1.2475009549480398e-05
1337682048211972096,negative,0.02769118423713598
1337682049277321216,negative,0.296076189426509
1337682059532365824,positive,0.9473459228421592
1337682064984821761,negative,0.007063856152404771
1337682067983900673,negative,0.16578389500280513
1337682071179890688,neutral,0.36733294409994255
1337682081053229057,negative,1.2475009549480398e-05
1337682086552088578,negative,0.0006675007340183676
1337682098333884417,negative,0.027287377156147326
1337682098870693890,negative,0.2158933931838942
1337682100707872769,negative,0.03276964783094567
1337682105657139201,negative,0.029076029934906593
1337682123315142658,negative,8.8986874080733e-06
1337682125567516675,negative,2.8948737384354093e-13
1337682127350079494,negative,0.005832065552489306
1337682129061294081,negative,0.0029488561182203013
1337682140092305409,negative,0.0014412025954377505
1337682140838944770,negative,0.003616711563704259
1337682141023498244,negative,0.004740826658642988
1337682142030163968,negative,0.2422765948377182
1337682143905013761,negative,0.08119283789984756
1337682145641435136,negative,0.015521231763636772
1337682146601938944,negative,0.09447160059967298
1337682147684052992,negative,0.07964830142679458
1337682148250312705,negative,1.822633193504319e-07
1337682165761380354,negative,0.09813908322994216
1337682169645424641,negative,0.02421532909208141
1337682176696066049,negative,0.08598584736841365
1337682180558897152,negative,0.00011198541176315903
1337682185235689472,negative,0.2158933931838942
1337682200733442049,negative,0.003128810844083692
1337682201593450496,negative,0.16578389500280513
1337682202004500480,negative,9.71526324070409e-07
1337682210221039617,negative,0.0011034357564899244
1337682214960717824,negative,0.00045174897514143686
1337682215187177484,negative,0.06792098922515938
1337682222569152514,negative,0.015521231763636772
1337682227816239104,negative,0.0002852650158122012
1337682229623926784,negative,0.0002852650158122012
1337682230370570242,negative,1.629688508256087e-07
1337682233302376455,negative,0.16578389500280513
1337682236670418944,negative,0.0006867019492145958
1337682237773533184,negative,0.015521231763636772
1337682246967447553,neutral,0.5501203531068267
1337682249878183937,negative,0.3040758696569161
1337682252130635778,negative,0.007063856152404771
1337682253711863808,negative,1.2475009549480398e-05
1337682256584970240,positive,0.8149088227667302
1337682265443221505,negative,0.0001498824438567863
1337682265825009666,negative,0.03335459935619592
1337682266223472645,negative,0.015295442811322108
1337682268505182209,negative,7.477881178949754e-05
1337682277090947073,negative,1.2475009549480398e-05
1337682279284535299,negative,0.035694566503075315
1337682280370872321,negative,9.989141280808953e-06
1337682281901805568,negative,0.023570819818336846
1337682287358406656,negative,0.0001498824438567863
1337682293763305472,negative,0.16578389500280513
1337682301166243840,negative,0.16578389500280513
1337682301342392320,negative,3.8441963139029195e-08
1337682312084008960,negative,0.1521558447603528
1337682312910221313,negative,0.0033393521068919635
1337682313598148610,negative,0.0009375322455179861
1337682316127129603,negative,0.007063856152404771
1337682318585106432,negative,0.02188640957594481
1337682320120291328,negative,0.0010332608726090892
1337682323068887041,negative,0.010579098783545281
1337682334250831872,negative,0.000838316337736227
1337682334338912256,neutral,0.45824083163617646
1337682341158850562,negative,0.00839843215687602
1337682350075949057,negative,0.008147784568830226
1337682363057393665,negative,0.006580653437873437
1337682364982505473,positive,0.9989576765998497
1337682365917798403,negative,0.0012822423298562522
1337682375376048128,negative,0.10806960777791046
1337682375736750080,negative,0.003816123860859351
1337682383089381377,negative,3.362312494460796e-05
1337682391712882688,negative,0.03370349508415006
1337682402781638656,negative,0.1037190392907151
1337682410360762369,neutral,0.49789225920557484
1337682414072721409,negative,0.16578389500280513
1337682414206857216,negative,0.00839843215687602
1337682417629474816,positive,0.7902233816009606
1337682423673483266,negative,0.17413086032815053
1337682432997412864,negative,0.005313498127537134
1337682444179402752,negative,0.17769900815805376
1337682444322009089,negative,0.16578389500280513
1337682449061605377,negative,5.441788409697281e-07
1337682451624235008,positive,0.7301441076056097
1337682456464470017,negative,0.0006528964458434146
1337682457462779904,negative,0.13631621669704416
1337682464509194240,negative,0.00510491489042613
1337682466769920000,negative,0.0006820360447397382
1337682467906588672,negative,0.00839843215687602
1337682495224111104,negative,0.0008405348468264763
1337682500190171139,negative,0.0014089291424288631
1337682511225294849,negative,0.07819524409778333
1337682515067211778,negative,0.010818351526724064
1337682516673748997,negative,0.00014033622836739695
1337682520251437057,negative,3.0999415022453322e-06
1337682526958219266,negative,0.16690687945951835
1337682548026032128,negative,7.962213057510395e-06
1337682552556036096,negative,0.0003553836386753928
1337682552715403265,negative,0.28860973212747604
1337682558029623296,negative,0.00839843215687602
1337682558872662022,neutral,0.49789225920557484
1337682561141780480,negative,1.2475009549480398e-05
1337682566803988481,negative,0.17393942136451013
1337682589029715968,negative,0.03300786849982588
1337682591219130368,negative,0.029777540274414788
1337682598097788928,negative,0.00938609671990804
1337682599016271875,negative,0.0010229903119435945
1337682603248250880,negative,0.16495713703150108
1337682603680391171,negative,1.7104043151183525e-05
1337682609686654976,negative,0.0013587394711525567
1337682618188517376,negative,0.0787981254224937
1337682627470512128,negative,0.04902131816312586
1337682633648730112,negative,0.00839843215687602
1337682636857335809,negative,6.144638638783968e-07
1337682637167742977,neutral,0.5327796679287503
1337682640791609346,neutral,0.38088380491861706
1337682640837750786,negative,0.019961831210113377
1337682641018114053,neutral,0.37592307813807957
1337682641282355201,negative,0.005130933740949043
1337682657359097857,negative,0.09331615493625871
1337682659485609985,negative,0.002391033052225052
1337682660186087424,negative,4.557774563900609e-05
1337682661003943937,negative,0.03576831761297248
1337682671128940544,negative,0.00025055484051009317
1337682673775616000,negative,0.0003890570243320611
1337682674421469184,negative,0.17530011606073342
1337682680121536512,negative,0.001905903589004626
1337682693161676800,negative,0.00016957866106269285
1337682707934040064,negative,0.0016225290732015817
1337682713415970816,negative,0.16578389500280513
1337682715710287878,negative,0.07900795468635644
1337682723729797120,positive,0.7301441076056097
1337682727068430337,negative,0.0001013914023718889
1337682736467742726,neutral,0.5716876810964148
1337682738124611590,negative,0.017878380648923956
1337682740536283138,negative,0.015500910411574611
1337682740687360002,negative,0.2204672852836158
1337682751147937792,negative,0.0029864559847610625
1337682752158785536,negative,3.4888606399998397e-07
1337682753802932224,neutral,0.49789225920557484
1337682755661000705,positive,0.7301441076056097
1337682763076472833,negative,0.18866673144119694
1337682774120083456,negative,0.25405417203574515
1337682780508090373,negative,5.296183047989206e-06
1337682783234187265,negative,0.0007701559518592224
1337682784064823298,negative,0.1387688413340769
1337682790830239744,neutral,0.3591248207924088
1337682796794490886,negative,0.0012663968340136855
1337682798245638145,negative,0.003859337526111219
1337682800036749314,neutral,0.3910540035031755
1337682801680916481,positive,0.9867848304006835
1337682807997554688,negative,0.00035195757719008524
1337682823055073280,negative,0.16578389500280513
1337682823692636160,neutral,0.3319189255312339
1337682827207450625,negative,0.0022554296520457986
1337682828947906567,negative,0.004185686458419696
1337682830680182784,neutral,0.49789225920557484
1337682830818734080,negative,0.0001498824438567863
1337682836506243074,negative,0.08223001127841992
1337682843162583040,negative,2.513555719704354e-05
1337682847033774080,negative,0.000611749423684873
1337682852910149632,positive,0.9633894245446962
1337682856869552129,negative,3.0136311352806466e-05
1337682866059276289,negative,9.907257385065816e-05
1337682868324143106,neutral,0.38088380491861706
1337682870048071681,negative,1.2475009549480398e-05
1337682871520256007,neutral,0.3910540035031755
1337682883532771328,positive,0.9465310832091888
1337682885332103169,negative,0.07086171460721802
1337682891346743296,negative,0.02236668408862551
1337682904709701632,negative,0.0001498824438567863
1337682906182017025,negative,1.2475009549480398e-05
1337682906450456584,negative,0.0015604982342394354
1337682920161554432,negative,0.029076029934906593
1337682921696743425,negative,0.02251791250239583
1337682943267880964,negative,0.24567416993037638
1337682943498711040,negative,0.14540353847885845
1337682948817104897,negative,0.00839843215687602
1337682950096367617,negative,4.1592867651026455e-06
1337682950545154049,neutral,0.37711049937988483
1337682956710776834,negative,0.08451452436135354
1337682960993177601,negative,0.0033393521068919635
1337682962431815681,negative,0.011609961793364999
1337682964856123392,negative,0.019961831210113377
1337682973018165248,negative,0.000192207434992127
1337682982988034048,negative,0.010752680007125115
1337682983424319490,negative,3.0999519429706936e-08
1337682986049937413,negative,6.41125759150808e-05
1337682986943262720,positive,0.7301441076056097
1337682987610214400,negative,0.07302530432857686
1337682988226777088,negative,0.0001498824438567863
1337682988469874693,negative,3.5721960389295e-09
1337683008413970432,negative,0.0037242363776106577
1337683024201310208,negative,0.0037254576714966458
1337683026613035008,negative,0.22718774413401777
1337683034103922689,neutral,0.49789225920557484
1337683038843572224,negative,0.003448926479314966
1337683052525477888,negative,0.0001921144996719735
1337683075095015425,negative,0.015521231763636772
1337683076361703424,negative,0.000363226077572297
1337683081554251777,negative,1.9823963530145427e-07
1337683089951223809,negative,0.03570801699407201
1337683101246517248,neutral,0.5870199295583831
1337683102613770240,negative,0.16578389500280513
1337683105042345985,negative,0.16578389500280513
1337683106048970752,negative,0.00016490024263174016
1337683107307282432,negative,0.16578389500280513
1337683110654316544,negative,0.2158933931838942
1337683121668575232,negative,0.2158933931838942
1337683129335746561,negative,0.004185686458419696
1337683152253304832,neutral,0.5857841107027691
1337683159740248064,negative,0.029777540274414788
1337683163246628864,negative,0.015521231763636772
1337683178669170690,negative,0.00839843215687602
1337683207425241089,positive,0.9977116868722756
1337683214719209472,negative,0.03030405022305833
1337683217416065024,negative,0.001103641662704326
1337683217571336199,negative,0.2691758360549799
1337683219269955586,negative,0.01042004456676679
1337683221191020545,negative,0.08352148012620018
1337683231097958400,negative,0.16578389500280513
1337683245396267008,negative,0.16578389500280513
1337683255139643392,negative,0.042510263437903005
1337683256464953345,negative,0.0036555802463246936
1337683258390220801,negative,0.16578389500280513
1337683264409128963,negative,0.14199997822871996
1337683264518156288,negative,0.0009375322455179861
1337683265461886977,neutral,0.3591248207924088
1337683270356578305,negative,0.005060004452159345
1337683281190510593,neutral,0.49789225920557484
1337683309111853056,negative,0.0005061673908585004
1337683319656488961,negative,0.03380565325040445
1337683327675985921,negative,0.16578389500280513
1337683331824152576,negative,0.0009844802896148575
1337683336454606850,negative,0.2528725875479393
1337683339889831936,negative,0.0076193963493793445
1337683343492648960,negative,1.2475009549480398e-05
1337683349037572096,neutral,0.3910540035031755
1337683361595265024,negative,2.091418672316058e-05
1337683362497122304,negative,0.003205503206717334
1337683377990799360,negative,0.0014598642696225079
1337683391303593985,negative,0.03335459935619592
1337683409070682115,negative,0.16578389500280513
1337683409636904960,positive,0.9936063601361582
1337683411188723714,negative,0.12736689629067183
1337683426162450433,negative,0.015521231763636772
1337683431183048706,negative,0.16578389500280513
1337683448039944193,negative,0.0037254576714966458
1337683450132897795,negative,0.13147418649216405
1337683458722836485,negative,0.0036555802463246936
1337683458890534915,neutral,0.5703278129266797
1337683466457149441,negative,7.962213057510395e-06
1337683488120639488,negative,2.7678985498715115e-10
1337683499331928066,negative,0.12442595770941257
1337683513240334336,negative,5.063026884765128e-05
1337683522493042688,negative,0.10402181534293693
1337683523470303232,negative,4.039005583745795e-05
1337683527882727425,negative,0.08173520391740496
1337683528885080064,neutral,0.49789225920557484
1337683532710371328,positive,0.9867848304006835
1337683549693091842,negative,0.16578389500280513
1337683550565511169,negative,0.16578389500280513
1337683556382883840,neutral,0.5628056929000496
1337683572367503361,negative,2.091418672316058e-05
1337683586854645760,neutral,0.586793045156904
1337668510365798403,negative,0.06632241434711113
1337668510592458753,negative,0.04302346992667516
1337668513364840448,negative,0.006017950285675504
1337668513582862338,negative,0.000992944538453105
1337668513654329346,negative,0.2783695830981235
1337668514975510528,positive,0.6860276929536158
1337668515923255297,negative,0.01192550522736507
1337668516451737600,neutral,0.40641528014594797
1337668523435438081,negative,0.0011419987187078532
1337668530532192256,negative,0.2121904716067668
1337668549519822848,neutral,0.49356026546190723
1337668549955948545,negative,0.24235453891200218
1337668560357908480,negative,0.0005542516204060637
1337668564988342273,negative,0.0020503237057222256
1337668569929232385,negative,2.3807017089682944e-06
1337668571229532160,negative,0.0015062004742852774
1337668575197270016,negative,3.887587236704638e-07
1337668580993806336,neutral,0.5734576952979002
1337668590573596672,neutral,0.47783817033680004
1337668595774595073,negative,0.310201448086514
1337668598232453120,negative,8.991520166195011e-10
1337668598249230338,neutral,0.6335077235625423
1337668606742700034,negative,0.0026322325206776316
1337668608042934272,negative,2.5755729613839757e-06
1337668609720643584,negative,0.0002564309308832009
1337668632004980736,negative,0.00012712818262646393
1337668636983615489,neutral,0.5496234661379426
1337668655899938817,negative,0.0026322325206776316
1337668670500298754,negative,0.22409990751272557
1337668672232574976,negative,0.014552053533400873
1337668674254204928,negative,0.027029600340616813
1337668676712099845,negative,0.06331046013026363
1337668695984836609,negative,0.15379676374359763
1337668720790007808,negative,0.1061676896650223
1337668721683402754,negative,0.08483050824707468
1337668723314995202,neutral,0.448911228648442
1337668725626040322,negative,0.22409990751272557
1337668740419350529,neutral,0.4940605368235655
1337668754868756480,negative,0.1596860379206534
1337668765891358722,negative,0.0026322325206776316
1337668775605309440,neutral,0.33599433844456006
1337668796094574592,negative,0.019649470062713878
1337668801840762880,neutral,0.38674898823041487
1337668829837729793,negative,0.1478085055130758
1337668853724307456,negative,0.056260564031330944
1337668860368072704,negative,0.006355994826175565
1337668869117370370,negative,0.00024078319131139758
1337668870455369734,negative,0.2888051907743344
1337668877015281664,negative,0.07956438808700578
1337668883054903296,neutral,0.5181721245257521
1337668884791496705,negative,0.011226182971882024
1337668897198108672,negative,4.427120421207754e-08
1337668907054862336,negative,1.0079793109618708e-05
1337668938768003072,negative,0.02922025486856638
1337668953167028226,negative,0.056260564031330944
1337668955780108291,neutral,0.5734576952979002
1337668974297944065,negative,0.005501795483830741
1337669019344785408,negative,0.2964770704210067
1337669022477934594,negative,0.310201448086514
1337669040723161090,negative,0.00012186440928852627
1337669046083362817,negative,0.0009341448546858964
1337669074214641664,negative,0.06157111937140874
1337669091281285120,negative,0.003760105866583631
1337669104392691712,negative,0.19967284470542965
1337669111392980994,negative,0.0064849688354206144
1337669130095382535,negative,0.0005542516204060637
1337669141700939776,negative,4.187527549350113e-11
1337669165793107968,negative,0.1890080277625316
1337669174383046659,negative,0.008787525787110336
1337669176488550401,negative,0.02909310617538666
1337669179856596992,negative,0.2546916305421647
1337669243463225345,negative,8.776818749314038e-08
1337669247187759104,negative,0.1596860379206534
1337669249192644610,negative,0.014552053533400873
1337669260999581698,negative,0.01305548552894014
1337669264904478720,negative,0.22409990751272557
1337669265743351809,negative,0.025961684523472146
1337669291177598977,negative,0.10438011025872064
1337669301520756736,negative,7.348184551906237e-05
1337669332902555649,negative,0.07364425625852912
1337669335951822848,negative,7.464947386901705e-06
1337669342562021379,negative,0.05757337991228639
1337669389198495745,neutral,0.47783817033680004
1337669406269304834,negative,0.0011289080590502095
1337669433209315328,negative,0.09571852163959714
1337669436749336576,negative,0.115536780834699
1337669438435446784,negative,0.00422501856534268
1337669445213417474,neutral,0.48728019602140255
1337669471658536962,negative,0.22409990751272557
1337669476632891394,negative,0.29588329325259916
1337669497235394560,negative,0.27285352364897253
1337669553313157121,negative,0.28063342329279417
1337669557188767744,negative,0.0024351952640736777
1337669617175715840,negative,0.006355994826175565
1337669617578283008,negative,0.0029018084913915707
1337669648729468929,neutral,0.5181721245257521
1337669654320459777,positive,0.680699666434534
1337669687572901889,negative,0.001001411324556749
1337669699832832002,negative,0.0019294414179683004
1337669702282338304,negative,0.00032121779005616843
1337669716077318146,negative,0.025961684523472146
1337669717914431495,neutral,0.4930270637086929
1337669732137361408,negative,0.0026322325206776316
1337669771425435650,negative,0.1596860379206534
1337669773732278273,negative,0.0004147281364370866
1337669788538122241,negative,0.2435116032954368
1337669799317393410,negative,0.02909310617538666
1337669819898843136,negative,0.0020307796399954958
1337669834306416640,negative,0.0020332474008671335
1337669861921628160,negative,0.056179518636587364
1337669885757952003,positive,0.9688509755658109
1337669888740102145,negative,0.0661350545236162
1337669894284959745,neutral,0.4259504761804242
1337669974975008773,negative,0.03455116093078905
1337669977940373504,negative,0.1596860379206534
1337670001063583747,negative,0.004271947937781875
1337670015043170305,negative,0.003760105866583631
1337670091102621700,negative,0.06331046013026363
1337670107787632640,negative,2.0901623240193204e-06
1337670112929697793,negative,0.025961684523472146
1337670140700356611,negative,0.2435116032954368
1337670149675966465,negative,0.003760105866583631
1337670155149709312,negative,0.02720840947339572
1337670178453270530,negative,0.01234161167134882
1337670190381850625,negative,0.008195809553567817
1337670227279175680,negative,0.07569126197202898
1337670240122114048,negative,0.015499547313805219
1337670253099294720,negative,0.034010292397665794
1337670282144694272,negative,0.1596860379206534
1337670300822097921,negative,0.0018226742035412577
1337670310141759488,negative,0.21139109066500397
1337670350046375936,negative,0.050570648011613
1337670357067722753,negative,0.1596860379206534
1337670370481082370,positive,0.9863237353157569
1337670378899075077,negative,0.1633091879876042
1337670388990550016,negative,0.00021652860669987896
1337670399123918849,negative,0.0006656607895998362
1337670420468801538,negative,0.019872903506794028
1337670420657565697,negative,0.06838617621514263
1337670426093293569,negative,0.013034545139669214
1337670427158712321,negative,0.0627437986803359
1337670428840644613,negative,0.008787525787110336
1337670432493867008,negative,0.2881216142546467
1337670454652317696,negative,0.008787525787110336
1337670464303292418,negative,0.05366419371768196
1337670474009030661,negative,0.025191507410983905
1337670500382896128,negative,0.06225129755072178
1337670508003930116,negative,0.165394641476289
1337670547912728578,positive,0.7934317836895921
1337670568611602434,negative,0.005501795483830741
1337670588698071040,negative,0.18609836308109962
1337670591030190080,negative,0.0020307796399954958
1337670614320963586,negative,0.001001411324556749
1337670625012420608,negative,0.0945188086762958
1337670641982582785,neutral,0.4035021324184469
1337670652380274688,negative,0.15163399523805468
1337670663197364225,neutral,0.5176617681596641
1337670668780007426,negative,0.2888051907743344
1337670673506955265,positive,0.9380876141520348
1337670680054296576,negative,0.1303442077391075
1337670695715827713,negative,0.06632241434711113
1337670700857954304,negative,0.02922025486856638
1337670702502195200,negative,0.0286853679678385
1337670712786563075,neutral,0.4940605368235655
1337670738283794432,negative,0.025961684523472146
1337670775424262144,negative,7.920904447962533e-05
1337670811394723840,neutral,0.3628849549559037
1337670812145422336,negative,0.00010756766295838155
1337670819846234112,negative,0.02909310617538666
1337670822933180417,negative,7.464947386901705e-06
1337670829144936448,negative,0.027611960572638105
1337670829497311232,negative,0.07471635876808763
1337670833632927744,negative,0.2590200000670621
1337670847662796802,negative,1.9400460887941473e-05
1337670847683649536,neutral,0.5181721245257521
1337670869007601665,negative,0.0026119768207314557
1337670882609737730,positive,0.6921859948915926
1337670884052623361,negative,0.022373299151760343
1337670890041970688,negative,0.000362421070852395
1337670906295021568,negative,0.05245263735078598
1337670923382632449,negative,0.0008625067167213557
1337670924791914496,negative,0.05245263735078598
1337670928390610949,negative,3.887587236704638e-07
1337670963375300610,positive,0.9586682438654323
1337670986036965377,negative,0.05245263735078598
1337670990487310336,negative,0.0011289080590502095
1337670993561726976,negative,0.1638785177907584
1337671005221900288,negative,0.05245263735078598
1337671034342936576,negative,0.013327037873253962
1337671039615168512,negative,0.003358438176892471
1337671049354285059,neutral,0.502406031154132
1337671074683686912,negative,0.025961684523472146
1337671076499828745,negative,0.03435552445166698
1337671078857109504,negative,0.00011585762996943267
1337671083059798018,negative,0.07471635876808763
1337671090664054786,neutral,0.4326902821868736
1337671092765396992,negative,0.08483050824707468
1337671093503614978,negative,0.00024337749252723614
1337671108003246081,negative,0.0002783146546757094
1337671108053643264,negative,2.0149636119682582e-07
1337671108653441026,negative,0.0015471613052944638
1337671138508480512,negative,0.001001411324556749
1337671138659463169,negative,0.021519886083775724
1337671152861319168,positive,0.999729602362536
1337671158821425152,negative,0.06366311223227611
1337671167860203522,negative,0.22409990751272557
1337671182083100672,negative,0.22409990751272557
1337671218724474881,negative,1.826967648922795e-05
1337671223363444736,neutral,0.5509883003824386
1337671251754504192,negative,0.03533685014924259
1337671266883555328,negative,0.01130536739368902
1337671278648569856,negative,0.0850974611931103
1337671326006456322,negative,0.05286171852576817
1337671327277309952,negative,0.19342146775358263
1337671334730616833,negative,0.025961684523472146
1337671340820721664,negative,0.00019015415661302409
1337671343739969537,positive,0.9998161079227121
1337671351277072384,negative,0.22409990751272557
1337671351759474688,negative,0.00016009471603212384
1337671360114532352,negative,0.02728949392331989
1337671386140192769,negative,0.0016354111953088759
1337671386828058625,negative,0.0006677694621529803
1337671398794342400,negative,2.438631992679694e-05
1337671407254130688,neutral,0.33599433844456006
1337671419862388738,negative,0.03470557974898385
1337671438837444608,negative,0.07956438808700578
1337671444965322753,negative,0.004185686458419696
1337671468117848065,negative,0.00022236179766381607
1337671468440809473,negative,1.4887179738573209e-05
1337671480050671616,negative,0.005156942304455378
1337671538720591872,negative,0.1241870796214561
1337671547717218305,neutral,0.3427491855052632
1337671559927001088,negative,0.0006656607895998362
1337671561059438592,negative,0.00035471416978998037
1337671581238132736,negative,0.0171366994279287
1337671592520855552,negative,0.1596860379206534
1337671593418498049,negative,0.001349990404649557
1337671605808476167,negative,0.0006656607895998362
1337671651790565376,negative,1.3864432567640783e-05
1337671652033892352,negative,0.0026322325206776316
1337671655158652929,negative,0.0006656607895998362
1337671679196205056,negative,0.001349990404649557
1337671679938605057,neutral,0.501633936154343
1337671705054031872,negative,0.008787525787110336
1337671715594362882,negative,0.22409990751272557
1337671722305204224,negative,0.003760105866583631
1337671760255193089,negative,0.0006656607895998362
1337671760880291842,negative,0.18639767017887804
1337671783583911936,neutral,0.6335077235625423
1337671790038945792,negative,0.00042424885291290096
1337671791272218624,negative,0.0011289080590502095
1337671797106413568,negative,5.305651360476092e-06
1337671802445844482,negative,0.2604411801960698
1337671815611682817,negative,0.22409990751272557
1337671832040824832,neutral,0.5266607897375037
1337671832154087426,negative,0.025961684523472146
1337671837279539202,neutral,0.4932931995997777
1337671855151468544,neutral,0.5496063018543401
1337671862243962880,neutral,0.47776453296931265
1337671873103097856,negative,0.029851503274186293
1337671878824124417,negative,1.3864432567640783e-05
1337671888961671168,negative,0.02489844517774807
1337671927637413890,negative,0.115536780834699
1337671949082824704,negative,0.24408369880498523
1337671981890678785,negative,0.008787525787110336
1337672016690884609,negative,0.0005542516204060637
1337672024181895173,negative,0.0028298378812281993
1337672027306647552,negative,0.001349990404649557
1337672039180738560,negative,0.01119094183940874
1337672046432509952,negative,0.04405172374723719
1337672047523192832,negative,0.000917132117516686
1337672077692768259,negative,0.19342146775358263
1337672090544123904,neutral,0.5427804419773418
1337672090577678337,negative,0.06792098922515938
1337672135419047938,negative,0.0005024566944783424
1337672142050234370,neutral,0.4737554465528978
1337672143614697473,positive,0.6619358229131467
1337672148744335360,negative,0.019649470062713878
1337672165332807682,negative,0.06792098922515938
1337672170030260225,negative,0.0006078144175471051
1337672184093761536,negative,0.0020307796399954958
1337672205606510592,negative,0.00547047296181131
1337672206369783811,negative,1.474352288901089e-06
1337672214666219522,negative,1.903731146882888e-09
1337672250938585089,negative,0.3268899650092868
1337672272971182080,negative,0.008787525787110336
1337672285281349633,negative,0.00498903871850268
1337672291249950720,negative,0.25642306882182214
1337672292390891521,negative,0.0004147281364370866
1337672293670129664,negative,0.011199465349433717
1337672294118920194,negative,0.25796602034046656
1337672318764584960,negative,4.1805653840655673e-05
1337672330349342720,negative,0.2888051907743344
1337672333872533504,negative,1.474352288901089e-06
1337672337039167488,negative,0.041749848519796594
1337672341829136384,negative,0.0005542516204060637
1337672370107023361,negative,0.0009341448546858964
1337672370820165632,negative,0.0006432996008410743
1337672393712693250,negative,0.06792098922515938
1337672400482291714,negative,2.93352313815962e-06
1337672412578590720,negative,0.2888051907743344
1337672413950038017,negative,0.00691374221817432
1337672415258808321,negative,0.2888051907743344
1337672443893329920,negative,0.2522817600246395
1337672458451599360,neutral,0.33599433844456006
1337672463396859905,negative,0.0015471613052944638
1337672488671653894,neutral,0.33599433844456006
1337672514898685953,negative,0.0008184540267060999
1337672520930091010,negative,0.033727820130224115
1337672525174755328,neutral,0.6595038747768794
1337672559760986112,negative,6.032121471193892e-09
1337672566266343426,negative,0.1596860379206534
1337672575321829378,negative,0.0007629850633926961
1337672589653778435,positive,0.7979596605170056
1337672590987583489,negative,0.1638785177907584
1337672607085301762,neutral,0.33886739302798385
1337672609752879104,positive,0.9367985177117873
1337672610499485696,negative,0.2590200000670621
1337672621719216129,neutral,0.49789225920557484
1337672638538330113,negative,0.07373338231575467
1337672639821848577,negative,0.22409990751272557
1337672641906401280,negative,0.01903681060046628
1337672662915682304,negative,0.02909310617538666
1337672685288108033,negative,0.05243691210244206
1337672687645315072,negative,0.005066319712746375
1337672705752109056,negative,0.06792098922515938
1337672718464987136,negative,0.06792098922515938
1337672728938229762,negative,0.027584443971543058
1337672747636420608,negative,0.01460913401382515
1337672747753877510,neutral,0.6595038747768794
1337672755932696576,negative,0.14191247344028937
1337672762517835776,neutral,0.4940605368235655
1337672777541840896,negative,0.06792098922515938
1337672783594184704,negative,0.06792098922515938
1337672799456907264,negative,0.04405172374723719
1337672803789713408,negative,6.00899014798042e-06
1337672809426939904,negative,0.06792098922515938
1337672812971106306,positive,0.9912258651170278
1337672814879514626,negative,0.016648333176794428
1337672816439783424,negative,0.32575325363431923
1337672816896905217,positive,0.9024252638952803
1337672839319728128,negative,0.22409990751272557
1337672840246665216,negative,2.9218430337247488e-06
1337672867954241541,negative,0.041686112455103876
1337672868407238661,negative,0.009528078873093105
1337672876573548544,negative,0.165394641476289
1337672877064261632,negative,0.1778254533115504
1337672879203381248,negative,0.008787525787110336
1337672893690474496,neutral,0.33886739302798385
1337672916398387201,negative,0.1596860379206534
1337672992785117185,negative,0.22409990751272557
1337673024959606786,negative,0.0006656607895998362
1337673031599185921,negative,0.24408369880498523
1337673035512483841,negative,0.016648333176794428
1337673041300623360,negative,0.0004893413982647804
1337673052147081217,negative,0.0003113482025139581
1337673053690601473,neutral,0.4940605368235655
1337673061320024066,negative,0.014552053533400873
1337673069276639233,positive,0.9936063601361582
1337673117867659264,negative,0.03587312493590684
1337673117917982720,negative,0.004022040552253192
1337673121130663936,negative,0.02909310617538666
1337673135655710722,negative,0.16495713703150108
1337673138549747712,neutral,0.36338059153101926
1337673158749532160,negative,0.08483050824707468
1337673161593249793,negative,0.2546916305421647
1337673163652657152,negative,0.02535703392732334
1337673172976607232,negative,0.0014745637148462882
1337673203230134274,negative,0.005501795483830741
1337673245324152834,negative,0.00042424885291290096
1337673252856950784,negative,2.716077813075933e-07
1337673264445919232,negative,0.010521515958631138
1337673279553884160,negative,0.06331046013026363
1337673288512917504,negative,0.0026322325206776316
1337673292090634242,negative,0.0009596132754069397
1337673332834136066,negative,0.02340142072011966
1337673337800159232,negative,0.10390876712042918
1337673354241847296,negative,0.00026996800099982803
1337673354539577344,negative,0.06792098922515938
1337673355873366017,negative,0.000917132117516686
1337673383690051584,negative,0.0069934371164930295
1337673401528410115,neutral,0.33886739302798385
1337673412119040000,negative,1.474352288901089e-06
1337673416883761154,positive,0.8829214358530589
1337673423414300672,negative,0.0005542516204060637
1337673434046861314,negative,0.10679389332426133
1337673464090681344,negative,0.010521515958631138
1337673465097285632,negative,0.015934142993550948
1337673468071055367,negative,0.10390876712042918
1337673483443200000,negative,0.14676427572867123
1337673488174362624,negative,0.10438011025872064
1337673491257184258,negative,0.22409990751272557
1337673493916377089,positive,0.999729602362536
1337673499184406533,negative,0.06780323778369621
1337673506524454913,negative,0.008787525787110336
1337673543589486592,negative,0.16904431294622857
1337673544755539970,negative,0.00691374221817432
1337673548870152192,negative,0.0005484290022007136
1337673555526336513,negative,0.10438011025872064
1337673569250271239,negative,2.93352313815962e-06
1337673580323221506,negative,1.3271505977670463e-05
1337673581854138368,negative,0.10515636991955728
1337673582848172034,negative,0.06792098922515938
1337673590959992832,neutral,0.5533970533999424
1337673591270371328,negative,0.0023043003180953075
1337673603962327041,negative,0.1596860379206534
1337673663131299840,negative,0.001789744793631164
1337673693011402753,negative,0.003760105866583631
1337673697809870848,negative,0.11635749989020586
1337673723420291072,negative,0.16053496138444454
1337673752109326336,negative,0.027368934828539897
1337673767649218561,negative,0.0018612300205659092
1337673770069336064,negative,0.06792098922515938
1337673828789604353,negative,0.02728949392331989
1337673831671009280,negative,0.025961684523472146
1337673833772429312,negative,0.22409990751272557
1337673846376292356,negative,0.0009405122398463782
1337673851015204864,negative,0.002471961903997896
1337673867431718912,negative,4.463545151860044e-06
1337673883554549760,negative,0.2888051907743344
1337673886184386566,negative,0.005156942304455378
1337673893641940992,negative,0.02909310617538666
1337673914596675584,negative,0.1633091879876042
1337673917889187840,negative,0.2888051907743344
1337673937103302656,negative,0.008787525787110336
1337673938420240386,negative,0.019872903506794028
1337673943004684291,negative,1.3271505977670463e-05
1337673995508969472,negative,0.011185006324448533
1337674025196281857,negative,0.165394641476289
1337674027431759872,negative,0.025961684523472146
1337674029113683973,negative,0.06792098922515938
1337674029482774529,negative,0.0001666849121763887
1337674087263514624,negative,0.011185006324448533
1337674087552999430,negative,0.0002943623847358382
1337674135728779267,negative,0.22409990751272557
1337674141705662464,negative,0.0026355281305414603
1337674146797383680,neutral,0.351714990493071
1337674149611835392,negative,0.00015292426591736338
1337674153302904833,negative,0.0005824992154604549
1337674154330497025,neutral,0.4930270637086929
1337674168062660609,negative,0.00016587426749095196
1337674171984310275,negative,0.036356318634887023
1337674198098042883,negative,0.23627774955053668
1337674213893746689,neutral,0.33886739302798385
1337674218645774337,neutral,0.4930270637086929
1337674238518571009,negative,0.0006656607895998362
1337674244465934338,neutral,0.33599433844456006
1337674252170956800,neutral,0.33599433844456006
1337674254272356357,negative,0.002577812319633492
1337674285318627328,negative,0.003479081219775078
1337674308529819649,negative,0.007389469505342857
1337674332500230146,negative,0.02720840947339572
1337674339987099650,negative,0.009350399012623684
1337674340817657857,negative,0.00014033622836739695
1337674351538282496,negative,1.1003730397331463e-05
1337674361839497219,neutral,0.49789225920557484
1337674362002964480,negative,0.001001411324556749
1337674379061309440,positive,0.8119880460001094
1337674380382523392,negative,0.10742925569886709
1337674385646206977,negative,0.00032121779005616843
1337674398812299265,negative,0.07281997503428825
1337674440231030786,negative,0.10390876712042918
1337674461030576129,negative,0.2888051907743344
1337674468098002944,negative,0.00043027667052601015
1337674500041748481,positive,0.7204436018145816
1337674530647662592,negative,0.17412546458293415
1337674543910023168,negative,0.11226279191303985
1337674546179166209,negative,0.11226279191303985
1337674560028684288,negative,0.09642325685448215
1337674562012635136,positive,0.7860778885798333
1337674598238851074,negative,0.22974226455480026
1337674603796291586,neutral,0.4940605368235655
1337674656933941248,negative,0.1778254533115504
1337674667025457152,negative,0.019649470062713878
1337674668522827779,neutral,0.4013294589271659
1337674674151407616,negative,0.09260997086229829
1337674680933740544,neutral,0.49789225920557484
1337674700646977536,negative,9.422163841105303e-05
1337674702144348161,negative,0.004185686458419696
1337674704597946370,negative,0.07717067345675115
1337674710155489280,negative,1.474352288901089e-06
1337674713762574336,negative,0.036356318634887023
1337674749938425862,negative,0.04775855780266534
1337674766384308224,negative,0.22480882889588244
1337674773904691200,negative,0.04775855780266534
1337674774219112448,negative,0.012200557508380984
1337674791344631811,neutral,0.5640272540207838
1337674791562702848,negative,0.06792098922515938
1337674793261404160,negative,0.26676973852553326
1337674794570018816,negative,0.10438011025872064
1337674803789123591,negative,0.058911215296071524
1337674809484963840,negative,0.00016587426749095196
1337674815558258689,negative,0.0011289080590502095
1337674815948328960,negative,0.005501795483830741
1337674820050444291,negative,0.06108415930652646
1337674820763443200,negative,0.0069934371164930295
1337674832754978816,negative,0.22409990751272557
1337674838895456256,negative,0.050707280021044736
1337674858659012614,negative,4.581756351539209e-05
1337674870176485376,negative,0.2022407041764417
1337674887041789952,negative,0.012331073999041575
1337674889050918912,negative,0.011842674441978339
1337674902489468928,neutral,0.4769765244565738
1337674905941389313,negative,0.02909310617538666
1337674920013262850,negative,0.0026322325206776316
1337674922924118016,negative,0.2256613004299303
1337674924660551682,negative,0.03541796466992719
1337674939407757313,positive,0.8038900284316659
1337674996295065600,negative,0.07364425625852912
1337674999340085248,negative,0.0026322325206776316
1337675000082542594,positive,0.8557557116406174
1337675019284000769,negative,0.00312468803760806
1337675021473472513,positive,0.9936063601361582
1337675023600017409,negative,0.19745319259654195
1337675031778906113,negative,0.020373738347132728
1337675037164367873,negative,0.04775855780266534
1337675043359363073,negative,0.024768660504425135
1337675048451239938,negative,0.1935404766117299
1337675062598569985,negative,0.11831657008363348
1337675065689657346,negative,0.00090904704370781
1337675069271625728,negative,0.25510586853062006
1337675079237455872,negative,1.1589984719388685e-11
1337675092785033216,neutral,0.6335077235625423
1337675097532981248,negative,0.005177407006649831
1337675099625959424,negative,6.188501730761277e-10
1337675108165496833,negative,0.006686665392343669
1337675109381894145,negative,0.02181491656905598
1337675114922586112,positive,0.9573833955193389
1337675119926374400,neutral,0.44096999258427416
1337675125353820161,neutral,0.33886739302798385
1337675150729375744,negative,0.0007813296085738706
1337675163035459585,neutral,0.5181721245257521
1337675185663696896,negative,0.033727820130224115
1337675216290541568,negative,3.511742206452708e-05
1337675223508905986,negative,4.230776534188301e-05
1337675225480224768,negative,0.00015874163897746196
1337675231645888512,negative,0.009895707094692216
1337675256224419840,negative,0.04507492772812435
1337675262025150467,negative,0.025961684523472146
1337675270430601217,negative,0.08152139724622741
1337675284145975316,negative,0.04775855780266534
1337675303376859136,negative,0.29588329325259916
1337675304471470081,negative,0.00017498414252093496
1337675305314607104,neutral,0.34334401351529625
1337675319097106432,negative,0.00043027667052601015
1337675328102293505,negative,0.00984053481939074
1337675334175633411,negative,9.670730627530685e-05
1337675341096226817,negative,0.08208962284260547
1337675343772180483,negative,0.3240107875848542
1337675373950210048,negative,1.474352288901089e-06
1337675378459090944,negative,0.011995085733743418
1337675404161724417,negative,0.05108286351860575
1337675474538033152,negative,0.0009341448546858964
1337675490300203009,positive,0.9997435592868792
1337675498407780352,neutral,0.5734576952979002
1337675500353974283,neutral,0.4595794988705305
1337675539210006528,positive,0.999729602362536
1337675541135155202,neutral,0.5136446707795853
1337675547279822848,negative,0.16053496138444454
1337675573087318021,positive,0.9549192666111123
1337675579760361473,negative,0.013242691785603743
1337675583732510720,negative,0.16053496138444454
1337675614631972864,negative,0.007154535964472391
1337675614883631106,neutral,0.5882366333052607
1337675641374826497,negative,0.004995650314440729
1337675653613805575,negative,0.04775855780266534
1337675659859070976,positive,0.999729602362536
1337675703643500546,neutral,0.4472762797528661
1337675705174396929,negative,7.414400612160407e-07
1337675717304258562,negative,0.004185686458419696
1337675717304266752,negative,0.000917132117516686
1337675765647896577,negative,0.012733965306920133
1337675767518539779,negative,0.0018085243627408176
1337675802767454208,negative,0.0003990020449410593
1337675803597955086,negative,0.00691374221817432
1337675823466373122,negative,0.06792098922515938
1337675836254773251,negative,0.04775855780266534
1337675836464443392,negative,1.8141331923187955e-08
1337675854944595968,negative,0.001303022911945761
1337675858446864391,negative,0.1935404766117299
1337675907658620928,negative,0.001570321935640961
1337675916777025538,negative,0.03478144784856106
1337675922116386817,neutral,0.46127768308170247
1337675953326186497,negative,0.04775855780266534
1337675957075841024,negative,0.04775855780266534
1337675978680782849,neutral,0.5006086376065693
1337675990638743552,negative,0.027443641554891072
1337675994723987456,negative,0.0634343750653663
1337676019566845952,negative,1.5799247579859884e-07
1337676025044627461,negative,0.2932208458082548
1337676025715691520,negative,0.005876309121765429
1337676047328948227,negative,0.1596860379206534
1337676052135636992,negative,0.02836304235596283
1337676060071133185,negative,0.13236762255671464
1337676060255682560,negative,0.08233583583212833
1337676060922613762,negative,0.23204439629778126
1337676065519640576,negative,6.828975680719785e-06
1337676065712508928,negative,0.26676973852553326
1337676066731810816,negative,0.26676973852553326
1337676067968958466,negative,0.031221792838446293
1337676068384165889,negative,0.00984053481939074
1337676075955056640,positive,0.7739985919085288
1337676083571802113,negative,0.05153975202576916
1337676085614555136,negative,0.22409990751272557
1337676096238718976,negative,0.009200221527556205
1337676107139723264,negative,0.05838273582274881
1337676109492654081,positive,0.9936063601361582
1337676144527745024,negative,0.25510586853062006
1337676184373628928,negative,0.033727820130224115
1337676193575759872,negative,0.00984053481939074
1337676208239243264,negative,0.00090904704370781
1337676209874989057,negative,0.24408369880498523
1337676213129801728,negative,0.20955925533601102
1337676214018990080,negative,0.07569126197202898
1337676214882930692,negative,0.03557488044672263
1337676236454301697,neutral,0.5533970533999424
1337676238656319490,positive,0.695140520535818
1337676240434700288,negative,0.04775855780266534
1337676241491603457,negative,0.09642325685448215
1337676241676144642,negative,0.0018085243627408176
1337676249142079490,negative,0.06331046013026363
1337676251172134919,neutral,0.5734576952979002
1337676292611846147,negative,0.0018077820626634467
1337676292959985665,negative,0.2726374015096142
1337676311955828736,negative,0.143348686789009
1337676328397574144,negative,0.0064849688354206144
1337676354209320960,negative,0.03180800405578447
1337676385687638018,negative,0.2888051907743344
1337676431531372544,negative,0.008159620584406299
1337676432349261824,positive,0.999729602362536
1337676441211834371,neutral,0.5136446707795853
1337676447796744194,positive,0.9192047906269828
1337676464712462337,negative,0.036356318634887023
1337676468101533698,negative,0.02836304235596283
1337676468772610048,negative,0.04775855780266534
1337676468944580611,negative,0.0069934371164930295
1337676492101324800,negative,0.07373338231575467
1337676524531625984,negative,0.32575325363431923
1337676527677435904,negative,2.391029801250724e-05
1337676529871032320,negative,0.10537700306609592
1337676543309516806,negative,2.716077813075933e-07
1337676545859735552,negative,0.02075822727388637
1337676553443028992,negative,0.019649470062713878
1337676563542892544,negative,0.0026943670315833336
1337676566873174016,negative,0.009200221527556205
1337676579615465473,negative,0.1935404766117299
1337676580756332545,negative,0.0001796670893573126
1337676581750312968,negative,0.165394641476289
1337676605381091331,negative,0.14923597878946832
1337676609361489921,negative,0.002610958312549919
1337676613694214144,negative,1.4416821739193447e-06
1337676618991538177,negative,0.06792098922515938
1337676672364130304,negative,0.03002083138245641
1337676675379847169,negative,0.00401420284783283
1337676677472804864,positive,0.9998161079227121
1337676685878157312,negative,0.23968566173998754
1337676693683650562,negative,0.054760786957735556
1337676706577084416,negative,0.0026322325206776316
1337676708615516162,neutral,0.5714203506692545
1337676715594756096,negative,0.07364425625852912
1337676718837030912,neutral,0.5136446707795853
1337676720476975105,negative,0.03979766600296086
1337676796964327424,negative,0.0005542516204060637
1337676831776862209,negative,0.00984053481939074
1337676836063637504,negative,0.027368934828539897
1337676874928037888,negative,0.033727820130224115
1337676877339750400,negative,0.003760105866583631
1337676879734714374,negative,1.3864432567640783e-05
1337676897900105728,negative,0.0019865775199158905
1337676918515183618,neutral,0.49789225920557484
1337676923191824384,neutral,0.5136446707795853
1337676936865345541,negative,0.0006656607895998362
1337676940979924992,negative,0.07373338231575467
1337676951029477376,negative,0.1503826006810728
1337676953457995776,negative,0.0026322325206776316
1337676954762420225,negative,0.012810806573840434
1337676955362222081,positive,0.8119880460001094
1337676963994103808,negative,0.03557488044672263
1337676974379180032,negative,0.03107161278942645
1337676993706463233,negative,5.075045507142e-05
1337676998232174592,negative,0.06157111937140874
1337677005735817216,neutral,0.49789225920557484
1337677006507487233,negative,0.22364549592727936
1337677016364158977,negative,1.7104043151183525e-05
1337677016779411456,negative,0.0002943623847358382
1337677036714930180,negative,0.1638785177907584
1337677050660999168,negative,0.08918757501073366
1337677066687410177,positive,0.999729602362536
1337677073196859392,negative,2.93352313815962e-06
1337677100598358016,negative,2.93352313815962e-06
1337677111755202560,negative,0.1890080277625316
1337677122559766528,negative,0.003760105866583631
1337677126305263618,negative,0.04775855780266534
1337677128595345411,negative,0.1890080277625316
1337677139852849154,negative,6.309892527224106e-06
1337677163462615044,neutral,0.4940605368235655
1337677204243755008,negative,0.1855182958798525
1337677237911425026,negative,0.0024351952640736777
1337677245423431683,negative,0.0053292958487290935
1337677254877450240,positive,0.9936063601361582
1337677260187381760,negative,0.06792098922515938
1337677262024564738,negative,9.670730627530685e-05
1337677263341543424,negative,0.0026322325206776316
1337677269075103750,negative,6.11041281957646e-11
1337677318542778368,negative,0.07406793324034916
1337677318639259650,negative,0.2514864489517294
1337677324049899520,negative,0.0006335399959544606
1337677327094919168,negative,0.0006297682940477203
1337677333940088836,negative,0.06225129755072178
1337677346996948992,negative,0.2546916305421647
1337677352722178048,neutral,0.37725891570777353
1337677354827739136,negative,3.0573681781215685e-05
1337677363686027264,negative,0.025961684523472146
1337677383525167104,negative,0.012733965306920133
1337677387132268544,positive,0.8188005835854405
1337677407973756928,negative,0.06366311223227611
1337677413191446528,negative,0.036356318634887023
1337677424994230273,neutral,0.3841972676934687
1337677431671562241,negative,0.003760105866583631
1337677462667452416,negative,0.02326410550890543
1337677499925491713,negative,1.3178757059645227e-05
1337677500755939330,negative,0.02836304235596283
1337677511191371776,positive,0.6921859948915926
1337677534201262086,negative,0.06331046013026363
1337677535832924160,negative,0.008787525787110336
1337677541969195008,negative,0.0018085243627408176
1337677561745334272,negative,0.06792098922515938
1337677577478135808,negative,0.1118211144958173
1337677586890170368,negative,0.22695550623887237
1337677607165456387,negative,0.1118211144958173
1337677613217746945,negative,0.00022399526370002227
1337677639839068160,negative,0.04775855780266534
1337677654280065025,neutral,0.4940605368235655
1337677657409015808,negative,0.22409990751272557
1337677662723170305,negative,0.0029018084913915707
1337677680020512769,negative,0.0014453609499506007
1337677681320751105,negative,0.02421788967410317
1337677685615714305,negative,0.02720840947339572
1337677696961273856,negative,9.732257866390111e-05
1337677734898757632,negative,0.005501795483830741
1337677747729133568,negative,0.115536780834699
1337677758189727750,negative,0.006686665392343669
1337677776493682688,negative,0.008787525787110336
1337677778032975873,negative,0.22409990751272557
1337677787621154819,negative,0.22409990751272557
1337677824975642629,negative,0.00024337749252723614
1337677848254013440,negative,0.09642325685448215
1337677850594471936,negative,0.11635749989020586
1337677860354592769,negative,0.0006656607895998362
1337677873512124417,negative,0.0018612300205659092
1337677900179525633,negative,0.004185686458419696
1337677923395002370,negative,0.014552053533400873
1337677935784972288,negative,0.04775855780266534
1337677941149458432,positive,0.9997435592868792
1337677948552351744,negative,0.003760105866583631
1337677965929422849,negative,7.53768891239135e-07
1337678027858317312,negative,0.005933953743264359
1337678032262352896,negative,0.26640278671664924
1337678034766340096,negative,0.01574095768243637
1337678054659911682,negative,0.0007920388213892285
1337678067574202368,positive,0.999729602362536
1337678106409230336,negative,0.020418992446987645
1337678108976181248,negative,0.0026322325206776316
1337678127712100352,negative,1.474352288901089e-06
1337678158154387457,negative,0.05447561232003185
1337678162944290816,negative,0.2888051907743344
1337678216673320960,negative,0.22409990751272557
1337678246922563585,negative,2.93352313815962e-06
1337678304753684480,negative,4.615859558604501e-05
1337678310697021440,positive,0.9549192666111123
1337678314014707712,negative,0.04583814438490171
1337678374911827968,negative,0.0010397828347265168
1337678375595413504,negative,0.22409990751272557
1337678377365467138,negative,0.013034545139669214
1337678384676163585,negative,0.020418992446987645
1337678389214203915,negative,0.003760105866583631
1337678397636550656,negative,0.15379129695616767
1337678403449794560,negative,0.03128915136536946
1337678405345611776,negative,0.07406793324034916
1337678406889172992,negative,0.027584443971543058
1337678497653854210,negative,0.05730249881963182
1337678507376316416,negative,0.22409990751272557
1337678507992821763,negative,1.8063228443111138e-14
1337678511989985283,negative,3.887587236704638e-07
1337678520374489088,negative,0.0018502344224850427
1337678524329680897,neutral,0.6335077235625423
1337678537327861761,negative,0.10537700306609592
1337678540280647680,negative,0.06157111937140874
1337678551538167808,negative,0.020493798741450985
1337678576733335553,negative,0.00090904704370781
1337678576775122946,neutral,0.36695724376815175
1337678576779407360,negative,0.0015321222356936663
1337678576834015232,neutral,0.42388747516850084
1337678579753242624,neutral,0.49789225920557484
1337678586447355907,negative,0.0008860447226317146
1337678611348942848,negative,1.3702896673710009e-08
1337678614284935173,negative,0.1596860379206534
1337678638305734657,positive,0.7110196465625525
1337678645410742273,neutral,0.5181721245257521
1337678655934304260,negative,0.012222484165631318
1337678664729722880,negative,0.215139007536004
1337678669997858817,negative,0.10415611624098231
1337678670727704576,negative,0.048448454084591454
1337678671507824640,negative,0.0006656607895998362
1337678672451543041,negative,0.08483050824707468
1337678680332623872,negative,0.03650730107707264
1337678693678899201,negative,0.2516997800653076
1337678695969021952,negative,0.27745194898289566
1337678708518375426,negative,0.01557272745254054
1337678709067800577,neutral,0.33471875291187636
1337678756396359681,negative,7.37586503174236e-05
1337678757977583616,negative,0.008787525787110336
1337678777204281344,negative,2.716077813075933e-07
1337678783965442050,negative,2.93352313815962e-06
1337678785987088385,negative,0.02922025486856638
1337678791158738944,negative,0.0009762782310029526
1337678816714641408,negative,0.26640278671664924
1337678821194149890,negative,0.22409990751272557
1337678828475314183,neutral,0.549202207228399
1337678833626075137,negative,0.1473870170354572
1337678834997530624,negative,0.2401907393138019
1337678895919886339,negative,0.00090904704370781
1337678896083460096,negative,0.01557272745254054
1337678909396152321,negative,0.2888051907743344
1337678910084014080,negative,0.005501795483830741
1337678964043616258,negative,0.06632241434711113
1337678995110891521,negative,0.00090904704370781
1337679004711727106,negative,0.03317602771242556
1337679015545597955,negative,0.03317602771242556
1337679033186865152,negative,1.4233899839307318e-08
1337679053755707393,negative,0.22409990751272557
1337679056893063168,neutral,0.6071308034399302
1337679063297781760,neutral,0.5090252481781841
1337679075763220481,negative,0.21939254360948038
1337679088178229249,neutral,0.3403391890910929
1337679089520533504,negative,0.0026322325206776316
1337679123045560320,negative,0.0038147154340207553
1337679132331814912,negative,0.00024078319131139758
1337679171665993728,negative,0.03317602771242556
1337679173477871617,negative,0.05988171977174906
1337679174820110337,negative,0.014552053533400873
1337679207892201472,negative,0.057659722776144444
1337679216645722114,negative,0.007786441442650483
1337679230918926338,negative,0.027995928112443173
1337679241106886663,negative,1.3864432567640783e-05
1337679247339630592,negative,2.6832620861435896e-08
1337679271586897920,negative,1.474352288901089e-06
1337679280550121474,negative,0.04761349159987027
1337679294147952640,negative,0.003760105866583631
1337679325945094144,negative,0.16053496138444454
1337679331750006784,positive,0.983408764122777
1337679337164689409,negative,0.07961510954162294
1337679362108297217,negative,0.14191247344028937
1337679389476188161,positive,0.6692274923881142
1337679390826696705,negative,0.006899662411553892
1337679401887166464,negative,0.17057594738432236
1337679422338502656,negative,0.012072975983929172
1337679449232470017,positive,0.7720240897513594
1337679450880749570,negative,0.10846111731987484
1337679456148844544,negative,0.15047211265934285
1337679466835959809,neutral,0.516101652137999
1337679469855862784,negative,0.20955925533601102
1337679493163589633,negative,0.02347398069777232
1337679497328545792,negative,0.19731840969612646
1337679508493791232,negative,0.034630379141963166
1337679524130136067,negative,0.0003727921957996455
1337679544766095360,negative,0.06331046013026363
1337679554731708417,negative,0.165394641476289
1337679563518844929,negative,0.02989080255941712
1337679566266101760,negative,0.00090904704370781
1337679588764356608,negative,0.003943952289600467
1337679602664267783,negative,0.00090904704370781
1337679607768653825,negative,0.044635885341052665
1337679609131917312,negative,1.474352288901089e-06
1337679625602834436,neutral,0.3587160318056499
1337679628664705025,negative,0.28012175068127554
1337679633173635083,negative,0.06457796848449421
1337679636122243072,negative,0.00024337749252723614
1337679649770496000,negative,0.003760105866583631
1337679650160586755,negative,1.474352288901089e-06
1337679655764172801,negative,1.1748944576746608e-09
1337679660302311426,negative,0.00036540452551973873
1337679671320784899,negative,0.06008591722671426
1337679671517908992,neutral,0.5205703677244348
1337679675347382272,negative,0.0037306895619650875
1337679676207222784,negative,0.15047211265934285
1337679677884915712,negative,0.004499268618340712
1337679685178757121,neutral,0.4377896312766332
1337679691898114048,negative,0.07956438808700578
1337679705223344128,negative,0.008787525787110336
1337679714538778625,neutral,0.49851620414002634
1337679715537137664,neutral,0.5205703677244348
1337679730863169536,negative,0.22409990751272557
1337679734650642433,negative,3.0971385967527033e-06
1337679746902224899,neutral,0.554860446213899
1337679747837472768,negative,0.0009640140419646186
1337679769379463171,negative,0.14191247344028937
1337679775918383104,negative,2.6832620861435896e-08
1337679781371006978,negative,0.0006656607895998362
1337679804762632193,negative,0.007651903537632426
1337679805920260097,negative,0.059808438452882424
1337679807463776257,negative,0.1473870170354572
1337679835070562305,neutral,0.5725277523166457
1337679843442495488,negative,0.10032104191902809
1337679846907015168,negative,0.3160677352564803
1337679848588922880,negative,0.023930855416772367
1337679850220310528,negative,0.002782830865790737
1337679875864473600,negative,0.027584443971543058
1337679882374025216,negative,0.008787525787110336
1337679905354604545,negative,0.014552053533400873
1337679906751262720,negative,0.26676973852553326
1337679918767935488,negative,0.004185686458419696
1337679979946061824,negative,0.2435116032954368
1337679981502148608,negative,0.24408369880498523
1337680001332875264,negative,0.00045626501376126624
1337680019276111872,negative,0.2364592034750391
1337680034396573696,positive,0.9898066226937627
1337680042978119681,negative,0.16053496138444454
1337680045335334913,neutral,0.5326350097244287
1337680053115756545,neutral,0.33599433844456006
1337680061688930304,negative,0.16053496138444454
1337680065925173249,positive,0.9955814516835957
1337680079598608392,neutral,0.42118909324299414
1337680098049323008,negative,9.920890340634885e-05
1337680099353776128,negative,0.22409990751272557
1337680099559272450,negative,0.008787525787110336
1337680143356194816,negative,0.02836304235596283
1337680146908721153,negative,0.22409990751272557
1337680173039316999,negative,0.008787525787110336
1337680180958138373,negative,0.0004475041334235142
1337680189954928642,negative,0.007600889523571874
1337680244304736258,negative,0.0003657868099713539
1337680264923897857,negative,0.0010283571400452913
1337680312000782336,negative,0.06792098922515938
1337680326043316231,negative,0.0018564128589106253
1337680343084707842,negative,0.09642325685448215
1337680351972515840,negative,0.22409990751272557
1337680369726926855,negative,0.027368934828539897
1337680376022622209,negative,0.22409990751272557
1337680382460895233,negative,0.07373338231575467
1337680390560100353,negative,0.014552053533400873
1337680405357588481,negative,0.10438011025872064
1337680441629872130,negative,0.32575325363431923
1337680445727772672,negative,0.043978309338866595
1337680455995416577,negative,0.010038980996470558
1337680461762539526,negative,0.09036137954939648
1337680468083437568,negative,0.1890080277625316
1337680469974978561,negative,0.15845601913058638
1337680472671973376,positive,0.9057778320852357
1337680477369602049,negative,0.06225129755072178
1337680489092706304,negative,0.03317602771242556
1337680491319873536,negative,0.10270063774807364
1337680493949693953,negative,0.02326410550890543
1337680528279924736,neutral,0.49789225920557484
1337680614036819969,negative,5.888484198830234e-05
1337680615735513089,negative,0.008787525787110336
1337680617136291843,negative,0.00025236820522766434
1337680652578250752,negative,0.1842972905600951
1337680662065713152,negative,0.1842972905600951
1337680674292178946,negative,0.00090904704370781
1337680689383288832,positive,0.9603033129921337
1337680695397904385,positive,0.8296348200985373
1337680703987781632,negative,0.02909310617538666
1337680721427787776,negative,0.03557488044672263
1337680743397470209,neutral,0.4940605368235655
1337680779837665280,negative,0.0764558405312557
1337680830202834944,negative,0.0026322325206776316
1337680872963706881,negative,0.12616684165590217
1337680880559661059,negative,0.03926680072108474
1337680885148217346,negative,0.047227385253884584
1337680886297468930,negative,0.16053496138444454
1337680920556560390,negative,0.006171922314709493
1337680930132078593,negative,0.2353068517557194
1337680938235555840,negative,0.013923098184836287
1337680944673779712,negative,0.019503371810784077
1337680947572068353,negative,0.000352895643722319
1337680951615385601,negative,0.019058727407459404
1337680996808974337,negative,0.07926347765691172
1337680997777874944,negative,0.01748749201720032
1337680999463923718,negative,0.010521515958631138
1337681002999803908,negative,0.16053496138444454
1337681072994328579,negative,0.0002308953118165291
1337681076903358464,positive,0.9624666715583469
1337681081613627392,negative,0.22409990751272557
1337681093131112449,negative,0.06331046013026363
1337681093449805825,negative,0.004185686458419696
1337681104149606400,negative,0.09642325685448215
1337681109295968257,neutral,0.6071308034399302
1337681135082622977,negative,0.19745319259654195
1337681137855066112,negative,0.0695239006333832
1337681138534522882,negative,0.021165134849367457
1337681139243380736,negative,0.22409990751272557
1337681150207287296,positive,0.9454904019439256
1337681165814280193,negative,0.19301381240226217
1337681182553755649,negative,0.019649470062713878
1337681217047564288,negative,0.26640278671664924
1337681222802272257,negative,3.887587236704638e-07
1337681225583112192,negative,0.004185686458419696
1337681235473264641,positive,0.9714602765054489
1337681239692750849,negative,0.0010283571400452913
1337681260169338881,neutral,0.4412034357541848
1337681260790091776,negative,0.06225129755072178
1337681267127705602,negative,6.032121471193892e-09
1337681272018247680,negative,0.16053496138444454
1337681274119606273,neutral,0.6104868327769799
1337681390255616000,negative,2.93352313815962e-06
1337681394559053825,negative,0.00018536270026244867
1337681398459719682,negative,2.6832620861435896e-08
1337681401311801345,negative,0.22409990751272557
1337681403794894849,negative,0.008787525787110336
1337681409801154567,negative,0.03317602771242556
1337681440578936832,negative,0.02836304235596283
1337681443418492932,negative,0.22409990751272557
1337681445503045632,negative,0.004185686458419696
1337681448455856129,negative,0.0006656607895998362
1337681464247410688,negative,0.002815569928931765
1337681468794040323,negative,0.00024337749252723614
1337681474561208320,negative,0.003760105866583631
1337681480701636608,negative,7.710402401906205e-05
1337681503665451009,negative,0.004185686458419696
1337681525639352321,negative,0.06792098922515938
1337681530483826691,negative,0.004185686458419696
1337681534627819522,negative,0.022478944983840413
1337681534988464128,negative,0.22409990751272557
1337681561420959745,negative,0.0005420198514636052
1337681562930966528,negative,0.004185686458419696
1337681570841452544,neutral,0.6071308034399302
1337681609340891137,negative,0.03377228140103211
1337681610318221314,negative,0.15047211265934285
1337681636490575873,negative,0.004185686458419696
1337681638386491392,negative,0.048448454084591454
1337681642027102208,negative,0.2888051907743344
1337681647605608448,neutral,0.4940605368235655
1337681655348203520,negative,0.31732489718339985
1337681657109819392,negative,0.0026322325206776316
1337681671815114758,negative,0.29588329325259916
1337681674465906688,negative,0.1826480758382635
1337681702840307713,negative,0.041301037275264976
1337681705767849986,neutral,0.33471875291187636
1337681711866515457,positive,0.7110279138260395
1337681713384673281,negative,0.08664543337899457
1337681733953724417,negative,0.08664543337899457
1337681739058188288,negative,0.1268028451552595
1337681760738549766,negative,0.22409990751272557
1337681768703463424,positive,0.7720240897513594
1337681774260969472,neutral,0.516101652137999
1337681781584228353,neutral,0.4940605368235655
1337681781823332358,negative,0.02347398069777232
1337681783467470848,negative,0.19731840969612646
1337681795186356225,negative,0.001101370697775057
1337681795924578304,negative,0.19757406061467264
1337681813720936451,negative,0.008787525787110336
1337681813813276674,positive,0.6843124967511317
1337681831911698434,negative,0.08664543337899457
1337681834453458946,neutral,0.49789225920557484
1337681840686178306,negative,0.004185686458419696
1337681866531418112,neutral,0.49789225920557484
1337681880582336513,negative,0.1118211144958173
1337681896889872390,negative,0.002814476087825506
1337681906905833475,negative,0.008787525787110336
1337681915348922368,negative,0.006355994826175565
1337681920482811905,negative,1.12501483614499e-06
1337681933682302977,negative,0.1778254533115504
1337681938245689345,negative,0.002471961903997896
1337681948446236674,positive,0.6921859948915926
1337681991819538435,negative,0.004185686458419696
1337682013860597761,negative,0.004185686458419696
1337682023817883648,negative,0.004185686458419696
1337682045187682306,negative,0.00022399526370002227
1337682051042971648,negative,0.08664543337899457
1337682070924120065,negative,0.019872903506794028
1337682091320991745,negative,0.04524631248117393
1337682094382837760,negative,0.008787525787110336
1337682096958140416,negative,0.022478944983840413
1337682099743158274,negative,4.494986437756992e-07
1337682105413718019,negative,0.03317602771242556
1337682108857376768,negative,0.3058898152147171
1337682125751980032,negative,0.00014033622836739695
1337682159071604737,neutral,0.49789225920557484
1337682165056811009,negative,0.0033131767743101747
1337682189316730882,negative,0.255196666107399
1337682214826496000,positive,0.9442831823236748
1337682223110238209,negative,0.08664543337899457
1337682227241619456,positive,0.999729602362536
1337682230857043970,negative,0.0015419043889848625
1337682240843689984,negative,0.014552053533400873
1337682246036299777,positive,0.8074520442451756
1337682267129475073,negative,5.888484198830234e-05
1337682275169812481,neutral,0.33599433844456006
1337682299752566785,negative,0.02720840947339572
1337682308124602369,negative,0.005552876952081439
1337682315640713216,negative,0.08483050824707468
1337682329997893632,negative,0.016254766276448326
1337682345781030912,neutral,0.44646187679722754
1337682362721857536,negative,4.679105094521645e-06
1337682375761948672,negative,0.008787525787110336
1337682385035517952,positive,0.797535264767252
1337682394984427521,negative,0.0017415436893258175
1337682400206315521,negative,3.675568413731876e-10
1337682403138162689,negative,0.01903681060046628
1337682408301277184,negative,0.0011289080590502095
1337682411686129665,negative,0.00515927606663951
1337682414622158849,negative,0.3130500620774301
1337682445458616320,neutral,0.46127768308170247
1337682466644123648,negative,0.03722916092543675
1337682469500358658,negative,0.08483050824707468
1337682493244313601,negative,0.27739286364297594
1337682522591928320,negative,0.020143260801760876
1337682557522112513,negative,0.027584443971543058
1337682572873175040,negative,0.038825399724772856
1337682574450241536,negative,0.03557488044672263
1337682595274952704,negative,0.004185686458419696
1337682599007956992,negative,0.05011247909378528
1337682612958072833,positive,0.9258995724534587
1337682620226932737,negative,0.1579495403751107
1337682647640903681,negative,0.004185686458419696
1337682660391575552,neutral,0.4737554465528978
1337682698610106368,negative,0.004185686458419696
1337682706533130240,negative,0.0011289080590502095
1337682713956986882,negative,0.04775855780266534
1337682738590212096,negative,0.013846625332650984
1337682746068635650,negative,0.0005542516204060637
1337682763630129152,negative,0.22409990751272557
1337682776192147456,negative,0.2409633631678595
1337682845804978176,negative,0.1778254533115504
1337682853669314562,positive,0.9373784051680953
1337682866650529793,positive,0.9258995724534587
1337682869855121408,negative,0.1826480758382635
1337682879967621120,negative,0.1596860379206534
1337682899471130624,negative,0.002814476087825506
1337682903514411010,negative,0.004588116493548367
1337682909143175168,negative,0.004473255685343084
1337682914268622848,negative,0.17565638232523356
1337682929112162304,negative,0.00090904704370781
1337682969813774337,negative,0.16053496138444454
1337682978063994881,negative,0.044635885341052665
1337682990248259586,positive,0.9258995724534587
1337682998867718144,neutral,0.4940605368235655
1337683015087087616,negative,0.07956438808700578
1337683024788348928,negative,0.004185686458419696
1337683059710124034,negative,3.5524949229788885e-07
1337683102563508224,neutral,0.62803177803702
1337683106250321920,negative,0.012057927303475283
1337683107651215361,negative,0.005177407006649831
1337683143864836099,negative,0.15047211265934285
1337683146205253634,negative,3.887587236704638e-07
1337683150932221952,negative,0.1596860379206534
1337683155864719360,negative,0.0026322325206776316
1337683156795789312,negative,0.04761349159987027
1337683167646511105,negative,0.004473255685343084
1337683170326622208,negative,0.038929329575363505
1337683183140220929,neutral,0.49789225920557484
1337683183316373504,negative,0.008787525787110336
1337683200630530050,negative,0.2546916305421647
1337683215960649729,neutral,0.4940605368235655
1337683221086154753,negative,0.046825416501074295
1337683235833319426,negative,1.474352288901089e-06
1337683239209742336,negative,0.0005799401253812773
1337683244897218565,neutral,0.436776269478966
1337683248269365255,negative,0.004739625976606154
1337683255080968195,negative,0.012733965306920133
1337683261498286080,negative,0.0850974611931103
1337683276010500102,negative,0.004185686458419696
1337683276773912576,negative,0.004473255685343084
1337683277168209921,negative,0.04555288794879434
1337683320235302913,negative,0.048151315673164746
1337683328716206081,positive,0.9057778320852357
1337683329685082112,negative,0.0016321529633905143
1337683344998486018,negative,0.2409633631678595
1337683372529889283,neutral,0.4766147156024657
1337683375256166400,negative,0.11623939051048789
1337683375604310017,positive,0.6921859948915926
1337683398786158594,neutral,0.5533970533999424
1337683404935065600,negative,0.018591940118332213
1337683407535542272,negative,0.004185686458419696
1337683411327193088,negative,0.0007817544224488811
1337683436849537025,negative,1.474352288901089e-06
1337683444730572803,positive,0.7230964336509704
1337683464737394690,negative,0.1890080277625316
1337683477530021888,negative,0.15859611078959393
1337683492633784320,negative,0.008787525787110336
1337683502163255298,negative,0.00691374221817432
1337683520622354432,negative,4.679105094521645e-06
1337683528578977793,negative,0.04807898418345754
1337683531296878593,negative,0.1913986467538635
1337683533775691776,negative,0.004473255685343084
1337683536921452546,negative,1.474352288901089e-06
1337683550506717184,negative,0.0029157689958516663
1337683553539280897,positive,0.8074520442451756
1337683559293870081,negative,0.115536780834699
1337683577392259074,negative,0.10390876712042918
1337683581011898368,negative,0.10885137498045516
1337683587546669058,negative,0.22409990751272557
1337683598586097665,negative,0.0005799401253812773
1337683598720331778,negative,0.008787525787110336
1337683598959398912,negative,0.004185686458419696
1337668510315552771,negative,0.0008682922729321018
1337668510424559617,negative,8.800146986210671e-08
1337668510588104705,negative,0.00022867557085630446
1337668510818963456,negative,0.0005402105941094861
1337668511729127425,negative,3.088757941265508e-11
1337668512861597697,negative,0.0002976308281302691
1337668513092104193,negative,0.028414556454859012
1337668513578639361,negative,0.028260071253511612
1337668513738219523,negative,0.005146322347973684
1337668513989705731,neutral,0.33119170289224464
1337668514061164545,negative,0.00918217254230128
1337668514166034432,positive,0.7342572819189132
1337668514325262337,negative,0.053776386500208176
1337668514656604167,negative,0.00149659733533875
1337668514702741504,negative,4.422750110705221e-05
1337668515101368321,negative,0.13514461400676583
1337668520918855680,negative,0.0005719781898439768
1337668524978933765,negative,0.2889111038316083
1337668525113057282,negative,0.026140866941599738
1337668528858664961,neutral,0.6031888180885153
1337668531144560642,negative,0.00825990676587027
1337668531769454592,negative,0.00019295356139209418
1337668543773634560,negative,0.16733962349136758
1337668546361511936,negative,0.00030288706393697074
1337668549406584832,negative,0.09343565429787228
1337668556792745986,negative,0.0003288984655362324
1337668560424996866,negative,0.004364672062817546
1337668566443683840,negative,0.042862608420530746
1337668568222216192,neutral,0.5616632357752934
1337668571917393923,negative,0.18710186323403927
1337668574803070977,negative,0.0015893712361400997
1337668578061942785,positive,0.9574307131512887
1337668580129689601,negative,0.08106434289487681
1337668581660778496,negative,0.10141049836919724
1337668581912436736,negative,0.03566408410566488
1337668587117535232,positive,0.9574307131512887
1337668587704750080,negative,0.00086054624046758
1337668590745501696,negative,0.01137319007329293
1337668597523476480,negative,0.006490462458955733
1337668598911782912,negative,0.12188095032572036
1337668606944022530,negative,0.001021515730058111
1337668607451533313,negative,8.408998504972869e-06
1337668612417531905,negative,0.0012031774804784204
1337668613923348480,negative,0.03318323168912741
1337668622819467264,positive,0.9904251635169738
1337668623196950530,neutral,0.3657710083399395
1337668636740300800,negative,0.05548676414379023
1337668639814807553,negative,0.0016998101714087062
1337668647410688000,negative,1.761792820363179e-06
1337668660639383553,negative,0.0008924524741967695
1337668661650329600,negative,0.0005881354569905126
1337668666759012352,negative,0.0006028462033257211
1337668670127038464,neutral,0.6023815010373753
1337668684853243904,positive,0.9574307131512887
1337668685671051266,negative,0.00825990676587027
1337668690561687552,neutral,0.4153373325707398
1337668696710451201,negative,0.030522099394245918
1337668703538851843,negative,0.0630212520304453
1337668706680369156,neutral,0.3657710083399395
1337668718088876032,negative,0.006103722217942115
1337668723587469312,negative,6.704016983551783e-06
1337668725433098240,negative,0.030522099394245918
1337668729983873033,positive,0.8624685616235115
1337668736589950976,negative,2.1740782335581976e-05
1337668738062184449,negative,0.04107906658617413
1337668738066251777,negative,0.021056602379196515
1337668740280844288,negative,0.014188602430326342
1337668742508122112,negative,0.0006684344205722465
1337668746157187075,negative,0.001155495048072492
1337668746815553538,negative,0.042862608420530746
1337668748061372416,negative,0.05045828322730819
1337668748250058752,negative,5.4591769040779334e-05
1337668758307934208,negative,0.035694566503075315
1337668759130157056,negative,0.000557902040973888
1337668768122679296,negative,0.18127893390073668
1337668773084602370,positive,0.9999917645894426
1337668775710248961,negative,0.28317074239465084
1337668776016420866,negative,1.4718350767743292e-08
1337668779015213057,negative,0.30384825870525856
1337668779136847875,negative,0.30384825870525856
1337668782752489472,neutral,0.5497018517611811
1337668795729588224,negative,8.83834836388525e-09
1337668796912381953,negative,1.3032423475990227e-08
1337668801702268928,positive,0.7504381380024477
1337668802729926657,negative,0.2700871639158289
1337668804986482689,negative,0.09343565429787228
1337668807561605122,negative,0.026140866941599738
1337668808715079681,negative,0.11229462451996239
1337668815262461952,negative,0.04107906658617413
1337668816357224448,negative,0.28317074239465084
1337668820790603777,neutral,0.4293905706731522
1337668821444911104,negative,0.06119783118255625
1337668825471442944,negative,0.20719928965719106
1337668831393755138,negative,0.1229640054330442
1337668831565721606,negative,5.441319178903436e-05
1337668831972560897,negative,0.24121255048297818
1337668832933113861,positive,0.8573710791234533
1337668849299288066,negative,0.011368885890430792
1337668857671151616,negative,0.00035656912652275077
1337668858568708098,negative,0.028649221640048347
1337668863677378560,negative,0.17530011606073342
1337668865002622976,negative,0.09343565429787228
1337668865057239040,negative,0.001155495048072492
1337668869851328514,negative,0.0650395307883397
1337668871143092224,negative,0.2029934836553112
1337668874725101570,negative,0.00010609840550594329
1337668887756804098,negative,0.042862608420530746
1337668887869976579,negative,1.3845703995231887e-07
1337668888927014914,negative,0.030522099394245918
1337668893440000004,negative,7.285108106730185e-06
1337668894631337984,negative,0.023859138454953806
1337668898280366080,neutral,0.463914362054325
1337668907365265408,neutral,0.42681064232654176
1337668915577688065,negative,6.3904038478433805e-06
1337668925799206912,negative,0.03434731707106214
1337668926923284481,negative,0.17049253340523368
1337668929892864001,negative,0.02744415325756773
1337668934024237058,negative,1.6455193344663613e-06
1337668936029114369,positive,0.8423158352290109
1337668938432299008,negative,0.00981854664965957
1337668946984579073,negative,0.0736401149528525
1337668948981059584,positive,0.9574307131512887
1337668949970915328,positive,0.9574307131512887
1337668952017817600,neutral,0.3346616907414154
1337668954131673088,positive,0.9574307131512887
1337668957789155329,negative,0.04961806026037516
1337668961417134080,positive,0.9574307131512887
1337668963627634688,negative,0.0022887959993933018
1337668970237878274,negative,6.810908443461551e-06
1337668974776115200,positive,0.9904251635169738
1337668980627140609,negative,0.04107906658617413
1337668986297847808,negative,0.27781596414135684
1337668988638130177,negative,0.042862608420530746
1337668992597680130,negative,0.0005115790229879142
1337669001128759299,negative,0.00443044447298966
1337669010276704256,negative,0.0002329097463188662
1337669014018011136,negative,0.0971811807054883
1337669014093328384,negative,0.002882678083985759
1337669014844268544,negative,2.3712679061519827e-05
1337669018371633152,negative,0.09355520750495401
1337669018577145859,negative,1.134800205262337e-05
1337669024847704064,positive,0.9527125882639778
1337669040622407683,negative,0.001021515730058111
1337669043185135617,negative,0.010640514397955653
1337669048172224512,negative,0.0015604982342394354
1337669051380871168,negative,0.042862608420530746
1337669055759740930,negative,2.7438886154333273e-05
1337669064441950212,negative,0.21921412548362115
1337669067348512768,neutral,0.5923655234788764
1337669078610132992,negative,0.015351630615822369
1337669082460643328,positive,0.9527125882639778
1337669090064932864,neutral,0.4985928500860049
1337669090538766336,negative,3.617883056710755e-05
1337669100621979648,positive,0.9574307131512887
1337669104455606272,negative,9.856794132995956e-05
1337669104912752643,negative,0.015351630615822369
1337669106313596929,negative,0.06583626392297694
1337669106737287168,neutral,0.3657710083399395
1337669123107672067,negative,0.0013624242331086872
1337669127591366656,negative,0.0006812245955290208
1337669129290002434,negative,0.07734484813368461
1337669131143946240,negative,0.00010609840550594329
1337669134121914370,positive,0.9574307131512887
1337669134524420097,negative,0.042862608420530746
1337669139738087426,negative,1.5118157536311612e-05
1337669139930828800,negative,0.26324261482142003
1337669141277380609,negative,0.10524054078607217
1337669143387107328,negative,0.26962410242587276
1337669144842559488,negative,0.0026626108023794686
1337669154153836546,positive,0.9193190228119734
1337669155458326528,negative,0.06339567127969255
1337669169089634305,negative,0.0014508864449227967
1337669193685200897,negative,0.12216484757674437
1337669198609338368,negative,6.2490937125543095e-06
1337669206364594176,negative,0.0013822055346019147
1337669206633025538,negative,0.1461052126651744
1337669212538540033,negative,1.912382980342399e-09
1337669213851430913,negative,0.048970124819388575
1337669232843223040,positive,0.9527125882639778
1337669237259776000,negative,2.334086234415266e-06
1337669238509744129,negative,0.05206907626763685
1337669240334258176,negative,0.12168333127867297
1337669251025530886,negative,0.004729201021237937
1337669267760820224,neutral,0.5497018517611811
1337669270411436033,negative,0.31939114136953217
1337669270583521281,negative,0.0005243793489477423
1337669274232557574,negative,2.9505214750724523e-06
1337669274786123776,negative,0.03729135312177657
1337669277797724160,negative,5.404087527831219e-09
1337669285804613634,negative,0.30384825870525856
1337669292570107906,positive,0.9574307131512887
1337669298307825664,positive,0.9574307131512887
1337669298928705540,positive,0.9527125882639778
1337669305182392321,negative,0.042862608420530746
1337669310664282113,negative,0.1731334412110903
1337669316704153606,positive,0.9171528559299087
1337669343342178304,neutral,0.4507454498615163
1337669346319986694,negative,0.09618299733921519
1337669352619991041,negative,0.1776133770092075
1337669355363049472,negative,0.0003288984655362324
1337669356101246976,neutral,0.5495922250151081
1337669370923900928,neutral,0.43908690890639934
1337669380314951682,negative,0.298217525150845
1337669388724387840,negative,0.04107906658617413
1337669391043932161,negative,9.623333582683974e-05
1337669396722929672,negative,2.46326885475346e-09
1337669398245625856,negative,0.042862608420530746
1337669406432894977,negative,0.005434580028065968
1337669411004616706,negative,0.0008792993026603386
1337669417652674561,negative,2.4370305472126553e-06
1337669424069955587,negative,4.2090610346249844e-07
1337669424879456264,positive,0.9604827552514101
1337669432554958849,negative,0.002669297604250631
1337669447046361088,negative,0.03664745774528324
1337669447448932353,neutral,0.604001358217718
1337669454503833605,negative,0.04090064120300906
1337669456257019910,neutral,0.45471164239468376
1337669462665940992,neutral,0.49448562199732843
1337669466503737345,negative,9.724938658700268e-07
1337669469443940352,neutral,0.555405182051321
1337669478558085122,negative,0.0005719781898439768
1337669478927101952,negative,0.08106434289487681
1337669481238302720,negative,0.16351916533629138
1337669491015168002,negative,1.1277680745153842e-06
1337669492822970368,positive,0.9574307131512887
1337669499949035522,negative,0.18710186323403927
1337669507058438144,neutral,0.6547492371976302
1337669507406581761,negative,0.0008852423026460583
1337669508417392642,negative,0.0005984743290886078
1337669509117775874,negative,0.20529367188724928
1337669514310381570,neutral,0.40719712409104325
1337669515811942400,positive,0.7601139971580474
1337669517464387584,negative,0.0006870855678091394
1337669519851089923,negative,0.018073267883162755
1337669520048140288,positive,0.991022242951503
1337669533356666880,negative,0.000494784937004818
1337669539320967170,negative,2.1521009486514054e-10
1337669541913108480,negative,0.1051435437130408
1337669542152171520,negative,0.0002329097463188662
1337669542303199232,negative,0.04239459051782393
1337669561286582276,negative,0.0025564918040586943
1337669566663716865,negative,0.004632805254165121
1337669570740555777,negative,1.7836874693859608e-07
1337669572913229828,negative,0.16733962349136758
1337669580970287104,positive,0.9103574246372369
1337669581318524931,negative,0.17999397808659456
1337669587366719490,negative,0.01040042832314895
1337669596078333952,negative,0.28317074239465084
1337669602168467457,negative,2.8019503534041664e-07
1337669606710910976,negative,1.923293836968491e-08
1337669609223155712,negative,0.0013799949236005455
1337669615535742978,negative,0.18142228617901393
1337669616269746178,negative,0.08106434289487681
1337669617888751616,negative,0.00890200359571837
1337669621613293568,neutral,0.3426638101355001
1337669626067640321,negative,0.18124181380795734
1337669634238124033,negative,0.006735093010146478
1337669649203425280,negative,0.0004893575777669232
1337669650197450753,negative,0.003979528771278909
1337669653573853184,neutral,0.3675503703180284
1337669655628922888,negative,0.13215552421937796
1337669661622755328,negative,0.09555281461147966
1337669663120089088,negative,0.0007218912259581267
1337669665779277826,negative,0.04107906658617413
1337669673329025025,negative,0.0002329097463188662
1337669677586198528,neutral,0.33119170289224464
1337669693528793093,negative,2.271367738673955e-09
1337669693570748416,negative,0.19576596206432148
1337669698230620160,negative,0.00019295356139209418
1337669698251599872,positive,0.9999998586346905
1337669700768108544,positive,0.9527125882639778
1337669709362327553,negative,0.04107906658617413
1337669712763904000,negative,0.001021515730058111
1337669714605010945,negative,4.0068250441236995e-13
1337669715016216576,negative,0.005099538809300069
1337669723539054592,negative,0.07314063248155922
1337669727238426624,neutral,0.5136446707795853
1337669729545113601,positive,0.9574307131512887
1337669731743096833,negative,0.0003288984655362324
1337669745680781312,negative,0.014878662224772691
1337669758041337857,negative,1.1277680745153842e-06
1337669759014498304,negative,2.0790386420609567e-05
1337669769068244993,positive,0.7306894677065348
1337669769210675201,negative,0.19354476722022765
1337669773275111427,negative,0.0003288984655362324
1337669779776282625,neutral,0.5059432495205594
1337669783781662720,negative,0.021056602379196515
1337669786520739841,negative,0.00027614698131644483
1337669798973595651,negative,0.23221498627822013
1337669799946620930,neutral,0.45810791940636864
1337669802203238401,negative,0.1286063178425448
1337669802442305536,negative,0.015351630615822369
1337669812538011648,negative,0.2292230345691949
1337669816535150593,negative,0.22150794420653558
1337669818011570176,negative,1.6241741547697277e-05
1337669826916003840,neutral,0.38296308218221364
1337669835761872896,negative,0.22150794420653558
1337669839935188994,negative,0.0062044315031263945
1337669845605822464,positive,0.9527125882639778
1337669850475474944,negative,0.00011294461508039065
1337669854770438144,negative,1.6771007480456974e-08
1337669856829861888,negative,0.00325042844992597
1337669856989163528,negative,0.0554205732855345
1337669861040926720,negative,0.0223973530193961
1337669866262818816,negative,0.13211524219274964
1337669867458191361,negative,0.12061474849540466
1337669869731540992,negative,0.17724441928615686
1337669870415208449,positive,0.8249218178852609
1337669872625577985,negative,0.21544616587964877
1337669876912168960,negative,0.009898569794625889
1337669877050564608,negative,0.31405826550120775
1337670530510561282,negative,1.6241741547697277e-05
1337670531227803648,negative,0.004440866550522854
1337670535623413761,neutral,0.5159436667231726
1337670546960560129,negative,0.0566043926644096
1337670555319885825,negative,0.02196893992580256
1337670563070943234,neutral,0.39577629806103665
1337670580405940224,negative,0.11508390981042002
1337670588274335744,negative,0.21138396711913945
1337670595572625409,negative,2.3309434735967836e-08
1337670604279803904,negative,0.0003755865421492996
1337670613041774592,negative,0.00825990676587027
1337670614534983681,positive,0.8340194462102886
1337670624731422721,negative,0.00046316383449735853
1337670625192796160,negative,0.0005719781898439768
1337670627654832129,negative,2.9065815262770267e-05
1337670633497485313,positive,0.9904251635169738
1337670637914042369,negative,0.025465061621035245
1337670646088818688,negative,0.0003288984655362324
1337670648122978304,negative,2.7956966001639053e-09
1337670649028939778,neutral,0.4478814827726608
1337670651310641152,negative,0.017637657535481473
1337670673771229189,negative,0.12847519233730645
1337670683392872451,negative,0.001021515730058111
1337670689915080705,negative,0.00022756011966117867
1337670704666447872,negative,0.15008095496472415
1337670717610057729,negative,1.6639953680345037e-07
1337670721347137536,neutral,0.5441679502320558
1337670724719321088,negative,0.034604441599969005
1337670732705357824,neutral,0.4478814827726608
1337670737939877890,positive,0.9465310832091888
1337670755782447105,neutral,0.4228049693809008
1337670759985143810,negative,0.021523831531122934
1337670763806158848,negative,0.26458223782895807
1337670775281602560,negative,0.23378977435583267
1337670789383008257,positive,0.9527125882639778
1337670816302051328,negative,0.030522099394245918
1337670822060814336,negative,0.0736401149528525
1337670846886850562,negative,0.0005170457976250382
1337670868567289857,neutral,0.5076041873826427
1337670869049618432,negative,0.009971277045718745
1337670870479876096,negative,2.1726918199502504e-07
1337670875236216832,negative,0.18795859623648656
1337670878541320194,negative,0.09343565429787228
1337670879082377216,neutral,0.46127768308170247
1337670881825402880,negative,7.307015489655953e-06
1337670890893443072,negative,0.04107906658617413
1337670893762437120,negative,0.04351116210053477
1337670897575059456,neutral,0.5143447214613424
1337670898195828737,negative,0.01486857309382808
1337670910766006273,negative,1.1376407656527017e-05
1337670916499791872,negative,0.003560216181802723
1337670916751433734,positive,0.9033027703453375
1337670918215094272,negative,3.342580926564844e-08
1337670920924778496,negative,0.0006911997097402311
1337670921985855490,negative,0.21138396711913945
1337670924913561601,negative,0.0003114051763029124
1337670932572344320,negative,0.0012906024168437102
1337670936829554688,negative,2.008319531018783e-05
1337670940159848448,negative,0.00825990676587027
1337670945377562626,negative,0.04107906658617413
1337670948691058689,negative,8.36267065132253e-05
1337670953464172546,negative,0.00019295356139209418
1337670956639080461,negative,0.06415284253048088
1337670961823272960,negative,0.006490462458955733
1337670986079080448,negative,0.14164825239686382
1337670991120482305,negative,0.042862608420530746
1337671007319023617,negative,0.02160626968690709
1337671016634609664,negative,2.3700731847537275e-07
1337671022179479554,negative,0.0002486475676280508
1337671022691168257,neutral,0.5882311541586824
1337671025509638145,negative,1.7836874693859608e-07
1337671026340212737,negative,0.00523696468100946
1337671026877083648,neutral,0.5403755668439029
1337671027141324801,negative,0.002655917320988606
1337671027162230795,negative,0.0006859072696179762
1337671029624344577,negative,0.0008134342725180859
1337671034850381825,negative,0.036651184710443825
1337671036540694530,negative,0.0016824542235463966
1337671049710809088,positive,0.9574307131512887
1337671057839431680,negative,0.00027145984540184157
1337671062805483521,negative,0.029645092983892743
1337671069294092288,negative,0.0015604982342394354
1337671070342635521,positive,0.9968745300950619
1337671076348907522,negative,0.02178742358931175
1337671079062597632,positive,0.9999998167120648
1337671079582699525,negative,0.0014696011795063356
1337671080119513089,negative,0.00019295356139209418
1337671081788923905,negative,0.0004899682865063464
1337671085181919232,negative,0.11737848490858112
1337671097303621633,positive,0.9526509696145211
1337671102592675842,positive,0.9574307131512887
1337671110226288640,neutral,0.6367476515539328
1337671112960995328,negative,0.031492538734706775
1337671124168155136,negative,5.595894585679457e-09
1337671125896204288,negative,0.049947627496909196
1337671127850741760,positive,0.9574307131512887
1337671131986231296,negative,1.8082738916189703e-06
1337671133752041472,negative,7.960091769721121e-07
1337671143847833601,negative,0.003560216181802723
1337671143952617472,negative,0.008905236940701939
1337671150382551040,negative,0.1730235035342954
1337671153633136641,negative,7.293807107310045e-07
1337671158976700418,negative,1.0790891863829458e-06
1337671160826384387,negative,0.00033772576921819384
1337671162097090560,positive,0.9574307131512887
1337671163506356225,negative,7.285108106730185e-06
1337671176093642753,neutral,0.4568529006444611
1337671176622141441,neutral,0.5468353340593204
1337671176697618432,negative,0.008411708004880739
1337671181298774016,negative,0.08906365141184228
1337671188559114240,negative,0.17530011606073342
1337671190333231104,negative,0.001021515730058111
1337671208687505409,negative,0.1541340274102975
1337671210717614080,negative,3.6948724714927133e-06
1337671213246722049,negative,0.1334327914869038
1337671213825609729,negative,0.1334327914869038
1337671222210027522,positive,0.9904251635169738
1337671226228150273,negative,0.31652767339412746
1337671227700367360,negative,0.018145415211949536
1337671229885571073,negative,0.1541340274102975
1337671230208544769,negative,0.27421737006627306
1337671230942564352,negative,0.003560216181802723
1337671231798202374,negative,0.1882248867174366
1337671232758697984,negative,0.17074213995589685
1337671232846753793,negative,0.23182680822916144
1337671235489107968,negative,0.3212062024837526
1337671240262291458,negative,0.022150087356673513
1337671241642151936,negative,0.1541340274102975
1337671251985190912,negative,7.285108106730185e-06
1337671257635098624,negative,0.03394898921679303
1337671261707587587,neutral,0.49789225920557484
1337671264161460224,negative,0.004068080762576415
1337671289457287170,neutral,0.5497018517611811
1337671290648289281,negative,0.01809411946116218
1337671291478880256,negative,0.003180472877084762
1337671300056293377,negative,0.05344044961285799
1337671308935618560,negative,5.137681450537706e-05
1337671321799561216,negative,0.1334327914869038
1337671322588094465,negative,0.2066197084004037
1337671326518169600,negative,2.973029553339506e-05
1337671333434503168,negative,0.27569679953862697
1337671348441800705,negative,0.0009463653955100171
1337671349138026496,negative,0.0008560036243183859
1337671349637099521,negative,0.005946026842202357
1337671353026060289,negative,0.003105673588807951
1337671353261023233,negative,0.03817877384358836
1337671354544427008,negative,0.042862608420530746
1337671355156877315,positive,0.9227263965452488
1337671355265916935,negative,0.08611010184414632
1337671370159820800,negative,0.0003555647720614937
1337671377990656004,negative,0.00825990676587027
1337671388946182144,neutral,0.40112326862808023
1337671394419757056,negative,0.035694566503075315
1337671402833395714,negative,0.042862608420530746
1337671404746108928,positive,0.860195728233652
1337671405454970882,negative,0.09343565429787228
1337671415387009024,negative,0.14164825239686382
1337671419115823105,negative,0.018145415211949536
1337671431543459842,negative,0.035694566503075315
1337671436954169355,negative,0.18510584083029594
1337671437050589187,negative,0.03927976538866591
1337671476363882496,negative,0.09344385430597328
1337671478549098497,negative,5.193170991206637e-05
1337671478758658053,negative,0.024985260952058327
1337671479480242178,negative,0.0003288984655362324
1337671495133310977,negative,0.1334327914869038
1337671499403157509,negative,0.12206597323813959
1337671504163696640,negative,0.1334327914869038
1337671504205590528,negative,0.08106434289487681
1337671507506499584,negative,0.04107906658617413
1337671513475063808,negative,0.016685564477238127
1337671522434113536,negative,0.19494430316765815
1337671525420371969,negative,0.042862608420530746
1337671534463373312,neutral,0.5497018517611811
1337671538917732353,negative,0.0005629799646730802
1337671542310842369,neutral,0.43306692448710593
1337671545410510849,negative,0.024992085894411507
1337671547033583617,negative,1.7836874693859608e-07
1337671552096210945,negative,1.626487938909119e-05
1337671553367093249,negative,0.18510584083029594
1337671561575235584,negative,7.366279955958404e-13
1337671564486176768,negative,0.0012404323657149898
1337671566667075585,negative,0.07758820989901617
1337671567346708482,negative,0.011471109336377098
1337671581259223040,negative,5.6391970033691596e-09
1337671584337850368,negative,0.2603200704115563
1337671587361927168,positive,0.9904251635169738
1337671606823481347,negative,0.043944560652395465
1337671608484438017,negative,0.046353845783225295
1337671610967478274,positive,0.9574307131512887
1337671624317919232,neutral,0.6081368803631658
1337671624871514115,negative,0.1334327914869038
1337671638217723904,positive,0.7306894677065348
1337671639375331329,negative,0.01809411946116218
1337671653795520514,negative,0.1334327914869038
1337671661680812037,negative,0.04107906658617413
1337671663593336834,negative,8.299219232604801e-05
1337671665224978432,negative,0.28317074239465084
1337671666068049920,negative,0.030522099394245918
1337671670937612289,negative,0.001021515730058111
1337671673873649664,positive,0.7863920363562114
1337671693687545856,positive,0.8567089473102656
1337671696564826112,negative,3.6948724714927133e-06
1337671697130872833,negative,0.042862608420530746
1337671702579441666,negative,0.1334327914869038
1337671703296700419,negative,0.013944513458747082
1337671704387194881,negative,0.042862608420530746
1337671716928172035,negative,0.31652767339412746
1337671725970989057,negative,0.06583626392297694
1337671730261716994,negative,0.01809411946116218
1337671740051304451,negative,0.001021515730058111
1337671751380193281,negative,8.83834836388525e-09
1337671759168933889,negative,0.31652767339412746
1337671759743553536,negative,0.0659262772196265
1337671760876081152,negative,0.00025185374451909895
1337671760913850368,negative,0.22131538991058752
1337671762775953411,negative,0.19494430316765815
1337671770321588225,negative,0.10139017318907137
1337671771462410240,positive,0.6687397554144151
1337671786683633666,negative,0.00012085325584303184
1337671787602202625,negative,0.18445974395704856
1337671795038556161,neutral,0.5495922250151081
1337671795491680256,negative,0.04351116210053477
1337671804698103810,negative,0.009518193003869736
1337671805905977344,negative,0.01809411946116218
1337671812189184000,negative,0.031687160597112414
1337671812969271296,negative,0.08958647070642788
1337671822775472133,negative,0.042862608420530746
1337671822901465088,negative,1.6241741547697277e-05
1337671823249436673,negative,9.102668717358022e-05
1337671826068164608,neutral,0.5468353340593204
1337671836272889857,negative,8.83834836388525e-09
1337671839091466240,neutral,0.5337340616116206
1337671840416796672,negative,2.8200833673504692e-05
1337671848373481473,negative,0.08046976373430807
1337671849820315648,positive,0.9574307131512887
1337671850445430784,negative,0.0001045849781075428
1337671853515689984,negative,0.10445300136530959
1337671856896299009,positive,0.8619658540957557
1337671859287023617,negative,0.032587518878005844
1337671867805671424,negative,0.00018486869393950724
1337671869273690112,negative,0.10914970679817101
1337671870578094080,negative,5.259376695831554e-06
1337671873329553408,negative,0.16900293358106305
1337671879746875392,negative,1.536233369700123e-06
1337671881122603010,negative,0.0007631243081325127
1337671885220442118,negative,0.1334327914869038
1337671887388815360,positive,0.9002304015750144
1337671896452616194,negative,0.29164448748618527
1337671896909942785,negative,0.18459858958932926
1337671905147453444,negative,0.00035656912652275077
1337671908595273728,negative,0.005563457496110206
1337671910713401345,negative,0.1334327914869038
1337671912009379840,negative,0.24490252709612087
1337671922117652480,negative,0.037876817891336796
1337671923506032640,positive,0.9574307131512887
1337671927771656193,negative,1.95494402040809e-07
1337671930703450112,negative,0.12134699624636024
1337671937196257290,negative,0.06119783118255625
1337671937351442432,negative,0.22296747325667962
1337671938534232066,negative,8.83834836388525e-09
1337671939486203909,negative,0.0019538615128994485
1337671939561701379,negative,0.0015757546653359488
1337671942917271552,negative,0.0011784872897040689
1337671947640057857,negative,0.00043576973951456
1337671947690401792,negative,0.28317074239465084
1337671951809208320,negative,0.00035656912652275077
1337671953646313472,negative,0.042862608420530746
1337671962580185089,negative,0.00010609840550594329
1337671965029634048,negative,0.002084094778050519
1337671969261674497,negative,0.0002204584459469045
1337672057358782464,negative,0.25987771694709216
1337672060416495616,negative,1.6241741547697277e-05
1337672064812146688,positive,0.7029816083463494
1337672066569531392,negative,4.814912912008748e-13
1337672073183948802,negative,8.447660108749806e-11
1337672088438640640,negative,0.03815023908457178
1337672107870851074,negative,0.00010609840550594329
1337672110819454978,negative,0.03764000339548693
1337672122689351680,positive,0.9998324610151659
1337672130545139714,negative,0.01809411946116218
1337672130914299905,negative,0.00019295356139209418
1337672142671011841,negative,0.21722634913649352
1337672149981687811,negative,0.030522099394245918
1337672160219959296,negative,5.528645470977382e-05
1337672163004882944,negative,0.18043814492210541
1337672164821118976,negative,0.049947627496909196
1337672170110115840,negative,0.1334327914869038
1337672172001767424,negative,0.14221820015967424
1337672175973752834,negative,0.2238480987812078
1337672196030947331,negative,0.017906399305212563
1337672197373128705,neutral,0.5403755668439029
1337672213948997633,negative,1.1751318586900474e-06
1337672217132470272,negative,0.31652767339412746
1337672219632283648,negative,0.008577281107923412
1337672223088324609,negative,0.00033772576921819384
1337672226154360842,positive,0.9999958884145428
1337672232437493772,positive,0.7664152616336927
1337672250938585090,positive,0.6879883819816629
1337672251131432960,negative,2.6062534364371008e-06
1337672258614161408,negative,0.00019295356139209418
1337672259947868166,negative,6.412129248107576e-06
1337672266755223552,negative,0.1334327914869038
1337672267715796993,negative,0.00026185428393821414
1337672272119803905,negative,6.0001234478877934e-05
1337672273365520386,negative,5.762071951936035e-05
1337672275726897152,negative,0.00033772576921819384
1337672276553199617,negative,0.08306574996055795
1337672280189624321,negative,0.0004893575777669232
1337672284140662784,negative,1.2523176942783235e-05
1337672285327683586,negative,0.029778224262346532
1337672285445005312,neutral,0.38966083377267685
1337672285457530880,negative,0.11558198945391361
1337672287869394945,neutral,0.41724555738738855
1337672290335592448,negative,0.021056602379196515
1337672290662830080,negative,0.08354452829427042
1337672293502291968,positive,0.7350571157177621
1337672303086346240,negative,0.09434187460638427
1337672306005598210,negative,0.00028831733250435615
1337672314515812357,negative,5.5975495978470424e-05
1337672316021428224,negative,0.009696690758414608
1337672320069079040,negative,0.0008792993026603386
1337672324376510472,negative,0.00023417371776823806
1337672326830297090,negative,9.75549136959948e-10
1337672332073046016,negative,2.072331632413982e-06
1337672350096117760,negative,0.04656945056996205
1337672350809153537,negative,0.011333953686684347
1337672357717032961,negative,0.01809411946116218
1337672362607652865,negative,0.26205402389485666
1337672362934857729,positive,0.784120933411162
1337672369406685185,negative,0.13410446658347383
1337672379795828737,negative,0.08106434289487681
1337672387022774273,negative,4.294181588934579e-12
1337672387324751873,neutral,0.3358218310945649
1337672395558162433,negative,0.018145415211949536
1337672405314101251,negative,0.04351116210053477
1337672416835887105,negative,0.0015604982342394354
1337672428277915648,negative,0.00010755491710034908
1337672456832765953,negative,0.000717612854274848
1337672798190280705,negative,0.18700361267718055
1337672801508073473,negative,0.024075461903393706
1337672802414047232,negative,0.26268046219034735
1337672803001266178,negative,0.003778165258669764
1337672807594029057,negative,2.4381760410387178e-08
1337672811582808070,negative,0.00033772576921819384
1337672811633127426,negative,0.04351116210053477
1337672813319233536,negative,0.0003288984655362324
1337672818553720837,negative,0.00019295356139209418
1337672839042920448,negative,0.09721969567177588
1337672840628342786,negative,0.014238835694036351
1337672854024892416,positive,0.9904251635169738
1337672855253884930,negative,0.18043814492210541
1337672865269878785,negative,1.308689680296713e-11
1337672865852887040,negative,0.00035656912652275077
1337672867228639234,neutral,0.3499352441185855
1337672871326396418,negative,0.001243775369846271
1337672880365060097,negative,7.960091769721121e-07
1337672881376022528,negative,0.0016573964795747235
1337672882630107142,negative,0.015831633033973645
1337672887692644354,negative,7.759443474829249e-05
1337672890540564481,negative,0.02554917550582189
1337672896173502465,negative,0.00035860115384947017
1337672896718757890,negative,0.007378405722397544
1337672901168951297,negative,0.01232176908325782
1337672902381101058,neutral,0.3358218310945649
1337672904201428993,negative,0.0005178754762278787
1337672907854495745,negative,0.08106434289487681
1337672907946909697,negative,2.973029553339506e-05
1337672908613644288,negative,7.285108106730185e-06
1337672909360336897,negative,0.13410446658347383
1337672912661340161,negative,0.1334327914869038
1337672918113923072,negative,3.374282086210773e-05
1337672918457868288,negative,0.0003929241705904714
1337672919028297728,negative,0.004881482503039431
1337672920592654346,negative,0.13288601921309695
1337672921154613248,negative,0.2569082663964248
1337672925059674116,negative,0.042862608420530746
1337672940100481024,negative,0.08899738544787245
1337672940289187840,positive,0.6875708134192252
1337672943317307395,negative,0.10445300136530959
1337672943992713217,neutral,0.555405182051321
1337672951383142402,negative,0.1473003911522739
1337672956479217665,negative,0.05045828322730819
1337672961055027201,negative,0.17328356070226483
1337672964976873472,neutral,0.41620183757921075
1337672971679375361,negative,4.704691776073579e-08
1337672987747770368,negative,0.16733962349136758
1337672990545285121,neutral,0.5435411330217309
1337673001102262278,positive,0.7927729141968752
1337673002184392709,negative,0.0736401149528525
1337673009239371776,negative,0.01632644514972978
1337673011122630658,negative,0.17530011606073342
1337673019381190656,negative,0.00018846375634474225
1337673037504598016,negative,0.042862608420530746
1337673046258294784,negative,0.03566408410566488
1337673048711901185,positive,0.9574307131512887
1337673050796515329,negative,0.03753801080572964
1337673054273609728,negative,0.08106434289487681
1337673060254691329,negative,0.0005719781898439768
1337673063413002240,negative,8.83834836388525e-09
1337673066193817600,negative,0.005026757024534984
1337673067674394625,negative,0.000305468552089022
1337673068395847680,negative,0.009340093563887125
1337673070933315586,negative,0.030522099394245918
1337673071499546629,negative,2.5780287126423878e-06
1337673073647083522,negative,0.011333953686684347
1337673076759261186,negative,1.617998398563175e-06
1337673085336641536,negative,0.01330282595248724
1337673088331206657,negative,0.23646678987428343
1337673090646626306,negative,0.00019295356139209418
1337673091204395008,negative,0.014238835694036351
1337673096204070914,neutral,0.43930100118175125
1337673116194107392,negative,0.020711495734865575
1337673118974963713,negative,1.865734547718069e-05
1337673132270891010,negative,0.1871028951597959
1337673132962795523,negative,0.042862608420530746
1337673133462052864,negative,1.9232056352913263e-05
1337673133910876160,neutral,0.5206819379132678
1337673134070173697,negative,9.234086894155207e-05
1337673136070930432,negative,0.2384394313300066
1337673150490939392,negative,0.030575631741770835
1337673154920128512,neutral,0.5793423250754108
1337673167255580672,negative,0.00025311996045478434
1337673167637196802,negative,0.00909531560815828
1337673171751870466,negative,0.15790314311837153
1337673178773131265,positive,0.9700360658697721
1337673179905613824,negative,0.17680592982454812
1337673182984237059,negative,0.07393459354148145
1337673191737712647,negative,0.17680592982454812
1337673191850975232,positive,0.8666169120374345
1337673196515041281,negative,0.18956348736648002
1337673200600276992,negative,2.060938906189233e-13
1337673204664561665,negative,1.1213096860639109e-05
1337673208644952065,negative,0.08306574996055795
1337673209248948225,negative,7.285108106730185e-06
1337673211379593218,neutral,0.3657710083399395
1337673212499464193,negative,0.22380261318243402
1337673220527370240,negative,0.0249685967951183
1337673223043907585,negative,0.042862608420530746
1337673225979875330,negative,0.10445300136530959
1337673227234107398,negative,0.14921962366443026
1337673233433288707,negative,0.05045828322730819
1337673237782814720,negative,0.0003543003151025888
1337673240462815233,negative,0.00015244879292437561
1337673247568125952,negative,0.0024825789084286574
1337673250080485378,negative,0.08106434289487681
1337673250080493569,neutral,0.3796886693634454
1337673261937799168,negative,0.298217525150845
1337673264794046470,negative,0.27781596414135684
1337673268116008961,negative,0.09390133855206216
1337673268430573568,negative,0.05255864026189574
1337673270389317634,negative,0.03319654939169197
1337673274407481346,neutral,0.555405182051321
1337673656529522689,negative,1.2060266231901948e-06
1337673660723826695,negative,1.2060266231901948e-06
1337673670353952770,negative,1.3500863945581759e-08
1337673672522407938,negative,2.973029553339506e-05
1337673673331908611,negative,0.020820531745936836
1337673677450719233,negative,0.00825990676587027
1337673683494707201,negative,0.10404495241321535
1337673685969358849,negative,2.6062534364371008e-06
1337673688599076867,negative,0.08106434289487681
1337673691627458561,negative,0.09343565429787228
1337673714725494784,negative,0.0001837630991689969
1337673717422428160,negative,0.020820531745936836
1337673728927338497,negative,0.07318088270829569
1337673729225134081,negative,0.042862608420530746
1337673740734377987,negative,0.021523831531122934
1337673746614792193,negative,0.00010042415882198532
1337673773282029568,negative,0.21071994669255564
1337673776033656833,positive,0.860195728233652
1337673794849288192,negative,0.1334327914869038
1337673795331641344,negative,0.07713781727068877
1337673796183072770,neutral,0.48728019602140255
1337673810804400128,negative,0.0003571589828987047
1337673812574343170,negative,0.00014381442033384624
1337673825442549763,negative,1.4822143784795402e-05
1337673825539026944,negative,9.856282686227351e-17
1337673827665518594,negative,0.22555036848497992
1337673836125429763,neutral,0.49789225920557484
1337673846376292353,negative,0.011609961793364999
1337673846992883713,positive,0.9574307131512887
1337673849345863681,negative,0.001021515730058111
1337673853032673280,negative,0.14908347779845935
1337673860628553728,negative,0.030522099394245918
1337673862327263233,positive,0.828300465658326
1337673863065448448,negative,0.008577281107923412
1337673864873172992,negative,1.7836874693859608e-07
1337673866769018880,negative,4.0647767702349366e-08
1337673867029082113,neutral,0.35668683505931853
1337673872322203648,negative,0.00018191396272651615
1337673873202925571,negative,0.32567700634374214
1337674286895656960,negative,0.003961057935380666
1337674292088147968,negative,0.00019295356139209418
1337674299147169794,neutral,0.33539253482702225
1337674300036407296,negative,0.0013624242331086872
1337674304272654337,positive,0.9033027703453375
1337674304507535360,negative,0.04069269054800484
1337674308097695744,positive,0.9995652616687967
1337674308097892352,positive,0.9574307131512887
1337674309674921985,negative,0.10524054078607217
1337674309704118274,negative,7.54442630548275e-11
1337674310039838721,negative,0.0016530454784385736
1337674316809445383,negative,0.00033772576921819384
1337674331992838145,positive,0.9953669406036293
1337674340599521280,negative,0.04351116210053477
1337674351156420608,negative,0.00234306779430684
1337674353228570627,negative,0.12242845693432643
1337674356718247936,negative,3.255367669614892e-08
1337674357657792512,negative,0.06339567127969255
1337674358945411072,negative,0.0026718646847690027
1337674361096978433,negative,0.0008559510223843171
1337674365354303488,negative,0.03936412782231903
1337674365379502082,negative,0.2393735800011429
1337674367757639680,negative,0.0037609524477526107
1337674369024200704,negative,0.04107906658617413
1337674369276010496,negative,4.366583297358189e-12
1337674372774055936,negative,0.039694986377960574
1337674373663166466,negative,0.03816408188547605
1337674387164700673,negative,0.035694566503075315
1337674393271607297,negative,0.03797663418638171
1337674395129671682,negative,9.102668717358022e-05
1337674401983115266,negative,0.0004916415422674805
1337674406768779265,positive,0.8495987156442176
1337674407796465665,negative,0.14908347779845935
1337674411168718850,negative,0.004985083543018178
1337674418735239168,negative,0.02314369722387261
1337674419490078723,negative,0.29990485876721057
1337674420408774658,negative,5.370496516239593e-05
1337674434094768129,positive,0.9574307131512887
1337674436204441601,positive,0.9574307131512887
1337674436720422916,negative,1.1927846724392623e-11
1337674438045802496,negative,0.042862608420530746
1337674449617817601,negative,0.0002717574222680279
1337674458820206593,neutral,0.3839818854855836
1337674459377963017,negative,0.10821150559619079
1337674465199738881,negative,0.024553248188671748
1337674466403491840,negative,0.0005055348554750176
1337674467162660864,negative,0.11366832645851863
1337674472300670978,negative,0.03936412782231903
1337674477556129793,negative,0.00035656912652275077
1337674477623238656,negative,0.000876366774248716
1337674485856686080,positive,0.9574307131512887
1337674488650063875,negative,0.004592673540082823
1337674491988746240,negative,0.054130410669475375
1337674492013912064,negative,0.16469123249495227
1337674494496817152,negative,0.01232176908325782
1337674498603147264,negative,0.011410130162211181
1337674515564924929,negative,0.1798099318685358
1337674520719740934,negative,0.004273950392734427
1337674527472570368,neutral,0.49789225920557484
1337674529804591105,negative,0.005338513087379257
1337674540634267648,negative,4.399690510237444e-05
1337674543616430081,negative,2.1740782335581976e-05
1337674548624297984,negative,0.00012411928164172511
1337674549761019906,negative,0.08102684450421606
1337674550289559552,negative,0.016447009777362406
1337674550306205696,negative,0.05041817134074305
1337674557847638016,negative,0.01486857309382808
1337674559428956161,negative,0.14991548800178608
1337674566936768512,negative,0.009309543073245219
1337674567175770112,negative,0.15008095496472415
1337674568794836993,neutral,0.429115051987205
1337674574562004992,negative,0.005733964912162887
1337674576290078721,negative,0.01251236653485765
1337674578269712384,negative,0.09687547556618396
1337674587623067648,negative,5.098308188520813e-05
1337674588294098946,negative,0.2307273161552749
1337674588973654019,negative,0.0020157065246408125
1337674592777871361,negative,1.617998398563175e-06
1337674596322062336,positive,0.9574307131512887
1337674596842172416,negative,0.2765056451377843
1337674617134198784,negative,0.006934320528246949
1337674626156072960,negative,0.025465061621035245
1337674626667847682,negative,0.020820531745936836
1337674633089331201,neutral,0.33941909454191344
1337674947016134657,negative,0.001361700084177073
1337674950380040192,negative,0.003022134473078962
1337674951088750594,negative,0.1161703863088507
1337674958818975744,negative,0.020820531745936836
1337674971946991616,negative,0.0003571589828987047
1337674974300090371,negative,0.06339567127969255
1337674980813836290,positive,0.9904251635169738
1337674982948806656,negative,0.015353560009634759
1337674985335369729,negative,0.2038781552324817
1337674988892147712,negative,0.056474023715819624
1337674993468104707,positive,0.9999998167120648
1337674995149975553,negative,9.632335444787114e-06
1337674999801536513,negative,0.008510016118236373
1337675004826296321,negative,0.08106434289487681
1337675013873397760,negative,0.04351116210053477
1337675017681821696,negative,1.1258751757022145e-11
1337675018331893763,negative,0.014238835694036351
1337675032638722048,negative,6.412129248107576e-06
1337675033137786881,negative,0.000996404806892749
1337675040125546496,negative,0.1229640054330442
1337675044529479680,negative,0.042862608420530746
1337675046198849537,negative,0.00891375960757663
1337675057267699714,negative,0.07734484813368461
1337675061738795008,negative,0.020711495734865575
1337675075080790016,neutral,0.5495922250151081
1337675075345068033,negative,0.002348190420265869
1337675080671760384,negative,0.020820531745936836
1337675084098662402,negative,0.030522099394245918
1337675084279013376,negative,2.6675639831827465e-06
1337675085075927040,neutral,0.3483776439259413
1337675086749380609,negative,0.00825990676587027
1337675087361830912,negative,0.0013822055346019147
1337675089337315331,negative,1.6303935462656977e-14
1337675092181053445,neutral,0.3537644729170905
1337675096769634306,negative,0.04069269054800484
1337675098447372289,negative,0.1595846467448206
1337675113932726277,neutral,0.5468353340593204
1337675114771525633,negative,0.051238247890796076
1337675125999751170,negative,0.0003288984655362324
1337675130739298304,negative,0.1334327914869038
1337675137089380353,negative,0.042862608420530746
1337675144752488448,negative,1.2772128074404422e-07
1337675146300108802,negative,9.152293415343781e-06
1337675153954791424,negative,0.008788546776127434
1337675159994556416,negative,0.03820892360002023
1337675160342523906,neutral,0.5753176671068002
1337675169092018176,negative,8.83834836388525e-09
1337675172170653696,positive,0.7863920363562114
1337675181704294411,negative,0.002655917320988606
1337675182887014400,negative,0.04351116210053477
1337675202851966983,positive,0.9120353561657135
1337675204210937858,negative,0.005338513087379257
1337675207465635840,negative,4.630468702037648e-05
1337675210011652096,negative,0.1334327914869038
1337675210993127424,negative,5.882606500380436e-06
1337675211827712000,negative,3.949691160752642e-08
1337675213803237377,negative,0.043082804476786855
1337675214331793410,negative,1.6241741547697277e-05
1337675214491041795,neutral,0.3895154497821916
1337675215200002049,negative,0.011333953686684347
1337675230769262592,negative,0.030522099394245918
1337675233487024128,negative,0.010638934056757027
1337675234305052673,negative,0.17530011606073342
1337675236024651776,negative,0.001787618477616367
1337675239023636480,negative,0.0016531955941995928
1337675240508416000,negative,0.21600921797656628
1337675246615322624,neutral,0.3657710083399395
1337675255544860672,negative,0.028614093443143297
1337675261131829248,negative,0.004881482503039431
1337675264650690560,negative,0.10618139292713151
1337675269382037504,neutral,0.44651909467314455
1337675269503651841,negative,4.741611248596467e-07
1337675274377424896,negative,0.13410446658347383
1337675285693657089,neutral,0.5465946854927832
1337675290772992002,negative,0.031687160597112414
1337675299803320321,negative,0.000876366774248716
1337675319923232768,negative,0.2248944731168186
1337675321747906564,negative,0.15653407704880598
1337675322997809158,negative,0.0021992423041577312
1337675325438889984,negative,2.6062534364371008e-06
1337675325749211137,negative,6.307852947518397e-06
1337675325975769088,negative,0.23376446950242957
1337675337182883840,negative,0.10882883354916083
1337675345244327937,negative,0.028275870503437887
1337675347567890433,negative,0.08531106549460697
1337675348767629315,negative,0.08106434289487681
1337675349094707201,negative,0.22131538991058752
1337675349132513281,negative,0.014965796968587896
1337675353133871105,negative,0.051238247890796076
1337675354866126851,negative,0.24592830773732788
1337675365834174467,negative,0.31652767339412746
1337675367541305344,negative,0.0032033049641786385
1337675368745070592,negative,1.9998896691933447e-05
1337675369785274372,positive,0.9999998586346905
1337675371345551361,negative,1.536233369700123e-06
1337675372540858368,positive,0.785884726992498
1337675375388737538,negative,0.042862608420530746
1337675381407707136,positive,0.9574307131512887
1337675390832218112,negative,0.18043814492210541
1337675393281777664,negative,0.011368885890430792
1337675393978019841,positive,0.9904251635169738
1337675397790654465,negative,0.06943451849322184
1337675412021932034,negative,6.688966116804721e-12
1337675414794362881,negative,5.395853340311687e-09
1337675417998733314,negative,0.023344816882562316
1337675418892058624,negative,0.15960408154779937
1337675430250356738,negative,4.704691776073579e-08
1337675435812003841,negative,2.4381760410387178e-08
1337675440685608963,positive,0.9574307131512887
1337675441612546048,negative,2.0051455512487785e-15
1337675459409096704,negative,0.006768862241012888
1337675474877751296,negative,0.014238835694036351
1337675489566216192,negative,0.16788814077129657
1337675491646595074,negative,0.037193697701752945
1337675496377769985,negative,0.27569679953862697
1337675502979436549,neutral,0.5688891278809474
1337675505080918018,positive,0.9574307131512887
1337675509778403328,negative,2.973029553339506e-05
1337675520222367744,negative,2.3085292032017516e-10
1337675521778388995,negative,0.0006968096371110804
1337675523850375168,negative,0.056858808422745474
1337675525066780672,negative,0.00019295356139209418
1337675532767531008,neutral,0.5337340616116206
1337675534088753152,neutral,0.5468353340593204
1337675550207381507,negative,0.0006367394562753019
1337675552803618816,positive,0.8038394990884332
1337675557190983681,negative,0.0004535114670565371
1337675562630983681,negative,1.0850674480495195e-06
1337675563960504321,negative,5.540281281463824e-06
1337675567001374720,negative,9.626119226563162e-11
1337675569480216576,negative,0.002395371638756114
1337675572990849026,negative,0.18704690757910064
1337675580045717506,negative,1.0697698352923305e-09
1337675580951687169,negative,0.042862608420530746
1337675587494817793,positive,0.7371313016664235
1337675594033664000,negative,0.00825990676587027
1337675597435318280,negative,0.03751750903264065
1337675597456162818,negative,0.011679525004118748
1337675610357981184,negative,6.0001234478877934e-05
1337675624345968640,negative,0.10524054078607217
1337675626506031105,negative,0.21734878186130294
1337675628271837185,neutral,0.38362567524756963
1337675628401790977,negative,0.0006829587685048127
1337675633497923584,negative,4.049418686479235e-05
1337675635452481537,neutral,0.49789225920557484
1337675641689432065,negative,0.030522099394245918
1337675644163993600,negative,0.0006684344205722465
1337675646412050432,negative,0.042862608420530746
1337675654331043840,negative,3.754031329279154e-06
1337675655203401728,neutral,0.3307531131426299
1337675672584642561,negative,0.0003288984655362324
1337675676065947648,negative,0.15237137935820858
1337675680125841409,negative,0.000181145391887684
1337675688476864512,negative,0.18267578609973814
1337675690347466753,neutral,0.5468353340593204
1337675694059507712,negative,1.9923925993274835e-05
1337675700887822337,negative,0.01544260944136916
1337675717484679168,positive,0.9978691865305654
1337675721066639363,negative,0.013601919287358046
1337675722714984448,neutral,0.45230826396013163
1337675730336034816,negative,1.7191983506215212e-06
1337675736300261377,negative,0.00019295356139209418
1337675744974135297,negative,0.0419909791680492
1337675745477455872,negative,0.0008924524741967695
1337675748862271488,negative,1.0850674480495195e-06
1337675749915045889,negative,0.019271181642624865
1337675751642910720,negative,0.00825990676587027
1337675753903689729,negative,0.009865769183257541
1337675772421672960,negative,0.00019295356139209418
1337675784614506504,negative,1.5546856164587403e-08
1337675784673083393,positive,0.7927729141968752
1337675792889868288,negative,8.416968005230357e-10
1337675801991450625,neutral,0.6082010167098881
1337675804356923393,negative,0.04107906658617413
1337675806278094850,negative,0.10524054078607217
1337675812737339393,neutral,0.4572502882042099
1337675815786598400,negative,0.00033772576921819384
1337675816612868096,negative,0.00010609840550594329
1337675823168573442,negative,0.00010609840550594329
1337675823764017152,negative,0.042862608420530746
1337675827983609856,negative,0.0280161440354696
1337675828499337217,negative,0.0013243051550732286
1337675829845876737,negative,7.152691583657889e-08
1337675831502573571,neutral,0.45230826396013163
1337675832396029954,negative,0.0037228045664036845
1337675841489293313,negative,0.011679525004118748
1337675841506054144,negative,0.05045828322730819
1337675847151407104,negative,0.005825707020687462
1337675847164112896,negative,0.0003288984655362324
1337675850955812866,negative,0.001139316212651509
1337675874175492097,negative,0.10590016800839762
1337675879590350848,negative,0.08306574996055795
1337675880257249281,negative,0.001787618477616367
1337675887081181184,negative,0.005563457496110206
1337675895738413060,negative,0.09441677842666417
1337675896631660544,positive,0.9574307131512887
1337675913362878464,negative,0.04351116210053477
1337675916470730752,negative,2.273985593293503e-07
1337675917003550723,negative,0.00010609840550594329
1337675923097849858,negative,0.13542790059161453
1337675924888825856,negative,0.14908347779845935
1337675928063774722,negative,0.004903462289410009
1337675930853052416,negative,0.042862608420530746
1337675935739502593,positive,0.8799653133151427
1337675936540602369,negative,0.06597730616218109
1337675941724688390,neutral,0.5734576952979002
1337675951610556417,positive,0.9996976631126012
1337675951723974656,neutral,0.49789225920557484
1337675963002474496,negative,0.23385183200556653
1337675968681537536,negative,1.3547245466288254e-10
1337675973072924673,negative,0.008326657069787647
1337675973685342209,neutral,0.5337340616116206
1337675977053310977,negative,0.08106434289487681
1337675977137123334,negative,0.004556002968630222
1337675987564236800,negative,6.0001234478877934e-05
1337675992018644992,neutral,0.33197373645055944
1337675992903585798,positive,0.8498120281460105
1337675994161946624,negative,0.01169128193216166
1337675998708572161,neutral,0.3657710083399395
1337675999929126912,negative,0.0010679774319493933
1337676001942384642,negative,0.10544992304568347
1337676011350061056,negative,0.1334327914869038
1337676014218985474,negative,0.0017226107168320079
1337676018304262144,negative,0.0009616735449909809
1337676031134748674,negative,0.0077002123716073765
1337676040727097350,neutral,0.5497018517611811
1337676040760680448,negative,0.0264835615270447
1337676043344359426,negative,0.051238247890796076
1337676060046061569,positive,0.9249320640915142
1337676060067045376,negative,0.25519271298826846
1337676060092030976,negative,0.14261726483114565
1337676060234661890,negative,0.18795859623648656
1337676060486324227,negative,0.22561333375529458
1337676060729761793,negative,0.07922875970178092
1337676061098848261,negative,0.015258891333282435
1337676061275009026,negative,0.1709980359275083
1337676061992095744,negative,0.015258891333282435
1337676062205956098,negative,0.001931925231441989
1337676063464431616,negative,0.00019295356139209418
1337676063544139778,positive,0.9996375243711405
1337676069009297408,negative,0.04215220612200145
1337676071215517696,negative,0.2344047346194748
1337676073270730753,negative,0.0015604982342394354
1337676077632774144,negative,0.03631472749825696
1337676077636923394,negative,0.2809260585446614
1337676081516703744,neutral,0.46318326475361027
1337676089838198786,positive,0.7978212091329839
1337676092379983872,neutral,0.580333003190096
1337676109320753152,negative,0.1888927757591963
1337676116467855360,negative,0.042862608420530746
1337676118057385985,neutral,0.44054615157121163
1337676119743426560,neutral,0.44054615157121163
1337676123321344000,positive,0.9574307131512887
1337676133165314049,neutral,0.47271394085793217
1337676134075469824,negative,0.23311776168726425
1337676136793444352,positive,0.9904251635169738
1337676136797581314,negative,1.350796536645943e-11
1337676137737154560,negative,0.16186078150261587
1337676139427454976,negative,0.28317074239465084
1337676141402972161,negative,0.0002902736414404239
1337676142728376320,negative,0.04107906658617413
1337676144074780672,negative,0.021523831531122934
1337676151918120962,negative,0.042862608420530746
1337676162282229760,positive,0.9904251635169738
1337676171509686273,negative,0.08531106549460697
1337676175578116096,negative,0.004043376891836556
1337676176089866249,negative,1.4573927008542886e-06
1337676198525235203,negative,0.0238393369828639
1337676202186858496,negative,3.6512696865825524e-06
1337676202539102209,neutral,0.5497018517611811
1337676206410493958,neutral,0.5435411330217309
1337676209887522817,negative,5.762071951936035e-05
1337676211049406465,negative,0.042862608420530746
1337676223300907009,negative,9.702186946166265e-05
1337676225150476289,negative,0.01232176908325782
1337676229739241473,negative,0.18795859623648656
1337676233702744065,negative,0.011165135163072302
1337676240497635328,negative,0.06115884366392391
1337676250253496321,negative,1.0850674480495195e-06
1337676250744295424,negative,0.00019295356139209418
1337676267840139264,negative,0.2764122272694376
1337676271581614080,negative,2.8200833673504692e-05
1337676275171913728,neutral,0.38296308218221364
1337676275868200962,negative,0.04069269054800484
1337676277755633664,negative,0.018145415211949536
1337676292897042432,negative,0.001201992498821477
1337676292951580672,negative,5.115018166751157e-05
1337676294910324736,positive,0.9527125882639778
1337676298098012162,negative,9.760107808034764e-05
1337676299867844608,negative,0.005825707020687462
1337676303709900800,neutral,0.3716144977451528
1337676305811312640,negative,0.09343565429787228
1337676307346415616,neutral,0.45230826396013163
1337676311196667905,negative,0.32567700634374214
1337676312597639170,negative,0.031154057388618085
1337676313553997824,negative,0.01921690767725802
1337676315231735809,neutral,0.555405182051321
1337676317995786241,negative,0.011333953686684347
1337676319308603392,negative,1.6241741547697277e-05
1337676321544151041,neutral,0.44301924759247985
1337676328598970370,negative,0.16693357938227807
1337676339877474304,neutral,0.3839818854855836
1337676341039280130,negative,0.021056602379196515
1337676342058422272,negative,0.26481265709900004
1337676342343720962,neutral,0.4563321837310525
1337676345451687936,negative,0.04069269054800484
1337676355245277186,negative,0.042862608420530746
1337676360647659520,negative,0.03815023908457178
1337676364569260032,negative,0.08102684450421606
1337676381648510976,negative,0.030522099394245918
1337676387432472577,negative,1.120415006668863e-05
1337676391261859840,negative,0.042862608420530746
1337676394244018179,negative,0.025465061621035245
1337676399855939584,positive,0.9298655235651944
1337676402057912321,positive,0.9574307131512887
1337676402099974144,negative,1.3936183041904797e-07
1337676404679462915,negative,0.030522099394245918
1337676412065603584,negative,0.31652767339412746
1337676419799900167,negative,5.528645470977382e-05
1337676420890419201,neutral,0.5468353340593204
1337676457678696454,negative,0.003408852328406004
1337676470249009152,negative,5.868138516753949e-05
1337676475970052096,negative,0.03729135312177657
1337676478155264000,negative,0.011248562837488317
1337676487495966720,positive,0.9954010335303098
1337676498635984896,negative,0.04109960855795812
1337676521331363840,negative,1.1142846030061391e-05
1337676522438750208,negative,6.431430139689837e-08
1337676526159060992,negative,2.041145743964625e-06
1337676530848325634,neutral,0.4259487049266028
1337676542038700034,neutral,0.49789225920557484
1337676557515706371,positive,0.8956481258570952
1337676563601559552,negative,0.0003283933697239553
1337676566734761985,negative,0.001811425637917734
1337676567158403074,negative,0.04351116210053477
1337676569712549888,negative,0.00825990676587027
1337676578906660865,negative,0.0016000383698036838
1337676580575961091,positive,0.9904251635169738
1337676586896789508,negative,0.042862608420530746
1337676588985552897,negative,0.0004889566292669723
1337676590449381377,neutral,0.5078818388251463
1337676602919051264,neutral,0.42681064232654176
1337676603816620034,negative,0.020820531745936836
1337676609642508290,neutral,0.4259487049266028
1337676611819331587,negative,0.042862608420530746
1337676612175851520,negative,6.689681052063403e-14
1337676616013664256,positive,0.9246740368626372
1337676617389395968,negative,0.0006825149799387827
1337676620283383808,negative,0.042862608420530746
1337676621319467008,negative,0.06930265412594921
1337676629783429120,negative,7.53837273126605e-11
1337676630697840642,negative,0.0002486475676280508
1337676632568508416,negative,4.848696682471137e-06
1337676632920895489,neutral,0.3368759808226645
1337676635936616452,negative,0.000920110235566621
1337676640558718977,negative,0.106903472332657
1337676645520601088,neutral,0.45230826396013163
1337676661471522817,negative,5.330220697360292e-07
1337676661513474052,negative,5.250154097202399e-05
1337676671688855561,negative,0.042862608420530746
1337676675249737728,negative,0.014238835694036351
1337676680371036161,negative,3.915164983701195e-05
1337676702093369345,negative,0.024992085894411507
1337676703800365057,negative,0.19395201078221777
1337676706455306240,negative,1.7076589329485854e-05
1337676717343780865,negative,0.08759779275433092
1337676717821997056,negative,0.03561092340624603
1337676717826174976,negative,1.7836874693859608e-07
1337676718098800640,negative,0.052801689188668496
1337676720300822531,negative,2.7539162467180627e-06
1337676724390273024,negative,3.562913201146036e-06
1337676732250329092,negative,0.18043814492210541
1337676739334561793,negative,0.07474271863359572
1337676752726921217,negative,0.0031428667690564555
1337676759320436736,negative,0.030522099394245918
1337676764064190464,negative,0.31652767339412746
1337676769634074624,negative,0.05720504784925865
1337676783232180224,negative,4.239344551553953e-06
1337676783920041984,negative,0.03319654939169197
1337676784054185984,negative,0.01830205049909655
1337676786440818689,negative,0.0076920727809515485
1337676799006937089,negative,4.739246206879028e-05
1337676802551132162,negative,0.021523831531122934
1337676804258197504,negative,0.015351630615822369
1337676812323872768,negative,0.05045828322730819
1337676833676996608,negative,0.27383096757995457
1337676834717175808,negative,0.11606148388515375
1337676837313531905,negative,0.1334327914869038
1337676842820661248,negative,0.00019295356139209418
1337676850794016768,negative,0.00858080191481753
1337676851247013888,negative,0.22150794420653558
1337676853327355904,negative,0.13410446658347383
1337676854132674564,negative,0.00013926220358776676
1337676855177048064,neutral,0.46127768308170247
1337676858511376386,negative,1.1376407656527017e-05
1337676861200101377,positive,0.8656555864903688
1337676861275566080,negative,0.021946512166078826
1337676864270311426,negative,0.05772491072453302
1337676866564599809,neutral,0.41436909212997547
1337676867831271430,negative,0.0013090489119734245
1337676870679224325,negative,0.0068426391778151465
1337676879474479104,negative,0.025465061621035245
1337676879613087744,negative,0.03394898921679303
1337676883148877830,negative,3.6512696865825524e-06
1337676883153072129,negative,6.540745030788155e-05
1337676884449046530,negative,0.035694566503075315
1337676889494851586,negative,0.08531106549460697
1337676896746803201,negative,0.28933413447367434
1337676907521994755,negative,0.0002877925773346851
1337676907861700612,negative,0.13171131854230977
1337676916124508160,negative,0.05045828322730819
1337676916279619584,neutral,0.3657710083399395
1337676928124391424,negative,5.3921242848197486e-08
1337676935732858880,neutral,0.4737554465528978
1337676940141096960,negative,0.0002771162094742934
1337676946621140992,negative,0.0007098451553055471
1337676946629488643,negative,0.22150794420653558
1337676971531264000,negative,0.042862608420530746
1337676972672028672,negative,0.035694566503075315
1337676982025383936,negative,0.013605679081510775
1337676986618171394,negative,0.08306574996055795
1337676989717762048,negative,0.035694566503075315
1337676994318721025,negative,6.146003153334481e-07
1337676999834394624,negative,0.010164149519775513
1337677003886125056,negative,1.0355560368850689e-05
1337677006868262915,negative,0.23194836627621734
1337677010403987459,negative,0.042862608420530746
1337677026078175232,negative,0.001021515730058111
1337677029693648897,negative,0.0008559510223843171
1337677035544711168,neutral,0.3473101901087073
1337677036706521094,neutral,0.5325640637752205
1337677038593957888,negative,0.030522099394245918
1337677046286143488,negative,0.07302491544681025
1337677051084611584,negative,0.18043814492210541
1337677053068533760,negative,6.564644574927684e-10
1337677053651546113,neutral,0.5136446707795853
1337677058672037888,negative,0.01215711339475111
1337677059330629633,negative,0.01215711339475111
1337677070135152641,neutral,0.42507619662732005
1337677072009887745,negative,0.001610837476202951
1337677079421206528,negative,0.21968207383347424
1337677080419569665,neutral,0.4680563405462829
1337677090569773056,negative,0.02196893992580256
1337677095795896321,negative,3.336815896198268e-06
1337677097192615938,negative,0.0452698903044467
1337677100095049730,negative,0.22735840179702493
1337677103156719617,negative,0.0006829587685048127
1337677108475260930,negative,0.21138396711913945
1337677111134400512,negative,0.00035656912652275077
1337677113130950661,negative,0.08106434289487681
1337677121183944704,negative,3.6512696865825524e-06
1337677134228283393,negative,0.018145415211949536
1337677135591432192,negative,0.014238835694036351
1337677139051749384,negative,0.04107906658617413
1337677139135647744,negative,0.22561333375529458
1337677141954207744,negative,0.09343565429787228
1337677143661289473,negative,0.10398811365809649
1337677150598598659,negative,0.0002329097463188662
1337677151718551553,negative,0.2529590011819689
1337677152607678464,negative,0.0003288984655362324
1337677155266924545,negative,0.001021515730058111
1337677155430490114,negative,4.281087885676447e-05
1337677167925268480,negative,0.0008436664769695855
1337677170030874629,negative,0.007648442160344003
1337677174174871552,negative,0.001021515730058111
1337677188833939456,positive,0.8956481258570952
1337677202415030272,negative,0.08793257817911473
1337677206017994754,negative,0.008690980323593134
1337677213320290304,negative,0.1930202026811658
1337677216876990466,positive,0.9574307131512887
1337677222119944193,negative,0.00035656912652275077
1337677225869635586,negative,1.4750674217299056e-06
1337677229048942592,negative,0.16788814077129657
1337677233184452609,negative,0.05772491072453302
1337677233788489729,negative,0.003344576384299019
1337677236728565760,negative,1.6455193344663613e-06
1337677244307828737,negative,0.10445300136530959
1337677249798082565,negative,0.05650080583905637
1337677252407013376,negative,0.00019034875569030145
1337677253828808704,positive,0.9838011868828038
1337677258157400064,negative,0.003229690863729765
1337677260963328000,negative,0.0010046531996407658
1337677264369180679,negative,0.024965090363337796
1337677272715845634,negative,0.006627621994443945
1337677273135271936,negative,0.05045828322730819
1337677282345967618,negative,0.09343565429787228
1337677285353082882,negative,0.049320305411837115
1337677285458120704,negative,0.04961806026037516
1337677290357010432,negative,2.5678037419562513e-15
1337677291476971520,negative,4.281087885676447e-05
1337677297344786432,negative,0.12364751769514158
1337677297604653056,negative,0.04107906658617413
1337677311043399680,positive,0.7609710234655468
1337677314990206977,negative,0.07941439129049503
1337677321373954049,negative,0.00021656071651494238
1337677324846821378,negative,5.7559198615262874e-11
1337677326658768897,neutral,0.4478814827726608
1337677335865286657,negative,0.0005176855211115207
1337677353384808448,negative,9.989141280808953e-06
1337677355586891778,negative,0.0005176855211115207
1337677355813392385,negative,0.022572557197067033
1337677356169895936,negative,1.4514358572289473e-07
1337677356576727042,negative,0.08899738544787245
1337677358325788672,negative,0.00019295356139209418
1337677362796892160,negative,0.07393459354148145
1337677363086290951,negative,0.05304932916805878
1337677365594509314,negative,1.6241741547697277e-05
1337677373421080576,negative,6.7107367037408275e-06
1337677378676543490,negative,0.14944688011118987
1337677380710780928,negative,0.14944688011118987
1337677385597136897,negative,6.681600140426548e-07
1337677396061859842,negative,0.08306574996055795
1337677398519721986,negative,0.27383096757995457
1337677403078987777,negative,7.986085701387072e-12
1337677409944997888,negative,0.005825707020687462
1337677410926428160,negative,1.1224164238714351e-11
1337677418111377409,negative,1.6241741547697277e-05
1337677419860250630,negative,0.020487306256593656
1337677420690698240,negative,0.10445300136530959
1337677423404433408,neutral,0.5435411330217309
1337677451141398528,negative,0.0002329097463188662
1337677452433297408,negative,2.1290328460047844e-05
1337677453213491200,negative,0.19325648610829732
1337677459588853760,positive,0.9574307131512887
1337677461493075969,negative,0.030522099394245918
1337677468061360128,negative,5.562315948876776e-08
1337677472297611265,negative,0.057881604114119696
1337678215838576641,negative,0.08531106549460697
1337678215993810946,negative,0.08531106549460697
1337678220523675651,negative,0.0003428271804701478
1337678231181422592,neutral,0.35668683505931853
1337678237921579010,positive,0.9845644697550272
1337678251406348288,negative,0.10445300136530959
1337678257710395393,negative,4.281087885676447e-05
1337678261422321664,negative,0.02188374492686228
1337678265797005312,negative,3.562913201146036e-06
1337678276765028352,negative,0.00021656071651494238
1337678279810093056,negative,0.12663158174264647
1337678284285480967,negative,0.08106434289487681
1337678288051970048,positive,0.9527125882639778
1337678295358443520,negative,0.014238835694036351
1337678302845210626,negative,2.973029553339506e-05
1337678313972781056,negative,1.1224164238714351e-11
1337678323976171520,negative,0.0004889566292669723
1337678325062492160,negative,0.060301475693699806
1337678337041379328,negative,0.010164149519775513
1337678350932914177,negative,0.22326076400838601
1337678360038825985,negative,0.0025019404474163768
1337678360462446592,positive,0.8879911985774845
1337678370121932804,negative,5.087836426018699e-09
1337678370562301957,negative,0.30041268617885275
1337678377046695936,neutral,0.49448562199732843
1337678377780654080,negative,0.030522099394245918
1337678386269917184,negative,0.03936412782231903
1337678398093713410,negative,0.2613962034186399
1337678398903218176,negative,0.005471807802211277
1337678405949648897,negative,0.23221498627822013
1337678413704925185,negative,2.1988677394102544e-11
1337678415131009024,negative,0.00019295356139209418
1337678420885561344,negative,4.912697262504402e-06
1337678424861716482,negative,0.0012741763752569402
1337678425134411776,negative,0.002096895907049069
1337678426300354562,negative,0.014238835694036351
1337678431035805697,neutral,0.45810791940636864
1337678433753632769,negative,0.26481265709900004
1337678434059874304,negative,7.759443474829249e-05
1337678436089946115,negative,0.0037228045664036845
1337678436412821506,negative,9.632335444787114e-06
1337678441294954505,negative,0.08106434289487681
1337678447355834369,positive,0.9996976631126012
1337678448303726592,negative,4.3803269749661234e-09
1337678451801731072,negative,0.1334327914869038
1337678461197037568,negative,3.376114323137717e-05
1337678470093135873,negative,0.021742719349930054
1337678473545064450,negative,0.00014381442033384624
1337678479232536577,negative,0.0003288984655362324
1337678481195479041,negative,0.08899738544787245
1337678481518374919,negative,0.00022995740485520967
1337678488967507968,negative,1.7836874693859608e-07
1337678492251660289,negative,0.030522099394245918
1337678492901761026,negative,0.1709980359275083
1337678501072277506,negative,0.10508192253655997
1337678503949590528,neutral,0.4153373325707398
1337678505564319746,neutral,0.3622191229267246
1337678508399751169,negative,0.010675811766097817
1337678512929574912,negative,0.11395915800783565
1337678514028470275,positive,0.9465310832091888
1337678516419227651,neutral,0.5078818388251463
1337678516888932352,negative,4.0647767702349366e-08
1337678519409709056,negative,0.31652767339412746
1337678519657099264,positive,0.935079494434767
1337678527764770816,negative,0.0013630273420165303
1337678529522249729,negative,0.02188374492686228
1337678532777025537,negative,0.007172482806799166
1337678533624262657,negative,0.0037228045664036845
1337678535230676993,negative,0.02376740015299237
1337678537067782144,negative,0.03631472749825696
1337678543107608576,positive,0.78875510961627
1337678565559607297,negative,9.607155223484015e-08
1337678568315219968,negative,0.042862608420530746
1337678576724930560,negative,0.1955070490769345
1337678577651822592,negative,4.239344551553953e-06
1337678583456731138,negative,0.00019295356139209418
1337678590599577600,negative,4.188931354484338e-07
1337678595112787968,negative,0.22988169582665283
1337678603270541312,positive,0.9574307131512887
1337678607657947137,negative,0.011333953686684347
1337678608526176256,negative,0.18795859623648656
1337678636082749442,negative,0.15008095496472415
1337678642986561537,negative,4.239344551553953e-06
1337678644735406083,neutral,0.46127768308170247
1337678645721255944,negative,0.17875249791708117
1337678646551736320,positive,0.999812946483632
1337678648896270337,negative,1.3647290795151207e-06
1337678652947853313,negative,0.00825990676587027
1337678655280001024,negative,0.00029193162882517086
1337678657406562305,negative,1.2455492004773258e-07
1337678662871691265,negative,0.030522099394245918
1337678663496581120,negative,0.08106434289487681
1337678664620781569,negative,0.15072710194896852
1337678666877325317,negative,0.006205651766209366
1337678670274711555,negative,0.22717472693850096
1337678672766099457,positive,0.768534112740492
1337678674108141569,positive,0.9574307131512887
1337678674246721536,negative,5.868138516753949e-05
1337678676046057473,negative,0.3151572388361198
1337678682127814657,positive,0.914502715968456
1337678686863183872,negative,2.047511681784847e-07
1337678694870110209,negative,0.003344576384299019
1337678697147617280,negative,0.051238247890796076
1337678704248455168,negative,3.182673209651645e-13
1337678715887775744,negative,0.03319654939169197
1337678716604993538,negative,1.167000175419956e-13
1337678717217366017,negative,5.762071951936035e-05
1337678719100588033,positive,0.9904251635169738
1337678724477702145,neutral,0.49789225920557484
1337678742647431169,positive,0.9574307131512887
1337678743435943938,negative,3.1370793856679834e-11
1337678743490457601,negative,0.001021515730058111
1337678748909514752,negative,0.04167716471522253
1337678752298524674,negative,0.02278410867553333
1337678752520806400,negative,0.00825990676587027
1337678759286218752,negative,0.042862608420530746
1337678762389880835,negative,0.11371333250865952
1337678767645466624,negative,0.00825990676587027
1337678768643706880,negative,0.20217821354415516
1337678777829232640,negative,3.562913201146036e-06
1337678779985108992,positive,0.9568809016349838
1337678783080435712,negative,0.18795859623648656
1337678796439347201,negative,0.09343565429787228
1337678810830020611,negative,0.00825990676587027
1337678817255698432,negative,0.0003971356044817928
1337678826890010625,negative,0.0736401149528525
1337678828320198657,negative,0.009831936682228223
1337678833684799489,negative,0.018145415211949536
1337678839753957378,negative,0.008603096370051496
1337678840458604545,negative,0.15743893746816767
1337678842530557955,negative,0.09472502222248669
1337678845650997248,negative,0.042862608420530746
1337678846963888130,negative,0.03631472749825696
1337678858754121729,negative,0.015063879749561282
1337678864311603203,negative,0.14921962366443026
1337678867386011649,negative,4.7845357438768156e-08
1337678873144659968,negative,0.042862608420530746
1337678878102478849,negative,0.016851650147678286
1337678880753274880,negative,0.11627640032920289
1337678896355897344,neutral,0.46127768308170247
1337678904925036544,negative,9.271738790597439e-05
1337678906174877696,positive,0.9559123781433961
1337678908062396417,negative,0.003560216181802723
1337678908498407426,negative,0.00825990676587027
1337678911086465027,negative,0.15008095496472415
1337678911149367296,negative,0.21111044902398746
1337678915125604353,negative,1.1605033713404168e-06
1337678916576817152,negative,0.000905636862037104
1337678936977911808,neutral,0.5497018517611811
1337678939762937858,negative,2.1521009486514054e-10
1337678940865966080,negative,4.316767449930326e-05
1337678944066265088,negative,0.03936412782231903
1337678947614482433,negative,0.0002329097463188662
1337678954426208256,neutral,0.3657710083399395
1337678964786126851,negative,0.12069410990078146
1337678966677712897,positive,0.9904251635169738
1337678969798348805,negative,1.0790891863829458e-06
1337679000756490240,negative,0.0169592738151257
1337679003965124608,negative,2.2151997813751208e-13
1337679005449936896,negative,0.0003288984655362324
1337679007211540480,neutral,0.44324483414865057
1337679008419426306,negative,0.0010271272734764963
1337679009157562372,neutral,0.3396660006367254
1337679015130394624,negative,0.08106434289487681
1337679026341687296,positive,0.6879883819816629
1337679031794343937,negative,0.2941652259318185
1337679039780302848,negative,0.05566629655910081
1337679040543600641,negative,0.0003288984655362324
1337679041550290946,negative,0.18795859623648656
1337679050807054338,negative,0.08227560820605362
1337679057194864640,negative,0.0003709899853179353
1337679057769492481,negative,7.981044151322445e-12
1337679059661283328,negative,0.029134694146277326
1337679061049610245,negative,4.584910848486093e-05
1337679063457128449,negative,0.18301612895453992
1337679066065940483,negative,0.01323491477258384
1337679067064184832,negative,0.12069410990078146
1337679072177041409,negative,0.015351630615822369
1337679079970123779,negative,4.3279814140091925e-08
1337679085808529410,negative,3.1619721023189686e-08
1337679091873558529,negative,0.01830205049909655
1337679092964069379,negative,0.0008502833298504768
1337679096118005760,negative,0.024267705941011783
1337679100975210496,positive,0.9904251635169738
1337679110336868352,positive,0.9968745300950619
1337679110638858241,negative,0.03789998979096515
1337679114854084610,negative,0.0010786493606800922
1337679116749959169,negative,8.83834836388525e-09
1337679122584244226,positive,0.9999998586346905
1337679124144517120,negative,0.0006829587685048127
1337679128250683392,negative,0.0015604982342394354
1337679146105901056,negative,0.0002006697010778105
1337679149201321984,negative,0.1461052126651744
1337679155173974018,negative,0.0005719781898439768
1337679155727577089,negative,0.00019295356139209418
1337679157573070850,negative,0.00886800521326818
1337679163881304064,negative,0.020820531745936836
1337679167282876416,negative,0.10967271683808427
1337679169019387904,negative,6.2786776812549014e-12
1337679171552768001,negative,0.0981631865987554
1337679192289243139,negative,0.0031144053649621362
1337679193723854848,negative,0.00023417371776823806
1337679194831130624,negative,0.10574717423924444
1337679196840206336,negative,0.0003530072705856265
1337679198274670592,negative,0.10586237788880831
1337679198471811072,negative,8.83834836388525e-09
1337679208802381825,negative,0.0035902921128132697
1337679212786950145,negative,0.01614222461214062
1337679217539117058,negative,0.22296747325667962
1337679219959148544,negative,3.1931821614988446e-07
1337679224757395458,negative,0.30384825870525856
1337679226804244481,negative,0.06338040263306499
1337679228372914176,positive,0.9953598570865416
1337679235960303616,negative,0.01232176908325782
1337679239072649216,negative,2.599388923929674e-07
1337679241173983234,negative,6.262875820425242e-05
1337679243896107008,negative,7.3252113510450714e-06
1337679244273602561,neutral,0.3499352441185855
1337679255287848961,positive,0.7641669103837505
1337679256604708865,negative,0.006205651766209366
1337679256848113665,negative,7.57120501010281e-09
1337679258894950405,negative,0.08811119911175197
1337679259138207745,neutral,0.3657710083399395
1337679260266459137,negative,0.09343565429787228
1337679260438437889,negative,1.1305213496390037e-14
1337679266687967232,negative,0.22561333375529458
1337679268797706242,negative,0.00012529792500504054
1337679273264549890,negative,0.1709980359275083
1337679283465187328,negative,0.09128507651645389
1337679286287933440,negative,0.00014381442033384624
1337679290389958661,negative,1.0835720144921496e-07
1337679296152936449,negative,0.0040603582359146715
1337679308920414208,negative,0.001021515730058111
1337679310128287745,negative,1.8320024902607705e-07
1337679314968584194,negative,2.469128945355032e-08
1337679319842381824,neutral,0.4507454498615163
1337679321197146113,negative,0.010257617000327356
1337679323298402305,negative,0.001021515730058111
1337679330416136193,negative,0.0736401149528525
1337679341845684224,negative,0.0023748166024025463
1337679342386745344,negative,0.0026180199493088152
1337679349223477248,negative,0.1709980359275083
1337679355644948480,negative,0.08102684450421606
1337679356114718722,negative,0.0015714312813539118
1337679361772752896,negative,0.014238835694036351
1337679373181267969,negative,0.0004889566292669723
1337679379229528067,negative,3.274253365989344e-05
1337679383281233922,negative,3.537912072440002e-07
1337679393947332609,negative,0.16898643689214232
1337679394257727488,negative,0.0018591650481685482
1337679406597345280,negative,1.6110217137117365e-05
1337679411957669888,negative,0.00013159012567369625
1337679413434085376,negative,8.317386379082295e-05
1337679415946457092,negative,0.05772168602697151
1337679425849204737,negative,2.6803251157030616e-06
1337679429653258240,negative,0.02040693141344582
1337679434749517825,negative,0.021523831531122934
1337679436389474304,negative,0.042862608420530746
1337679449823862784,negative,0.17604771420879062
1337679451119869953,negative,0.01730959465904324
1337679451442835457,negative,0.014299396394155053
1337679455209320448,negative,0.2529590011819689
1337679463790809088,negative,0.020045600444679026
1337679465267257346,negative,0.00016064552090182716
1337679471470587908,negative,0.08560553909161281
1337679479745912832,negative,0.0014387140493782422
1337679487731986435,negative,1.6241741547697277e-05
1337679489967460354,positive,0.7342572819189132
1337679490118545409,negative,0.0005719781898439768
1337679490302922752,negative,0.009861618136617014
1337679494249934848,negative,0.014238835694036351
1337679494803501056,negative,0.15743893746816767
1337679494958768129,negative,0.0011114087281810451
1337679500390375424,negative,0.03868663294164401
1337679510792269826,negative,0.022572557197067033
1337679515766677505,negative,2.6691873876567126e-06
1337679533420507136,negative,0.00036105196166639884
1337679536566247430,negative,0.2292230345691949
1337679539691016193,negative,1.6241741547697277e-05
1337679540110446592,negative,0.08102684450421606
1337679540244590594,negative,0.31652767339412746
1337679544208281600,negative,0.15743893746816767
1337679547815227393,negative,0.10445300136530959
1337679556262682624,negative,0.015351630615822369
1337679563246145539,negative,8.83834836388525e-09
1337679569005006848,positive,0.9574307131512887
1337679585043943424,negative,0.06378330833910098
1337679596808900610,neutral,0.614666185459543
1337679597949886465,negative,0.022572557197067033
1337679598532878336,negative,0.030522099394245918
1337679599627546624,negative,0.014238835694036351
1337679606267203589,negative,0.002395371638756114
1337679616132124673,negative,4.641415905935009e-09
1337679632498307074,negative,0.00035860115384947017
1337679636290031618,negative,5.496617182509802e-05
1337679638651396097,negative,0.030522099394245918
1337679640131903492,negative,0.030852000093346026
1337679643164495872,neutral,0.5495922250151081
1337679655428567042,neutral,0.5468353340593204
1337679657030754308,negative,0.0012954417930218112
1337679661594148864,negative,0.0003571589828987047
1337679664442183680,negative,4.59730891560285e-08
1337679669676503041,positive,0.9260744334704067
1337679673610936322,negative,2.3014580912394153e-05
1337679676110606336,positive,0.6730964906355461
1337679681160699905,negative,0.0004851639939979404
1337679682075029505,negative,0.04107906658617413
1337679683413008385,negative,1.352147067820635e-09
1337679696625070080,negative,0.030522099394245918
1337679701825957889,negative,0.020711495734865575
1337679710353027073,negative,3.948723671912375e-06
1337679712869445633,negative,0.004339036803339034
1337679720192880641,negative,0.04326749920868208
1337679721551654912,neutral,0.462168390591778
1337679722185158656,negative,5.052595133821618e-05
1337679723326042112,negative,4.1959089452928656e-07
1337679725871980544,negative,7.122104682875851e-08
1337679728115904512,neutral,0.37409041783159663
1337679774379073536,negative,0.007648442160344003
1337679797636501504,negative,9.784360402468921e-05
1337679809158242307,negative,0.14908347779845935
1337679812060729344,negative,0.31652767339412746
1337679823842521088,positive,0.9574307131512887
1337679829949362176,negative,0.19576596206432148
1337679842603622400,negative,0.21652385675700814
1337679844348452864,negative,0.32220733655823625
1337679846630019074,negative,0.006091370593080259
1337679848853082112,negative,0.046422889022248864
1337679855958323200,negative,0.1500605845417854
1337679862715338752,negative,0.17597872440171777
1337679866838323200,negative,0.031172751960292483
1337679877462429696,positive,0.9298155086981771
1337679879735812098,positive,0.9990885433189431
1337679884366327818,negative,0.011011351903793315
1337679892847054849,negative,0.09343565429787228
1337679896517218304,positive,0.9904251635169738
1337679898157182977,negative,0.04107906658617413
1337679909284548611,negative,0.029074312621311698
1337679910354227202,negative,3.8131496224754635e-06
1337679911021137920,neutral,0.37409041783159663
1337679911230742530,negative,0.029074312621311698
1337679918407311360,neutral,0.5497018517611811
1337679921607548928,negative,0.10590016800839762
1337679926686863361,negative,8.36267065132253e-05
1337679930159751169,negative,0.005946026842202357
1337679933569634305,negative,0.0012821246137957787
1337679956890030082,neutral,0.38296308218221364
1337679958404161536,positive,0.9587193258487163
1337679961927389184,negative,1.7836874693859608e-07
1337679964376879104,negative,0.18795859623648656
1337679981217013760,neutral,0.6354648594018077
1337679985688121345,negative,8.83834836388525e-09
1337679987567038466,negative,0.04107906658617413
1337679992428367872,negative,0.001021515730058111
1337679992499695616,neutral,0.5826016318169452
1337680000150073344,negative,0.0003288984655362324
1337680000791797760,positive,0.9530384836539108
1337680009906040832,negative,2.3014580912394153e-05
1337680010384117760,positive,0.7254578650449912
1337680020257427463,negative,0.18874580927426873
1337680026704228355,negative,0.07731760589668395
1337680027601817600,negative,0.035694566503075315
1337680036980256768,negative,0.08306574996055795
1337680037282263041,negative,0.03319654939169197
1337680049181483014,negative,0.0036030734167907487
1337680062389379072,negative,0.015351630615822369
1337680064234856448,negative,0.005295938054026959
1337680065769955328,neutral,0.34261231547745985
1337680079091085317,positive,0.8829712379262903
1337680085789405184,negative,0.042862608420530746
1337680101643841536,neutral,0.5826016318169452
1337680103711494146,negative,6.924303804931507e-05
1337680108132462592,negative,0.0013086568592064662
1337680112762957825,negative,0.15743893746816767
1337680133210189824,negative,2.935797004116059e-07
1337680135999397888,negative,8.099767620918556e-12
1337680143469383681,negative,0.0714627521587486
1337680147663745024,positive,0.9904251635169738
1337680149249060864,negative,0.16176363966730578
1337680151916765184,positive,0.8423158352290109
1337680156069019648,negative,3.650965575833208e-06
1337680156169809920,negative,0.25510586853062006
1337680158115893256,negative,0.013972118688929782
1337680170501681152,neutral,0.5497018517611811
1337680171583885313,negative,0.09847518846211964
1337680172225540100,negative,0.010086869192765845
1337680172913283072,negative,2.5957683134994197e-07
1337680172976320515,negative,0.014238835694036351
1337680177657163777,positive,0.983579517742598
1337680179209105408,negative,0.0009282311115049604
1337680180681338881,negative,5.4877020332180706e-05
1337680194027593728,neutral,0.5614152023143125
1337680195810111491,positive,0.9766944874055465
1337680200696549376,negative,0.2817920332712479
1337680202017673216,negative,0.08106434289487681
1337680213841473537,negative,0.004247684434738926
1337680214919315456,negative,0.10445300136530959
1337680218165796864,negative,6.277307793610108e-07
1337680228756332544,negative,0.2248944731168186
1337680238248153088,negative,0.2146913753268129
1337680257822953473,neutral,0.5136446707795853
1337680259014127619,negative,0.04069269054800484
1337680290915954690,negative,0.051238247890796076
1337680293277429760,negative,0.25041326202607905
1337680307693244416,negative,0.2902546925800817
1337680309832339456,negative,8.823512469782613e-05
1337680310125858817,negative,0.00019295356139209418
1337680310285328385,negative,0.030522099394245918
1337680315901329408,negative,1.0708772623075386e-05
1337680339381182464,negative,0.009406239907353803
1337680340295553031,negative,4.021270614845155e-08
1337680345081188352,negative,0.17604771420879062
1337680345483894786,negative,0.00019295356139209418
1337680347178340353,negative,4.308542629529129e-08
1337680349179023360,positive,0.9527125882639778
1337680355277549568,negative,0.05045828322730819
1337680358913921024,negative,0.030295371431324034
1337680391407284230,negative,0.0009616735449909809
1337680411493851136,negative,0.030522099394245918
1337680412471070722,negative,1.6241741547697277e-05
1337680417911136258,negative,0.0007956360552852912
1337680419278426113,negative,0.029076029934906593
1337680435191623681,neutral,0.46107284207328414
1337680439729938434,negative,0.0003288984655362324
1337680445769715712,negative,0.08726350649175751
1337680452266696704,negative,0.0036030734167907487
1337680458981654530,negative,0.0033748952581834466
1337680469580779521,neutral,0.49789225920557484
1337680473997389827,negative,4.6225803698981495e-06
1337680475754799105,negative,1.2073857567979043e-09
1337680476979474433,negative,0.22740601591482235
1337680479177195520,negative,0.0007047868494777618
1337680484306915328,negative,0.002141647039277333
1337680485217169411,negative,0.0064351183909725175
1337680492875960327,negative,0.0229810796912026
1337680503252672512,negative,0.1663783525180254
1337680518389886976,negative,0.22561333375529458
1337680527806132230,negative,0.0012068824338301559
1337680529399930881,neutral,0.4478814827726608
1337680531178352644,negative,0.0003921796965828257
1337680545178935299,negative,0.27569679953862697
1337680545954877441,negative,1.1620772861620678e-08
1337680558227329026,positive,0.7634761558181437
1337680561507340288,negative,0.18795859623648656
1337680563013111809,negative,0.029076029934906593
1337680569581318147,negative,0.2967151648553845
1337680579991580672,negative,0.1461052126651744
1337680582139142145,negative,0.0006158372269829365
1337680584806699010,negative,5.099706422847833e-07
1337680585268015106,negative,0.01748674896093794
1337680597704171520,neutral,0.3499352441185855
1337680600161980417,positive,0.7254578650449912
1337680600371703808,negative,0.029076029934906593
1337680600552116224,negative,0.0005556215845640627
1337680603613958144,neutral,0.3471863970030306
1337680615219589121,negative,0.04107906658617413
1337680624463831044,negative,0.0004851639939979404
1337680627454251010,neutral,0.5325640637752205
1337680631757680640,negative,9.760597676968111e-06
1337680632265252864,negative,0.03394898921679303
1337680642893615104,neutral,0.3657710083399395
1337680646328754176,negative,0.00017864703836547896
1337680649755500547,negative,0.030522099394245918
1337680658743877632,negative,0.014482835174782611
1337680669191892993,negative,0.18473389353810474
1337680669309333504,negative,0.049947627496909196
1337680678494892033,positive,0.9574307131512887
1337680679987982336,positive,0.883783876358458
1337680680306741248,negative,0.14719827237173844
1337680695624421377,negative,0.04107906658617413
1337680697176322049,negative,0.030522099394245918
1337680697218174976,negative,0.155627204296966
1337680704591814656,negative,0.1345752655974489
1337680706055626767,neutral,0.561084788003626
1337680710677778433,negative,2.8884839044018807e-06
1337680712955203585,negative,0.15743893746816767
1337680714213564416,negative,0.0011178434480359537
1337680718609133571,negative,0.0036030734167907487
1337680719267717120,negative,1.6241741547697277e-05
1337680725370351616,negative,0.0016931947150258815
1337680726674857986,negative,0.11715906735073159
1337680739836571648,negative,0.05353019230973452
1337680754931851266,negative,0.12735919162697026
1337680756961898496,negative,0.0169592738151257
1337680759562391552,negative,0.0008208012098477092
1337680765384011779,negative,0.30384825870525856
1337680769154772994,negative,0.007378405722397544
1337680770924752897,negative,0.014238835694036351
1337680772279353345,neutral,0.5435411330217309
1337680773164437506,negative,0.17604771420879062
1337680775681077250,negative,0.08102684450421606
1337680778222837762,negative,8.823512469782613e-05
1337680778805784577,neutral,0.5497018517611811
1337680781909614592,negative,5.052595133821618e-05
1337680798762332160,neutral,0.3551794749858836
1337680807125774337,negative,0.04351116210053477
1337680807591366657,negative,0.0012691801046241372
1337680807633235971,negative,3.6512696865825524e-06
1337680809789181957,negative,0.011609961793364999
1337680810502205441,negative,0.02135395344700038
1337680811852787712,negative,0.005457965328793475
1337680812028923904,neutral,0.5826016318169452
1337680812158889984,negative,0.04107906658617413
1337680818827911168,neutral,0.44054615157121163
1337680821319315458,negative,0.060301475693699806
1337680838247542784,negative,1.4537663092079094e-06
1337680840965431297,negative,0.00015078150185666165
1337680841057701891,negative,1.7836874693859608e-07
1337680843419119616,negative,0.007860434924992544
1337680858019487746,negative,0.0010303236567735141
1337680861022437376,neutral,0.3403391890910929
1337680863602020353,neutral,0.4571363679460284
1337680866131251200,negative,0.0006971300957643955
1337680868266143745,negative,0.08102684450421606
1337680885143900162,neutral,0.49789225920557484
1337680885840105472,neutral,0.5112254320633316
1337680892920258561,negative,1.2053133859365701e-05
1337680895172546565,negative,0.03631472749825696
1337680898658070528,negative,0.005845639653450512
1337680904618172418,negative,0.035694566503075315
1337680911798853633,negative,1.2531183830313758e-06
1337680923874177024,negative,0.0015604982342394354
1337680932329971713,negative,4.451463481734517e-11
1337680933340798978,negative,0.005947724939958787
1337680933940563968,negative,0.25401421255941126
1337680936700440582,negative,0.0736401149528525
1337680948146663424,negative,7.894178333930571e-07
1337680949799243778,negative,0.005270247027181525
1337680950910623745,negative,0.08106434289487681
1337680956724047874,negative,0.08106434289487681
1337680960163368961,neutral,0.5495922250151081
1337680965209120768,negative,5.976341914508178e-05
1337680972486205440,neutral,0.43554678667308344
1337680977103998978,negative,2.4027475623252927e-06
1337680978790244353,neutral,0.4894886660404289
1337680980362989576,negative,4.948812780743227e-07
1337680985270448129,negative,0.15743893746816767
1337680987820613632,negative,1.1326132914256003e-05
1337681000239788039,negative,0.04107906658617413
1337681009341575168,negative,0.015351630615822369
1337681013326163968,neutral,0.5468353340593204
1337681025732849664,negative,1.0188125644364756e-11
1337681030581514240,neutral,0.48728019602140255
1337681043453849602,negative,0.0002123038520720758
1337681057609605120,negative,7.090870153523268e-07
1337681061057277954,negative,3.6512696865825524e-06
1337681066862268421,negative,0.001021515730058111
1337681072751075328,negative,0.0026809866196738923
1337681077725487106,neutral,0.41374922618725635
1337681078690131968,negative,1.0790891863829458e-06
1337681089352097793,negative,0.001021515730058111
1337681093194108928,neutral,0.3611754124269219
1337681096335568896,negative,0.00020877200294693797
1337681099225362432,negative,0.09343565429787228
1337681103356833793,negative,0.0003288984655362324
1337681104187305986,positive,0.9624272322767605
1337681104225120256,neutral,0.42398790842046286
1337681106930425856,negative,8.823512469782613e-05
1337681108855611392,negative,0.0005719781898439768
1337681109233102849,neutral,0.4207081302253862
1337681112387227649,negative,0.1709980359275083
1337681116141117440,negative,0.0011846527212320925
1337681118775140354,negative,2.884421770399502e-10
1337681130401755142,negative,4.7243528421718524e-07
1337681133744558081,negative,2.6062534364371008e-06
1337681137213210624,negative,0.042862608420530746
1337682057158397960,negative,0.002409337531416533
1337682062816456705,negative,1.0196025617194911e-05
1337682081426460672,positive,0.9574307131512887
1337682083024658433,neutral,0.3969852442584253
1337682084790407168,negative,0.0006079410398374203
1337682093355257857,negative,2.0436042220177607e-07
1337682099231481858,negative,0.09343565429787228
1337682101060046848,positive,0.9574307131512887
1337682101714481153,negative,0.0003288984655362324
1337682102603689985,negative,0.1387688413340769
1337682104327475201,neutral,0.5495922250151081
1337682108173537280,negative,0.00825990676587027
1337682112359636993,neutral,0.4917840748065536
1337682113018073090,negative,0.004669513435775256
1337682115576655873,negative,0.00019295356139209418
1337682117485088769,negative,1.496327701418162e-06
1337682117636001794,negative,1.2949131318125235e-06
1337682137726787585,negative,1.0790891863829458e-06
1337682142256648192,negative,0.11715906735073159
1337682143401680897,negative,0.059290998035238594
1337682145947611136,negative,0.0026718646847690027
1337682153128128512,negative,1.0770608358902837e-06
1337682171801300992,negative,0.015351630615822369
1337682177149063169,negative,0.1812837214826088
1337682184056893440,negative,1.7836874693859608e-07
1337682184736485379,negative,0.1775761097765713
1337682188620337152,neutral,0.3656048466806462
1337682202084126720,negative,0.11715906735073159
1337682207079542784,negative,0.22735840179702493
1337682214256078849,negative,0.25914741222024346
1337682215782715398,negative,2.7956966001639053e-09
1337682215916986370,negative,3.194090815305607e-06
1337682224515338240,negative,2.8200833673504692e-05
1337682245038055424,positive,0.9568809016349838
1337682245084205056,negative,0.0006088674766126996
1337682250415157248,negative,0.0038365960060810396
1337682251803451394,neutral,0.5826016318169452
1337682254215131139,negative,1.7836874693859608e-07
1337682254613467141,negative,0.042862608420530746
1337682256903757825,negative,0.00015625334913113635
1337682257318998023,negative,3.562913201146036e-06
1337682261970399232,negative,2.7401154577409466e-06
1337682271193751552,negative,5.9681698727740665e-05
1337682271223025666,negative,1.69510084727575e-05
1337682298800640002,negative,0.04069269054800484
1337682309772759040,positive,0.9574307131512887
1337682349216161792,negative,4.061695418735812e-06
1337682350952607745,negative,0.005056868963344095
1337682354094084103,negative,0.002409337531416533
1337682355725668352,negative,0.23752214627699927
1337682356065497088,neutral,0.468383241563698
1337682359416741888,neutral,0.3674152862045098
1337682359471190017,negative,0.07045823001448606
1337682363074158593,negative,5.48954272877376e-05
1337682368170233856,negative,0.00825990676587027
1337682372070940672,negative,0.009458766952388994
1337682377347371008,negative,0.024553248188671748
1337682389221388288,negative,0.021523831531122934
1337682389699604480,negative,0.10967271683808427
1337682407684591619,negative,0.12061474849540466
1337682417084141568,neutral,0.38362567524756963
1337682422247383046,negative,0.005563457496110206
1337682422956224512,negative,5.9681698727740665e-05
1337682430820495360,positive,0.7254578650449912
1337682433152585730,negative,1.8021787919073059e-09
1337682436403159040,negative,0.17049253340523368
1337682437179121665,neutral,0.392614770066506
1337682447421632512,negative,0.07533038786115503
1337682447752892417,negative,0.005733964912162887
1337682453889232898,neutral,0.41620183757921075
1337682454367309824,negative,0.16788814077129657
1337682455537586176,negative,3.3206629669030485e-07
1337682457647255552,negative,0.021523831531122934
1337682459593420801,negative,6.189228847333143e-05
1337682461829062658,negative,5.528645470977382e-05
1337682463250915328,negative,0.008222496717110662
1337682470867775490,negative,4.06276594629887e-05
1337682471001919488,negative,0.022572557197067033
1337682471593381888,negative,0.0005754935303663016
1337682480501944320,positive,0.7927729141968752
1337682484973219840,negative,3.103958748164698e-05
1337682488378920962,positive,0.9859543350758339
1337682492871094272,negative,0.014208021998331526
1337682505042976769,positive,0.9968745300950619
1337682506611560448,negative,0.038243691955981346
1337682508016709632,negative,0.00446269031580146
1337682522306715648,negative,0.17868690016093186
1337682531844583425,positive,0.9904251635169738
1337682533446791168,neutral,0.5632512405908726
1337682543479549952,negative,0.001021515730058111
1337682547208237056,negative,0.001021515730058111
1337682556347617281,negative,9.578510258467251e-06
1337682558956556289,negative,0.014990727075316719
1337682579877720069,negative,0.009518193003869736
1337682580565585920,negative,0.09032845318502292
1337682587809144834,negative,5.528645470977382e-05
1337682590749368322,negative,0.02318083343115849
1337682596671721474,negative,0.022572557197067033
1337682599133720578,negative,0.05886989295953424
1337682610525450241,positive,0.9476854763459109
1337682613495083008,negative,0.05045828322730819
1337682613583179776,negative,0.0015604982342394354
1337682614405246977,negative,0.014238835694036351
1337682620759597056,negative,0.05045828322730819
1337682622294728705,negative,0.18043814492210541
1337682623255228416,negative,0.008453338821331065
1337682623980855303,neutral,0.5733455980917739
1337682625381666817,negative,0.018145415211949536
1337682625381740546,positive,0.7254578650449912
1337682628229672960,negative,0.08306574996055795
1337682628397461504,negative,0.003284917673377352
1337682630192619520,negative,0.017538283838368394
1337682636341452800,negative,8.823512469782613e-05
1337682636693770242,negative,1.290856405749151e-05
1337682648576221185,negative,0.0053561489880644296
1337682650782429184,negative,0.002614647795639843
1337682651814178816,negative,0.0003219993003949419
1337682652380471296,negative,0.19481280997175576
1337682665655447553,negative,0.03098850572952699
1337682679001731072,negative,0.00023609335850260251
1337682681467990016,negative,0.024985260952058327
1337682695959220225,negative,0.01807561385892268
1337682699654488064,negative,0.023198587503326984
1337682705237110784,negative,0.02516155433348041
1337682715743817728,negative,0.005835744986961282
1337682721116737536,negative,0.03319654939169197
1337682721284493313,negative,0.0024076220105207612
1337682722882465798,positive,0.8550621008767956
1337682727903105028,negative,0.006980189340061558
1337682729455017984,negative,0.0004916415422674805
1337682731468279809,negative,0.042862608420530746
1337682731917058048,neutral,0.4478814827726608
1337682747998019587,negative,0.017580751293420193
1337682750019674116,negative,0.024216893398150068
1337682753073111043,negative,0.022572557197067033
1337682754809581569,negative,0.02554917550582189
1337682755543511040,negative,0.004830132606746049
1337682757552640002,negative,1.0790891863829458e-06
1337682768126472194,negative,0.18043814492210541
1337682768386547714,negative,0.030522099394245918
1337682779488784385,negative,0.043082804476786855
1337682785025335296,negative,0.015351630615822369
1337682788988956673,negative,0.024553248188671748
1337682789370650625,negative,0.00010609840550594329
1337682793589948416,neutral,0.378410773720108
1337682797432070147,negative,0.029134694146277326
1337682797885059077,negative,0.2967151648553845
1337682805497671681,positive,0.9999785981742095
1337682806009315330,negative,0.0736401149528525
1337682808676880384,neutral,0.3839818854855836
1337682810014818304,negative,0.04107906658617413
1337682813252984833,negative,1.535740473237238e-13
1337682817543774208,negative,1.6241741547697277e-05
1337682820488159232,negative,4.266178900369095e-05
1337682823029907456,negative,8.988884453069648e-05
1337682862825496576,negative,3.6512696865825524e-06
1337682867552399360,negative,5.528645470977382e-05
1337682872111607808,negative,5.9681698727740665e-05
1337682879686520833,negative,0.04107906658617413
1337682881834065920,negative,0.022203814105628408
1337682884015104000,negative,0.001021515730058111
1337682884363243520,negative,0.002810548547348614
1337682887450243073,negative,0.001527055763450729
1337682888045846530,negative,0.008147784568830226
1337682888649793538,positive,0.9574307131512887
1337682893380997120,negative,0.00035103450313669535
1337682907528376320,neutral,0.608711942479606
1337682911596867585,negative,0.000802893398641691
1337682914956484609,negative,1.3905060552436846e-05
1337682929238073349,negative,0.08771720360987112
1337682939962925056,negative,0.00043171795821710454
1337682950230519809,negative,1.0849495892255961e-08
1337682957490745344,negative,0.042862608420530746
1337682969587298306,negative,5.9681698727740665e-05
1337682975325089793,negative,0.002395371638756114
1337682975429959680,negative,0.0005719781898439768
1337682976541470720,negative,0.030522099394245918
1337682991208951808,negative,0.1197339938602614
1337683000742600705,negative,0.0007562272065341131
1337683004869783552,neutral,0.5468353340593204
1337683005909979136,negative,0.08306574996055795
1337683022246793219,negative,0.00019295356139209418
1337683028869591040,negative,0.29164448748618527
1337683041091792896,negative,3.707492819855371e-06
1337683047341297665,negative,0.014238835694036351
1337683056736559105,negative,0.0015610565225471788
1337683062235271168,negative,0.013225334072497246
1337683069197643777,negative,0.042862608420530746
1337683072423227393,neutral,0.49789225920557484
1337683078878289923,neutral,0.6480933739102861
1337683079134130176,negative,0.0003288984655362324
1337683085144563713,negative,0.011609961793364999
1337683090630557698,negative,0.029076029934906593
1337683094992777217,negative,0.2700871639158289
1337683095881826304,negative,0.00018846375634474225
1337683095953289224,neutral,0.555405182051321
1337683097408704512,neutral,0.38296308218221364
1337683104933273601,negative,0.035694566503075315
1337683111887458304,negative,6.160453174385162e-05
1337683112378175489,negative,5.9681698727740665e-05
1337683130673729537,negative,2.1521009486514054e-10
1337683133328572416,negative,0.05421213044225123
1337683136239587328,negative,8.823512469782613e-05
1337683140693938179,negative,0.013808438068717812
1337683141713141765,negative,0.019155093229728942
1337683143323684864,negative,0.00682250298555984
1337683146180071425,negative,0.020290982152603828
1337683150835740673,negative,0.09343565429787228
1337683152798670848,negative,0.030522099394245918
1337683157605376008,negative,3.099340396066524e-05
1337683157869531136,negative,0.0003288984655362324
1337683161422180352,positive,0.8624685616235115
1337683174210453504,negative,0.042862608420530746
1337683176576217088,negative,0.0006225569234486306
1337683181101854720,negative,0.0015610565225471788
1337683181802229761,positive,0.9868351075313818
1337683182817316865,negative,0.018145415211949536
1337683189381402624,negative,0.10445300136530959
1337683201351946241,positive,0.9040734846451258
1337683203587518469,negative,0.009955424705453414
1337683208079626240,negative,0.014238835694036351
1337683213607645187,positive,0.9953669406036293
1337683216145199104,negative,0.22531271286314203
1337683219987247104,negative,0.020820531745936836
1337683222365429761,negative,0.1746276599341517
1337683223166521345,negative,0.001265449787784794
1337683224378695680,negative,0.23378977435583267
1337683228711411712,negative,0.12216548872537968
1337683229961113600,negative,8.641509026547151e-08
1337683231227961344,negative,0.07393459354148145
1337683243039076353,negative,0.010284369457636031
1337683247585693698,negative,2.039733899143191e-08
1337683254493777920,negative,0.15008095496472415
1337683257878581250,negative,0.1387688413340769
1337683258658721794,negative,0.005434580028065968
1337683259283673089,negative,2.5418962327400577e-05
1337683263196966912,negative,0.010086869192765845
1337683263226327040,negative,1.4316969497069149e-06
1337683265239605249,negative,0.00825990676587027
1337683265977790464,negative,0.2120816006842553
1337683284529131520,negative,0.08306574996055795
1337683285783273474,negative,0.042862608420530746
1337683291516907520,positive,0.922316395585337
1337683293727240192,negative,0.08102684450421606
1337683298655612929,positive,0.8468036376526413
1337683300169768960,negative,2.5674050120213946e-07
1337683315201986560,negative,0.12707338399965887
1337683319014756353,neutral,0.5733455980917739
1337683324509286401,negative,0.032717581710016576
1337683326778400770,negative,2.5416983116778805e-06
1337683328917356544,negative,0.004882006203456899
1337683336144236547,negative,5.697541839020793e-10
1337683341928247296,neutral,0.5274826124797001
1337683343324946436,neutral,0.41627851434863555
1337683346760065024,negative,0.08102684450421606
1337683349087932416,negative,5.9681698727740665e-05
1337683350597869568,negative,5.9681698727740665e-05
1337683351365443585,negative,0.029074312621311698
1337683355018670081,negative,0.0006932133240023689
1337683355148627968,negative,0.009861618136617014
1337683358298611712,negative,0.0007820221341909305
1337683358340374529,negative,0.020711495734865575
1337683359716286464,negative,0.0528441646713127
1337683366787813378,negative,0.0015610565225471788
1337683370399162369,positive,0.9527125882639778
1337683393207803905,negative,0.00858080191481753
1337683399482478596,negative,0.003966884529136524
1337683409716584449,negative,0.0017252866697045207
1337683412858114048,negative,0.0005343832199210947
1337683414544224258,neutral,0.628525625479583
1337683415240503299,negative,0.0042236286975061155
1337683420256886784,negative,9.632335444787114e-06
1337683422114959362,negative,1.1042858659434556e-08
1337683431845748741,negative,0.029076029934906593
1337683453832257538,negative,0.000876366774248716
1337683453882621952,negative,0.0005719781898439768
1337683455174381575,negative,0.10524054078607217
1337683459091931137,negative,0.001823087068009987
1337683462342500352,negative,0.015351630615822369
1337683468801740801,neutral,0.37597959990471996
1337683483213377537,positive,0.699953924023886
1337683488921759745,negative,0.0024855115665985334
1337683493778845697,neutral,0.38296308218221364
1337683499856392194,neutral,0.5497018517611811
1337683503782240256,negative,0.059085592792925405
1337683513349447680,negative,0.07409858964317478
1337683523608702976,neutral,0.5468353340593204
1337683526817370112,negative,0.08106434289487681
1337683532672544769,negative,2.166064929039821e-08
1337683535143034881,negative,3.0108687847162574e-11
1337683537332494337,negative,0.021523831531122934
1337683541178593280,negative,0.00264369542441817
1337683546085986306,negative,0.08899738544787245
1337683546618597377,negative,0.014238835694036351
1337683547935608832,negative,1.0631346066915535e-05
1337683555665764352,negative,0.06339567127969255
1337683565086187520,neutral,0.4228049693809008
1337683567581794304,negative,0.08531106549460697
1337683568210948096,negative,0.020711495734865575
1337683568378716160,negative,0.00019295356139209418
1337683570383532032,negative,0.03566408410566488
1337683576763146242,negative,0.003778165258669764
1337683581611683845,negative,1.7836874693859608e-07
1337683590835040258,negative,5.796196381559963e-08
1337683597227126784,negative,0.15237137935820858
1337683601517932544,negative,2.565416422432562e-08
1337668703996030978,negative,0.01578242647019771
1337671113585856514,negative,0.0026378702632803507
1337672537950597121,negative,9.215435960574836e-05
1337673680894222336,neutral,0.4176513357546192
1337676123619143682,negative,0.001177893585228716
1337677549325914113,negative,2.0619674385094816e-05
1337679098534129666,neutral,0.4176513357546192
1337679993397194753,negative,0.0027360915203461927
1337681601824776193,neutral,0.4176513357546192
1337682221692555264,negative,0.01603025202319863
1337682225438068741,negative,0.01603025202319863
1337682229263298562,negative,0.01603025202319863
1337682376781148161,negative,0.15720509958285872
1337683335896764417,neutral,0.4176513357546192
1337683575492251653,neutral,0.4176513357546192
1337669270550048769,negative,0.31820487300311295
1337670886942511111,negative,0.007422677464658899
1337673426711027713,negative,9.021196357634207e-12
1337675042881073153,neutral,0.49789225920557484
1337676915050749952,neutral,0.4358260304795328
1337671322017656832,negative,0.024597352018929906
1337671562510659584,negative,9.054368791986221e-07
1337672097250881536,negative,0.008816238689380302
1337674227076501505,negative,9.054368791986221e-07
1337675970371858432,negative,9.054368791986221e-07
1337676779536986112,negative,0.0037163357317120545
1337678031859691520,negative,0.05259327797948475
1337683323754319875,negative,0.10177892264916542
1337668511611686912,negative,5.355010930768742e-09
1337668513889214464,positive,0.7094519129499983
1337668515596296193,negative,1.2490873715187266e-07
1337668557509980162,negative,0.13622021004680265
1337668580830294017,negative,0.00031013536921854616
1337668611704545281,negative,0.00038203789134123157
1337668647192551425,positive,0.9469697591186498
1337668662573010945,negative,0.020240675846739182
1337668691819950081,negative,0.01161420623994079
1337668703295578114,negative,0.12052301666062931
1337668711017308160,negative,3.503332491844742e-07
1337668772124090375,negative,0.007963523685355868
1337668783129964547,neutral,0.43676097260095686
1337668783331307521,negative,0.012447444692571407
1337668797700988928,negative,0.040644236251983545
1337668811051462690,negative,0.14502002360102192
1337668855733301250,negative,0.14502002360102192
1337668886464966656,negative,4.6798694042688e-07
1337668901015007232,neutral,0.513136929509853
1337669016253566978,negative,0.047654754251851915
1337669027343249410,negative,3.893721631034854e-06
1337669077318443008,negative,0.046178568787750805
1337669175855239168,negative,0.3275343369675037
1337669197841616899,negative,0.2552826837429695
1337669258080378882,negative,0.014625560810221911
1337669281086107653,negative,2.9934210114379196e-08
1337669360274518020,negative,0.0006496833457145468
1337669374027579398,negative,0.0001247166202513713
1337669459390107649,negative,0.020240675846739182
1337669515753222144,negative,0.0005984445601925784
1337669542760341504,negative,0.012447444692571407
1337669620707319808,positive,0.9246121621206423
1337669683852562432,negative,0.0027633374840973874
1337669690794106880,neutral,0.46364466503952073
1337669748214128640,negative,2.415299317870419e-08
1337669786357145601,negative,0.15945082851845138
1337669830325854209,negative,0.0002866164598700414
1337669842191740929,negative,9.903286397048304e-05
1337669865952452608,negative,0.2977057346032286
1337669883035697154,negative,0.00443044447298966
1337669889469935617,negative,3.503332491844742e-07
1337669956876558338,negative,0.014625560810221911
1337669958122102784,negative,0.003560216181802723
1337669973439864833,positive,0.9291455215624709
1337670062925357056,negative,3.823708321855135e-05
1337670091828322304,negative,0.020240675846739182
1337670212309626880,negative,5.0863876526371515e-06
1337670220815732737,negative,0.003201871144640496
1337670248816926720,neutral,0.5160214781292481
1337670277124124674,negative,1.081011771263744e-05
1337670294555795458,negative,2.990144022842902e-05
1337670305679106049,negative,0.012447444692571407
1337670320719859712,negative,0.011024604183952014
1337670321080590337,negative,0.012447444692571407
1337670327950843906,negative,2.382524112041329e-09
1337670332564582400,negative,0.17082041621472263
1337670355867987968,negative,0.008362519377879681
1337670396695363584,negative,0.19371529001740495
1337670433286598656,negative,1.423983602659326e-05
1337670514572070913,negative,2.1906271477904758e-14
1337670599938895873,negative,0.18065660009678233
1337670603222953984,negative,5.066486143401251e-06
1337670614493110272,negative,0.001241668317044364
1337670616112132099,negative,0.0004281660824754436
1337670675859988480,negative,1.7884768405768006e-07
1337670719929544704,negative,0.0002866164598700414
1337670720902623232,negative,7.138432736679519e-05
1337670769476825088,negative,0.012447444692571407
1337670817400942592,negative,1.2701766702448033e-08
1337670833570013186,neutral,0.513136929509853
1337670842491293697,negative,0.06836108937810521
1337670848002584576,negative,0.0002866164598700414
1337670902738280448,negative,1.2468490115828862e-09
1337670948519022593,negative,0.0001247166202513713
1337671029158801410,negative,2.7824891343053194e-11
1337671031473975296,negative,0.10458249953767496
1337671168040558596,negative,5.066486143401251e-06
1337671176513052674,negative,5.761921552968513e-06
1337671249003241472,neutral,0.3875050788617792
1337671255026176001,negative,9.025872908519841e-08
1337671267458064387,negative,0.02294384222960813
1337671275930677250,negative,4.861338950427569e-10
1337671284633825280,neutral,0.6035601857921905
1337671405228486657,negative,0.020240675846739182
1337671441022652416,positive,0.9469697591186498
1337671484790206465,negative,0.01333659774227769
1337671526783410178,negative,9.025872908519841e-08
1337671746514784256,negative,1.7093544535981179e-06
1337671781881143296,negative,0.00029328950812944023
1337671790731161601,negative,0.015208780223097941
1337671883043471360,negative,9.025872908519841e-08
1337671935896002560,negative,0.012447444692571407
1337671998928007168,negative,0.0008141927002050162
1337672037297500160,negative,0.020240675846739182
1337672185868132354,negative,0.013388630289323718
1337672193409429505,neutral,0.5882477756220617
1337672212350963714,negative,0.012447444692571407
1337672299282132993,negative,0.013474162191718087
1337672327610380288,negative,0.002604082672535257
1337672374133665793,neutral,0.5160214781292481
1337672390482960384,negative,1.2945133285665801e-16
1337672398812950528,negative,0.012447444692571407
1337672439938109441,neutral,0.5558316929262065
1337672487136620544,negative,0.10404495241321535
1337672488726229004,negative,0.013998212373351047
1337672584264097792,negative,5.0141554048623894e-06
1337672610302320641,negative,2.7734390826782164e-05
1337672688584843264,negative,0.003918669429629973
1337672698995101697,negative,0.15653407704880598
1337672800706965505,negative,0.14502002360102192
1337672898698473472,negative,0.2036184615112495
1337672926993276931,negative,1.201138462602287e-07
1337672964314181633,negative,0.06253830816949381
1337673119687823361,negative,0.0015619959690154042
1337673124817592324,negative,0.0144541530863221
1337673172468973568,negative,0.00023817575887758252
1337673312105709568,negative,0.009861618136617014
1337673361896448000,negative,0.24121255048297818
1337673369391656960,neutral,0.3660616561462668
1337673378371604481,negative,0.002126742814850719
1337673378585567232,negative,2.9866712412167923e-10
1337673512320950274,negative,1.4486895939558697e-07
1337673522051764226,negative,9.301872077510704e-10
1337673565798363136,neutral,0.513136929509853
1337673733666975745,neutral,0.5391371911639813
1337673762968363009,negative,0.008810826973255165
1337673799253291008,negative,0.04236374205696062
1337673812482076672,negative,0.0015134854077228684
1337673846690729985,negative,0.14170123064733625
1337673914042839040,neutral,0.4232754665833699
1337673960775970817,negative,0.004069519953010218
1337673977066647552,negative,0.00023657535636475654
1337673994477076480,negative,0.0003083262067298366
1337674045047889925,negative,0.00033605205208500145
1337674051381288960,negative,0.00028747427554985455
1337674128875249664,negative,0.00036124060369205986
1337674232969490432,negative,0.037003645825752086
1337674255744589824,negative,1.7554452064009143e-05
1337674314963881986,negative,0.005781837263888423
1337674377450696705,negative,0.013423147065273906
1337674387227631618,negative,0.00018913293969158304
1337674421805453313,negative,1.6765472520327356e-05
1337674451882831872,negative,0.0021686794746307073
1337674468941058049,negative,0.00036124060369205986
1337674587849576449,negative,0.0004891740061340554
1337674592962408449,negative,0.00023285074360921654
1337674607042699264,negative,0.11461508938273733
1337674664529707009,negative,0.005343462032159696
1337674695693438977,negative,0.039011208171943146
1337674736361500672,negative,0.0005577275941076559
1337674748248121344,negative,0.04236374205696062
1337674833665077248,negative,1.023321024200687e-06
1337674835586060289,negative,1.4589075688364103e-08
1337674848043216896,negative,5.369498137586721e-10
1337674871820718081,neutral,0.41487043792870404
1337674895573061633,negative,0.00011940357541647492
1337674898655899648,negative,9.661028095054712e-07
1337674900203560961,negative,0.0006656678567089018
1337674964653264899,negative,1.3084474862002436e-15
1337674987415670784,neutral,0.5022160148058878
1337675240328089605,negative,4.069373578594323e-16
1337675255108628481,negative,9.025872908519841e-08
1337675260116799488,negative,1.0216849474992381e-05
1337675380170297347,negative,0.008812478144092136
1337675631098675202,negative,1.6868717787139018e-06
1337675635767074817,negative,0.013351154862659802
1337675673582903296,negative,0.2923062713154107
1337675767086542849,negative,2.2235992045429343e-07
1337675847361290242,negative,6.370100721469383e-06
1337675850733510658,negative,7.138432736679519e-05
1337675870870396929,negative,0.039011208171943146
1337675876180369409,negative,0.012447444692571407
1337675879141531648,negative,2.695991933953587e-10
1337675879229624320,negative,0.0007029034885307648
1337675891044966401,negative,0.00028747427554985455
1337675916361818112,positive,0.6771318757217372
1337675968740274178,negative,0.005171030894172299
1337675969251905542,negative,0.0529219730436029
1337676027590553610,negative,0.005515712381707351
1337676035320647681,negative,0.0016967667108129104
1337676129767989249,negative,2.695991933953587e-10
1337676158381461504,negative,0.005124250950732668
1337676166828855296,negative,7.230955268727486e-06
1337676176270176256,negative,0.013351154862659802
1337676218896793602,negative,3.2833162907729473e-07
1337676236525473800,negative,0.0237963259715142
1337676281945731072,negative,2.2039420109215497e-06
1337676285158576128,negative,0.0002679392210602465
1337676310450200578,negative,0.013351154862659802
1337676334101897218,negative,0.020240675846739182
1337676354934992897,negative,0.00034216910993724645
1337676432076648448,negative,5.0307499272683234e-06
1337676534157615104,negative,8.263673072098136e-12
1337676570232819713,negative,0.0025470991958144464
1337676582874443777,negative,3.473091104462021e-08
1337676612536590336,neutral,0.4392926394587637
1337676635508760576,negative,0.14502002360102192
1337676695403438080,negative,0.012447444692571407
1337676855181258753,negative,9.537856188058884e-15
1337676908117569536,negative,0.013351154862659802
1337676951142666240,negative,0.00010261251568708346
1337676978300850178,negative,0.014315927320429318
1337676994117586950,negative,0.00012009568057904209
1337676994163699712,negative,5.325934924792624e-05
1337677020805787648,negative,5.066486143401251e-06
1337677027101564928,negative,0.012447444692571407
1337677114263396352,negative,0.012447444692571407
1337677117060952064,negative,0.047277605525315465
1337677164272111616,negative,0.0029658574164667375
1337677358292234240,negative,1.1269571665076613e-15
1337677361119170560,negative,0.013351154862659802
1337677394107305985,negative,0.00013312500905136618
1337677394711285760,negative,0.0015348291947815192
1337677446167097345,negative,5.5955783654541674e-08
1337677557454532609,neutral,0.5160214781292481
1337677658424012801,negative,0.00022995740485520967
1337677664698568710,negative,0.0007579299185923204
1337677680548990979,negative,4.700250571329093e-06
1337677686521667585,negative,0.0024939916092317775
1337677688438476806,negative,0.003570716649534863
1337677724417224704,negative,1.1328100519187986e-08
1337677769271074816,negative,0.03148248142813558
1337677809779662852,negative,0.10404495241321535
1337677818457694208,negative,4.3712493209272404e-07
1337677851617873920,negative,1.0925861985792338e-05
1337677872702611456,negative,0.0007579299185923204
1337677988272476160,negative,0.0007579299185923204
1337677990063386627,negative,0.0007579299185923204
1337678035168980998,negative,0.0016879716624638046
1337678101166305280,negative,0.10404495241321535
1337678102588248066,negative,8.185054345792929e-13
1337678171827806208,negative,0.0007579299185923204
1337678189242556417,negative,0.0007911241116583959
1337678211518509056,negative,0.0004547251150231042
1337678244032770049,negative,0.0001287144518462053
1337678245462994945,neutral,0.6344397452462279
1337678250026393602,negative,1.632898347032109e-08
1337678252693917696,positive,0.7812117509981387
1337678257185902592,negative,0.16162955086206265
1337678312781598720,negative,0.0005670085519593269
1337678318104162304,negative,0.0007579299185923204
1337678350031187968,negative,0.00023344426143359216
1337678535209734146,negative,4.620760938019404e-09
1337678541178204160,negative,0.06442949399463205
1337678621171982338,negative,8.212983576679623e-06
1337678665291878403,negative,5.956917060834322e-07
1337678679602847744,negative,9.025872908519841e-08
1337678707234902016,negative,0.07531908279466738
1337678716885999617,negative,1.5764039266213627e-06
1337678745210118144,negative,4.3712493209272404e-07
1337678815385034752,negative,7.316064976616843e-08
1337678920099958784,negative,1.4615543156749179e-08
1337679004850065409,negative,2.2377835964520633e-11
1337679016623484929,negative,0.0007579299185923204
1337679025532260355,negative,0.01333659774227769
1337679057002106881,negative,0.013351154862659802
1337679116305379328,negative,0.0212278751738406
1337679148085555200,negative,4.541686791827086e-06
1337679192524197890,negative,0.20680897984115096
1337679255203962880,negative,0.012447444692571407
1337679289983135744,negative,1.9619686142596455e-05
1337679291665031168,negative,0.31480629218666994
1337679297209905152,negative,3.1344043401352983e-05
1337679318118494208,negative,3.8099897985506884e-10
1337679331909373952,negative,2.1986133477433725e-06
1337679342835470336,negative,5.066486143401251e-06
1337679351798767616,negative,5.066486143401251e-06
1337679352453079041,negative,0.0007579299185923204
1337679422078537730,negative,0.008812478144092136
1337679438075531270,negative,0.012447444692571407
1337679535756677120,neutral,0.3493072335432304
1337679552374566912,negative,2.3149569440944937e-07
1337679575074140160,negative,5.066486143401251e-06
1337679583932522496,negative,1.8893385706874898e-10
1337679585505406977,negative,5.005416361419092e-07
1337679621685456897,negative,0.00021563432857628587
1337679651095924737,negative,0.01333659774227769
1337679688290856961,negative,9.093735617967989e-12
1337679751385899013,negative,8.571664936632174e-11
1337679780213366787,negative,5.066486143401251e-06
1337679801713356803,negative,0.0004938217530766213
1337679831157387264,negative,1.2046563564754187e-09
1337679874476154880,negative,0.013351154862659802
1337679915047677952,negative,0.0003246722397353427
1337680061797969923,negative,0.0144541530863221
1337680171017662464,negative,0.00036124060369205986
1337680188012949506,negative,0.012447444692571407
1337680190777028608,negative,0.005124250950732668
1337680241301532672,negative,4.6059945968692686e-07
1337680287942238209,negative,0.00028747427554985455
1337680314135687169,negative,1.22209233739373e-07
1337680315343572992,negative,0.0080716526443954
1337680396893478915,negative,0.10458249953767496
1337680400823488513,negative,0.0002316194160462402
1337680451566243840,negative,0.01333659774227769
1337680552053313537,negative,0.012447444692571407
1337680616238833666,negative,2.508502224659593e-07
1337680633435447296,negative,9.903286397048304e-05
1337680656864849920,negative,1.149778521132183e-16
1337680683565780993,negative,1.4805111358089214e-05
1337680687340646401,negative,0.00783398758962555
1337680739928862720,negative,3.215161993698194e-08
1337680755070300160,negative,0.0007579299185923204
1337680867850915840,negative,0.00022036397642288873
1337681000697106434,negative,0.00041768447605855703
1337681001242185728,negative,0.00992588126282411
1337681008041324544,negative,0.012447444692571407
1337681052417056769,negative,0.03190200839706237
1337681076832047104,negative,0.1613758591047994
1337681102446747653,negative,0.012447444692571407
1337681171908616193,negative,0.01333659774227769
1337681273234534401,negative,0.013351154862659802
1337681297548963843,negative,1.4901784121169233e-06
1337681377899253765,negative,1.8765913546498052e-07
1337681388196212742,negative,0.11212916653756151
1337681440343986176,negative,0.012447444692571407
1337681455149948928,negative,0.02101934542207701
1337681457628778497,negative,0.00104669901715068
1337681473567137792,negative,5.861044438897294e-12
1337681494337351686,negative,0.012447444692571407
1337681592190443521,negative,0.012447444692571407
1337681719718252546,negative,1.4805111358089214e-05
1337681736378036224,negative,0.00012580154340078017
1337681752790364160,negative,2.7561368938908455e-05
1337681785518493696,negative,0.0006589251565008229
1337681795815518210,negative,0.012447444692571407
1337681864488869889,negative,0.10404495241321535
1337681872621539329,negative,0.16324641311448942
1337681903068078081,positive,0.9291455215624709
1337681905387507712,negative,0.0019909376556850296
1337681913226665985,negative,6.178793352090608e-05
1337682111470465024,negative,0.09710601767176091
1337682133410861058,negative,0.00028747427554985455
1337682168244473856,negative,0.00018166234498291094
1337682267670503425,negative,0.1836034603860732
1337682310225866752,negative,0.020240675846739182
1337682371001405440,negative,1.4805111358089214e-05
1337682502778040320,negative,0.14002468823590244
1337682502836695040,negative,0.010368106523928413
1337682522994577408,negative,0.008259364573903857
1337682530171056128,negative,0.040644236251983545
1337682672047378438,negative,9.025872908519841e-08
1337682673947578368,negative,0.01333659774227769
1337682730864226304,negative,5.60354713309813e-10
1337682767518240768,negative,0.0009193457553470072
1337682783607656448,negative,0.0005632670660570674
1337682813332688896,negative,0.012447444692571407
1337682820777582592,negative,0.013351154862659802
1337682928596291584,negative,0.01333659774227769
1337683017029005312,negative,0.012447444692571407
1337683054354178049,negative,0.0003426942773521543
1337683103549173762,negative,1.2706101362221398e-06
1337683104857792514,negative,4.2726229714484967e-10
1337683149699096576,negative,1.8568291096072472e-06
1337683173497589760,negative,0.026823710279002665
1337683186189561857,negative,0.012447444692571407
1337683199909105664,negative,0.013351154862659802
1337683227654418433,positive,0.7132658552393821
1337683232603648001,negative,0.04042518938833216
1337683242934263810,negative,0.1836034603860732
1337683262123151363,negative,0.002343742375783206
1337683337327079424,negative,0.020225989271516052
1337683368129880064,negative,0.0008686721591337563
1337683418876964864,negative,6.237993035595034e-08
1337683431493394432,negative,0.00010044913822418648
1337683497645993985,negative,0.007504194209985668
1337683504231030784,negative,1.7355044741220792e-07
1337683505749381120,negative,3.7069675622947566e-10
1337683506772783113,negative,2.846349030541183e-08
1337683566709379078,negative,0.0032384968888498514
