Tweet_ID,Sentiment_Label,Probability_pos
1342258756579708943,negative,1.6187692154590044e-07
1342258756588085249,negative,0.00039554420854995525
1342258758362095616,negative,0.0003146515474190835
1342258758517448705,neutral,0.35085592060336057
1342258758567641088,negative,0.00014157873525587588
1342258758592946176,negative,0.00040563037365983856
1342258759100485635,positive,0.9718712241006873
1342258759155003397,negative,0.1714267382097156
1342258762644660228,positive,0.9975053212726537
1342258762657263616,negative,0.24339632402902336
1342258764938792960,negative,0.014358076694591477
1342258768642498561,negative,0.1184013620515493
1342258769649139712,positive,0.9856415535444256
1342258771989508099,negative,0.11821593277136021
1342258775764443136,negative,0.053635390797458604
1342258778595536896,negative,0.04431263158694897
1342258779912597504,negative,4.1970248861352044e-05
1342258780399169537,neutral,0.44808804038886685
1342258781791670273,positive,0.7909245406637737
1342258783507128320,negative,0.024922661642426222
1342258785788821507,negative,6.654624030339112e-07
1342258785881120769,negative,5.067111439135553e-05
1342258787424604161,neutral,0.4133179625133792
1342258788049571841,negative,0.009396406851028752
1342258788212994049,negative,0.0023251786547338967
1342258788942946305,negative,0.12991080887966053
1342258789723090947,negative,0.0002755830172568149
1342258789832155137,negative,3.2573299413901267e-05
1342258790117343237,negative,0.0016988754688753971
1342258790259957761,negative,0.005004610244481978
1342258791509848070,positive,0.8854721273833744
1342258791782494213,negative,0.008002740267951025
1342258792336142342,negative,0.0029783433317702402
1342258794223566850,negative,5.4235837179239396e-05
1342258794227765248,neutral,0.42755866745518784
1342258794357813248,negative,0.0012913522024147548
1342258795293122560,negative,0.08663240066919725
1342258795624476674,negative,0.0016984442996489809
1342258795733540887,negative,0.0021116303739656416
1342258796761112577,negative,0.004749738061401373
1342258799084761107,negative,0.03504191173230307
1342258799772626947,negative,0.0030055605942955724
1342258800238223361,negative,0.0016984442996489809
1342258802259865601,neutral,0.381875542748901
1342258803614605312,negative,0.00048105932977616416
1342258804474437633,negative,0.013693389405275775
1342258805921480704,neutral,0.381875542748901
1342258806215081984,negative,0.20120797568397142
1342258806374477826,negative,0.12356545199738704
1342258806798086144,negative,0.002367167875322707
1342258808287076352,negative,0.10111094768868999
1342258808710684673,negative,0.1035980667846546
1342258808836526082,negative,0.0001911241861820195
1342258810480680964,negative,0.21047953907773329
1342258810539401219,negative,0.0069571137892871044
1342258812347101184,neutral,0.5052510391936574
1342258815308353538,negative,0.10941009576461619
1342258815434158084,negative,0.03440509863010974
1342258816470167553,negative,6.940787248004892e-05
1342258817241899008,negative,0.0035194185252374107
1342258818034642946,negative,0.0011909491266655617
1342258818084970497,negative,0.00029053898001326397
1342258818198237185,negative,0.0005520065288040503
1342258818219200513,negative,0.013693389405275775
1342258819074682880,negative,0.000527895695929381
1342258819527823361,negative,0.04615146517284547
1342258819594932226,negative,0.04287224459841915
1342258822820339713,negative,0.08634098779039243
1342258823407542273,negative,0.09483330112438267
1342258825013960706,negative,6.028478967650396e-05
1342258825471139842,negative,0.010543224698307459
1342258825655676929,negative,2.4284890823366174e-05
1342258826150608897,negative,0.04385133169612894
1342258826330976257,negative,7.649435995109031e-05
1342258826515513345,negative,0.016840202556405455
1342258827350179842,negative,0.10700295468860774
1342258827434090502,negative,0.1184013620515493
1342258827459223553,negative,1.1453660949703169e-09
1342258827798999042,negative,0.07409858964317478
1342258828700774407,negative,0.00017582172268412865
1342258833822015498,negative,2.2617691286086804e-07
1342258834363064320,negative,0.23814515285141585
1342258834891485186,negative,0.011046660268482299
1342258839102644225,negative,0.0005808602293912969
1342258839379443723,negative,0.0005808602293912969
1342258840167968769,negative,7.501803199291297e-08
1342258840268521472,neutral,0.4259522713230361
1342258844391657472,neutral,0.3927720440487779
1342258849995251712,negative,7.822111126984218e-07
1342258850611691520,negative,0.24339632402902336
1342258851085737988,negative,0.20744168153670992
1342258854659289088,negative,1.9770464242314684e-06
1342258861068197888,negative,0.12752775856196275
1342258869985308674,negative,3.423586308078615e-05
1342258872573186050,negative,4.1970248861352044e-05
1342258873693036545,negative,0.02379167659821053
1342258874393497601,negative,4.1970248861352044e-05
1342258879586037760,negative,0.0003082441436803875
1342258879699316737,negative,0.2073124719616097
1342258880299020290,negative,0.3020135550609068
1342258880840142848,positive,0.7909245406637737
1342258884703113216,negative,0.025529448907880364
1342258885873307649,negative,0.0067439644490239125
1342258892097642496,negative,0.1239235556525478
1342258893293056000,negative,0.006781100767339643
1342258895306297345,negative,0.30198141030638825
1342258897306968084,negative,0.0030840377507239144
1342258897445416972,negative,0.009655167226292012
1342258899760476160,negative,0.17642093766589162
1342258903770419200,negative,0.009655167226292012
1342258905490092034,negative,0.06362071004607406
1342258905582366727,negative,0.02877923826782755
1342258908338020353,neutral,0.4541160922982191
1342258908740657152,negative,4.815670331330078e-05
1342258908921012224,negative,0.0001123780949996407
1342258912658120704,negative,0.0006726122019988871
1342258913983553540,neutral,0.5098436067637715
1342258914298109966,negative,0.26389264420752356
1342258914767810562,negative,0.014639324241914418
1342258918857338880,negative,0.000941949333620866
1342258921516507136,negative,0.010821739943380863
1342258922791587840,negative,0.06334730549917801
1342258925580787713,negative,0.009087159101972653
1342258929045303296,negative,0.0048131713818208325
1342258929703604224,neutral,0.49789225920557484
1342258931670810625,negative,0.2902592164779429
1342258933558337536,negative,0.016464699376844857
1342258934732763136,negative,0.04287224459841915
1342258936209166339,negative,0.032348844086251556
1342258938432073728,negative,0.1258285199032784
1342258940172771331,negative,0.010625722543201738
1342258940478971905,negative,0.009087159101972653
1342258943515570178,neutral,0.49178886988063825
1342258945499533313,positive,0.9634834649974734
1342258950104895489,negative,0.12188388017780136
1342258951061188608,negative,5.6171691169373506e-05
1342258953992851459,negative,0.10098059484541795
1342258955465216002,negative,0.00017831436735666907
1342258956039815168,negative,0.009087159101972653
1342258961580498944,negative,0.1472236224474914
1342258962595532801,negative,0.013208338339469801
1342258965028237313,negative,0.06349256163192335
1342258966521405442,positive,0.7909245406637737
1342258966659813377,negative,0.0442112123397495
1342258968748466178,negative,0.009655167226292012
1342258969344159745,negative,0.23814515285141585
1342258969528700929,negative,0.018246950034001192
1342258972032720896,negative,0.021512801395011587
1342258972980621312,negative,0.0016984442996489809
1342258973576208386,neutral,0.6068612887146637
1342258979611807747,neutral,0.6342223244482552
1342258983734661121,negative,0.043523203170125396
1342258985416740865,negative,0.0012750139161189261
1342258988012990470,negative,0.00029038244704359414
1342258988591755267,negative,0.0010490329351493224
1342258990600908801,negative,0.03176102172759143
1342258990609272834,positive,0.9634834649974734
1342258990915461124,positive,0.9633894245446962
1342258992224104448,negative,0.009760717503525121
1342258994841317383,negative,0.19111553643703777
1342258995206217729,negative,0.034168297047262965
1342258999794806788,negative,0.20982164154594204
1342259000168108032,negative,0.10133110281711172
1342259000646246400,negative,0.02287191217401359
1342259001346691072,negative,0.00024838864521962284
1342259002181361665,negative,0.004821001146662649
1342259002936336385,negative,0.03999182497324638
1342259004014293000,negative,3.957349991212548e-05
1342259004890873858,neutral,0.4507454498615163
1342259005725425664,negative,1.6734281074416479e-10
1342259006883196934,negative,0.15335434241404183
1342259007268990979,negative,0.00013648101023469014
1342259007352958977,negative,0.0012445089043806013
1342259007835295745,negative,5.304206422574919e-05
1342259008070168577,neutral,0.4937382097568689
1342259008548302859,negative,0.11637449124597811
1342259008569270274,negative,0.11637449124597811
1342259008581857283,negative,0.11637449124597811
1342259008581869569,positive,0.9976978622844979
1342259008644628481,negative,0.11637449124597811
1342259008749461506,negative,3.7999962277380446e-05
1342259008954982401,negative,0.11637449124597811
1342259008955183105,negative,0.11637449124597811
1342259009101955072,neutral,0.33138744805360365
1342259009672384515,negative,0.00010937644884586791
1342259009789845504,negative,0.02122861381396313
1342259010653851649,negative,8.515087045096324e-06
1342259010989338626,neutral,0.5533970533999424
1342259011882782720,positive,0.7909245406637737
1342259011958280194,negative,0.18469532834249947
1342259012033773568,negative,0.042611579456030016
1342259012633571330,negative,0.1604614586044836
1342259012688105472,negative,0.032348844086251556
1342259012826509319,negative,0.10700295468860774
1342259014940434432,negative,0.002317428629040955
1342259016488144896,positive,0.8488784103859388
1342259016567836677,negative,0.00891375960757663
1342259018123931649,negative,0.008636256187449004
1342259018585223168,negative,0.2812124665127172
1342259019243810817,negative,0.0018250371711329009
1342259019419828225,negative,2.0283313711570258e-09
1342259019671547904,negative,0.004245740707033381
1342259019751288836,neutral,0.36173512508686567
1342259019868753920,negative,8.436125758673294e-12
1342259020753743875,negative,0.03504191173230307
1342259023429525506,negative,0.014358076694591477
1342259023966576643,negative,0.0007356962578800356
1342259024130150401,negative,0.059371854367166486
1342259024155185152,negative,0.014358076694591477
1342259024465547264,negative,0.014358076694591477
1342259025161846790,negative,0.014358076694591477
1342259025648504835,negative,0.0019401454863566454
1342259027938574336,negative,2.1500019167993857e-15
1342259028261539840,negative,0.004797521904475676
1342259028299292673,positive,0.7377395975775598
1342259028882284551,negative,0.006090637631782576
1342259030677450755,neutral,0.3593672214136314
1342259031398899712,negative,0.0005520065288040503
1342259031830917121,negative,0.014310841573965657
1342259032548118529,negative,4.815670331330078e-05
1342259032770441216,negative,0.057100421758971884
1342259034905309184,negative,0.030402257805422564
1342259036289425411,negative,0.0032909721994500638
1342259038420164608,negative,0.011806563727656144
1342259038852005888,neutral,0.49789225920557484
1342259039456145408,negative,0.02410087239287292
1342259040227831808,negative,0.014494593092258515
1342259040362110983,neutral,0.5968936918948992
1342259041196773376,negative,0.07409858964317478
1342259041683333127,negative,0.0013292379765500113
1342259041913905152,negative,0.0018844386147339862
1342259042387980288,negative,0.014205827926210534
1342259043637866498,negative,9.408529988076039e-05
1342259044074086401,negative,7.536778598895572e-05
1342259044518522881,negative,0.16934980977232453
1342259048125759489,negative,0.15069347931844987
1342259049379852290,negative,0.008481918753502899
1342259050621374470,negative,0.01924382528775434
1342259051934195713,negative,0.3024154418601797
1342259052802437122,negative,2.5358727831126537e-08
1342259053200777216,negative,0.005690555835752746
1342259053288976387,negative,0.013208338339469801
1342259054744391681,negative,0.1670862906793283
1342259054857621505,negative,0.03545929237991403
1342259056820543495,negative,1.1618148043390301e-07
1342259057319694349,negative,7.8964593116111e-10
1342259058187894785,negative,0.004407745679555904
1342259058947084288,negative,0.0011694138536039829
1342259059471298564,negative,0.0012291049718233533
1342259060050186245,negative,0.003566906859200871
1342259060188569602,positive,0.7909245406637737
1342259060289241090,negative,0.1250224706700623
1342259062294142978,negative,9.246636897832616e-05
1342259067079819265,negative,4.301094882263365e-10
1342259069613174788,negative,0.23814515285141585
1342259076911288320,negative,0.010625722543201738
1342259077989228546,negative,0.0007276283718645211
1342259079847292932,negative,0.010814357926202235
1342259084029030409,negative,0.08301289864159057
1342259084628787205,negative,0.32401835226482717
1342259086050660352,positive,0.7909245406637737
1342259091431952391,negative,0.009655167226292012
1342259093575262209,negative,2.853511522081341e-08
1342259093638156304,negative,0.022425991472602026
1342259094162448390,negative,2.5748448314182146e-05
1342259096599343104,negative,0.027289744188104013
1342259098805559296,negative,0.010222370396720212
1342259099006881802,neutral,0.553624078370707
1342259099917033472,negative,0.07192298659144568
1342259110553780224,negative,0.24187439095654115
1342259110826418177,negative,3.325366585154894e-05
1342259111690432514,neutral,0.46127768308170247
1342259112827113473,neutral,0.49789225920557484
1342259113133289472,negative,0.1543368951840135
1342259113514958848,positive,0.7909245406637737
1342259120246829058,negative,0.01616455903568405
1342259122121670658,negative,0.033363188412486436
1342259123056824320,negative,0.054327400666022506
1342259126693326848,negative,0.0016984442996489809
1342259126873829376,positive,0.7909245406637737
1342259127351992324,negative,0.04431263158694897
1342259130237657090,negative,0.3020135550609068
1342259134742351872,neutral,0.4737554465528978
1342259138764673025,negative,0.1902468900431735
1342259143772614656,negative,0.07099544834787903
1342259143944646656,negative,0.01616455903568405
1342259143957213193,negative,0.00017582172268412865
1342259145513160704,negative,0.1411233571287592
1342259146339610624,negative,0.005370575131904248
1342259149334339584,negative,0.009655167226292012
1342259149942480899,negative,0.06501080959008704
1342259150970093568,negative,0.0016984442996489809
1342259151695728640,negative,1.7719355383426894e-05
1342259158213668865,neutral,0.49789225920557484
1342259158800859141,positive,0.9511576138576184
1342259161518776320,negative,5.80596810510623e-06
1342259161535557635,negative,9.849003740412778e-05
1342259162898698242,positive,0.7909245406637737
1342259163959881730,negative,0.00016036712028058784
1342259165625012227,positive,0.7841100833134645
1342259166954594305,neutral,0.49789225920557484
1342259168070123520,negative,6.4742982635003705e-06
1342259168946905091,negative,2.8993851808563564e-09
1342259172407189505,negative,0.042611579456030016
1342259179734638592,negative,0.2681103282434627
1342259182871961601,negative,0.014513242905066906
1342259183018799106,negative,0.03504191173230307
1342259183580631040,negative,0.010821739943380863
1342259184776130563,negative,0.3020135550609068
1342259185422135297,negative,0.1184013620515493
1342259189691936771,negative,0.000262915195515079
1342259190627184640,negative,0.00508283694788516
1342259191440945158,negative,5.148343504827749e-10
1342259192523091970,negative,0.016840202556405455
1342259193001226249,negative,0.0002392550969991425
1342259193986883600,negative,7.8964593116111e-10
1342259194880274432,negative,0.12740039617771
1342259195253501953,negative,0.21047953907773329
1342259195492577282,negative,0.014513242905066906
1342259197736591360,negative,0.00030915010877106063
1342259198881632256,negative,0.02898632588015003
1342259199468838912,negative,5.121154846943292e-07
1342259201880547328,negative,4.730379238732861e-06
1342259203939971073,negative,0.16532172419126437
1342259204191629312,negative,7.30774934935384e-05
1342259205785444354,negative,0.002180415577433515
1342259206771142659,negative,2.28415185085136e-05
1342259208704598016,negative,0.023272702321897463
1342259209199640576,negative,5.304206422574919e-05
1342259210118115335,negative,2.5762425985802017e-05
1342259210516537344,neutral,0.36148701066640954
1342259210738917376,negative,0.09330070914684761
1342259212408250368,negative,0.0010522957575437217
1342259215935672321,neutral,0.5052510391936574
1342259216149569536,negative,0.2812124665127172
1342259217428840448,negative,0.016790966480826796
1342259218498412544,negative,0.00017582172268412865
1342259219701985280,negative,0.0021116303739656416
1342259220843003906,negative,0.12248249736691665
1342259221686087682,negative,0.16876081337448062
1342259223049232387,neutral,0.5533970533999424
1342259223363776512,negative,0.04586691580839149
1342259223619543042,negative,0.00030915010877106063
1342259224051654661,negative,0.0021324873200886485
1342259224248774656,neutral,0.5575473271234866
1342259224441745409,negative,7.298600028561883e-06
1342259228887699456,negative,7.8964593116111e-10
1342259230112423938,negative,0.00011045185101404003
1342259230439579648,negative,0.13149003709407442
1342259230531874825,negative,0.01901656117934125
1342259230594781184,negative,5.139007897928455e-05
1342259231135825922,neutral,0.34570610620557174
1342259231907573760,negative,0.020515268780260432
1342259233258168322,neutral,0.49789225920557484
1342259234231222272,negative,0.00029187068347952114
1342259235602759680,positive,0.7909245406637737
1342259237255323653,negative,0.000725745494711989
1342259238446497795,negative,8.515087045096324e-06
1342259239734157314,neutral,0.49789225920557484
1342259240258437120,negative,0.015773583174067275
1342259240681947138,negative,1.6734281074416479e-10
1342259241583841283,negative,0.2082976610060556
1342259242036678658,negative,0.04376691925485839
1342259242338807810,negative,0.0004959955619609795
1342259243676807173,negative,0.03129115096229518
1342259246193324032,positive,0.7909245406637737
1342259246407286785,negative,0.22693736885522003
1342259246482796551,negative,0.00029267990461877914
1342259247107764225,negative,0.004793132578354213
1342259247501885440,negative,0.027289744188104013
1342259247816577025,negative,0.2812124665127172
1342259248743518210,negative,6.137702851541225e-05
1342259248827392001,negative,0.10335774295999144
1342259248902897664,positive,0.7909245406637737
1342259249364299776,neutral,0.5533970533999424
1342259250102353921,negative,0.04586691580839149
1342259251771830275,negative,0.0012445089043806013
1342259252237373451,negative,6.931048472325273e-08
1342259252396773376,negative,0.019937252458622982
1342259254116442113,negative,8.515087045096324e-06
1342259254133202946,negative,5.321230959825084e-05
1342259256641417223,negative,0.0043962587496996506
1342259258075869184,negative,0.00015837122803427227
1342259262416818186,negative,0.0009412237136405294
1342259264879013888,negative,0.01616455903568405
1342259268049899522,negative,0.058962091186553926
1342259269459054593,negative,0.009655167226292012
1342259272051286018,neutral,0.37246490436791174
1342259277134757888,negative,0.0050896780737401505
1342259278019751937,negative,0.001361428865317095
1342259279558918144,neutral,0.49789225920557484
1342259280930615298,negative,0.016427604373005056
1342259286651506689,negative,0.1472236224474914
1342259287263993858,neutral,0.4840841037575614
1342259287872176128,negative,0.3020135550609068
1342259293102493697,positive,0.7909245406637737
1342259294239076352,negative,0.061910539114447556
1342259294281097220,negative,0.007217439023533475
1342259300807274496,negative,0.09904599204483841
1342259301667237888,negative,0.1184013620515493
1342259306784301057,negative,0.014860557071185125
1342259308436844544,negative,0.024565937236589775
1342259308436856832,negative,0.004968029860804738
1342259314682191882,negative,1.4500291958116354e-05
1342259319186870273,negative,0.025357675454626697
1342259319312703491,negative,0.053635390797458604
1342259320155762690,negative,0.0016984442996489809
1342259321082531840,negative,0.01956849701242626
1342259321850241024,neutral,0.4128936533809503
1342259323939004416,negative,0.006671141875045404
1342259324320673795,negative,0.007217439023533475
1342259324635262976,negative,0.11912125822498414
1342259328867250176,neutral,0.513136929509853
1342259331601993728,neutral,0.46127768308170247
1342259331614576642,negative,0.030402257805422564
1342259336551264256,negative,4.301094882263365e-10
1342259337234968576,negative,0.06526757213054772
1342259341752197128,neutral,0.4401160511881811
1342259343186481152,negative,0.07903570300231018
1342259346181398529,negative,0.3020135550609068
1342259347393552386,positive,0.7909245406637737
1342259348320485376,neutral,0.5752590168128406
1342259351927599105,neutral,0.37895253782273386
1342259352531595270,negative,0.00017582172268412865
1342259355970887682,positive,0.7909245406637737
1342259356927221764,negative,0.00045653278492249663
1342259357149499413,negative,0.05285251389997681
1342259360731455489,negative,0.0001039175126215644
1342259361381539844,negative,0.009087159101972653
1342259367022899200,negative,0.020318712539783654
1342259369539473410,negative,0.19650443293174294
1342259371422732290,negative,0.027289744188104013
1342259372420976640,negative,0.07903570300231018
1342259374501240834,negative,0.0569880568604269
1342259375679950848,positive,0.9065276812204202
1342259376707543040,negative,1.2496610975446576e-10
1342259377529446400,negative,0.0016517701137548416
1342259377995198466,negative,0.00844952511171235
1342259379828109312,negative,0.00030250149425897603
1342259382462066691,negative,0.02056097700365056
1342259384769007616,negative,0.007217439023533475
1342259385201004550,positive,0.9542043903517397
1342259385679097858,neutral,0.49789225920557484
1342259385683341313,negative,0.00017499109675753527
1342259387713384448,negative,0.009655167226292012
1342259387939880963,negative,0.021944359097342804
1342259388233506816,negative,0.055790630261913006
1342259388761960449,negative,0.17049253340523368
1342259392171819010,negative,0.005605058504731523
1342259392595587078,negative,0.000511337945940719
1342259393388277762,negative,0.02312814423556466
1342259394126508032,neutral,0.46127768308170247
1342259394461970441,negative,0.004678115201973551
1342259394973757446,negative,2.6367898573905378e-05
1342259395896475648,negative,0.03124137667756368
1342259397070708736,negative,0.14870227111570603
1342259397280595973,positive,0.7909245406637737
1342259397939011585,negative,0.027289744188104013
1342259398224338945,negative,0.004985606750573714
1342259398337552385,neutral,0.5017543432377519
1342259398819934208,negative,0.006090637631782576
1342259399038005248,negative,0.20744168153670992
1342259399776227328,positive,0.7909245406637737
1342259399851651081,negative,0.02329323645236039
1342259403970510849,negative,0.03885683874475718
1342259405597929474,negative,0.27538537887707226
1342259409343270915,negative,0.00020633509515216578
1342259410920484872,negative,0.05285251389997681
1342259412682084356,negative,0.0016984442996489809
1342259413520953344,negative,0.0032376625726924574
1342259414154309632,negative,0.008002740267951025
1342259415337021442,negative,0.00038466090346973576
1342259416993849356,negative,0.025883125651746122
1342259417476169728,negative,0.002745298738113449
1342259417576861703,positive,0.7909245406637737
1342259417903996928,negative,0.10700295468860774
1342259417979486208,neutral,0.46127768308170247
1342259418562441223,negative,0.07903570300231018
1342259423851524096,negative,0.00019808245832578532
1342259426317594627,neutral,0.3372997793673248
1342259426783322117,negative,1.989734291172675e-09
1342259429169885184,negative,0.2812124665127172
1342259431434760192,negative,0.1638104140848192
1342259431615172608,negative,0.04431263158694897
1342259432802185219,negative,0.027289744188104013
1342259433179668482,negative,0.048956055230063036
1342259434911887377,negative,0.17938389383708744
1342259437994606593,negative,0.04698333778783211
1342259438053445633,negative,0.009087159101972653
1342259438284021763,negative,0.1184013620515493
1342259439987003394,negative,4.931956377930133e-07
1342259440997711876,positive,0.8941251053789403
1342259441324990466,negative,0.0429584662383469
1342259441836711938,negative,0.0009649434994917414
1342259441949929472,negative,0.03167474800859529
1342259443199864836,negative,0.022232862883677557
1342259444730585091,negative,5.2354190461617574e-05
1342259447578697728,positive,0.9633894245446962
1342259449189310465,negative,0.08376201790017727
1342259449470320641,negative,0.1184013620515493
1342259450946719749,negative,6.910969775302697e-05
1342259451475210242,neutral,0.47056419380391146
1342259451995291656,positive,0.8253714345432658
1342259455627583490,negative,0.0005961837965596702
1342259458223779840,negative,1.416566605566554e-07
1342259459436015617,negative,0.011708329955110584
1342259459972804609,negative,0.1669370686149755
1342259462363635712,negative,0.01616455903568405
1342259464280428546,neutral,0.5446803206860675
1342259465274486784,negative,1.2067125711918172e-06
1342259465299636230,negative,0.05424220374014544
1342259466302070787,positive,0.7158034134183016
1342259467711201280,negative,0.05871816794829095
1342259467845586944,negative,0.1610561660965755
1342259468839628800,negative,0.0060381075471655325
1342259469976264704,negative,0.01616455903568405
1342259474346745856,negative,0.019639541719850006
1342259480143089664,negative,0.09107462386660947
1342259487583985665,neutral,0.4854059124215316
1342259490599694342,negative,4.246178078765211e-06
1342259490742296577,negative,0.0004294246354881376
1342259495494303746,negative,0.0005819333606554976
1342259498736623624,negative,0.02338781695855701
1342259502649892865,negative,0.04287224459841915
1342259504772239368,negative,0.06657993124417998
1342259505191661569,neutral,0.5533970533999424
1342259512020004866,negative,8.805981550830486e-13
1342259512099524609,negative,6.618786622436133e-07
1342259515522224130,negative,7.000968158929942e-05
1342259517573230593,negative,0.0021116303739656416
1342259518521171973,negative,0.020257228480021067
1342259522186960906,negative,4.1970248861352044e-05
1342259525164945411,negative,2.8535205888766253e-06
1342259526381297664,negative,0.00044286331715456817
1342259530030325760,negative,0.0067439644490239125
1342259534409175040,positive,0.7909245406637737
1342259536414040064,neutral,0.5136446707795853
1342259541040369666,neutral,0.4128936533809503
1342259544832036865,neutral,0.49789225920557484
1342259545985359872,negative,0.23814515285141585
1342259547247882246,negative,0.11883925787670208
1342259547570900996,negative,0.13613919662218846
1342259550863454208,negative,0.1148146211989316
1342259552193028096,negative,0.1764301811721358
1342259552297889798,negative,9.786714087251395e-09
1342259552297902085,negative,0.04586691580839149
1342259552784429057,negative,0.03157718584383944
1342259554323746819,negative,5.909114615371692e-07
1342259554973847555,neutral,0.49789225920557484
1342259554999013377,negative,0.00015485192383764382
1342259556941000704,positive,0.7909245406637737
1342259557796614159,negative,0.00017582172268412865
1342259560040427520,negative,0.0002102255022529705
1342259561760219136,negative,6.3577927758207694e-09
1342259563505004561,negative,0.14143821175705878
1342259564113223688,negative,0.126993555617495
1342259564494917632,negative,0.0012445089043806013
1342259566235422723,negative,0.27538537887707226
1342259568513003520,negative,0.0026812772105823885
1342259571201630209,negative,0.1184013620515493
1342259571310665729,neutral,0.4660256414457958
1342259571436511232,neutral,0.4985928500860049
1342259574624165890,negative,0.008002740267951025
1342259574779359237,negative,8.515087045096324e-06
1342259575295275009,negative,0.009655167226292012
1342259575886639106,negative,0.03748193775637961
1342259576029270019,negative,0.17793255667952898
1342259576255766529,negative,7.8964593116111e-10
1342259576536784896,positive,0.7909245406637737
1342259578952687622,negative,4.337473947557528e-09
1342259580798001153,negative,0.0021116303739656416
1342259581557288961,negative,0.07625015681295673
1342259583671291905,negative,0.25430911457786876
1342259584233160706,neutral,0.5141620768410642
1342259585596465152,negative,3.1272625611186055e-06
1342259585684529152,negative,0.3105532501772146
1342259587777523714,negative,0.14307530484626688
1342259589564293129,negative,1.227544726550208e-05
1342259590008811524,negative,0.011422658550535958
1342259590411542529,negative,0.022232862883677557
1342259592085037057,negative,0.17049253340523368
1342259592856698880,negative,8.515087045096324e-06
1342259594874277891,negative,0.0005315452213812554
1342259596010917890,negative,6.582747253450239e-05
1342259598917574658,negative,0.0006890247013791343
1342259601442541576,negative,0.0005305527608219524
1342259601807470595,negative,1.3577661414187628e-06
1342259603220926467,negative,5.547586483555178e-06
1342259603334168583,neutral,0.49789225920557484
1342259607461363717,negative,0.1184013620515493
1342259607809499136,negative,0.028450317136029378
1342259607935344643,negative,0.0020861540401790495
1342259613144649737,negative,0.07012912088702614
1342259614000295939,neutral,0.4808695315688166
1342259614046367746,negative,0.2812124665127172
1342259615120191490,negative,0.056664971643011625
1342259616625938435,negative,0.016464699376844857
1342259616676257801,negative,0.007217439023533475
1342259619218001921,negative,0.001882723610044728
1342259621021577219,negative,0.10335774295999144
1342259624305680384,negative,0.0013918952522737654
1342259626776145920,negative,0.016427604373005056
1342259628105723904,negative,0.022232862883677557
1342259629502459904,negative,0.04464314874766742
1342259629997350912,negative,0.004968029860804738
1342259630458724356,negative,0.013991939480312823
1342259630672588808,neutral,0.49789225920557484
1342259632799145990,negative,9.301454083936083e-05
1342259634187468803,negative,0.23871696831429615
1342259635978440705,negative,0.0472447564184701
1342259636657913857,negative,0.23814515285141585
1342259637148672001,negative,0.0649409937485363
1342259638230790148,negative,0.004968029860804738
1342259638666932229,negative,0.012625632689957618
1342259640298598402,negative,3.792379489848801e-05
1342259640491409409,negative,0.01988775427776448
1342259642324410374,neutral,0.49789225920557484
1342259644488626176,negative,0.023075944015281635
1342259645197512706,negative,0.002454667869162021
1342259645205901312,negative,4.931956377930133e-07
1342259645876817920,negative,0.059151179956913824
1342259646912983040,negative,1.2137587316032155e-05
1342259647609237505,negative,0.01616455903568405
1342259650163593216,negative,0.23699884631165632
1342259650234880002,negative,0.008002740267951025
1342259650578812928,neutral,0.3996580091506196
1342259651128287235,negative,0.000727217190359733
1342259652545884162,negative,0.003787961878749816
1342259652650741761,negative,0.0004760529356788509
1342259656564076545,negative,0.004366399748698926
1342259658275360768,negative,0.27538537887707226
1342259658359242752,negative,0.02825198820122636
1342259659093241856,negative,0.003566906859200871
1342259659122601986,negative,0.08811214601977964
1342259659437191168,negative,0.0004959955619609795
1342259659554639874,negative,0.00834924946521985
1342259659843973122,positive,0.7909245406637737
1342259661341417472,negative,0.21921412548362115
1342259662062759936,negative,0.27356677431245446
1342259664659111938,negative,0.005643977415703442
1342259666072576010,negative,0.23762144782088154
1342259667624456193,negative,0.008769709174195787
1342259668064858115,negative,0.01863488160292159
1342259669553844226,negative,0.17291404473563307
1342259671680344065,neutral,0.41710648645367876
1342259671814516742,negative,0.13164898539146186
1342259673542635523,negative,0.017054603518529318
1342259674566057989,negative,0.2128178999091317
1342259676134703107,negative,5.547586483555178e-06
1342259676302483463,negative,0.020832105599762767
1342259676826767365,negative,1.2530469665873403e-08
1342259678202486784,negative,0.10602605221304981
1342259678722588672,negative,0.1184013620515493
1342259679003615234,negative,0.0006244112517075667
1342259680417107968,negative,4.1970248861352044e-05
1342259680501002240,negative,0.2812124665127172
1342259681524391937,negative,0.005307332645106144
1342259681889296385,neutral,0.6149732941538079
1342259683822870533,negative,0.000990013426779311
1342259684678496259,negative,0.0067439644490239125
1342259686897295360,negative,0.04586691580839149
1342259688231071744,negative,0.00017582172268412865
1342259690332368896,negative,0.023272702321897463
1342259690605047808,negative,0.006140569923005726
1342259691292938242,negative,0.15662741256797655
1342259691322269698,negative,0.014921409828964609
1342259693675307013,neutral,0.4110459167022158
1342259694480596994,negative,1.3657399058598859e-08
1342259695021600768,negative,0.15279866595172537
1342259696212848640,negative,0.2812124665127172
1342259697068474368,negative,0.0021116303739656416
1342259698305814534,negative,0.0005156645493067769
1342259698389700609,negative,0.15628274023114563
1342259700021264386,negative,1.2114722476918681e-06
1342259700394504193,negative,0.008002740267951025
1342259700537159682,negative,0.10856871452001618
1342259701682233344,negative,5.304206422574919e-05
1342259703070552066,negative,0.002096652302557571
1342259703108296712,negative,0.2719538844948051
1342259704072982530,negative,0.025913392143564123
1342259704278495232,negative,8.515087045096324e-06
1342259704970534912,negative,5.909114615371692e-07
1342259705566146568,negative,0.0002634073107355611
1342259705905885186,negative,0.018367562345874888
1342259706967056384,negative,0.06410538180345708
1342259707000614913,negative,0.002367167875322707
1342259707461984263,negative,0.016427604373005056
1342259708573396992,negative,1.7094738967629826e-06
1342259709265530891,negative,1.3262724411348375e-06
1342259710150533127,negative,0.019937252458622982
1342259711463317505,negative,0.06626658501156085
1342259713224945664,positive,0.9900537850302044
1342259713703096322,negative,0.002915583396841002
1342259713858277380,negative,0.008787525787110336
1342259714579697666,negative,0.002096652302557571
1342259716697681921,negative,0.01090715993487572
1342259716873969669,negative,0.012733965306920133
1342259717448605696,negative,0.0012445089043806013
1342259717960314881,positive,0.93689747055389
1342259717972905986,negative,0.001361428865317095
1342259722204934146,negative,0.047343125308005815
1342259722372710400,negative,0.0065130046830221885
1342259722599202816,neutral,0.6149732941538079
1342259723161235459,negative,0.03365913391272919
1342259723777794048,neutral,0.6094307531614059
1342259724071268352,positive,0.7910332159730158
1342259724553768961,negative,0.00020649598750621952
1342259726478757888,negative,0.04309523899221751
1342259726847979523,negative,0.25430911457786876
1342259727254892546,negative,0.045032682543012036
1342259728639000579,negative,0.27538537887707226
1342259728773230594,negative,0.01616455903568405
1342259729314287619,negative,0.32998011731999477
1342259730945814537,positive,0.8488784103859388
1342259732401311757,negative,1.1009139339233052e-05
1342259733890293760,negative,0.002745298738113449
1342259735005982727,negative,0.0010427729243528215
1342259735718993920,negative,0.23961735385746147
1342259736184549376,negative,5.001696173137159e-06
1342259740538249216,positive,0.8989676175139368
1342259740970201093,negative,0.2812124665127172
1342259743864270854,neutral,0.4713171031074705
1342259743990165506,negative,0.01982080940352793
1342259744002682885,negative,0.019937252458622982
1342259745047064578,negative,0.00015513637606910625
1342259745151995912,negative,0.14323209954187302
1342259745537847298,negative,7.8964593116111e-10
1342259745718153217,negative,0.007284501904285998
1342259746578034689,neutral,0.37628681631538385
1342259746900946944,negative,0.0147501555232423
1342259747131691009,negative,0.0008101861413833364
1342259747152670721,negative,0.007217439023533475
1342259747886571520,negative,0.010821739943380863
1342259747983077376,negative,0.055789284994487286
1342259757088911361,negative,0.24339632402902336
1342259757114138624,neutral,0.6004977626489914
1342259757667803141,negative,0.0004055366124332902
1342259758187864066,negative,0.030893517692509035
1342259759135776768,positive,0.7909245406637737
1342259759211311110,negative,0.00044286331715456817
1342259760033378306,negative,0.0034433579352744366
1342259760436031490,negative,0.12938306811016503
1342259760561868803,neutral,0.5017543432377519
1342259760654151680,negative,0.010821739943380863
1342259761677557764,neutral,0.49789225920557484
1342259761753042944,neutral,0.4016158806194249
1342259763552387073,negative,0.003954204897449452
1342259763728568328,negative,0.0002917030064747206
1342259764152180736,negative,0.2905624524770767
1342259764206690304,negative,0.0005520065288040503
1342259764609351680,negative,0.2320611901091215
1342259764911345664,negative,0.15902618890543296
1342259766337409024,neutral,0.5533970533999424
1342259767193047043,negative,0.043523203170125396
1342259767360671745,negative,0.0290789105852741
1342259767851552769,negative,0.15902618890543296
1342259769600581633,neutral,0.6149732941538079
1342259770829533184,negative,0.06501080959008704
1342259770867257344,negative,0.15902618890543296
1342259771613835265,positive,0.93689747055389
1342259772096184320,negative,0.007307574861418716
1342259774256271360,negative,0.0069571137892871044
1342259774948339713,negative,0.019937252458622982
1342259775065653250,neutral,0.5307675168697747
1342259775480995843,negative,0.043523203170125396
1342259776038776835,negative,0.21921412548362115
1342259776454012929,positive,0.9997030315236222
1342259778110816256,negative,1.434077207605387e-05
1342259779188625408,neutral,0.49789225920557484
1342259780824522753,negative,0.056064655995890535
1342259782414180367,negative,0.01687534262346514
1342259782586134529,positive,0.7909245406637737
1342259783374692355,negative,0.023075944015281635
1342259784599351298,negative,0.20397464329476092
1342259785220153349,negative,0.055789284994487286
1342259785949798400,neutral,0.49789225920557484
1342259787367665669,negative,0.24777902961736586
1342259789179486208,negative,0.0002209071102177158
1342259789238296577,positive,0.7364241419983176
1342259789485764610,negative,0.21533052324465599
1342259789531906049,negative,8.885466562234789e-05
1342259789724864514,negative,0.09725719650059692
1342259793172590592,negative,0.0015315938958843313
1342259794057416705,negative,0.0010427729243528215
1342259794175004672,negative,0.04733189936611493
1342259794195992579,negative,0.05972425014268629
1342259794695102464,negative,0.00017582172268412865
1342259796687388672,negative,0.0017880157369971467
1342259797475745794,negative,0.029651961551600745
1342259797618548741,negative,0.01031948437097335
1342259800059609095,negative,8.515087045096324e-06
1342259803356360704,negative,0.1184013620515493
1342259804077752320,negative,2.9557403506376163e-06
1342259804694335503,negative,5.001696173137159e-06
1342259805721776128,negative,6.988387948584287e-09
1342259806250422272,negative,5.001696173137159e-06
1342259806732771328,negative,0.023158976181080253
1342259807940706311,negative,0.045303111677758016
1342259808389361665,negative,5.001696173137159e-06
1342259808615981061,neutral,0.3593672214136314
1342259809471651841,negative,5.001696173137159e-06
1342259811304566792,negative,0.0045774114226911815
1342259811824533504,negative,0.026941742611090714
1342259812101480455,negative,8.375398882127868e-06
1342259813158424577,negative,0.19773357032043823
1342259814169149441,negative,5.001696173137159e-06
1342259814865514498,neutral,0.49789225920557484
1342259815050055680,negative,0.00018735947049336528
1342259815465287680,neutral,0.46862856797774255
1342259817893793794,negative,0.017054603518529318
1342259818090946565,negative,0.10203327557572486
1342259818569076736,negative,0.03873776444251631
1342259818778787841,negative,0.006090637631782576
1342259819328266246,negative,8.515087045096324e-06
1342259819466649600,negative,0.009087159101972653
1342259819768655873,positive,0.7909245406637737
1342259819990933504,negative,0.08096063977889173
1342259822746591244,negative,5.538156329188814e-08
1342259822817902599,negative,0.25401421255941126
1342259823149281282,negative,0.003121316702415719
1342259823497379841,negative,0.005903956683418949
1342259823547658242,positive,0.7909245406637737
1342259824210415618,negative,3.5916594888679565e-10
1342259824260743169,negative,0.04061265328327092
1342259825821028352,negative,0.1184013620515493
1342259826164985856,negative,4.6438437956408015e-05
1342259826232066062,negative,2.9772826147597007e-05
1342259826890563586,negative,0.047343125308005815
1342259826940735488,neutral,0.42283725351984647
1342259828073365504,negative,0.0003389455323041898
1342259828333244416,negative,0.07012912088702614
1342259829017112576,negative,0.0028919381357092495
1342259829671342086,negative,5.001696173137159e-06
1342259829809807360,negative,0.05231444469153519
1342259830027911170,negative,0.2812124665127172
1342259831105871876,negative,5.001696173137159e-06
1342259831143596033,negative,0.002745298738113449
1342259831286231041,positive,0.8279016748440107
1342259832326397952,negative,0.01890844634403933
1342259832762605572,negative,0.20744168153670992
1342259832955555846,negative,0.03461384541361707
1342259832968142848,negative,0.0008614136859577925
1342259833374912512,negative,0.2812124665127172
1342259833454661632,negative,0.006090637631782576
1342259834239021056,negative,5.001696173137159e-06
1342259834415099905,negative,0.025562425744379277
1342259834540929025,negative,0.009087159101972653
1342259836088709124,negative,0.2778110037299813
1342259836562636805,negative,0.0004294246354881376
1342259837300862976,negative,1.8580625903924052e-05
1342259837401493505,neutral,0.5052510391936574
1342259837858672641,negative,0.006638284361274299
1342259838341050370,neutral,0.48152691702343187
1342259838441631744,negative,0.006090637631782576
1342259839204958208,positive,0.8488784103859388
1342259840811352065,negative,0.03181631532491128
1342259840891158531,negative,2.554725300409018e-07
1342259841713266690,negative,8.515087045096324e-06
1342259841851478017,neutral,0.36660459827333897
1342259842258530320,negative,0.00044286331715456817
1342259842371772416,negative,7.469914061775203e-07
1342259842594041856,negative,0.0005309892239082318
1342259843143364608,negative,0.010821739943380863
1342259843491573760,negative,0.14132013971068658
1342259844661846019,negative,0.1184013620515493
1342259845861421056,negative,5.001696173137159e-06
1342259846935052289,negative,0.04484789677779327
1342259848625459208,negative,5.547586483555178e-06
1342259850592530432,negative,0.27538537887707226
1342259852421328897,negative,5.001696173137159e-06
1342259853230804997,neutral,0.6149732941538079
1342259854270980104,neutral,0.6149732941538079
1342259854786912256,negative,0.0004959955619609795
1342259854900125698,negative,0.2147982704607158
1342259856238112782,negative,0.1310544217764059
1342259856397492224,negative,0.00012129361241019164
1342259856628207625,neutral,0.33657875458960645
1342259857215381504,negative,0.2812124665127172
1342259857525772288,negative,0.03816689789504979
1342259858821799936,negative,0.0009091063116414114
1342259859308294147,negative,0.019639541719850006
1342259859446779904,negative,0.007565014540525655
1342259859803222017,negative,0.21047953907773329
1342259860075905024,positive,0.9997030315236222
1342259862651207683,negative,0.0043774614761341495
1342259863200690178,negative,0.006090637631782576
1342259863209078784,negative,0.0045774114226911815
1342259863599128576,negative,1.6734281074416479e-10
1342259863620120577,negative,0.07987316261843269
1342259864127475712,negative,0.007597721633767356
1342259864303710210,negative,0.07903570300231018
1342259864874217472,negative,0.10941009576461619
1342259864920334336,negative,2.250841561569867e-09
1342259866933600262,negative,0.019391715304122932
1342259867239723013,positive,0.9936330195127195
1342259867923447810,neutral,0.3315823854369702
1342259868137361414,negative,5.001696173137159e-06
1342259868481146882,negative,0.00030915010877106063
1342259869571674112,negative,5.222204371234278e-14
1342259870037381120,negative,0.0030609429895719874
1342259870846906369,negative,5.779204106700529e-10
1342259870993674240,negative,0.015773583174067275
1342259871392129024,negative,5.001696173137159e-06
1342259871534768128,negative,0.2812124665127172
1342259872524619777,negative,0.0017880157369971467
1342259873468329984,negative,0.2091992096602682
1342259874256855045,neutral,0.381875542748901
1342259874412040198,neutral,0.3849717904629098
1342259874743377920,negative,0.04395840895433182
1342259875523473409,negative,0.12182690509467343
1342259875624181762,negative,0.002745298738113449
1342259876253360130,negative,5.001696173137159e-06
1342259876647628800,negative,5.040592731426896e-07
1342259876651704321,negative,5.449775506012867e-05
1342259879151628291,negative,0.0005308275244771702
1342259879793356806,negative,5.001696173137159e-06
1342259880091136001,negative,0.009974783398437057
1342259880762241024,negative,5.8888410515979164e-05
1342259880774787079,negative,0.10335774295999144
1342259881131307011,negative,0.14532364678150667
1342259882028883970,negative,0.009087159101972653
1342259884377722885,negative,7.8964593116111e-10
1342259885845733385,negative,0.0019742200850810976
1342259885854097409,negative,0.2646623014339977
1342259886302896130,negative,2.1653925872764518e-07
1342259887431168000,neutral,0.4550267180439356
1342259890085982208,negative,0.14143821175705878
1342259891637899265,negative,1.5380520253386216e-06
1342259892313317384,negative,0.00039360030364697944
1342259893798121473,negative,0.00031315001716344807
1342259894695575557,neutral,0.3315823854369702
1342259894855102465,negative,0.012056787971554316
1342259895870087169,negative,0.020058374378815892
1342259899166830592,positive,0.9477931060999414
1342259899317825550,negative,0.05838581172579735
1342259899506413568,negative,0.00012795363302206913
1342259899779051521,negative,0.02136808412655282
1342259899905044481,negative,0.012142301813452862
1342259900945149952,negative,0.12744802388848703
1342259901880479746,negative,7.29597704819404e-05
1342259902299959298,neutral,0.42917751334538623
1342259904766218240,negative,0.04586691580839149
1342259904992538626,neutral,0.34322267253793753
1342259905412161558,negative,0.00020273575048635666
1342259905802215424,negative,3.491347320023773e-05
1342259907156992003,negative,0.002745298738113449
1342259907983269888,negative,0.22882193951115973
1342259909749047298,neutral,0.33657875458960645
1342259910093008909,negative,0.025521009978160064
1342259910189395976,negative,0.016427604373005056
1342259912819298304,negative,1.7693529206970863e-05
1342259913225949184,negative,0.15628274023114563
1342259913377144833,negative,3.240242071956066e-05
1342259913561616386,negative,0.007014086167586614
1342259913947492352,negative,9.044575631850822e-05
1342259916325744641,negative,0.030285150366338602
1342259921182744577,negative,0.0005339887325765245
1342259921203716099,negative,0.0040069841903250525
1342259921606369281,negative,0.29797611903559484
1342259922889814016,negative,0.058948784013469466
1342259923187605511,negative,1.6082051077464364e-07
1342259924798230534,negative,5.001696173137159e-06
1342259925460938763,neutral,0.4478814827726608
1342259926912135177,negative,8.515087045096324e-06
1342259928472293376,positive,0.9078414350505055
1342259928526942209,negative,0.18261259909490718
1342259929034465280,negative,5.001696173137159e-06
1342259929483268098,negative,0.018817989785911805
1342259932226322434,negative,0.04431263158694897
1342259934193451011,negative,0.06708449875469073
1342259934902300688,negative,0.08715115831369744
1342259935741153282,negative,2.3448482719824797e-06
1342259935908950019,neutral,0.3426562496025762
1342259936319987712,negative,5.001696173137159e-06
1342259937322401792,negative,0.03413221924490778
1342259937892773889,negative,0.0006278005687853063
1342259938345758720,negative,0.03483372820846091
1342259939318902790,negative,0.0016517701137548416
1342259939360854016,negative,0.04855213270570209
1342259939696390146,negative,0.016427604373005056
1342259941311209472,neutral,0.46127768308170247
1342259942502363139,negative,0.00016944346885281543
1342259942527537152,negative,0.009087159101972653
1342259943207018499,negative,0.002562706605732412
1342259943399976960,negative,4.7102592863788084e-15
1342259943764873220,negative,0.004868572386383014
1342259947229360131,negative,0.007014086167586614
1342259948055621632,neutral,0.4550267180439356
1342259949062250500,negative,5.001696173137159e-06
1342259950735806465,negative,0.007290378313673285
1342259951130046469,negative,0.003946647836966194
1342259951218135040,neutral,0.39860016763037853
1342259952287674368,negative,0.00265177253025157
1342259952459657218,negative,0.23862839650851786
1342259953105514506,negative,0.2502511656286438
1342259955596992512,negative,0.00041106322259403297
1342259956440047622,negative,0.00012668218834477142
1342259956859465731,negative,0.1184013620515493
1342259957346021378,negative,0.006090637631782576
1342259957492813828,negative,0.00011967357154326557
1342259958809841666,negative,0.27538537887707226
1342259959891959810,negative,0.0020027335791390384
1342259960147750913,negative,0.00017582172268412865
1342259960483368960,negative,0.05511116417954064
1342259960919547915,negative,0.030652592651927518
1342259961032806401,negative,0.16600648942852345
1342259965017399298,negative,0.26076950668447035
1342259965910773766,negative,0.0012445089043806013
1342259967273951234,negative,0.043605543548594895
1342259967336673281,negative,0.018367562345874888
1342259968049881089,negative,2.0020308591864937e-06
1342259968108593157,negative,0.0015964927742828866
1342259968993595401,negative,0.002745298738113449
1342259970184785921,negative,0.004588693174816596
1342259971111743488,negative,0.0017880157369971467
1342259971443064834,neutral,0.5052510391936574
1342259972688719873,negative,2.355792921704081e-06
1342259972936183808,negative,0.00041846516501424123
1342259973171138560,negative,0.017054603518529318
1342259973921918980,negative,1.579473956855068e-10
1342259975377330176,negative,0.0005520065288040503
1342259975662563331,negative,9.408529988076039e-05
1342259976509812737,neutral,0.4086569038235704
1342259978556612610,negative,0.017054603518529318
1342259979173158912,negative,0.03829983775538717
1342259979944820737,negative,7.847061863400528e-11
1342259980280295424,negative,0.009655167226292012
1342259981740027906,negative,0.021003408234165938
1342259982415355904,negative,8.515087045096324e-06
1342259983875010560,negative,0.0004760529356788509
1342259984546062336,negative,0.027289744188104013
1342259984957120512,neutral,0.381875542748901
1342259986366406656,negative,0.00030915010877106063
1342259987020734466,negative,0.10700295468860774
1342259987616301056,negative,0.06895103929412327
1342259987775688704,negative,0.000594779640483019
1342259987968651267,negative,5.001696173137159e-06
1342259988958507011,negative,0.25430911457786876
1342259989315022849,negative,4.1970248861352044e-05
1342259989818339328,negative,0.1184013620515493
1342259991009517570,negative,0.0029602333337327555
1342259992376782852,negative,0.07392201244595491
1342259992397799425,negative,7.266936091010602e-05
1342259992532021248,negative,0.0001123780949996407
1342259992695603203,neutral,0.6567552400637309
1342259993165393921,negative,0.26666085936463946
1342259994054561794,negative,4.730379238732861e-06
1342259994234937346,negative,0.0009923064473302634
1342259994436231169,negative,0.0002392550969991425
1342259994734030861,positive,0.8619084794855766
1342259996071964673,negative,0.12248249736691665
1342259998903181312,negative,5.001696173137159e-06
1342259999276412937,negative,0.0760239132569336
1342259999423266817,negative,1.7974551631620306e-08
1342259999595261952,negative,1.115000396972315e-09
1342260001801433089,negative,0.12248249736691665
1342260001965027328,negative,0.023075944015281635
1342260003881758722,negative,0.009655167226292012
1342260005081329664,negative,0.21494080339072666
1342260006549397504,negative,0.009952199899550774
1342260006780104708,negative,0.1184013620515493
1342260010160594948,negative,4.429319665962582e-07
1342260012828258306,negative,0.036941823389456875
1342260013188972546,neutral,0.6149732941538079
1342260013209972739,negative,0.18795859623648656
1342260013214138368,negative,5.001696173137159e-06
1342260013751021568,neutral,0.4144721264893641
1342260014157885441,negative,6.213860268985107e-14
1342260014518579201,negative,0.0067439644490239125
1342260015080435712,negative,0.05389409581897794
1342260015323746305,negative,0.1516468268200926
1342260015340560385,negative,0.0008325354624501097
1342260015407783949,negative,0.11661851377373711
1342260015432835072,negative,0.07174911763581943
1342260017202946049,negative,1.1667679433169835e-06
1342260017660047361,negative,0.12924413120961745
1342260018733854720,negative,0.10866627968086344
1342260019325239296,negative,1.767552635513449e-05
1342260021535637508,neutral,0.44193049347687885
1342260021648879622,negative,0.055789284994487286
1342260024878444544,negative,0.033036795290172456
1342260025516052481,neutral,0.5031056611348977
1342260025763504139,neutral,0.381875542748901
1342260025994174486,neutral,0.5426596473129269
1342260026707226626,negative,0.0995853277918255
1342260027093086218,positive,0.9997435592868792
1342260027130830848,negative,0.003015704129936112
1342260027264884737,negative,0.02279014146638208
1342260027369943059,negative,0.004238845430557115
1342260028229742594,negative,0.05264199585415008
1342260028430897152,negative,0.003379464901668482
1342260030498873344,negative,0.0005520065288040503
1342260030633095168,negative,0.0005339887325765245
1342260032008835077,negative,0.010380554708444036
1342260033204215810,negative,0.12248249736691665
1342260033929809920,negative,6.335749803272638e-05
1342260035515199490,positive,0.7909245406637737
1342260036421226498,negative,0.15237137935820858
1342260037281046529,neutral,0.4867135965003068
1342260038317076484,negative,7.8964593116111e-10
1342260038887481344,neutral,0.5807739315466937
1342260038895869954,negative,0.00045577905385702075
1342260039457906693,neutral,0.6489077768764223
1342260039810244608,negative,0.0006112161034774829
1342260040405807109,negative,0.020525959900925747
1342260041940750337,neutral,0.49789225920557484
1342260041995362306,negative,3.4337989798331146e-10
1342260043132055552,negative,0.004282969933139589
1342260043392184322,negative,0.010290629455960116
1342260044201680897,neutral,0.48728019602140255
1342260044742733824,negative,0.0004055366124332902
1342260045019570177,negative,7.8964593116111e-10
1342260045053104134,negative,0.0045774114226911815
1342260045875191810,negative,1.1799024330240125e-06
1342260046189703169,positive,0.7841100833134645
1342260046437232640,negative,0.1184013620515493
1342260048467267584,neutral,0.49789225920557484
1342260051210350592,negative,0.22558359156038596
1342260051994619905,negative,0.03600454383626663
1342260052669947906,negative,0.021512801395011587
1342260053328465927,negative,0.11392493218546201
1342260057724092416,negative,0.18128795982281842
1342260058076413952,negative,5.139007897928455e-05
1342260058873331713,negative,0.019937252458622982
1342260059611537410,negative,0.022326321523664594
1342260059766722562,negative,8.965052476291418e-05
1342260063411593218,positive,0.7909245406637737
1342260063902310406,negative,0.013693389405275775
1342260065257086977,negative,0.0074654284091938555
1342260065303195649,negative,5.001696173137159e-06
1342260065450000387,positive,0.7909245406637737
1342260066087538691,negative,0.003965375760150129
1342260066267791361,negative,1.6335697707510383e-05
1342260066993332224,negative,0.15628274023114563
1342260067631058949,negative,0.0005313712046005226
1342260071225569280,negative,0.002101924147428001
1342260072035004422,negative,0.05634695227630891
1342260072051834885,negative,8.515087045096324e-06
1342260072739692545,negative,0.0016984442996489809
1342260073515655169,negative,0.1184013620515493
1342260073624727553,negative,0.20521756016550172
1342260073838616576,negative,0.03237102637352559
1342260073884692482,negative,0.0021116303739656416
1342260075570880515,positive,0.9999643997919612
1342260075851739136,negative,0.0016517701137548416
1342260075939950592,neutral,0.3403391890910929
1342260077047275520,negative,0.008787525787110336
1342260078053888000,negative,0.16600648942852345
1342260078116794375,negative,0.26389264420752356
1342260079043739648,negative,1.6734281074416479e-10
1342260079295418368,negative,6.872732827965215e-05
1342260080188809221,negative,0.11280916951917314
1342260080654381062,negative,0.16507008954893462
1342260080763396100,negative,0.07192298659144568
1342260081182720000,negative,0.058962091186553926
1342260081384026112,negative,0.0012863793164298888
1342260081489043458,negative,0.07409858964317478
1342260082399211520,negative,0.008787525787110336
1342260083904950272,neutral,0.48728019602140255
1342260085821644801,negative,0.18543234769735967
1342260089332396032,negative,0.2812124665127172
1342260089349136384,negative,0.005779736950931678
1342260089718243333,negative,0.25753049109155557
1342260091060367361,negative,0.15628274023114563
1342260092134109184,negative,0.06371729868869436
1342260092163534858,negative,0.30466025416210124
1342260093467971585,negative,0.0006566485959450078
1342260094445232132,negative,0.0005520065288040503
1342260095045033984,negative,0.08376201790017727
1342260095099559937,neutral,0.6149732941538079
1342260095149891595,negative,0.0012445089043806013
1342260095980347392,negative,5.001696173137159e-06
1342260097024733188,neutral,0.3750648898276287
1342260097024745472,negative,5.001696173137159e-06
1342260097607749633,negative,7.722577715169841e-10
1342260097616109569,negative,8.515087045096324e-06
1342260097955803136,negative,0.0033704613355772803
1342260098870235136,negative,3.7780426723534714e-06
1342260102175272963,positive,0.8925265403901232
1342260103660134401,neutral,0.49789225920557484
1342260104486412295,negative,0.008787525787110336
1342260105090392070,negative,0.015773583174067275
1342260105123950595,negative,3.15159885239052e-07
1342260105664983043,negative,0.05513067232629321
1342260105765642243,negative,0.00030915010877106063
1342260106449321984,negative,0.2812124665127172
1342260106642251777,negative,5.001696173137159e-06
1342260107615285254,negative,5.001696173137159e-06
1342260107623739395,negative,0.0012659308705158887
1342260107757973506,neutral,0.38608938018273264
1342260108919758848,negative,0.006401350217830175
1342260109465047040,negative,0.005058963611082928
1342260109775278080,neutral,0.49789225920557484
1342260109922226177,negative,0.03885683874475718
1342260110064812032,negative,0.0011795218101331515
1342260111163576320,negative,0.007290378313673285
1342260112598163456,neutral,0.381875542748901
1342260113021796354,positive,0.7909245406637737
1342260113218936833,negative,0.003577909784458678
1342260115441901569,negative,0.3029968537174699
1342260115756507137,negative,0.006090637631782576
1342260115903303681,negative,0.12248249736691665
1342260116016521226,negative,0.0009412237136405294
1342260116331094016,negative,0.00044286331715456817
1342260116343537664,negative,0.0020110122635098224
1342260118176468993,negative,0.15628274023114563
1342260118336008208,negative,0.32677508348852996
1342260119401353216,negative,0.0031071229455055496
1342260121288794113,negative,0.010222370396720212
1342260121368461312,negative,0.003127409206256536
1342260122383474688,negative,0.0002168774583940482
1342260123159425026,negative,0.019937252458622982
1342260123406884865,negative,0.0005309892239082318
1342260124069597184,negative,0.0003756903707675662
1342260124103172097,negative,0.0076526560556240564
1342260125030117378,positive,0.9542043903517397
1342260125856366592,negative,0.2812124665127172
1342260126368100361,neutral,0.4513605618894927
1342260126791643138,negative,0.033555559405567426
1342260127181770752,negative,0.027289744188104013
1342260127991296002,negative,0.10700295468860774
1342260128981147648,negative,2.7208840995306853e-05
1342260129257959425,negative,5.001696173137159e-06
1342260130792890370,negative,8.515087045096324e-06
1342260132269453312,negative,0.013693389405275775
1342260134060298240,negative,0.019639541719850006
1342260138493669376,negative,0.019713886976049255
1342260138611240961,negative,0.15237137935820858
1342260138795794433,neutral,0.6149732941538079
1342260139580157955,negative,0.1613923099607157
1342260140125216768,negative,0.0016517701137548416
1342260140460961793,negative,0.011653419578511168
1342260140851015689,negative,0.0698394550668706
1342260141475950592,negative,0.0021116303739656416
1342260141580820481,negative,5.001696173137159e-06
1342260141710856192,negative,0.011728748321930757
1342260142511968259,negative,0.08425023511659593
1342260142868463618,negative,7.572951799951537e-15
1342260143115935748,negative,0.009655167226292012
1342260144919470081,negative,0.1184013620515493
1342260145120804867,negative,0.0004760529356788509
1342260145884160000,negative,0.006090637631782576
1342260146504921088,negative,0.0007624578119173718
1342260147914158080,negative,0.1921070103867105
1342260148132327424,negative,0.0003389455323041898
1342260149180899328,negative,0.016427604373005056
1342260149222846464,negative,0.04586691580839149
1342260149369659394,negative,0.0920663897950498
1342260149600329731,negative,0.06501080959008704
1342260149986201608,negative,0.0003389455323041898
1342260150686666753,negative,5.547586483555178e-06
1342260151928160257,negative,0.023158976181080253
1342260152163069953,negative,0.019196637429483427
1342260153253588996,negative,0.00891375960757663
1342260153274523648,negative,0.0040069841903250525
1342260153681264640,negative,0.23814515285141585
1342260154398613504,negative,0.0031071229455055496
1342260155191332871,negative,0.0012445089043806013
1342260156940361731,negative,0.007046305154202699
1342260160056741888,negative,0.1377169614041661
1342260160346152960,negative,0.004364091949632325
1342260160459370496,negative,0.021944359097342804
1342260161025515520,negative,0.01675616474505144
1342260162749472768,neutral,0.35037246870997213
1342260163034697734,negative,0.0011239300153703697
1342260164469075969,negative,1.2137587316032155e-05
1342260165052149768,negative,0.07012912088702614
1342260165211541504,negative,5.547586483555178e-06
1342260165454811138,negative,0.023479861912039632
1342260166847307779,positive,0.7909245406637737
1342260167589695488,negative,0.17936937691063232
1342260168470360065,negative,0.011023251759133214
1342260168818642948,negative,0.1184013620515493
1342260168999006209,neutral,0.39738245625144764
1342260169036611585,negative,0.26389264420752356
1342260170206965766,negative,1.7953164445233115e-05
1342260171125489668,negative,0.05115898004683921
1342260171939184640,negative,0.0029602333337327555
1342260172094382085,negative,0.004656531777088693
1342260172325089280,negative,0.01616455903568405
1342260172681576458,neutral,0.4670100671583925
1342260173411393540,negative,0.2812124665127172
1342260174183084034,negative,0.23814515285141585
1342260174501900291,negative,0.08995090336293005
1342260175244242945,negative,0.010821739943380863
1342260176498401285,positive,0.8397057956300129
1342260176875872257,negative,0.016427604373005056
1342260177890930688,negative,0.04573039704273889
1342260179124047879,negative,5.001696173137159e-06
1342260180847890433,neutral,0.49789225920557484
1342260183226077185,negative,0.3024154418601797
1342260184366927873,negative,0.007217439023533475
1342260186803826690,negative,0.14143821175705878
1342260187391004672,negative,0.0031071229455055496
1342260188796104704,negative,0.10273054580605338
1342260190926622721,negative,0.1184013620515493
1342260191379775488,negative,2.3542655644424026e-05
1342260191899873292,negative,0.00016036712028058784
1342260192503767040,neutral,0.49789225920557484
1342260192738684930,negative,0.047343125308005815
1342260193829261317,negative,0.0031071229455055496
1342260193837666304,negative,0.00031169585380664606
1342260194722643971,negative,5.001696173137159e-06
1342260194731053061,negative,0.0011239300153703697
1342260195326631936,negative,0.00022091455078734082
1342260195498602496,negative,0.1493170109211446
1342260196148654081,negative,0.0033704613355772803
1342260196303843328,negative,0.16607610750087148
1342260196941451264,negative,0.11664590381122035
1342260198057111554,negative,8.515087045096324e-06
1342260198690447360,neutral,0.46127768308170247
1342260198845648896,negative,0.014635145776150046
1342260199231528963,negative,0.001318354055473988
1342260199344713728,negative,0.0032338051386787106
1342260199474819073,neutral,0.5052510391936574
1342260201664212992,negative,0.11600705536873085
1342260202268192770,negative,0.019937252458622982
1342260202486304777,negative,8.148521893984653e-10
1342260202847014912,negative,3.339586700261228e-06
1342260203711066118,negative,0.0031071229455055496
1342260204075937792,positive,0.6691262784899221
1342260205548150790,neutral,0.3379464400732291
1342260208660320257,positive,0.9971146840858043
1342260209876692992,negative,5.001696173137159e-06
1342260210057019392,negative,0.0005819333606554976
1342260210463875076,negative,0.1184013620515493
1342260212267429888,negative,0.00019808245832578532
1342260213492101120,negative,0.08432111692446859
1342260213764796423,neutral,0.46127768308170247
1342260215232794626,negative,5.001696173137159e-06
1342260217099264001,negative,0.012733965306920133
1342260217174749184,negative,0.021769890087087986
1342260217858453504,negative,0.00026788160605266626
1342260219863187456,neutral,0.49789225920557484
1342260220005904385,negative,0.01616455903568405
1342260220060438531,negative,1.2114722476918681e-06
1342260220370833408,negative,0.10353202383567305
1342260221130002441,neutral,0.5474487212784173
1342260221805260803,positive,0.7909245406637737
1342260222182748161,negative,0.009760717503525121
1342260224279932929,negative,0.18016715323309396
1342260224393175041,negative,0.0018757227948819942
1342260225475293185,negative,1.948575077384483e-06
1342260225571753984,negative,0.007779947553287748
1342260225710190592,negative,0.027289744188104013
1342260227022979076,negative,0.0031071229455055496
1342260228017037314,negative,0.008136119635886133
1342260229476638721,negative,0.06394714382413345
1342260230537797632,negative,0.016427604373005056
1342260232467058689,negative,0.0029162106044717155
1342260233595453440,negative,0.05688166257598485
1342260234622959616,negative,0.004506504485731574
1342260236384673792,neutral,0.49789225920557484
1342260238444072961,negative,0.016714336386832434
1342260239035473929,negative,3.2446651587767156e-07
1342260239127760896,positive,0.7909245406637737
1342260239870152705,negative,0.0017186828185257136
1342260240436371458,negative,0.0019295914145223568
1342260240620937216,negative,7.30774934935384e-05
1342260240801263632,negative,7.8964593116111e-10
1342260240981635074,negative,0.009087159101972653
1342260241342357504,negative,0.00019808245832578532
1342260242084720640,negative,0.0011902757213991234
1342260244207071245,negative,0.03892770010218562
1342260244899123202,negative,4.3528874794516875e-12
1342260245821853697,negative,7.219399210988782e-05
1342260247331794950,negative,0.00010753920962001665
1342260247545716738,neutral,0.6111153664470118
1342260248560726025,negative,5.001696173137159e-06
1342260248707551233,negative,0.2794653930830212
1342260249756131329,negative,0.007046305154202699
1342260249810636806,negative,2.4549577209089094e-05
1342260250032877573,neutral,0.49789225920557484
1342260251626790913,negative,0.04825897008487054
1342260251874086913,negative,0.014921409828964609
1342260252243320834,negative,5.001696173137159e-06
1342260252448858116,negative,0.0002392550969991425
1342260252864106496,negative,0.015870058180934843
1342260253036060672,negative,7.30774934935384e-05
1342260253459681282,negative,0.05583299329353172
1342260253992361985,negative,0.002745298738113449
1342260254248116229,negative,2.8684645214354144e-06
1342260254378233856,neutral,0.5495922250151081
1342260256026537988,negative,6.395732632349228e-09
1342260256122916864,negative,0.2812124665127172
1342260257154867206,negative,0.003015704129936112
1342260257163276294,negative,0.0141880321552503
1342260262364176384,negative,0.011538404096376137
1342260262779273217,negative,5.680628425175447e-09
1342260264289382400,negative,0.05542869502444834
1342260264331141121,negative,9.75195079649355e-12
1342260265115672577,negative,0.001682478048693597
1342260266059374592,negative,5.001696173137159e-06
1342260266629693440,negative,0.15308925582947175
1342260266713624582,negative,0.014921409828964609
1342260267468677123,positive,0.8253714345432658
1342260267602894851,negative,0.058962091186553926
1342260269775515649,negative,0.06487390577265591
1342260270782144512,negative,0.0005520065288040503
1342260271369367553,negative,0.008002740267951025
1342260271604228102,negative,0.3276077369158417
1342260271616811014,negative,0.032348844086251556
1342260272120156164,negative,0.0013309581222396769
1342260272833196033,negative,0.10075690009068179
1342260273542025216,negative,5.063550801719349e-07
1342260273973964801,negative,5.001696173137159e-06
1342260275106480128,negative,0.0026718646847690027
1342260275949481990,negative,0.02329323645236039
1342260277606232072,negative,2.222867198207409e-10
1342260277799247891,negative,0.11704951377329903
1342260278277398529,negative,3.187434577024535e-06
1342260280420687874,positive,0.794860700043025
1342260280772980741,negative,0.00030915010877106063
1342260280823316480,negative,0.00044286331715456817
1342260281515376646,negative,4.202447708295465e-06
1342260281586708482,negative,0.00904446776167801
1342260282203267075,negative,0.007284501904285998
1342260283448860672,negative,0.058953509185247416
1342260283985817601,negative,0.15884973808023384
1342260284036100096,negative,0.13250104383526126
1342260284396867590,negative,0.0120736581262122
1342260284505911297,negative,0.05583299329353172
1342260284933734400,negative,0.3295408637945741
1342260285445459969,negative,0.019711633236363494
1342260285583876099,negative,0.06156100502183778
1342260286389166084,negative,5.001696173137159e-06
1342260286921781248,negative,0.18258183392746283
1342260287802646528,negative,0.029561322604773285
1342260288536633352,negative,0.06362071004607406
1342260288587001858,negative,0.026685184779415567
1342260289128050690,neutral,0.5484668325518111
1342260289983700993,negative,0.2812124665127172
1342260290205999106,negative,0.23814515285141585
1342260291384565763,negative,0.17110311829240454
1342260292315656193,negative,0.0016984442996489809
1342260292517064705,negative,0.054327400666022506
1342260295415320577,negative,0.07454976554653649
1342260295994122245,negative,0.023933696900073242
1342260298661683201,negative,2.5748448314182146e-05
1342260299173343245,negative,0.00031169585380664606
1342260300381384706,negative,0.20596996271227025
1342260301274750976,positive,0.9998346173284736
1342260302705000448,negative,0.0002668871704527891
1342260302981849095,negative,0.03741367879806594
1342260303090876419,negative,0.019639541719850006
1342260303220920320,negative,0.03612414501470536
1342260303254450177,positive,0.8645516181461596
1342260303644524545,neutral,0.37359016950077306
1342260308061147139,negative,3.386290378712663e-05
1342260308149235713,negative,0.019937252458622982
1342260309701103618,negative,0.0008795452320901302
1342260310267359232,negative,0.19544655794434407
1342260314319024128,negative,0.1184013620515493
1342260315065561091,negative,0.0002392550969991425
1342260316042891275,negative,9.710805870894036e-08
1342260316982431745,negative,0.26212339442470756
1342260318010044422,negative,0.00030915010877106063
1342260318035206145,negative,0.0031071229455055496
1342260318593036289,negative,0.2812124665127172
1342260319041646592,negative,0.0034626417605143813
1342260319071199233,negative,0.0008906462975948235
1342260319410905096,negative,0.23814515285141585
1342260319507374086,negative,8.515087045096324e-06
1342260321231249408,negative,0.08634098779039243
1342260321373757440,negative,0.2911103486227546
1342260321919102977,negative,0.23814515285141585
1342260323403886592,negative,0.00011487712986063824
1342260326079803392,negative,0.16532172419126437
1342260326381838338,negative,0.015773583174067275
1342260326578987016,negative,0.0005864156141230646
1342260326847406085,negative,0.006090637631782576
1342260327266869251,negative,0.00015513637606910625
1342260327279456256,negative,0.11762469856705146
1342260327438839810,negative,8.515087045096324e-06
1342260327606415360,negative,5.547586483555178e-06
1342260330555174919,negative,0.019639541719850006
1342260330643267584,negative,0.06349256163192335
1342260330739752961,negative,0.2812124665127172
1342260332635500546,neutral,0.5191249616724637
1342260333054836736,negative,3.4337989798331146e-10
1342260333587656704,negative,2.4425931891134342e-05
1342260334560768005,negative,1.2638001932378589e-05
1342260335349288964,negative,0.32112084512068156
1342260335756144641,negative,0.0004760529356788509
1342260336066506752,negative,0.1184013620515493
1342260337253490690,negative,0.007046305154202699
1342260337932963841,negative,1.2114722476918681e-06
1342260338339819520,negative,2.0804953149666175e-06
1342260338557911040,positive,0.7909245406637737
1342260338700509186,negative,0.014196291492929612
1342260343960178689,neutral,0.4550267180439356
1342260343985197057,negative,8.259062938205623e-06
1342260344295731200,negative,0.06487390577265591
1342260345805676549,negative,2.8993851808563564e-09
1342260346174775297,negative,1.3403088978114072e-05
1342260347072339972,negative,0.10700295468860774
1342260347198181376,negative,6.046486790017601e-06
1342260347797958659,negative,0.002562706605732412
1342260347886063623,negative,0.01671354005309669
1342260349911838721,negative,0.15628274023114563
1342260350964658177,negative,0.008002740267951025
1342260351191158786,negative,0.03389676136479784
1342260352130686988,negative,0.12686010866919023
1342260352457826304,neutral,0.42917751334538623
1342260352491397120,negative,0.17544439578210483
1342260352835334146,negative,0.019196637429483427
1342260355519684608,neutral,0.5266499114464975
1342260355972657154,negative,0.0021116303739656416
1342260356643774468,negative,3.7780426723534714e-06
1342260357084147718,negative,0.09646578667338862
1342260357205790721,negative,0.00016036712028058784
1342260357306478592,negative,0.10335774295999144
1342260357948088320,negative,0.23814515285141585
1342260358925455360,negative,0.0006088105697784878
1342260360804507652,negative,0.016427604373005056
1342260363576762368,negative,2.843633828083897e-06
1342260364440961024,negative,0.0009814089188855946
1342260364826832897,neutral,0.5017543432377519
1342260365099462656,negative,0.008002740267951025
1342260367980974081,neutral,0.36175553245050446
1342260368345804805,negative,0.0006519380992455343
1342260368882737153,negative,0.005583255472878321
1342260369767718912,negative,0.011716648316815367
1342260370665328642,negative,0.2812124665127172
1342260371470606336,negative,0.02528903057909925
1342260371697111041,negative,5.139007897928455e-05
1342260372418527239,negative,0.00015274672532096233
1342260372607270913,negative,0.026483884023790226
1342260372670205957,negative,0.05115898004683921
1342260375878774786,negative,0.0012445089043806013
1342260376377970693,negative,0.011538404096376137
1342260377015488512,negative,6.120378046449832e-06
1342260377208418304,neutral,0.49789225920557484
1342260377351049218,negative,0.16350286021553043
1342260377967603715,negative,7.71280294293051e-05
1342260378223276032,negative,9.711266726680176e-05
1342260379972472832,negative,0.019722114863416507
1342260380496666624,negative,0.019682414728450313
1342260380723257344,negative,0.0005520065288040503
1342260380932984833,negative,0.02329323645236039
1342260381079789568,negative,0.15213999863611508
1342260381214007301,negative,0.004506504485731574
1342260381381775366,negative,0.0007215222070526154
1342260381780160520,negative,0.025996590795686638
1342260382828810242,negative,5.909114615371692e-07
1342260383881551876,neutral,0.41739806855561135
1342260384431009796,negative,0.01789456669351926
1342260385345380353,negative,0.015155107296918732
1342260386146492421,negative,0.026268213355705398
1342260386289119237,negative,0.0004760529356788509
1342260386498826242,negative,0.25000550211112155
1342260386951663616,negative,0.04290848807323405
1342260386951802882,negative,0.07409858964317478
1342260387622875137,positive,0.7909245406637737
1342260388814061568,negative,0.007046305154202699
1342260389833302018,negative,0.019639541719850006
1342260391263555586,negative,9.292009567173275e-06
1342260393452982277,negative,0.07299310575804156
1342260394002362371,negative,0.008002740267951025
1342260395176824833,negative,0.07409858964317478
1342260397932470278,neutral,0.5052510391936574
1342260400704933889,negative,0.0012445089043806013
1342260401275346949,negative,0.3294808082162529
1342260401971539970,neutral,0.3385264034882288
1342260403737280513,negative,0.024974770659488353
1342260404932796416,negative,0.014921409828964609
1342260406262386690,negative,0.009330251587974445
1342260406384005121,neutral,0.5911685867968522
1342260406774079492,negative,3.163138185401607e-05
1342260407185059843,positive,0.7909245406637737
1342260407445180416,negative,0.002057336219867229
1342260407554207749,negative,0.0004621289803301903
1342260407889780737,negative,4.0762819367490876e-05
1342260408619569152,negative,0.004526157135396823
1342260408871215104,negative,0.14990289898237155
1342260409571618821,negative,0.0034421108000108193
1342260410171457542,positive,0.7909245406637737
1342260410544742400,negative,0.00019808245832578532
1342260411568181249,negative,0.1184013620515493
1342260414323826690,negative,0.013876278303996462
1342260414348980224,negative,0.016322359625803057
1342260416077066240,negative,0.011708276410405859
1342260417045917696,negative,0.11453609437135882
1342260417096253447,neutral,0.5971372102662001
1342260417775742981,negative,0.31297259541654526
1342260419080163330,negative,0.011716648316815367
1342260420032258048,negative,0.07454976554653649
1342260420338479106,negative,0.01440512815719603
1342260420455837696,negative,0.0012802493548384288
1342260420606832640,neutral,0.3849717904629098
1342260420699152384,negative,0.07294918075471754
1342260420833325057,negative,5.000458527407737e-07
1342260421160407041,negative,0.10406978093093917
1342260421202472962,neutral,0.5743452650545291
1342260423521935360,negative,0.009087159101972653
1342260424260149248,negative,3.792379489848801e-05
1342260424599891968,negative,0.28065067105228747
1342260425224667136,negative,0.027289744188104013
1342260425560367104,negative,0.1184013620515493
1342260425849769986,positive,0.7909245406637737
1342260425996562432,negative,7.30774934935384e-05
1342260426139119621,neutral,0.5052510391936574
1342260428928380928,negative,0.060109474129965444
1342260429305876481,negative,0.14007605454180647
1342260429771460624,neutral,0.3849717904629098
1342260430253731848,neutral,0.5957399490333923
1342260432199970818,positive,0.7909245406637737
1342260432833294337,negative,0.019937252458622982
1342260434221592582,negative,0.07298120744056491
1342260435886755841,negative,0.008002740267951025
1342260436067119104,negative,0.1184013620515493
1342260436843028480,negative,0.002745298738113449
1342260436964700163,positive,0.7158034134183016
1342260437497249793,negative,0.0009412237136405294
1342260439535775745,negative,5.547586483555178e-06
1342260440215261184,negative,0.21047953907773329
1342260440911515648,negative,0.025387730436580894
1342260442593329153,negative,0.002745298738113449
1342260443612590080,positive,0.8893980086610399
1342260443625238533,negative,0.16538554791150645
1342260443910438914,negative,0.17669317916057775
1342260444334075925,negative,0.1184013620515493
1342260444971544578,negative,0.27111484943198927
1342260446171164680,positive,0.9520145434694206
1342260446661906438,negative,0.005828565350070747
1342260448012488704,negative,0.01901656117934125
1342260449891463169,negative,0.00017582172268412865
1342260449929265160,negative,0.0007929404103188511
1342260450466160644,negative,0.009087159101972653
1342260451590221829,positive,0.9900537850302044
1342260452114493442,negative,0.0047044695089326054
1342260453620256769,negative,0.00680588237959152
1342260454505115648,negative,0.0005339887325765245
1342260459907387393,negative,0.002745298738113449
1342260459907522562,negative,0.030893517692509035
1342260460045955073,negative,0.002148679297339356
1342260460746231809,neutral,0.5515948229898667
1342260461455224836,positive,0.9542043903517397
1342260461983694877,negative,0.07237131246492694
1342260465100066821,negative,0.0026718646847690027
1342260465792114689,negative,0.057100421758971884
1342260466169602050,negative,3.3009373703295876e-12
1342260466563895297,negative,0.0016517701137548416
1342260466861699073,negative,0.2812124665127172
1342260469470519296,positive,0.7909245406637737
1342260472280739842,negative,7.410415824728742e-05
1342260474264612877,negative,0.023075944015281635
1342260474331721728,negative,0.003498608370441255
1342260477276123140,negative,0.09375519958997075
1342260478102417408,positive,0.7909245406637737
1342260478840631296,positive,0.7909245406637737
1342260479369097216,negative,0.0033526109670351657
1342260479696187396,negative,0.0031071229455055496
1342260479977279496,negative,0.014635145776150046
1342260482372153345,negative,0.00192734781371638
1342260484284837893,negative,0.32677508348852996
1342260484494532614,negative,0.012779874369582812
1342260487522840581,neutral,0.6373303613561087
1342260487673831424,negative,0.0010427729243528215
1342260487808045061,negative,0.3295408637945741
1342260491507273728,negative,2.0020308591864937e-06
1342260493814214656,negative,0.14339128884293262
1342260495722672128,negative,0.00012297967634670388
1342260495785586688,positive,0.7909245406637737
1342260496179867648,neutral,0.3849717904629098
1342260496586727424,positive,0.7158034134183016
1342260496980987904,neutral,0.49789225920557484
1342260499354972161,negative,0.01930679916076586
1342260500911054851,negative,0.20875087806060377
1342260502223872000,negative,0.0029602333337327555
1342260502248960003,negative,0.0009295472568458498
1342260503167561730,negative,0.011716648316815367
1342260505986129935,negative,0.00011361732159308611
1342260506002935810,negative,0.07435227975693984
1342260506489475073,negative,4.3134910401819644e-10
1342260507739303940,negative,0.07883118507840516
1342260509517754372,neutral,0.5484668325518111
1342260510092390401,neutral,0.46127768308170247
1342260510406938630,negative,0.019861235079705105
1342260511304462336,negative,0.14339128884293262
1342260512923545600,negative,0.007284501904285998
1342260513133240321,negative,0.17382152354309108
1342260514123079684,negative,0.10067134820233364
1342260514483707904,negative,5.000458527407737e-07
1342260515490455553,negative,0.04458522376177202
1342260516111208449,negative,0.07409858964317478
1342260517562408960,negative,0.26296320108967264
1342260517751169027,negative,0.019937252458622982
1342260517801439232,negative,0.032348844086251556
1342260518371921920,negative,0.0079373014960554
1342260518925594625,negative,0.0007337436326411006
1342260519357579268,negative,0.06487390577265591
1342260520557023232,negative,0.009655167226292012
1342260521014349826,negative,0.0012445089043806013
1342260522964676608,negative,0.2812124665127172
1342260523270811648,negative,0.08853295962946751
1342260523405086725,negative,0.08502238529453657
1342260523497377794,negative,5.121154846943292e-07
1342260524248039429,negative,0.0016984442996489809
1342260525649035264,negative,0.0008762142329355956
1342260526026387456,negative,5.304206422574919e-05
1342260527016382464,negative,0.13144543391606753
1342260529180631040,negative,8.515087045096324e-06
1342260530027892736,negative,0.25430911457786876
1342260530581561353,negative,0.07454976554653649
1342260531797909504,negative,0.01877245397365336
1342260532053749764,negative,0.07393459354148145
1342260532062130176,negative,0.07761847131976662
1342260532775170049,negative,0.0002977093060074143
1342260534788444174,negative,7.8964593116111e-10
1342260536621326336,negative,0.09375519958997075
1342260538886287361,negative,0.004286490539564086
1342260539267940352,negative,0.02509036350194977
1342260540782096384,negative,0.0017880157369971467
1342260542585655296,neutral,0.33368926072638355
1342260546456973314,negative,0.00891375960757663
1342260548273139716,negative,0.10335774295999144
1342260548822577153,negative,1.0464829884672458e-06
1342260549531406340,negative,0.31297259541654526
1342260551448219654,negative,0.007840612830162364
1342260552408702992,negative,0.0005341018879279992
1342260554010918917,negative,0.0031071229455055496
1342260557601251328,negative,0.12356545199738704
1342260558578536464,negative,1.7693529206970863e-05
1342260559006339073,negative,0.0005520065288040503
1342260559903940608,negative,0.00021722833861697796
1342260560507899904,negative,0.1262768471439921
1342260560688115712,negative,0.01901656117934125
1342260561338314752,negative,0.008002740267951025
1342260561741045760,negative,0.0021116303739656416
1342260562760265729,negative,0.039499653110456986
1342260563100004354,negative,0.014205827926210534
1342260563393568770,negative,0.004035187276688202
1342260563905114112,negative,0.0016517701137548416
1342260564123209728,negative,0.1184013620515493
1342260565276766209,negative,0.0001418981889336493
1342260565335547906,negative,0.0013781876082301736
1342260567562735616,neutral,0.381875542748901
1342260568099614720,negative,1.87848480124709e-05
1342260569475317760,negative,0.0147501555232423
1342260569483530240,negative,0.0010427729243528215
1342260571178209280,negative,0.05542869502444834
1342260571396333570,negative,0.015773583174067275
1342260571429728257,negative,0.01090715993487572
1342260571710894081,negative,0.00012600359111918067
1342260572839096320,negative,0.0012445089043806013
1342260576144285697,negative,0.004514655691763813
1342260576202977281,neutral,0.6004977626489914
1342260576370774016,negative,0.00017582172268412865
1342260578040086538,negative,3.163138185401607e-05
1342260578539237376,negative,4.8330608710481725e-08
1342260579017383937,neutral,0.5052510391936574
1342260579021553664,negative,0.27538537887707226
1342260579784929282,positive,0.7525092869915815
1342260580170788868,negative,0.003425893490066605
1342260580594442242,negative,0.12248249736691665
1342260580896415747,negative,0.021231760454611785
1342260582855020544,negative,0.14143821175705878
1342260587028508672,neutral,0.3499352441185855
1342260587208781824,negative,0.0010427729243528215
1342260587842121729,neutral,0.37142605093897746
1342260593525288960,negative,0.0026492724377410455
1342260594230112256,negative,0.0001630059832550359
1342260596868325379,negative,0.0004959955619609795
1342260598055161856,negative,0.00020633509515216578
1342260599842025472,negative,1.2731563379152634e-05
1342260600358002689,negative,0.01839111741613946
1342260600693432320,negative,8.999914913363231e-05
1342260603969269765,negative,0.003954204897449452
1342260604044791809,negative,0.1258285199032784
1342260605353385989,positive,0.7909245406637737
1342260605818990592,negative,0.12703271384507175
1342260606355841025,negative,0.0020110122635098224
1342260608759193600,negative,0.07237131246492694
1342260609472204800,positive,0.7436607593980951
1342260610051006467,negative,0.09313524946645434
1342260610906599425,negative,0.0010740974269673133
1342260612953419776,positive,0.9633894245446962
1342260613955923969,negative,0.030754608300443853
1342260615159689216,negative,0.08689490951447258
1342260616669630467,neutral,0.35673419939177425
1342260617332330504,neutral,0.3593672214136314
1342260619525894150,neutral,0.4985928500860049
1342260622063521792,neutral,0.3421117411708625
1342260623053352960,negative,0.00033409884022793406
1342260624143904771,negative,0.15884973808023384
1342260624588472320,negative,6.18189474773047e-05
1342260626987638785,negative,0.08502238529453657
1342260627344121862,neutral,0.5052510391936574
1342260628321423360,negative,0.02725282505856182
1342260628640182272,negative,0.00016602420197013782
1342260630942863361,negative,0.0012445089043806013
1342260632251473921,negative,0.007284501904285998
1342260632876437510,negative,0.05362181895143222
1342260633442668546,positive,0.9895453554705276
1342260633685921793,negative,0.026657740494822703
1342260636026368001,negative,5.000458527407737e-07
1342260636554825728,negative,0.11392493218546201
1342260637137833989,negative,0.00012061276103020431
1342260638001876993,neutral,0.40465454512742666
1342260638157058050,negative,0.004730793197326052
1342260639058767875,negative,0.058962091186553926
1342260639230812162,negative,0.032348844086251556
1342260640329707522,negative,0.23963093369348532
1342260640963055619,negative,0.0012445089043806013
1342260641277603841,negative,0.009087159101972653
1342260644595298306,negative,0.00032737775870712805
1342260646558183426,negative,0.06106744169493714
1342260647367639042,neutral,0.4550267180439356
1342260647803936768,negative,7.687430641640205e-08
1342260647812333573,negative,0.0008353547955900271
1342260648571514881,negative,0.07192298659144568
1342260648764387328,negative,0.05536904464966463
1342260649972396032,neutral,0.5152154384536207
1342260650152751105,neutral,0.4478814827726608
1342260650609934336,negative,0.0112211786190508
1342260650983227396,negative,0.05466931763636576
1342260656045772800,negative,0.012153536572081588
1342260656154816512,negative,4.1970248861352044e-05
1342260657568292865,negative,0.011549384426958777
1342260657975152641,positive,0.9936330195127195
1342260658100908035,negative,0.00016036712028058784
1342260658725924864,negative,0.0016387731188780338
1342260659480891393,negative,0.057100421758971884
1342260659661271043,negative,0.00012507795186957017
1342260659736748034,positive,0.9492624119042729
1342260659933863938,negative,0.06587305711715459
1342260660189736966,negative,0.2089263090116658
1342260662458834951,negative,0.10353202383567305
1342260664161730560,negative,0.010929883898686639
1342260665986281472,negative,0.023075944015281635
1342260668196655105,negative,0.00891375960757663
1342260670218317826,negative,0.2608250021126404
1342260670373507074,positive,0.9042338611407014
1342260671220756481,negative,0.00012668218834477142
1342260671522746370,negative,0.07409858964317478
1342260671568875523,negative,0.0012445089043806013
1342260674060279809,negative,0.0020349678716011237
1342260674857205760,negative,0.13244557525285905
1342260675238916099,negative,0.00011195004022640409
1342260676727812097,negative,0.004125752372428077
1342260678569189376,negative,0.005143167945238664
1342260679743565824,negative,0.01616455903568405
1342260680821518337,negative,0.14339128884293262
1342260683208085506,negative,0.0005583564912642673
1342260684013318144,positive,0.9998867403256433
1342260684885790720,positive,0.7909245406637737
1342260685577842690,negative,0.025465061621035245
1342260686395764741,negative,0.1777534574812634
1342260686718701571,negative,0.27538537887707226
1342260686970302470,negative,3.792379489848801e-05
1342260687569993728,negative,0.05422102565732349
1342260692242604034,negative,0.019516927481713298
1342260693144367105,negative,7.654206441492736e-05
1342260694650122242,negative,0.009087159101972653
1342260695602253827,negative,0.27538537887707226
1342260696365604875,negative,0.009903784513398364
1342260696885637127,negative,5.547586483555178e-06
1342260697380630530,negative,0.21047953907773329
1342260697825214466,negative,0.0069571137892871044
1342260698168979456,negative,0.03342134815686027
1342260698420752384,positive,0.7909245406637737
1342260699033186304,negative,0.014921409828964609
1342260699637153795,negative,0.09640323611645361
1342260701579120641,negative,0.053962882917310585
1342260702015225857,negative,0.06040327879755064
1342260702111789056,neutral,0.49789225920557484
1342260703521083393,neutral,0.5472960823705576
1342260704389300224,negative,0.0034626417605143813
1342260705076994048,negative,0.0006149563618039417
1342260705471434752,negative,0.2812124665127172
1342260705949593600,neutral,0.6352742884547378
1342260705974743040,negative,0.31297259541654526
1342260708516499472,negative,0.006090637631782576
1342260708671713280,neutral,0.46127768308170247
1342260709720268801,negative,0.10700295468860774
1342260710504505344,negative,0.16280582794327256
1342260711007916033,negative,0.0318135760571785
1342260712266215432,negative,0.0698394550668706
1342260712752762886,negative,0.013231885730437631
1342260713339969536,negative,0.2611339702766612
1342260713381916672,negative,0.006090637631782576
1342260713818087427,negative,0.005828565350070747
1342260714233278465,negative,0.0009659455719062031
1342260714392735748,negative,0.12248249736691665
1342260714627543040,negative,0.10700295468860774
1342260714807943169,negative,0.008786646770040835
1342260714812141569,neutral,0.3499352441185855
1342260715202236418,positive,0.9685885755785858
1342260715516780544,negative,2.901349176009264e-08
1342260715709722630,negative,0.00012129361241019164
1342260715743145984,negative,0.31732489718339985
1342260715781058560,positive,0.9430491625322572
1342260715894276096,negative,0.002745298738113449
1342260716204646403,negative,0.05352475611900498
1342260717651693568,negative,0.04930938618058801
1342260718775762944,negative,0.1184013620515493
1342260718977097731,negative,0.010821739943380863
1342260720029868032,negative,0.03712728393890351
1342260720130527232,negative,0.0022661408969652545
1342260720965197824,negative,0.017054603518529318
1342260721103597570,negative,0.003188269952857918
1342260723917979649,negative,0.018779746983808958
1342260725805363215,negative,0.11601564425613713
1342260725964820482,negative,2.263558012394393e-05
1342260726086443009,negative,0.3025110108454361
1342260726153539585,negative,8.037943476822793e-05
1342260726690406400,negative,0.009655167226292012
1342260727772536833,negative,0.002096652302557571
1342260727793528832,positive,0.7909245406637737
1342260729118863360,negative,0.23779632254506208
1342260733241942021,negative,0.1564533920790677
1342260734093352964,negative,0.08016237522340378
1342260734609285120,negative,0.0016984442996489809
1342260734793801729,negative,0.0001123780949996407
1342260736043708424,negative,5.139007897928455e-05
1342260737054568448,negative,0.0010427729243528215
1342260737826320386,neutral,0.49789225920557484
1342260738027646977,negative,9.722365300990716e-05
1342260738623213568,negative,1.9770464242314684e-06
1342260738774204419,negative,1.6119684250411773e-05
1342260738950385664,negative,0.25448524422677327
1342260739185274881,negative,0.03177071695288645
1342260740355358722,negative,0.02913045377670542
1342260740443533313,neutral,0.6024390749875189
1342260740489670661,negative,0.023586890132149155
1342260743035625477,negative,0.009159636489020894
1342260743341813761,neutral,0.3586593830836695
1342260744914694144,neutral,0.5867595973724239
1342260745422188544,negative,0.0007288710747412793
1342260745556393985,neutral,0.40152641315434723
1342260745740963841,negative,0.0069571137892871044
1342260746097459203,negative,0.00032737775870712805
1342260746391072771,negative,0.0649409937485363
1342260746848247824,negative,0.00830208259581097
1342260747062169601,positive,0.9516627077213428
1342260748903460865,negative,0.0007456778471881018
1342260750623125505,negative,0.15260150773793157
1342260751373717504,negative,0.0016517701137548416
1342260751415783431,negative,1.6082051077464364e-07
1342260751956905986,neutral,0.41487043792870404
1342260752028225545,negative,0.005026369834513546
1342260752086921216,negative,0.019639541719850006
1342260753525596162,negative,2.0008189638086605e-05
1342260754192478210,negative,2.5058145573377023e-09
1342260754293157891,negative,0.17153673729373242
1342260757757571077,negative,5.7557605915953273e-05
1342260757812150272,negative,0.00741627213827822
1342260760303562754,negative,7.000968158929942e-05
1342260761704468482,positive,0.6864853079933441
1342260762392338433,negative,0.09902635029580029
1342260766020407297,negative,0.019937252458622982
1342260766460796928,negative,0.0001630059832550359
1342260766607609856,negative,0.25430911457786876
1342260767131840512,negative,1.7953164445233115e-05
1342260769115795457,negative,1.2547662918210084e-07
1342260770059542528,negative,0.27538537887707226
1342260770680270858,negative,0.00017582172268412865
1342260770957090823,negative,0.007863027178422919
1342260771120672769,neutral,0.5326328284284411
1342260773419147265,neutral,0.3758934623446574
1342260773708582913,negative,0.0016511828943400117
1342260773918224385,negative,0.2812124665127172
1342260774610284544,negative,0.029371013667279688
1342260774866219014,neutral,0.39860016763037853
1342260775067541504,negative,8.63813734749846e-06
1342260777336631296,negative,0.02410025090611589
1342260778225852418,negative,0.009087159101972653
1342260778397798400,negative,0.054327400666022506
1342260779110846466,negative,0.017840404156025128
1342260779828043777,negative,0.06040327879755064
1342260780801159169,negative,0.2168097558417485
1342260782940250113,negative,0.06106744169493714
1342260783636471811,negative,0.011716648316815367
1342260784571838464,negative,6.60144696690247e-08
1342260785830100995,negative,0.00205186590223151
1342260787088392193,negative,0.32677508348852996
1342260789047152642,negative,0.0016984442996489809
1342260792389996544,negative,0.006090637631782576
1342260792931065856,negative,9.408529988076039e-05
1342260792972947456,negative,5.547586483555178e-06
1342260793031733254,positive,0.6691262784899221
1342260793719595017,negative,0.0004342081834207594
1342260797565775872,negative,0.14870227111570603
1342260798102659078,negative,0.0023855204573376486
1342260799654526978,negative,0.1262768471439921
1342260800505798662,negative,0.14143821175705878
1342260800757456898,negative,3.415572718625881e-07
1342260801646825473,neutral,0.42076888431135534
1342260801906880520,neutral,0.5052510391936574
1342260802288558081,positive,0.9634834649974734
1342260803207106560,negative,0.0002392550969991425
1342260804914192384,negative,0.016348317326067226
1342260805002285057,negative,0.0044812532872707395
1342260806759690243,negative,1.2114722476918681e-06
1342260807292346368,negative,0.023075944015281635
1342260807317544962,negative,0.0031071229455055496
1342260807447539716,negative,0.13997518181407745
1342260809494310912,negative,0.25430911457786876
1342260811373408257,negative,0.03507727990129901
1342260812497477634,negative,0.2812124665127172
1342260812950474754,negative,0.0005552629311974262
1342260813000794112,negative,0.14870227111570603
1342260813432700928,negative,0.015155107296918732
1342260813537701893,negative,0.0016988754688753971
1342260814561083396,negative,0.01616455903568405
1342260814980542464,negative,5.581549191590896e-10
1342260815492075525,negative,0.05735992518188758
1342260816817627137,negative,0.002101924147428001
1342260817484541952,negative,0.12423569304135326
1342260817840975872,negative,0.00019808245832578532
1342260818512125960,negative,8.253242373877998e-07
1342260818520453120,negative,0.12248249736691665
1342260818545692672,negative,3.339586700261228e-06
1342260819975933955,negative,0.0016984442996489809
1342260820990959622,neutral,0.46127768308170247
1342260820999168000,negative,0.05115898004683921
1342260822274416642,negative,0.16117910907885669
1342260823067152385,negative,0.006048257993111455
1342260823679508482,negative,0.0007941348387245685
1342260825822781440,negative,0.11912125822498414
1342260826263199747,negative,0.0024289795167186973
1342260827466960897,negative,0.015225603936396164
1342260828196761600,negative,0.0005325880340559762
1342260828414865409,negative,0.0048131713818208325
1342260829626970113,negative,0.0043962587496996506
1342260835981393920,negative,2.2617691286086804e-07
1342260839580135424,negative,0.030652592651927518
1342260840154578946,positive,0.7909245406637737
1342260843849904134,positive,0.7909245406637737
1342260844491649025,negative,0.00012148942546017135
1342260847276666896,negative,0.0002469557504207758
1342260852636979200,neutral,0.5628056929000496
1342260852662169600,neutral,0.6191343661528351
1342260853169664001,negative,0.00017582172268412865
1342260855023562763,negative,0.19282545613530003
1342260858253156356,negative,0.1411233571287592
1342260859477831681,negative,0.02059478213973318
1342260861004636160,negative,0.2025368906962954
1342260862535561217,negative,0.005828565350070747
1342260863747682304,negative,0.003802494215023941
1342260864997584897,negative,0.03483375283118674
1342260866100637704,negative,0.12330798045524245
1342260867195424769,negative,0.24777902961736586
1342260873125978113,negative,0.11924197513035559
1342260873847590916,neutral,0.4525299360032805
1342260874963255297,negative,0.07012912088702614
1342260880365510656,negative,0.03300297064347458
1342260880810135553,negative,0.0002768024461637105
1342260882374610944,negative,0.007217439023533475
1342260884727603201,neutral,0.34077070909078616
1342260885759397889,negative,1.5214006936205376e-09
1342260888867246080,negative,0.23814515285141585
1342260889102258177,negative,0.09646578667338862
1342260895725072385,negative,2.2911328307390335e-05
1342260896123514883,negative,0.0001039175126215644
1342260897973202944,negative,0.0031071229455055496
1342260899982299138,negative,0.07138719431583505
1342260902641487873,neutral,0.44718859704321334
1342260908500905985,neutral,0.49789225920557484
1342260909247516675,negative,3.943026276206731e-06
1342260909285249025,neutral,0.46098947906475607
1342260912514883585,neutral,0.49789225920557484
1342260919452262402,negative,0.04586691580839149
1342260921293549568,negative,0.0005309892239082318
1342260923982114817,negative,0.22005986504083277
1342260926909739008,negative,0.032348844086251556
1342260932089683970,negative,1.1998639916827633e-06
1342260932303577089,negative,0.00830208259581097
1342260933226352649,negative,0.027289744188104013
1342260933763211265,negative,5.000458527407737e-07
1342260935956819968,negative,0.29600396516190636
1342260938624397312,negative,0.11924197513035559
1342260938813091842,negative,0.2906278741030604
1342260940230823936,negative,0.005513403617583081
1342260941489135618,negative,0.011333265594780942
1342260944613871617,negative,0.3108654272474129
1342260948250353664,negative,4.540937017501673e-05
1342260949001105410,negative,0.002336268894152299
1342260950435393536,negative,0.1184013620515493
1342260951295393797,negative,0.054327400666022506
1342260953145077765,negative,0.004551295411253584
1342260954625617921,negative,5.651241791700221e-06
1342260954780807171,negative,3.567915622737308e-13
1342260955263201280,negative,0.08649055225491564
1342260955326132226,negative,0.00031315001716344807
1342260956571824129,negative,0.2812124665127172
1342260956630544384,negative,0.057100421758971884
1342260956752187392,negative,0.10700295468860774
1342260957242925058,negative,0.0021183520003116778
1342260958509596673,neutral,0.39860016763037853
1342260958681559040,negative,0.12256090127069341
1342260958840942593,negative,9.594486131267722e-07
1342260959226769408,negative,1.2114722476918681e-06
1342260961470783490,negative,0.009087159101972653
1342260961751740416,negative,0.09640323611645361
1342260962099924997,negative,5.417411433116792e-11
1342260962250936323,negative,5.2354190461617574e-05
1342260962523545600,negative,0.010821739943380863
1342260962817167373,neutral,0.46127768308170247
1342260963228217344,negative,0.0006005728458958753
1342260963760865285,negative,0.01455003850376664
1342260964461305857,negative,0.03300297064347458
1342260966168395782,negative,2.3595296643428568e-07
1342260967833530372,negative,2.9064106070102315e-05
1342260968810754048,negative,0.14339128884293262
1342260968823390222,neutral,0.5136446707795853
1342260969305739265,negative,0.00029267990461877914
1342260971931369477,neutral,0.3358218310945649
1342260972313051138,negative,0.2347141756646593
1342260972581482498,negative,0.11959255031590613
1342260973386813442,neutral,0.47940932208984594
1342260974649298948,negative,9.301454083936083e-05
1342260975949340672,neutral,0.42917751334538623
1342260976737988609,negative,0.00010641324509343728
1342260977392353280,negative,0.04431263158694897
1342260978935877642,negative,0.016427604373005056
1342260979242061824,negative,0.32677508348852996
1342260982077399044,negative,0.07012912088702614
1342260982299713539,neutral,0.49789225920557484
1342260984291975170,negative,0.004602191624766537
1342260985021693952,positive,0.9709486560761381
1342260985223114754,negative,0.0438743924560858
1342260985856462849,neutral,0.49789225920557484
1342260990927224832,negative,0.0010538655367577298
1342260992160522243,negative,7.160694850632714e-09
1342260993397821440,negative,0.009087159101972653
1342260993838223362,negative,0.0002570915232037656
1342260994391879682,negative,0.010625722543201738
1342260994467377154,negative,0.002454667869162021
1342260995515936769,positive,0.8567642649968916
1342260995926994944,negative,0.010753360655389359
1342260997151748096,neutral,0.49789225920557484
1342260997332094977,negative,0.01616455903568405
1342260998909153280,negative,0.008773726582248188
1342260999785771009,neutral,0.6471464750647524
1342261000087724042,neutral,0.6048134346864606
1342261000574271489,negative,0.21921412548362115
1342261005427093505,negative,0.0010538655367577298
1342261008673484800,negative,0.04275729296475682
1342261015556177920,negative,0.0009412237136405294
1342261016441270276,negative,0.008691453773405466
1342261021638057984,negative,3.853797284461132e-05
1342261022627950607,negative,0.032348844086251556
1342261023546421248,negative,0.02049828370112842
1342261024443912192,negative,0.000327297581304449
1342261024548941824,negative,0.024933560752524567
1342261025547165697,negative,0.026344422382704687
1342261029166714880,negative,0.02576685699080968
1342261034619322371,negative,0.008097712481244274
1342261035579928577,negative,0.009087159101972653
1342261035974062080,negative,1.6335697707510383e-05
1342261037303783425,negative,0.16425619009577153
1342261039812005889,negative,0.0067439644490239125
1342261042383101954,negative,0.10353202383567305
1342261055511150592,negative,3.7780426723534714e-06
1342261058413719553,negative,0.07192298659144568
1342261062708703232,negative,3.184081298180888e-09
1342261067230142465,negative,0.09408030291058109
1342261068215840775,negative,0.01839111741613946
1342261069226651648,negative,6.193716317072406e-07
1342261070115835910,negative,0.3245106188222903
1342261072590336000,negative,0.0016984442996489809
1342261075228717056,negative,0.03478961429185841
1342261079905349633,positive,0.998326972220833
1342261080018440192,negative,0.027289744188104013
1342261081784397824,neutral,0.3751367439857412
1342261088801468418,negative,0.11981291436185265
1342261090147852289,negative,0.01616455903568405
1342261101036253185,negative,0.18795859623648656
1342261104056160256,negative,0.0002972587303670491
1342261104110657536,negative,0.2611621137273265
1342261106207842316,neutral,0.5533970533999424
1342261112113401865,negative,0.0005445824432226484
1342261117746376705,negative,0.026344422382704687
1342261119717662726,negative,0.00031315001716344807
1342261120128737280,negative,3.163138185401607e-05
1342261120657199105,negative,0.3245106188222903
1342261121026240513,negative,0.09435341469621289
1342261121168896001,positive,0.7909245406637737
1342261123748397056,negative,0.00012886923598357422
1342261126223056896,negative,5.000458527407737e-07
1342261134531899402,positive,0.7909245406637737
1342261135001722881,positive,0.7909245406637737
1342261140110397442,neutral,0.4894886660404289
1342261143633539072,negative,0.025883125651746122
1342261150273179649,negative,0.002101924147428001
1342261150625497088,negative,4.931956377930133e-07
1342261153943199744,positive,0.782370921491972
1342261155008569347,positive,0.7909245406637737
1342261156824702977,neutral,0.4449449600287455
1342261164118568962,negative,0.19163418848114264
1342261166257541126,negative,0.10406978093093917
1342261170925953024,negative,0.010625722543201738
1342261172310056960,negative,0.058953509185247416
1342261175375912960,negative,0.019639541719850006
1342261175543865345,negative,0.09330070914684761
1342261177242546177,negative,0.008932891448258653
1342261177422925828,negative,0.0026201237280584887
1342261177544531968,negative,0.001273032074165097
1342261177812996097,negative,0.05106637002907062
1342261185052364812,negative,0.09677081132000888
1342261187078094848,positive,0.998326972220833
1342261189343109122,negative,0.23814515285141585
1342261190320390147,neutral,0.49789225920557484
1342261192522420227,negative,0.0005945625467391822
1342261197828206592,neutral,0.3717441432620207
1342261200558686210,neutral,0.6537474969498027
1342261200927686656,negative,0.0467090334766549
1342261202987216898,negative,0.08908789667303281
1342261203301773312,negative,0.09107462386660947
1342261203381325827,negative,0.022232862883677557
1342261203847012352,negative,0.06106744169493714
1342261207466729474,neutral,0.49789225920557484
1342261210843066368,negative,0.03092655849999979
1342261215142113281,negative,0.1184013620515493
1342261215356203008,negative,0.03712728393890351
1342261217470128129,negative,4.1970248861352044e-05
1342261224105373697,positive,0.8182979495608742
1342261224642375682,negative,0.0005339887325765245
1342261229159530499,neutral,0.4737554465528978
1342261229851729930,negative,5.80596810510623e-06
1342261233697710081,negative,0.017426268241697684
1342261235287523328,negative,0.016427604373005056
1342261238462636034,neutral,0.6010617675389737
1342261239490215937,negative,0.054327400666022506
1342261245517422594,negative,0.11924197513035559
1342261245622288387,negative,4.3037813178777163e-07
1342261245949435907,positive,0.9976521473271183
1342261264253415424,negative,0.03426609776313385
1342261265285197827,negative,0.19495465883967933
1342261268577722369,negative,5.7557605915953273e-05
1342261270003785728,negative,0.00205186590223151
1342261273371795475,negative,0.30441634495336733
1342261273942220812,negative,0.043523203170125396
1342261275191955456,negative,0.020376823895716628
1342261279034138630,negative,0.00227111437254047
1342261279650684929,negative,3.959710639678155e-10
1342261282704125952,negative,0.00044286331715456817
1342261282909655042,neutral,0.3593672214136314
1342261282993557505,positive,0.9799308377482362
1342261286160244739,negative,0.03862794139167232
1342261288471306240,negative,0.14974663092320564
1342261288538353664,neutral,0.47697210391394973
1342261288672628738,negative,0.00021328759235003748
1342261290379563009,negative,0.001194254888992818
1342261290874630151,neutral,0.5180600206288059
1342261295253434384,negative,0.23814515285141585
1342261296020992000,negative,5.2955327865103655e-05
1342261312311722001,neutral,0.46127768308170247
1342261315126108160,positive,0.7909245406637737
1342261316472475650,negative,0.038096505260578534
1342261317462274048,neutral,0.5829935256703682
1342261318913568768,negative,2.4401768300828545e-05
1342261321560186882,negative,0.0006004748683393548
1342261321870413824,negative,5.967057448853654e-07
1342261321916534785,negative,0.0009412237136405294
1342261322906406912,negative,0.07931719273889505
1342261325813190667,negative,0.004093443721421581
1342261327843102720,negative,0.23814515285141585
1342261328665337857,negative,0.01090715993487572
1342261329999101960,negative,0.009760717503525121
1342261331551014913,negative,9.982639134884467e-07
1342261332909940737,negative,1.103326702573335e-12
1342261333681692673,negative,0.1163925276574902
1342261336500219905,negative,0.015512621689931476
1342261336710017025,positive,0.7909245406637737
1342261337771139073,negative,0.20581796682782405
1342261344624635907,neutral,0.4828616502121616
1342261347044777985,negative,1.68667671357436e-09
1342261350098034690,negative,0.035572993044047235
1342261356238692354,negative,0.042291399672102575
1342261356670693378,negative,0.1184013620515493
1342261358058987536,negative,4.093956065210656e-05
1342261358813966337,negative,0.10014390706677825
1342261358960795652,negative,0.0001123780949996407
1342261359644327937,negative,0.014513242905066906
1342261360319746048,negative,1.7161990852840349e-07
1342261365239656448,negative,1.4531368865507809e-08
1342261365512265729,neutral,0.6424110860400508
1342261369769504770,negative,0.0009923064473302634
1342261376228720642,negative,0.0067439644490239125
1342261378141331456,positive,0.7909245406637737
1342261381261897729,neutral,0.49789225920557484
1342261389688238081,neutral,0.5533970533999424
1342261391764451329,negative,9.178070812045909e-05
1342261395556069383,negative,0.23814515285141585
1342261398844411905,neutral,0.3426562496025762
1342261405408522240,negative,0.0015581552564313383
1342261407648260096,negative,0.1184013620515493
1342261408608694272,negative,0.019639541719850006
1342261409418240000,negative,0.03839390954746892
1342261411548983296,neutral,0.39860016763037853
1342261412748525568,positive,0.7909245406637737
1342261418314190848,negative,0.0030535309979620876
1342261419694313475,negative,0.0024299333966755123
1342261419769614336,negative,0.000327297581304449
1342261421871165441,negative,0.0015927116350254991
1342261425344012291,negative,0.10014390706677825
1342261428825288704,negative,0.1184013620515493
1342261433665511426,negative,0.004852269108417718
1342261437071286274,neutral,0.4507454498615163
1342261441991159809,negative,0.014494593092258515
1342261442481938434,negative,0.1184013620515493
1342261444088238084,negative,0.0007337436326411006
1342261454607626245,neutral,0.33657875458960645
1342261455589175298,negative,1.4851145470012967e-05
1342261456235089922,negative,0.0002535454262846121
1342261456629342210,negative,0.002823689008689933
1342261457266896897,negative,0.002745298738113449
1342261458118311937,negative,0.1184013620515493
1342261460517478410,negative,0.21533052324465599
1342261460546818050,negative,0.0011676865345279198
1342261463285641217,negative,0.0001227909888404411
1342261469992398849,negative,0.010821739943380863
1342261473637244928,positive,0.7909245406637737
1342261475059126278,negative,4.815670331330078e-05
1342261476782977024,neutral,0.42071926486302136
1342261476816420866,negative,0.008002740267951025
1342261477437186048,negative,0.0007088233475184559
1342261477508431872,negative,0.07883118507840516
1342261477953028097,negative,4.6834364681809476e-05
1342261479060480001,positive,0.861690051797441
1342261479660253185,negative,0.011485697775812806
1342261480620605442,negative,0.00046729151133678373
1342261483770683392,negative,0.07028878350818098
1342261484806664198,negative,0.0009719968613302451
1342261486731845633,negative,0.019196637429483427
1342261488346607616,negative,0.0005429869525789568
1342261488854175744,negative,7.142508989004251e-05
1342261490431258624,negative,0.00083292953996653
1342261492289318913,negative,0.11453609437135882
1342261492595511296,negative,0.039729908507049196
1342261492838768640,negative,0.1184013620515493
1342261493560201216,negative,0.00017582172268412865
1342261498845024256,negative,5.547586483555178e-06
1342261501671960580,negative,0.0010427729243528215
1342261503106437120,negative,0.1073228470275284
1342261503769145344,negative,0.0008682273835110941
1342261505924935683,negative,0.00044286331715456817
1342261506839179265,neutral,0.49789225920557484
1342261506898067456,neutral,0.49789225920557484
1342261508160557057,negative,0.06308618664792573
1342261511063031808,negative,0.28741154178763173
1342261511197237255,neutral,0.5552110595454056
1342261511964786696,negative,2.901272280971314e-07
1342261513793511424,positive,0.7909245406637737
1342261517534826499,neutral,0.38608938018273264
1342261518839275520,negative,0.25430911457786876
1342261523230683138,negative,0.03712728393890351
1342261524589654022,negative,0.00022949559299155462
1342261524795191299,negative,0.1577080060606428
1342261526183501824,negative,0.05352475611900498
1342261527068483585,neutral,0.37203344382696774
1342261527320129536,neutral,0.4777655241468733
1342261528402292737,negative,0.022326321523664594
1342261529975136256,negative,0.19475404833615956
1342261530230845440,negative,0.0020110122635098224
1342261530335850497,negative,0.01626701394179813
1342261533003415552,negative,0.0011386651648085733
1342261535306117120,negative,0.005491028834836875
1342261538514726915,negative,0.07192298659144568
1342261540381208590,negative,0.1184013620515493
1342261543048765440,negative,0.009087159101972653
1342261544915140609,negative,0.04287224459841915
1342261549579132930,positive,0.7909245406637737
1342261549835022338,negative,0.03595002706924661
1342261554570555396,negative,0.0001039175126215644
1342261554855747586,negative,0.004740826658642988
1342261555518459906,negative,0.0009412237136405294
1342261557863063554,positive,0.7909245406637737
1342261562187407362,neutral,0.36728291019967485
1342261563303059456,negative,8.145175701351026e-05
1342261567103107073,negative,0.20504511339510884
1342261567946186752,negative,0.000802541774948925
1342261570605355008,negative,0.0021116303739656416
1342261575286214657,negative,1.2843261112560304e-09
1342261576850698240,negative,0.20744168153670992
1342261577756667904,negative,0.00802206431188503
1342261583465111552,negative,0.1472236224474914
1342261591262310401,negative,0.1624468303174171
1342261592059244551,negative,0.07454976554653649
1342261593694990336,neutral,0.47511024713808625
1342261594298978305,negative,0.10014390706677825
1342261595297165312,negative,0.2962800628187623
1342261595976687619,negative,8.235485233230296e-14
1342261596882657283,negative,0.1184013620515493
1342261602003857411,negative,0.30146915677477726
1342261602431729664,negative,0.0034626417605143813
1342261602729435137,positive,0.9042338611407014
1342261605988356096,negative,0.20758338715517202
1342261609255809025,negative,0.016427604373005056
1342261612963639297,negative,0.08951336469451475
1342261616944050177,negative,5.000458527407737e-07
1342261619066167297,negative,0.23814515285141585
1342261620614049799,negative,0.05352475611900498
1342261629375942658,negative,0.036766358101931164
1342261634803359744,negative,0.010320231446011024
1342261638267863040,negative,0.09303335719675417
1342261640767614976,negative,0.002454667869162021
1342261641975640064,negative,0.00012129361241019164
1342261642655113216,positive,0.7909245406637737
1342261648493588484,negative,0.026826671047682688
1342261652318810113,negative,0.0014313438979348828
1342261652570468353,neutral,0.653170922035435
1342261653837144064,negative,0.11944589202108312
1342261654415937537,negative,0.021786587932556122
1342261657939156993,negative,0.016947950741450182
1342261658580729857,negative,0.2430372126196896
1342261659897909252,negative,0.10700295468860774
1342261660472455171,negative,0.23883828390457285
1342261661055541250,neutral,0.3593672214136314
1342261661110067201,negative,9.168367798248742e-05
1342261661592334349,neutral,0.3753439512947186
1342261661659369472,negative,0.23814515285141585
1342261661911027712,negative,0.00030350814264652574
1342261662431268869,negative,2.3335912636578102e-08
1342261662825504769,neutral,0.4096175873846962
1342261663807008774,positive,0.7909245406637737
1342261663852945409,negative,0.14143821175705878
1342261664272572416,negative,0.14143821175705878
1342261665203707905,negative,0.03748193775637961
1342261665916661766,negative,1.0563686283471008e-05
1342261665925124096,negative,0.02110160324630033
1342261666516492288,negative,0.0005082704860413814
1342261666847875072,negative,0.07409858964317478
1342261668433170433,neutral,0.49789225920557484
1342261670349979650,negative,0.0011429369938440058
1342261670815682560,negative,0.015173371405869699
1342261670870192129,negative,0.0024125589272509336
1342261671365115904,neutral,0.43228307121551773
1342261671587405824,negative,2.1372448960226217e-07
1342261673533595648,negative,3.957349991212548e-05
1342261673911005188,negative,2.402719337392644e-06
1342261673961402369,negative,0.25654226497622645
1342261674150154241,negative,0.01772697554266603
1342261677648175104,neutral,0.6549759697062406
1342261678583459840,negative,0.022625754697685886
1342261679577587713,negative,0.12248249736691665
1342261679929880577,negative,0.008896935907416479
1342261681901060096,negative,2.59783319972849e-05
1342261682408742912,negative,0.08122592603226418
1342261682538766337,negative,0.032348844086251556
1342261683553587200,negative,1.0937113495451487e-06
1342261684417794052,negative,0.0009412237136405294
1342261686389137415,negative,0.0031071229455055496
1342261687026659329,negative,0.0022558990971385325
1342261688071024641,negative,1.0253462305218213e-07
1342261688318500865,negative,0.2812124665127172
1342261688410771456,negative,1.5521770283015716e-05
1342261688989593600,neutral,0.49789225920557484
1342261689325137921,negative,2.4715506609704904e-05
1342261690029633536,negative,0.006090637631782576
1342261690528903169,neutral,0.39860016763037853
1342261691371937792,negative,8.636897839071763e-06
1342261693758533640,negative,0.06368660314900522
1342261694291181570,negative,0.16532172419126437
1342261695184592896,neutral,0.6576126246639462
1342261695960379393,negative,0.015107102222591422
1342261696329637890,positive,0.7909245406637737
1342261696946167820,negative,0.019937252458622982
1342261697021702146,negative,2.558054161827835e-05
1342261697713762305,negative,3.386290378712663e-05
1342261699089321985,negative,0.02845941266681419
1342261700830093318,negative,0.10189721805660573
1342261701060734978,negative,0.012153536572081588
1342261701345992704,neutral,0.48406519993020347
1342261702935662594,negative,6.468190578266669e-06
1342261703225049091,negative,0.011052001419607032
1342261704466558977,negative,4.623558712535456e-05
1342261704785326082,negative,4.134175578739695e-05
1342261705196367873,negative,0.015773583174067275
1342261706135904257,negative,0.32336385958299024
1342261706379112451,negative,1.432878632654949e-10
1342261706962165765,negative,0.23814515285141585
1342261707058651136,negative,0.01541416125880982
1342261708274937858,positive,0.7909245406637737
1342261709856268289,negative,0.011786194477658227
1342261711794003971,negative,0.0012610069444334599
1342261713266237440,negative,0.001236238506525428
1342261714293821442,negative,0.0005094877677718196
1342261716101574656,negative,0.2131183422557218
1342261718454587393,negative,0.001909032705806478
1342261720052625410,negative,0.2812124665127172
1342261720086061056,negative,0.0031071229455055496
1342261721403027456,negative,1.6734281074416479e-10
1342261725383569415,negative,1.3015357192283722e-06
1342261726541205504,negative,0.00741627213827822
1342261727082242048,negative,0.0005094877677718196
1342261727581364226,negative,5.547586483555178e-06
1342261727841415171,negative,0.008852844408794538
1342261728571232256,negative,0.319902915068
1342261729389142023,negative,0.002745298738113449
1342261729754050563,negative,5.615886803004862e-06
1342261729829466114,negative,0.000184024872608735
1342261729900654592,negative,0.09731641027721802
1342261732551634945,negative,0.16900309755371948
1342261733449199616,negative,5.547586483555178e-06
1342261736964038658,negative,0.1184013620515493
1342261738952077312,negative,0.0031071229455055496
1342261746501824513,negative,0.08376201790017727
1342261749295280128,negative,3.070045768571558e-06
1342261750385823746,neutral,0.546021013524705
1342261752885620737,negative,0.0008193219538303648
1342261753015623681,negative,0.011023251759133214
1342261754093592591,neutral,0.39860016763037853
1342261755725160452,negative,0.007046305154202699
1342261762859675650,neutral,0.47056419380391146
1342261765128806401,negative,3.6065971940198584e-06
1342261768886874118,negative,0.032348844086251556
1342261775660507136,negative,0.0016984442996489809
1342261777636069377,negative,0.0016984442996489809
1342261778617688065,negative,0.25430911457786876
1342261778886103041,neutral,0.5199332523207303
1342261780987457536,neutral,0.39860016763037853
1342261784997228544,negative,5.621550091534753e-07
1342261787195019270,neutral,0.38706865715976324
1342261787702554632,negative,0.10855895138825582
1342261788369424390,negative,0.00030250149425897603
1342261791838121985,neutral,0.4939220562832169
1342261795659128832,neutral,0.6149732941538079
1342261797840150528,negative,0.01616455903568405
1342261798439948288,negative,0.00044286331715456817
1342261806488838146,negative,0.0007291274977238481
1342261807252176899,negative,0.007914252117889136
1342261807923286019,negative,0.07939234451305918
1342261810011975680,negative,1.5456585250598583e-08
1342261812574740480,negative,0.00016966167352890164
1342261814403338241,negative,0.02329323645236039
1342261815875674116,negative,0.04340021281786559
1342261816387399681,negative,0.016427604373005056
1342261823299575810,negative,0.032348844086251556
1342261826835374084,negative,0.06471988713542852
1342261827305148416,negative,0.014513242905066906
1342261829549117440,negative,0.21921412548362115
1342261835228192780,negative,0.04275548090686738
1342261836129951744,negative,0.007217439023533475
1342261836293533697,negative,0.004633663623305744
1342261839246356480,negative,0.023492668509930436
1342261841733578753,negative,0.0021116303739656416
1342261846032703496,positive,0.7909245406637737
1342261850470277127,negative,0.23814515285141585
1342261851418226692,negative,0.004032478646589433
1342261855138545667,negative,0.0007337436326411006
1342261855180345344,negative,0.07533783325885997
1342261858913366024,positive,0.7832502730756096
1342261861853655042,negative,0.23814515285141585
1342261863770427398,negative,0.02834176702478774
1342261863879479304,negative,0.013693389405275775
1342261867012648960,negative,0.14143821175705878
1342261868027465728,negative,0.1737019189236058
1342261870305144833,negative,0.008323755228800436
1342261870514876416,negative,0.15487220309395128
1342261870573588481,negative,8.720650695592244e-11
1342261870854602753,negative,0.0017840849904278149
1342261871555063808,negative,0.0004760529356788509
1342261872410718209,neutral,0.5052510391936574
1342261873249574913,negative,0.017840404156025128
1342261873878642689,negative,2.0244110875165474e-08
1342261874348453888,positive,0.9799308377482362
1342261875111841792,positive,0.998326972220833
1342261875296362496,negative,1.3296958092343718e-05
1342261876214947840,neutral,0.3483352981657383
1342261876584026113,negative,0.0009412237136405294
1342261876684681216,negative,3.142822654108156e-05
1342261877007646720,negative,0.016528561363463288
1342261877397708802,negative,0.00028871294434574526
1342261878114971648,negative,0.2812124665127172
1342261879268376576,negative,0.02808384797899753
1342261880367280133,negative,0.0147501555232423
1342261880421834762,negative,0.02026893935303603
1342261881680121862,negative,2.2450649872116583e-05
1342261881789100032,negative,0.0007037490543945889
1342261882380558337,negative,0.09196334438766766
1342261882904838145,positive,0.794860700043025
1342261883013894148,negative,0.13684369561040657
1342261883357814790,negative,0.002035526777964447
1342261883529789442,negative,0.002944122836935153
1342261883588513794,positive,0.8464618206459138
1342261884360253440,negative,0.20875087806060377
1342261884897136640,negative,5.80596810510623e-06
1342261885287223297,negative,0.00012129361241019164
1342261886046371842,negative,0.06349256163192335
1342261887648587776,negative,0.043866812448677475
1342261890056118274,negative,0.00891375960757663
1342261891574411266,negative,0.12248249736691665
1342261896209170433,negative,0.09107462386660947
1342261898490900480,negative,0.010796189954105275
1342261898834829315,negative,0.0005094877677718196
1342261899161985026,negative,0.10335774295999144
1342261899291807744,negative,0.3110176710805688
1342261899728138240,negative,0.022232862883677557
1342261901640798213,neutral,0.4975211914288348
1342261902072819716,negative,0.0032405575473898563
1342261902232190989,negative,0.05958158250904596
1342261902563565569,negative,0.0010427729243528215
1342261905428242432,negative,0.003211445427706195
1342261906128711681,negative,0.12248249736691665
1342261906581630979,negative,0.1184013620515493
1342261906938146816,negative,0.23814515285141585
1342261908573982721,negative,0.01452380741486432
1342261908599164928,negative,5.319966116843651e-05
1342261909236670464,negative,0.10377152917977903
1342261910796951553,negative,0.23379857922902508
1342261911501598720,negative,1.2993312627035544e-06
1342261911979782147,negative,0.20074441902976667
1342261912185221123,negative,8.515087045096324e-06
1342261912751513600,negative,0.007500029061478471
1342261912910917643,negative,0.02312814423556466
1342261914135638018,negative,0.001118216153635706
1342261915360219136,negative,0.04329948809938995
1342261915733483520,negative,0.030069793587445628
1342261916887101441,negative,0.16607610750087148
1342261917155352578,negative,0.012757410130671455
1342261917558177794,negative,0.014404312224461119
1342261917709180928,negative,0.0005560358031379712
1342261917864390656,negative,0.011459742848165647
1342261918283788288,negative,0.03049852291643349
1342261918350802944,negative,0.0069804418561565775
1342261919055564801,negative,3.792379489848801e-05
1342261919483355138,neutral,0.46127768308170247
1342261920250949636,negative,0.25063992535227536
1342261922071240704,negative,9.652729978703193e-05
1342261922671042566,negative,1.2410623644815513e-06
1342261929654558720,negative,1.2898974625694847e-07
1342261932787691520,negative,0.00017582172268412865
1342261935262355457,negative,5.690998563317094e-05
1342261941381844993,negative,0.0031071229455055496
1342261942522687490,negative,0.007217439023533475
1342261945269948416,negative,0.0771426210708029
1342261946591145987,negative,0.29515270815182904
1342261947056545792,positive,0.6737801889395522
1342261949099364353,neutral,0.3593672214136314
1342261949107761152,positive,0.9685885755785858
1342261949774626816,negative,0.0002535454262846121
1342261951724998661,positive,0.8631477334584484
1342261954921058309,negative,0.09111309836625227
1342261958297481217,negative,0.09646578667338862
1342261960356851712,negative,0.11403345450438858
1342261960818237441,negative,0.04431263158694897
1342261961191518215,negative,0.3029968537174699
1342261967210356740,negative,0.07360510351139045
1342261970490318856,negative,0.16830952659708648
1342261972528726016,negative,0.007500029061478471
1342261983593246720,negative,4.1970248861352044e-05
1342261990371287041,negative,0.23814515285141585
1342261992187437056,negative,0.0016984442996489809
1342261992451670021,neutral,0.46127768308170247
1342261993659461632,positive,0.6667305565791751
1342261994351697926,negative,0.0007780834377293872
1342261998495666176,negative,0.019516927481713298
1342262001674948608,negative,0.0021116303739656416
1342262001733689344,positive,0.7909245406637737
1342262004334141447,negative,0.002855514979868941
1342262009530900483,neutral,0.4249705120302741
1342262012378755074,negative,0.027289744188104013
1342262012559175685,negative,0.007629020100980174
1342262015025360904,neutral,0.5743452650545291
1342262015671357440,neutral,0.49789225920557484
1342262017500073985,negative,0.07192298659144568
1342262018980589568,neutral,0.5098436067637715
1342262025343426564,positive,0.7158034134183016
1342262028292022272,negative,0.05926148218316638
1342262029097328641,negative,0.019639541719850006
1342262029265100803,negative,0.10014390706677825
1342262029596372993,negative,0.0020110122635098224
1342262031911510016,negative,0.1329591462625382
1342262032075255808,negative,0.19475404833615956
1342262032414990338,negative,0.0022898261716901578
1342262034264690693,negative,0.07192298659144568
1342262035485220867,positive,0.9403480370522809
1342262035699130370,negative,2.9516667790821337e-06
1342262035736834048,positive,0.7909245406637737
1342262036311363585,negative,0.011987549196650705
1342262036399415296,negative,0.011987549196650705
1342262037699833856,negative,0.2597217754277873
1342262041470500866,negative,0.27198967880577485
1342262045916467201,neutral,0.4670100671583925
1342262046751121408,negative,0.009087159101972653
1342262047199924227,negative,0.009655167226292012
1342262053298438146,negative,0.05106637002907062
1342262056473534465,negative,0.0002535454262846121
1342262058667057158,negative,0.14870227111570603
1342262059141103616,negative,0.23814515285141585
1342262062282629123,positive,0.7909245406637737
1342262062357966848,negative,1.2073585195929364e-05
1342262063834529792,negative,0.03193226813398005
1342262065063485444,negative,0.1184013620515493
1342262066296606722,negative,0.08813614338966627
1342262071401082880,negative,0.0022649803767938767
1342262072395108353,negative,0.07012912088702614
1342262073208827904,negative,0.00017582172268412865
1342262074068635676,negative,0.010821739943380863
1342262078657191936,negative,0.012153536572081588
1342262078837465088,negative,0.012022374955527588
1342262080586608640,negative,0.028618629179294544
1342262084067799047,negative,0.21660726471082387
1342262091491799040,negative,0.10014390706677825
1342262091894423554,negative,0.00871492341546571
1342262092095696896,negative,0.16280582794327256
1342262092955590656,negative,0.008657110224455002
1342262094721392652,negative,0.004700554822791812
1342262095035977732,negative,6.4755898249884915e-12
1342262095702851584,neutral,0.5484668325518111
1342262095728017411,negative,0.0016387731188780338
1342262097212829696,negative,0.01455003850376664
1342262098047496196,negative,5.547586483555178e-06
1342262098320044033,negative,0.002745298738113449
1342262099783913480,negative,0.0005396934869937535
1342262100736024577,neutral,0.4809982869054564
1342262105047584769,neutral,0.38580783336015456
1342262106452717570,negative,0.14143821175705878
1342262106733871104,neutral,0.4428158579128249
1342262109242093569,negative,0.2025368906962954
1342262111217602560,negative,4.301094882263365e-10
1342262112865955845,negative,0.3219836550200066
1342262120621211648,neutral,0.39860016763037853
1342262121502023680,negative,1.7161990852840349e-07
1342262124345778179,negative,0.0016984442996489809
1342262124492582912,negative,0.0011720017888834542
1342262130020659203,negative,0.0016984442996489809
1342262131610292225,negative,0.15252383937939096
1342262132973383684,neutral,0.49789225920557484
1342262135431323649,negative,0.011708329955110584
1342262137411035136,negative,0.00012129361241019164
1342262138530902021,positive,0.7909245406637737
1342262141806669824,negative,0.2864942151867702
1342262141986992128,negative,0.016464699376844857
1342262142062485504,negative,0.12182690509467343
1342262146349019139,negative,0.18258183392746283
1342262152581808128,neutral,0.49789225920557484
1342262153026424832,negative,0.012153536572081588
1342262154616057856,negative,0.08948498661781212
1342262156943876105,negative,0.009087159101972653
1342262157669523456,negative,0.0067439644490239125
1342262164141309953,negative,0.016427604373005056
1342262169023475713,negative,0.10014390706677825
1342262171225485314,negative,0.1184013620515493
1342262173461049346,negative,4.134175578739695e-05
1342262180201246720,negative,0.30146915677477726
1342262184701661185,neutral,0.4705026239168581
1342262188736700417,neutral,0.33570699886972516
1342262190728994817,negative,0.026241123901954468
1342262194080260096,negative,0.03729193216477174
1342262194529034242,neutral,0.3480372688825403
1342262194944225285,negative,0.0009135723002259712
1342262195246272514,negative,0.15252383937939096
1342262202909290497,neutral,0.6261042665520871
1342262204125638657,negative,0.146828531807215
1342262204901502977,negative,6.556125086403295e-05
1342262212224819200,negative,0.009087159101972653
1342262213147549698,negative,2.4775161322322556e-10
1342262213759918081,negative,0.009655167226292012
1342262213902532611,neutral,0.3945772983179706
1342262220567306242,positive,0.998326972220833
1342262221536157697,negative,0.0016984442996489809
1342262225143214080,negative,0.0948908403365332
1342262225453666305,negative,0.004821001146662649
1342262226082795520,negative,1.227544726550208e-05
1342262226183483394,negative,0.054327400666022506
1342262226728706048,negative,0.012153536572081588
1342262227227844613,negative,0.10014390706677825
1342262233934528519,negative,0.05232478592194974
1342262236316921860,negative,0.01616455903568405
1342262236773900288,negative,0.030402257805422564
1342262238405652489,negative,0.007046305154202699
1342262240016289792,negative,0.2556614243504374
1342262241467506695,negative,0.07742581363038194
1342262244462256128,negative,5.883751440667323e-07
1342262250166497280,negative,0.02329323645236039
1342262250363613185,negative,0.053635390797458604
1342262250510442497,negative,0.0031071229455055496
1342262252188143616,negative,0.0001123780949996407
1342262252997640192,negative,0.138143021368976
1342262259234598912,negative,0.016714336386832434
1342262268386566144,positive,0.7909245406637737
1342262277714505729,neutral,0.49789225920557484
1342262279929262081,negative,0.005748848166759906
1342262279941795841,negative,9.292009567173275e-06
1342262286833102851,neutral,0.3556673342434199
1342262287978147841,positive,0.6801322476447066
1342262298417750021,negative,0.005194596826563236
1342262298543599620,negative,0.00017582172268412865
1342262300695121921,negative,0.009087159101972653
1342262305011216384,negative,0.009087159101972653
1342262307171291136,negative,0.00016036712028058784
1342262309134213122,negative,0.04431263158694897
1342262314385498117,negative,0.0016984442996489809
1342262317275295755,neutral,0.3837149871888488
1342262321037467653,negative,0.03913226443117123
1342262321771589635,neutral,0.49789225920557484
1342262324711841792,negative,0.0006779015997819055
1342262325819150339,negative,6.977569543269459e-10
1342262326926467072,negative,0.23814515285141585
1342262330453876738,negative,2.6821458269346094e-08
1342262331569483776,negative,0.20143473704856216
1342262334430056448,negative,1.657818827310822e-07
1342262339765202945,neutral,0.446393028138732
1342262341765914626,negative,2.6367898573905378e-05
1342262342055301121,negative,0.02341292172742968
1342262342403416065,negative,0.0029654176370542047
1342262343611330562,negative,0.03712728393890351
1342262344584466432,negative,0.009655167226292012
1342262346211872770,negative,0.3055950302665505
1342262346937466882,neutral,0.3434564743995906
1342262349017845760,negative,0.0003906959025115867
1342262349399547905,negative,0.05490323687258578
1342262355821027346,negative,0.02049828370112842
1342262359432327169,negative,0.0010720904705254694
1342262362246684676,negative,0.004740826658642988
1342262362393497601,negative,0.028554556013465585
1342262363253309440,neutral,0.39860016763037853
1342262364650024960,negative,3.240242071956066e-05
1342262364847091714,negative,5.000458527407737e-07
1342262375446159360,neutral,0.5237809340851831
1342262379715948545,negative,0.015417340704765848
1342262379875164160,negative,0.016464699376844857
1342262385105625095,negative,1.7926194673655466e-13
1342262385797693441,positive,0.8224126086718301
1342262388129726464,positive,0.7512095065712907
1342262388863725571,negative,0.014109234773262766
1342262392357605379,negative,0.1184013620515493
1342262393473261580,positive,0.7909245406637737
1342262393913663490,negative,0.01616455903568405
1342262401576673280,negative,0.007046305154202699
1342262402277113858,negative,0.19475404833615956
1342262402566512646,negative,0.24343562975877567
1342262404344905729,negative,0.0067439644490239125
1342262411345195008,negative,0.028618629179294544
1342262413324939271,neutral,0.39860016763037853
1342262417850576896,negative,0.0014110184120046806
1342262419096272897,negative,0.28203837196276366
1342262420467822594,positive,0.6845094244320625
1342262423621935110,negative,4.1970248861352044e-05
1342262424234315776,positive,0.7596675212653541
1342262424326590464,negative,0.00019891105645744649
1342262424418856961,negative,0.11935951334984464
1342262424485945346,negative,0.0069571137892871044
1342262424808939520,negative,1.3915563863152977e-05
1342262425215770627,negative,0.001276814593744692
1342262425505181698,negative,0.06106744169493714
1342262427971411968,negative,5.547586483555178e-06
1342262428436987906,negative,0.26076950668447035
1342262429577842688,neutral,0.49789225920557484
1342262429804343296,negative,0.08573051529844071
1342262430945206272,neutral,0.39015509066170617
1342262431842766849,negative,0.0010547589455990039
1342262432304144384,positive,0.6799091817444827
1342262432924897280,negative,0.016427604373005056
1342262432937484294,neutral,0.3633089145812487
1342262434237612034,negative,0.0002392550969991425
1342262436217430024,negative,2.4350966899399158e-05
1342262437299560449,negative,0.0011029630950383012
1342262437798670337,negative,0.03306155659137476
1342262437949677569,negative,0.0948908403365332
1342262438608183306,negative,0.003741569533993382
1342262440655007745,negative,0.15252383937939096
1342262441070239746,negative,0.22713824127617877
1342262441904844802,negative,0.010821739943380863
1342262442404024320,negative,7.630420534845176e-07
1342262442655707136,negative,0.023421408021618483
1342262442701807625,neutral,0.46127768308170247
1342262443637149697,positive,0.8320452469972137
1342262443989491713,negative,0.2703740357786402
1342262443993608196,negative,0.029189085149743995
1342262447885983746,positive,0.7909245406637737
1342262449035239424,negative,1.7719355383426894e-05
1342262452860416000,negative,0.016714336386832434
1342262453942554625,negative,0.0012445089043806013
1342262456815644673,negative,0.0007461440021374881
1342262458854100993,positive,0.7909245406637737
1342262461320331265,negative,0.051344832906092125
1342262464638021632,negative,2.984530703729792e-17
1342262469692108801,negative,0.1184013620515493
1342262469746708480,negative,0.054327400666022506
1342262472993099782,negative,3.33130505262159e-05
1342262474758889472,positive,0.7909245406637737
1342262476310786050,negative,0.10014390706677825
1342262477497769991,negative,0.11924197513035559
1342262478470848512,negative,0.09330070914684761
1342262478479257601,negative,0.1184013620515493
1342262478810525703,negative,0.0015927116350254991
1342262480261832706,negative,0.0020854768572639874
1342262481654325248,negative,0.03612414501470536
1342262482015051776,neutral,0.5533970533999424
1342262483818463233,negative,3.2470175346553522e-06
1342262484049285121,negative,2.6367898573905378e-05
1342262485357883399,negative,0.00013260270405219347
1342262485383049220,negative,6.817703685575946e-05
1342262485710200847,negative,0.005370575131904248
1342262486528098306,neutral,0.49789225920557484
1342262491661791233,negative,0.00038433689013912857
1342262492970496002,neutral,0.46127768308170247
1342262494199492609,negative,0.030402257805422564
1342262496040792069,negative,0.05275705847992347
1342262504337141761,negative,0.002336866571629543
1342262505024970755,negative,0.1620573845719455
1342262505096306689,negative,0.23814515285141585
1342262506958553088,negative,7.000968158929942e-05
1342262507482841088,negative,0.07112365351970533
1342262510167220225,negative,0.12882887970534493
1342262511396155392,negative,0.15859608365798672
1342262515644977154,negative,0.006862474584985275
1342262515942699008,negative,2.8993851808563564e-09
1342262517511417857,negative,0.24138994344199852
1342262518610358273,negative,0.0003290075508948937
1342262518656495617,negative,2.113684392455029e-10
1342262519793123329,negative,0.10014390706677825
1342262520359346181,negative,0.00012759802581719117
1342262525384155136,negative,0.00014473132045685001
1342262527141564416,negative,1.6839131044874992e-10
1342262528441606145,negative,0.1184013620515493
1342262529666543616,negative,0.0016169467859287647
1342262529742041088,neutral,0.46127768308170247
1342262529746219011,negative,1.057653611515565e-10
1342262533478969346,positive,0.8771322480254733
1342262538596196355,negative,0.009264039343730587
1342262539040776192,negative,0.11924197513035559
1342262539581714433,negative,0.011987549196650705
1342262541129539584,neutral,0.5496678701602578
1342262542459154434,negative,0.00031829527068394364
1342262543226691586,neutral,0.5665782555858598
1342262543709065216,neutral,0.54070019423184
1342262543973306371,negative,0.01962434912831349
1342262544363384834,negative,6.583638792009155e-05
1342262544707293184,negative,0.0003518928787842681
1342262546213068802,negative,0.004944364291304992
1342262549824335875,neutral,0.49789225920557484
1342262551992791041,positive,0.7909245406637737
1342262555818008592,positive,0.7032347857410047
1342262556132577280,negative,0.00023286488855223317
1342262556338040834,negative,0.23814515285141585
1342262558858891264,negative,0.0104506916212363
1342262559831834625,negative,0.07300774077707532
1342262562809925638,negative,0.005194596826563236
1342262564005302274,negative,0.03193226813398005
1342262564022050818,negative,0.009087159101972653
1342262566031138817,negative,4.7183974467737944e-07
1342262568719708173,negative,0.23547448214396235
1342262571315978241,negative,0.053635390797458604
1342262578815393792,negative,0.00023286488855223317
1342262580027355137,neutral,0.39474540448974094
1342262582577655825,negative,0.000239193657099081
1342262583311654915,neutral,0.558816688990633
1342262584028897281,negative,6.817703685575946e-05
1342262592065167370,negative,0.1184013620515493
1342262594002948097,negative,0.016427604373005056
1342262594841812992,negative,0.20697615489268584
1342262595135397889,negative,0.07192298659144568
1342262597962371073,negative,0.013016721627495122
1342262598742515713,negative,0.009087159101972653
1342262599870722048,negative,0.22751363286843826
1342262599874998272,neutral,0.3473101901087073
1342262601015816194,negative,0.09565422527740848
1342262602978754560,negative,0.06904718947414813
1342262603104583681,negative,1.6082051077464364e-07
1342262603515645953,neutral,0.5136446707795853
1342262605264506880,negative,0.008220169303942182
1342262605319196673,negative,0.00996504114629592
1342262607047258112,negative,0.0004760529356788509
1342262607055564806,negative,4.870468905639648e-05
1342262607068213249,negative,0.002745298738113449
1342262608607518723,negative,0.08626969441184498
1342262609412812820,neutral,0.6537474969498027
1342262611065376773,negative,0.18250188825650213
1342262612852158466,negative,0.10700295468860774
1342262613061857280,negative,0.016714336386832434
1342262614156578817,negative,0.27538537887707226
1342262615469416457,negative,0.18526579455900324
1342262615708463104,negative,0.02464925260218846
1342262616836734978,negative,0.03690247241525548
1342262616840925184,negative,1.138288497512672e-06
1342262619466567685,negative,8.210219129594314e-09
1342262620108283904,negative,2.857834384546695e-11
1342262620393336834,negative,6.817703685575946e-05
1342262622977142788,negative,0.18898952086545473
1342262623136571392,negative,0.004351515152039894
1342262624566857732,positive,0.6678950963729149
1342262626382995457,negative,0.009087159101972653
1342262626613604356,negative,0.00726558369885129
1342262627972603911,negative,6.817703685575946e-05
1342262627981008898,negative,1.9683410158506417e-05
1342262628169756672,negative,0.011052001419607032
1342262628639498243,negative,8.515087045096324e-06
1342262628928937984,negative,0.0002744946619647276
1342262629012799488,negative,0.20583534390817787
1342262631089008640,negative,0.16607610750087148
1342262634301820930,negative,0.08934531396527323
1342262634553503744,negative,2.470663620906449e-06
1342262634935156736,negative,1.7161990852840349e-07
1342262635006324736,negative,5.65044118659566e-10
1342262635794984961,negative,6.366795536956479e-07
1342262636369633280,negative,3.33130505262159e-05
1342262636562546690,positive,0.9078414350505055
1342262637007155201,positive,0.9060976821560353
1342262638340939778,negative,0.23814515285141585
1342262638588395520,negative,8.515087045096324e-06
1342262639087517704,negative,0.07294918075471754
1342262640853266445,negative,0.19650443293174294
1342262641948033025,negative,0.007597721633767356
1342262647509684227,negative,0.0013809546932226973
1342262648285638659,negative,0.014849538568656992
1342262650949005314,negative,0.0021116303739656416
1342262651817242630,neutral,0.33727600713706035
1342262652102434818,negative,0.04119996521328436
1342262652328931328,negative,0.004300878492222307
1342262654749052929,neutral,0.49789225920557484
1342262655449497602,negative,0.003824857039904905
1342262657576009734,neutral,0.6149732941538079
1342262659123703814,negative,0.0002755830172568149
1342262659358412800,negative,8.515087045096324e-06
1342262659526381569,negative,3.148000462920341e-07
1342262659803189250,negative,0.002745298738113449
1342262660931280896,negative,2.8121648602853244e-05
1342262663708078083,negative,0.007217439023533475
1342262664291102725,negative,8.36453172255453e-07
1342262664341368832,negative,0.0009412237136405294
1342262664542572545,negative,0.011987549196650705
1342262665960419329,negative,0.025529448907880364
1342262666203697152,negative,0.009087159101972653
1342262668107730944,negative,0.10700295468860774
1342262670561595394,negative,0.013664211310064778
1342262670876172289,neutral,0.49789225920557484
1342262671291392001,negative,0.002745298738113449
1342262675066269699,negative,0.07060751460221949
1342262676324495360,negative,3.091885437048403e-08
1342262676794318856,negative,0.25430911457786876
1342262678438424582,negative,5.139007897928455e-05
1342262686231498752,negative,0.23814515285141585
1342262689444335616,negative,6.817703685575946e-05
1342262689519775744,negative,0.0016387731188780338
1342262691319205889,positive,0.9661976347023806
1342262694930493440,positive,0.7112900340604144
1342262695870013454,negative,0.1184013620515493
1342262696847273985,neutral,0.39860016763037853
1342262699850231808,negative,6.817703685575946e-05
1342262702132121611,neutral,0.6149732941538079
1342262705235832834,negative,8.336757754363993e-09
1342262709329428480,negative,0.09582311270180088
1342262709920915458,negative,3.788037308032746e-05
1342262710197620736,negative,0.009655167226292012
1342262711120523271,positive,0.7079445864695955
1342262715897835521,negative,0.03712728393890351
1342262716728283136,negative,0.06855242366583741
1342262725280477185,negative,0.238428800670322
1342262727088156675,negative,0.0009412237136405294
1342262730351325184,negative,0.0007796404456745095
1342262731148161025,negative,8.515087045096324e-06
1342262734948347904,negative,0.1184013620515493
1342262736164683779,neutral,0.42558436154981694
1342262737100009474,negative,0.04320075468239577
1342262739297828864,negative,0.0002708300943984461
1342262739557883905,negative,0.1184013620515493
1342262740128313355,negative,0.17160900439671925
1342262740338020357,negative,0.09450048413452618
1342262741499863040,negative,0.00047755388136385476
1342262741793386497,negative,0.0016802865330210301
1342262744796590081,negative,0.08220677341590403
1342262744901447684,positive,0.998838650472078
1342262746298146816,negative,0.005026369834513546
1342262748378488833,negative,0.00016036712028058784
1342262750362406912,negative,0.003739184732018859
1342262757656309760,negative,0.06501080959008704
1342262758310555649,negative,0.001400110669068977
1342262764795002881,negative,0.021512801395011587
1342262765340270592,negative,0.0010538655367577298
1342262765554184193,negative,0.2777590021076892
1342262766019739649,negative,0.014513242905066906
1342262766221074433,neutral,0.37874993579954885
1342262768121098240,neutral,0.4232078962494373
1342262772780982276,negative,5.000458527407737e-07
1342262773451870208,negative,0.08402957299509471
1342262776501317634,negative,0.005477786626419854
1342262777205972992,neutral,0.39860016763037853
1342262778049003520,negative,0.0006418759284820962
1342262778707517440,positive,0.7301443852371361
1342262780217458689,negative,0.31297259541654526
1342262780305551365,negative,0.007046305154202699
1342262780913717248,negative,0.23814515285141585
1342262783988150272,negative,2.8993851808563564e-09
1342262788371189760,negative,0.014510201452747173
1342262788400558080,negative,3.6209288870751473e-06
1342262790824865793,negative,0.15207549175000143
1342262791336583172,neutral,0.40112326862808023
1342262791944728577,negative,0.00891375960757663
1342262791995064321,negative,0.018914028714235056
1342262794805276672,neutral,0.5928074480990435
1342262798559154178,negative,0.00034317900445092757
1342262800073289730,negative,0.0016517701137548416
1342262800794734592,positive,0.7909245406637737
1342262805051953152,negative,0.09640323611645361
1342262805421027345,negative,0.06368660314900522
1342262805542674434,positive,0.7909245406637737
1342262805664321536,negative,0.0011226753530751508
1342262806033428483,negative,0.07237131246492694
1342262806125678594,negative,0.0069571137892871044
1342262806750638081,negative,0.11924197513035559
1342262807375429635,negative,0.002745298738113449
1342262808700989441,negative,0.00025573657514903675
1342262808919093250,negative,0.11456597163922502
1342262808973631503,negative,0.029561322604773285
1342262809850245120,neutral,0.46127768308170247
1342262811037151232,neutral,0.39220849115704093
1342262813172125696,negative,0.15628274023114563
1342262813990002689,negative,0.001656263727377135
1342262814380068870,negative,0.0923536113254733
1342262814493306880,negative,0.15372382877574875
1342262814556250117,negative,0.21921412548362115
1342262814824673280,positive,0.9994671346672742
1342262816359772160,negative,0.10700295468860774
1342262816774840321,negative,0.3126951716611494
1342262817378893824,positive,0.9609813473041537
1342262817961992193,negative,8.203475650051812e-07
1342262818796662784,negative,4.1950353653352944e-12
1342262819287412736,negative,0.10353202383567305
1342262819664908290,negative,0.1184013620515493
1342262820721684480,negative,0.08047171519185942
1342262821304872960,negative,0.008002740267951025
1342262821631918080,negative,0.00363658652977335
1342262822571569152,positive,0.7909245406637737
1342262825423613952,negative,0.3029968537174699
1342262826023473156,negative,1.6796033223177548e-06
1342262826564464641,negative,0.25430911457786876
1342262827701075968,negative,0.14757062650868502
1342262828246458369,negative,0.0007692299354228743
1342262829081112576,negative,0.008002740267951025
1342262829366169600,negative,0.14757062650868502
1342262830318424064,negative,1.7161990852840349e-07
1342262831010365441,negative,0.14757062650868502
1342262832327487504,negative,0.00741627213827822
1342262832646287361,neutral,0.43476015795637407
1342262833912930305,negative,0.2164295994262103
1342262835477409810,negative,0.007585219796768389
1342262837859635200,positive,0.8488784103859388
1342262838128209923,negative,0.0016984442996489809
1342262838778327044,negative,1.5163595184434074e-09
1342262842012147712,negative,0.059151179956913824
1342262843249405954,negative,0.27538537887707226
1342262846969798656,negative,0.17799537651540087
1342262847351500800,negative,7.000968158929942e-05
1342262847389237249,negative,0.0013127939172170439
1342262851042467844,negative,0.002745298738113449
1342262853387100161,negative,0.06356053740885668
1342262853428899840,negative,1.2074680931734382e-10
1342262854569897987,negative,0.004985606750573714
1342262855219904512,negative,0.010821739943380863
1342262855807152132,negative,0.2587641678951258
1342262855895281665,negative,0.004740826658642988
1342262856100835329,negative,0.14208801984947073
1342262857233215488,negative,0.00016036712028058784
1342262859879895040,negative,2.5134753263753156e-09
1342262860391575555,negative,0.001567164304824127
1342262861964435459,negative,0.0016984442996489809
1342262863772135424,negative,4.3408128273352086e-05
1342262864153878529,negative,0.05240634227902849
1342262871686852613,negative,0.0007337436326411006
1342262874920648704,neutral,0.46127768308170247
1342262875218448386,negative,0.0021116303739656416
1342262876090888193,negative,0.007046305154202699
1342262876229263365,negative,1.227544726550208e-05
1342262877382696962,negative,0.02049828370112842
1342262879962206210,negative,0.00044286331715456817
1342262881623154690,negative,0.1184013620515493
1342262883166646282,negative,3.33130505262159e-05
1342262885188251648,negative,8.082523207962627e-07
1342262889202245637,negative,0.02495666274215129
1342262890485657601,neutral,0.5240931962191481
1342262893962792970,neutral,0.49789225920557484
1342262894419959815,negative,0.24115230947174546
1342262901156032512,negative,0.002745298738113449
1342262905174175744,negative,0.0011928394404625204
1342262907799789575,negative,5.883751440667323e-07
1342262908978397186,negative,0.00022949559299155462
1342262911939600391,neutral,0.49789225920557484
1342262913990594567,negative,0.00025067928717669704
1342262915555061760,negative,0.0004559912402852861
1342262923381510144,neutral,0.49789225920557484
1342262924996444160,negative,0.007046305154202699
1342262927261233153,negative,0.1184013620515493
1342262937663250434,negative,0.11821593277136021
1342262943904358401,negative,0.009952348473508307
1342262947045892100,positive,0.7909245406637737
1342262949562507264,neutral,0.39860016763037853
1342262952540459008,negative,0.004067537367480952
1342262954612416512,neutral,0.5743452650545291
1342262954759254016,negative,0.07060751460221949
1342262956294348800,negative,0.02566556316318015
1342262957217083393,negative,0.21145165968409846
1342262960035663874,negative,0.009087159101972653
1342262967145013248,positive,0.9403995846645067
1342262972345946114,positive,0.7909245406637737
1342262973625151489,neutral,0.46127768308170247
1342262974644424704,negative,0.043523203170125396
1342262980080246784,positive,0.8134659222165239
1342262981288062977,negative,0.012487335807890914
1342262981808291841,negative,0.0005123411722440487
1342262981955088386,negative,7.8964593116111e-10
1342262984253579265,negative,0.01464581793876298
1342262984270356480,negative,0.02049828370112842
1342262984530341888,negative,2.8121648602853244e-05
1342262984672874496,negative,8.515087045096324e-06
1342262985130188801,negative,0.00017582172268412865
1342262985553637376,negative,5.909114615371692e-07
1342262986979721216,negative,0.003881703821199519
1342262989458722818,negative,0.02403975769404241
1342262990792482816,negative,0.12248249736691665
1342262990951874560,negative,0.003972048538768667
1342262991618789377,neutral,0.33058445125479535
1342262992470241286,neutral,0.49789225920557484
1342262993564954624,neutral,0.5133308385176031
1342262995062292485,neutral,0.39860016763037853
1342262995485941772,negative,1.3296958092343718e-05
1342262995708162053,negative,0.010129842545315598
1342262998732316674,negative,0.015155107296918732
1342262999478886401,positive,0.699848364600347
1342263004356898816,negative,0.21996714497486078
1342263007292911619,negative,0.04231491442715278
1342263008706367496,negative,0.003981288107827078
1342263008828002304,negative,7.30774934935384e-05
1342263009041907712,negative,0.04270926901890961
1342263010707058692,negative,8.515087045096324e-06
1342263012082782209,negative,0.06356053740885668
1342263013064269836,negative,0.13426366226605765
1342263013139771394,negative,0.03389676136479784
1342263015710859265,negative,1.6734281074416479e-10
1342263016067366912,negative,0.010821739943380863
1342263019791912962,negative,1.903186435004508e-09
1342263019829649411,neutral,0.4525299360032805
1342263020047773696,negative,7.870233351568645e-06
1342263020626440192,negative,9.797336667711284e-15
1342263022493061121,negative,0.07237131246492694
1342263023038300160,negative,0.0002518908227770471
1342263023168352256,negative,0.07179343447792545
1342263024854446080,neutral,0.5052510391936574
1342263026448097282,negative,0.00508283694788516
1342263027383611394,positive,0.8488784103859388
1342263028901937160,negative,0.005928838462996148
1342263029954703360,neutral,0.49789225920557484
1342263030806163457,negative,0.17313143635514616
1342263031468871680,negative,1.8486379676560494e-06
1342263033331126272,negative,0.21047953907773329
1342263034027401223,negative,0.23814515285141585
1342263034216116226,negative,0.005052222256466259
1342263036925648897,negative,0.009087159101972653
1342263037747625985,negative,0.012190161591305006
1342263039840702470,negative,0.026579459700000255
1342263039865839617,negative,2.5640705549514986e-09
1342263041262551040,negative,0.007217439023533475
1342263041912659968,negative,0.2725310347049262
1342263042755751948,negative,8.082523207962627e-07
1342263044055965696,negative,0.016289148262025106
1342263044588630022,positive,0.7909245406637737
1342263045029060608,negative,0.03939374204316326
1342263045565919232,negative,0.013295080805721001
1342263052608143360,negative,8.231684470758975e-06
1342263058148831232,positive,0.794860700043025
1342263058320732160,neutral,0.4099703166915427
1342263062359900167,negative,0.1184013620515493
1342263064314441728,negative,0.005828565350070747
1342263064540962816,negative,0.02536163819334003
1342263068458442752,negative,1.3536571802089048e-08
1342263068601049093,negative,0.2611621137273265
1342263070140325888,positive,0.9946277913274453
1342263074238197760,negative,0.0005419741234642483
1342263074514997249,negative,0.0015888337245665942
1342263075571953676,negative,8.999914913363231e-05
1342263076620480512,negative,0.2131183422557218
1342263077207744512,positive,0.7909245406637737
1342263077966897152,neutral,0.5136446707795853
1342263078520553477,negative,0.009087159101972653
1342263079053234178,negative,0.0002284110046678209
1342263079128752134,negative,0.0001123780949996407
1342263081171345412,negative,6.817703685575946e-05
1342263087978713088,negative,0.22713824127617877
1342263090147168262,negative,1.7963782261998573e-05
1342263092072357890,neutral,0.39860016763037853
1342263094156939266,negative,0.003573254378016787
1342263094874152975,positive,0.7909245406637737
1342263096056958978,positive,0.6737801889395522
1342263098820984832,neutral,0.6367265023430297
1342263101496958977,negative,0.000887540299407607
1342263102587478016,negative,0.20744168153670992
1342263104844017666,neutral,0.5743452650545291
1342263105825480707,neutral,0.4144721264893641
1342263106790109185,neutral,0.3794434373490297
1342263111089348608,negative,0.23940857318450742
1342263114373488642,neutral,0.3377062563864345
1342263120656531458,negative,0.13467339204295112
1342263123693228035,negative,0.0008332263763952278
1342263125878304771,negative,0.09542868247117761
1342263130043408390,positive,0.7283603433781356
1342263135684669447,negative,0.025529448907880364
1342263136515141633,negative,0.009087159101972653
1342263136599101441,negative,0.012487335807890914
1342263138582990848,negative,0.00056697091676368
1342263142840225795,negative,0.002964484802930866
1342263144765419522,negative,2.374788718840915e-13
1342263145348411394,negative,0.00048416464208900245
1342263158535290880,negative,0.016427604373005056
1342263163652370437,negative,0.11141675232237375
1342263163803332609,negative,0.05461313639271123
1342263164193316864,positive,0.685740876678298
1342263164658970631,negative,0.29331726612524317
1342263164717723650,negative,0.015773583174067275
1342263165086801920,negative,0.11182245947334335
1342263166701608962,neutral,0.37874993579954885
1342263170681987072,negative,0.14954140068059965
1342263170770100225,negative,0.001939932573800638
1342263171327926272,negative,0.009087159101972653
1342263173139881984,negative,0.13102831284864505
1342263174972780544,negative,4.3408128273352086e-05
1342263175866150912,negative,0.003566906859200871
1342263176365223936,negative,0.007072142396869472
1342263177103421445,negative,0.133632353802901
1342263183625625600,negative,0.0015935384231580572
1342263184036671488,negative,1.500368705755574e-07
1342263188000108544,negative,0.04939364416785705
1342263188608442370,negative,0.13297193539292612
1342263190206427149,negative,0.0001123780949996407
1342263190265221120,negative,0.2742641492310916
1342263190911152128,negative,0.2812124665127172
1342263191368310784,negative,0.00011161858042375532
1342263191682822144,negative,0.09196334438766766
1342263191871631366,negative,0.021832781444602187
1342263191942942728,negative,6.817703685575946e-05
1342263192727248897,negative,0.111920811157547
1342263193494822912,negative,0.009655167226292012
1342263193658388487,neutral,0.6133161929707664
1342263194157522948,negative,2.0858384345564145e-08
1342263194920890369,negative,0.01704636088542232
1342263198653812740,negative,0.00801912789949357
1342263198867730432,negative,5.510452688908707e-08
1342263199144488962,negative,0.0015376610966298476
1342263200503525380,negative,0.05275705847992347
1342263200734015490,negative,0.014921409828964609
1342263200935456768,negative,0.04518660119794119
1342263201438830597,negative,0.10514650290048043
1342263203959599105,negative,0.0016387731188780338
1342263204127375360,negative,0.21047953907773329
1342263205075296257,negative,3.8382280225725786e-08
1342263205305966594,negative,4.460708188006912e-09
1342263205603790849,negative,6.69974252359852e-07
1342263208652976128,negative,0.04265557760747323
1342263209764511750,negative,1.8689299741368102e-05
1342263209869402112,negative,0.23382934921397583
1342263211308019719,negative,0.07409858964317478
1342263214994690048,negative,0.02902189840142555
1342263216857083904,negative,0.028530187438782596
1342263217075187712,negative,0.057100421758971884
1342263218417389568,negative,2.3954209696485905e-05
1342263218744545281,negative,0.04270926901890961
1342263220229255169,negative,0.176411161274856
1342263225665150980,negative,6.61741829742216e-07
1342263227103784960,negative,0.07060751460221949
1342263230647971843,negative,0.00030250149425897603
1342263231360999424,negative,0.0004613126498866244
1342263232069824516,negative,0.01616455903568405
1342263232241815559,negative,0.06349256163192335
1342263232787066881,negative,2.3047668923773097e-06
1342263233286201350,negative,0.10700758963511348
1342263236771643392,neutral,0.49789225920557484
1342263240206807041,negative,0.0057942270187252495
1342263241066512385,negative,1.5681076035704395e-08
1342263244648574980,negative,0.23814515285141585
1342263245986549765,negative,0.007046305154202699
1342263246871519232,negative,0.16532172419126437
1342263249044189185,neutral,0.3996580091506196
1342263256061251588,neutral,0.49789225920557484
1342263256610721797,negative,0.25430911457786876
1342263257080459264,neutral,0.49789225920557484
1342263257327947776,negative,0.1184013620515493
1342263258317778946,negative,4.49258235565854e-05
1342263259072753671,negative,0.009655167226292012
1342263259680804864,neutral,0.4232078962494373
1342263260050030592,negative,2.0762218467752504e-07
1342263260351967233,negative,5.621550091534753e-07
1342263260356235264,negative,0.19694817498936315
1342263260435902464,negative,0.04397408109609223
1342263260876312577,neutral,0.49789225920557484
1342263264189755392,negative,3.33130505262159e-05
1342263265204776960,negative,0.2369710931082333
1342263265511014401,negative,2.791619781835295e-06
1342263266677059591,negative,0.0021116303739656416
1342263271089442823,neutral,0.419321639478319
1342263273014652931,negative,0.016427604373005056
1342263277661798401,negative,7.926632759223665e-07
1342263280891473926,negative,2.5517354341612974e-10
1342263281533263873,negative,4.1205498750829616e-14
1342263286549508096,negative,0.0021528475105561076
1342263287174590490,negative,0.1668080588574716
1342263287212343296,negative,0.0001888052059264809
1342263287887458304,negative,0.20744168153670992
1342263291977064452,neutral,0.45906144829618567
1342263291993862145,neutral,0.47651017712911625
1342263293491228675,neutral,0.34689533492577307
1342263298813808640,positive,0.9976521473271183
1342263301045153792,negative,0.0016387731188780338
1342263303851151365,negative,0.16061630463032647
1342263304237019139,negative,0.0006536932900457786
1342263306191597575,positive,0.9659316036324382
1342263307407929346,negative,0.1574957224563381
1342263314991247363,negative,0.04431263158694897
1342263315783950337,negative,0.0006741002407730717
1342263316891250694,positive,0.9801624342332422
1342263317444898822,negative,0.3022803338760648
1342263319068082176,negative,9.069839311331153e-05
1342263320552857601,negative,0.00012129361241019164
1342263328031313925,negative,0.009655167226292012
1342263328656261124,negative,4.364280067877536e-06
1342263330866511872,negative,0.010821739943380863
1342263332791844865,negative,0.1184013620515493
1342263332817006592,positive,0.9078414350505055
1342263333186121729,negative,2.9772826147597007e-05
1342263337808252929,negative,0.007046305154202699
1342263340228337664,negative,0.003510090262131223
1342263345685155843,negative,0.007046305154202699
1342263347136274432,negative,0.0010427729243528215
1342263349120278533,negative,0.2794653930830212
1342263349275471873,negative,4.151039880682005e-08
1342263349489360896,negative,6.879557229720768e-05
1342263350529556481,neutral,0.49789225920557484
1342263351905312773,negative,6.817703685575946e-05
1342263354212159488,negative,0.010822551755000468
1342263355126513665,negative,0.002745298738113449
1342263355508187137,negative,0.0011505759590132306
1342263355952799747,negative,0.0008120334823478771
1342263356040880128,negative,9.132613867386405e-06
1342263357857005569,negative,0.23814515285141585
1342263358234513410,negative,0.32677508348852996
1342263359098548226,negative,0.0004760529356788509
1342263359757025282,negative,2.310347443321666e-05
1342263360541356032,positive,0.7300341012349397
1342263361451548674,positive,0.8859270644918689
1342263361627680769,negative,0.00013316372224526349
1342263361845800972,negative,0.0001152309654268719
1342263362227490819,negative,0.041007663271044346
1342263362797924352,neutral,0.49789225920557484
1342263364525834241,negative,1.3415032901555513e-05
1342263370041450496,negative,0.0040224221109795575
1342263370041479170,negative,0.007217439023533475
1342263370267975680,negative,0.07060751460221949
1342263371664650240,negative,0.014921409828964609
1342263373010878464,negative,6.817703685575946e-05
1342263373690527744,negative,0.0012445089043806013
1342263374336446464,negative,1.1298856084276701e-10
1342263375057874945,negative,0.018931979169625347
1342263379092791296,negative,0.13250104383526126
1342263379164065792,neutral,0.42755866745518784
1342263381441589248,negative,0.00017582172268412865
1342263381856837632,negative,0.00020936637996315203
1342263385094762496,negative,0.0001630059832550359
1342263387783385090,negative,1.6734281074416479e-10
1342263388194426880,negative,2.1620780258292984e-05
1342263389637259264,negative,0.04095176045550345
1342263391130415106,negative,0.0002626266302510319
1342263391155580929,neutral,0.39860016763037853
1342263392304820225,negative,0.13897227084666552
1342263393588293636,negative,0.2812124665127172
1342263394695569408,negative,6.817703685575946e-05
1342263395282771968,negative,0.0019502538073317356
1342263397073747968,negative,0.01147808546191307
1342263398004883456,negative,0.14696718902297262
1342263398734704641,negative,1.0563686283471008e-05
1342263399707791360,negative,0.00500122847685857
1342263402350174210,negative,0.27599437792544457
1342263403021295616,negative,0.009655167226292012
1342263409837043720,negative,0.23814515285141585
1342263410415853575,negative,6.404709972819333e-05
1342263410835132417,negative,0.07138719431583505
1342263416346587136,neutral,0.5533970533999424
1342263417529380872,negative,0.0008867110354228538
1342263422017277953,negative,0.01216551747007973
1342263422835036160,negative,0.027289744188104013
1342263427956404224,negative,0.006412233445093258
1342263429810286592,negative,0.003474284451599623
1342263430930165769,negative,0.238428800670322
1342263436022063104,negative,0.006254624407229036
1342263437259366400,neutral,0.39860016763037853
1342263437678690305,negative,0.24948692620202606
1342263439402688512,positive,0.7754920224174857
1342263447061348360,negative,0.012487335807890914
1342263447757582342,negative,0.23814515285141585
1342263448210710528,neutral,0.33600866503858134
1342263449271869443,negative,0.23814515285141585
1342263450311958528,negative,6.817703685575946e-05
1342263456867753984,negative,0.022326321523664594
1342263457417109504,negative,0.009655167226292012
1342263458272866305,negative,7.213503009022192e-06
1342263462890770432,negative,0.0994171732278202
1342263465507958786,negative,0.0005744010909278852
1342263466489507842,negative,2.4538768297960695e-08
1342263469047889921,negative,0.027289744188104013
1342263470398582784,negative,0.009087159101972653
1342263472873205781,negative,1.759375125473171e-05
1342263472885813259,negative,0.23814515285141585
1342263482188779520,negative,0.007046305154202699
1342263484365611015,negative,0.014494593092258515
1342263484742955008,negative,1.233942339230914e-06
1342263487289057280,neutral,0.49789225920557484
1342263493412728838,neutral,0.6149732941538079
1342263495769944068,neutral,0.40152641315434723
1342263497535717376,negative,0.00019615244460238212
1342263498328432641,negative,0.011987549196650705
1342263499309899786,negative,0.19566405675670642
1342263501398683648,negative,0.0021116303739656416
1342263502543745025,negative,0.22695773199677524
1342263502883467264,negative,8.885466562234789e-05
1342263503009312769,neutral,0.54070019423184
1342263508948422657,negative,0.008787525787110336
1342263510538055684,negative,0.13297193539292612
1342263511070744576,negative,0.1184013620515493
1342263514887561216,negative,3.7306149484222514e-06
1342263523431370754,negative,0.16352019608485005
1342263525125853185,negative,0.08361899847772794
1342263525553676288,negative,7.391301589217114e-08
1342263529949327360,negative,0.016427604373005056
1342263533329911808,negative,0.016427604373005056
1342263534969888770,negative,0.016505335569349668
1342263535049596928,negative,0.0040069841903250525
1342263535791976449,negative,0.012733965306920133
1342263538736357380,negative,0.2742641492310916
1342263538761535489,positive,0.9996679469659898
1342263540422422528,negative,0.06515741814510642
1342263543001968640,negative,0.0003389455323041898
1342263543895355393,negative,5.001696173137159e-06
1342263544235106309,negative,0.0005583564912642673
1342263544411287552,negative,0.008787525787110336
1342263544893616133,negative,0.2812124665127172
1342263545367568388,negative,0.06356053740885668
1342263545644294145,negative,0.0049286636899181745
1342263545807970305,negative,5.001696173137159e-06
1342263546168684551,positive,0.9996679469659898
1342263547691216899,negative,0.18109042869594588
1342263547787685888,negative,0.280880932914596
1342263547892551682,neutral,0.381875542748901
1342263548936925189,negative,0.10937785597299382
1342263549117263872,negative,0.2281613962886649
1342263550727827459,negative,1.2424918601557786e-05
1342263550971170816,negative,0.0267656237052338
1342263551772262400,negative,0.02049828370112842
1342263553978458112,negative,8.552960859598626e-07
1342263554163011585,negative,0.007741840643632528
1342263554347573248,negative,0.1720767428995029
1342263554993508353,neutral,0.46511884455441777
1342263555433762816,negative,0.0016517701137548416
1342263558567059458,negative,0.007016681048763652
1342263558843805696,negative,3.792379489848801e-05
1342263558881636353,negative,0.0005411035772666518
1342263560500510720,positive,0.8577638040664197
1342263561251418116,negative,0.03816689789504979
1342263562195136513,negative,0.00508283694788516
1342263562304188418,negative,5.547586483555178e-06
1342263564044652545,negative,0.0016517701137548416
1342263564044742657,neutral,0.49789225920557484
1342263564078342144,negative,0.09039445983221202
1342263564506198018,neutral,0.3578199423278093
1342263565323886592,negative,0.02329323645236039
1342263565407776768,negative,0.2742641492310916
1342263566230048771,negative,0.012487335807890914
1342263567421231104,negative,0.006790937576306008
1342263568209731584,negative,0.1560129396235352
1342263568486592516,negative,0.10700295468860774
1342263569065390081,negative,0.0053629330861189655
1342263571951058947,negative,0.0016517701137548416
1342263571980414976,negative,0.005928838462996148
1342263575910510594,negative,5.001696173137159e-06
1342263576480817152,negative,0.0338372554476989
1342263577198080009,negative,1.6926947251222937e-08
1342263577571422213,negative,0.0003082441436803875
1342263578410315783,negative,0.13871546882902852
1342263580528357376,negative,1.155532510811285e-08
1342263580868157443,negative,0.1693035007537409
1342263584466870273,negative,0.054679561276458066
1342263584827600897,negative,1.2682774978601467e-12
1342263585930674177,negative,0.023075944015281635
1342263587298037760,negative,3.339586700261228e-06
1342263589185482752,negative,0.0016984442996489809
1342263590343094272,negative,0.24375942794005337
1342263590489878532,negative,1.2137587316032155e-05
1342263590598955011,negative,0.00012403498055274493
1342263590691033088,negative,0.0011029630950383012
1342263590833836036,negative,0.006248314451104854
1342263591039340547,negative,0.16532172419126437
1342263591949352960,negative,0.016427604373005056
1342263592461213696,negative,0.008973033421532425
1342263592738025472,negative,5.001696173137159e-06
1342263593950130178,negative,0.009655167226292012
1342263594633867279,negative,0.041137094692619204
1342263595002966016,negative,0.0819531975937494
1342263595082645506,negative,0.06025711783736787
1342263595594260480,positive,0.9078414350505055
1342263599742541824,neutral,0.33113119352556253
1342263600824651776,negative,0.0005782699199159526
1342263601290240005,negative,0.2727475191084259
1342263605241196550,negative,5.001696173137159e-06
1342263605513871360,negative,0.08626969441184498
1342263606491160579,negative,6.765333719722259e-15
1342263606612652032,negative,8.515087045096324e-06
1342263607732662275,negative,0.30396949356940606
1342263607959105541,negative,7.30774934935384e-05
1342263608667820033,negative,0.07611488631158644
1342263609980805120,negative,5.001696173137159e-06
1342263610010169345,negative,5.001696173137159e-06
1342263610056257537,negative,0.0002392550969991425
1342263611755012097,negative,0.0034185636050378682
1342263611989876736,negative,0.04616923974827988
1342263612346413056,negative,0.009087159101972653
1342263613101375488,negative,0.00875252650216715
1342263613457887232,negative,0.009087159101972653
1342263614493892610,negative,0.004300878492222307
1342263614540034048,negative,0.0001299710638240046
1342263614821052416,negative,0.00012152966539412838
1342263614913314816,negative,0.0024558239339966914
1342263615005536256,negative,0.14132013971068658
1342263615542489091,negative,0.027243120890080373
1342263620227497984,negative,0.0010692295684646823
1342263620814712833,negative,0.03918002504956464
1342263621850705931,negative,0.008285294134682705
1342263625600393216,neutral,0.540222577411058
1342263626015461377,negative,0.23814515285141585
1342263627164889089,negative,0.019196637429483427
1342263630042198016,negative,0.012733965306920133
1342263630897803265,negative,8.999914913363231e-05
1342263631736614918,negative,0.15130076734396816
1342263631795412992,negative,0.30466025416210124
1342263633955450887,negative,0.0034667433666191417
1342263634400079872,negative,0.032348844086251556
1342263635180199937,negative,0.00018983998561175077
1342263636643995651,negative,8.515087045096324e-06
1342263636836814848,negative,0.04287224459841915
1342263636946006017,negative,0.0027876591701036894
1342263639395479552,negative,0.20491179820632688
1342263642641887233,negative,3.049201852521284e-11
1342263643174547456,negative,0.3025110108454361
1342263643367501825,negative,5.001696173137159e-06
1342263643623350272,negative,0.010707567603196803
1342263644487348224,negative,0.09375519958997075
1342263644625793024,negative,7.000968158929942e-05
1342263645095526403,negative,0.09330070914684761
1342263645460377602,neutral,0.3993150711476827
1342263646701936643,negative,0.022609661078735816
1342263647960236035,negative,0.004345517932692738
1342263648086073344,negative,0.0012445089043806013
1342263648899756032,negative,1.9369776121163115e-07
1342263649998696449,negative,3.163138185401607e-05
1342263650149666816,negative,0.027289744188104013
1342263650892054535,negative,5.001696173137159e-06
1342263651357642752,negative,0.008002740267951025
1342263652607397891,negative,0.009087159101972653
1342263653492543488,negative,0.18879318345983234
1342263653874077697,negative,0.10111094768868999
1342263655405146112,negative,0.25430911457786876
1342263655656779779,negative,0.06626658501156085
1342263656353030151,negative,4.6590410880216625e-09
1342263659800768513,neutral,0.6524755274655115
1342263660090187777,negative,0.008787525787110336
1342263660144513025,negative,0.09196334438766766
1342263662552166404,negative,1.7963782261998573e-05
1342263662971674626,negative,5.001696173137159e-06
1342263663000883201,negative,2.1273861650543493e-09
1342263663202246662,negative,8.224986563690624e-08
1342263663605018626,negative,0.05225422884100774
1342263664896782337,negative,5.001696173137159e-06
1342263665362227200,negative,0.001400152081778577
1342263665878294534,negative,0.25430911457786876
1342263666457063425,negative,0.05565171351386219
1342263667165863936,negative,1.4630142306942653e-07
1342263667342139392,negative,0.0005945625467391822
1342263667471990784,negative,1.6734281074416479e-10
1342263668281638914,negative,0.078299889266895
1342263668579434496,negative,0.00021909519392193167
1342263670034853888,negative,0.026552946680425037
1342263671590952960,neutral,0.6362092755222121
1342263672475934721,negative,0.07881887729764962
1342263672538865665,negative,0.1932148540980725
1342263673079914498,neutral,0.35869654080046004
1342263673608257536,negative,0.28833390517305735
1342263673608433668,negative,0.0002535454262846121
1342263674581512201,negative,0.004480594560801041
1342263676494086144,negative,0.0028035244083337357
1342263676867407872,negative,1.8107671367755894e-06
1342263677517324288,negative,1.1578170471184094e-08
1342263677735624707,negative,1.4219211366879046e-16
1342263678155059207,positive,0.9865438801971023
1342263678326988800,negative,5.514248379042005e-08
1342263679023255557,negative,0.07192298659144568
1342263680638050304,negative,0.0019306075448408
1342263680835063810,negative,0.0006726122019988871
1342263683301437440,neutral,0.5971372102662001
1342263683343384577,negative,0.04777108176020281
1342263683683143680,negative,0.04767550838442905
1342263683867701249,negative,0.0016517701137548416
1342263684270317568,negative,0.040476279229201356
1342263684379381760,negative,0.000130444943185547
1342263685302132737,negative,5.743734701435673e-05
1342263685956448256,negative,0.24187439095654115
1342263686115815430,neutral,0.38245133242683654
1342263686593998857,positive,0.7909245406637737
1342263686946316288,negative,0.010821739943380863
1342263687978098689,negative,0.048956055230063036
1342263688317820928,negative,0.023075944015281635
1342263688472928257,negative,0.19081648911100305
1342263691018956800,negative,0.06961311041576486
1342263691182567428,negative,0.1184013620515493
1342263691220307968,negative,0.0031071229455055496
1342263692168200192,negative,0.2812124665127172
1342263692507959299,negative,0.07997724071691029
1342263692751237122,negative,0.0067439644490239125
1342263695792091139,negative,0.0006694108814461558
1342263696161206280,negative,7.8964593116111e-10
1342263696689651712,negative,0.0016988754688753971
1342263696811323392,negative,1.8580625903924052e-05
1342263696890933249,negative,1.9770464242314684e-06
1342263697939591170,negative,5.001696173137159e-06
1342263699218817027,negative,0.00017582172268412865
1342263699285929991,negative,0.006244975494189237
1342263701353750533,negative,0.16425619009577153
1342263702725275648,negative,0.2812124665127172
1342263704000360448,negative,0.0004302206548157624
1342263706433032200,negative,0.22842032815893085
1342263707401936896,negative,0.20677398281741208
1342263707938803713,negative,0.030754608300443853
1342263708093972487,negative,5.001696173137159e-06
1342263709641662464,negative,0.0360688124158416
1342263710644101121,negative,0.0009412237136405294
1342263711034171393,negative,0.011596964255212673
1342263711151632385,positive,0.8702917304637079
1342263711336173568,negative,0.031100826818016344
1342263711554265088,negative,0.10700295468860774
1342263712372154368,negative,0.00039696353635218897
1342263712997142529,negative,0.03504191173230307
1342263714083438594,negative,0.007173625732290519
1342263715027185664,negative,0.00017582172268412865
1342263717392748545,negative,0.0004294246354881376
1342263717707337729,negative,0.16532172419126437
1342263719259238401,negative,0.18875959519645832
1342263720303587328,negative,1.7161990852840349e-07
1342263721767399424,negative,0.29600396516190636
1342263722107088896,negative,0.014849538568656992
1342263722442686464,negative,0.0015857704835861963
1342263722908250112,positive,0.9785322585750801
1342263723331887104,negative,0.10404495241321535
1342263724170641408,negative,0.004691486923596335
1342263726246920193,negative,0.1184013620515493
1342263726276165632,neutral,0.49789225920557484
1342263727308079106,negative,3.0251029339361126e-10
1342263728734138370,negative,5.001696173137159e-06
1342263729287794688,neutral,0.3713555970218632
1342263731292614656,negative,2.7890093777609002e-05
1342263731397545984,negative,0.11182245947334335
1342263733536632832,neutral,0.48038420429752
1342263734056714242,negative,0.3110259487239704
1342263734513893376,negative,0.05466931763636576
1342263735264686080,negative,0.23811657073595285
1342263736246140928,negative,5.001696173137159e-06
1342263741832966146,negative,0.002745298738113449
1342263742080430082,negative,0.32476060762037645
1342263742742945792,negative,8.515087045096324e-06
1342263743200292865,negative,0.05115898004683921
1342263743250657285,negative,0.008832817494414695
1342263743569391616,negative,0.05583299329353172
1342263744274034688,negative,1.2114722476918681e-06
1342263745850998785,negative,0.007597721633767356
1342263746538971143,negative,1.3723535287599475e-07
1342263747419770883,negative,0.00012999382588466934
1342263748942323713,positive,0.7909245406637737
1342263749575667713,negative,5.001696173137159e-06
1342263749772779520,negative,0.007523358801912694
1342263750695510016,negative,5.001696173137159e-06
1342263753748795392,negative,0.000942675738455971
1342263756072624128,negative,0.0016984442996489809
1342263756139737088,positive,0.7909245406637737
1342263757154746368,negative,0.03469545720324962
1342263757309808640,negative,0.0002393892359823703
1342263757725044737,negative,0.02023989297423184
1342263758467571712,negative,0.014666532389185485
1342263758614372358,negative,0.10984647235129995
1342263760053022720,negative,0.0009916164606348153
1342263761495879681,negative,0.03612414501470536
1342263763848712193,negative,0.17414406272653293
1342263764750630913,negative,0.0045774114226911815
1342263765442711553,negative,0.00046262107063866243
1342263765476257792,negative,7.926632759223665e-07
1342263765748699136,negative,0.06405250631552971
1342263767414022149,negative,0.07599553445757166
1342263768596815872,negative,0.22713824127617877
1342263768898789376,neutral,0.3499352441185855
1342263770928869376,positive,0.7909245406637737
1342263771285356545,negative,0.03574688345270971
1342263772220678144,neutral,0.49789225920557484
1342263772568805379,neutral,0.6362092755222121
1342263773432864773,negative,5.001696173137159e-06
1342263774229778433,negative,6.853353993234724e-07
1342263774619852805,negative,2.1297640906016077e-05
1342263774728876035,negative,0.0011029630950383012
1342263776234659840,negative,0.1333017668238722
1342263776268185600,negative,0.08352489039279884
1342263778285654018,negative,0.0005094877677718196
1342263779359404032,negative,0.0012445089043806013
1342263780751929344,negative,0.1038269189881527
1342263781905334272,neutral,0.3713555970218632
1342263782035361792,negative,0.2836396795432585
1342263782278635520,negative,0.0073582598177017395
1342263783381737477,negative,0.10335774295999144
1342263783625007105,negative,3.792379489848801e-05
1342263785013313537,negative,0.13547277337896288
1342263787211075587,negative,2.9524398980637017e-08
1342263787366338560,negative,0.10346565407746747
1342263787659923458,negative,0.00026158545809340733
1342263787957706754,negative,1.193836878358989e-07
1342263788456783878,negative,0.00011487712986063824
1342263789773750272,negative,0.006789648096126352
1342263789777907712,negative,0.028549060579543196
1342263789798961153,negative,0.011541248274001227
1342263789803220995,neutral,0.33117239293877765
1342263789832593408,negative,0.10579333945444727
1342263789840982016,negative,0.0024289943603133944
1342263789849354244,neutral,0.6491219466867657
1342263789857746946,negative,0.09578064219138821
1342263789895487489,negative,0.11965859800176372
1342263789912113157,negative,0.20081843170922334
1342263789987610625,negative,0.016197639449478142
1342263790004482048,negative,7.124317873941444e-08
1342263790079856641,negative,0.09998123045847089
1342263792504348672,neutral,0.4507454498615163
1342263793028628480,negative,0.3110259487239704
1342263796501516291,negative,1.521105777889456e-15
1342263796535074828,negative,0.05609529938575086
1342263796824469505,negative,0.26717104306866235
1342263797122265090,negative,0.009087159101972653
1342263797772398594,neutral,0.3309866124404005
1342263800007962624,negative,2.7327477117456444e-06
1342263800406355975,negative,8.434086676789966e-06
1342263800603549697,negative,6.74932173016986e-06
1342263800653893633,negative,0.05326237667664715
1342263800980881408,negative,0.00041846516501424123
1342263801027166209,positive,0.8183793055175134
1342263802700640257,neutral,0.5486968456609221
1342263803157872643,neutral,0.5031056611348977
1342263803220791296,negative,0.0011505759590132306
1342263804097388547,negative,0.005225136139719639
1342263804818702336,negative,0.16648189672209826
1342263806609793025,negative,0.007046305154202699
1342263808140713987,negative,0.023479763717455977
1342263808597884931,negative,0.0005904026894431145
1342263808807628800,positive,0.926336084760933
1342263809470312449,negative,0.00025068622832631236
1342263809835216898,negative,0.0013774359200638977
1342263811085127683,negative,0.16607610750087148
1342263811835883522,negative,0.09192056069640865
1342263812007866370,negative,3.386290378712663e-05
1342263812951519234,negative,0.03200337727630636
1342263813354246144,negative,0.0011033643907164352
1342263814063091712,negative,0.021674473435308164
1342263816026005504,negative,0.004147002067573894
1342263816332177409,negative,0.01455003850376664
1342263816982122497,negative,0.006869316707957941
1342263817158451205,negative,0.06422634253852189
1342263817347104768,negative,0.02023989297423184
1342263817695354881,negative,0.0111513615991623
1342263818165121028,negative,1.0711664302915529e-07
1342263820794925057,negative,0.01616455903568405
1342263821226926081,negative,0.006090637631782576
1342263822527197185,negative,0.09640323611645361
1342263823512829952,negative,0.07237131246492694
1342263823743537156,negative,0.06356053740885668
1342263824196493313,negative,0.00508283694788516
1342263824481718272,negative,0.0011478243879699615
1342263824972439552,negative,1.4932632614602176e-05
1342263825089884165,neutral,0.5183632767652835
1342263825819705345,negative,7.455812430817433e-10
1342263826897661958,negative,0.09330070914684761
1342263826922807299,negative,0.04231491442715278
1342263827702849536,neutral,0.40152641315434723
1342263827778383879,neutral,0.5017543432377519
1342263829569417217,negative,0.010612337458253572
1342263830328594434,negative,0.0036769533900508394
1342263831482028032,negative,0.14143821175705878
1342263834552246272,negative,0.012172691500616032
1342263834619355139,negative,5.001696173137159e-06
1342263834699063296,negative,0.00012129361241019164
1342263836401946625,negative,0.06596872674719745
1342263837018320897,negative,0.20677161163088661
1342263837588905984,negative,0.004618487373893834
1342263838075457539,negative,0.027346520966804556
1342263839924994048,negative,7.8964593116111e-10
1342263839941914626,neutral,0.37613348551827525
1342263840294236160,negative,0.05583299329353172
1342263840747249665,negative,0.14143821175705878
1342263841074282496,negative,0.006416677645643507
1342263841414111233,negative,0.0016984442996489809
1342263843976859648,negative,0.023158976181080253
1342263844333363200,negative,0.062365803496203735
1342263844392095745,negative,0.06356053740885668
1342263844614393856,negative,5.001696173137159e-06
1342263845377761281,negative,0.055789284994487286
1342263845499383808,neutral,0.538534021439209
1342263846459875330,negative,0.00011161858042375532
1342263847416188933,negative,0.01876988672149047
1342263849228136450,negative,9.739643227501294e-12
1342263850138263552,negative,4.1970248861352044e-05
1342263852382244869,negative,0.004700554822791812
1342263852503855105,negative,0.005026369834513546
1342263852629680130,negative,0.31844485546128054
1342263853061730310,negative,0.1949120918960849
1342263853594324993,negative,0.024071677281681962
1342263855611846657,negative,0.03478924798028569
1342263856941432834,negative,0.05466931763636576
1342263859495616515,negative,0.009087159101972653
1342263860485615618,negative,0.0008456046844913909
1342263860896653313,negative,1.6734281074416479e-10
1342263860951207942,negative,0.0032376625726924574
1342263861060063234,negative,0.00024849996806241116
1342263862482100224,negative,0.0034185636050378682
1342263862809260035,negative,0.23871696831429615
1342263862867976198,negative,0.09330070914684761
1342263862922522627,positive,0.9871583021564123
1342263863102869511,negative,1.2137587316032155e-05
1342263864768012288,positive,0.6957549522524166
1342263865057419266,negative,5.0596624604995155e-05
1342263867548827649,negative,0.0016517701137548416
1342263868245086208,negative,0.010124015869467446
1342263869083971590,negative,0.0009916164606348153
1342263870115749888,negative,0.025529448907880364
1342263870669393924,negative,0.055540677026033325
1342263870811897857,negative,0.21921412548362115
1342263871638298625,negative,0.0067439644490239125
1342263872158363653,negative,0.07138719431583505
1342263872930123777,negative,1.4179856029980568e-05
1342263873294970886,neutral,0.46318326475361027
1342263873802539010,negative,0.07409858964317478
1342263876138782721,neutral,0.6362092755222121
1342263876734349317,negative,0.30146915677477726
1342263877350920192,negative,0.09330070914684761
1342263878634196993,negative,8.885466562234789e-05
1342263880194658304,neutral,0.47194120123589783
1342263880995762176,negative,0.011538404096376137
1342263881696243712,negative,5.198111654936812e-05
1342263881809453057,negative,0.007046305154202699
1342263882325381120,negative,4.0864197165405056e-05
1342263882522488832,negative,8.515087045096324e-06
1342263882992254977,negative,0.14143821175705878
1342263883180945408,negative,4.4814374397011205e-05
1342263884330139649,negative,0.00041846516501424123
1342263884338638850,negative,0.13326666095464623
1342263885018050560,negative,0.09330070914684761
1342263886737772544,negative,0.274968628404148
1342263887383687169,negative,0.0005094877677718196
1342263888256131075,neutral,0.33117239293877765
1342263894455173120,negative,2.887318718982244e-10
1342263895491284998,negative,0.18795859623648656
1342263895805882370,negative,0.03513664696641658
1342263898653814784,negative,5.547586483555178e-06
1342263899295387649,negative,7.00250507263009e-05
1342263899316498432,neutral,0.43578060616678027
1342263899329093633,negative,0.02707920001458789
1342263900516085763,positive,0.8637414858165623
1342263903380766720,negative,0.0012853892246315266
1342263903405953025,negative,0.027289744188104013
1342263904316116992,negative,0.008002740267951025
1342263906476187650,negative,0.0012445089043806013
1342263907231137794,negative,0.00017582172268412865
1342263909156343808,negative,0.054128227842999116
1342263909168918529,negative,0.0006056367485579853
1342263910448115726,negative,0.09987958936639735
1342263911052148736,negative,3.33130505262159e-05
1342263911060549632,neutral,0.6149732941538079
1342263912461426688,negative,0.07409858964317478
1342263912666984448,negative,0.05934903680772627
1342263917695938564,neutral,0.5971372102662001
1342263918681608192,negative,0.014849538568656992
1342263919646187520,negative,0.14143821175705878
1342263919876988930,negative,0.23814515285141585
1342263919889575936,neutral,0.49789225920557484
1342263921105842178,negative,5.547586483555178e-06
1342263921424691202,neutral,0.47651017712911625
1342263921495977986,negative,0.05879877175333563
1342263921982369792,negative,0.00024143551043806578
1342263923949645829,negative,0.25430911457786876
1342263924138377216,negative,4.16245424167966e-06
1342263924369088512,negative,0.3155440437366068
1342263925157584898,neutral,0.49789225920557484
1342263925568634889,negative,0.0055358752083795966
1342263927078612992,negative,0.17787767040751093
1342263928261398542,negative,3.33130505262159e-05
1342263928609505282,negative,0.0064958652251546085
1342263928714366976,negative,2.786332909749115e-07
1342263929154764800,positive,0.9997030315236222
1342263930958340096,negative,0.00017056365505758352
1342263931457265664,negative,0.12307269807964426
1342263932677832706,positive,0.8488784103859388
1342263933399408640,negative,0.3024154418601797
1342263933680427009,positive,0.8320452469972137
1342263933990825985,negative,0.0005544274184996503
1342263934309584896,negative,6.817703685575946e-05
1342263934674333702,negative,0.13326666095464623
1342263934976458752,negative,0.023075944015281635
1342263935475437568,negative,0.05565171351386219
1342263936645799941,negative,0.000561832796400998
1342263936868089858,negative,0.21047953907773329
1342263937023279104,negative,3.898113407039336e-06
1342263937367044096,negative,0.15974342062237123
1342263937920860161,negative,0.0820652734630196
1342263938499678217,negative,0.0001039175126215644
1342263939145601025,negative,0.09330070914684761
1342263941003665409,negative,0.11508645589718669
1342263941024657411,negative,0.06595579357891135
1342263941079195648,negative,0.0006618755121295592
1342263941184049153,negative,0.003256177893067516
1342263942651936770,negative,0.0014816887514300684
1342263946888282112,negative,9.854786689047242e-10
1342263950717681668,neutral,0.3677968620809328
1342263952609320960,negative,4.6868339093512085e-06
1342263953854967815,negative,0.02050219789603228
1342263954098286592,negative,2.9073556226771138e-08
1342263955897667589,negative,7.8964593116111e-10
1342263956920909825,negative,7.843802998748637e-09
1342263957298569218,negative,0.0012445089043806013
1342263962126184448,negative,0.07012912088702614
1342263963455807493,negative,0.16532172419126437
1342263964374282241,neutral,0.37332198726638866
1342263965494239232,negative,0.034168297047262965
1342263966584635392,negative,0.01520561211109821
1342263969252306945,negative,1.6620890343569465e-13
1342263972716797953,negative,2.2111154119378493e-06
1342263972758695937,negative,0.0012445089043806013
1342263974251933696,negative,8.515087045096324e-06
1342263974969167872,negative,0.0017899888587235247
1342263975518629891,negative,0.051733160503886
1342263977242456064,negative,0.055513831180776255
1342263977661915137,negative,0.03246128932462553
1342263978672746496,neutral,0.4840841037575614
1342263979268317185,negative,0.00048105932977616416
1342263979989757953,neutral,0.45310384256447656
1342263980715343873,negative,0.01160725873521015
1342263980820148224,negative,0.13326666095464623
1342263981864415233,negative,2.42633457507682e-11
1342263983986925573,negative,1.4351640090740824e-08
1342263985551384577,negative,0.1350390724798637
1342263985601699842,negative,0.15628274023114563
1342263986105016326,negative,0.00011825406144372973
1342263986725728257,negative,1.2114722476918681e-06
1342263990949269504,negative,0.058962091186553926
1342263991243051009,negative,0.009087159101972653
1342263991423401984,negative,5.358697233627766e-05
1342263991893188608,negative,0.03712728393890351
1342263992366993410,negative,7.319851952398902e-08
1342263993394733058,negative,1.5586503374682048e-05
1342263993986113540,negative,0.2812124665127172
1342263994317484032,negative,0.01616455903568405
1342263994455887873,positive,0.9761733494776964
1342263995189899264,positive,0.9964728648357923
1342263996045549569,negative,0.025642197114280806
1342263996091658242,negative,0.00012819206766752434
1342263996771135490,negative,0.00013885466968333965
1342263998625017857,negative,0.00018466358709992722
1342264000118190080,negative,0.0005520065288040503
1342264001028362240,neutral,0.49789225920557484
1342264001313591302,negative,0.007046305154202699
1342264001552642050,negative,0.13326666095464623
1342264005042315264,negative,0.030646049405239708
1342264005184937985,negative,0.022596186327557412
1342264005314965510,negative,5.850717284459209e-05
1342264005386231809,negative,0.14870227111570603
1342264006338179072,neutral,0.49789225920557484
1342264007080730624,negative,0.00741627213827822
1342264008888487941,negative,7.025115697098876e-10
1342264009089830916,negative,0.0009412237136405294
1342264010855620608,negative,0.002137116256718566
1342264011098906624,positive,0.7909245406637737
1342264011849691139,neutral,0.6489077768764223
1342264012415885315,negative,0.12248249736691665
1342264012743077888,neutral,0.5052510391936574
1342264012814372866,neutral,0.33058445125479535
1342264014303358976,negative,0.005756206491426438
1342264014647275521,negative,0.10700295468860774
1342264015704223747,negative,0.022609661078735816
1342264019722399745,negative,5.304206422574919e-05
1342264021152632832,negative,0.0006784344352646474
1342264021165211648,neutral,0.4550267180439356
1342264023459487745,neutral,0.58547293556997
1342264024403243009,negative,0.01455003850376664
1342264024470347784,negative,0.0012445089043806013
1342264025258872834,negative,0.0016517701137548416
1342264026911412224,negative,0.0022050224118505685
1342264027234377735,negative,0.0012747006287550586
1342264027439763456,negative,0.0001123780949996407
1342264027741892611,negative,0.06763009845808127
1342264028266172416,neutral,0.5807739315466937
1342264029008551945,negative,0.0015990970495425058
1342264030858256384,negative,8.203475650051812e-07
1342264031223054336,negative,0.28843008163764533
1342264032569536512,negative,0.07848101103380495
1342264034259857408,negative,7.755454703849702e-09
1342264035488768001,negative,0.0012127063311920048
1342264038114402307,negative,0.0005094877677718196
1342264038772846592,negative,0.03112515804643714
1342264039594987521,negative,0.11965859800176372
1342264040278683649,neutral,0.49789225920557484
1342264042279329793,negative,0.1184013620515493
1342264045135667200,negative,0.07489276454915088
1342264046678990849,negative,5.000458527407737e-07
1342264048423993346,negative,0.1399829326686015
1342264049300549633,negative,8.278841086323838e-05
1342264049388707840,negative,0.00011198317977585275
1342264050223357952,positive,0.7909245406637737
1342264053771759621,negative,0.043523203170125396
1342264053801115650,positive,0.7909245406637737
1342264057005543433,negative,0.014849538568656992
1342264058926555136,negative,0.02966286695147864
1342264059815731201,neutral,0.3309866124404005
1342264060281298945,negative,0.012946401655965039
1342264060428083201,negative,0.0147501555232423
1342264060931416067,negative,0.005491028834836875
1342264061946429444,negative,0.017630374879468707
1342264064169402370,negative,0.11935951334984464
1342264064450330624,negative,0.029651754451421115
1342264065830359040,negative,0.0010427729243528215
1342264066413383682,negative,1.7693529206970863e-05
1342264066518130689,negative,3.964588768473941e-06
1342264069613637633,negative,0.0009412237136405294
1342264071215853568,negative,0.3250630840068471
1342264071668830210,negative,0.17386426011873982
1342264072503496705,negative,0.00017582172268412865
1342264073262489601,neutral,0.43578060616678027
1342264073438674944,negative,0.16812821245213494
1342264076760731653,negative,0.016427604373005056
1342264077360496641,negative,0.007730892847130962
1342264079822565381,negative,0.00012129361241019164
1342264081944756225,negative,0.0005180459416037909
1342264082976665600,negative,0.018367562345874888
1342264083916189696,negative,8.515087045096324e-06
1342264085753303041,negative,0.2338327793334401
1342264085958811648,negative,1.7693529206970863e-05
1342264086541852672,negative,0.011789807940567477
1342264087309414402,negative,4.538942215180389e-06
1342264087678513158,neutral,0.3372959100559912
1342264088882241539,negative,0.0005513534658065328
1342264089419132930,negative,0.1973998455878692
1342264090346074113,negative,3.29127890407151e-07
1342264092619386881,negative,0.0008371114618418154
1342264094481666048,neutral,0.42391923077025806
1342264096662683648,negative,0.07409858964317478
1342264096868204545,negative,0.015543832898462553
1342264101137870850,negative,0.0014485281091658224
1342264102153023488,negative,0.007046305154202699
1342264102715072517,negative,0.27538537887707226
1342264102857699328,positive,0.7909245406637737
1342264103243558915,negative,0.010375605767452962
1342264104245989377,negative,0.0013564237108465757
1342264105281990657,negative,2.5356402760989486e-05
1342264105898536967,negative,0.010625722543201738
1342264107504979968,negative,0.2742641492310916
1342264108482228225,negative,0.002745298738113449
1342264109715382272,neutral,0.49789225920557484
1342264110034149385,neutral,0.39860016763037853
1342264110734446595,negative,0.271155428753468
1342264113599295491,negative,0.002180415577433515
1342264114341670913,negative,1.6734281074416479e-10
1342264116677787648,neutral,0.5743452650545291
1342264118833721344,negative,0.0002860751894864189
1342264119458738180,negative,0.007046305154202699
1342264119781699585,negative,2.986163174794933e-05
1342264120897228801,negative,0.014849538568656992
1342264122231160832,negative,0.13326666095464623
1342264124533825536,negative,0.10700295468860774
1342264125905362947,neutral,0.4808695315688166
1342264127134326792,negative,0.004509288445684958
1342264127159472129,negative,0.1720767428995029
1342264128384208896,negative,0.015773583174067275
1342264130057756681,negative,0.1597606210019817
1342264130116448256,neutral,0.49789225920557484
1342264131102117888,negative,0.25716021055450744
1342264132175855617,negative,0.004972151419543417
1342264132754690053,negative,0.0026718646847690027
1342264133027319809,negative,0.002104507535620003
1342264134428225540,negative,0.03712728393890351
1342264134960865281,negative,0.00291899383285735
1342264135174774792,neutral,0.41635374463697666
1342264136026255361,negative,0.1399829326686015
1342264136567156737,negative,0.0005819333606554976
1342264137750077441,negative,1.7719355383426894e-05
1342264137754103808,negative,0.058962091186553926
1342264138035322886,negative,4.6868339093512085e-06
1342264138496696320,negative,0.09421737446565119
1342264138505007105,negative,0.14143821175705878
1342264139595599872,negative,0.0013564237108465757
1342264140639985665,negative,0.0008116951801953744
1342264140946145291,negative,0.07403886397618806
1342264141768232962,negative,2.0050829708930884e-09
1342264141864697858,negative,0.00010713062801733189
1342264144381284352,negative,0.00941073738587188
1342264145446633474,neutral,0.3385252644667176
1342264145677324288,positive,0.6691262784899221
1342264146809729024,positive,0.9205854040796076
1342264147417985027,neutral,0.546284947207877
1342264147535392768,negative,0.014494593092258515
1342264147946459136,negative,0.023272702321897463
1342264148005167104,negative,0.00031169585380664606
1342264151100428288,negative,0.0011353916683194206
1342264151427739648,negative,1.4611214240282431e-06
1342264151775862785,positive,0.9078414350505055
1342264154586030081,negative,0.15884973808023384
1342264155236147200,negative,0.1184013620515493
1342264157110988802,negative,0.10700295468860774
1342264158100680704,negative,4.429319665962582e-07
1342264158277009408,negative,0.01783966438429332
1342264161150132226,negative,0.0057942270187252495
1342264161905111040,negative,0.02966286695147864
1342264162148376578,negative,0.23814515285141585
1342264163532464128,negative,0.002242118471889775
1342264163570249732,negative,0.0012445089043806013
1342264164669120515,negative,0.20744168153670992
1342264165315051520,positive,0.7909245406637737
1342264166036480002,negative,2.6187716823740905e-07
1342264167408013313,negative,0.1184013620515493
1342264168439832577,positive,0.7364552304579606
1342264168620171265,negative,0.07192298659144568
1342264168968310786,negative,0.01178850026017056
1342264171568758793,negative,5.583323702331586e-05
1342264172151762947,negative,0.0034185636050378682
1342264172726390786,negative,8.515087045096324e-06
1342264173154152448,neutral,0.4086569038235704
1342264174370549760,negative,0.004749474375448547
1342264175016484865,negative,1.2137587316032155e-05
1342264175108636672,negative,8.515087045096324e-06
1342264175125536769,negative,0.12962009069807864
1342264176065077248,negative,6.090219683169707e-08
1342264177130405890,negative,0.06106744169493714
1342264178820710404,negative,0.00011297203376165644
1342264179433078784,negative,0.007046305154202699
1342264179726675968,negative,0.0728752984896165
1342264180305494016,positive,0.9964728648357923
1342264180456509442,negative,1.6734281074416479e-10
1342264181463150592,negative,0.14143821175705878
1342264182616559617,negative,0.23814515285141585
1342264183874867200,negative,0.06401611179131915
1342264184965378050,negative,0.23814515285141585
1342264185015726083,negative,8.515087045096324e-06
1342264185888141312,negative,9.128792652678566e-07
1342264187347730434,negative,7.460472435172797e-09
1342264188928983040,positive,0.8253046878001519
1342264189105135619,negative,0.009087159101972653
1342264190157905922,negative,6.817703685575946e-05
1342264191059685383,negative,2.0020308591864937e-06
1342264192150233088,negative,0.19464186878065665
1342264194222215175,negative,0.0668624517632468
1342264194427727876,negative,0.004509288445684958
1342264194444316672,negative,0.022509603132827898
1342264194931023872,neutral,0.4313364339566093
1342264195207852034,negative,0.14143821175705878
1342264195262394369,negative,0.009895155885832032
1342264195962822660,negative,0.0147501555232423
1342264197460197376,negative,0.18469532834249947
1342264200475926534,negative,0.09823330771572861
1342264200484200449,negative,6.817703685575946e-05
1342264201478352896,negative,0.007046305154202699
1342264203604754433,negative,0.014849538568656992
1342264204129042432,neutral,0.34540018270620815
1342264206440148992,negative,0.0002470470763465346
1342264209552367616,negative,0.1257627677286754
1342264209908916224,neutral,0.42391923077025806
1342264210789691392,neutral,0.5052510391936574
1342264211792080896,negative,0.003566906859200871
1342264211817304068,negative,0.009150849519854301
1342264212287074304,negative,5.3154014468577785e-08
1342264212903645185,negative,0.025642197114280806
1342264212987510786,negative,0.0020177300791947963
1342264213872533504,negative,0.0001575484165481585
1342264216145653761,neutral,0.43578060616678027
1342264216254898177,negative,0.26923758229422423
1342264216569393160,negative,0.00011487712986063824
1342264221871058944,negative,0.13326666095464623
1342264222454059011,neutral,0.37179621593082496
1342264223431348229,negative,0.0001747558337809917
1342264223750090753,negative,0.017054603518529318
1342264223850758145,negative,0.0009916164606348153
1342264224366657536,neutral,0.39860016763037853
1342264225310371840,neutral,0.4659010501247298
1342264225553657861,negative,0.05528446120294227
1342264226635800580,negative,0.0469992439707135
1342264227457851392,negative,0.0073629536070763885
1342264228133171200,negative,0.008230982744708546
1342264229521465347,negative,0.00011325427168844279
1342264229760442369,negative,0.15628274023114563
1342264230326784003,negative,0.002745298738113449
1342264231002058752,neutral,0.48728019602140255
1342264231014625280,negative,0.15628274023114563
1342264231584886787,negative,0.07533783325885997
1342264231782199297,negative,0.00012129361241019164
1342264232822386694,negative,3.792379489848801e-05
1342264237419360258,negative,0.024922661642426222
1342264237897355265,negative,0.23814515285141585
1342264238140772353,negative,0.0005520065288040503
1342264238740529161,negative,0.014921409828964609
1342264239080271873,negative,0.00021341013833544412
1342264239222910976,negative,0.05285251389997681
1342264239298326528,negative,0.2662272680639426
1342264239810088960,negative,0.0017880157369971467
1342264239872995328,negative,0.21905661836611967
1342264240435048450,negative,2.3726277659715315e-05
1342264246479040516,negative,0.0069571137892871044
1342264246919426049,negative,0.003566906859200871
1342264248282411008,negative,1.3971003612566785e-08
1342264249310208003,negative,1.6734281074416479e-10
1342264250908205057,negative,0.020662502153600684
1342264254225907714,positive,0.7909245406637737
1342264255563898881,neutral,0.5533970533999424
1342264257354883072,negative,0.29793643012049775
1342264257434554384,negative,0.12248249736691665
1342264258671865856,negative,0.13326666095464623
1342264260861120515,negative,0.0016517701137548416
1342264260991311878,neutral,0.42391923077025806
1342264261159120897,positive,0.8619084794855766
1342264261649772544,neutral,0.3309866124404005
1342264261842784262,negative,0.10207951715553754
1342264263126245376,negative,0.03370885141553549
1342264263449186306,negative,8.316474936966001e-05
1342264264279506945,negative,0.0001949520668089998
1342264264535515136,negative,0.1184013620515493
1342264265911238656,negative,8.999914913363231e-05
1342264266280361986,negative,0.07489690096183636
1342264266292916228,negative,0.0016988754688753971
1342264266452299778,negative,0.02863318724722656
1342264266649264128,negative,0.09823330771572861
1342264267341500416,negative,4.765743336513517e-10
1342264267618332673,negative,0.0002066787796588387
1342264268960489473,negative,0.0002392550969991425
1342264269015027712,negative,0.00031169585380664606
1342264269707112448,negative,0.21047953907773329
1342264271414169600,neutral,0.39860016763037853
1342264274756972544,negative,0.00741627213827822
1342264277911166978,negative,0.10700295468860774
1342264278787616768,negative,0.0010427729243528215
1342264278808752129,negative,0.00031169585380664606
1342264278921969665,negative,0.049480504742347255
1342264280771661826,negative,0.003814988312821853
1342264283548299265,negative,0.28741154178763173
1342264284471042050,negative,7.8964593116111e-10
1342264286337490944,negative,0.009655167226292012
1342264287277015040,negative,1.2095214257669548e-06
1342264287285432321,negative,0.00044286331715456817
1342264287973281792,negative,0.15884973808023384
1342264290011738115,neutral,0.5622169187830484
1342264290049486849,negative,0.0006348782818593754
1342264290091347968,negative,1.4725420220850475e-06
1342264290535944192,neutral,0.5052510391936574
1342264291911720962,negative,0.24187439095654115
1342264292138242050,negative,0.09375519958997075
1342264292251291648,negative,6.817703685575946e-05
1342264293979467784,negative,0.005733442024337526
1342264294407348225,negative,0.0007784954852767075
1342264295598469125,neutral,0.42755866745518784
1342264296122802181,negative,6.582747253450239e-05
1342264296294768640,negative,0.09330070914684761
1342264298463178753,neutral,0.49789225920557484
1342264298765234176,negative,1.6734281074416479e-10
1342264299348254721,neutral,0.49789225920557484
1342264300338094089,negative,7.8964593116111e-10
1342264300375826434,negative,2.868012419995472e-10
1342264300623302656,negative,0.23814515285141585
1342264301336276993,negative,0.2812124665127172
1342264301403459585,positive,0.9078414350505055
1342264301743202305,negative,0.17081360610822469
1342264302267494402,negative,0.027289744188104013
1342264302917607424,negative,3.792379489848801e-05
1342264304695975936,negative,0.06418211069397059
1342264306000261120,negative,8.515087045096324e-06
1342264308407934980,negative,0.28133174182670784
1342264308412141569,neutral,0.36238366805397776
1342264308516925441,negative,0.008780245264656632
1342264309284540416,negative,0.0059617621267305295
1342264310714822658,negative,0.025883125651746122
1342264310815469570,negative,0.016585563661741347
1342264311121588224,negative,0.16532172419126437
1342264311536889858,negative,3.923370885177669e-06
1342264311654346757,negative,0.1771929814033195
1342264312535113728,negative,0.06365255979106668
1342264314162536450,neutral,0.5486968456609221
1342264314451783680,negative,4.2871755894778013e-07
1342264314510495744,negative,0.07611488631158644
1342264315425005568,negative,0.0007432165275198258
1342264315466940418,negative,0.0015320501978372421
1342264317366956034,positive,0.8567642649968916
1342264317882851332,negative,0.2812124665127172
1342264318193242113,negative,0.01529315865483114
1342264319057289217,neutral,0.4255809756298267
1342264321708089346,negative,3.318080482165016e-05
1342264322161045504,negative,0.2943593882814357
1342264324333608961,negative,0.04436317788924995
1342264324912537602,negative,0.1184013620515493
1342264326695116801,negative,0.007046305154202699
1342264326976106498,negative,0.0002392550969991425
1342264327286480896,positive,0.788359955178981
1342264328205045762,negative,0.05352475611900498
1342264328343449601,neutral,0.49789225920557484
1342264328842600452,neutral,0.6367265023430297
1342264329287200768,neutral,0.48164547114327055
1342264329324867584,neutral,0.5887973398928581
1342264330339962880,negative,0.01672385905778584
1342264331157843968,negative,0.00015461124644880632
1342264331178799105,neutral,0.42391923077025806
1342264331753426949,negative,0.21047953907773329
1342264332139327490,positive,0.7920933310881366
1342264332663578624,neutral,0.5052510391936574
1342264334349709317,neutral,0.37142201330946456
1342264335104692225,neutral,0.46098718850390424
1342264336543313922,negative,0.1427911304668142
1342264337172484096,negative,0.002745298738113449
1342264337990373377,negative,0.10786469527658457
1342264338099429377,negative,0.05879877175333563
1342264338321698818,negative,0.0002392550969991425
1342264338384642048,negative,0.0003808415711556168
1342264339819089922,negative,0.07409858964317478
1342264339861032963,positive,0.9078414350505055
1342264340238491649,negative,0.008255408773844912
1342264340955635712,negative,1.8964705565471202e-07
1342264342226608131,negative,4.1970248861352044e-05
1342264344034291722,negative,0.21047953907773329
1342264345020030978,negative,0.001196134029404053
1342264345846312962,negative,0.024904705414051206
1342264346534154243,neutral,0.43578060616678027
1342264347503030273,positive,0.7909245406637737
1342264347825995778,neutral,0.49789225920557484
1342264351663804416,negative,0.0012107192575792954
1342264352569761792,negative,0.0016984442996489809
1342264352628469763,neutral,0.458546028793803
1342264352699777025,negative,0.0002392550969991425
1342264353572192256,negative,0.009087159101972653
1342264354540941312,negative,0.04431263158694897
1342264355732271105,negative,9.408529988076039e-05
1342264356483031040,negative,0.32476060762037645
1342264357032505344,negative,9.398190360896807e-05
1342264359481913345,negative,0.1184013620515493
1342264360190816256,negative,0.0005094877677718196
1342264362258427905,negative,0.27538537887707226
1342264362455719938,negative,0.0022389213630129652
1342264363168755712,negative,0.000511337945940719
1342264363755958274,negative,0.017840404156025128
1342264366389977091,negative,0.10514650290048043
1342264367123992576,negative,0.019196637429483427
1342264367430184960,negative,0.09156699609667045
1342264368998846464,negative,0.007046305154202699
1342264369309233153,negative,3.879241807751654e-07
1342264372840837121,positive,0.7909245406637737
1342264373386113027,negative,0.00031686145959930565
1342264374145277952,negative,9.301454083936083e-05
1342264374174609409,negative,0.11491568424017536
1342264375114133508,negative,0.01455003850376664
1342264375520997381,negative,2.8993851808563564e-09
1342264375923650563,negative,0.10003401846551943
1342264376988983301,negative,0.024548039112971303
1342264377874010112,neutral,0.49789225920557484
1342264378016604161,negative,0.0019677299489537755
1342264378662518785,negative,0.05628418104802219
1342264378712870913,negative,0.13326666095464623
1342264380726124545,negative,0.019196637429483427
1342264384014450689,negative,2.7327477117456444e-06
1342264386379894784,negative,0.0021116303739656416
1342264388632403970,negative,0.00017582172268412865
1342264389173391361,negative,0.0001123780949996407
1342264389370597378,positive,0.995210192974463
1342264389412466694,positive,0.7909245406637737
1342264389454458881,negative,0.004372320528077803
1342264392134647808,neutral,0.49789225920557484
1342264392256278530,negative,0.13326666095464623
1342264394655399936,negative,0.00508283694788516
1342264394743365633,negative,4.342741227293658e-06
1342264394777038848,negative,0.0699362052529048
1342264395053879297,positive,0.6631118443454164
1342264396492517376,negative,0.06040427519185233
1342264398346412033,negative,6.641777154402805e-05
1342264402477797377,negative,0.10935530584312392
1342264403526361093,negative,8.515087045096324e-06
1342264404142944256,negative,0.08257315439397898
1342264406038687745,negative,0.0875540334552623
1342264407934590977,negative,0.0064958652251546085
1342264410170130435,negative,0.0002392550969991425
1342264410836881411,negative,0.004496098572673876
1342264411378085889,positive,0.7909245406637737
1342264411814301699,neutral,0.5709461976645894
1342264412875456512,negative,0.0034421108000108193
1342264413148078080,neutral,0.49789225920557484
1342264414863548417,negative,0.006248314451104854
1342264415098449920,negative,0.003313168160283844
1342264415639502849,negative,3.154273346184444e-05
1342264415702446087,negative,0.05352475611900498
1342264416113311744,negative,0.009087159101972653
1342264416801198080,negative,0.000381886436945893
1342264418764115969,negative,0.019196637429483427
1342264419892518912,negative,1.6119684250411773e-05
1342264420135821312,negative,0.04329948809938995
1342264420911763462,negative,0.2812124665127172
1342264422224461825,positive,0.9042338611407014
1342264422581071874,negative,0.019937252458622982
1342264423717588992,negative,0.005255965988441186
1342264425189957632,neutral,0.49789225920557484
1342264431598858242,negative,5.547586483555178e-06
1342264432148275201,negative,0.2850413633085029
1342264432429305858,negative,0.0035043902831223255
1342264432920043520,neutral,0.49789225920557484
1342264433364627462,negative,0.005928838462996148
1342264433620430848,negative,0.01451901156640269
1342264433796673539,negative,1.7093803010091277e-07
1342264434803269635,negative,0.25430911457786876
1342264435059122176,negative,0.023075944015281635
1342264436669763584,negative,1.2634771934689534e-10
1342264436900442112,negative,0.000890990779823848
1342264438985011201,neutral,0.43578060616678027
1342264440306028544,negative,4.3095832581869125e-06
1342264442059370498,negative,0.10700295468860774
1342264442894090241,negative,0.14621262492287865
1342264444995289088,negative,0.07611488631158644
1342264445704286208,negative,0.00032033025437408713
1342264447138729986,neutral,0.49789225920557484
1342264447293915136,negative,7.353980936952981e-05
1342264447402987520,negative,0.03748193775637961
1342264447830732800,negative,0.3029968537174699
1342264448342487044,neutral,0.5451623301730321
1342264449470754817,negative,2.4551822427681523e-08
1342264451374985216,neutral,0.5052510391936574
1342264451697881089,neutral,0.3581631485974532
1342264452364840960,negative,5.547586483555178e-06
1342264456626237440,positive,0.9845644697550272
1342264457351741440,negative,0.007046305154202699
1342264458027134976,negative,0.1184013620515493
1342264459696373760,negative,0.23398098051223332
1342264467493703681,neutral,0.48038420429752
1342264467799896064,negative,0.009087159101972653
1342264468609380352,negative,0.23814515285141585
1342264469582446598,negative,0.1184013620515493
1342264475555139590,neutral,0.4725932200988294
1342264476549206016,negative,6.817703685575946e-05
1342264481213263873,negative,9.398190360896807e-05
1342264485336248321,negative,0.027289744188104013
1342264485470494721,negative,0.015171155276079193
1342264486518992897,negative,0.0014049083005648528
1342264487651381249,negative,0.04287224459841915
1342264501073104897,positive,0.8201763041307648
1342264501165568000,negative,0.0013333932313619565
1342264502163820544,negative,0.326658981872289
1342264504202240002,negative,0.23398098051223332
1342264507914194944,negative,0.00012129361241019164
1342264510028144640,negative,0.022888170912950357
1342264513555402754,negative,0.004968029860804738
1342264513601658881,negative,0.00025643483445859694
1342264516571262977,negative,0.06418211069397059
1342264519192678405,negative,0.0009719968613302451
1342264520031531013,negative,0.00025643483445859694
1342264526251679748,negative,0.004591048646331822
1342264533142933506,negative,8.203475650051812e-07
1342264539925065729,negative,0.007217439023533475
1342264544660500481,positive,0.7909245406637737
1342264547265060865,negative,0.019234977792509444
1342264550075162624,negative,0.23814515285141585
1342264550394097664,negative,0.23398098051223332
1342264550725459968,negative,0.053635390797458604
1342264551480418304,positive,0.7780536586850626
1342264552206061576,negative,0.005370575131904248
1342264563488550913,negative,0.014205827926210534
1342264563983667200,negative,0.0006348782818593754
1342264566022074368,negative,0.02039461559193148
1342264568429600769,negative,2.4425931891134342e-05
1342264569335578626,negative,0.23814515285141585
1342264571852107779,negative,0.23398098051223332
1342264572443578374,negative,0.018833681778908287
1342264572758138886,negative,0.0008414932809360002
1342264572842012672,neutral,0.43578060616678027
1342264573127249923,negative,1.1113553999626726e-09
1342264573236310017,negative,0.007046305154202699
1342264574305849345,negative,0.25430911457786876
1342264575652196352,positive,0.9634834649974734
1342264577791242242,negative,0.11924197513035559
1342264579062173696,negative,0.0022550189481880156
1342264580152717313,positive,0.7909245406637737
1342264581423583239,neutral,0.5527951697464414
1342264581440360449,negative,0.027579924273250744
1342264581998206977,negative,0.13297193539292612
1342264582753181699,negative,0.0001630059832550359
1342264583042576384,negative,0.0017880157369971467
1342264584267153409,negative,0.058118649577061095
1342264584372187136,negative,0.00010695779048512698
1342264584472825856,neutral,0.3593672214136314
1342264584699142144,negative,0.0034185636050378682
1342264584724471808,negative,5.909114615371692e-07
1342264584896458753,negative,1.4624323292607607e-05
1342264587119423488,negative,0.017840404156025128
1342264588193026048,negative,0.056064655995890535
1342264590160302081,negative,0.1184013620515493
1342264591045324801,negative,0.00010597365670944721
1342264591833849856,negative,0.014494593092258515
1342264592605573122,neutral,0.36378564111820094
1342264593972867080,negative,0.06106744169493714
1342264594652389377,neutral,0.43578060616678027
1342264594920718336,negative,0.023272702321897463
1342264596418211847,negative,0.016427604373005056
1342264596925739014,negative,0.04112800671138443
1342264597026381825,negative,0.019196637429483427
1342264597206749184,negative,0.16196089926903348
1342264598200778753,negative,0.19269141958298128
1342264598666219520,neutral,0.5486968456609221
1342264599102550018,negative,0.015773583174067275
1342264599907860481,negative,0.003719291645322882
1342264600516038657,negative,0.04767550838442905
1342264600889335808,negative,0.014849538568656992
1342264600973099009,negative,0.0021116303739656416
1342264601090600963,negative,0.0980177891105309
1342264602789367808,negative,0.025357675454626697
1342264603091329030,negative,0.021348388955747054
1342264603636604928,negative,0.014494593092258515
1342264604106305536,negative,7.548841920217413e-06
1342264604194385920,negative,0.0014976536627797645
1342264605222051840,neutral,0.49789225920557484
1342264606878785536,negative,0.014490659265509596
1342264608799797250,negative,0.16835286609654473
1342264609894383616,negative,0.04930938618058801
1342264609944850435,negative,0.03006431566629903
1342264610112626688,negative,0.23299391249299672
1342264610494230534,neutral,0.3499352441185855
1342264610821468160,negative,0.10353202383567305
1342264614176890881,negative,0.007046305154202699
1342264614277541889,negative,0.02534068286784183
1342264614462042113,negative,0.00019808245832578532
1342264615049293824,negative,0.05466931763636576
1342264615812665351,negative,0.05542869502444834
1342264616248692736,neutral,0.458452529704962
1342264617314234368,negative,0.009087159101972653
1342264617838505991,negative,0.00891375960757663
1342264617951748099,negative,0.2812124665127172
1342264618702557184,negative,0.1184013620515493
1342264620535447554,positive,0.7909245406637737
1342264620703232000,negative,3.414503309339789e-07
1342264621315588097,negative,0.004338496708624553
1342264622343204865,negative,0.10700295468860774
1342264623089799169,negative,0.01160725873521015
1342264625006600194,neutral,0.3920775259595825
1342264626298441728,positive,0.9188654158061653
1342264627208581122,negative,0.0010427729243528215
1342264627699310594,negative,0.00017582172268412865
1342264628122939392,negative,0.0031434483818834997
1342264628722733059,negative,5.105852285877046e-08
1342264629825740800,negative,0.0005411035772666518
1342264631369326592,negative,5.138229320498103e-05
1342264635030990850,negative,0.23559452850870796
1342264635592945667,negative,0.0076578062708509195
1342264635597045762,negative,6.589662926400761e-07
1342264636813570050,negative,0.07409858964317478
1342264637136494593,negative,0.12248249736691665
1342264640810725376,negative,0.009760717503525121
1342264640970096647,negative,0.1472236224474914
1342264643637702663,negative,0.003353246261167886
1342264644761649152,negative,0.0016517701137548416
1342264645286064128,negative,0.015751190982413562
1342264646821097472,negative,0.15884973808023384
1342264647089582086,negative,1.910552357514866e-06
1342264647391461376,negative,8.515087045096324e-06
1342264647899111424,negative,0.0015488740665134102
1342264648217706496,negative,4.651880242096692e-08
1342264649077710849,negative,5.000458527407737e-07
1342264651799818241,negative,0.11062555909848666
1342264651963363333,negative,0.00029267990461877914
1342264653183856645,negative,0.15237137935820858
1342264653578178560,positive,0.7563251721790851
1342264653729071104,negative,0.03981544825483667
1342264656526766080,neutral,0.5486968456609221
1342264657852178434,negative,0.00044286331715456817
1342264658976251904,negative,0.13997518181407745
1342264659424980992,neutral,0.3448789537043245
1342264660528156672,positive,0.8796066192592152
1342264661769674754,negative,0.0022558990971385325
1342264661853564928,negative,0.028356350790423666
1342264662868504576,negative,0.03452886403625743
1342264662986027009,negative,0.30311666902129447
1342264663531253763,negative,0.0022303878573296013
1342264664558870529,neutral,0.5533970533999424
1342264665460637697,negative,6.889716109190783e-08
1342264665485815808,negative,0.0012445089043806013
1342264666857332741,negative,0.17292345803446063
1342264667608125442,negative,0.0029214682487369876
1342264670640615426,negative,2.5748448314182146e-05
1342264674717462529,negative,9.599526360363138e-07
1342264676667826179,negative,1.212361366335661e-10
1342264679025020929,neutral,0.5975469419068188
1342264681604505604,negative,9.301454083936083e-05
1342264683756183554,positive,0.7909245406637737
1342264685832372224,positive,0.7909245406637737
1342264686826414080,negative,0.1184013620515493
1342264688873238532,negative,0.01802643909317884
1342264689049427969,negative,0.19650443293174294
1342264690395787265,negative,0.0021116303739656416
1342264691138170880,negative,0.05106637002907062
1342264702701854721,neutral,0.5026973756387461
1342264702961922048,negative,0.23814515285141585
1342264703448457217,negative,0.031336094403990905
1342264705830805507,negative,0.0014852310599664492
1342264711669170178,negative,0.010821739943380863
1342264711937740806,negative,0.23814515285141585
1342264712776589313,negative,0.0446231873272348
1342264712889839617,negative,5.909114615371692e-07
1342264715762925568,positive,0.7909245406637737
1342264718669582343,neutral,0.39860016763037853
1342264722733879302,negative,0.058962091186553926
1342264725128826880,negative,0.23814515285141585
1342264726441635840,negative,0.07454976554653649
1342264726944952320,negative,7.369197057409559e-05
1342264728488456193,negative,0.04431263158694897
1342264732225572864,negative,5.116321921321893e-05
1342264733093675009,negative,0.1184013620515493
1342264736965140481,negative,0.00018368521120074656
1342264739175550976,neutral,0.3593672214136314
1342264740618235904,negative,0.001859667702058208
1342264743843803136,negative,0.08376201790017727
1342264743940268033,neutral,0.49789225920557484
1342264744267419649,negative,0.0009442169829896359
1342264744925945856,negative,0.06966682173266482
1342264748855988226,negative,0.042960113157444045
1342264749636120577,negative,0.009087159101972653
1342264751544524808,negative,1.7161990852840349e-07
1342264753939476482,negative,0.008558908976297889
1342264755982110721,negative,0.2906278741030604
1342264760117714944,negative,4.975693093425245e-08
1342264762252595202,negative,0.0031071229455055496
1342264763544457216,negative,0.11878086677931556
1342264763611557890,negative,0.10847861970092079
1342264763762487300,negative,9.398190360896807e-05
1342264766761467905,negative,0.009087159101972653
1342264769127047168,negative,0.000747704615129192
1342264770939023360,neutral,0.4737554465528978
1342264773216497664,negative,0.002714555254104013
1342264774739062784,negative,0.053635390797458604
1342264776735518726,negative,0.03120640828112574
1342264778027360258,negative,5.000458527407737e-07
1342264780615118848,negative,0.0011895048844179608
1342264780657188864,negative,6.817703685575946e-05
1342264784838946819,negative,0.003065837803221466
1342264784868302853,negative,0.25430911457786876
1342264790568357888,negative,0.0005819794619573549
1342264790606077958,negative,0.1184013620515493
1342264792023789573,negative,0.30407383761498624
1342264793344974848,negative,0.10976502105124358
1342264796142596096,negative,0.007046305154202699
1342264796473917440,negative,0.004474689680631412
1342264799988768769,neutral,0.5052510391936574
1342264800190083072,negative,0.0010427729243528215
1342264800601059328,negative,0.3043199535440306
1342264801016348672,neutral,0.5773775070722967
1342264801209298952,negative,0.24115230947174546
1342264801213480967,negative,0.09823330771572861
1342264803377737728,negative,0.0020541158980357595
1342264803562315777,negative,0.11048170974085236
1342264804694605825,negative,0.11548153664928552
1342264808289144832,neutral,0.3308723433454697
1342264809719537669,negative,0.0027274334715465228
1342264809841111040,negative,0.09330070914684761
1342264810134769665,negative,2.1575989235632336e-05
1342264811476963329,negative,0.006090637631782576
1342264812202565636,negative,0.008002740267951025
1342264812248559616,negative,0.17530011606073342
1342264812907028480,negative,1.2993312627035544e-06
1342264816451395585,negative,0.003436622549141249
1342264816791121925,negative,5.285159304825247e-15
1342264816958918657,negative,1.103927194370052e-07
1342264817109897216,negative,0.007094608813198761
1342264817445384192,negative,0.027289744188104013
1342264818217213952,negative,0.09984969728121398
1342264818460450817,negative,0.04083028957013082
1342264818691158016,negative,0.0020569846496614787
1342264818779254784,negative,0.0013404301490029455
1342264818934439936,negative,0.035572993044047235
1342264821543268352,negative,0.009655167226292012
1342264823577534464,negative,0.058962091186553926
1342264824168927232,negative,0.2023860839497017
1342264824500285440,negative,0.06535660362142086
1342264824600924161,negative,7.8964593116111e-10
1342264827104911362,negative,5.547586483555178e-06
1342264828451319808,negative,0.007046305154202699
1342264830363906050,negative,0.0838746724997052
1342264831408295936,negative,4.969202764544491e-05
1342264831810920448,negative,0.0001630059832550359
1342264832121171968,neutral,0.4622972483920686
1342264834583363584,neutral,0.4420165721091721
1342264834843406337,negative,1.2114722476918681e-06
1342264835296403458,negative,0.009535932451193043
1342264840916709380,negative,0.016869932826426393
1342264841592057857,neutral,0.381621183391186
1342264841701101570,negative,0.00018399221030468562
1342264841743060997,negative,1.0959735571543972e-06
1342264841860493315,negative,0.00481228655661772
1342264842640506881,negative,2.506731008112978e-07
1342264843030704131,negative,0.004509288445684958
1342264844322557956,negative,0.025521009978160064
1342264844620357633,negative,3.744662782739807e-07
1342264844997824512,negative,0.015773583174067275
1342264845190778880,negative,5.921525720601095e-07
1342264846671351808,negative,0.00011487712986063824
1342264847375990785,negative,1.6807992289421705e-09
1342264847946362880,neutral,0.3352210944855186
1342264850806878210,negative,0.0002392550969991425
1342264852006514688,negative,0.2812124665127172
1342264853239627776,negative,0.004345517932692738
1342264853394825217,negative,0.09375519958997075
1342264854279639040,negative,0.14974317935671755
1342264855441641472,positive,0.8867088447005714
1342264856314081282,negative,0.009087159101972653
1342264856758648835,negative,8.515087045096324e-06
1342264856951599105,neutral,0.6598123662204302
1342264857094217729,negative,0.013553590421414848
1342264857203236864,negative,0.0010427729243528215
1342264858117611527,negative,5.547586483555178e-06
1342264859715633152,negative,2.7890093777609002e-05
1342264859841470470,negative,4.414598171668602e-05
1342264865797320705,negative,0.024694100878818438
1342264866422317058,negative,0.004429844479035801
1342264866866921479,positive,0.7909245406637737
1342264867911294976,negative,0.010543224698307459
1342264868049719296,negative,0.0018112395590501407
1342264868641120256,positive,0.7909245406637737
1342264870033620995,neutral,0.3593672214136314
1342264870167670784,negative,8.958634372000853e-07
1342264870952198150,negative,0.13326666095464623
1342264871119966214,neutral,0.48038420429752
1342264871421939712,negative,0.12223698291097208
1342264872747347968,positive,0.7909245406637737
1342264873133215745,negative,0.09640323611645361
1342264873447813129,negative,0.30396949356940606
1342264873791717376,negative,0.0021116303739656416
1342264874576052224,negative,0.00508283694788516
1342264877759528961,negative,2.9964993947641026e-09
1342264878044741632,negative,1.6082051077464364e-07
1342264878518726658,negative,5.449775506012867e-05
1342264878560632832,negative,0.0002535454262846121
1342264878824886273,negative,0.01455003850376664
1342264879340810242,negative,0.1184013620515493
1342264879869292545,negative,0.05447534550667627
1342264880217415681,negative,3.792379489848801e-05
1342264880355831809,negative,0.19608385064557662
1342264881718980608,negative,3.4724997225669407e-10
1342264881974833153,negative,0.05352475611900498
1342264882163556353,negative,0.004730793197326052
1342264882360676355,negative,0.1215155795051418
1342264883107176448,negative,0.1354972190214031
1342264883358932992,negative,2.4394070637949676e-05
1342264884059365378,neutral,0.381875542748901
1342264884587765760,positive,0.9078414350505055
1342264884663365632,negative,0.0796461300344578
1342264885875527681,negative,0.05115898004683921
1342264886898909185,neutral,0.4306241434182096
1342264887452594177,neutral,0.46127768308170247
1342264900916277248,negative,0.015795892111638954
1342264900945506304,neutral,0.5533970533999424
1342264902942076928,neutral,0.43578060616678027
1342264904875716609,negative,0.09330070914684761
1342264906532319232,negative,0.00017109448101005308
1342264909053222912,negative,3.6481645508856666e-05
1342264910466715648,negative,6.817703685575946e-05
1342264917592780801,negative,0.00029038244704359414
1342264919035695104,positive,0.8759376084205867
1342264919866150913,negative,0.017054603518529318
1342264922563080193,positive,0.9542043903517397
1342264924848926720,neutral,0.33203164219640036
1342264927365570560,negative,7.016819982931731e-05
1342264927700963328,negative,1.8814007063288515e-05
1342264928510631942,neutral,0.49789225920557484
1342264931626921986,negative,0.09646578667338862
1342264931639578624,negative,0.034168297047262965
1342264935527624705,negative,0.008271587577439427
1342264943949864961,negative,0.1184013620515493
1342264946126630913,neutral,0.49789225920557484
1342264949113057280,negative,0.06868051282503528
1342264955811278850,negative,0.23398098051223332
1342264958923530242,negative,0.06686326867870067
1342264959439351809,positive,0.7909245406637737
1342264960265674752,negative,0.026698000950409848
1342264961037447168,negative,0.007046305154202699
1342264968507437056,neutral,0.5871993079698375
1342264969757396994,neutral,0.4137864123424281
1342264975318925314,negative,0.0016984442996489809
1342264977063882754,negative,0.0007947281187795242
1342264978947117057,negative,0.21090249377004808
1342264979240706051,negative,0.0033262695125060547
1342264979483983872,negative,0.00017109448101005308
1342264981392400389,negative,0.00017109448101005308
1342264982453555200,negative,0.002944122836935153
1342264982784901121,neutral,0.49789225920557484
1342264983485296641,negative,0.009087159101972653
1342264987428016134,negative,3.163138185401607e-05
1342264989739081728,negative,7.579016368783883e-06
1342264992742207493,negative,6.817703685575946e-05
1342264996345077761,negative,0.14870227111570603
1342264999297880064,neutral,0.589138462220788
1342264999297884160,negative,0.06653523155594042
1342265002539974657,negative,0.00201456479814039
1342265023809380352,negative,0.058962091186553926
1342265023901663233,negative,0.01616455903568405
1342265023998160896,negative,0.042108402184313456
1342265027575894016,negative,0.05697693646724305
1342265029605908486,negative,0.004937796716795088
1342265032273514496,negative,0.23398098051223332
1342265032898445312,negative,9.923639822080596e-05
1342265038137131008,negative,0.07012912088702614
1342265041643515907,negative,0.22695773199677524
1342265042553733121,negative,0.032348844086251556
1342265043094806528,negative,0.010543224698307459
1342265044134993920,negative,0.17004613741247365
1342265045649141760,neutral,0.3463924382325768
1342265047737892864,negative,0.0012463663046665885
1342265048152961025,negative,0.05890507406173358
1342265048669020160,negative,7.000968158929942e-05
1342265048929087488,negative,0.0005095573187923318
1342265051693113344,negative,6.817703685575946e-05
1342265052284514305,negative,0.01802643909317884
1342265054486528001,negative,0.32476060762037645
1342265055581265920,negative,0.0005819333606554976
1342265058118791170,neutral,0.46127768308170247
1342265058311680000,negative,0.0005338665238756682
1342265059511308288,negative,1.3325531491966307e-08
1342265060023009281,negative,0.004509288445684958
1342265062933856256,negative,0.0004616415117054471
1342265065815363585,negative,0.32506685266967134
1342265066129936385,negative,0.1184013620515493
1342265067451125760,negative,1.0930637694173976e-05
1342265069619585024,negative,0.26389264420752356
1342265070055784448,negative,0.04287224459841915
1342265072706580480,negative,0.04960964197842114
1342265074426269699,negative,0.016427604373005056
1342265074589831173,negative,2.9498702542189916e-16
1342265075978170380,positive,0.7909245406637737
1342265076389175299,negative,0.031169623177043457
1342265076477292549,negative,0.1184013620515493
1342265077609754625,negative,0.00017109448101005308
1342265078998061058,negative,0.02070423804502563
1342265079601885184,negative,0.007796529862268794
1342265080134688769,neutral,0.5473674563125951
1342265081212628994,negative,0.009087159101972653
1342265082584117248,negative,3.8518669949501684e-05
1342265082810658817,negative,3.550598869560159e-05
1342265083997650944,negative,0.0003345276233171285
1342265085306294278,negative,0.07192298659144568
1342265089412509696,negative,0.0016984442996489809
1342265089806782465,positive,0.7909245406637737
1342265091023130631,negative,0.004300878492222307
1342265091979431936,negative,0.1184013620515493
1342265092579192833,negative,4.2176711289668804e-05
1342265092667101185,negative,8.515087045096324e-06
1342265093745238018,negative,1.7440922604655971e-06
1342265094659563528,negative,0.00017109448101005308
1342265094995144709,negative,0.000361217248867827
1342265095980777482,negative,0.00011485589341391653
1342265096207265792,negative,0.20740513237370262
1342265096773496833,negative,0.0001630059832550359
1342265097176145921,negative,0.026926096156326636
1342265098417692674,negative,0.0029162106044717155
1342265098535116802,negative,7.847061863400528e-11
1342265099046805510,negative,0.01616455903568405
1342265101466918912,neutral,0.42507619662732005
1342265101626310656,negative,0.004985606750573714
1342265103069151234,negative,0.011538404096376137
1342265104415469569,positive,0.9205854040796076
1342265104881086465,negative,0.0031071229455055496
1342265105287946240,negative,0.09330070914684761
1342265105401176064,negative,0.12248249736691665
1342265105527017472,negative,5.121154846943292e-07
1342265105921298438,negative,0.0012445089043806013
1342265107691220993,negative,0.23378051619866402
1342265108895064064,negative,0.001909032705806478
1342265111130632197,negative,0.0010062747560851705
1342265112082710528,positive,0.680174309033985
1342265112539918336,negative,0.13036130171474938
1342265113374560257,negative,0.07533783325885997
1342265113697427456,negative,0.12223698291097208
1342265113886265344,negative,0.0010427729243528215
1342265115207475201,negative,0.1439972719646778
1342265115438161920,negative,0.0004168828618723287
1342265115874308096,negative,0.00028871294434574526
1342265116029497345,negative,0.01160725873521015
1342265116792918016,negative,0.009087159101972653
1342265117430456326,negative,0.06299958053552748
1342265122337787906,negative,0.00017109448101005308
1342265122379735041,positive,0.9872541125833615
1342265123101151232,negative,0.020059381779832047
1342265126276182016,negative,0.007046305154202699
1342265128331448321,negative,0.00017109448101005308
1342265130042728448,negative,6.83052087806662e-05
1342265132106338307,negative,5.196985405331361e-10
1342265133083590656,negative,0.009087159101972653
1342265134564184064,negative,0.29303055494850816
1342265135117836288,negative,0.0010538655367577298
1342265140150984704,negative,0.0067439644490239125
1342265140599668736,negative,6.817703685575946e-05
1342265140931141632,negative,0.21544696844714822
1342265141304451072,negative,0.02900078648831975
1342265143644848128,negative,0.00017109448101005308
1342265144294993921,negative,0.15810545062380676
1342265145851080705,negative,2.4425931891134342e-05
1342265146467639299,negative,0.3114611452123046
1342265147809800193,negative,0.04287224459841915
1342265148652843010,neutral,0.5743452650545291
1342265155447631874,neutral,0.49789225920557484
1342265159142813697,negative,0.0004294246354881376
1342265162280153088,positive,0.7909245406637737
1342265164058517505,positive,0.680174309033985
1342265167699128321,negative,0.008769709174195787
1342265167720181760,negative,0.027579924273250744
1342265169641136132,negative,7.219399210988782e-05
1342265173856411650,negative,0.03712728393890351
1342265180198154240,negative,0.15810545062380676
1342265180852510720,negative,0.007046305154202699
1342265181083201537,negative,1.7719355383426894e-05
1342265181951438854,neutral,0.4975211914288348
1342265182526066693,positive,0.8823968258070406
1342265185634037765,negative,0.007046305154202699
1342265187861213184,positive,0.7909245406637737
1342265193687109634,negative,0.0021116303739656416
1342265194483892224,negative,0.0001123780949996407
1342265195570356224,neutral,0.594600295084071
1342265195691991040,neutral,0.42391923077025806
1342265200104366081,negative,0.002815701017148465
1342265201996034049,negative,0.008227646837709556
1342265206559408130,negative,0.14870227111570603
1342265211344961536,neutral,0.40152641315434723
1342265218177642498,negative,0.00017582172268412865
1342265218567729154,negative,0.00016036712028058784
1342265221545656328,negative,2.6431785707755844e-09
1342265227249934343,negative,0.020507332300573864
1342265233663004677,negative,3.163138185401607e-05
1342265242294878208,negative,0.0472206563583103
1342265243335057410,neutral,0.49789225920557484
1342265244882767873,negative,0.093065096397385
1342265247843889152,negative,0.11924197513035559
1342265250670911488,negative,1.6368520462644858e-08
1342265251304255491,negative,0.02825198820122636
1342265253384613891,negative,0.0021116303739656416
1342265254001176576,neutral,0.4428158579128249
1342265254139592704,negative,1.4687418768546171e-09
1342265255276249088,negative,0.03845309961145903
1342265255465005065,neutral,0.4373566423025436
1342265256438079489,negative,0.23398098051223332
1342265256526163973,negative,0.0032868863972362666
1342265256937213952,negative,2.0358507193072975e-05
1342265257348087808,negative,0.10472766308218502
1342265257482465280,negative,1.7693529206970863e-05
1342265258338119680,negative,0.0003430448908156571
1342265259143401472,negative,0.00017109448101005308
1342265259420168193,negative,0.21047953907773329
1342265259529285633,negative,0.010821739943380863
1342265260082925568,negative,0.0056057719311155925
1342265260967919618,neutral,0.4737554465528978
1342265261311852544,negative,0.162758564719032
1342265262364631041,neutral,0.43578060616678027
1342265263698358272,neutral,0.33117239293877765
1342265263769735168,negative,7.8964593116111e-10
1342265264881037313,negative,1.5710892461328137e-06
1342265265288081413,negative,0.02327505217860611
1342265266919649280,negative,0.11705960195381153
1342265267146158080,negative,0.0979576789924694
1342265269666926592,negative,7.400894493572434e-07
1342265270367301635,negative,0.2545988382239184
1342265270413500416,neutral,0.4100024783199911
1342265270468022273,negative,0.001643040112475361
1342265271634059264,negative,0.21821773099278652
1342265276809834496,negative,1.9764324121171833e-05
1342265277073993729,negative,0.05362181895143222
1342265277313130501,negative,0.03635018486508849
1342265277573160965,negative,6.548140714472342e-06
1342265277594136582,negative,0.02177225556927092
1342265277984231427,negative,0.009760717503525121
1342265278290407426,negative,0.005928838462996148
1342265278407835648,neutral,0.48406519993020347
1342265281406636033,negative,8.515087045096324e-06
1342265283491336192,negative,0.02900076487604932
1342265284133060610,positive,0.7909245406637737
1342265285424926725,negative,0.0020730089676728176
1342265287685656576,negative,0.019196637429483427
1342265288302145539,negative,0.23475993127835598
1342265288948117504,negative,0.008558599281380978
1342265290579697664,negative,0.03403443016990342
1342265291645067264,negative,5.743734701435673e-05
1342265292181958658,negative,0.0010427729243528215
1342265294652379140,negative,0.0010671953695969149
1342265294891470851,negative,0.0006485741074941717
1342265296137187330,negative,0.00011784737170455604
1342265296648884227,negative,7.63576812270927e-13
1342265297521274880,negative,0.00030915010877106063
1342265297881980928,negative,0.06568553540705582
1342265299274502150,negative,7.244081353421359e-06
1342265303158448128,negative,0.008566861788800222
1342265303347195906,negative,0.02329323645236039
1342265305201049601,negative,0.017076439372998926
1342265307201732608,negative,0.00044286331715456817
1342265307268845573,negative,6.817703685575946e-05
1342265308283883521,negative,0.0031071229455055496
1342265309340839936,negative,0.031336094403990905
1342265313228939264,positive,0.7158034134183016
1342265315997179905,negative,0.00014312658925294926
1342265317683318785,neutral,0.5971372102662001
1342265318165647361,neutral,0.49789225920557484
1342265318241087488,negative,0.003825016958534362
1342265320795467776,negative,0.16709724245118363
1342265321651118081,negative,0.046244363965600443
1342265321978277892,neutral,0.44280614448065786
1342265324809433091,negative,2.4648213495052676e-05
1342265325740580867,negative,4.862518913169365e-07
1342265326432563200,neutral,0.5871993079698375
1342265328215207936,negative,0.06405250631552971
1342265335156760576,negative,0.1771929814033195
1342265337476227073,negative,4.101021112169484e-06
1342265337602060288,negative,0.10353202383567305
1342265343016923137,negative,0.009087159101972653
1342265343616671744,negative,0.10189721805660573
1342265346066149377,negative,0.2814623313707707
1342265349996224513,negative,0.01615575654303187
1342265352714137603,negative,0.00011947042447633381
1342265356522577922,negative,0.0016984442996489809
1342265363472416768,negative,3.415572718625881e-07
1342265367129952259,neutral,0.39860016763037853
1342265368761561089,neutral,0.38631107836805817
1342265370539909120,negative,0.06831382184715121
1342265372658049028,negative,2.8993851808563564e-09
1342265374520303619,negative,5.7557605915953273e-05
1342265378043547648,negative,0.00887915858479457
1342265379150823428,negative,0.007046305154202699
1342265379930959876,neutral,0.5999352238380833
1342265379939217408,negative,0.0021116303739656416
1342265383194136577,negative,0.009087159101972653
1342265383726829571,negative,0.17391761695589428
1342265383999434752,negative,0.23814515285141585
1342265384968196096,negative,1.2690518221637102e-09
1342265386402783234,negative,0.10977635828149111
1342265390165065731,negative,0.00044286331715456817
1342265404526309376,negative,0.07018415075175274
1342265409580445697,positive,0.6974465156945517
1342265412147408899,negative,0.0026812772105823885
1342265413497925632,negative,0.0060381075471655325
1342265413548306432,negative,0.0026400901406600946
1342265413829320706,negative,0.024789251717288904
1342265414303281157,negative,0.009655167226292012
1342265414311620618,negative,0.00044286331715456817
1342265416564006914,negative,0.11538632443943099
1342265417595817984,negative,0.17773717174369294
1342265424948449281,negative,0.01381816744785965
1342265425971847168,negative,0.016869932826426393
1342265426923974659,negative,0.0006941478450951472
1342265432858787840,negative,0.07459591571208014
1342265436461785088,neutral,0.4201460604539288
1342265440328937478,neutral,0.5533970533999424
1342265444242247680,negative,5.2354190461617574e-05
1342265446616195073,negative,0.015379296178486927
1342265446842720258,negative,0.040998170080964076
1342265447346003968,negative,0.010071011838081357
1342265453360664578,positive,0.7909245406637737
1342265455944335362,negative,0.054327400666022506
1342265457873735680,neutral,0.6245373212760361
1342265461581479936,negative,2.8634617253070665e-06
1342265464181956608,negative,0.00017109448101005308
1342265468481110016,negative,0.1184013620515493
1342265470255296513,negative,0.1302799861411499
1342265471412936704,negative,0.1442429180353974
1342265472201322496,neutral,0.3499352441185855
1342265479763816449,negative,0.016714336386832434
1342265481533804544,negative,0.005307332645106144
1342265481743523840,negative,0.22693736885522003
1342265483760967682,negative,0.0012445089043806013
1342265484440465408,negative,0.00891375960757663
1342265484528340992,negative,0.0028035244083337357
1342265484826320899,neutral,0.38384226619729794
1342265485002485760,negative,0.15726933572555024
1342265485388349441,negative,0.015810689573505066
1342265486772498435,negative,0.014588852553985482
1342265487389040640,negative,0.007046305154202699
1342265487430983680,negative,0.00017109448101005308
1342265494397566976,negative,0.0018523242836531377
1342265497820278785,negative,0.009087159101972653
1342265497904099334,negative,0.02046478315022836
1342265501972574211,negative,0.00255702092575376
1342265503084142594,negative,0.00017109448101005308
1342265506338897922,negative,0.1184013620515493
1342265508972949504,negative,0.0031071229455055496
1342265512374448132,negative,0.014407046661067702
1342265516874981376,negative,0.00025643483445859694
1342265518552731648,negative,1.1782714523838885e-11
1342265521962704900,negative,0.10073975421963365
1342265523074191362,negative,0.1472236224474914
1342265525875986434,negative,0.004740826658642988
1342265527750811648,negative,2.8365850293614024e-07
1342265529420181504,negative,0.00017109448101005308
1342265531743809536,negative,0.002745298738113449
1342265534843379712,negative,0.00017582172268412865
1342265535078215680,negative,0.021377123214201224
1342265535585792000,negative,0.0031071229455055496
1342265535833268224,negative,4.1970248861352044e-05
1342265536902811648,negative,0.2997141605431129
1342265537821175808,negative,0.002964484802930866
1342265538119163906,negative,0.054766534326372976
1342265538655956995,negative,0.0003733180181826975
1342265541197770752,negative,1.1799024330240125e-06
1342265541784989696,negative,0.0002471036776471243
1342265545882742786,negative,2.3287215060007405e-08
1342265548978188288,negative,4.1970248861352044e-05
1342265551414956032,negative,0.18527681405969185
1342265551461076992,negative,0.06681127650203313
1342265553948438529,neutral,0.49789225920557484
1342265557358415872,negative,0.00010763618577771988
1342265557798760454,negative,0.012057190403175135
1342265559472353281,negative,0.10120985841713535
1342265563998015496,negative,0.08241537772646128
1342265569073102849,negative,0.09021459667914732
1342265579856662529,negative,0.00029038244704359414
1342265581442117632,negative,0.02329323645236039
1342265583199522817,neutral,0.5655826440228839
1342265584466210816,negative,5.000458527407737e-07
1342265584784912386,negative,0.0011029630950383012
1342265585351217152,negative,0.001170955117424581
1342265587658055680,negative,2.8993851808563564e-09
1342265590866710528,negative,0.00017582172268412865
1342265595388174337,negative,0.010821739943380863
1342265600203231237,negative,0.0067439644490239125
1342265601960640512,negative,0.12250948636848095
1342265603378335744,negative,0.21145165968409846
1342265606209482755,positive,0.7909245406637737
1342265610894536705,negative,0.054673827435417606
1342265614329647107,negative,0.00017582172268412865
1342265615013335046,negative,0.010180016942306058
1342265615227232257,negative,0.010821739943380863
1342265619090190337,negative,0.0009251785690707048
1342265619929059328,negative,0.007717842417768297
1342265620054892544,neutral,0.5307331571095393
1342265620600156162,negative,0.058962091186553926
1342265621699059712,negative,0.00017109448101005308
1342265626048532482,negative,0.07277699621843312
1342265629735325697,negative,0.032348844086251556
1342265631052333062,negative,0.10314694145305743
1342265632260292613,negative,0.1184013620515493
1342265633828909056,negative,4.681527059785829e-07
1342265634663620609,negative,0.0021116303739656416
1342265635917721602,positive,0.7909245406637737
1342265640925671424,negative,0.08502238529453657
1342265640963485696,negative,0.02600818380610129
1342265646453764104,negative,0.023183375222991114
1342265647670161414,negative,0.03845309961145903
1342265648655826946,neutral,0.45761032476461033
1342265652086763521,negative,0.1184013620515493
1342265659183558656,negative,0.00044286331715456817
1342265660538318848,negative,0.00017109448101005308
1342265663692419074,neutral,0.3945772983179706
1342265665902825472,negative,0.01616455903568405
1342265676803629059,negative,0.010796772293720919
1342265678070472705,negative,0.012352844781878645
1342265680259915778,positive,0.7909245406637737
1342265683153924098,negative,0.00012297967634670388
1342265688069722112,negative,0.009655167226292012
1342265694101135360,negative,0.0004241230112379337
1342265694193397760,negative,0.011336104168856742
1342265698786140162,negative,6.369288136660643e-05
1342265699146854401,negative,0.008979738927004885
1342265701525049345,negative,0.022963134378601837
1342265704326832132,negative,0.19958462900682455
1342265704725139457,negative,0.3264515995871929
1342265706256216064,negative,0.19993680648546794
1342265706654662656,negative,0.005828565350070747
1342265707237666817,negative,0.00017109448101005308
1342265710504935424,negative,0.0020110122635098224
1342265717333372929,neutral,0.49789225920557484
1342265719631839233,negative,0.0003733180181826975
1342265721120829443,negative,0.00017109448101005308
1342265726032338947,negative,1.8553294061370825e-05
1342265727336783872,negative,0.022232862883677557
1342265728477655041,negative,0.18556371734001487
1342265731581440000,negative,0.00012886923598357422
1342265733535985664,negative,0.007046305154202699
1342265733749813248,negative,0.00017109448101005308
1342265738166480899,negative,0.009655167226292012
1342265740087324672,negative,0.00043113251710523226
1342265740448178176,negative,0.11055569398762737
1342265742314635264,negative,0.008973671901314845
1342265747226177536,negative,0.0036310816090559354
1342265748278882304,negative,2.500258766330169e-05
1342265748757078016,negative,0.07815008163135426
1342265752326434816,negative,0.009902255830766187
1342265754398420992,negative,0.15164343140384545
1342265760467582976,neutral,0.49789225920557484
1342265760501149707,positive,0.7909245406637737
1342265760652079104,negative,0.004740826658642988
1342265761792987136,negative,0.25015754205081026
1342265762136862720,negative,0.004509288445684958
1342265762711564288,negative,0.000914868666385634
1342265764921946112,negative,0.0010538655367577298
1342265766364766209,neutral,0.4830058880978464
1342265766943617025,negative,0.009655167226292012
1342265768138993665,negative,0.009863398208601963
1342265769162399744,negative,0.012009176438499376
1342265771242745858,negative,0.011336104168856742
1342265775252525062,negative,0.15961621100019802
1342265776405929986,negative,0.003293772229712097
1342265777005719559,negative,0.009087159101972653
1342265780558323714,negative,0.0026400901406600946
1342265785125900288,negative,0.04912196249729304
1342265787462144005,negative,0.25430911457786876
1342265788527423488,negative,0.02863318724722656
1342265789068488704,negative,0.00017582172268412865
1342265792671469568,negative,0.09688879571712734
1342265795414552576,positive,0.7158034134183016
1342265799407513606,neutral,0.49789225920557484
1342265801143967745,negative,0.0948908403365332
1342265802653904897,negative,0.03124137667756368
1342265805472493570,negative,0.027289744188104013
1342265807875805184,negative,8.515087045096324e-06
1342265808534253568,negative,0.28163199070412964
1342265809863733250,negative,0.11924197513035559
1342265811063357440,neutral,0.49789225920557484
1342265812250288128,negative,0.19475404833615956
1342265813483577351,negative,0.23814515285141585
1342265813588443137,negative,0.28919263297417297
1342265814213390343,negative,0.12050164035039132
1342265818328031234,negative,0.31062133515766494
1342265818512584704,neutral,0.33941070920057254
1342265819233968128,negative,0.11787486432420803
1342265819364007939,positive,0.7909245406637737
1342265824015491073,negative,0.1184013620515493
1342265829312884737,negative,0.00044286331715456817
1342265832114630656,negative,0.014776990777425291
1342265835767918592,negative,0.007217439023533475
1342265837835542529,negative,0.03291775695099524
1342265839412764672,negative,0.0070990163739370225
1342265840146804737,negative,0.00017109448101005308
1342265843758075904,positive,0.6766618400247753
1342265847323230208,neutral,0.49789225920557484
1342265847545532417,negative,0.032995060921744264
1342265851253297153,negative,4.1970248861352044e-05
1342265851496591363,negative,0.016218976321130958
1342265853874757633,negative,0.00017109448101005308
1342265862196060160,negative,0.26389264420752356
1342265865685839882,negative,0.03635018486508849
1342265865698308097,negative,0.002096566642886984
1342265866067566592,negative,0.00030797119678919766
1342265870580654080,negative,8.203475650051812e-07
1342265870723162112,negative,0.0019401454863566454
1342265872753319936,negative,0.0201833937371543
1342265874640744450,negative,0.0002823357541909066
1342265874879631360,neutral,0.40152641315434723
1342265878717587456,negative,6.441260905531003e-05
1342265881603272704,negative,1.1346922674431021e-06
1342265887265595392,positive,0.9944834494897115
1342265888209305600,negative,0.012206841819139926
1342265896220450816,negative,0.0001407022417338962
1342265896832823297,negative,6.817703685575946e-05
1342265900221812740,negative,4.0701027576783747e-07
1342265902436397056,negative,0.009655167226292012
1342265903187111938,negative,1.2216918294421622e-06
1342265910464229376,negative,0.04050637625647134
1342265917208670208,negative,0.0026400901406600946
1342265917212930048,neutral,0.4504170170246265
1342265919356203009,negative,0.08783976614162912
1342265919544971266,negative,0.00019106958262577215
1342265921214304256,negative,1.6919185174861635e-05
1342265921960861696,negative,0.0067439644490239125
1342265923743473664,negative,0.012487335807890914
1342265924729110529,negative,0.23814515285141585
1342265927262294017,negative,3.090967943419823e-05
1342265928168435712,positive,0.9542043903517397
1342265928508207104,negative,0.02997179157257922
1342265937869856768,neutral,0.4937382097568689
1342265943792250880,negative,0.00017109448101005308
1342265943871860737,neutral,0.4896087508204482
1342265944501067778,negative,0.00017109448101005308
1342265946124279811,neutral,0.43578060616678027
1342265951623008263,negative,0.20447707257402986
1342265960879837184,neutral,0.49789225920557484
1342265964486930432,negative,0.0043774614761341495
1342265965048963072,negative,0.02863318724722656
1342265969209696257,negative,0.0020861540401790495
1342265971545939968,negative,0.1025718201017784
1342265978089050115,negative,0.0067439644490239125
1342265982690197505,negative,0.009655167226292012
1342265983264763905,negative,0.0004418949914539801
1342265984162344960,neutral,0.49789225920557484
1342265987253604352,neutral,0.48038420429752
1342265991405981701,negative,1.2990143495962473e-06
1342265992861392896,negative,0.010180016942306058
1342265994476216320,negative,4.423709657706276e-06
1342265998385295360,negative,0.12248249736691665
1342265999060578304,negative,0.05115898004683921
1342266001812058112,negative,0.14339128884293262
1342266001824612352,negative,0.004700554822791812
1342266001858158593,negative,3.0729094836624272e-06
1342266002977992704,neutral,0.5472960823705576
1342266003439431680,negative,0.014425713493889014
1342266004072751106,negative,0.030408627622846403
1342266008854286336,negative,0.24867189952856097
1342266010129358848,negative,0.0034667433666191417
1342266010833850368,negative,0.0007439715465799893
1342266011609927680,negative,9.887498358295583e-06
1342266015766364160,negative,0.007290378313673285
1342266016034926595,neutral,0.49789225920557484
1342266017263865856,neutral,0.49789225920557484
1342266018090119169,negative,0.2812124665127172
1342266018954174464,negative,0.00011119416413306605
1342266019604279297,negative,8.515087045096324e-06
1342266021147799553,negative,0.034901016478561656
1342266021818867713,negative,0.1184013620515493
1342266022259208194,positive,0.7909245406637737
1342266023643373580,negative,0.3116200642863228
1342266025094623232,negative,0.003566906859200871
1342266028303257600,negative,0.002745298738113449
1342266028785483776,negative,0.0010427729243528215
1342266033848152065,negative,0.005058963611082928
1342266034611482624,negative,0.06647016157694538
1342266035014086664,negative,0.0004760529356788509
1342266035123019777,negative,7.926632759223665e-07
1342266035467128834,negative,0.01824248043843383
1342266036058345473,negative,0.027289744188104013
1342266039640477696,negative,0.009871942820829033
1342266039988613120,negative,0.007046305154202699
1342266043310493696,negative,0.012487335807890914
1342266044031889410,negative,0.00044286331715456817
1342266044728168448,negative,0.012487335807890914
1342266044866588672,negative,6.817703685575946e-05
1342266045810188288,negative,0.03845309961145903
1342266046477193216,negative,0.005026369834513546
1342266046582038528,negative,0.001207461366249523
1342266047303442434,negative,0.17218016099005984
1342266055297740800,negative,0.0030055605942955724
1342266055490596864,positive,0.8619084794855766
1342266060146438155,positive,0.9956703077976866
1342266060607811590,negative,0.00015513637606910625
1342266063824723974,negative,0.013208338339469801
1342266064596512769,negative,0.12053606838317396
1342266067746496518,negative,0.0016224073878755548
1342266071286509568,negative,0.00017582172268412865
1342266074478358530,negative,0.07277699621843312
1342266075694641152,neutral,0.35325382561744717
1342266075812134913,positive,0.9542043903517397
1342266079134015488,negative,1.9113393922423547e-06
1342266081000345600,negative,0.0004188524182050906
1342266081063424011,negative,0.009087159101972653
1342266084087521281,negative,0.00010787568844779676
1342266087904309254,negative,0.0016650903358163929
1342266088034328576,negative,0.008271587577439427
1342266090869690369,negative,7.620913208010519e-07
1342266094724263936,negative,0.004740826658642988
1342266094770380800,negative,0.016427604373005056
1342266098788528128,negative,0.027289744188104013
1342266099799379968,negative,6.817703685575946e-05
1342266100990566400,negative,0.014310841573965657
1342266105633632256,negative,0.012295029069035065
1342266108947140609,negative,0.0002615008052650944
1342266113925795840,negative,0.09753878678201992
1342266114756268032,negative,0.19070784469509247
1342266120783458305,negative,0.13326666095464623
1342266122272468995,neutral,0.46127768308170247
1342266122352136192,negative,0.00017109448101005308
1342266122687668224,negative,0.054766534326372976
1342266124440887298,positive,0.7909245406637737
1342266126068310017,negative,0.00044286331715456817
1342266126885998592,negative,0.23814515285141585
1342266129268539398,negative,0.0033716812381973135
1342266133488029703,negative,0.028175972531825286
1342266138697355270,negative,0.004740826658642988
1342266142379954181,negative,9.080255651634378e-06
1342266143634022401,negative,0.0005710756815604543
1342266145282416641,negative,0.0029724931383940073
1342266148990185473,negative,0.25430911457786876
1342266149409611776,negative,0.17276285229456395
1342266152354009092,negative,0.00569366667307137
1342266152656003073,negative,8.203475650051812e-07
1342266152785829888,neutral,0.3904276001655859
1342266159316541440,negative,0.00619646015842036
1342266160574828545,negative,2.6068860031436975e-05
1342266162193817601,negative,0.002862790881018507
1342266167763881985,negative,0.009087159101972653
1342266170599235586,neutral,0.6373303613561087
1342266173044486145,negative,0.010796772293720919
1342266178413203461,negative,0.00017109448101005308
1342266183983181824,negative,0.0034421108000108193
1342266185526751232,negative,0.2587469144932542
1342266185958764546,negative,0.048964211494607786
1342266186340454401,negative,0.00018983998561175077
1342266186625650689,negative,0.00017582172268412865
1342266187246268416,neutral,0.33410125450557204
1342266188701683712,negative,0.035586734489924166
1342266191566528514,negative,1.1153555451924285e-05
1342266191742705666,neutral,0.47721084459566293
1342266193567211522,negative,0.011742602243832388
1342266193709772800,negative,5.667585845313686e-06
1342266194552905732,negative,7.8964593116111e-10
1342266198222798849,positive,0.8488784103859388
1342266198743011328,negative,0.004085642628989076
1342266198776553472,negative,0.007046305154202699
1342266202664656900,negative,0.0015566111166762482
1342266203067310080,negative,0.009087159101972653
1342266203541299202,negative,0.03748193775637961
1342266204531134465,negative,0.0031381298139222815
1342266205084786694,negative,0.07786434592071659
1342266205831364608,negative,9.587169757530673e-05
1342266207416696832,negative,0.16532172419126437
1342266207731404800,negative,0.012295029069035065
1342266208150843392,negative,0.01356349760086835
1342266208578519042,negative,2.7376817411780284e-07
1342266210398969861,negative,0.0012445089043806013
1342266211279790081,negative,0.23814515285141585
1342266213821534208,negative,0.002745298738113449
1342266214165348352,neutral,0.34540018270620815
1342266215084019712,negative,0.09984969728121398
1342266219295105025,negative,0.00047846031465316946
1342266222080118785,negative,0.22596764128245084
1342266222394679296,negative,0.0005520065288040503
1342266224164671491,positive,0.7909245406637737
1342266224185651200,negative,8.515087045096324e-06
1342266224332431361,negative,0.019196637429483427
1342266227209728000,negative,0.3020135550609068
1342266228228956162,negative,0.0020110122635098224
1342266228631629824,negative,0.018259017796944936
1342266230141546496,negative,1.874788548566954e-05
1342266231244476416,negative,0.0016984442996489809
1342266232070938625,negative,6.817703685575946e-05
1342266232708464640,negative,0.1720767428995029
1342266233035616258,negative,0.23559452850870796
1342266234663006208,negative,0.004710211251657111
1342266235124379649,negative,2.968265998735304e-05
1342266236307189760,negative,0.08704767312460909
1342266236621746176,negative,2.2588590782454654e-09
1342266236831485952,negative,9.928590469095028e-05
1342266238760857601,negative,0.00017109448101005308
1342266239004135426,negative,0.2042206625762188
1342266240329515010,negative,0.006090637631782576
1342266242078539778,negative,0.07012912088702614
1342266242711904260,positive,0.8795443655192069
1342266243500355584,negative,0.0005308275244771702
1342266243743543296,negative,9.711266726680176e-05
1342266244850974720,positive,0.6936478868758833
1342266245266231298,negative,0.03589160844210587
1342266246583242753,neutral,0.5112662818228358
1342266247421956097,neutral,0.46127768308170247
1342266248571314178,negative,0.05675839757673578
1342266249934417920,negative,0.00017109448101005308
1342266250102145024,negative,0.057100421758971884
1342266250815160320,negative,0.11601596699851242
1342266252262334465,negative,8.515087045096324e-06
1342266252845338624,positive,0.9634834649974734
1342266255047327749,negative,5.8367285771607334e-08
1342266256850890757,neutral,0.3689221678723774
1342266256922189827,negative,0.10088376213108355
1342266257312264194,negative,0.0008918985870382534
1342266259606548483,negative,0.009087159101972653
1342266262378995713,negative,0.26076950668447035
1342266262429175809,negative,0.23398098051223332
1342266265847672832,negative,0.05630062190642134
1342266266422284289,positive,0.860271355127274
1342266266774458368,negative,0.23814515285141585
1342266266908815365,negative,0.02329323645236039
1342266267030466561,negative,0.1658240001070377
1342266270075547649,negative,9.408529988076039e-05
1342266270197153794,negative,0.04655577628293924
1342266273409986560,negative,0.010180016942306058
1342266273498071040,negative,0.00508283694788516
1342266274299174914,negative,0.010064909227752364
1342266277050646535,neutral,0.48038420429752
1342266280120885248,negative,0.09753878678201992
1342266287846731778,negative,2.6068860031436975e-05
1342266288551424000,negative,0.0036344258650659314
1342266290233339905,negative,0.00017109448101005308
1342266292686958594,negative,0.0008341526859661416
1342266293702033411,negative,0.010616906213830686
1342266294507331589,negative,0.000761206389670654
1342266299041402880,neutral,0.49789225920557484
1342266299808948232,negative,0.00024750705399285213
1342266302396846094,negative,0.0021116303739656416
1342266304921669632,neutral,0.5048894571487348
1342266305592713218,negative,0.016464699376844857
1342266305701965828,negative,2.660168004677056e-09
1342266306322690055,positive,0.9995092079428576
1342266306410647552,negative,3.992622418629451e-07
1342266306427424768,negative,0.05212392945855184
1342266308902199296,negative,0.027289744188104013
1342266309799718912,negative,0.1184013620515493
1342266310223388673,negative,0.027289744188104013
1342266313746632704,negative,0.16934980977232453
1342266316103835652,negative,0.0008262296198088623
1342266317429211136,negative,0.03461384541361707
1342266319488626689,negative,8.03394121844541e-06
1342266321820651521,negative,1.1469331270384465e-14
1342266323938779138,negative,8.57124781293679e-09
1342266324333031425,negative,1.5140811828829055e-05
1342266325352280065,negative,0.034996578139417915
1342266326031757312,negative,0.014205827926210534
1342266328560840704,negative,0.00017109448101005308
1342266332545507329,negative,0.18517530038583943
1342266332990087169,neutral,0.6245373212760361
1342266334642663430,negative,0.027289744188104013
1342266342465003525,negative,0.00044286331715456817
1342266345950478338,negative,0.0001039175126215644
1342266352648810496,negative,0.00017109448101005308
1342266352749441025,negative,0.00017109448101005308
1342266355043725315,negative,0.10855895138825582
1342266355417014272,negative,0.036870999809779426
1342266356163600385,negative,0.008062656568248458
1342266357086363648,negative,0.07060751460221949
1342266358336143360,negative,2.606162601739257e-05
1342266362748686336,neutral,0.6323720940364075
1342266365307211777,positive,0.7841100833134645
1342266369312776192,negative,0.01629480158786063
1342266370214526976,neutral,0.340968632410737
1342266371099381760,negative,0.0004306659966556669
1342266372529610752,negative,0.003566906859200871
1342266377382592512,negative,0.009655167226292012
1342266377550376961,negative,0.03333227872485215
1342266378145779713,negative,7.926632759223665e-07
1342266385058197505,negative,0.007217439023533475
1342266388673605637,negative,0.04275548090686738
1342266391638933506,negative,0.3243251908969459
1342266396970012672,neutral,0.5562490694065894
1342266399075532816,negative,0.10835610613522914
1342266399465598977,negative,0.07107465320823252
1342266402078654466,negative,0.012487335807890914
1342266404263911425,negative,8.515087045096324e-06
1342266404565889025,negative,0.28227400815688525
1342266406184890369,negative,0.06832627193836563
1342266407426412545,negative,0.2812124665127172
1342266409011867648,negative,0.002797963787220753
1342266409049419776,negative,0.006720905989338632
1342266409435488257,negative,0.0016517701137548416
1342266411968851970,negative,0.03748193775637961
1342266413541597184,negative,0.27538537887707226
1342266413805948928,negative,0.09654759996512283
1342266414560849923,negative,0.27651286090111793
1342266415693357056,negative,0.1211759908153635
1342266416108605440,negative,0.23814515285141585
1342266416158879749,negative,0.06511421047134759
1342266418184777728,negative,0.00017109448101005308
1342266419183054850,negative,0.01546045494240292
1342266419791147009,negative,0.09107462386660947
1342266421309538314,negative,0.0004760529356788509
1342266421791891457,negative,0.0005332689530499655
1342266422345527296,negative,2.3070805874201664e-05
1342266423893229569,negative,0.04637555485987769
1342266425260593154,negative,0.2833848953654449
1342266425789046794,positive,0.9205854040796076
1342266426539839488,neutral,0.49789225920557484
1342266428733464583,negative,7.000968158929942e-05
1342266428859195392,negative,6.028478967650396e-05
1342266430771892226,negative,0.04527525280289088
1342266431069679620,negative,1.1799024330240125e-06
1342266432038572032,neutral,0.5052510391936574
1342266432084717568,negative,0.05115898004683921
1342266433678569473,negative,2.5748448314182146e-05
1342266434664202240,negative,0.002745298738113449
1342266434706157568,negative,1.4535639636323797e-05
1342266434815188994,negative,3.7780426723534714e-06
1342266435016527874,negative,0.0004760529356788509
1342266435805081601,positive,0.8253046878001519
1342266435955994627,negative,0.006090637631782576
1342266440439754752,negative,9.447027753147212e-06
1342266442318802944,negative,0.29877898656971125
1342266447532318721,negative,0.07997323286539795
1342266449289687042,negative,0.00017582172268412865
1342266450174734339,negative,0.13691800150989009
1342266450963267589,neutral,0.5219027034278256
1342266451223306241,negative,0.00036137318291909297
1342266454956269568,negative,0.0016984442996489809
1342266456860479490,negative,0.06946581803373242
1342266462074003456,negative,0.1649387018576687
1342266464179539968,negative,0.007217439023533475
1342266465295212544,negative,0.23814515285141585
1342266465853071361,negative,9.268146449160323e-09
1342266469317394432,negative,1.3370574103974714e-06
1342266479538917376,negative,0.11434197397636568
1342266479639748608,neutral,0.33320277446048246
1342266480050786305,negative,0.00017788382949533835
1342266483720773632,negative,0.00017582172268412865
1342266484719026176,negative,0.004740826658642988
1342266489101930496,negative,6.907432493964741e-05
1342266489282424833,negative,0.004716573205288193
1342266491853447168,negative,0.03844370552945899
1342266492876976130,negative,0.1184013620515493
1342266492889530370,negative,0.009087159101972653
1342266495112531969,neutral,0.3593672214136314
1342266495825453057,neutral,0.49789225920557484
1342266495959769094,negative,0.014513242905066906
1342266497532624897,negative,2.4817145931295123e-11
1342266498124029953,neutral,0.4737554465528978
1342266498413449216,negative,0.23814515285141585
1342266503278825474,negative,1.5140811828829055e-05
1342266504298061824,positive,0.7909245406637737
1342266505808011265,negative,0.004209673885471465
1342266507703832583,positive,0.7909245406637737
1342266513177407488,negative,0.0016984442996489809
1342266519221317644,negative,2.8993851808563564e-09
1342266522928992256,negative,3.46354650891476e-05
1342266523692527616,neutral,0.5836088159578501
1342266525768687616,negative,7.345164367713402e-06
1342266526553042945,positive,0.8170669189259812
1342266528054566912,negative,5.027182493982546e-06
1342266528327208961,negative,0.0021116303739656416
1342266532152422402,positive,0.7909245406637737
1342266539572158466,negative,0.0015935384231580572
1342266540633284609,negative,0.002454667869162021
1342266541593808897,neutral,0.5730570905381951
1342266543707725824,negative,0.03504191173230307
1342266547197374464,negative,0.002507969648923663
1342266548153679873,negative,0.02186560678544254
1342266548501827587,negative,0.04287224459841915
1342266548946427904,negative,0.002745298738113449
1342266549781098496,negative,0.009655167226292012
1342266554847789057,negative,0.011638664902184435
1342266556055658496,negative,3.7780426723534714e-06
1342266558152724480,negative,0.09455961284781916
1342266558278721537,negative,0.0004480044576830208
1342266558404571143,negative,0.0031373912592515397
1342266558945619968,negative,0.07138719431583505
1342266562745683968,negative,0.00021341013833544412
1342266566390505475,negative,8.515087045096324e-06
1342266567355150336,negative,0.07398252637541144
1342266568047288321,negative,0.2906278741030604
1342266569573998593,negative,0.0016487249759915975
1342266570555469828,neutral,0.49789225920557484
1342266571016826880,neutral,0.49789225920557484
1342266573780897793,negative,0.23814515285141585
1342266574229671937,negative,3.792379489848801e-05
1342266574779150336,negative,0.033091352589207985
1342266574842044416,negative,1.6734281074416479e-10
1342266576280629249,negative,0.1184013620515493
1342266578038095875,negative,7.8964593116111e-10
1342266578130374656,negative,0.06686326867870067
1342266580797956097,negative,0.012044251378290986
1342266581901070343,neutral,0.42076888431135534
1342266582567809026,negative,0.00044286331715456817
1342266582899294215,positive,0.8488784103859388
1342266583817850880,negative,5.766691653015639e-06
1342266584673431553,negative,0.02158392134627516
1342266585109696521,negative,4.7843287566264084e-05
1342266585311014916,negative,0.004873002205625147
1342266587638870016,negative,0.23559452850870796
1342266588414803970,negative,0.10514650290048043
1342266589924782080,positive,0.8259957546706592
1342266593204695040,negative,3.7440000815345805e-05
1342266593250832385,negative,0.00044286331715456817
1342266594542690305,negative,0.0002168774583940482
1342266596291706880,negative,5.951235407632815e-07
1342266597843623936,negative,7.8964593116111e-10
1342266598833451010,neutral,0.43578060616678027
1342266599009628162,negative,8.515087045096324e-06
1342266599848468486,negative,0.3022326468140153
1342266599919788033,neutral,0.35684147039495306
1342266601605881856,negative,3.792379489848801e-05
1342266605921775617,negative,0.07414833241600664
1342266606907518981,negative,0.09330070914684761
1342266607339360261,negative,0.027289744188104013
1342266611466698759,negative,0.00029267990461877914
1342266613186387969,negative,0.02287191217401359
1342266614868275201,negative,0.00741627213827822
1342266617556836353,negative,0.0051689226517079604
1342266618580262913,positive,0.9078414350505055
1342266618932568065,negative,0.07294918075471754
1342266619888869378,negative,0.14836253636924795
1342266621654691841,neutral,0.3514211077023405
1342266623751806976,negative,0.31987733617433467
1342266623911202816,negative,0.0005094877677718196
1342266624448069633,negative,0.00013596776382112613
1342266624787808257,negative,3.5036989035977134e-06
1342266624796209153,negative,0.006090637631782576
1342266625249177601,negative,0.010707567603196803
1342266625995796481,negative,0.2855102380623133
1342266626180313088,neutral,0.3499638487504846
1342266626465542146,neutral,0.48728019602140255
1342266626536833025,negative,0.016427604373005056
1342266626645897217,negative,0.16532172419126437
1342266627220451330,negative,0.009087159101972653
1342266628441059328,negative,5.547586483555178e-06
1342266629095268352,negative,3.141746238412937e-05
1342266629242187777,negative,5.596366675982601e-11
1342266632073314304,negative,0.15335434241404183
1342266632224219139,negative,0.016464699376844857
1342266635785273344,negative,0.16532172419126437
1342266635818835968,positive,0.7909245406637737
1342266637190365184,negative,0.016840202556405455
1342266641716047873,negative,0.016427604373005056
1342266645373444100,negative,0.009087159101972653
1342266649588736005,negative,8.203475650051812e-07
1342266649760714752,negative,0.19475404833615956
1342266650276614144,negative,0.00017109448101005308
1342266656115011584,negative,0.03504191173230307
1342266656710647812,negative,0.0005019196032203699
1342266657541120001,neutral,0.49322867955065425
1342266659646615553,negative,0.0021116303739656416
1342266665803907073,negative,0.027289744188104013
1342266668257583104,negative,0.07276243635408589
1342266669780115456,neutral,0.44193049347687885
1342266672279822337,negative,0.23814515285141585
1342266673269780480,negative,5.035019081453237e-16
1342266673638871046,negative,0.02049828370112842
1342266674544844804,neutral,0.4758891478503594
1342266679888207873,negative,0.010821739943380863
1342266680395902976,negative,0.23814515285141585
1342266681524105216,negative,0.016840202556405455
1342266682824400896,negative,0.0015566111166762482
1342266683520643073,negative,0.23374520143783745
1342266683671646209,positive,0.9984308895431946
1342266686859325440,positive,0.7909245406637737
1342266687094202372,neutral,0.49789225920557484
1342266690218897408,negative,0.0603769562324864
1342266692689297408,neutral,0.5591640422669741
1342266695080169473,negative,0.00044286331715456817
1342266698704052225,negative,0.0056638297247934444
1342266698947289089,negative,0.025883125651746122
1342266700146876420,negative,0.00741726381400003
1342266703389061121,negative,0.05285251389997681
1342266708535422976,negative,0.12160364935299228
1342266710280306694,negative,6.817703685575946e-05
1342266711324696576,neutral,0.49789225920557484
1342266712381599746,negative,0.00044286331715456817
1342266714101325828,negative,0.0063220545497008505
1342266716152352768,negative,0.00030250149425897603
1342266717016383489,neutral,0.6373303613561087
1342266717427392512,negative,0.09330070914684761
1342266723081314304,negative,0.1933311826096359
1342266723773214720,negative,0.04586691580839149
1342266725161717765,negative,0.0021116303739656416
1342266733428670467,negative,0.011459742848165647
1342266734728732673,negative,0.23814515285141585
1342266739933859841,negative,0.23814515285141585
1342266743088099328,negative,0.00017109448101005308
1342266743927037952,negative,0.00012302818962364368
1342266752214978566,negative,0.01455003850376664
1342266753393504263,neutral,0.3313520373278678
1342266753917853696,negative,0.008566861788800222
1342266754878226433,negative,8.203475650051812e-07
1342266755134140416,negative,0.07192298659144568
1342266755603955715,negative,0.003737190182664258
1342266757071986688,positive,0.6801322476447066
1342266757382336512,negative,0.00019808245832578532
1342266758372188165,negative,0.10700295468860774
1342266759131389953,negative,0.00500942488756247
1342266759420719104,negative,4.88212932197712e-06
1342266760502906885,negative,0.00206980544031982
1342266761320648707,negative,6.931048472325273e-08
1342266761350156290,negative,0.00043829602639031254
1342266762591670277,negative,0.21725502789907605
1342266764110024710,negative,0.0014550069694984093
1342266764286193666,negative,2.509722410498872e-06
1342266766014214145,negative,0.0012445089043806013
1342266766320402433,negative,8.513905273220807e-05
1342266766978936832,negative,0.11601596699851242
1342266768279089153,negative,0.034749794564525
1342266769709404160,negative,0.010180016942306058
1342266769906552836,negative,1.7161990852840349e-07
1342266772016279552,negative,0.2042517137896546
1342266772179865602,neutral,0.6529545818911943
1342266773341679618,negative,0.0005520065288040503
1342266774541250563,negative,0.08238025999289683
1342266774797111296,negative,0.01876988672149047
1342266774864211969,negative,1.7161990852840349e-07
1342266776382484481,negative,0.011492635420318581
1342266776839712768,negative,0.15884973808023384
1342266777221410819,negative,0.0001630059832550359
1342266779251445776,negative,0.11601596699851242
1342266779784142850,negative,1.7161990852840349e-07
1342266781260423168,negative,0.09104542583911283
1342266782501974021,negative,8.515087045096324e-06
1342266784683061250,negative,1.2137587316032155e-05
1342266785257693185,neutral,0.3309866124404005
1342266785580675072,negative,0.2812124665127172
1342266786163539968,neutral,0.48038420429752
1342266786234978304,negative,0.004345517932692738
1342266786268504070,negative,1.5991034432809577e-05
1342266787866542083,negative,0.028387754637568395
1342266788277575684,negative,0.004710211251657111
1342266790341128198,negative,0.010796772293720919
1342266792379633664,negative,0.0016984442996489809
1342266792971001857,negative,2.462180520348472e-07
1342266793335939074,negative,0.0020378667306271783
1342266793746780160,negative,0.0008671001969179261
1342266797685428227,negative,0.0002392550969991425
1342266800579477510,negative,0.009655167226292012
1342266800793382913,negative,0.04508398715970884
1342266802966040576,negative,0.0005233857042376325
1342266803498659842,negative,0.15884973808023384
1342266804438261761,negative,1.451636740349941e-09
1342266805075636224,negative,0.11601596699851242
1342266805520314368,negative,0.00017582172268412865
1342266805675503618,negative,0.023479763717455977
1342266805893664773,negative,0.014510201452747173
1342266807034507269,negative,0.14846684361702783
1342266811404984322,negative,2.9368961667857066e-09
1342266812445171712,neutral,0.33003164688874764
1342266812805898242,negative,1.572956992537002e-05
1342266815666253824,negative,0.1184013620515493
1342266820527411200,negative,0.0021116303739656416
1342266824457641985,negative,0.03635018486508849
1342266827695652866,neutral,0.4114605186799352
1342266833064382464,negative,2.6711641607823085e-07
1342266833186021381,negative,0.012487335807890914
1342266835769679872,negative,6.817703685575946e-05
1342266836017172482,negative,3.203702150571842e-06
1342266836566437888,neutral,0.5302573871689407
1342266838869291008,negative,0.0016528722549544632
1342266840236621825,negative,0.007046305154202699
1342266851154386944,negative,0.010821739943380863
1342266851208949761,negative,0.01424467440847454
1342266851737407489,negative,0.0001995162993803018
1342266853880639488,negative,0.2595994300091025
1342266857206775809,neutral,0.49789225920557484
1342266863586336768,neutral,0.3387100670107666
1342266867369521152,neutral,0.49789225920557484
1342266867516227584,negative,0.0009412237136405294
1342266867843522564,negative,1.7728391977873296e-06
1342266870867619841,neutral,0.49789225920557484
1342266872503431168,negative,3.33130505262159e-05
1342266873526820864,negative,0.011170384509273218
1342266873874931713,negative,0.0669482221471547
1342266875430912000,negative,0.00011448432501899057
1342266878098612225,negative,0.003566906859200871
1342266880707465218,negative,0.0005279563472418344
1342266880732622849,negative,2.599824606157332e-05
1342266882607493120,negative,0.035572993044047235
1342266884444577794,negative,6.817703685575946e-05
1342266884738195457,negative,0.08622177136337934
1342266885979725824,negative,0.015808122370380276
1342266890081722369,negative,0.0012463663046665885
1342266891243565057,neutral,0.5533970533999424
1342266891537174529,negative,0.01616455903568405
1342266896993935360,negative,0.008324156998137397
1342266897471926272,negative,0.00024055934205729302
1342266899065925636,negative,0.02831118465616774
1342266899623718912,negative,0.009087159101972653
1342266904770207744,positive,0.6936478868758833
1342266905177055235,neutral,0.5207877601905387
1342266905810370561,negative,2.4751858138057178e-06
1342266906091384833,neutral,0.41794454762062766
1342266913536303104,negative,0.001886555707330386
1342266920033247232,negative,0.00856259130154373
1342266920960196609,negative,0.18151842860629727
1342266921002147840,negative,5.909114615371692e-07
1342266921157185536,negative,0.009655167226292012
1342266922205913090,positive,0.7909245406637737
1342266924621832194,negative,0.12188388017780136
1342266935824809987,neutral,0.3875008417505477
1342266935942258688,negative,0.00017109448101005308
1342266936730787843,negative,0.00017109448101005308
1342266939394162688,negative,0.21921412548362115
1342266940228829185,negative,3.062271684791097e-06
1342266942359527425,neutral,0.37217537460133393
1342266942409732096,negative,0.00010288296327112246
1342266944016314375,negative,0.0012257872543792482
1342266944779677705,negative,0.006090637631782576
1342266945266212868,negative,0.000942675738455971
1342266946516103172,negative,0.2042189608359245
1342266947749208064,negative,0.019937252458622982
1342266949267386370,negative,0.24367724781603345
1342266949397590016,negative,0.002634817323363661
1342266949963821057,negative,0.2812124665127172
1342266951205224449,negative,0.0002392550969991425
1342266952224559104,negative,0.05362181895143222
1342266952958562305,negative,0.003566906859200871
1342266953663213570,negative,0.008285294134682705
1342266954267172866,negative,0.1163925276574902
1342266956121047042,negative,0.008167072437786388
1342266956968161282,negative,1.5494654927387812e-06
1342266957610049536,negative,0.0020483937916368667
1342266958759268352,negative,0.3022326468140153
1342266958918643719,negative,0.07409858964317478
1342266960323747840,negative,0.024046670206159353
1342266961254887427,negative,0.12248249736691665
1342266962261499905,negative,3.7780426723534714e-06
1342266964748558336,negative,0.005690555835752746
1342266970054434816,negative,0.005024477676082971
1342266970226491392,negative,0.002745298738113449
1342266973187665921,negative,2.4939544040662123e-05
1342266973347053569,negative,0.27538537887707226
1342266974408204288,negative,0.002377841623528295
1342266977872654338,negative,0.12248249736691665
1342266979202310146,negative,0.07852303570185792
1342266979932139521,negative,0.0649409937485363
1342266981853126664,negative,5.228906035984908e-06
1342266981861515264,negative,0.003433082903206306
1342266983530835968,negative,7.196550319155806e-07
1342266984596197377,negative,0.05488394283167369
1342266985095323650,negative,0.015665650133607673
1342266985200152579,negative,5.8228379803657477e-05
1342266985254703105,negative,0.053314667105671384
1342266987288948736,negative,0.0003141274396125896
1342266990690373632,negative,0.0017544270121222598
1342266993882361856,negative,5.121154846943292e-07
1342266995014828037,negative,0.0005244013183198055
1342266996491251721,negative,0.11033334112647607
1342266998638710785,negative,0.0511250747179168
1342266999540486144,negative,3.473883029391303e-07
1342266999766974467,positive,0.9599579386160471
1342266999775309825,negative,0.015773583174067275
1342266999968309248,negative,9.336960184146505e-09
1342267001063006211,negative,0.013566272922048872
1342267001629241347,negative,0.021789761585647934
1342267004397338624,negative,0.0005717525500809845
1342267006083620866,negative,0.026798126674033373
1342267006729523203,negative,0.0004044936227379855
1342267014430281731,neutral,0.3697674097288342
1342267018376933377,negative,5.553470161387655e-05
1342267020130349056,neutral,0.37432138773705914
1342267025016676352,neutral,0.446393028138732
1342267027591933953,negative,0.1184013620515493
1342267029710118913,negative,9.408529988076039e-05
1342267030066651137,negative,0.0003169299844757286
1342267030385385473,negative,0.05352475611900498
1342267035498250240,negative,0.00017582172268412865
1342267038148997127,negative,0.0007449777289809049
1342267040179113984,negative,0.0016984442996489809
1342267040355274753,neutral,0.373661677195513
1342267044331458561,negative,0.013472779877286973
1342267047774986246,negative,0.05175486881951079
1342267052317433858,negative,9.815600554922803e-05
1342267052606844929,negative,0.14468544586825818
1342267053042970629,negative,0.000507926257528475
1342267055148589056,negative,0.1564533920790677
1342267056675319810,negative,0.00045701546201009957
1342267058445295619,negative,0.023156286418273792
1342267062434074624,negative,0.014028040098529678
1342267063742525441,negative,0.23814515285141585
1342267066062090240,negative,0.002745298738113449
1342267066934390785,negative,0.0021116303739656416
1342267067039436800,negative,0.020650703984227255
1342267067706339330,negative,0.023732242750601065
1342267068549369857,negative,0.004394273345741736
1342267069874769921,neutral,0.49789225920557484
1342267070084382722,negative,0.0016517701137548416
1342267071938310144,neutral,0.629217859928395
1342267072034824194,negative,0.00017582172268412865
1342267072403931136,negative,3.084096695440613e-06
1342267076132614145,negative,0.0020861540401790495
1342267079639126016,negative,0.07730739556701206
1342267083669827590,neutral,0.35673835246329144
1342267084156391424,neutral,0.46127768308170247
1342267084806492160,negative,0.1833860789162971
1342267091655733248,negative,0.07716840067419906
1342267096072400896,negative,3.7780426723534714e-06
1342267106398765058,negative,0.14836253636924795
1342267107443142659,negative,0.0025362948400151344
1342267108080709632,negative,0.22663721887507582
1342267112576970754,negative,0.21921412548362115
1342267112778297344,negative,0.007217439023533475
1342267120827179008,negative,0.0449169798155898
1342267121657634817,negative,2.3287215060007405e-08
1342267124350406656,negative,1.4169024515324528e-05
1342267125663207431,negative,0.01616455903568405
1342267126678245380,negative,7.8964593116111e-10
1342267126996996096,negative,0.2812124665127172
1342267127118647297,negative,0.0003082441436803875
1342267129828139008,negative,0.0012445089043806013
1342267131174539264,negative,0.1939751723184478
1342267131317149698,negative,0.018599999973769182
1342267134370525184,negative,5.547586483555178e-06
1342267135213629441,negative,4.4839299556430806e-09
1342267136744583169,negative,0.0021116303739656416
1342267136991965187,negative,0.0003389455323041898
1342267138577412096,negative,9.301454083936083e-05
1342267142050344963,negative,0.2812124665127172
1342267142201344003,negative,0.0005094877677718196
1342267144906698757,negative,0.23940857318450742
1342267148501135360,negative,0.0005094877677718196
1342267149038063617,neutral,0.3313700650923569
1342267150493507585,negative,0.00021057946016348337
1342267151940538369,negative,0.0777409022677492
1342267152875872256,neutral,0.37996484295536204
1342267153492402176,positive,0.9205854040796076
1342267153676955649,negative,0.009150849519854301
1342267153924431872,negative,1.5965213012448044e-11
1342267155291774984,negative,0.0021116303739656416
1342267157162430464,negative,0.024831481278521115
1342267157258919937,negative,1.3750598316002983e-05
1342267158164856832,negative,0.011590288478689457
1342267162497581057,negative,0.0017899888587235247
1342267164364054528,negative,0.017840404156025128
1342267164548542466,negative,0.0009210258709874677
1342267165613940737,negative,0.008558599281380978
1342267166092099584,negative,0.01901656117934125
1342267167740452866,negative,0.2611621137273265
1342267169455816704,negative,0.25430911457786876
1342267170290606080,negative,3.6744217265533675e-10
1342267173822222339,negative,0.039729908507049196
1342267174753189889,negative,0.0034844477931446805
1342267175780962306,negative,0.007046305154202699
1342267177899073536,negative,1.7693529206970863e-05
1342267178167447553,positive,0.8619084794855766
1342267179442589697,negative,0.011826640716183346
1342267180323401729,negative,0.0012257872543792482
1342267181443260416,negative,7.258677136560456e-09
1342267181548118017,negative,0.001899547308491881
1342267181699006467,negative,0.0014378386537823502
1342267184811282432,negative,0.29739308411923715
1342267185721450496,positive,0.7909245406637737
1342267186132492289,neutral,0.37227759433541274
1342267188514861056,negative,0.0147501555232423
1342267190767202307,negative,0.07786434592071659
1342267191283081219,negative,8.515087045096324e-06
1342267192755298304,negative,2.7327477117456444e-06
1342267194332377088,negative,0.010625722543201738
1342267197029294081,negative,4.1970248861352044e-05
1342267197108981760,negative,0.0012257872543792482
1342267198681743366,negative,0.1184013620515493
1342267199432626177,negative,0.00012302818962364368
1342267201814999040,negative,0.006046000665940026
1342267206969790465,negative,0.1764301811721358
1342267207720570880,negative,0.1184013620515493
1342267210509803522,negative,0.0067439644490239125
1342267211558359042,negative,4.587877783628784e-05
1342267214322421767,negative,0.20312125524299396
1342267226804662273,negative,0.0031071229455055496
1342267227991584768,negative,0.055789284994487286
1342267230592098309,negative,0.009087159101972653
1342267233968545793,neutral,0.49789225920557484
1342267235633664000,negative,8.498426764995752e-05
1342267238469013506,negative,0.19512902450161523
1342267241241452545,negative,7.539753331332664e-10
1342267246266249217,positive,0.7418302308996397
1342267247251906561,negative,0.23814515285141585
1342267251081289730,negative,0.027289744188104013
1342267251186159616,negative,3.474556336687851e-06
1342267251441999872,positive,0.7441854784264467
1342267252587036672,negative,1.857347780214813e-05
1342267254042468355,negative,0.1184013620515493
1342267255242031104,negative,0.022482534725658452
1342267258664603650,negative,0.036870999809779426
1342267259448745985,negative,0.00017109448101005308
1342267259494907904,negative,0.010821739943380863
1342267261264998401,negative,0.07684922016866665
1342267266143027203,neutral,0.39860016763037853
1342267266575069186,negative,0.10540820900951026
1342267267652968449,negative,3.33130505262159e-05
1342267268940652546,negative,0.019639541719850006
1342267270387671041,negative,0.0012257872543792482
1342267273948651521,negative,1.1799024330240125e-06
1342267278709153792,negative,0.0007212255536393351
1342267283704602629,negative,0.0007212255536393351
1342267283729772544,negative,0.002718135558009074
1342267284300115968,negative,0.23005729178711998
1342267285034180610,negative,0.23814515285141585
1342267285113892864,positive,0.7087856865656483
1342267285269061634,negative,0.008787525787110336
1342267286485426176,negative,6.817703685575946e-05
1342267290398715904,positive,0.9997030315236222
1342267291338219520,negative,0.10996467478762412
1342267292676202498,negative,0.0015263136860550505
1342267292760076294,positive,0.9976521473271183
1342267294563577861,negative,0.0014049083005648528
1342267296434237440,negative,0.08192931222109458
1342267297642254336,negative,0.0017492870599523118
1342267300213387265,negative,7.219399210988782e-05
1342267301463117824,negative,0.012868173825523369
1342267302335684609,negative,0.032348844086251556
1342267302461517828,negative,6.817703685575946e-05
1342267311932264455,negative,0.027289744188104013
1342267312624250881,negative,0.1285762217809987
1342267313102458880,positive,0.720720151035739
1342267313123258370,negative,0.018748148910691313
1342267313224036352,negative,0.1387688413340769
1342267314448830469,negative,6.939362988061679e-06
1342267315908329472,negative,5.001696173137159e-06
1342267317552558080,negative,0.05583299329353172
1342267318290829313,negative,0.002035526777964447
1342267318307594241,positive,0.6691262784899221
1342267319020638214,negative,0.027310277278225794
1342267322992615425,negative,0.0001827615105134167
1342267323869179905,negative,0.07721338859185935
1342267325295288320,positive,0.7909245406637737
1342267325324685313,negative,0.0010427729243528215
1342267326092042240,negative,0.0004760529356788509
1342267326104797184,negative,0.008787525787110336
1342267326696218625,negative,0.001674569557993561
1342267328399093760,negative,0.0012445089043806013
1342267329221189633,negative,0.0069571137892871044
1342267329330212866,negative,0.04287224459841915
1342267329359589376,neutral,0.4155224179405453
1342267330068414464,negative,0.2102320189201679
1342267331356012547,negative,0.017149905489141564
1342267333029593089,negative,0.0032737907146061372
1342267334094954509,negative,0.008787525787110336
1342267334577295361,negative,0.05423623659651363
1342267335948685313,positive,0.6619309043285213
1342267337865572357,negative,0.0879769697185577
1342267339211988993,negative,0.3017459606691444
1342267339455094784,negative,5.001696173137159e-06
1342267339497213952,negative,0.32677508348852996
1342267340289957889,negative,4.865023833893485e-08
1342267341959286785,negative,0.03909334466702854
1342267343234342913,negative,0.22842489666080723
1342267343519543296,negative,1.8722490264281886e-11
1342267344555544576,negative,4.088228909078053e-10
1342267344635236353,negative,5.547586483555178e-06
1342267345276989449,negative,0.010180016942306058
1342267345360859136,negative,0.007046305154202699
1342267346593964032,negative,5.667585845313686e-06
1342267346698842114,negative,0.16600648942852345
1342267347982282754,negative,7.8964593116111e-10
1342267348057812993,negative,0.1184013620515493
1342267348863098883,positive,0.9997030315236222
1342267348955389953,negative,5.001696173137159e-06
1342267349911670784,negative,5.001696173137159e-06
1342267351488753664,negative,0.039520923907101
1342267351794913280,positive,0.8954055998639995
1342267352168226816,negative,0.0012445089043806013
1342267352319188995,negative,4.637095858206288e-05
1342267353355182082,negative,0.2812124665127172
1342267353527103488,negative,0.009655167226292012
1342267353703313409,negative,0.003015704129936112
1342267355162935298,negative,5.001696173137159e-06
1342267357033590786,neutral,0.3496300564021785
1342267359831142402,negative,0.21047953907773329
1342267360066068480,negative,0.00040138689783566475
1342267360175075329,negative,0.28617978763691837
1342267360376483840,negative,0.238428800670322
1342267360850411521,negative,0.10404495241321535
1342267360967876620,negative,0.17703999840965284
1342267361508937729,negative,0.005828565350070747
1342267362121293825,negative,0.010081488133102046
1342267362448326664,negative,0.0002392550969991425
1342267363350237184,negative,7.355755983147241e-06
1342267363610271745,negative,0.058962091186553926
1342267365040529409,negative,5.001696173137159e-06
1342267366726578180,negative,5.001696173137159e-06
1342267366902820865,negative,0.19475404833615956
1342267367020244994,negative,4.033261249951794e-17
1342267367376777221,negative,0.0018139567413926055
1342267367821365248,negative,3.680709929411858e-08
1342267368941223939,neutral,0.44193049347687885
1342267370291810306,negative,0.21577680127542062
1342267371059351553,negative,0.015773583174067275
1342267371348779008,neutral,0.4985928500860049
1342267371428466689,positive,0.7909245406637737
1342267372040814594,negative,2.2768775024768225e-06
1342267372443480068,negative,1.5013786805235016e-06
1342267373248770048,negative,0.0011425773867779268
1342267373294858240,negative,0.003015704129936112
1342267376448901122,neutral,0.44401176063232933
1342267377505984513,negative,0.043170740811925915
1342267379271815170,negative,3.7624563770736843e-06
1342267379410198529,negative,0.00714401417207041
1342267379540254722,negative,0.14621262492287865
1342267380395868160,negative,0.0002392550969991425
1342267380723015680,negative,0.0020110122635098224
1342267381800955904,negative,0.11601596699851242
1342267383323512833,negative,0.24777902961736586
1342267383868764161,negative,0.1375663148701248
1342267385294807046,negative,0.005330393077896591
1342267385659727873,positive,0.7577028023995908
1342267385663934465,negative,5.749203323853435e-05
1342267387018674178,negative,8.515087045096324e-06
1342267387815583745,negative,0.00039418524672492773
1342267387987505154,negative,0.2546916305421647
1342267388180525056,negative,0.0019401454863566454
1342267388612538369,negative,0.016651124542848332
1342267388834828289,negative,0.14870227111570603
1342267389275205633,negative,0.016427604373005056
1342267390306873345,neutral,0.5533970533999424
1342267390361542657,negative,0.0124547284076827
1342267390986506240,negative,1.2137587316032155e-05
1342267392236380160,negative,0.1184013620515493
1342267392991371264,negative,5.001696173137159e-06
1342267394220294148,positive,0.7909245406637737
1342267394648137729,negative,5.000458527407737e-07
1342267394912382978,neutral,0.49789225920557484
1342267395432448000,negative,0.0017880157369971467
1342267395998674944,negative,0.0005572030537196308
1342267396371972099,negative,0.1184013620515493
1342267396481019907,negative,0.002974521397015803
1342267397953253376,negative,0.0016984442996489809
1342267400364978177,negative,0.1184013620515493
1342267402604699656,negative,0.2164295994262103
1342267404752138241,negative,0.00028770716579463383
1342267405263925249,negative,0.1604614586044836
1342267405536546816,negative,5.001696173137159e-06
1342267406098558978,negative,0.10700295468860774
1342267406182461440,neutral,0.45447262660247506
1342267406580899840,negative,0.002705233447326724
1342267407855996934,negative,0.23814515285141585
1342267408116015104,negative,0.0005520065288040503
1342267410653589505,neutral,0.6256913030294624
1342267412721315840,negative,0.0031071229455055496
1342267414818525184,negative,0.00012999382588466934
1342267415976148993,negative,0.012262515044895284
1342267416307507200,negative,0.0008590421861965233
1342267419008651264,positive,0.8020242837780933
1342267420283600896,neutral,0.49789225920557484
1342267420501749765,negative,0.003015704129936112
1342267420753453056,negative,0.004797521904475676
1342267420833157120,negative,0.00011126955086905028
1342267420900118529,neutral,0.3499352441185855
1342267421550325760,negative,0.2742641492310916
1342267421743341568,negative,0.00021150508835675644
1342267423639134208,negative,0.05322771777512745
1342267423723020288,negative,6.522178963919107e-06
1342267424121516032,negative,0.005370575131904248
1342267424599650306,negative,0.18543234769735967
1342267425279127552,negative,0.0029694655467261966
1342267425472073732,negative,2.6280089337039883e-06
1342267425786638337,negative,0.0012257872543792482
1342267426369634309,negative,0.002745298738113449
1342267427413962753,negative,0.012139398354467137
1342267428697501700,negative,0.015773583174067275
1342267430501023745,negative,2.8055016589252265e-05
1342267430656221190,negative,0.037070077343540696
1342267431977246720,negative,3.090967943419823e-05
1342267432510095363,negative,5.001696173137159e-06
1342267437144805376,negative,0.32476060762037645
1342267438600220673,negative,0.004849585118641502
1342267438772191234,negative,0.010180016942306058
1342267439162273793,negative,0.010180016942306058
1342267440106008576,negative,4.1970248861352044e-05
1342267442723098625,negative,0.17530011606073342
1342267442760966144,negative,5.667585845313686e-06
1342267444631646208,negative,0.00011161858042375532
1342267447039172609,negative,6.354079939911233e-07
1342267447420841988,negative,0.0040069841903250525
1342267448469430273,negative,4.1970248861352044e-05
1342267449463468033,negative,0.0004292884916496676
1342267450134581248,negative,0.07865358181462011
1342267450885332992,neutral,0.49789225920557484
1342267451283824640,negative,0.023884425327776605
1342267451468378112,negative,0.00017109448101005308
1342267451992645633,negative,0.009087159101972653
1342267452865052672,negative,0.08045343065817298
1342267452974133248,negative,0.0031840689868432343
1342267453066231808,negative,1.6734281074416479e-10
1342267453552910338,positive,0.9205854040796076
1342267454056259584,negative,0.029706491309042907
1342267454714765313,negative,0.06030985063096717
1342267456212107264,negative,0.0014775854351103544
1342267456337956866,negative,8.515087045096324e-06
1342267457004838912,negative,0.08376201790017727
1342267458091151360,negative,0.0016984442996489809
1342267458997125120,negative,0.01616455903568405
1342267460867813378,negative,0.16532172419126437
1342267461417246723,negative,0.09410373032036513
1342267462251925504,negative,0.027509504177326807
1342267462381928450,negative,0.010625722543201738
1342267462419587077,negative,4.6615689533701276e-07
1342267463401156610,negative,0.009655167226292012
1342267463627636736,negative,0.0036016707100985364
1342267463636054016,negative,6.420478418007641e-06
1342267464164536323,negative,0.0054826873813179095
1342267466295222272,negative,0.009655167226292012
1342267467641606149,negative,8.515087045096324e-06
1342267468270678016,negative,7.30774934935384e-05
1342267468304306179,neutral,0.4106715988557747
1342267468853768192,negative,0.00955363864064103
1342267472439816194,negative,0.004374922885892788
1342267473001914373,negative,1.7874969781709796e-05
1342267473094205445,negative,7.30774934935384e-05
1342267473266147330,neutral,0.4311067772716894
1342267473568133120,negative,0.010092184429084605
1342267474683850752,negative,0.016427604373005056
1342267475681898497,negative,5.001696173137159e-06
1342267476051161091,negative,0.0033984139745606946
1342267476269277184,negative,0.006090637631782576
1342267476822925313,negative,0.19475404833615956
1342267477225562112,negative,0.0818405132721063
1342267477376593920,negative,2.9030146237760788e-08
1342267478794264576,neutral,0.43578060616678027
1342267478844563456,negative,0.011386771245539605
1342267479331115009,negative,5.001696173137159e-06
1342267479591149568,negative,5.327191178741951e-07
1342267479993757696,negative,0.0004036356967443948
1342267480954314753,negative,0.009087159101972653
1342267481570873345,negative,5.001696173137159e-06
1342267483231842305,negative,0.05706674751375124
1342267484225884160,positive,0.9996679469659898
1342267485127634945,negative,0.005229476723621843
1342267485156999168,negative,0.2346175273537996
1342267485278658560,negative,1.5775453754222296e-08
1342267486482399232,negative,4.949681485356525e-05
1342267486792806409,negative,0.32551702419738515
1342267487333867522,negative,0.0625586673689649
1342267489858818050,negative,1.4695251453266167e-12
1342267491188432896,neutral,0.49789225920557484
1342267491297472513,negative,0.09406990177306347
1342267491867877384,negative,0.0021116303739656416
1342267492341837827,negative,9.408529988076039e-05
1342267493180559360,negative,0.0012257872543792482
1342267493239418880,negative,0.015773583174067275
1342267493772046337,neutral,0.5495922250151081
1342267495093297152,negative,5.547586483555178e-06
1342267495286255616,negative,0.0005760498126914107
1342267495772778503,negative,6.5255813337325144e-09
1342267495948800000,positive,0.9078414350505055
1342267499094675456,negative,0.09330070914684761
1342267500185214989,negative,0.07012912088702614
1342267501405761537,negative,0.06929126682955983
1342267501732917249,negative,0.3124922597217575
1342267501858713601,negative,0.07409858964317478
1342267502764699648,negative,1.9770464242314684e-06
1342267506153709570,negative,0.010180016942306058
1342267506308898819,negative,0.005712036692131385
1342267507827204102,negative,0.009760717503525121
1342267507915304960,negative,0.006248633619698473
1342267509194567680,negative,0.09375519958997075
1342267511165882370,negative,0.030402257805422564
1342267511958626310,neutral,0.42755866745518784
1342267512310779904,negative,0.004496098572673876
1342267516677214208,negative,1.2197602222364548e-05
1342267519038607361,negative,0.0018523242836531377
1342267519743254528,negative,3.476402876932301e-05
1342267520032665605,negative,0.00017109448101005308
1342267520980557825,negative,0.0002291794455328455
1342267520997351425,negative,0.11706900247780583
1342267521148321796,negative,0.005928838462996148
1342267521815224320,negative,0.06365013876625077
1342267522087858177,negative,3.743290767847059e-09
1342267522888962048,negative,5.001696173137159e-06
1342267523295797250,neutral,0.4781188836676312
1342267523325190144,negative,0.06647178961343128
1342267524335988736,neutral,0.49178886988063825
1342267525766270978,negative,0.048411891422499
1342267525816578048,positive,0.9999722532732601
1342267527141928960,negative,6.075168917376057e-08
1342267527158763521,negative,0.001624252660338031
1342267527590629376,negative,0.01437903078328581
1342267527590776832,negative,0.00021988950049696337
1342267527641108481,negative,1.665511886907338e-06
1342267528479989760,positive,0.6801322476447066
1342267528580657153,negative,0.040283204933716135
1342267528807133187,negative,0.0014962553088614357
1342267528958111744,negative,0.0055358752083795966
1342267529356578816,negative,0.00013885466968333965
1342267530212159494,negative,0.0006673609756780162
1342267530216398848,neutral,0.3473101901087073
1342267530736525312,negative,0.14339128884293262
1342267531814465537,negative,0.07409858964317478
1342267532242259968,negative,0.015324878793342303
1342267532703453186,negative,0.3110259487239704
1342267533156622338,negative,0.12441715368259702
1342267533756407808,negative,0.09375519958997075
1342267534020653057,negative,0.0011396635204548133
1342267534955917313,negative,0.016427604373005056
1342267535077437442,negative,0.0009916164606348153
1342267535249584128,negative,0.008308255027007928
1342267536197480450,negative,0.002281809665155665
1342267537501925377,negative,0.10440416148123748
1342267537506107396,negative,5.749203323853435e-05
1342267538202390532,negative,0.2635653670267091
1342267541109035008,negative,0.011490498656006584
1342267541188698113,negative,0.016427604373005056
1342267541280976897,neutral,0.608711942479606
1342267542547607552,negative,0.0033712332193025444
1342267545806581765,negative,6.265240294095722e-07
1342267545852764163,negative,0.05352475611900498
1342267545890394112,negative,0.02347221093909754
1342267546741993472,negative,0.00031686145959930565
1342267547069128706,negative,0.06700626785837407
1342267547933175811,negative,4.660393401829881e-05
1342267550177120257,negative,0.0033147162441147042
1342267550755921923,negative,0.14531459753938514
1342267553234771968,negative,0.0026172555700095814
1342267553276719107,neutral,0.442878047314665
1342267553440272384,negative,0.12248249736691665
1342267553817702401,negative,5.001696173137159e-06
1342267556837646336,negative,0.00016104403780343567
1342267558519570433,negative,0.3118526649025956
1342267558729310208,negative,0.0012445089043806013
1342267559161294849,negative,8.515087045096324e-06
1342267559291334657,positive,0.8253046878001519
1342267559467511808,positive,0.926336084760933
1342267559899492353,negative,0.27150265592421774
1342267560687910913,negative,8.203475650051812e-07
1342267561719820289,negative,0.003015704129936112
1342267562449637376,negative,0.04767550838442905
1342267562780987393,negative,0.23814515285141585
1342267564764762112,negative,0.06541394307413455
1342267564781674500,negative,0.0016009309957958305
1342267564819316736,negative,0.11382782688765444
1342267564848676864,negative,0.015887749570413043
1342267564873793536,negative,0.07231462839089708
1342267565641502722,negative,0.2546916305421647
1342267566169989120,negative,3.689490582808084e-08
1342267566438445057,negative,0.20595240699786815
1342267566732029952,neutral,0.49789225920557484
1342267566765572096,negative,0.0013845474758266846
1342267566975307776,negative,0.11998565655929329
1342267567596044288,negative,0.011724737227430823
1342267568598487047,negative,0.0007358276737899884
1342267570708242434,neutral,0.39220849115704093
1342267571878424576,neutral,0.5439449538568903
1342267573979783172,neutral,0.4344527704046153
1342267574604754951,negative,0.0005094877677718196
1342267575045148673,neutral,0.4543237587387173
1342267578262163456,neutral,0.6271755366413074
1342267578715164673,negative,0.05362181895143222
1342267579419734021,negative,0.0030874137356585256
1342267579692425217,negative,0.012733965306920133
1342267580409651201,negative,0.13550409546221612
1342267580673830913,neutral,0.5734576952979002
1342267580757716992,negative,0.017286836009129967
1342267583630880771,positive,0.911628446255681
1342267584394260480,negative,0.00041442258361859986
1342267584645881858,negative,0.1384302143679137
1342267584733917184,negative,0.09205680058539192
1342267587896307713,negative,0.003566906859200871
1342267588349468673,negative,0.013472779877286973
1342267588802453504,negative,7.30774934935384e-05
1342267590068953088,negative,0.23814515285141585
1342267590274670592,negative,0.023891053600876226
1342267591193206787,negative,0.016427604373005056
1342267593747533824,neutral,0.42391923077025806
1342267594728943616,negative,1.0998095722489145e-05
1342267595597213702,negative,0.028989996589312162
1342267595651756035,negative,0.2812124665127172
1342267595777576963,negative,0.0040069841903250525
1342267596415131650,negative,0.016129894868792034
1342267596679372800,neutral,0.46127768308170247
1342267596968763392,negative,0.032348844086251556
1342267600189972483,negative,0.0958613272732056
1342267600622002176,negative,8.514515919000049e-12
1342267601293078530,negative,5.121154846943292e-07
1342267603021164546,negative,0.00017109448101005308
1342267603285397512,negative,0.05200423308328829
1342267604094877698,negative,0.023222154186718615
1342267604216422401,negative,0.015808122370380276
1342267606032666624,negative,0.0012360412916412686
1342267606150111234,negative,0.002745298738113449
1342267606259163136,negative,0.0020110122635098224
1342267606808621056,negative,0.03845309961145903
1342267608045936640,negative,0.015155107296918732
1342267608356298752,negative,0.030585417388761527
1342267608742162436,negative,0.026690018895599292
1342267609144766464,negative,0.03389676136479784
1342267609165811712,negative,0.0016517701137548416
1342267609367146497,negative,0.00021150508835675644
1342267611556429824,negative,0.28198708452394217
1342267612311465984,negative,0.003719291645322882
1342267613997649920,negative,0.15721816027296234
1342267614589038592,negative,0.05583299329353172
1342267616262561795,negative,5.001696173137159e-06
1342267616438710272,negative,0.00012403498055274493
1342267618787516420,negative,0.27538537887707226
1342267619131461632,negative,3.6557915639514346e-05
1342267619429277696,negative,0.1932056818397625
1342267622151380992,negative,0.0026718646847690027
1342267623359320071,negative,0.0017461206505007076
1342267624810557450,negative,2.2617691286086804e-07
1342267626517635072,negative,0.002096652302557571
1342267627515883521,negative,0.004380303660580784
1342267628627357698,negative,0.027108563040751515
1342267631743733760,negative,0.025883125651746122
1342267632213520384,neutral,0.6206123927631385
1342267632532262912,negative,5.939458613173864e-12
1342267632892993536,negative,0.009087159101972653
1342267633358528515,negative,0.07409858964317478
1342267633828306945,negative,8.515087045096324e-06
1342267635086454784,negative,0.0009268291998292341
1342267635531210753,negative,0.010504393235605099
1342267637196271625,negative,0.021512801395011587
1342267637707853824,negative,0.003015704129936112
1342267638890770436,negative,0.03112515804643714
1342267638899212289,neutral,0.3996580091506196
1342267639280914434,negative,0.0012257872543792482
1342267640442662913,negative,0.006090637631782576
1342267640895705088,negative,0.009655167226292012
1342267642527281153,negative,7.128490479888765e-05
1342267643143839746,negative,0.2812124665127172
1342267643315724288,negative,0.02329323645236039
1342267644481822721,negative,0.032348844086251556
1342267644792111105,negative,0.010821739943380863
1342267646197248004,negative,0.055399359221818954
1342267647002619906,negative,0.03389676136479784
1342267647224905728,negative,1.6734281074416479e-10
1342267647677919232,negative,0.07290015705714255
1342267648118284288,negative,0.11601596699851242
1342267648462237698,negative,0.0016984442996489809
1342267650022502402,negative,0.008787525787110336
1342267650269999112,negative,4.200608957603046e-05
1342267650437750790,negative,5.001696173137159e-06
1342267651540840448,negative,0.058962091186553926
1342267651960270849,negative,0.3069006828946045
1342267655298940928,negative,0.005682506550839775
1342267655739228162,negative,0.03845309961145903
1342267657207357440,negative,0.010180016942306058
1342267657651970050,negative,0.03504191173230307
1342267658796937234,negative,0.08301289864159057
1342267659883261959,negative,0.005447757490260875
1342267659979784196,negative,0.00044286331715456817
1342267660722122754,negative,7.30774934935384e-05
1342267664752906242,negative,0.12703271384507175
1342267664845180928,negative,1.121320768745697e-06
1342267665222664192,negative,0.08668443325404453
1342267665868587008,negative,0.026291104887838295
1342267668087382016,negative,0.10700295468860774
1342267669840596992,negative,4.780720670289371e-05
1342267669895110665,negative,0.16532172419126437
1342267670964662272,negative,5.001696173137159e-06
1342267671468007425,positive,0.7079526379147817
1342267671686090753,negative,1.1799024330240125e-06
1342267673992962048,negative,0.26362154648595915
1342267674517270530,negative,5.000458527407737e-07
1342267674768846850,negative,0.005690555835752746
1342267675481952261,negative,2.327645941677052e-05
1342267675901353985,negative,0.0021116303739656416
1342267676408877058,negative,0.0006161036231437886
1342267676459233280,negative,0.012850310061991384
1342267677830770701,positive,0.7909245406637737
1342267679202226176,negative,5.2051025186212384e-08
1342267679449763840,negative,1.7161990852840349e-07
1342267679562993665,negative,5.001696173137159e-06
1342267681098104832,negative,0.016427604373005056
1342267681223962627,negative,0.002317428629040955
1342267681341403136,negative,0.2182534494020263
1342267682566139909,negative,5.001696173137159e-06
1342267683178479616,neutral,0.49789225920557484
1342267683719557120,negative,0.006090637631782576
1342267684688437249,negative,0.1184013620515493
1342267685166583809,negative,0.0005094877677718196
1342267685426618369,negative,0.005024477676082971
1342267685711835137,negative,0.15884973808023384
1342267686483619846,negative,1.2611193606366318e-05
1342267687095971840,negative,0.06040327879755064
1342267687255289857,negative,3.913711411879799e-09
1342267688819822592,positive,0.6691262784899221
1342267692787625985,negative,0.019713886976049255
1342267693311926272,negative,5.6528198762783804e-05
1342267695685902336,positive,0.9205854040796076
1342267699519500288,negative,0.2812124665127172
1342267699926245378,neutral,0.6110523669637989
1342267700094103553,negative,0.06588081152526486
1342267700337385480,neutral,0.47194120123589783
1342267701499211786,negative,0.2906278741030604
1342267702921080842,negative,5.001696173137159e-06
1342267703751548929,negative,0.12732408734342948
1342267706695933954,negative,0.12732408734342948
1342267709304795142,negative,0.00030219433524919607
1342267710101729280,negative,4.5328149372633e-09
1342267711108345856,negative,0.16107647060190378
1342267711150288898,negative,0.2812124665127172
1342267711804600320,negative,0.015773583174067275
1342267712962224130,negative,0.21146341734183727
1342267714753224706,neutral,0.5743452650545291
1342267717496283137,negative,0.05199402459590597
1342267718175756294,negative,0.004914017828268816
1342267718284824577,negative,0.011987549196650705
1342267719807336449,negative,0.05583299329353172
1342267720117706759,negative,0.2812124665127172
1342267720415502347,negative,2.2617691286086804e-07
1342267720516120580,negative,0.01031494480826442
1342267724026806273,negative,0.009087159101972653
1342267725767450625,negative,0.27538537887707226
1342267726274949120,negative,0.13997518181407745
1342267727378075648,negative,0.016427604373005056
1342267727986249731,negative,0.022326321523664594
1342267729114406913,negative,0.0010427729243528215
1342267732461547523,negative,0.1184013620515493
1342267733757595657,negative,0.08453034722029427
1342267734596476930,negative,4.1970248861352044e-05
1342267735271727104,negative,0.00010577511559415505
1342267735640854529,negative,0.00012129361241019164
1342267737532366848,neutral,0.4461733275406525
1342267737725411331,negative,0.008490160661901683
1342267738266488832,positive,0.7418302308996397
1342267738660741120,negative,0.00030915010877106063
1342267741814861827,negative,0.00891375960757663
1342267741902938113,negative,0.08450473817083026
1342267742272040967,negative,6.005563214048269e-06
1342267742884409344,negative,0.15237137935820858
1342267744792829957,negative,0.019267832082152426
1342267744960524289,negative,0.00039031524917606457
1342267745275150337,negative,0.025883125651746122
1342267745975611392,negative,0.00016944346885281543
1342267746869014532,negative,0.0008857452603480243
1342267748966084608,neutral,0.3606755362229205
1342267748991295488,neutral,0.49789225920557484
1342267749226192903,negative,0.32677508348852996
1342267750257975297,negative,0.14132013971068658
1342267750773907462,negative,0.07231462839089708
1342267752468406274,negative,2.523109359214728e-06
1342267753894436865,negative,0.022596186327557412
1342267754003525632,negative,0.07307534045683822
1342267754037080066,negative,0.016427604373005056
1342267756188721153,negative,0.016427604373005056
1342267756469694466,neutral,0.47878153849390703
1342267758516580352,negative,0.12913978592879188
1342267758877302787,negative,3.4700845777161506e-05
1342267760114606080,negative,0.12248249736691665
1342267760206876672,negative,0.00011119416413306605
1342267760617943042,negative,0.002519646086438204
1342267761481949184,negative,0.001375422075437774
1342267761851060224,negative,5.680628425175447e-09
1342267761964109824,negative,0.14143821175705878
1342267762689921024,neutral,0.6149732941538079
1342267762723463170,negative,0.24727681079373087
1342267765139320832,negative,0.12441715368259702
1342267765617524738,negative,0.002745298738113449
1342267767525928969,neutral,0.49789225920557484
1342267769895718913,negative,1.2822835093370545e-05
1342267771212738560,negative,0.12703271384507175
1342267771699294208,negative,0.0029602333337327555
1342267773657952256,negative,0.008285294134682705
1342267774144544768,negative,3.020058379780073e-11
1342267775717404673,negative,0.18603610800603504
1342267776686202880,negative,0.00030915010877106063
1342267777508397057,negative,0.1184013620515493
1342267777625817094,negative,0.0017899888587235247
1342267778384982016,neutral,0.3996580091506196
1342267778582065155,negative,5.001696173137159e-06
1342267778967986176,negative,4.301094882263365e-10
1342267779722825730,negative,0.23792516874936703
1342267779735564296,negative,8.515087045096324e-06
1342267780679294977,negative,5.001696173137159e-06
1342267780717047810,negative,5.001696173137159e-06
1342267782939996161,negative,5.000458527407737e-07
1342267783795650561,neutral,0.6342223244482552
1342267783887904771,negative,0.024747944291681128
1342267784575774720,positive,0.9995324074342989
1342267784630300673,negative,5.547586483555178e-06
1342267784915419136,negative,7.536778598895572e-05
1342267785083236353,negative,0.00017109448101005308
1342267785473359873,negative,2.831798840314521e-13
1342267785758568450,negative,0.11601596699851242
1342267785766907904,negative,0.02026893935303603
1342267786056372224,negative,0.002847662342771135
1342267789084655624,negative,2.4495006495810567e-06
1342267789122412544,negative,0.008939092690912214
1342267789600567296,negative,0.016427604373005056
1342267789797679105,negative,0.0007150851372085728
1342267791173414913,neutral,0.39355931138506245
1342267791202807816,positive,0.991917155036546
1342267791731261440,negative,0.004345517932692738
1342267794235289602,negative,0.3024154418601797
1342267797078999041,negative,1.745608346895904e-05
1342267797389406209,negative,0.013553590421414848
1342267799289425920,negative,0.012579050901805248
1342267799343915013,negative,0.0003163879166981309
1342267800912605186,negative,0.28191572475121457
1342267801021669378,negative,0.3017697366405056
1342267801399078916,negative,0.23853350558547337
1342267801646624769,negative,0.1504030197459501
1342267802514649088,negative,9.796021271537477e-13
1342267803152363520,negative,0.00017109448101005308
1342267804322590720,negative,0.009098439026498768
1342267804515352576,negative,0.004376677375970365
1342267804955906048,negative,0.09646578667338862
1342267806889488384,negative,0.004509288445684958
1342267808072216576,neutral,0.46127768308170247
1342267808562950144,negative,0.2812124665127172
1342267810031017985,neutral,0.5238763754166312
1342267810060365834,neutral,0.40996007140316093
1342267810551123971,negative,0.032348844086251556
1342267811918458883,negative,0.009760717503525121
1342267812413386752,negative,0.16532172419126437
1342267814913187846,negative,0.13691800150989009
1342267815970144257,negative,0.10404495241321535
1342267817803067395,negative,0.11718391930367769
1342267818331549697,negative,0.02329323645236039
1342267818360897537,negative,0.05105384296977784
1342267818767773698,negative,0.040231855786622264
1342267819115728896,negative,0.0016517701137548416
1342267821481488387,negative,0.012579050901805248
1342267822152548352,negative,4.57956667932799e-06
1342267824702685187,negative,0.0002392550969991425
1342267825969385473,neutral,0.33113119352556253
1342267826430758913,negative,1.9107994462586286e-05
1342267826724331521,neutral,0.6053269647268312
1342267827198291968,negative,0.015793695533681523
1342267827747770368,neutral,0.3552235041249565
1342267827751956480,positive,0.8908317720579011
1342267827823255554,negative,1.9977034205110836e-05
1342267829916196868,negative,0.01381816744785965
1342267830285307904,positive,0.8259957546706592
1342267830302081026,neutral,0.3371348131876588
1342267831002542080,neutral,0.5017543432377519
1342267831300325379,negative,0.07454976554653649
1342267831371632647,negative,0.003719291645322882
1342267831509897216,negative,8.515087045096324e-06
1342267832382468096,negative,0.008787525787110336
1342267833166790658,negative,0.12248249736691665
1342267833711996928,negative,0.13357957525036657
1342267834047623176,negative,0.016427604373005056
1342267836262199298,positive,0.9996601313938451
1342267836396351490,neutral,0.398180521791012
1342267836740329472,negative,5.001696173137159e-06
1342267838036250624,negative,4.455046978663471e-11
1342267838984318977,negative,0.10440416148123748
1342267839567245313,negative,0.07616423827036377
1342267840112549888,neutral,0.44193049347687885
1342267840632475648,negative,0.0016517701137548416
1342267842125844480,negative,7.834124547510064e-08
1342267842733989888,negative,0.011658102208821047
1342267842847264779,negative,0.011538404096376137
1342267843266666496,negative,0.0001210883356348096
1342267845497929729,negative,0.0006726122019988871
1342267846068498434,negative,0.0001123780949996407
1342267846798307329,negative,0.03214124945760716
1342267847888797701,negative,0.3110259487239704
1342267848773804037,positive,0.7425136148912296
1342267850396938240,negative,0.1518712703870652
1342267851823079426,negative,0.041007663271044346
1342267852334788609,negative,0.058889515139504314
1342267852473200641,negative,5.413331590008386e-05
1342267853790068736,negative,0.20595240699786815
1342267859528019969,negative,0.03748193775637961
1342267862392725504,negative,0.10335774295999144
1342267864154312705,negative,0.024071677281681962
1342267866633146368,negative,0.058553252288677915
1342267866964492288,negative,0.00016036712028058784
1342267867488776192,negative,0.000725745494711989
1342267868264628224,negative,0.0002922487043940966
1342267868415717376,negative,0.01572541495290145
1342267869049053190,negative,0.004364091949632325
1342267873671131136,negative,0.007046305154202699
1342267874371645441,negative,0.03845309961145903
1342267877588676616,negative,0.1184013620515493
1342267882022064130,negative,0.0021287968311441458
1342267882084986890,negative,0.010180016942306058
1342267888024121344,negative,0.0017296881781492831
1342267888460300288,negative,4.110564314718906e-09
1342267889563394057,negative,0.024062396490562892
1342267891396308993,negative,0.1184013620515493
1342267894009217025,negative,3.3762335624442293e-05
1342267894084882432,negative,0.002745298738113449
1342267894122475521,negative,7.8964593116111e-10
1342267896076980224,negative,0.019937252458622982
1342267896572088320,negative,8.515087045096324e-06
1342267896723070981,negative,0.23814515285141585
1342267901332611073,negative,0.000104205689446399
1342267901399728128,negative,0.00044286331715456817
1342267901773049856,negative,0.0012445089043806013
1342267902922252298,negative,1.1799024330240125e-06
1342267904067309569,negative,0.0003524035551094296
1342267907166887936,negative,3.792379489848801e-05
1342267907401785347,neutral,0.49789225920557484
1342267908521668609,negative,0.046255514282645106
1342267910547533825,negative,0.009087159101972653
1342267910975332352,negative,9.408529988076039e-05
1342267912254586880,negative,0.002288627707403102
1342267912803872768,negative,0.00782756105402227
1342267914783776768,negative,0.002745298738113449
1342267915542867968,negative,5.0335307730523563e-05
1342267916033650688,negative,0.10440416148123748
1342267916331454466,negative,0.0016984442996489809
1342267916922675200,negative,0.006090637631782576
1342267916960481280,negative,0.23814515285141585
1342267917786701824,negative,8.515087045096324e-06
1342267918671863810,negative,0.037841533495748335
1342267920014049284,negative,0.06106744169493714
1342267920102129666,negative,0.005058963611082928
1342267920492199937,neutral,0.6278505324791575
1342267920492212224,negative,0.11920034455919025
1342267921813417984,neutral,0.49789225920557484
1342267921834278915,negative,0.1184013620515493
1342267921905704962,negative,0.00741627213827822
1342267922316668931,negative,0.0029602333337327555
1342267922371256320,negative,0.27538537887707226
1342267924569067520,negative,0.09640323611645361
1342267925043011584,negative,0.0012257872543792482
1342267925311467522,neutral,0.5971372102662001
1342267927580581888,neutral,0.3696753206737568
1342267927869980672,negative,0.012487335807890914
1342267930172653572,negative,0.008961377363638008
1342267934232760325,neutral,0.5523243643785896
1342267934505197568,negative,0.23814515285141585
1342267935361015809,negative,0.040672965680871434
1342267938330587136,negative,0.031340434903706325
1342267938640949250,negative,0.007217439023533475
1342267939832139776,positive,0.7112900340604144
1342267939832160258,negative,0.0006903774037048812
1342267939874074624,negative,0.026353123416365223
1342267940872327168,negative,0.014921409828964609
1342267940872351745,negative,0.010180016942306058
1342267941769904129,negative,0.00011161858042375532
1342267941929291779,negative,0.0069571137892871044
1342267942365523968,negative,0.27538537887707226
1342267943564898305,negative,0.0014275226460393803
1342267944215175168,negative,0.015808122370380276
1342267944286490625,negative,0.0031071229455055496
1342267944500400129,negative,0.01687534262346514
1342267944856932353,negative,0.009087159101972653
1342267945767084032,negative,0.1184013620515493
1342267945842593794,positive,0.99952203082041
1342267947931336704,neutral,0.3332856921008272
1342267948333989888,negative,0.006416812001398704
1342267949160214533,negative,0.21047953907773329
1342267950145875969,negative,0.22353042453135927
1342267950900903937,negative,0.23559452850870796
1342267951811096576,negative,0.22069348159602717
1342267952054366210,negative,0.16607610750087148
1342267952486375426,negative,0.2812124665127172
1342267952897339394,negative,1.2137587316032155e-05
1342267952939339777,negative,0.00029267990461877914
1342267955535556608,negative,0.001909032705806478
1342267955955040256,negative,0.03124137667756368
1342267956361916416,negative,0.06713960296561705
1342267957527928832,negative,0.0009412237136405294
1342267958563921921,negative,0.08714034579754067
1342267959859929088,neutral,0.4918279616464364
1342267959960592387,negative,0.09676073570518164
1342267961004806144,neutral,0.4892423494528001
1342267962099687427,negative,6.623730226140685e-09
1342267962254893056,negative,0.01381816744785965
1342267963085303809,negative,0.029915334270275207
1342267963496402947,negative,0.009296350039962795
1342267964045860864,negative,0.0012257872543792482
1342267966025588736,negative,0.04431263158694897
1342267966730211328,negative,0.22100768725589298
1342267966843453440,negative,0.0002493641832150484
1342267969347465216,negative,0.0002215973051987459
1342267970307952641,negative,0.0003524035551094296
1342267970312151042,neutral,0.3593672214136314
1342267970437836800,negative,5.000458527407737e-07
1342267971184566274,negative,0.2812124665127172
1342267974258991106,negative,0.0016984442996489809
1342267976381300741,negative,0.016464699376844857
1342267977425682433,negative,0.07192298659144568
1342267978235179009,negative,0.0012445089043806013
1342267980038725637,negative,0.1741448742131343
1342267981347303426,negative,6.817703685575946e-05
1342267983796842497,negative,0.0916422577130604
1342267984363008011,negative,0.0251254892876947
1342267984858001423,negative,0.2812124665127172
1342267987110154240,negative,0.016869932826426393
1342267988242800642,neutral,0.5238763754166312
1342267988607643648,negative,0.00017109448101005308
1342267991388528640,negative,0.1184013620515493
1342267994211311622,negative,0.002312972534375788
1342267994911760390,negative,1.6082051077464364e-07
1342268002184605696,negative,0.05528446120294227
1342268003019345920,negative,0.003026382555154507
1342268003455524866,negative,1.7679897880718052e-06
1342268003468120064,negative,0.0032337969163664924
1342268003719778305,neutral,0.3593672214136314
1342268005171011584,neutral,0.38608938018273264
1342268005380747266,neutral,0.5785242008120542
1342268005858897921,negative,0.010707567603196803
1342268007742140417,negative,1.24825102539181e-05
1342268010602655745,negative,0.18719853193492675
1342268012901097472,negative,1.7719355383426894e-05
1342268012963893248,neutral,0.49789225920557484
1342268013437988865,negative,0.28708535681024444
1342268013727408129,negative,0.0069571137892871044
1342268014566068227,negative,0.017840404156025128
1342268014788395015,negative,0.056064655995890535
1342268016457900048,negative,0.027289744188104013
1342268018232070146,negative,0.00016602420197013782
1342268021507809283,negative,6.817703685575946e-05
1342268021868535813,negative,0.16532172419126437
1342268024905216002,negative,0.07454976554653649
1342268027686035456,neutral,0.47476583586449644
1342268030617874433,negative,0.00235581233911353
1342268031154663429,negative,0.23814515285141585
1342268031183929344,positive,0.6853358840002115
1342268034388545544,negative,2.5410747416131943e-09
1342268034732453888,negative,0.0001630059832550359
1342268036229844992,negative,0.0007431283633570746
1342268036414369793,negative,0.14339128884293262
1342268036569563136,negative,0.01901656117934125
1342268037689450499,negative,2.0008189638086605e-05
1342268039455252480,negative,0.27538537887707226
1342268041409781761,negative,0.14339128884293262
1342268042974212097,negative,0.06349256163192335
1342268043146055680,neutral,0.4893849888656435
1342268043947290624,negative,0.08376201790017727
1342268044643618819,negative,0.09330070914684761
1342268049051815937,negative,0.10700295468860774
1342268049165053955,positive,0.9771207992089802
1342268049714511875,neutral,0.37088021211927064
1342268052122038275,neutral,0.3309866124404005
1342268053262913537,negative,0.015948747943300517
1342268054978195457,negative,6.817703685575946e-05
1342268058568687622,negative,0.0021419870188545444
1342268059285921793,negative,0.0215815760276197
1342268063513780226,negative,0.08714034579754067
1342268066772746241,negative,0.11254980186538864
1342268067984891904,negative,0.027289744188104013
1342268068676984832,negative,0.27682746886566045
1342268069243219969,negative,3.3164836632836804e-05
1342268069582929920,negative,0.0010427729243528215
1342268070216273920,negative,1.2918758587199993e-06
1342268070702829573,negative,0.002953245679120151
1342268072380354561,negative,0.041212829412755655
1342268072955097088,negative,0.00514691407174681
1342268074381234179,neutral,0.49789225920557484
1342268075001917440,negative,0.014921409828964609
1342268075509506048,negative,8.515087045096324e-06
1342268077984022529,negative,0.0023340187397170556
1342268078302896130,negative,0.1184013620515493
1342268078961405963,negative,0.005026369834513546
1342268078965592065,negative,0.0742662387860357
1342268079246614531,negative,8.515087045096324e-06
1342268080798490625,negative,0.04431263158694897
1342268084116197378,positive,0.7823520103259631
1342268086037196801,neutral,0.39860016763037853
1342268086389452800,negative,0.014921409828964609
1342268086884458496,negative,0.19939793425732322
1342268086888574976,negative,0.0009497938199881029
1342268087786209287,negative,0.002508180671948821
1342268089090646016,negative,0.0076759206360571515
1342268089614872576,negative,0.15630830276745175
1342268089908539392,negative,0.006254624407229036
1342268090386677760,neutral,0.5002579963290844
1342268091171016705,negative,8.515087045096324e-06
1342268093205245954,neutral,0.42917751334538623
1342268093725343744,negative,0.06030985063096717
1342268093939273729,negative,7.30774934935384e-05
1342268094090276867,negative,0.009655167226292012
1342268095344369664,negative,0.002745298738113449
1342268096925544448,negative,0.05997801185790126
1342268096996728833,negative,0.0034590455895250954
1342268098070663169,negative,0.003918962098738657
1342268099244994561,negative,0.002745298738113449
1342268099945521153,negative,8.999914913363231e-05
1342268101006651392,negative,0.01572541495290145
1342268101195395072,negative,0.00028411120583402027
1342268101547741184,negative,0.0007146226402814305
1342268101824491520,negative,0.002705233447326724
1342268101954420737,negative,0.00013671026463594888
1342268102562689025,positive,0.9976521473271183
1342268102583717888,negative,0.0012853892246315266
1342268102722146304,negative,0.10540820900951026
1342268103636484096,negative,0.007284501904285998
1342268105490219009,negative,0.23814515285141585
1342268106203398146,negative,0.00891375960757663
1342268106236776452,negative,0.013889024160124672
1342268107210051584,negative,0.0017296881781492831
1342268107465707525,negative,0.13326666095464623
1342268108342505474,negative,0.009087159101972653
1342268108648706048,negative,0.0055358752083795966
1342268108657012736,neutral,0.49789225920557484
1342268109588209664,negative,0.0684357420199205
1342268109676306432,negative,2.8647180191039612e-05
1342268112222236674,negative,0.00031284106238320397
1342268112251592704,negative,0.2812124665127172
1342268112259973123,negative,0.018367562345874888
1342268112729739264,negative,0.00012129361241019164
1342268113060950021,negative,8.515087045096324e-06
1342268113895743488,negative,0.27538537887707226
1342268114575175680,negative,0.17550389390226925
1342268115497967616,negative,0.00024112472103017898
1342268116458471424,negative,0.1184013620515493
1342268117091831808,negative,0.1184013620515493
1342268118253629441,negative,0.0010711967916642114
1342268120904343553,negative,0.07012912088702614
1342268120950562817,negative,0.0005351360491963549
1342268121244180480,negative,0.0649409937485363
1342268121923645441,negative,0.06487390577265591
1342268122389213185,negative,2.4655767804770754e-07
1342268123022467072,negative,0.008955729650827257
1342268123072917509,neutral,0.5002579963290844
1342268124566089731,negative,0.011538404096376137
1342268125472026625,negative,5.547586483555178e-06
1342268127887896578,negative,4.7843287566264084e-05
1342268129993494529,neutral,0.44193049347687885
1342268130329034754,negative,0.26563181504169026
1342268131092393987,negative,0.0009412237136405294
1342268131918671874,negative,0.18719853193492675
1342268134519054337,negative,0.0009412237136405294
1342268135609516033,negative,8.121074715348611e-05
1342268135743873025,negative,0.011596964255212673
1342268135873916929,negative,2.0621549278693558e-05
1342268138470182923,negative,0.0005313712046005226
1342268139434700800,negative,0.18795859623648656
1342268140563148802,negative,0.009087159101972653
1342268140579921922,negative,8.515087045096324e-06
1342268146963656706,negative,8.515087045096324e-06
1342268147286630400,negative,0.13330950109685444
1342268147932532742,negative,0.006090637631782576
1342268149501227009,negative,0.0005520065288040503
1342268150344253440,negative,1.6117979300423012e-07
1342268150394589186,negative,0.00013752094999252402
1342268150583324672,negative,0.0001123780949996407
1342268150868549632,negative,0.09676073570518164
1342268151308935169,negative,0.017840404156025128
1342268152479145988,negative,0.0004268710350728782
1342268152651120640,negative,0.06349256163192335
1342268154823622656,negative,0.00044286331715456817
1342268160372838400,negative,0.0012445089043806013
1342268161434021889,negative,0.2742641492310916
1342268164101423105,negative,0.00045653278492249663
1342268165548625926,negative,0.007153054313739809
1342268166337081344,negative,0.008769709174195787
1342268166412636162,negative,4.0776715849374566e-10
1342268167155027971,negative,0.0011975203132347347
1342268167201026049,negative,0.22707567550596763
1342268167368933377,negative,0.0002535454262846121
1342268167738028038,negative,0.008002740267951025
1342268169013121024,negative,0.054935123823229404
1342268169549975552,neutral,0.39860016763037853
1342268169562574851,negative,0.11182245947334335
1342268169856184320,neutral,0.5743452650545291
1342268169910685700,negative,0.15937976745174143
1342268170095255552,negative,0.047991720322778146
1342268171122860033,negative,8.203475650051812e-07
1342268172183986176,negative,0.09946253546259924
1342268172985053186,neutral,0.49789225920557484
1342268177212960768,negative,0.03939374204316326
1342268178504810496,negative,0.0001328726455949803
1342268179431776256,negative,0.12703271384507175
1342268180371283969,negative,0.0016984442996489809
1342268180522217473,negative,1.3296958092343718e-05
1342268180711022592,negative,0.1418687614655635
1342268181180768256,negative,0.008890839795511567
1342268184997539841,negative,0.0010427729243528215
1342268185052127232,negative,0.0979576789924694
1342268185802764290,negative,0.006090637631782576
1342268188973805570,negative,0.0069571137892871044
1342268188982194182,negative,0.05493153835037799
1342268189326114816,negative,8.515087045096324e-06
1342268191234469888,negative,0.07409858964317478
1342268193163849728,negative,1.8025985805504059e-07
1342268193776295939,negative,7.219399210988782e-05
1342268194355113984,negative,0.0004801995416876064
1342268194405408771,negative,0.009870711398404146
1342268195311411202,negative,0.0002755830172568149
1342268196641001473,positive,0.7909245406637737
1342268198041710592,neutral,0.43578060616678027
1342268198134181889,negative,0.10088376213108355
1342268199191121923,neutral,0.6323720940364075
1342268201774821376,negative,0.011596964255212673
1342268202085134343,negative,0.10514650290048043
1342268202085179392,negative,0.000942675738455971
1342268202458427393,negative,0.010821739943380863
1342268202726772737,negative,8.515087045096324e-06
1342268202789851136,negative,0.010180016942306058
1342268202823397377,negative,0.009760717503525121
1342268203163148288,negative,1.319916961446057e-09
1342268204664684545,negative,0.2812124665127172
1342268204773761024,negative,0.08573051529844071
1342268206166097920,neutral,0.37818974763779223
1342268206686339072,negative,0.12871385991706516
1342268208435376133,negative,0.12740039617771
1342268209869807618,negative,0.0012445089043806013
1342268209978888195,negative,0.058962091186553926
1342268210410876928,neutral,0.381875542748901
1342268211987886080,negative,0.00741627213827822
1342268212063383552,positive,0.6842958578878325
1342268212361261056,negative,0.10514650290048043
1342268213455892485,negative,0.004894257897056172
1342268214101741569,negative,0.31297259541654526
1342268214424858624,negative,0.002745298738113449
1342268216555565056,negative,7.391301589217114e-08
1342268217721573376,neutral,0.46127768308170247
1342268217918685191,negative,5.749203323853435e-05
1342268218669330433,positive,0.723682313812272
1342268219692699648,negative,0.07012912088702614
1342268220288479232,negative,0.019713886976049255
1342268221034999808,positive,0.7909245406637737
1342268222834413570,negative,5.948530822781975e-09
1342268224587649024,negative,0.060753015882991514
1342268227330576384,negative,0.002908512070420462
1342268227334889472,negative,0.005058963611082928
1342268229545324547,negative,0.25446863128285735
1342268231986376704,negative,0.0016517701137548416
1342268236637888512,negative,0.2676438359255341
1342268237229092867,negative,0.10947585504718327
1342268237510299655,negative,0.003739184732018859
1342268237581586433,negative,0.27106204283165547
1342268237745188864,negative,0.019196637429483427
1342268238735044608,negative,2.130171101889543e-06
1342268240555347972,negative,0.0005520065288040503
1342268244737085442,negative,0.0004263899815557585
1342268244846141441,negative,0.004985606750573714
1342268245248798721,negative,0.05528446120294227
1342268245798232064,negative,0.0012445089043806013
1342268246372872195,positive,0.9477893455790707
1342268247966699520,negative,0.21047953907773329
1342268249384218624,negative,0.0016517701137548416
1342268250420342784,negative,0.0010427729243528215
1342268251473113088,negative,0.010180016942306058
1342268252538478596,negative,0.03635018486508849
1342268253431742464,negative,0.02329323645236039
1342268256514678785,negative,2.838447151904735e-07
1342268258351796225,negative,0.10941009576461619
1342268258486001664,negative,0.0003676228641342841
1342268262122467329,negative,0.004968029860804738
1342268262617268225,negative,0.003379464901668482
1342268262801932288,negative,0.008969768216740186
1342268264567738369,negative,0.18719853193492675
1342268265662447616,negative,0.007034122981357523
1342268266081869828,negative,4.151039880682005e-08
1342268267847700481,positive,0.6693707983818359
1342268268585873408,negative,2.646535147150858e-07
1342268269043081217,negative,0.2812124665127172
1342268270733373446,negative,0.12248249736691665
1342268271165378562,negative,0.27538537887707226
1342268272343986176,positive,0.9845644697550272
1342268273136689152,negative,0.009655167226292012
1342268273228992512,negative,0.0003654204344495328
1342268273711321089,negative,0.011046517358118638
1342268278626873344,negative,0.0004760529356788509
1342268279147130881,negative,7.219399210988782e-05
1342268281529499648,negative,0.002584438328405951
1342268281907011587,negative,7.1909229440680145e-06
1342268283635052546,positive,0.9657614674856395
1342268286080315392,positive,0.8259957546706592
1342268288420765696,negative,0.0007128169590991563
1342268288798253056,negative,0.27538537887707226
1342268289007939593,negative,0.0006511462771957673
1342268291314814977,negative,0.00048104237670277915
1342268291327422465,negative,5.482668550758668e-06
1342268291650347008,negative,3.2298993138232387e-06
1342268293516816388,negative,0.0004760529356788509
1342268293827207168,negative,0.10302537426639816
1342268297178312706,negative,0.13715425140970647
1342268297904091138,positive,0.7909245406637737
1342268298424176644,negative,0.10302537426639816
1342268298579357697,negative,0.012069906197002801
1342268298868756482,negative,0.056064655995890535
1342268299221073923,negative,0.014921409828964609
1342268299753660416,positive,0.9078414350505055
1342268300714266624,negative,5.547586483555178e-06
1342268301909614595,negative,1.7431845067344123e-07
1342268301909622786,negative,0.2369710931082333
1342268302459101184,negative,0.23814515285141585
1342268302945619971,negative,0.08416208145472209
1342268303264235521,negative,9.408529988076039e-05
1342268305277652992,negative,0.0007851605646244044
1342268306439471104,negative,0.00039793176341538367
1342268307018313729,neutral,0.49789225920557484
1342268307236392961,negative,0.025521009978160064
1342268309719425024,negative,0.0007449777289809049
1342268313024548864,negative,5.547586483555178e-06
1342268313133604864,negative,0.14339128884293262
1342268317613109248,negative,0.056064655995890535
1342268318674251781,negative,0.00012999382588466934
1342268318921629696,negative,0.00023918628907134294
1342268318942703616,neutral,0.5824772425727204
1342268319680892931,negative,0.20754802622066645
1342268319882207232,neutral,0.6149732941538079
1342268321178259456,negative,0.0012445089043806013
1342268322235166723,negative,0.1184013620515493
1342268323216572416,negative,0.0002392550969991425
1342268323837448194,negative,0.0010266621503869117
1342268326186266625,negative,0.03750036082964118
1342268328224509952,negative,8.515087045096324e-06
1342268328547676160,negative,0.16532172419126437
1342268329214533634,neutral,0.39355931138506245
1342268330338623489,negative,0.09640323611645361
1342268331319967744,negative,0.10514650290048043
1342268331336888320,negative,0.03816689789504979
1342268332389625857,negative,0.05275705847992347
1342268333245214722,positive,0.8488784103859388
1342268335199805442,negative,0.016464699376844857
1342268335262674944,negative,0.004276720170114547
1342268336537743360,neutral,0.4639311600642328
1342268338714664961,neutral,0.3767105158566414
1342268340186861568,negative,0.0807339895880088
1342268343097712641,negative,0.02329323645236039
1342268343177404422,negative,0.0012445089043806013
1342268343538089984,negative,0.2812124665127172
1342268344188227584,positive,0.8119641500663481
1342268345480077312,negative,0.007153327869971612
1342268346276978689,negative,3.689490582808084e-08
1342268346327326720,positive,0.8253714345432658
1342268346478305281,negative,0.09330070914684761
1342268346805452801,neutral,0.49789225920557484
1342268349645008897,negative,0.025883125651746122
1342268349737299969,negative,0.001939932573800638
1342268350613782528,negative,0.03389676136479784
1342268352220327939,negative,2.426818063767829e-21
1342268355668013061,negative,2.4355570561629934e-06
1342268356636901377,negative,0.2727475191084259
1342268358725611521,negative,0.21336051897571767
1342268359983779842,neutral,0.5530754504142579
1342268360055263232,negative,0.12063828404714616
1342268361506496513,negative,0.006777964122736965
1342268361955102720,negative,0.0005608507054915645
1342268363435769856,negative,0.09676073570518164
1342268363901444097,negative,0.019233637431980293
1342268364308307968,negative,0.15152485244682332
1342268364996141057,neutral,0.4975211914288348
1342268366254387201,negative,1.4395915775155803e-05
1342268367131041793,negative,0.12457995508098657
1342268367860858882,neutral,0.46127768308170247
1342268368020267009,negative,0.009087159101972653
1342268370486501377,negative,0.1262768471439921
1342268373447696384,negative,0.000239193657099081
1342268373514792962,negative,0.0028893272009128676
1342268374995374082,positive,0.7909245406637737
1342268376341762050,neutral,0.5846319833618762
1342268376769564672,negative,0.12248249736691665
1342268376941539329,negative,0.027289744188104013
1342268376987566080,negative,1.803720077752517e-05
1342268378401173506,neutral,0.49789225920557484
1342268380053729280,negative,0.032348844086251556
1342268381412655105,negative,0.02049828370112842
1342268382775816194,negative,1.289920011177562e-05
1342268383337832449,negative,0.00017582172268412865
1342268386697498626,negative,0.0017880157369971467
1342268387012079619,negative,0.10353202383567305
1342268387959955456,neutral,0.3385252644667176
1342268390208118785,positive,0.8119641500663481
1342268392187817989,negative,0.00017109448101005308
1342268392359800832,negative,0.041303651225089374
1342268392615645184,negative,0.11012099804257486
1342268396478603266,negative,0.0005520065288040503
1342268397439115264,negative,5.547586483555178e-06
1342268397464276993,negative,0.00741627213827822
1342268398164725763,negative,0.11638932512591534
1342268399108419585,negative,0.017383084249193482
1342268399800487936,negative,0.030946962660556975
1342268400052162561,negative,1.7161990852840349e-07
1342268401729875973,negative,0.10700295468860774
1342268402023493633,negative,0.05448553582876169
1342268403931893760,negative,0.006090637631782576
1342268404321951744,negative,0.13997518181407745
1342268405466935298,negative,0.09640323611645361
1342268409124368384,negative,0.013064945787527102
1342268410353360896,negative,0.001140524040559233
1342268412400193536,negative,0.11437305741923398
1342268412664414215,negative,0.23871696831429615
1342268412924452864,negative,0.058962091186553926
1342268414778208256,negative,0.0012802493548384288
1342268416791601152,negative,0.003947187730320721
1342268417127178240,negative,0.0001774731214372857
1342268417705979911,negative,1.2137587316032155e-05
1342268418716807168,negative,0.07409858964317478
1342268420960768002,negative,0.024831481278521115
1342268421002715136,negative,8.515087045096324e-06
1342268421300477959,negative,0.0002555796206646635
1342268422055473154,negative,0.006346707644591012
1342268425234735105,negative,6.817703685575946e-05
1342268428028096513,negative,0.032348844086251556
1342268428586012672,negative,0.042884316721708726
1342268429646979073,negative,0.07939234451305918
1342268441605132289,negative,1.958403594890691e-07
1342268442204798978,negative,0.02825198820122636
1342268445023477760,neutral,0.5871993079698375
1342268445195448320,negative,6.817703685575946e-05
1342268450325065728,negative,4.865023833893485e-08
1342268453416284162,negative,0.00044286331715456817
1342268458751430658,negative,0.00017109448101005308
1342268464925470720,negative,0.08376201790017727
1342268465332293632,positive,0.9274421222298188
1342268466796093440,neutral,0.5316624617817726
1342268466900971521,negative,0.00017109448101005308
1342268467077124096,negative,0.0016610030903116428
1342268468528205825,negative,0.0006903774037048812
1342268472034811905,negative,0.09946253546259924
1342268474341658625,negative,0.25430911457786876
1342268475641712640,negative,0.04753640113182337
1342268484210851850,negative,0.12457995508098657
1342268486417063939,negative,0.010632585699499323
1342268488098918400,negative,0.0060437983243608
1342268495661297665,negative,0.06759215908948861
1342268499201290243,negative,0.0016030253111629985
1342268500795150338,negative,0.0933905984433337
1342268505291444225,negative,0.06223791385770197
1342268506511876098,neutral,0.4128936533809503
1342268508240023554,negative,0.08131117716680174
1342268511314456578,negative,5.916974349075894e-09
1342268511566106624,neutral,0.49789225920557484
1342268513487089664,negative,0.006254624407229036
1342268517018726401,negative,0.03797221462512862
1342268517169639424,negative,8.921166702378565e-11
1342268517454917633,negative,0.08765667706082489
1342268519606591488,negative,0.008566861788800222
1342268524425842688,negative,2.8993851808563564e-09
1342268527022125063,negative,0.00838142352903162
1342268529152847872,negative,0.026690018895599292
1342268531673600000,negative,0.01424467440847454
1342268534374752260,neutral,0.6044583443732117
1342268534609612805,negative,0.016427604373005056
1342268535364591617,negative,0.08276455895599301
1342268535666520066,negative,0.009087159101972653
1342268545317658624,negative,6.105291603955177e-12
1342268546454269953,negative,0.00017109448101005308
1342268550732369921,neutral,0.44193049347687885
1342268552057921537,neutral,0.5533970533999424
1342268552577835008,negative,0.04652273521327198
1342268553609826315,negative,9.301454083936083e-05
1342268553785962496,negative,3.792379489848801e-05
1342268555157512192,negative,0.10550007329140339
1342268557112074241,negative,8.515087045096324e-06
1342268558361976832,negative,7.30774934935384e-05
1342268559108546565,negative,0.1184013620515493
1342268560442351623,positive,0.8619084794855766
1342268561281208322,negative,0.02863318724722656
1342268561537052677,negative,0.012896192945633395
1342268562229129218,negative,0.009655167226292012
1342268563915202563,negative,0.009087159101972653
1342268565169299457,negative,0.023158976181080253
1342268565227974656,neutral,0.4894438397947411
1342268566545031168,negative,0.013515345101612345
1342268567195103233,negative,0.03344737645732964
1342268568642187268,negative,0.0017880157369971467
1342268570282156033,negative,0.002454667869162021
1342268571305566208,negative,1.9264923755409437e-06
1342268573889097728,negative,0.03845309961145903
1342268573910183937,negative,0.010821739943380863
1342268575487291392,negative,1.640664400694747e-05
1342268575759949824,negative,0.008479622810143151
1342268578398146561,neutral,0.49789225920557484
1342268578465124353,negative,0.218417371922979
1342268578628849664,negative,7.149542433715284e-08
1342268579476070402,negative,0.007248681587094393
1342268579689984002,negative,0.00243804866477096
1342268580147179520,negative,0.014377687260491118
1342268580159741953,negative,0.029939237733906984
1342268581673889792,negative,0.238428800670322
1342268583737520130,negative,0.02781333373238798
1342268584299532289,negative,4.1970248861352044e-05
1342268585914355713,negative,0.1184013620515493
1342268587604647938,negative,0.0028831491176444886
1342268588967796736,negative,0.0020110122635098224
1342268591316594688,neutral,0.49789225920557484
1342268591920525319,negative,0.15487220309395128
1342268592532938752,negative,0.009142821984992541
1342268593589915648,negative,0.03722241892946375
1342268594890137601,negative,0.00891375960757663
1342268595343003649,negative,0.04586691580839149
1342268595741589504,negative,0.20595240699786815
1342268596790161408,negative,0.10010160029923164
1342268600850104320,negative,0.16532172419126437
1342268601982738434,negative,0.0021036417372419613
1342268605203947525,negative,0.008691453773405466
1342268606013325312,negative,8.203475650051812e-07
1342268608588734464,positive,0.7909245406637737
1342268608714592258,negative,7.391301589217114e-08
1342268610962542592,negative,0.23814515285141585
1342268612351029253,negative,0.0019525864004556444
1342268614615830528,negative,0.308199125160694
1342268617048526848,neutral,0.46511884455441777
1342268620852744193,negative,0.1184013620515493
1342268623675645953,negative,0.055057252092284965
1342268627031093252,negative,0.009087159101972653
1342268630378176513,positive,0.7419174195129323
1342268630600474626,positive,0.8141956482645412
1342268633465184258,negative,0.0004294246354881376
1342268634895441926,negative,3.33130505262159e-05
1342268641299972097,negative,0.058962091186553926
1342268644642975747,negative,0.23814515285141585
1342268645469278209,negative,0.0012802493548384288
1342268645855145984,neutral,0.42755866745518784
1342268646572367872,negative,0.0038397725959984476
1342268650896683009,negative,0.016427604373005056
1342268652045934593,negative,0.0031071229455055496
1342268652188479488,negative,0.13102140093068498
1342268654054899712,negative,0.0021116303739656416
1342268655850156032,negative,0.23814515285141585
1342268657049677824,negative,1.8420338633855928e-10
1342268658618408961,negative,0.05227963013389552
1342268661436846081,negative,0.054327400666022506
1342268661533388805,negative,0.0009412237136405294
1342268666709204995,positive,0.7739985919085288
1342268666998616064,negative,0.028337988898354115
1342268669792022529,negative,0.055319255801325
1342268678692331521,negative,0.027289744188104013
1342268679078223880,negative,0.02049828370112842
1342268679749332994,negative,5.082989893976401e-09
1342268684161658880,negative,0.0001123780949996407
1342268684526608385,negative,0.01574973731478331
1342268685558427648,negative,0.14870227111570603
1342268686711840770,negative,0.23814515285141585
1342268691971497984,negative,0.002745298738113449
1342268692231573504,positive,0.9633894245446962
1342268692479012864,negative,0.009087159101972653
1342268692814508032,negative,2.4939544040662123e-05
1342268695398084608,negative,0.027289744188104013
1342268695951847426,negative,0.008808420921481947
1342268696207753217,negative,0.06152383361029891
1342268697583431680,negative,5.470717804532745e-07
1342268698288156672,positive,0.7909245406637737
1342268698392989698,negative,0.23814515285141585
1342268700041175040,negative,0.0012257872543792482
1342268702058815488,negative,6.817703685575946e-05
1342268704843677696,negative,0.053956254737599366
1342268706802556931,negative,0.07192298659144568
1342268709721804800,negative,0.0002220974612234394
1342268710069874688,negative,2.8878051693488405e-06
1342268710308995072,negative,0.0036016707100985364
1342268713144377345,negative,0.19101296784203547
1342268716160061443,negative,0.1184013620515493
1342268716411740160,negative,6.267696083961324e-05
1342268720006258689,positive,0.8279016748440107
1342268724980670468,negative,0.02234281341164667
1342268725538353152,negative,0.027289744188104013
1342268725744033793,negative,2.2184785741884434e-10
1342268730471047169,negative,8.39924822678212e-05
1342268737085452289,negative,0.003296492441627436
1342268744068841473,negative,0.1184013620515493
1342268746262605825,negative,0.25430911457786876
1342268747147587584,negative,1.2331843164679287e-07
1342268748712042496,negative,0.0009412237136405294
1342268751555735552,neutral,0.49789225920557484
1342268752843452417,negative,9.301454083936083e-05
1342268753434836994,negative,0.00017258744904891403
1342268757725511680,negative,0.10353202383567305
1342268758384119810,neutral,0.4667819144075502
1342268760611319808,negative,3.7780426723534714e-06
1342268762142232576,negative,0.0016021680405250713
1342268762154786816,negative,0.00940205852601977
1342268767217328128,negative,6.817703685575946e-05
1342268769444487168,negative,0.0012257872543792482
1342268770371448833,negative,0.26953806560466687
1342268770614710273,negative,0.008962029428949152
1342268773471039488,negative,6.817703685575946e-05
1342268779875741698,neutral,0.49789225920557484
1342268780681043969,negative,0.0009547028274573838
1342268782358630400,negative,0.00012304002623226323
1342268784531353600,neutral,0.44193049347687885
1342268785982627848,negative,1.6308966504227288e-08
1342268787320520705,negative,8.515087045096324e-06
1342268788243357696,negative,0.00031686145959930565
1342268789593960449,negative,0.11413890872492319
1342268790256631809,negative,0.00741627213827822
1342268790789328896,negative,0.18786617406851622
1342268792773087234,positive,0.6936478868758833
1342268796409700352,negative,2.8993851808563564e-09
1342268811827949569,negative,0.023719417672446688
1342268813799260160,negative,0.21662801087125738
1342268814151585792,negative,6.049212721701507e-07
1342268814474547202,negative,8.39924822678212e-05
1342268817427345408,positive,0.6936478868758833
1342268821290299393,negative,0.020291988906238394
1342268825526480896,neutral,0.49789225920557484
1342268826105348100,negative,0.23124626104478893
1342268830710693891,neutral,0.3473101901087073
1342268831457300480,negative,0.1348771542549574
1342268831847342081,negative,0.002059218238125984
1342268835127287809,negative,0.0022497945751126583
1342268838788923394,neutral,0.43010935300609193
1342268840722505730,negative,0.00044286331715456817
1342268841943048193,negative,0.25872788135251773
1342268845046820864,negative,0.1945485515639775
1342268852256858112,negative,0.014510201452747173
1342268853565460483,positive,0.7359313527213359
1342268856170131462,neutral,0.6194422460519704
1342268856962854915,negative,0.0007449777289809049
1342268858506338306,negative,0.24187439095654115
1342268859680743425,negative,0.1184013620515493
1342268862830686222,negative,0.016427604373005056
1342268865833824257,negative,0.007046305154202699
1342268866320281606,negative,0.00017582172268412865
1342268873333157888,positive,0.7909245406637737
1342268877577699328,negative,0.030402257805422564
1342268882241785857,negative,0.002745298738113449
1342268885408616453,negative,0.00041534520266526306
1342268885706428419,negative,0.10242567479654836
1342268890672463873,neutral,0.49789225920557484
1342268893944016898,negative,6.817703685575946e-05
1342268896125067267,negative,0.25430911457786876
1342268897685336066,negative,0.01072136387044308
1342268899539214338,negative,0.06106744169493714
1342268901988724736,negative,0.16005557655497943
1342268902450098176,negative,0.005021791348261901
1342268902475264002,neutral,0.4567399064042063
1342268904291397632,negative,0.00012962631764983881
1342268913086832643,negative,0.009178925891116477
1342268914487730178,negative,0.10353202383567305
1342268914806517760,negative,0.0009412237136405294
1342268915477434368,negative,0.318421298488129
1342268916366774273,negative,0.002454667869162021
1342268916496703488,negative,3.33150743443673e-05
1342268916576509952,negative,0.00017109448101005308
1342268919281807360,negative,0.0031071229455055496
1342268921873838080,neutral,0.39220849115704093
1342268922708504576,negative,3.33150743443673e-05
1342268927523618817,negative,0.06693989718860824
1342268930249928704,negative,0.015056183679005315
1342268933114572800,negative,0.0016984442996489809
1342268934301618178,neutral,0.4099703166915427
1342268935228559363,negative,0.005619452445363498
1342268935312445441,positive,0.7158034134183016
1342268936256106498,negative,0.058962091186553926
1342268938625941514,negative,0.002725994377859216
1342268938823102464,negative,1.9770464242314684e-06
1342268940853116928,positive,0.7909245406637737
1342268942845358082,negative,0.0008690874213819293
1342268945211006983,negative,0.04275548090686738
1342268949652758529,negative,0.01616455903568405
1342268950571327488,negative,0.0006004748683393548
1342268951108136960,negative,0.009087159101972653
1342268952127430656,negative,0.01616455903568405
1342268956858580992,negative,0.00500942488756247
1342268957072437248,negative,0.07106026073101701
1342268963070373888,negative,0.010796772293720919
1342268964349603842,negative,0.00019226894071022778
1342268970406178817,negative,0.058079480922119224
1342268971337338883,negative,0.003495741307290736
1342268972973109252,negative,2.7822923232291268e-05
1342268973073756164,negative,0.06427417026761464
1342268974034247680,negative,0.09423180894222853
1342268974948618241,negative,1.0182174971815273e-06
1342268975586156552,negative,0.3020135550609068
1342268976051539968,negative,0.23814515285141585
1342268978555736064,negative,0.017165094143909265
1342268979822342144,negative,0.18786617406851622
1342268981193957376,negative,0.0011029630950383012
1342268981294542848,positive,0.9705966051847741
1342268981663703041,negative,0.009087159101972653
1342268982909423616,negative,0.08476829959920577
1342268986424225793,neutral,0.4898631585877994
1342268987036545027,positive,0.6600485274310073
1342268993273540613,negative,0.00034304348666119573
1342268994980610051,negative,8.515087045096324e-06
1342268995412652032,negative,0.05890507406173358
1342268995596996609,negative,0.0021116303739656416
1342268996272451586,negative,0.08376201790017727
1342268996490555398,negative,0.12160364935299228
1342269002379370496,negative,0.00045577905385702075
1342269003021090816,negative,0.023183375222991114
1342269007072784384,negative,0.00017109448101005308
1342269011241926656,negative,0.012457923829132952
1342269014010195970,negative,0.27867854907669665
1342269014916136960,negative,0.0019401454863566454
1342269015880818688,positive,0.7909245406637737
1342269018854617088,negative,0.00017109448101005308
1342269023350894592,negative,0.0007449777289809049
1342269024386875394,negative,0.0002214394359869658
1342269026567942144,negative,0.10353202383567305
1342269031773065220,negative,0.016427604373005056
1342269034251751424,negative,0.0013376428350686891
1342269037670256641,negative,0.06106744169493714
1342269039050174464,negative,9.849003740412778e-05
1342269044129329152,negative,0.00022949559299155462
1342269045014458376,negative,0.0009412237136405294
1342269045907841027,positive,0.7909245406637737
1342269058037633025,negative,6.817703685575946e-05
1342269060478865413,negative,0.027289744188104013
1342269060688601088,negative,2.810164259566835e-07
1342269064048238592,negative,1.7580265361928714e-05
1342269065914707968,negative,0.1184013620515493
1342269071052693505,positive,0.9313009757650702
1342269073271500806,negative,3.807522324399472e-05
1342269088710746112,negative,0.0011625588695002547
1342269089507647488,negative,0.00012115609046732806
1342269091478982656,negative,0.0021116303739656416
1342269095966695424,negative,0.23814515285141585
1342269096843485184,negative,0.007046305154202699
1342269100182134786,negative,0.20017669212207656
1342269104640708609,negative,6.567641188798128e-05
1342269106314211328,positive,0.7909245406637737
1342269108113580032,negative,0.009655167226292012
1342269108751110144,negative,0.2812124665127172
1342269111775199232,negative,0.04287224459841915
1342269112744075264,positive,0.6981299868677442
1342269112983183362,negative,0.01726677350876357
1342269113327038467,negative,0.10335774295999144
1342269113750716416,negative,0.008964904239522302
1342269114241441799,negative,0.00033428892887859223
1342269115839500292,negative,9.849003740412778e-05
1342269118108545025,negative,0.012487335807890914
1342269119098400771,negative,0.1771929814033195
1342269124391657473,negative,0.0001123780949996407
1342269126602084352,negative,3.245580114564067e-08
1342269129106087937,negative,0.0016984442996489809
1342269130628591616,negative,0.05542869502444834
1342269132239208448,negative,0.23398098051223332
1342269132784492544,negative,6.817703685575946e-05
1342269136672612352,negative,0.005078127087462056
1342269137444331521,negative,0.0067439644490239125
1342269139918925825,negative,0.2533206302794711
1342269144432046082,negative,1.4169264876966536e-09
1342269145233190922,negative,0.23814515285141585
1342269145711308803,negative,6.817703685575946e-05
1342269146650832898,negative,0.00030250149425897603
1342269147812683777,negative,7.219399210988782e-05
1342269149356171264,negative,5.000458527407737e-07
1342269150283112451,negative,0.008787525787110336
1342269150828359680,negative,0.20202116397934802
1342269154448076801,negative,0.13868314073716054
1342269157023342593,negative,0.03528604951105693
1342269158940168192,positive,0.9634834649974734
1342269161322512384,negative,7.708692861626212e-05
1342269164967186432,positive,0.9984588981377953
1342269165051240449,negative,0.19789086352639096
1342269169530769408,neutral,0.4737554465528978
1342269170835140610,negative,0.07231462839089708
1342269172399677447,negative,0.06526381363581847
1342269172672327680,negative,0.09330070914684761
1342269172827508741,neutral,0.4894438397947411
1342269183862714369,negative,0.1073228470275284
1342269184126971905,negative,0.0016487249759915975
1342269184256970752,negative,6.817703685575946e-05
1342269195074072578,positive,0.7158034134183016
1342269196760211456,negative,0.005026369834513546
1342269196969725952,negative,0.0016984442996489809
1342269203588513794,negative,1.657184573522255e-07
1342269210907566081,neutral,0.46511884455441777
1342269211591266305,negative,0.23814515285141585
1342269217148645376,neutral,0.4163795094929633
1342269222446104576,positive,0.7909245406637737
1342269226137088000,negative,8.66460434347442e-05
1342269226720124929,positive,0.7158034134183016
1342269228536061953,negative,8.843764818888858e-05
1342269229404454916,negative,0.004740826658642988
1342269229492547584,negative,0.00030826876351042865
1342269230432083978,negative,0.043523203170125396
1342269233045131270,negative,0.030946962660556975
1342269238002774022,neutral,0.46511884455441777
1342269241337278464,negative,0.0006903774037048812
1342269244998897668,neutral,0.37231951514265965
1342269248715038721,negative,2.823246526361483e-06
1342269250355015686,negative,0.0003082441436803875
1342269256675811329,negative,0.04987874334597794
1342269259179823104,negative,2.2184785741884434e-10
1342269264640794624,negative,0.008691453773405466
1342269265571962880,negative,0.005536561594723055
1342269268277284870,negative,0.0021116303739656416
1342269268340011009,neutral,0.6149732941538079
1342269276204326912,negative,0.06365255979106668
1342269276569403392,negative,0.00017582172268412865
1342269286530867206,negative,0.00017582172268412865
1342269292281090049,negative,0.00015467628004057614
1342269294881755147,neutral,0.43578060616678027
1342269295057903617,negative,0.20744168153670992
1342269295536041984,negative,5.2354190461617574e-05
1342269295766728704,positive,0.9078414350505055
1342269296349597696,negative,1.87848480124709e-05
1342269297327013890,negative,0.00030915010877106063
1342269299910696960,negative,0.0030407339636958973
1342269302217572353,negative,0.14339128884293262
1342269302918021133,negative,5.121154846943292e-07
1342269303421333504,negative,0.00047896252382722236
1342269304943882241,negative,2.838447151904735e-07
1342269305061314561,negative,0.18786617406851622
1342269306030223361,negative,0.07023432869003754
1342269307204591617,negative,5.000458527407737e-07
1342269307842162688,negative,6.582747253450239e-05
1342269308722946050,negative,2.3973201198707428e-08
1342269308798427143,negative,0.035572993044047235
1342269308890701825,negative,0.2812124665127172
1342269308945063942,negative,2.1703206556461926e-11
1342269309427601408,negative,0.00017109448101005308
1342269309826060288,negative,0.010959568899694983
1342269310916558848,negative,0.005447757490260875
1342269311075934208,negative,5.918561944515137e-11
1342269311654785024,negative,0.0012445089043806013
1342269312799813634,negative,0.004700554822791812
1342269313445752833,negative,0.10700295468860774
1342269313676402689,negative,0.07409858964317478
1342269318348857344,negative,0.0011186781177851132
1342269320152424450,negative,3.049361337113815e-05
1342269320324386818,negative,0.09676073570518164
1342269320563343360,negative,0.002367167875322707
1342269320894820352,negative,0.11413890872492319
1342269321205211138,negative,0.11511595010290339
1342269322773848064,positive,0.745061860176286
1342269324917145600,negative,0.005557068525823104
1342269326552952833,negative,0.06167690256162752
1342269326792007680,negative,0.0002922487043940966
1342269327446302722,negative,9.862105624609194e-09
1342269328339705856,negative,8.515087045096324e-06
1342269329405050881,neutral,0.3945222827097287
1342269329455378433,negative,0.14943933306184567
1342269331086831617,neutral,0.49789225920557484
1342269331539853312,negative,0.005726492878122546
1342269335428071429,negative,0.0004760529356788509
1342269335579013120,negative,0.12248249736691665
1342269337210597376,negative,0.037552888616565826
1342269337269374979,negative,1.3284315894559064e-07
1342269337646862337,negative,7.30774934935384e-05
1342269338783526912,negative,0.12703271384507175
1342269339181920257,negative,0.0005910243350410936
1342269340087963652,negative,0.0009719968613302451
1342269340440268806,negative,8.893456615922098e-06
1342269340859691010,negative,3.142822654108156e-05
1342269340939386880,negative,5.547586483555178e-06
1342269341824389120,negative,0.01764953561490576
1342269341874728961,negative,0.016427604373005056
1342269342956859394,negative,0.000126766967628531
1342269344512962561,negative,0.0007449777289809049
1342269344517156871,negative,0.00022878285493541906
1342269345536364544,negative,0.20818092234412613
1342269345813192704,positive,0.8736984663625011
1342269345876078599,negative,6.817703685575946e-05
1342269346454843392,negative,4.952198992795413e-05
1342269346752700417,neutral,0.49789225920557484
1342269347922903041,negative,0.01167145457106513
1342269348686131200,negative,0.1184013620515493
1342269349663551488,negative,0.0006068493073557042
1342269350267527168,negative,0.0007212255536393351
1342269351848656896,negative,5.000458527407737e-07
1342269352201084931,negative,0.0008583621845119692
1342269352532434945,negative,0.16082161490612473
1342269353018974213,negative,4.301094882263365e-10
1342269353388077057,negative,0.314651744190412
1342269353841074176,negative,0.00018578217009514384
1342269354029801475,negative,0.00017109448101005308
1342269355149713410,negative,5.651241791700221e-06
1342269355275522051,negative,0.006072912699298336
1342269356101795844,negative,0.13425495599182558
1342269357087477762,negative,0.10353202383567305
1342269357976653831,negative,0.030402257805422564
1342269362519085060,negative,0.12188388017780136
1342269363420848132,negative,0.0005086339006005566
1342269367501770752,negative,8.203475650051812e-07
1342269367967502337,negative,0.0015736133612672199
1342269368147783681,negative,0.01633858210922961
1342269368579760128,negative,0.004626138426163061
1342269369041231874,negative,0.1184013620515493
1342269371574607872,negative,0.006674037733341674
1342269372061126659,negative,0.10189721805660573
1342269373298470918,negative,0.009655167226292012
1342269379627642881,negative,0.2812124665127172
1342269380412010496,negative,1.9770464242314684e-06
1342269382098116609,negative,0.10690497650694182
1342269383561928705,negative,0.10700295468860774
1342269384916676610,negative,0.007217439023533475
1342269386669903872,negative,4.865023833893485e-08
1342269389765271554,negative,0.09646578667338862
1342269389891112960,positive,0.7909245406637737
1342269390046208000,negative,0.003026464302396157
1342269394513227776,negative,0.0067439644490239125
1342269398942437379,negative,0.032348844086251556
1342269400498495490,negative,0.009130790552421055
1342269401115095040,negative,0.00017109448101005308
1342269403233218561,negative,0.016427604373005056
1342269405212786693,negative,6.817703685575946e-05
1342269409528852481,positive,0.8020242837780933
1342269417636433925,negative,0.008863093896941912
1342269419624534017,negative,0.022232862883677557
1342269421377695745,negative,0.04431263158694897
1342269422711533568,negative,2.8993851808563564e-09
1342269427061059584,negative,0.00044286331715456817
1342269429166583810,positive,0.7909245406637737
1342269431209205760,negative,9.968841151839764e-05
1342269431263551488,negative,0.23814515285141585
1342269431439904770,negative,0.009655167226292012
1342269433658679297,negative,0.270440804134403
1342269437932576769,negative,0.010543224698307459
1342269440679960578,negative,0.002745298738113449
1342269442147966976,negative,0.00862357991652055
1342269442194083840,negative,0.23814515285141585
1342269445088169992,negative,0.0007449777289809049
1342269445763461121,negative,0.04586691580839149
1342269447843807233,neutral,0.469435958302461
1342269448254705665,negative,0.0016984442996489809
1342269454521151488,negative,0.054327400666022506
1342269454617616384,positive,0.7909245406637737
1342269457746391040,negative,5.000458527407737e-07
1342269460657401858,negative,0.0012445089043806013
1342269461546455041,neutral,0.41741377843684513
1342269462163169282,negative,0.3064077139218945
1342269466617536512,negative,9.369507733432613e-05
1342269469163454464,negative,0.00012302818962364368
1342269471742963712,negative,0.0737226891808318
1342269474586517504,negative,0.23814515285141585
1342269475031232515,negative,0.05583299329353172
1342269475748524033,neutral,0.49789225920557484
1342269476562202624,negative,2.8993851808563564e-09
1342269486074880001,negative,0.1184013620515493
1342269486989238272,negative,0.00862357991652055
1342269487643557890,negative,0.049038025833050954
1342269490051100672,negative,0.0002392550969991425
1342269492899012608,neutral,0.46127768308170247
1342269495138783232,neutral,0.3823916724275486
1342269495411437573,negative,0.019713886976049255
1342269495516286977,negative,0.23814515285141585
1342269499182112772,negative,0.038634925091169676
1342269499777675267,negative,0.11668154970354881
1342269501002362882,negative,0.16532172419126437
1342269501140819968,negative,7.30774934935384e-05
1342269501623193600,negative,0.025176120148151813
1342269502646607879,negative,0.2323477427545003
1342269502772412417,positive,0.8488784103859388
1342269502927486976,negative,0.23814515285141585
1342269503015628807,negative,0.008193793815487972
1342269503690977286,negative,0.07090687706650946
1342269504714379265,negative,4.637095858206288e-05
1342269504894558208,negative,0.23814515285141585
1342269505322545152,neutral,0.5052510391936574
1342269505540661250,negative,8.515087045096324e-06
1342269505632940032,positive,0.7909245406637737
1342269505687457792,negative,0.0001852678518888137
1342269506027016192,neutral,0.43578060616678027
1342269506811531267,negative,0.0016955961194879334
1342269507079827457,negative,0.07611837956766856
1342269508556210176,negative,0.0003524035551094296
1342269509151977474,positive,0.9959746498577048
1342269509806284800,negative,0.007046305154202699
1342269510078791680,negative,0.021324888176839953
1342269511072763905,positive,0.8488784103859388
1342269511626596353,negative,0.2812124665127172
1342269511987163136,positive,0.7909245406637737
1342269512402534402,negative,0.002145554790742446
1342269512616390656,negative,0.025372905185109103
1342269514130452480,negative,0.01901656117934125
1342269519427985408,negative,0.2745128689011155
1342269519625146369,negative,4.344471103738824e-06
1342269520937951233,positive,0.6691262784899221
1342269523781701632,negative,0.0017373365960697475
1342269523815243777,negative,0.019196637429483427
1342269524339544064,negative,0.00012886923598357422
1342269524423401475,negative,0.18786617406851622
1342269524628926465,negative,8.03798908998468e-08
1342269525534908420,neutral,0.49789225920557484
1342269526684041217,negative,4.216339401491737e-06
1342269530173812736,negative,0.27926531056762904
1342269532308525056,negative,8.515087045096324e-06
1342269532560367619,negative,0.30870027279148027
1342269533076160512,negative,0.011780079923004186
1342269533562802176,positive,0.9944834494897115
1342269537455120384,negative,3.5655061789469496e-06
1342269539132858368,negative,0.054327400666022506
1342269540093276166,neutral,0.49789225920557484
1342269541913681920,negative,0.0011914576143008371
1342269542718967808,negative,0.0010427729243528215
1342269542735605761,negative,6.817703685575946e-05
1342269545428492288,negative,0.07409858964317478
1342269547135565825,negative,0.010350335231243528
1342269547299172353,negative,0.0016984442996489809
1342269548268048384,negative,0.007379777371642781
1342269549304012801,negative,0.0832231994570215
1342269551271161858,negative,0.06106744169493714
1342269553615712258,negative,0.023749328908816095
1342269554194583554,negative,1.603905312035154e-12
1342269557084454921,negative,0.03049852291643349
1342269559324205056,negative,0.012487335807890914
1342269560670531585,negative,0.09152390726370341
1342269560897077249,negative,0.001990325021846196
1342269562889371648,neutral,0.37142605093897746
1342269562981654528,negative,0.011490537435018785
1342269567373078529,negative,0.01802643909317884
1342269568220184576,negative,0.0004036356967443948
1342269570032263170,negative,0.3025110108454361
1342269575384104960,neutral,0.4232078962494373
1342269575497445376,negative,0.00017109448101005308
1342269575841374209,negative,4.364280067877536e-06
1342269576281616385,negative,0.009655167226292012
1342269583353405440,neutral,0.43476015795637407
1342269584116736001,negative,0.3247774965679709
1342269587476389888,negative,0.050619611047755614
1342269587929378817,neutral,0.49789225920557484
1342269590345293824,negative,0.0067439644490239125
1342269592664756225,negative,0.025883125651746122
1342269592878657536,negative,6.817703685575946e-05
1342269596884205571,negative,0.009150849519854301
1342269599509839873,neutral,0.49789225920557484
1342269599715368961,negative,7.000968158929942e-05
1342269601267281920,negative,0.007046305154202699
1342269601657331714,positive,0.7909245406637737
1342269609345474561,neutral,0.5971406693328963
1342269615787962368,negative,0.18875959519645832
1342269618270982145,negative,0.010821739943380863
1342269618283556864,negative,0.23814515285141585
1342269618983940098,negative,0.0011029630950383012
1342269622985183232,neutral,0.3343291773650619
1342269628165271553,negative,0.027289744188104013
1342269629167783937,negative,0.0007449777289809049
1342269631122313216,negative,0.008691453773405466
1342269635715076103,negative,0.010821739943380863
1342269642639896576,negative,0.002862790881018507
1342269647580753921,positive,0.8020242837780933
1342269649375748098,negative,0.1747068295553362
1342269662021738499,negative,0.0028439110535341643
1342269666731978752,negative,0.0055053052165636674
1342269666773893121,negative,0.009655167226292012
1342269668439031809,negative,0.0047044695089326054
1342269668527112199,negative,0.05404119872205481
1342269670091583489,negative,0.3029968537174699
1342269681537708032,negative,0.04632004667878434
1342269683710517248,neutral,0.37203344382696774
1342269684431925249,positive,0.6936478868758833
1342269689800646656,negative,0.1012926152931594
1342269690744348673,negative,0.0021116303739656416
1342269692900208641,negative,0.046630912802758634
1342269693529305089,negative,0.08376201790017727
1342269696649867264,neutral,0.6424110860400508
1342269697824198656,negative,0.0016984442996489809
1342269700479320066,negative,0.025387730436580894
1342269709299941382,negative,0.00039157776775842356
1342269711481008129,negative,0.053635390797458604
1342269715616575491,negative,0.001906318516677481
1342269715780169728,negative,0.0006511462771957673
1342269717004873729,negative,0.0004959955619609795
1342269717734694912,negative,0.0005819333606554976
1342269718766481410,negative,0.27538537887707226
1342269720012140545,negative,2.0283313711570258e-09
1342269721257914369,negative,0.0004760529356788509
1342269721421475840,negative,0.0034185636050378682
1342269722495217665,negative,0.00045577905385702075
1342269723006758915,negative,0.08492370157356866
1342269723304722432,negative,0.003495741307290736
1342269723627679745,negative,0.00039418524672492773
1342269724571406337,negative,0.04265557760747323
1342269726085545984,negative,1.3020787236137112e-09
1342269728170139649,positive,0.7909245406637737
1342269728950267905,negative,0.004600790597992268
1342269731114463233,negative,0.0015843461308025957
1342269731210981379,negative,0.0006618755121295592
1342269732934856704,neutral,0.513136929509853
1342269734520303616,negative,0.0017373365960697475
1342269735233318912,negative,7.000968158929942e-05
1342269738903339008,negative,0.009087159101972653
1342269741596094464,negative,0.23124626104478893
1342269744750206976,negative,0.0012257872543792482
1342269747409387521,negative,0.00844128261308616
1342269750991269890,negative,0.08402957299509471
1342269752547405825,neutral,0.4525299360032805
1342269753478492162,negative,1.7161990852840349e-07
1342269762223681539,negative,0.01898943616078818
1342269762391465986,negative,0.07883118507840516
1342269763121246208,negative,0.0016984442996489809
1342269767818817537,negative,0.032348844086251556
1342269769832144897,positive,0.8020242837780933
1342269772029976577,negative,0.00017582172268412865
1342269773510393856,negative,1.1826072462860632e-05
1342269774638813187,negative,1.7580265361928714e-05
1342269776144572417,negative,0.00017109448101005308
1342269786340921345,negative,0.3207470972935748
1342269793198604288,neutral,0.46511884455441777
1342269793844523008,negative,0.2906278741030604
1342269793882271744,negative,0.014068485249908048
1342269796331778048,negative,0.00016499496973806303
1342269796541456386,negative,0.06980087645596508
1342269797111799811,negative,0.025056084543506628
1342269798672117760,negative,0.0008583621845119692
1342269807492816896,negative,0.011596964255212673
1342269807706714113,negative,0.22856525922414783
1342269808772050944,negative,0.07483444336099954
1342269809275383811,negative,0.006962156745827214
1342269809669627905,negative,1.6372847607091038e-06
1342269813058662405,neutral,0.49789225920557484
1342269814530859009,negative,0.0603769562324864
1342269816078544901,negative,0.043111781007583685
1342269820939722753,positive,0.9997030315236222
1342269821333942278,negative,0.009087159101972653
1342269821602439174,negative,9.968841151839764e-05
1342269821732454401,negative,0.1184013620515493
1342269828309135360,neutral,0.4728744359393301
1342269828808253441,negative,0.15434721856566286
1342269830574047234,negative,2.2184785741884434e-10
1342269831031246848,negative,0.010536406285460057
1342269832323018752,negative,0.003015704129936112
1342269833669468160,negative,0.06558739281576756
1342269833971458048,negative,0.0021116303739656416
1342269838002184192,positive,0.7909245406637737
1342269839533027330,negative,0.08200155933783874
1342269840313221126,negative,0.0007554785642802782
1342269840514560009,negative,0.238428800670322
1342269841013690369,negative,0.07598911157902404
1342269845476438018,negative,0.027289744188104013
1342269849171599361,negative,0.07124823764622079
1342269852698857472,negative,0.0016984442996489809
1342269853596594177,negative,0.009655167226292012
1342269856507432967,negative,0.012323815426533406
1342269861121171459,negative,0.007046305154202699
1342269862199128064,negative,0.0040069841903250525
1342269862870212608,negative,0.10368067501866346
1342269863096709121,neutral,0.5562490694065894
1342269864203980802,negative,0.006116635385121882
1342269872059916288,negative,0.00017109448101005308
1342269872739405825,negative,0.02940906040703673
1342269877080399873,negative,8.203475650051812e-07
1342269879177666562,negative,0.00044286331715456817
1342269880616280065,negative,0.2493718590048496
1342269881782308864,neutral,0.4525299360032805
1342269883682349057,negative,3.983390254229111e-06
1342269884143693825,negative,0.00022949559299155462
1342269891836071936,neutral,0.4705026239168581
1342269896948912130,negative,0.0005605855636103422
1342269902351196162,negative,0.23814515285141585
1342269903227785225,negative,0.0001123780949996407
1342269907002658816,positive,0.7006435825709926
1342269909187891203,negative,1.3017790808859944e-05
1342269910915944448,negative,0.00030639987006555043
1342269913323474944,negative,4.1970248861352044e-05
1342269915101720576,negative,0.0012257872543792482
1342269919921115136,negative,0.2907571769090794
1342269921707913222,negative,0.027289744188104013
1342269928104210433,negative,0.009971967242152262
1342269929756758016,neutral,0.35037246870997213
1342269929828069376,negative,0.25430911457786876
1342269936710918153,negative,0.0002850642442848828
1342269937977618432,negative,0.21617504261339232
1342269940519358466,negative,8.203475650051812e-07
1342269941903458304,negative,0.009655167226292012
1342269943132393472,negative,0.016427604373005056
1342269949876834304,negative,0.004962184566245722
1342269951068004352,negative,0.008769709174195787
1342269954767413250,negative,0.0067439644490239125
1342269956017311744,negative,0.238428800670322
1342269957242052609,negative,0.07191993098758787
1342269958814904322,neutral,0.6102730090845424
1342269959347568641,negative,0.23398098051223332
1342269959683108864,negative,0.009087159101972653
1342269965639036928,negative,0.0002986273078396219
1342269974136709121,negative,0.04983770267772431
1342269975516614660,negative,5.547586483555178e-06
1342269975655030786,negative,0.015808122370380276
1342269975910899712,negative,0.019046864071097167
1342269978679111680,negative,0.06946581803373242
1342269983095709696,negative,0.16532172419126437
1342269989798219776,positive,0.7909245406637737
1342269992423862272,negative,0.004112193252542076
1342269994453905409,negative,8.865200737080262e-05
1342270000195903488,negative,0.05352475611900498
1342270002578268162,negative,0.1184013620515493
1342270004893540352,negative,0.010625722543201738
1342270005329719296,negative,0.07598911157902404
1342270008089571328,negative,0.0010538655367577298
1342270015962284034,negative,0.003015704129936112
1342270017270931456,neutral,0.5971372102662001
1342270017904259074,negative,0.0021116303739656416
1342270018558582790,negative,0.004700554822791812
1342270019355308034,negative,0.0020110122635098224
1342270020517302272,negative,0.20459866022298215
1342270028410982402,positive,0.6936478868758833
1342270031116300288,negative,0.0472761167296317
1342270031153999872,neutral,0.39893677931308397
1342270031976148997,negative,0.23814515285141585
1342270033318187009,negative,0.0016984442996489809
1342270034551386113,negative,0.006254624407229036
1342270036489228290,negative,0.23439543422852724
1342270036858318850,negative,2.593859558346641e-15
1342270038682828800,neutral,0.3975789298702671
1342270048103059457,neutral,0.37609422587007374
1342270049965510660,negative,2.5410453698084416e-08
1342270050229694467,negative,0.012069906197002801
1342270061583732738,negative,0.195901380517719
1342270062540050434,negative,0.0021116303739656416
1342270063060070401,negative,2.6841151457465326e-08
1342270063097868290,negative,0.0010538655367577298
1342270066528833543,negative,3.8092471297511385e-10
1342270067317342214,negative,0.23814515285141585
1342270068932161536,negative,0.009087159101972653
1342270076427390977,negative,0.027506897882943002
1342270077710856192,negative,0.0040069841903250525
1342270078771982336,neutral,0.49789225920557484
1342270081275932672,negative,0.0011236794160569068
1342270081305292801,negative,0.001385824389080629
1342270081326202883,negative,0.24339632402902336
1342270086967541761,negative,0.026926096156326636
1342270088284672000,negative,0.0016984442996489809
1342270089677176838,negative,0.013295080805721001
1342270090281103361,negative,0.00017109448101005308
1342270090448875520,negative,0.058962091186553926
1342270090805440512,negative,0.015302701110981826
1342270091866607616,negative,0.007046305154202699
1342270096350339072,negative,0.001192724007513408
1342270098262913029,negative,0.0012257872543792482
1342270099227602944,negative,0.02825198820122636
1342270103447089153,negative,0.12188388017780136
1342270103841349638,positive,0.9061304277678275
1342270103858130957,negative,0.11470708710366972
1342270104529215489,negative,0.16280582794327256
1342270106991288321,negative,0.12256090127069341
1342270106995322880,negative,0.022232862883677557
1342270117531578370,negative,0.007046305154202699
1342270120622743554,positive,0.7006435825709926
1342270121017044992,negative,0.20976056208035807
1342270122875097088,negative,0.07409858964317478
1342270123462242305,negative,1.9264923755409437e-06
1342270124406038530,negative,4.1970248861352044e-05
1342270124527669256,negative,4.8800699976121765e-06
1342270126394142723,negative,0.0031071229455055496
1342270127979462656,negative,0.00044286331715456817
1342270128327684098,negative,0.2517674611777689
1342270138691698689,negative,0.009560974701796855
1342270140495368197,negative,0.0005819333606554976
1342270140679921665,negative,0.3024154418601797
1342270146384031744,negative,0.23814515285141585
1342270147692797960,negative,0.009655167226292012
1342270149928345601,negative,0.00044286331715456817
1342270150465245185,positive,0.9944834494897115
1342270150888845314,negative,0.014494593092258515
1342270152528826371,negative,0.0919194936249436
1342270153946517505,negative,0.028455622449935856
1342270154600800261,negative,0.0016984442996489809
1342270165698965504,positive,0.998326972220833
1342270167565414402,negative,0.1658539721594431
1342270167968051200,negative,0.00017109448101005308
1342270171042504704,negative,0.058962091186553926
1342270172233674752,negative,1.2221193852888612e-07
1342270173038972929,negative,0.0024174839783424706
1342270173068353536,negative,0.14757062650868502
1342270175073234945,negative,3.5319986991083594e-05
1342270177195528192,negative,0.02781333373238798
1342270184837492736,neutral,0.6373303613561087
1342270194824093696,negative,0.010543224698307459
1342270195218440196,negative,0.0067439644490239125
1342270195772104704,negative,0.1472236224474914
1342270197869260801,negative,1.9157614042614244e-05
1342270199731548166,negative,0.0006756481986024735
1342270201740603394,neutral,0.5533970533999424
1342270210473152512,negative,0.0057942270187252495
1342270216303222784,positive,0.8508810111008386
1342270217859248128,negative,0.0008565252321588402
1342270223404163072,negative,3.33130505262159e-05
1342270232673603585,negative,0.08462346205875676
1342270233252409345,negative,0.024644865235759872
1342270237459304448,negative,0.00018983998561175077
1342270239413841920,positive,0.7006435825709926
1342270239862624257,neutral,0.49789225920557484
1342270242114973696,negative,0.1184013620515493
1342270243209670656,negative,4.1970248861352044e-05
1342270246514798594,negative,0.0848350226422375
1342270249647927301,negative,0.003566906859200871
1342270252290367488,negative,0.0031071229455055496
1342270252349067269,negative,5.948530822781975e-09
1342270253028560897,negative,0.04698333778783211
1342270253741404161,negative,8.515087045096324e-06
1342270255750651906,negative,0.008968131455665695
1342270256719536130,negative,0.21336051897571767
1342270257092849667,negative,0.016696205518529156
1342270257667461120,negative,1.2010388343981065e-08
1342270257747140609,negative,0.01641156691273709
1342270259332608005,negative,0.24396968572718591
1342270260246765568,negative,0.1939751723184478
1342270261987520512,negative,0.2742641492310916
1342270262679658496,negative,0.006090637631782576
1342270262931292160,negative,0.002745298738113449
1342270264843718657,negative,0.19475404833615956
1342270266437754880,negative,0.2819411170673034
1342270267331141632,negative,0.10198184655274702
1342270268358545408,negative,0.2627896215729405
1342270268534829056,negative,0.005431125331549189
1342270269059182592,negative,0.21047953907773329
1342270270808141831,negative,0.00011745051280877691
1342270270984302595,negative,0.0016517701137548416
1342270272083136512,negative,0.13997518181407745
1342270273287020548,neutral,0.46511884455441777
1342270275916853249,neutral,0.42076888431135534
1342270276231450624,negative,0.0006694108814461558
1342270277099675648,negative,0.2812124665127172
1342270277296795648,negative,0.100699304210926
1342270278555103232,negative,0.010625722543201738
1342270278764781568,negative,0.2515038584243351
1342270279020634114,negative,0.0033704613355772803
1342270281562415104,negative,0.00017109448101005308
1342270282837471233,negative,0.016714336386832434
1342270282933927939,neutral,0.57723208060306
1342270285421154309,negative,0.008827759095190213
1342270286347976704,positive,0.990700434944994
1342270286733996035,negative,0.2812124665127172
1342270287363141632,negative,0.005523502443881404
1342270287467970563,neutral,0.398180521791012
1342270287577034754,negative,0.15744751860760156
1342270288227139584,negative,0.1654044848064151
1342270288776585216,negative,0.0147501555232423
1342270289514786816,negative,9.396650234604289e-08
1342270290995404800,negative,0.011196121629447213
1342270291561631744,negative,0.012649685294040324
1342270291934908417,negative,1.825768127286715e-05
1342270292262060033,negative,0.0008693302152206069
1342270292354359296,negative,0.007860569486110646
1342270292383703042,neutral,0.46127768308170247
1342270293230972930,negative,0.035490046730076795
1342270295781085185,negative,0.15237137935820858
1342270298826141698,negative,0.18383944591880086
1342270298893246464,negative,2.2184785741884434e-10
1342270299803410432,negative,1.0867613698008322e-08
1342270300818440193,negative,0.06167690256162752
1342270301179006976,negative,3.792379489848801e-05
1342270301346775040,positive,0.7006435825709926
1342270301770543105,negative,0.00014189525845615183
1342270302894645248,negative,0.21047953907773329
1342270303184031747,negative,0.06629107690946992
1342270305331507201,positive,0.9042338611407014
1342270305553813504,positive,0.7342543964720094
1342270306526892040,negative,0.06629107690946992
1342270307713904645,negative,4.6868339093512085e-06
1342270308208803840,negative,0.002967428456337833
1342270308900859906,negative,0.16532172419126437
1342270309487976448,negative,0.04508398715970884
1342270310872215552,negative,3.66140578248887e-12
1342270311396466689,negative,0.27538537887707226
1342270311652347907,negative,0.012328900079760048
1342270314261204994,neutral,0.37142201330946456
1342270315121020928,negative,0.006090637631782576
1342270315372699649,negative,0.2812124665127172
1342270316475797505,neutral,0.49789225920557484
1342270320120623105,negative,0.0067439644490239125
1342270320359534592,negative,0.009655167226292012
1342270330530881536,negative,0.23814515285141585
1342270338185486336,neutral,0.3734621273389459
1342270338713923585,neutral,0.49789225920557484
1342270341176037376,neutral,0.46511884455441777
1342270343017279489,neutral,0.489030778946548
1342270343143186434,positive,0.7909245406637737
1342270349270941697,negative,0.2715986399098022
1342270350818766849,negative,0.0010582606728932573
1342270351271718913,negative,0.09330070914684761
1342270352471318531,negative,0.009087159101972653
1342270352530022400,positive,0.7158034134183016
1342270353335341058,negative,0.040164694165905665
1342270353876381696,negative,0.3237843866812601
1342270355763826688,negative,0.31297259541654526
1342270355927412742,negative,0.042807386827958066
1342270360801185796,negative,0.010821739943380863
1342270362357215237,neutral,0.4892423494528001
1342270363586146304,positive,0.8020242837780933
1342270364651417600,negative,0.16725083977033275
1342270366161494017,positive,0.7909245406637737
1342270369101721601,negative,0.06422634253852189
1342270369839931393,positive,0.765177733460756
1342270371211440129,negative,0.016464699376844857
1342270371605729280,negative,0.06585299230207302
1342270373363146753,negative,0.007217439023533475
1342270376995397634,negative,0.07454976554653649
1342270381772701699,negative,0.04708106434102678
1342270383295229952,negative,0.07903570300231018
1342270391486582784,negative,0.043425536097302236
1342270396213637122,negative,0.0021518222347916864
1342270396943523840,negative,0.0036016707100985364
1342270399808200705,positive,0.6936478868758833
1342270400256999425,negative,0.00037397242698813455
1342270406456193026,negative,0.050816956969998675
1342270409484468224,negative,0.23814515285141585
1342270414337282050,negative,0.047210553067373644
1342270414660235265,negative,0.015642843118075636
1342270417705168896,negative,0.04287224459841915
1342270419106222080,negative,0.02355629728941641
1342270419987013632,negative,0.1184013620515493
1342270420213444610,negative,0.006644549497745394
1342270425754165249,negative,0.0021116303739656416
1342270427440287744,negative,0.2369710931082333
1342270428291735554,negative,4.377175184681141e-06
1342270431357771776,negative,0.010821739943380863
1342270432423112705,negative,0.0015172463785196489
1342270436911034371,neutral,0.34496943167928285
1342270438119006208,negative,0.0016984442996489809
1342270438471307264,negative,0.13306643287821535
1342270438827823109,positive,0.9436682946495462
1342270438995591175,negative,0.02401353181976433
1342270441726083088,negative,0.3055950302665505
1342270441977753605,negative,0.0001630059832550359
1342270442086694912,negative,0.11165534178972847
1342270442707496962,negative,0.02287191217401359
1342270443001163777,negative,8.203475650051812e-07
1342270443529654273,negative,3.294730375246207e-07
1342270443584016384,negative,0.0002755830172568149
1342270444561461253,negative,0.005447757490260875
1342270445257678850,negative,0.008104752351479803
1342270446742478848,negative,0.05278646789621334
1342270446847336451,negative,1.4994091474972746e-05
1342270448155971585,negative,0.26616909286316287
1342270448399167497,negative,5.0887405451624684e-08
1342270448848003073,negative,0.028337988898354115
1342270450311852033,negative,0.007046305154202699
1342270450584461312,negative,0.012487335807890914
1342270450999545857,negative,0.008207458849055315
1342270451138105348,negative,0.18875959519645832
1342270452870356992,negative,0.004386516435827132
1342270454086688769,negative,0.022232862883677557
1342270456200646657,negative,0.0006945402081456484
1342270457748336640,negative,2.3390069427979738e-05
1342270458067038208,negative,1.377241924020358e-06
1342270459648344067,negative,7.246111910618886e-09
1342270461158293504,negative,0.007046305154202699
1342270461309284354,negative,0.05747262474326637
1342270462714384387,negative,0.0023089057108816283
1342270462852784129,negative,0.005690555835752746
1342270463557443585,negative,0.1356511725873473
1342270464446574592,negative,0.0057899175196762616
1342270465390198784,negative,5.000458527407737e-07
1342270465503617024,negative,0.0005730524286270943
1342270465663000582,negative,0.00293557024489414
1342270466149511169,negative,0.23149223673098684
1342270467827183616,negative,1.8982044631839968e-09
1342270467974066177,negative,0.24339632402902336
1342270467982454784,negative,8.250965698873675e-05
1342270470595506177,negative,4.597837568807647e-05
1342270472029921280,negative,0.008211726493159356
1342270472365477890,negative,0.0009770974867707204
1342270472432578560,negative,7.8964593116111e-10
1342270474257051649,neutral,0.489030778946548
1342270474269712387,neutral,0.4925480410591187
1342270474399703040,negative,0.030646049405239708
1342270474663784448,negative,5.000458527407737e-07
1342270477889400834,negative,0.015872410037453554
1342270478405271553,neutral,0.4892423494528001
1342270478531096577,positive,0.9020719925794355
1342270478954721280,negative,0.27538537887707226
1342270479168647168,negative,0.021832781444602187
1342270479374184448,negative,0.0005918030745527302
1342270481513254915,neutral,0.35673419939177425
1342270482423427075,negative,0.17081360610822469
1342270483522322433,negative,0.0030407339636958973
1342270483966943239,negative,0.0010395439292178372
1342270484235210752,negative,0.00026727080127832826
1342270485208453121,negative,0.10384105964325718
1342270485246201856,negative,2.2435987286664434e-05
1342270485598507010,negative,3.792379489848801e-05
1342270488114950145,negative,0.0008901255515783454
1342270488941371393,negative,0.010180016942306058
1342270493152473088,negative,3.162148234835636e-09
1342270495278956544,negative,0.011151314030245
1342270496813981697,negative,8.203475650051812e-07
1342270496910565377,negative,0.14143821175705878
1342270498907049984,negative,0.22830605710517435
1342270509023719426,negative,0.05906198407925739
1342270509849853953,positive,0.8119641500663481
1342270510323924993,negative,3.8106059474859054e-10
1342270511888420864,negative,0.09303335719675417
1342270514442723328,negative,3.3858202646238174e-06
1342270515155709956,negative,0.016427604373005056
1342270517219360770,negative,0.009655167226292012
1342270522386735106,negative,0.2906278741030604
1342270525482151939,negative,0.016427604373005056
1342270529303175170,negative,0.0002214394359869658
1342270529609338885,negative,0.15540233172630602
1342270533338071042,negative,0.06406271461725559
1342270536005648389,negative,2.2184785741884434e-10
1342270544155045889,neutral,0.49789225920557484
1342270544998248451,negative,0.22727451274474617
1342270547258961922,negative,0.0007449777289809049
1342270555219746816,neutral,0.4667819144075502
1342270558449360899,negative,1.0078619047083904e-07
1342270564443037696,negative,0.002312972534375788
1342270565508395008,negative,0.0006430291234434402
1342270566338875395,negative,0.011459742848165647
1342270567295168514,positive,0.7909245406637737
1342270575738290176,negative,0.181122095783646
1342270581069275136,negative,0.16391782574256425
1342270583921369089,negative,6.031449420024511e-07
1342270586249236483,negative,0.009264039343730587
1342270588530946049,negative,0.004700554822791812
1342270593094324224,negative,0.010625722543201738
1342270596470759429,neutral,0.33000841313334767
1342270596638527491,negative,0.002944122836935153
1342270596722216960,negative,0.00030915010877106063
1342270597057961984,negative,0.002964484802930866
1342270600996397058,negative,0.024071677281681962
1342270602871271425,negative,3.946592125085049e-06
1342270608873299970,negative,0.002847662342771135
1342270609418575873,negative,0.003078723735239982
1342270613889703943,negative,0.002454667869162021
1342270614325915648,neutral,0.49789225920557484
1342270614350999557,neutral,0.49789225920557484
1342270616540491777,negative,0.0012257872543792482
1342270619426189313,negative,0.00037397242698813455
1342270622374756358,negative,0.007092974530203551
1342270623783866368,negative,0.028041201333096188
1342270627814596608,negative,5.000458527407737e-07
1342270629232467969,neutral,0.34496943167928285
1342270629375053824,negative,0.04109629778394444
1342270630629011456,negative,4.8915769645158695e-14
1342270630960492544,negative,6.988387948584287e-09
1342270631665168386,negative,8.515087045096324e-06
1342270631879041026,negative,0.008285294134682705
1342270632596267008,positive,0.7319566974989471
1342270633409916929,negative,4.258013760211975e-13
1342270634093633537,negative,0.00017109448101005308
1342270634290798592,negative,0.013553590421414848
1342270634340990978,negative,0.00233881897619328
1342270635800625152,negative,1.6734281074416479e-10
1342270637130321923,neutral,0.42602568774772304
1342270637629435909,negative,7.000968158929942e-05
1342270641983152130,negative,2.2184785741884434e-10
1342270642117341187,negative,0.0011396635204548133
1342270643912507392,negative,6.758228384705113e-06
1342270645569257473,negative,0.00011487712986063824
1342270646194200577,positive,0.7918622569240754
1342270646244544513,negative,5.0317783557058267e-05
1342270646424907777,negative,0.002745298738113449
1342270646487814146,negative,0.0004760529356788509
1342270647574142976,negative,0.0018556455524368605
1342270647897100288,negative,0.001782324353818678
1342270650707288066,neutral,0.4599002552197918
1342270650858160131,neutral,0.43578060616678027
1342270651319640065,negative,7.000968158929942e-05
1342270651537780736,negative,0.009087159101972653
1342270652359835648,negative,0.03111039190647135
1342270652833796097,neutral,0.6373303613561087
1342270653345488897,positive,0.9630978797545166
1342270654318403585,negative,0.006768468857008669
1342270655224553473,negative,8.203475650051812e-07
1342270655455105024,negative,0.003719291645322882
1342270655778140163,negative,0.0010427729243528215
1342270657078439936,negative,0.05542869502444834
1342270657275559936,negative,1.4179856029980568e-05
1342270657308946433,negative,5.2354190461617574e-05
1342270658248650754,negative,0.07231462839089708
1342270658777128964,negative,0.0360688124158416
1342270660731670528,negative,0.26076950668447035
1342270662132572164,negative,0.3022490341336516
1342270662245810181,negative,0.012044251378290986
1342270662459719680,negative,0.008566861788800222
1342270663210446849,negative,0.019196637429483427
1342270663617351683,neutral,0.5048068998891857
1342270664338714625,negative,3.792379489848801e-05
1342270664724639744,negative,0.00017109448101005308
1342270664829497344,negative,0.025387730436580894
1342270666284953603,negative,0.0041601516950195965
1342270667404808193,neutral,0.489030778946548
1342270668403060736,negative,0.00030915010877106063
1342270669963329536,negative,0.18875959519645832
1342270671309713408,negative,0.002996755175565214
1342270671645192198,negative,0.016696205518529156
1342270672156950530,neutral,0.42755866745518784
1342270672664363008,negative,0.0012257872543792482
1342270672781905920,negative,0.0009989947086636016
1342270673352273920,negative,0.006038334651417378
1342270674140868611,negative,0.008859572311431585
1342270675340455936,negative,0.24339632402902336
1342270676040884226,negative,0.007186764935882854
1342270676841897984,negative,0.1184013620515493
1342270679224365057,negative,0.0013862209217129974
1342270679408906240,negative,0.009087159101972653
1342270681992589313,negative,6.053780090156155e-09
1342270682193911808,negative,0.007217439023533475
1342270683695476736,neutral,0.5486968456609221
1342270684811194368,negative,0.0016984442996489809
1342270685108989953,negative,0.027289744188104013
1342270688384712704,negative,0.00046473667666213555
1342270688695095298,negative,0.2812124665127172
1342270688867057665,negative,0.009087159101972653
1342270688925798400,neutral,0.4869746993321168
1342270689399726080,negative,0.0006718943934407386
1342270691941494785,negative,0.0001039175126215644
1342270692763566086,negative,0.00031717491648353873
1342270695754108928,negative,0.009087159101972653
1342270698287489025,positive,0.6830689139170363
1342270699940024320,negative,0.027289744188104013
1342270704541118464,negative,6.817703685575946e-05
1342270704683806720,negative,0.00702945798706116
1342270706571161601,positive,0.9042338611407014
1342270710874599429,negative,0.03219480330377185
1342270713667850240,negative,0.0001345020445654496
1342270721309999104,neutral,0.6362092755222121
1342270722845110272,negative,9.609415689719695e-07
1342270727169470466,neutral,0.5098436067637715
1342270727513366530,negative,0.016427604373005056
1342270730961100803,negative,0.0074566201419079235
1342270734798901249,neutral,0.4892423494528001
1342270736656949248,negative,0.03219480330377185
1342270737516785672,negative,0.1123928246176281
1342270748132585472,negative,0.002847662342771135
1342270748510052361,negative,0.20034410483168336
1342270750309289984,neutral,0.6149732941538079
1342270752704393216,negative,6.817703685575946e-05
1342270762128912385,negative,1.7580265361928714e-05
1342270763584274432,negative,0.0012257872543792482
1342270765249548295,negative,0.007217439023533475
1342270766205837314,negative,0.08241537772646128
1342270769385058304,negative,4.8800699976121765e-06
1342270770890891264,negative,0.23547448214396235
1342270771033485313,negative,0.027289744188104013
1342270771868086272,positive,0.8220592670933173
1342270773076119554,negative,0.011082385628414406
1342270775299108864,positive,0.7909245406637737
1342270777652109312,negative,2.8993851808563564e-09
1342270778507554816,negative,0.15372382877574875
1342270782693650434,neutral,0.6562279936266739
1342270784073560067,negative,0.12098933545187279
1342270784819978242,negative,0.2906278741030604
1342270785784848384,neutral,0.49789225920557484
1342270786078453762,negative,0.006578105159946609
1342270786762133511,negative,0.0036016707100985364
1342270787814912001,positive,0.7909245406637737
1342270788871839745,negative,6.817703685575946e-05
1342270791673647104,negative,0.00017109448101005308
1342270797184905216,negative,0.004026633418427311
1342270801937108994,negative,0.034168297047262965
1342270807817519104,negative,0.05076321830044641
1342270811424616449,negative,0.0031071229455055496
1342270816839458819,positive,0.7918622569240754
1342270817862709248,negative,0.030402257805422564
1342270818907205633,negative,9.408529988076039e-05
1342270819532218369,negative,0.08088582337093256
1342270820547252224,positive,0.9845644697550272
1342270822275158017,negative,0.3245106188222903
1342270823026069507,negative,0.0008719939471250885
1342270824980557828,negative,9.408529988076039e-05
1342270826519924736,negative,0.010180016942306058
1342270827513872384,negative,0.0004760529356788509
1342270827602051074,negative,0.0006796479608379507
1342270828046667777,positive,0.7909245406637737
1342270829057499138,neutral,0.5136446707795853
1342270830563233793,neutral,0.5052510391936574
1342270834258358273,negative,0.0013672776624175217
1342270835516731397,negative,0.2906278741030604
1342270835843731456,negative,0.01424467440847454
1342270836040986624,negative,1.2137587316032155e-05
1342270836296744960,negative,0.07282988979776904
1342270836309426181,negative,0.00017109448101005308
1342270836326223872,negative,0.08496175146630622
1342270838503067650,negative,7.8964593116111e-10
1342270840268840962,negative,0.048767866325468784
1342270841489383425,neutral,0.5316624617817726
1342270843112607753,negative,4.502241711693273e-09
1342270843141967873,negative,0.20582496377785944
1342270845759217665,negative,0.04309523899221751
1342270845977243650,negative,0.04776839706889689
1342270846790823936,negative,0.13467339204295112
1342270847025872898,negative,0.0012207674338523052
1342270847256506369,negative,0.01629480158786063
1342270848569389056,negative,0.3237843866812601
1342270849047523330,negative,0.2812124665127172
1342270849873707009,negative,8.515087045096324e-06
1342270849966071808,negative,0.0016955961194879334
1342270850079350784,negative,0.04329948809938995
1342270850171613184,positive,0.7918622569240754
1342270850804953096,neutral,0.5136446707795853
1342270850821718016,negative,0.2812124665127172
1342270853980028933,negative,7.8964593116111e-10
1342270854223298560,negative,2.353415537945437e-07
1342270855125098500,negative,0.0012445089043806013
1342270855192190980,neutral,0.4299702135908835
1342270855645167616,negative,6.295445743008216e-05
1342270856509190144,negative,0.014819513299454988
1342270859122270211,negative,0.2781618421911089
1342270859759792128,negative,0.3024154418601797
1342270861986963458,negative,0.008544760323864383
1342270862658068482,negative,0.020821111399474353
1342270866319683584,negative,0.03999182497324638
1342270867338878982,negative,0.03888063134680295
1342270867573788678,negative,0.002281809665155665
1342270868840443906,negative,0.11924197513035559
1342270871549992961,negative,0.02153742471494677
1342270872523046913,negative,1.6082051077464364e-07
1342270872581763072,negative,0.15884973808023384
1342270874322403334,negative,0.11924197513035559
1342270880458571776,negative,9.84588358078046e-16
1342270883667259399,negative,0.052628960779705636
1342270884665552896,negative,0.0367802956338233
1342270886104227844,negative,0.03835292136270487
1342270886150344704,negative,0.0003082441436803875
1342270888935370752,negative,0.1786328141355616
1342270893221965834,positive,0.7909245406637737
1342270893863612423,negative,0.016427604373005056
1342270895608500225,negative,0.010625722543201738
1342270898137653253,negative,0.053158549686649285
1342270901837049857,negative,4.891662779467871e-05
1342270905930682370,neutral,0.49789225920557484
1342270908141084672,neutral,0.46511884455441777
1342270911425228800,negative,0.18719853193492675
1342270914642157569,positive,0.8619084794855766
1342270914927456259,negative,0.08961196770045819
1342270915980259328,negative,0.0008701140275328016
1342270916047339520,negative,0.2167103935114459
1342270919532834816,negative,7.000968158929942e-05
1342270931172028420,positive,0.7909245406637737
1342270932619046912,negative,0.0004252020422338829
1342270935403999233,negative,0.23814515285141585
1342270941359988740,negative,0.001764640528511418
1342270949484204032,negative,0.00038901672166660875
1342270958942490636,negative,0.00017582172268412865
1342270963174486016,negative,0.03504191173230307
1342270965598846976,negative,0.1484692067977948
1342270966047657984,negative,0.009087159101972653
1342270967482089473,positive,0.7006435825709926
1342270969600217088,negative,0.050816956969998675
1342270969621176321,negative,0.032348844086251556
1342270971898695681,negative,0.005697765372084622
1342270976650784768,negative,0.03250353057274205
1342270976713580544,negative,0.2530504706836792
1342270978416660483,negative,0.0016984442996489809
1342270980496961536,negative,5.2354190461617574e-05
1342270985584652289,negative,0.03845309961145903
1342270988881440768,negative,4.038162816340993e-05
1342270989770629124,negative,0.007046305154202699
1342270995214831617,positive,0.8020242837780933
1342270995307114504,negative,0.0009091063116414114
1342270999283306496,negative,0.009655167226292012
1342271001023934465,negative,0.07459777151319902
1342271003884462089,negative,0.012075462190141871
1342271006300381185,neutral,0.43476015795637407
1342271007046815744,negative,0.05440003901391416
1342271007248138241,negative,2.0837283064349962e-05
1342271008309436416,neutral,0.36600649307435146
1342271008607264769,negative,0.05090663091572523
1342271008682762242,negative,1.3269125990967208e-05
1342271009131380736,negative,0.0014049083005648528
1342271010943492096,negative,0.0007449777289809049
1342271011748638720,negative,0.017853958612118716
1342271011861966850,negative,0.00017582172268412865
1342271012575043585,negative,3.792379489848801e-05
1342271013082591233,negative,4.232606292171024e-06
1342271013292281856,neutral,0.36660459827333897
1342271013950812161,negative,0.21885601707456162
1342271015427035136,negative,0.0002498181339808441
1342271015695634434,negative,0.016427604373005056
1342271015754358784,negative,0.004727512625877238
1342271015884357632,negative,0.028337988898354115
1342271015964049414,negative,6.817703685575946e-05
1342271016547082243,negative,0.03389676136479784
1342271017239117829,negative,0.10700295468860774
1342271018539175936,negative,5.000458527407737e-07
1342271018560352262,negative,0.10700295468860774
1342271022087761926,negative,0.04309523899221751
1342271022721077254,negative,8.936407391725804e-05
1342271024906305537,negative,0.0009601860563247534
1342271025413824513,negative,0.23814515285141585
1342271025795383296,negative,0.08742464160930662
1342271027485810690,negative,0.0043814893762115364
1342271028098072576,negative,6.817703685575946e-05
1342271028475678721,negative,4.377175184681141e-06
1342271031260622850,positive,0.698566117218448
1342271031629770757,negative,0.0020110122635098224
1342271031759790082,negative,0.0010517082513326452
1342271032305057792,negative,2.0020308591864937e-06
1342271032611246085,negative,0.12703271384507175
1342271034750332928,negative,0.2620967345150337
1342271035668901888,negative,0.0007212255536393351
1342271036826537985,negative,7.382731725420572e-05
1342271038034501632,negative,0.0016517701137548416
1342271039691173889,negative,0.15041823346526811
1342271040278458370,negative,0.005370575131904248
1342271041444458496,negative,7.000968158929942e-05
1342271041570295808,negative,0.06030985063096717
1342271042010685440,negative,0.0007900659052676581
1342271043684225024,negative,0.0010427729243528215
1342271044523094016,negative,6.817703685575946e-05
1342271044728418304,positive,0.8201763041307648
1342271045663907840,neutral,0.3951691123600869
1342271047404580865,negative,0.004290995751758824
1342271048864161792,negative,0.3245106188222903
1342271048876699648,negative,0.006090637631782576
1342271049308774400,negative,0.0026812772105823885
1342271049514291204,negative,0.007111786538831522
1342271049581408257,negative,0.0002392550969991425
1342271049791119362,negative,0.3141872724760842
1342271049988255751,neutral,0.6053269647268312
1342271051900846081,negative,0.0012445089043806013
1342271052227993605,neutral,0.4622903534400044
1342271054711058432,negative,0.27522611354005583
1342271056808083457,positive,0.7279978794515691
1342271057022091266,negative,0.09640323611645361
1342271059047940096,negative,1.6734281074416479e-10
1342271059744194561,negative,0.001095849295524466
1342271061849743360,neutral,0.5052510391936574
1342271062097190920,negative,0.23253207048007754
1342271063674249223,negative,1.7296048233421184e-07
1342271064177569795,negative,0.03965443126736054
1342271064303349761,negative,6.754245004801552e-07
1342271064626360321,negative,0.001849792401766108
1342271065452646401,negative,5.449775506012867e-05
1342271066790621186,negative,4.2415029326110734e-08
1342271067142819840,positive,0.6905900771438357
1342271067235221506,negative,0.002011345164981123
1342271067411374080,negative,0.01632983014641122
1342271068006920200,negative,0.000477147450394425
1342271069072326657,negative,0.0012445089043806013
1342271069160415233,negative,0.001849792401766108
1342271070225788928,negative,1.5688090501750666e-06
1342271070620053507,positive,0.7909245406637737
1342271070871695360,negative,8.999914913363231e-05
1342271073577000960,negative,0.06363187458070775
1342271074118078467,negative,0.18612242368917734
1342271076341075969,negative,7.1822797792837826e-06
1342271076387192834,negative,0.0006068896144973226
1342271078236876800,negative,0.0012445089043806013
1342271078320787468,negative,0.022326321523664594
1342271078664720389,positive,0.9078414350505055
1342271079629393923,neutral,0.5191249616724637
1342271080388567042,negative,5.547586483555178e-06
1342271080510201856,negative,0.00010547627487432624
1342271080925376515,negative,4.919695279511251e-05
1342271080971575299,negative,0.08755973281561773
1342271082053709826,negative,0.0006512782744780098
1342271082301161472,negative,0.24172109372342931
1342271083106496516,negative,8.515087045096324e-06
1342271083525898240,negative,0.00017582172268412865
1342271088043020288,negative,0.0013483039782105513
1342271088458407936,negative,0.009087159101972653
1342271089242742786,negative,0.011538404096376137
1342271090870116352,negative,0.00012668218834477142
1342271091109212160,negative,0.009087159101972653
1342271092002582529,negative,0.009834871401420213
1342271093327998981,negative,0.1416896435980873
1342271094464643074,negative,0.3078072467342427
1342271095009910788,negative,5.547586483555178e-06
1342271095706157056,negative,3.0289514459408845e-10
1342271099107762178,negative,1.3690378326397028e-05
1342271100336676866,negative,5.547586483555178e-06
1342271100651270145,positive,0.7480681546551918
1342271100890345472,negative,0.18543234769735967
1342271101066477570,negative,0.0022448441459281677
1342271101334904832,neutral,0.34328375075981155
1342271101850812418,negative,0.07781160516743556
1342271103599841284,negative,0.32476060762037645
1342271104447090688,negative,0.00017109448101005308
1342271105407602688,negative,0.0018933834994596386
1342271105659236353,negative,0.013918056419670229
1342271106082889728,negative,0.0017899888587235247
1342271106888073217,neutral,0.49789225920557484
1342271107706052609,negative,0.0012445089043806013
1342271107886362624,negative,0.0002576302488007689
1342271108498788352,negative,0.006090637631782576
1342271108972564486,negative,0.0006785157137410119
1342271109996154880,negative,0.0012445089043806013
1342271110679826432,negative,0.011742602243832388
1342271110965030913,negative,0.0001942734873971117
1342271114156924930,positive,0.9680062501578467
1342271114987204610,negative,0.019639541719850006
1342271115054473216,negative,0.0018250371711329009
1342271115541028864,negative,0.009035803972137449
1342271116065320960,negative,0.010625722543201738
1342271116446937089,negative,2.2184785741884434e-10
1342271116690272256,negative,0.001234452163087538
1342271116954492928,negative,0.01762065655661381
1342271117420089344,negative,1.3436038706203386e-06
1342271117562703873,negative,0.029579057279716603
1342271117852078081,negative,0.002123548596024745
1342271118971985922,negative,0.008558599281380978
1342271120003764224,neutral,0.5316624617817726
1342271120347705344,negative,5.121154846943292e-07
1342271121354350597,negative,0.0033588577051623463
1342271122176356358,negative,0.09830413432113061
1342271124852375552,negative,0.0004979911325537869
1342271125129146371,neutral,0.6078340625074562
1342271125510905857,negative,0.0026812772105823885
1342271126211350528,negative,0.006090637631782576
1342271126572068866,negative,5.0310975714264177e-05
1342271126953734148,negative,0.28937857796082267
1342271132209192961,negative,0.2762821958568217
1342271132301463552,negative,0.0007851605646244044
1342271132368580611,negative,7.30774934935384e-05
1342271134184693763,negative,0.0010285228677264487
1342271134562054144,negative,0.09330070914684761
1342271134666993666,negative,2.097632077329181e-05
1342271134943862784,negative,1.13876103561218e-05
1342271135648505856,negative,0.23814515285141585
1342271138039271424,neutral,0.4133179625133792
1342271139599544321,negative,0.014494593092258515
1342271140308393987,negative,0.10514650290048043
1342271141340184576,negative,8.515087045096324e-06
1342271141768024064,negative,3.8092471297511385e-10
1342271142418145280,negative,0.08251073045679294
1342271142799675393,negative,0.005726492878122546
1342271146218172418,neutral,0.49789225920557484
1342271146448855041,negative,0.027829226260964745
1342271146532618240,negative,0.0005777921941560637
1342271148285947904,negative,0.24727681079373087
1342271149703634946,negative,0.010222370396720212
1342271150345367552,negative,0.274968628404148
1342271152031469574,negative,6.582747253450239e-05
1342271152576733190,neutral,0.3483352981657383
1342271153079943168,negative,0.02329323645236039
1342271154187362305,positive,0.9313240156554826
1342271155542102016,negative,0.00645460382894981
1342271156242567169,negative,1.6224938375931491e-06
1342271156343201793,negative,2.149050899630948e-06
1342271157098196993,negative,0.09640323611645361
1342271161351200772,negative,0.07883118507840516
1342271161938415618,negative,0.0005520065288040503
1342271163481939968,positive,0.9996679469659898
1342271165021229060,negative,5.547586483555178e-06
1342271165239357440,negative,0.056879859730039575
1342271165629411333,negative,5.001696173137159e-06
1342271166682021888,negative,0.0016517701137548416
1342271167009271813,negative,0.002367167875322707
1342271167256793088,negative,0.0004959955619609795
1342271167420379137,negative,1.3017436404525477e-08
1342271167722352641,negative,0.16229306912404762
1342271168749965312,negative,0.16600648942852345
1342271169291051009,negative,5.001696173137159e-06
1342271171467866114,negative,0.1184013620515493
1342271171648217093,negative,0.15237137935820858
1342271171732111361,negative,0.0003467311845386142
1342271172059291649,negative,1.930984394440774e-06
1342271172164149253,negative,0.002296566546830198
1342271175444082689,negative,0.0012322494247600268
1342271175519571969,negative,0.0005956723216225568
1342271175783817216,negative,1.3429006285298428e-05
1342271176199045120,negative,5.001696173137159e-06
1342271176261959680,negative,5.001696173137159e-06
1342271177704804352,negative,0.00041846516501424123
1342271177885159424,negative,0.0012322494247600268
1342271179307032576,negative,0.01901656117934125
1342271179629981699,negative,0.00891375960757663
1342271179818614784,negative,0.0005968767803170122
1342271179940360192,negative,0.17468675494485675
1342271183371329538,negative,0.0008264558712812456
1342271184679931905,negative,0.17382082477968444
1342271184889634820,neutral,0.330554955177153
1342271186789683201,neutral,0.4086569038235704
1342271186953248768,neutral,0.4977516856050383
1342271188354084864,negative,0.10700295468860774
1342271189327245312,negative,0.060675938394039376
1342271189759176704,negative,0.05208531823586978
1342271192732938243,negative,1.0260255293452144e-14
1342271193928368128,negative,0.26938722471602494
1342271194809196548,negative,0.06406271461725559
1342271195199234054,negative,5.651241791700221e-06
1342271195761274880,negative,0.00044286331715456817
1342271196151361539,negative,0.010543224698307459
1342271196763664384,negative,5.866056509530745e-06
1342271196994428931,negative,0.07012912088702614
1342271197871017984,negative,0.016427604373005056
1342271198261088256,negative,0.00741627213827822
1342271200672800768,negative,0.27538537887707226
1342271200743976960,negative,0.0045774114226911815
1342271200987402240,negative,7.219399210988782e-05
1342271201083871233,negative,4.963548640402958e-06
1342271205190070272,negative,0.0004608103952357507
1342271205244624897,negative,5.001696173137159e-06
1342271207434022912,negative,0.1184013620515493
1342271207740223490,negative,0.005899661217324632
1342271211045343232,negative,0.20596996271227025
1342271212811145217,negative,0.007307574861418716
1342271213780004864,neutral,0.4692048962664007
1342271213863899137,negative,0.09330070914684761
1342271213968773122,positive,0.7328820816493186
1342271214656528384,negative,0.16532172419126437
1342271214824382469,negative,0.0005729895833656348
1342271215097016322,negative,1.056572785266576e-06
1342271215868768259,negative,0.0005520065288040503
1342271218376970248,negative,0.014501533278827673
1342271219131932672,negative,0.24133069990110803
1342271219228356611,neutral,0.5088777829816202
1342271219501035520,negative,0.0005520065288040503
1342271219568152579,neutral,0.43578060616678027
1342271223116533763,neutral,0.3946660906568613
1342271224047665152,neutral,0.3313520373278678
1342271224324497408,negative,0.000239193657099081
1342271226060877825,negative,6.817703685575946e-05
1342271226673131520,positive,0.9042338611407014
1342271226958516231,negative,7.30774934935384e-05
1342271228468453378,negative,0.0001123780949996407
1342271228472676352,negative,0.25806353677881744
1342271228908892160,negative,0.27538537887707226
1342271230360113152,neutral,0.4428158579128249
1342271233510023171,negative,0.11226132284514083
1342271233912659969,negative,0.003015704129936112
1342271234428440576,negative,0.18291761998723333
1342271236349423616,negative,9.585673663663375e-11
1342271236483776513,negative,0.010180016942306058
1342271237586825218,negative,1.5380126688171704e-05
1342271240304807937,negative,0.07746451605057572
1342271241240145920,negative,0.09330070914684761
1342271243257606144,negative,8.515087045096324e-06
1342271244335521794,negative,0.06388858246415059
1342271244566228995,negative,0.0064958652251546085
1342271245161738242,negative,0.23475993127835598
1342271245849653251,negative,0.013002057571099243
1342271246092931078,negative,0.0598372357597616
1342271247867142147,negative,0.21047953907773329
1342271247959384071,negative,0.12376353132407591
1342271248483627009,negative,0.002745298738113449
1342271248584167424,negative,0.23814515285141585
1342271248999608320,negative,0.026360220218835467
1342271249494503427,negative,4.4990389509977444e-08
1342271249813286912,neutral,0.5743452650545291
1342271250299834369,negative,0.006090637631782576
1342271251687985152,negative,0.023272702321897463
1342271251839152129,negative,0.0018888941331429703
1342271251990118403,negative,0.07611488631158644
1342271252891906048,negative,5.001696173137159e-06
1342271253793677312,negative,0.054199833503927874
1342271253814497283,neutral,0.49789225920557484
1342271255236534273,negative,0.00017753875124104762
1342271255957876737,negative,6.817703685575946e-05
1342271256704348160,negative,0.003566906859200871
1342271257409155074,negative,0.2546916305421647
1342271257459494912,negative,0.09640650484200268
1342271258562592773,negative,0.0009412237136405294
1342271258927349760,negative,2.988668415122347e-05
1342271260596850689,neutral,0.5472960823705576
1342271261305667584,negative,0.02059478213973318
1342271262102585351,negative,0.05072886415110737
1342271263344107520,negative,0.00023986663559671945
1342271263910338563,negative,0.07252296092235422
1342271264690479105,negative,0.10700295468860774
1342271266397544449,negative,0.022716506654668452
1342271266682712064,negative,8.073077315193917e-06
1342271268549230592,negative,0.014377687260491118
1342271270134677505,negative,0.00019275773802182751
1342271274219950080,negative,4.660393401829881e-05
1342271274601623554,negative,0.003532535348531946
1342271275910262784,negative,0.12536640842594285
1342271276228947968,negative,5.001696173137159e-06
1342271277994823682,neutral,0.655981258452895
1342271278481371137,positive,0.9997030315236222
1342271279475220480,negative,0.011745840764600531
1342271279689330688,negative,8.203475650051812e-07
1342271279810945025,negative,0.002745298738113449
1342271279961960450,negative,0.0005945625467391822
1342271281513848833,negative,0.09642787181791995
1342271281601929217,negative,0.005370575131904248
1342271282247823362,negative,0.015744677237986445
1342271282394640386,neutral,0.5052510391936574
1342271282579009536,negative,0.2546916305421647
1342271283296407557,negative,2.6651220511056276e-07
1342271283673919488,negative,0.06067412407604241
1342271284227559426,negative,0.05231444469153519
1342271285083181057,negative,0.02631561200858451
1342271285238374400,negative,0.010343465691510659
1342271287469744129,negative,8.515087045096324e-06
1342271287801114627,negative,0.004740826658642988
1342271289734561792,neutral,0.37814323384541215
1342271289738719234,negative,2.1080433951285003e-05
1342271291047497729,negative,0.11182245947334335
1342271292112826369,negative,0.003015704129936112
1342271292230270976,negative,0.001111012973856174
1342271293232738307,negative,5.001696173137159e-06
1342271293907984386,negative,0.12248249736691665
1342271294058995712,negative,0.003015704129936112
1342271294331564032,negative,0.3247482037462032
1342271295493431296,negative,0.16532172419126437
1342271297762557952,negative,0.0031071229455055496
1342271299243155461,negative,0.010821739943380863
1342271299801001985,negative,0.014425713493889014
1342271299893293056,positive,0.9947442963434583
1342271300346081281,neutral,0.44193049347687885
1342271301428371458,neutral,0.6521694093927819
1342271301533261825,negative,0.004740826658642988
1342271307103268865,negative,5.001696173137159e-06
1342271307665330183,negative,4.681814917220958e-09
1342271307753385985,negative,0.0003389455323041898
1342271310668460034,neutral,0.49789225920557484
1342271311373066240,negative,1.6734281074416479e-10
1342271311750508544,positive,0.9078414350505055
1342271312933240838,neutral,0.5971372102662001
1342271313176637441,negative,0.02102912786393105
1342271314405552131,negative,0.00017109448101005308
1342271316594978816,negative,1.2137587316032155e-05
1342271317240852486,negative,0.0064958652251546085
1342271317836521473,negative,0.00017582172268412865
1342271318838947842,negative,3.4352127814284926e-06
1342271318960574464,negative,0.09702531931786591
1342271319602245635,negative,5.001696173137159e-06
1342271320311132160,negative,0.009087159101972653
1342271321305186304,negative,5.001696173137159e-06
1342271322592858117,negative,0.026610874001921272
1342271324681596928,negative,0.006090637631782576
1342271326363541504,negative,0.0014775854351103544
1342271326418046977,negative,0.0009412237136405294
1342271327785390080,neutral,0.4525299360032805
1342271329555247105,negative,0.010821739943380863
1342271335930716163,neutral,0.566137167434885
1342271336383729666,negative,9.408529988076039e-05
1342271337306460162,negative,5.5942072282298935e-05
1342271338300518401,negative,0.0040069841903250525
1342271339286167554,negative,0.14870227111570603
1342271339558707207,negative,0.16176363966730578
1342271339562999808,negative,0.0010401126905082404
1342271339592204288,negative,0.08933176316839031
1342271339638513665,positive,0.9363412058839627
1342271339663564801,negative,0.15884973808023384
1342271339688706048,negative,0.1667474764976329
1342271339743174656,negative,3.240523228920651e-08
1342271340364111872,negative,0.027289744188104013
1342271341299429376,negative,0.044463832757124816
1342271342658244610,negative,6.309470776530017e-05
1342271344558415872,negative,5.001696173137159e-06
1342271344667471879,negative,0.00018659575968690058
1342271345074298883,negative,0.31310811687849044
1342271346047397888,neutral,0.4677076808971137
1342271347548942337,negative,0.06825563998796388
1342271347884503041,negative,0.12707825580803508
1342271347972562945,negative,0.18603610800603504
1342271350132645889,negative,0.04201315233752987
1342271350526898181,neutral,0.38608938018273264
1342271353303560198,negative,1.8580625903924052e-05
1342271353567793153,negative,1.5380126688171704e-05
1342271354268225539,negative,0.011708329955110584
1342271354431819776,negative,1.0730000032529373e-13
1342271354700181504,negative,2.986163174794933e-05
1342271355551698945,negative,5.001696173137159e-06
1342271355753033730,negative,0.019937252458622982
1342271355811745792,positive,0.7078855302152476
1342271355870453762,negative,0.14496502700649344
1342271355945934852,negative,0.0004760529356788509
1342271356373766144,negative,0.25361946120594303
1342271357271244802,negative,0.00017109448101005308
1342271360446451712,negative,6.817703685575946e-05
1342271361692168194,negative,0.0009412237136405294
1342271362992377859,negative,5.001696173137159e-06
1342271363130810368,negative,7.181500093878745e-05
1342271363671875588,negative,0.0006016683770868556
1342271364594544643,neutral,0.5948913905704724
1342271364770787329,negative,0.016427604373005056
1342271365622222849,positive,0.9997030315236222
1342271367018926082,negative,0.02177225556927092
1342271367165730824,negative,0.008319081036984576
1342271368331747335,negative,8.203475650051812e-07
1342271369304825856,neutral,0.3668814278584995
1342271370076581889,negative,0.008769709174195787
1342271370978156544,negative,0.07012912088702614
1342271373255827466,negative,3.102337290377686e-08
1342271373377482752,negative,0.008002740267951025
1342271373616545792,negative,0.0012445089043806013
1342271374711255047,negative,0.036394345851065615
1342271375852056585,negative,0.003015704129936112
1342271376514682882,negative,0.04463397889287764
1342271376804208641,negative,0.0698394550668706
1342271377026514944,neutral,0.4525299360032805
1342271377605275650,neutral,0.3816840056458336
1342271377806655488,negative,0.04508542669400888
1342271379127885824,negative,5.001696173137159e-06
1342271380029657089,negative,7.218490128695572e-06
1342271380457402368,negative,0.1144168346543337
1342271381396983809,negative,0.000725745494711989
1342271381464109056,negative,0.00025297509639382707
1342271383540264966,negative,5.001696173137159e-06
1342271384119074816,negative,0.07277984546565565
1342271384442073089,negative,2.2886477702648443e-07
1342271385431900161,negative,6.476226295977494e-06
1342271385557749767,negative,0.14339128884293262
1342271385649868801,negative,0.009655167226292012
1342271387386449920,negative,0.0012445089043806013
1342271387839451137,negative,0.019196637429483427
1342271387910561793,negative,0.021453491263840874
1342271388472799233,negative,0.05583299329353172
1342271389579968514,negative,0.021453491263840874
1342271390012026881,negative,0.09946253546259924
1342271390439927812,negative,0.05583299329353172
1342271391169540097,negative,0.021453491263840874
1342271394026020864,negative,8.515087045096324e-06
1342271394256736257,negative,0.0035346492722622964
1342271395175141376,negative,0.00508283694788516
1342271396261621760,negative,5.000458527407737e-07
1342271396563439616,negative,0.030747237903839205
1342271397268234241,neutral,0.47878153849390703
1342271397876346880,negative,1.2114722476918681e-06
1342271397968621569,negative,0.10335774295999144
1342271398430060544,negative,3.582678479096271e-09
1342271398622932994,negative,6.817703685575946e-05
1342271400653021189,neutral,0.5743452650545291
1342271408357965824,negative,0.014494593092258515
1342271408626405376,negative,0.010343465691510659
1342271408890642434,negative,0.02102912786393105
1342271410794803212,negative,0.0006030418784685172
1342271411973447686,neutral,0.42785875118910477
1342271412514549760,negative,0.0008220740689402716
1342271413286125568,negative,0.0007509044376662882
1342271413307269127,negative,0.008787525787110336
1342271413634404353,negative,0.01691962482615657
1342271414993375232,negative,0.15884973808023384
1342271416939520004,negative,1.2114722476918681e-06
1342271417266696193,negative,2.880836021181156e-05
1342271419334467584,neutral,0.49789225920557484
1342271419909107713,negative,3.883997207569707e-06
1342271422383710210,negative,0.13182292172727492
1342271422891229185,negative,0.008002740267951025
1342271423138516992,negative,4.677437947176122e-05
1342271424313122818,negative,0.0031719686492917027
1342271424803852288,negative,0.0039517885314916176
1342271424879325185,negative,0.0040069841903250525
1342271426074697735,negative,1.2137587316032155e-05
1342271428515794946,negative,0.13185067442474083
1342271428893278208,negative,1.498728855153208e-07
1342271429820104704,neutral,0.49789225920557484
1342271431493693440,neutral,0.4658181882984158
1342271432911446017,negative,0.06979374952582267
1342271433184075776,negative,0.0023468357956791456
1342271433729306637,neutral,0.3643685158170457
1342271434589138946,negative,0.004849585118641502
1342271437575499780,negative,6.864401517548038e-06
1342271437667790854,negative,5.121154846943292e-07
1342271438452117505,positive,0.9997030315236222
1342271438670147584,negative,0.0016984442996489809
1342271440234672128,negative,0.017610213153573816
1342271440641544192,neutral,0.381875542748901
1342271443212644352,negative,7.8964593116111e-10
1342271444886171651,negative,0.06466405786888792
1342271445104209921,negative,8.515087045096324e-06
1342271445301415936,negative,1.5380126688171704e-05
1342271445775364096,negative,0.06030985063096717
1342271446408691712,negative,3.065362680445705e-05
1342271446492524544,negative,0.09832648320780632
1342271447402754050,negative,1.492304815496691e-07
1342271447419465734,negative,0.0004077079206375384
1342271448828833795,negative,0.007014086167586614
1342271448967237632,negative,0.011113250910957868
1342271449554427905,negative,0.0001039175126215644
1342271450305204232,negative,0.021348388955747054
1342271452956008449,negative,3.5333210358162513e-07
1342271454054912003,positive,0.8627931307928345
1342271454084276224,negative,0.12248249736691665
1342271456227549193,neutral,0.5381340895245804
1342271456621654017,negative,0.14143821175705878
1342271457167089665,negative,0.0006511462771957673
1342271457737519109,neutral,0.49789225920557484
1342271459419422720,negative,8.92028770580843e-05
1342271461210337281,negative,0.1667474764976329
1342271463575986177,negative,0.0001773147322756265
1342271463601135618,negative,9.094680060101422e-06
1342271463966060546,negative,0.1295118860596758
1342271464834215936,negative,0.014791985226508016
1342271466545573889,negative,0.009655167226292012
1342271468793720833,negative,3.64768282159023e-07
1342271472530817026,neutral,0.3593672214136314
1342271472623099906,negative,0.0020110122635098224
1342271472824283137,neutral,0.4184902453281063
1342271473218568192,positive,0.6691262784899221
1342271473499709440,negative,0.009655167226292012
1342271475584278531,negative,0.02366983467939367
1342271475781414913,negative,2.4146718285100685e-05
1342271475965943808,positive,0.7364552304579606
1342271476267950082,negative,2.774535168695696e-07
1342271476355854337,negative,0.07781160516743556
1342271476544675842,negative,7.735957183531744e-10
1342271476804825088,neutral,0.4525299360032805
1342271477723361284,negative,0.007779947553287748
1342271478138601472,negative,5.547586483555178e-06
1342271478998446083,negative,0.07409858964317478
1342271479082348550,negative,0.27538537887707226
1342271480210583553,negative,0.24789756562462037
1342271481473081345,negative,0.10811630395625968
1342271483012395012,negative,8.515087045096324e-06
1342271483486285824,negative,0.0011523935091156863
1342271483943350273,positive,0.9042338611407014
1342271485713506305,negative,0.03975945693154291
1342271488712466434,positive,0.7918622569240754
1342271490130145280,negative,8.203475650051812e-07
1342271493452025860,negative,0.0021116303739656416
1342271496052498438,positive,0.7116464597389829
1342271496257986561,negative,0.05527993161485866
1342271496362762240,negative,0.08476829959920577
1342271496509599744,negative,5.1082370125142635e-05
1342271497440808963,negative,8.700649377566697e-09
1342271497583390721,negative,0.01616455903568405
1342271497944100865,negative,0.13997518181407745
1342271499865104384,negative,0.1803095240256421
1342271500171227136,negative,2.1224423324422225e-10
1342271500460716032,negative,0.1184013620515493
1342271500494245893,negative,0.06030985063096717
1342271500498382849,negative,7.267246587206669e-09
1342271500859092994,negative,0.00017109448101005308
1342271502247407617,negative,0.0003524035551094296
1342271505212858373,negative,8.260770478458473e-05
1342271505418379264,negative,6.817703685575946e-05
1342271506278207488,negative,0.006090637631782576
1342271506429190144,negative,0.10700295468860774
1342271509411352576,negative,0.009087159101972653
1342271510233411585,negative,0.008787525787110336
1342271511449759745,negative,0.00017582172268412865
1342271511923732480,negative,0.24727681079373087
1342271514310299651,negative,0.013295080805721001
1342271514679382016,negative,0.23814515285141585
1342271516688478208,negative,0.013405532028007299
1342271519477661700,negative,0.0004959955619609795
1342271519674802176,negative,0.02329323645236039
1342271520345829379,negative,1.3403088978114072e-05
1342271520698228736,negative,1.32731173778637e-05
1342271525123207173,negative,0.0016386705598857888
1342271527992090624,negative,0.00011487712986063824
1342271530710007808,negative,7.391810297398132e-05
1342271532433858563,negative,5.547586483555178e-06
1342271534040276992,negative,0.00010929572952831055
1342271534702977024,negative,0.00044286331715456817
1342271534791065600,positive,0.7909245406637737
1342271534791090176,positive,0.9078414350505055
1342271535231496192,negative,0.004740826658642988
1342271536221224960,negative,8.515087045096324e-06
1342271536435228673,positive,0.964325410520258
1342271536879652865,negative,0.03342717553821877
1342271536955338752,negative,0.06702207551961992
1342271537156648960,neutral,0.4443570732654494
1342271539018932224,negative,0.0011711386766836013
1342271539102834688,negative,0.0008624740280739376
1342271541602627584,negative,0.0001630059832550359
1342271541782978561,negative,6.817703685575946e-05
1342271541829132293,negative,0.2031218527706539
1342271542839955460,negative,0.020641894336844456
1342271544433795074,negative,0.0002776908215335364
1342271546354782208,negative,0.07790759842941544
1342271546421702656,negative,0.2923078617806717
1342271546845442049,negative,0.00019941967542738074
1342271546866475008,negative,0.3104075192754546
1342271547629854722,negative,0.10700295468860774
1342271547717783552,negative,0.1825674661275664
1342271547805847552,negative,3.620989833284369e-10
1342271550150602757,negative,0.0010427729243528215
1342271550611972100,neutral,0.3816840056458336
1342271551685734400,neutral,0.34915679709723224
1342271551815692289,negative,0.016427604373005056
1342271552172253184,negative,0.0012445089043806013
1342271553032097795,negative,0.23814515285141585
1342271553963175939,negative,0.07208579766652912
1342271554084810752,negative,0.05039618713896162
1342271555926163457,negative,0.03647605978991111
1342271557020868609,negative,0.0012257872543792482
1342271558904119296,negative,9.408529988076039e-05
1342271559487029248,negative,0.1184013620515493
1342271561601003520,negative,0.0020119009644953283
1342271563060686849,negative,3.527564367929993e-05
1342271565048795137,negative,0.000477147450394425
1342271566902657026,negative,0.11254980186538864
1342271567045283840,negative,0.00044286331715456817
1342271568030945280,negative,0.0010191516383673174
1342271568177725441,negative,6.817703685575946e-05
1342271568299364352,negative,0.01901656117934125
1342271572674011138,negative,0.016427604373005056
1342271573240242179,negative,1.9765754155780443e-07
1342271574603407360,negative,0.3110259487239704
1342271576146911232,negative,0.004759067000579435
1342271576503427072,negative,0.032348844086251556
1342271576763494400,negative,0.032348844086251556
1342271577656848386,negative,0.06432517141046773
1342271578965467137,neutral,0.43624378712449324
1342271579816914945,negative,5.379620808045645e-05
1342271579930161152,negative,0.009655167226292012
1342271580169244674,negative,0.0012445089043806013
1342271581020676096,negative,0.000262915195515079
1342271581654028291,negative,3.836533361413023e-06
1342271582346080257,negative,1.2137587316032155e-05
1342271585206624256,negative,5.547586483555178e-06
1342271585286119428,negative,0.0010427729243528215
1342271586896904193,negative,0.2620967345150337
1342271588343947265,negative,0.002745298738113449
1342271589497401353,negative,0.00891375960757663
1342271592974471168,negative,0.010608261349093566
1342271594119323650,negative,9.808116505633344e-06
1342271595981766658,negative,0.11710741756930017
1342271596061458432,neutral,0.5052510391936574
1342271596162150401,negative,0.1976697861761246
1342271597768368128,negative,9.478871007830898e-05
1342271598745669632,negative,0.07781160516743556
1342271600310161410,negative,0.07781160516743556
1342271601488891905,negative,0.003015704129936112
1342271602260631557,negative,0.0010427729243528215
1342271602306781184,negative,0.15884973808023384
1342271602558427136,negative,0.02590950960554329
1342271603342761984,negative,0.07169971024606903
1342271604861116417,negative,0.009655167226292012
1342271604961775622,negative,0.00035109213224065035
1342271606371078145,neutral,0.3358218310945649
1342271606396248066,negative,1.640664400694747e-05
1342271608547905536,neutral,0.3653808320933596
1342271609206398976,positive,0.9865438801971023
1342271610414358529,negative,0.005557068525823104
1342271610628268035,negative,0.0009637261172043197
1342271613409128449,negative,0.006997444938082534
1342271614457683974,negative,0.24727681079373087
1342271615963422721,negative,0.009731221622266336
1342271616668086273,negative,0.059925496484260696
1342271616919678976,negative,0.0698394550668706
1342271617754406913,negative,0.0111513615991623
1342271618962354176,negative,0.007394065891274713
1342271621239894017,negative,0.002745298738113449
1342271621831208961,neutral,0.49789225920557484
1342271622019952641,negative,0.20582496377785944
1342271623173468161,positive,0.7909245406637737
1342271624578478080,neutral,0.35545551571311496
1342271624712740866,negative,0.12534785905979748
1342271624884719618,negative,0.14475683595049693
1342271624893104128,negative,0.3047325431777601
1342271628072415233,negative,0.1746306863908698
1342271628898656256,negative,1.1158058340226082e-05
1342271629494255618,negative,0.004968029860804738
1342271630509289478,neutral,0.37814323384541215
1342271633126531074,negative,5.50620804785576e-05
1342271634179239936,negative,0.017840404156025128
1342271635223670784,neutral,0.4670100671583925
1342271635244556288,positive,0.9940784580610632
1342271635873796097,negative,0.15884973808023384
1342271637044027394,neutral,0.6323720940364075
1342271638423941120,negative,0.10353202383567305
1342271638709170176,negative,0.012733965306920133
1342271639111823366,neutral,0.6200590102455651
1342271640332361734,negative,1.3928900397369662e-05
1342271642467233792,negative,0.0003082441436803875
1342271642995744773,neutral,0.4898631585877994
1342271643415154690,negative,0.016427604373005056
1342271643616489472,negative,0.15884973808023384
1342271644295950336,negative,0.15884973808023384
1342271644975423494,negative,0.23124626104478893
1342271646921584644,negative,0.03712728393890351
1342271650482544640,neutral,0.46511884455441777
1342271650860040193,negative,0.07881887729764962
1342271652864937985,negative,0.07819811752425514
1342271654592962561,negative,8.164514132519971e-05
1342271655645741056,neutral,0.33111291725063896
1342271656283299840,negative,0.11606615711610639
1342271657558372353,negative,0.014921409828964609
1342271658334318598,negative,0.270440804134403
1342271658694995972,negative,0.10440416148123748
1342271661345824768,negative,0.0029803543734395976
1342271662121758720,negative,0.0006726122019988871
1342271663161962501,negative,0.12248249736691665
1342271663401021446,neutral,0.5533970533999424
1342271664722223104,negative,0.18431209049266042
1342271671349243910,negative,0.0147501555232423
1342271673853161473,positive,0.6890536672459633
1342271674113265664,positive,0.9999998312490987
1342271674734018563,negative,7.17789672468864e-05
1342271676193492992,negative,0.0004760529356788509
1342271676403347457,negative,0.054679561276458066
1342271679725068288,negative,0.23814515285141585
1342271680576696321,negative,0.00030915010877106063
1342271680715100161,negative,0.0011349409035480275
1342271681210032128,negative,0.0327581348285827
1342271681264422913,negative,0.23814515285141585
1342271681621065729,negative,0.00017109448101005308
1342271683214929921,negative,0.05639850097580847
1342271683319660546,negative,0.18786617406851622
1342271683529474051,negative,0.14104038453859974
1342271683869212673,negative,0.0010427729243528215
1342271685161054209,negative,0.17751867692288037
1342271686444535808,positive,0.9106607675621018
1342271691771281408,negative,0.01870964428383697
1342271692974993412,negative,0.06313088375240263
1342271693675499521,negative,0.17470644990447046
1342271694514352128,negative,3.9387801510618865e-09
1342271694615019525,negative,0.0007835378471316563
1342271694719889408,neutral,0.35545551571311496
1342271695390961669,negative,3.6704779558243146e-05
1342271696292732928,negative,0.0021116303739656416
1342271696473088001,negative,4.1970248861352044e-05
1342271696766705664,negative,0.1184013620515493
1342271696947056640,negative,5.651241791700221e-06
1342271697383092224,negative,0.0010427729243528215
1342271699358781441,positive,0.7803111330574966
1342271699555917824,negative,0.0016984442996489809
1342271700180865024,negative,0.01901656117934125
1342271700436721664,negative,0.003945451833474033
1342271700734529544,negative,0.0147501555232423
1342271702324097029,positive,0.996343685121496
1342271703225929729,negative,0.09370478415672683
1342271703603441664,negative,0.15884973808023384
1342271703729266693,neutral,0.35509496682161057
1342271704832217088,negative,2.7334269348106366e-08
1342271704912031744,negative,0.0005520065288040503
1342271705474076672,negative,0.15884973808023384
1342271705889316865,negative,1.2114722476918681e-06
1342271709144084480,negative,3.533865951947697e-07
1342271711249620999,positive,0.845558881216436
1342271711593586693,negative,0.04733189936611493
1342271713350971394,negative,0.0055053052165636674
1342271714189840384,negative,5.4170839024315985e-05
1342271714776911872,negative,0.0016517701137548416
1342271716047912960,negative,0.000144710302802744
1342271716442198016,neutral,0.49789225920557484
1342271716815482880,negative,8.203475650051812e-07
1342271720472899586,negative,0.07409858964317478
1342271720691027969,negative,0.01783966438429332
1342271722733662208,negative,7.582727594801228e-08
1342271728278515712,negative,0.0007038764954699823
1342271729431883778,negative,2.4786664607392005e-06
1342271730094657537,negative,0.07409858964317478
1342271730379796481,negative,0.16532172419126437
1342271732833546241,negative,0.013918056419670229
1342271732963565574,negative,0.011742506097046345
1342271733362008064,negative,0.0327581348285827
1342271733600907268,negative,0.014936612679790441
1342271734469308422,negative,0.12248249736691665
1342271737111654400,negative,0.018419803296480238
1342271739754123264,negative,1.6734281074416479e-10
1342271740622336001,negative,0.18786617406851622
1342271744128774145,negative,3.114600810178967e-05
1342271744674029570,negative,0.00891375960757663
1342271745856778241,negative,0.0017979699124401386
1342271746074759168,negative,0.00030915010877106063
1342271748297924609,negative,0.009087159101972653
1342271748402720769,negative,0.0011523935091156863
1342271750890008579,negative,0.26076950668447035
1342271750961303557,negative,0.009087159101972653
1342271756472643585,negative,0.015773583174067275
1342271756627750914,negative,0.09375519958997075
1342271758125170690,negative,3.062271684791097e-06
1342271759731597312,neutral,0.44846293211155425
1342271760255897603,negative,0.2812124665127172
1342271760801157122,negative,7.30774934935384e-05
1342271769382682625,negative,0.2379309502334129
1342271769575632901,negative,0.0005520065288040503
1342271769600806912,positive,0.7909245406637737
1342271770909413376,negative,0.00010577511559415505
1342271771618238470,negative,8.493716064119547e-05
1342271771626643458,negative,0.014921409828964609
1342271771731513345,negative,0.15884973808023384
1342271773019152388,negative,0.08840524743745803
1342271773493100544,negative,0.00034650801257437837
1342271774323576833,negative,0.14632311825939262
1342271774726250500,negative,0.06349256163192335
1342271775485399040,negative,0.017383084249193482
1342271776508706816,negative,1.9692956668298467e-05
1342271776668213250,negative,0.000477147450394425
1342271777997795330,negative,0.00017582172268412865
1342271779046359041,negative,2.2435987286664434e-05
1342271779797004289,negative,0.0016517701137548416
1342271780187234304,negative,0.030101803439555968
1342271780942204928,negative,0.0018124493016923537
1342271781093203977,negative,0.044982787957922765
1342271782120730627,negative,0.0007851605646244044
1342271782179516416,positive,0.9542043903517397
1342271785253953536,positive,0.9996679469659898
1342271785295880197,negative,5.50620804785576e-05
1342271786738724865,negative,0.019008145327772164
1342271787682459648,negative,0.0015163155085842744
1342271788265271297,negative,0.20860441759020276
1342271788533903362,negative,0.14271483844804075
1342271789586665473,negative,0.00017109448101005308
1342271790807179270,negative,3.743290767847059e-09
1342271790903660544,negative,0.15884973808023384
1342271793021792257,negative,1.5349431643224067e-08
1342271794674221057,negative,0.010129842545315598
1342271796209397764,negative,0.14609850283191778
1342271797006200832,positive,0.8027953046373195
1342271799921430534,negative,0.00019546574857912336
1342271800001110018,negative,0.03712728393890351
1342271800588308481,negative,0.005045473727914039
1342271802702233601,negative,0.22054465826825612
1342271804379975680,negative,0.05285251389997681
1342271804770050050,negative,0.002870151049479054
1342271810335723521,negative,0.31820487300311295
1342271811472519168,negative,7.8964593116111e-10
1342271812491739137,negative,0.16391782574256425
1342271812923748353,negative,1.1147027636786025e-14
1342271812927893512,negative,0.0007215222070526154
1342271813301248002,negative,0.00015372411518675786
1342271813368373250,negative,0.1586805160202104
1342271814144323584,negative,7.30774934935384e-05
1342271814471454721,negative,0.04375035018898297
1342271814735712258,negative,0.0018103501170845034
1342271814848958464,negative,0.13656234231321923
1342271815419367424,negative,0.16462549436993887
1342271815624908800,negative,1.2833483287448937e-05
1342271817449291776,negative,0.00014992348277549864
1342271817902419969,negative,0.044982787957922765
1342271818007252995,negative,0.09831975579949542
1342271818921631746,negative,0.0111513615991623
1342271819357806592,negative,0.045857646788677514
1342271820511277057,negative,0.002745298738113449
1342271821698236416,negative,0.10700295468860774
1342271822335795201,negative,0.009087159101972653
1342271822654537730,negative,0.1267830472270843
1342271822709071872,negative,2.752470872767099e-07
1342271822830530562,neutral,0.5335543357108783
1342271824395169793,negative,4.193698215786299e-10
1342271827134058498,negative,0.05853705137477358
1342271829151518720,negative,3.2230066691521778e-09
1342271829516439561,neutral,0.6209367464424764
1342271833295478792,neutral,0.6241918372733148
1342271834742534146,negative,0.031999662917054514
1342271834780102661,negative,0.13738919386538603
1342271835770138624,negative,1.3403088978114072e-05
1342271836650938369,negative,1.5003486998594473e-08
1342271837628231680,neutral,0.5971372102662001
1342271838727135244,neutral,0.49789225920557484
1342271839033319428,negative,0.1021178695068662
1342271841436631040,negative,0.0026718646847690027
1342271842837475328,negative,0.09175732163842455
1342271843986776064,negative,0.0038869261687488124
1342271846671130624,negative,0.000725745494711989
1342271847476441102,negative,0.06535660362142086
1342271847853924353,negative,0.05547550901496686
1342271848080408576,negative,0.22735978193716652
1342271848386596867,negative,0.0031071229455055496
1342271848415981569,negative,0.0005760498126914107
1342271848797659137,negative,0.057100421758971884
1342271850160783361,negative,0.1184013620515493
1342271850592825344,negative,0.07409858964317478
1342271851263889414,negative,0.18431209049266042
1342271851414708224,negative,0.00040902181596717585
1342271851964329987,negative,0.009087159101972653
1342271852329091072,negative,6.817703685575946e-05
1342271853579169793,negative,0.0016984442996489809
1342271853625102337,neutral,0.38706865715976324
1342271853998596104,negative,0.08176011313711232
1342271854900350976,neutral,0.5136446707795853
1342271855051251712,negative,0.014351179503539516
1342271856741654529,negative,0.000942675738455971
1342271857152696321,negative,0.003566906859200871
1342271857790169095,negative,0.0009276395607963017
1342271858805268480,negative,0.2812124665127172
1342271860373925889,negative,1.772387603265783e-07
1342271861070163968,negative,0.22944167584342598
1342271861405732865,negative,0.029734018978899022
1342271862424940545,negative,0.008558599281380978
1342271863817461760,negative,0.002705233447326724
1342271867231621120,negative,1.8218995844573605e-07
1342271867806228483,negative,0.014377687260491118
1342271870180143107,negative,0.15884973808023384
1342271870612221954,neutral,0.43824639872769094
1342271870972932096,negative,0.019196637429483427
1342271872126353408,negative,0.0221180831477408
1342271874676436994,negative,0.2906278741030604
1342271877365067778,negative,0.013553590421414848
1342271880204492800,negative,0.0004252020422338829
1342271880971972609,positive,0.7526915867528582
1342271881148325895,positive,0.6666678090739862
1342271881152516096,neutral,0.35509496682161057
1342271882595192832,negative,0.00027665705603812795
1342271882708529152,neutral,0.5052510391936574
1342271883073478658,negative,0.000477147450394425
1342271883169984512,negative,0.026198647027612022
1342271883727790085,negative,0.0018103501170845034
1342271884499550208,negative,0.0221180831477408
1342271885745283074,negative,0.0028831491176444886
1342271885984280581,negative,1.1069233265596357e-05
1342271887762665472,negative,0.0649409937485363
1342271889167835138,positive,0.7006435825709926
1342271889998311427,neutral,0.46511884455441777
1342271895484436481,negative,0.3245106188222903
1342271895585095680,negative,0.0004252020422338829
1342271896793051140,negative,0.0221180831477408
1342271899318018050,negative,0.016840202556405455
1342271899863293955,negative,0.0006726122019988871
1342271902442803200,neutral,0.3529002981908684
1342271903151566849,negative,0.017406600052190913
1342271908860076034,negative,4.332308714118274e-05
1342271908889419776,negative,0.0002168774583940482
1342271909740863488,negative,9.109612008761603e-06
1342271909887676418,neutral,0.49789225920557484
1342271910701395969,negative,0.006881488142030034
1342271911607361536,negative,0.054766534326372976
1342271912152625154,negative,0.007046305154202699
1342271913687719938,negative,0.013693389405275775
1342271914748878849,neutral,0.47810024655639594
1342271919270277121,negative,0.0221180831477408
1342271919337463812,negative,0.15884973808023384
1342271919400361985,negative,0.00010551454673348004
1342271919844954113,negative,0.001496512728618491
1342271920469897219,negative,0.31732489718339985
1342271920633425921,negative,0.0017880157369971467
1342271921426087937,negative,0.0016517701137548416
1342271923397550080,neutral,0.42755866745518784
1342271923670159360,positive,0.8167627070437394
1342271926539055104,negative,0.0002641259272527859
1342271927101120512,negative,0.00030915010877106063
1342271927700885505,positive,0.7909245406637737
1342271928376111104,negative,0.01090715993487572
1342271931270230016,negative,0.0033255731937752615
1342271933023461382,negative,0.0008409808847913976
1342271933061087232,negative,0.0019857858269449703
1342271933136728067,negative,0.0221180831477408
1342271933220487169,negative,0.1284261369287177
1342271934332088320,negative,0.09330070914684761
1342271937750441984,neutral,0.41756261016627566
1342271939725955072,negative,0.0009916164606348153
1342271940673875969,negative,0.024831481278521115
1342271941416280064,negative,0.28906018646393017
1342271945124028416,negative,0.0221180831477408
1342271949641314304,negative,0.27538537887707226
1342271950236823554,negative,0.10700295468860774
1342271953483296773,negative,0.05872979100908717
1342271953667821569,negative,0.1184013620515493
1342271954242428929,negative,1.0300948625796276e-05
1342271958344470529,negative,0.23814515285141585
1342271960546422789,negative,0.0221180831477408
1342271961049792512,negative,1.47797459954627e-07
1342271962199056387,negative,0.0016984442996489809
1342271962203090944,neutral,0.46867899819902825
1342271966644985857,positive,0.6751198188451107
1342271966674345985,negative,0.0001805781760263893
1342271967530016774,negative,0.21145165968409846
1342271967987167232,negative,0.030953468737562096
1342271968138170368,negative,0.016615742340859708
1342271970184998958,negative,0.19292355031134273
1342271971388743682,negative,0.2000667153104704
1342271972227608576,negative,0.2982637829285599
1342271974274424832,neutral,0.49789225920557484
1342271975130095617,neutral,0.4128936533809503
1342271976598102017,negative,1.9680477369955172e-07
1342271977160060928,negative,5.5368888788571396e-05
1342271978384875522,negative,0.25000550211112155
1342271978875592704,negative,0.049240337537271445
1342271981358641165,positive,0.7259782489079866
1342271984563007489,negative,0.006090637631782576
1342271984865071109,negative,0.06315819319897853
1342271985171234818,negative,3.2851556178470844e-06
1342271985603252227,negative,0.27538537887707226
1342271986144313344,negative,0.0014389439073988753
1342271987222196224,positive,0.7006435825709926
1342271990443487233,negative,7.8964593116111e-10
1342271991722762240,negative,0.0006087100455504732
1342271991974416384,negative,0.058962091186553926
1342271992700002309,negative,0.054766534326372976
1342271994008637442,negative,0.005819450629963024
1342271994335735808,negative,0.041989319644770734
1342271995610849280,neutral,0.398180521791012
1342271995740909568,negative,0.10299786840792909
1342271998085509120,negative,0.012044251378290986
1342271998777569280,positive,0.9685885755785858
1342272000698576898,negative,0.010032582970081057
1342272002678267904,negative,0.07277699621843312
1342272003299016705,negative,0.09423180894222853
1342272005069004801,negative,0.07611488631158644
1342272007635951617,negative,0.31297259541654526
1342272007665295361,negative,0.20205063918698563
1342272007979884544,positive,0.682246360197307
1342272008118300673,negative,0.13642261089419527
1342272010827739143,negative,0.15628274023114563
1342272011712782338,neutral,0.4663068820815942
1342272012316790790,negative,0.01160725873521015
1342272015085031425,negative,0.005712036692131385
1342272017874231297,negative,0.29426128723085104
1342272017878417408,negative,0.15884973808023384
1342272018708881411,neutral,0.3323387977925205
1342272020738953217,negative,0.09640323611645361
1342272021011509248,negative,0.15884973808023384
1342272021619744775,negative,0.016427604373005056
1342272021842030592,negative,1.2114722476918681e-06
1342272022139826176,negative,0.0002850642442848828
1342272022257270784,negative,0.06030985063096717
1342272024522104832,negative,0.0041789320547730375
1342272025700802564,negative,7.8964593116111e-10
1342272026715815938,negative,0.17542605596373184
1342272027596627969,neutral,0.5400292944291135
1342272029093986306,negative,0.009051778601511596
1342272029710422017,negative,1.8980118867758584e-05
1342272029979004929,negative,1.8360859207308885e-05
1342272030486507520,negative,0.00017582172268412865
1342272031484596226,negative,0.0034145729058900195
1342272032004861952,neutral,0.43578060616678027
1342272032843640832,negative,0.028337988898354115
1342272033837690880,negative,0.01620639273738093
1342272034122964992,negative,0.030646049405239708
1342272037071548417,negative,0.24325126373138325
1342272039135162368,negative,6.817703685575946e-05
1342272040301178880,negative,0.0009083897811689662
1342272040502497280,negative,0.006090637631782576
1342272042473811973,neutral,0.49789225920557484
1342272047213244416,negative,0.14974317935671755
1342272047641194497,negative,0.0012445089043806013
1342272047775416324,negative,0.27435571766596545
1342272048526082050,negative,0.0004760529356788509
1342272049100820481,negative,0.18431209049266042
1342272051147649025,negative,5.651241791700221e-06
1342272052003266560,negative,0.09895090610886702
1342272052087062531,negative,1.5494824990257874e-13
1342272053748105224,negative,0.0001123780949996407
1342272058437345280,negative,0.0037056673456543694
1342272059586588672,negative,0.04722086219404397
1342272060043763714,negative,0.0018405606610348273
1342272060295360512,negative,0.057155399161158776
1342272061545263108,negative,4.272115866840347e-15
1342272071150219267,negative,4.440072627594103e-05
1342272073499074569,negative,2.4215335305078815e-05
1342272081820606464,neutral,0.37966822384503274
1342272085658394626,negative,3.553976557470701e-11
1342272086300094469,negative,0.28480854287260504
1342272090884485124,negative,6.817703685575946e-05
1342272096538341376,negative,0.23814515285141585
1342272097624743936,negative,0.22649959337694092
1342272097809154050,negative,0.016427604373005056
1342272100749504514,negative,0.09107462386660947
1342272103710486528,negative,0.07781160516743556
1342272106709409792,negative,0.07781160516743556
1342272107011571714,negative,6.817703685575946e-05
1342272109754593280,negative,0.00017109448101005308
1342272109758697473,negative,0.04586691580839149
1342272110643847172,negative,2.3961781751081803e-05
1342272116645888003,negative,0.1228299109168615
1342272122022989825,neutral,0.43671416322017076
1342272122463260672,negative,0.005828565350070747
1342272122585042945,negative,0.006671141875045404
1342272122937339904,negative,0.031999662917054514
1342272123109257216,negative,0.0018405606610348273
1342272123230965761,negative,0.00789639958281153
1342272124183072768,negative,1.0013591620440895e-06
1342272125147770881,negative,0.00017109448101005308
1342272128335298561,negative,0.029484799712413034
1342272135918714881,negative,1.612604200474752e-05
1342272136447225857,negative,0.011994360343239063
1342272141501358087,negative,0.07138719431583505
1342272142927409152,negative,4.377175184681141e-06
1342272146962329600,negative,0.0008624740280739376
1342272150980333568,negative,0.02841300421562278
1342272154780504064,negative,0.010187643749142937
1342272156818944006,neutral,0.5318834537628724
1342272157099970561,negative,0.00017410874675681697
1342272157913497601,negative,0.16973719687071143
1342272157951389705,negative,0.006584191821837662
1342272159612334080,negative,0.002203708659298494
1342272165941555200,negative,6.817703685575946e-05
1342272166767816706,negative,0.27629245924321055
1342272181372411909,negative,0.0012834447663589669
1342272181577928705,negative,6.966360338909261e-06
1342272183524057088,negative,0.009976805399430126
1342272183679127552,negative,0.270440804134403
1342272184258068481,neutral,0.39697510199130176
1342272184958517254,negative,0.003566906859200871
1342272186527215616,negative,2.127975591199523e-06
1342272186720116740,negative,0.16090812707764215
1342272189354000385,negative,0.2130738438211605
1342272190041886723,negative,0.0012445089043806013
1342272190251728900,negative,0.16532172419126437
1342272190583025666,negative,0.009087159101972653
1342272191551987714,negative,0.016427604373005056
1342272192713732102,negative,0.002745298738113449
1342272193145802752,negative,0.010821739943380863
1342272194076934144,negative,0.007473372226066131
1342272194215346176,negative,0.00017109448101005308
1342272195658199040,negative,8.515087045096324e-06
1342272195922456582,negative,0.00010547627487432624
1342272196987727876,negative,0.32718742686722074
1342272197331587077,negative,0.0016517701137548416
1342272197730164737,negative,1.7751191276437302e-05
1342272199466446848,negative,0.27538537887707226
1342272200183861251,negative,0.027289744188104013
1342272202775932930,negative,0.16532172419126437
1342272203639939072,neutral,0.4737554465528978
1342272206668255234,negative,0.013553590421414848
1342272209298075648,negative,0.06223791385770197
1342272210526998529,negative,3.5075150677602907e-09
1342272210560552960,negative,0.23814515285141585
1342272212930338816,negative,0.005557068525823104
1342272213114826754,neutral,0.5871993079698375
1342272213408366594,negative,0.16532172419126437
1342272213886464000,negative,0.028337988898354115
1342272215946063872,negative,0.0005309892239082318
1342272216281583617,neutral,0.4220827206917385
1342272216537460736,negative,0.2620967345150337
1342272218752016386,negative,0.008203424726360724
1342272219574108160,negative,0.15884973808023384
1342272220526235659,negative,0.023736821108897764
1342272223214764032,neutral,0.5052510391936574
1342272225286696962,negative,0.00020334170298380287
1342272225496485889,negative,0.00021150508835675644
1342272225798340611,negative,0.08251073045679294
1342272228562522115,positive,0.9696335536177817
1342272230407942144,negative,0.0016387731188780338
1342272231016116227,negative,0.07409858964317478
1342272232161222656,negative,3.788187044413843e-15
1342272233708912643,negative,1.6734281074416479e-10
1342272235290173440,neutral,0.49789225920557484
1342272235688648704,negative,0.0006016683770868556
1342272235730563074,negative,0.18934567770222413
1342272236275826688,negative,0.016427604373005056
1342272236900642817,negative,0.11511595010290339
1342272238167486466,negative,0.005134645218111737
1342272238704357381,negative,0.00037101693943744114
1342272239622828033,positive,0.9078414350505055
1342272240080052224,negative,0.016427604373005056
1342272240088453124,negative,0.10273054580605338
1342272241317404674,negative,0.250285694408041
1342272242831515648,negative,0.15884973808023384
1342272242860908544,negative,0.007046305154202699
1342272246962921472,negative,0.0011523935091156863
1342272247181008899,negative,0.08286316395987137
1342272247197798400,positive,0.7006435825709926
1342272248510611456,negative,0.0010568764663860255
1342272250532286467,neutral,0.5002579963290844
1342272251710873601,negative,0.08502238529453657
1342272252625215492,negative,0.21132159823495764
1342272253787074561,negative,3.013275624125219e-05
1342272255326351360,positive,0.7654310351462976
1342272255468961792,negative,0.07409858964317478
1342272256223940610,negative,0.015173371405869699
1342272258165846016,negative,0.0016517701137548416
1342272259252170753,negative,0.026389168763918346
1342272261487788033,negative,0.06897585014855025
1342272263798849536,negative,0.2812124665127172
1342272264214085632,negative,0.006843641002793272
1342272264625127424,negative,0.0010709380868173357
1342272265900216327,negative,0.1184013620515493
1342272266575507456,negative,0.12248249736691665
1342272267577782272,negative,0.10475210476227882
1342272276021051395,negative,0.23814515285141585
1342272280559312897,negative,0.21921412548362115
1342272281305899009,negative,0.1803095240256421
1342272282224279553,negative,0.00017109448101005308
1342272282312507393,negative,0.009446615150124401
1342272283822460929,negative,0.1866876992016579
1342272284631814144,negative,5.000458527407737e-07
1342272285311307777,negative,0.17971653253699638
1342272286326484993,negative,0.0008624740280739376
1342272287043678208,negative,0.00844128261308616
1342272296766103553,negative,0.0018693777954633531
1342272302168227842,negative,2.0921701346911136e-06
1342272303330164738,negative,0.00045767230054511517
1342272304726876160,negative,0.00017109448101005308
1342272305351766022,negative,0.3016018514292223
1342272307436392450,negative,0.010821739943380863
1342272307734196226,negative,3.056530469596313e-06
1342272307746779136,negative,0.2727475191084259
1342272309516787715,negative,0.007046305154202699
1342272314122129409,negative,0.07012912088702614
1342272317079040000,negative,0.00017109448101005308
1342272317423046657,neutral,0.49789225920557484
1342272321453760512,negative,0.23814515285141585
1342272326902149122,negative,0.03943163523082488
1342272326969253890,negative,2.9323728478094176e-05
1342272328445648897,positive,0.998326972220833
1342272329095794690,negative,0.016427604373005056
1342272335420796929,negative,0.06751569753692167
1342272337635368965,negative,8.203475650051812e-07
1342272340265152513,negative,0.002080285003248149
1342272341527695363,positive,0.7158034134183016
1342272346023989248,negative,0.016427604373005056
1342272346061557761,negative,0.010821739943380863
1342272348876103680,negative,0.3029968537174699
1342272350562242560,negative,0.00016999372311542497
1342272351346581504,neutral,0.5853026423314268
1342272354420977664,negative,0.007217439023533475
1342272360083296256,negative,0.014860557071185125
1342272362150985728,neutral,0.3362256852758321
1342272362528567300,negative,0.013472779877286973
1342272362687967232,negative,0.00017109448101005308
1342272363178680321,negative,0.018903621790561462
1342272367352029185,negative,0.00017109448101005308
1342272368727699457,negative,6.610241828921208e-09
1342272372544565248,negative,0.009087159101972653
1342272376986337280,positive,0.7151797235622064
1342272377669955584,negative,0.0018405606610348273
1342272381612519424,negative,1.1102896429555763e-05
1342272385307848705,negative,0.027289744188104013
1342272386729725952,negative,0.02735829648386518
1342272388034125825,negative,0.2611621137273265
1342272389988687872,negative,5.000458527407737e-07
1342272390861115392,negative,0.016427604373005056
1342272394019352578,neutral,0.3957868947703896
1342272398297616384,negative,0.14752619180085458
1342272399052578817,negative,0.004740826658642988
1342272403485954053,negative,0.06808477947517494
1342272404211564545,neutral,0.4705026239168581
1342272414655401984,negative,6.817703685575946e-05
1342272417348128768,negative,0.316469533656467
1342272417369104384,negative,0.016724806940986995
1342272418023432195,negative,0.10353202383567305
1342272418086334464,negative,0.03545929237991403
1342272420854571008,negative,0.09688879571712734
1342272423878664193,negative,0.0012463663046665885
1342272426562957313,negative,0.27406174433094793
1342272428119007233,negative,0.09107462386660947
1342272428173619201,negative,0.032348844086251556
1342272434192334848,negative,0.00016999372311542497
1342272435572375553,negative,0.010625722543201738
1342272440219668482,negative,0.03124137667756368
1342272443226988545,negative,2.6046245226062634e-12
1342272443453480962,negative,0.2608250021126404
1342272444577570821,positive,0.7909245406637737
1342272444992638976,negative,0.000616598830625538
1342272445403815941,neutral,0.49789225920557484
1342272447140257794,negative,0.016427604373005056
1342272447228370947,negative,1.5183786383460783e-11
1342272447333089282,negative,0.00044286331715456817
1342272447568031746,negative,0.11806313671243093
1342272448230776832,negative,2.4757274597961587e-10
1342272450508312582,negative,0.003532535348531946
1342272456120217602,negative,0.1184013620515493
1342272459790299137,negative,6.817703685575946e-05
1342272461501415424,negative,8.203475650051812e-07
1342272463821008896,negative,0.00021057946016348337
1342272468858281985,negative,0.18128795982281842
1342272469680484356,negative,0.006020634386337775
1342272475019804672,positive,0.7909245406637737
1342272476269608961,negative,0.014262841221449031
1342272477913874432,negative,0.02590950960554329
1342272480585654273,negative,0.010625722543201738
1342272485551697922,neutral,0.39355931138506245
1342272486109540359,neutral,0.6149732941538079
1342272488315768835,negative,0.016427604373005056
1342272491104989184,negative,0.00044286331715456817
1342272493478883330,neutral,0.5331984649343641
1342272493915054080,negative,0.0016984442996489809
1342272494061891584,negative,0.0034626417605143813
1342272495278301186,neutral,0.5543742897418529
1342272501821419523,negative,7.8964593116111e-10
1342272502219857922,negative,0.005424570170190628
1342272503109054464,negative,0.016427604373005056
1342272505650810882,negative,2.2184785741884434e-10
1342272506023985153,negative,0.0008624740280739376
1342272507135619072,positive,0.7300341012349397
1342272507475275780,negative,0.0010162181054393
1342272508448403457,negative,0.00030250149425897603
1342272509337624576,negative,0.00741627213827822
1342272512491708416,negative,4.1970248861352044e-05
1342272522901979136,negative,2.752470872767099e-07
1342272523757613056,negative,0.04704160190204645
1342272527419269120,negative,0.0016487249759915975
1342272530585800704,negative,0.0028165488265167603
1342272532410490880,negative,0.016427604373005056
1342272535723986944,neutral,0.5734576952979002
1342272536638148608,negative,0.0012257872543792482
1342272536785145857,negative,0.010821739943380863
1342272538454487043,negative,0.059669199703754075
1342272539079409667,negative,0.23814515285141585
1342272539310096386,neutral,0.6149732941538079
1342272539356258304,negative,0.10088376213108355
1342272540153155586,neutral,0.49789225920557484
1342272541168119809,positive,0.7909245406637737
1342272544192278528,positive,0.7151797235622064
1342272547635781637,negative,0.00017582172268412865
1342272548327841801,neutral,0.37462991609367335
1342272550680854530,negative,0.009087159101972653
1342272553763659776,negative,8.203475650051812e-07
1342272554954682369,negative,0.009655167226292012
1342272562382872576,negative,0.10189721805660573
1342272566711508992,neutral,0.49579961878186113
1342272567961411584,negative,0.17218016099005984
1342272572705144832,neutral,0.33657875458960645
1342272572956823553,negative,0.058962091186553926
1342272573074268160,negative,0.1048722694059794
1342272575909584896,negative,0.016427604373005056
1342272586118553600,negative,0.02383970754975513
1342272591579537412,negative,0.010821739943380863
1342272598147817472,negative,7.076389391850813e-10
1342272601532592131,negative,4.2176711289668804e-05
1342272604380540929,negative,0.23814515285141585
1342272604632211458,negative,6.817703685575946e-05
1342272605840093190,negative,0.32182623696723034
1342272616866836480,negative,0.013016721627495122
1342272618741837824,negative,8.512889248482368e-05
1342272619794468864,negative,0.04265557760747323
1342272621384183808,negative,0.0003002012160403167
1342272628036427783,negative,0.06405250631552971
1342272639860150272,neutral,0.44518132447545733
1342272642229874697,negative,0.03389676136479784
1342272646860443648,negative,0.0002214394359869658
1342272650073296903,negative,0.04287224459841915
1342272660424847360,negative,4.7843287566264084e-05
1342272661968351233,negative,0.00017109448101005308
1342272663314685954,neutral,0.49789225920557484
1342272663935459328,negative,0.23771594227095413
1342272664862392321,negative,0.1184013620515493
1342272667198644225,negative,0.009655167226292012
1342272670294036480,negative,0.0016984442996489809
1342272671179014144,neutral,0.49789225920557484
1342272671200006144,negative,0.10353202383567305
1342272671736868864,negative,0.0820652734630196
1342272681132089345,negative,0.1184013620515493
1342272685066350592,negative,0.2632756177328786
1342272685292843008,neutral,0.4894886660404289
1342272686110646272,negative,0.02841300421562278
1342272690728665094,negative,0.0002392550969991425
1342272693429796865,neutral,0.4616070069502966
1342272694411268097,negative,0.00010350117180782416
1342272700253933568,negative,0.029152916106588052
1342272701898100739,negative,0.0009916164606348153
1342272706092429313,negative,0.044982787957922765
1342272706331488258,negative,0.0001039175126215644
1342272707434405888,negative,0.1866876992016579
1342272707757547521,negative,0.018712550375764456
1342272710500610048,negative,1.626023990247941e-06
1342272710697693185,negative,0.039729908507049196
1342272711725375489,negative,3.476402876932301e-05
1342272715969994754,negative,0.00011161858042375532
1342272716691402755,negative,0.0002576302488007689
1342272717266046976,negative,0.15237137935820858
1342272717471567874,negative,0.002215175638788058
1342272718708867074,negative,0.013699649079626189
1342272719094734849,negative,9.008087440093328e-05
1342272719098945536,negative,0.00031169585380664606
1342272720717942789,positive,0.9996647848002677
1342272721967845378,negative,1.5232477064300737e-05
1342272726782930944,negative,0.01636882546099526
1342272726845825031,negative,0.050816956969998675
1342272729492434945,negative,2.2184785741884434e-10
1342272729521782786,positive,0.7909245406637737
1342272733359595520,negative,5.625587657797334e-10
1342272734131146752,negative,5.417391967998837e-05
1342272734227804163,negative,2.4580653155285053e-07
1342272735930691584,negative,2.3335912636578102e-08
1342272737914613762,negative,1.640664400694747e-05
1342272738317238272,negative,0.00012302818962364368
1342272738912841730,negative,0.00017582172268412865
1342272739751690241,negative,5.304206422574919e-05
1342272739751718913,negative,0.0649409937485363
1342272740024311808,negative,0.02102912786393105
1342272740779286534,neutral,0.6053269647268312
1342272743308455938,negative,0.274968628404148
1342272745132982277,positive,0.7046003254621946
1342272746114449408,negative,0.0017880157369971467
1342272746479349766,negative,0.014921409828964609
1342272748563787777,negative,0.0008826548418773331
1342272748580691968,negative,4.345997919680083e-08
1342272749071433733,negative,1.416564665585408e-05
1342272750703013893,negative,0.00040780818857060624
1342272752892448768,negative,2.6367898573905378e-05
1342272752921800704,neutral,0.38416820690204395
1342272758785433600,negative,0.09182517808455813
1342272760974876674,negative,0.11924197513035559
1342272761679540225,positive,0.7909245406637737
1342272761733939201,negative,0.001000629472416263
1342272763109777408,positive,0.9461356187176096
1342272765856870400,negative,0.13326666095464623
1342272768570777606,negative,0.08007797589383599
1342272769438806016,negative,0.0016984442996489809
1342272770152017921,negative,0.007284501904285998
1342272773004132352,negative,0.03300297064347458
1342272776246358017,negative,1.7751191276437302e-05
1342272782403592194,negative,0.0185187555179963
1342272785922580482,negative,0.20744168153670992
1342272787411578880,negative,0.0021116303739656416
1342272793497509893,negative,7.281591658567583e-05
1342272794478964736,negative,0.03712728393890351
1342272799985963009,negative,0.1184013620515493
1342272800678174726,negative,0.07437647210495779
1342272801668018176,negative,0.013472779877286973
1342272803769356288,neutral,0.5318834537628724
1342272807145779201,negative,0.00019372719724807753
1342272817094680576,negative,0.00011458655157469
1342272817677664257,positive,0.9696335536177817
1342272822576631808,negative,0.12160364935299228
1342272823373524995,negative,0.31297259541654526
1342272824325660672,negative,0.19698566538285395
1342272825210462211,negative,0.00016036712028058784
1342272825432756224,negative,0.18431209049266042
1342272829233000449,negative,2.3287215060007405e-08
1342272834417152003,negative,0.00017109448101005308
1342272834987560962,negative,0.09027188305811182
1342272838644994049,negative,0.003296492441627436
1342272841253871616,negative,0.0016984442996489809
1342272841539067904,positive,0.7807189655252461
1342272846257643521,negative,0.09646578667338862
1342272848858124291,negative,0.04708106434102678
1342272855984271360,negative,0.23814515285141585
1342272866444849154,negative,0.09330070914684761
1342272868487471104,negative,0.0020554245283369143
1342272872602083333,neutral,0.4452210630751204
1342272876712513538,negative,0.0005513534658065328
1342272881892458496,negative,0.00882314553152535
1342272883758923776,negative,0.03712728393890351
1342272884778135552,negative,1.2137587316032155e-05
1342272884799131650,negative,0.0005713742657953504
1342272886489444353,negative,0.01090715993487572
1342272887143723009,negative,0.00013557165780713528
1342272887491862528,negative,8.515087045096324e-06
1342272888850821120,negative,0.16585068625039265
1342272889781796864,negative,5.166109459465034e-06
1342272890088157188,negative,0.11533273392919834
1342272890293473280,negative,0.00030915010877106063
1342272890541117442,negative,0.00028120476888543927
1342272891317059584,negative,0.05582341099213788
1342272892101423106,negative,0.1184013620515493
1342272892134895618,negative,0.0007912724992058963
1342272892311138304,negative,0.03196395360695336
1342272894991273987,positive,0.9773050469316407
1342272895712690180,negative,0.27076017200648184
1342272897868558339,negative,0.2099312736237611
1342272900628434945,negative,0.09646578667338862
1342272901937033216,negative,0.0472447564184701
1342272902104719361,negative,0.0020110122635098224
1342272903409233920,negative,0.00941073738587188
1342272904650743808,negative,0.09318555614958682
1342272906114592768,negative,4.415994436919223e-10
1342272907897139203,neutral,0.49789225920557484
1342272908740145153,negative,0.00042373920728371695
1342272910313091074,negative,8.515087045096324e-06
1342272910677987340,neutral,0.34126094849456345
1342272911403438080,negative,0.0023823013029121414
1342272913299230728,negative,0.00011487712986063824
1342272913328762881,negative,0.022625754697685886
1342272913832108032,negative,0.07409858964317478
1342272914285080576,negative,0.0005985921576933209
1342272918135459841,positive,0.9142163707957534
1342272920488435716,negative,0.0001123780949996407
1342272922661040128,negative,0.0007126237439198004
1342272924317790211,negative,0.0023964376626369483
1342272924510801920,negative,0.26042539244000984
1342272924535959557,negative,0.10149823591121368
1342272930080817153,negative,0.0889724702424542
1342272930873532416,negative,0.0006260127865308798
1342272932656119809,negative,0.06702207551961992
1342272933272690691,negative,0.011459742848165647
1342272934451281928,negative,0.0041657119331610926
1342272935340466176,neutral,0.41819822428763864
1342272935646654464,negative,0.07294918075471754
1342272938154799104,negative,0.009087159101972653
1342272939824214021,negative,0.013002057571099243
1342272940558135297,negative,0.00045630348831111867
1342272941040480257,neutral,0.35632497443296746
1342272943859118089,negative,0.006090637631782576
1342272945046122500,negative,5.50620804785576e-05
1342272946593792000,negative,0.07611488631158644
1342272949164900353,negative,0.03712728393890351
1342272950792310786,negative,0.15961621100019802
1342272952902021121,negative,6.556125086403295e-05
1342272955737198592,negative,0.10422282269887048
1342272959092838402,negative,0.28708535681024444
1342272961797976065,negative,0.0016984442996489809
1342272962402136066,negative,4.337473947557528e-09
1342272962825777152,neutral,0.4001021607442458
1342272963995959296,neutral,0.39679073878871673
1342272970245476354,negative,0.028171541418275995
1342272972489437185,negative,0.016464699376844857
1342272976503402496,negative,0.018587363761179646
1342272978369662978,negative,0.003566906859200871
1342272980194390016,negative,2.491948594960804e-05
1342272980253028353,negative,0.21721076274680223
1342272981129637889,negative,8.203475650051812e-07
1342272981221965824,negative,0.0002522280557170889
1342272988209668097,negative,0.3115874383905077
1342272991816790020,negative,0.010959568899694983
1342272992227651586,negative,0.18431209049266042
1342272998716411908,negative,0.00017109448101005308
1342272999219748870,neutral,0.4894886660404289
1342273002130591745,negative,0.19600420930677678
1342273002373742592,negative,0.0006726122019988871
1342273004470984708,negative,0.00010084728144399241
1342273008791126018,negative,0.003802494215023941
1342273010061991936,negative,0.07563372207422188
1342273010846330880,negative,0.0005541662371515622
1342273010959581185,negative,0.033650344691779105
1342273014327554051,negative,0.03712728393890351
1342273015187431426,neutral,0.37503987903179314
1342273016458334208,negative,0.0016848560251946452
1342273017641119745,negative,0.02049828370112842
1342273022036639745,negative,0.0021116303739656416
1342273022049267715,negative,0.19650443293174294
1342273022162399233,negative,0.00908261294258141
1342273026839228418,negative,0.16748561249106156
1342273027216707587,negative,0.00017372961455800633
1342273031796875266,negative,0.009566096252246687
1342273033403310080,negative,0.010796772293720919
1342273034690854912,negative,1.304786273229214e-09
1342273037631172609,negative,0.00017109448101005308
1342273041947107330,negative,0.012069906197002801
1342273042760667136,negative,0.0016984442996489809
1342273043759063040,negative,0.23814515285141585
1342273044228804614,negative,0.1184013620515493
1342273044992167936,negative,0.0014328696141311084
1342273048217604097,negative,0.011861307093797784
1342273050142715906,negative,4.1970248861352044e-05
1342273053632430083,negative,0.0009412237136405294
1342273055897300992,negative,9.704806590010733e-11
1342273056962707459,negative,0.09646578667338862
1342273062444609536,negative,0.0021116303739656416
1342273069696561152,negative,0.009087159101972653
1342273071374356481,negative,0.18689741342230606
1342273077087006721,neutral,0.46511884455441777
1342273079364513793,neutral,0.49789225920557484
1342273082229219329,negative,0.03712728393890351
1342273085769060352,negative,0.022232862883677557
1342273086880677889,positive,0.9984284691791607
1342273088180932608,negative,0.033192302797149284
1342273089145610240,negative,3.882848872967181e-16
1342273090592628742,negative,0.049480504742347255
1342273093616730113,neutral,0.4133179625133792
1342273099329396737,negative,6.552113039698496e-13
1342273099929169926,positive,0.7909245406637737
1342273100562489344,negative,0.00030915010877106063
1342273100847702016,negative,0.003495741307290736
1342273101942280192,negative,0.041711381730926055
1342273102554804225,negative,0.10060659104474329
1342273113879277576,negative,0.012757410130671455
1342273118128189440,negative,0.0027645380825375467
1342273118824509441,negative,0.11924197513035559
1342273122007986177,neutral,0.489030778946548
1342273126172942342,negative,0.07781160516743556
1342273128836173824,negative,0.009655167226292012
1342273130891456515,negative,0.0016984442996489809
1342273133533945858,negative,0.29087961828336306
1342273136398577665,negative,0.0006230275017192053
1342273139062038536,negative,0.05608464196554827
1342273139535990785,negative,0.13467339204295112
1342273147781918723,negative,0.004740826658642988
1342273153360404484,negative,0.027289744188104013
1342273154505441282,negative,0.022405093825175193
1342273157131096065,negative,0.0037056673456543694
1342273161258262528,negative,0.1184013620515493
1342273161870667777,neutral,0.395982270709202
1342273165423222790,negative,0.016427604373005056
1342273166358548482,neutral,0.5743452650545291
1342273168053051392,negative,0.034168297047262965
1342273168707346436,negative,0.00044915327750367026
1342273170317996033,neutral,0.5882396911880178
1342273175107862529,negative,0.29881065671520873
1342273179771949059,negative,2.6711641607823085e-07
1342273180833034240,negative,0.007284501904285998
1342273182435319808,negative,0.012295029069035065
1342273186415697931,negative,0.00030250149425897603
1342273188055670790,negative,0.03731800184775547
1342273193009156099,negative,0.00029038244704359414
1342273196796616704,negative,0.032348844086251556
1342273197698392064,neutral,0.4525299360032805
1342273198474338305,negative,0.03494990713867054
1342273203037741056,negative,0.21670845693637467
1342273205604667392,negative,0.012139398354467137
1342273213439627265,negative,0.00048648572059768844
1342273214626586626,negative,0.18689741342230606
1342273219131281410,neutral,0.4705026239168581
1342273223027781637,negative,0.020093219083741065
1342273223975706624,negative,0.09408030291058109
1342273225917689856,negative,1.4557396628246643e-06
1342273230749503488,negative,0.2879839208952318
1342273231701434368,negative,3.7780426723534714e-06
1342273235165954048,negative,0.011987549196650705
1342273235375718401,negative,0.011987549196650705
1342273235908517890,negative,0.0017899888587235247
1342273235979804672,negative,0.03712728393890351
1342273240765407232,negative,1.1844295211004864e-06
1342273241491103746,negative,0.18902940288894235
1342273241910489088,negative,0.009087159101972653
1342273243755868161,negative,0.020515268780260432
1342273246935265281,negative,0.002708449251740026
1342273247472193538,negative,0.0029875907249677426
1342273248243953666,negative,0.014860557071185125
1342273254220853250,negative,0.1184013620515493
1342273257748254723,neutral,0.5302578969308804
1342273258301911040,negative,0.006771354924724535
1342273259165900802,neutral,0.5871993079698375
1342273259421765632,negative,0.014513242905066906
1342273260394840064,negative,0.0221180831477408
1342273260428406784,negative,0.10353202383567305
1342273260516499456,negative,0.022964716368658107
1342273260747014145,negative,0.23814515285141585
1342273262475214850,negative,0.0003290075508948937
1342273264890998784,neutral,0.33657875458960645
1342273272101015553,negative,0.0016984442996489809
1342273273195876353,negative,0.027289744188104013
1342273273334272001,negative,0.2364318435772552
1342273275628576768,negative,0.30529699147795836
1342273276437938176,neutral,0.49789225920557484
1342273278229045248,neutral,0.46511884455441777
1342273285048983555,negative,0.25430911457786876
1342273292397326337,negative,0.009655167226292012
1342273297984184320,negative,0.20027041657405592
1342273300391723008,negative,0.00016499496973806303
1342273300513361928,negative,0.09423180894222853
1342273300802793472,negative,0.016840202556405455
1342273310617427968,negative,0.007046305154202699
1342273311607238659,negative,0.2561957490470068
1342273325360418816,negative,0.03796884500247603
1342273326048292864,negative,0.0021116303739656416
1342273327868620807,negative,0.1251152843129317
1342273328468385793,negative,3.052772155269755e-06
1342273328510341121,neutral,0.41724555738738855
1342273333321224192,neutral,0.49789225920557484
1342273333639970817,negative,3.108058433992244e-05
1342273343920201729,negative,0.01616455903568405
1342273347191758849,negative,0.21803115886094318
1342273353885761536,negative,0.0009729915003241424
1342273360068276226,negative,0.009655167226292012
1342273360487718913,negative,0.0033018408219536344
1342273360563228672,negative,0.23814515285141585
1342273371271213058,negative,0.013016721627495122
1342273377046695941,positive,0.7006435825709926
1342273387582943232,negative,0.0792948531690309
1342273389080285184,negative,0.23814515285141585
1342273390456037378,negative,2.752470872767099e-07
1342273391538139136,positive,0.7177175649486808
1342273392137920513,negative,2.225819417247875e-06
1342273393903640576,neutral,0.36733294409994255
1342273397653430277,negative,0.25000550211112155
1342273400019030017,negative,0.0018523242836531377
1342273401134702600,negative,0.010821739943380863
1342273401155674120,negative,0.005828565350070747
1342273413751181312,negative,0.06588270810970316
1342273420361404417,negative,0.016427604373005056
1342273421061795840,negative,6.85193660849717e-05
1342273423888805888,negative,0.0035831878063895843
1342273426724151297,negative,0.006671141875045404
1342273427445571593,negative,0.0021116303739656416
1342273432600371202,negative,0.010222370396720212
1342273435473469440,negative,2.3287215060007405e-08
1342273435490246657,negative,0.014860557071185125
1342273436345839618,negative,0.0030061314403591727
1342273438065553408,neutral,0.6554072358532967
1342273440166928384,neutral,0.49789225920557484
1342273442234707970,negative,0.0021116303739656416
1342273443975323648,neutral,0.36733294409994255
1342273445636288513,neutral,0.36733294409994255
1342273448672899077,negative,0.009087159101972653
1342273450329649160,neutral,0.41124874927206656
1342273450354876416,negative,9.408529988076039e-05
1342273450795278342,negative,0.09646578667338862
1342273456319197184,negative,0.27102166169912056
1342273458785427457,neutral,0.44193049347687885
1342273460375068677,negative,0.0016984442996489809
1342273461448712198,negative,0.23814515285141585
1342273463810224128,neutral,0.36733294409994255
1342273466502934532,negative,0.13918473561059777
1342273469325701123,negative,0.023222154186718615
1342273472039415809,negative,0.0034448790403901375
1342273483217248257,negative,0.1184013620515493
1342273483317907457,negative,0.0007263454477815767
1342273484303556608,neutral,0.36733294409994255
1342273484572020736,negative,1.2427552936730248e-07
1342273486220357633,negative,0.05389245786592031
1342273486610452480,negative,0.15335434241404183
1342273495003254789,negative,0.017165094143909265
1342273495263281154,negative,4.764556156962125e-08
1342273497238663169,neutral,0.49789225920557484
1342273503010070528,positive,0.9944834494897115
1342273503400255489,negative,0.1184013620515493
1342273503635120128,neutral,0.36733294409994255
1342273503681249283,negative,0.0021116303739656416
1342273508433403905,neutral,0.631915742925607
1342273509758787594,neutral,0.36733294409994255
1342273515169300486,neutral,0.6010617675389737
1342273522140405760,negative,0.11981291436185265
1342273525118361600,neutral,0.36733294409994255
1342273530856153088,negative,0.027289744188104013
1342273532449976321,negative,0.009655167226292012
1342273532563230721,positive,0.7918622569240754
1342273537957113857,negative,9.081946793812053e-05
1342273539647406082,negative,0.060708828470702504
1342273542402928641,neutral,0.3639128533385089
1342273548686135296,negative,0.054327400666022506
1342273554587529216,negative,4.093956065210656e-05
1342273554989993984,negative,0.027289744188104013
1342273561025597440,negative,0.014445707205694488
1342273564662247424,negative,0.07781160516743556
1342273566788648961,positive,0.998326972220833
1342273567690526722,negative,0.1184013620515493
1342273568193867780,positive,0.9146741093132287
1342273575395467266,negative,0.014860557071185125
1342273575655497728,neutral,0.36733294409994255
1342273580067942403,negative,0.00017109448101005308
1342273583402377221,negative,2.752470872767099e-07
1342273585289850880,neutral,0.36733294409994255
1342273586866872325,positive,0.7151797235622064
1342273588452335617,negative,2.752470872767099e-07
1342273589874069505,negative,9.273554892932466e-07
1342273590184427520,neutral,0.36733294409994255
1342273591509975042,negative,0.0012838995717986523
1342273594370490368,negative,0.001293980158378744
1342273597881122816,positive,0.9078414350505055
1342273598455644160,negative,0.035572993044047235
1342273603061096448,negative,0.08376201790017727
1342273606340980737,positive,0.9801214041025927
1342273608115236864,neutral,0.5971372102662001
1342273608849248257,negative,0.034402810590174686
1342273612028534785,negative,0.002142794564100844
1342273614641557504,positive,0.7577028023995908
1342273617749413889,negative,0.25591677939838353
1342273621411172353,neutral,0.36733294409994255
1342273626071048199,negative,0.09646578667338862
1342273627245453315,negative,0.00017109448101005308
1342273627685855239,negative,0.0016487249759915975
1342273630479261697,negative,0.007046305154202699
1342273631259402248,neutral,0.5098436067637715
1342273631737536517,negative,0.016262308120668142
1342273632899219456,negative,0.000881365338098209
1342273640545579009,negative,0.03171493986472626
1342273642265276417,negative,0.027289744188104013
1342273642596593664,neutral,0.5533970533999424
1342273644186103808,neutral,0.4366035546269821
1342273645117247490,negative,0.004058249750390295
1342273646484627456,negative,0.0006087100455504732
1342273647537508352,negative,3.792379489848801e-05
1342273647587647488,negative,0.15628274023114563
1342273647617200133,neutral,0.36733294409994255
1342273648724422656,negative,0.04309523899221751
1342273649252966400,negative,0.00044861386158575743
1342273649399787522,negative,0.0069571137892871044
1342273652222537734,negative,0.16525411055905767
1342273654403584002,negative,0.0012445089043806013
1342273655225593856,negative,0.2812124665127172
1342273655263391752,negative,0.002944122836935153
1342273655917735942,negative,0.2812124665127172
1342273659021512705,negative,0.0015187446556512631
1342273659529011202,negative,0.27538537887707226
1342273661248659461,negative,0.052347647697130475
1342273661567455232,negative,1.3133092104835325e-06
1342273663131783168,negative,0.08106434289487681
1342273664574636037,negative,0.010504507158789046
1342273664839020550,negative,0.018367562345874888
1342273665887567872,negative,0.06054783438086158
1342273666902536193,negative,0.013118208307779083
1342273667535941633,negative,0.013209731086784767
1342273667657510912,negative,0.10335774295999144
1342273667699507208,negative,0.1184013620515493
1342273668571951104,negative,0.0004760529356788509
1342273668605472770,neutral,0.46127768308170247
1342273669276565504,negative,3.0233710509585333e-05
1342273669733756928,negative,0.18502245876389176
1342273670564081667,negative,0.3108679333723359
1342273671155634176,negative,0.0012617072365817045
1342273674150375430,negative,0.27538537887707226
1342273674783711233,neutral,0.36733294409994255
1342273675383463936,negative,0.00014858285826039057
1342273676666925062,negative,0.0010427729243528215
1342273680630493186,negative,0.00508283694788516
1342273682337513472,negative,0.03799144489604533
1342273682559778817,negative,0.0012445089043806013
1342273685101576192,negative,3.458341268447391e-09
1342273688431976448,negative,0.07060751460221949
1342273688943665157,negative,0.00010547627487432624
1342273692940660736,negative,0.0016984442996489809
1342273695780397056,negative,0.1184013620515493
1342273696166195201,negative,0.07607865013986202
1342273698535976962,negative,0.008691603803103055
1342273698716377088,negative,0.0003733180181826975
1342273702310907905,negative,0.009087159101972653
1342273704827387905,negative,0.012022374955527588
1342273706006077440,neutral,0.39969703318748534
1342273706404491264,negative,0.1184013620515493
1342273707226636289,negative,3.6102623236315954e-07
1342273710284140544,positive,0.9634834649974734
1342273711836024832,negative,0.1184013620515493
1342273712561790979,negative,0.016427604373005056
1342273713761210369,negative,8.90252108414775e-05
1342273723798155264,negative,0.1184013620515493
1342273728340762627,neutral,0.36733294409994255
1342273729271881728,negative,0.00020974129439986185
1342273731243225089,negative,0.0001005500003360096
1342273734623830017,negative,0.015808122370380276
1342273737018781696,negative,0.031758777429444406
1342273740390993921,negative,2.4817145931295123e-11
1342273740592340992,negative,0.00017582172268412865
1342273741863190532,negative,0.0005882447407285493
1342273743465439234,neutral,0.36733294409994255
1342273745772306432,negative,0.09277549750773266
1342273750079655937,negative,0.06780563235107093
1342273751409438722,negative,0.0010191516383673174
1342273753649205249,negative,0.1184013620515493
1342273756543275009,negative,6.562629929728219e-06
1342273757319204864,neutral,0.36733294409994255
1342273758908866561,negative,0.00012886923598357422
1342273760192245761,positive,0.9958391177241187
1342273761488347136,negative,0.09124367418909697
1342273761576423425,neutral,0.49789225920557484
1342273761744203781,negative,0.0016487249759915975
1342273762507550721,positive,0.680174309033985
1342273766236299270,negative,0.00017582172268412865
1342273767511355392,negative,8.393465855719065e-06
1342273771428859905,positive,0.8812853621355209
1342273777216987137,negative,0.08376201790017727
1342273779846692864,neutral,0.36733294409994255
1342273779871920131,negative,0.06528877612539968
1342273785475592192,negative,0.0442847207478655
1342273790529531904,neutral,0.5533970533999424
1342273790697472002,negative,0.016427604373005056
1342273796758237184,negative,0.009655167226292012
1342273797764882432,negative,0.0016984442996489809
1342273798100418560,negative,0.058962091186553926
1342273799786414080,negative,0.23814515285141585
1342273807478882304,negative,0.1648106408863395
1342273808699445251,negative,0.2000667153104704
1342273810469367809,neutral,0.37231951514265965
1342273812600147969,negative,9.642672130911881e-06
1342273812704931845,negative,0.00017109448101005308
1342273812830826498,negative,0.012487335807890914
1342273813329960960,negative,0.0001039175126215644
1342273813799710720,negative,0.0001123780949996407
1342273820317650944,neutral,0.36733294409994255
1342273820359585793,negative,5.139007897928455e-05
1342273820841930754,negative,0.23814515285141585
1342273823492739074,negative,1.3895424674240427e-09
1342273824834920450,negative,0.00017109448101005308
1342273825006825472,negative,0.009087159101972653
1342273829184409600,negative,0.02329323645236039
1342273829419159552,negative,0.11924197513035559
1342273831193473029,negative,2.739803359546088e-05
1342273831302537216,negative,0.19682482179268918
1342273838013362178,negative,0.009655167226292012
1342273838269259777,negative,0.07237131246492694
1342273839976378368,negative,7.8964593116111e-10
1342273841473601538,negative,0.009655167226292012
1342273842589401089,negative,0.20596996271227025
1342273842664902656,positive,0.9937016545503892
1342273844137119745,negative,0.043629705730931945
1342273844820717570,negative,0.004551295411253584
1342273845135351808,neutral,0.36733294409994255
1342273846620131330,negative,0.002123548596024745
1342273849551941632,negative,0.20754802622066645
1342273852085309441,negative,0.04287224459841915
1342273852550819840,negative,0.004300878492222307
1342273852953399296,negative,0.025559386591596216
1342273853217792000,negative,0.08599886960870794
1342258756554547200,negative,0.17609326874924427
1342258756629921792,negative,4.5488056961964775e-07
1342258756961280001,neutral,0.4407197698842524
1342258757183660032,neutral,0.3780867972513509
1342258757410045952,negative,0.007750114266221074
1342258758148214784,negative,0.1922352535118523
1342258758597021696,negative,0.005785246168461178
1342258758668304384,negative,8.59222175302955e-05
1342258759029182465,negative,0.0032278152272373403
1342258759343566848,positive,0.989819305861616
1342258759385686016,negative,0.07471994246711433
1342258759939227649,neutral,0.42755866745518784
1342258759947587585,negative,0.1922352535118523
1342258761264738309,negative,0.19817850543856066
1342258761700937728,negative,2.497290421406447e-07
1342258761881161728,neutral,0.5786174630566976
1342258762535612426,negative,1.3220923975658805e-05
1342258762686451714,negative,0.03625488226803357
1342258763420463104,negative,0.0006282310671751354
1342258763600785408,negative,0.26789511811865335
1342258774044766208,neutral,0.6200590102455651
1342258778922766336,neutral,0.4434682618072027
1342258786111803396,negative,0.01429630205160564
1342258787273613312,negative,0.1397601264416123
1342258788330565634,negative,0.14132013971068658
1342258793913135104,negative,0.014894681446741371
1342258796496891911,negative,0.0004946071497111356
1342258797876752386,positive,0.9900856334617291
1342258799843880960,neutral,0.6200590102455651
1342258806584176641,negative,0.011046660268482299
1342258812514947076,negative,0.0021711828321665616
1342258813018251264,negative,0.2924555977229377
1342258819582337024,negative,0.011046660268482299
1342258822077886464,negative,0.002068329949768524
1342258822535139328,negative,0.00041846516501424123
1342258828092571650,negative,0.016427604373005056
1342258828574863361,negative,0.00015089647926645912
1342258828792967176,negative,0.012733965306920133
1342258829350883328,negative,0.016427604373005056
1342258832861495298,negative,5.5870006857825314e-05
1342258834979631105,negative,0.055789284994487286
1342258835382292482,negative,0.00030043907859958826
1342258838276333574,negative,1.301914434060691e-05
1342258838993580036,negative,0.2546916305421647
1342258846228733953,negative,0.0017183634667720215
1342258860212547584,negative,0.055789284994487286
1342258862313902081,negative,0.07422830518294708
1342258869133660160,negative,0.021348388955747054
1342258871465865218,positive,0.9769037631612117
1342258878646530050,negative,0.008787525787110336
1342258884237549568,negative,0.055789284994487286
1342258892328284165,negative,0.008787525787110336
1342258897160200193,negative,0.055789284994487286
1342258905565462528,negative,0.021348388955747054
1342258909877334017,negative,0.16600648942852345
1342258924435730432,negative,0.0040069841903250525
1342258926654468096,negative,0.0001022851478179114
1342258928390991874,negative,0.0157987193455356
1342258931419197440,negative,0.21901725198202554
1342258937555513345,negative,1.2554177804781973e-05
1342258952252358658,negative,0.022425991472602026
1342258959986663425,negative,1.4341283306289527e-05
1342258960317997058,negative,0.0013857858131798013
1342258961538404352,negative,0.0009508800596566658
1342258972431183872,negative,7.2188400967148695e-06
1342258973337137152,negative,0.03779969631447591
1342258973693636609,negative,0.012733965306920133
1342258976487059456,negative,0.003015704129936112
1342258981352460291,negative,0.055789284994487286
1342258985907478528,neutral,0.4407197698842524
1342258987534843908,negative,0.012733965306920133
1342258990030401538,negative,1.3032534510742102e-08
1342258995797626881,negative,0.10806912159457231
1342258997055860738,negative,0.04365885302943736
1342259006782509063,negative,0.039685771831038795
1342259008686723072,negative,0.12266941280225767
1342259011685658626,positive,0.9997030315236222
1342259013585686529,negative,0.015210211368448717
1342259023056412673,negative,0.027743548248275317
1342259023064784901,negative,0.1922352535118523
1342259026147610624,negative,0.016427604373005056
1342259035614179329,negative,0.21901725198202554
1342259035882577920,negative,0.0015452780100241067
1342259039804268546,negative,0.007779947553287748
1342259042211786752,neutral,0.6149732941538079
1342259057344692225,negative,3.951946010447417e-07
1342259065083330562,negative,0.00041846516501424123
1342259078815473666,negative,0.21798891477171983
1342259090307874817,neutral,0.4377896312766332
1342259093264850949,negative,0.011724737227430823
1342259093835288577,negative,0.002526725766628769
1342259099795390470,negative,3.9464292681013117e-10
1342259103104724992,negative,5.461958374332896e-06
1342259106967646208,negative,0.3155440437366068
1342259114286735361,negative,0.055789284994487286
1342259119558971392,negative,0.1922352535118523
1342259126697685000,negative,0.12266941280225767
1342259129906298880,negative,0.0033262695125060547
1342259134696189953,negative,0.19630392517568587
1342259135992242177,negative,0.003015704129936112
1342259161808121856,negative,0.003015704129936112
1342259174219128832,negative,2.7208840995306853e-05
1342259175691177985,negative,0.0972249707080036
1342259177750753280,negative,0.2546916305421647
1342259177805254658,negative,0.0001317863734452136
1342259183060721665,negative,0.1336690851601187
1342259185241743362,negative,4.9859398879250517e-05
1342259192569208832,negative,0.03656646840405869
1342259201486303235,positive,0.9121720860684975
1342259208457252867,negative,8.115609239086027e-06
1342259214241116161,negative,0.0007108746393198862
1342259216086683648,positive,0.7931125859404188
1342259217680527360,positive,0.9997435592868792
1342259222529122312,negative,0.1348771542549574
1342259231840378881,negative,0.004798757788903676
1342259232578658312,negative,0.0005262278761200421
1342259233635631104,negative,0.016427604373005056
1342259235556642823,negative,0.0040069841903250525
1342259237288873988,negative,0.012868173825523369
1342259248156258304,negative,0.003015704129936112
1342259250433765378,negative,1.1595493714456428e-05
1342259253940277248,negative,0.04061265328327092
1342259255806730241,negative,0.003015704129936112
1342259260252569600,negative,0.026713709565664573
1342259263348080645,negative,0.012733965306920133
1342259273733124107,negative,0.004359446146637754
1342259277281570816,neutral,0.6149732941538079
1342259278132994049,negative,0.16092559912773435
1342259302514487296,negative,0.007835397475502744
1342259309023875075,negative,0.16600648942852345
1342259314376007680,positive,0.8457037987753125
1342259317706268672,negative,0.0040069841903250525
1342259317710454785,negative,0.00032685848285029015
1342259323309854722,negative,0.17014484091775856
1342259333237714945,negative,0.21901725198202554
1342259337398517760,negative,0.18258183392746283
1342259338531004416,negative,0.012733965306920133
1342259342989553664,negative,0.008787525787110336
1342259351831109634,negative,2.6326031532865334e-06
1342259362119741441,negative,0.1129672493699229
1342259367563952128,negative,0.0489671898793958
1342259379786182657,neutral,0.46127768308170247
1342259380155277313,negative,0.14132013971068658
1342259383410057216,negative,8.456945165648361e-08
1342259384995487746,negative,0.0380036627389982
1342259385444294660,negative,0.17861184220932846
1342259404067004417,negative,3.892066071660588e-06
1342259428150665217,negative,0.016427604373005056
1342259433951387651,negative,0.13274297673581156
1342259434916093953,negative,0.007779947553287748
1342259449025716224,negative,0.0004055366124332902
1342259450619568128,negative,0.03625488226803357
1342259459507290112,positive,0.9969375700080269
1342259460966912000,negative,0.055789284994487286
1342259475374350336,positive,0.9313240156554826
1342259476083126272,negative,0.048416641996340284
1342259480009039880,positive,0.9997030315236222
1342259480101343233,negative,0.016427604373005056
1342259481871323141,negative,9.474090855577737e-05
1342259484907991040,negative,0.00041846516501424123
1342259496865976322,positive,0.6801191545081966
1342259504528953345,neutral,0.4361863851710623
1342259515736150019,negative,0.055789284994487286
1342259517518716928,negative,0.023587895085405115
1342259540042129408,negative,0.05959930705742004
1342259561709727744,neutral,0.4650732863820546
1342259576931033090,negative,0.01130536739368902
1342259580403855360,negative,0.0040069841903250525
1342259598716231680,positive,0.7837512110394629
1342259601861976068,negative,0.0010221125659917818
1342259602151366659,negative,0.055789284994487286
1342259605007687681,negative,0.007307574861418716
1342259607327166466,negative,0.052349297848824174
1342259609504002049,negative,0.2546916305421647
1342259609621377029,negative,0.01130536739368902
1342259621466169359,neutral,0.4377896312766332
1342259623995256837,neutral,0.49789225920557484
1342259626595774465,negative,0.04554064740954173
1342259627778600963,neutral,0.6094307531614059
1342259638553731073,negative,0.016427604373005056
1342259653359624192,negative,0.00041846516501424123
1342259661228158977,neutral,0.3774504525051701
1342259666873683968,negative,0.02462312858866629
1342259673181908992,negative,0.003015704129936112
1342259681247551488,negative,0.055789284994487286
1342259687476113410,negative,0.016427604373005056
1342259688470155265,negative,0.055789284994487286
1342259696833601536,negative,0.3155440437366068
1342260288624746512,negative,0.040407012337111164
1342260291569143809,positive,0.9997030315236222
1342260312909754369,negative,0.0007083858348550082
1342260314780393472,negative,0.0679151859181067
1342260325677203456,negative,0.0009508800596566658
1342260331285008386,negative,0.003015704129936112
1342260335189889024,neutral,0.6149732941538079
1342260348544569345,negative,0.016427604373005056
1342260351455391745,neutral,0.6200590102455651
1342260353904816131,negative,0.016427604373005056
1342260355247067141,negative,0.0004055366124332902
1342260356270469120,positive,0.9997030315236222
1342260362570309632,negative,0.2546916305421647
1342260368001949704,negative,0.010464677177596353
1342260375803330561,negative,0.2546916305421647
1342260375870451717,negative,0.003015704129936112
1342260378252668930,neutral,0.6149732941538079
1342260384162582529,negative,0.0010283329201026233
1342260392987340801,negative,0.013909657396964025
1342260400876900357,negative,0.02754765734589487
1342260400981766144,negative,1.4501244643890593e-07
1342260425216450561,neutral,0.6489077768764223
1342260425761714181,negative,1.9359409251856954e-11
1342260431449161728,neutral,0.6489077768764223
1342260439619657730,negative,0.007014086167586614
1342260442312355845,negative,0.11751179379763171
1342260442480201745,negative,0.16600648942852345
1342260459387445248,negative,0.2546916305421647
1342260468317085699,negative,0.016427604373005056
1342260471081132038,negative,0.047343125308005815
1342260471668355079,negative,0.003015704129936112
1342260472108691456,negative,0.0029852642692419135
1342260487514427393,negative,0.008787525787110336
1342260489896792064,negative,0.016427604373005056
1342260490865664000,negative,0.0007685227067955037
1342260495907217411,negative,0.032309079372361604
1342260497832411142,negative,0.0040069841903250525
1342260503339552769,negative,0.2546916305421647
1342260508380909568,negative,0.06246489817618161
1342260513980428292,neutral,0.6489077768764223
1342260514966151190,negative,0.04554064740954173
1342260517684080641,positive,0.9587731198869118
1342260519282028546,negative,0.016427604373005056
1342260524722085888,positive,0.9997030315236222
1342260529444892675,negative,0.004486543477857822
1342260535723753481,negative,0.02238655529157255
1342260542396887040,negative,0.008787525787110336
1342260543873310720,negative,0.1477632189371747
1342260549258792961,negative,0.020112367187227902
1342260552777814017,negative,0.003015704129936112
1342260557026570242,negative,2.7208840995306853e-05
1342260557395722242,negative,0.02283690358801649
1342260566228946945,negative,0.016427604373005056
1342260567587901440,negative,0.01130536739368902
1342260569152360452,negative,0.025537731826846207
1342260570649722884,positive,0.9997030315236222
1342260572046426116,negative,0.016427604373005056
1342260579277402119,neutral,0.35252454262098076
1342260584121819140,negative,0.003015704129936112
1342260588068614145,neutral,0.5369921955963857
1342260588525838336,negative,0.016427604373005056
1342260588978831367,negative,0.003015704129936112
1342260593559040003,positive,0.8014244827044451
1342260597300203525,negative,0.09207933964876301
1342260598399229953,negative,0.0003798081958072941
1342260606624268288,negative,0.11036155705221684
1342260607022735360,negative,0.0040069841903250525
1342260615742705666,negative,0.03138635255543947
1342260624252952576,negative,0.016427604373005056
1342260628455612421,negative,0.055789284994487286
1342260629428723716,negative,0.012733965306920133
1342260630129057793,negative,0.16600648942852345
1342260633140658176,negative,0.04706103307024137
1342260635724357633,negative,0.0023193432433744146
1342260648084971522,neutral,0.5113351101513705
1342260649477464064,negative,0.0009390832590088655
1342260651930992640,negative,0.004486543477857822
1342260665998864384,negative,0.07881887729764962
1342260666716082176,negative,0.016427604373005056
1342260676014833665,negative,0.2546916305421647
1342260677772251136,negative,0.003015704129936112
1342260680930504713,negative,0.01130536739368902
1342260681740079104,negative,0.016427604373005056
1342260689000345601,positive,0.9997030315236222
1342260689205948419,negative,0.0045774114226911815
1342260695879086086,negative,0.00959828800043889
1342260697842012160,negative,0.012733965306920133
1342260700102729728,negative,0.05513067232629321
1342260700664782849,negative,0.030816286510205185
1342260707266600962,positive,0.9997030315236222
1342260707878989827,negative,0.0004294246354881376
1342260718259863554,negative,0.018103846487255573
1342260721581764609,negative,0.0023091108652854627
1342260723221729280,negative,0.016427604373005056
1342260724614254599,negative,0.042002001379591494
1342260748668563456,negative,0.011724737227430823
1342260749423538179,neutral,0.6489077768764223
1342260751604527104,negative,0.0040069841903250525
1342260752384724998,positive,0.9997030315236222
1342260753353551872,negative,5.824866219404648e-05
1342260766532132876,neutral,0.6489077768764223
1342260780134244354,neutral,0.48272476118736957
1342260784722817025,neutral,0.4377896312766332
1342260788048900102,negative,0.0040069841903250525
1342260788766060545,negative,3.8257268859754117e-07
1342260789156179968,negative,0.01130536739368902
1342260794809958401,negative,0.0018223269449878824
1342260799931355137,negative,0.00013857384023316575
1342260815337021441,neutral,0.48728019602140255
1342260816981200897,negative,0.016427604373005056
1342260826506452993,negative,2.691947309642438e-05
1342260827437596675,positive,0.9997030315236222
1342260841408770050,negative,0.01290088504988545
1342260842331561984,negative,0.003015704129936112
1342260853261930498,negative,0.007307574861418716
1342260857573666822,negative,0.016427604373005056
1342260859452747776,negative,0.0053629330861189655
1342260862476836867,negative,0.2865775108917029
1342260863374401537,negative,0.2546916305421647
1342260872488607745,negative,0.03625488226803357
1342260875076530181,negative,0.0014987059795185237
1342260880642342914,negative,0.008787525787110336
1342260887357444096,negative,0.016427604373005056
1342260887395045378,negative,0.028618629179294544
1342260891807526913,negative,0.04463397889287764
1342260892067631104,negative,1.470169083125957e-06
1342260893103628289,positive,0.9997030315236222
1342260900032614400,negative,4.5918766686835705e-06
1342260900150042624,negative,0.27865043452676047
1342260904784609281,negative,0.16600648942852345
1342260905166442498,negative,0.011046660268482299
1342260905346805760,negative,0.00018429878042002163
1342260906160513024,negative,0.023043017540031883
1342260907334918148,negative,0.011724737227430823
1342260909096448006,positive,0.9997435592868792
1342260913756397568,neutral,0.4377896312766332
1342260920697892870,negative,0.016427604373005056
1342260921612328963,negative,0.055789284994487286
1342260926783893505,negative,0.0013842806220476002
1342260927098478593,negative,0.1922352535118523
1342260943586209804,negative,0.016427604373005056
1342260946778140672,negative,0.0024013077459381403
1342260951857430531,negative,0.002646773378772422
1342260958736093187,negative,0.012733965306920133
1342260978088620032,negative,0.0004946071497111356
1342260979187539968,neutral,0.44906025132614075
1342260985634172930,negative,0.008787525787110336
1342260987827789826,positive,0.9997030315236222
1342260990839238658,negative,0.008787525787110336
1342260999009787909,negative,0.2517674611777689
1342261009248088066,negative,0.0040069841903250525
1342261018492366855,positive,0.9225285273528632
1342261020279115778,negative,0.007014086167586614
1342261021646307328,negative,0.01626701394179813
1342261026352410624,neutral,0.41901263796461236
1342261035546402816,negative,0.016427604373005056
1342261040483074051,negative,0.012733965306920133
1342261051342073858,negative,0.006895801007348718
1342261056345927680,neutral,0.6489077768764223
1342261061043544064,negative,0.047343125308005815
1342261061043580931,negative,0.016427604373005056
1342261065174945792,negative,4.4090904008461465e-05
1342261068786241538,negative,0.012733965306920133
1342261078525267970,negative,0.2546916305421647
1342261078919680005,negative,0.2546916305421647
1342261090001047559,negative,0.0005733311151454013
1342261094551875585,negative,0.1922352535118523
1342261099492683778,positive,0.9825335588365471
1342261105415090177,negative,0.0040069841903250525
1342261105675137026,negative,0.016427604373005056
1342261105876471810,negative,0.0040069841903250525
1342261106186850317,negative,0.016427604373005056
1342261124654362628,negative,0.047343125308005815
1342261127758151681,negative,1.2493240905931994e-07
1342261133701480448,negative,0.0928193587186512
1342261150327648256,negative,1.1453914413429963e-09
1342261152630321153,negative,0.2546916305421647
1342261154685407233,negative,1.9999060480073519e-07
1342261156379992064,negative,0.027230627023836235
1342261163262791681,negative,0.027230627023836235
1342261163833372674,negative,0.008787525787110336
1342261176693006336,negative,0.028618629179294544
1342261178299371520,negative,0.0698394550668706
1342261180010737671,negative,0.047343125308005815
1342261187489230853,negative,0.028618629179294544
1342261193596145665,neutral,0.6000738037262673
1342261199837270016,negative,0.019261376438795903
1342261203163357184,negative,0.003015704129936112
1342261205193404420,negative,0.008787525787110336
1342261210746650624,negative,0.2881020121910886
1342261216148905984,neutral,0.48272476118736957
1342261217054908417,positive,0.9997435592868792
1342261223778357248,neutral,0.6094307531614059
1342261228538900481,negative,0.016427604373005056
1342261228660531201,negative,0.016427604373005056
1342261228928983042,negative,0.003404631945216412
1342261237330169856,negative,0.004849585118641502
1342261242023522308,negative,0.012733965306920133
1342261255755718656,positive,0.9218177007099254
1342261262168842241,negative,0.012733965306920133
1342261267403321353,negative,0.016427604373005056
1342261268250583041,negative,0.10104095975641018
1342261273262780422,negative,0.12755903100818566
1342261273359167490,neutral,0.3780867972513509
1342261273409417216,negative,0.0006835414052186123
1342261277910069251,negative,0.01260606459306511
1342261279545675776,neutral,0.4434682618072027
1342261281210982415,negative,0.008787525787110336
1342261282926440449,negative,0.0013782562525596921
1342261288643293187,neutral,0.6149732941538079
1342261290954350593,neutral,0.6149732941538079
1342261292581744640,positive,0.9997030315236222
1342261294196543489,positive,0.6688461454510689
1342261294884388864,negative,0.0928193587186512
1342261301255565312,negative,0.012733965306920133
1342261304086638592,positive,0.9769037631612117
1342261304539680770,negative,4.0062358873864244e-05
1342261312009723906,negative,0.0004036356967443948
1342261315360993285,negative,0.003560374595853265
1342261315583303681,negative,0.2546916305421647
1342261318011772938,negative,0.2546916305421647
1342261321715359750,positive,0.9997435592868792
1342261332654092288,negative,0.16600648942852345
1342261332872224770,negative,0.2485006194712975
1342261335376228355,negative,0.016427604373005056
1342261342762315782,negative,0.008787525787110336
1342261353386561541,negative,0.016427604373005056
1342261362265874432,negative,0.003015704129936112
1342261369371058177,neutral,0.6149732941538079
1342261387016474625,negative,0.003015704129936112
1342261389226889216,negative,0.016427604373005056
1342261395463798784,positive,0.9997030315236222
1342261401277124609,neutral,0.3855372437345617
1342261406574505985,negative,0.012733965306920133
1342261407501471744,negative,0.0031152850551612104
1342261413566410752,positive,0.9997030315236222
1342261421070032899,negative,0.002068329949768524
1342261437964685313,neutral,0.4377896312766332
1342261448261709824,negative,0.001968655386118708
1342261451537453057,negative,0.047537444981448254
1342261459275804672,neutral,0.46127768308170247
1342261459762483200,negative,0.016427604373005056
1342261470332145667,negative,0.00108732374266484
1342261489378463746,negative,0.008787525787110336
1342261495665750016,negative,0.2546916305421647
1342261497980981248,negative,0.003015704129936112
1342261502124941312,negative,0.003962858569245739
1342261502296915971,negative,2.382960805466053e-06
1342261503274184704,negative,0.000557685748588637
1342261510857519104,negative,0.007779947553287748
1342261516771483648,negative,0.21928993448576584
1342261530855878656,negative,7.90788326227523e-07
1342261531078234113,negative,0.0004155270377425163
1342261543375933440,negative,0.0040069841903250525
1342261547960295430,negative,4.4090904008461465e-05
1342261548019036160,negative,0.2941286588317901
1342261550988537856,negative,0.016427604373005056
1342261558139883525,negative,0.00020967023426541852
1342261572098469890,negative,0.27865043452676047
1342261586837331968,positive,0.7837512110394629
1342261590368903169,negative,0.055789284994487286
1342261590683504642,negative,1.4991825884935426e-05
1342261591211991040,neutral,0.6149732941538079
1342261601081163777,negative,0.013329181398502072
1342261602037456896,negative,0.2546916305421647
1342261612481273857,negative,0.008787525787110336
1342261627156979712,negative,0.00024190664074364798
1342261629417885697,negative,0.01260606459306511
1342261631456337932,negative,0.003015704129936112
1342261631959642112,negative,0.011761569762577936
1342261633675091969,neutral,0.5106007389679682
1342261634979549184,neutral,0.6149732941538079
1342261640604119040,positive,0.9997030315236222
1342261653094735872,negative,0.007014086167586614
1342261655284150272,negative,0.0040069841903250525
1342261663995723777,positive,0.9997030315236222
1342261680282202114,negative,9.34150975455307e-05
1342261684103229440,negative,0.0040069841903250525
1342261714738421761,neutral,0.6489077768764223
1342261715384344578,negative,0.055789284994487286
1342261716957224961,negative,0.002068329949768524
1342261725702336513,positive,0.8892792060910206
1342261726415380480,negative,0.00019941967542738074
1342261730978762752,negative,0.012733965306920133
1342261749433692162,negative,0.13274297673581156
1342261756161368064,negative,0.016427604373005056
1342261766127026177,negative,0.0004946071497111356
1342261768798683137,negative,0.0007131678228549828
1342261770971443201,negative,0.2546916305421647
1342261776654557184,negative,0.05440159801951847
1342261794769956864,negative,0.0008476683949681576
1342261797852749824,negative,0.055789284994487286
1342261802453905409,negative,0.008787525787110336
1342261805717073921,negative,0.028618629179294544
1342261813526802438,negative,7.751411029553778e-06
1342261821374418944,negative,0.028618629179294544
1342261834066358276,negative,0.01681775919876403
1342261862809812993,negative,0.16600648942852345
1342261868421898242,negative,0.016427604373005056
1342261873518014464,negative,0.012733965306920133
1342261899300384768,negative,0.09039445983221202
1342261899614957569,negative,0.016427604373005056
1342261906455879685,negative,0.011724737227430823
1342261922180308992,negative,0.003015704129936112
1342261924038373378,negative,0.008787525787110336
1342261933593006081,neutral,0.5130605840822943
1342261938831544320,negative,0.011724737227430823
1342261946993827841,negative,0.0019303309056289241
1342261949346820096,negative,0.016427604373005056
1342261956942688258,negative,0.11888304093176659
1342261962315542528,negative,0.004849585118641502
1342261964186259457,neutral,0.4851028428829613
1342261978434310146,negative,0.008787525787110336
1342261983437996036,negative,0.16600648942852345
1342261989566001154,negative,0.0021711828321665616
1342261994993446912,negative,2.6130446714711707e-07
1342262006456303616,neutral,0.6149732941538079
1342262011334455297,negative,0.012733965306920133
1342262027285356544,positive,0.9997030315236222
1342262031009927171,negative,0.01290088504988545
1342262038668652550,negative,0.012733965306920133
1342262040921055232,negative,0.03121264194268284
1342262041000685571,negative,0.0019635822602794514
1342262044054192128,negative,0.016427604373005056
1342262045257981952,negative,0.08453034722029427
1342262069475880962,negative,0.014586058144967546
1342262070729986051,negative,0.016427604373005056
1342262075016572928,negative,0.0006278005687853063
1342262076404887552,negative,0.0040069841903250525
1342262084134907904,negative,0.016427604373005056
1342262085305196546,negative,0.028618629179294544
1342262088039870464,negative,0.018837305702084244
1342262090069757954,negative,0.2546916305421647
1342262111498608640,neutral,0.4377896312766332
1342262119824297985,positive,0.9997435592868792
1342262137448751104,negative,0.04002339885872593
1342262141546606592,negative,0.15911735155011136
1342262142897152002,positive,0.7618654817766302
1342262154838290432,negative,0.016427604373005056
1342262158458056706,negative,0.008787525787110336
1342262162773970944,negative,0.011724737227430823
1342262163788988417,negative,0.03636974348921977
1342262169128345600,negative,0.28617978763691837
1342262170848026628,negative,0.21901725198202554
1342262176912986122,negative,0.14985407417437477
1342262180138393600,negative,0.0036504978852244544
1342262183414149123,negative,0.0013782562525596921
1342262189558788098,negative,0.003015704129936112
1342262210144448515,neutral,0.6149732941538079
1342262210622586881,negative,0.03636974348921977
1342262224346378243,negative,0.0006675958138541998
1342262231921266693,negative,0.008787525787110336
1342262246055931904,negative,0.08453034722029427
1342262249302487045,negative,0.047343125308005815
1342262250812411911,negative,4.8715020862152314e-05
1342262253635174402,negative,0.16600648942852345
1342262264326402049,negative,0.003015704129936112
1342262270903148544,negative,0.14132013971068658
1342262298199650304,neutral,0.4377896312766332
1342262300267438080,negative,0.0040069841903250525
1342262310103117824,negative,0.016427604373005056
1342262343519113220,neutral,0.46511884455441777
1342262358681530369,negative,0.0040069841903250525
1342262362934571013,negative,0.055789284994487286
1342262365350465539,negative,0.006310847605628938
1342262368647180292,negative,0.007779947553287748
1342262379422347264,negative,0.06040327879755064
1342262392726695936,negative,0.0028164274713466946
1342262417317892097,negative,0.00041846516501424123
1342262427308711936,negative,0.003015704129936112
1342262427828822016,negative,0.21901725198202554
1342262441217032192,positive,0.9997030315236222
1342262444547317764,negative,0.16600648942852345
1342262449056198657,negative,0.0789417958383459
1342262452558426113,negative,0.0005760498126914107
1342262459470589955,negative,6.9413832769862e-08
1342262467909603328,negative,0.012733965306920133
1342262472917606400,negative,0.016427604373005056
1342262478898655233,positive,0.9313240156554826
1342262483487223808,neutral,0.6489077768764223
1342262484389031942,negative,0.003015704129936112
1342262485781536769,negative,0.055789284994487286
1342262490789531648,negative,0.04329091598661518
1342262491716399105,negative,0.028618629179294544
1342262492890849281,negative,0.012733965306920133
1342262503603105792,negative,0.21901725198202554
1342262507516387333,negative,0.06040327879755064
1342262511140286464,neutral,0.6149732941538079
1342262529679044608,negative,0.2735989138755472
1342262530006274048,negative,0.016427604373005056
1342262531516035072,negative,0.20149353903447337
1342262531570585601,negative,0.06732245900693937
1342262531646050305,negative,5.756401404963667e-06
1342262531662905344,negative,0.0012177263512243703
1342262534162755585,negative,1.7054794714987713e-06
1342262534175338498,negative,0.008787525787110336
1342262538231279622,negative,0.01695297049273668
1342262542433980417,negative,0.004849585118641502
1342262543528546305,negative,0.08453034722029427
1342262543935438849,neutral,0.5675649339822049
1342262549555916800,neutral,0.4377896312766332
1342262552449974276,negative,0.028618629179294544
1342262559362187264,negative,0.0004055366124332902
1342262571970269184,negative,0.28617978763691837
1342262586453196808,positive,0.6722341851409426
1342262600244015104,negative,1.8202132409487115e-05
1342262605642149888,neutral,0.40789852704480334
1342262606074142720,neutral,0.46511884455441777
1342262607168872448,negative,1.1595493714456428e-05
1342262611396747264,positive,0.9997030315236222
1342262615804940289,negative,0.016427604373005056
1342262620313821186,positive,0.9313240156554826
1342262624235491333,neutral,0.46511884455441777
1342262626190028801,negative,0.20913752194107274
1342262628203290626,negative,0.002950912100509083
1342262630258528263,negative,0.0040069841903250525
1342262630879260674,positive,0.7386249878642772
1342262632984813574,negative,0.0040069841903250525
1342262639607611394,negative,0.14132013971068658
1342262643822915586,neutral,0.6489077768764223
1342262654602248192,negative,0.0003798081958072941
1342262660532994050,negative,0.06156100502183778
1342262662915387392,positive,0.9218177007099254
1342262670569988101,negative,0.06435193647357808
1342262683773657091,negative,0.16600648942852345
1342262685438717952,negative,0.03636974348921977
1342262691180765184,negative,0.013380586967702902
1342262701154848769,negative,1.0930637694173976e-05
1342262702174056452,negative,0.003015704129936112
1342262707765080064,negative,0.0678401478056187
1342262722050875394,negative,0.27356677431245446
1342262725276291073,negative,0.0038199497498377145
1342262745916452865,neutral,0.6146895925198054
1342262749204770819,neutral,0.4859867888572186
1342262768490209280,neutral,0.5136446707795853
1342262770134347777,positive,0.8339529402880457
1342262770314706944,negative,0.008787525787110336
1342262774680969219,neutral,0.4270092146335579
1342262783312863234,positive,0.9348826292134944
1342262785401638913,negative,0.008787525787110336
1342262795077885953,negative,0.24820821245482572
1342262800261984257,neutral,0.604104050835913
1342262803378229248,neutral,0.6388733437275337
1342262803885916161,negative,0.004440145880942217
1342262809145569280,neutral,0.6146895925198054
1342262815625773056,negative,0.0005760498126914107
1342262816095559680,negative,0.028618629179294544
1342262816246542337,negative,0.16600648942852345
1342262824958128128,negative,0.057103738824443626
1342262837167738880,negative,0.0040069841903250525
1342262842284765185,neutral,0.4377896312766332
1342262844113477641,negative,0.01626701394179813
1342262845321441280,negative,0.0004055366124332902
1342262850509807618,negative,0.0022607362204981594
1342262858793578496,neutral,0.6149732941538079
1342262870709596160,negative,0.24303407752002693
1342262891706245122,negative,0.028618629179294544
1342262900451377152,negative,0.009167636838051503
1342262903462895623,negative,0.055789284994487286
1342262910047944711,negative,0.00569366667307137
1342262916406513664,neutral,0.6149732941538079
1342262917383692288,negative,2.3820470394884606e-05
1342262927584182272,neutral,0.6149732941538079
1342262932860792833,negative,0.2356095953930168
1342262946844602369,negative,0.030811358430953038
1342262946974605314,negative,0.00041846516501424123
1342262948761374722,neutral,0.4377896312766332
1342262952926318599,negative,0.18258183392746283
1342262952976658432,neutral,0.6094307531614059
1342262954989912064,negative,0.0040069841903250525
1342262961822445568,negative,0.0157987193455356
1342262970982813701,negative,0.00015372411518675786
1342262982156443649,neutral,0.4377896312766332
1342262982336778246,positive,0.9997030315236222
1342262988783427590,negative,0.02929475236716552
1342262995016179715,negative,0.09039445983221202
1342262997805363200,negative,0.028618629179294544
1342263026339217408,negative,0.003015704129936112
1342263031997358080,negative,0.012733965306920133
1342263034920648704,negative,0.042147640058935315
1342263040943636480,negative,0.0008835689228376397
1342263042340483074,negative,0.007779947553287748
1342263043489751040,negative,0.09039445983221202
1342263043821080578,negative,9.176885589132597e-06
1342263048527081472,negative,0.004995917950744947
1342263050653589506,negative,0.011724737227430823
1342263067372097537,negative,0.01626701394179813
1342263073843912704,negative,0.012733965306920133
1342263078285619200,negative,0.3155440437366068
1342263087169200129,negative,0.003015704129936112
1342263097009070080,negative,0.08453034722029427
1342263101996068865,negative,0.004849585118641502
1342263103560556545,negative,0.008787525787110336
1342263114251849731,negative,4.331841352237446e-05
1342263145662963712,negative,0.0033262695125060547
1342263150348009475,negative,0.032103961860210896
1342263151564353536,negative,0.003015704129936112
1342263157713231874,neutral,0.6149732941538079
1342263167104278529,negative,0.042147640058935315
1342263176956674049,positive,0.9997030315236222
1342263189891907585,negative,0.3110259487239704
1342263190722392066,neutral,0.6489077768764223
1342263199446544384,negative,0.02596206441778372
1342263217846890499,negative,1.8814007063288515e-05
1342263221307240449,negative,0.003015704129936112
1342263222376792064,negative,0.016427604373005056
1342263233365815298,negative,0.2546916305421647
1342263238457745409,positive,0.9997030315236222
1342263242211651584,negative,0.3110259487239704
1342263249727856640,positive,0.9997030315236222
1342263250755317760,negative,0.15508744885608877
1342263260062617604,negative,0.0011239300153703697
1342263265074827266,negative,0.07413635372185931
1342263265401954307,negative,0.01125382653319855
1342263266249224193,negative,0.003015704129936112
1342263272762978308,negative,0.03925212264752703
1342263273375334402,neutral,0.4377896312766332
1342263275711557633,negative,0.06040327879755064
1342263282246311936,negative,0.2546916305421647
1342263287359148033,positive,0.9997030315236222
1342263292870406145,negative,6.539719686022388e-07
1342263297287090178,negative,0.28617978763691837
1342263298738286597,negative,0.31717285976250015
1342263299342299136,negative,0.0040069841903250525
1342263307928018946,negative,0.017065683216126937
1342263312512212992,neutral,0.4563708648167947
1342263315355947008,neutral,0.3427674995818396
1342263319785304065,positive,0.9344938306397181
1342263327934853120,negative,0.003015704129936112
1342263330145239040,negative,1.4501244643890593e-07
1342263338173083651,negative,0.11429401044594015
1342263338495983618,negative,0.11912151133502234
1342263339305472001,negative,0.2525963387615094
1342263342719758336,negative,0.055789284994487286
1342263344686837766,negative,0.030285150366338602
1342263344984686594,negative,4.9859398879250517e-05
1342263346305921029,negative,0.016427604373005056
1342263347371192320,negative,0.05165899191709529
1342263347425800192,negative,0.007707566233016605
1342263362395250696,negative,0.0040069841903250525
1342263364370751488,negative,0.035047374608834475
1342263366363058178,negative,0.055789284994487286
1342263371224264704,neutral,0.4927258467590345
1342263372956495878,neutral,0.33058445125479535
1342263403478351874,neutral,0.49789225920557484
1342263411225358336,neutral,0.4377896312766332
1342263419244859393,negative,0.03171493986472626
1342263429399240705,negative,0.2546916305421647
1342263438584786944,negative,0.0004294246354881376
1342263446348431360,negative,0.008430336061332786
1342263449234059264,negative,0.0028238364849410354
1342263450408464385,neutral,0.565501352405186
1342263455978582020,negative,0.007779947553287748
1342263462710431754,negative,0.004849585118641502
1342263462878068737,negative,3.9688693741806244e-07
1342263472428605451,negative,0.003015704129936112
1342263481597366279,negative,0.004849585118641502
1342263955977342978,neutral,0.6094307531614059
1342263957369856002,neutral,0.4377896312766332
1342263963460001792,negative,0.012733965306920133
1342263969843712006,negative,0.016427604373005056
1342263972683251712,neutral,0.6489077768764223
1342263973530513408,negative,0.00019941967542738074
1342263987631747074,negative,9.669210889974966e-06
1342263990353879041,negative,0.016427604373005056
1342263993637994498,neutral,0.488583285795909
1342264010914336768,negative,0.003015704129936112
1342264019315535877,negative,0.012868173825523369
1342264027809017856,negative,0.2546916305421647
1342264036738674689,positive,0.9997030315236222
1342264053243256835,negative,0.016427604373005056
1342264060671365122,negative,0.0820652734630196
1342264077721235456,negative,0.055789284994487286
1342264083429666817,negative,0.003015704129936112
1342264085107400707,negative,6.621799045661949e-09
1342264097354764288,positive,0.9997030315236222
1342264106338967552,neutral,0.48728019602140255
1342264107546927106,negative,0.3124922597217575
1342264112559108096,neutral,0.4652396027927106
1342264120473759744,negative,0.06614162016041665
1342264132867907586,negative,0.17997832545240408
1342264138555416576,negative,0.3116103624899865
1342264140912603137,negative,0.0006131664482565589
1342264147799638017,negative,0.03471111109333762
1342264148529455105,negative,0.016427604373005056
1342264149569634305,negative,0.16600648942852345
1342264151507410945,negative,0.16600648942852345
1342264152950243328,negative,0.004098985279953744
1342264159375945729,positive,0.9991278102458747
1342264159686303746,negative,0.005386386297690706
1342264172340518913,negative,0.02023989297423184
1342264174034956288,neutral,0.4377896312766332
1342264175289135105,negative,0.0040069841903250525
1342264176283181056,negative,0.016427604373005056
1342264183044386823,negative,0.012808033002822527
1342264198517186560,negative,0.003015704129936112
1342264215231467532,negative,0.003050482352728577
1342264220931547142,neutral,0.6149732941538079
1342264221388726272,negative,7.978051476819303e-06
1342264223276134401,negative,4.763163378021054e-06
1342264231710830593,negative,0.00010887714770685854
1342264235057942530,positive,0.9326364557407526
1342264248987213824,negative,0.07296041050766801
1342264255450652672,negative,0.016427604373005056
1342264255916240898,negative,0.14132013971068658
1342264267534446595,negative,0.05832130971186221
1342264273591005184,negative,0.022438046217988984
1342264276224978946,negative,0.008787525787110336
1342264278846480386,negative,0.05494071847829812
1342264283313418240,negative,0.1336690851601187
1342264286631096321,negative,0.007789473580891034
1342264292092084225,negative,0.016427604373005056
1342264294935650304,neutral,0.394844483656033
1342264297091719168,negative,0.24050663864180089
1342264299381805066,negative,0.003583661073873797
1342264302590447616,neutral,0.4377896312766332
1342264315588599809,negative,0.00012134589675491694
1342264323415166977,negative,0.0040069841903250525
1342264324140769281,negative,0.00013135638316077902
1342264324941901830,negative,0.016427604373005056
1342264336929140736,negative,0.012733965306920133
1342264345603014657,negative,0.2546916305421647
1342264347284942849,neutral,0.3362534092090541
1342264353421144065,negative,0.0013774359200638977
1342264354234888192,negative,0.012733965306920133
1342264391237050369,negative,0.016427604373005056
1342264393992724485,negative,0.0024490602398098025
1342264413265551362,negative,0.15445461118739792
1342264415920517120,neutral,0.6496597445600726
1342264419280162816,negative,0.09095936074103574
1342264423935860736,negative,0.3110259487239704
1342264424317509632,positive,0.7425564848131504
1342264425777156100,negative,0.012733965306920133
1342264435981873152,positive,0.9997030315236222
1342264437177249794,negative,0.00041846516501424123
1342264442285940741,negative,0.0005760498126914107
1342264446593474564,negative,0.28617978763691837
1342264457532211200,negative,0.0053629330861189655
1342264457850998785,negative,0.0004294246354881376
1342264458194919430,negative,0.016427604373005056
1342264464633192448,negative,0.0001663486706806551
1342264477857755137,negative,0.2546916305421647
1342264485520809988,negative,0.008787525787110336
1342264491954864128,negative,0.1310544217764059
1342264504026079232,negative,0.016427604373005056
1342264523261169675,negative,0.016427604373005056
1342264524607545347,negative,0.2546916305421647
1342264533050646529,negative,0.3110259487239704
1342264534950670338,negative,0.0010771923493665216
1342264541825163266,negative,0.05040304886747221
1342264544492736512,negative,0.001250194536363935
1342264549442023426,negative,0.052475219308041034
1342264551945998336,negative,0.26362762896888764
1342264553355292675,neutral,0.4377896312766332
1342264559281831937,positive,0.9997030315236222
1342264561345421314,negative,0.0007382502429707971
1342264565883613185,negative,0.003015704129936112
1342264569830510593,neutral,0.6489077768764223
1342264573861261318,negative,0.14132013971068658
1342264582581043201,negative,0.17703999840965284
1342264586385432582,negative,0.03925212264752703
1342264590038609925,negative,0.0004036356967443948
1342264630144626688,negative,0.016427604373005056
1342264633374220291,neutral,0.5123396107998447
1342264638713569280,negative,0.008787525787110336
1342264640894619654,negative,0.008787525787110336
1342264643239235585,negative,0.008704283062789349
1342264647685185536,negative,0.202310239064334
1342264650042396673,negative,0.06040327879755064
1342264657277562880,negative,0.016427604373005056
1342264659567648769,negative,0.00037392053702304905
1342264664458219520,negative,0.0005210651185262539
1342264666765094913,negative,1.080806120828061e-06
1342264668384014344,negative,0.3110259487239704
1342264680086204416,negative,0.0820652734630196
1342264692572622849,negative,0.00012438050347565228
1342264696569737216,neutral,0.488583285795909
1342264703385526272,negative,0.028206499990991687
1342264704002093061,negative,0.000637414991458673
1342264714177482754,negative,0.0014726494546732714
1342264714961842177,negative,0.008787525787110336
1342264715041505282,negative,0.11962313758828437
1342264730103197699,negative,0.00027986089412966787
1342264733328683009,neutral,0.36174209525706874
1342264736310845444,neutral,0.6489077768764223
1342264743302729728,negative,0.06361007167340987
1342264746410708993,negative,0.12266941280225767
1342264760289669120,negative,0.016427604373005056
1342264770175631360,negative,0.0040069841903250525
1342264772990005250,negative,0.003015704129936112
1342264773224894465,negative,0.2546916305421647
1342264785283526656,negative,0.012733965306920133
1342264795517612032,negative,0.13277579145404453
1342264796519964672,negative,0.001170029700929026
1342264799598620672,neutral,0.6149732941538079
1342264803255934977,negative,0.17744245489224533
1342264808629035010,negative,0.008106798621326657
1342264821341937665,negative,2.8938610084258157e-05
1342264839880769537,negative,0.005466021766065968
1342264845794766855,negative,0.02900078648831975
1342264849993261060,negative,0.02900078648831975
1342264853621334016,negative,0.16600648942852345
1342264854913183746,negative,0.09095936074103574
1342264858310426625,negative,0.020204734146678834
1342264858721611779,negative,0.0053629330861189655
1342264862127357952,negative,0.0040069841903250525
1342264867219234816,neutral,0.6200590102455651
1342264873791664134,negative,0.012733965306920133
1342264884730458114,negative,0.1129672493699229
1342264885862952960,negative,0.0002291794455328455
1342264888048177160,neutral,0.3428393741674494
1342264889490989056,negative,0.0157987193455356
1342264893295226881,negative,0.1129672493699229
1342264894083706881,negative,0.20144887389829402
1342264912693899264,negative,4.572178231186183e-05
1342264915403436038,negative,0.012733965306920133
1342264917873860613,negative,0.12298960160262946
1342264922827210752,neutral,0.5951370790902575
1342264924198809603,negative,0.023043017540031883
1342264924429578248,negative,0.3155440437366068
1342264929974444033,negative,0.29879971540255934
1342264950551560193,negative,0.02023989297423184
1342264967995809799,negative,0.03636974348921977
1342264974601822210,negative,0.08326619805327845
1342264976204066816,negative,4.8715020862152314e-05
1342264993740451840,negative,0.3110259487239704
1342264994839355394,negative,0.3104075192754546
1342265010131771393,negative,0.016427604373005056
1342265011960500226,negative,0.016427604373005056
1342265016876224513,negative,2.944702243967744e-10
1342265032260857858,negative,0.003015704129936112
1342265037600280576,negative,0.3110259487239704
1342265047289102336,negative,0.0013774359200638977
1342265048337702917,neutral,0.4377896312766332
1342265049310785538,negative,5.677826766918627e-06
1342265049679712258,negative,0.00026212716050508526
1342265049843453952,negative,0.055789284994487286
1342265053521866754,negative,0.028618629179294544
1342265055753216000,negative,0.0021711828321665616
1342265058177536006,negative,0.0004055366124332902
1342265058429120512,positive,0.9474060439244945
1342265058785685504,negative,0.055789284994487286
1342265068847771655,negative,0.007393808172534669
1342265069149822977,negative,0.3110259487239704
1342265074321391618,negative,0.0033262695125060547
1342265080558350337,negative,0.007779947553287748
1342265086166102018,negative,0.0789417958383459
1342265088846266369,negative,0.2546916305421647
1342265117313003526,negative,0.007576228588684691
1342265120127389703,neutral,0.46511884455441777
1342265124460126208,negative,0.07881887729764962
1342265129015111683,positive,0.9940784580610632
1342265131129069568,negative,0.1349547868815718
1342265137269510144,negative,0.012733965306920133
1342265156445863937,neutral,0.6489077768764223
1342265157918072835,negative,0.0013774359200638977
1342265160245915648,negative,0.055789284994487286
1342265163064422402,positive,0.7098015363295526
1342265169544695816,negative,0.016427604373005056
1342265175236345857,positive,0.9997030315236222
1342265181716557825,negative,0.0040069841903250525
1342265195842990087,negative,0.028618629179294544
1342265216986472448,negative,0.0849454048834416
1342265219867955200,negative,0.055789284994487286
1342265227275067393,negative,0.0004036356967443948
1342265248917676033,negative,0.0021711828321665616
1342265261076996101,negative,0.055789284994487286
1342265273706020868,negative,0.0004055366124332902
1342265281037692933,negative,0.016427604373005056
1342265288327360518,negative,0.23643194840235102
1342265290198044673,negative,0.07581718350992069
1342265297303187457,negative,0.005977656921699271
1342265299714764800,negative,0.010924282006360244
1342265301686235136,neutral,0.488583285795909
1342265323362390016,negative,0.028618629179294544
1342265328169005061,positive,0.665172642529467
1342265334405935104,positive,0.9997030315236222
1342265335286816768,negative,0.02060656958112189
1342265335718752257,negative,1.651200534612567e-07
1342265362151321601,neutral,0.4377896312766332
1342265365502578689,negative,0.0040069841903250525
1342265376684601347,negative,0.02900078648831975
1342265383445737472,negative,0.012733965306920133
1342265383932350465,neutral,0.5402725156831982
1342265431617368066,neutral,0.6149732941538079
1342265473682071554,negative,0.008787525787110336
1342265476441899011,negative,0.3155440437366068
1342265476790034432,negative,0.016427604373005056
1342265483505135616,negative,0.16600648942852345
1342265492053123075,negative,0.09207933964876301
1342265495857336321,negative,0.10778489572763539
1342265506649268224,negative,0.016427604373005056
1342265506808524800,neutral,0.6149732941538079
1342265511502077954,negative,0.001448040795204821
1342265513985015808,negative,0.016427604373005056
1342265516807892993,negative,0.09392829430891686
1342265526874202113,negative,0.2436381445930448
1342265529034272768,negative,1.192414276155405e-06
1342265536785354752,negative,0.2546916305421647
1342265543181676545,negative,0.01290088504988545
1342265543378792448,positive,0.9997435592868792
1342265543844368384,negative,0.028618629179294544
1342265548814606340,negative,0.00020967023426541852
1342265551431806978,negative,0.06971882956955408
1342265554036531201,neutral,0.6200590102455651
1342265571359023104,negative,0.2759622351844165
1342265571975581698,negative,0.00041846516501424123
1342265584772374528,negative,0.0019742200850810976
1342265593525891076,negative,0.18258183392746283
1342265601750749184,negative,7.188314002514627e-05
1342265608512135174,negative,4.9859398879250517e-05
1342265608889577473,negative,0.14132013971068658
1342265615411720196,negative,0.06361007167340987
1342265617513123841,neutral,0.5511843571977896
1342265618410729474,negative,0.012733965306920133
1342265626979663872,neutral,0.4377896312766332
1342265629995380737,negative,0.0053629330861189655
1342265641349349376,negative,0.10407253847722452
1342265645128413185,negative,0.004849585118641502
1342265646214733830,negative,0.011724737227430823
1342265653810573314,negative,0.003015704129936112
1342265660500488192,positive,0.9997435592868792
1342265667421138944,negative,0.055789284994487286
1342265672198479873,negative,0.007014086167586614
1342265675193208837,negative,0.02023989297423184
1342265682835222529,neutral,0.4377896312766332
1342265683988647936,negative,0.016427604373005056
1342265685792202755,negative,0.028618629179294544
1342265688514310145,negative,0.023043017540031883
1342265692918341632,negative,0.3155440437366068
1342265701051019267,negative,0.0013774359200638977
1342265703873835009,negative,0.016427604373005056
1342265704838541318,negative,0.2546916305421647
1342265707011198976,negative,0.04350054148636807
1342265713793376258,negative,0.004849585118641502
1342265715143938048,neutral,0.3653392909736404
1342265735624728578,negative,0.012868173825523369
1342265739542212609,negative,0.1649240733005532
1342265747205222404,negative,0.0053629330861189655
1342265760266264578,negative,5.59631465938062e-05
1342265780575100928,negative,0.016427604373005056
1342265782953242625,negative,0.12949258994415855
1342265783464972293,neutral,0.6149732941538079
1342265787499884547,negative,0.016427604373005056
1342265803173838848,negative,0.0004397975731743749
1342265803266207744,negative,0.009979920769242779
1342265809469628419,negative,0.008787525787110336
1342265810971226114,negative,0.3221566765602372
1342265813554888705,negative,0.027230627023836235
1342265824359362565,positive,0.9325770998275932
1342265834375442432,negative,0.016427604373005056
1342265844408213509,negative,0.004170079977478039
1342265844647292928,negative,0.2546916305421647
1342265846207373313,negative,0.016427604373005056
1342265848237535233,negative,0.007063787274292822
1342265851987243014,negative,0.005214503081194097
1342265856676532225,negative,0.0009928758205443482
1342265857284530176,negative,0.0033262695125060547
1342265859201519617,neutral,0.6489077768764223
1342265863563460609,negative,0.29600396516190636
1342265864951836672,negative,0.055789284994487286
1342265868118593537,negative,0.23164277161513633
1342265869548867584,positive,0.9997030315236222
1342265869561421827,negative,0.005590763700318228
1342265873529233408,negative,0.0004294246354881376
1342265876893077504,negative,0.06971882956955408
1342265894739865600,neutral,0.4377896312766332
1342265899936608260,negative,0.007779947553287748
1342265900775469056,negative,0.008787525787110336
1342265902822113280,neutral,0.6149732941538079
1342265908669120513,negative,4.8715020862152314e-05
1342265918085279745,negative,0.011724737227430823
1342265926255841280,negative,0.2436381445930448
1342265933780430849,negative,0.2546916305421647
1342265934707388417,negative,0.016427604373005056
1342265937790169088,negative,0.016427604373005056
1342265938951991296,negative,0.008787525787110336
1342265941820907520,negative,0.19134091807158973
1342265943779643394,negative,0.03720106563160747
1342265946648571904,negative,0.008787525787110336
1342265961248911361,neutral,0.6149732941538079
1342265971923410944,negative,0.007779947553287748
1342265977602531329,neutral,0.4377896312766332
1342265977858383872,negative,0.016427604373005056
1342266006107017218,negative,0.18258183392746283
1342266012750774274,neutral,0.6149732941538079
1342266023349788678,negative,0.15902618890543296
1342266025514045441,negative,0.0021711828321665616
1342266027435044864,positive,0.9997435592868792
1342266027602825216,negative,0.003015704129936112
1342266035186135044,negative,0.0014045648629320883
1342266038323273729,negative,0.01269396129273016
1342266040630317058,negative,4.021293409697145e-05
1342266046032580609,positive,0.9997030315236222
1342266055981457410,negative,0.0002291794455328455
1342266056388308992,neutral,0.6149732941538079
1342266060238696469,positive,0.9997030315236222
1342266061064957953,neutral,0.49789225920557484
1342266064282017793,negative,0.009815986655909263
1342266072133722113,negative,0.000336801758166936
1342266074096685056,negative,0.0006628991439327716
1342266084053954560,negative,0.0013728913079571559
1342266084095897603,negative,0.08033362057493917
1342266084834086912,negative,0.008787525787110336
1342266101204447233,negative,0.039630991177735914
1342266119193767938,negative,0.016427604373005056
1342266137980112899,negative,0.27865043452676047
1342266138735112200,negative,0.00046326262650354174
1342266143122350084,negative,0.0013774359200638977
1342266169068281859,neutral,0.35252454262098076
1342266179080114176,neutral,0.6149732941538079
1342266190106865664,negative,0.16600648942852345
1342266192690618369,negative,3.324852426155365e-05
1342266200882094081,negative,0.0040069841903250525
1342266201964240898,negative,0.07015953633136633
1342266221761331200,negative,7.730486191552276e-06
1342266224265351170,negative,0.008787525787110336
1342266242489589765,negative,0.01094229238514286
1342266243571740673,negative,0.003015704129936112
1342266249393434624,negative,0.0040069841903250525
1342266251373129728,negative,0.004623209607019425
1342266260281765888,negative,0.28617978763691837
1342266263498862597,neutral,0.4377896312766332
1342266264891351043,negative,0.09392829430891686
1342266279017779200,negative,0.10778489572763539
1342266280410308609,negative,0.00043380297148431905
1342266280624222214,negative,0.005900844668155155
1342266302480703488,negative,0.012733965306920133
1342266304313651200,negative,0.0008147823301155787
1342266306284937217,negative,0.09064786247893855
1342266306318508036,negative,0.16449484553473848
1342266306335301632,negative,0.07174911763581943
1342266306385494019,negative,0.12864834181878032
1342266306528215041,positive,0.7017183697929815
1342266306977013763,negative,0.0003141274396125896
1342266307035590657,negative,0.011054271477217303
1342266307232690177,negative,0.05219693896195456
1342266307346124801,neutral,0.61653404026319
1342266307455102976,positive,0.8262085965938015
1342266307530665984,positive,0.8262085965938015
1342266309300654080,negative,0.27150265592421774
1342266311406190592,neutral,0.5031056611348977
1342266312131805184,negative,0.011490498656006584
1342266315063623682,positive,0.9999217045205436
1342266317693448192,negative,4.757069131471058e-08
1342266318314213376,neutral,0.6149732941538079
1342266322315587587,negative,0.024121792946421295
1342266329060024322,negative,0.01710457119976061
1342266337444425729,neutral,0.6094307531614059
1342266337779986437,negative,0.0706528566680088
1342266343152869382,negative,0.01290088504988545
1342266347624017921,negative,0.010924282006360244
1342266348567728128,negative,1.9377399434905153e-07
1342266351923179522,negative,0.07616423827036377
1342266354234253319,negative,0.08391416865436259
1342266354645270528,negative,0.030612697976138553
1342266356994084865,negative,0.0020022629021760837
1342266358352982017,negative,0.0005427183168916255
1342266358533390337,neutral,0.3614366987765139
1342266363163897858,negative,0.07632275958323545
1342266369790894080,negative,1.624339036776127e-05
1342266376073916416,negative,0.016427604373005056
1342266397917900800,negative,0.008467853842552941
1342266418608410624,negative,0.02023989297423184
1342266426653081600,negative,0.05231444469153519
1342266430960635906,negative,0.0048166470665191394
1342266435435954183,negative,0.0040069841903250525
1342266438237757440,negative,0.003015704129936112
1342266454155132930,negative,0.0040069841903250525
1342266456533307394,negative,0.010464677177596353
1342266456604606465,negative,0.008787525787110336
1342266459620306953,negative,0.2258783487662861
1342266460815597573,negative,0.028618629179294544
1342266472333119488,negative,0.00020690318188542708
1342266475785170945,negative,0.00036100035252736363
1342266477647421441,positive,0.9997030315236222
1342266484031164416,negative,0.28617978763691837
1342266489664102400,negative,0.016427604373005056
1342266499743035392,negative,0.04554064740954173
1342266504952344577,negative,0.004849585118641502
1342266508437839872,negative,0.28617978763691837
1342266510488715266,negative,0.000607120360119048
1342266516054700032,negative,0.012733965306920133
1342266526167150593,negative,0.003015704129936112
1342266543732908033,neutral,0.46511884455441777
1342266548665409541,neutral,0.3724154755344462
1342266548879286276,negative,0.008787525787110336
1342266562808573952,negative,0.29250820893040597
1342266566658850817,negative,0.028618629179294544
1342266567028039685,negative,0.0023557301594263275
1342266573793468417,negative,0.051357231084169036
1342266593020149760,negative,0.017902368704505633
1342266601417142273,neutral,0.488583285795909
1342266602193084418,negative,0.0004036356967443948
1342266602302148609,negative,0.05311612626261518
1342266616541814784,negative,0.001894304026793264
1342266620144721920,neutral,0.488583285795909
1342266625756700673,negative,4.8715020862152314e-05
1342266631075098624,negative,0.08648486728776894
1342266633289658374,negative,0.21586799281954216
1342266642068369408,negative,0.0040069841903250525
1342266653174861826,negative,0.29250820893040597
1342266654789689344,negative,0.002913332392029648
1342266659147399168,negative,0.02900078648831975
1342266662150680576,negative,0.2864145558920463
1342266667322265600,positive,0.9997030315236222
1342266679414427651,negative,0.3155440437366068
1342266681293492224,negative,0.007631553410661844
1342266685236142081,negative,0.028618629179294544
1342266697605132288,negative,0.003015704129936112
1342266701749116934,negative,0.012868173825523369
1342266709638606848,neutral,0.4377896312766332
1342266723127472129,negative,0.010655361684533989
1342266723316031488,negative,0.2727795273974681
1342266725560164357,negative,0.11634181052154127
1342266725631459328,negative,0.17703999840965284
1342266729590894592,neutral,0.6489077768764223
1342266729913716737,negative,0.044571731152415896
1342266730719150082,negative,0.1922352535118523
1342266740382830592,negative,0.2546916305421647
1342266745671864320,negative,0.01260606459306511
1342266753339052033,negative,0.0008067471435549648
1342266759571779590,negative,0.10412352621076067
1342266768967036928,negative,0.055789284994487286
1342266777846296576,negative,0.016427604373005056
1342266779687649282,negative,0.16087934302438156
1342266783240245249,negative,0.016427604373005056
1342266785475796993,negative,0.06971882956955408
1342266802093645824,negative,0.2436381445930448
1342266806518624256,neutral,0.4377896312766332
1342266809945260032,negative,0.08342002369841232
1342266815511224322,negative,0.004574036525763411
1342266818627399680,neutral,0.6149732941538079
1342266837795545088,neutral,0.3614366987765139
1342266838558928897,positive,0.9997435592868792
1342266841268416513,negative,0.00035185967003547474
1342266847891247112,negative,0.016427604373005056
1342266852597248004,negative,0.003015704129936112
1342266856875429891,negative,0.24727681079373087
1342266864509063169,negative,0.0040069841903250525
1342266869923909632,negative,0.00020967023426541852
1342266872595689474,neutral,0.5437840656568784
1342266875749814273,neutral,0.4377896312766332
1342266898872999936,negative,0.00041846516501424123
1342266907819454471,negative,0.16600648942852345
1342266909178261505,negative,0.24727681079373087
1342266910008815619,negative,9.497123346839087e-05
1342266911229431810,negative,0.008787525787110336
1342266920733650944,negative,0.24727681079373087
1342266924386816003,negative,0.1461813495790981
1342266929831149568,negative,0.06971882956955408
1342266935275360258,negative,0.0006442087685548638
1342266945811460096,negative,0.24727681079373087
1342266953319256064,negative,0.02471291563086117
1342266964140548099,negative,0.06156100502183778
1342266969303764993,negative,0.012733965306920133
1342266984981999616,negative,7.490203022092768e-05
1342266994582806528,negative,0.016427604373005056
1342266995358760963,negative,0.1032408911901682
1342267003252432898,negative,4.798550065025603e-05
1342267013255864330,neutral,0.6380639166303559
1342267019845132290,negative,0.0005760498126914107
1342267022093246467,negative,0.0001592632580279605
1342267027801649152,negative,1.8464308969574863e-08
1342267038518149120,negative,0.16027933850557582
1342267045258403842,negative,0.040230857059625945
1342267070935953408,negative,0.007014086167586614
1342267080272449539,negative,0.007014086167586614
1342267083715973131,negative,0.0293489353163734
1342267086018662400,negative,0.07587164333560353
1342267087272738816,negative,0.0013483693239428733
1342267088501678086,negative,0.016427604373005056
1342267092679204865,negative,0.01626701394179813
1342267096349224964,negative,0.2843411777631737
1342267101004836864,negative,0.0035349714968251292
1342267128012009473,negative,0.011490498656006584
1342267133099724800,negative,3.3461140802025227e-07
1342267158399741957,negative,0.03636974348921977
1342267168659021824,negative,0.016427604373005056
1342267180885417984,positive,0.9999943962818755
1342267185922793479,negative,0.016427604373005056
1342267193850015745,negative,0.2546916305421647
1342267196865728512,negative,0.2864145558920463
1342267199512317962,negative,0.0045774114226911815
1342267200476950529,negative,0.016427604373005056
1342267205380091905,negative,0.016427604373005056
1342267207447961600,negative,0.052475219308041034
1342267208542650370,negative,0.055789284994487286
1342267209901617158,negative,2.4588603571817118e-05
1342267212174909440,negative,0.06971882956955408
1342267219452030977,negative,0.055789284994487286
1342267241010765824,negative,0.2546916305421647
1342267250674462720,negative,0.24727681079373087
1342267251903356928,neutral,0.4377896312766332
1342267855778312192,negative,0.19108439194729623
1342267857191763970,negative,0.001971885861039542
1342267861851627521,negative,0.004849585118641502
1342267868038242306,negative,0.00020595123189612056
1342267869682421760,negative,0.008787525787110336
1342267879660642315,negative,0.0019507668272943425
1342267884094033931,negative,0.11718391930367769
1342267887441084417,negative,0.016427604373005056
1342267930835349504,negative,0.016427604373005056
1342267933104418818,negative,0.2629948185528109
1342267940696166400,neutral,0.585573780420473
1342267941212057600,negative,0.16600648942852345
1342267944181628937,positive,0.8346946448167424
1342267960132591616,negative,0.0002993059571392603
1342267962334568448,negative,0.00015900178216507563
1342267978994372608,negative,0.015387137779588889
1342267985419972608,negative,0.004486543477857822
1342267987395555330,negative,0.1518712703870652
1342267998531416064,negative,0.12680141521862054
1342268005267419136,negative,0.008787525787110336
1342268005301030914,negative,0.047343125308005815
1342268008819920896,negative,0.001488730077056997
1342268014750793734,negative,3.871591090196225e-05
1342268020475842560,negative,0.00035109213224065035
1342268028965302274,negative,0.00041846516501424123
1342268029967749120,negative,0.012733965306920133
1342268041816637440,negative,0.1387688413340769
1342268047776735233,negative,0.016427604373005056
1342268058149257216,negative,0.012733965306920133
1342268058228961284,negative,0.3110259487239704
1342268068060229633,negative,0.0008267954719950296
1342268071608782848,negative,4.169592344417767e-05
1342268075245252609,negative,0.00026212716050508526
1342268075387850752,negative,0.016427604373005056
1342268090994860032,negative,0.008787525787110336
1342268094899752967,negative,0.003015704129936112
1342268104987062273,negative,0.2843411777631737
1342268110397726726,negative,0.0005572030537196308
1342268113266618368,negative,0.016427604373005056
1342268120854097923,negative,0.001505159938557462
1342268124796768256,negative,0.016427604373005056
1342268125581107202,positive,0.926336084760933
1342268141582356481,negative,0.2546916305421647
1342268143465590785,positive,0.9997030315236222
1342268146556821505,negative,3.1593068143893205e-05
1342268148150661120,neutral,0.6149732941538079
1342268148255514624,negative,0.021300479703945108
1342268158191800320,negative,0.003015704129936112
1342268161605955586,negative,0.21901725198202554
1342268163183030273,negative,0.016427604373005056
1342268169805680641,negative,0.00013376349441148654
1342268183978381320,neutral,0.3751367439857412
1342268184095838209,negative,6.163191957029068e-05
1342268192526360576,negative,0.09039445983221202
1342268210641592328,negative,5.778769624960695e-06
1342268215360106499,negative,0.0040069841903250525
1342268217725693953,negative,0.14132013971068658
1342268223866040321,negative,0.0001762537401589636
1342268226542170112,neutral,0.6489077768764223
1342268230002503680,positive,0.9997435592868792
1342268230149300225,negative,0.016427604373005056
1342268240706330624,negative,0.016917380996999163
1342268249006878721,negative,0.055789284994487286
1342268257714245632,negative,0.2546916305421647
1342268272343982092,negative,0.008787525787110336
1342268273505820673,neutral,0.6200590102455651
1342268278912262144,negative,0.002637465350149439
1342268284016742400,negative,0.027065723517540406
1342268290593415168,negative,0.016427604373005056
1342268304208101377,negative,9.015662714772913e-06
1342268309660700679,positive,0.9997030315236222
1342268312575733760,negative,6.400124612413976e-05
1342268325141757954,negative,0.02180585521313261
1342268334511894529,negative,0.003015704129936112
1342268347304579072,neutral,0.538534021439209
1342268351905738752,negative,0.026610874001921272
1342268355366027266,negative,0.019082453908448597
1342268361955270657,negative,0.016427604373005056
1342268363616247809,neutral,0.4377896312766332
1342268364895506435,negative,0.0040069841903250525
1342268370134200322,negative,0.00041846516501424123
1342268379797843969,negative,0.003015704129936112
1342268387406262273,negative,0.0040069841903250525
1342268391697117185,negative,0.00024919430628414675
1342268403294339073,negative,0.012733965306920133
1342268413280980992,negative,0.0004036356967443948
1342268419920568324,negative,0.18795859623648656
1342268421443121152,negative,0.3124922597217575
1342268422940405764,negative,0.016427604373005056
1342268427285782528,negative,0.016427604373005056
1342268428506312707,negative,0.003015704129936112
1342268452166381574,positive,0.9997435592868792
1342268453546295303,negative,0.055789284994487286
1342268464753487879,positive,0.9755142640406935
1342268466372489217,negative,0.2546916305421647
1342268469706977283,negative,0.276073478997693
1342268477495791618,negative,0.0040069841903250525
1342268491706085376,negative,0.016427604373005056
1342268525205970947,negative,0.055789284994487286
1342268526476800003,positive,0.9999943962818755
1342268527277977600,negative,2.8779153629322903e-05
1342268532139167744,negative,0.008787525787110336
1342268535574306821,positive,0.9997030315236222
1342268541626679297,neutral,0.4377896312766332
1342268549298065408,negative,0.21901725198202554
1342268559817400322,negative,0.003015704129936112
1342268559846756354,neutral,0.6149732941538079
1342268560937111552,neutral,0.3751367439857412
1342268565026648067,positive,0.9997030315236222
1342268572756815873,negative,0.04727470908424246
1342268583108354056,positive,0.9997030315236222
1342268585931059202,neutral,0.3805279609535717
1342268590565830656,negative,0.2546916305421647
1342268591337570304,neutral,0.49789225920557484
1342268599495512065,negative,0.02060656958112189
1342268600187547654,negative,0.12703271384507175
1342268601437401092,negative,0.016427604373005056
1342268604461555715,negative,0.016427604373005056
1342268612686589952,neutral,0.6149732941538079
1342268619288416256,neutral,0.6200590102455651
1342268619393155072,negative,0.07114581497141423
1342268625466634241,neutral,0.4377896312766332
1342268630210211840,negative,0.0045774114226911815
1342268631133073409,negative,0.10778489572763539
1342268634396315648,negative,0.0040069841903250525
1342268643493765123,negative,0.20144887389829402
1342268643623759873,negative,0.2371931910861701
1342268660371447809,negative,0.018573049649388006
1342268673831145475,negative,0.06971882956955408
1342268676989476864,neutral,0.43922543291213734
1342268678042251272,negative,0.2952670469106533
1342268680030351360,negative,0.0011338276740030504
1342268682328801281,negative,0.026610874001921272
1342268690495115269,positive,0.9997030315236222
1342268700066525184,negative,0.017469016829894428
1342268707410747392,negative,0.3110259487239704
1342268721600073728,negative,0.003015704129936112
1342268746572947461,negative,0.28854426538347494
1342268750553354242,negative,0.016427604373005056
1342268752621146113,negative,0.0001250477053613635
1342268756718989312,negative,0.0005813593386353804
1342268761596862465,positive,0.8890392751192159
1342268762045689863,negative,0.001081373921693684
1342268793771405312,positive,0.9999943962818755
1342268797953191937,negative,0.053413796531872476
1342268811895074816,neutral,0.604104050835913
1342268812482195458,negative,0.2546916305421647
1342268822913503232,neutral,0.5663226766955357
1342268822934327297,neutral,0.4507454498615163
1342268822976249857,negative,1.853442485251082e-05
1342268823009816577,negative,0.014511218469735824
1342268823018192896,neutral,0.40346395014104125
1342268823026593792,negative,1.301914434060691e-05
1342268823123083265,negative,0.07424162207637924
1342268825522352128,negative,0.003015704129936112
1342268830907822080,negative,0.055789284994487286
1342268831608270855,negative,9.260267219914619e-05
1342268831847358466,negative,0.037186970981194216
1342268834842095616,negative,0.016427604373005056
1342268838524510208,negative,0.09039445983221202
1342268839220932608,negative,0.0002866515450875802
1342268839761997826,negative,0.016427604373005056
1342268839762006019,negative,0.2546916305421647
1342268847253028864,negative,0.008787525787110336
1342268853431185410,negative,0.008787525787110336
1342268858724470785,negative,0.28617978763691837
1342268862050537472,negative,0.0040069841903250525
1342268864537747456,negative,0.020754910799789382
1342268870753738753,negative,0.0001762537401589636
1342268871718412288,negative,1.6775384511649633e-06
1342268872238522371,negative,0.0045774114226911815
1342268883210743808,negative,0.0001666297459904521
1342268885488328714,negative,0.0023557301594263275
1342268890789904389,neutral,0.3946660906568613
1342268892467634177,negative,0.00011285656172668271
1342268902303268864,negative,0.00014898306801054982
1342268927657857031,negative,0.0040069841903250525
1342268945525518337,neutral,0.4106275248706018
1342268958897012736,negative,0.01094229238514286
1342268959962361856,negative,0.016427604373005056
1342268964701921286,negative,0.03652395343778157
1342268969391108098,negative,0.3124922597217575
1342268970066268160,negative,0.02332546628816727
1342268981764370439,negative,0.016427604373005056
1342268986621370368,neutral,0.6149732941538079
1342268988282253315,negative,0.0011239300153703697
1342268988676591619,negative,0.007263785020878081
1342268995395866626,negative,0.06177243257141306
1342268995421020165,negative,7.134014269688323e-05
1342268998264758272,negative,0.00041846516501424123
1342268998902304770,negative,0.012998981990223304
1342268999288160261,negative,0.016427604373005056
1342269009471877123,negative,0.02704047989259888
1342269018862972929,negative,0.18258183392746283
1342269031362027520,negative,0.0040069841903250525
1342269040107028480,negative,0.04738765048957709
1342269045777838081,negative,0.003015704129936112
1342269060969615362,negative,0.3044499407101142
1342269064941621248,negative,0.006436593335320116
1342269068913610756,negative,0.012733965306920133
1342269071283400705,negative,0.014541756000355508
1342269075314135045,negative,0.007263785020878081
1342269075532214272,negative,0.3110259487239704
1342269077130260485,negative,0.12806381259424787
1342269077826506752,negative,0.002068329949768524
1342269082524123136,negative,0.016427604373005056
1342269095761350672,negative,0.06156100502183778
1342269105735348224,positive,0.9833647111119659
1342269107484438529,negative,0.09039445983221202
1342269113448734725,negative,0.0040069841903250525
1342269113574580227,negative,0.008787525787110336
1342269114606358529,negative,1.608128209329563e-12
1342269127143129089,negative,0.03471111109333762
1342269130142056452,negative,0.0004036356967443948
1342269133002575872,negative,0.0002883326819746627
1342269135993057281,negative,7.341424226393705e-05
1342269139965120513,negative,0.2546916305421647
1342269158600413184,negative,0.008787525787110336
1342269162178170880,negative,0.007779947553287748
1342269174731698176,negative,0.00021739095827788432
1342269180188487686,negative,0.008787525787110336
1342269180217880576,neutral,0.6094307531614059
1342269202271522817,negative,0.007014086167586614
1342269204846809089,neutral,0.48728019602140255
1342269210727215105,negative,0.004189525982553421
1342269210962046976,negative,2.1426623320875076e-05
1342269216775352320,negative,0.14132013971068658
1342269218541199361,negative,0.012733965306920133
1342269223461072896,negative,0.016427604373005056
1342269227688980480,negative,0.012868173825523369
1342269241865740289,negative,0.008467853842552941
1342269255681773568,negative,0.2546916305421647
1342269263013437441,negative,0.2182817231767127
1342269275986415619,neutral,0.6149732941538079
1342269280407216130,negative,0.0001762537401589636
1342269282860863490,negative,4.367182455755728e-06
1342269292050604034,negative,0.0004055366124332902
1342269293677969409,neutral,0.3933207395559069
1342269296219717632,negative,0.020754910799789382
1342269296584646657,negative,1.2557434912870591e-05
1342269302074994688,negative,0.016427604373005056
1342269314326548480,negative,3.2446651587767156e-07
1342269314817282054,negative,0.009979920769242779
1342269326238351361,negative,0.06060442316497629
1342269326443696129,negative,0.00019601486777518255
1342269335725740033,negative,0.1888305519202755
1342269345733500936,positive,0.9997030315236222
1342269359339663360,negative,0.04330466976587836
1342269359956353024,negative,0.09207933964876301
1342269361407582209,neutral,0.6489077768764223
1342269383725494273,neutral,0.48728019602140255
1342269387785572354,positive,0.9997030315236222
1342269388641210369,negative,0.0053629330861189655
1342269398032248832,negative,0.004189694786490711
1342269406475382788,negative,0.0011239300153703697
1342269407872102400,negative,0.003015704129936112
1342269417460264960,negative,0.016917380996999163
1342269421935603712,negative,0.003767964483906413
1342269422531182595,negative,0.00021739095827788432
1342269427476152320,negative,0.21901725198202554
1342269436477272064,negative,0.016427604373005056
1342269440499589122,negative,0.0025552694948757755
1342269443032842240,negative,7.4440592841841345e-06
1342269444324814850,negative,0.16600648942852345
1342269448519110657,neutral,0.6149732941538079
1342269449534103553,positive,0.9997030315236222
1342269456890941446,negative,0.00024190664074364798
1342269464059015168,negative,8.226678913312944e-05
1342269471034114048,neutral,0.6149732941538079
1342269476998434818,negative,0.0053629330861189655
1342269477610786819,negative,0.018573049649388006
1342269491825278976,neutral,0.6149732941538079
1342269494807437312,neutral,0.5630410866502906
1342269498334867456,negative,0.008787525787110336
1342269498993344512,neutral,0.48728019602140255
1342269499702210560,negative,0.012733965306920133
1342269506912215040,negative,0.048416641996340284
1342269521940373514,neutral,0.5130605840822943
1342269522351419392,negative,0.020754910799789382
1342269523274170370,negative,0.055789284994487286
1342269524024946688,negative,0.016427604373005056
1342269539552268294,positive,0.9064652470667833
1342269543784337411,negative,0.014937991048139743
1342269555910049794,negative,0.009489210518974367
1342269556031688704,negative,0.28617978763691837
1342269557914939393,negative,0.00014277480315450913
1342269560205029378,negative,0.0014045648629320883
1342269560297295873,negative,0.1348771542549574
1342269560632844288,positive,0.9997435592868792
1342269563598229508,negative,0.2546916305421647
1342269573425459200,negative,0.16727301820128387
1342269576281808896,negative,0.003015704129936112
1342269581780348928,negative,0.06255531320512622
1342269584087375872,neutral,0.6149732941538079
1342269593268736005,negative,0.028618629179294544
1342269595994836992,negative,0.3237843866812601
1342269612080181249,negative,0.016427604373005056
1342269617474035714,negative,0.011724737227430823
1342269619529256961,negative,0.012733965306920133
1342269626810560513,negative,0.0002111298390665403
1342269642237222912,negative,0.016427604373005056
1342269649099124737,negative,0.24727681079373087
1342269650437083139,negative,0.00026212716050508526
1342269651389210626,negative,7.917019600737946e-05
1342269658414641152,negative,0.04554064740954173
1342269661287735296,positive,0.9997030315236222
1342269665784066049,negative,0.13465233254978673
1342269666379636736,neutral,0.4377896312766332
1342269667885404168,negative,0.016427604373005056
1342269675317702668,negative,0.012733965306920133
1342269684037595142,negative,3.324852426155365e-05
1342269687900622851,positive,0.9997030315236222
1342269693692928001,negative,0.06608636507632773
1342269695261609994,negative,0.02051743742150861
1342269697467830273,negative,0.0002795767777636618
1342269698478661634,negative,0.0004036356967443948
1342269700298973186,negative,0.0002268256957532265
1342269706309427200,negative,0.016427604373005056
1342269707903242241,neutral,0.6149732941538079
1342269721853497345,negative,0.016427604373005056
1342269733777907712,negative,0.003015704129936112
1342269738639118339,negative,5.949240747190416e-05
1342269741495443456,negative,0.06608636507632773
1342269741638029316,negative,0.0053629330861189655
1342269742556590080,negative,0.005900844668155155
1342269742757912576,negative,0.11930461592587402
1342269752631296000,negative,0.2546916305421647
1342269756397789184,negative,0.09791573991357551
1342269767533670401,negative,1.5211905614125704e-07
1342269773489569793,negative,0.016427604373005056
1342269779374202881,negative,0.02425953193691599
1342269785963429890,neutral,0.4434191688350768
1342269794985381889,negative,0.2546916305421647
1342269800270221316,negative,0.08244130604841422
1342269802509963265,negative,0.016427604373005056
1342269806175789057,negative,0.08461002237616808
1342269813587128320,negative,8.990439000731215e-08
1342269813968670721,negative,0.24727681079373087
1342269814983843841,negative,0.06260213161240177
1342269818444140544,negative,0.008787525787110336
1342269823003336704,negative,0.011848298363058563
1342269828485292033,negative,5.6882916152088885e-06
1342269828774694914,negative,0.009350592657403949
1342269847112216581,negative,0.0008267954719950296
1342269857572802560,neutral,0.49789225920557484
1342269881010544640,negative,0.00015372411518675786
1342269885376823296,negative,0.008787525787110336
1342269887343972354,negative,0.0040069841903250525
1342269890808451074,negative,3.615760479182449e-06
1342269901831073793,negative,0.0014607405543897007
1342269907204001792,negative,0.18615235263704552
1342269919178723331,positive,0.9997435592868792
1342269939739189248,negative,0.005924989400574274
1342269954515722241,negative,0.001969616809179983
1342269961373442048,negative,0.016427604373005056
1342269970248589313,positive,0.9997435592868792
1342269974333837313,negative,0.002929973735659627
1342269987818528769,negative,0.0011239300153703697
1342269989265534977,negative,0.07575627763019398
1342269991975055361,negative,0.003015704129936112
1342269992046383104,positive,0.9997030315236222
1342269993547935744,negative,1.9169120564227966e-05
1342270002217553920,neutral,0.4692048962664007
1342270005816291330,negative,0.14132013971068658
1342270006302826497,neutral,0.4407197698842524
1342270012590055431,positive,0.9997030315236222
1342270013043077120,negative,0.010464677177596353
1342270014175522818,negative,0.2546916305421647
1342270025009389568,negative,0.2546916305421647
1342270030763995139,neutral,0.4377896312766332
1342270046668812288,negative,0.012733965306920133
1342270047025246210,negative,0.011724737227430823
1342270055485157378,negative,0.003015704129936112
1342270058207145984,negative,0.021919009534272737
1342270058354143232,negative,0.0040069841903250525
1342270074330243072,negative,0.012733965306920133
1342270077924749315,negative,0.004849585118641502
1342270081179508740,neutral,0.62977794906261
1342270089173884929,negative,0.0013774359200638977
1342270089966485505,negative,0.0017044172427548743
1342270093624012800,negative,0.016427604373005056
1342270094500655110,neutral,0.5538565129420101
1342270100339093504,negative,0.11619948362835777
1342270106739634178,negative,0.016427604373005056
1342270112108326912,negative,0.008787525787110336
1342270125400092674,negative,0.001968655386118708
1342270130575859713,negative,6.614124272452161e-14
1342270135084711937,negative,0.03498502085633445
1342270145503383552,negative,0.02180585521313261
1342270147038507009,negative,0.0008267954719950296
1342270147252383744,negative,5.4932282845797905e-06
1342270150200979458,negative,0.16107647060190378
1342270150498783234,negative,0.002358526504044193
1342270158644137993,negative,0.3155440437366068
1342270171407384576,negative,0.02735829648386518
1342270190692806657,negative,0.09039445983221202
1342270192349573121,negative,0.0040069841903250525
1342270195394555905,negative,0.016427604373005056
1342270200708784129,negative,0.1911461715791011
1342270223009906688,negative,5.4932282845797905e-06
1342270223664214016,negative,0.03636974348921977
1342270228856778754,negative,0.0004055366124332902
1342270239950708736,neutral,0.6149732941538079
1342270245394898950,negative,0.002911858949305761
1342270247328509958,negative,0.0697167231797216
1342270247836016642,negative,0.011724737227430823
1342270250763624449,negative,0.0697167231797216
1342270259965865984,negative,0.008787525787110336
1342270266790055937,negative,0.020754910799789382
1342270269138857985,negative,0.016427604373005056
1342270278202781697,neutral,0.5212414421113344
1342270292756992001,negative,0.0001764773652054834
1342270293419700225,negative,9.75487262338546e-10
1342270296989065221,negative,0.055789284994487286
1342270302043197440,negative,0.18258183392746283
1342270307978117126,negative,0.3237843866812601
1342270308565323778,negative,0.001689958226351278
1342270317419507713,negative,0.2382957487737565
1342270318774255617,negative,0.003015704129936112
1342270322268106753,negative,0.07316700471368394
1342270332175085570,negative,0.2546916305421647
1342270333055770625,negative,0.2356663253618434
1342270346595094532,negative,0.2546916305421647
1342270346959925250,negative,0.012733965306920133
1342270356871122944,negative,0.008787525787110336
1342270361417748480,negative,0.016427604373005056
1342270364894650368,negative,0.0021711828321665616
1342270366887112704,negative,0.011490498656006584
1342270382892601344,negative,0.016427604373005056
1342270384482213891,negative,0.2416797357413767
1342270397094486017,positive,0.9997435592868792
1342270399451721730,negative,0.0002836830324118808
1342270404300337152,negative,0.0040069841903250525
1342270422239293442,negative,0.02402636764454991
1342270426362351619,negative,0.03779969631447591
1342270427318652933,negative,0.07881887729764962
1342270446767636482,negative,0.012868173825523369
1342270457437941760,negative,0.011490498656006584
1342270469223763968,negative,0.001723652270615536
1342270471824408578,negative,0.0014987059795185237
1342270483216130049,negative,0.036124091189485924
1342270501935263744,negative,5.897414481713639e-06
1342270503004889088,negative,0.0008267954719950296
1342270508142891010,positive,0.9997030315236222
1342270516888002560,negative,0.012998981990223304
1342270519895339008,negative,0.02102912786393105
1342270523649257473,positive,0.7185463970985316
1342270530670505989,neutral,0.33341057158064497
1342270533447151616,negative,0.003015704129936112
1342270537922469889,negative,0.0040069841903250525
1342270542422941698,negative,1.928143928313376e-05
1342270547833606145,negative,0.0040069841903250525
1342270548106207237,positive,0.9997435592868792
1342270549226094594,negative,0.27914078610550797
1342270558826852360,negative,0.007207008252013662
1342270573876039687,negative,0.012868173825523369
1342270577638313985,negative,0.0001762537401589636
1342270595669495808,negative,0.12703271384507175
1342270605995991048,negative,0.14132013971068658
1342270606566453250,negative,0.016217664293853656
1342270608210583554,negative,0.002779718870933356
1342270619925311488,negative,0.020754910799789382
1342270622307676166,neutral,0.5031056611348977
1342270624408940545,negative,0.12343091227518442
1342270651999133699,negative,0.016427604373005056
1342270659246886920,negative,0.016427604373005056
1342270663315386368,negative,0.003015704129936112
1342270665639002112,negative,0.27356677431245446
1342270667954204673,neutral,0.6149732941538079
1342270668679880714,negative,5.24622438242753e-12
1342270682927923200,negative,0.276073478997693
1342270682995052545,negative,0.003015704129936112
1342270685851344898,neutral,0.6149732941538079
1342270692407042048,negative,0.11539593029236944
1342270695817011201,negative,0.059925496484260696
1342270701571608578,negative,0.03498502085633445
1342270709393993729,negative,0.0040069841903250525
1342270712275488768,negative,0.0040069841903250525
1342270712468353024,negative,0.2546916305421647
1342270716578697216,neutral,0.6149732941538079
1342270719208554496,negative,0.12703271384507175
1342270720580182017,negative,0.003015704129936112
1342270731158237185,neutral,0.5426596473129269
1342270747784454145,negative,0.016427604373005056
1342270749382422528,negative,0.016427604373005056
1342270749990506496,negative,0.0009390832590088655
1342270767967432711,negative,0.0017829997280767178
1342270769506738176,negative,0.01799932527748097
1342270774560903169,negative,0.02402636764454991
1342270788431470594,negative,0.01799932527748097
1342270797667295232,negative,0.2416797357413767
1342270798451638272,neutral,0.47899764479002754
1342270798648799232,negative,0.011848298363058563
1342270800049676290,negative,0.2416797357413767
1342270800829812740,neutral,0.47899764479002754
1342270801639337984,negative,0.0009928758205443482
1342270824749932545,negative,0.01012784853806569
1342270837169205249,positive,0.9997030315236222
1342270837601267714,negative,0.008787525787110336
1342270838897319943,negative,0.017850655606045762
1342270847780872200,negative,0.0005760498126914107
1342270866705559556,negative,0.0001408386865515096
1342270870652407810,negative,0.008787525787110336
1342270871860338690,neutral,0.4377896312766332
1342270886427172865,negative,0.002358526504044193
1342270890189475842,negative,0.016427604373005056
1342270894639558656,neutral,0.4377896312766332
1342270897936363522,negative,0.016427604373005056
1342270899903320064,negative,7.748664041085921e-05
1342270904714338309,negative,0.01269396129273016
1342270907029532672,negative,0.007014086167586614
1342270907142860800,negative,9.568525589753019e-08
1342270925190942722,negative,0.04196251090916861
1342270927510372352,positive,0.9997030315236222
1342270928353419271,negative,0.018893359491846305
1342270931104903168,negative,0.012733965306920133
1342270934443556866,negative,0.055789284994487286
1342270937677389826,negative,0.04463397889287764
1342270948670660608,negative,0.007014086167586614
1342270949786312704,negative,0.055789284994487286
1342270950490959875,negative,0.2436381445930448
1342270959680704513,negative,0.3048132770929636
1342270967616315397,negative,5.597359294569571e-08
1342270970686550026,negative,0.008787525787110336
1342271000524812288,neutral,0.6149732941538079
1342271008275898368,negative,0.2546916305421647
1342271018090471425,negative,0.276073478997693
1342271025606774784,negative,0.022048600144058985
1342271032619634696,negative,0.012998981990223304
1342271036117704707,negative,0.20548236711928194
1342271038558785537,neutral,0.47697210391394973
1342271040433446912,negative,0.276073478997693
1342271042467860482,negative,0.14132013971068658
1342271044262883328,negative,0.00036100035252736363
1342271045408075777,neutral,0.4996434528142698
1342271046397939713,negative,0.10968432419296767
1342271046775402496,positive,0.9997030315236222
1342271055805628417,neutral,0.49789225920557484
1342271067759529984,negative,0.037186970981194216
1342271067910451200,neutral,0.6489077768764223
1342271069068132352,negative,0.012733965306920133
1342271070569713666,negative,1.6706548290977033e-14
1342271087871070209,negative,0.28221785842593594
1342271087925551105,negative,0.3104075192754546
1342271088089133056,negative,0.16600648942852345
1342271112835694592,negative,0.02402636764454991
1342271131005431809,negative,0.012733965306920133
1342271135157792768,negative,0.016427604373005056
1342271139255644161,negative,0.12206938092935711
1342271140870426625,negative,0.001968655386118708
1342271146717184001,negative,0.1888305519202755
1342271148244017153,negative,3.581796505259595e-05
1342271646552502274,negative,0.003015704129936112
1342271648641273857,negative,0.013345329180359246
1342271652407758848,negative,0.038589211447682494
1342271657398960128,negative,0.0040069841903250525
1342271661865902080,negative,0.0015540048457526117
1342271668270596097,negative,0.004849585118641502
1342271674931163136,negative,0.013329181398502072
1342271685962178561,negative,0.0040069841903250525
1342271691532201990,negative,0.28617978763691837
1342271692802953218,negative,0.07968003517333247
1342271695491633157,negative,0.0004055366124332902
1342271697702027264,negative,0.016427604373005056
1342271698956128262,negative,0.008787525787110336
1342271703662161921,negative,0.00047920728017809383
1342271707730599937,neutral,0.35252454262098076
1342271710683426818,negative,0.012733965306920133
1342271728949596160,negative,0.05154224210300992
1342271741352095744,negative,0.027346520966804556
1342271748117553155,negative,0.016427604373005056
1342271754761367552,negative,0.19000794549212835
1342271761048625154,negative,0.00042899808906632706
1342271769231695872,negative,0.16600648942852345
1342271777599320067,negative,0.17448246323826827
1342271792971452416,negative,0.0698394550668706
1342271804174434306,negative,0.012868173825523369
1342271815591276545,negative,9.855663978846624e-10
1342271817302605825,negative,0.00431241685465206
1342271829751304198,neutral,0.4377896312766332
1342271842925629440,negative,0.09673155330633289
1342271851033198593,negative,0.012733965306920133
1342271853981814784,neutral,0.4377896312766332
1342271870230519810,negative,0.008386291742570783
1342271875410513925,negative,0.1087258217104389
1342271885388746752,negative,0.0043621170301730355
1342271891889909760,negative,0.14132013971068658
1342271894217699330,negative,4.0425045801157646e-07
1342271896046481411,negative,0.16600648942852345
1342271897149517824,neutral,0.47697210391394973
1342271899125108736,negative,0.02632292475533522
1342271915516440577,negative,0.26938722471602494
1342271919597486080,negative,6.559640021830889e-05
1342271926631333894,negative,0.06702207551961992
1342271930452336645,negative,0.023623667213297703
1342271933090566147,negative,0.016427604373005056
1342271944985636866,negative,0.23685619075805428
1342271953898450944,negative,0.012733965306920133
1342271954087194625,negative,0.03171493986472626
1342271954997411840,negative,0.008787525787110336
1342271963566383105,negative,0.007014086167586614
1342271988677697536,negative,0.016427604373005056
1342271991240404992,negative,0.038589211447682494
1342271999377350661,negative,0.0003757064894245764
1342272002812502016,negative,0.0003757064894245764
1342272006658600960,negative,6.12098369785676e-06
1342272006977421315,negative,0.018893359491846305
1342272012044169216,negative,6.12098369785676e-06
1342272012685889537,negative,0.0698394550668706
1342272013503782914,negative,0.2546916305421647
1342272016670322688,negative,0.2876991031940915
1342272032554287106,negative,0.001363332654515646
1342272048094093312,negative,0.0013774359200638977
1342272051625783302,neutral,0.4194381844069829
1342272052905041920,negative,0.0004546634713262124
1342272054184304640,negative,0.04926373666269277
1342272058118598663,negative,6.12098369785676e-06
1342272069845848064,positive,0.9997030315236222
1342272069862494208,negative,0.14132013971068658
1342272083204694016,negative,0.012998981990223304
1342272094189596679,negative,0.00011100094270123167
1342272095112351746,negative,0.002637465350149439
1342272098203537412,negative,0.0040069841903250525
1342272126896795650,negative,0.06702207551961992
1342272130168336386,positive,0.9313240156554826
1342272138938642432,negative,6.12098369785676e-06
1342272144743559168,negative,0.016427604373005056
1342272150829477888,negative,0.03636974348921977
1342272151345356802,negative,0.0698394550668706
1342272167648616450,negative,0.016427604373005056
1342272172237139970,negative,0.0698394550668706
1342272173306736640,negative,0.07655625283449657
1342272180160241665,negative,0.0004055366124332902
1342272183981244422,negative,0.1032408911901682
1342272190574637059,negative,0.016427604373005056
1342272198711640064,negative,0.012733965306920133
1342272208962465793,neutral,0.6149732941538079
1342272212871610368,negative,0.07597789540944987
1342272218324230144,neutral,0.6149732941538079
1342272220853391361,positive,0.9997030315236222
1342272221558013954,neutral,0.4377896312766332
1342272256223944707,negative,0.0040069841903250525
1342272257859723264,negative,0.11718391930367769
1342272268458725376,negative,0.003227254689728775
1342272270530736128,negative,0.02402875612375577
1342272279774957568,positive,0.9997030315236222
1342272284560678912,negative,0.04738765048957709
1342272285940604936,negative,0.001976976925638648
1342272295553921025,neutral,0.437369725752128
1342272305720930309,negative,1.3442670662894272e-05
1342272322531708928,negative,0.3110259487239704
1342272323966164993,negative,0.008787525787110336
1342272326788927490,negative,0.016427604373005056
1342272327027929088,negative,0.09626807009615371
1342272328663760897,negative,0.0001875622970366717
1342272331524288515,negative,0.007014086167586614
1342272333491400705,negative,0.2546916305421647
1342272334732865537,negative,6.12098369785676e-06
1342272337283047424,neutral,0.6149732941538079
1342272343566118912,negative,0.003015704129936112
1342272348179804160,negative,0.024769145499666724
1342272349551407105,negative,0.007779947553287748
1342272351275282438,negative,0.15584483560852982
1342272357747056645,positive,0.8649373711947628
1342272358246207488,negative,0.13427707006181466
1342272360217522176,negative,0.011890032398355005
1342272364751572993,negative,0.21901725198202554
1342272382245998593,negative,0.0040069841903250525
1342272385085530112,negative,1.559766524583614e-11
1342272386431913985,negative,0.09626807009615371
1342272388864610307,negative,0.0040069841903250525
1342272392702423042,negative,3.772722935277406e-09
1342272400579293189,negative,0.0012105565700588539
1342272400675770371,negative,3.6836829042552664e-05
1342272423161454597,negative,0.0698394550668706
1342272433240342528,positive,0.9622967245389473
1342272435727572993,neutral,0.4662169283079212
1342272456514564098,positive,0.9997435592868792
1342272457814798337,negative,0.016427604373005056
1342272479725826048,positive,0.9997030315236222
1342272482473029634,negative,0.2546916305421647
1342272485472010241,negative,0.0012105565700588539
1342272488403828737,negative,0.0030537063423960193
1342272493642522626,negative,0.012733965306920133
1342272493747376135,positive,0.7963028829565129
1342272501598994432,negative,0.0001762537401589636
1342272502924533760,negative,1.675236196412584e-06
1342272512412024833,negative,0.016427604373005056
1342272549934272515,negative,0.17703999840965284
1342272551779758080,negative,0.08278243004002923
1342272559090458631,negative,0.016427604373005056
1342272563012132864,negative,0.2546916305421647
1342272564287172608,negative,0.016427604373005056
1342272566510157824,negative,0.030121611117897653
1342272569425199104,negative,0.007014086167586614
1342272576328970240,negative,0.012733965306920133
1342272578753359873,negative,0.055789284994487286
1342272585719898114,neutral,0.49789225920557484
1342272593676689408,negative,4.8715020862152314e-05
1342272599343194115,negative,0.03636974348921977
1342272604623818752,negative,0.0040069841903250525
1342272606779498496,negative,0.09626807009615371
1342272608004431873,negative,0.010369120915481459
1342272610017673217,positive,0.9997030315236222
1342272623472857088,negative,0.005778332386241257
1342272633522544640,negative,0.0015388340416575435
1342272639780454402,negative,0.2546916305421647
1342272645778333697,negative,6.12098369785676e-06
1342272655865634816,negative,6.12098369785676e-06
1342272680230330368,negative,0.008787525787110336
1342272689831088133,negative,0.09087280996118899
1342272698186158080,negative,0.00044786703488426
1342272733481152513,negative,0.012733965306920133
1342272748974993408,neutral,0.3351866397691201
1342272753039273990,negative,0.0009508800596566658
1342272756109488128,negative,5.777158588465489e-06
1342272765315969025,negative,0.11884230089518945
1342272770072309762,negative,0.016427604373005056
1342272772165300226,negative,0.003451642450892069
1342272772546949121,negative,0.0005598988971493679
1342272780184793088,neutral,0.6149732941538079
1342272786987937792,negative,0.09053444527312877
1342272788330139653,negative,0.013073396918463352
1342272791245164544,negative,0.016427604373005056
1342272793036124161,neutral,0.6149732941538079
1342272793887584260,negative,0.012733965306920133
1342272796232196098,negative,0.0029694655467261966
1342272799969308674,negative,0.158262620296132
1342272800082579456,negative,0.012733965306920133
1342272800426516480,negative,0.016427604373005056
1342272824283717636,negative,0.3155440437366068
1342272826456334339,negative,0.16600648942852345
1342272828872269825,negative,0.0698394550668706
1342272828947759106,neutral,0.46511884455441777
1342272839848779782,negative,0.028618629179294544
1342272844261187585,negative,0.016427604373005056
1342272858022666246,negative,0.014565115586616488
1342272877593288704,neutral,0.6149732941538079
1342272881913421824,negative,0.003015704129936112
1342272895104512000,negative,0.01626701394179813
1342272902771712007,negative,0.0040069841903250525
1342272907075072000,negative,6.12098369785676e-06
1342272912078811138,negative,0.012060226302274922
1342272915820191747,negative,0.050554121274946164
1342272917963485186,negative,0.2546916305421647
1342272921746681857,negative,0.007779947553287748
1342272923604819969,neutral,0.46127768308170247
1342272927375491074,negative,0.0061099079897417126
1342272943238377473,negative,6.12098369785676e-06
1342272944844795904,negative,4.3747377623621356e-08
1342272947193569280,positive,0.7550680163210631
1342272949928275974,negative,3.3644160199597664e-06
1342272984199913472,negative,0.0698394550668706
1342272986951385088,positive,0.9997030315236222
1342272997839810566,negative,0.0004036356967443948
1342273006710755330,negative,0.0040069841903250525
1342273009361575939,negative,0.2546916305421647
1342273037132062722,negative,0.0040069841903250525
1342273081214193665,negative,0.0004678898226418961
1342273087111385093,negative,0.016427604373005056
1342273087119765506,negative,0.003015704129936112
1342273088961060864,neutral,0.6149732941538079
1342273093860003846,positive,0.9755142640406935
1342273101158080512,negative,0.0070622827309985555
1342273104395956224,negative,0.16600648942852345
1342273117918523397,negative,6.12098369785676e-06
1342273123257888771,negative,0.008787525787110336
1342273123433984001,negative,0.11634181052154127
1342273124801376256,neutral,0.34896347909426967
1342273125086539782,negative,0.28028270996602433
1342273125371805696,negative,0.006647973409542678
1342273134217539586,negative,0.016427604373005056
1342273145261215745,negative,0.05998270778674955
1342273207613739014,negative,0.016427604373005056
1342273207886376960,negative,6.12098369785676e-06
1342273210272935937,negative,0.055789284994487286
1342273223283658754,negative,0.2546916305421647
1342273232938934274,negative,4.8715020862152314e-05
1342273235921022976,negative,0.003015704129936112
1342273247044374529,negative,0.0820652734630196
1342273256540184577,negative,0.025998733635831415
1342273258561875968,negative,0.0009364589747955697
1342273262177431552,negative,3.9688693741806244e-07
1342273279428620290,negative,2.279561882220058e-15
1342273281072762885,negative,0.01691962482615657
1342273282410762240,negative,0.11641522218389448
1342273283262214145,positive,0.9997030315236222
1342273296386191360,neutral,0.4507454498615163
1342273300861489153,negative,0.1381765409035862
1342273301691965440,negative,0.009977584194156031
1342273314753019905,negative,0.2966536826284099
1342273314807558145,negative,0.008787525787110336
1342273321237360640,negative,0.0016185627114910816
1342273324710326275,neutral,0.5892424830332477
1342273326295769088,negative,0.3155440437366068
1342273327260426241,positive,0.9997030315236222
1342273327323344897,negative,0.14132013971068658
1342273352279486464,neutral,0.4377896312766332
1342273352887517184,negative,0.025450687297185706
1342273360219287552,negative,0.00041846516501424123
1342273367748059136,negative,0.0040069841903250525
1342273369094414337,neutral,0.35252454262098076
1342273372516986881,negative,0.06702207551961992
1342273383086641152,negative,0.2546916305421647
1342273383409594374,positive,0.9997030315236222
1342273390867001344,negative,0.0005760498126914107
1342273395396894721,negative,0.21514116820854873
1342273396223188994,negative,0.008787525787110336
1342273411125555200,negative,0.09392829430891686
1342273419497385995,negative,0.10778489572763539
1342273424505380864,negative,0.1848092360068603
1342273436215861250,negative,0.003015704129936112
1342273450854010882,negative,0.0040069841903250525
1342273452678516737,negative,2.057501857023205e-08
1342273464892321794,negative,0.003015704129936112
1342273477831753728,negative,0.04463397889287764
1342273478326710273,negative,0.021300479703945108
1342273479605964800,negative,0.06702207551961992
1342273482588106752,negative,0.0018140495050505002
1342273483166916608,negative,4.349768470445038e-06
1342273491962372096,negative,0.003015704129936112
1342273494659325952,negative,0.0056369656682205855
1342273497750523904,negative,0.042542635773175
1342273505006641154,negative,0.04463397889287764
1342273514355761154,positive,0.7628351459634649
1342273520458457088,negative,0.012733965306920133
1342273526938611720,positive,0.9642739841070208
1342273528331194370,positive,0.9280265728434264
1342273532680679424,negative,0.0070622827309985555
1342273535587328003,negative,0.0053629330861189655
1342273540121391106,negative,0.007779947553287748
1342273554478485505,negative,0.016427604373005056
1342273561919160322,negative,0.007779947553287748
1342273565454983168,negative,8.721269468323858e-06
1342273581812748289,negative,0.008787525787110336
1342273584656474117,negative,0.008520554285895097
1342273597243584518,negative,0.016427604373005056
1342273608287215616,positive,0.9280265728434264
1342273616264785922,negative,0.019330799573440242
1342273625328644097,neutral,0.3794434373490297
1342273630726729728,neutral,0.48728019602140255
1342273635093000193,negative,0.0040069841903250525
1342273641996840962,negative,0.011724737227430823
1342273660552425473,negative,1.0930637694173976e-05
1342273666231521281,negative,6.12098369785676e-06
1342273667905052676,negative,0.15726933572555024
1342273674808852487,negative,0.2130738438211605
1342273695251836928,neutral,0.49789225920557484
1342273702474489857,negative,0.003015704129936112
1342273704550526976,negative,0.008787525787110336
1342273716517011457,negative,0.016427604373005056
1342273722967875593,negative,0.16600648942852345
1342273725790617610,negative,0.06702207551961992
1342273741083041802,neutral,0.39149664121879446
1342273742244892672,negative,0.02402636764454991
1342273750151147521,negative,0.000534341875661218
1342273756518100992,negative,0.14132013971068658
1342273767444246528,negative,0.21901725198202554
1342273775816089600,negative,0.2546916305421647
1342273775996432386,neutral,0.35850066466138863
1342273782535356416,negative,0.008787525787110336
1342273797697761280,positive,0.9997030315236222
1342273806715543554,positive,0.9997435592868792
1342273820338647040,negative,0.0040069841903250525
1342273826617503745,neutral,0.3384610589596961
1342273845802246145,negative,0.0040069841903250525
1342273847144415235,negative,0.012733965306920133
1342273855252017153,negative,0.016427604373005056
1342258756776730625,negative,3.854319073728357e-07
1342258756818755584,negative,0.002468104554563033
1342258756839735298,negative,0.015777282033789936
1342258756910985216,negative,8.024544839276739e-07
1342258756969750528,negative,0.007392589613022325
1342258757070245890,negative,0.16352019608485005
1342258757074444288,negative,0.016773417898746736
1342258757212880896,positive,0.8392352708531773
1342258757376602114,negative,0.03397486190009805
1342258757506625541,negative,6.127446951999826e-05
1342258757712142340,negative,0.02391033918619361
1342258757871480832,negative,1.4677571901632208e-06
1342258757942689792,negative,0.00020077504609230018
1342258758165135362,negative,0.03138867406330808
1342258758211301376,negative,2.5164346396246012e-05
1342258758383267846,negative,0.06146656234009763
1342258758546673664,positive,0.7098870550546312
1342258758794280960,negative,0.2133820728235211
1342258758865575937,negative,0.014241697192529995
1342258759004004355,negative,0.045457702325317616
1342258759209545728,negative,0.00018382513379890027
1342258759263895552,negative,0.003739184732018859
1342258759297609732,negative,0.002597161374757335
1342258759498932229,negative,0.034370665608960745
1342258759700279299,negative,0.021769890087087986
1342258759767224326,negative,0.30357216128449327
1342258759855460355,negative,0.011617495440580482
1342258759876276224,negative,0.12150269161645563
1342258760283123712,negative,4.156064751891762e-08
1342258760442646528,negative,7.771046106862263e-06
1342258760597663744,negative,0.034370665608960745
1342258760677535746,negative,0.029024320210012777
1342258760681541632,negative,0.05509771233381599
1342258760706887680,negative,2.1364162442473913e-06
1342258760765505538,negative,0.0028185750214293377
1342258760786448384,neutral,0.4842501420332348
1342258761008865283,negative,0.0004968116252969096
1342258761130528769,negative,0.0012838295954506872
1342258761210064896,negative,0.004249755678907633
1342258761239556105,negative,0.04515248762991356
1342258761306521600,negative,0.11434197397636568
1342258761495441408,negative,1.7514728024186464e-06
1342258761503797252,negative,0.00018382513379890027
1342258761562546178,negative,0.09984133623927413
1342258761746894849,positive,0.999976663537856
1342258761973448705,negative,0.010541236278912857
1342258762019708934,negative,0.00016032770209994775
1342258762485215232,negative,0.036121501353165004
1342258763055595520,negative,0.00027440798880122433
1342258763177324550,positive,0.999976663537856
1342258763357712386,negative,0.009134061611353732
1342258763374452742,negative,0.032762798571035076
1342258763454038018,neutral,0.43177481580087845
1342258763504476162,negative,0.016316666824542095
1342258763605057536,negative,0.0037016528855638667
1342258763634511872,positive,0.8878688873417128
1342258763655303168,positive,0.9925833523868826
1342258763743563776,negative,0.12336434201692902
1342258764053962756,negative,0.0018772474386443356
1342258764360024065,negative,0.0002377929131644183
1342258767577165825,negative,0.013693389405275775
1342258769242288134,negative,0.15884973808023384
1342258769993072641,positive,0.9078414350505055
1342258770068590602,negative,0.019347276497006183
1342258771683373067,negative,2.9468944106545576e-05
1342258772488511489,negative,0.00041555584833463406
1342258773818224643,negative,0.004911521286639298
1342258775437291520,negative,9.948190231384446e-05
1342258779346399239,negative,0.07409858964317478
1342258781997174784,negative,0.005845102420847042
1342258785264558080,negative,0.10335774295999144
1342258828998553600,negative,0.00015837122803427227
1342258829031948289,neutral,0.5495922250151081
1342258829480882176,negative,8.073077315193917e-06
1342258831120850945,negative,0.06487390577265591
1342258832211324929,negative,0.2887298072063797
1342258832546775040,negative,0.15628274023114563
1342258834304335874,neutral,0.47878153849390703
1342258834736349188,neutral,0.381875542748901
1342258842651004928,negative,0.00257241963751825
1342258846199406592,negative,0.001157207890719104
1342258846555729921,negative,0.04266872475827593
1342258846824345601,negative,5.001696173137159e-06
1342258847952596994,negative,1.7573967198126405e-08
1342258848896315393,negative,0.1129098058907083
1342258849017978886,positive,0.8488784103859388
1342258849273716736,negative,5.001696173137159e-06
1342258850385309699,negative,0.002856039648691844
1342258853107412994,negative,2.587499864223184e-07
1342258853262589956,negative,0.019817407866100388
1342258853728104462,negative,0.057100421758971884
1342258855061954560,negative,0.004397252297645926
1342258856035024897,negative,0.0147501555232423
1342258856332812290,negative,9.408529988076039e-05
1342258856848728065,neutral,0.608083690878011
1342258857087819778,neutral,0.5495922250151081
1342258859314982913,negative,0.03276913508687636
1342258860933963780,negative,0.0013645243781573021
1342258861181440000,positive,0.8488784103859388
1342258861386903560,negative,0.10700295468860774
1342258863140184065,negative,0.0022205530784025263
1342258863408623617,neutral,0.5100642242916251
1342258864247418882,negative,0.10404495241321535
1342258864411070467,negative,0.059151179956913824
1342258867061846018,negative,0.10258915213127627
1342258867560968193,negative,0.23043890966701627
1342258868026535937,negative,0.006090637631782576
1342258868156420097,neutral,0.3374674755446546
1342258874217357313,negative,0.2692005333108146
1342258875081383936,negative,0.00029267990461877914
1342258879145586698,negative,0.20994999651758084
1342258881490264072,negative,5.001696173137159e-06
1342258882316537856,negative,0.14143821175705878
1342258883167805442,neutral,0.3771543591091388
1342258885390958600,negative,0.0007247562489339553
1342258889752981504,negative,0.018929254882699705
1342258890034065415,negative,0.06149681658520596
1342258890134728709,negative,0.011586289605121137
1342258890377990144,negative,0.2812124665127172
1342258890717732867,neutral,0.6223614804083604
1342258892210888714,negative,7.662285329579685e-06
1342258896023531521,negative,5.001696173137159e-06
1342258899848753152,negative,0.03862794139167232
1342258901518069760,negative,0.0030969758437507508
1342258901547270144,negative,0.0002392550969991425
1342258901866176515,negative,0.0001690060164897966
1342258902856040448,negative,3.3987689312317596e-11
1342258903086579713,neutral,0.44193049347687885
1342258904865112068,negative,0.019937252458622982
1342258905087356935,negative,5.001696173137159e-06
1342258905326514184,negative,1.983232044896234e-05
1342258906517692416,neutral,0.42412859249676144
1342258907486552068,neutral,0.49789225920557484
1342258907679481857,negative,0.10404495241321535
1342258908409294848,negative,0.004797521904475676
1342258909436907521,negative,0.05879877175333563
1342258910493868033,negative,1.7166181169144825e-06
1342258910657437704,negative,7.30774934935384e-05
1342258912322580481,negative,0.015773583174067275
1342258915602526209,negative,0.09640323611645361
1342258915652857856,negative,0.23961735385746147
1342258918383349761,negative,0.016673667349931958
1342258918442094593,negative,0.016673667349931958
1342258919230631936,negative,0.1258285199032784
1342258925022961665,negative,0.2812124665127172
1342258925643689985,negative,5.001696173137159e-06
1342258927078146049,negative,0.1709013468319302
1342258927321444357,negative,0.0012445089043806013
1342258930865602562,negative,0.018871422916022975
1342258931062763526,negative,0.002745298738113449
1342258931574460416,negative,0.2875670236915853
1342258931784163334,negative,0.2875670236915853
1342258931964538880,negative,0.27538537887707226
1342258932266500097,negative,0.019937252458622982
1342258933839384578,negative,0.01876988672149047
1342258935701626880,negative,0.0007214849453806903
1342258936989294603,negative,0.0012445089043806013
1342258938553790464,negative,0.14143821175705878
1342258939539415045,negative,0.06511421047134759
1342258941368086530,negative,0.046713702602444056
1342258944085958656,negative,0.06511421047134759
1342258944505487361,negative,0.07316673351274476
1342258944518086659,negative,0.0016517701137548416
1342258946145398785,negative,0.2812124665127172
1342258946803949569,negative,0.022596186327557412
1342258947277942785,negative,0.0022511963042604975
1342258947584102406,positive,0.9998790083654926
1342258948179546115,negative,0.0009443877782714312
1342258952126525440,negative,0.2757667390683829
1342258953615519745,negative,0.016574598220885115
1342258955310030849,negative,0.005363906578824478
1342258956547272704,neutral,0.5807739315466937
1342258957004451856,negative,5.66538161702605e-07
1342258957021138946,negative,5.001696173137159e-06
1342258957033861127,negative,0.002180415577433515
1342258957503655941,negative,0.008939092690912214
1342258957671411713,negative,0.056064655995890535
1342258958711582720,negative,0.04033654456349298
1342258958837428229,negative,1.4894875044021391e-06
1342258958841622529,negative,0.019838772631721197
1342258959244267520,negative,0.15884973808023384
1342258959382687746,neutral,0.42917751334538623
1342258960628408322,neutral,0.5823770010626015
1342258963316932611,negative,0.1843111478614894
1342258964000628737,negative,0.3294808082162529
1342258964206145536,negative,0.0001747558337809917
1342258964910796802,negative,0.0012445089043806013
1342258964990480393,negative,0.004968029860804738
1342258967649595394,negative,5.001696173137159e-06
1342258967767035905,negative,5.001696173137159e-06
1342258969331589124,negative,0.005074112618273821
1342258970455642116,negative,0.0010427729243528215
1342258970799583233,negative,0.11182245947334335
1342258970824757250,negative,0.23043890966701627
1342258971705552899,negative,0.019937252458622982
1342258973223903232,negative,0.1359145349680586
1342258974146617348,negative,0.014795583018166544
1342258977032314886,negative,5.001696173137159e-06
1342258977892147201,negative,0.0016451622718037038
1342258978189959176,negative,0.0517814972521364
1342258980140306435,negative,0.00023774951444021473
1342258981042081792,negative,0.10700295468860774
1342258982128398336,negative,6.39352805179052e-05
1342258982409408513,neutral,0.5971372102662001
1342258983533424641,negative,0.03160757890143399
1342258983914987525,negative,0.0016517701137548416
1342258985513136131,negative,0.0017880157369971467
1342258985576116237,negative,0.016673667349931958
1342258987501285376,negative,0.0024838707771660247
1342258988801536000,positive,0.8507486451539977
1342258988998508544,negative,0.0029602333337327555
1342258989992652801,negative,5.001696173137159e-06
1342258991624314883,negative,0.057100421758971884
1342258993406754817,negative,6.493746629007383e-06
1342258993704673283,negative,0.05583299329353172
1342259066626826241,negative,1.8434540565772358e-05
1342259067801268240,negative,3.142822654108156e-05
1342259068124147712,negative,0.00020795587283017368
1342259068375744512,negative,0.0033913026791615804
1342259075174850561,negative,0.18522611056917807
1342259075460067330,negative,0.0010427729243528215
1342259077553008643,negative,0.004968029860804738
1342259078832168961,negative,9.948190231384446e-05
1342259079599845377,negative,0.0012445089043806013
1342259080509837313,negative,0.02506703786304369
1342259082577768448,negative,0.0016457384155850613
1342259082661666821,negative,0.11182245947334335
1342259083596935173,negative,0.07891447353958639
1342259085782220801,negative,0.2812124665127172
1342259087317344257,negative,0.2812124665127172
1342259087531257856,negative,8.793096855394131e-06
1342259089838120962,neutral,0.5495922250151081
1342259090379202562,negative,0.007321100754554976
1342259092027543552,negative,0.02329323645236039
1342259093407465472,negative,5.001696173137159e-06
1342259095890505733,negative,0.2014405002622393
1342259096800669697,negative,0.2703740357786402
1342259096989396993,negative,2.5987155852303245e-05
1342259097937313794,negative,8.999914913363231e-05
1342259104060993537,negative,0.21014392686964015
1342259106279796739,negative,0.2812124665127172
1342259106443362304,negative,0.029119707749302847
1342259109807222784,neutral,0.4108197838423586
1342259111497494529,negative,3.0074469501937965e-05
1342259117776392194,neutral,0.5392028829448096
1342259118648733698,negative,5.001696173137159e-06
1342259118669758467,negative,5.001696173137159e-06
1342259120678776832,neutral,0.5581166897915033
1342259121672826880,negative,0.0010427729243528215
1342259121714769925,negative,5.001696173137159e-06
1342259122855698434,positive,0.9364944577330723
1342259123795210253,neutral,0.4185001873638765
1342259124201992192,negative,0.015025857619948757
1342259124394930176,negative,0.045675120571913495
1342259125380665349,negative,0.0002392550969991425
1342259129939873798,positive,0.8511011330984389
1342259130069884928,neutral,0.42076888431135534
1342259130258628609,negative,3.743290767847059e-09
1342259131625971712,negative,0.13506497427787842
1342259132028641287,negative,5.001696173137159e-06
1342259133236523012,negative,0.1702822805689721
1342259134180241408,negative,0.05664035122170416
1342259135409250306,negative,0.002180415577433515
1342259135996432384,negative,0.001221816988905357
1342259138466885637,negative,0.27538537887707226
1342259139720978434,negative,0.23840201233774957
1342259140115263493,negative,5.001696173137159e-06
1342259141025411072,negative,0.07294918075471754
1342259141189005321,negative,0.0005520065288040503
1342259142233378817,positive,0.7082001759963634
1342259143122558976,negative,0.2812124665127172
1342259143936274434,negative,0.0009474209136097693
1342259144158568449,negative,0.2692005333108146
1342259144175329280,negative,5.664689077722939e-09
1342259144301174785,negative,7.30774934935384e-05
1342259145227948032,negative,9.948190231384446e-05
1342259145618190336,negative,5.001696173137159e-06
1342259147237163012,negative,1.7539215977839775e-05
1342259147274936327,negative,0.000511337945940719
1342259147920826368,negative,0.03883670267353892
1342259148495482882,negative,6.790671182249366e-06
1342259148650639361,negative,0.2692005333108146
1342259149296566274,negative,0.006090637631782576
1342259149330149378,negative,5.001696173137159e-06
1342259149409669121,negative,0.0023741278137365917
1342259150445817856,neutral,0.5495922250151081
1342259152509427713,negative,5.001696173137159e-06
1342259152681377792,negative,1.7693529206970863e-05
1342259153100800003,negative,5.001696173137159e-06
1342259157223809026,negative,0.006643168647986946
1342259157844570112,negative,0.0002392550969991425
1342259159765540866,positive,0.9319808485718218
1342259164203134976,negative,9.948190231384446e-05
1342259165528547328,negative,8.515087045096324e-06
1342259165809487872,negative,0.00013193739814961717
1342259166061211650,negative,0.008657110224455002
1342259168028319750,negative,3.957349991212548e-05
1342259168091107329,negative,8.515087045096324e-06
1342259169404071937,neutral,0.4006407711848634
1342259169626378249,neutral,0.42917751334538623
1342259169945124885,negative,0.2042517137896546
1342259173271203841,negative,0.0004760529356788509
1342259173342531584,negative,0.05249529476884624
1342259174776864768,negative,5.304206422574919e-05
1342259175318056962,negative,0.030893517692509035
1342259175523495944,neutral,0.37728456260251136
1342259176899112966,negative,0.002705233447326724
1342259178316955649,negative,0.10440416148123748
1342259178350505984,negative,0.0002147295060475801
1342259179583643648,negative,8.25498767216588e-05
1342259181215166464,negative,7.30774934935384e-05
1342259181513027590,negative,6.2321489662637135e-06
1342259186290339840,negative,0.0005944719520585221
1342259186348994563,negative,0.28065583592395604
1342259256217710594,negative,1.5984995573086456e-05
1342259256972759040,negative,0.15884973808023384
1342259257065005058,negative,0.019937252458622982
1342259257933107202,negative,0.16532172419126437
1342259258319138816,negative,0.00023699081225255492
1342259258637824004,negative,0.00508283694788516
1342259259027894279,negative,0.004551295411253584
1342259259740925955,neutral,0.381875542748901
1342259260374339585,negative,0.13625179113535912
1342259260420448258,negative,2.255244416987048e-08
1342259262056247296,negative,0.0005520065288040503
1342259263620657169,negative,5.001696173137159e-06
1342259265042587649,negative,0.01878675059222573
1342259265579442199,neutral,0.5304911588443652
1342259266393149441,negative,0.0259691225785348
1342259267600957442,negative,0.0002392550969991425
1342259268775534592,negative,8.515087045096324e-06
1342259269467578374,positive,0.6691262784899221
1342259270923018240,negative,0.26482380568087444
1342259273150177283,negative,0.10133110281711172
1342259273812889602,negative,6.256942625617613e-06
1342259275058597890,negative,3.0074469501937965e-05
1342259275322843137,negative,0.10700295468860774
1342259275544973312,neutral,0.5495922250151081
1342259277138972672,negative,0.32677508348852996
1342259280452464642,negative,0.00029267990461877914
1342259281220030464,negative,1.806670310141791e-05
1342259282079866880,positive,0.9490310129116659
1342259282650263553,negative,0.004968029860804738
1342259283988242432,negative,0.0031166758935631516
1342259284692893699,negative,5.001696173137159e-06
1342259285099753479,negative,0.05821927435516511
1342259285607256064,negative,0.008002740267951025
1342259285808525313,neutral,0.33408016559741066
1342259286509031424,neutral,0.5815253202758994
1342259289063305217,negative,0.00015803111612852443
1342259289302446082,positive,0.9194492816158538
1342259289457635339,negative,5.001696173137159e-06
1342259289583460352,negative,0.2692005333108146
1342259290912874497,negative,0.0016517701137548416
1342259293249282049,negative,1.083565925081052e-05
1342259294419476481,negative,0.15884973808023384
1342259294427901957,negative,0.0012445089043806013
1342259294708903940,negative,0.03246128932462553
1342259295308677125,negative,0.1818614332642056
1342259299981078529,negative,0.2812124665127172
1342259301021331456,negative,0.006090637631782576
1342259301293957120,negative,5.001696173137159e-06
1342259302124412935,negative,6.765333719722259e-15
1342259302229299210,negative,7.046388301970759e-10
1342259302589992960,negative,9.948190231384446e-05
1342259303827333120,negative,5.121154846943292e-07
1342259304129126400,neutral,0.49789225920557484
1342259305236598786,negative,0.035947366238731286
1342259306037731337,neutral,0.5052510391936574
1342259311561605120,negative,5.0988779856405895e-06
1342259315969847297,negative,0.03750036082964118
1342259316389244928,negative,0.05821207316525957
1342259317681119234,neutral,0.5954927525071524
1342259317806919681,neutral,0.5052510391936574
1342259318775812098,neutral,0.46862856797774255
1342259319811809281,neutral,0.49789225920557484
1342259319895715840,negative,0.19954933355709029
1342259320231063553,negative,1.5407862411351806e-06
1342259321590210561,negative,0.0012445089043806013
1342259323016269825,neutral,0.49789225920557484
1342259324517810177,negative,5.001696173137159e-06
1342259324597354496,negative,0.016574598220885115
1342259327105716231,negative,7.178066573008806e-05
1342259328431099905,negative,0.19615375075358898
1342259328489844741,neutral,0.5052510391936574
1342259328854745088,negative,0.00045310679153750594
1342259329064431620,negative,0.002096652302557571
1342259333141245957,negative,0.014849538568656992
1342259333917270017,negative,0.0002392550969991425
1342259335200714759,negative,0.017840404156025128
1342259336324800512,negative,3.792379489848801e-05
1342259342301605894,negative,0.14143821175705878
1342259343488643076,negative,0.02312814423556466
1342259344436588546,neutral,0.5775676590247948
1342259345640329217,negative,0.005690555835752746
1342259346042851328,negative,0.32677508348852996
1342259349335515136,negative,0.057100421758971884
1342259350065319944,negative,0.0009781078948601668
1342259354439979009,negative,0.003026382555154507
1342259355715043330,negative,1.6734281074416479e-10
1342259358458138625,negative,0.0005520065288040503
1342259360219738113,negative,0.015155107296918732
1342259360374906881,negative,2.1638085010080777e-15
1342259361486434307,negative,1.0740964539627796e-11
1342259362761469952,neutral,0.5175030083291732
1342259364258840578,negative,5.001696173137159e-06
1342259365055762432,negative,6.036884210988305e-06
1342259365760409601,negative,0.002745298738113449
1342259367337488384,negative,0.06487390577265591
1342259370273480704,negative,5.001696173137159e-06
1342259371250749444,negative,0.00015079217547763778
1342259371816976385,negative,0.037299954682811755
1342259442545549312,negative,0.09511819902832302
1342259443828977667,negative,5.001696173137159e-06
1342259443833180162,negative,0.05842346342651086
1342259444449751041,negative,0.016379930982224407
1342259444965634058,negative,0.0477860020712318
1342259445221482498,negative,0.03816689789504979
1342259446181998594,negative,5.001696173137159e-06
1342259446836289536,negative,0.0004615635581546248
1342259446853066757,negative,0.01013872181535658
1342259446995689472,negative,0.07997724071691029
1342259448987922432,negative,0.0002755830172568149
1342259450007203840,positive,0.9540926915988341
1342259450216919040,neutral,0.5100642242916251
1342259450883825665,negative,0.19243840666309478
1342259450913157127,negative,0.0002755830172568149
1342259451131174913,negative,0.0055966739927618536
1342259453207470081,negative,1.6421650494408953e-05
1342259459029151746,negative,0.00745757378869706
1342259462644637702,negative,0.005195130810265672
1342259463697408003,negative,0.026773813979631095
1342259464162914309,negative,0.0059286676652447945
1342259470194368513,negative,9.948190231384446e-05
1342259473302212608,negative,0.062191053680428626
1342259477630877699,negative,1.739144146434371e-06
1342259478310375428,negative,5.001696173137159e-06
1342259478889160704,negative,0.0016517701137548416
1342259479350452224,negative,5.066138631292994e-08
1342259479900004352,negative,0.0004760529356788509
1342259479904198663,negative,0.002745298738113449
1342259481447686144,negative,1.6734281074416479e-10
1342259481590321152,negative,0.15884973808023384
1342259482903027712,negative,0.006207723438479728
1342259488259272704,negative,0.09205680058539192
1342259490272501760,negative,5.001696173137159e-06
1342259490431893511,negative,0.2812124665127172
1342259490935222273,negative,2.287956231387962e-06
1342259492327718913,negative,5.001696173137159e-06
1342259495024664577,negative,0.0074035285913887795
1342259496803033091,negative,0.021625781630707195
1342259497675452422,neutral,0.6140510748078655
1342259502448586754,negative,9.948190231384446e-05
1342259504356929538,negative,5.304206422574919e-05
1342259506257010688,neutral,0.5136446707795853
1342259509666803712,negative,0.006090637631782576
1342259510921093120,negative,0.022596186327557412
1342259512053522434,negative,0.007674739381095735
1342259512594595842,negative,0.14854866857406548
1342259513991294976,negative,0.11062653628381638
1342259517107687425,negative,0.04214928017540127
1342259517145415680,negative,0.0035661614641441337
1342259518307237893,negative,0.3062692949725709
1342259518965743618,negative,0.019937252458622982
1342259520404393985,negative,7.30774934935384e-05
1342259521129951233,negative,0.004528921326541963
1342259521683644421,negative,0.2812124665127172
1342259522199576579,negative,1.1105444799032479e-06
1342259523793416193,negative,0.053554222877206736
1342259524044910592,negative,0.16532172419126437
1342259524686766089,negative,0.0004760529356788509
1342259527786221569,neutral,0.48038420429752
1342259527794765826,negative,0.0011712788980924162
1342259528172265474,neutral,0.42917751334538623
1342259528964972544,negative,1.2114501794600882e-09
1342259530441363459,negative,0.019937252458622982
1342259530672058368,neutral,0.6088991797230014
1342259533654224896,positive,0.9078414350505055
1342259535734595584,negative,0.002745298738113449
1342259537177407494,negative,0.2812124665127172
1342259537814818816,negative,0.06367858080638272
1342259537902936064,negative,0.0003239154728240111
1342259538494279680,negative,0.003026382555154507
1342259538959818752,negative,0.0004760529356788509
1342259540797104133,negative,0.00048648572059768844
1342259542168641536,negative,5.001696173137159e-06
1342259543464677376,negative,0.005452412307998213
1342259545528270848,negative,0.005488672836214202
1342259547512201228,negative,0.05879877175333563
1342259548107759616,negative,9.948190231384446e-05
1342259550209105920,negative,0.0147501555232423
1342259553203757056,negative,0.012803429536697894
1342259553723764736,negative,0.0838319641396973
1342259554394894336,negative,0.0021692285232391612
1342259555070312449,negative,0.023075944015281635
1342259555250663429,negative,3.792379489848801e-05
1342259555762368514,negative,0.013664211310064778
1342260826506452992,negative,6.570015542824694e-05
1342260827433426947,negative,0.07409858964317478
1342260827949314051,negative,0.028445528704500143
1342260829773815809,negative,0.09330070914684761
1342260838225342466,negative,2.8529599725320708e-08
1342260839701770240,neutral,0.5052510391936574
1342260841534644226,negative,0.00012417269542183928
1342260841580814336,negative,0.008657110224455002
1342260842931183616,negative,0.014009259554028944
1342260843183013890,negative,8.515087045096324e-06
1342260844692955137,negative,0.10133623508264503
1342260844986589185,negative,7.025294887343517e-11
1342260846152581125,negative,0.021832781444602187
1342260848526561280,negative,5.001696173137159e-06
1342260850342686722,negative,0.06149681658520596
1342260850460078081,negative,5.001696173137159e-06
1342260850674036744,negative,0.0005520065288040503
1342260852225945600,negative,0.003874455714716966
1342260855052840960,negative,3.9435864120735495e-05
1342260855765872640,negative,0.057100421758971884
1342260855770140674,negative,5.001696173137159e-06
1342260857607229443,negative,3.467661905025589e-06
1342260858332848128,negative,0.009077551075570386
1342260859238666240,negative,0.0016517701137548416
1342260865253449728,neutral,0.46127768308170247
1342260865664487430,negative,7.856230902403956e-05
1342260866729857024,negative,0.0029602333337327555
1342260867325435905,negative,1.6734281074416479e-10
1342260867551748096,negative,9.948190231384446e-05
1342260870244687881,neutral,0.5052510391936574
1342260871414894592,negative,0.15584483560852982
1342260873633681409,negative,0.07220649715320529
1342260877974765573,negative,0.07409858964317478
1342260881615417344,negative,5.001696173137159e-06
1342260884597395456,neutral,0.49789225920557484
1342260884849086465,negative,0.11231148217643801
1342260888737361922,negative,3.792379489848801e-05
1342260888854654978,negative,0.0002392550969991425
1342260889865617414,negative,0.035586734489924166
1342260890582839296,negative,5.651241791700221e-06
1342260891102961669,positive,0.9886612919742955
1342260891908243456,negative,0.003151193033404375
1342260893632126980,negative,0.2812124665127172
1342260896110940161,negative,0.15884973808023384
1342260896870129664,negative,0.002745298738113449
1342260898216472582,negative,5.001696173137159e-06
1342260901135736834,negative,5.001696173137159e-06
1342260902037491713,negative,5.001696173137159e-06
1342260902767243266,negative,9.691933224472052e-06
1342260902834417664,negative,1.4813555849327984e-07
1342260903639613441,negative,9.948190231384446e-05
1342260904734453760,negative,0.015155107296918732
1342260904843497473,negative,5.001696173137159e-06
1342260905896247297,negative,5.001696173137159e-06
1342260907825528833,neutral,0.5495922250151081
1342260909654216704,negative,0.24770803747155723
1342260910694522880,neutral,0.46127768308170247
1342260910979768321,negative,1.6788561220335154e-05
1342260912229638146,neutral,0.4478814827726608
1342260914469416961,negative,0.2042517137896546
1342260917418004482,neutral,0.39628039977762375
1342260917988454405,negative,0.011716648316815367
1342260919779401729,negative,5.001696173137159e-06
1342260921088028673,negative,8.999914913363231e-05
1342260922509795328,negative,0.27538537887707226
1342260924946784257,negative,2.378941775223225e-05
1342260925043257345,negative,2.8787335386443667e-06
1342260926976815104,positive,0.8488784103859388
1342260927555641350,negative,4.8359581978985723e-05
1342260928478375936,negative,5.001696173137159e-06
1342260934518173697,negative,0.008002740267951025
1342260935730278400,negative,0.011716648316815367
1342260936023961601,negative,5.001696173137159e-06
1342260937986863109,negative,5.001696173137159e-06
1342260938381131784,negative,0.1703694914716658
1342260938439864322,negative,3.452174650586599e-05
1342260939031273473,negative,0.0017506143388280031
1342260940511858700,negative,5.001696173137159e-06
1342260942307008513,negative,0.0002392550969991425
1342260942583820288,negative,0.019937252458622982
1342260942734827522,neutral,0.42076888431135534
1342260945075232770,negative,0.1492402159770261
1342260945909899265,negative,0.023075944015281635
1342260947252109314,neutral,0.5664876250566435
1342260948938203136,negative,0.019937252458622982
1342260950502526976,negative,8.515087045096324e-06
1342260980395487233,negative,0.0006511462771957673
1342260980844212224,negative,0.023158976181080253
1342260983117578242,negative,0.020662502153600684
1342260983251820544,negative,9.948190231384446e-05
1342260984803684353,negative,0.023075944015281635
1342260985407672321,negative,0.12740039617771
1342260986380754946,negative,0.01035440663740857
1342260986984755200,negative,0.059779089679781024
1342260988578553859,negative,5.001696173137159e-06
1342260991493550081,negative,0.023075944015281635
1342260992865144839,negative,0.002231445128471516
1342260994014384130,negative,0.04264132292674702
1342260994194731013,negative,0.3188635267998917
1342260995482415105,negative,7.8964593116111e-10
1342260996815998976,negative,5.001696173137159e-06
1342260996925251586,negative,0.0004398069040672222
1342260997239746561,negative,0.05842346342651086
1342260999282438145,negative,9.948190231384446e-05
1342261001274720262,negative,0.06405537043123012
1342261004038762498,negative,0.12738373285100169
1342261005988982786,negative,9.948190231384446e-05
1342261007868190722,negative,0.0012445089043806013
1342261008329535488,negative,0.030646049405239708
1342261008774164480,negative,0.00518495163905969
1342261009310998529,negative,0.27538537887707226
1342261010590265345,negative,0.00741627213827822
1342261010644799490,negative,0.05208531823586978
1342261011232018433,negative,0.059006642578418915
1342261012788076546,negative,0.0427775621981926
1342261014600048644,negative,0.003281557356581237
1342261014763606020,negative,0.14339128884293262
1342261015451480071,negative,0.05583299329353172
1342261015724097540,negative,0.07611488631158644
1342261016017723393,neutral,0.5664876250566435
1342261020774035459,negative,0.14143821175705878
1342261023160590338,negative,0.003954204897449452
1342261024855044108,negative,0.2692005333108146
1342261028210532353,negative,7.455297634452309e-05
1342261029695209472,negative,0.308199125160694
1342261030945247233,negative,0.00019809316155965564
1342261031880552449,negative,0.0064636103457318085
1342261032643948544,negative,1.3296958092343718e-05
1342261032761364483,negative,4.919695279511251e-05
1342261035256995852,negative,0.2812124665127172
1342261036741767170,negative,0.00891375960757663
1342261036859224064,negative,8.20404864389125e-09
1342261037572173825,negative,5.547586483555178e-06
1342261037576417280,negative,5.651241791700221e-06
1342261038574530560,negative,0.005928838462996148
1342261039400771586,negative,0.00508283694788516
1342261040776687617,negative,0.014844426557456734
1342261042647347200,negative,5.001696173137159e-06
1342261043473620992,negative,0.011490537435018785
1342261044278865920,negative,5.001696173137159e-06
1342261044459220992,negative,0.0064231053843812926
1342261045474127873,positive,0.9745545105601365
1342261045646282754,negative,0.15628274023114563
1342261048506806278,negative,0.0009443877782714312
1342261048515190784,negative,0.03892770010218562
1342261049823780865,neutral,0.6257786438484473
1342261052659146756,negative,5.001696173137159e-06
1342261052847886337,negative,0.10404495241321535
1342261054466912259,negative,0.12703271384507175
1342261055226073090,negative,0.06487390577265591
1342261055343497216,negative,0.10404495241321535
1342261055976841216,negative,0.07409858964317478
1342261058124316672,negative,0.02312814423556466
1342261060200505346,negative,8.515087045096324e-06
1342261061085523968,negative,8.384379875743366e-10
1342261061194559489,negative,5.001696173137159e-06
1342261063811805185,negative,2.721493639544559e-08
1342261063832756226,negative,0.11600705536873085
1342261065153966080,negative,0.2922575000060946
1342261066118651906,negative,1.676921472365857e-06
1342261066559053830,negative,0.00030915010877106063
1342261068740124676,negative,0.15594210025192107
1342261069209882630,negative,5.121154846943292e-07
1342261071348985857,negative,0.12703271384507175
1342261071554502658,neutral,0.5052510391936574
1342261072556941317,negative,0.3062692949725709
1342261073332862976,negative,1.8766022859064251e-07
1342261080425451523,negative,5.001696173137159e-06
1342261080458997761,negative,0.00908076189474052
1342261081100742656,negative,5.001696173137159e-06
1342261086054182914,negative,6.161362278747755e-05
1342261087492825089,negative,7.706656754689969e-07
1342261088788865024,negative,4.715072124059747e-19
1342261089820696579,negative,5.001696173137159e-06
1342261091573886978,negative,3.792379489848801e-05
1342261091771035653,negative,5.001696173137159e-06
1342261092467277827,negative,3.5788940414585794e-05
1342261092521816064,negative,0.019196637429483427
1342261092710572035,negative,0.00891375960757663
1342261092718944258,negative,0.15237137935820858
1342261093205499906,negative,0.014921409828964609
1342261093297778689,negative,1.6119684250411773e-05
1342261095176822784,negative,0.10700295468860774
1342261095961137152,negative,5.235375245985416e-05
1342261096565133315,negative,8.515087045096324e-06
1342261098947477505,negative,0.023158976181080253
1342261100201598980,negative,0.006090637631782576
1342261100289650688,negative,0.0003389455323041898
1342261101833150472,negative,0.0004719323046257382
1342261102386802696,negative,0.2502603885843177
1342261102403596312,negative,7.30774934935384e-05
1342261103313756163,negative,0.05842346342651086
1342261104983101440,negative,0.04326749920868208
1342261105981333514,negative,0.0517814972521364
1342261106023215104,neutral,0.6004977626489914
1342261106480451595,negative,5.001696173137159e-06
1342261107826810882,negative,0.03196395360695336
1342261109106073601,negative,0.14143821175705878
1342261109210812418,negative,0.0003986594917577481
1342261112612544518,negative,0.07409858964317478
1342261112960659458,negative,5.001696173137159e-06
1342261113191346178,negative,0.3040867213206522
1342261114407706624,negative,0.14143821175705878
1342261115544285185,negative,1.3296958092343718e-05
1342261117549236225,negative,8.515087045096324e-06
1342261119432368129,neutral,0.6519139759567714
1342261120703361027,negative,0.05842346342651086
1342261121219252225,negative,8.219908371812647e-06
1342261122301353984,negative,2.8684645214354144e-06
1342261122800480256,negative,0.002015219856435297
1342261122985033734,negative,0.005447757490260875
1342261124553728000,negative,0.0002392550969991425
1342261125698756608,negative,0.021769890087087986
1342261126747320322,negative,0.2692005333108146
1342261127527477248,neutral,0.5971372102662001
1342261129322627073,negative,0.007284501904285998
1342261130404749318,negative,0.015773583174067275
1342261132841660416,negative,0.22693736885522003
1342261134611591169,negative,5.001696173137159e-06
1342261136746549248,negative,0.015773583174067275
1342261140869369856,negative,0.1702822805689721
1342261141439799297,negative,0.0010427729243528215
1342261141611966464,negative,0.014849538568656992
1342261142983503875,negative,3.898113407039336e-06
1342261143407091713,negative,0.2812124665127172
1342261143449071618,negative,5.001696173137159e-06
1342261145072246786,negative,0.01783966438429332
1342261146103984132,negative,0.05583299329353172
1342261146800115712,negative,0.0011712788980924162
1342261146984849408,negative,5.001696173137159e-06
1342261148591259649,negative,0.0003295024726515773
1342261150982008833,negative,0.000725745494711989
1342261151002976257,negative,9.408529988076039e-05
1342261151586021376,negative,0.004300878492222307
1342261153452404743,negative,7.514204106660106e-15
1342261153452482563,negative,6.17938220872769e-05
1342261153469243396,negative,0.004048173970826945
1342261153888673792,negative,0.025105362347973448
1342261154744332290,negative,3.792379489848801e-05
1342261155964866560,negative,0.043425536097302236
1342261156254248965,negative,0.006090637631782576
1342261156581404673,neutral,0.5735227267497368
1342261156719849473,negative,8.492257922079812e-09
1342261158124933122,negative,2.0053775122360516e-10
1342261158485630978,negative,7.630959899589092e-05
1342261159500644354,negative,0.0002576302488007689
1342261162851897344,negative,0.019196637429483427
1342261163191652363,negative,0.13008799497860846
1342261164298956802,negative,0.024974770659488353
1342261164869373953,negative,0.019196637429483427
1342261164928094208,negative,0.2692005333108146
1342261165603356672,negative,9.948190231384446e-05
1342261166287048708,negative,0.005928838462996148
1342261166463209476,negative,2.711908118146312e-10
1342261166861672450,negative,0.0009443877782714312
1342261168082219013,negative,0.10700295468860774
1342261169562808322,negative,0.2792003326006205
1342261173035663361,negative,0.14143821175705878
1342261174382047232,negative,9.948190231384446e-05
1342261174776311808,negative,0.006662729147954603
1342261175107661824,negative,0.05842346342651086
1342261178840526853,negative,0.0014924242597386815
1342261178991587336,negative,0.15628274023114563
1342261180379910144,negative,0.06207165821911501
1342261181382320129,negative,0.005928838462996148
1342261181650771968,neutral,0.49789225920557484
1342261182531588105,negative,0.023075944015281635
1342261183903113217,negative,0.05575286813730258
1342261184343502848,negative,0.14143821175705878
1342261187321364483,negative,5.547586483555178e-06
1342261187824611328,positive,0.9078414350505055
1342261188579700736,negative,0.026773813979631095
1342261188638486528,negative,0.20771934817642312
1342261188948738048,negative,0.0002807432256407207
1342261190009913346,negative,2.4326038026348304e-09
1342261194300776457,negative,8.515087045096324e-06
1342261196280487936,negative,0.00891375960757663
1342261197408587776,negative,0.013256376586211954
1342261197463281666,negative,1.6734281074416479e-10
1342261197677223942,negative,5.001696173137159e-06
1342261197916274692,negative,2.462026352272506e-05
1342261197954019328,negative,0.0007929404103188511
1342261200588046336,negative,0.0010427729243528215
1342261205579259904,negative,5.001696173137159e-06
1342261206363631617,negative,0.05842346342651086
1342261207454121990,negative,1.6734281074416479e-10
1342261209098297344,negative,0.015773583174067275
1342261209832312833,negative,8.052472398255007e-10
1342261210906030083,negative,7.8964593116111e-10
1342261211509837825,negative,8.515087045096324e-06
1342261211929448449,neutral,0.3576260104216658
1342261212445335558,negative,0.002369676547130815
1342261215201009665,negative,0.1642681452224656
1342261215368785925,negative,0.002317428629040955
1342261215691743233,negative,0.03462708558007152
1342261216421552130,negative,0.03389676136479784
1342261217440768005,negative,0.14143821175705878
1342261218816503815,negative,5.001696173137159e-06
1342261219693129729,negative,1.4063226504312313e-05
1342261219781189633,neutral,0.46127768308170247
1342261221341491201,negative,0.03925659921346203
1342261225112145922,negative,9.948190231384446e-05
1342261227444166658,negative,0.10404495241321535
1342261227616137218,negative,5.547586483555178e-06
1342261228492746752,negative,0.03703178551366903
1342261231105794048,negative,5.547586483555178e-06
1342261231168724992,neutral,0.42755866745518784
1342261231558733824,neutral,0.5934084555393725
1342261232670298117,negative,0.0010427729243528215
1342261233760800768,negative,0.05842346342651086
1342261233815334919,negative,2.986163174794933e-05
1342261233823723520,negative,0.001326031394910792
1342261239179845632,negative,0.06943449077549221
1342261239259537409,negative,2.675679962404302e-08
1342261239720914946,negative,0.0001688276212417099
1342261241155350530,negative,7.8964593116111e-10
1342261243114102786,negative,0.05959130325845839
1342261243294453760,negative,0.00010753920962001665
1342261243457880066,negative,0.005071394406404729
1342261243520950272,negative,0.27538537887707226
1342261243864895490,negative,5.4235837179239396e-05
1342261243906691072,negative,0.0002392550969991425
1342261245102215168,negative,0.0517814972521364
1342261245685149697,neutral,0.37628681631538385
1342261245978824707,neutral,0.38966083377267685
1342261247773966338,negative,0.05583299329353172
1342261249346830341,negative,0.3001452707213231
1342261251062321153,negative,3.792379489848801e-05
1342261252366721025,negative,0.0012445089043806013
1342261253360807936,negative,0.14143821175705878
1342261254585520129,negative,5.547586483555178e-06
1342261256447787009,negative,9.948190231384446e-05
1342261258431684609,negative,5.001696173137159e-06
1342261260927315971,negative,0.004551295411253584
1342261262542114818,negative,0.05842346342651086
1342261262676332551,negative,0.0072083984618165385
1342261262747488256,negative,1.3021931933751335e-06
1342261262768627719,neutral,0.4550267180439356
1342261263322279937,negative,9.948190231384446e-05
1342261264559435778,negative,9.948190231384446e-05
1342261265448767494,negative,0.26076950668447035
1342261267017424897,positive,0.8645235862082772
1342261268804210688,negative,0.004116506686330334
1342261273266950147,negative,0.023028295149277275
1342261273296207872,negative,0.004292037655513584
1342261273321476099,negative,0.16881735891286068
1342261273325576192,negative,0.10993957948794698
1342261273468100610,negative,0.08951336469451475
1342261273736704000,negative,7.30774934935384e-05
1342261275540267009,negative,0.2812124665127172
1342261280808329216,negative,0.019937252458622982
1342261282989334529,neutral,0.4307183874968668
1342261283006111746,negative,0.00487259395541663
1342261283417182211,negative,8.515087045096324e-06
1342261284071501824,negative,0.00011161858042375532
1342261285220708355,negative,0.001095849295524466
1342261295513538560,negative,0.004529009774609343
1342261295538696197,positive,0.9316408209543922
1342261295651954694,negative,7.015194726896812e-07
1342261296100638721,neutral,0.46127768308170247
1342261297006727168,negative,0.17773717174369294
1342261298118144001,negative,0.0001840310791062162
1342261298856386560,negative,0.028883334796173155
1342261302794866689,negative,0.2812124665127172
1342261304053145601,negative,0.17936937691063232
1342261304267055104,negative,0.0002392550969991425
1342261306078932992,negative,0.05583299329353172
1342261308444573697,negative,0.016974634924845123
1342261309295845376,negative,1.6734281074416479e-10
1342261311963619330,negative,0.09330070914684761
1342261313905569794,negative,5.001696173137159e-06
1342261314845077504,neutral,0.5552110595454056
1342261315658797059,negative,0.05466931763636576
1342261316682182656,negative,0.24770803747155723
1342261317831434243,negative,0.0016517701137548416
1342261318628352003,negative,0.007747883635100559
1342261319395905537,negative,0.10184977976301264
1342261319509094405,negative,4.676690980009478e-07
1342261320083779585,negative,0.3062692949725709
1342261322357108738,negative,0.0014775854351103544
1342261323518922752,negative,0.0005337639237123875
1342261325326647297,negative,0.00891375960757663
1342261325456691200,negative,0.2812124665127172
1342261326257774594,negative,8.515087045096324e-06
1342261328770174976,negative,0.13008799497860846
1342261329290092544,negative,0.16532172419126437
1342261329562898440,negative,0.11524874402871864
1342261331597078531,negative,0.00026518821391839994
1342261332452716544,negative,0.14143821175705878
1342261334906445826,negative,0.15662741256797655
1342261335518834691,neutral,0.5052510391936574
1342261336659603456,neutral,0.46127768308170247
1342261338014437376,negative,0.014921409828964609
1342261338635169792,negative,0.025099794239091543
1342261339658612738,negative,0.06060742430507355
1342261340212097025,negative,0.0018826528835124746
1342261342204551170,negative,0.2812124665127172
1342261342493954048,negative,3.2843318831639824e-06
1342261343034855425,negative,9.948190231384446e-05
1342261343341203457,negative,8.515087045096324e-06
1342261344939241472,negative,5.001696173137159e-06
1342261348768641024,negative,5.001696173137159e-06
1342261349833965573,negative,0.0001630059832550359
1342261349993345026,negative,1.310406453700162e-08
1342261350639296515,negative,1.107197846643225e-11
1342261350995734536,negative,0.03397486190009805
1342261353881415683,neutral,0.5660431755686622
1342261354753904640,neutral,0.4502367466321242
1342261355961790464,negative,0.008002740267951025
1342261356876148737,neutral,0.5495922250151081
1342261357014626305,negative,0.018315938085740648
1342261357249490944,negative,5.001696173137159e-06
1342261360537858051,positive,0.8201763041307648
1342261360705609729,negative,0.03200337727630636
1342261360915308551,neutral,0.4339382967114965
1342261361099870215,negative,0.0017880157369971467
1342261362106527748,negative,0.10335774295999144
1342261362299441160,neutral,0.5664876250566435
1342261362316087296,negative,0.037364665697407165
1342261362593067010,negative,0.015773583174067275
1342261363360591882,negative,5.001696173137159e-06
1342261363536629761,negative,0.14143821175705878
1342261364887326720,negative,0.014849538568656992
1342261366858592259,negative,0.07409858964317478
1342261369320706048,negative,5.001696173137159e-06
1342261370838986752,negative,5.001696173137159e-06
1342261376392294402,negative,0.0002392550969991425
1342261376954335233,negative,9.948190231384446e-05
1342261378992766979,negative,0.2692005333108146
1342261379885985795,negative,0.0013472411794801273
1342261380905365507,negative,0.2812124665127172
1342261381597450240,negative,7.30774934935384e-05
1342261381937115138,negative,5.001696173137159e-06
1342261383774269441,negative,0.05145808406613883
1342261385020006400,negative,0.11182245947334335
1342261388719378432,negative,0.02329323645236039
1342261389545648130,negative,5.18402371155739e-06
1342261389986066432,negative,5.001696173137159e-06
1342261391403659264,negative,9.948190231384446e-05
1342261392167071745,negative,0.023075944015281635
1342261392955625474,neutral,0.47878153849390703
1342261397430935552,negative,0.005928838462996148
1342261398311723013,negative,1.3222759690272776e-08
1342261401310654465,negative,5.651241791700221e-06
1342261401407152128,negative,0.000773205262323389
1342261402531229696,negative,5.001696173137159e-06
1342261403021959168,negative,1.6082051077464364e-07
1342261404380889088,negative,0.001402933345137108
1342261406897467392,neutral,0.5052510391936574
1342261407090409472,negative,3.032735490329009e-11
1342261407233007616,negative,5.001696173137159e-06
1342261412199071746,negative,3.133593940242598e-08
1342261412303925248,negative,0.025521009978160064
1342261413348257792,negative,0.02312814423556466
1342261413482475521,negative,5.001696173137159e-06
1342261413537058817,negative,6.293636470250431e-10
1342261415319580672,negative,9.948190231384446e-05
1342261417131601921,negative,0.02294618178899101
1342261417513254912,negative,0.05583299329353172
1342261419136352257,negative,8.515087045096324e-06
1342261420424101889,negative,0.009366623533087502
1342261420885467138,negative,0.005145088345018914
1342261425637478400,negative,0.0004760529356788509
1342261431006330882,negative,0.26522281490896227
1342261432172371970,negative,0.31976308793582914
1342261433132834818,neutral,0.49789225920557484
1342261434462433281,negative,0.016810872825453283
1342261434663616512,negative,0.00039157776775842356
1342261437574635521,negative,0.05115898004683921
1342261438694486019,negative,8.236744780278433e-12
1342261438740619266,negative,0.15237137935820858
1342261438933557249,negative,0.00011161858042375532
1342261439122309122,negative,0.010340192701158083
1342261440393211904,negative,0.02361950285571729
1342261441311731712,negative,0.0017880157369971467
1342261442330976256,negative,5.001696173137159e-06
1342261442536493057,negative,0.0009916164606348153
1342261443048181760,negative,0.13086856852921697
1342261444381978626,negative,0.1421125551159031
1342261444805619714,neutral,0.3677968620809328
1342261445266964482,negative,5.001696173137159e-06
1342261445443133444,negative,8.515087045096324e-06
1342261447208923136,neutral,0.5052510391936574
1342261447363940353,negative,0.003643846102079221
1342261447389310979,negative,8.073077315193917e-06
1342261447401889795,negative,0.05583299329353172
1342261447603216384,negative,4.833787117169676e-06
1342261448660148229,negative,0.0012445089043806013
1342261448936927232,neutral,0.49789225920557484
1342261449327050752,negative,0.002745298738113449
1342261450425978883,negative,0.274968628404148
1342261453387132928,neutral,0.44846293211155425
1342261456264257536,negative,0.0011353916683194206
1342261456360919040,negative,0.07237131246492694
1342261458613239809,negative,0.09330070914684761
1342261458877501454,negative,7.384291288985615e-06
1342261459045281793,negative,0.025642197114280806
1342261459431129088,negative,0.21722145998290496
1342261460513112064,negative,0.07459110531594662
1342261466699862017,negative,1.2114722476918681e-06
1342261468545298435,negative,0.2812124665127172
1342261469467930624,negative,0.01686274054084799
1342261471154208770,negative,0.0012445089043806013
1342261471468683264,negative,0.0010427729243528215
1342261516708544521,negative,0.0005520065288040503
1342261518684061698,negative,0.10404495241321535
1342261520109953024,neutral,0.49789225920557484
1342261521460719619,negative,0.0018951934538094994
1342261521573928964,negative,0.019937252458622982
1342261524493185024,negative,5.547586483555178e-06
1342261524732256258,negative,0.028387754637568395
1342261524904218626,negative,0.176411161274856
1342261525067816963,negative,0.10700295468860774
1342261527768928262,negative,0.006248314451104854
1342261528343568384,neutral,0.381875542748901
1342261528364425217,negative,0.005389404026967294
1342261529148874752,negative,0.10381734080021172
1342261530063233025,negative,2.863863043525107e-05
1342261530872729600,negative,0.026550333638350094
1342261531535417344,negative,0.0016517701137548416
1342261533380931584,negative,0.05842346342651086
1342261533502562306,negative,0.013693389405275775
1342261534068678657,neutral,0.3572217511844072
1342261534240763905,negative,0.0006340767009318823
1342261534785986567,neutral,0.37656626452563446
1342261537101271046,negative,2.3546629310755053e-07
1342261540423143426,negative,3.792379489848801e-05
1342261540662214658,negative,0.026773813979631095
1342261543682109440,negative,0.2692005333108146
1342261545074626561,neutral,0.4401628773633232
1342261548325203968,neutral,0.381875542748901
1342261549461868544,negative,3.957349991212548e-05
1342261550032236544,negative,0.00029267990461877914
1342261552154607617,negative,0.22693736885522003
1342261553022853122,negative,0.26076950668447035
1342261553580683264,negative,0.04253903420334595
1342261553903628288,negative,1.332451345992215e-13
1342261556806111233,negative,1.300272408537339e-10
1342261558076973062,negative,0.2812124665127172
1342261558748078088,negative,0.006090637631782576
1342261560484519940,negative,0.05575286813730258
1342261560555806720,negative,1.2982125370497683e-09
1342261569401614339,negative,5.001696173137159e-06
1342261569640517632,negative,0.14587406170051073
1342261569980395532,negative,0.015773583174067275
1342261570278191105,negative,0.07409858964317478
1342261570303352835,negative,4.728457104120258e-05
1342261570643128320,negative,0.07167880295634259
1342261577874083842,negative,6.931048472325273e-08
1342261578113150978,negative,0.03196395360695336
1342261578494836740,negative,0.033125921113548305
1342261580810104840,negative,5.001696173137159e-06
1342261582798213122,negative,0.0147501555232423
1342261585746780168,negative,0.10404495241321535
1342261586476609543,negative,0.14499179576253232
1342261586736635911,negative,0.005928838462996148
1342261593141293056,negative,5.001696173137159e-06
1342261597675397122,negative,0.003008466651618773
1342261598182846466,negative,0.03844844599892139
1342261603543244800,negative,2.8684645214354144e-06
1342261603589382169,negative,4.863221209577871e-06
1342261604604231682,negative,8.515087045096324e-06
1342261605099307016,negative,0.14143821175705878
1342261607213240320,negative,0.004968029860804738
1342261608068878337,negative,0.011141491768293066
1342261608266010625,negative,0.010335208246531854
1342261608840617988,negative,0.2812124665127172
1342261608844840961,negative,0.0047559176899594525
1342261609838743552,negative,0.2742641492310916
1342261611180949504,negative,0.27538537887707226
1342261611495645194,negative,0.0069571137892871044
1342261613030727691,negative,0.0006318772051229993
1342261613806710786,negative,0.04630490135636738
1342261615807393794,negative,0.002745298738113449
1342261618412036097,negative,0.0003231087029706321
1342261618650955776,negative,0.00508283694788516
1342261619141865472,negative,0.019196637429483427
1342261619242491904,negative,5.001696173137159e-06
1342261620236435456,negative,8.515087045096324e-06
1342261622786711555,negative,0.00012999382588466934
1342261624221085697,negative,7.585679947156801e-10
1342261626288877568,negative,0.24770803747155723
1342261626511233028,negative,0.0602315633562551
1342261626637058048,negative,0.00029267990461877914
1342261626783858692,neutral,0.3727256058541389
1342261629514379264,negative,0.003507447449580212
1342261629539520512,negative,2.640773642710278e-07
1342261629988298754,negative,0.056064655995890535
1342261630072188928,negative,5.001696173137159e-06
1342261637156376580,negative,0.05842346342651086
1342261642889981952,negative,0.274968628404148
1342261645582733313,negative,0.004312563521657284
1342261648606842888,negative,0.226338355400182
1342261650406088704,negative,5.121154846943292e-07
1342261651219881995,negative,0.1702822805689721
1342261651752570880,negative,0.08649055225491564
1342261652016799746,negative,0.023075944015281635
1342261652457201673,negative,0.015425056382736144
1342261655766507526,negative,0.2812124665127172
1342261656538251265,negative,0.15884973808023384
1342261738457223169,negative,0.30957346216089243
1342261739136684037,negative,7.536778598895572e-05
1342261740059422721,negative,0.006090637631782576
1342261742085296136,negative,0.0005094877677718196
1342261744266305540,negative,4.429319665962582e-07
1342261746778693634,negative,0.014921409828964609
1342261747181379584,negative,0.00011179008311391443
1342261748640980993,neutral,0.44193049347687885
1342261749517586435,negative,0.0005877855073281274
1342261752000442368,negative,0.008556847783079725
1342261754714324995,negative,1.2682774978601467e-12
1342261754991169537,negative,0.00010601011566984521
1342261756438192128,negative,6.540872987014387e-07
1342261756580790272,negative,0.002745298738113449
1342261757428060177,negative,0.03869517244885614
1342261759126634496,negative,0.004047428110172863
1342261759370031105,negative,8.515087045096324e-06
1342261760112304128,negative,0.22487246253256513
1342261762364760065,negative,0.008788495254404166
1342261762733690880,negative,0.14143821175705878
1342261763786633217,negative,0.019937252458622982
1342261764151537666,negative,4.6264346143732475e-06
1342261764617084928,negative,1.0563686283471008e-05
1342261764822609922,negative,0.015155107296918732
1342261765665648641,negative,0.20205063918698563
1342261767041396745,negative,0.001060001863853992
1342261767179804685,neutral,0.5052510391936574
1342261767561486339,negative,5.001696173137159e-06
1342261768572313601,negative,0.0005094877677718196
1342261771705397249,negative,0.011803225856953916
1342261773076979712,neutral,0.5372318511317483
1342261773248983040,negative,0.004300878492222307
1342261774377168897,negative,2.487145334416622e-05
1342261776537190400,negative,3.280158687700858e-05
1342261776562401280,neutral,0.5601836004710207
1342261776851890184,negative,0.1930582321730025
1342261778621804544,negative,2.801761044710976e-11
1342261780781944834,negative,1.3799379639943698e-08
1342261784405794822,negative,0.0012445089043806013
1342261785773137925,negative,3.792379489848801e-05
1342261788310712321,negative,2.893658122638777e-05
1342261788671418370,negative,0.006248314451104854
1342261789791285255,negative,1.4873200661560737e-05
1342261791397728257,negative,0.033125921113548305
1342261792320286721,negative,0.14143821175705878
1342261793700212737,negative,0.2812124665127172
1342261793851383811,negative,0.0005995156753788775
1342261794958680065,negative,0.00048105932977616416
1342261796820951040,neutral,0.49789225920557484
1342261798737686533,negative,5.001696173137159e-06
1342261800696504320,negative,0.006181398160333471
1342261802080612354,negative,0.003566906859200871
1342261803280195584,negative,0.07409858964317478
1342261804236476417,negative,9.594486131267722e-07
1342261804282441728,negative,0.16532172419126437
1342261804764950530,negative,7.847061863400528e-11
1342261806270713859,neutral,0.5052510391936574
1342261808690851843,negative,0.015613360263285258
1342261809215111168,negative,0.01901656117934125
1342261810276098048,negative,0.0016517701137548416
1342261811538780163,negative,0.019937252458622982
1342261811924635648,negative,0.04231491442715278
1342261814881615876,negative,5.001696173137159e-06
1342261816165081089,negative,0.005928838462996148
1342261816240594958,negative,0.04326749920868208
1342261816789970944,negative,0.10404495241321535
1342261818992054274,negative,0.12738373285100169
1342261819017052160,negative,1.9793805658640797e-09
1342261819222667265,negative,0.21047953907773329
1342261821571559426,negative,5.001696173137159e-06
1342261821798014978,negative,2.1364040699502403e-05
1342261824788590593,negative,5.001696173137159e-06
1342261826038411264,negative,0.2812124665127172
1342261826768281604,negative,0.0016517701137548416
1342261827644891140,negative,0.02813908673695397
1342261829142196227,negative,0.04016267178755658
1342261831512051715,negative,0.0005520065288040503
1342261832539492353,negative,1.766501334048897e-09
1342261833525317634,negative,0.0012445089043806013
1342261834062176262,negative,0.08276167871300241
1342261834569699328,negative,0.05583299329353172
1342261836125757442,negative,0.01832812472050576
1342261837153390592,positive,0.8932230690568694
1342261838705172481,negative,0.11231148217643801
1342261839409905664,negative,0.019937252458622982
1342261840143937538,negative,0.009812761995502623
1342261844942139393,negative,0.002123577123861964
1342261847412461568,negative,0.003433082903206306
1342261851044900869,negative,0.2812124665127172
1342261853037219841,negative,0.11182245947334335
1342261856120020994,negative,7.398977074376627e-05
1342261859328667648,negative,0.03997305831147089
1342261861266432003,neutral,0.5463581751429103
1342261862285586432,negative,5.001696173137159e-06
1342261862973509633,negative,0.01650184425312138
1342261864651173891,negative,0.17799537651540087
1342261919269363713,negative,0.00030915010877106063
1342261922046087168,negative,5.001696173137159e-06
1342261924654944256,neutral,0.5136446707795853
1342261925460258816,neutral,0.49789225920557484
1342261925778915330,negative,0.006090637631782576
1342261931634282501,negative,0.07237131246492694
1342261932229877760,negative,1.2231661133658255e-13
1342261932762476544,negative,0.019937252458622982
1342261933991485447,neutral,0.4550267180439356
1342261934213783552,negative,5.001696173137159e-06
1342261939204984832,negative,0.15308925582947175
1342261939355967493,negative,0.0006681074787930424
1342261939691515906,negative,0.17063451188056952
1342261940391976961,negative,0.14143821175705878
1342261943080546316,negative,1.2114722476918681e-06
1342261944317784067,negative,0.2089263090116658
1342261944544321536,negative,0.19300767066310323
1342261946003968004,neutral,0.4307183874968668
1342261946293374976,negative,2.5925906694241568e-05
1342261947887017984,neutral,0.44193049347687885
1342261948713476097,negative,7.1703156751498595e-12
1342261949338419201,neutral,0.3607038752125764
1342261950907109378,negative,0.10404495241321535
1342261952622587914,negative,0.10404495241321535
1342261953620828162,negative,0.019937252458622982
1342261953872453633,negative,0.0002044551481723998
1342261954681958400,negative,0.007826027244236306
1342261954820378625,negative,0.10404495241321535
1342261955093016584,negative,0.0002780631442782194
1342261958196813824,negative,0.2812124665127172
1342261959417356290,negative,0.023075944015281635
1342261964119031808,negative,0.0016517701137548416
1342261967134797824,negative,1.9485447192884084e-07
1342261967231320065,negative,0.004345517932692738
1342261967277481986,negative,0.00038433689013912857
1342261969072648193,negative,0.012745372280459112
1342261971001991175,negative,0.026438122269370194
1342261971178188801,positive,0.9368381188677499
1342261972427915264,negative,5.001696173137159e-06
1342261972599975936,negative,0.10514650290048043
1342261973564743681,negative,0.0008435489004626368
1342261973707321347,negative,0.08338066276014179
1342261975657697280,negative,9.997601885344324e-07
1342261977440088064,negative,0.005121645015995722
1342261979755511808,negative,0.11182245947334335
1342261980200116225,negative,7.4700376170249e-05
1342261981148049409,negative,0.008002740267951025
1342261981378719745,negative,0.0012445089043806013
1342261985283551232,negative,5.091402017724412e-10
1342261986038603778,negative,0.026773813979631095
1342261987409944576,negative,0.0008175382852073598
1342261988978786305,negative,0.14143821175705878
1342261989511467009,negative,1.2114722476918681e-06
1342261990501318656,neutral,0.40629460559226244
1342261992040652802,negative,4.086126236327018e-05
1342261992153886720,negative,1.843200370341546e-05
1342261993139531776,negative,0.004382467140818138
1342261993525420048,negative,0.0005094877677718196
1342261995979087874,negative,0.004968029860804738
1342261996062986243,negative,8.567877476768839e-06
1342261996314480642,negative,9.948190231384446e-05
1342261996570468356,negative,5.001696173137159e-06
1342261997845569547,negative,0.037364665697407165
1342261999154196480,negative,0.04724575253976187
1342261999250460673,negative,0.017907755939749283
1342261999602987008,negative,0.06225032788149137
1342262000425046018,negative,0.16391782574256425
1342262001029017605,negative,1.6734281074416479e-10
1342262003260416001,negative,0.0005094877677718196
1342262006280118272,negative,0.07611488631158644
1342262006712156161,negative,9.948190231384446e-05
1342262006984941568,negative,0.09375519958997075
1342262009061105670,negative,0.047400447497290096
1342262011531505664,negative,0.0010709380868173357
1342262012173279232,negative,6.798757646913291e-08
1342262012194254850,negative,0.006259297939311431
1342262012496257024,negative,1.6119684250411773e-05
1342262014069133322,negative,0.008002740267951025
1342262015331610624,negative,0.15628274023114563
1342262018125033480,negative,0.013168392061863756
1342262019605585921,negative,0.05115898004683921
1342262020255719424,neutral,0.381875542748901
1342262021228818437,negative,5.547586483555178e-06
1342262022403219456,negative,0.27538537887707226
1342262024148017152,negative,0.021944359097342804
1342262025016258561,neutral,0.42076888431135534
1342262026299731970,negative,0.09330070914684761
1342262027939684354,negative,0.011716648316815367
1342262030762307585,negative,0.07909247878581135
1342262033060945920,negative,5.092276812802631e-09
1342262034709303296,negative,0.15884973808023384
1342262036529623040,negative,0.17888992941052817
1342262037162942464,negative,0.0014471280321182948
1342262038089887745,negative,0.21047953907773329
1342262038882635780,negative,1.2014423862198866e-07
1342262039713083394,negative,0.008196647029186769
1342262041743155203,negative,8.515087045096324e-06
1342262043064365062,neutral,0.46127768308170247
1342262046302359554,negative,0.008035602220627951
1342262046403006464,negative,0.014921409828964609
1342262046599962624,negative,0.006090637631782576
1342262048969916416,negative,5.001696173137159e-06
1342262049523388417,negative,0.0004760529356788509
1342262050584596480,negative,0.01437903078328581
1342262053470412802,negative,0.0001630059832550359
1342262055299129345,negative,0.00741627213827822
1342262056200908800,negative,0.006090637631782576
1342262057530503170,negative,0.07294918075471754
1342262058860113921,negative,0.002745298738113449
1342262059514343431,negative,0.11470620869062428
1342262059929645056,negative,1.0937113495451487e-06
1342262060403453952,negative,0.0002598467371507277
1342262062010003456,negative,0.00891375960757663
1342262062353936385,negative,0.0005520065288040503
1342262064522424320,negative,0.0012445089043806013
1342262066208509952,negative,5.547586483555178e-06
1342262068163047426,negative,0.11623573882374373
1342262072655147008,negative,5.001696173137159e-06
1342262074718748675,negative,0.0010427729243528215
1342262075599581188,neutral,0.42917751334538623
1342262075637297161,negative,0.025730578603657392
1342262075813457921,negative,5.001696173137159e-06
1342262076287442945,negative,0.0649409937485363
1342262076522328066,negative,0.03816689789504979
1342262081207283712,negative,0.10941009576461619
1342262081538686981,negative,0.006051590184189124
1342262084885745666,negative,4.990100557194014e-06
1342262085099675648,negative,0.00508283694788516
1342262087523979266,negative,0.0005520065288040503
1342262087926620161,negative,0.00291899383285735
1342262088765464578,negative,5.001696173137159e-06
1342262089235263491,negative,0.05128520795341891
1342262090736627712,negative,0.0004760529356788509
1342262107681607680,negative,0.013553590421414848
1342262108503863300,negative,0.05362181895143222
1342262114665320449,negative,0.028597273158168388
1342262115499962368,negative,0.05362181895143222
1342262116879884289,negative,0.07793100639095639
1342262117274185729,negative,0.03639025522036863
1342262120562491394,negative,0.0002780631442782194
1342262130817585155,negative,8.105809810599125e-07
1342262134646976518,negative,0.004312563521657284
1342262134684721158,negative,0.006090637631782576
1342262136362307584,negative,0.0004615635581546248
1342262138241490945,negative,6.448047516669865e-07
1342262139357175811,negative,0.14143821175705878
1342262139604656133,neutral,0.3852906614280209
1342262139856314371,negative,0.01203361574489657
1342262141563396097,negative,6.100886121531899e-06
1342262141785661445,negative,0.1233919987540032
1342262142255439873,negative,8.515087045096324e-06
1342262144620965889,negative,5.001696173137159e-06
1342262145875120134,negative,5.001696173137159e-06
1342262147355717632,negative,2.287556772735083e-05
1342262147376680963,negative,0.09330070914684761
1342262150136524800,negative,0.007127496196651172
1342262156943880198,negative,0.06274005405642673
1342262158013440000,negative,5.5957735418456065e-05
1342262158340534272,negative,7.847061863400528e-11
1342262159124869130,negative,0.0004760529356788509
1342262160274153472,negative,0.2812124665127172
1342262162090307586,negative,0.019196637429483427
1342262162639749122,negative,0.2055473974988589
1342262163671560198,negative,2.1624295617574583e-05
1342262163747057671,negative,0.004551295411253584
1342262164531408896,negative,0.2807135905888405
1342262165814857729,negative,0.004551295411253584
1342262165865193477,negative,0.09640323611645361
1342262166372626432,negative,8.515087045096324e-06
1342262167341559813,negative,0.17382152354309108
1342262167500955648,negative,0.27538537887707226
1342262168188805134,negative,0.00012928797514979426
1342262169178615809,negative,4.429319665962582e-07
1342262170357260294,negative,5.001696173137159e-06
1342262171661582336,positive,0.8392352708531773
1342262171724636160,negative,0.28203837196276366
1342262173393956869,negative,0.000744929798788924
1342262174337654797,negative,0.01691112849753874
1342262176971685890,negative,0.019196637429483427
1342262178603261952,negative,5.304206422574919e-05
1342262178691354627,negative,0.014849538568656992
1342262181081960448,negative,0.0016517701137548416
1342262181467987968,negative,0.006090637631782576
1342262182210236417,negative,0.00023006014134985945
1342262183669993472,negative,0.00010097125195684462
1342262183741292544,negative,5.001696173137159e-06
1342262183883845637,negative,0.053045313344760675
1342262185423237121,positive,0.6691262784899221
1342262186853478403,negative,0.10514650290048043
1342262190120841218,negative,0.3195796750813212
1342262190653505536,negative,0.10335774295999144
1342262191223934977,positive,0.8488784103859388
1342262191299424259,neutral,0.5266499114464975
1342262192427716610,positive,0.9977123215001344
1342262193199456257,negative,5.001696173137159e-06
1342262193723740160,neutral,0.3355568249059029
1342262199503478798,neutral,0.381875542748901
1342262200711446529,negative,0.05583299329353172
1342262201005039616,negative,0.17003750918449947
1342262207988584451,negative,0.18543234769735967
1342262208546435074,negative,0.013753592211249485
1342262208714174470,neutral,0.42076888431135534
1342262211243339777,negative,0.0003420567275969372
1342262214783356931,negative,5.001696173137159e-06
1342262215420899330,negative,8.515087045096324e-06
1342262217836802049,negative,0.0020110122635098224
1342262219204079616,negative,1.0163306598282738e-08
1342262219455799297,negative,0.039729908507049196
1342262219824898049,negative,0.09330070914684761
1342262220395339777,negative,0.2812124665127172
1342262221875929090,negative,7.8964593116111e-10
1342262222786088961,negative,1.2114722476918681e-06
1342262223872397317,negative,0.0003756903707675662
1342262225906626562,negative,0.274968628404148
1342262226355433477,negative,0.015773583174067275
1342262226435137537,negative,5.001696173137159e-06
1342262226443505667,negative,5.547586483555178e-06
1342262226841989120,negative,0.026685184779415567
1342262232135163905,negative,0.2812124665127172
1342262232818868234,negative,0.024694100878818438
1342262232902737920,neutral,0.5533621941091235
1342262233565450240,negative,5.001696173137159e-06
1342262234119069697,negative,3.8518669949501684e-05
1342262234798579712,negative,0.2812124665127172
1342262238338568198,negative,0.006511841799518628
1342262239798190080,negative,0.15880046135302706
1342262241501081602,negative,1.6734281074416479e-10
1342262241945640960,neutral,0.5052510391936574
1342262243287855107,neutral,0.337628287781133
1342262244797722627,negative,5.001696173137159e-06
1342262245452091395,negative,0.10605743521003269
1342262246769098754,negative,9.948190231384446e-05
1342262250921480192,negative,1.2137587316032155e-05
1342262252724957185,negative,2.772439602910312e-06
1342262255380029445,negative,0.1921655269226555
1342262260492861443,negative,0.271155428753468
1342262261470126089,negative,0.10940690580394623
1342262263219171328,negative,8.720650695592244e-11
1342262266083897352,negative,4.23470429863831e-09
1342262267136659463,negative,9.948190231384446e-05
1342262268571115520,negative,5.547586483555178e-06
1342262269833572358,negative,0.12327529956416726
1342262270596964353,negative,0.039729908507049196
1342262271540649984,negative,0.23802512279574
1342262272870277120,negative,0.05583299329353172
1342262273331654657,negative,0.02312814423556466
1342262273931431942,negative,0.0004760529356788509
1342262276376694785,negative,0.17936937691063232
1342262277240627202,negative,0.011490537435018785
1342262278016675840,negative,5.001696173137159e-06
1342262278490640386,negative,0.29063585791036006
1342262279090434048,negative,0.2812124665127172
1342262279534903296,negative,9.948190231384446e-05
1342262279904120832,negative,0.005161783022312343
1342262280990433281,negative,0.05842346342651086
1342262282261164032,negative,0.0010427729243528215
1342262282441666562,negative,0.2812124665127172
1342262283863470086,negative,0.0003389455323041898
1342262284631089158,negative,0.03597532015798801
1342262286363324417,negative,0.06487390577265591
1342262286765981697,negative,0.06487390577265591
1342262289232228352,negative,0.00023602714297179798
1342262289286787073,negative,0.0004760529356788509
1342262289878040576,neutral,0.525456755592853
1342262290754674688,negative,0.23556854023742838
1342262292407332866,neutral,0.5052510391936574
1342262292499623937,negative,0.14143821175705878
1342262293040492544,negative,5.001696173137159e-06
1342262293048995842,negative,0.01226891165639282
1342262293984378880,negative,9.278331873726117e-06
1342262294894551046,negative,0.05528446120294227
1342262295225720833,neutral,0.46098718850390424
1342262295804735489,positive,0.6631118443454164
1342262298707165191,negative,0.004797521904475676
1342262299483140104,negative,0.09375519958997075
1342262300275691522,negative,0.00011666301283172625
1342262302171656192,negative,0.021915495208888153
1342262302662385664,negative,0.10700295468860774
1342262303547404290,neutral,0.4658434775723289
1342262304046538752,negative,0.14143821175705878
1342262305887813632,negative,0.00032885317117754283
1342262307225825280,negative,0.05879877175333563
1342262308081446928,negative,0.15237137935820858
1342262313026547713,negative,5.001696173137159e-06
1342262315186577410,negative,5.001696173137159e-06
1342262317728329729,negative,0.05583299329353172
1342262319024373765,negative,0.0012445089043806013
1342262320437858307,negative,0.26923758229422423
1342262320454656000,negative,0.0017506143388280031
1342262320932794369,negative,0.2812124665127172
1342262323340259329,negative,0.021944359097342804
1342262325504577538,negative,5.001696173137159e-06
1342262331036868609,negative,0.27538537887707226
1342262334291632128,negative,0.10700295468860774
1342262335235371009,negative,5.001696173137159e-06
1342262337298952193,negative,1.8567392350144733e-07
1342262339333201920,negative,2.9905891850224344e-06
1342262340440518660,negative,9.948190231384446e-05
1342262341229043712,negative,0.031442663540253143
1342262341598113796,positive,0.7475242755227335
1342262342134935555,negative,0.0002392550969991425
1342262342470389762,positive,0.6910199401157298
1342262342877327361,negative,0.0059250161298649885
1342262344982867968,negative,0.05154224210300992
1342262347260424194,negative,0.1033758090819615
1342262347985989633,negative,0.2812124665127172
1342262349227569152,negative,0.01783966438429332
1342262349693120513,negative,0.3062692949725709
1342262350414548994,neutral,0.5495922250151081
1342262350607503360,negative,1.5941492595917876e-06
1342262351798665216,negative,5.547586483555178e-06
1342262352624963585,negative,7.8964593116111e-10
1342262352901775365,negative,0.013693389405275775
1342262352943702016,negative,0.019937252458622982
1342262361927909376,negative,0.0012445089043806013
1342262363190403073,negative,0.0010096761441812407
1342262366021570560,negative,2.7058085671746345e-12
1342262367565053955,negative,0.053818892924726525
1342262371344130051,negative,0.06405537043123012
1342262373428703234,negative,0.2812124665127172
1342262374464688132,negative,5.001696173137159e-06
1342262374519230469,negative,5.304206422574919e-05
1342262375014158342,negative,8.057973931172295e-09
1342262375060299777,negative,0.002745298738113449
1342262376532500480,negative,0.0012445089043806013
1342262377765548033,negative,0.05583299329353172
1342262378805788673,negative,0.00037973496598272746
1342262378898010112,negative,0.002745298738113449
1342262381624307712,negative,0.05842346342651086
1342262381871816708,negative,0.10700295468860774
1342262383641841664,negative,0.0005094877677718196
1342262388574318592,negative,7.30774934935384e-05
1342262391380324353,negative,1.3296958092343718e-05
1342262392416325633,negative,3.6259519405557316e-09
1342262392969945099,negative,0.0002147295060475801
1342262393280327680,negative,0.01901656117934125
1342262393750040576,neutral,0.42919830775866974
1342262393867526144,negative,0.05842346342651086
1342262394739978241,negative,5.001696173137159e-06
1342262395373281281,neutral,0.5052510391936574
1342262395905966084,negative,0.007295166425623068
1342262397239701505,negative,0.0017880157369971467
1342262399051722753,negative,0.14621262492287865
1342262400968519681,negative,0.010562229519211416
1342262402470076416,negative,3.892122102033794e-05
1342262405179576321,negative,0.005928838462996148
1342262405464809474,negative,0.0007723023892663924
1342262407171858437,negative,0.02670249066158705
1342262407318679556,negative,0.04309523899221751
1342262408585338882,negative,1.586440742000799e-07
1342262412687376387,negative,5.001696173137159e-06
1342262413144559621,negative,0.002745298738113449
1342262413228441600,negative,9.033181497090385e-06
1342262413899558912,negative,0.0008458280861226473
1342262455393783810,negative,8.389501101409059e-06
1342262459382427649,negative,0.012059589483357832
1342262460087209984,negative,0.07599365025105255
1342262460435357696,negative,0.2692005333108146
1342262466361905153,negative,0.0025687369517988536
1342262466747670528,negative,0.0014428555177986005
1342262470442971145,negative,0.05842346342651086
1342262472955330567,negative,0.2547455000967796
1342262475849347077,negative,5.001696173137159e-06
1342262477757820929,negative,5.001696173137159e-06
1342262480324726785,neutral,0.5951131789651634
1342262480635047937,negative,0.0016517701137548416
1342262481377513473,negative,9.948190231384446e-05
1342262481478160385,negative,6.582747253450239e-05
1342262483369807873,negative,0.033891431419083816
1342262484212842496,negative,0.26923758229422423
1342262485328523267,negative,3.3695432107447227e-09
1342262488440692736,negative,0.00963674801514392
1342262488830775296,negative,0.00032070356267105724
1342262489757708288,neutral,0.5052510391936574
1342262494203703297,negative,0.024694100878818438
1342262496745422848,negative,0.0012445089043806013
1342262497747886080,neutral,0.37500417046141926
1342262499685654529,negative,7.98836154887833e-07
1342262500646117376,negative,5.001696173137159e-06
1342262500818112512,negative,0.05842346342651086
1342262500860026881,negative,0.1046443207536143
1342262503150145537,negative,0.12356545199738704
1342262505717051404,negative,7.30774934935384e-05
1342262506199388162,negative,0.002180415577433515
1342262507508002816,negative,0.061960153216644734
1342262507684175873,negative,0.025521009978160064
1342262508212649985,negative,0.002745298738113449
1342262509726797825,negative,5.001696173137159e-06
1342262516580278272,neutral,0.47878153849390703
1342262517549191170,neutral,0.5199927486136079
1342262520220946434,negative,0.09272343039868577
1342262521617674240,negative,0.008002740267951025
1342262524645945345,negative,0.3062692949725709
1342262529167384576,negative,0.0147501555232423
1342262529251303424,negative,0.008002740267951025
1342262529825898496,negative,0.32677508348852996
1342262530752749569,negative,0.031529621031071306
1342262531470094337,negative,2.5162508935813685e-13
1342262531495133184,negative,0.0003671234139955744
1342262531528609794,negative,0.030615240308579827
1342262531549782016,negative,0.16434535277685025
1342262531553951745,negative,0.0005338665238756682
1342262531696570373,negative,8.866073381225365e-05
1342262531721580545,negative,0.0021775207886998286
1342262531864358915,neutral,0.42076888431135534
1342262533059710979,negative,9.948190231384446e-05
1342262533885976577,negative,0.13008799497860846
1342262534317883392,negative,5.001696173137159e-06
1342262535618232322,negative,0.15628274023114563
1342262537153351681,negative,0.0001938962707097784
1342262537975459840,neutral,0.6387765042918215
1342262539518959618,negative,0.004593723501288279
1342262539783188482,negative,0.01952232707054876
1342262539892232193,negative,0.01363011378171959
1342262540655603712,negative,0.0006761293469250247
1342262543394463748,negative,0.0005338665238756682
1342262544505982976,negative,0.01864142471665049
1342262546330497025,negative,0.0005405600985038041
1342262549543321603,negative,0.034996636620554654
1342262550436708352,negative,5.001696173137159e-06
1342262551258791937,negative,0.03844844599892139
1342262552689053700,neutral,0.5052510391936574
1342262554173853696,negative,5.651241791700221e-06
1342262554786230272,negative,0.005928838462996148
1342262559014072320,negative,5.001696173137159e-06
1342262560138137602,negative,0.04316139595642371
1342262560201052161,negative,0.22184054409941395
1342262560524005379,negative,0.0002392550969991425
1342262560620482562,negative,8.515087045096324e-06
1342262560750522369,negative,0.00043176802442914584
1342262561241239557,negative,5.850717284459209e-05
1342262561337606145,negative,1.2944981210399998e-06
1342262562482753538,negative,3.792379489848801e-05
1342262562545692672,negative,0.021832781444602187
1342262563959156736,negative,0.026954817906842662
1342262566572097536,negative,5.001696173137159e-06
1342262566609940480,negative,5.667585845313686e-06
1342262568862285824,negative,5.001696173137159e-06
1342262570145652742,negative,0.30396949356940606
1342262571819270151,negative,0.00015960150241614793
1342262574759481345,negative,5.001696173137159e-06
1342262575002742791,negative,0.0004760529356788509
1342262581080297473,negative,0.2742641492310916
1342262581365452801,negative,1.2218199425802395e-09
1342262582644633601,negative,2.903735128537083e-15
1342262584079228929,neutral,0.49789225920557484
1342262584364462081,negative,0.12962009069807864
1342262584460894210,negative,0.21047953907773329
1342262584683225093,neutral,0.5505550505941735
1342262584880328706,negative,0.0016517701137548416
1342262585970843648,negative,0.16532172419126437
1342262589313658884,negative,5.304206422574919e-05
1342262590672674817,negative,0.0015845966225179033
1342262592220364801,negative,8.931745514121027e-07
1342262592316833798,negative,0.01901656117934125
1342262593977798669,negative,0.002494436733949733
1342262594321711107,negative,0.08096063977889173
1342262595944914944,neutral,0.6560436105996037
1342262596007821312,negative,0.25512991123810547
1342262596431450117,negative,0.0001630059832550359
1342262596724920320,negative,0.08502238529453657
1342262597794623489,negative,0.05842346342651086
1342262598729920514,negative,0.021832781444602187
1342262671706632192,negative,0.06356053740885668
1342262671979196417,negative,0.0004615635581546248
1342262674382598146,negative,4.44071635805968e-10
1342262677708615681,negative,0.002514307031412922
1342262678207799296,negative,5.001696173137159e-06
1342262678434295808,negative,5.547586483555178e-06
1342262678937624576,negative,0.0147501555232423
1342262681605201921,negative,0.0069571137892871044
1342262683106746370,negative,0.039729908507049196
1342262684713185285,negative,0.10700295468860774
1342262687204519938,negative,0.013693389405275775
1342262689112883200,negative,0.0002392550969991425
1342262689729572868,negative,0.019318928602428082
1342262690866196482,neutral,0.40112326862808023
1342262691335966720,negative,0.00015833080182583252
1342262692224978944,negative,9.333600432568103e-06
1342262693458305025,negative,0.0026124523847950915
1342262696444620806,negative,0.0023741278137365917
1342262699217068034,negative,1.1895472526989043e-11
1342262703704961033,negative,0.174275810599326
1342262705131032578,neutral,0.5693934120867108
1342262705340751872,negative,3.4737509130220645e-05
1342262706338996228,negative,0.05362181895143222
1342262707077214213,negative,0.0003389455323041898
1342262715067326466,negative,0.2692005333108146
1342262715184787457,neutral,0.5587017350423765
1342262715503489026,negative,0.002096652302557571
1342262716594053121,negative,0.10700295468860774
1342262718515073024,negative,1.003553075827197e-13
1342262721115516929,negative,5.001696173137159e-06
1342262721681764353,negative,0.015155107296918732
1342262723518869505,negative,6.17938220872769e-05
1342262724433211393,positive,0.7364552304579606
1342262725909557248,negative,0.10335774295999144
1342262726589108225,negative,8.539682111818545e-06
1342262727549603840,negative,5.001696173137159e-06
1342262730649202696,neutral,0.43476015795637407
1342262731186057217,negative,9.181651299452914e-14
1342262731408351232,negative,0.15884973808023384
1342262731680858113,negative,0.0002392550969991425
1342262733492932608,negative,0.2117793879625942
1342262734021394432,negative,0.0016517701137548416
1342262734159810560,negative,5.001696173137159e-06
1342262734663122944,negative,1.2114722476918681e-06
1342262736751894534,negative,0.005928838462996148
1342262737372663821,negative,7.30774934935384e-05
1342262737657856004,negative,0.032820215040747766
1342262738433794049,negative,0.018367562345874888
1342262738710654976,negative,1.7693529206970863e-05
1342262739025027072,negative,3.253969187473051e-06
1342262741449527304,negative,5.001696173137159e-06
1342262742158348288,negative,0.00019808245832578532
1342262747195604992,negative,0.006090637631782576
1342262749452263424,negative,8.515087045096324e-06
1342262749716475904,negative,0.00046183878080629837
1342262750836260864,negative,0.0010427729243528215
1342262751230631938,negative,0.0027243596167724846
1342262757463363585,negative,0.0005520065288040503
1342262757631078401,negative,0.004366399748698926
1342262759732477958,negative,3.286028724472369e-05
1342262760718163968,positive,0.8280162761025324
1342262761506668545,negative,1.6734281074416479e-10
1342262764681777152,negative,0.0008067471435549648
1342262766766329856,negative,0.025791073671890593
1342262767324164097,negative,5.001696173137159e-06
1342262768465010689,neutral,0.44278283723900314
1342262768779587587,negative,0.12703271384507175
1342262770318925824,negative,0.08441834286023552
1342262770474110977,negative,0.0026418808824810475
1342262770532806657,negative,0.0013127126843878506
1342262770918682624,negative,5.001696173137159e-06
1342262775201079298,negative,0.044910094014070416
1342262780439781377,negative,0.00029267990461877914
1342262783212195840,negative,5.120117819341654e-06
1342262784273297411,negative,7.5433297886773e-05
1342262785393233920,negative,6.83979091509737e-08
1342262785506471936,negative,4.809095027222129e-07
1342262786538221568,negative,1.4121878347329591e-06
1342262786685079557,negative,0.001939932573800638
1342262859435270144,negative,0.2812124665127172
1342262861238824960,negative,0.07409858964317478
1342262863981907969,negative,0.004300878492222307
1342262867412873217,negative,0.2343518688100231
1342262867609985026,negative,0.3148661002664941
1342262868092186626,negative,9.948190231384446e-05
1342262870038482944,negative,0.1702822805689721
1342262871724462080,negative,0.004312563521657284
1342262872026570755,negative,0.21047953907773329
1342262875272982533,negative,0.000936550564584934
1342262877915410442,negative,0.08419645984279729
1342262879333052417,negative,5.067111439135553e-05
1342262881337765888,negative,0.1882749635470164
1342262882235543554,negative,1.17840032164209e-05
1342262883955183616,negative,0.003439607294750361
1342262885800665088,neutral,0.5803754797976056
1342262887885107200,negative,0.0002392550969991425
1342262889424576512,negative,9.244861717688193e-07
1342262889583955970,negative,0.0013472411794801273
1342262892238954502,neutral,0.4737554465528978
1342262892385722368,negative,0.27538537887707226
1342262892641603584,negative,0.005021416181954231
1342262893635645440,neutral,0.5270691805980842
1342262895204302848,negative,0.0004760529356788509
1342262895904759808,positive,0.699848364600347
1342262897351733258,negative,5.001696173137159e-06
1342262898853343232,negative,5.2844308004621656e-05
1342262900178612224,negative,9.948190231384446e-05
1342262902364008450,negative,0.00015837122803427227
1342262903290793985,negative,5.001696173137159e-06
1342262905547460609,negative,6.068629304828653e-09
1342262906021421056,negative,5.001696173137159e-06
1342262911406919680,negative,0.002035526777964447
1342262911792766976,negative,2.9176171683774984e-05
1342262912035872774,negative,0.019937252458622982
1342262914007396352,negative,5.667585845313686e-06
1342262914909155331,negative,0.10440416148123748
1342262916968448001,negative,0.00023918628907134294
1342262922156904450,negative,0.10335774295999144
1342262923155173378,negative,0.15884973808023384
1342262924715429888,negative,0.14143821175705878
1342262926808330240,negative,0.11817428749962533
1342262927139753985,negative,0.021944359097342804
1342262931422113793,negative,0.00012999382588466934
1342262933729005570,negative,5.001696173137159e-06
1342262937097003013,negative,5.001696173137159e-06
1342262939739435009,negative,0.16532172419126437
1342262941651927040,negative,1.6734281074416479e-10
1342262942599958539,negative,5.066138631292994e-08
1342262942780301318,negative,9.948190231384446e-05
1342262943401062401,negative,0.21770342410541416
1342262943451389954,negative,5.001696173137159e-06
1342262943631765507,negative,0.0005442282164220595
1342262943979872256,negative,0.0069571137892871044
1342262946752151557,negative,0.2049332621692591
1342262947385651200,negative,9.413024022761636e-12
1342262949654749184,negative,0.03589160844210587
1342262949784805378,negative,0.00048105932977616416
1342262949797355523,negative,5.001696173137159e-06
1342262950652903424,neutral,0.48357347728475064
1342262952133599236,negative,1.87848480124709e-05
1342262952225894400,negative,0.10642066530123052
1342262954062970882,negative,0.005993871229542584
1342262954092339205,negative,0.0006694108814461558
1342262955178655744,negative,0.00031169585380664606
1342262958420865026,negative,0.04825897008487054
1342262959930826752,negative,0.006090637631782576
1342262960249577472,neutral,0.6432945961808092
1342262960857755648,negative,0.000477147450394425
1342262961608548353,negative,1.8014280880923828e-07
1342262962279620618,negative,0.056634523800294545
1342262962564829184,negative,7.8964593116111e-10
1342262962648576000,negative,0.0004760529356788509
1342262963386900481,negative,3.4596480457565886e-07
1342262964020277248,negative,0.0029162106044717155
1342262967375699970,negative,0.031150089462512593
1342262970714386432,negative,0.028382423216613863
1342262972878610433,negative,0.021944359097342804
1342263043435200512,negative,6.267376250863573e-05
1342263045712719872,negative,5.001696173137159e-06
1342263045972758531,negative,0.2859678439811392
1342263046723555329,negative,0.0009774141895945608
1342263047092637706,negative,0.0007431283633570746
1342263050833899521,negative,0.03491848483191214
1342263051320344577,negative,0.01783966438429332
1342263052331323392,negative,0.00046567532590977934
1342263053883215873,neutral,0.5664876250566435
1342263060434567168,negative,2.0081745218113766e-16
1342263061676253187,neutral,0.3861782210772519
1342263064780021772,negative,0.0017880157369971467
1342263065614684162,negative,0.2812124665127172
1342263068512935936,negative,0.004010050936999628
1342263068588470272,negative,2.5314215455667994e-06
1342263069561544715,negative,0.05328761042999513
1342263069674618881,negative,8.515087045096324e-06
1342263071587364869,negative,0.009392448449831186
1342263074414321672,negative,0.2692005333108146
1342263075710255104,positive,0.9996679469659898
1342263076708638726,negative,0.1702822805689721
1342263078705123328,negative,0.16607610750087148
1342263079476883460,negative,0.0005520065288040503
1342263080781303810,negative,0.021944359097342804
1342263080982634499,negative,0.11714886911952067
1342263084170309640,negative,0.015924051368230326
1342263084258381824,negative,5.001696173137159e-06
1342263084270972930,negative,0.0017880157369971467
1342263084828794882,negative,0.004407745679555904
1342263091829104648,negative,0.32677508348852996
1342263094131781637,negative,1.1585304677619198e-08
1342263094979014659,neutral,0.42785875118910477
1342263095553650689,negative,5.001696173137159e-06
1342263095884992512,negative,2.301006547211644e-18
1342263096228851713,negative,0.023154275072564585
1342263096400863232,negative,9.948190231384446e-05
1342263096933560320,negative,0.0002392550969991425
1342263097134899210,negative,5.001696173137159e-06
1342263097394925570,negative,0.15372382877574875
1342263098237972483,negative,0.30957346216089243
1342263098640625668,neutral,0.49789225920557484
1342263098925867009,negative,5.001696173137159e-06
1342263099735207936,negative,1.9244590845966796e-07
1342263104810475521,negative,0.16978909339983692
1342263106299314177,negative,0.002367167875322707
1342263110858629121,negative,0.0012445089043806013
1342263111039000576,negative,0.2164295994262103
1342263111508746247,negative,0.0676946635960625
1342263113622683648,negative,0.06356053740885668
1342263113643659264,negative,0.019937252458622982
1342263113903648771,negative,0.07699097386938451
1342263114251853825,negative,0.09363772808127344
1342263115224936451,negative,0.0001418981889336493
1342263115950546945,positive,0.9701352583677393
1342263117062033413,negative,3.792379489848801e-05
1342263117657616387,negative,0.00046473667666213555
1342263117686976520,negative,0.006090637631782576
1342263118991257601,negative,0.27538537887707226
1342263118995599360,negative,1.229881934368764e-05
1342263121172262913,negative,2.8239881207290624e-05
1342263121986154497,negative,3.142822654108156e-05
1342263123043098626,negative,0.0011264451685020522
1342263124267819011,negative,0.019196637429483427
1342263125047988231,negative,5.001696173137159e-06
1342263130240462848,neutral,0.49789225920557484
1342263131087761411,negative,0.000477147450394425
1342263133440778246,negative,0.005820164500544555
1342263134921306114,negative,3.792379489848801e-05
1342263135693139969,neutral,0.43476015795637407
1342263136234201088,negative,0.2812124665127172
1342263138058645512,positive,0.9996679469659898
1342263138603978752,negative,0.006663578974160842
1342263138826260480,neutral,0.42603848266962235
1342263139602206720,negative,5.001696173137159e-06
1342263139614789634,negative,0.0004760529356788509
1342263139656736770,negative,0.0009916164606348153
1342263140126486529,neutral,0.38980451004723643
1342263140201988100,negative,0.019196637429483427
1342263142009753601,neutral,0.381875542748901
1342263144815722498,negative,5.2913108828069746e-08
1342263146321485824,negative,0.31732489718339985
1342263147290353664,neutral,0.43476015795637407
1342263148489953281,negative,0.05493153835037799
1342263149446254592,negative,0.010006575481849482
1342263150406725632,negative,5.001696173137159e-06
1342263150981349377,neutral,0.4609160084261341
1342263151606300672,negative,0.11182245947334335
1342263151967035393,negative,0.007284492003398781
1342263153707593730,negative,0.00606045011717588
1342263154902970370,negative,0.019937252458622982
1342263156270395395,neutral,0.47878153849390703
1342263157570596881,negative,0.0005520065288040503
1342263158984093696,negative,0.0010427729243528215
1342263160879915009,negative,0.32677508348852996
1342263160959619073,negative,0.0012226851812149105
1342263226881331200,positive,0.9078414350505055
1342263226923425792,negative,0.019937252458622982
1342263229779648513,negative,0.005928838462996148
1342263231100948482,negative,5.001696173137159e-06
1342263236511625216,negative,0.15884973808023384
1342263238478577664,negative,1.6816419293581537e-07
1342263239112085507,positive,0.9845644697550272
1342263239225319424,negative,5.001696173137159e-06
1342263239732830212,negative,0.023075944015281635
1342263240567508992,negative,0.32178220857981144
1342263242350063620,negative,0.12248249736691665
1342263243671293957,negative,6.738142975590575e-06
1342263243826466822,negative,0.0032868863972362666
1342263246301097985,negative,0.018367562345874888
1342263246556962821,negative,0.05528446120294227
1342263246561161218,negative,0.011388975711206782
1342263248029057024,negative,0.003379464901668482
1342263249891373062,negative,0.01546845493890883
1342263250235371521,negative,0.23043890966701627
1342263251275493377,negative,0.15628274023114563
1342263252470779904,negative,1.178467531869671e-06
1342263255788625922,negative,0.015646840494941375
1342263259014066178,negative,0.000571812841904101
1342263259035009026,negative,3.5894207286053826e-06
1342263260251303936,negative,5.547586483555178e-06
1342263260284858373,negative,1.6734281074416479e-10
1342263260507205632,negative,0.15952304078038615
1342263262302257153,negative,0.10941009576461619
1342263263904542724,negative,0.064398426556519
1342263264177090560,negative,0.02221155717922934
1342263264722477056,negative,0.0023408167110787327
1342263265750089732,negative,0.023272702321897463
1342263265859043328,neutral,0.33657875458960645
1342263267981479938,negative,0.12700779121691821
1342263271517286400,negative,0.14143821175705878
1342263271768862729,neutral,0.5510042916286589
1342263274075803651,negative,7.892614609376362e-05
1342263274121916418,negative,1.6734281074416479e-10
1342263281692631054,negative,1.072553463590708e-06
1342263284393771009,negative,7.274740106374688e-05
1342263285505282048,neutral,0.46547057249507146
1342263285693952001,negative,5.121154846943292e-07
1342263286595780608,negative,2.9756695389912087e-05
1342263287249993729,negative,0.000942675738455971
1342263289099800581,negative,2.571240772966846e-09
1342263289233993732,negative,0.04095176045550345
1342263292627189760,negative,0.0013564237108465757
1342263294111981571,negative,0.1949120918960849
1342263296112656384,negative,0.015155107296918732
1342263297979142147,negative,8.325386421601919e-16
1342263298763321344,negative,5.001696173137159e-06
1342263303083589650,negative,0.02151864858614361
1342263306757812225,negative,0.15104356265589225
1342263307864952832,negative,0.04710514821702775
1342263310339637249,negative,0.0014285710650825932
1342263310411030529,positive,0.6652069235616231
1342263311333810179,negative,5.001696173137159e-06
1342263314668281858,negative,5.001696173137159e-06
1342263317113565184,negative,0.0009916164606348153
1342263317797154816,negative,3.792379489848801e-05
1342263318455713798,negative,5.001696173137159e-06
1342263320699674624,neutral,0.5476692728285694
1342263321035214856,negative,3.792379489848801e-05
1342263321530159105,negative,7.094470035461005e-08
1342263321941200896,negative,9.677109767198268e-06
1342263324227084293,negative,0.020114219243298516
1342263324583596033,negative,0.001174720251238613
1342263325539917825,negative,0.00014837470611094773
1342263326336663553,negative,0.056064655995890535
1342263327112769536,negative,0.0069571137892871044
1342263327301529602,negative,8.515087045096324e-06
1342263327746117632,negative,0.0003239154728240111
1342263333165150208,positive,0.9421673663253505
1342263335144878081,negative,5.001696173137159e-06
1342263335757225985,negative,0.0049722195723394015
1342263337376219136,negative,0.05795495553258181
1342263337942278145,negative,3.142822654108156e-05
1342263345555058690,negative,0.1258285199032784
1342263346708549632,neutral,0.48153909344819396
1342263403172290565,negative,1.4423976459172272e-05
1342263405378478080,negative,0.0012445089043806013
1342263405386866690,negative,0.0013694332895099037
1342263406045360128,negative,0.09330070914684761
1342263406968123393,negative,0.019713886976049255
1342263411355373572,negative,1.6082051077464364e-07
1342263421237125120,negative,0.0850136688028538
1342263424827461632,negative,0.21047953907773329
1342263425196564482,negative,0.006090637631782576
1342263425595027464,negative,0.0016517701137548416
1342263426106732545,negative,0.015773583174067275
1342263426198994944,negative,0.00741627213827822
1342263426232545280,negative,0.013693389405275775
1342263429214711811,negative,0.08502238529453657
1342263430552629248,neutral,0.5788765001710737
1342263433866178560,negative,0.012613359945249826
1342263434130427904,positive,0.7364552304579606
1342263435124486145,negative,0.006090637631782576
1342263436852547587,negative,5.001696173137159e-06
1342263437632692224,negative,1.0974318725033421e-11
1342263437892706307,negative,0.05583299329353172
1342263437943037952,negative,5.547586483555178e-06
1342263438622470144,negative,1.7693529206970863e-05
1342263438765150225,negative,0.05962565649331607
1342263439310413826,negative,0.004312563521657284
1342263439822086144,negative,0.0022558990971385325
1342263440224747520,negative,0.009495533261354747
1342263443756351490,negative,0.0010427729243528215
1342263445161435141,negative,5.001696173137159e-06
1342263447006945287,negative,9.948190231384446e-05
1342263448160382977,negative,0.03439255217718012
1342263449200431104,negative,0.00207503941419593
1342263452534976512,negative,8.229000898605658e-06
1342263454187606016,negative,0.001909032705806478
1342263454942572544,negative,0.00014439014272698802
1342263458415308801,negative,0.0016517701137548416
1342263458583072769,negative,0.003423553325377229
1342263461296795648,negative,0.1702822805689721
1342263462416818177,negative,0.015773583174067275
1342263463192641537,negative,6.719972030080913e-10
1342263467508547586,negative,0.08814464961023691
1342263467558899713,negative,0.0005411035772666518
1342263469433884672,negative,0.039729908507049196
1342263470176219136,negative,0.017840404156025128
1342263470352433155,neutral,0.33623359787652535
1342263474341236736,negative,0.0034421108000108193
1342263474609598472,positive,0.8488784103859388
1342263476702556162,negative,0.00013149057332647332
1342263477071732736,neutral,0.43476015795637407
1342263478317428736,negative,0.08154427849325556
1342263479319855110,negative,7.007744619063129e-05
1342263479563149317,negative,0.12248249736691665
1342263480196493317,positive,0.8937829373273602
1342263480343138306,negative,0.0016517701137548416
1342263482851487748,negative,5.001696173137159e-06
1342263483535138817,negative,0.2692005333108146
1342263488169832448,negative,0.0005828758043952115
1342263489524596741,negative,9.900591928653096e-08
1342263494729719808,negative,0.04141546156341195
1342263495400689665,negative,4.4990389509977444e-08
1342263495665078272,negative,0.013515345101612345
1342263496763957248,negative,3.401697118895802e-05
1342263496793346048,positive,0.7582986655538624
1342263498173153280,negative,1.0252191663780116e-09
1342263500782055424,negative,5.001696173137159e-06
1342263502208180224,neutral,0.46127768308170247
1342263502505832448,negative,0.005522534781108658
1342263503407763463,negative,0.00741627213827822
1342263505316175874,neutral,0.47878153849390703
1342263508172468227,negative,9.379946088556209e-12
1342263508633858052,negative,2.7423289949849588e-08
1342263508826636289,neutral,0.5971372102662001
1342263510429007879,negative,5.001696173137159e-06
1342263514346479616,negative,0.0004036356967443948
1342263516624015366,negative,0.0001690060164897966
1342263518624681986,negative,0.0005520065288040503
1342263520835022849,negative,0.0004950407106953068
1342263520986075136,negative,0.14143821175705878
1342263522248548352,negative,5.001696173137159e-06
1342263522831511553,positive,0.6691262784899221
1342263524567891968,negative,0.0010427729243528215
1342263524874219521,negative,0.0005520065288040503
1342263525012594696,negative,0.15884973808023384
1342263525067128833,negative,0.055789284994487286
1342263525624803328,negative,1.289920011177562e-05
1342263527864754188,neutral,0.5495922250151081
1342263529487949825,negative,0.002745298738113449
1342263530872066049,negative,0.2742641492310916
1342263531614441473,positive,0.6839062295750549
1342263531857731588,negative,0.020662502153600684
1342264459008634880,negative,0.011490537435018785
1342264460199809026,negative,0.1479458339242352
1342264465006485505,negative,0.10700295468860774
1342264466189262848,negative,0.002705233447326724
1342264468240297987,negative,0.09170500518962739
1342264469196591104,negative,0.019581859007364415
1342264470597378049,negative,8.515087045096324e-06
1342264471046270979,positive,0.8192561761403395
1342264471234994182,negative,5.547586483555178e-06
1342264471604101122,negative,0.007071217846319589
1342264473554477057,positive,0.9205854040796076
1342264474728865793,negative,1.904528956192619e-09
1342264475777458177,negative,2.8121648602853244e-05
1342264475802607618,negative,2.986163174794933e-05
1342264476477894657,negative,0.09364874678947042
1342264478503751680,neutral,0.4147454973971492
1342264478780420096,negative,8.187689805357438e-09
1342264478881226752,negative,0.13897227084666552
1342264479032221696,negative,0.1685688648619413
1342264482266013697,negative,0.05542869502444834
1342264482815479808,negative,5.001696173137159e-06
1342264483566268417,negative,0.10514650290048043
1342264484702916611,negative,0.06535660362142086
1342264485562757121,negative,2.7730791872106666e-07
1342264486992859136,negative,0.22707567550596763
1342264487051730944,positive,0.9205854040796076
1342264489698340865,negative,0.09330070914684761
1342264489937428480,negative,5.001696173137159e-06
1342264490235146242,negative,0.07629738974527894
1342264493238222849,neutral,0.44193049347687885
1342264494337236994,neutral,0.5495922250151081
1342264497432526848,negative,0.007930119279318443
1342264497919160326,negative,0.0004621289803301903
1342264498099466240,negative,5.001696173137159e-06
1342264498573488130,negative,2.8684645214354144e-06
1342264498825146368,negative,0.013064945787527102
1342264499563360256,negative,0.019196637429483427
1342264506769174528,negative,0.26076950668447035
1342264507528310786,negative,0.01130765333369214
1342264508685844480,negative,0.04547964353872919
1342264509549977600,negative,3.237042567773543e-07
1342264510040698881,neutral,0.5495922250151081
1342264512217567232,negative,1.0563686283471008e-05
1342264513723314176,negative,6.024363983334436e-09
1342264514411020289,positive,0.9716945716151877
1342264515002511360,negative,8.515087045096324e-06
1342264515216465921,negative,0.0022558990971385325
1342264515593961473,negative,0.0008201189247750985
1342264515715600388,negative,0.15237137935820858
1342264516525101057,negative,0.028883334796173155
1342264517527543808,neutral,0.43578060616678027
1342264520237080577,negative,7.30774934935384e-05
1342264520996253702,negative,0.02329323645236039
1342264523789623303,negative,0.2812124665127172
1342264524347383808,negative,0.1250224706700623
1342264525505110018,negative,0.07409858964317478
1342264525706428417,negative,0.14143821175705878
1342264526906007552,negative,2.6422528238128774e-05
1342264528017498124,positive,0.9956703077976866
1342264528743129088,negative,0.013191653713830735
1342264529896550401,negative,0.0003389455323041898
1342264532174073858,negative,0.005690555835752746
1342264533021323265,negative,0.10335774295999144
1342264533331668994,negative,0.0472447564184701
1342264533595770881,negative,4.6640454832307614e-05
1342264537106575360,negative,0.00032843279944512347
1342264538234839040,negative,0.000640573994560713
1342264538465521671,negative,0.03885683874475718
1342264538612314113,negative,3.386290378712663e-05
1342264539786719232,negative,0.0005520065288040503
1342264542454276097,negative,7.958692355630592e-14
1342264545360936960,negative,5.001696173137159e-06
1342264546648592386,neutral,0.36378564111820094
1342264550905827329,negative,0.1685688648619413
1342264551128096769,negative,0.0005520065288040503
1342264551912452097,negative,0.11182245947334335
1342264552168202240,negative,0.0002392550969991425
1342264554726813698,negative,0.006823645861180653
1342264555364356099,negative,0.0147501555232423
1342264556773638150,negative,0.009479215886671312
1342264557356650498,negative,0.044261733527995534
1342264558833053699,negative,0.02312814423556466
1342264559684308992,neutral,0.3309866124404005
1342264561181876226,negative,0.21921412548362115
1342264562599546881,negative,0.0009132518873357544
1342264564046589952,negative,5.001696173137159e-06
1342264564235317248,negative,0.0014313438979348828
1342264564830842880,negative,0.07409858964317478
1342264564952555520,negative,0.0003031201729253937
1342264565309075456,negative,0.05583299329353172
1342264570249940999,negative,0.008002740267951025
1342264572074463233,negative,0.0037920646438249286
1342264667792691201,negative,0.13824400858130126
1342264668698644480,negative,0.1685688648619413
1342264668941934594,negative,5.001696173137159e-06
1342264670112067585,negative,0.0049722195723394015
1342264670766305281,negative,0.0016208467659519876
1342264670808403968,negative,1.2114722476918681e-06
1342264671286530052,negative,8.30073164743534e-07
1342264674943954944,negative,2.3708809860440853e-08
1342264676743335937,negative,5.001696173137159e-06
1342264678148354048,negative,0.10700295468860774
1342264678517497857,negative,0.16280582794327256
1342264679025029120,negative,4.429319665962582e-07
1342264680954425349,negative,0.2812124665127172
1342264681273167874,negative,0.002973759161207461
1342264682745196544,negative,9.948190231384446e-05
1342264682875408387,negative,0.10935530584312392
1342264686876745728,negative,0.20081843170922334
1342264692157386752,negative,5.001696173137159e-06
1342264694179065862,negative,7.700702433735278e-06
1342264694468435971,negative,0.0005094877677718196
1342264694950735872,neutral,0.520416077448331
1342264698960556032,negative,0.007200527710598407
1342264702328565761,negative,0.01633952137715358
1342264703901454338,negative,0.0003572457382855756
1342264704832573441,negative,0.0004615635581546248
1342264705356804099,negative,0.0552278837031535
1342264709303726080,negative,0.14738399684216652
1342264711618809856,negative,0.0002147295060475801
1342264714743709696,neutral,0.5316624617817726
1342264715632758784,negative,5.765253553472556e-13
1342264716966522881,negative,0.20205063918698563
1342264717432279041,negative,0.00011161858042375532
1342264717738450950,neutral,0.5664876250566435
1342264718493364225,negative,0.0034185636050378682
1342264720628318208,negative,5.001696173137159e-06
1342264720838045696,negative,0.05583299329353172
1342264722352177153,negative,0.002745298738113449
1342264722805166080,negative,5.001696173137159e-06
1342264723836964866,negative,0.0010427729243528215
1342264724642177024,negative,0.0026375621237719254
1342264725418225669,negative,3.142822654108156e-05
1342264725879586816,negative,5.001696173137159e-06
1342264727553118208,negative,0.08352489039279884
1342264727611846659,negative,0.015646840494941375
1342264732066193408,negative,0.2692005333108146
1342264734716985346,positive,0.8488784103859388
1342264737065803777,negative,0.011819159025809475
1342264738185674752,positive,0.8253046878001519
1342264738240147456,negative,0.0002392550969991425
1342264739032932352,negative,0.007200527710598407
1342264743323721728,negative,0.00047765131100081044
1342264744108060674,negative,5.435094966686255e-10
1342264746742063105,negative,0.0022556532714541615
1342264747534786560,negative,0.2812124665127172
1342264747719335939,negative,5.2445089281631126e-08
1342264747807240192,negative,8.515087045096324e-06
1342264751146094599,negative,1.7867542631029987e-05
1342264752232398850,negative,0.26076950668447035
1342264752953823233,negative,0.015369146985407476
1342264753209675776,negative,0.002745298738113449
1342264755650781187,negative,8.073077315193917e-06
1342264756317659138,negative,9.948190231384446e-05
1342264756338647040,negative,0.00741627213827822
1342264758481903619,positive,0.9442819795427833
1342264761136930816,negative,5.001696173137159e-06
1342264761808007169,negative,0.0001630059832550359
1342264761841557504,negative,0.015773583174067275
1342264762105790464,negative,0.04309523899221751
1342264763015974917,positive,0.7516222384971892
1342264765847113729,negative,0.07409858964317478
1342264766656602118,negative,0.00011609003437700356
1342264769135443974,negative,0.21821773099278652
1342264770150477825,negative,0.0005520065288040503
1342264771702386689,neutral,0.5052510391936574
1342264772306345984,negative,0.011538404096376137
1342264773111644160,negative,1.600985857097005e-05
1342264773694644224,negative,0.16532172419126437
1342264774969724935,negative,0.007389862219639728
1342264775703736321,negative,0.2812124665127172
1342264778111266816,negative,0.0020521395253550612
1342264778979479552,negative,0.01864142471665049
1342264779419873280,negative,0.12550022074570946
1342264780183068673,negative,0.0016517701137548416
1342264780434898944,negative,0.018367562345874888
1342264781085020162,negative,0.009851401407793165
1342264783127670786,negative,0.2812124665127172
1342264784738267141,negative,0.0007215222070526154
1342264785728139270,positive,0.7975805902594509
1342264786856378376,negative,0.10700295468860774
1342264789536403462,negative,0.04266872475827593
1342264792493547524,negative,0.0006228340898782512
1342264792518635520,negative,0.00012991478402702838
1342264792854245391,negative,0.03215754177755666
1342264794703806464,negative,0.0008820816913441583
1342264798218747904,negative,0.00973722649927394
1342264890573123585,negative,0.00010577511559415505
1342264892271841280,negative,0.2042517137896546
1342264892783534080,negative,5.001696173137159e-06
1342264896579395585,negative,0.002745298738113449
1342264898445832198,negative,0.0012445089043806013
1342264900119363584,negative,5.001696173137159e-06
1342264901058883585,negative,3.0161349455641735e-07
1342264901126025216,negative,8.514515919000049e-12
1342264904175255552,negative,0.10713583614538598
1342264905144160258,negative,5.001696173137159e-06
1342264905710374916,negative,0.1492707706487162
1342264905836052481,negative,0.025137561152171424
1342264905899118592,negative,4.2903125602753086e-11
1342264906872201216,negative,1.2114722476918681e-06
1342264908575088643,negative,5.001696173137159e-06
1342264908931620865,negative,0.06487390577265591
1342264910365904897,negative,9.948190231384446e-05
1342264910823251968,negative,0.0005094877677718196
1342264912379314178,negative,5.001696173137159e-06
1342264912983314432,negative,1.6082051077464364e-07
1342264913700519938,neutral,0.3321365339095941
1342264915227246599,negative,5.001696173137159e-06
1342264915445354496,negative,2.2171274766609918e-05
1342264915738898434,negative,0.15628274023114563
1342264918301618177,negative,0.02329323645236039
1342264920579170304,negative,0.0006964559202660233
1342264927663366147,negative,5.325240714661959e-09
1342264929978609665,neutral,0.5136446707795853
1342264930024763392,neutral,0.3313520373278678
1342264930771361797,neutral,0.49789225920557484
1342264932650385409,positive,0.699848364600347
1342264933011087363,negative,2.0900602464313156e-06
1342264935825477633,negative,6.028478967650396e-05
1342264936362344448,negative,0.10404495241321535
1342264939059302400,negative,0.031654617202899145
1342264940057522176,negative,5.001696173137159e-06
1342264940363706377,negative,0.00023843302186857257
1342264942473474049,negative,0.2692005333108146
1342264943790477314,negative,0.15624514342197973
1342264945048756229,negative,0.0004760529356788509
1342264945598197760,negative,0.019196637429483427
1342264949696032768,negative,0.2692005333108146
1342264950841073667,positive,0.9078414350505055
1342264952908902403,negative,0.023075944015281635
1342264956352401408,negative,0.021769890087087986
1342264957702959104,negative,0.00217899257907105
1342264958613123074,negative,0.10335774295999144
1342264960076947457,negative,0.0021716129661971608
1342264960517361665,negative,0.15662741256797655
1342264960592662530,neutral,0.43578060616678027
1342264961318477824,negative,0.023158976181080253
1342264961872048130,negative,0.0007580975034683592
1342264963411406850,negative,0.005004610244481978
1342264969132466176,neutral,0.513136929509853
1342264969707061248,neutral,0.564987240717576
1342264970231361536,negative,9.84118580729382e-15
1342264971674218499,negative,2.7327477117456444e-06
1342264972664041472,positive,0.9997562641539682
1342264973075095558,neutral,0.46127768308170247
1342264973960081411,negative,0.000361217248867827
1342264977110011904,negative,0.00019808245832578532
1342264977676111872,negative,0.01203361574489657
1342264977865011202,negative,0.009851401407793165
1342264977995030529,negative,0.00010864315004712072
1342264978804502528,negative,0.3194981702912301
1342264982260559879,positive,0.8488784103859388
1342264985632854017,negative,5.749203323853435e-05
1342264985737699331,negative,0.02627859189099583
1342264985951547396,negative,0.07409858964317478
1342264987394387968,negative,0.013553590421414848
1342264988380094464,negative,6.493746629007383e-06
1342264990213025792,negative,0.10404495241321535
1342264990418526208,neutral,0.42917751334538623
1342264992540860416,negative,0.002745298738113449
1342264994352820224,negative,0.2500701953304707
1342264994713513985,positive,0.93689747055389
1342264995086741511,negative,5.001696173137159e-06
1342264995837587459,negative,0.0032396832369444455
1342264997402042370,negative,5.001696173137159e-06
1342264998341582849,negative,0.15884973808023384
1342265005023109121,negative,0.05072886415110737
1342265005782278146,negative,0.002745298738113449
1342265008231763972,negative,5.001696173137159e-06
1342265010341474308,negative,0.00031169585380664606
1342265010395951105,negative,5.001696173137159e-06
1342265011276832769,negative,2.310347443321666e-05
1342265012845473793,positive,0.9996679469659898
1342265013013270528,negative,0.0002392550969991425
1342265015404011524,negative,5.001696173137159e-06
1342265016687370242,negative,8.515087045096324e-06
1342265017048182792,positive,0.872529869043509
1342265017337524228,negative,0.0020036820946701143
1342265017752834049,negative,0.0005094877677718196
1342265018168049665,negative,0.0005520065288040503
1342265019585744896,negative,1.2114722476918681e-06
1342265019900325889,negative,0.004922426139101302
1342265019959037953,neutral,0.37231951514265965
1342265021544476678,negative,0.05115898004683921
1342265023230599168,negative,0.005227737887695409
1342265023565950977,negative,9.948190231384446e-05
1342265024535003136,negative,0.0006052301764140985
1342265025646440450,negative,0.10700295468860774
1342265026019782661,negative,0.015646840494941375
1342265026170785792,negative,0.015155107296918732
1342265027458441222,negative,5.001696173137159e-06
1342265029010198528,negative,0.04329948809938995
1342265030734204928,negative,0.2812124665127172
1342265031904407553,negative,0.2860720563163077
1342265035830259713,negative,4.1143813274928363e-07
1342265036434243589,negative,0.27538537887707226
1342265036656488450,negative,2.8002718989864964e-05
1342265037348605952,negative,0.2692005333108146
1342265037541564417,negative,5.001696173137159e-06
1342265037793198081,neutral,0.42076888431135534
1342265039240179714,negative,0.05063478943130442
1342265041513541633,neutral,0.4299702135908835
1342265042784448524,negative,0.12223698291097208
1342265043547811840,negative,8.515087045096324e-06
1342265045955317766,negative,0.008002740267951025
1342265046559318016,negative,0.019937252458622982
1342265046634782723,neutral,0.43476015795637407
1342265046865469440,negative,0.028883334796173155
1342265047314296832,negative,0.07237131246492694
1342265047762944002,negative,8.515087045096324e-06
1342265048052465664,negative,0.11601596699851242
1342265049361084417,negative,7.706656754689969e-07
1342265049876987905,negative,0.00874408473625135
1342265050082508805,negative,0.017840404156025128
1342265051328229376,neutral,0.3719317249383608
1342265051567304713,neutral,0.381875542748901
1342265054218117120,negative,2.4478872526829604e-05
1342265056294264835,negative,0.2692005333108146
1342265056935829504,negative,0.0011315521697094243
1342265057573531649,negative,5.001696173137159e-06
1342265058353623040,positive,0.9938441016696818
1342265058458537986,negative,0.0013583497056238287
1342265059905581057,negative,2.5748818666673e-06
1342265121427619840,negative,0.06274005405642673
1342265124027973632,negative,0.1250224706700623
1342265124669825024,negative,0.00020341476411462676
1342265126511116289,negative,0.0047559176899594525
1342265127312224259,negative,0.0008682273835110941
1342265127450640384,negative,0.1866633852564735
1342265128742498306,negative,6.56340426674984e-07
1342265129350545408,negative,7.847061863400528e-11
1342265130596368387,neutral,0.4857810135567716
1342265131510579200,negative,5.7360867846145065e-05
1342265134157344770,negative,0.028883334796173155
1342265136279642115,negative,0.019196637429483427
1342265138095730690,negative,0.10335774295999144
1342265139203100672,negative,0.06778815779507137
1342265139832225792,negative,0.018508011204020305
1342265140696272898,negative,0.10700295468860774
1342265141149237258,negative,0.015773583174067275
1342265141866471424,negative,0.03631547942918447
1342265142759878656,negative,8.515087045096324e-06
1342265142818574336,negative,7.8964593116111e-10
1342265147952345093,negative,0.002123322627766981
1342265148644454405,neutral,0.4323987421829692
1342265150401880064,negative,0.0020470116143549116
1342265154751311872,negative,0.10335774295999144
1342265155028189184,negative,0.038670697141058565
1342265155397120000,negative,0.0016517701137548416
1342265156714307585,negative,0.04767550838442905
1342265158496882689,negative,0.0004959955619609795
1342265163353882626,neutral,0.33623359787652535
1342265163521662978,negative,0.0007362417290222954
1342265165652365312,negative,2.8684645214354144e-06
1342265167069982721,negative,5.644544818861862e-06
1342265167653036033,negative,1.0364098129795891e-06
1342265167753719808,negative,0.05583299329353172
1342265170270318595,negative,0.0005094877677718196
1342265173294395401,negative,0.11293702114879592
1342265173541720066,negative,0.03812101526535198
1342265174842081280,negative,4.883434378341424e-05
1342265175404118017,neutral,0.5052510391936574
1342265176586903554,negative,5.001696173137159e-06
1342265177966850048,negative,0.006891098400558444
1342265178881187848,negative,0.0016658656534720535
1342265181880119297,negative,1.0149956623405096e-07
1342265181917900801,neutral,0.4833602296066156
1342265182937108483,negative,5.001696173137159e-06
1342265183775961088,neutral,0.5829935256703682
1342265185763995650,negative,0.1858508670326962
1342265186032496640,negative,5.001696173137159e-06
1342265189366951936,negative,0.04329948809938995
1342265191157944321,negative,0.06274005405642673
1342265191929622529,negative,5.001696173137159e-06
1342265192202326017,negative,0.007889868176096753
1342265193460592641,negative,0.02158392134627516
1342265193808744448,negative,0.003379464901668482
1342265194437865474,negative,1.4265548021460503e-06
1342265194546946049,negative,4.90368797844851e-05
1342265195423477760,negative,3.5894207286053826e-06
1342265195436118018,negative,1.2114722476918681e-06
1342265195759067137,negative,0.011656654157946608
1342265197604573185,negative,0.12685398594528946
1342265199680753664,neutral,0.381875542748901
1342265202671288320,neutral,0.33113119352556253
1342265203082350592,negative,0.001375422075437774
1342265203275288578,negative,0.02329323645236039
1342265205519130624,negative,0.0020110122635098224
1342265208350375938,negative,0.0001630059832550359
1342265209881288712,negative,0.0012445089043806013
1342265210468499458,negative,0.2692005333108146
1342265210908848135,negative,5.001696173137159e-06
1342265214742503428,negative,0.00019808245832578532
1342265215711383552,negative,0.14192462298777708
1342265215950462977,negative,0.0007431283633570746
1342265216462163976,neutral,0.5030332264438171
1342265218953576448,negative,0.12248249736691665
1342265219649777666,negative,8.515087045096324e-06
1342265221528887296,neutral,0.4222643436925132
1342265221747011584,negative,1.2114722476918681e-06
1342265222363566080,negative,0.00034467694279804545
1342265224079024128,negative,3.181639209834896e-08
1342265224083206146,negative,0.2692005333108146
1342265225777709058,negative,0.0012445089043806013
1342265228613058560,negative,0.12223698291097208
1342265230324334592,neutral,0.3309866124404005
1342265236108279809,neutral,0.49789225920557484
1342265237731500033,negative,0.16607610750087148
1342265238712967171,negative,0.0032396832369444455
1342265240654913540,neutral,0.4507454498615163
1342265241023950851,negative,5.001696173137159e-06
1342265241443438593,negative,0.003954204897449452
1342265241741225988,negative,0.0034421108000108193
1342265241938366466,negative,0.006206298529404555
1342265244899532800,negative,8.515087045096324e-06
1342265246426259456,negative,5.001696173137159e-06
1342265246434660355,negative,0.001939932573800638
1342265246594031617,negative,0.019937252458622982
1342265246912827396,negative,0.019196637429483427
1342265247831359488,negative,5.001696173137159e-06
1342265249475522560,neutral,0.6109108693701776
1342265299874308097,negative,3.2607470675692944e-06
1342265300725751814,negative,9.948190231384446e-05
1342265301115793408,negative,0.0002392550969991425
1342265301279404033,neutral,0.49789225920557484
1342265304202670080,negative,8.515087045096324e-06
1342265307071700992,positive,0.9205854040796076
1342265309093367812,negative,5.001696173137159e-06
1342265309282107392,negative,0.15549913912442617
1342265311337328641,negative,0.09772267631241807
1342265311526051840,negative,0.002705233447326724
1342265314369699842,neutral,0.46127768308170247
1342265320174538752,negative,0.0020110122635098224
1342265322632577030,negative,0.00042696908189075316
1342265324272574464,negative,3.0504663201207155e-12
1342265327330209795,negative,3.7008184197268887e-06
1342265330287185920,negative,0.2812124665127172
1342265331688026112,negative,0.2812124665127172
1342265333701349381,negative,5.001696173137159e-06
1342265335869804546,negative,0.03589160844210587
1342265338940055559,negative,0.011778657885330808
1342265341351755776,negative,3.4073552558245346e-07
1342265344854024193,negative,8.515087045096324e-06
1342265346749820929,negative,8.837946710733421e-06
1342265347588689926,negative,0.005326764877706921
1342265349606141952,negative,0.013137781342869238
1342265350465978368,negative,5.001696173137159e-06
1342265351078371330,neutral,0.46127768308170247
1342265352068210688,negative,3.4069804479875085e-08
1342265353121001472,negative,0.2812124665127172
1342265354249248768,negative,0.0012445089043806013
1342265355176202240,negative,5.5402713467716675e-06
1342265355952148481,negative,0.023075944015281635
1342265357504024576,negative,0.03508757283284251
1342265357730516992,negative,0.002745298738113449
1342265358451937280,negative,0.2692005333108146
1342265358862979072,negative,0.0002392550969991425
1342265359571820545,negative,0.057100421758971884
1342265362780446720,negative,5.001696173137159e-06
1342265363581587462,negative,0.011538404096376137
1342265364059582466,negative,0.12223698291097208
1342265364541886467,negative,9.948190231384446e-05
1342265364760195074,negative,0.002745298738113449
1342265365418696704,negative,0.05583299329353172
1342265365674545153,negative,0.14143821175705878
1342265366542737408,negative,5.001696173137159e-06
1342265367272566791,negative,8.515087045096324e-06
1342265368006504448,negative,0.14339128884293262
1342265368342093827,negative,0.3265398260125642
1342265371118723072,negative,0.0013736351638376737
1342265373022969864,negative,0.10764372135351745
1342265373459152897,negative,0.0022994215834353945
1342265373840781319,negative,0.15884973808023384
1342265373853442049,negative,3.792379489848801e-05
1342265374658723841,negative,3.792379489848801e-05
1342265374922956800,negative,0.019937252458622982
1342265375048818694,negative,0.1512070720272814
1342265375690518528,neutral,0.35673419939177425
1342265376768479233,negative,3.898113407039336e-06
1342265378349715456,negative,0.0002392550969991425
1342265380635602944,negative,2.3034149727888443e-05
1342265383751970819,negative,0.007200527710598407
1342265384225951749,negative,0.045457702325317616
1342265384909615107,negative,0.11601596699851242
1342265385329037313,negative,0.0025486500636660117
1342265388835418112,negative,5.185689375255206e-09
1342265393163939840,negative,0.0017880157369971467
1342265394195787776,negative,0.03530089105015445
1342265394745237508,negative,0.0055966739927618536
1342265397853245443,negative,2.448984929965241e-06
1342265398318739462,negative,0.0069571137892871044
1342265399036047360,negative,5.001696173137159e-06
1342265404543148032,neutral,0.4099781868066093
1342265405138751488,negative,0.008002740267951025
1342265405201670145,negative,0.017286836009129967
1342265406900363269,negative,0.11842722409618867
1342265407680479233,neutral,0.42917751334538623
1342265408469037057,negative,0.0012855807966899138
1342265409068806148,negative,0.11357871501265615
1342265412340297730,negative,0.00013193739814961717
1342265414768844801,positive,0.8690088178158354
1342265416677273600,negative,5.001696173137159e-06
1342265416962486272,negative,0.0010427729243528215
1342265421127409664,positive,0.7651651588870444
1342265423287492610,positive,0.858679957188991
1342265426257080320,negative,5.680628425175447e-09
1342265427448246273,negative,5.001696173137159e-06
1342265429062864896,negative,0.16450756526195134
1342265430883381254,negative,0.13326666095464623
1342265432305242114,neutral,0.33623359787652535
1342265433186070528,negative,0.019937252458622982
1342265434075234304,negative,0.0022902580131960604
1342265434100396033,neutral,0.5275655139638087
1342265436180631552,negative,0.11135091836848765
1342265437036441601,negative,5.001696173137159e-06
1342265439313866752,negative,0.0001630059832550359
1342265442648412160,negative,0.00017315828216814483
1342265442786807809,negative,5.001696173137159e-06
1342265444791672832,negative,0.10335774295999144
1342265445638877185,negative,0.010751079490737841
1342265446133882880,negative,1.2830839737910939e-06
1342265446947553280,negative,7.30034875120898e-06
1342265447320793092,negative,9.948190231384446e-05
1342265449791295488,negative,0.2692005333108146
1342265450953142274,neutral,0.5486968456609221
1342265451347210241,negative,0.00029267990461877914
1342265453742329856,negative,0.0009916164606348153
1342265454027534337,negative,0.057100421758971884
1342265455705280513,neutral,0.42191422235854953
1342265456103723008,negative,0.0006618755121295592
1342265456422514692,negative,0.008002740267951025
1342265458653741059,negative,0.0034421108000108193
1342265460784590848,negative,5.001696173137159e-06
1342265463456337921,neutral,0.4550267180439356
1342265463653412865,neutral,0.48983149157138695
1342265464936943617,negative,0.07237131246492694
1342265465658368000,negative,0.06181443656363251
1342265466098741250,negative,0.015773583174067275
1342265466526588928,negative,0.006090637631782576
1342265467101036545,negative,0.0004093011886564948
1342265467856162817,neutral,0.3499638487504846
1342265468950818818,negative,0.05275316590584738
1342265469995249667,negative,0.07237131246492694
1342265472536997889,negative,3.792379489848801e-05
1342265473308577792,negative,1.2136735718600204e-06
1342265474629951491,negative,5.001696173137159e-06
1342265475292659714,negative,0.017840404156025128
1342265475653382147,negative,9.948190231384446e-05
1342265476186042371,negative,0.0010427729243528215
1342265477217841152,negative,1.3403088978114072e-05
1342265478077550592,negative,8.63813734749846e-06
1342265490186657793,negative,5.001696173137159e-06
1342265492116004865,negative,0.013553590421414848
1342265493181374464,negative,0.20868481243828604
1342265493772767233,negative,0.28741154178763173
1342265497274839041,positive,0.9078414350505055
1342265498025787394,negative,0.0032610461058335803
1342265500152201218,negative,9.948190231384446e-05
1342265502798934019,negative,5.121154846943292e-07
1342265503327383554,negative,0.00031169585380664606
1342265504753446912,negative,9.948190231384446e-05
1342265505239986182,negative,0.004300878492222307
1342265507777564678,negative,0.015357926042797935
1342265509190934528,negative,0.27538537887707226
1342265510323478529,neutral,0.37142201330946456
1342265511158145026,negative,0.00477487139537871
1342265512982687750,negative,0.046244363965600443
1342265516799438848,negative,0.2692005333108146
1342265517512515586,neutral,0.3641841279463003
1342265518175236101,negative,0.00011198317977585275
1342265520775688195,positive,0.7661329010922519
1342265521417429003,negative,0.09640323611645361
1342265522344390663,positive,0.7975805902594509
1342265526173773827,negative,0.27538537887707226
1342265527444627460,neutral,0.49789225920557484
1342265527549489152,negative,4.429319665962582e-07
1342265528602275840,negative,0.00012758256285958248
1342265528879116290,positive,0.8822593987130983
1342265532255494146,negative,0.00233881897619328
1342265532964335616,negative,0.009056491151960342
1342265533547294721,negative,0.006090637631782576
1342265535246069761,negative,5.001696173137159e-06
1342265537326428160,negative,0.014849538568656992
1342265537435496448,negative,0.06356053740885668
1342265538630844417,negative,0.0033563851905634677
1342265540774154242,negative,0.004002848361491641
1342265540786745344,positive,0.6794324397176977
1342265541285867521,negative,0.2692005333108146
1342265543898918916,negative,0.00019808245832578532
1342265545094279168,negative,0.05795495553258181
1342265545798905857,negative,0.0003786717875688253
1342265546180616192,negative,0.2692005333108146
1342265549506621442,negative,0.2692005333108146
1342265549708029962,negative,0.2692005333108146
1342265551452733440,negative,0.06635848861912881
1342265551662456832,negative,0.014921409828964609
1342265551817760768,negative,0.0005744798465096655
1342265552065220609,negative,0.2692005333108146
1342265554304954368,negative,8.515087045096324e-06
1342265554330128384,negative,0.2692005333108146
1342265558016917505,negative,0.12703271384507175
1342265558021132288,negative,0.14339128884293262
1342265558889353222,negative,0.004911521286639298
1342265559854018560,negative,1.6985210181452155e-06
1342265559883390978,negative,4.5870313090649184e-05
1342265559967260673,negative,0.017840404156025128
1342265560273473544,negative,4.819484580719108e-06
1342265563045908480,negative,0.001653399589940495
1342265563498876929,negative,0.009617107309217464
1342265564354502656,negative,0.06356053740885668
1342265564996243464,negative,0.2409677168190996
1342265565054959625,negative,0.13656234231321923
1342265565528928258,negative,0.0002392550969991425
1342265566875287553,negative,0.2692005333108146
1342265566950785024,negative,0.2692005333108146
1342265568217456641,negative,0.0007768023031205148
1342265570926931970,negative,0.00016297832928341646
1342265571489050624,negative,0.09330070914684761
1342265572789252098,negative,0.031231833153341285
1342265574219378690,negative,0.27538537887707226
1342265576140496896,negative,1.7493203274724862e-10
1342265577293791233,negative,0.274968628404148
1342265577314918400,negative,0.02575368697248247
1342265577524477952,negative,0.00031922204114567105
1342265579093323776,negative,0.000512688087101874
1342265580489994241,negative,0.2692005333108146
1342265584487178245,negative,5.001696173137159e-06
1342265586387210242,negative,0.11601596699851242
1342265588165566465,negative,0.019196637429483427
1342265588173987840,negative,5.547586483555178e-06
1342265589574807553,neutral,0.6443403089055403
1342265589709070341,negative,0.0027274334715465228
1342265591168552960,negative,7.391810297398132e-05
1342265593777557510,negative,0.010180016942306058
1342265595031678977,negative,0.01167606480172495
1342265595518210048,neutral,0.5472960823705576
1342265595539169284,negative,0.27538537887707226
1342265596239622144,negative,0.2692005333108146
1342265597636259840,negative,5.001696173137159e-06
1342265598001229826,neutral,0.5667908359573213
1342265601167945728,negative,8.515087045096324e-06
1342265601952243712,negative,0.0014979024256908582
1342265603348983808,negative,5.001696173137159e-06
1342265603785154560,negative,0.04078339236557383
1342265606087847940,negative,0.2692005333108146
1342265608071770112,negative,5.632980044557793e-07
1342265609497636869,negative,0.1825674661275664
1342265611443986433,negative,0.10335774295999144
1342265615394996226,neutral,0.33113119352556253
1342265615470440450,negative,0.31857999659820957
1342265617018204160,negative,7.8964593116111e-10
1342265619698348038,positive,0.8736984663625011
1342265620155478017,positive,0.9487637637087933
1342265620264611840,negative,0.005928838462996148
1342265621116051456,neutral,0.5052510391936574
1342265624987398147,negative,5.001696173137159e-06
1342265628858707968,negative,0.07409858964317478
1342265631429820417,negative,0.0007090931198386181
1342265632184803328,negative,0.03513664696641658
1342265632335675392,neutral,0.48357347728475064
1342265633858269190,negative,0.0003756903707675662
1342265634508439554,negative,0.015155107296918732
1342265634994970626,negative,0.008323673574347263
1342265635456299008,negative,0.2692005333108146
1342265636244877312,negative,5.001696173137159e-06
1342265636928573440,negative,1.6734281074416479e-10
1342265637670936577,negative,0.18543234769735967
1342265640225280000,negative,0.031169623177043457
1342265640304914435,positive,0.9860565182070129
1342265641009639424,negative,0.030646049405239708
1342265641756053504,negative,0.1702822805689721
1342265646525128704,negative,0.14143821175705878
1342265647338835969,negative,0.0001949520668089998
1342265647598862352,negative,7.234840900314221e-08
1342265647938605062,negative,0.0014775854351103544
1342265651365371904,negative,0.028515629201522875
1342265658042679297,negative,0.001157075930259911
1342265658185314305,negative,0.10700295468860774
1342265658713767942,negative,0.0010427729243528215
1342265659175153665,negative,0.12703271384507175
1342265659225493511,negative,0.20596996271227025
1342265659334553600,negative,0.2692005333108146
1342265659829448704,negative,0.18603610800603504
1342265660173332480,negative,3.867813742899786e-08
1342265664262778886,negative,0.00010703145128159087
1342265666737483776,negative,0.019196637429483427
1342265666762629121,negative,2.448984929965241e-06
1342265669254045696,negative,0.11357871501265615
1342265669254053888,negative,0.2692005333108146
1342265669488836608,positive,0.8736984663625011
1342265673280581632,negative,6.931048472325273e-08
1342265673473515524,neutral,0.43476015795637407
1342265674832474112,neutral,0.5052510391936574
1342265679639142403,negative,5.910520162815223e-06
1342265679806947415,negative,0.22100768725589298
1342265680691773441,neutral,0.42919830775866974
1342265680901468161,negative,0.00030915010877106063
1342265683095261186,negative,0.015773583174067275
1342265683284029440,negative,8.515087045096324e-06
1342265683997061120,negative,0.006090637631782576
1342265684479377413,negative,0.004797521904475676
1342265687570436096,negative,0.0042311767711691265
1342265688401055748,negative,0.3087244983221128
1342265691999756288,negative,0.007284501904285998
1342265692461129735,negative,0.0007929404103188511
1342265693509705731,neutral,0.5136446707795853
1342265694625419265,negative,0.0031928588350218544
1342265697456574464,negative,0.15884973808023384
1342265698433851394,positive,0.6631118443454164
1342265701298401281,negative,8.515087045096324e-06
1342265701856407552,negative,0.00741627213827822
1342265702829449217,negative,0.002745298738113449
1342265704167440385,negative,0.03604141176097592
1342265704414916610,negative,0.057100421758971884
1342265705828388865,negative,3.749063034254568e-05
1342265710945443845,negative,5.547586483555178e-06
1342265712971313153,negative,0.21047953907773329
1342265715919892485,negative,9.948190231384446e-05
1342265716565794818,positive,0.9443545569673611
1342265719141113863,positive,0.9205854040796076
1342265719430541312,negative,3.743290767847059e-09
1342265721217282049,negative,0.0020110122635098224
1342265724287537154,negative,0.0012445089043806013
1342265725248012290,negative,5.001696173137159e-06
1342265726623576066,negative,5.001696173137159e-06
1342265728263708673,neutral,0.57723208060306
1342265730587234304,negative,0.0016517701137548416
1342265731677904897,negative,0.00013193739814961717
1342265733313687552,negative,2.4146718285100685e-05
1342265734840389632,negative,0.030646049405239708
1342265735226257408,negative,0.023640429929011667
1342265736966922248,negative,1.2114722476918681e-06
1342265737323442176,negative,0.16186416659669633
1342265738132926464,negative,0.06394714382413345
1342265740032765954,negative,0.017429347010828725
1342265743170293760,negative,0.07409858964317478
1342265746315997184,negative,0.014921409828964609
1342265748299927552,negative,0.07786434592071659
1342265748308287491,negative,5.121154846943292e-07
1342265749491101696,negative,2.8222667729294673e-08
1342265749679857666,negative,0.0012445089043806013
1342265749981847553,negative,0.05583299329353172
1342265753375023106,negative,5.001696173137159e-06
1342265753421152259,negative,1.2137587316032155e-05
1342265755342090242,neutral,0.5316624617817726
1342265755761582080,negative,0.28843008163764533
1342265756847902722,negative,9.948190231384446e-05
1342265757153992704,negative,8.515087045096324e-06
1342265757267238913,negative,2.0540878543227096e-05
1342265759129608194,negative,0.12223698291097208
1342265759209287681,negative,0.0004760529356788509
1342265759741972482,negative,0.031654617202899145
1342265760853368832,negative,0.15628274023114563
1342265761025417218,negative,0.0003583496885002708
1342265763374235650,negative,0.1934596368825703
1342265763818840066,negative,0.000591222443450627
1342265767459483653,negative,1.593040305503901e-06
1342265767472017408,positive,0.8488784103859388
1342265769636327425,negative,0.002745298738113449
1342265771666370565,negative,0.059085592792925405
1342265772815618048,negative,0.02329323645236039
1342265773461528576,neutral,0.5841814540574494
1342265776317710336,negative,0.013230845431675369
1342265776947007488,negative,0.006090637631782576
1342265778243055617,negative,0.2692005333108146
1342265781384486912,negative,8.515087045096324e-06
1342265782747734018,neutral,0.41246547589128235
1342265786350641154,negative,0.3295408637945741
1342265786816192512,neutral,0.6061845173496667
1342265788070318080,negative,1.2114722476918681e-06
1342265788582027266,negative,0.019196637429483427
1342265788716232704,negative,5.001696173137159e-06
1342265790444269569,neutral,0.43578060616678027
1342265790880481280,negative,0.004621301684879309
1342265792222605312,negative,5.001696173137159e-06
1342265792432381954,negative,1.3470940830013441e-09
1342265793556439045,negative,1.2114722476918681e-06
1342265795670384642,negative,7.699172232100514e-09
1342265799726268416,negative,0.010706368727839864
1342265801861181441,negative,0.023075944015281635
1342265803220115456,negative,0.01828150160788132
1342265803941539840,negative,1.1644038696336151e-05
1342265805392719872,negative,5.121154846943292e-07
1342265806126788611,negative,0.17246548449268473
1342265811864588290,negative,0.007061527127433768
1342265812464381952,negative,0.27538537887707226
1342265814863515648,negative,7.391810297398132e-05
1342265816641925126,neutral,0.5530709383817385
1342265817799516161,negative,0.00029187068347952114
1342265820550983680,negative,0.07282413447580294
1342265821536653313,negative,0.0001630059832550359
1342265824908877826,negative,0.05583299329353172
1342265825022128138,positive,0.9042338611407014
1342265825546428417,negative,0.003954204897449452
1342265827039461376,positive,0.8625725678578074
1342265827203162114,neutral,0.6241415615900192
1342265827622608896,negative,0.0069571137892871044
1342265831477145600,negative,0.10404495241321535
1342265833284841472,negative,0.00439598830116504
1342265838250897411,negative,0.2692005333108146
1342265839148544000,negative,0.019196637429483427
1342265841010806785,neutral,0.5052510391936574
1342265844483694592,neutral,0.5486968456609221
1342265845649649664,negative,7.639045239249659e-06
1342265851404283907,negative,9.14149318446684e-13
1342265853316898818,positive,0.9685034134821003
1342265854063484929,positive,0.7364552304579606
1342265854285778945,negative,0.004236997797572478
1342265855183368201,neutral,0.43578060616678027
1342265855502069761,negative,0.0010263478864518936
1342265855921549312,negative,0.0002392550969991425
1342265858614300672,negative,0.12703271384507175
1342265860585611267,negative,5.001696173137159e-06
1342265862837956608,negative,0.2692005333108146
1342265862930255873,negative,0.15688968007583615
1342265863093817347,negative,0.013052686603406312
1342265865044168704,negative,4.9971201867629486e-08
1342265868747730946,negative,2.2036112301092816e-09
1342265869712416769,negative,0.000450336880184074
1342265871033651200,negative,1.9015730897816907e-06
1342265871109156864,negative,0.005058963611082928
1342265874540077056,negative,5.001696173137159e-06
1342265875538341894,negative,0.12248249736691665
1342265876557533186,negative,0.004985606750573714
1342265883075489793,negative,9.948190231384446e-05
1342265883553619969,negative,0.00205679609289575
1342265885810155522,negative,0.27538537887707226
1342265886913277952,negative,0.2692005333108146
1342265887642947586,negative,0.003148763995201795
1342265888209305601,negative,0.27538537887707226
1342265893712240640,negative,0.02315606745992443
1342265894156660736,negative,0.0012586648703437977
1342265896803434497,negative,0.0012445089043806013
1342265900708331522,neutral,0.3767105158566414
1342265901081534465,negative,0.002104507535620003
1342265901270368258,negative,3.9690873354822554e-07
1342265901576577027,negative,0.006090637631782576
1342265903652753408,negative,0.0002922487043940966
1342265904147656704,negative,2.567822132713408e-05
1342265904827162624,negative,0.006090637631782576
1342265905120567296,negative,0.0010427729243528215
1342265905221312512,negative,0.11601596699851242
1342265905523392513,negative,0.010650178394871737
1342265906215464961,neutral,0.5664876250566435
1342265909373784065,negative,0.0002755830172568149
1342265909805633536,negative,9.948190231384446e-05
1342265910057320448,negative,0.02473864240589234
1342265910254587904,negative,0.0069571137892871044
1342265912368361473,positive,0.8488784103859388
1342265913610010625,negative,0.3020135550609068
1342265914134306818,negative,0.0007929404103188511
1342265916319539200,negative,0.3005795309242188
1342265916667666432,negative,1.2687284219213522e-07
1342265917040779264,negative,0.00019809316155965564
1342265917582036992,negative,0.010180016942306058
1342265918412484609,negative,4.284271829067653e-10
1342265921575022592,negative,0.0049931011314426725
1342265922854260736,neutral,0.5136446707795853
1342265924766871555,negative,0.0005520065288040503
1342265926633349120,negative,7.30774934935384e-05
1342265928164130816,neutral,0.43578060616678027
1342265929703583744,negative,0.001049169343303985
1342265929779077120,negative,1.263191794421393e-05
1342265932140453890,negative,0.23559452850870796
1342265932807335936,negative,0.023158976181080253
1342265934426337280,negative,0.004364091949632325
1342265935005155330,negative,5.7797969447482254e-05
1342265935252643840,negative,0.274968628404148
1342265935659413505,negative,0.013553590421414848
1342265935873323008,negative,0.0004760529356788509
1342265939736354818,negative,0.12248249736691665
1342265942949163008,positive,0.9042338611407014
1342265947067858945,negative,8.707137440502843e-06
1342265949567807488,negative,4.806956086386138e-10
1342265949886570497,negative,0.0013309581222396769
1342265950125568002,neutral,0.381875542748901
1342265953233612800,neutral,0.44718859704321334
1342265955087429632,negative,0.001990751383132618
1342265955464978432,negative,5.001696173137159e-06
1342265955544666113,negative,0.015155107296918732
1342265957666971652,negative,0.15207549175000143
1342265959596306432,negative,0.10705388157728639
1342265962033106945,negative,0.0016517701137548416
1342265962662424576,negative,5.001696173137159e-06
1342265963551612931,negative,2.1348933334225275e-07
1342265964512088064,negative,0.014921409828964609
1342265965606649857,negative,0.06345257033634943
1342265965900271616,negative,0.007284501904285998
1342265967200645121,neutral,0.37231951514265965
1342265969285148672,negative,0.001301587214400234
1342265969725612033,negative,0.007153327869971612
1342265970333786112,negative,0.006248314451104854
1342265970677735424,negative,3.424771046150571e-05
1342265970782564357,negative,2.5506440723477498e-06
1342265974100271105,negative,0.1795063389453049
1342265974242725888,negative,8.515087045096324e-06
1342265977292132357,negative,1.0330142852809872e-06
1342265978995023872,negative,7.00250507263009e-05
1342265980626604034,negative,0.010180016942306058
1342265981213798407,negative,0.047954570483311754
1342265981578715142,negative,2.0041891629891065e-07
1342265981868142598,negative,0.000361217248867827
1342265983113826305,negative,0.007200527710598407
1342265983420018690,negative,0.2692005333108146
1342265986192461828,negative,1.2114722476918681e-06
1342265986393792512,negative,0.007284501904285998
1342265989153644546,negative,1.2114722476918681e-06
1342265989912641536,neutral,0.3499352441185855
1342265991238184960,negative,0.22052060779132068
1342265992571863042,negative,0.27538537887707226
1342265995734491139,negative,0.0465844908340746
1342266036159197184,negative,0.0009916164606348153
1342266037094539267,negative,5.749203323853435e-05
1342266038394773507,negative,0.0001248075269101694
1342266038487031812,negative,0.10404495241321535
1342266039040679938,negative,5.4235837179239396e-05
1342266039590072322,negative,7.8964593116111e-10
1342266039766298626,negative,0.07295131660708819
1342266040647114759,negative,5.001696173137159e-06
1342266040949092355,positive,0.8692868564583143
1342266041129459713,positive,0.9078414350505055
1342266041716658176,negative,0.0005520065288040503
1342266044367433736,negative,0.06647016157694538
1342266045537521664,negative,9.948190231384446e-05
1342266048138141702,neutral,0.381875542748901
1342266048251387906,negative,0.0008961592300330702
1342266048825974789,negative,0.20960214306910088
1342266051212550145,negative,1.6082051077464364e-07
1342266052726714368,negative,0.005165375555699219
1342266054496694273,negative,0.07237131246492694
1342266057353031682,negative,0.002745298738113449
1342266057638219776,negative,0.015353099419891157
1342266059727007744,negative,5.001696173137159e-06
1342266060360265729,negative,8.515087045096324e-06
1342266060825894913,negative,0.0006511462771957673
1342266066274291715,negative,0.18113272026756216
1342266067700178944,negative,0.014921409828964609
1342266068358766593,negative,0.007290378313673285
1342266069067640832,negative,0.15628274023114563
1342266072561459200,negative,0.001403772945275419
1342266072716759045,negative,0.12703271384507175
1342266073643679746,negative,0.002745298738113449
1342266075166040064,negative,0.0004760529356788509
1342266078139998208,negative,0.0008685379929999616
1342266079519924225,negative,0.002745298738113449
1342266081768058887,negative,0.0012445089043806013
1342266084376895491,negative,0.02329323645236039
1342266085173850113,positive,0.9078414350505055
1342266086872514564,negative,0.32677508348852996
1342266087950446594,negative,1.657333244580246e-07
1342266088709566466,negative,5.001696173137159e-06
1342266090714505216,negative,0.037147470744235044
1342266093893664768,negative,5.001696173137159e-06
1342266095059820545,negative,0.0014013786413899993
1342266096234147840,negative,0.2692005333108146
1342266101703520256,negative,0.27538537887707226
1342266102047531008,neutral,0.33623359787652535
1342266105952395269,negative,5.547586483555178e-06
1342266106979840000,negative,1.1491239654126145e-06
1342266107437133827,negative,0.2692005333108146
1342266107550437377,negative,3.1289157529799275e-05
1342266111664910337,negative,0.00031922204114567105
1342266113564966912,negative,1.6734281074416479e-10
1342266114915627010,negative,0.0002147295060475801
1342266115947425792,neutral,0.43578060616678027
1342266116920381440,negative,0.014921409828964609
1342266119135121408,negative,0.2812124665127172
1342266120032677889,negative,0.2812124665127172
1342266120099819521,negative,0.13326666095464623
1342266126227501056,negative,0.2692005333108146
1342266127280463872,negative,0.004300878492222307
1342266127896997888,negative,7.30774934935384e-05
1342266133890674688,negative,2.4146718285100685e-05
1342266134662434817,negative,0.006090637631782576
1342266135547441157,negative,0.0016658656534720535
1342266136545648640,negative,0.0517814972521364
1342266137791197184,negative,0.00508283694788516
1342266140475727872,negative,3.392503300262331e-15
1342266143826964480,negative,0.019196637429483427
1342266148881104898,negative,8.515087045096324e-06
1342266149233430528,negative,0.13326666095464623
1342266150911156224,negative,0.18571089609507094
1342266151686922240,negative,0.0002392550969991425
1342266153331208192,negative,5.001696173137159e-06
1342266155327660032,negative,0.00030915010877106063
1342266156237914113,negative,0.015646840494941375
1342266157575897100,negative,8.63813734749846e-06
1342266159605960704,negative,5.453218487199987e-05
1342266166715293697,negative,0.0003389455323041898
1342266167021494274,negative,5.001696173137159e-06
1342266170645352451,negative,0.0019740742698026933
1342266176961998851,negative,0.006090637631782576
1342266177196679168,negative,9.948190231384446e-05
1342266177557565441,negative,0.013985273178148492
1342266181974163459,negative,1.6734281074416479e-10
1342266185124114437,negative,5.001696173137159e-06
1342266279449812997,negative,5.651241791700221e-06
1342266279877619712,negative,3.452540068257723e-10
1342266279915384832,negative,5.001696173137159e-06
1342266282717155328,negative,2.5488557901953524e-12
1342266283941892100,neutral,0.33623359787652535
1342266285242114050,negative,0.023158976181080253
1342266286445879299,negative,1.964239529791536e-06
1342266286701731848,negative,5.001696173137159e-06
1342266287058165760,negative,0.2742641492310916
1342266288786305026,negative,0.004582752408809896
1342266294612217862,negative,8.073077315193917e-06
1342266295610462208,negative,0.009996015503289588
1342266299448238082,neutral,0.3473101901087073
1342266302212276229,negative,0.2692005333108146
1342266302673649672,negative,0.2812124665127172
1342266303638286336,negative,8.515087045096324e-06
1342266304233922562,negative,0.017840404156025128
1342266306276503552,negative,0.31732489718339985
1342266306297536516,negative,0.17463556563384042
1342266306314326026,negative,0.0005096031017741089
1342266306318503937,negative,0.2782621561867213
1342266306360328193,negative,0.20695335074796875
1342266306368835584,negative,0.0603769562324864
1342266306373033984,negative,0.3061271661318102
1342266306637266944,negative,0.00868354949131784
1342266306658242560,negative,0.0007338593947789079
1342266306712764418,negative,0.014808387234854817
1342266306729541633,negative,0.012322540693571088
1342266306809253890,neutral,0.41901263796461236
1342266306817634304,negative,0.0002490286974779554
1342266306851008518,negative,0.004100059836788953
1342266306859438080,negative,1.4506193242605313e-05
1342266306935058434,negative,0.252892316376202
1342266307073486850,negative,0.18603610800603504
1342266307400540160,neutral,0.3403391890910929
1342266307425808384,negative,0.0016292105993772432
1342266307463540736,negative,0.004100059836788953
1342266307580977153,negative,0.01043793268585866
1342266307580993538,positive,0.9411128164322845
1342266307685675008,negative,0.23193881482030032
1342266307777970176,negative,0.0052560158051122895
1342266307832467457,negative,1.8893118207120155e-05
1342266307878645760,negative,0.002837726639802378
1342266307966693376,negative,0.003177669625132014
1342266308008628225,negative,0.0207889172213565
1342266308075814912,negative,0.0013892112160843856
1342266309162094592,negative,0.0010427729243528215
1342266309581688833,negative,0.0005060947109892411
1342266310101671937,negative,0.0020941537607854963
1342266311469105152,negative,0.0020110122635098224
1342266311473319936,negative,8.515087045096324e-06
1342266312123437056,negative,0.21047953907773329
1342266313247510530,negative,0.03917727882678926
1342266313310400512,negative,0.31406709680799233
1342266315881512962,negative,0.055399359221818954
1342266315889926144,negative,0.21047953907773329
1342266318729474048,negative,5.3762810718171135e-09
1342266320616902656,negative,0.002745298738113449
1342266320788795396,neutral,0.46127768308170247
1342266321057304577,negative,0.0472447564184701
1342266322680492034,neutral,0.6500296537771957
1342266323116560384,negative,0.0020110122635098224
1342266323674521600,negative,4.72235710346694e-06
1342266326874812417,negative,0.20595240699786815
1342266328187609090,negative,0.03816689789504979
1342266330846793728,negative,3.285601854684154e-05
1342266331450777602,negative,5.001696173137159e-06
1342266332339965955,negative,0.0003149545675892269
1342266333803720705,positive,0.8817576869011732
1342266334483247105,negative,0.06956009284653203
1342266334889951234,negative,0.1512024518325668
1342266335326179331,negative,5.001696173137159e-06
1342266337188601858,neutral,0.5486968456609221
1342266337855467520,negative,0.0033995024208384648
1342266339059261440,negative,0.1021178695068662
1342266339579330560,neutral,0.33113119352556253
1342266339940044800,negative,2.0777413355906305e-05
1342266340778926080,negative,8.515087045096324e-06
1342266342167240705,negative,0.010180016942306058
1342266343626706946,negative,0.00023918628907134294
1342266344167784449,negative,0.27538537887707226
1342266344708874240,negative,4.429319665962582e-07
1342266346906726400,negative,0.00042905271628448065
1342266350606180352,negative,8.515087045096324e-06
1342266354896949248,negative,1.4735011669305207e-09
1342266355131801603,negative,0.12962009069807864
1342266355509321729,negative,2.0508234806820898e-09
1342266355526094849,negative,0.026371647265908613
1342266358122360835,negative,1.2991156822273659e-05
1342266358713692160,positive,0.7151401544537387
1342266361297321987,negative,0.0010427729243528215
1342266361318420485,negative,0.12441715368259702
1342266362014666755,negative,0.0006618755121295592
1342266363319103495,negative,0.010180016942306058
1342266363373637633,negative,0.002258806337897572
1342266365001031680,negative,5.001696173137159e-06
1342266368561995776,negative,0.21150082647823443
1342266368700329984,negative,5.001696173137159e-06
1342266374043951104,negative,0.22693736885522003
1342266377760026625,neutral,0.44193049347687885
1342266378158546949,neutral,0.4376540560999277
1342266378347282432,neutral,0.5971372102662001
1342266378775109632,negative,8.700649377566697e-09
1342266379995643904,negative,0.10700295468860774
1342266382084280321,neutral,0.5429732366463873
1342266382159933441,negative,0.0031906975944742825
1342266382239604736,negative,0.03514551154622943
1342266382440914952,negative,0.05583299329353172
1342266387499282434,negative,4.232606292171024e-06
1342266388061114368,neutral,0.43578060616678027
1342266389185368066,negative,0.002745298738113449
1342266390762430465,negative,0.0012445089043806013
1342266391253155841,negative,0.0002147295060475801
1342266391827795975,negative,0.06481680375009435
1342266391961989123,negative,0.10514650290048043
1342266392230453250,negative,0.2692005333108146
1342266394176581633,negative,5.001696173137159e-06
1342266439475015683,negative,0.0012445089043806013
1342266440196513794,negative,6.074305353992892e-06
1342266440879984640,negative,2.6001611259332796e-05
1342266443057025024,negative,0.10404495241321535
1342266443392548867,negative,0.003049794309742285
1342266443702874114,negative,0.21047953907773329
1342266444537593860,negative,1.5966809134419866e-10
1342266444621332480,negative,0.006090637631782576
1342266444722163715,negative,0.10835610613522914
1342266446315986945,negative,0.0065217804603688
1342266447310041097,negative,1.4932632614602176e-05
1342266449545613312,negative,0.2692005333108146
1342266449663037441,negative,0.004300878492222307
1342266449721761792,negative,0.00012766797133776688
1342266450699026432,negative,0.011492635420318581
1342266451126853632,negative,0.0008910496449260973
1342266452104114178,negative,0.00017451291327676269
1342266453022674945,negative,0.09640323611645361
1342266453047861249,negative,0.07786434592071659
1342266454901747717,negative,0.001377803716870492
1342266457393147907,negative,0.0005520065288040503
1342266458030678016,negative,0.27538537887707226
1342266458039005186,negative,1.6734281074416479e-10
1342266458173161473,negative,0.013553590421414848
1342266458538205186,negative,5.001696173137159e-06
1342266458852761600,negative,0.08870028390630277
1342266459037302791,negative,0.08995090336293005
1342266459523870721,negative,0.00013998877422061442
1342266459704221697,neutral,0.5734576952979002
1342266460673089536,negative,0.05583299329353172
1342266462384209920,neutral,0.42755866745518784
1342266464653500419,negative,5.001696173137159e-06
1342266465479745543,negative,5.001696173137159e-06
1342266466595438595,negative,3.792379489848801e-05
1342266467748896768,negative,0.004383900737037929
1342266468080246785,negative,0.0008537702012045762
1342266477311909888,negative,0.27538537887707226
1342266478775709697,negative,5.001696173137159e-06
1342266479740383232,negative,0.048177750116542954
1342266485201383424,negative,0.0047559176899594525
1342266486203756547,negative,3.3047837695165635e-06
1342266487378210817,negative,0.06318583908038691
1342266487592120320,negative,0.042901513471752355
1342266487676035073,negative,0.05583299329353172
1342266488028356608,negative,0.11182245947334335
1342266488053493763,negative,0.2812124665127172
1342266491618660354,negative,3.792379489848801e-05
1342266492373504000,neutral,0.4842501420332348
1342266492604313600,negative,0.014849538568656992
1342266493162156033,negative,5.001696173137159e-06
1342266495796195328,negative,5.547586483555178e-06
1342266495812964352,negative,0.0012445089043806013
1342266499755626507,negative,0.004312563521657284
1342266504776179713,negative,0.06487390577265591
1342266506277761024,neutral,0.5247951238287277
1342266507536064512,negative,0.07409858964317478
1342266508026605569,neutral,0.5495922250151081
1342266508123271173,neutral,0.381875542748901
1342266508853047296,negative,4.57956667932799e-06
1342266509683535872,negative,0.026496221696643115
1342266510321070081,negative,0.27538537887707226
1342266512929910784,negative,0.0010427729243528215
1342266513462591489,negative,0.2812124665127172
1342266521054302209,negative,0.01426580548053544
1342266526951481345,neutral,0.33623359787652535
1342266529707155456,negative,0.01901656117934125
1342266530206076929,negative,0.00012082158232400552
1342266530935971840,positive,0.6853358840002115
1342266532487958531,negative,8.515087045096324e-06
1342266535340027905,negative,7.382731725420572e-05
1342266535507861504,negative,0.2692005333108146
1342266535809835008,negative,0.054679561276458066
1342266536275431424,negative,0.0001508358084855163
1342266537210765316,negative,5.001696173137159e-06
1342266537688748033,negative,5.001696173137159e-06
1342266538238341120,negative,0.007935126708492508
1342266539089645568,negative,0.0002392550969991425
1342266539907502080,negative,0.011513023398764846
1342266542600421379,negative,0.12248249736691665
1342266544387198980,negative,0.0006762102789891573
1342266546475954184,negative,0.07409858964317478
1342266547927195652,negative,8.515087045096324e-06
1342266553576939525,negative,9.948190231384446e-05
1342266553639829504,negative,0.061541863577422
1342266557293015044,negative,5.001696173137159e-06
1342266558236811272,negative,0.029269355833585062
1342266558261805058,negative,0.17234492330751788
1342266559461552129,negative,0.002745298738113449
1342266562091352064,negative,1.4932632614602176e-05
1342266630257176579,negative,9.948190231384446e-05
1342266630751932419,negative,0.11965859800176372
1342266631507087362,negative,5.001696173137159e-06
1342266632102670336,negative,0.0017150490049698578
1342266632874446848,negative,0.004968029860804738
1342266635336355841,negative,0.07611488631158644
1342266636062109697,negative,5.001696173137159e-06
1342266636473131020,negative,0.046244363965600443
1342266637324591105,negative,1.7869430836048923e-05
1342266637525901313,negative,0.046244363965600443
1342266638243143680,negative,0.06633595613633989
1342266642391302144,negative,9.948190231384446e-05
1342266643003662336,negative,0.00451595085493334
1342266643821445121,negative,0.000942675738455971
1342266644182097920,negative,0.002778371312909484
1342266645734170624,negative,8.515087045096324e-06
1342266645906120712,negative,0.008487598650553724
1342266646455590913,negative,1.2114722476918681e-06
1342266646619168769,negative,5.001696173137159e-06
1342266647294353419,neutral,0.5495922250151081
1342266647894241280,negative,0.06418211069397059
1342266648858947585,negative,0.16532172419126437
1342266651874619392,negative,0.027310277278225794
1342266652747042820,negative,0.11389843545716861
1342266653430710274,negative,4.4090162141390007e-13
1342266654697385986,negative,1.1477400895169388e-10
1342266656446361601,neutral,0.36378564111820094
1342266657352413192,negative,7.8964593116111e-10
1342266659210481664,negative,7.30774934935384e-05
1342266659646664710,negative,8.515087045096324e-06
1342266659978047488,negative,5.001696173137159e-06
1342266661655744517,negative,5.001696173137159e-06
1342266661878063105,negative,8.515087045096324e-06
1342266662511325184,neutral,0.46127768308170247
1342266663056662528,negative,0.0009268291998292341
1342266664117792768,negative,0.006090637631782576
1342266664885383175,negative,5.001696173137159e-06
1342266666407915522,negative,0.025137561152171424
1342266668052082689,negative,0.019196637429483427
1342266669079490560,negative,0.0021575598155765072
1342266670744797184,negative,0.10404495241321535
1342266673936666627,negative,0.10012480809762515
1342266674750304257,negative,0.12248249736691665
1342266676046409728,negative,0.015646840494941375
1342266676868485120,negative,0.16814325344545622
1342266677447307265,negative,5.001696173137159e-06
1342266677556371457,negative,8.395327799495476e-13
1342266678676230144,negative,0.007728510575876854
1342266678755926019,neutral,0.47878153849390703
1342266680815312898,negative,5.001696173137159e-06
1342266683185106944,negative,0.10133110281711172
1342266683495485442,negative,0.016348317326067226
1342266683801665538,negative,0.011716648316815367
1342266686548963329,neutral,0.5495922250151081
1342266686800613376,negative,4.9453211741048014e-11
1342266686808977410,negative,1.5900028509143926e-06
1342266688826445827,negative,0.18113272026756216
1342266691049426946,negative,0.0012399717833055702
1342266692467126273,neutral,0.5052510391936574
1342266693440172032,negative,0.0033686064962472565
1342266694358585344,negative,0.09069823641113647
1342266696044838914,negative,0.09640323611645361
1342266698867613702,negative,0.27538537887707226
1342266702617260034,negative,0.014849538568656992
1342266703321985031,negative,0.014921409828964609
1342266703594594304,negative,0.05583299329353172
1342266704093708291,negative,0.008255408773844912
1342266706497048577,neutral,0.47194723855474335
1342266706765471745,negative,1.6082051077464364e-07
1342266708145414144,negative,4.553017567856357e-05
1342266708288032768,negative,0.028387754637568395
1342266709328191488,negative,0.0001485244904242784
1342266709479194624,negative,0.30439231617686313
1342266710229987334,neutral,0.4041744957160882
1342266710368387075,negative,7.856230902403956e-05
1342266710749892609,negative,0.006073063457578925
1342266710783647744,negative,0.3251026506591668
1342266711513440256,negative,0.10700295468860774
1342266711811174401,negative,0.2692005333108146
1342266711865774080,negative,9.948190231384446e-05
1342266714642407425,negative,0.05879877175333563
1342266716735287297,negative,7.536778598895572e-05
1342266722246684672,negative,0.0017544270121222598
1342266723941146625,negative,0.0003389455323041898
1342266725014917120,negative,5.001696173137159e-06
1342266725388197888,negative,0.00508283694788516
1342266725484679169,negative,0.10031776796660619
1342266727640535040,negative,7.866141569374304e-05
1342266728760418307,negative,3.0958845008059286e-10
1342266730505240577,negative,0.21047953907773329
1342266730958225408,negative,1.6734281074416479e-10
1342266733294354432,negative,0.044008373005358314
1342266735009914881,negative,0.05542869502444834
1342266736247189504,negative,0.0001835049093905949
1342266737891430401,negative,7.68779963952736e-08
1342266738373758978,negative,0.010180016942306058
1342266739522994176,negative,0.006090637631782576
1342266739908890624,negative,2.7327477117456444e-06
1342266740819062784,neutral,0.5423792651267941
1342266741188136966,neutral,0.43578060616678027
1342266742060552192,negative,5.001696173137159e-06
1342266742102482945,negative,0.012673523306513453
1342266745302745088,negative,0.0007191086272834422
1342266745457958912,negative,0.12740039617771
1342266745499824128,negative,0.22272158854618682
1342266746175012864,negative,0.0002392550969991425
1342266746221309952,neutral,0.5052510391936574
1342266805990141955,negative,0.21651339263655675
1342266807042912257,negative,0.006416812001398704
1342266807781122050,neutral,0.37006291216105947
1342266808074727424,negative,0.05527107754136809
1342266808124940288,neutral,0.5472960823705576
1342266809370750976,negative,5.547586483555178e-06
1342266809848901632,negative,0.002745298738113449
1342266809903443968,negative,0.3205746300160878
1342266812302503949,negative,0.0016517701137548416
1342266813967699969,negative,0.006416812001398704
1342266814693257221,negative,4.407491791924891e-14
1342266816052293639,negative,0.003403968256676655
1342266816790491136,negative,0.0012445089043806013
1342266820800241664,negative,7.30774934935384e-05
1342266821701824512,negative,0.03617786852575754
1342266823786586112,negative,4.313416132284436e-05
1342266824247943169,negative,0.0012445089043806013
1342266824294068225,positive,0.7471766679895266
1342266825464283136,negative,0.007290378313673285
1342266827934728197,negative,0.09330070914684761
1342266829411151872,negative,0.021832781444602187
1342266831122223110,negative,0.017840404156025128
1342266831176933381,negative,5.001696173137159e-06
1342266831533461505,negative,0.013324558047625076
1342266832733011968,negative,0.10514650290048043
1342266835367026691,neutral,0.37694754132794417
1342266837028007937,negative,0.2692005333108146
1342266837409681408,neutral,0.5052510391936574
1342266838605045762,negative,0.006931571306404753
1342266839246761987,negative,0.002514307031412922
1342266839641026564,negative,5.001696173137159e-06
1342266840685436931,neutral,0.42917751334538623
1342266842988105728,negative,0.00945263047044155
1342266843046805505,negative,0.21651339263655675
1342266844992786432,negative,0.20595240699786815
1342266846247006209,negative,0.00011161858042375532
1342266846469353473,negative,8.515087045096324e-06
1342266847966732288,negative,5.743734701435673e-05
1342266851812900864,negative,0.026488813253336067
1342266852555296769,negative,0.08811214601977964
1342266855529074688,negative,2.310067265626691e-05
1342266857890455552,negative,0.0005671475321941148
1342266858431537152,negative,0.004507553566288648
1342266861505929220,positive,0.9146566424703388
1342266861937946625,negative,3.656502053512553e-08
1342266862248202240,positive,0.9996679469659898
1342266862466260992,negative,0.07997724071691029
1342266864290951169,negative,0.014392646757311797
1342266866962751494,negative,0.1265715864229198
1342266869160570881,negative,9.408529988076039e-05
1342266870867636226,negative,0.000477147450394425
1342266871844798464,negative,0.0008826548418773331
1342266874579574785,negative,9.948190231384446e-05
1342266876693508096,negative,0.2007158880656155
1342266882737528844,negative,5.547586483555178e-06
1342266884587192323,negative,0.05038008999908233
1342266886122319873,neutral,0.5601836004710207
1342266887976198144,negative,0.0517814972521364
1342266888701751297,neutral,0.35673419939177425
1342266889607786496,negative,0.19608385064557662
1342266891109191680,negative,0.21651339263655675
1342266891818192900,negative,5.001696173137159e-06
1342266891868495874,negative,0.003566906859200871
1342266892006940672,negative,0.039811744516217516
1342266897321091074,negative,0.31821399201911765
1342266898378067968,negative,0.3061271661318102
1342266902991745025,neutral,0.4066770266694387
1342266903360921600,negative,0.0012445089043806013
1342266904237518848,negative,0.008002740267951025
1342266905458069505,negative,0.0011404343627681073
1342266910189219840,neutral,0.373385024504544
1342266911904698371,negative,3.2883752642727036e-12
1342266915541164033,negative,0.0022173616672644804
1342266916140806145,negative,3.792379489848801e-05
1342266920586899456,negative,5.121154846943292e-07
1342266921970970624,negative,0.004551295411253584
1342266922214297600,negative,0.17694552912975747
1342266922755305475,negative,0.0012445089043806013
1342266924282097664,negative,5.001696173137159e-06
1342266926517645312,negative,0.0052781769575367295
1342266927276847104,negative,0.0005520065288040503
1342266927486533634,negative,0.008255408773844912
1342266928044388358,negative,0.012359593316829193
1342266928128266240,negative,0.0003085971610393264
1342266928186990596,negative,5.001696173137159e-06
1342266929512407041,positive,0.892430347195717
1342266931244654593,negative,0.039624407828476496
1342266933438197765,negative,0.0010427729243528215
1342266935543816194,negative,0.16532172419126437
1342266936240054272,negative,0.2812124665127172
1342267003151777793,neutral,0.42917751334538623
1342267007979442179,positive,0.8965342229842713
1342267009241935874,negative,5.001696173137159e-06
1342267009732640768,negative,0.0006511462771957673
1342267010240053248,negative,0.05364396816761017
1342267011913691138,negative,0.06030985063096717
1342267012173672448,negative,3.276594861734805e-11
1342267012752547842,negative,0.3008608382733156
1342267017441792006,negative,0.2812124665127172
1342267019937386496,negative,0.2567751772165246
1342267029848526849,negative,0.02329323645236039
1342267032776167427,negative,9.656618755885073e-06
1342267033501786112,neutral,0.49789225920557484
1342267033606610945,negative,0.00016837635774470455
1342267033933770754,negative,2.7327477117456444e-06
1342267035196207105,negative,3.434836797689054e-05
1342267035947053057,negative,0.0006890247013791343
1342267039868715021,negative,5.001696173137159e-06
1342267041013751812,negative,0.0009303077126836922
1342267041240104960,negative,2.6575787476757107e-05
1342267044964741122,negative,0.06356053740885668
1342267047472988165,negative,0.0025018105628367955
1342267050539020289,positive,0.6795261167854311
1342267051205926913,negative,0.018367562345874888
1342267051612590080,negative,0.046244363965600443
1342267052711677960,negative,5.001696173137159e-06
1342267053458272257,negative,3.898113407039336e-06
1342267053911244804,neutral,0.381875542748901
1342267054464917504,negative,0.005447757490260875
1342267055496720385,neutral,0.5052510391936574
1342267058969440256,neutral,0.43578060616678027
1342267059607134209,negative,5.001696173137159e-06
1342267059661647883,negative,0.0005670292477676822
1342267061519536128,negative,0.0143846165135334
1342267061578444802,negative,0.28438366916206326
1342267062614446081,negative,0.0010064664615993446
1342267063377612807,negative,0.00508283694788516
1342267063591690241,negative,0.010180016942306058
1342267064116011009,negative,0.003954204897449452
1342267065516896256,negative,0.0010427729243528215
1342267067970547714,negative,0.000477147450394425
1342267068394184704,negative,0.0026718646847690027
1342267069589565440,negative,0.2692005333108146
1342267069656682496,negative,5.001696173137159e-06
1342267070550048771,negative,2.29912635134998e-09
1342267070680084488,negative,0.011386771245539605
1342267071175020544,negative,3.689490582808084e-08
1342267072190021632,negative,0.0016517701137548416
1342267075167985665,negative,0.00014059917739665998
1342267075906166784,negative,0.0012445089043806013
1342267076287860736,negative,0.16532172419126437
1342267076782813186,negative,0.2791488358090311
1342267078225616901,negative,0.07414833241600664
1342267079135809538,negative,5.001696173137159e-06
1342267079618134016,negative,3.957349991212548e-05
1342267081413320706,neutral,0.5052510391936574
1342267081803390976,negative,0.18447898059467038
1342267082499641345,neutral,0.381875542748901
1342267083254591488,neutral,0.5052510391936574
1342267084294774785,negative,0.1258285199032784
1342267086358409216,negative,0.0008500450917226012
1342267087159504896,negative,0.05583299329353172
1342267087738253312,negative,5.001696173137159e-06
1342267087797030913,negative,0.02312814423556466
1342267088065335296,negative,0.01999981670186765
1342267091492204545,negative,0.046244363965600443
1342267093018808320,negative,0.0002392550969991425
1342267093572603904,negative,0.026496221696643115
1342267095887785988,negative,5.001696173137159e-06
1342267097041301504,positive,0.9996062538499785
1342267097120960514,negative,0.1742380541875788
1342267097758511105,negative,9.948190231384446e-05
1342267097871618055,negative,0.13326666095464623
1342267097905299466,positive,0.6631118443454164
1342267098911956993,negative,5.547586483555178e-06
1342267099239112705,negative,0.00011585209990829687
1342267100308664321,negative,0.0008918985870382534
1342267100442853376,negative,0.09174569499106393
1342267100447076352,negative,0.003566906859200871
1342267105253720065,negative,5.001696173137159e-06
1342267107761905664,negative,0.13036130171474938
1342267115361988608,negative,0.12223698291097208
1342267120189632517,negative,0.020150135035676642
1342267121066258432,negative,0.00741627213827822
1342267121926082567,neutral,0.3996580091506196
1342267124467851264,negative,7.30774934935384e-05
1342267125558169600,negative,8.515087045096324e-06
1342267204981714945,negative,0.152076368094992
1342267208026771456,negative,9.408529988076039e-05
1342267211071840257,negative,5.001696173137159e-06
1342267211323486209,negative,5.604844671359085e-07
1342267211667431427,negative,0.0147501555232423
1342267212753735680,negative,1.0330142852809872e-06
1342267212871176192,negative,8.515087045096324e-06
1342267213303132162,positive,0.723682313812272
1342267217660977154,negative,1.27457448967642e-06
1342267218327953409,negative,6.028478967650396e-05
1342267218554400768,negative,0.005447757490260875
1342267221033287688,neutral,0.43578060616678027
1342267221507264514,negative,0.2692005333108146
1342267222987829248,negative,8.515087045096324e-06
1342267224925626369,negative,2.712761161426193e-09
1342267232060121088,negative,0.004900912000151935
1342267232718622726,negative,0.20942692845418048
1342267233423273987,negative,0.007034122981357523
1342267234765447175,negative,0.0005089503300887683
1342267235516227587,negative,1.0026002598604686e-11
1342267235541385217,negative,0.010180016942306058
1342267236120211459,negative,5.001696173137159e-06
1342267237093302274,negative,0.04508398715970884
1342267240935272450,negative,0.007804567115050051
1342267240981405696,negative,0.0010064664615993446
1342267241639915520,neutral,0.35901917105626846
1342267242147434498,negative,0.12223698291097208
1342267242235494401,negative,0.011490537435018785
1342267242331967489,negative,0.0016517701137548416
1342267243279867907,negative,5.547586483555178e-06
1342267244894703616,negative,0.07409858964317478
1342267245242806272,negative,0.27538537887707226
1342267245708369920,negative,5.304206422574919e-05
1342267248925405185,neutral,0.44193049347687885
1342267251177754628,negative,0.007809040031757991
1342267251701985281,neutral,0.5664876250566435
1342267252595372032,negative,0.014233824104601235
1342267256122855425,negative,0.00037909659677248136
1342267256152207360,positive,0.779034009741154
1342267259440537604,negative,0.021348388955747054
1342267259452944385,negative,0.00028871294434574526
1342267261776642048,negative,0.01783966438429332
1342267262099722241,negative,5.001696173137159e-06
1342267262330400769,negative,0.05738010881311253
1342267262951186432,negative,0.0007215222070526154
1342267263781629952,negative,5.001696173137159e-06
1342267264104599552,negative,5.001696173137159e-06
1342267264289091584,negative,0.0005187255801128346
1342267265094451201,negative,5.001696173137159e-06
1342267266956668930,negative,0.05583299329353172
1342267269347495937,negative,5.067111439135553e-05
1342267269573967873,negative,0.10700295468860774
1342267272203800576,negative,0.011538404096376137
1342267272472252423,negative,0.0005094877677718196
1342267272514183181,negative,5.547586483555178e-06
1342267274338693124,negative,0.15985639558564108
1342267274925891584,negative,0.024904705414051206
1342267276368740353,negative,5.001696173137159e-06
1342267276377141251,negative,3.066536201040767e-05
1342267280789422081,negative,0.01616631583838206
1342267283004141569,negative,0.00020379130716467918
1342267284576989185,negative,0.000773205262323389
1342267285260677121,neutral,0.48728019602140255
1342267286506364933,neutral,0.4760342942409787
1342267286682562560,negative,0.0012445089043806013
1342267287647170560,negative,7.8964593116111e-10
1342267293800214528,negative,0.024694100878818438
1342267293947092993,negative,0.09946253546259924
1342267294953725953,negative,0.2692005333108146
1342267295830306818,negative,1.4577346189108026e-08
1342267296111329280,negative,0.09640323611645361
1342267298963451904,neutral,0.4185001873638765
1342267300951502849,negative,0.0018332686998238854
1342267304386686977,negative,0.013568034343109103
1342267309151432705,negative,0.003643846102079221
1342267311344869378,negative,3.8518669949501684e-05
1342267312783687681,negative,0.00010664717672010022
1342268432935432192,negative,0.015773583174067275
1342268434302820354,negative,2.0222762919542424e-12
1342268437796540416,negative,0.01901656117934125
1342268439772221446,negative,0.006090637631782576
1342268440556359680,neutral,0.42919830775866974
1342268441064075267,negative,0.0012445089043806013
1342268442582392833,negative,5.001696173137159e-06
1342268447418445825,negative,0.2692005333108146
1342268449221992448,negative,0.006090637631782576
1342268449549123587,negative,7.268094264099617e-07
1342268450010525696,negative,0.019196637429483427
1342268452241866758,negative,0.00026309819246820703
1342268453554630656,negative,5.001696173137159e-06
1342268454368325638,negative,0.27538537887707226
1342268454448066561,negative,0.1495991676565993
1342268454779420672,negative,5.001696173137159e-06
1342268454997434368,neutral,0.33657875458960645
1342268455450513416,neutral,0.3309866124404005
1342268456578781184,negative,2.624701960752861e-09
1342268457522348032,negative,8.514515919000049e-12
1342268457673494530,negative,0.12938586265222915
1342268461137977344,negative,0.00013200966328905426
1342268461721018371,negative,0.12248249736691665
1342268463046385664,negative,0.000262915195515079
1342268465055465473,negative,0.01684551977740049
1342268466649325576,negative,0.2742641492310916
1342268466678665216,negative,0.015155107296918732
1342268472601047041,positive,0.712276653983641
1342268473527988224,negative,5.001696173137159e-06
1342268475306348545,negative,0.12831000753615937
1342268477818724353,negative,8.515087045096324e-06
1342268477994889216,negative,0.009366623533087502
1342268478955401218,negative,0.0015320501978372421
1342268479601258497,negative,5.903116955265497e-05
1342268479915880449,negative,0.0003805796131649474
1342268481891414017,negative,0.07237131246492694
1342268483011293184,negative,1.2114722476918681e-06
1342268483355242497,negative,0.005928838462996148
1342268486941290496,negative,0.05072886415110737
1342268491064373248,negative,5.001696173137159e-06
1342268491672522752,negative,0.07294918075471754
1342268492888870920,negative,5.001696173137159e-06
1342268496416280579,negative,0.15628274023114563
1342268496449839106,negative,5.001696173137159e-06
1342268497653616640,negative,0.04264132292674702
1342268502560944129,negative,0.0009916164606348153
1342268504309960706,negative,5.667585845313686e-06
1342268507623460873,negative,5.001696173137159e-06
1342268510962147329,negative,0.0715618934515429
1342268511092142081,negative,5.001696173137159e-06
1342268515579998212,negative,0.07409858964317478
1342268515957542913,negative,5.001696173137159e-06
1342268517555560448,negative,0.00291899383285735
1342268520059559936,negative,0.28741154178763173
1342268520151699456,negative,2.1465757273594862e-07
1342268521447882752,negative,0.03513664696641658
1342268523079299078,negative,0.0002392550969991425
1342268523645726720,neutral,0.33727600713706035
1342268524744433666,negative,4.769626057427394e-09
1342268525532987393,negative,8.515087045096324e-06
1342268526099369985,neutral,0.3928101338308331
1342268526246158337,negative,0.008558599281380978
1342268530092367872,positive,0.9042338611407014
1342268530524364800,negative,0.03389676136479784
1342268532957044736,negative,5.547586483555178e-06
1342268533179174913,negative,0.0007851605646244044
1342268533204537344,positive,0.9685034134821003
1342268535821774850,negative,9.948190231384446e-05
1342268538019569665,neutral,0.381875542748901
1342268538652864517,negative,5.001696173137159e-06
1342268540687183874,negative,3.0953558030573e-09
1342268540963987456,neutral,0.5293700225891195
1342268547368685569,negative,5.6620662575277924e-06
1342268547515486208,negative,0.0002392550969991425
1342268551504261120,negative,0.0035854202277410263
1342268598161555456,negative,0.28409559633402964
1342268598954438657,negative,0.0649409937485363
1342268599172538370,negative,5.091402017724412e-10
1342268599424208903,negative,0.0032187002496254224
1342268600737017857,negative,1.0076589320683449e-10
1342268604302110720,negative,5.001696173137159e-06
1342268604314693636,negative,5.001696173137159e-06
1342268604654338048,negative,0.006090637631782576
1342268604893552643,negative,1.977616716220138e-07
1342268605065555971,negative,0.019713886976049255
1342268605174603776,negative,0.0006511462771957673
1342268606873219073,negative,0.001398240424465491
1342268608743952384,negative,0.12740039617771
1342268609301647362,negative,8.959800561953159e-05
1342268610115469315,negative,0.13326666095464623
1342268611617038343,negative,9.948190231384446e-05
1342268614599208961,negative,0.0028932052401502563
1342268615006035968,neutral,0.4306241434182096
1342268616746655744,negative,0.21821773099278652
1342268618533433344,negative,9.948190231384446e-05
1342268620366356481,negative,0.13897227084666552
1342268620467036165,negative,0.2692005333108146
1342268620521549827,negative,0.10700295468860774
1342268622069264385,negative,8.515087045096324e-06
1342268622425743363,negative,9.948190231384446e-05
1342268622589276160,negative,5.001696173137159e-06
1342268622643851269,negative,0.03218946001114938
1342268622979428354,negative,3.890202551261401e-05
1342268623642124289,negative,7.8964593116111e-10
1342268627819622401,negative,0.030488776024601878
1342268628054503426,neutral,0.4470276665047443
1342268628260040704,negative,0.006090637631782576
1342268631489646598,negative,0.0026718646847690027
1342268631770607616,negative,0.0001852678518888137
1342268633939144706,negative,6.705451446007685e-05
1342268635197411328,negative,0.2117793879625942
1342268636518604801,neutral,0.41973430431634534
1342268637441359872,negative,2.524632319051538e-07
1342268639072940033,negative,0.06167690256162752
1342268639463022593,negative,0.008505562002018893
1342268640918339584,neutral,0.42917751334538623
1342268641627287553,negative,3.792379489848801e-05
1342268646773682179,neutral,0.4550267180439356
1342268649470652418,negative,0.007781522980562745
1342268650418532353,negative,0.0004925052406394563
1342268652184342528,negative,0.0010427729243528215
1342268653195190272,negative,0.05635383395352877
1342268654784831489,neutral,0.40065951923053744
1342268655766298625,negative,0.0005617500506938794
1342268657515208705,negative,0.014425713493889014
1342268658207379460,negative,0.001194254888992818
1342268663731277824,neutral,0.43578060616678027
1342268664217620480,neutral,0.42917751334538623
1342268668642807809,negative,0.023075944015281635
1342268669540392961,negative,3.637815805482979e-06
1342268670467338241,negative,0.0691971753894611
1342268673881485312,negative,0.07611488631158644
1342268674309292035,negative,0.0001630059832550359
1342268675865391105,negative,0.006206298529404555
1342268675928313856,negative,0.07871280056591548
1342268676049924096,negative,0.007990676640093664
1342268676884619264,negative,0.017840404156025128
1342268677266305025,negative,8.35594094137308e-06
1342268679828987909,negative,0.024904705414051206
1342268683721314304,negative,0.0010740974269673133
1342268683905851392,negative,9.948190231384446e-05
1342268686258810880,negative,0.2692005333108146
1342268686611193859,positive,0.8488784103859388
1342268687122898944,negative,0.0005618829816122255
1342268688725123073,negative,5.001696173137159e-06
1342268690314665985,negative,0.15372382877574875
1342268692122505218,negative,3.4371395794240046e-06
1342268694433419264,negative,9.948190231384446e-05
1342268697499594755,negative,0.00034310550627148444
1342268700045541376,negative,1.5181492354423418e-05
1342268703413567498,negative,5.001696173137159e-06
1342268706852921345,negative,7.30774934935384e-05
1342268707238645760,negative,5.001696173137159e-06
1342268708320923648,negative,0.023999412501720423
1342268709356888065,negative,0.004118069039271387
1342268709965062149,negative,0.0011902757213991234
1342268710661177344,neutral,0.39148555583824224
1342268710917124096,negative,1.2137587316032155e-05
1342268711848304646,neutral,0.4598650020881221
1342268712385007617,negative,5.001696173137159e-06
1342268713102356495,negative,3.18313801497725e-05
1342268717003059201,negative,0.000773205262323389
1342268717229551622,negative,0.10713583614538598
1342268717632266241,negative,0.0004036356967443948
1342268720379527170,negative,0.006416812001398704
1342268720853512195,negative,0.03589160844210587
1342268721033842688,negative,1.7596121945781426e-07
1342268721964998656,negative,0.10700295468860774
1342268723902763008,negative,0.036115870610642385
1342268725114916864,neutral,0.5052510391936574
1342268726087995396,negative,0.2812124665127172
1342268726205419523,negative,0.025187550138389768
1342268727606185984,negative,4.008071422558779e-10
1342268729053372416,positive,0.7526915867528582
1342268729569243136,negative,0.03663369759749751
1342268729674117120,negative,0.010320672475187986
1342268730374578176,negative,5.001696173137159e-06
1342268731817340929,negative,0.2812124665127172
1342268732656254977,negative,0.041007663271044346
1342268733436407809,negative,0.011073020392278112
1342268737353879554,negative,0.14143821175705878
1342268738305974275,negative,0.21047953907773329
1342268740096835584,negative,7.391810297398132e-05
1342268740675764228,negative,2.4005789860355088e-05
1342268745281118209,negative,0.08287588748263583
1342268747390849024,negative,0.03112515804643714
1342268749202731013,negative,0.27538537887707226
1342268753224994816,negative,0.018277168160144224
1342268753657126914,negative,9.948190231384446e-05
1342268754567294977,negative,0.11601596699851242
1342268757209706496,neutral,0.49789225920557484
1342268758111485954,neutral,0.3385542880458633
1342268758602211329,negative,0.023158976181080253
1342268759554355201,negative,0.006017101707427884
1342268760393195522,negative,0.00079418148661769
1342268761949220866,negative,1.0940641957092841e-07
1342268762238685186,negative,0.0754771315775876
1342268762435805190,negative,0.1061068763424403
1342268763727650824,negative,8.419144189572985e-05
1342268763874361344,negative,0.006090637631782576
1342268769733931009,negative,0.004654754132270051
1342268770266599425,negative,5.001696173137159e-06
1342268770853666817,negative,0.0002615008052650944
1342268771147268096,negative,8.515087045096324e-06
1342268773391187968,negative,0.000477147450394425
1342268773722677249,negative,0.09945839119223678
1342268773810774017,negative,0.2692005333108146
1342268775157133312,negative,0.056064655995890535
1342268778009260032,negative,3.792379489848801e-05
1342268778864893952,negative,8.515087045096324e-06
1342268778978095105,negative,0.0001633113774658067
1342268779078836224,negative,5.001696173137159e-06
1342268779221426176,negative,0.07409858964317478
1342268779468894208,negative,9.948190231384446e-05
1342268781561831425,negative,0.0010427729243528215
1342268796531257356,negative,7.443992684802709e-06
1342268797764464641,negative,0.16607610750087148
1342268798875951104,negative,5.001696173137159e-06
1342268803464499201,negative,0.01400746150471181
1342268806132064261,negative,0.00849309960577442
1342268810775166976,negative,6.556593601329757e-07
1342268814080290816,negative,0.005550337572011116
1342268815753797643,negative,0.011178204383458765
1342268816814993418,negative,0.023075944015281635
1342268817993588738,negative,0.0012445089043806013
1342268821273509889,negative,0.16532172419126437
1342268821562916864,negative,0.0012445089043806013
1342268822871539712,negative,4.020286511543397e-06
1342268822963666946,negative,0.253402405807463
1342268822968037376,negative,0.270440804134403
1342268823005609984,negative,0.00862357991652055
1342268823014047745,negative,0.001208086947132601
1342268823030779905,negative,0.0005438372471342274
1342268823047602177,negative,0.02102912786393105
1342268823051780099,negative,0.014191507943859807
1342268823106322437,negative,0.084192914136514
1342268823349555200,negative,1.6734281074416479e-10
1342268823899144199,negative,0.0001752865143512887
1342268825086033921,neutral,0.5495922250151081
1342268827103600640,negative,0.27538537887707226
1342268828110254081,negative,0.24885954019756376
1342268829544681473,negative,0.08918577067810494
1342268829750190080,neutral,0.5389530675869072
1342268830563917825,negative,0.000571812841904101
1342268831167901696,negative,0.0010427729243528215
1342268831767662592,negative,1.3701494499328598e-06
1342268831784456195,negative,0.0009378800417246804
1342268831788642304,negative,0.3029968537174699
1342268831813816321,negative,6.698507182182521e-07
1342268831864139782,positive,0.9796773348185165
1342268832568774657,negative,8.515087045096324e-06
1342268834032590852,negative,0.2812124665127172
1342268834393157633,negative,6.493746629007383e-06
1342268834716254209,positive,0.8965342229842713
1342268836582711296,negative,0.00012836419755695697
1342268839988498433,negative,0.0002392550969991425
1342268840160468996,negative,0.0007084710363477549
1342268840781074434,negative,8.515087045096324e-06
1342268841267785729,negative,0.03445706151675291
1342268844149252097,negative,0.006090637631782576
1342268844845490176,negative,0.0016517701137548416
1342268845659201542,positive,0.8488784103859388
1342268846149926912,negative,0.10700295468860774
1342268847118807040,negative,0.29191088021479866
1342268847169150977,negative,0.008346083380730824
1342268849371099136,negative,5.001696173137159e-06
1342268850851741697,negative,0.011538404096376137
1342268853162831875,negative,0.10258915213127627
1342268854458834944,neutral,0.5052510391936574
1342268856413417474,neutral,0.33623359787652535
1342268857067712520,negative,0.05783331595100393
1342268857596203008,neutral,0.5495922250151081
1342268858221154306,negative,1.0490128169173714e-07
1342268859194208273,negative,0.14991548800178608
1342268859412180992,negative,0.04794599300172702
1342268859626237952,negative,0.00010653755798101255
1342268859760455681,negative,5.001696173137159e-06
1342268861777899520,negative,0.037109153207495915
1342268862688059392,negative,0.0004760529356788509
1342268864655192065,negative,9.282290816338032e-06
1342268866060279809,negative,9.948190231384446e-05
1342268866764951552,negative,2.2713045667715304e-05
1342268868467822592,negative,0.00029058608879817374
1342268868560089088,negative,0.2692005333108146
1342268868753055749,negative,0.15106824618337014
1342268871894568962,negative,0.05583299329353172
1342268874318872576,negative,0.0006511462771957673
1342268875132514306,negative,1.2967035920362472e-05
1342268876680122369,negative,9.948190231384446e-05
1342268878748004352,negative,0.1061068763424403
1342268879897296897,negative,0.11601596699851242
1342268881759592449,negative,0.05583299329353172
1342268883965792258,neutral,0.3589189259325972
1342268884221644803,negative,0.2812124665127172
1342268885320556545,negative,0.06030985063096717
1342268886696288257,negative,0.001338865932659323
1342268891645489154,negative,7.30774934935384e-05
1342268893742690304,negative,0.13997518181407745
1342268894183108608,positive,0.9078414350505055
1342268895927947264,negative,0.006090637631782576
1342268896783568896,negative,0.07409858964317478
1342268898465501184,negative,0.021348388955747054
1342268898591313923,negative,0.00014941900849267363
1342268899979649031,negative,7.443992684802709e-06
1342268900734611456,negative,2.7504207757932544e-06
1342268901284057088,negative,0.1702822805689721
1342268901900644353,negative,0.022645411674208464
1342268906120032258,negative,0.002745298738113449
1342268909827878914,negative,5.001696173137159e-06
1342268910092087298,negative,0.015773583174067275
1342268912101167104,neutral,0.43010935300609193
1342268913506263041,negative,0.015773583174067275
1342268915733422089,negative,5.547586483555178e-06
1342268916073172994,negative,0.32677508348852996
1342268916903641089,negative,0.09330070914684761
1342268921941012481,negative,0.009111268934573933
1342268922100330496,negative,0.0016517701137548416
1342268922620497920,negative,0.004962184566245722
1342268924738609152,negative,0.03472381925019443
1342268925694926848,negative,0.03748193775637961
1342268926449823746,negative,0.04782757060077636
1342268926999334915,negative,1.2954621507445088e-06
1342268927557169153,negative,0.2620967345150337
1342268927687221249,negative,0.1144168346543337
1342268929276866562,negative,3.8890322795396915e-10
1342268930098933766,negative,5.001696173137159e-06
1342268930967146498,negative,0.14621262492287865
1342268931550097408,negative,0.04362033744805168
1342268931956883456,negative,0.1250224706700623
1342268932036698114,negative,0.0069571137892871044
1342268933534003200,negative,0.011475285946569986
1342268935375380482,negative,2.857499260221765e-05
1342268936847581184,negative,0.006090637631782576
1342268937724186625,negative,0.17728833137705272
1342268941595504645,negative,6.843693964958376e-07
1342268945160613890,negative,9.948190231384446e-05
1342268945185857540,negative,0.006090637631782576
1342268946498646016,negative,5.001696173137159e-06
1342268947555639304,negative,0.014921409828964609
1342268948239314950,neutral,0.6254030740656253
1342268948872634370,negative,0.0005540171535072539
1342268949094916097,negative,0.006090637631782576
1342268950336323585,neutral,0.5495922250151081
1342268954828558336,negative,0.006090637631782576
1342268957567442949,negative,0.006090637631782576
1342268959358382080,negative,3.639755682863363e-13
1342268961145184262,negative,5.814449261260577e-05
1342268962164367370,negative,5.265350115571925e-08
1342268965201080322,neutral,0.3920775259595825
1342268965381431298,negative,0.2692005333108146
1342268972138434560,negative,0.2812124665127172
1342268974655025152,negative,0.05583299329353172
1342268974868922368,neutral,0.42919830775866974
1342268975309328384,negative,5.001696173137159e-06
1342268975384768513,negative,0.019196637429483427
1342268976139743238,negative,7.30774934935384e-05
1342268976395644928,negative,0.003433082903206306
1342268978014658563,negative,0.03425911805638889
1342268980980043776,negative,0.003719291645322882
1342268983450476545,negative,0.024831481278521115
1342268983651799042,negative,0.017383084249193482
1342268986487140352,negative,0.13250104383526126
1342268986948538368,negative,0.08918577067810494
1342268987204374531,neutral,0.44193049347687885
1342268987921543170,negative,0.20149353903447337
1342268988445884416,negative,0.00876018988783241
1342268989171507203,negative,0.013693389405275775
1342268989288947713,negative,8.515087045096324e-06
1342268991314735104,negative,0.01997204718231265
1342268991423868930,negative,0.033622266836071724
1342268991876825091,neutral,0.4139097613036992
1342268994183712769,negative,0.06030985063096717
1342268994628284417,negative,0.2742641492310916
1342268996809334784,negative,0.18354575217194552
1342268997056790530,negative,2.5041162978970248e-05
1342268998436745218,negative,1.128475189969466e-07
1342268999728553985,negative,7.63509030849759e-12
1342269000525500417,negative,0.0016517701137548416
1342269001112694786,negative,3.845789025409433e-05
1342269002333229058,negative,0.23728876323830284
1342269002685542401,negative,0.006076886878180595
1342269005411868674,negative,0.015691876859492217
1342269006997164032,negative,0.0007851605646244044
1342269008049893379,negative,0.0006499341453961601
1342269009463554049,negative,0.005690555835752746
1342269011514552325,negative,0.11459793749328215
1342269013372579841,negative,3.471257872815805e-08
1342269015100706816,negative,0.0022994215834353945
1342269015268466691,negative,0.057100421758971884
1342269017172701186,negative,0.0005520065288040503
1342269017575346177,negative,0.2812124665127172
1342269019445977094,negative,7.30774934935384e-05
1342269021144674304,neutral,0.5495922250151081
1342269021392146441,negative,1.2137587316032155e-05
1342269021538971648,negative,0.004922426139101302
1342269025892651008,positive,0.7554162363887574
1342269025922011138,negative,8.515087045096324e-06
1342269030107926529,positive,0.9998197953277507
1342269030900453377,negative,8.515087045096324e-06
1342269032096002051,negative,0.019937252458622982
1342269034449014784,negative,0.0012445089043806013
1342269036382580739,negative,0.014917730173226472
1342269037733097474,negative,0.0016658656534720535
1342269038471372800,negative,0.00010115655503083618
1342269038496514048,negative,0.004300878492222307
1342269043244494850,negative,0.014921409828964609
1342269043898806273,negative,9.948190231384446e-05
1342269044003631105,negative,5.001696173137159e-06
1342269044133654529,negative,5.001696173137159e-06
1342269044854931456,positive,0.9996679469659898
1342269046318899205,negative,0.0009017419405399863
1342269046331473920,negative,0.003948609837444691
1342269047635849218,negative,0.0012445089043806013
1342269048281825280,negative,7.30774934935384e-05
1342269048927580160,negative,0.0002755830172568149
1342269049468723200,negative,0.0007837329186064654
1342269050794160129,negative,0.1798610121747192
1342269051796643841,negative,0.00029267990461877914
1342269053449109505,negative,8.515087045096324e-06
1342269054694907906,negative,0.2887298072063797
1342269055462469641,negative,5.001696173137159e-06
1342269056901132288,negative,0.11182245947334335
1342269058125864961,negative,0.0017880157369971467
1342269059518361601,negative,0.11182245947334335
1342269061095436290,negative,2.7009678735599024e-05
1342269062999642113,positive,0.6795261167854311
1342269065579134978,negative,0.12441715368259702
1342269068162838529,negative,0.008002740267951025
1342269068854833157,negative,0.019673505361455453
1342269070482288640,negative,1.4954240981433997e-05
1342269071245647872,negative,0.2812124665127172
1342269071316951040,negative,0.0003783443531844595
1342269071564414976,negative,0.0012445089043806013
1342269072776470528,negative,0.00042543545329484626
1342269075024719874,negative,0.00862357991652055
1342269075062452229,negative,1.4932632614602176e-05
1342269076077490176,negative,8.515087045096324e-06
1342269076807299073,negative,1.6734281074416479e-10
1342269076920528896,positive,0.8992762893108219
1342269078669557760,negative,0.2812124665127172
1342269080875757568,negative,0.007284501904285998
1342269085166559234,negative,0.001285519287038413
1342269086429024257,negative,4.887361644345825e-06
1342269087565705216,negative,9.948190231384446e-05
1342269087599222786,negative,0.0001539058223980297
1342269089205678080,negative,0.0016988754688753971
1342269090828869634,negative,0.16607610750087148
1342269093286535170,negative,0.16532172419126437
1342269097371791363,negative,5.001696173137159e-06
1342269097371971591,negative,0.019196637429483427
1342269097757835264,negative,5.702152232251858e-07
1342269098911297540,positive,0.9020719925794355
1342269102434480129,negative,0.15884973808023384
1342269115675914241,negative,0.0009974031909693718
1342269118725152768,neutral,0.44846293211155425
1342269118767132673,negative,0.019196637429483427
1342269120302243840,neutral,0.5697827711143846
1342269120537124864,negative,0.05447534550667627
1342269120709013504,negative,0.08334680694560509
1342269122764304390,negative,0.0005520065288040503
1342269124567834626,negative,0.05583299329353172
1342269124953706504,negative,0.0006370107759867735
1342269125301841922,negative,5.001696173137159e-06
1342269125859680257,negative,0.16186416659669633
1342269127797440513,negative,8.140238382151967e-08
1342269129256923137,negative,0.14964248297505045
1342269132255977479,negative,7.650563326049622e-06
1342269135821139970,negative,0.0008360330251163725
1342269136840359940,negative,1.2114722476918681e-06
1342269140531343363,negative,5.001696173137159e-06
1342269145212186624,negative,0.039056616647081696
1342269147493896193,negative,8.946659955448146e-05
1342269148232089600,negative,0.00031284106238320397
1342269153336504324,negative,0.27538537887707226
1342269155471450113,negative,1.2114722476918681e-06
1342269158583640065,negative,0.023272702321897463
1342269158696869889,negative,1.3403088978114072e-05
1342269159732899841,negative,0.0010427729243528215
1342269161213480961,neutral,0.398180521791012
1342269162081710083,negative,8.515087045096324e-06
1342269162631081984,negative,0.002885147789288899
1342269163998470145,negative,5.676870501550674e-05
1342269166070472705,negative,0.0024314870963775565
1342269166250815488,negative,5.001696173137159e-06
1342269168108904454,negative,0.07237131246492694
1342269170977828867,negative,0.011378538713085577
1342269172328386564,negative,0.12962009069807864
1342269175151161344,negative,0.1267830472270843
1342269179232182273,negative,5.948530822781975e-09
1342269179261546496,negative,5.547586483555178e-06
1342269179945218048,negative,0.2812124665127172
1342269180620451841,negative,0.03838857335827442
1342269180675039233,negative,0.0007447761029289777
1342269181539004422,negative,0.10404495241321535
1342269181610364933,negative,0.04991069383975335
1342269181824282627,negative,7.30774934935384e-05
1342269182042370048,negative,0.019196637429483427
1342269182910615552,negative,5.001696173137159e-06
1342269184269541376,negative,0.0637072263795122
1342269184982577152,negative,0.020662502153600684
1342269185985028096,negative,0.022645411674208464
1342269185997631489,negative,0.15884973808023384
1342269186110844928,neutral,0.40993489129947513
1342269187604033537,neutral,0.33623359787652535
1342269189445332994,negative,5.001696173137159e-06
1342269196676247553,neutral,0.5495922250151081
1342269198425325569,negative,9.948190231384446e-05
1342269198681190400,negative,0.017517167742016917
1342269199096426496,negative,0.026198647027612022
1342269200987910144,negative,2.6108235016959542e-05
1342269201331986434,negative,1.2114722476918681e-06
1342269202644795392,negative,1.2560315298283034e-05
1342269206989959168,negative,0.006090637631782576
1342269207166251008,negative,5.001696173137159e-06
1342269208961413120,negative,0.0016902203694801347
1342269214598569984,negative,0.10404495241321535
1342269214850248706,negative,0.2692005333108146
1342269215798161409,negative,0.002745298738113449
1342269218574757890,negative,1.786215110694858e-13
1342269222349643777,negative,0.18989809875678204
1342269224954322945,negative,0.00028533031192394423
1342269225503764480,negative,2.3284378873779893e-07
1342269226002882560,negative,1.2137587316032155e-05
1342269227215040513,negative,0.0002392550969991425
1342269227743514627,negative,5.001696173137159e-06
1342269228313960448,negative,0.0016517701137548416
1342269228762755072,negative,0.07409858964317478
1342269232315301889,negative,0.03389676136479784
1342269235016380425,negative,0.00030915010877106063
1342269240863293440,negative,1.6734281074416479e-10
1342269242968834050,negative,3.162148234835636e-09
1342269244529115137,negative,7.30774934935384e-05
1342269245477031941,neutral,0.49789225920557484
1342269245535744001,negative,0.00891375960757663
1342269246227832834,negative,0.27538537887707226
1342269246806614016,negative,0.0013969897411249572
1342269247955808257,negative,0.0002755830172568149
1342269248907878401,negative,0.00010977376417288374
1342269249809772546,negative,0.005523502443881404
1342269254691770368,negative,5.066138631292994e-08
1342269255316721664,negative,8.515087045096324e-06
1342269256805834758,negative,2.6575787476757107e-05
1342269261474111493,negative,0.002482700956869302
1342269261658599428,negative,0.008549488722426795
1342269262724030464,negative,5.001696173137159e-06
1342269264657580032,negative,0.0057899175196762616
1342269269065805826,negative,0.1416896435980873
1342269269455872006,negative,0.0300206941407822
1342269269476847617,negative,4.0647100005089224e-05
1342269272903491584,neutral,0.49789225920557484
1342269274551939073,negative,9.948190231384446e-05
1342269277496352784,negative,0.00031284106238320397
1342269278012071936,negative,5.001696173137159e-06
1342269278167425025,neutral,0.47027624528776535
1342269279442374656,positive,0.8488784103859388
1342269280595808257,negative,9.948190231384446e-05
1342269280923082753,negative,0.03513664696641658
1342269286690267136,negative,5.001696173137159e-06
1342269287424270336,negative,0.0016517701137548416
1342269288305061889,negative,0.0001747558337809917
1342269289668210688,negative,5.702152232251858e-07
1342269291891216384,neutral,0.6074881052667196
1342269291903807488,negative,0.00015138390530928595
1342269292797169674,negative,0.00013416559110101528
1342269293455618050,negative,0.0019420592397806264
1342269360996577287,negative,0.2620967345150337
1342269361587974144,negative,5.001696173137159e-06
1342269361738964992,negative,1.2730561793519717e-09
1342269362246397955,positive,0.9958258315711571
1342269366998499328,positive,0.9042338611407014
1342269374250549250,negative,0.00451595085493334
1342269374267330564,negative,0.0007027252652632327
1342269377219944448,negative,0.1328677861817836
1342269378021253120,negative,0.0012445089043806013
1342269381217292288,negative,8.515087045096324e-06
1342269381775130633,negative,0.02329323645236039
1342269382060371974,negative,5.547586483555178e-06
1342269382450405382,negative,0.05583299329353172
1342269384836993025,negative,5.001696173137159e-06
1342269387651371008,negative,0.3258597308797632
1342269388335046660,positive,0.9046613274461708
1342269389278765056,negative,0.051494153480192734
1342269389639442432,negative,0.12248249736691665
1342269390037934080,negative,0.0003361366704521218
1342269390058827776,negative,0.0012445089043806013
1342269390201483268,negative,0.002745298738113449
1342269392743182336,positive,0.8183793055175134
1342269394865500164,negative,5.001696173137159e-06
1342269394999762944,negative,0.01160725873521015
1342269396773982208,neutral,0.46862856797774255
1342269398179053570,negative,0.004399032505670629
1342269398694899712,negative,0.2812124665127172
1342269398921445376,negative,8.515087045096324e-06
1342269399076581377,negative,0.0012259361569146455
1342269400116813824,negative,1.5544223548951532e-07
1342269400876011520,negative,0.0052998966144034345
1342269403006693381,negative,1.2824300329211715e-05
1342269403593846789,negative,0.010422485233711098
1342269405976272896,neutral,0.6257187755164636
1342269408631283715,negative,0.10700295468860774
1342269410870964224,negative,6.047371349991277e-05
1342269411336609793,negative,8.515087045096324e-06
1342269411734990849,negative,2.8288279540509522e-08
1342269412074786816,negative,0.014097716998775642
1342269412926246912,negative,9.948190231384446e-05
1342269414637506563,negative,0.12248249736691665
1342269418236223492,negative,0.00451595085493334
1342269420777959428,neutral,0.4273682507201313
1342269420954128386,negative,5.001696173137159e-06
1342269424313753602,positive,0.9020719925794355
1342269424481525763,negative,7.8964593116111e-10
1342269424531812352,negative,5.001696173137159e-06
1342269424905158656,negative,0.030646049405239708
1342269425005834240,negative,0.18786617406851622
1342269425181986819,negative,0.0008067471435549648
1342269425442037760,negative,2.079857999573423e-09
1342269427136540673,negative,0.007597721633767356
1342269428147351553,neutral,0.43578060616678027
1342269432089997312,negative,0.00862357991652055
1342269432731750400,negative,3.792379489848801e-05
1342269432899530754,neutral,0.5136446707795853
1342269433134387200,negative,0.021181937055330245
1342269433218289664,negative,0.00011161858042375532
1342269433545449472,negative,8.515087045096324e-06
1342269433578926081,negative,0.0005520065288040503
1342269435189612548,negative,0.004364091949632325
1342269435340595200,negative,2.5944712234856736e-05
1342269435931987971,negative,3.792379489848801e-05
1342269440755453952,negative,7.30774934935384e-05
1342269441766260736,neutral,0.3355568249059029
1342269442311467013,negative,6.17938220872769e-05
1342269442798051332,negative,0.01879456325188826
1342269444240846849,neutral,0.5495922250151081
1342269445813792768,negative,0.03513664696641658
1342269448414224386,negative,0.00015461124644880632
1342269448657502210,negative,0.274968628404148
1342269449093713921,negative,0.009386167186856776
1342269451723550720,negative,0.2042196297896975
1342269451849396230,negative,7.8964593116111e-10
1342269454999302146,negative,0.056481127489015764
1342269455192236032,negative,0.0001009839631945243
1342269456320442370,negative,0.0003231087029706321
1342269459474612225,negative,4.6753899185392565e-05
1342269460426747906,negative,0.1021178695068662
1342269462444179456,negative,0.09640323611645361
1342269462821658629,negative,2.067386251542386e-06
1342269462926520320,negative,0.09875675398781661
1342269462934921224,negative,0.0036014199186581272
1342269467309576192,negative,5.001696173137159e-06
1342269467330539520,negative,0.002015219856435297
1342269468815331331,negative,0.0012445089043806013
1342269470404988928,negative,0.006090637631782576
1342269471088541703,negative,0.0010427729243528215
1342269471461933057,negative,7.30774934935384e-05
1342269471952674819,negative,5.001696173137159e-06
1342269472544055298,negative,0.11182245947334335
1342269472904765441,negative,2.986163174794933e-05
1342269474989363200,negative,0.00022669978967075613
1342269475752697862,negative,0.002745298738113449
1342269475832225794,negative,6.704100795331119e-13
1342269476276879360,negative,0.17081360610822469
1342269476901945344,negative,0.00030915010877106063
1342269477157797891,negative,5.547586483555178e-06
1342269478244134913,negative,8.03253579400114e-05
1342269480467103750,negative,0.2692005333108146
1342269480769105920,negative,5.001696173137159e-06
1342269480987205640,negative,0.010124015869467446
1342269481293406208,negative,0.2691704513998477
1342269483684159489,negative,7.8964593116111e-10
1342269486032936960,negative,0.014921409828964609
1342269565263351810,negative,5.001696173137159e-06
1342269567079510018,positive,0.9042338611407014
1342269567901593600,negative,0.05977210560040049
1342269568409067527,negative,0.0017880157369971467
1342269570560774145,negative,0.006720905989338632
1342269573106700293,negative,0.0006890247013791343
1342269573534461954,negative,6.860106254218985e-05
1342269574436282369,negative,5.974018116829242e-07
1342269574662774786,negative,0.01121773541651487
1342269577414254592,negative,0.00741627213827822
1342269577493929984,negative,0.0012445089043806013
1342269578441850881,neutral,0.47878153849390703
1342269578475405314,negative,0.2170807756367043
1342269578483818498,negative,0.11182245947334335
1342269579008102401,negative,5.001696173137159e-06
1342269579339456512,negative,0.20553839605250748
1342269579595169792,negative,1.1924715322219083e-07
1342269580383821825,neutral,0.37974978681753246
1342269582308995072,negative,0.0012445089043806013
1342269585324728320,negative,0.006871578058235508
1342269589284151296,neutral,0.3942134623513019
1342269589393186818,negative,0.005447757490260875
1342269590211092480,neutral,0.33657875458960645
1342269591263866882,negative,0.03647605978991111
1342269593683951618,negative,0.00015135494740636395
1342269593696555015,negative,0.0017444819809446718
1342269598016577537,neutral,0.3628165521686008
1342269598201163778,negative,0.2343068529270471
1342269600554221569,negative,0.00013193739814961717
1342269600747151361,neutral,0.4198556898320829
1342269601623797763,negative,0.008510835504798003
1342269602903031809,negative,0.14143821175705878
1342269602944978952,negative,0.0006698391593084171
1342269608078823425,negative,5.001696173137159e-06
1342269608947027969,negative,5.001696173137159e-06
1342269609949454336,negative,0.014921409828964609
1342269610477944832,negative,0.007290378313673285
1342269611337797632,negative,5.001696173137159e-06
1342269612092698629,negative,0.07409858964317478
1342269612101136384,negative,0.006017101707427884
1342269612713537539,negative,0.04326749920868208
1342269612931612672,negative,0.005058963611082928
1342269615729070085,negative,0.040104084251449346
1342269617146884097,negative,0.05583299329353172
1342269618229026818,negative,2.3840262165042065e-05
1342269619365683200,neutral,0.3996580091506196
1342269621802512384,negative,5.547586483555178e-06
1342269621861285888,negative,0.1233919987540032
1342269622691704833,negative,0.0017880157369971467
1342269622914068485,negative,0.015773583174067275
1342269624491139073,negative,0.15884973808023384
1342269624671494145,negative,0.02175805125659771
1342269624826650625,negative,0.0002392550969991425
1342269625631961088,negative,5.001696173137159e-06
1342269627292901376,neutral,0.42076888431135534
1342269627389403146,negative,0.01563543576172292
1342269629784326145,negative,0.010081488133102046
1342269629947932672,negative,0.0005094877677718196
1342269635203371008,negative,0.007186764935882854
1342269635765415936,negative,0.006090637631782576
1342269635845115904,negative,0.2577403960207793
1342269640244928518,negative,1.675705275265574e-06
1342269641717141504,negative,0.27538537887707226
1342269642866380801,negative,0.0015626405929919482
1342269644632109058,negative,0.011485543202501712
1342269646209232899,negative,2.286825619835921e-05
1342269647790493697,negative,0.02474530463257599
1342269648377700352,negative,0.027631929307406322
1342269649505943552,negative,0.04207770929333098
1342269650009272328,negative,5.001696173137159e-06
1342269651192066048,negative,0.21722145998290496
1342269655151476738,negative,1.710861709594374e-10
1342269655461879810,negative,0.22804821147789497
1342269656430735360,negative,0.2692005333108146
1342269657433124864,negative,0.2858273104562931
1342269658402058244,negative,3.792379489848801e-05
1342269661082230785,negative,0.004312563521657284
1342269662277627904,negative,0.05583299329353172
1342269663254880257,negative,5.651241791700221e-06
1342269664043409410,negative,0.09330070914684761
1342269664978759680,negative,5.864858263937784e-09
1342269668954931201,negative,0.16532172419126437
1342269669156265986,neutral,0.46127768308170247
1342269669307244545,negative,0.0016517701137548416
1342269671429574660,negative,0.2692005333108146
1342269672192962561,negative,1.6734281074416479e-10
1342269672230690819,positive,0.8488784103859388
1342269672562024448,negative,0.056064655995890535
1342269672595533826,negative,1.2114722476918681e-06
1342269672905818113,positive,0.8736984663625011
1342269673627381760,negative,0.00921315852243065
1342269675820953600,negative,8.936407391725804e-05
1342269676123000832,negative,0.21047953907773329
1342269677993603073,negative,0.05879877175333563
1342269679130341376,negative,0.16677737877526322
1342269680015323136,negative,2.96961952720418e-12
1342269682611580928,negative,0.00011970978745193538
1342269683387478017,negative,5.001696173137159e-06
1342269684486463489,negative,0.270440804134403
1342269684968783872,negative,0.06030985063096717
1342269688068202496,negative,2.0836079164419135e-05
1342269689838370816,negative,7.30774934935384e-05
1342269690568192002,negative,0.15628274023114563
1342269690761117697,negative,8.515087045096324e-06
1342269696536694784,negative,0.029269355833585062
1342269698239590400,negative,0.12248249736691665
1342269699766235142,negative,0.24885954019756376
1342269700219273216,negative,0.08912352312227184
1342269703276920833,negative,0.030893517692509035
1342269704107388928,negative,7.828677408361807e-09
1342269704250028032,negative,0.09229481656433842
1342269707395747841,negative,0.00891375960757663
1342269708075212802,negative,0.2692005333108146
1342269710029574147,positive,0.7264240096332016
1342269711296434176,positive,0.698566117218448
1342269734734213123,negative,0.0012445089043806013
1342269737968001027,negative,8.793096855394131e-06
1342269737984811008,negative,0.016328306787422364
1342269740207714304,negative,5.001696173137159e-06
1342269744116858880,neutral,0.5002579963290844
1342269744305594368,negative,0.11254980186538864
1342269744951533568,negative,0.026685184779415567
1342269747849736193,negative,0.018988492889106926
1342269747937882115,negative,5.334316665404494e-05
1342269747942010880,neutral,0.5486968456609221
1342269750131515392,negative,0.053071432268882016
1342269751364640769,negative,0.2692005333108146
1342269754925527041,negative,0.008544233238350902
1342269755433115662,negative,0.00891375960757663
1342269756196454400,negative,0.23187519526992362
1342269756376805377,negative,0.00891375960757663
1342269757265993729,negative,9.759206419688001e-05
1342269758612373506,negative,1.837290969808723e-10
1342269758855634944,negative,0.00022547478839689465
1342269758914371586,negative,0.004345517932692738
1342269760898281473,negative,7.30774934935384e-05
1342269766174711811,negative,0.0018527292478445804
1342269766971568128,negative,5.001696173137159e-06
1342269767349108736,negative,0.27538537887707226
1342269768611606530,negative,0.07774120802408707
1342269774110347265,negative,0.12602186438371632
1342269774173245445,negative,0.2812124665127172
1342269774399746049,neutral,0.5002579963290844
1342269774991122433,negative,0.0012445089043806013
1342269775842598915,negative,5.001696173137159e-06
1342269778807951365,negative,1.2137587316032155e-05
1342269780040896512,negative,0.009464274436695647
1342269790132580352,negative,5.001696173137159e-06
1342269790740742146,negative,0.15628274023114563
1342269791629938690,negative,0.017840404156025128
1342269792611393537,negative,0.00010610003282394673
1342269798223409153,negative,1.6734281074416479e-10
1342269799112601600,negative,5.001696173137159e-06
1342269799347277824,negative,0.010777164592617515
1342269804166733824,negative,0.019196637429483427
1342269807874297856,negative,0.0006903907291249015
1342269810076483584,negative,8.514515919000049e-12
1342269811112300544,negative,8.515087045096324e-06
1342269814430191617,neutral,0.44193049347687885
1342269817705918464,negative,5.001696173137159e-06
1342269818385420288,negative,6.805818156996577e-09
1342269821719900160,negative,0.0010427729243528215
1342269821812158465,negative,0.005058963611082928
1342269823288397825,negative,0.10669414142899711
1342269825041772545,negative,0.10700295468860774
1342269826929188866,negative,0.0007851605646244044
1342269827214401537,negative,0.004386516435827132
1342269829609369601,neutral,0.39152748316377267
1342269831505190913,negative,0.270440804134403
1342269835493986305,negative,0.046676268620566105
1342269836253138946,negative,0.0010427729243528215
1342269836382990336,negative,0.04508398715970884
1342269836420927489,negative,3.792379489848801e-05
1342269836852912128,negative,5.001696173137159e-06
1342269837515530240,negative,8.515087045096324e-06
1342269840472608769,neutral,0.42534852511265614
1342269840996892672,neutral,0.43578060616678027
1342269841865113600,negative,0.03513664696641658
1342269845061165056,negative,7.382731725420572e-05
1342269847355478017,negative,0.01098198605105076
1342269849104506885,negative,0.003433082903206306
1342269850710900736,negative,0.006090637631782576
1342269850731900928,negative,0.003379464901668482
1342269851134554112,neutral,0.57723208060306
1342269852820639744,negative,5.547586483555178e-06
1342269852870979586,negative,2.2365133427900287e-08
1342269857128177669,negative,0.006090637631782576
1342269858663301124,negative,2.880836021181156e-05
1342269859036585984,negative,5.001696173137159e-06
1342269859162435586,negative,0.0004760529356788509
1342269860966002689,negative,0.0032580438964232438
1342269864870891523,negative,0.09823330771572861
1342269867433615361,negative,0.26263318497734356
1342269869623037953,negative,5.0442472168396987e-08
1342269871971848194,negative,0.05362181895143222
1342269872731017217,negative,4.37296520163335e-06
1342269873829732352,negative,4.204830787263893e-11
1342269873922088962,negative,0.0003287037013203728
1342269875729948672,negative,0.09676073570518164
1342269880029110274,negative,3.386290378712663e-05
1342269880251387906,neutral,0.3499352441185855
1342269882302410752,neutral,0.5002579963290844
1342269884349227011,negative,5.001696173137159e-06
1342269885951307777,negative,0.012700432332278747
1342269887146815489,negative,0.09083612202015204
1342269888505720833,negative,5.4235837179239396e-05
1342269888556097536,negative,0.16607610750087148
1342269888765685760,negative,0.0016517701137548416
1342269890590228480,positive,0.8488784103859388
1342269892058341377,negative,1.6089085663121532e-07
1342269893790543873,negative,0.0005968767803170122
1342269895413800963,negative,0.004962184566245722
1342269897615802370,neutral,0.33623359787652535
1342269899750723585,negative,0.0005520065288040503
1342269899855585280,negative,0.020983306816525292
1342269900858019848,negative,0.00046473667666213555
1342269902351118336,neutral,0.5052510391936574
1342269902753849344,negative,0.07433968591128938
1342269907191398400,negative,0.0474342882554685
1342269909489823747,negative,0.009440729028142508
1342269910861414400,neutral,0.43228307121551773
1342269914715992065,negative,0.010335208246531854
1342269916288856065,negative,5.001696173137159e-06
1342269916351778816,negative,6.008570240059941e-06
1342269916595032064,negative,0.0785048637527897
1342269916603437057,negative,0.05084443395252544
1342269919371685889,negative,0.0012584454412861567
1342269919870803969,negative,0.015773583174067275
1342269920168574978,negative,0.2742641492310916
1342269922399940610,negative,0.030754608300443853
1342269924505485312,negative,8.515087045096324e-06
1342269925709271041,negative,0.26076950668447035
1342269926510194688,negative,0.01448401986346549
1342269927600893952,negative,5.001696173137159e-06
1342269928091635713,negative,0.01901656117934125
1342269929056333827,negative,0.00921315852243065
1342269929136009224,negative,0.2692005333108146
1342269929836449793,negative,0.11254980186538864
1342269931572891648,negative,0.05201981438228885
1342269934089469954,negative,0.03112515804643714
1342269936664784898,negative,8.515087045096324e-06
1342269939814723584,negative,0.10404495241321535
1342269942457126914,negative,5.001696173137159e-06
1342269943371468801,negative,0.07294918075471754
1342269945326022660,negative,0.015646840494941375
1342269948773720065,negative,1.6734281074416479e-10
1342269949952155649,negative,0.2114356926132436
1342269951965622275,negative,0.10700295468860774
1342269952905142273,negative,0.06686322846284695
1342269952934486022,negative,5.1279850441863085e-06
1342269953676881925,negative,0.07341797656192452
1342269953852977158,negative,0.012415103762228267
1342269955413323776,negative,1.2638001932378589e-05
1342269958408065024,negative,0.09628468146521811
1342269959947354112,negative,0.00010577511559415505
1342269960912056320,negative,5.001696173137159e-06
1342269961620901888,negative,0.09640323611645361
1342269961700564993,negative,0.05583299329353172
1342269962375880704,neutral,0.42919830775866974
1342269967719403523,positive,0.915547858328196
1342269968910610438,negative,0.009111268934573933
1342269968994496513,negative,5.001696173137159e-06
1342269969057390595,negative,0.0010427729243528215
1342269970445692933,negative,0.09640323611645361
1342269971280359424,negative,6.339616412989604e-06
1342269972698066946,negative,0.2620967345150337
1342269977378910209,negative,0.00030915010877106063
1342269978737831937,negative,0.012376378919967288
1342269978855301121,negative,0.00030915010877106063
1342269983385149440,negative,0.006565345528914008
1342269985155117056,negative,0.000552380512103763
1342269985490657280,negative,0.00017830886401602682
1342269989211025408,negative,0.00030915010877106063
1342269989571731459,negative,0.024904705414051206
1342269993740886016,negative,2.0639983350850453e-07
1342269995020148739,negative,0.1250224706700623
1342269997100445700,negative,0.019196637429483427
1342269998190964736,negative,6.872732827965215e-05
1342270000711798785,negative,0.00020452361763432687
1342270001882009601,negative,0.001096651494224265
1342270002200784905,negative,7.8964593116111e-10
1342270003341651971,negative,5.001696173137159e-06
1342270004943843329,negative,0.0016050720870312664
1342270008999686146,negative,0.0015516537442329546
1342270009490477056,negative,0.0012445089043806013
1342270010539061248,negative,0.0360688124158416
1342270013055635456,negative,3.926327392429588e-13
1342270017136701440,negative,0.07974930445288393
1342270017560317954,negative,0.015872410037453554
1342270020383088641,negative,0.3016018514292223
1342270021687537664,negative,0.011538404096376137
1342270024665485314,negative,8.515087045096324e-06
1342270025206550531,negative,5.001696173137159e-06
1342270028025102336,negative,7.8964593116111e-10
1342270032890490881,negative,3.260063363238719e-05
1342270032978575360,negative,0.0034187038452661547
1342270033158934528,negative,9.6334706340966e-05
1342270036338208770,negative,0.01160725873521015
1342270037185458178,neutral,0.3653808320933596
1342270039798345729,neutral,0.46127768308170247
1342270039953702915,negative,6.021678043249224e-10
1342270042759696386,negative,3.1953292719990424e-06
1342270043799904256,negative,0.006090637631782576
1342270045012029444,negative,0.00020341476411462676
1342270047738351616,negative,0.011745840764600531
1342270047818035200,negative,0.004838887870932575
1342270049856462849,positive,0.7178701309513712
1342270050582081538,negative,9.948190231384446e-05
1342270052167540740,negative,5.001696173137159e-06
1342270053715243008,negative,0.015899827178902308
1342270054403104768,negative,0.06908095807096089
1342270054717648897,neutral,0.4550267180439356
1342270055078309896,negative,5.001696173137159e-06
1342270059935379457,negative,9.948190231384446e-05
1342270061273378816,negative,5.702152232251858e-07
1342270063320199170,negative,3.035461084035595e-07
1342270065757052930,negative,7.30774934935384e-05
1342270068286173189,negative,0.00017681765095043034
1342270068797931521,negative,6.17938220872769e-05
1342270071641698307,negative,0.04573039704273889
1342270072543449093,negative,0.0017880157369971467
1342270074204413952,negative,5.001696173137159e-06
1342270081221345284,positive,0.774378019637356
1342270081271648256,negative,0.06110342265841194
1342270081296953344,negative,0.055483977250537685
1342270081305374721,negative,0.03621223684954771
1342270081313730568,negative,0.036611861821407035
1342270081359880197,negative,0.0014433967910227924
1342270081372278784,negative,0.014719074205707302
1342270081401638912,negative,0.0041680777745650285
1342270082865651714,negative,0.0002917444845328481
1342270083339583488,negative,0.0147501555232423
1342270083532517376,negative,5.001696173137159e-06
1342270083578687491,negative,0.00030284004110310494
1342270086774665217,negative,9.948190231384446e-05
1342270087005396992,negative,0.00891375960757663
1342270087118663682,negative,0.00010657493079498982
1342270089299693569,negative,0.004551295411253584
1342270091270914048,negative,0.12851795004695898
1342270092344758274,negative,6.461954714012396e-05
1342270092466388994,negative,6.461954714012396e-05
1342270094123159555,negative,0.050930183447431394
1342270094588710913,negative,0.008285294134682705
1342270095335239681,negative,5.001696173137159e-06
1342270095616315392,negative,0.01563543576172292
1342270098959200256,negative,0.003148763995201795
1342270099936391173,negative,5.001696173137159e-06
1342270101580632066,negative,0.003713451960979937
1342270102343921666,negative,0.005845102420847042
1342270103400960001,negative,0.00013414423370510854
1342270108643647490,negative,0.03639614060582062
1342270109939867650,negative,0.046676268620566105
1342270111516925952,negative,0.01356349760086835
1342270112586477570,negative,8.514515919000049e-12
1342270112670359552,negative,0.029844573193976452
1342270113786048514,negative,9.948190231384446e-05
1342270114134159360,negative,0.0517814972521364
1342270117388943362,negative,0.07409858964317478
1342270119494508545,negative,0.10404495241321535
1342270119838326785,negative,0.046244363965600443
1342270120249483265,negative,0.0016050720870312664
1342270122908659714,negative,0.21047953907773329
1342270123025911808,neutral,0.493064862665099
1342270125840457728,negative,8.515087045096324e-06
1342270126654107650,negative,0.04277548742730317
1342270126889062400,negative,9.948190231384446e-05
1342270127199440904,negative,7.382731725420572e-05
1342270127421726725,negative,7.650563326049622e-06
1342270129200107521,negative,0.0029162106044717155
1342270130227617792,negative,0.15784872887475487
1342270130735075328,negative,2.360483439504487e-08
1342270132710748166,negative,0.041007663271044346
1342270132756758529,negative,0.07611488631158644
1342270133096615939,neutral,0.42076888431135534
1342270134619168771,neutral,0.43578060616678027
1342270135768375297,negative,4.4990389509977444e-08
1342270139115462656,negative,9.367543558512461e-05
1342270139891294208,negative,0.012072250490499809
1342270140222746624,negative,0.037234232977941886
1342270142907084803,neutral,0.43578060616678027
1342270143192326144,negative,0.31857999659820957
1342270143481655296,negative,0.014921409828964609
1342270145637527552,neutral,0.49789225920557484
1342270148359704576,neutral,0.3499638487504846
1342270155687079936,negative,0.004911521286639298
1342270156974796801,neutral,0.5002579963290844
1342270157104832513,negative,1.4111992767671584e-06
1342270157641699334,positive,0.7429795363622063
1342270158258241539,negative,0.005605058504731523
1342270159000653827,negative,9.948190231384446e-05
1342270162737778689,negative,1.4181824583795505e-10
1342270166013505536,negative,3.162148234835636e-09
1342270166118363137,positive,0.8065338361024549
1342270166848176129,negative,0.004730793197326052
1342270167653429248,negative,0.013002057571099243
1342270168228122625,positive,0.9140188808405726
1342270168378929152,negative,0.02329323645236039
1342270168647557120,negative,0.0053731420097088345
1342270171642277889,negative,0.0007450956211335157
1342270171759710209,negative,1.45278363811411e-09
1342270171877142537,negative,0.12248249736691665
1342270172363632647,negative,0.12558448941742612
1342270172946690050,negative,5.001696173137159e-06
1342270176142778370,negative,0.005557068525823104
1342270176889348103,negative,0.005610757709713665
1342270176897728513,negative,0.011538404096376137
1342270179993145344,negative,5.001696173137159e-06
1342270180064452609,neutral,0.37866768635878983
1342270180089618433,negative,5.001696173137159e-06
1342270180244807681,negative,0.015646840494941375
1342270180320305154,negative,4.0234813778716323e-05
1342270181045899266,negative,5.749203323853435e-05
1342270182165774336,neutral,0.43228307121551773
1342270182673285120,negative,7.132280469844967e-06
1342270182933344258,negative,0.0017880157369971467
1342270184254550018,neutral,0.5052510391936574
1342270184883556353,negative,2.7327477117456444e-06
1342270187089899520,negative,0.009366623533087502
1342270195008741378,positive,0.9192595341776791
1342270198745866241,negative,0.01160725873521015
1342270199060459528,negative,0.028883334796173155
1342270199089799169,negative,0.0003756903707675662
1342270200952086528,neutral,0.43578060616678027
1342270201539276800,negative,5.001696173137159e-06
1342270201555988481,negative,0.01692983222764609
1342270204701777924,negative,7.30774934935384e-05
1342270205007966214,negative,9.948190231384446e-05
1342270207914553344,negative,0.0007191086272834422
1342270208317284352,negative,0.0002641259272527859
1342270208719933449,neutral,0.5495922250151081
1342270210674454536,negative,0.0017880157369971467
1342270211366522882,negative,0.02312814423556466
1342270213572730886,positive,0.9564156457412715
1342270214415790081,neutral,0.437369725752128
1342270214814236673,negative,1.8734637368857112e-05
1342270216311611394,negative,5.001696173137159e-06
1342270217985126400,negative,0.004984483279900472
1342270218345852928,negative,0.030425154472736783
1342270218811437057,negative,0.021832781444602187
1342270219163750400,negative,5.001696173137159e-06
1342270219864207361,negative,3.943586995578965e-07
1342270220854038528,negative,0.16532172419126437
1342270223970410496,negative,9.16281427282e-09
1342270225945772033,positive,0.8567768078059305
1342270226004586497,negative,0.008285294134682705
1342270227074187265,neutral,0.39220849115704093
1342270227388760071,negative,0.16532172419126437
1342270228579946496,negative,0.18526579455900324
1342270232300314629,negative,3.506593417494596e-15
1342270235542478852,negative,0.0009916164606348153
1342270235978551303,negative,5.001696173137159e-06
1342270237085986816,negative,0.039729908507049196
1342270240055582720,negative,6.375081160239344e-09
1342270240227389440,negative,0.0002392550969991425
1342270241934610432,negative,0.2180125952588543
1342270242022715392,negative,5.001696173137159e-06
1342270242479857665,negative,1.5112971753294111e-05
1342270244254052352,negative,0.12497368660684957
1342270247726948357,negative,0.042672163422529816
1342270315997634560,positive,0.9996679469659898
1342270316798750720,negative,1.8379625897902667e-05
1342270317125918722,negative,4.388162747201146e-06
1342270319470518272,negative,0.00038500578397539193
1342270320552648709,negative,8.999914913363231e-05
1342270321576079360,negative,0.013002057571099243
1342270323832590337,negative,0.0024316309060131635
1342270325569052672,negative,7.800269411495932e-06
1342270325573230593,negative,0.2812124665127172
1342270326248517632,neutral,0.4086569038235704
1342270326290444288,negative,0.0063059243775378925
1342270326693113856,negative,0.013427385137915561
1342270331160055810,negative,0.0007191086272834422
1342270332934135809,negative,0.10389353039199367
1342270334389678081,negative,0.2263817745403714
1342270335132053504,negative,1.3716274530593702e-07
1342270337875136520,negative,0.026360220218835467
1342270342262349824,negative,0.017482814427746792
1342270343524864000,negative,0.00029267990461877914
1342270343919116288,negative,0.03868684398514976
1342270344586031104,negative,0.005928838462996148
1342270346196643842,negative,5.547586483555178e-06
1342270348935442432,negative,1.5112971753294111e-05
1342270350676140037,negative,0.0917964221962369
1342270351485657093,negative,0.0034421108000108193
1342270352399990784,negative,0.0006511462771957673
1342270353020743683,negative,5.547586483555178e-06
1342270353737965568,negative,0.15884973808023384
1342270354975301632,negative,0.2692005333108146
1342270356673998848,positive,0.6823452816213081
1342270358594801664,negative,0.15784872887475487
1342270358615945217,negative,0.011714758386150862
1342270359081508864,negative,1.96343779687063e-06
1342270360532750336,negative,0.0009655393866597095
1342270362642505728,negative,4.6868339093512085e-06
1342270362755747840,negative,0.002258806337897572
1342270363028381696,negative,0.046676268620566105
1342270365565931521,negative,2.9176171683774984e-05
1342270368661327874,negative,5.001696173137159e-06
1342270368870879233,negative,8.515087045096324e-06
1342270369684729856,negative,9.948190231384446e-05
1342270369927987201,neutral,0.5052510391936574
1342270372817887233,negative,0.0010427729243528215
1342270373979693058,negative,0.20205063918698563
1342270374571110400,negative,0.27194313582721397
1342270375632125952,negative,0.00046473667666213555
1342270377104388096,negative,5.001696173137159e-06
1342270377263837186,negative,5.001696173137159e-06
1342270377343512576,negative,0.1408768210958055
1342270379012853761,negative,0.00741627213827822
1342270382280208385,negative,7.8964593116111e-10
1342270383706284032,negative,0.10700295468860774
1342270386050883586,negative,0.000511337945940719
1342270388059971585,negative,0.05583299329353172
1342270390022918145,negative,3.527564367929993e-05
1342270392476573696,negative,5.651241791700221e-06
1342270392623390726,negative,0.0004760529356788509
1342270392933744641,negative,0.004551295411253584
1342270394061922306,negative,0.006090637631782576
1342270395064455169,negative,1.2137587316032155e-05
1342270396255580164,negative,0.05583299329353172
1342270397539102721,negative,0.12248249736691665
1342270397736230913,negative,2.880836021181156e-05
1342270399149715456,negative,7.8964593116111e-10
1342270400689012736,negative,0.0002848964996462228
1342270402035396608,negative,0.0012445089043806013
1342270403926847488,negative,0.016174045825685546
1342270405973843968,negative,0.0412952990635143
1342270406082891776,negative,0.2812124665127172
1342270407232147456,negative,0.039056616647081696
1342270407462834176,negative,5.001696173137159e-06
1342270407563497476,negative,5.001696173137159e-06
1342270407773188097,negative,5.001696173137159e-06
1342270410100977665,negative,0.004300878492222307
1342270410218463233,negative,8.034411961413079e-06
1342270410612760577,negative,5.001696173137159e-06
1342270410931331073,negative,0.0016517701137548416
1342270411191558145,negative,0.00021607350839287904
1342270412189786114,negative,0.0012445089043806013
1342270413037072384,neutral,0.45526727441620496
1342270414186291201,negative,0.030646049405239708
1342270416648343553,negative,0.0011757223271332557
1342270418124759042,negative,5.001696173137159e-06
1342270418892304384,negative,1.9388129108885697e-05
1342270421094305793,negative,0.004551295411253584
1342270425489936392,negative,5.121154846943292e-07
1342270429059280897,negative,0.0007737731861149133
1342270429893951490,negative,0.11254980186538864
1342270431840055298,negative,5.001696173137159e-06
1342270434008571910,negative,0.013992798181860678
1342270435501760513,negative,0.0016517701137548416
1342270435631763457,negative,4.232606292171024e-06
1342270442179080192,negative,0.0016621544066536679
1342270442401394688,negative,2.233135937493672e-05
1342270442619490305,negative,0.029495422500932636
1342270498537951232,negative,8.395327799495476e-13
1342270501184528386,negative,8.515087045096324e-06
1342270501759102976,negative,6.263306385384617e-05
1342270502354776071,negative,0.04652373124361323
1342270502417682432,negative,0.028883334796173155
1342270503243968512,negative,0.08918577067810494
1342270509766082560,negative,0.0816429458205004
1342270510147788800,negative,0.1838996307281477
1342270514383958017,neutral,0.4737554465528978
1342270515386281984,negative,8.515087045096324e-06
1342270519119372288,negative,3.792379489848801e-05
1342270520792928257,negative,0.004962184566245722
1342270521019428866,negative,5.547586483555178e-06
1342270524085448706,negative,6.470879572026372e-05
1342270525960314891,negative,5.001696173137159e-06
1342270527096971264,negative,0.0036536051097090074
1342270529332523008,positive,0.9936079597017637
1342270530376892416,neutral,0.3554343644331345
1342270533388414977,negative,0.0012445089043806013
1342270536328601606,negative,0.0644881938641443
1342270537490305024,negative,0.15784872887475487
1342270540053172225,negative,0.0020946043649779466
1342270540069928960,negative,5.001696173137159e-06
1342270542657810433,negative,0.2812124665127172
1342270545035984904,negative,0.006844200429621499
1342270546642415617,negative,0.00508283694788516
1342270547229552640,negative,0.05583299329353172
1342270547875536902,negative,2.64599954913471e-07
1342270550513692673,negative,0.019725990812816476
1342270550937362432,negative,0.018885786713588558
1342270551243575302,negative,0.12248249736691665
1342270551902081024,negative,0.011073020392278112
1342270554066313217,negative,9.948190231384446e-05
1342270555593060353,negative,7.992233938738196e-06
1342270556373180417,negative,2.0607224235621454e-06
1342270557635686401,negative,0.2620967345150337
1342270558206119944,negative,8.323113009651394e-05
1342270559242088448,negative,0.10700295468860774
1342270559367946240,negative,1.0326559189288035e-10
1342270560789790721,negative,5.001696173137159e-06
1342270561762865162,negative,0.06388858246415059
1342270563658702848,negative,1.1437632443643269e-10
1342270563897602049,negative,0.15784872887475487
1342270565030232065,negative,0.0995853277918255
1342270567383261185,negative,0.05196911962969469
1342270572114436097,negative,1.3658529782672691e-10
1342270573662117889,negative,0.05362181895143222
1342270577768341505,negative,0.12248249736691665
1342270578376515586,negative,5.001696173137159e-06
1342270578540085248,negative,0.006871578058235508
1342270579437662210,negative,0.03343542153499012
1342270580792455168,negative,6.233101279763816e-06
1342270582348521474,negative,0.0028932052401502563
1342270582562422785,negative,8.040696116961026e-07
1342270583162155009,negative,0.00011532137724352918
1342270583770390528,negative,0.014921409828964609
1342270587574644738,negative,2.838447151904735e-07
1342270590514831360,negative,5.001696173137159e-06
1342270591097827328,negative,3.792379489848801e-05
1342270592003821568,negative,1.152548851448543e-05
1342270592507027456,negative,0.0002392550969991425
1342270593597640704,negative,0.006090637631782576
1342270595283771393,negative,0.07409858964317478
1342270598282682368,negative,0.21921412548362115
1342270599259971584,negative,0.009231020079344338
1342270603450056710,negative,0.0018301663262509688
1342270605207478274,negative,0.006090637631782576
1342270607958945793,negative,0.011490537435018785
1342270609301131264,neutral,0.5092617751433944
1342270609380798464,negative,0.2939837768654362
1342270609699442688,negative,4.833787117169676e-06
1342270611813445632,negative,0.0012445089043806013
1342270615680671745,negative,9.710380501713985e-07
1342270617484197888,negative,0.046676268620566105
1342270617584861184,negative,0.006090637631782576
1342270618025164800,negative,1.6734281074416479e-10
1342270621456203776,negative,0.014921409828964609
1342270622056009729,negative,1.131545090182582e-11
1342270624324972544,negative,8.925421956430712e-05
1342270627340820482,negative,0.11644618981068881
1342270627722518528,negative,5.570008289227406e-06
1342270695355645953,negative,0.011386771245539605
1342270697381498882,negative,8.515087045096324e-06
1342270700166537218,negative,5.001696173137159e-06
1342270700854403073,neutral,0.467637253192009
1342270702519517189,negative,1.9553012460914696e-08
1342270703207391238,neutral,0.4110459167022158
1342270703328964612,negative,0.002573135753253206
1342270704474009608,negative,0.004551295411253584
1342270705254150145,negative,0.008316665615034264
1342270706697052170,negative,0.006090637631782576
1342270707296661505,negative,0.007734496609652084
1342270708940988429,negative,2.2435987286664434e-05
1342270709632888832,negative,0.2742641492310916
1342270709918269440,negative,0.13362495648372252
1342270710731960323,negative,0.006720905989338632
1342270711587614720,negative,0.12248249736691665
1342270712996773889,negative,0.15628274023114563
1342270713487622145,negative,2.412459419471618e-07
1342270716553658369,negative,0.0005830624207213727
1342270718986182657,neutral,0.42917751334538623
1342270719292542982,negative,0.0010427729243528215
1342270720487944192,negative,0.0019193446089142486
1342270723595894784,negative,0.16186416659669633
1342270724698992644,positive,0.9078414350505055
1342270725642711043,negative,0.09640323611645361
1342270729778208768,neutral,0.5495922250151081
1342270733418950656,negative,0.0001630059832550359
1342270733632888833,negative,0.004230516181682881
1342270735318982657,negative,0.014455764566559804
1342270735872622597,negative,5.001696173137159e-06
1342270737214799872,neutral,0.5484668325518111
1342270737957220353,negative,0.2692005333108146
1342270739106304001,negative,8.515087045096324e-06
1342270739433594882,negative,0.002705233447326724
1342270741732073475,negative,3.252879891959508e-05
1342270743044886528,negative,0.13326666095464623
1342270743829241856,negative,0.2812124665127172
1342270743858606081,negative,5.001696173137159e-06
1342270743921520644,negative,0.0005520065288040503
1342270745204895746,negative,5.001696173137159e-06
1342270746643615744,negative,0.0036359925733606487
1342270747125841921,negative,0.005684402797306539
1342270749302784000,negative,0.12962009069807864
1342270749957124097,negative,8.6011348745115e-06
1342270750762397698,negative,5.001696173137159e-06
1342270751488008194,negative,6.721150740715184e-12
1342270751865528321,neutral,0.5971372102662001
1342270752670814210,negative,8.515087045096324e-06
1342270753375449100,positive,0.7328820816493186
1342270754591830016,negative,0.006090637631782576
1342270756428898309,negative,0.008558599281380978
1342270757452320768,negative,0.0005813623491476671
1342270758626713603,negative,0.013002057571099243
1342270758815465477,negative,5.001696173137159e-06
1342270759679512578,negative,1.9888020058202176e-05
1342270760568709121,negative,2.310067265626691e-05
1342270761881501696,negative,0.07409858964317478
1342270762527436802,negative,0.07252296092235422
1342270765165666305,negative,0.2734276849401633
1342270765761232898,negative,0.13492461200040334
1342270767887745025,negative,0.003566906859200871
1342270771809447938,negative,0.007361294047802474
1342270772556009472,negative,0.10700295468860774
1342270775752089600,negative,0.061898746271034984
1342270776708366338,neutral,0.43578060616678027
1342270778310590464,neutral,0.49789225920557484
1342270778553864192,negative,3.792379489848801e-05
1342270778662916101,negative,0.00022642025909289695
1342270782907547650,negative,9.301319503599595e-06
1342270784639815685,negative,0.0007792091392000371
1342270792596393984,negative,0.011073020392278112
1342270792789200896,negative,0.1784550624570926
1342270793812738048,negative,0.01901656117934125
1342270795406598145,negative,0.18258183392746283
1342270797956706304,negative,0.18258183392746283
1342270801760940037,neutral,0.3796225157423555
1342270802318778371,negative,0.002000793780602604
1342270803317022721,negative,0.2812124665127172
1342270804814426113,negative,0.06018982544936211
1342270807003848710,neutral,0.48357347728475064
1342270807091916806,neutral,0.4299702135908835
1342270809994391554,negative,8.515087045096324e-06
1342270810602565632,negative,0.0005520065288040503
1342270811957288961,negative,0.0009514755422703668
1342270813177712640,negative,2.874152280155698e-06
1342270815862198273,negative,0.007186764935882854
1342270816000630784,neutral,0.5872208206006342
1342270817393123329,negative,0.006090637631782576
1342270876356636672,negative,2.545097534982691e-07
1342270877996560384,negative,0.00039301002243276025
1342270881247227905,negative,0.1258285199032784
1342270881616207872,negative,0.16532172419126437
1342270882002120707,positive,0.9925678713691384
1342270885663809536,negative,5.001696173137159e-06
1342270885672194050,negative,5.001696173137159e-06
1342270888713080832,neutral,0.36238366805397776
1342270889195413510,negative,0.0012445089043806013
1342270891091259394,negative,0.0472447564184701
1342270891636518914,negative,5.001696173137159e-06
1342270893452648448,negative,5.001696173137159e-06
1342270897273581569,neutral,0.5495922250151081
1342270899463057410,negative,0.017613150374268076
1342270900192878592,negative,0.0076823606023819786
1342270900679356419,negative,2.5725514280859525e-05
1342270902294245377,negative,1.8134346059801856e-06
1342270903661559808,negative,0.26545944637530294
1342270904651362304,negative,0.028709704420607347
1342270907730055171,negative,0.029579057279716603
1342270908673781761,negative,0.0011560999003666272
1342270909793656832,negative,4.0948212672597085e-08
1342270911219687425,negative,0.14609850283191778
1342270915271393281,negative,0.006416812001398704
1342270915606929409,negative,0.046676268620566105
1342270917905440770,positive,0.698566117218448
1342270919998382084,negative,0.00012403498055274493
1342270920753369089,negative,0.23381849271533597
1342270921315332101,negative,5.001696173137159e-06
1342270921961299968,negative,0.06487390577265591
1342270923228008448,negative,0.23381849271533597
1342270927552225283,positive,0.9996679469659898
1342270928563150849,negative,0.08651809986015539
1342270928827383808,negative,0.058948784013469466
1342270930194579458,negative,0.0010427729243528215
1342270930714812416,negative,3.943612418515273e-06
1342270931142651904,negative,0.27538537887707226
1342270931348070402,negative,0.026448867082797218
1342270932744884227,negative,0.0002392550969991425
1342270933608890369,negative,5.001696173137159e-06
1342270933617287171,negative,5.001696173137159e-06
1342270934737149952,negative,0.011052001419607032
1342270937492762624,negative,0.03196395360695336
1342270937593425920,negative,0.011538404096376137
1342270940667932672,negative,0.11424158805739261
1342270942651805697,negative,0.1021178695068662
1342270943155118081,negative,2.6999438969290784e-08
1342270946154000387,neutral,0.5522950530698085
1342270953842212864,negative,5.001696173137159e-06
1342270955679322113,negative,0.0043814893762115364
1342270956455288833,negative,0.05542869502444834
1342270959563251713,negative,9.948190231384446e-05
1342270959793938432,negative,0.03676528406936996
1342270960565706752,negative,0.015646840494941375
1342270960641191936,neutral,0.4453835260767498
1342270962310524929,negative,0.02312814423556466
1342270962998370306,negative,0.00044059008568785756
1342270965011472384,negative,0.00031037262142477037
1342270966546763778,negative,0.05583299329353172
1342270967159128066,negative,0.2812124665127172
1342270967419174912,negative,4.16451267272057e-05
1342270969252081665,negative,0.002745298738113449
1342270969587576834,negative,0.18433484843797288
1342270970103537673,negative,5.001696173137159e-06
1342270970313240577,negative,0.04311047812548167
1342270973127643136,negative,0.007821215672267302
1342270974801145856,negative,1.1288667198036768e-05
1342270974973120512,negative,0.057100421758971884
1342270976332066820,negative,5.001696173137159e-06
1342270977225457671,negative,0.023075944015281635
1342270977229680641,negative,3.0289612336525237e-09
1342270977254825988,negative,0.024831481278521115
1342270978034966528,negative,0.09150027580555688
1342270978475388928,negative,0.06363187458070775
1342270978634768384,negative,0.057100421758971884
1342270979549048832,negative,0.00896408639826192
1342270980035588098,negative,3.743290767847059e-09
1342270980283097088,negative,5.9716124576207425e-05
1342270982208237568,negative,7.30774934935384e-05
1342270982594166784,negative,5.001696173137159e-06
1342270982963265546,negative,3.792379489848801e-05
1342270983940538372,negative,1.4932632614602176e-05
1342270989779034114,negative,0.04215231847920802
1342270995000938497,negative,0.030646049405239708
1342270998167617537,negative,0.00013998877422061442
1342270999098753025,negative,5.077847477033862e-10
1342271001682472962,neutral,0.513136929509853
1342271002982625281,negative,0.1262768471439921
1342272054918262786,neutral,0.40447801807326084
1342272055539077120,positive,0.9078414350505055
1342272058340691969,negative,0.0016517701137548416
1342272060425383939,negative,0.05362181895143222
1342272060610015232,negative,0.271208101109126
1342272060832305163,negative,5.001696173137159e-06
1342272062837190658,negative,0.010040638796745395
1342272065768980482,negative,0.004625225793695823
1342272067127934976,negative,0.07724984909027288
1342272067794849793,negative,1.2114722476918681e-06
1342272070512734208,negative,5.001696173137159e-06
1342272071020257280,negative,0.2812124665127172
1342272072014290945,negative,5.001696173137159e-06
1342272072278548481,negative,2.8562467795039808e-05
1342272072962211845,negative,5.001696173137159e-06
1342272074455404545,negative,0.014155756082128696
1342272075201998848,negative,8.515087045096324e-06
1342272076095361024,neutral,0.5585477578569895
1342272076971962369,negative,5.4518214302660153e-05
1342272078133809155,negative,0.06487390577265591
1342272080029605889,negative,9.948190231384446e-05
1342272080327401474,negative,0.007973913783831069
1342272082227376133,negative,9.948190231384446e-05
1342272086824333312,negative,0.0010850238182699389
1342272088833486848,negative,3.0128084663230094e-07
1342272089160626178,negative,5.001696173137159e-06
1342272091924606992,negative,0.10700295468860774
1342272092025348096,negative,0.3058647804440998
1342272092839047168,negative,0.09330070914684761
1342272092918718465,negative,5.001696173137159e-06
1342272093992398848,negative,0.0006016683770868556
1342272094491570177,negative,0.17971653253699638
1342272094898450433,negative,0.013693389405275775
1342272095103946752,negative,5.001696173137159e-06
1342272095997276161,negative,0.03196395360695336
1342272097951875075,negative,0.06717500308148858
1342272099130482696,negative,6.050319455463673e-05
1342272100028076032,negative,7.856230902403956e-05
1342272101416370178,negative,9.559098296628982e-05
1342272101881794560,negative,0.013553590421414848
1342272109003886593,neutral,0.60095189304177
1342272110165684225,negative,0.10700295468860774
1342272112774569986,negative,0.004828008336537257
1342272114246574080,negative,0.0016517701137548416
1342272114515189761,negative,0.05582341099213788
1342272114871709698,negative,0.2812124665127172
1342272115916091393,negative,0.0009929250481439987
1342272119804211200,negative,0.10653819343460869
1342272122035433472,negative,8.515087045096324e-06
1342272122190761984,negative,0.10335774295999144
1342272123717394432,negative,2.5483949663155615e-06
1342272124765884416,negative,1.6734281074416479e-10
1342272125424590848,negative,5.001696173137159e-06
1342272125508472832,negative,5.547586483555178e-06
1342272128515776512,negative,0.01901656117934125
1342272129887252480,negative,0.15884973808023384
1342272131623772160,negative,0.15884973808023384
1342272133582491650,negative,0.01064399219990508
1342272133825757184,negative,0.23681867230200673
1342272134358446080,neutral,0.659470459243282
1342272138229788674,negative,0.008565293064663203
1342272138489769987,negative,0.06167690256162752
1342272139542540289,negative,1.1288667198036768e-05
1342272139911704577,negative,0.0011438614368081985
1342272141828497409,negative,0.009582027548656098
1342272144189902849,negative,6.582747253450239e-05
1342272144525434881,negative,0.006090637631782576
1342272144756109312,negative,3.792379489848801e-05
1342272145553031169,negative,0.15884973808023384
1342272148275146752,negative,0.0009735456698349214
1342272148673622018,positive,0.9998790083654926
1342272148786786304,negative,5.001696173137159e-06
1342272149722173442,negative,0.0012445089043806013
1342272150384893953,negative,1.0937113495451487e-06
1342272150917541888,negative,1.825768127286715e-05
1342272151114702849,negative,5.001696173137159e-06
1342272154327539712,negative,0.0012445089043806013
1342272154440785923,negative,5.001696173137159e-06
1342272156714094594,neutral,0.44193049347687885
1342272164481929218,negative,0.24661846127420536
1342272165127860225,negative,0.1450800807610837
1342272165895417857,negative,0.27538537887707226
1342272168151932930,negative,0.03513664696641658
1342272169640828929,negative,0.18786617406851622
1342272169661882368,negative,2.986163174794933e-05
1342272171192840194,negative,2.355792921704081e-06
1342272271306665994,neutral,0.5495922250151081
1342272271633829888,negative,0.002096652302557571
1342272275916185601,negative,0.0016988754688753971
1342272277463904259,negative,1.4150171821792812e-06
1342272277870751745,negative,1.237424547127172e-09
1342272279275687936,negative,0.20541435035656422
1342272279489748992,negative,2.8041249908610975e-11
1342272280211169280,negative,0.18553541020082728
1342272280936775687,negative,4.4544801339021546e-05
1342272284388589568,negative,8.515087045096324e-06
1342272285672173570,neutral,0.5472960823705576
1342272285814775810,negative,0.0001630059832550359
1342272286703890433,negative,0.0004915773991066983
1342272287194505216,negative,0.09279011275714429
1342272289723842560,negative,1.3903228568191346e-06
1342272296489246721,negative,0.20596996271227025
1342272298552860672,negative,3.346778175946347e-05
1342272300163489793,positive,0.8073281825010571
1342272302805880839,negative,0.20582496377785944
1342272303816728576,negative,0.039729908507049196
1342272304097742854,negative,0.25411521829677874
1342272304923992065,negative,0.041007663271044346
1342272305054044160,negative,0.0008778572999312004
1342272305561554951,negative,5.001696173137159e-06
1342272307008581641,negative,0.07793506984146586
1342272307553775617,negative,0.05196911962969469
1342272307889385474,negative,0.2620967345150337
1342272309122523136,negative,0.020386985444369222
1342272309990739968,neutral,0.5495922250151081
1342272310695358464,negative,0.0010427729243528215
1342272311186042880,negative,0.013168392061863756
1342272312461037568,positive,0.999976663537856
1342272314294083585,negative,5.001696173137159e-06
1342272317133627392,neutral,0.49789225920557484
1342272319968993280,negative,6.370325576671405e-05
1342272320090607617,negative,0.0007288710747412793
1342272321008988161,negative,8.515087045096324e-06
1342272322686889986,negative,0.14143821175705878
1342272322728767488,negative,0.2812124665127172
1342272322774949889,negative,0.01164808013273616
1342272323240427521,negative,5.001696173137159e-06
1342272325492891649,negative,8.500547899071671e-05
1342272326457581571,negative,0.0020992424778393482
1342272326809763841,negative,0.02329323645236039
1342272329196437505,negative,0.15884973808023384
1342272329536200704,negative,3.792379489848801e-05
1342272333847932930,negative,0.218558518535953
1342272334174932992,negative,9.56464986647468e-05
1342272334879723520,negative,0.2620967345150337
1342272335185899523,negative,0.13036130171474938
1342272338268663808,neutral,0.4737554465528978
1342272340571410432,negative,1.2161576670582568e-06
1342272342987313152,negative,5.001696173137159e-06
1342272343998140422,negative,0.0063418212296887716
1342272344258068481,negative,0.0011523935091156863
1342272344971161600,negative,0.16186416659669633
1342272347429101569,negative,0.20618624599496924
1342272350415323136,neutral,0.44193049347687885
1342272353221275648,negative,2.9048308602474814e-08
1342272354685169665,neutral,0.4127595594014244
1342272358061662208,negative,0.0041601516950195965
1342272360574021632,negative,5.001696173137159e-06
1342272362071392256,negative,0.002745298738113449
1342272362797019136,negative,0.0017880157369971467
1342272363723943937,negative,0.0005520065288040503
1342272363853967361,negative,0.1755012322071241
1342272365703680000,neutral,0.35684147039495306
1342272366030843909,neutral,0.5495922250151081
1342272368278986753,negative,0.2692005333108146
1342272368677294085,negative,9.948190231384446e-05
1342272370896228352,negative,9.948190231384446e-05
1342272371655389185,negative,5.001696173137159e-06
1342272372443852806,negative,0.004112379615343001
1342272372586512384,positive,0.9759746625066164
1342272373278564354,neutral,0.4973708731493271
1342272376243953664,neutral,0.4973708731493271
1342272376571097088,negative,0.19843046228947453
1342272379968495624,negative,0.1818614332642056
1342272381801426948,negative,0.0419352849677855
1342272382229229570,negative,0.004984483279900472
1342272383353286656,negative,0.274968628404148
1342272385349779456,negative,9.948190231384446e-05
1342272386457104384,negative,0.004962184566245722
1342272391322488832,negative,0.001111012973856174
1342272392777748480,negative,0.0016517701137548416
1342272392962465797,negative,1.2794927524120385e-05
1342272399417499660,negative,0.14974317935671755
1342272407260844034,negative,5.001696173137159e-06
1342272412281229313,negative,5.449775506012867e-05
1342272413560696839,negative,3.792379489848801e-05
1342272416026947584,negative,1.5458921203579903e-06
1342272416471523332,negative,0.1258285199032784
1342272417423634432,neutral,0.5495922250151081
1342272417662701568,negative,1.2974709255649754e-07
1342272417759170562,negative,0.05196911962969469
1342272421215297536,negative,0.010539391877246172
1342272421311741953,negative,0.006599028259127546
1342272423127887873,negative,0.0003389455323041898
1342272423492788225,negative,3.792379489848801e-05
1342272427108216839,negative,0.001010006207164049
1342272427338956800,negative,5.001696173137159e-06
1342272428697903105,positive,0.7433132126043555
1342272429121482752,negative,0.006090637631782576
1342272429901688835,negative,0.31857999659820957
1342272430086230016,neutral,0.5495922250151081
1342272431411630081,negative,7.382731725420572e-05
1342272431503847424,negative,8.515087045096324e-06
1342272433387147266,negative,1.3403088978114072e-05
1342272434574123008,negative,0.09908505885947413
1342272434712547336,neutral,0.37814323384541215
1342272434750296066,negative,0.2787154827298057
1342272438630014976,negative,0.00012780520368849772
1342272439473078272,negative,5.001696173137159e-06
1342272441096130560,negative,5.50620804785576e-05
1342272441821888512,negative,0.11679554310693589
1342272442975268864,negative,0.002745298738113449
1342272443986169856,negative,5.091402017724412e-10
1342272444049088512,negative,9.948190231384446e-05
1342272444829229057,negative,0.14143821175705878
1342272445848449028,negative,0.1950532287861213
1342272446406266882,negative,0.09553610677909019
1342272447307862016,negative,0.0011523935091156863
1342272448260165634,negative,0.015872410037453554
1342272449128361985,negative,0.00048735779373059303
1342272451229720576,negative,0.030754608300443853
1342272458406191111,negative,0.023793585071580445
1342272460545273862,negative,0.1755012322071241
1342272461086330881,negative,5.001696173137159e-06
1342272464643096580,negative,0.2547455000967796
1342272464869584897,negative,0.0041601516950195965
1342272468493324288,negative,1.2381820838295383e-05
1342272470380912641,negative,0.000477147450394425
1342272470603202561,negative,0.02150285718528398
1342272473551802368,negative,0.03073030221004584
1342272476022243328,negative,0.0020401096539459248
1342272476168953856,negative,0.0064958652251546085
1342272476865302533,negative,0.015773583174067275
1342272479025393665,negative,5.001696173137159e-06
1342272480514244611,negative,0.041007663271044346
1342272482972225536,negative,0.021032307826773445
1342272485086138370,positive,0.6823452816213081
1342272487430778881,negative,0.0001848148026685838
1342272490408706050,negative,0.002096652302557571
1342272490660360195,negative,0.005997935920627322
1342272491054653440,negative,5.001696173137159e-06
1342272491205496832,negative,0.0007851605646244044
1342272491486646272,negative,1.300136923851345e-05
1342272494728830977,negative,5.547586483555178e-06
1342272495211180033,negative,0.000477147450394425
1342272512814706689,negative,7.382731725420572e-05
1342272512848261121,negative,6.703207360292525e-05
1342272514022645760,negative,0.1144168346543337
1342272517243871232,negative,0.0034187038452661547
1342272519634644993,neutral,0.33623359787652535
1342272522075725831,negative,0.019196637429483427
1342272534801076225,negative,0.0017400520600004622
1342272536747380736,negative,0.0360688124158416
1342272538211196929,negative,0.03402578587440348
1342272540840890368,negative,0.00277080913250934
1342272541650530304,negative,3.934538159373347e-05
1342272541914763264,negative,0.10700295468860774
1342272542107693057,negative,7.536778598895572e-05
1342272546272653312,negative,0.0002755830172568149
1342272547308630017,negative,0.057858570308172
1342272547791003651,negative,0.0002392550969991425
1342272547841331202,negative,5.001696173137159e-06
1342272548629843971,negative,5.001696173137159e-06
1342272551456747520,negative,6.703207360292525e-05
1342272553474256896,negative,5.001696173137159e-06
1342272557798592512,negative,0.00013840144458670907
1342272557958000647,neutral,0.44278283723900314
1342272558389977100,negative,1.8129750803500235e-06
1342272559170134019,negative,2.297328755204291e-06
1342272560612970496,positive,0.9999988326003255
1342272563859189760,negative,0.15628274023114563
1342272564094259200,negative,5.001696173137159e-06
1342272564245254144,negative,0.019196637429483427
1342272566313046016,negative,0.05196911962969469
1342272568460505088,negative,0.13209528300345583
1342272569492303877,negative,0.00485371572810943
1342272573648867330,negative,0.0017880157369971467
1342272573841797120,negative,0.019196637429483427
1342272576173846528,negative,0.007718704224340631
1342272576870088704,neutral,0.3741830273639843
1342272577897693185,negative,5.001696173137159e-06
1342272578031902720,positive,0.6890536672459633
1342272578325516288,negative,5.001696173137159e-06
1342272580212948992,neutral,0.44193049347687885
1342272582301704194,negative,0.0052781769575367295
1342272584226922496,negative,0.07409858964317478
1342272585493585920,negative,0.15884973808023384
1342272586810535936,negative,0.270440804134403
1342272589507547136,negative,0.10941009576461619
1342272591256580096,negative,0.19173721322275936
1342272591768252418,negative,1.3296958092343718e-05
1342272593219358721,negative,0.00027501742159972487
1342272593940758528,negative,0.09279011275714429
1342272594041597956,negative,6.872732827965215e-05
1342272596084195328,negative,0.0006511462771957673
1342272597397004289,positive,0.9042338611407014
1342272597749235713,negative,6.898273271214199e-07
1342272597841465345,negative,0.01650819314503532
1342272597942284288,negative,0.0004474473071648911
1342272599003426817,negative,0.13036130171474938
1342272600081371137,negative,2.149050899630948e-06
1342272600731496450,negative,0.27538537887707226
1342272603512328192,negative,0.0005094877677718196
1342272603638001664,negative,0.0016517701137548416
1342272605441716224,negative,0.0069571137892871044
1342272606133755905,neutral,0.37628681631538385
1342272606712471553,negative,1.3207505391300517e-07
1342272606733541382,negative,5.001696173137159e-06
1342272608713265152,negative,1.2114722476918681e-06
1342272608721657856,negative,0.17384847619942595
1342272609191399425,negative,0.00022806656919713045
1342272609497583621,negative,0.00016227579567338953
1342272610705567744,negative,0.16607610750087148
1342272613255680000,negative,5.001696173137159e-06
1342272613566078977,negative,8.649467181093695e-06
1342272613591121920,negative,0.11601596699851242
1342272614174175232,negative,5.001696173137159e-06
1342272615294103552,negative,3.230879785430988e-07
1342272616376229891,negative,9.948190231384446e-05
1342272617965899780,negative,0.270440804134403
1342272621287780357,negative,1.7850142824636607e-12
1342272622499917825,negative,0.17382152354309108
1342272623221354496,negative,0.015773583174067275
1342272624487923714,negative,9.948190231384446e-05
1342272625947648000,negative,0.06487390577265591
1342272629441441793,neutral,0.44378339122654664
1342272637813350401,negative,0.006090637631782576
1342272639302311936,negative,0.005997935920627322
1342272640296366081,positive,0.9645357119349957
1342272640673861632,negative,9.193280201986623e-08
1342272642724859904,negative,6.703207360292525e-05
1342272644889112576,negative,0.025511735553212806
1342272645669257216,negative,0.1359145349680586
1342272646461812736,negative,0.0012399717833055702
1342272648131321866,negative,0.26545944637530294
1342272649171333120,negative,0.0011523935091156863
1342272649322508288,negative,0.00046473667666213555
1342272650400436224,neutral,0.4086569038235704
1342272652707246087,negative,0.0005441304541829678
1342272655060332545,negative,3.792379489848801e-05
1342272655219699714,negative,0.06487390577265591
1342272656419168256,negative,1.6734281074416479e-10
1342272656805138433,negative,2.0283313711570258e-09
1342272659074244614,negative,0.2742641492310916
1342272659778895872,negative,0.0011523935091156863
1342272660353527808,negative,0.05583299329353172
1342272661632630787,negative,0.01901656117934125
1342272662941347840,negative,0.008174674133652
1342272665105682432,negative,0.016666142960350377
1342272665374105601,negative,4.7480214823519744e-08
1342272670512144384,negative,1.6734281074416479e-10
1342272671204204546,negative,0.00015454894278353143
1342272676711313410,negative,0.0025144007864009283
1342272676900040706,negative,0.274968628404148
1342272677285785601,negative,0.0002392550969991425
1342272679584419840,negative,0.007401931782819249
1342272680628613120,negative,0.001899547308491881
1342272681396363267,negative,0.00741627213827822
1342272681891278849,negative,0.006090637631782576
1342272682700759040,negative,0.0030815430447476222
1342272684743413762,negative,0.11998565655929329
1342272685766832130,negative,9.948190231384446e-05
1342272687012507653,negative,0.0517814972521364
1342272753555165184,negative,0.10404495241321535
1342272757313187840,negative,0.046676268620566105
1342272757606842369,negative,0.07237131246492694
1342272758596698114,negative,0.1787813631106918
1342272758961475587,negative,4.579214459400469e-06
1342272759246667776,negative,0.0012445089043806013
1342272761453015041,negative,0.0003389455323041898
1342272761767612419,negative,0.0001630059832550359
1342272763160096768,negative,0.015773583174067275
1342272766029029378,negative,5.001696173137159e-06
1342272766083538944,negative,0.13326666095464623
1342272767958388736,negative,0.034749794564525
1342272769283657728,neutral,0.3589189259325972
1342272771410309121,negative,5.001696173137159e-06
1342272774564405249,negative,0.0012445089043806013
1342272775524917249,negative,2.986163174794933e-05
1342272778129600514,negative,0.0026718646847690027
1342272779765342208,negative,0.2812124665127172
1342272782382620672,negative,0.00035860610900565615
1342272783787700230,negative,0.03406286956818499
1342272785419292675,negative,0.13892291637504234
1342272785830313987,negative,0.2620967345150337
1342272786606280707,negative,0.0014775854351103544
1342272786828558339,negative,0.18983080867166652
1342272787818414080,negative,0.011033951346378627
1342272791429656576,negative,0.11694641069179902
1342272791568121857,negative,5.001696173137159e-06
1342272793686249473,neutral,0.6465722379184218
1342272796068618240,negative,2.9318328989813956e-08
1342272796840361986,negative,0.028387754637568395
1342272797696012290,negative,2.415389373516181e-13
1342272799365353477,negative,0.00016227579567338953
1342272800489414656,negative,2.253937968287313e-05
1342272800929828866,negative,0.0003389455323041898
1342272801143726081,negative,0.010180016942306058
1342272801772855297,negative,0.00048735779373059303
1342272802687234050,negative,0.00041788638648463804
1342272804755013638,positive,0.7577028023995908
1342272808664096768,neutral,0.4507454498615163
1342272809150668800,negative,0.11182245947334335
1342272809268031488,negative,0.06149681658520596
1342272815358160896,negative,0.30975103832962125
1342272815412563974,negative,5.001696173137159e-06
1342272817610579968,negative,1.066075544460112e-05
1342272818378125314,negative,0.024694100878818438
1342272818466189313,negative,0.0010427729243528215
1342272818755502081,negative,5.001696173137159e-06
1342272819493806080,negative,0.003665979914646083
1342272819800002570,neutral,0.3863065801594057
1342272819938406402,negative,0.2692005333108146
1342272820395601920,negative,0.00015001894591687835
1342272821209272321,negative,0.006090637631782576
1342272823230930951,negative,0.002778371312909484
1342272826108243969,negative,0.029844573193976452
1342272827240681473,negative,0.016574598220885115
1342272828045979648,negative,0.0003355192939758384
1342272829492846593,negative,0.12248249736691665
1342272832785399808,negative,5.50620804785576e-05
1342272835725746176,negative,0.0041601516950195965
1342272836115816448,negative,0.2692005333108146
1342272836703039488,positive,0.9078414350505055
1342272837667663873,negative,0.032027117150936014
1342272838032646150,negative,0.13997518181407745
1342272838401748994,neutral,0.4243113877765609
1342272839391567875,negative,0.00891375960757663
1342272839852961792,negative,0.049240337537271445
1342272840352100357,negative,0.07190745098635086
1342272840708599808,negative,0.0004163763028734304
1342272840830230528,negative,5.001696173137159e-06
1342272843632013313,negative,6.703207360292525e-05
1342272844714168325,negative,0.0147501555232423
1342272847415304192,negative,0.01160725873521015
1342272848015089669,neutral,0.5495922250151081
1342272849566785536,neutral,0.5069277863722628
1342272850036740096,negative,5.001696173137159e-06
1342272852263915520,negative,0.0002834731046803434
1342272853966774272,negative,0.07852303570185792
1342272854012923904,negative,0.10489648442368046
1342272854562373636,negative,0.31857999659820957
1342272856282062850,negative,0.0019130383600395756
1342272859079663616,negative,6.597797072716084e-06
1342272863269744646,negative,0.11185278359966659
1342272866323075072,neutral,0.5071762778347629
1342272869238243328,negative,0.03909746360501934
1342272869598978051,positive,0.9685034134821003
1342272871234736129,negative,8.515087045096324e-06
1342272871872258048,negative,0.1438326959588056
1342272874422403075,negative,0.05039618713896162
1342272874556624904,negative,2.986163174794933e-05
1342272875940732930,negative,0.11772182285746209
1342272877081612288,negative,5.001696173137159e-06
1342272878478315520,negative,0.041007663271044346
1342272880265080833,negative,0.0009916164606348153
1342272881674301442,negative,0.10273054580605338
1342272948015689729,negative,0.2692005333108146
1342272948690890754,positive,0.9845644697550272
1342272950976786432,negative,0.2692005333108146
1342272951903776768,negative,0.0015427974993838774
1342272959675830275,negative,0.0003361366704521218
1342272960917340162,negative,0.0012445089043806013
1342272962578296832,negative,0.07409858964317478
1342272962687348742,negative,0.006090637631782576
1342272965283557376,negative,0.0076793701300136175
1342272965384302592,negative,0.030754608300443853
1342272966839726081,negative,2.569393533910909e-07
1342272967611473920,negative,0.0032976795341549815
1342272968848781318,negative,0.06908095807096089
1342272971877064711,negative,6.17938220872769e-05
1342272972476862466,negative,0.0006087100455504732
1342272973705773058,negative,5.001696173137159e-06
1342272977203834881,neutral,0.5495922250151081
1342272978634072065,neutral,0.513136929509853
1342272981662371840,negative,0.0005520065288040503
1342272983369441283,negative,0.1283072132371369
1342272983461752833,negative,3.792379489848801e-05
1342272985579872267,negative,1.558180219382425e-08
1342272990365380608,negative,0.03342717553821877
1342272993498640384,negative,0.000477147450394425
1342272996099170317,negative,0.018616576016345844
1342273000759025669,negative,8.515087045096324e-06
1342273005746089986,negative,0.0010427729243528215
1342273007482494978,negative,0.2812124665127172
1342273007981649921,negative,0.026201873991541932
1342273008631689229,negative,8.515087045096324e-06
1342273011265757187,negative,0.32178220857981144
1342273011861303297,neutral,0.381875542748901
1342273012184322050,negative,0.002096652302557571
1342273012536586242,negative,0.11182245947334335
1342273013635543046,negative,0.0005094877677718196
1342273016282025984,negative,0.014921409828964609
1342273019511758849,neutral,0.5052510391936574
1342273019729743872,negative,4.4990389509977444e-08
1342273020161896448,negative,0.1221010351469794
1342273022065950720,negative,0.005545998554439079
1342273022066098177,negative,5.001696173137159e-06
1342273022300983297,negative,1.3410063270720637e-05
1342273022812631044,negative,3.898113407039336e-06
1342273022875602944,negative,0.004984483279900472
1342273023961952257,negative,0.0007458440094856023
1342273025190879233,negative,6.51403124520156e-08
1342273026008764416,negative,0.0009511128018230349
1342273026105159680,negative,8.515087045096324e-06
1342273026184900609,negative,7.30774934935384e-05
1342273027820695553,negative,8.515087045096324e-06
1342273028433051648,negative,5.001696173137159e-06
1342273031134179328,negative,0.019196637429483427
1342273031759134723,negative,0.2147982704607158
1342273032082104320,negative,5.001696173137159e-06
1342273032660930563,negative,0.30396949356940606
1342273032673497091,negative,3.792379489848801e-05
1342273033755570176,negative,0.004187895903054169
1342273033998884865,negative,0.0649409937485363
1342273036502896642,negative,5.001696173137159e-06
1342273037840896001,negative,0.005605058504731523
1342273041179488258,negative,5.547586483555178e-06
1342273043092135939,negative,0.017183900555631536
1342273043201220617,negative,0.041007663271044346
1342273043461271552,negative,0.010180016942306058
1342273044023152640,negative,0.16532172419126437
1342273045617111040,negative,3.957349991212548e-05
1342273046212706304,neutral,0.5002579963290844
1342273046611173376,negative,0.002778371312909484
1342273046778929152,negative,0.0002392550969991425
1342273047231918083,negative,0.2812124665127172
1342273047324217345,negative,0.014543857324829622
1342273047479406594,negative,1.4179856029980568e-05
1342273051132571649,negative,5.001696173137159e-06
1342273051476504578,positive,0.7861481796128305
1342273051740745728,negative,9.548005638078889e-12
1342273051786940416,negative,0.056064655995890535
1342273054878150657,negative,0.0006511462771957673
1342273066731188225,negative,0.019196637429483427
1342273067075178496,negative,0.054693288107281836
1342273067687550983,negative,5.001696173137159e-06
1342273073186295808,negative,0.00030915010877106063
1342273073937080333,negative,0.015646840494941375
1342273074155155461,negative,9.948190231384446e-05
1342273078315913216,negative,0.0006694108814461558
1342273079444185098,negative,5.001696173137159e-06
1342273080396230658,negative,0.006140569923005726
1342273082191458307,neutral,0.3920775259595825
1342273083185516547,negative,0.033968356603792466
1342273085291036673,negative,0.006314639506126571
1342273086167658497,negative,0.0948908403365332
1342273087572684803,neutral,0.5984246117004284
1342273090810748931,negative,0.0007799880410522638
1342273091511046144,positive,0.9269755050055781
1342273093310541824,negative,0.2812124665127172
1342273095109894148,negative,0.18617953087208958
1342273096594677761,negative,7.30774934935384e-05
1342273098154958854,negative,0.002745298738113449
1342273099413282823,negative,5.001696173137159e-06
1342273101090988035,negative,0.0005419823129122259
1342273101170675712,negative,0.0792948531690309
1342273103502733314,negative,0.2692005333108146
1342273106304507904,negative,0.22925700274012534
1342273106757513230,neutral,0.5495922250151081
1342273109215371264,negative,0.2692005333108146
1342273110846943232,negative,0.17360630411328054
1342273111161528323,negative,0.0002392550969991425
1342273114793635840,negative,1.2942523306205541e-07
1342273119944368129,negative,5.001696173137159e-06
1342273121953439745,negative,4.331676093253438e-06
1342273122414768131,positive,0.8747211794528813
1342273124142886912,negative,0.0016208467659519876
1342273128630788096,neutral,0.4186610750196824
1342273132174991363,neutral,0.3996580091506196
1342273132212547584,negative,0.28906018646393017
1342273133558951936,negative,1.6734281074416479e-10
1342273138755821568,negative,0.00024653296505178034
1342273140882370560,negative,2.8938702863454633e-05
1342273142933303300,negative,0.0069571137892871044
1342273143306674183,negative,0.0022901768412401935
1342273145911324672,negative,5.390275166464636e-07
1342273150046920707,negative,0.00223698591695142
1342273150260707329,negative,0.0011523935091156863
1342273150432784385,negative,0.2507523727632162
1342273150873198593,negative,0.0013180234552138117
1342273151259045897,negative,5.001696173137159e-06
1342273153016492032,negative,8.515087045096324e-06
1342273153297494022,negative,0.0002922487043940966
1342273154476089344,negative,3.792379489848801e-05
1342273156724256769,neutral,0.5942738741818218
1342273157781020672,negative,0.013364961799554565
1342273158364192768,negative,0.10514650290048043
1342273159802859526,negative,0.028709704420607347
1342273160004120578,negative,1.2114722476918681e-06
1342273160675270656,negative,9.948190231384446e-05
1342273160704618496,negative,0.06970179680059135
1342273163502227463,negative,0.018367562345874888
1342273169894346753,negative,5.001696173137159e-06
1342273177980907523,negative,0.002027225588956473
1342273180321378304,negative,0.0028932052401502563
1342273180866662400,negative,0.010180016942306058
1342273191385956352,negative,2.8909721252891446e-08
1342273192874958849,negative,0.0022570618471343044
1342273193462128640,negative,5.001696173137159e-06
1342273193520803842,negative,5.547586483555178e-06
1342273193667604480,negative,0.0002392550969991425
1342273194917588994,negative,0.03740557028973103
1342273197333479426,negative,5.001696173137159e-06
1342273198520479744,negative,0.0413809012533943
1342273199321526273,negative,0.0012445089043806013
1342273199430631424,negative,0.05196911962969469
1342273199501934593,negative,0.009083597821455413
1342273200143609857,negative,0.0011994351848367219
1342273200722501632,negative,0.013868710716077143
1342273201162899457,neutral,0.5495922250151081
1342273202161070080,negative,0.0017880157369971467
1342273208653914113,negative,0.1948410199639604
1342273211204042755,negative,5.001696173137159e-06
1342273211682189313,negative,0.020983306816525292
1342273214161027073,negative,1.5380126688171704e-05
1342273215431892992,negative,0.0012445089043806013
1342273215775830016,negative,0.18617953087208958
1342273219332624385,negative,0.253402405807463
1342273219907223552,negative,0.15884973808023384
1342273222667067392,negative,0.0054826873813179095
1342273223724044288,negative,0.09984969728121398
1342273224755847168,negative,5.001696173137159e-06
1342273226370674688,negative,0.0002392550969991425
1342273228018835458,neutral,0.49789225920557484
1342273228757233669,negative,7.8964593116111e-10
1342273229893853186,negative,0.011095145237227771
1342273232959905796,negative,0.019196637429483427
1342273237640749056,neutral,0.33727600713706035
1342273243806367746,negative,5.651241791700221e-06
1342273244808830977,negative,0.0011523935091156863
1342273245555404800,negative,0.18786617406851622
1342273245949657089,negative,5.001696173137159e-06
1342273246255849472,positive,0.9008055015207854
1342273248294273025,negative,0.00402865897307658
1342273250236248064,negative,0.2812124665127172
1342273250261286912,negative,2.1465757273594862e-07
1342273251406450689,negative,5.2094448077262e-12
1342273252434055171,negative,0.02329323645236039
1342273256758374400,neutral,0.3767105158566414
1342273257341394944,negative,3.792379489848801e-05
1342273260545826817,negative,5.001696173137159e-06
1342273260621164546,negative,0.010399610501702952
1342273261388881921,negative,0.022625754697685886
1342273262223556609,negative,5.547586483555178e-06
1342273262827528193,negative,0.2812124665127172
1342273263767080960,negative,7.650563326049622e-06
1342273266015211525,negative,0.08599886960870794
1342273266434510848,negative,3.1432489568890486e-07
1342273269114810369,negative,0.06356053740885668
1342273271002263559,negative,0.002745298738113449
1342273272168124421,negative,0.026198647027612022
1342273272231161859,negative,5.001696173137159e-06
1342273273728544768,negative,0.13326666095464623
1342273274407919617,negative,1.7623199610031865e-06
1342273274869374976,negative,0.07409858964317478
1342273275670507522,negative,0.1448295385886835
1342273275888623616,negative,0.15450542148293106
1342273276014419969,neutral,0.5136446707795853
1342273276337410049,negative,0.005434340465629795
1342273278325485568,negative,0.04745497805310905
1342273279856418817,negative,6.546109017201242e-14
1342273279961178112,negative,4.2945290273158173e-10
1342273281634795521,neutral,0.48728019602140255
1342273285682307072,negative,8.8871822494393e-06
1342273287976611840,negative,5.001696173137159e-06
1342273288815435776,negative,9.408529988076039e-05
1342273291105533952,negative,0.10892726972840412
1342273291524968457,negative,0.15884973808023384
1342273291734691840,negative,0.0147501555232423
1342273292300931072,positive,0.9381095895204145
1342273293223604227,negative,2.165599030079408e-13
1342273294083485707,positive,0.9509114713822898
1342273295828344834,negative,0.0004760529356788509
1342273296281300992,negative,2.986163174794933e-05
1342273296801419264,negative,0.0003389455323041898
1342273296860139521,negative,0.0002392550969991425
1342273296981753856,negative,1.2114722476918681e-06
1342273297988395008,negative,0.022596186327557412
1342273299766800389,negative,0.07237026488569455
1342273303155777537,negative,0.14143821175705878
1342273305198391296,negative,3.0042668524673126e-07
1342273305630429185,negative,0.2338219209930922
1342273306624479237,negative,0.04085562262240796
1342273307949805568,negative,0.0022511963042604975
1342273311175282689,negative,8.999914913363231e-05
1342273313981259776,negative,0.004892284188440706
1342273316015497219,negative,0.04782757060077636
1342273316955054080,negative,0.07294918075471754
1342273321275183106,negative,0.0792948531690309
1342273324827738113,negative,5.001696173137159e-06
1342273326543200260,neutral,0.5036434231683512
1342273326639689729,negative,0.0017880157369971467
1342273326664851456,positive,0.9542043903517397
1342273331953864709,negative,0.02327054624740964
1342273332293545985,negative,5.001696173137159e-06
1342273333560107009,negative,0.0004760529356788509
1342273334940200961,negative,0.13326666095464623
1342273336420802561,negative,0.18617953087208958
1342273339679715334,negative,0.0006511462771957673
1342273344222220288,negative,5.001696173137159e-06
1342273346973609985,negative,0.274968628404148
1342273347145650176,negative,2.1582821648129535e-08
1342273347439239169,negative,0.005353255170027112
1342273347850301441,negative,0.014962182606155103
1342273347992907777,negative,0.10700295468860774
1342273348118708224,negative,2.726583750760497e-05
1342273348252946434,negative,5.001696173137159e-06
1342273348760457216,negative,0.06269004340920771
1342273349112770564,negative,0.0005583564912642673
1342273350056497153,negative,0.05583299329353172
1342273351021191173,negative,0.14339128884293262
1342273351662796802,negative,0.0034185636050378682
1342273351662895113,positive,0.6691262784899221
1342273353114116098,neutral,0.5052510391936574
1342273354456297474,negative,0.011490537435018785
1342273354745720837,negative,0.07409858964317478
1342273355102228481,negative,0.046522773191883506
1342273357723676672,negative,0.08338066276014179
1342273358235389953,negative,5.001696173137159e-06
1342273358419927041,negative,5.001696173137159e-06
1342273360915533825,negative,0.22298165836812198
1342273361355935749,negative,0.09640323611645361
1342273362580688896,negative,0.07611488631158644
1342273363792834566,negative,3.4951640806836273e-09
1342273365126602752,negative,0.03888063134680295
1342273365520748544,negative,0.0004760529356788509
1342273365772480512,negative,0.15884973808023384
1342273367810965506,negative,0.002745298738113449
1342273370163916802,negative,0.1848930124495941
1342273370830860289,negative,1.2114722476918681e-06
1342273377323671553,negative,5.001696173137159e-06
1342273379299160068,negative,0.0029724918949399267
1342273380184158208,negative,2.545097534982691e-07
1342273380716843019,negative,0.11601596699851242
1342273382201651202,neutral,0.5389530675869072
1342273383963230213,negative,0.0007095241482463014
1342273384055496705,neutral,0.375069990218333
1342273386135826432,negative,0.000477147450394425
1342273387733913600,negative,0.0010427729243528215
1342273387863924738,negative,0.14339128884293262
1342273387981385732,negative,0.21047953907773329
1342273390028189698,negative,0.03513664696641658
1342273391567523840,negative,5.607098713628464e-05
1342273393723400192,negative,0.2681301851464377
1342273396139315202,negative,0.0028028572323590697
1342273399876243456,negative,8.515087045096324e-06
1342273400421543936,neutral,0.4273682507201313
1342273401214402561,negative,0.0005071658701609285
1342273402195881986,negative,0.015661333136216406
1342273403936509952,negative,5.667585845313686e-06
1342273406696349696,neutral,0.38032421610440725
1342273407006683142,negative,1.4068122073416095e-14
1342273407677689856,negative,0.14621262492287865
1342273408525103109,negative,1.1619675752235297e-11
1342273410009878528,negative,0.0016416939167773353
1342273414988525569,negative,8.515087045096324e-06
1342273419279093761,neutral,0.5486968456609221
1342273419719684097,negative,0.18543234769735967
1342273420306882560,negative,4.318934551781427e-06
1342273421116375042,negative,2.9499332738496485e-05
1342273421225455616,negative,0.07526070371224217
1342273422387261448,negative,0.2692005333108146
1342273423419076608,neutral,0.41679444288746414
1342273424803196929,negative,4.120208932770519e-06
1342273426631884806,negative,0.10404495241321535
1342273431119814658,negative,0.02329323645236039
1342273432399044609,negative,5.001696173137159e-06
1342273433514749953,negative,5.343472225908763e-05
1342273439961403398,negative,6.582747253450239e-05
1342273440317845507,negative,0.0012445089043806013
1342273442008223750,negative,0.011017388323203009
1342273443824328705,negative,2.4263293360824312e-05
1342273444529008642,negative,0.015773583174067275
1342273445690822656,negative,0.07611488631158644
1342273447762644993,negative,0.03552067098354078
1342273448094146563,negative,0.10700295468860774
1342273450015154178,negative,0.0012445089043806013
1342273450161876992,negative,0.10700295468860774
1342273450417786882,negative,5.931617156973759e-14
1342273451126611968,negative,0.008227830672766123
1342273451411779586,negative,5.001696173137159e-06
1342273456717656064,negative,0.12248249736691665
1342273459360063489,negative,0.0022511963042604975
1342273460068704261,negative,2.615401742962061e-08
1342273463155912704,negative,0.0003389455323041898
1342273463525003265,negative,0.14143821175705878
1342273467874471937,negative,8.515087045096324e-06
1342273471062147072,negative,1.1844712415924024e-09
1342273475948531712,negative,1.4735011669305207e-09
1342273478045683714,negative,0.009087159101972653
1342273478624387072,neutral,0.5495922250151081
1342273480079892481,negative,0.0005520065288040503
1342273480797130755,neutral,0.33657875458960645
1342273483867369473,negative,0.00022691310697099112
1342273486832758784,positive,0.6691262784899221
1342273492226551808,negative,1.2358308167910256e-07
1342273492721557504,negative,0.0001630059832550359
1342273493468119041,negative,0.15237137935820858
1342273493606522882,negative,0.05583299329353172
1342273496815030272,negative,0.0020110122635098224
1342273496861323264,negative,5.001696173137159e-06
1342273497813438464,negative,5.702152232251858e-07
1342273498719395841,negative,5.001696173137159e-06
1342273500397133824,negative,0.06149681658520596
1342273502003527680,negative,5.001696173137159e-06
1342273502720753665,negative,0.006090637631782576
1342273507640668165,negative,0.15237137935820858
1342273507665842178,negative,0.013968557030172756
1342273511444918272,neutral,0.4184902453281063
1342273512329900032,positive,0.9996679469659898
1342273513412046848,negative,0.18617953087208958
1342273513437024258,negative,0.01901656117934125
1342273513965682690,negative,0.12248249736691665
1342273516113166337,negative,0.15884973808023384
1342273516918464512,negative,3.2409549342953208e-06
1342273518554198016,neutral,0.3313520373278678
1342273521007915008,negative,3.792379489848801e-05
1342273521171509249,negative,0.08347397405001022
1342273521645453314,negative,5.001696173137159e-06
1342273523373453314,negative,5.001696173137159e-06
1342273523637739521,negative,0.003566906859200871
1342273524224958465,negative,5.001696173137159e-06
1342273524686331907,negative,0.1452366382211626
1342273525743312896,negative,0.16532172419126437
1342273529815986179,negative,4.128650826309591e-06
1342273530159837185,negative,5.001696173137159e-06
1342273530302509057,neutral,0.5389530675869072
1342273531317547008,negative,0.0013564237108465757
1342273532194013185,negative,0.14143821175705878
1342273532835876872,negative,0.21047953907773329
1342273534064734209,negative,0.27538537887707226
1342273536447164417,negative,0.0036635757553254494
1342273536518455297,negative,0.00891375960757663
1342273536937893891,negative,5.50620804785576e-05
1342273537634004992,negative,0.14143821175705878
1342273538066161664,negative,0.002778371312909484
1342273540163317761,negative,0.004014100424274326
1342273540171685889,negative,0.0003389455323041898
1342273540775698441,negative,8.515087045096324e-06
1342273543460028417,negative,0.041007663271044346
1342273546521874438,negative,0.0147501555232423
1342273548413530114,negative,0.03513664696641658
1342273548786806785,neutral,0.5477417231385693
1342273549080391682,negative,0.10700295468860774
1342273551257264133,negative,0.003942550066690107
1342273551387267072,negative,0.008002740267951025
1342273553350209536,negative,0.15884973808023384
1342273554411364353,negative,0.041007663271044346
1342273555707424768,negative,0.25859321333047897
1342273558014291969,negative,0.0003239154728240111
1342273560115605506,neutral,0.398180521791012
1342273563047432192,neutral,0.3746648072256446
1342273564536414209,negative,0.06368660314900522
1342273565035520002,negative,1.066075544460112e-05
1342273565119414272,negative,0.0038580520798350538
1342273566818107394,negative,0.0002026520517742779
1342273566818127872,negative,5.001696173137159e-06
1342273569804398592,neutral,0.381875542748901
1342273572950204416,negative,5.001696173137159e-06
1342273574036451329,negative,1.5254567496210336e-05
1342273575462580224,negative,0.006697437201473683
1342273576116879360,negative,0.05466931763636576
1342273578021105664,negative,0.00849309960577442
1342273581842108416,negative,0.2692005333108146
1342273581972123655,negative,8.515087045096324e-06
1342273582223798273,negative,0.0001630059832550359
1342273584371269632,negative,5.001696173137159e-06
1342273586959183873,negative,0.0012445089043806013
1342273588443824128,negative,0.0002392550969991425
1342273591526764544,negative,0.007718704224340631
1342273592554364930,negative,0.05583299329353172
1342273595448434688,negative,6.17938220872769e-05
1342273595565867008,negative,0.0017880157369971467
1342273596379582464,neutral,0.60095189304177
1342273597126152192,negative,5.001696173137159e-06
1342273598887768067,negative,0.002945337475493712
1342273603090456578,negative,0.00025297509639382707
1342273605866905600,negative,9.546449648588983e-05
1342273607817457665,negative,0.013136865694538534
1342273610703101953,negative,0.0069571137892871044
1342273611084804097,negative,0.019463299758375695
1342273615434280960,negative,0.0003658001309021792
1342273615744655360,negative,0.06030985063096717
1342273615811796994,negative,0.023075944015281635
1342273615870365697,neutral,0.4220827206917385
1342273616348643329,negative,0.00031284106238320397
1342273616575139841,negative,5.001696173137159e-06
1342273616608690176,negative,5.001696173137159e-06
1342273616868745216,negative,0.0007567868687447256
1342273618932355073,negative,5.99611475025243e-06
1342273620232593417,negative,7.382731725420572e-05
1342273620890984449,negative,0.062191053680428626
1342273621897703426,negative,7.30774934935384e-05
1342273630378582016,negative,0.006090637631782576
1342273631821340672,negative,0.004388274390982962
1342273635139133440,negative,0.05853705137477358
1342273637148143616,negative,3.303672385569735e-05
1342273638679130112,negative,0.0004760529356788509
1342273639467556865,negative,6.183279515595602e-06
1342273640478498817,negative,8.515087045096324e-06
1342273640541392897,negative,1.518591913819492e-13
1342273683155529729,negative,0.015773583174067275
1342273687521816580,negative,0.012044251378290986
1342273687760859136,negative,0.15884973808023384
1342273689929146369,negative,0.002367167875322707
1342273690034040834,negative,7.8964593116111e-10
1342273691170779137,negative,0.15884973808023384
1342273693871972352,neutral,0.42076888431135534
1342273696497618954,negative,0.20268303429504222
1342273699693658113,negative,2.726583750760497e-05
1342273699785805824,negative,4.639567746923638e-08
1342273700578660355,negative,0.015155107296918732
1342273701006495745,negative,0.2812124665127172
1342273702952652800,negative,5.001696173137159e-06
1342273704441638914,negative,0.004022756552661705
1342273706484236288,negative,0.0029330692221516174
1342273707646054402,negative,0.03049852291643349
1342273707939545088,negative,0.0016517701137548416
1342273709478965251,negative,0.07126686140176079
1342273709856485377,negative,0.20171839733016697
1342273709936177153,negative,5.001696173137159e-06
1342273712641486854,negative,0.0019024573188624284
1342273713966878720,negative,0.00048105932977616416
1342273717490094081,negative,0.10700295468860774
1342273718685466624,negative,5.001696173137159e-06
1342273725375385603,neutral,0.33623359787652535
1342273726650470400,negative,0.0017598475175317663
1342273728021852160,negative,0.030646049405239708
1342273729007595521,negative,0.23964736527354968
1342273731603914754,negative,0.19047668419200223
1342273732207898627,negative,0.019937252458622982
1342273732736385030,negative,8.515087045096324e-06
1342273735185723392,positive,0.7453473596507924
1342273739002703875,negative,2.1585325139198027e-05
1342273739392692225,negative,0.006076886878180595
1342273744404942848,negative,1.5380126688171704e-05
1342273745092796416,positive,0.6700119982736383
1342273745558384641,negative,7.382731725420572e-05
1342273749186457605,negative,0.009282990618595974
1342273751275237377,negative,0.19811330746911548
1342273753376546819,negative,1.1061049937000299e-07
1342273754618015745,negative,0.00038685683927913505
1342273758791421953,negative,0.008824211581079974
1342273759668011008,neutral,0.49789225920557484
1342273760691429376,negative,0.1257627677286754
1342273762956365824,negative,0.0026801273886916154
1342273762985697280,negative,0.0005088815269497077
1342273763727953920,negative,9.948190231384446e-05
1342273763790884864,negative,0.0014259416961267951
1342273764634071043,negative,5.001696173137159e-06
1342273766353743880,negative,0.015173371405869699
1342273774423601153,negative,0.0008618891702667743
1342273774893363200,negative,7.511138175980732e-06
1342273776168349700,negative,0.07294918075471754
1342273780534693890,neutral,0.398180521791012
1342273782728290306,negative,0.002745298738113449
1342273783621701634,negative,5.415908000352725e-07
1342273785479757826,negative,0.2812124665127172
1342273786779983873,negative,7.8964593116111e-10
1342273790080765952,negative,0.11739504576313559
1342273791234371584,neutral,0.5572118871719965
1342273794035965953,negative,0.30595195252769175
1342273794455572488,neutral,0.49789225920557484
1342273799081881600,negative,0.045312205404531423
1342273800042381312,neutral,0.46127768308170247
1342273800499585025,negative,0.07409858964317478
1342273804802924550,negative,7.8964593116111e-10
1342273806598078469,negative,0.0017880157369971467
1342273808217026567,negative,5.001696173137159e-06
1342273808355438593,negative,5.23922445784397e-06
1342273808904941568,negative,0.016711448726269312
1342273811299905536,negative,0.00038685683927913505
1342273812361060354,negative,4.6868339093512085e-06
1342273812738424832,negative,5.50620804785576e-05
1342273818207911937,negative,5.001696173137159e-06
1342273819982098433,negative,9.948190231384446e-05
1342273821047459841,neutral,0.45795205714919557
1342273824444870662,positive,0.9630978797545166
1342273826336419842,negative,0.034830618042635424
1342273828488007680,neutral,0.4273682507201313
1342273828983087106,negative,2.8447871582499252e-05
1342260701235195909,negative,2.0689334295008064e-06
1342260822723203073,neutral,0.36473491957778936
1342261852856836099,negative,2.9841086375999456e-05
1342261946977046528,negative,0.0005835601770233485
1342262050895093761,negative,0.0736401149528525
1342262222387634182,negative,2.9841086375999456e-05
1342263679434293253,negative,0.3104093773156689
1342263698044432386,positive,0.9902895327500874
1342263707615817728,negative,0.000880398425748497
1342263731770822657,neutral,0.3550480623277115
1342263753405042688,negative,0.10609720076505115
1342263762649313283,negative,0.002318380433699772
1342263769716707328,negative,0.15840088642707081
1342263798820958208,negative,0.15173877001674502
1342264152539201536,neutral,0.5118287644514615
1342264160156053506,negative,0.30326048718878645
1342264172185346051,negative,0.010034450026022955
1342264182268452864,negative,0.23093842808057735
1342264197024014336,neutral,0.3519593612470615
1342264209564983296,negative,0.11728599405603443
1342264218503032832,negative,0.09202810145132498
1342264229794078723,negative,0.10427684921568231
1342264240212746245,negative,0.14276245291399373
1342264251721928705,negative,0.09581782352443682
1342264261805035521,negative,0.32502466394734597
1342264271871373313,negative,0.220782868160265
1342264284886290441,negative,0.05077974487175051
1342264294277345281,negative,0.19301694200484054
1342264303852941312,positive,0.7564127028851546
1342264371192475648,negative,0.12549137171049263
1342264409234821126,negative,0.14166802993061825
1342264420098060288,negative,0.13730448703460443
1342264429195517955,negative,0.002575503326143306
1342264489727635456,negative,0.04185996449443469
1342264565745274880,negative,0.2652907380318335
1342264624146763780,negative,0.036762635237649235
1342264634124988417,negative,0.120990216949728
1342264644329742348,negative,0.01637371173440694
1342264657407565824,negative,0.027414732077846626
1342264696817266693,negative,0.006209549268938673
1342264708318044160,negative,0.09956000828800408
1342264720359829505,negative,0.004331626338379811
1342264741209788418,negative,0.04622578416960815
1342264765251538944,negative,0.2079327617841298
1342264776014094336,negative,0.2374381379919519
1342264797920964609,negative,0.06428162932485394
1342264808658382851,negative,5.947477798101102e-05
1342264875532382208,negative,4.9432833612582124e-05
1342264882243239938,negative,5.715618361661128e-05
1342264957551915009,negative,0.0023460983499257
1342265241367937025,negative,5.947477798101102e-05
1342268247400460289,negative,0.05593336196838479
1342268591673135104,negative,0.05593336196838479
1342268719410655233,negative,0.21605539265726054
1342268831696375808,positive,0.9383467217118607
1342268831755079680,negative,0.00019712045889131761
1342269188547747840,negative,0.002337820745561793
1342269205815697408,neutral,0.49789225920557484
1342269534154203137,neutral,0.49909327230760747
1342269702085640195,negative,0.22727451274474617
1342272236032561158,negative,0.0023460983499257
1342273748343390208,neutral,0.49789225920557484
1342258973450395651,negative,0.3247397800309324
1342259033034649600,negative,0.0001206242349783548
1342259079801151489,negative,0.28522038753639856
1342259470873845761,negative,0.012514633440674137
1342259769055322113,negative,3.017572202162913e-06
1342259887645089792,neutral,0.3630190602545076
1342259994989916160,negative,0.02484413950244357
1342260189001560064,negative,0.017424523256481212
1342260800585662465,neutral,0.49789225920557484
1342261945370599430,negative,0.0021293579983403515
1342262707400146945,neutral,0.49789225920557484
1342264097170141184,negative,0.02650498100038871
1342264939529064448,negative,0.02650498100038871
1342265640971886594,negative,0.02201234051531052
1342267343616036866,negative,0.05269074113239147
1342268748988821504,negative,0.08086895147521442
1342269426490609664,negative,0.0007588276162375481
1342269696364617729,negative,0.3029968537174699
1342270365926531072,negative,0.19046919627861963
1342271542630211585,negative,0.06352425021108966
1342272145645330437,negative,0.0021876767592054584
1342272687050088448,negative,0.02201234051531052
1342273317613367296,negative,0.02201234051531052
1342263636832657409,negative,7.316808621286964e-05
1342265492107616261,negative,0.2954585693579216
1342260190696132608,negative,6.256942625617613e-06
1342260533177839617,negative,0.005306789390885408
1342260760630722561,neutral,0.49789225920557484
1342260791471431680,negative,0.27599855954002234
1342268108006948867,negative,1.7166286032879448e-05
1342268343567396867,negative,6.256942625617613e-06
1342268412396007424,negative,0.004962184566245722
1342268836129759234,positive,0.7641117226298673
1342269101503340544,negative,1.9661763634636548e-07
1342271417639989248,negative,0.004962184566245722
1342271521314594816,neutral,0.5017543432377519
1342271643377393664,positive,0.9021194639834426
1342271956331204609,negative,0.00024092986755106633
1342271991588548608,negative,0.019469609977382812
1342273193046913026,negative,0.02292768974203267
1342273307706589184,neutral,0.5017543432377519
1342273670065086465,negative,3.4352127814284926e-06
1342258756709703680,negative,0.00020489632720373076
1342258757112221696,negative,0.0022294285621728537
1342258758576197633,negative,1.1010502818068822e-06
1342258758664278023,negative,6.356576712197458e-07
1342258759477952517,negative,0.0009274510422111288
1342258760329342978,negative,0.00013433632611911767
1342258762489294849,negative,0.002651398879991075
1342258763802136578,negative,2.35535185028103e-07
1342258763915554816,negative,0.08807884910945335
1342258770307649542,negative,0.16913426361747186
1342258785029652483,negative,0.16913426361747186
1342258786573180928,negative,0.00023494857228524975
1342258796727570432,negative,2.2482615789299705e-05
1342258797591621640,negative,0.0014897658511527523
1342258798149292032,negative,0.00017429420835782293
1342258800745611265,negative,1.1434356640133002e-06
1342258802473783302,negative,0.0015744705178468534
1342258803891441673,negative,5.001696173137159e-06
1342258804885479424,negative,0.0962962210780332
1342258809272729600,negative,0.006867544012287147
1342258811529265152,negative,0.00023494857228524975
1342258818986684419,negative,0.05583299329353172
1342258820408614912,negative,0.007007712089134744
1342258820559593473,negative,5.001696173137159e-06
1342258822757425152,negative,4.603236980076469e-09
1342258823843766275,negative,0.040353693257348805
1342258824498081794,negative,0.00023494857228524975
1342258825135599617,negative,5.001696173137159e-06
1342258825961861121,negative,0.01755453863375126
1342258827496984577,negative,0.16913426361747186
1342258833155108864,negative,0.16913426361747186
1342258843938656258,negative,0.00023494857228524975
1342258848170696706,negative,0.16913426361747186
1342258856018247681,negative,0.02972828285908327
1342258861185654784,negative,0.00023494857228524975
1342258863253417984,negative,0.00023494857228524975
1342258879053389827,negative,9.461597439831434e-06
1342258885097385985,negative,0.0005655884911875096
1342258885894279173,negative,0.02783107026202083
1342258890730303495,negative,0.0015744705178468534
1342258891820822544,negative,0.16913426361747186
1342258900465287169,negative,5.670260529130851e-05
1342258903313211392,negative,6.384193549501255e-05
1342258907272589313,negative,0.00023494857228524975
1342258909566955521,negative,1.5069487444443723e-08
1342258912330969095,negative,0.00023494857228524975
1342258919570370563,negative,0.00023494857228524975
1342258920291753991,negative,0.00047943903310388526
1342258929619898376,negative,0.0007930206175190774
1342258932400726016,negative,0.0001172366098250215
1342258941309427712,negative,0.0010337387159012048
1342258945176576001,negative,1.1010502818068822e-06
1342258951421911041,negative,0.00013433632611911767
1342258952768270336,negative,0.00023494857228524975
1342258953757941761,negative,0.24747032029041643
1342258965846044675,negative,0.0009274510422111288
1342258971655073792,negative,0.0010337387159012048
1342258972754137096,negative,0.16913426361747186
1342258977019719681,negative,0.047057251709742676
1342258981448933378,negative,3.2353612828199015e-05
1342258988247887874,negative,1.4265427180626877e-11
1342258992240865283,negative,0.0015744705178468534
1342259001095036934,negative,0.00023494857228524975
1342259001283768328,negative,9.462145089662278e-07
1342259002604924929,negative,0.00023494857228524975
1342259003070492672,negative,9.461597439831434e-06
1342259005176115202,negative,9.461597439831434e-06
1342259009865342980,negative,0.16913426361747186
1342259011710812161,negative,0.00019378220365701113
1342259014713880576,negative,6.596344549793207e-07
1342259022288855041,neutral,0.43511836201260606
1342259026223104010,negative,0.00023494857228524975
1342259028303474689,negative,3.493873312772601e-12
1342259039263203330,negative,9.461597439831434e-06
1342259040236220416,negative,0.017783899215865557
1342259046087274500,negative,0.0005013425958907291
1342259047425306632,negative,0.16913426361747186
1342259048176095232,negative,0.00011550201285556833
1342259048943677440,neutral,0.4542058333378312
1342259051476955137,negative,4.501091729198516e-09
1342259052840185862,negative,0.00023494857228524975
1342259060410867712,negative,0.027835610118349854
1342259076688982016,negative,0.00023494857228524975
1342259077339082757,negative,0.00023494857228524975
1342259090416918535,negative,0.00023494857228524975
1342259090962186242,negative,0.0007399094958796518
1342259110432145423,negative,9.461597439831434e-06
1342259114685161473,negative,5.578861679767019e-10
1342259124155920386,negative,0.00023494857228524975
1342259126185971723,negative,0.00023494857228524975
1342259132322238465,negative,0.0006275575905099999
1342259141130264583,negative,0.16913426361747186
1342259143869128708,negative,0.008849873227717145
1342259147245498368,negative,9.461597439831434e-06
1342259148294148105,negative,3.2353612828199015e-05
1342259148348674048,negative,0.00023494857228524975
1342259156204580865,neutral,0.6421958668915351
1342259175469043712,negative,0.0015744705178468534
1342259188127457282,negative,9.461597439831434e-06
1342259192762159104,negative,0.00023494857228524975
1342259194829938690,negative,0.16913426361747186
1342259196239237121,negative,5.001696173137159e-06
1342259210424299527,negative,0.16913426361747186
1342259211586203653,negative,0.0005318551346538156
1342259211909165056,negative,0.0288328188342412
1342259238060621824,negative,5.001696173137159e-06
1342259239859982339,negative,0.00023494857228524975
1342259246273093645,negative,5.001696173137159e-06
1342259257501224960,negative,0.16913426361747186
1342259266326036480,negative,0.16913426361747186
1342259275431899140,negative,0.00014072820684077187
1342259283719806981,negative,0.04545836054733744
1342259283765899265,negative,0.00023494857228524975
1342259284315402241,negative,2.890494736117255e-05
1342259293018595329,negative,9.461597439831434e-06
1342259310894657536,negative,0.02972828285908327
1342259328900878336,negative,0.00023494857228524975
1342259334651260929,negative,0.00023494857228524975
1342259334986784768,negative,0.16913426361747186
1342259335867588609,negative,0.0031087062616843558
1342259337809588224,negative,0.00023494857228524975
1342259340259045379,negative,2.059359385620606e-05
1342259341127274499,negative,9.461597439831434e-06
1342259350845485058,negative,0.09021421420968188
1342259361348014081,negative,0.00023494857228524975
1342259370315423744,negative,0.00023494857228524975
1342259371745693697,negative,0.015459977165809775
1342259372605452294,positive,0.692979767027182
1342259384441696256,negative,0.00023494857228524975
1342259385230307330,negative,5.001696173137159e-06
1342259386417356800,negative,5.001696173137159e-06
1342259401923637248,negative,0.16913426361747186
1342259401940459521,negative,5.001696173137159e-06
1342259402972295169,negative,0.015459977165809775
1342259405824339973,negative,0.00023494857228524975
1342259405933465600,positive,0.9493743679300689
1342259409049759750,negative,0.22640224850684643
1342259410064842753,negative,9.461597439831434e-06
1342259412505911296,negative,0.011342945219564816
1342259424707141635,negative,0.0014935511164214529
1342259427177607168,negative,0.0007930206175190774
1342259428859531269,negative,0.017783899215865557
1342259430897942543,negative,0.00017851715739332903
1342259436728037376,negative,8.811264060480685e-06
1342259438703566848,negative,5.001696173137159e-06
1342259441912176644,negative,0.00023494857228524975
1342259444277796867,negative,0.012223204085113936
1342259445338951680,negative,0.017783899215865557
1342259446546915329,negative,4.603236980076469e-09
1342259447771648001,negative,0.00023494857228524975
1342259451382915072,negative,0.004635358010819281
1342259454318948356,negative,0.00023494857228524975
1342259455870820358,negative,4.853713306706388e-07
1342259463286378497,negative,0.00023494857228524975
1342259465299623943,negative,0.00023494857228524975
1342259465953955840,negative,4.2104859701609864e-12
1342259466272702476,negative,0.0010337387159012048
1342259484996067329,negative,3.2353612828199015e-05
1342259485839138818,negative,0.11242387380123876
1342259495842545664,negative,0.05700834358387819
1342259501005619201,negative,0.00023494857228524975
1342259513559285761,neutral,0.4621165741370409
1342259519267753985,negative,0.00023494857228524975
1342259521532665859,negative,0.00023494857228524975
1342259522598002688,negative,0.00023494857228524975
1342259522694471706,negative,0.16913426361747186
1342259531171192833,negative,0.16913426361747186
1342259544492269573,negative,7.585200635616714e-05
1342259545305997313,negative,0.16913426361747186
1342259546690121729,negative,0.003662271747032388
1342259555649150976,negative,0.085104710403563
1342259557171658754,negative,0.00023494857228524975
1342259561110138880,negative,2.191902662779912e-07
1342259576956211201,negative,0.07107058159338464
1342259582752727041,negative,5.001696173137159e-06
1342259583553851396,negative,7.598734062806911e-06
1342259584807948293,negative,0.16913426361747186
1342259585126719490,negative,0.16913426361747186
1342259585134907392,negative,0.00023494857228524975
1342259589773975553,negative,0.16913426361747186
1342259592361881600,negative,0.16913426361747186
1342259598129037312,negative,5.001696173137159e-06
1342259606811271171,negative,0.16913426361747186
1342259609747263490,negative,5.001696173137159e-06
1342259610107981825,negative,0.00023494857228524975
1342259613211762689,negative,5.001696173137159e-06
1342259614323245057,negative,0.007857626436365481
1342259622418251776,negative,0.008343603707640842
1342259624343449603,negative,0.00023494857228524975
1342259627631718400,negative,0.00023494857228524975
1342259629112352768,neutral,0.43511836201260606
1342259638067146753,negative,0.10404495241321535
1342259638247559168,negative,0.00023494857228524975
1342259646548107264,negative,0.16913426361747186
1342259650385883142,negative,0.000368692698056956
1342259651782438919,negative,5.001696173137159e-06
1342259652982157313,negative,5.001696173137159e-06
1342259655536484368,negative,0.0015744705178468534
1342259656081743872,negative,0.07107058159338464
1342259657621065731,negative,0.00023494857228524975
1342259657822396417,negative,5.001696173137159e-06
1342259669050515460,negative,0.002473324078322957
1342259672217243660,negative,0.16913426361747186
1342259681490841610,negative,0.16913426361747186
1342259682099003396,negative,0.16913426361747186
1342259683143409664,negative,5.001696173137159e-06
1342259689678106624,positive,0.9843146739137103
1342259695051026432,negative,0.00023494857228524975
1342259697966055424,negative,0.16913426361747186
1342259700172279810,negative,0.16913426361747186
1342259700398743556,negative,5.001696173137159e-06
1342259701132701701,negative,0.16913426361747186
1342259703011799040,negative,5.001696173137159e-06
1342259703108296710,negative,4.7101692504540547e-07
1342259707470180352,negative,3.2353612828199015e-05
1342259711752728581,negative,0.00023494857228524975
1342259712335753216,negative,0.16913426361747186
1342259714873307136,negative,0.0366034821257239
1342260300448456710,negative,3.2353612828199015e-05
1342260302260416512,negative,1.4050258264275528e-05
1342260304017846272,negative,5.001696173137159e-06
1342260313127874560,negative,1.7566706907651339e-09
1342260320165896192,negative,0.0015744705178468534
1342260329783255040,negative,0.3051193069342575
1342260333273112578,negative,0.0031109032766952487
1342260339086413824,negative,0.16913426361747186
1342260347193991170,negative,0.15707686940177643
1342260347495964672,negative,5.001696173137159e-06
1342260349916094464,negative,0.10256305032370565
1342260350973071361,negative,0.0017044924975365184
1342260352285814784,negative,5.001696173137159e-06
1342260359474896896,negative,0.054233106204238796
1342260361756491776,negative,5.852004684603842e-06
1342260366601039875,negative,9.951774216918191e-05
1342260368090013699,negative,0.0015744705178468534
1342260373802659840,negative,5.001696173137159e-06
1342260375820132352,negative,5.001696173137159e-06
1342260385903210498,negative,5.001696173137159e-06
1342260386633027586,negative,0.00023494857228524975
1342260388788891649,negative,0.00032032302856294055
1342260390680547328,negative,5.001696173137159e-06
1342260394585370624,negative,0.00023494857228524975
1342260395965341697,negative,0.00023494857228524975
1342260396632272896,negative,0.16913426361747186
1342260401766076421,negative,0.00023494857228524975
1342260411698176000,negative,0.05583299329353172
1342260416379047942,negative,3.907884858232396e-07
1342260429402370048,negative,0.16913426361747186
1342260432925564929,negative,9.461597439831434e-06
1342260434787823617,negative,0.00023494857228524975
1342260444971597826,negative,0.05583299329353172
1342260445084864513,negative,0.00023494857228524975
1342260448767434752,negative,0.16913426361747186
1342260453674774536,negative,5.001696173137159e-06
1342260455557922817,negative,0.00037489272056087484
1342260455826448389,negative,0.18016715323309396
1342260460419231745,negative,0.0006600713378500847
1342260462793224192,negative,0.0031109032766952487
1342260462935801864,negative,0.16913426361747186
1342260463686574082,negative,5.001696173137159e-06
1342260470791753729,negative,0.00023494857228524975
1342260472448507905,negative,1.110564268742287e-06
1342260479385866240,positive,0.9205393517642273
1342260482250518528,positive,0.9205393517642273
1342260486012887040,negative,5.001696173137159e-06
1342260487212380160,negative,0.0001636144848850383
1342260488281972736,negative,0.05583299329353172
1342260492585332737,negative,9.461597439831434e-06
1342260493369663492,negative,0.00023494857228524975
1342260494271459329,negative,0.00023494857228524975
1342260494611185672,negative,5.001696173137159e-06
1342260494976086017,negative,3.2054457667110973e-06
1342260495496179713,negative,0.06700092885808198
1342260496515391489,negative,0.00023494857228524975
1342260497131962369,negative,0.06149681658520596
1342260500835536898,negative,0.00036890419695577876
1342260509345796098,negative,0.27604890548519256
1342260512348725248,negative,0.00023494857228524975
1342260515603623936,negative,0.16913426361747186
1342260518287917058,neutral,0.4906160081076306
1342260520271966213,negative,0.00023494857228524975
1342260522297778186,negative,5.001696173137159e-06
1342260522419441670,negative,9.461597439831434e-06
1342260524478844935,negative,5.001696173137159e-06
1342260526953316353,negative,5.001696173137159e-06
1342260527586750470,negative,0.10404495241321535
1342260530086637568,negative,0.00023494857228524975
1342260537653137413,negative,5.001696173137159e-06
1342260541130158081,negative,0.00023494857228524975
1342260541495062530,negative,5.001696173137159e-06
1342260542304645120,negative,5.001696173137159e-06
1342260545983021060,negative,0.008890624426837515
1342260546108846081,negative,9.461597439831434e-06
1342260547648180226,negative,0.10404495241321535
1342260561195618305,negative,5.001696173137159e-06
1342260561355137024,negative,0.00023494857228524975
1342260562051403777,negative,5.001696173137159e-06
1342260565792747521,negative,0.00023494857228524975
1342260567583633412,negative,7.910793108662399e-13
1342260569404018689,negative,0.16913426361747186
1342260579822657536,negative,0.00023494857228524975
1342260580044955650,negative,0.00023494857228524975
1342260590681710597,negative,0.00023494857228524975
1342260594188185603,negative,0.017783899215865557
1342260598474731527,negative,5.001696173137159e-06
1342260607874166786,negative,0.00023494857228524975
1342260607995805699,negative,4.262512877511961e-17
1342260613104496640,negative,5.001696173137159e-06
1342260616522833920,negative,0.00023494857228524975
1342260622235320320,negative,0.00023494857228524975
1342260625322340352,negative,0.00023494857228524975
1342260627612565504,negative,0.0010337387159012048
1342260629038620678,negative,6.996898155615622e-05
1342260630993182722,negative,3.493873312772601e-12
1342260634017259521,negative,5.001696173137159e-06
1342260637431377920,negative,5.001696173137159e-06
1342260639423717376,negative,5.001696173137159e-06
1342260646528888832,negative,0.14083986708049667
1342260660160360448,negative,5.001696173137159e-06
1342260663448711169,negative,0.16913426361747186
1342260667647188993,negative,0.16913426361747186
1342260669207482372,negative,0.16913426361747186
1342260675280822272,negative,5.001696173137159e-06
1342260676996186112,negative,1.6115071975354962e-06
1342260677948399617,neutral,0.4985928500860049
1342260686852939872,negative,0.16913426361747186
1342260688463548417,negative,0.0004139697883109727
1342260691164667904,negative,0.0015744705178468534
1342260694528495616,negative,0.00023494857228524975
1342260706209640453,negative,0.16913426361747186
1342260707828633600,negative,0.05583299329353172
1342260711712546817,negative,3.1456003147259e-08
1342260712631115779,negative,0.00023494857228524975
1342260713050546177,negative,0.10404495241321535
1342260717651689474,negative,5.001696173137159e-06
1342260718796738562,negative,0.00435616369153887
1342260719794987008,negative,5.001696173137159e-06
1342260729626427392,negative,0.0001550960558224184
1342260735490011136,negative,1.4035414790231806e-10
1342260737364938752,negative,5.001696173137159e-06
1342260740925874183,negative,5.001696173137159e-06
1342260742029012992,negative,0.00023494857228524975
1342260743056596994,negative,0.16913426361747186
1342260750941827072,negative,5.001696173137159e-06
1342260752334401536,negative,0.16913426361747186
1342260760748167171,negative,9.461597439831434e-06
1342260767001755650,negative,2.976910228371529e-12
1342260767459045376,negative,4.136777818204304e-06
1342260773662429185,negative,0.0030620440337577252
1342260774476115968,negative,0.05583299329353172
1342260777198247937,negative,0.16913426361747186
1342260789026189313,negative,5.001696173137159e-06
1342260793312686090,negative,0.16913426361747186
1342260795858685958,negative,0.16913426361747186
1342260797502869505,negative,0.16913426361747186
1342260800245915650,negative,0.0031001518795310146
1342260808387059712,negative,5.001696173137159e-06
1342260808865247234,negative,0.00023494857228524975
1342260816121360386,negative,0.00023494857228524975
1342260818059137025,negative,0.00023494857228524975
1342260825558552577,negative,0.08026736630111539
1342260826137354240,negative,3.1456003147259e-08
1342260836274995201,negative,0.0027681001923692736
1342260841282998272,negative,0.00023494857228524975
1342260852213370881,negative,0.16913426361747186
1342260858135699456,negative,9.461597439831434e-06
1342260858777444352,negative,3.1049030804251484e-05
1342260866230743043,negative,0.16913426361747186
1342260869137375232,negative,0.16913426361747186
1342260871607668737,negative,0.00023494857228524975
1342260872606052354,neutral,0.3850748772223694
1342260878251614214,negative,0.00023494857228524975
1342260884467548167,negative,9.461597439831434e-06
1342260893028147201,negative,4.441962469996047e-05
1342260894693126150,negative,0.00023494857228524975
1342260897339863043,negative,0.00043004594666120027
1342260900737257473,negative,0.16913426361747186
1342260901429317632,negative,2.143808408346335e-07
1342260905275490305,negative,0.00023494857228524975
1342260916872744968,negative,0.001653399589940495
1342260934232911875,negative,0.02555507723718865
1342260940629307400,neutral,0.33628177232378936
1342260946274816007,negative,9.461597439831434e-06
1342260953551876097,negative,0.16913426361747186
1342260956546686978,negative,5.001696173137159e-06
1342260956630540288,negative,0.009833876069072711
1342260958039830530,negative,5.001696173137159e-06
1342260969398009863,negative,9.461597439831434e-06
1342260969427374089,negative,0.00023494857228524975
1342260977945997313,negative,0.16913426361747186
1342260997164302336,negative,0.00023494857228524975
1342261001715126281,negative,2.4930306353610617e-06
1342261011945050113,negative,0.0015744705178468534
1342261020610371584,negative,2.2672724248394177e-05
1342261021541543942,negative,0.002337836347100106
1342261022191710208,negative,0.16913426361747186
1342261030064447488,negative,0.2682134439141284
1342261031524044803,negative,4.687046758321636e-07
1342261032631365636,negative,0.00023494857228524975
1342261036645281792,neutral,0.43511836201260606
1342261050352283648,negative,5.205424792868235e-06
1342261050683650051,neutral,0.473415540487803
1342261061592952833,negative,0.0015744705178468534
1342261067909627905,negative,4.649398243745082e-06
1342261069012676608,negative,0.0031109032766952487
1342261070602391553,negative,9.315249191000997e-07
1342261076575059971,negative,8.497599815451121e-05
1342261085869645824,negative,0.017783899215865557
1342261089434808321,negative,0.00023494857228524975
1342261090630119424,negative,0.16913426361747186
1342261096611246084,negative,0.00023494857228524975
1342261099865976832,neutral,0.5060349406348267
1342261102957252608,negative,0.16913426361747186
1342261103934529545,negative,1.00131922226037e-06
1342261119239544834,negative,0.00017851715739332903
1342261119579267072,negative,0.00023494857228524975
1342261121215066113,negative,0.00023494857228524975
1342261126839627778,negative,4.93834468838452e-07
1342261139481260035,negative,0.16913426361747186
1342261145898508288,negative,9.461597439831434e-06
1342261148213719040,negative,1.1714561213453898e-05
1342261152617820161,negative,4.93834468838452e-07
1342261160071016448,negative,3.573414708935298e-05
1342261161409081345,negative,0.0010337387159012048
1342261162390523906,negative,0.16913426361747186
1342261164970037248,negative,1.1017689527488491e-10
1342261182565146624,negative,0.06202353724416525
1342261185333354498,negative,0.06947266594783542
1342261191243083778,positive,0.7851372276264073
1342261193881358337,negative,4.0520668275430156e-08
1342261200743264257,negative,0.00023494857228524975
1342261202894942208,negative,0.16913426361747186
1342261203809275905,negative,0.0031815965667670435
1342261206141308928,negative,0.00012457721426084272
1342261212348903426,negative,8.429709342839436e-07
1342261217948217344,negative,0.00023494857228524975
1342261218766188546,negative,0.00023494857228524975
1342261227557416961,negative,0.0007160159220589214
1342261236902326272,negative,0.00023494857228524975
1342261240534626304,negative,0.00023494857228524975
1342261240786259968,negative,0.0011089558426229272
1342261241599946752,negative,0.16913426361747186
1342261246171746309,negative,0.16913426361747186
1342261257462812678,negative,0.003955433107858915
1342261261548085248,negative,0.00023494857228524975
1342261265541029888,negative,0.017783899215865557
1342261265985642496,negative,0.0878767555067759
1342261277989732352,neutral,0.4498674622568062
1342261285078130689,negative,5.001696173137159e-06
1342261286604779526,negative,0.00023494857228524975
1342261288358047750,negative,0.00023494857228524975
1342261289486315520,negative,0.16913426361747186
1342261313238687744,negative,0.012011136480746728
1342261341449555973,negative,9.461597439831434e-06
1342261348764409856,negative,2.252231480951094e-06
1342261362823725060,negative,3.1456003147259e-08
1342261364258168834,negative,0.16913426361747186
1342261373829586946,negative,0.00023494857228524975
1342261383317041153,negative,0.00023494857228524975
1342261390715875328,negative,6.582778110427832e-05
1342261414472409091,negative,9.461597439831434e-06
1342261419480387584,negative,0.00023494857228524975
1342261428766568448,negative,0.16913426361747186
1342261431681613828,negative,0.00023494857228524975
1342261444512002048,negative,0.03108477063025463
1342261445602504704,negative,0.00023494857228524975
1342261451797487620,negative,0.16913426361747186
1342261453886259202,negative,0.006850119868490006
1342261459187806210,negative,0.16913426361747186
1342261463738707970,negative,0.0014409354059846287
1342261464686538758,negative,0.001681367834157493
1342261472265711617,negative,3.2353612828199015e-05
1342261475822493698,negative,0.006884354155694812
1342261478729150464,negative,5.001696173137159e-06
1342261483179290625,neutral,0.35577882942806094
1342261487524585472,negative,0.00023494857228524975
1342261488170508290,negative,5.001696173137159e-06
1342261488501751809,negative,0.0016498128095497446
1342261489433014278,negative,0.08858920092555352
1342261489772736512,negative,5.001696173137159e-06
1342261491244933121,negative,9.461597439831434e-06
1342261499390287877,negative,4.0520668275430156e-08
1342261504746381312,negative,0.06149681658520596
1342261506596098050,negative,0.16913426361747186
1342261512078057475,negative,0.00023494857228524975
1342261514749796354,negative,0.00023494857228524975
1342261516536578055,negative,0.16913426361747186
1342261516880519171,negative,0.00023494857228524975
1342261522198900736,negative,0.0009069382134912801
1342261522215690240,negative,0.0031109032766952487
1342261527919923200,negative,3.481070179694908e-05
1342261528796520449,negative,2.2672724248394177e-05
1342261532588204033,negative,0.00023494857228524975
1342261534228164609,negative,0.00023494857228524975
1342261535444447232,negative,0.008890624426837515
1342261541438169095,negative,0.00023494857228524975
1342261543279464449,negative,0.00023494857228524975
1342261546488123398,negative,1.3342879831477153e-05
1342261558903189504,negative,0.00012457721426084272
1342261560727789568,negative,0.00023494857228524975
1342261576380936193,negative,0.16913426361747186
1342261582718521344,negative,0.16913426361747186
1342261584568209409,negative,0.16913426361747186
1342261590662508544,negative,0.00025310267233034787
1342261591430094851,negative,2.0420639841600144e-13
1342261600200216576,negative,0.00023494857228524975
1342261606164652037,negative,0.00023494857228524975
1342261619729059840,negative,0.16913426361747186
1342261621939437570,negative,0.00023494857228524975
1342261622228840449,negative,0.16913426361747186
1342261626209185793,negative,0.16913426361747186
1342261635893833731,negative,0.00023494857228524975
1342261644467040257,negative,0.002937559634250477
1342261656076902400,negative,0.00023494857228524975
1342261659319070720,negative,5.001696173137159e-06
1342261660296343554,negative,6.801205823035824e-05
1342261666101288961,negative,9.677260222282372e-06
1342261669108576257,negative,0.012506859995685434
1342261671310581760,negative,0.00023494857228524975
1342261682538733573,negative,0.00013433632611911767
1342261682597474306,negative,0.00023494857228524975
1342261688368844801,negative,1.4566483662394353e-06
1342261698942664705,negative,0.0003306252210336475
1342261701945794562,negative,0.16913426361747186
1342261712234360832,negative,0.05583299329353172
1342261712536428545,negative,5.343806843918839e-10
1342261719993876481,negative,0.13490277165141118
1342261721692577793,negative,0.00023494857228524975
1342261726788648963,negative,0.06072823857370447
1342261732090269699,negative,0.16913426361747186
1342261740608872453,negative,0.00023494857228524975
1342261749840572416,negative,0.00023494857228524975
1342261749907673090,negative,0.00013364106158778228
1342261752592011265,negative,0.030604407805012737
1342261755481878529,negative,0.02369072997752292
1342261758375964672,negative,0.017783899215865557
1342261760917712896,negative,0.001355923052724445
1342261772028407813,negative,0.003977159692632314
1342261783340396544,negative,9.461597439831434e-06
1342261797852688384,negative,0.00023494857228524975
1342261801707311108,negative,0.0015744705178468534
1342261819067555847,negative,9.461597439831434e-06
1342261821944819712,neutral,0.3850748772223694
1342261823291195400,negative,0.03382534784289673
1342261828034899970,negative,0.037510550763642646
1342261831356837897,negative,5.3419291364691215e-05
1342261834800357378,negative,0.16913426361747186
1342261835622395904,negative,0.00023494857228524975
1342261838709460994,negative,0.16913426361747186
1342261843516133376,negative,0.00023494857228524975
1342261865473323009,negative,0.00023494857228524975
1342261867591446534,negative,0.16913426361747186
1342261884309938176,negative,0.001035575885678228
1342261887560536065,negative,5.001696173137159e-06
1342261892966920194,negative,5.001696173137159e-06
1342261908284567553,negative,5.001696173137159e-06
1342261917553979392,negative,0.0015744705178468534
1342261923870601219,negative,0.019081414817119197
1342261928329158656,negative,5.0990703163664425e-05
1342261929579061251,negative,0.00023494857228524975
1342261935069409284,neutral,0.4191805729120662
1342261935329435650,negative,0.00023494857228524975
1342261954795208704,negative,0.004484931873829825
1342261956674084865,negative,0.00017851715739332903
1342261964026875904,negative,0.00013433632611911767
1342261974781087746,negative,0.00023494857228524975
1342261991734456320,negative,0.0030103143843018777
1342261997342232580,negative,1.851631450757822e-08
1342262002362834944,negative,0.0030103143843018777
1342262009090502656,negative,0.10256305032370565
1342262013318336512,negative,0.00023494857228524975
1342262017697214465,negative,0.00011420354858763993
1342262028145106944,negative,1.6291274744294003e-07
1342262030657609728,negative,0.0002708300943984461
1342262035430715395,negative,9.461597439831434e-06
1342262041990541313,negative,0.000327825907790307
1342262051780104192,negative,0.00013209676946775942
1342262054967635968,negative,4.3859334648836434e-07
1342262062416850945,negative,0.0015744705178468534
1342262062987280386,negative,0.21616268550767692
1342262065050787840,negative,0.00023494857228524975
1342262067911405571,negative,0.2905012187500308
1342262073242349575,negative,1.9832242117685486e-09
1342262079185567744,negative,6.42301910156857e-05
1342262081790341120,negative,0.000561836864240722
1342262088723533826,negative,0.00023494857228524975
1342262089541365762,negative,4.868177817947582e-09
1342262093878321152,negative,0.008890624426837515
1342262098697588739,negative,0.16913426361747186
1342262099997843457,negative,9.461597439831434e-06
1342262103378448385,negative,0.07107058159338464
1342262103864967168,negative,5.001696173137159e-06
1342262121619464199,negative,0.20423017192765192
1342262122395430914,negative,0.16913426361747186
1342262126975467521,negative,0.0015744705178468534
1342262127936081921,negative,0.00023494857228524975
1342262134714097664,negative,9.461597439831434e-06
1342262141471125511,negative,0.16402271215133607
1342262155043856386,negative,0.00023494857228524975
1342262158017654786,negative,0.013736704827678609
1342262162115473413,negative,0.006626078095944464
1342262165974228994,negative,0.002337836347100106
1342262168956395521,negative,0.008890624426837515
1342262173578518530,negative,7.172592880477708e-09
1342262179647598595,negative,0.00023494857228524975
1342262189315530753,negative,0.00013433632611911767
1342262191274258433,negative,5.137117116246059e-13
1342262193933471745,negative,0.00023494857228524975
1342262196663947264,negative,0.017783899215865557
1342262197888684034,positive,0.721882024330111
1342262210131849217,negative,0.16913426361747186
1342262215265689608,positive,0.9493743679300689
1342262223608160258,negative,1.4734428915100847e-09
1342262225415888899,negative,0.0010337387159012048
1342262228318359553,negative,0.00023494857228524975
1342262230000267264,negative,0.0005143908328299874
1342262232273584133,negative,0.00023494857228524975
1342262232697237506,negative,0.013306016694614916
1342262233825423360,neutral,0.3796225157423555
1342262258873856005,negative,0.026907708495767894
1342262260530618371,negative,0.16913426361747186
1342262260933271553,negative,8.449625733697589e-15
1342262262636179458,negative,0.16913426361747186
1342262269875527680,negative,0.16913426361747186
1342262278104772617,negative,0.16913426361747186
1342262283137933315,negative,0.16913426361747186
1342262289928396801,neutral,0.4159282582306856
1342262291459436544,negative,0.0366034821257239
1342262294672236545,negative,0.00023494857228524975
1342262297947987980,neutral,0.3850748772223694
1342262304033923074,negative,9.461597439831434e-06
1342262324292415490,negative,0.00023494857228524975
1342262335189245953,negative,0.16913426361747186
1342262347889602560,negative,0.16913426361747186
1342262349554737164,negative,0.0015744705178468534
1342262352813690881,positive,0.7851372276264073
1342262357041545216,negative,5.61294813608742e-11
1342262364494823425,negative,2.8463852042295915e-10
1342262385952903168,negative,0.010674955228831433
1342262387978739713,negative,0.00025197609518379856
1342262391694888967,negative,0.00023494857228524975
1342262396925202438,negative,0.0014146148086620221
1342262397931806722,negative,9.461597439831434e-06
1342262398670032909,negative,0.00020312286808267
1342262401673138176,negative,0.00013433632611911767
1342262404680441863,negative,0.00025197609518379856
1342262405527728130,negative,2.678413688242931e-14
1342262417007456258,negative,0.16913426361747186
1342262424121073664,negative,0.00023494857228524975
1342262427719770112,negative,2.0531742119853708e-11
1342262428395048961,negative,9.461597439831434e-06
1342262429133234176,negative,5.001696173137159e-06
1342262438612389890,negative,0.0015744705178468534
1342262441644871681,negative,4.37139752027107e-05
1342262446124396545,negative,5.001696173137159e-06
1342262447751786497,negative,9.461597439831434e-06
1342262447831306240,negative,5.001696173137159e-06
1342262450947809281,negative,0.027835610118349854
1342262461672505344,negative,0.00023494857228524975
1342262463950151681,positive,0.9872918609351448
1342262465820811269,negative,0.0014231931526037561
1342262468215787522,negative,1.5399996347690945e-06
1342262470182920194,negative,0.16913426361747186
1342262482644119554,negative,0.16913426361747186
1342262486918193152,neutral,0.3845709177442849
1342262500507713539,negative,0.00025197609518379856
1342262502005026818,negative,0.00023494857228524975
1342262506631344134,negative,0.00023494857228524975
1342262514634133505,negative,0.0012053362641188847
1342262517028978688,negative,2.0124532594393896e-07
1342262517922463755,negative,9.461597439831434e-06
1342262528546656256,negative,0.0015744705178468534
1342262530387939328,negative,0.00026354520460830145
1342262531612672003,negative,0.2998110215197961
1342262539372036096,negative,0.00017851715739332903
1342262540592672769,negative,0.02428482943864485
1342262547915956224,negative,2.0468107954000947e-05
1342262548607848450,neutral,0.49789225920557484
1342262548943536134,negative,0.00023494857228524975
1342262554907848704,negative,0.16913426361747186
1342262556912726019,negative,9.220521109344325e-05
1342262572138029057,negative,0.00012457721426084272
1342262573144694787,negative,0.00023494857228524975
1342262584007946241,negative,0.1850388065624067
1342262585484214272,neutral,0.442878047314665
1342262595026366466,negative,0.00023494857228524975
1342262602941005824,negative,5.101366013475223e-13
1342262609505120261,negative,0.00023494857228524975
1342262609660227586,negative,0.16913426361747186
1342262612864741377,negative,0.00023494857228524975
1342262613066067968,negative,0.16913426361747186
1342262615221919744,negative,0.00023494857228524975
1342262627586748421,negative,0.0012053362641188847
1342262629239316481,neutral,0.33623359787652535
1342262631537790976,negative,0.0015744705178468534
1342262636046594048,negative,5.001696173137159e-06
1342262644833734657,negative,0.0004670138806280982
1342262647815864320,negative,0.15855302762502246
1342262650185670657,negative,0.11665119365406365
1342262653813731328,neutral,0.442878047314665
1342262658343399427,negative,0.16913426361747186
1342262659798986752,negative,0.00023494857228524975
1342262659866046469,negative,0.0017123290379531455
1342262663779377153,negative,0.0015744705178468534
1342262667596230658,negative,0.00023494857228524975
1342262669022273539,negative,0.01950185906890599
1342262669592682496,negative,0.00023494857228524975
1342262672021139458,negative,0.00023494857228524975
1342262678966960128,negative,0.16913426361747186
1342262681240297473,negative,0.0015744705178468534
1342262685510021120,negative,0.0022890683956091093
1342262696205545472,negative,0.00017851715739332903
1342262702283100160,negative,0.00023494857228524975
1342262717911072768,negative,0.14532296771590952
1342262723187515392,negative,4.169420229548387e-07
1342262729575432193,negative,0.2554711848595342
1342262744922419201,negative,0.0024571686311396328
1342262747313164292,negative,0.16913426361747186
1342262759401140227,negative,0.17151458008475004
1342262763138244608,negative,0.017783899215865557
1342262764199424001,negative,2.5973243160809098e-05
1342262772600606726,negative,9.461597439831434e-06
1342262789465755648,negative,0.13919994064470262
1342262791751823360,negative,5.001696173137159e-06
1342262798131343362,negative,5.001696173137159e-06
1342262800488538114,negative,5.001696173137159e-06
1342262802535346178,negative,0.0015744705178468534
1342262804330508293,negative,2.2275285061060296e-08
1342262807870513155,negative,0.00048221228709368973
1342262810018009089,negative,0.10404495241321535
1342262810378706948,neutral,0.33623359787652535
1342262811611824128,negative,0.0028459159580357793
1342262813079859202,neutral,0.442878047314665
1342262813247623169,negative,0.3220081890106894
1342262813755138049,negative,0.16913426361747186
1342262815407677443,negative,0.0002894112651482212
1342262817534189568,negative,0.16913426361747186
1342262818163318784,negative,5.001696173137159e-06
1342262824173772800,negative,9.461597439831434e-06
1342262838212104193,negative,0.00023494857228524975
1342262841504641026,negative,0.00023494857228524975
1342262846437126144,negative,9.461597439831434e-06
1342262849511575553,negative,5.001696173137159e-06
1342262859309457409,negative,1.154324728341164e-06
1342262863008817155,negative,0.017783899215865557
1342262863101104132,negative,3.8052480214033964e-05
1342262871519088641,negative,0.16913426361747186
1342262880146653184,negative,7.694963831767031e-05
1342262888346640384,negative,0.0014351481899579513
1342262892519948290,negative,0.00023494857228524975
1342262896559091713,negative,0.16913426361747186
1342262905849446400,negative,0.00023494857228524975
1342262913936056320,negative,0.00010094031589899364
1342262920458215425,negative,9.461597439831434e-06
1342262920810528772,negative,0.16913426361747186
1342262923889160192,negative,0.11725352103250405
1342262929933160450,negative,0.16913426361747186
1342262932995006467,negative,0.07107058159338464
1342262937591951363,negative,0.00023494857228524975
1342262943627538433,neutral,0.43511836201260606
1342262960610291724,negative,0.0003738369408804446
1342262962862641153,negative,0.16913426361747186
1342262969728643072,negative,0.00023494857228524975
1342262970697584640,negative,2.267883000971781e-07
1342262972371120128,negative,0.017783899215865557
1342262976011792391,neutral,0.3850748772223694
1342262977957928960,negative,0.0878767555067759
1342262978230571008,neutral,0.3723863205412268
1342262978360602626,negative,0.015459977165809775
1342262981527302144,negative,5.001696173137159e-06
1342262982273851393,negative,0.04391074642873947
1342262983540535300,neutral,0.4548082099363403
1342262994978418688,negative,5.001696173137159e-06
1342263005787131909,negative,0.00023494857228524975
1342263014305705984,negative,5.001696173137159e-06
1342263015631167488,negative,0.00023494857228524975
1342263015803150338,negative,0.16913426361747186
1342263023776526337,negative,0.00023494857228524975
1342263025731035137,negative,0.0010650007554582196
1342263025995280386,negative,5.001696173137159e-06
1342263027605901314,negative,1.4801341166621317e-05
1342263030927781888,negative,0.18016715323309396
1342263035017261056,negative,5.001696173137159e-06
1342263040377552898,negative,5.001696173137159e-06
1342263044005650439,negative,0.006138816266047539
1342263048933933056,negative,0.00023494857228524975
1342263051421179911,negative,0.0022890683956091093
1342263062611562497,negative,9.461597439831434e-06
1342263069616041985,negative,0.00023494857228524975
1342263071931326470,negative,0.16913426361747186
1342263082077270019,negative,9.461597439831434e-06
1342263090591760386,negative,0.16913426361747186
1342263091959099392,negative,3.153883066344467e-06
1342263102302285828,negative,0.16913426361747186
1342263104181325829,negative,0.16913426361747186
1342263118957842435,negative,0.16913426361747186
1342263130055974918,neutral,0.3850748772223694
1342263137664425984,negative,0.0015744705178468534
1342263140453650433,negative,1.0569648036210106e-08
1342263147349078016,negative,3.084607676349558e-08
1342263154840133633,negative,0.16913426361747186
1342263154970152960,negative,0.00017408703891795855
1342263166202482688,negative,0.00023494857228524975
1342263178554707971,negative,0.034906185525920334
1342263180655996928,negative,0.18531772154844242
1342263181511696385,neutral,0.33623359787652535
1342263183969574915,negative,9.461597439831434e-06
1342263187698315266,negative,0.012011136480746728
1342263197114511360,negative,5.001696173137159e-06
1342263199366840320,negative,2.2482615789299705e-05
1342263204773306375,negative,0.00023494857228524975
1342263220053139456,negative,1.4395033685757002e-09
1342263220833308672,negative,5.001696173137159e-06
1342263227246379009,negative,0.16913426361747186
1342263229603405824,negative,0.002337836347100106
1342263231314800642,negative,1.0591749068885479e-16
1342263231541370883,negative,0.16913426361747186
1342263233726582787,negative,0.00023494857228524975
1342263239548293120,negative,1.0436773162423942e-05
1342263250688335874,negative,0.00023494857228524975
1342263259072782341,negative,9.461597439831434e-06
1342263262046531585,negative,0.00017851715739332903
1342263277649326084,negative,0.16913426361747186
1342263289666039808,negative,0.00010342944731796175
1342263298981556224,negative,4.603236980076469e-09
1342263308141867012,negative,6.05365557455726e-09
1342263310784339969,negative,0.054233106204238796
1342263321811152896,negative,0.00826091993915632
1342263327188082688,negative,0.00017851715739332903
1342263327708352513,negative,2.1499000046641781e-07
1342263330677862414,negative,0.00277491149156487
1342263331059609601,negative,0.16913426361747186
1342263345123045382,negative,0.008336561682691788
1342263346012303367,negative,0.00023494857228524975
1342263350965772292,negative,0.00012457721426084272
1342263353801109509,negative,4.007252700339179e-05
1342263355592081409,negative,0.16913426361747186
1342263358754586624,negative,1.8308975614572306e-05
1342263360004517900,negative,5.001696173137159e-06
1342263364307849217,negative,0.16913426361747186
1342263373728272387,negative,0.0004670138806280982
1342263375175278593,negative,7.694963831767031e-05
1342263375858966529,negative,0.0008756805284877592
1342263376106426379,negative,5.001696173137159e-06
1342263385841426433,negative,0.0008680612016300018
1342263387150045184,negative,2.059359385620606e-05
1342263388110520327,negative,0.00023494857228524975
1342263388253073414,negative,5.001696173137159e-06
1342263393982570496,negative,0.0188856715896639
1342263395815448576,negative,5.001696173137159e-06
1342263396755005442,negative,5.001696173137159e-06
1342263400060088320,negative,0.16913426361747186
1342263400907350017,negative,0.16913426361747186
1342263420087906304,neutral,0.4525299360032805
1342263424722595842,negative,0.16913426361747186
1342263430032596993,negative,0.020498395799769722
1342263438538665985,negative,0.00023494857228524975
1342263439197089792,negative,0.00023494857228524975
1342263443991252998,negative,0.16913426361747186
1342263446503616515,negative,0.00023494857228524975
1342263446616875008,negative,1.622637400149296e-12
1342263447573164033,negative,0.16913426361747186
1342263450190426113,negative,0.00023494857228524975
1342263450467237894,negative,0.00023494857228524975
1342263456116973571,negative,0.16913426361747186
1342263460177047552,negative,0.00023494857228524975
1342263467701637121,negative,0.0017009158471100825
1342263486265630724,negative,0.16402271215133607
1342263492519333888,negative,0.03331999389422347
1342263494461317125,negative,3.4212871380526183e-05
1342263500379459584,negative,0.00023494857228524975
1342263500748566529,negative,0.0002441869878541845
1342263854852673536,negative,0.0010388384586061433
1342263856677183496,negative,0.05583299329353172
1342263857855811585,negative,0.14132013971068658
1342263872091267073,negative,0.00023494857228524975
1342263873882173441,negative,4.5002123289073615e-08
1342263880735727616,negative,4.5002123289073615e-08
1342263885546577926,negative,9.461597439831434e-06
1342263891565359106,negative,0.02398507740402326
1342263902961246208,negative,0.005052684926758375
1342263906627170306,negative,0.16913426361747186
1342263913933631489,negative,5.001696173137159e-06
1342263916513124352,negative,0.16913426361747186
1342263917939142656,neutral,0.3850748772223694
1342263918249598978,negative,0.00023494857228524975
1342263922812997633,negative,0.030919413515444773
1342263932510216194,negative,0.16913426361747186
1342263932799606784,negative,3.9456746355080755e-07
1342263939590213632,negative,0.00023494857228524975
1342263941532180483,negative,5.001696173137159e-06
1342263941674782721,negative,0.0014053096700582662
1342263942840786945,negative,0.000821438776058322
1342263946473050114,negative,9.37893446674491e-07
1342263946770833408,negative,2.609835088071328e-10
1342263947286745088,negative,0.16913426361747186
1342263947806846977,negative,1.6199711748980516e-08
1342263951791431682,negative,0.16913426361747186
1342263954542907395,negative,0.000341134177598334
1342263956535177216,negative,5.001696173137159e-06
1342263960930832384,negative,2.366231910907933e-10
1342263961207635969,negative,0.00023494857228524975
1342263966748315649,negative,5.001696173137159e-06
1342263966920269828,negative,4.936855796926518e-07
1342263973719248897,negative,9.461597439831434e-06
1342263977859031040,negative,0.015459977165809775
1342263981378056197,negative,0.00023494857228524975
1342263992337768449,negative,0.0003207397667352342
1342263995584098309,neutral,0.442878047314665
1342264001540075521,negative,9.461597439831434e-06
1342264003096141827,negative,5.001696173137159e-06
1342264003616190465,negative,1.2304447290092168e-06
1342264006367707145,negative,1.1650465627136667e-09
1342264007047188488,negative,0.00023494857228524975
1342264013716074498,negative,0.3040313231543225
1342264016870268930,negative,5.001696173137159e-06
1342264018912890883,negative,3.614586094102496e-07
1342264021416882178,negative,5.001696173137159e-06
1342264026835910656,negative,0.00023494857228524975
1342264028148748289,negative,5.001696173137159e-06
1342264029104975883,negative,0.10404495241321535
1342264029482528768,negative,0.0022890683956091093
1342264037854294017,negative,5.001696173137159e-06
1342264047308316672,negative,0.0044101657968376685
1342264047341862913,negative,0.16913426361747186
1342264049996804098,negative,0.00023494857228524975
1342264052093956096,negative,5.001696173137159e-06
1342264052467326977,negative,5.001696173137159e-06
1342264055214596097,negative,5.001696173137159e-06
1342264057873788928,negative,9.461597439831434e-06
1342264060008685568,negative,0.00023494857228524975
1342264060721692676,negative,7.694963831767031e-05
1342264063624179712,negative,5.001696173137159e-06
1342264071211593729,negative,0.10404495241321535
1342264077452771328,negative,5.001696173137159e-06
1342264081663873025,negative,0.00023494857228524975
1342264085514219523,negative,0.00023494857228524975
1342264093965742080,negative,0.16913426361747186
1342264097937772545,negative,5.001696173137159e-06
1342264100420780037,negative,0.18016715323309396
1342264105051238400,negative,0.049138451706908844
1342264106632552449,negative,0.00023494857228524975
1342264113251151874,negative,0.16913426361747186
1342264121912401921,negative,1.4932632614602176e-05
1342264129499893760,negative,0.00023494857228524975
1342264132167495682,negative,0.16913426361747186
1342264134356893697,negative,0.00013433632611911767
1342264140115697664,negative,7.986462106190505e-05
1342264140530913282,negative,0.00040209015144366297
1342264141415907329,negative,0.18387656452495657
1342264141420130304,negative,5.001696173137159e-06
1342264151712919554,negative,0.00023494857228524975
1342264158658715648,negative,0.16913426361747186
1342264158692274178,negative,0.00023494857228524975
1342264160013471744,negative,5.001696173137159e-06
1342264160990744578,negative,0.05583299329353172
1342264176195072007,negative,0.16913426361747186
1342264187985260551,negative,0.017625528326711066
1342264188476022786,negative,0.058852503081111306
1342264191776923649,negative,0.00026309819246820703
1342264193618161664,negative,0.16913426361747186
1342264196369686528,negative,0.00023494857228524975
1342264197594443777,negative,0.21616268550767692
1342264198731075584,negative,0.008670175476337777
1342264200803086337,negative,1.4932632614602176e-05
1342264209866960897,negative,5.001696173137159e-06
1342264215181144065,neutral,0.442878047314665
1342264216124862465,negative,5.001696173137159e-06
1342264221296427010,negative,0.00023494857228524975
1342264223158706177,negative,0.0007399094958796518
1342264226430251009,negative,5.001696173137159e-06
1342264237821992961,negative,0.00020379130716467918
1342264237842976774,neutral,0.33623359787652535
1342264241399672833,negative,0.00023494857228524975
1342264244138491904,negative,0.00017851715739332903
1342264245535330305,negative,5.001696173137159e-06
1342264245812146177,negative,0.16913426361747186
1342264253571620865,negative,5.001696173137159e-06
1342264256247586816,negative,9.461597439831434e-06
1342264257539411970,negative,5.001696173137159e-06
1342264258193719297,negative,0.00017851715739332903
1342264258839670786,negative,0.00023494857228524975
1342264264501972997,negative,0.16913426361747186
1342264267500900352,negative,5.001696173137159e-06
1342264268641730565,negative,9.461597439831434e-06
1342264274291486721,negative,0.00023494857228524975
1342264290124902400,negative,0.16402271215133607
1342264296278020100,negative,5.001696173137159e-06
1342264299486638081,negative,0.0052176017102196
1342264300254203904,negative,5.001696173137159e-06
1342264302766600192,negative,0.1446413429273299
1342264314581938177,negative,5.001696173137159e-06
1342264318457479169,negative,5.001696173137159e-06
1342264321934565380,negative,0.16913426361747186
1342264326695084032,negative,0.00023494857228524975
1342264330457387008,negative,0.00023494857228524975
1342264332227383296,negative,0.16913426361747186
1342264342365007884,negative,5.001696173137159e-06
1342264345129062405,negative,5.973520455014053e-05
1342264349591801859,negative,0.0022890683956091093
1342264357208682496,negative,0.0012053362641188847
1342264357711998978,negative,6.900191987707461e-07
1342264368436834307,negative,8.20807056982662e-09
1342264373495140363,negative,0.014929630409111569
1342264375885910017,negative,5.001696173137159e-06
1342264380650627077,negative,0.0015744705178468534
1342264382164615170,negative,0.00023494857228524975
1342264382558851073,negative,0.16913426361747186
1342264386031857667,negative,0.10404495241321535
1342264398564483077,negative,0.16913426361747186
1342264411868819457,negative,4.017518866763955e-09
1342264412120481794,negative,0.00023494857228524975
1342264416298000384,negative,0.0014231931526037561
1342264418961338373,negative,0.008437421548927194
1342264419842207746,negative,0.16913426361747186
1342264421872250880,negative,0.00023494857228524975
1342264422656593923,negative,0.0015744705178468534
1342264424527224835,negative,0.16913426361747186
1342264426481790977,negative,3.5669054849356803e-07
1342264439115051013,negative,0.16913426361747186
1342264440054431747,negative,0.00023494857228524975
1342264441061179394,negative,0.00023494857228524975
1342264441866506242,negative,0.00023494857228524975
1342264445251309570,negative,0.0015744705178468534
1342264455946711044,negative,0.06680710332387417
1342264459646132224,negative,0.16913426361747186
1342264473034387456,negative,0.16913426361747186
1342264477975273473,negative,0.16913426361747186
1342264490046476289,negative,0.00023494857228524975
1342264490457493506,negative,0.004883982311626025
1342264497218711555,negative,9.461597439831434e-06
1342264507289186304,negative,0.006508293559337628
1342264510023929856,negative,0.0015744705178468534
1342264512016240640,negative,9.461597439831434e-06
1342264516621565954,negative,3.2353612828199015e-05
1342264522791387136,negative,1.912375452083194e-05
1342264524565524480,negative,0.00023494857228524975
1342264526721396736,negative,0.00023494857228524975
1342264526792744966,negative,2.059359385620606e-05
1342264539811897344,negative,0.16913426361747186
1342264568672874497,positive,0.6676391109493319
1342264575278907393,negative,0.13036126091691877
1342264581532614661,negative,9.461597439831434e-06
1342264585613680640,negative,0.11687463804886984
1342264595403198471,negative,0.0020477314630942493
1342264595533197312,negative,0.0027590654246698603
1342264608330014720,negative,0.05583299329353172
1342264610733379586,negative,9.461597439831434e-06
1342264611098288129,negative,0.00023494857228524975
1342264612436275202,negative,1.7634166864518865e-08
1342264616496357378,negative,0.012854900314174304
1342264617574260737,negative,0.001621183967537962
1342264618564116480,negative,5.001696173137159e-06
1342264622204780544,negative,5.001696173137159e-06
1342264631000236034,negative,9.461597439831434e-06
1342264631621005320,negative,0.16913426361747186
1342264632048836616,negative,0.00023494857228524975
1342264651581714432,negative,5.001696173137159e-06
1342264656514195456,negative,5.001696173137159e-06
1342264663321546757,neutral,0.3850748772223694
1342264663858409472,negative,0.0015744705178468534
1342264680547573765,negative,9.461597439831434e-06
1342264683110289410,negative,0.16913426361747186
1342264693075931138,negative,0.00023494857228524975
1342264702043377665,positive,0.711245829978038
1342264703268106240,negative,0.00023494857228524975
1342264703779803136,negative,0.05216528867895798
1342264710138376199,negative,0.020340150059344263
1342264716199145474,negative,0.006488151293329407
1342264718367612928,negative,5.601381158448053e-10
1342264723342041088,negative,1.7410241108888996e-06
1342264728136142850,negative,0.16913426361747186
1342264729390239749,negative,0.0917964221962369
1342264742321205249,negative,9.461597439831434e-06
1342264753851412483,negative,3.4856552878128845e-10
1342264754094534656,negative,8.271756728913223e-05
1342264756216934400,negative,0.00023494857228524975
1342264763859013632,negative,0.16913426361747186
1342264775401680896,negative,0.00012457721426084272
1342264780489449474,negative,0.00023494857228524975
1342264781085040642,negative,0.16913426361747186
1342264788496347136,negative,0.16913426361747186
1342264803583275010,negative,2.4783505044004127e-06
1342264808259919872,neutral,0.6451878762030681
1342264815486693379,negative,0.16913426361747186
1342264826127646723,negative,5.001696173137159e-06
1342264829562773505,negative,0.17936937691063232
1342264838152708099,negative,0.00023494857228524975
1342264839104843776,negative,0.00023494857228524975
1342264841889832965,negative,0.008890624426837515
1342264843349405698,negative,1.0771122100194234e-09
1342264850370670594,negative,0.00010425961258951508
1342264852631445507,negative,0.16913426361747186
1342264854153977857,negative,5.001696173137159e-06
1342264859883425792,neutral,0.49789225920557484
1342264860508352514,negative,2.2372097276227553e-06
1342264860957138944,negative,0.16402271215133607
1342264861145903109,negative,5.001696173137159e-06
1342264867999383553,negative,5.001696173137159e-06
1342264869299630082,negative,9.461597439831434e-06
1342264874123091968,negative,0.049138451706908844
1342264875167444994,negative,0.049138451706908844
1342264882788499460,negative,9.461597439831434e-06
1342264882985652224,neutral,0.442878047314665
1342264883891613696,negative,0.015459977165809775
1342264886492098560,negative,0.012735201308716122
1342264896180908033,negative,0.07573487403769469
1342264896717803521,negative,0.00023494857228524975
1342264906989641731,negative,0.004446428969090511
1342264907937554432,negative,0.00023494857228524975
1342264909355216897,negative,0.008890624426837515
1342264914304524288,negative,0.00023494857228524975
1342264914551967745,negative,0.16913426361747186
1342264921984262150,negative,1.6490177425395345e-09
1342264928045064193,negative,0.00023494857228524975
1342264942406348800,neutral,0.5743452650545291
1342264944054722562,negative,0.00023494857228524975
1342264945866584065,negative,0.00013433632611911767
1342264951633707009,negative,2.377622525370546e-11
1342264954821488640,negative,0.00023494857228524975
1342264955668725764,negative,0.0004222420482076885
1342264956931211265,negative,0.00023494857228524975
1342264958952873984,negative,0.00023494857228524975
1342264973729394691,negative,0.00023494857228524975
1342264975969161217,negative,0.009285910896672986
1342264985037242368,negative,0.16913426361747186
1342264987067281411,negative,0.00865781612735021
1342264987792900099,negative,0.19684438386037723
1342264993706754049,negative,0.00023494857228524975
1342265005144760332,negative,0.03528779980338586
1342265013285900288,negative,0.00023494857228524975
1342265014330269696,negative,0.07320660250687687
1342265026640367617,negative,0.16913426361747186
1342265032873226243,negative,0.16913426361747186
1342265033343049728,negative,0.16913426361747186
1342265036736253952,negative,0.00023494857228524975
1342265040217452544,negative,0.3040313231543225
1342265045552656385,negative,0.0070548337458825935
1342265049214279681,negative,0.05703214753960155
1342265055845511174,negative,0.0008345306671763675
1342265057867083780,negative,0.00023494857228524975
1342265058378862596,neutral,0.5741430315828542
1342265060706680832,negative,0.16913426361747186
1342265068369674240,negative,5.001696173137159e-06
1342265075101528065,negative,0.16913426361747186
1342265078394073089,negative,0.00023494857228524975
1342265079249698822,negative,5.001696173137159e-06
1342265088254869507,negative,0.00023494857228524975
1342265089227821056,negative,0.00100720509660395
1342265094206590984,negative,0.2905012187500308
1342265095301300225,negative,5.001696173137159e-06
1342265098899845120,negative,0.04710276681458583
1342265102372892672,negative,0.0007930206175190774
1342265108622311425,negative,3.2353612828199015e-05
1342265117807955968,negative,0.00023494857228524975
1342265117984124928,negative,0.00023494857228524975
1342265121129832448,negative,0.16913426361747186
1342265129195483137,negative,0.16913426361747186
1342265135029776386,negative,2.5218678302221647e-09
1342265137219174402,negative,0.00023494857228524975
1342265138888454145,negative,0.00023494857228524975
1342265161764253697,negative,0.00023494857228524975
1342265163269996544,negative,9.461597439831434e-06
1342265166113730561,negative,4.993852277800489e-09
1342265172451340291,negative,0.16913426361747186
1342265180055621632,negative,0.008890624426837515
1342265182144376834,negative,0.00023494857228524975
1342265184103104512,negative,0.3040313231543225
1342265187630514178,neutral,0.442878047314665
1342265189660577793,negative,0.00023494857228524975
1342265199164850177,negative,1.326116667799163e-10
1342265203321417736,negative,0.0015744705178468534
1342265204084781063,negative,0.00023494857228524975
1342265205657628672,negative,1.1293519066447464e-06
1342265214432120834,negative,0.08115492039085781
1342265216072097793,negative,1.0127690389954528e-05
1342265217456156673,negative,0.00023494857228524975
1342265222359298053,negative,2.7550097730328896e-08
1342265222611001344,negative,0.0024804804037320337
1342265222720090114,negative,1.6591014391557293e-06
1342265231771398148,negative,0.16913426361747186
1342265242450096131,negative,0.16913426361747186
1342265246648512513,negative,0.16913426361747186
1342265249500688385,negative,0.0023316295994624658
1342265267624292353,negative,7.793367296892809e-09
1342265267943075841,negative,5.001696173137159e-06
1342265281146716162,negative,0.00023494857228524975
1342265284678316032,negative,3.2353612828199015e-05
1342265328039043072,negative,0.16913426361747186
1342265335500574720,negative,0.036651289353148354
1342265339225251840,negative,0.24982138003525622
1342265341729251330,negative,9.461597439831434e-06
1342265349895544833,negative,9.461597439831434e-06
1342265352311500804,negative,5.941146167320469e-05
1342265357176774656,negative,0.00023494857228524975
1342265360268070914,negative,0.2690336602443272
1342265360515555328,negative,0.20580580552098673
1342265360934957056,negative,0.001383247845981216
1342265365431201792,negative,0.00011744387379429352
1342265368111411201,negative,0.00023494857228524975
1342265371999563776,negative,0.08597909743365541
1342265375380144132,negative,0.00023494857228524975
1342265387749146626,neutral,0.43511836201260606
1342265390773239819,negative,2.2482615789299705e-05
1342265402706030593,negative,0.00023494857228524975
1342265405113589761,negative,0.0001244884601727327
1342265410582933509,negative,0.012011136480746728
1342265414013743106,negative,0.10423956210162658
1342265416882782214,negative,0.00023494857228524975
1342265417671331841,negative,0.00023494857228524975
1342265420502470658,negative,7.673262402483962e-07
1342265425816514562,negative,0.00023494857228524975
1342265426714234889,negative,1.563225389051501e-09
1342265431629975552,negative,0.06299080337700119
1342265431835467777,negative,0.16913426361747186
1342265436709257216,negative,0.16913426361747186
1342265438869270533,negative,0.16913426361747186
1342265440890970115,negative,0.13674908568512092
1342265443793448961,negative,0.00012457721426084272
1342265444145704960,negative,0.00017851715739332903
1342265451812954119,negative,0.16913426361747186
1342265452400144385,negative,0.00023494857228524975
1342265453163458560,negative,0.0015744705178468534
1342265457504624640,neutral,0.49789225920557484
1342265458465116168,negative,1.4862151380151918e-05
1342265461568888832,negative,5.401554073493177e-07
1342265469949128706,negative,0.0032642309924709664
1342265478144790531,negative,0.0007399094958796518
1342265479604396032,negative,0.0015744705178468534
1342265481953239040,negative,0.2842445546266848
1342265482506715137,negative,5.001696173137159e-06
1342265486210424834,negative,0.0021822312799024326
1342265487191928832,negative,0.0022709192875175472
1342265490253762562,negative,0.16913426361747186
1342265499460186113,negative,9.461597439831434e-06
1342265507832082432,negative,0.00023494857228524975
1342265509086191618,negative,0.00023494857228524975
1342265513699897351,negative,9.461597439831434e-06
1342265516656889857,negative,0.2122373955463423
1342265522461810695,negative,0.00023494857228524975
1342265529302732802,negative,0.16913426361747186
1342265548491673602,negative,0.013811817873820244
1342265555760402432,negative,0.0366034821257239
1342265557245190146,negative,0.00023494857228524975
1342265557979189254,negative,0.008890624426837515
1342265559560429570,neutral,0.3850748772223694
1342265561401712643,negative,0.00023494857228524975
1342265566657212416,negative,1.4439119415478017e-06
1342265568716607488,negative,1.7634166864518865e-08
1342265573602803712,positive,0.7368611346407543
1342265578053128192,neutral,0.3734886429250822
1342265583035953152,neutral,0.43511836201260606
1342265584000630791,negative,0.00023494857228524975
1342265590526959620,negative,0.00023494857228524975
1342265592938684419,negative,0.00023494857228524975
1342265594205396992,negative,0.16913426361747186
1342265601499262978,negative,9.372011083045769e-08
1342265612752613385,positive,0.7580346998462874
1342265615671820289,negative,0.00013433632611911767
1342265624450523136,negative,8.277664793564847e-08
1342265625759145987,negative,0.16913426361747186
1342265627927576576,negative,0.16913426361747186
1342265633870925835,negative,4.648300969355685e-05
1342265641223512065,negative,1.7634166864518865e-08
1342265643521855488,negative,2.377622525370546e-11
1342265643572350978,negative,0.00023494857228524975
1342265647842140163,negative,0.006001226511664788
1342265656134275072,negative,0.008890624426837515
1342265667869880320,negative,0.16913426361747186
1342265672966041604,negative,0.00023494857228524975
1342265680381550592,negative,0.03805983843505216
1342265682097008650,negative,3.3869569668332533e-06
1342265689118224384,negative,0.16913426361747186
1342265693182504961,negative,0.00020232816956809073
1342265705748701184,negative,0.16913426361747186
1342265707015364609,negative,1.634023398884642e-08
1342265708571344896,negative,1.326116667799163e-10
1342265708642770945,negative,2.3983046242426176e-06
1342265711004155904,negative,0.0015744705178468534
1342265719443042306,negative,1.3092767025388938e-05
1342265721183752199,negative,0.13036126091691877
1342265734060240896,negative,0.00023494857228524975
1342265734517436416,negative,9.025254345007533e-12
1342265736446799872,negative,0.00023494857228524975
1342265755140763650,negative,0.0010337387159012048
1342265789345312775,negative,7.269483189496469e-08
1342265791413166082,negative,0.16913426361747186
1342265805677985793,negative,9.150386769475918e-05
1342265808525910017,negative,0.11421397469203783
1342265812435030016,negative,9.461597439831434e-06
1342265814175666181,negative,9.461597439831434e-06
1342265820932616193,negative,0.0901989685910009
1342265828184633345,negative,0.00023494857228524975
1342265833477824522,negative,0.16913426361747186
1342265835470151683,negative,0.16913426361747186
1342265841618980867,negative,0.16913426361747186
1342265844932497409,negative,0.00023494857228524975
1342265845570039809,negative,9.461597439831434e-06
1342265858660429827,negative,2.0797093565454495e-05
1342265863349690370,negative,0.0014163185241559437
1342265877203476481,negative,4.603236980076469e-09
1342265883637538817,negative,0.1069915328966024
1342265890897862657,negative,0.00023494857228524975
1342265900565745666,negative,0.017783899215865557
1342265906890645504,negative,0.004709209627621019
1342265910191665152,negative,1.1775216677918524e-06
1342265911387037699,negative,0.00023494857228524975
1342265916525056000,negative,0.00023494857228524975
1342265930861191169,negative,0.16402271215133607
1342265934250205184,negative,9.461597439831434e-06
1342265940583526400,negative,0.00023494857228524975
1342265940721991681,negative,0.16913426361747186
1342265945235070976,negative,0.00023494857228524975
1342265968588951560,negative,0.06787413861555608
1342265973865406464,negative,0.017783899215865557
1342265997819060226,negative,0.16913426361747186
1342266003594612736,negative,5.205424792868235e-06
1342266013694488577,negative,0.017783899215865557
1342266024775872513,neutral,0.3366727578806042
1342266026579415040,negative,1.4281606846147745e-08
1342266029561540611,negative,0.00023494857228524975
1342266030140379137,negative,0.16913426361747186
1342266030249439233,negative,5.001696173137159e-06
1342266033953005572,negative,0.02505301905166391
1342266042391916548,negative,0.00023494857228524975
1342266050973466624,negative,0.012598348638125218
1342266058779095043,negative,1.2787670914392535e-05
1342266059903086592,negative,1.2332365972005217e-06
1342266061480226820,negative,0.16913426361747186
1342266064441368584,negative,9.461597439831434e-06
1342266070179213315,negative,1.0271758719226856e-11
1342266070279872512,negative,0.16913426361747186
1342266071919820801,negative,0.001654093385975514
1342266073148760065,negative,0.16913426361747186
1342266077267582978,negative,0.00023494857228524975
1342266080698527756,negative,0.1446413429273299
1342266086205620227,negative,0.0010337387159012048
1342266104232767489,negative,1.3576100478683838e-11
1342266114659770371,negative,0.06566096662200548
1342266117369298946,negative,1.0217911030377267e-05
1342266136914784257,neutral,0.6323720940364075
1342266145106251779,negative,0.00023494857228524975
1342266150625959941,neutral,0.442878047314665
1342266153620533248,negative,7.988185239695503e-05
1342266160067260421,positive,0.9065058086775786
1342266172352458756,negative,0.16913426361747186
1342266179642134529,negative,0.0019078731460426684
1342266184771620864,negative,0.00023494857228524975
1342266189960130565,negative,5.001696173137159e-06
1342266193193934849,negative,0.05583299329353172
1342266197686038528,negative,0.16913426361747186
1342266205810393090,negative,0.00017851715739332903
1342266211950858240,negative,0.006001226511664788
1342266214404526081,negative,0.008825326968527527
1342266221018931206,negative,0.26175106327463926
1342266227067150336,negative,0.010769594219451381
1342266227322990592,negative,5.001696173137159e-06
1342266236906967043,negative,5.001696173137159e-06
1342266240602091522,negative,5.001696173137159e-06
1342266245916332034,negative,9.461597439831434e-06
1342266247086567424,negative,0.00023494857228524975
1342266251456999424,negative,2.2563661019417414e-07
1342266253361229824,negative,0.06787413861555608
1342266257647808514,negative,0.00023494857228524975
1342266258259988481,negative,0.00023494857228524975
1342266263956049921,negative,0.16913426361747186
1342266271598075904,negative,0.16913426361747186
1342266282729758726,negative,0.00023494857228524975
1342266296247975937,negative,0.0001933373926088452
1342266306737758209,negative,1.165654359398723e-08
1342266307568267264,negative,0.32250652502217464
1342266315155755014,negative,0.10256305032370565
1342266317668286470,negative,1.1830178357315134e-05
1342266344386007048,negative,0.00023494857228524975
1342266349767286785,negative,3.385438153512397e-06
1342266351700897799,negative,0.07345147171714259
1342266358231404544,negative,0.16913426361747186
1342266359753953282,negative,0.0009274510422111288
1342266362572509189,negative,0.011831796745780776
1342266369283391496,negative,3.1456003147259e-08
1342266375998492673,negative,0.16913426361747186
1342266379194535938,negative,0.00023494857228524975
1342266392373035013,negative,0.00023494857228524975
1342266393702576135,negative,0.006860205148358088
1342266396315701254,negative,0.017783899215865557
1342266400350621703,negative,0.00023494857228524975
1342266404737835014,negative,0.00028770716579463383
1342266409317969920,negative,5.001696173137159e-06
1342266423624806401,negative,5.001696173137159e-06
1342266424820199425,negative,0.16913426361747186
1342266425109577730,negative,0.16913426361747186
1342266427500355585,negative,0.16913426361747186
1342266434760663041,negative,5.001696173137159e-06
1342266436371230721,negative,0.00023494857228524975
1342266440506867712,negative,0.16402271215133607
1342266457518977024,negative,4.8339912143594e-05
1342266473738362881,negative,0.00021608329333126333
1342266477303443458,negative,0.16913426361747186
1342266487160135680,negative,0.00013433632611911767
1342266489844412417,negative,5.692668680856478e-13
1342266491324956672,neutral,0.442878047314665
1342266492658872324,negative,0.1645582557289869
1342266499730460676,negative,0.00023494857228524975
1342266512023965696,negative,0.0836797698912895
1342266534849343488,negative,0.16913426361747186
1342266543791607809,negative,0.00013433632611911767
1342266549663625216,negative,7.257376444362304e-07
1342266551060328453,negative,0.00013433632611911767
1342266554638073856,negative,0.00023494857228524975
1342266554872963072,negative,6.801205823035824e-05
1342266554973630465,negative,2.0205595769147293e-05
1342266558035333120,negative,0.00023494857228524975
1342266558886903814,positive,0.9205393517642273
1342266593385046018,negative,0.16913426361747186
1342266596199440384,negative,0.0002708300943984461
1342266599672188928,negative,0.1812303056665868
1342266601287118848,negative,0.05218615787183117
1342266601328918528,negative,3.71695503174322e-06
1342266602381783040,negative,9.461597439831434e-06
1342266607096229889,negative,0.32250652502217464
1342266607528239104,negative,4.33606389721317e-06
1342266619507204097,negative,0.05583299329353172
1342266619637194752,negative,0.00023494857228524975
1342266621017153537,negative,5.001696173137159e-06
1342266631599304711,negative,0.16913426361747186
1342266639237087235,negative,1.3660091924139077e-12
1342266646086430722,negative,0.0027737259080482775
1342266652017225728,negative,0.16913426361747186
1342266660741394444,negative,0.026907708495767894
1342266668828024835,negative,0.00023494857228524975
1342266671910821888,negative,7.81468657514062e-05
1342266678323851265,negative,0.16913426361747186
1342266680643379200,negative,0.00023494857228524975
1342266680760815617,negative,0.00023494857228524975
1342266682644058112,negative,0.00023494857228524975
1342266685739446273,neutral,0.49789225920557484
1342266689975554048,negative,6.264971078632393e-05
1342266704676708352,negative,0.16913426361747186
1342266708418035712,positive,0.9257473351795219
1342266709781131264,negative,0.00023494857228524975
1342266714587885573,negative,2.8529671386077826e-07
1342266724993929216,negative,0.00023494857228524975
1342266736071073792,neutral,0.3850748772223694
1342266737463611393,negative,0.00023494857228524975
1342266738382151680,negative,0.012651141275976788
1342266751921258497,negative,5.001696173137159e-06
1342266752101707781,negative,0.00011117096081000867
1342266753825579010,negative,3.49960780761442e-06
1342266755473956865,negative,5.001696173137159e-06
1342266764055474176,negative,6.473628102022006e-08
1342266768891506690,neutral,0.4898631585877994
1342266770422456321,negative,0.00023494857228524975
1342266778509053960,neutral,0.33623359787652535
1342266782699163649,neutral,0.43511836201260606
1342266794166333444,negative,0.16913426361747186
1342266808678699010,negative,0.098693133766896
1342266813850275843,negative,2.367624062431923e-10
1342266820103987200,negative,0.00013433632611911767
1342266820968013824,negative,2.8584766499329606e-12
1342266825254576134,neutral,0.49789225920557484
1342266832602992641,negative,0.00023494857228524975
1342266833051779074,negative,0.16913426361747186
1342266837761986561,negative,0.00023494857228524975
1342266854648250369,negative,0.16402271215133607
1342266870053920776,negative,5.466894960702975e-12
1342266887250567169,negative,3.1456003147259e-08
1342266890627010561,negative,0.00017851715739332903
1342266904195510272,negative,0.09143910856373431
1342266905793503234,negative,0.000621798235776355
1342266909887258624,negative,0.00017851715739332903
1342266912068284421,negative,9.461597439831434e-06
1342266916577005568,negative,0.00023494857228524975
1342266921216069634,negative,0.00023494857228524975
1342266922537263105,neutral,0.5316027520943495
1342266928614797313,negative,0.00023494857228524975
1342266935891931138,negative,0.01477648412043505
1342266948567097345,neutral,0.4288589907989791
1342266951666692099,negative,5.001696173137159e-06
1342266952786522121,negative,0.00023494857228524975
1342266954850164737,negative,5.001696173137159e-06
1342266955902955521,negative,5.001696173137159e-06
1342266967621840899,negative,0.0010337387159012048
1342266972759859200,negative,9.461597439831434e-06
1342266975142219777,negative,6.14651508010741e-06
1342266976954179585,negative,9.461597439831434e-06
1342266983585181696,negative,5.001696173137159e-06
1342266988614344705,negative,5.001696173137159e-06
1342266990757621766,negative,0.00023494857228524975
1342266993542639617,negative,0.0038407944782285946
1342267000698138629,negative,0.32250652502217464
1342267001050439681,negative,5.001696173137159e-06
1342267007937474560,negative,5.615769274821288e-06
1342267019039805440,negative,0.00023494857228524975
1342267019358564352,negative,0.03830457009968165
1342267021967454216,negative,0.00023494857228524975
1342267029315850242,negative,0.017783899215865557
1342267029382967297,negative,7.418194229884948e-10
1342267037243076609,negative,0.16913426361747186
1342267043471634438,negative,0.00037886284423793953
1342267045690437633,negative,0.0004670138806280982
1342267053194043409,negative,0.00023494857228524975
1342267053634445318,negative,0.10863427969854973
1342267055614156801,negative,0.16913426361747186
1342267063734304768,negative,0.16913426361747186
1342267074349998080,negative,0.11825942093166578
1342267079873933315,negative,0.00023494857228524975
1342267081501323264,negative,0.32250652502217464
1342267081950167044,negative,0.16913426361747186
1342267089453797378,negative,0.0004542858365012165
1342267093849403393,neutral,0.45774353021091574
1342267097611718659,neutral,0.3996580091506196
1342267097834020864,negative,4.603236980076469e-09
1342267101789229057,negative,0.00023494857228524975
1342267107627687936,negative,8.934374615811224e-06
1342267124757258243,negative,0.22317271077936246
1342267125948428289,negative,0.00023494857228524975
1342267141014351883,negative,0.16913426361747186
1342267141333143555,negative,0.00023494857228524975
1342267145326092288,negative,5.001696173137159e-06
1342267149180674054,negative,0.00023494857228524975
1342267149994307588,negative,5.001696173137159e-06
1342267151705649160,negative,5.001696173137159e-06
1342267153462996992,negative,4.307563645962056e-07
1342267159301550080,negative,9.461597439831434e-06
1342267161553858564,negative,5.001696173137159e-06
1342267163655213057,negative,5.001696173137159e-06
1342267166704472064,negative,5.001696173137159e-06
1342267172853309441,negative,0.0588156570210613
1342267174354886657,negative,0.002234447582442736
1342267175265050625,negative,0.00023494857228524975
1342267177190174720,negative,0.08812327961109735
1342267194793668608,negative,1.1010502818068822e-06
1342267206051254274,negative,0.0012053362641188847
1342267214515347457,negative,0.0007399094958796518
1342267221020733440,negative,0.0005013425958907291
1342267228687900673,negative,9.31908182225346e-07
1342267236141170688,negative,5.805465394548801e-07
1342267245821636608,negative,0.16402271215133607
1342267245876170753,negative,0.08629776868019776
1342267250301161473,negative,8.693151926383015e-08
1342267258685550592,negative,0.16913426361747186
1342267269070659586,negative,0.00023494857228524975
1342267276343521280,neutral,0.46127768308170247
1342267276683325448,negative,0.2301917679834784
1342267281561296897,negative,0.0020477314630942493
1342267284165955585,negative,0.04631972104829301
1342267850900332548,negative,0.3029968537174699
1342267862493356033,negative,0.10404495241321535
1342267864108179466,neutral,0.3529542448267327
1342267870684852224,negative,0.00023494857228524975
1342267878196703232,negative,5.001696173137159e-06
1342267879102799879,negative,0.16913426361747186
1342267879681474561,negative,0.16129483320264995
1342267879786504197,negative,5.001696173137159e-06
1342267887801806849,negative,0.02688230583770865
1342267893426364426,negative,0.010170422501505337
1342267893535399941,negative,0.16913426361747186
1342267899071901697,negative,1.5881199275187242e-05
1342267902179872768,negative,0.0006994559335662449
1342267905627615234,negative,0.16913426361747186
1342267913051512837,negative,0.00023494857228524975
1342267914423054336,negative,0.16913426361747186
1342267933381242885,negative,0.18240084787486335
1342267934912237569,negative,0.16913426361747186
1342267938053779456,negative,0.16913426361747186
1342267940163489799,negative,9.461597439831434e-06
1342267940490665989,negative,0.000533385950750305
1342267946278789125,negative,9.461597439831434e-06
1342267948547895296,negative,0.00023494857228524975
1342267953891454976,negative,0.16913426361747186
1342267970177925127,negative,0.00013433632611911767
1342267971725635588,negative,5.370981209322327e-05
1342267984803487746,negative,5.001696173137159e-06
1342267987525570560,negative,7.486968910609524e-08
1342267988368617472,negative,5.001696173137159e-06
1342267998363660291,negative,5.001696173137159e-06
1342268000267890688,negative,5.001696173137159e-06
1342268001681367041,negative,0.16913426361747186
1342268008140566529,negative,0.0007571917494243525
1342268009075900420,neutral,0.442878047314665
1342268009088512003,negative,0.014898498402290895
1342268014641745922,negative,0.05583299329353172
1342268018236092416,negative,0.0013122335423608569
1342268018383052803,negative,0.00017851715739332903
1342268018878017536,negative,5.001696173137159e-06
1342268022967443456,positive,0.9493743679300689
1342268029934194688,negative,0.002829184230209229
1342268035793641473,negative,0.00023494857228524975
1342268042433191936,negative,0.00023494857228524975
1342268043511156736,negative,0.00020867799109831677
1342268050066833408,negative,0.16913426361747186
1342268051698442240,negative,5.001696173137159e-06
1342268051731984384,negative,5.001696173137159e-06
1342268055007752202,negative,0.15855302762502246
1342268056723185664,negative,6.614154096991052e-08
1342268068072804353,neutral,0.467637253192009
1342268072443392002,negative,0.16913426361747186
1342268073391357953,negative,0.00023494857228524975
1342268074314129410,negative,0.16913426361747186
1342268076192976897,neutral,0.49789225920557484
1342268079280160768,negative,0.16402271215133607
1342268087991754752,negative,9.461597439831434e-06
1342268101988147200,negative,0.16402271215133607
1342268106899677185,negative,0.16913426361747186
1342268116802351110,negative,0.0028932052401502563
1342268117226020872,neutral,0.36599385167878545
1342268121156104195,negative,0.00023494857228524975
1342268141708128256,negative,0.002320632860367455
1342268144660983809,negative,0.00023494857228524975
1342268149371199488,negative,0.029768230039697273
1342268149929017344,negative,0.00023494857228524975
1342268156539232256,negative,0.00023494857228524975
1342268158388932608,negative,5.001696173137159e-06
1342268167729651713,negative,1.0607590831765926e-07
1342268170099429386,negative,0.05583299329353172
1342268172314009600,negative,5.001696173137159e-06
1342268172435673088,negative,5.001696173137159e-06
1342268174939643905,negative,0.00023494857228524975
1342268190995456006,negative,0.0025089841505432932
1342268198385815554,negative,0.017783899215865557
1342268199472144385,negative,5.001696173137159e-06
1342268203314122757,negative,0.05583299329353172
1342268203356086273,negative,0.16913426361747186
1342268204031365120,negative,5.001696173137159e-06
1342268206191439873,negative,5.001696173137159e-06
1342268209215500296,negative,8.383803918475118e-08
1342268220292665346,negative,0.21616268550767692
1342268220384960514,negative,5.001696173137159e-06
1342268222209310720,negative,0.00023494857228524975
1342268226126946305,negative,0.00023494857228524975
1342268233718657034,negative,0.026563174531100388
1342268234322599936,negative,0.00023494857228524975
1342268235178270722,negative,4.2125080248312944e-06
1342268241327091719,negative,9.461597439831434e-06
1342268244347019272,negative,0.005953481218910628
1342268244384739333,negative,0.019785036490316817
1342268246003765248,negative,0.00023494857228524975
1342268253880659969,negative,0.017783899215865557
1342268269055668225,negative,9.461597439831434e-06
1342268271748378629,negative,8.609408252950235e-06
1342268274969616386,negative,0.16913426361747186
1342268278266339328,negative,5.001696173137159e-06
1342268281609211906,negative,2.0187364767076975e-05
1342268284960464896,negative,0.00023494857228524975
1342268287237959682,negative,0.00023494857228524975
1342268289024577538,negative,0.0030898143674900954
1342268289788084224,negative,0.10404495241321535
1342268292325646339,negative,0.16913426361747186
1342268296855478272,negative,0.05583299329353172
1342268300101877765,negative,5.001696173137159e-06
1342268318867189761,negative,5.001696173137159e-06
1342268333647917056,negative,0.16913426361747186
1342268337104035844,negative,3.843042717153007e-08
1342268340044120064,neutral,0.442878047314665
1342268344058191872,positive,0.9999999999759552
1342268346813841409,negative,0.00023494857228524975
1342268348386713602,negative,5.001696173137159e-06
1342268349200396289,negative,4.610328402386745e-13
1342268362718654465,negative,9.461597439831434e-06
1342268364073259008,negative,0.05583299329353172
1342268371056943105,negative,9.461597439831434e-06
1342268376744394752,negative,0.16913426361747186
1342268388660436993,negative,0.16913426361747186
1342268391101509635,negative,5.001696173137159e-06
1342268396822528001,negative,0.0015744705178468534
1342268397376184321,negative,0.16913426361747186
1342268398131097600,negative,5.001696173137159e-06
1342268406729478145,negative,5.001696173137159e-06
1342268407765458949,negative,5.001696173137159e-06
1342268424077139970,negative,0.2265461535341758
1342268426841169922,negative,0.0005774155811619886
1342268430964174861,negative,0.00023494857228524975
1342268434403495937,negative,3.2353612828199015e-05
1342268435036684288,negative,0.00023494857228524975
1342268436290932737,negative,0.16913426361747186
1342268445157683205,negative,0.00023494857228524975
1342268452338339846,neutral,0.3850748772223694
1342268452891983872,negative,1.767051340827969e-05
1342268458852102144,negative,0.16913426361747186
1342268460219461636,negative,0.00023494857228524975
1342268460928299010,negative,0.0013735482108603477
1342268467442049029,negative,0.00023494857228524975
1342268469736316928,negative,5.479535506267262e-07
1342268485104250880,negative,0.00023494857228524975
1342268497494204417,negative,0.00023494857228524975
1342268497699745792,negative,0.16913426361747186
1342268503743725569,negative,0.16936948377668798
1342268504226070530,negative,0.00023494857228524975
1342268506138664960,neutral,0.5408030957047515
1342268506637742080,negative,9.461597439831434e-06
1342268512845373440,negative,2.9378953507915257e-06
1342268514166571009,negative,0.16913426361747186
1342268515118682112,negative,0.0007399094958796518
1342268518985830400,negative,0.16913426361747186
1342268525587685381,negative,0.029511697291696087
1342268526560768002,negative,0.16913426361747186
1342268543098871809,negative,2.027812453989543e-09
1342268543346290694,negative,0.2905012187500308
1342268550015291397,negative,0.23170820089352745
1342268550682181642,negative,0.00023494857228524975
1342268560085757953,negative,0.0008000595386760417
1342268563265118209,negative,0.16913426361747186
1342268579585126401,negative,5.001696173137159e-06
1342268581099270146,negative,5.001696173137159e-06
1342268581258678272,negative,5.001696173137159e-06
1342268588225404929,negative,0.00023494857228524975
1342268594160357377,negative,0.00023494857228524975
1342268597318594560,negative,0.252892316376202
1342268606768427009,negative,0.00013433632611911767
1342268625533726726,negative,0.00023494857228524975
1342268626884325377,negative,0.011247370165903551
1342268663097925634,negative,9.461597439831434e-06
1342268671343931392,negative,0.00023494857228524975
1342268692994916352,negative,0.011032271482805589
1342268694701993985,negative,7.23931439532854e-07
1342268697684152322,negative,0.0024571686311396328
1342268701626785793,negative,0.00023494857228524975
1342268702868303872,negative,0.00023494857228524975
1342268703044476928,negative,0.00023494857228524975
1342268706873888768,negative,0.008890624426837515
1342268714968883200,negative,0.06787413861555608
1342268719926554625,negative,0.00023494857228524975
1342268725072953346,negative,0.017783899215865557
1342268754726674432,negative,2.6778626398040674e-13
1342268759516606464,negative,7.751766306238235e-05
1342268760133132288,negative,0.00023494857228524975
1342268765875146758,negative,5.7648321202838505e-05
1342268777770188800,negative,0.13328819553851184
1342268786494353408,negative,0.00023494857228524975
1342268789774315520,negative,0.00013433632611911767
1342268791091290113,negative,7.999478747048533e-07
1342268794509660160,negative,0.00023494857228524975
1342268799219884033,negative,0.00023494857228524975
1342268799576322048,negative,0.32250652502217464
1342268800679497728,negative,0.16913426361747186
1342268815145578503,negative,1.0166532780646494e-05
1342268815250513921,negative,0.16913426361747186
1342268821894295552,negative,0.00023494857228524975
1342268824566038535,negative,0.0014550692110248354
1342268825144844294,negative,0.00023494857228524975
1342268839103508480,negative,0.16913426361747186
1342268839942361088,negative,9.461597439831434e-06
1342268842366664705,negative,0.004650979639158481
1342268844803584002,negative,0.16913426361747186
1342268845705351168,negative,0.00023494857228524975
1342268846397411328,negative,0.004749298007315779
1342268846540017664,negative,0.0020194484622700305
1342268848955924482,negative,1.4847049202139218e-05
1342268849215959042,negative,6.654315829167e-10
1342268850461671425,neutral,0.49789225920557484
1342268854043553793,neutral,0.34699299671901496
1342268857126445057,negative,0.0014163185241559437
1342268869180846082,negative,6.227920386832614e-10
1342268871470886913,negative,0.00012734962156327843
1342268893335793664,negative,0.08969316140380106
1342268906698903555,negative,0.008890624426837515
1342268911916621824,negative,0.16913426361747186
1342268922532425729,negative,0.16913426361747186
1342268923119611904,negative,6.015094434117645e-06
1342268935140470785,negative,0.02191167975901006
1342268941415157761,negative,0.00023494857228524975
1342268941436129280,negative,3.4899399368478506e-06
1342268949740843010,negative,9.461597439831434e-06
1342268955734499328,negative,0.0010337387159012048
1342268964462850048,negative,1.2270820901793117e-05
1342268967294001160,negative,0.00023494857228524975
1342268970754322433,negative,0.00023494857228524975
1342268986520711168,negative,0.16913426361747186
1342268992677928960,neutral,0.442878047314665
1342268993567141889,negative,0.00023494857228524975
1342268993688760321,negative,3.2353612828199015e-05
1342268995811078145,negative,0.008890624426837515
1342268998923276289,negative,0.00023494857228524975
1342269001112690699,negative,6.798098919369227e-05
1342269008171687936,negative,6.875385104883551e-09
1342269014630948864,neutral,0.4985928500860049
1342269023136882690,negative,0.00017851715739332903
1342269037011722240,negative,4.007252700339179e-05
1342269038622363653,negative,0.0015744705178468534
1342269053612797952,negative,0.016101375694555144
1342269058092314624,negative,0.16913426361747186
1342269062542454790,negative,0.16913426361747186
1342269086311600130,negative,0.00023494857228524975
1342269093697769472,negative,0.2281969991268371
1342269093890699264,negative,2.8466528389507232e-08
1342269098038874113,negative,0.000418779472729279
1342269101004238849,negative,1.434396711640256e-07
1342269106347769856,negative,0.00023494857228524975
1342269110328188928,negative,5.001696173137159e-06
1342269128346890242,neutral,0.5908766672630462
1342269130104320000,negative,0.00023494857228524975
1342269131991756800,neutral,0.4985928500860049
1342269139151368193,negative,0.008890624426837515
1342269143400243203,negative,2.10749381054643e-09
1342269157073674240,negative,0.00023494857228524975
1342269162736005121,negative,0.00023494857228524975
1342269183183220738,negative,0.00013209676946775942
1342269191273984001,negative,0.00023494857228524975
1342269201688489986,negative,0.00013433632611911767
1342269212564353025,negative,0.16913426361747186
1342269227613499392,negative,9.461597439831434e-06
1342269233326141443,neutral,0.49789225920557484
1342269240599076864,negative,0.00023494857228524975
1342269243505709056,neutral,0.43511836201260606
1342269244763992067,negative,0.0012053362641188847
1342269245946736642,negative,0.00023494857228524975
1342269246471098374,negative,0.00023494857228524975
1342269251554594816,negative,2.353416229130901e-07
1342269257153978372,negative,0.00023494857228524975
1342269266754727937,negative,0.00023494857228524975
1342269270718296065,negative,2.626523305466166e-09
1342269270940659712,negative,0.000197856604425289
1342269274543575047,negative,0.002234447582442736
1342269276753977345,negative,0.16913426361747186
1342269287042576387,negative,0.00023494857228524975
1342269296639049728,neutral,0.49789225920557484
1342269301567401984,negative,1.5993016236118614e-05
1342269304495104000,negative,2.5218678302221647e-09
1342269314238443522,negative,0.17804615965202739
1342269314766929925,negative,0.00023494857228524975
1342269318239715328,negative,0.00013209676946775942
1342269329807732739,negative,0.16913426361747186
1342269331611254786,negative,5.001696173137159e-06
1342269332030697474,negative,0.00023494857228524975
1342269332110405632,negative,5.001696173137159e-06
1342269337428783106,negative,0.17804615965202739
1342269341723717632,negative,6.197084454946302e-06
1342269345850925056,negative,0.16913426361747186
1342269349877444608,negative,8.934374615811224e-06
1342269354050613249,negative,4.594703555704807e-07
1342269356361846784,positive,0.7237252575831769
1342269359813763072,negative,5.001696173137159e-06
1342269360489029632,negative,0.00023494857228524975
1342269360870666243,negative,0.00023494857228524975
1342269364721082368,negative,0.0016498128095497446
1342269365899681792,negative,0.16913426361747186
1342269368521138176,positive,0.9999999999759552
1342269369083191296,negative,0.00023494857228524975
1342269376309899265,negative,0.16340770148124917
1342269378142883840,negative,0.16649269444427386
1342269386246250497,negative,0.00023494857228524975
1342269389014528001,negative,5.790743962724071e-07
1342269397981917188,negative,0.16913426361747186
1342269401421275136,negative,0.0018796610601687907
1342269404369850372,negative,2.1847895038815733e-07
1342269405850431494,negative,0.013325143161647042
1342269408778063873,negative,0.00023494857228524975
1342269420022984707,negative,0.00023494857228524975
1342269421390336000,negative,7.694963831767031e-05
1342269422443106306,negative,0.00023494857228524975
1342269429095276553,negative,0.17804615965202739
1342269431054008325,negative,0.025229970006520813
1342269449068490752,negative,0.00023494857228524975
1342269454781190144,negative,0.01029614000614102
1342269457788448769,negative,3.713631025795198e-14
1342269460816797697,negative,9.461597439831434e-06
1342269463522127872,negative,0.00023494857228524975
1342269476625133569,negative,0.00013433632611911767
1342269477484974082,negative,0.16913426361747186
1342269488692125696,negative,0.00023494857228524975
1342269488989958145,negative,0.00023494857228524975
1342269496023797767,negative,0.00023494857228524975
1342269518689824768,negative,0.002009431793546442
1342269519516073985,negative,2.1847895038815733e-07
1342269520958906369,negative,0.05583299329353172
1342269521323823108,negative,0.00023494857228524975
1342269524196917248,negative,0.15855302762502246
1342269525358747648,negative,0.0022890683956091093
1342269530123468808,negative,0.23987376830825066
1342269534133252097,negative,0.031548551608998006
1342269535697707010,negative,0.10404495241321535
1342269536796635136,negative,0.17936937691063232
1342269543729799172,negative,0.0366034821257239
1342269544908386306,negative,4.33606389721317e-06
1342269547588554752,negative,5.001696173137159e-06
1342269552953094144,negative,5.001696173137159e-06
1342269562100842505,negative,0.007008937210925333
1342269574306258944,negative,0.16913426361747186
1342269576084680706,negative,1.2332365972005217e-06
1342269579238715392,negative,0.00023494857228524975
1342269579461079041,negative,0.00023494857228524975
1342269581830868992,negative,0.16913426361747186
1342269584011907074,negative,8.321777479130638e-05
1342269587509948416,negative,0.0015744705178468534
1342269588332040197,negative,0.0039000064520301413
1342269593306488833,negative,0.00014446846538034456
1342269600994451456,negative,0.00023494857228524975
1342269618707116037,negative,0.00023494857228524975
1342269619927736323,negative,6.654315829167e-10
1342269620166795270,negative,0.0019399396310461215
1342269639783546880,negative,0.0010337387159012048
1342269641792638976,negative,8.093178518768391e-07
1342269655491219456,negative,0.006001226511664788
1342269657106022401,negative,1.328556365805786e-11
1342269658175590401,negative,0.054233106204238796
1342269695622320128,negative,8.924011788436641e-07
1342269696603803648,negative,9.461597439831434e-06
1342269697559937025,negative,7.694963831767031e-05
1342269701116755968,negative,7.230001886440196e-09
1342269706380705792,negative,3.8089195318804825e-05
1342269706472988672,negative,0.00023494857228524975
1342269706481377284,negative,3.488202095315219e-06
1342269706623987713,negative,0.00023494857228524975
1342269714765131776,negative,2.634000579079105e-11
1342269724885966850,neutral,0.3473064621669936
1342269728837021696,negative,0.0012053362641188847
1342269729449324544,negative,0.03494782642983624
1342269730166632448,negative,0.00023494857228524975
1342269746549501953,negative,0.0042291279069767455
1342269752169947136,negative,0.16913426361747186
1342269754036400134,negative,0.00023494857228524975
1342269754862694401,negative,0.00023494857228524975
1342269755739275265,negative,0.008890624426837515
1342269755839938562,negative,0.00012920602451200956
1342269763750387712,negative,0.16913426361747186
1342269777100857346,negative,0.16913426361747186
1342269784386363392,negative,1.851631450757822e-08
1342269784482840578,negative,0.16913426361747186
1342269785543995393,negative,0.16913426361747186
1342269794586910726,negative,0.00023494857228524975
1342269795941703681,negative,0.0049369045631434535
1342269801838874624,negative,0.00023494857228524975
1342269808591572993,negative,0.0032142234079843247
1342269809166311425,negative,9.461597439831434e-06
1342269837628895234,negative,0.19117684747243857
1342269837767303169,negative,0.16913426361747186
1342269845090525186,negative,0.00023494857228524975
1342269848542441479,negative,1.830167462602359e-07
1342269852757577728,negative,3.2353612828199015e-05
1342269855622430720,negative,9.461597439831434e-06
1342269862090039297,negative,0.00023494857228524975
1342269862559830017,negative,0.16913426361747186
1342269863545483264,negative,0.00023494857228524975
1342269872986857473,negative,0.16913426361747186
1342269885447958530,negative,0.00023494857228524975
1342269895996825601,negative,9.461597439831434e-06
1342269898660130816,negative,0.00023494857228524975
1342269899784282113,negative,0.017783899215865557
1342269910303563777,negative,0.1254647694673017
1342269913780674562,negative,0.00023494857228524975
1342269914317533184,negative,0.17804615965202739
1342269923846983680,negative,1.645509330577221e-07
1342269931921027072,negative,0.00023494857228524975
1342269936857739264,negative,0.16913426361747186
1342269942046093312,negative,0.017783899215865557
1342269960236773381,negative,0.16913426361747186
1342269974019235840,negative,0.16913426361747186
1342269977332736001,neutral,0.3996580091506196
1342269979757080576,negative,0.0004542858365012165
1342269988963549185,negative,0.03647313387947322
1342270004872572929,negative,1.4196114213131744e-09
1342270011126079488,negative,0.00435616369153887
1342270011373711361,negative,0.16913426361747186
1342270014372655104,negative,0.16913426361747186
1342270022257958912,negative,0.16913426361747186
1342270023310725120,negative,0.00023494857228524975
1342270056915464193,negative,0.028087058929376987
1342270059322994688,neutral,0.5408030957047515
1342270063982882816,neutral,0.3850748772223694
1342270064356155394,negative,0.08969316140380106
1342270070211411968,neutral,0.43511836201260606
1342270070601490434,negative,0.17804615965202739
1342270071381614593,negative,0.054233106204238796
1342270075924082689,negative,0.16913426361747186
1342270080600702977,negative,0.16913426361747186
1342270083809337345,negative,0.017544389185315645
1342270086070067200,negative,0.00023494857228524975
1342270095847026690,neutral,0.40894589973255985
1342270110954872833,negative,0.00035554869976828994
1342270112804560902,negative,7.037535216018627e-05
1342270114704596993,negative,0.006001226511664788
1342270114708811778,negative,3.330678131984938e-09
1342270125471358977,negative,0.00023494857228524975
1342270128470286336,negative,0.00023494857228524975
1342270136615641088,negative,0.00023494857228524975
1342270142928068614,negative,0.00023494857228524975
1342270149554962432,negative,0.00407164628807539
1342270154739249155,neutral,0.5136446707795853
1342270169285095428,negative,0.16913426361747186
1342270174523752453,negative,0.00023494857228524975
1342270182945927168,negative,7.238430030099625e-08
1342270190269165569,negative,0.1424244819680336
1342270191930138624,negative,0.13050698449569648
1342270195084259333,negative,0.00023494857228524975
1342270202436730880,negative,0.00023494857228524975
1342270206266241025,negative,3.2994733043578287e-06
1342270207407124485,negative,0.00023494857228524975
1342270212729675777,negative,8.978598138289737e-06
1342270215795724290,negative,0.013454882830979717
1342270220178759685,negative,0.0037478503322467046
1342270221789310977,negative,0.16913426361747186
1342270225920700418,negative,3.2353612828199015e-05
1342270229687263237,negative,0.008890624426837515
1342270243176067073,neutral,0.40894589973255985
1342270244530884609,negative,4.603236980076469e-09
1342270245831127040,negative,0.16913426361747186
1342270255746441222,negative,2.1388807421728285e-09
1342270267763159041,negative,0.006634770046321222
1342270268375502849,negative,5.001696173137159e-06
1342270269151457281,negative,5.001696173137159e-06
1342270272624324608,negative,4.603236980076469e-09
1342270273433825282,negative,0.00023494857228524975
1342270275145105409,negative,5.001696173137159e-06
1342270282678067203,negative,5.001696173137159e-06
1342270288420085761,negative,5.001696173137159e-06
1342270293587464195,negative,1.3857357760656197e-09
1342270305897738241,negative,0.012854900314174304
1342270311501328384,negative,0.0015744705178468534
1342270312986107904,negative,5.001696173137159e-06
1342270313267130368,negative,0.16913426361747186
1342270317193003011,negative,0.00023494857228524975
1342270321299218437,negative,0.16913426361747186
1342270326303023104,neutral,0.40894589973255985
1342270327171248129,negative,0.017783899215865557
1342270336683933696,negative,0.00023494857228524975
1342270341536735233,neutral,0.5171191489551027
1342270353360433152,negative,0.16913426361747186
1342270357206675459,negative,0.00013433632611911767
1342270361312911361,negative,0.005953481218910628
1342270367067500544,negative,0.16913426361747186
1342270368485150726,negative,8.978598138289737e-06
1342270380283555840,negative,0.00023494857228524975
1342270393877463040,negative,0.004532735411569928
1342270400219279361,positive,0.7237252575831769
1342270402081529856,negative,0.00023494857228524975
1342270404124151815,negative,0.16913426361747186
1342270406158331904,negative,0.00023494857228524975
1342270410679848965,negative,1.9652525978576848e-06
1342270416220512258,negative,2.35195500449089e-06
1342270443999387650,negative,5.001696173137159e-06
1342270446797017088,positive,0.7237252575831769
1342270449842081801,negative,1.374538757063461e-09
1342270451565924352,negative,0.16913426361747186
1342270454795481088,negative,0.17804615965202739
1342270458864001024,neutral,0.5614889896755425
1342270459631595520,negative,0.0003682333002077583
1342270474894659584,negative,0.017783899215865557
1342270475012026374,negative,0.00023494857228524975
1342270493366358016,negative,0.007131108970869922
1342270497552269312,negative,0.00023494857228524975
1342270502002327553,negative,0.00023494857228524975
1342270504850268160,neutral,0.40894589973255985
1342270514413363201,negative,1.2346952898176176e-07
1342270516791570433,negative,1.5502273348498966e-06
1342270528103444481,negative,0.0010337387159012048
1342270545321201665,negative,0.00023494857228524975
1342270548613738498,negative,0.000418779472729279
1342270551994347522,negative,9.461597439831434e-06
1342270563495124993,negative,0.26875208135492545
1342270569161617411,positive,0.7237252575831769
1342270577634144257,negative,0.0001107378399814377
1342270578280034311,negative,0.16913426361747186
1342270587889184768,negative,9.461597439831434e-06
1342270602573447169,negative,0.00023494857228524975
1342270606490873858,negative,7.037535216018627e-05
1342270611154984960,negative,0.00023494857228524975
1342270612547448832,negative,0.16913426361747186
1342270613973590017,negative,9.461597439831434e-06
1342270614984413191,negative,2.5196509292687015e-11
1342270620290207747,negative,0.00023494857228524975
1342270622039232516,neutral,0.5842898520861983
1342270625449185280,negative,9.461597439831434e-06
1342270634991169536,negative,5.001696173137159e-06
1342270636400508933,negative,9.461597439831434e-06
1342270644101246976,negative,0.00023494857228524975
1342270655090339841,negative,5.001696173137159e-06
1342270662665232386,negative,0.17804615965202739
1342270663151808514,negative,4.603236980076469e-09
1342270670634364929,negative,1.2220333419577166e-08
1342270670663786496,negative,0.0014203031682293549
1342270686182699020,negative,0.16913426361747186
1342270688783175682,negative,0.00015401237729616854
1342270691253620736,negative,0.0015744705178468534
1342270691987644417,negative,0.16913426361747186
1342270694630060032,negative,0.00023494857228524975
1342270701248663552,negative,0.00023494857228524975
1342270709066854402,negative,0.00013433632611911767
1342270709641347072,negative,0.021516169908277163
1342270716775948294,negative,0.00011123099508215527
1342270719036710913,negative,0.00013433632611911767
1342270725034569728,negative,6.160556484177559e-09
1342270728738136064,negative,0.16913426361747186
1342270731418218502,negative,0.00023494857228524975
1342270731648950272,negative,5.001696173137159e-06
1342270743766298626,negative,0.00023494857228524975
1342270745213349888,negative,0.00023494857228524975
1342270750691094528,negative,9.461597439831434e-06
1342270777421389826,negative,0.019996083766605093
1342270777769390080,neutral,0.39422939834965715
1342270784648204289,negative,0.0015744705178468534
1342270786757939200,negative,8.978598138289737e-06
1342270795595313152,negative,0.16913426361747186
1342270797780578304,negative,0.0015744705178468534
1342270799156301829,negative,0.16913426361747186
1342270808182427648,negative,5.507305535033583e-05
1342270813504987138,negative,0.00023494857228524975
1342270819469324288,negative,4.206244375451851e-06
1342270825257426945,negative,0.00023494857228524975
1342270828470272000,negative,0.0014231931526037561
1342270831724924928,negative,0.00023494857228524975
1342270832542969856,negative,0.16913426361747186
1342270834103218176,negative,0.16913426361747186
1342270846996537345,negative,0.00023494857228524975
1342270851794821121,negative,2.7759027958928327e-05
1342270853371846658,negative,0.00023494857228524975
1342270866021900289,negative,9.964683860988715e-10
1342270869935161344,negative,5.001696173137159e-06
1342270871021486080,negative,0.16913426361747186
1342270873693282305,neutral,0.40894589973255985
1342270875870130176,negative,0.00023494857228524975
1342270876964818944,negative,0.16913426361747186
1342270897743409154,negative,0.00023494857228524975
1342270911760756736,negative,0.0015744705178468534
1342270915451760643,negative,0.16913426361747186
1342270915875319808,negative,0.00023494857228524975
1342270918844948482,negative,0.1913280383841676
1342270922900824064,negative,7.325271552484079e-05
1342270931524349953,negative,4.93834468838452e-07
1342270933361455106,negative,0.18989809875678204
1342270935496355841,negative,0.0001107378399814377
1342270937891295237,negative,0.16913426361747186
1342270939489251331,negative,0.0014060220056079733
1342270945600401411,negative,0.00017468458561346222
1342270957902290946,negative,0.07523674146251258
1342270959617794052,negative,0.00023494857228524975
1342270961110953984,negative,6.020172719711437e-05
1342270964382445570,negative,0.16913426361747186
1342270966219632644,negative,0.16913426361747186
1342270969658957831,negative,0.17804615965202739
1342270977397444608,negative,0.16913426361747186
1342270986213842944,negative,0.16490759654860254
1342270988524924929,neutral,0.40894589973255985
1342270993436446721,negative,0.00023494857228524975
1342270993570689024,negative,0.16913426361747186
1342270998624743426,negative,0.0003129411382138593
1342271000994607104,positive,0.6818968154757432
1342271015641088000,negative,0.02191167975901006
1342271030769950725,negative,0.16913426361747186
1342271031575240705,negative,0.16913426361747186
1342271033278144513,negative,0.05583299329353172
1342271039527657474,negative,0.0007317497698294429
1342271041645780992,negative,5.001696173137159e-06
1342271042212024325,negative,9.461597439831434e-06
1342271050801963009,positive,0.7851372276264073
1342271055625400320,negative,0.00023494857228524975
1342271064831905792,negative,0.05583299329353172
1342271065494614016,positive,0.6701536603413657
1342271079050596352,negative,0.10404495241321535
1342271084608049153,negative,0.00023494857228524975
1342271086961037312,negative,0.004580528011953398
1342271096633090048,negative,0.17804615965202739
1342271099678171138,negative,6.579217263658517e-09
1342271101628510210,negative,9.461597439831434e-06
1342271102429618176,negative,5.001696173137159e-06
1342271103692111873,negative,0.09132580270280348
1342271112865046529,negative,0.00023494857228524975
1342271113192239105,negative,0.16913426361747186
1342271114274353153,negative,5.001696173137159e-06
1342271117352906752,neutral,0.442878047314665
1342271120263802880,negative,0.16913426361747186
1342271131441573890,negative,0.00023494857228524975
1342271139511476229,negative,1.382475493174253e-05
1342271146306244610,negative,2.636933633207648e-09
1342271154803732483,negative,0.18016715323309396
1342271158595575808,neutral,0.5017543432377519
1342271159270862848,negative,0.16913426361747186
1342271161237975042,negative,2.1583851433165034e-05
1342271406889984003,negative,0.00023494857228524975
1342271416465551360,negative,0.00023494857228524975
1342271425663655937,negative,0.00013433632611911767
1342271440171757569,negative,5.001696173137159e-06
1342271443833401345,negative,5.001696173137159e-06
1342271453778112518,negative,4.820589412957825e-05
1342271462858752000,negative,0.16402271215133607
1342271475210989573,negative,5.001696173137159e-06
1342271475605254145,negative,0.00023494857228524975
1342271477794615300,negative,0.00023494857228524975
1342271480315449346,neutral,0.3850748772223694
1342271491258396673,negative,9.461597439831434e-06
1342271491686195201,negative,0.0015744705178468534
1342271516344541184,negative,0.10404495241321535
1342271518387146754,negative,5.001696173137159e-06
1342271519624409090,negative,0.18181446316635652
1342271522262671362,negative,0.14132013971068658
1342271523676164097,negative,0.05583299329353172
1342271525072875526,negative,5.001696173137159e-06
1342271525282603008,negative,0.16913426361747186
1342271525764919297,negative,0.00023494857228524975
1342271527304237056,neutral,0.40894589973255985
1342271528587702277,negative,5.001696173137159e-06
1342271532387602432,negative,0.00017851715739332903
1342271535139205120,negative,0.00023494857228524975
1342271537722892291,negative,0.16913426361747186
1342271542097571840,negative,0.0749178801738902
1342271542747684869,negative,0.16913426361747186
1342271545440350208,negative,5.001696173137159e-06
1342271546245738497,negative,9.461597439831434e-06
1342271550117060608,negative,0.00013433632611911767
1342271557188669440,negative,0.00023494857228524975
1342271559663288322,negative,1.6120235520991923e-06
1342271567057850368,positive,0.6604980939103993
1342271575517786112,negative,6.1599510138002e-05
1342271576557953027,negative,0.0003621770081489858
1342271578516684800,negative,0.00023494857228524975
1342271578525085696,negative,0.16936948377668798
1342271587228262402,negative,0.00023494857228524975
1342271589732245505,negative,0.0014631308127957443
1342271596346662914,negative,0.16913426361747186
1342271612217909249,negative,0.00023494857228524975
1342271613811752960,neutral,0.40894589973255985
1342271616231866369,negative,5.001696173137159e-06
1342271623412543488,neutral,0.442878047314665
1342271631750819840,negative,0.00023494857228524975
1342271632103059467,negative,0.16913426361747186
1342271636565860353,negative,5.001696173137159e-06
1342271643578732549,negative,5.001696173137159e-06
1342271648901320704,negative,0.00017851715739332903
1342271651652775937,negative,5.001696173137159e-06
1342271657159897088,negative,0.00023494857228524975
1342271657369608194,negative,0.03649188462737148
1342271657789022210,negative,5.001696173137159e-06
1342271665628180480,negative,1.6621226690089537e-05
1342271672292945920,neutral,0.3850748772223694
1342271678785662984,negative,3.226639086740302e-05
1342271698532491265,negative,0.16913426361747186
1342271713594265600,negative,0.17804615965202739
1342271719805956097,negative,0.0010337387159012048
1342271723836727307,negative,0.000842649012929506
1342271731906584576,negative,0.00023494857228524975
1342271747190611968,negative,5.001696173137159e-06
1342271750294351874,negative,0.16913426361747186
1342271753184284672,negative,6.575148203648052e-08
1342271755784740865,negative,0.16913426361747186
1342271760780177408,negative,0.16913426361747186
1342271768594165760,negative,5.001696173137159e-06
1342271770137657344,negative,0.0031593186618009534
1342271770519334912,negative,5.001696173137159e-06
1342271773824397319,negative,5.001696173137159e-06
1342271784381526016,negative,0.00023494857228524975
1342271790211608577,neutral,0.5121156156494008
1342271796356247558,negative,0.00023494857228524975
1342271799317426184,negative,5.001696173137159e-06
1342271803490787329,negative,0.00023494857228524975
1342271807462793216,negative,0.0010388384586061433
1342271810180677632,negative,0.00023494857228524975
1342271822016999429,negative,5.001696173137159e-06
1342271827528327176,negative,0.0007399094958796518
1342271831227719681,negative,5.001696173137159e-06
1342271833895276544,negative,0.00023494857228524975
1342271841679765505,negative,0.00023494857228524975
1342271844636831746,negative,0.0007399094958796518
1342271846616625158,negative,5.001696173137159e-06
1342271855063916545,negative,5.507305535033583e-05
1342271862693359616,negative,5.001696173137159e-06
1342271863666388992,negative,0.00023494857228524975
1342271870889025541,negative,5.001696173137159e-06
1342271876475838466,negative,0.00023494857228524975
1342271876719144960,negative,0.00023494857228524975
1342271885858508800,negative,0.017819312749060765
1342271890568712192,negative,5.001696173137159e-06
1342271894389727233,negative,5.001696173137159e-06
1342271896105218048,negative,0.16913426361747186
1342271900567937026,negative,0.004628796519538609
1342271901247430656,negative,0.1940824182025747
1342271902396645378,negative,0.00023494857228524975
1342271906377068546,negative,0.00023494857228524975
1342271907488559104,negative,6.289881995427764e-11
1342271909883482112,negative,3.4333355622175006e-08
1342271910349058049,positive,0.7237252575831769
1342271910508457986,negative,4.384200209813903e-05
1342271913255690244,negative,9.515253580297052e-12
1342271914291638273,negative,0.05583299329353172
1342271935632302082,negative,0.16913426361747186
1342271947409907724,negative,0.16402271215133607
1342271948429144065,negative,0.16913426361747186
1342271951495176193,negative,0.05583299329353172
1342271951667154944,negative,0.00023494857228524975
1342271957052628992,negative,0.0014231931526037561
1342271960731033601,negative,5.001696173137159e-06
1342271962840752135,negative,5.001696173137159e-06
1342271966556905473,negative,0.1449274912786176
1342271966854737920,negative,5.001696173137159e-06
1342271972957450240,negative,0.0003129411382138593
1342271981329252352,negative,0.00023494857228524975
1342271981773795331,negative,0.017783899215865557
1342271981887094784,negative,0.0014231931526037561
1342271989998882816,negative,1.851631450757822e-08
1342271990598610945,negative,0.0005143792494403084
1342271994163830784,neutral,0.40894589973255985
1342271994436476929,negative,3.8382306483590167e-07
1342271998253268992,negative,0.0015744705178468534
1342271998853001216,negative,0.005008771021538415
1342272005022871554,negative,0.16913426361747186
1342272007224909825,negative,5.001696173137159e-06
1342272007774339077,negative,9.461597439831434e-06
1342272008713809928,negative,0.00023494857228524975
1342272009716330499,negative,5.001696173137159e-06
1342272011020738561,negative,9.461597439831434e-06
1342272022324326403,negative,5.001696173137159e-06
1342272037470003201,negative,0.00023494857228524975
1342272039869149184,negative,0.20580580552098673
1342272044419973120,negative,0.16913426361747186
1342272052254953479,negative,0.00023494857228524975
1342272061796827137,neutral,0.6060969542199555
1342272069967507456,negative,0.03502678095583315
1342272072081428483,negative,9.461597439831434e-06
1342272074132279297,negative,9.025872908519841e-08
1342272074736431105,negative,9.461597439831434e-06
1342272075810140160,negative,0.16913426361747186
1342272077735276549,negative,0.16913426361747186
1342272082185433089,negative,0.16913426361747186
1342272088002985985,negative,0.00023494857228524975
1342272100887908352,negative,0.00023494857228524975
1342272110404788224,negative,0.00032032302856294055
1342272111868588037,negative,0.07302252512787812
1342272111960875008,negative,0.00023494857228524975
1342272116952072195,negative,0.00023494857228524975
1342272132592627717,neutral,0.6277179101474168
1342272142990307333,negative,0.00435616369153887
1342272147163648002,negative,1.215621561350145e-10
1342272147302080512,negative,0.00012457721426084272
1342272153211854849,negative,0.0010337387159012048
1342272154868600832,negative,0.00023494857228524975
1342272160484749312,negative,0.00017860440602336994
1342272165291450369,negative,0.00023494857228524975
1342272166037958664,negative,8.54602878169058e-07
1342272171532406784,negative,0.00023494857228524975
1342272188473364480,negative,5.69054901219706e-05
1342272189308006404,negative,5.001696173137159e-06
1342272205158313984,negative,0.00041252321642769606
1342272205300776961,negative,9.461597439831434e-06
1342272208719245313,negative,0.016750865213786843
1342272209293860866,negative,0.17804615965202739
1342272213001519104,negative,3.2353612828199015e-05
1342272213030993921,negative,0.00023494857228524975
1342272218227748866,negative,5.001696173137159e-06
1342272221109235712,negative,5.001696173137159e-06
1342272221574799360,negative,0.16913426361747186
1342272230542241792,negative,0.16913426361747186
1342272234090598401,negative,0.00023494857228524975
1342272235193720835,negative,0.003351885798215328
1342272237559296004,negative,0.0015744705178468534
1342272239031496707,negative,5.001696173137159e-06
1342272253069766656,negative,0.16913426361747186
1342272262150500353,negative,5.001696173137159e-06
1342272262876110848,positive,0.9493743679300689
1342272264692236290,negative,5.001696173137159e-06
1342272266466426882,negative,5.001696173137159e-06
1342272269041676289,negative,0.00023494857228524975
1342272271365386245,negative,0.17804615965202739
1342272275777781761,negative,0.00023494857228524975
1342272281691742208,negative,0.017783899215865557
1342272292731179012,negative,9.461597439831434e-06
1342272300683567104,negative,0.00023494857228524975
1342272307876737024,neutral,0.4725325625151872
1342272313593622530,negative,0.00023494857228524975
1342272318438076416,negative,8.998758382350216e-06
1342272322703679490,negative,0.00023494857228524975
1342272348771246081,negative,0.16913426361747186
1342272350155366400,negative,2.642963905348263e-14
1342272355264040961,negative,0.16913426361747186
1342272361979064329,negative,0.00023494857228524975
1342272370254491649,negative,0.16913426361747186
1342272372678799361,negative,0.0036198019452013206
1342272382887743488,negative,0.03425230671087928
1342272384414470147,negative,0.16913426361747186
1342272387874746368,negative,7.711611344295585e-06
1342272397949493248,negative,0.00011657380700642318
1342272399773999105,negative,0.008890624426837515
1342272401082634241,negative,3.0232368168887033e-07
1342272402085052419,negative,0.16913426361747186
1342272402542235648,negative,9.461597439831434e-06
1342272408586252288,negative,0.16913426361747186
1342272418044325888,negative,0.00023494857228524975
1342272443327664128,negative,0.014929630409111569
1342272446586503168,negative,0.00023494857228524975
1342272449635901441,negative,0.00023494857228524975
1342272460327161859,negative,0.00023494857228524975
1342272467671412736,negative,0.017783899215865557
1342272472503234561,negative,0.16913426361747186
1342272477318275072,negative,1.5232468891128967e-05
1342272477498658829,negative,0.2619214754184555
1342272479922941954,negative,0.003580132304545081
1342272490601672704,neutral,0.40894589973255985
1342272502286921728,negative,0.16913426361747186
1342272507760537603,negative,7.53115383244617e-07
1342272508469407746,negative,0.021622896358381445
1342272510562283520,negative,9.461597439831434e-06
1342272513473187840,negative,0.0004703935524718797
1342272524198043654,negative,0.16913426361747186
1342272531361890306,negative,0.00023494857228524975
1342272534037803013,negative,7.683512486380052e-06
1342272535161958400,negative,0.05394329602475557
1342272536940322817,negative,0.002766704676326577
1342272546465587202,negative,0.0007399094958796518
1342272550315970566,negative,9.461597439831434e-06
1342272552132091905,negative,0.027507764318652945
1342272559656665094,negative,0.00023494857228524975
1342272560218697729,negative,0.16913426361747186
1342272589251526656,negative,7.694963831767031e-05
1342272592108023810,negative,0.00023494857228524975
1342272595274641409,negative,0.00023494857228524975
1342272595849334784,negative,0.00023494857228524975
1342272597057298432,negative,0.00023494857228524975
1342272604707713024,negative,0.00023494857228524975
1342272634642436102,negative,9.461597439831434e-06
1342272635741347841,negative,0.16913426361747186
1342272670344294400,negative,0.17804615965202739
1342272672663801857,negative,0.16402271215133607
1342272673452339200,negative,0.00013433632611911767
1342272674026954753,negative,0.16913426361747186
1342272676312842241,negative,0.00023494857228524975
1342272681719308288,negative,0.00023494857228524975
1342272684365918209,negative,2.009581757271146e-06
1342272686618267648,negative,0.11318297511353112
1342272691768852482,negative,5.001696173137159e-06
1342272695485014018,negative,0.16913426361747186
1342272701566775296,negative,5.001696173137159e-06
1342272703173189634,negative,2.1099468432577285e-06
1342272707782709249,neutral,0.3597559582625897
1342272708806107138,negative,7.796596777340055e-05
1342272718213885955,negative,0.16402271215133607
1342272721422577664,negative,0.00023494857228524975
1342272729903411201,negative,0.05583299329353172
1342272729916055560,negative,0.00023494857228524975
1342272741643345921,negative,0.008890624426837515
1342272741869834241,negative,5.001696173137159e-06
1342272743300083712,negative,2.5218678302221647e-09
1342272748752662530,negative,9.461597439831434e-06
1342272755463565312,negative,0.00023494857228524975
1342272756465893378,negative,0.16649269444427386
1342272790116839426,negative,0.0015744705178468534
1342272803555389446,negative,0.00023494857228524975
1342272810639626249,negative,0.0009418776873309161
1342272816058658816,negative,0.00023494857228524975
1342272822928924674,negative,0.02505301905166391
1342272824065617920,negative,0.00023494857228524975
1342272824178827264,negative,0.00023494857228524975
1342272824518582274,negative,0.00015878546928046067
1342272830247993345,positive,0.9935659195385743
1342272830541598720,negative,0.0012053362641188847
1342272839081189380,negative,0.00023494857228524975
1342272841513922561,negative,0.00074204763791516
1342272845251018758,negative,0.16913426361747186
1342272847960530945,negative,0.00023494857228524975
1342272848845557761,negative,0.16913426361747186
1342272853073387524,negative,0.00013433632611911767
1342272857020182528,negative,0.16913426361747186
1342272858395914243,negative,0.00013433632611911767
1342272860384014343,negative,0.0032142234079843247
1342272864020520961,negative,8.908682449942394e-05
1342272879153598469,negative,8.63661711167e-06
1342272888838254593,negative,5.001696173137159e-06
1342272891195437056,negative,0.18989809875678204
1342272891614855170,negative,5.001696173137159e-06
1342272899659558913,negative,0.00013433632611911767
1342272901500825600,negative,5.001696173137159e-06
1342272905858723843,negative,4.603236980076469e-09
1342272908094283778,negative,0.2742385995407926
1342272909579005952,negative,0.004427249251852574
1342272920819814408,negative,0.00023494857228524975
1342272921390243841,positive,0.679326034810109
1342272927220297728,negative,0.005893281613845874
1342272929480978432,neutral,0.6354600424864555
1342272935223033857,negative,5.001696173137159e-06
1342272935470501888,negative,0.16913426361747186
1342272938863702017,negative,0.00023494857228524975
1342272940231041024,negative,0.00023494857228524975
1342272941262843969,negative,0.17204378781125482
1342272944878350336,negative,0.05583299329353172
1342272945033523201,negative,1.020575648980601e-05
1342272945100627968,negative,0.00023494857228524975
1342272945293578240,negative,9.220521109344325e-05
1342272957142413314,negative,1.0602587937767545e-11
1342272959420002306,negative,6.50529366670415e-09
1342272962364403712,negative,0.16913426361747186
1342272965346471938,negative,8.609408252950235e-06
1342272967925968899,negative,0.0007806425312721729
1342272989493145601,negative,0.00012490005201020013
1342272993498685442,negative,0.002234447582442736
1342273026012942336,negative,0.16913426361747186
1342273026587549696,negative,0.16913426361747186
1342273041406042113,negative,0.016323786084714718
1342273054894923778,negative,0.00023494857228524975
1342273055603761152,negative,0.00023494857228524975
1342273058791436288,negative,1.560160888598351e-09
1342273061509332992,negative,0.16913426361747186
1342273061698080769,negative,0.00023494857228524975
1342273065573613582,negative,1.0633805703358669e-06
1342273076394909697,negative,1.3536302639087583e-05
1342273082938052610,negative,0.00023494857228524975
1342273085018411010,negative,0.16913426361747186
1342273088126377987,negative,0.00023494857228524975
1342273089795739649,negative,0.0005018732395970757
1342273091758661634,negative,4.931129489403278e-06
1342273097341276162,negative,0.00023494857228524975
1342273097387417601,negative,0.000327825907790307
1342273098528116736,negative,2.9036970965388173e-10
1342273116672823297,negative,0.0005018732395970757
1342273126034509826,negative,0.16913426361747186
1342273133169008642,negative,0.00023494857228524975
1342273140462931974,negative,0.0031109032766952487
1342273143612841984,negative,5.413566486410543e-12
1342273148293672964,negative,0.00023494857228524975
1342273149036093443,negative,0.16402271215133607
1342273160012570627,negative,8.431521867105827e-06
1342273161375657988,negative,0.00023494857228524975
1342273161438572553,neutral,0.43511836201260606
1342273165616099329,negative,9.913771444775812e-11
1342273166752800770,negative,0.017783899215865557
1342273183441965057,negative,0.00023494857228524975
1342273197358657536,negative,0.00023494857228524975
1342273233098309632,negative,0.0003150852260684667
1342273236826955776,negative,9.461597439831434e-06
1342273245819641856,negative,0.00023494857228524975
1342273248222994433,negative,6.8055434033886e-08
1342273251456770050,neutral,0.3827249103655818
1342273254581530629,negative,0.00013433632611911767
1342273257827946496,negative,0.0022890683956091093
1342273258603868166,negative,1.3092767025388938e-05
1342273259220443136,negative,0.00023494857228524975
1342273260822687745,negative,0.00023494857228524975
1342273262890463238,negative,0.00023494857228524975
1342273266329665536,negative,0.00023494857228524975
1342273266413674496,negative,0.16913426361747186
1342273274974240768,negative,4.78936743986971e-06
1342273284205924354,negative,0.16913426361747186
1342273289666912258,negative,0.00023494857228524975
1342273296046419968,negative,0.02732585522204371
1342273301037592576,negative,0.00023494857228524975
1342273311737344002,negative,0.00023494857228524975
1342273323594616832,negative,9.461597439831434e-06
1342273330246774784,negative,8.978598138289737e-06
1342273336341110784,negative,2.674618707444809e-09
1342273338287288328,negative,0.16913426361747186
1342273339319083010,negative,7.424974927413574e-08
1342273341667864576,negative,0.16913426361747186
1342273347716046850,negative,0.00023494857228524975
1342273350433910785,negative,0.002234447582442736
1342273357966929921,negative,0.001958043732656481
1342273363704754177,negative,0.0010337387159012048
1342273370788745216,negative,0.0010337387159012048
1342273373670408194,negative,0.16913426361747186
1342273383124373504,negative,0.00023494857228524975
1342273383829004289,negative,0.16913426361747186
1342273387096403969,negative,0.00023494857228524975
1342273394889396224,negative,9.461597439831434e-06
1342273405719109632,negative,0.16913426361747186
1342273407795277825,negative,0.012030060305795594
1342273411905630210,negative,0.00023494857228524975
1342273419891646467,negative,9.461597439831434e-06
1342273429823754246,negative,0.16913426361747186
1342273433279852547,negative,0.00023494857228524975
1342273435343474688,positive,0.8264748854130538
1342273438770212866,negative,0.17804615965202739
1342273447381135368,negative,0.00023494857228524975
1342273457174634496,negative,1.3092767025388938e-05
1342273472798597120,negative,0.0067999389122517925
1342273474602131457,negative,0.0008262922989935569
1342273474966990849,negative,0.00023494857228524975
1342273482369998850,negative,0.0009506885101770373
1342273487675789312,negative,2.2482615789299705e-05
1342273491521966081,negative,0.00023494857228524975
1342273492222439425,negative,0.16913426361747186
1342273492687970304,negative,9.461597439831434e-06
1342273496257331203,negative,0.008849873227717145
1342273498052325376,negative,4.5818022217529554e-05
1342273501143547904,negative,0.16913426361747186
1342273513529483275,neutral,0.43511836201260606
1342273516729757696,negative,0.16913426361747186
1342273517535027200,negative,0.00023494857228524975
1342273520039034880,negative,0.037428432344077965
1342273529207787525,negative,9.461597439831434e-06
1342273541648035840,negative,9.469093745826278e-07
1342273547096514567,negative,7.3135900934955176e-09
1342273552951767040,neutral,0.49789225920557484
1342273554566537217,negative,0.00023494857228524975
1342273558748270595,negative,0.16913426361747186
1342273566000226306,negative,0.006206857042932925
1342273580713832448,negative,0.00023494857228524975
1342273583863705601,negative,7.683775847057557e-05
1342273596027236353,negative,0.043454680886145895
1342273597918879744,negative,0.14452141244882802
1342273599852318720,negative,7.269483189496469e-08
1342273607490301957,negative,1.3779079766412522e-05
1342273608991838208,neutral,0.43511836201260606
1342273609860067330,negative,0.00023494857228524975
1342273619620204544,negative,0.008890624426837515
1342273628679901193,negative,0.16913426361747186
1342273636154150913,negative,0.017783899215865557
1342273648661557250,negative,0.00023494857228524975
1342273651207495681,negative,0.0010337387159012048
1342273653719916545,negative,0.0015744705178468534
1342273658191048705,negative,0.00013433632611911767
1342273660590174210,negative,0.00023494857228524975
1342273662146269192,negative,0.0010337387159012048
1342273664906113026,negative,0.00023494857228524975
1342273669301760005,negative,0.16913426361747186
1342273676100571137,neutral,0.5660266284951577
1342273677908443136,negative,0.00023494857228524975
1342273679464521728,negative,5.001696173137159e-06
1342273680315981824,negative,0.00023494857228524975
1342273690705285124,negative,1.028910834833359e-05
1342273700792586240,negative,0.00023494857228524975
1342273730874122240,negative,0.16913426361747186
1342273731834630149,negative,0.16913426361747186
1342273744308477952,negative,9.461597439831434e-06
1342273747840069633,negative,0.00023494857228524975
1342273753175240711,negative,9.461597439831434e-06
1342273755247161344,negative,0.004015474007382006
1342273758644596736,negative,0.017783899215865557
1342273770384449536,negative,0.00023494857228524975
1342273775874805762,negative,0.0006161664377272841
1342273778131283969,negative,0.16913426361747186
1342273782669520896,negative,0.0031109032766952487
1342273795554500609,negative,0.008890624426837515
1342273820183375872,negative,0.00023494857228524975
1342273827481542656,negative,0.16913426361747186
1342273828584611842,negative,0.008450507566030592
1342273828660142081,negative,0.00023494857228524975
1342273831646408706,neutral,0.43511836201260606
1342273841406607360,negative,1.925258153697042e-05
1342273844376121344,negative,0.00013433632611911767
1342273849673605125,negative,0.16913426361747186
